     shots,    errors,  discards, seconds,decoder,strong_id,json_metadata,custom_counts
         1,         0,         0,   0.004,standalone_exact_mw,ac604fb97cbefca8234024efb37144c861c0ed9870cf9e2c8901bf3b9b1f370f,"{""distance"":7,""physical_error_rate"":0.02}","{""detection_events"":50,""detectors_checked"":810}"
         1,         0,         0,   0.003,standalone_exact_mw,ba5ada56442ed2ba457be44e3218b165c8a19e21146c9941e841199e65961aae,"{""distance"":7,""physical_error_rate"":0.0005}","{""detection_events"":2,""detectors_checked"":810}"
         1,         0,         0,   0.003,standalone_exact_mw,9d8ad86e51451842b54dafc7680d1b486ef291963bb72c70f3cdd570d2d8fa34,"{""distance"":7,""physical_error_rate"":0.002}","{""detection_events"":9,""detectors_checked"":810}"
         1,         0,         0,   0.004,standalone_exact_mw,c9f86b1173d7c284a3a737a2f9b73dc792c34c41d77f074f7114f4e786e0caa3,"{""distance"":7,""physical_error_rate"":0.05}","{""detection_events"":130,""detectors_checked"":810}"
         1,         1,         0,   0.003,standalone_exact_mw,1766b2807a0a7901eccd9b6c39890a23cb45c66f2ce245c2486f75f5876869a9,"{""distance"":7,""physical_error_rate"":0.1}","{""detection_events"":218,""detectors_checked"":810,""obs_mistake_mask=E"":1}"
         1,         0,         0,   0.003,standalone_exact_mw,6a10a1840a7277b64863681e13d5cb65ed80b6c0c130a71789e1f9b9f94c8771,"{""distance"":7,""physical_error_rate"":0.005}","{""detection_events"":7,""detectors_checked"":810}"
         1,         0,         0,   0.003,standalone_exact_mw,6a10a1840a7277b64863681e13d5cb65ed80b6c0c130a71789e1f9b9f94c8771,"{""distance"":7,""physical_error_rate"":0.005}","{""detection_events"":22,""detectors_checked"":810}"
         1,         0,         0,   0.003,standalone_exact_mw,127be6187b4f42ce503a2e58abe78322609c231565a94a3f55b4bab680d66d05,"{""distance"":7,""physical_error_rate"":0.01}","{""detection_events"":34,""detectors_checked"":810}"
         1,         1,         0,   0.003,standalone_exact_mw,c8e3fbe760bfc0296557f2a1a7f08c8a211397192ea8a93bca9a56053b40fcc5,"{""distance"":7,""physical_error_rate"":0.5}","{""detection_events"":387,""detectors_checked"":810,""obs_mistake_mask=E"":1}"
         1,         0,         0,   0.002,standalone_exact_mw,ba5ada56442ed2ba457be44e3218b165c8a19e21146c9941e841199e65961aae,"{""distance"":7,""physical_error_rate"":0.0005}","{""detectors_checked"":810}"
         1,         0,         0,   0.003,standalone_exact_mw,9d8ad86e51451842b54dafc7680d1b486ef291963bb72c70f3cdd570d2d8fa34,"{""distance"":7,""physical_error_rate"":0.002}","{""detection_events"":6,""detectors_checked"":810}"
       272,         0,         0,   0.019,standalone_exact_mw,9d8ad86e51451842b54dafc7680d1b486ef291963bb72c70f3cdd570d2d8fa34,"{""distance"":7,""physical_error_rate"":0.002}","{""detection_events"":1653,""detectors_checked"":220320}"
       272,         0,         0,   0.017,standalone_exact_mw,6a10a1840a7277b64863681e13d5cb65ed80b6c0c130a71789e1f9b9f94c8771,"{""distance"":7,""physical_error_rate"":0.005}","{""detection_events"":4168,""detectors_checked"":220320}"
       272,         0,         0,   0.018,standalone_exact_mw,127be6187b4f42ce503a2e58abe78322609c231565a94a3f55b4bab680d66d05,"{""distance"":7,""physical_error_rate"":0.01}","{""detection_events"":8144,""detectors_checked"":220320}"
       272,         1,         0,   0.039,standalone_exact_mw,ac604fb97cbefca8234024efb37144c861c0ed9870cf9e2c8901bf3b9b1f370f,"{""distance"":7,""physical_error_rate"":0.02}","{""detection_events"":15336,""detectors_checked"":220320,""obs_mistake_mask=E"":1}"
      1296,         0,         0,   0.045,standalone_exact_mw,ba5ada56442ed2ba457be44e3218b165c8a19e21146c9941e841199e65961aae,"{""distance"":7,""physical_error_rate"":0.0005}","{""detection_events"":2182,""detectors_checked"":1049760}"
       272,        19,         0,   0.056,standalone_exact_mw,c9f86b1173d7c284a3a737a2f9b73dc792c34c41d77f074f7114f4e786e0caa3,"{""distance"":7,""physical_error_rate"":0.05}","{""detection_events"":33222,""detectors_checked"":220320,""obs_mistake_mask=E"":19}"
      1296,         0,         0,   0.057,standalone_exact_mw,ba5ada56442ed2ba457be44e3218b165c8a19e21146c9941e841199e65961aae,"{""distance"":7,""physical_error_rate"":0.0005}","{""detection_events"":2005,""detectors_checked"":1049760}"
       272,       119,         0,   0.090,standalone_exact_mw,1766b2807a0a7901eccd9b6c39890a23cb45c66f2ce245c2486f75f5876869a9,"{""distance"":7,""physical_error_rate"":0.1}","{""detection_events"":54438,""detectors_checked"":220320,""obs_mistake_mask=E"":119}"
         1,         0,         0,   0.020,standalone_exact_mw,3bd544bb51e006261b45d3a2c996e28fc0c0449411cee5f7deafcd25d9539ebc,"{""distance"":7,""physical_error_rate"":0.001}","{""detection_events"":5,""detectors_checked"":810}"
      1024,         0,         0,   0.054,standalone_exact_mw,ba5ada56442ed2ba457be44e3218b165c8a19e21146c9941e841199e65961aae,"{""distance"":7,""physical_error_rate"":0.0005}","{""detection_events"":1704,""detectors_checked"":829440}"
      1024,         0,         0,   0.082,standalone_exact_mw,9d8ad86e51451842b54dafc7680d1b486ef291963bb72c70f3cdd570d2d8fa34,"{""distance"":7,""physical_error_rate"":0.002}","{""detection_events"":6464,""detectors_checked"":829440}"
      1296,         0,         0,   0.094,standalone_exact_mw,9d8ad86e51451842b54dafc7680d1b486ef291963bb72c70f3cdd570d2d8fa34,"{""distance"":7,""physical_error_rate"":0.002}","{""detection_events"":8069,""detectors_checked"":1049760}"
      1296,         0,         0,   0.111,standalone_exact_mw,6a10a1840a7277b64863681e13d5cb65ed80b6c0c130a71789e1f9b9f94c8771,"{""distance"":7,""physical_error_rate"":0.005}","{""detection_events"":19448,""detectors_checked"":1049760}"
       272,         0,         0,   0.019,standalone_exact_mw,3bd544bb51e006261b45d3a2c996e28fc0c0449411cee5f7deafcd25d9539ebc,"{""distance"":7,""physical_error_rate"":0.001}","{""detection_events"":882,""detectors_checked"":220320}"
      1024,         0,         0,   0.106,standalone_exact_mw,6a10a1840a7277b64863681e13d5cb65ed80b6c0c130a71789e1f9b9f94c8771,"{""distance"":7,""physical_error_rate"":0.005}","{""detection_events"":15552,""detectors_checked"":829440}"
      1024,         0,         0,   0.060,standalone_exact_mw,ba5ada56442ed2ba457be44e3218b165c8a19e21146c9941e841199e65961aae,"{""distance"":7,""physical_error_rate"":0.0005}","{""detection_events"":1655,""detectors_checked"":829440}"
      1024,         0,         0,   0.058,standalone_exact_mw,ba5ada56442ed2ba457be44e3218b165c8a19e21146c9941e841199e65961aae,"{""distance"":7,""physical_error_rate"":0.0005}","{""detection_events"":1572,""detectors_checked"":829440}"
      1024,         0,         0,   0.136,standalone_exact_mw,127be6187b4f42ce503a2e58abe78322609c231565a94a3f55b4bab680d66d05,"{""distance"":7,""physical_error_rate"":0.01}","{""detection_events"":30180,""detectors_checked"":829440}"
        17,        11,         0,   0.033,standalone_exact_mw,c8e3fbe760bfc0296557f2a1a7f08c8a211397192ea8a93bca9a56053b40fcc5,"{""distance"":7,""physical_error_rate"":0.5}","{""detection_events"":6605,""detectors_checked"":13770,""obs_mistake_mask=E"":11}"
      1024,         0,         0,   0.073,standalone_exact_mw,9d8ad86e51451842b54dafc7680d1b486ef291963bb72c70f3cdd570d2d8fa34,"{""distance"":7,""physical_error_rate"":0.002}","{""detection_events"":6408,""detectors_checked"":829440}"
      1024,         0,         0,   0.067,standalone_exact_mw,3bd544bb51e006261b45d3a2c996e28fc0c0449411cee5f7deafcd25d9539ebc,"{""distance"":7,""physical_error_rate"":0.001}","{""detection_events"":3182,""detectors_checked"":829440}"
      1024,         0,         0,   0.087,standalone_exact_mw,9d8ad86e51451842b54dafc7680d1b486ef291963bb72c70f3cdd570d2d8fa34,"{""distance"":7,""physical_error_rate"":0.002}","{""detection_events"":6410,""detectors_checked"":829440}"
      1024,         0,         0,   0.081,standalone_exact_mw,ba5ada56442ed2ba457be44e3218b165c8a19e21146c9941e841199e65961aae,"{""distance"":7,""physical_error_rate"":0.0005}","{""detection_events"":1548,""detectors_checked"":829440}"
         1,         0,         0,   0.004,standalone_exact_mw,c8e3fbe760bfc0296557f2a1a7f08c8a211397192ea8a93bca9a56053b40fcc5,"{""distance"":7,""physical_error_rate"":0.5}","{""detection_events"":390,""detectors_checked"":810}"
      1024,         0,         0,   0.054,standalone_exact_mw,ba5ada56442ed2ba457be44e3218b165c8a19e21146c9941e841199e65961aae,"{""distance"":7,""physical_error_rate"":0.0005}","{""detection_events"":1608,""detectors_checked"":829440}"
      1024,         0,         0,   0.102,standalone_exact_mw,6a10a1840a7277b64863681e13d5cb65ed80b6c0c130a71789e1f9b9f94c8771,"{""distance"":7,""physical_error_rate"":0.005}","{""detection_events"":15728,""detectors_checked"":829440}"
      1024,         2,         0,   0.196,standalone_exact_mw,ac604fb97cbefca8234024efb37144c861c0ed9870cf9e2c8901bf3b9b1f370f,"{""distance"":7,""physical_error_rate"":0.02}","{""detection_events"":57826,""detectors_checked"":829440,""obs_mistake_mask=E"":2}"
      1024,         0,         0,   0.087,standalone_exact_mw,6a10a1840a7277b64863681e13d5cb65ed80b6c0c130a71789e1f9b9f94c8771,"{""distance"":7,""physical_error_rate"":0.005}","{""detection_events"":15970,""detectors_checked"":829440}"
       272,       128,         0,   0.235,standalone_exact_mw,c8e3fbe760bfc0296557f2a1a7f08c8a211397192ea8a93bca9a56053b40fcc5,"{""distance"":7,""physical_error_rate"":0.5}","{""detection_events"":104434,""detectors_checked"":220320,""obs_mistake_mask=E"":128}"
      1024,         0,         0,   0.076,standalone_exact_mw,3bd544bb51e006261b45d3a2c996e28fc0c0449411cee5f7deafcd25d9539ebc,"{""distance"":7,""physical_error_rate"":0.001}","{""detection_events"":3352,""detectors_checked"":829440}"
      1024,         0,         0,   0.097,standalone_exact_mw,9d8ad86e51451842b54dafc7680d1b486ef291963bb72c70f3cdd570d2d8fa34,"{""distance"":7,""physical_error_rate"":0.002}","{""detection_events"":6394,""detectors_checked"":829440}"
      1024,        86,         0,   0.216,standalone_exact_mw,c9f86b1173d7c284a3a737a2f9b73dc792c34c41d77f074f7114f4e786e0caa3,"{""distance"":7,""physical_error_rate"":0.05}","{""detection_events"":125312,""detectors_checked"":829440,""obs_mistake_mask=E"":86}"
      1024,         0,         0,   0.054,standalone_exact_mw,ba5ada56442ed2ba457be44e3218b165c8a19e21146c9941e841199e65961aae,"{""distance"":7,""physical_error_rate"":0.0005}","{""detection_events"":1571,""detectors_checked"":829440}"
      1024,         0,         0,   0.065,standalone_exact_mw,ba5ada56442ed2ba457be44e3218b165c8a19e21146c9941e841199e65961aae,"{""distance"":7,""physical_error_rate"":0.0005}","{""detection_events"":1477,""detectors_checked"":829440}"
      1024,         0,         0,   0.080,standalone_exact_mw,9d8ad86e51451842b54dafc7680d1b486ef291963bb72c70f3cdd570d2d8fa34,"{""distance"":7,""physical_error_rate"":0.002}","{""detection_events"":6399,""detectors_checked"":829440}"
      1024,         0,         0,   0.088,standalone_exact_mw,6a10a1840a7277b64863681e13d5cb65ed80b6c0c130a71789e1f9b9f94c8771,"{""distance"":7,""physical_error_rate"":0.005}","{""detection_events"":15709,""detectors_checked"":829440}"
      1024,         0,         0,   0.059,standalone_exact_mw,3bd544bb51e006261b45d3a2c996e28fc0c0449411cee5f7deafcd25d9539ebc,"{""distance"":7,""physical_error_rate"":0.001}","{""detection_events"":3219,""detectors_checked"":829440}"
      1024,         0,         0,   0.087,standalone_exact_mw,6a10a1840a7277b64863681e13d5cb65ed80b6c0c130a71789e1f9b9f94c8771,"{""distance"":7,""physical_error_rate"":0.005}","{""detection_events"":15609,""detectors_checked"":829440}"
      1024,         0,         0,   0.170,standalone_exact_mw,127be6187b4f42ce503a2e58abe78322609c231565a94a3f55b4bab680d66d05,"{""distance"":7,""physical_error_rate"":0.01}","{""detection_events"":30341,""detectors_checked"":829440}"
         1,         0,         0,   0.020,standalone_exact_mw,3bd544bb51e006261b45d3a2c996e28fc0c0449411cee5f7deafcd25d9539ebc,"{""distance"":7,""physical_error_rate"":0.001}","{""detection_events"":6,""detectors_checked"":810}"
      1024,         0,         0,   0.081,standalone_exact_mw,9d8ad86e51451842b54dafc7680d1b486ef291963bb72c70f3cdd570d2d8fa34,"{""distance"":7,""physical_error_rate"":0.002}","{""detection_events"":6626,""detectors_checked"":829440}"
      1024,         0,         0,   0.081,standalone_exact_mw,ba5ada56442ed2ba457be44e3218b165c8a19e21146c9941e841199e65961aae,"{""distance"":7,""physical_error_rate"":0.0005}","{""detection_events"":1624,""detectors_checked"":829440}"
      1024,         0,         0,   0.081,standalone_exact_mw,9d8ad86e51451842b54dafc7680d1b486ef291963bb72c70f3cdd570d2d8fa34,"{""distance"":7,""physical_error_rate"":0.002}","{""detection_events"":6341,""detectors_checked"":829440}"
      2048,         0,         0,   0.109,standalone_exact_mw,ba5ada56442ed2ba457be44e3218b165c8a19e21146c9941e841199e65961aae,"{""distance"":7,""physical_error_rate"":0.0005}","{""detection_events"":3315,""detectors_checked"":1658880}"
         1,         0,         0,   0.015,standalone_exact_mw,ac604fb97cbefca8234024efb37144c861c0ed9870cf9e2c8901bf3b9b1f370f,"{""distance"":7,""physical_error_rate"":0.02}","{""detection_events"":61,""detectors_checked"":810}"
      1024,         0,         0,   0.073,standalone_exact_mw,3bd544bb51e006261b45d3a2c996e28fc0c0449411cee5f7deafcd25d9539ebc,"{""distance"":7,""physical_error_rate"":0.001}","{""detection_events"":3103,""detectors_checked"":829440}"
      1024,         0,         0,   0.173,standalone_exact_mw,ac604fb97cbefca8234024efb37144c861c0ed9870cf9e2c8901bf3b9b1f370f,"{""distance"":7,""physical_error_rate"":0.02}","{""detection_events"":57434,""detectors_checked"":829440}"
       272,         0,         0,   0.024,standalone_exact_mw,ac604fb97cbefca8234024efb37144c861c0ed9870cf9e2c8901bf3b9b1f370f,"{""distance"":7,""physical_error_rate"":0.02}","{""detection_events"":15198,""detectors_checked"":220320}"
      1024,         0,         0,   0.105,standalone_exact_mw,6a10a1840a7277b64863681e13d5cb65ed80b6c0c130a71789e1f9b9f94c8771,"{""distance"":7,""physical_error_rate"":0.005}","{""detection_events"":15756,""detectors_checked"":829440}"
      1024,         0,         0,   0.105,standalone_exact_mw,6a10a1840a7277b64863681e13d5cb65ed80b6c0c130a71789e1f9b9f94c8771,"{""distance"":7,""physical_error_rate"":0.005}","{""detection_events"":15860,""detectors_checked"":829440}"
      1024,        69,         0,   0.158,standalone_exact_mw,c9f86b1173d7c284a3a737a2f9b73dc792c34c41d77f074f7114f4e786e0caa3,"{""distance"":7,""physical_error_rate"":0.05}","{""detection_events"":125060,""detectors_checked"":829440,""obs_mistake_mask=E"":69}"
      1024,         0,         0,   0.081,standalone_exact_mw,9d8ad86e51451842b54dafc7680d1b486ef291963bb72c70f3cdd570d2d8fa34,"{""distance"":7,""physical_error_rate"":0.002}","{""detection_events"":6241,""detectors_checked"":829440}"
      1296,         0,         0,   0.084,standalone_exact_mw,3bd544bb51e006261b45d3a2c996e28fc0c0449411cee5f7deafcd25d9539ebc,"{""distance"":7,""physical_error_rate"":0.001}","{""detection_events"":4197,""detectors_checked"":1049760}"
      1024,         0,         0,   0.082,standalone_exact_mw,ba5ada56442ed2ba457be44e3218b165c8a19e21146c9941e841199e65961aae,"{""distance"":7,""physical_error_rate"":0.0005}","{""detection_events"":1826,""detectors_checked"":829440}"
      1024,         0,         0,   0.081,standalone_exact_mw,9d8ad86e51451842b54dafc7680d1b486ef291963bb72c70f3cdd570d2d8fa34,"{""distance"":7,""physical_error_rate"":0.002}","{""detection_events"":6347,""detectors_checked"":829440}"
       273,       153,         0,   0.187,standalone_exact_mw,024c0e814a59454fa99ad54ccab3428fff8938705bcf0d5d1f756ea88ca50192,"{""distance"":7,""physical_error_rate"":0.2}","{""detection_events"":81579,""detectors_checked"":221130,""obs_mistake_mask=E"":153}"
      1024,         0,         0,   0.143,standalone_exact_mw,127be6187b4f42ce503a2e58abe78322609c231565a94a3f55b4bab680d66d05,"{""distance"":7,""physical_error_rate"":0.01}","{""detection_events"":30379,""detectors_checked"":829440}"
      1024,         0,         0,   0.058,standalone_exact_mw,3bd544bb51e006261b45d3a2c996e28fc0c0449411cee5f7deafcd25d9539ebc,"{""distance"":7,""physical_error_rate"":0.001}","{""detection_events"":3186,""detectors_checked"":829440}"
      2048,         0,         0,   0.108,standalone_exact_mw,ba5ada56442ed2ba457be44e3218b165c8a19e21146c9941e841199e65961aae,"{""distance"":7,""physical_error_rate"":0.0005}","{""detection_events"":3311,""detectors_checked"":1658880}"
      1024,       464,         0,   0.416,standalone_exact_mw,1766b2807a0a7901eccd9b6c39890a23cb45c66f2ce245c2486f75f5876869a9,"{""distance"":7,""physical_error_rate"":0.1}","{""detection_events"":207654,""detectors_checked"":829440,""obs_mistake_mask=E"":464}"
      1024,         0,         0,   0.105,standalone_exact_mw,6a10a1840a7277b64863681e13d5cb65ed80b6c0c130a71789e1f9b9f94c8771,"{""distance"":7,""physical_error_rate"":0.005}","{""detection_events"":15947,""detectors_checked"":829440}"
      1024,         0,         0,   0.081,standalone_exact_mw,9d8ad86e51451842b54dafc7680d1b486ef291963bb72c70f3cdd570d2d8fa34,"{""distance"":7,""physical_error_rate"":0.002}","{""detection_events"":6336,""detectors_checked"":829440}"
      2048,         0,         0,   0.135,standalone_exact_mw,3bd544bb51e006261b45d3a2c996e28fc0c0449411cee5f7deafcd25d9539ebc,"{""distance"":7,""physical_error_rate"":0.001}","{""detection_events"":6490,""detectors_checked"":1658880}"
      1024,         0,         0,   0.105,standalone_exact_mw,6a10a1840a7277b64863681e13d5cb65ed80b6c0c130a71789e1f9b9f94c8771,"{""distance"":7,""physical_error_rate"":0.005}","{""detection_events"":15855,""detectors_checked"":829440}"
       272,       123,         0,   0.339,standalone_exact_mw,c8e3fbe760bfc0296557f2a1a7f08c8a211397192ea8a93bca9a56053b40fcc5,"{""distance"":7,""physical_error_rate"":0.5}","{""detection_events"":104256,""detectors_checked"":220320,""obs_mistake_mask=E"":123}"
      1024,         0,         0,   0.076,standalone_exact_mw,3bd544bb51e006261b45d3a2c996e28fc0c0449411cee5f7deafcd25d9539ebc,"{""distance"":7,""physical_error_rate"":0.001}","{""detection_events"":3194,""detectors_checked"":829440}"
      2048,         0,         0,   0.141,standalone_exact_mw,ba5ada56442ed2ba457be44e3218b165c8a19e21146c9941e841199e65961aae,"{""distance"":7,""physical_error_rate"":0.0005}","{""detection_events"":3153,""detectors_checked"":1658880}"
      1024,        77,         0,   0.154,standalone_exact_mw,c9f86b1173d7c284a3a737a2f9b73dc792c34c41d77f074f7114f4e786e0caa3,"{""distance"":7,""physical_error_rate"":0.05}","{""detection_events"":125024,""detectors_checked"":829440,""obs_mistake_mask=E"":77}"
      1024,         0,         0,   0.173,standalone_exact_mw,ac604fb97cbefca8234024efb37144c861c0ed9870cf9e2c8901bf3b9b1f370f,"{""distance"":7,""physical_error_rate"":0.02}","{""detection_events"":57568,""detectors_checked"":829440}"
      1024,         2,         0,   0.194,standalone_exact_mw,ac604fb97cbefca8234024efb37144c861c0ed9870cf9e2c8901bf3b9b1f370f,"{""distance"":7,""physical_error_rate"":0.02}","{""detection_events"":57237,""detectors_checked"":829440,""obs_mistake_mask=E"":2}"
      1024,         0,         0,   0.087,standalone_exact_mw,6a10a1840a7277b64863681e13d5cb65ed80b6c0c130a71789e1f9b9f94c8771,"{""distance"":7,""physical_error_rate"":0.005}","{""detection_events"":15459,""detectors_checked"":829440}"
      2048,         0,         0,   0.162,standalone_exact_mw,9d8ad86e51451842b54dafc7680d1b486ef291963bb72c70f3cdd570d2d8fa34,"{""distance"":7,""physical_error_rate"":0.002}","{""detection_events"":12673,""detectors_checked"":1658880}"
       256,       141,         0,   0.458,standalone_exact_mw,c8e3fbe760bfc0296557f2a1a7f08c8a211397192ea8a93bca9a56053b40fcc5,"{""distance"":7,""physical_error_rate"":0.5}","{""detection_events"":98281,""detectors_checked"":207360,""obs_mistake_mask=E"":141}"
      1024,         0,         0,   0.058,standalone_exact_mw,3bd544bb51e006261b45d3a2c996e28fc0c0449411cee5f7deafcd25d9539ebc,"{""distance"":7,""physical_error_rate"":0.001}","{""detection_events"":3182,""detectors_checked"":829440}"
      1024,         0,         0,   0.170,standalone_exact_mw,127be6187b4f42ce503a2e58abe78322609c231565a94a3f55b4bab680d66d05,"{""distance"":7,""physical_error_rate"":0.01}","{""detection_events"":30828,""detectors_checked"":829440}"
      3072,         0,         0,   0.163,standalone_exact_mw,ba5ada56442ed2ba457be44e3218b165c8a19e21146c9941e841199e65961aae,"{""distance"":7,""physical_error_rate"":0.0005}","{""detection_events"":5051,""detectors_checked"":2488320}"
      2048,         0,         0,   0.135,standalone_exact_mw,3bd544bb51e006261b45d3a2c996e28fc0c0449411cee5f7deafcd25d9539ebc,"{""distance"":7,""physical_error_rate"":0.001}","{""detection_events"":6266,""detectors_checked"":1658880}"
      2048,         0,         0,   0.162,standalone_exact_mw,9d8ad86e51451842b54dafc7680d1b486ef291963bb72c70f3cdd570d2d8fa34,"{""distance"":7,""physical_error_rate"":0.002}","{""detection_events"":12459,""detectors_checked"":1658880}"
      2048,         0,         0,   0.162,standalone_exact_mw,6a10a1840a7277b64863681e13d5cb65ed80b6c0c130a71789e1f9b9f94c8771,"{""distance"":7,""physical_error_rate"":0.005}","{""detection_events"":31096,""detectors_checked"":1658880}"
      1024,         0,         0,   0.076,standalone_exact_mw,3bd544bb51e006261b45d3a2c996e28fc0c0449411cee5f7deafcd25d9539ebc,"{""distance"":7,""physical_error_rate"":0.001}","{""detection_events"":3241,""detectors_checked"":829440}"
      1024,         2,         0,   0.136,standalone_exact_mw,ac604fb97cbefca8234024efb37144c861c0ed9870cf9e2c8901bf3b9b1f370f,"{""distance"":7,""physical_error_rate"":0.02}","{""detection_events"":57291,""detectors_checked"":829440,""obs_mistake_mask=E"":2}"
      1024,        74,         0,   0.159,standalone_exact_mw,c9f86b1173d7c284a3a737a2f9b73dc792c34c41d77f074f7114f4e786e0caa3,"{""distance"":7,""physical_error_rate"":0.05}","{""detection_events"":126032,""detectors_checked"":829440,""obs_mistake_mask=E"":74}"
      2048,         0,         0,   0.147,standalone_exact_mw,9d8ad86e51451842b54dafc7680d1b486ef291963bb72c70f3cdd570d2d8fa34,"{""distance"":7,""physical_error_rate"":0.002}","{""detection_events"":12808,""detectors_checked"":1658880}"
      1024,         0,         0,   0.115,standalone_exact_mw,127be6187b4f42ce503a2e58abe78322609c231565a94a3f55b4bab680d66d05,"{""distance"":7,""physical_error_rate"":0.01}","{""detection_events"":30349,""detectors_checked"":829440}"
      1024,         5,         0,   0.195,standalone_exact_mw,ac604fb97cbefca8234024efb37144c861c0ed9870cf9e2c8901bf3b9b1f370f,"{""distance"":7,""physical_error_rate"":0.02}","{""detection_events"":57468,""detectors_checked"":829440,""obs_mistake_mask=E"":5}"
      3072,         0,         0,   0.201,standalone_exact_mw,ba5ada56442ed2ba457be44e3218b165c8a19e21146c9941e841199e65961aae,"{""distance"":7,""physical_error_rate"":0.0005}","{""detection_events"":4750,""detectors_checked"":2488320}"
       512,       264,         0,   0.329,standalone_exact_mw,024c0e814a59454fa99ad54ccab3428fff8938705bcf0d5d1f756ea88ca50192,"{""distance"":7,""physical_error_rate"":0.2}","{""detection_events"":152755,""detectors_checked"":414720,""obs_mistake_mask=E"":264}"
        17,         0,         0,   0.010,standalone_exact_mw,e5383d45c2b34399c539563e7789a53fd4b96cd0b38eade39a3cbfe07ba21ab0,"{""distance"":7,""physical_error_rate"":0.0002}","{""detection_events"":12,""detectors_checked"":13770}"
        17,         5,         0,   0.010,standalone_exact_mw,1766b2807a0a7901eccd9b6c39890a23cb45c66f2ce245c2486f75f5876869a9,"{""distance"":7,""physical_error_rate"":0.1}","{""detection_events"":3428,""detectors_checked"":13770,""obs_mistake_mask=E"":5}"
      2048,         0,         0,   0.210,standalone_exact_mw,6a10a1840a7277b64863681e13d5cb65ed80b6c0c130a71789e1f9b9f94c8771,"{""distance"":7,""physical_error_rate"":0.005}","{""detection_events"":31317,""detectors_checked"":1658880}"
      2048,         0,         0,   0.116,standalone_exact_mw,3bd544bb51e006261b45d3a2c996e28fc0c0449411cee5f7deafcd25d9539ebc,"{""distance"":7,""physical_error_rate"":0.001}","{""detection_events"":6285,""detectors_checked"":1658880}"
      3072,         0,         0,   0.185,standalone_exact_mw,3bd544bb51e006261b45d3a2c996e28fc0c0449411cee5f7deafcd25d9539ebc,"{""distance"":7,""physical_error_rate"":0.001}","{""detection_events"":9579,""detectors_checked"":2488320}"
      2048,         0,         0,   0.163,standalone_exact_mw,9d8ad86e51451842b54dafc7680d1b486ef291963bb72c70f3cdd570d2d8fa34,"{""distance"":7,""physical_error_rate"":0.002}","{""detection_events"":12786,""detectors_checked"":1658880}"
         1,         0,         0,   0.020,standalone_exact_mw,ba5ada56442ed2ba457be44e3218b165c8a19e21146c9941e841199e65961aae,"{""distance"":7,""physical_error_rate"":0.0005}","{""detection_events"":7,""detectors_checked"":810}"
       256,       133,         0,   0.311,standalone_exact_mw,c8e3fbe760bfc0296557f2a1a7f08c8a211397192ea8a93bca9a56053b40fcc5,"{""distance"":7,""physical_error_rate"":0.5}","{""detection_events"":98099,""detectors_checked"":207360,""obs_mistake_mask=E"":133}"
      1024,         0,         0,   0.136,standalone_exact_mw,ac604fb97cbefca8234024efb37144c861c0ed9870cf9e2c8901bf3b9b1f370f,"{""distance"":7,""physical_error_rate"":0.02}","{""detection_events"":57324,""detectors_checked"":829440}"
      3072,         0,         0,   0.183,standalone_exact_mw,6a10a1840a7277b64863681e13d5cb65ed80b6c0c130a71789e1f9b9f94c8771,"{""distance"":7,""physical_error_rate"":0.005}","{""detection_events"":46876,""detectors_checked"":2488320}"
       272,         0,         0,   0.022,standalone_exact_mw,ba5ada56442ed2ba457be44e3218b165c8a19e21146c9941e841199e65961aae,"{""distance"":7,""physical_error_rate"":0.0005}","{""detection_events"":504,""detectors_checked"":220320}"
      1280,         0,         0,   0.087,standalone_exact_mw,e5383d45c2b34399c539563e7789a53fd4b96cd0b38eade39a3cbfe07ba21ab0,"{""distance"":7,""physical_error_rate"":0.0002}","{""detection_events"":869,""detectors_checked"":1036800}"
      4096,         0,         0,   0.222,standalone_exact_mw,ba5ada56442ed2ba457be44e3218b165c8a19e21146c9941e841199e65961aae,"{""distance"":7,""physical_error_rate"":0.0005}","{""detection_events"":6631,""detectors_checked"":3317760}"
      2048,         0,         0,   0.154,standalone_exact_mw,127be6187b4f42ce503a2e58abe78322609c231565a94a3f55b4bab680d66d05,"{""distance"":7,""physical_error_rate"":0.01}","{""detection_events"":61297,""detectors_checked"":1658880}"
      1024,       463,         0,   0.410,standalone_exact_mw,1766b2807a0a7901eccd9b6c39890a23cb45c66f2ce245c2486f75f5876869a9,"{""distance"":7,""physical_error_rate"":0.1}","{""detection_events"":207235,""detectors_checked"":829440,""obs_mistake_mask=E"":463}"
       256,       115,         0,   0.100,standalone_exact_mw,1766b2807a0a7901eccd9b6c39890a23cb45c66f2ce245c2486f75f5876869a9,"{""distance"":7,""physical_error_rate"":0.1}","{""detection_events"":51467,""detectors_checked"":207360,""obs_mistake_mask=E"":115}"
      1024,         0,         0,   0.038,standalone_exact_mw,ba5ada56442ed2ba457be44e3218b165c8a19e21146c9941e841199e65961aae,"{""distance"":7,""physical_error_rate"":0.0005}","{""detection_events"":1634,""detectors_checked"":829440}"
      1024,         0,         0,   0.057,standalone_exact_mw,e5383d45c2b34399c539563e7789a53fd4b96cd0b38eade39a3cbfe07ba21ab0,"{""distance"":7,""physical_error_rate"":0.0002}","{""detection_events"":693,""detectors_checked"":829440}"
      1024,        61,         0,   0.216,standalone_exact_mw,c9f86b1173d7c284a3a737a2f9b73dc792c34c41d77f074f7114f4e786e0caa3,"{""distance"":7,""physical_error_rate"":0.05}","{""detection_events"":125132,""detectors_checked"":829440,""obs_mistake_mask=E"":61}"
       273,        17,         0,   0.066,standalone_exact_mw,c9f86b1173d7c284a3a737a2f9b73dc792c34c41d77f074f7114f4e786e0caa3,"{""distance"":7,""physical_error_rate"":0.05}","{""detection_events"":33547,""detectors_checked"":221130,""obs_mistake_mask=E"":17}"
      2048,         0,         0,   0.134,standalone_exact_mw,3bd544bb51e006261b45d3a2c996e28fc0c0449411cee5f7deafcd25d9539ebc,"{""distance"":7,""physical_error_rate"":0.001}","{""detection_events"":6411,""detectors_checked"":1658880}"
      2048,         0,         0,   0.145,standalone_exact_mw,6a10a1840a7277b64863681e13d5cb65ed80b6c0c130a71789e1f9b9f94c8771,"{""distance"":7,""physical_error_rate"":0.005}","{""detection_events"":31240,""detectors_checked"":1658880}"
      1024,         4,         0,   0.202,standalone_exact_mw,ac604fb97cbefca8234024efb37144c861c0ed9870cf9e2c8901bf3b9b1f370f,"{""distance"":7,""physical_error_rate"":0.02}","{""detection_events"":58000,""detectors_checked"":829440,""obs_mistake_mask=E"":4}"
      3072,         0,         0,   0.216,standalone_exact_mw,ba5ada56442ed2ba457be44e3218b165c8a19e21146c9941e841199e65961aae,"{""distance"":7,""physical_error_rate"":0.0005}","{""detection_events"":4684,""detectors_checked"":2488320}"
      3072,         0,         0,   0.250,standalone_exact_mw,9d8ad86e51451842b54dafc7680d1b486ef291963bb72c70f3cdd570d2d8fa34,"{""distance"":7,""physical_error_rate"":0.002}","{""detection_events"":19510,""detectors_checked"":2488320}"
      1024,         0,         0,   0.056,standalone_exact_mw,e5383d45c2b34399c539563e7789a53fd4b96cd0b38eade39a3cbfe07ba21ab0,"{""distance"":7,""physical_error_rate"":0.0002}","{""detection_events"":633,""detectors_checked"":829440}"
      1024,         0,         0,   0.074,standalone_exact_mw,ba5ada56442ed2ba457be44e3218b165c8a19e21146c9941e841199e65961aae,"{""distance"":7,""physical_error_rate"":0.0005}","{""detection_events"":1519,""detectors_checked"":829440}"
      1024,         2,         0,   0.149,standalone_exact_mw,ac604fb97cbefca8234024efb37144c861c0ed9870cf9e2c8901bf3b9b1f370f,"{""distance"":7,""physical_error_rate"":0.02}","{""detection_events"":57733,""detectors_checked"":829440,""obs_mistake_mask=E"":2}"
        17,         2,         0,   0.011,standalone_exact_mw,c9f86b1173d7c284a3a737a2f9b73dc792c34c41d77f074f7114f4e786e0caa3,"{""distance"":7,""physical_error_rate"":0.05}","{""detection_events"":2010,""detectors_checked"":13770,""obs_mistake_mask=E"":2}"
       273,         0,         0,   0.015,standalone_exact_mw,3bd544bb51e006261b45d3a2c996e28fc0c0449411cee5f7deafcd25d9539ebc,"{""distance"":7,""physical_error_rate"":0.001}","{""detection_events"":780,""detectors_checked"":221130}"
      1024,         0,         0,   0.046,standalone_exact_mw,ba5ada56442ed2ba457be44e3218b165c8a19e21146c9941e841199e65961aae,"{""distance"":7,""physical_error_rate"":0.0005}","{""detection_events"":1672,""detectors_checked"":829440}"
      1024,         0,         0,   0.050,standalone_exact_mw,e5383d45c2b34399c539563e7789a53fd4b96cd0b38eade39a3cbfe07ba21ab0,"{""distance"":7,""physical_error_rate"":0.0002}","{""detection_events"":676,""detectors_checked"":829440}"
      3072,         0,         0,   0.214,standalone_exact_mw,3bd544bb51e006261b45d3a2c996e28fc0c0449411cee5f7deafcd25d9539ebc,"{""distance"":7,""physical_error_rate"":0.001}","{""detection_events"":9837,""detectors_checked"":2488320}"
       256,        20,         0,   0.046,standalone_exact_mw,c9f86b1173d7c284a3a737a2f9b73dc792c34c41d77f074f7114f4e786e0caa3,"{""distance"":7,""physical_error_rate"":0.05}","{""detection_events"":31359,""detectors_checked"":207360,""obs_mistake_mask=E"":20}"
      3072,         0,         0,   0.245,standalone_exact_mw,9d8ad86e51451842b54dafc7680d1b486ef291963bb72c70f3cdd570d2d8fa34,"{""distance"":7,""physical_error_rate"":0.002}","{""detection_events"":19303,""detectors_checked"":2488320}"
      2048,         0,         0,   0.148,standalone_exact_mw,3bd544bb51e006261b45d3a2c996e28fc0c0449411cee5f7deafcd25d9539ebc,"{""distance"":7,""physical_error_rate"":0.001}","{""detection_events"":6537,""detectors_checked"":1658880}"
      1024,         0,         0,   0.061,standalone_exact_mw,3bd544bb51e006261b45d3a2c996e28fc0c0449411cee5f7deafcd25d9539ebc,"{""distance"":7,""physical_error_rate"":0.001}","{""detection_events"":3256,""detectors_checked"":829440}"
      1024,         0,         0,   0.056,standalone_exact_mw,e5383d45c2b34399c539563e7789a53fd4b96cd0b38eade39a3cbfe07ba21ab0,"{""distance"":7,""physical_error_rate"":0.0002}","{""detection_events"":652,""detectors_checked"":829440}"
      3072,         1,         0,   0.228,standalone_exact_mw,6a10a1840a7277b64863681e13d5cb65ed80b6c0c130a71789e1f9b9f94c8771,"{""distance"":7,""physical_error_rate"":0.005}","{""detection_events"":46908,""detectors_checked"":2488320,""obs_mistake_mask=E"":1}"
      1024,         0,         0,   0.081,standalone_exact_mw,ba5ada56442ed2ba457be44e3218b165c8a19e21146c9941e841199e65961aae,"{""distance"":7,""physical_error_rate"":0.0005}","{""detection_events"":1682,""detectors_checked"":829440}"
       256,       125,         0,   0.274,standalone_exact_mw,c8e3fbe760bfc0296557f2a1a7f08c8a211397192ea8a93bca9a56053b40fcc5,"{""distance"":7,""physical_error_rate"":0.5}","{""detection_events"":98098,""detectors_checked"":207360,""obs_mistake_mask=E"":125}"
       256,       128,         0,   0.538,standalone_exact_mw,c8e3fbe760bfc0296557f2a1a7f08c8a211397192ea8a93bca9a56053b40fcc5,"{""distance"":7,""physical_error_rate"":0.5}","{""detection_events"":98569,""detectors_checked"":207360,""obs_mistake_mask=E"":128}"
         1,         0,         0,   0.029,standalone_exact_mw,ac604fb97cbefca8234024efb37144c861c0ed9870cf9e2c8901bf3b9b1f370f,"{""distance"":7,""physical_error_rate"":0.02}","{""detection_events"":69,""detectors_checked"":810}"
      1024,         0,         0,   0.173,standalone_exact_mw,ac604fb97cbefca8234024efb37144c861c0ed9870cf9e2c8901bf3b9b1f370f,"{""distance"":7,""physical_error_rate"":0.02}","{""detection_events"":57304,""detectors_checked"":829440}"
       512,       235,         0,   0.366,standalone_exact_mw,024c0e814a59454fa99ad54ccab3428fff8938705bcf0d5d1f756ea88ca50192,"{""distance"":7,""physical_error_rate"":0.2}","{""detection_events"":153262,""detectors_checked"":414720,""obs_mistake_mask=E"":235}"
      1024,        63,         0,   0.218,standalone_exact_mw,c9f86b1173d7c284a3a737a2f9b73dc792c34c41d77f074f7114f4e786e0caa3,"{""distance"":7,""physical_error_rate"":0.05}","{""detection_events"":125278,""detectors_checked"":829440,""obs_mistake_mask=E"":63}"
      1024,         1,         0,   0.169,standalone_exact_mw,ac604fb97cbefca8234024efb37144c861c0ed9870cf9e2c8901bf3b9b1f370f,"{""distance"":7,""physical_error_rate"":0.02}","{""detection_events"":57257,""detectors_checked"":829440,""obs_mistake_mask=E"":1}"
      1024,        88,         0,   0.221,standalone_exact_mw,c9f86b1173d7c284a3a737a2f9b73dc792c34c41d77f074f7114f4e786e0caa3,"{""distance"":7,""physical_error_rate"":0.05}","{""detection_events"":125846,""detectors_checked"":829440,""obs_mistake_mask=E"":88}"
      5120,         0,         0,   0.213,standalone_exact_mw,6a10a1840a7277b64863681e13d5cb65ed80b6c0c130a71789e1f9b9f94c8771,"{""distance"":7,""physical_error_rate"":0.005}","{""detection_events"":77571,""detectors_checked"":4147200}"
      1024,         0,         0,   0.072,standalone_exact_mw,3bd544bb51e006261b45d3a2c996e28fc0c0449411cee5f7deafcd25d9539ebc,"{""distance"":7,""physical_error_rate"":0.001}","{""detection_events"":3178,""detectors_checked"":829440}"
      2048,         0,         0,   0.083,standalone_exact_mw,e5383d45c2b34399c539563e7789a53fd4b96cd0b38eade39a3cbfe07ba21ab0,"{""distance"":7,""physical_error_rate"":0.0002}","{""detection_events"":1339,""detectors_checked"":1658880}"
      1024,         0,         0,   0.310,standalone_exact_mw,127be6187b4f42ce503a2e58abe78322609c231565a94a3f55b4bab680d66d05,"{""distance"":7,""physical_error_rate"":0.01}","{""detection_events"":30070,""detectors_checked"":829440}"
       272,         0,         0,   0.071,standalone_exact_mw,ac604fb97cbefca8234024efb37144c861c0ed9870cf9e2c8901bf3b9b1f370f,"{""distance"":7,""physical_error_rate"":0.02}","{""detection_events"":15201,""detectors_checked"":220320}"
      6144,         0,         0,   0.324,standalone_exact_mw,ba5ada56442ed2ba457be44e3218b165c8a19e21146c9941e841199e65961aae,"{""distance"":7,""physical_error_rate"":0.0005}","{""detection_events"":9748,""detectors_checked"":4976640}"
      1024,        80,         0,   0.157,standalone_exact_mw,c9f86b1173d7c284a3a737a2f9b73dc792c34c41d77f074f7114f4e786e0caa3,"{""distance"":7,""physical_error_rate"":0.05}","{""detection_events"":125186,""detectors_checked"":829440,""obs_mistake_mask=E"":80}"
         1,         1,         0,   0.003,standalone_exact_mw,c9f86b1173d7c284a3a737a2f9b73dc792c34c41d77f074f7114f4e786e0caa3,"{""distance"":7,""physical_error_rate"":0.05}","{""detection_events"":150,""detectors_checked"":810,""obs_mistake_mask=E"":1}"
       272,        34,         0,   0.031,standalone_exact_mw,c9f86b1173d7c284a3a737a2f9b73dc792c34c41d77f074f7114f4e786e0caa3,"{""distance"":7,""physical_error_rate"":0.05}","{""detection_events"":33249,""detectors_checked"":220320,""obs_mistake_mask=E"":34}"
         1,         0,         0,   0.033,standalone_exact_mw,3bd544bb51e006261b45d3a2c996e28fc0c0449411cee5f7deafcd25d9539ebc,"{""distance"":7,""physical_error_rate"":0.001}","{""detectors_checked"":810}"
      2048,         0,         0,   0.137,standalone_exact_mw,ba5ada56442ed2ba457be44e3218b165c8a19e21146c9941e841199e65961aae,"{""distance"":7,""physical_error_rate"":0.0005}","{""detection_events"":3096,""detectors_checked"":1658880}"
      1024,         0,         0,   0.084,standalone_exact_mw,3bd544bb51e006261b45d3a2c996e28fc0c0449411cee5f7deafcd25d9539ebc,"{""distance"":7,""physical_error_rate"":0.001}","{""detection_events"":3323,""detectors_checked"":829440}"
      4096,         0,         0,   0.292,standalone_exact_mw,ba5ada56442ed2ba457be44e3218b165c8a19e21146c9941e841199e65961aae,"{""distance"":7,""physical_error_rate"":0.0005}","{""detection_events"":6540,""detectors_checked"":3317760}"
      3072,         0,         0,   0.293,standalone_exact_mw,9d8ad86e51451842b54dafc7680d1b486ef291963bb72c70f3cdd570d2d8fa34,"{""distance"":7,""physical_error_rate"":0.002}","{""detection_events"":18863,""detectors_checked"":2488320}"
         1,         0,         0,   0.003,standalone_exact_mw,c9f86b1173d7c284a3a737a2f9b73dc792c34c41d77f074f7114f4e786e0caa3,"{""distance"":7,""physical_error_rate"":0.05}","{""detection_events"":114,""detectors_checked"":810}"
      3072,         0,         0,   0.120,standalone_exact_mw,e5383d45c2b34399c539563e7789a53fd4b96cd0b38eade39a3cbfe07ba21ab0,"{""distance"":7,""physical_error_rate"":0.0002}","{""detection_events"":1876,""detectors_checked"":2488320}"
         1,         1,         0,   0.004,standalone_exact_mw,024c0e814a59454fa99ad54ccab3428fff8938705bcf0d5d1f756ea88ca50192,"{""distance"":7,""physical_error_rate"":0.2}","{""detection_events"":283,""detectors_checked"":810,""obs_mistake_mask=E"":1}"
      1024,         0,         0,   0.062,standalone_exact_mw,3bd544bb51e006261b45d3a2c996e28fc0c0449411cee5f7deafcd25d9539ebc,"{""distance"":7,""physical_error_rate"":0.001}","{""detection_events"":3171,""detectors_checked"":829440}"
       272,        25,         0,   0.028,standalone_exact_mw,c9f86b1173d7c284a3a737a2f9b73dc792c34c41d77f074f7114f4e786e0caa3,"{""distance"":7,""physical_error_rate"":0.05}","{""detection_events"":33128,""detectors_checked"":220320,""obs_mistake_mask=E"":25}"
      1024,         2,         0,   0.194,standalone_exact_mw,ac604fb97cbefca8234024efb37144c861c0ed9870cf9e2c8901bf3b9b1f370f,"{""distance"":7,""physical_error_rate"":0.02}","{""detection_events"":58099,""detectors_checked"":829440,""obs_mistake_mask=E"":2}"
       272,         0,         0,   0.097,standalone_exact_mw,3bd544bb51e006261b45d3a2c996e28fc0c0449411cee5f7deafcd25d9539ebc,"{""distance"":7,""physical_error_rate"":0.001}","{""detection_events"":849,""detectors_checked"":220320}"
       512,       267,         0,    1.14,standalone_exact_mw,c8e3fbe760bfc0296557f2a1a7f08c8a211397192ea8a93bca9a56053b40fcc5,"{""distance"":7,""physical_error_rate"":0.5}","{""detection_events"":196605,""detectors_checked"":414720,""obs_mistake_mask=E"":267}"
      1024,        79,         0,   0.100,standalone_exact_mw,c9f86b1173d7c284a3a737a2f9b73dc792c34c41d77f074f7114f4e786e0caa3,"{""distance"":7,""physical_error_rate"":0.05}","{""detection_events"":125104,""detectors_checked"":829440,""obs_mistake_mask=E"":79}"
      4096,         0,         0,   0.267,standalone_exact_mw,3bd544bb51e006261b45d3a2c996e28fc0c0449411cee5f7deafcd25d9539ebc,"{""distance"":7,""physical_error_rate"":0.001}","{""detection_events"":12826,""detectors_checked"":3317760}"
      1024,        91,         0,   0.139,standalone_exact_mw,c9f86b1173d7c284a3a737a2f9b73dc792c34c41d77f074f7114f4e786e0caa3,"{""distance"":7,""physical_error_rate"":0.05}","{""detection_events"":125341,""detectors_checked"":829440,""obs_mistake_mask=E"":91}"
      6144,         0,         0,   0.283,standalone_exact_mw,3bd544bb51e006261b45d3a2c996e28fc0c0449411cee5f7deafcd25d9539ebc,"{""distance"":7,""physical_error_rate"":0.001}","{""detection_events"":19161,""detectors_checked"":4976640}"
         1,         1,         0,   0.013,standalone_exact_mw,024c0e814a59454fa99ad54ccab3428fff8938705bcf0d5d1f756ea88ca50192,"{""distance"":7,""physical_error_rate"":0.2}","{""detection_events"":308,""detectors_checked"":810,""obs_mistake_mask=E"":1}"
      1024,        89,         0,   0.209,standalone_exact_mw,c9f86b1173d7c284a3a737a2f9b73dc792c34c41d77f074f7114f4e786e0caa3,"{""distance"":7,""physical_error_rate"":0.05}","{""detection_events"":125842,""detectors_checked"":829440,""obs_mistake_mask=E"":89}"
      1024,        83,         0,   0.220,standalone_exact_mw,c9f86b1173d7c284a3a737a2f9b73dc792c34c41d77f074f7114f4e786e0caa3,"{""distance"":7,""physical_error_rate"":0.05}","{""detection_events"":126053,""detectors_checked"":829440,""obs_mistake_mask=E"":83}"
      1024,         0,         0,   0.061,standalone_exact_mw,3bd544bb51e006261b45d3a2c996e28fc0c0449411cee5f7deafcd25d9539ebc,"{""distance"":7,""physical_error_rate"":0.001}","{""detection_events"":3064,""detectors_checked"":829440}"
      2048,         0,         0,   0.140,standalone_exact_mw,ba5ada56442ed2ba457be44e3218b165c8a19e21146c9941e841199e65961aae,"{""distance"":7,""physical_error_rate"":0.0005}","{""detection_events"":3173,""detectors_checked"":1658880}"
        16,         8,         0,   0.021,standalone_exact_mw,024c0e814a59454fa99ad54ccab3428fff8938705bcf0d5d1f756ea88ca50192,"{""distance"":7,""physical_error_rate"":0.2}","{""detection_events"":4779,""detectors_checked"":12960,""obs_mistake_mask=E"":8}"
      3072,         0,         0,   0.297,standalone_exact_mw,6a10a1840a7277b64863681e13d5cb65ed80b6c0c130a71789e1f9b9f94c8771,"{""distance"":7,""physical_error_rate"":0.005}","{""detection_events"":46597,""detectors_checked"":2488320}"
      1024,         0,         0,   0.196,standalone_exact_mw,127be6187b4f42ce503a2e58abe78322609c231565a94a3f55b4bab680d66d05,"{""distance"":7,""physical_error_rate"":0.01}","{""detection_events"":30395,""detectors_checked"":829440}"
      4096,         0,         0,   0.326,standalone_exact_mw,9d8ad86e51451842b54dafc7680d1b486ef291963bb72c70f3cdd570d2d8fa34,"{""distance"":7,""physical_error_rate"":0.002}","{""detection_events"":24862,""detectors_checked"":3317760}"
         1,         0,         0,   0.014,standalone_exact_mw,ac604fb97cbefca8234024efb37144c861c0ed9870cf9e2c8901bf3b9b1f370f,"{""distance"":7,""physical_error_rate"":0.02}","{""detection_events"":43,""detectors_checked"":810}"
       272,         1,         0,   0.023,standalone_exact_mw,ac604fb97cbefca8234024efb37144c861c0ed9870cf9e2c8901bf3b9b1f370f,"{""distance"":7,""physical_error_rate"":0.02}","{""detection_events"":15411,""detectors_checked"":220320,""obs_mistake_mask=E"":1}"
      1024,        75,         0,   0.103,standalone_exact_mw,c9f86b1173d7c284a3a737a2f9b73dc792c34c41d77f074f7114f4e786e0caa3,"{""distance"":7,""physical_error_rate"":0.05}","{""detection_events"":125607,""detectors_checked"":829440,""obs_mistake_mask=E"":75}"
         1,         0,         0,   0.016,standalone_exact_mw,127be6187b4f42ce503a2e58abe78322609c231565a94a3f55b4bab680d66d05,"{""distance"":7,""physical_error_rate"":0.01}","{""detection_events"":32,""detectors_checked"":810}"
      4096,         0,         0,   0.184,standalone_exact_mw,e5383d45c2b34399c539563e7789a53fd4b96cd0b38eade39a3cbfe07ba21ab0,"{""distance"":7,""physical_error_rate"":0.0002}","{""detection_events"":2676,""detectors_checked"":3317760}"
      3072,         9,         0,   0.322,standalone_exact_mw,ac604fb97cbefca8234024efb37144c861c0ed9870cf9e2c8901bf3b9b1f370f,"{""distance"":7,""physical_error_rate"":0.02}","{""detection_events"":173834,""detectors_checked"":2488320,""obs_mistake_mask=E"":9}"
      1024,        72,         0,   0.154,standalone_exact_mw,c9f86b1173d7c284a3a737a2f9b73dc792c34c41d77f074f7114f4e786e0caa3,"{""distance"":7,""physical_error_rate"":0.05}","{""detection_events"":125301,""detectors_checked"":829440,""obs_mistake_mask=E"":72}"
         1,         0,         0,   0.029,standalone_exact_mw,ba5ada56442ed2ba457be44e3218b165c8a19e21146c9941e841199e65961aae,"{""distance"":7,""physical_error_rate"":0.0005}","{""detectors_checked"":810}"
       272,         0,         0,   0.026,standalone_exact_mw,127be6187b4f42ce503a2e58abe78322609c231565a94a3f55b4bab680d66d05,"{""distance"":7,""physical_error_rate"":0.01}","{""detection_events"":7845,""detectors_checked"":220320}"
      2048,         0,         0,   0.127,standalone_exact_mw,3bd544bb51e006261b45d3a2c996e28fc0c0449411cee5f7deafcd25d9539ebc,"{""distance"":7,""physical_error_rate"":0.001}","{""detection_events"":6379,""detectors_checked"":1658880}"
      1024,         1,         0,   0.172,standalone_exact_mw,ac604fb97cbefca8234024efb37144c861c0ed9870cf9e2c8901bf3b9b1f370f,"{""distance"":7,""physical_error_rate"":0.02}","{""detection_events"":58120,""detectors_checked"":829440,""obs_mistake_mask=E"":1}"
      1024,        81,         0,   0.176,standalone_exact_mw,c9f86b1173d7c284a3a737a2f9b73dc792c34c41d77f074f7114f4e786e0caa3,"{""distance"":7,""physical_error_rate"":0.05}","{""detection_events"":125393,""detectors_checked"":829440,""obs_mistake_mask=E"":81}"
      3072,         0,         0,   0.346,standalone_exact_mw,6a10a1840a7277b64863681e13d5cb65ed80b6c0c130a71789e1f9b9f94c8771,"{""distance"":7,""physical_error_rate"":0.005}","{""detection_events"":46557,""detectors_checked"":2488320}"
      1024,         3,         0,   0.085,standalone_exact_mw,ac604fb97cbefca8234024efb37144c861c0ed9870cf9e2c8901bf3b9b1f370f,"{""distance"":7,""physical_error_rate"":0.02}","{""detection_events"":58252,""detectors_checked"":829440,""obs_mistake_mask=E"":3}"
         1,         0,         0,   0.010,standalone_exact_mw,9d8ad86e51451842b54dafc7680d1b486ef291963bb72c70f3cdd570d2d8fa34,"{""distance"":7,""physical_error_rate"":0.002}","{""detection_events"":14,""detectors_checked"":810}"
       272,         0,         0,   0.058,standalone_exact_mw,ba5ada56442ed2ba457be44e3218b165c8a19e21146c9941e841199e65961aae,"{""distance"":7,""physical_error_rate"":0.0005}","{""detection_events"":424,""detectors_checked"":220320}"
       272,         0,         0,   0.022,standalone_exact_mw,9d8ad86e51451842b54dafc7680d1b486ef291963bb72c70f3cdd570d2d8fa34,"{""distance"":7,""physical_error_rate"":0.002}","{""detection_events"":1662,""detectors_checked"":220320}"
         1,         0,         0,   0.003,standalone_exact_mw,ac604fb97cbefca8234024efb37144c861c0ed9870cf9e2c8901bf3b9b1f370f,"{""distance"":7,""physical_error_rate"":0.02}","{""detection_events"":63,""detectors_checked"":810}"
         1,         0,         0,   0.015,standalone_exact_mw,ba5ada56442ed2ba457be44e3218b165c8a19e21146c9941e841199e65961aae,"{""distance"":7,""physical_error_rate"":0.0005}","{""detection_events"":2,""detectors_checked"":810}"
        16,         0,         0,   0.002,standalone_exact_mw,ba5ada56442ed2ba457be44e3218b165c8a19e21146c9941e841199e65961aae,"{""distance"":7,""physical_error_rate"":0.0005}","{""detection_events"":23,""detectors_checked"":12960}"
       272,       141,         0,   0.271,standalone_exact_mw,024c0e814a59454fa99ad54ccab3428fff8938705bcf0d5d1f756ea88ca50192,"{""distance"":7,""physical_error_rate"":0.2}","{""detection_events"":81722,""detectors_checked"":220320,""obs_mistake_mask=E"":141}"
      1024,         4,         0,   0.361,standalone_exact_mw,ac604fb97cbefca8234024efb37144c861c0ed9870cf9e2c8901bf3b9b1f370f,"{""distance"":7,""physical_error_rate"":0.02}","{""detection_events"":57426,""detectors_checked"":829440,""obs_mistake_mask=E"":4}"
      3072,         0,         0,   0.183,standalone_exact_mw,ba5ada56442ed2ba457be44e3218b165c8a19e21146c9941e841199e65961aae,"{""distance"":7,""physical_error_rate"":0.0005}","{""detection_events"":4715,""detectors_checked"":2488320}"
       272,         0,         0,   0.031,standalone_exact_mw,ac604fb97cbefca8234024efb37144c861c0ed9870cf9e2c8901bf3b9b1f370f,"{""distance"":7,""physical_error_rate"":0.02}","{""detection_events"":15047,""detectors_checked"":220320}"
      1024,        78,         0,   0.220,standalone_exact_mw,c9f86b1173d7c284a3a737a2f9b73dc792c34c41d77f074f7114f4e786e0caa3,"{""distance"":7,""physical_error_rate"":0.05}","{""detection_events"":124845,""detectors_checked"":829440,""obs_mistake_mask=E"":78}"
      1024,         0,         0,   0.259,standalone_exact_mw,3bd544bb51e006261b45d3a2c996e28fc0c0449411cee5f7deafcd25d9539ebc,"{""distance"":7,""physical_error_rate"":0.001}","{""detection_events"":3219,""detectors_checked"":829440}"
      1024,        78,         0,   0.238,standalone_exact_mw,c9f86b1173d7c284a3a737a2f9b73dc792c34c41d77f074f7114f4e786e0caa3,"{""distance"":7,""physical_error_rate"":0.05}","{""detection_events"":124414,""detectors_checked"":829440,""obs_mistake_mask=E"":78}"
         1,         0,         0,   0.011,standalone_exact_mw,6a10a1840a7277b64863681e13d5cb65ed80b6c0c130a71789e1f9b9f94c8771,"{""distance"":7,""physical_error_rate"":0.005}","{""detection_events"":20,""detectors_checked"":810}"
      1024,         0,         0,   0.042,standalone_exact_mw,3bd544bb51e006261b45d3a2c996e28fc0c0449411cee5f7deafcd25d9539ebc,"{""distance"":7,""physical_error_rate"":0.001}","{""detection_events"":3269,""detectors_checked"":829440}"
      1024,         0,         0,   0.078,standalone_exact_mw,9d8ad86e51451842b54dafc7680d1b486ef291963bb72c70f3cdd570d2d8fa34,"{""distance"":7,""physical_error_rate"":0.002}","{""detection_events"":6241,""detectors_checked"":829440}"
      3072,         0,         0,   0.140,standalone_exact_mw,3bd544bb51e006261b45d3a2c996e28fc0c0449411cee5f7deafcd25d9539ebc,"{""distance"":7,""physical_error_rate"":0.001}","{""detection_events"":9765,""detectors_checked"":2488320}"
      1024,         7,         0,   0.131,standalone_exact_mw,ac604fb97cbefca8234024efb37144c861c0ed9870cf9e2c8901bf3b9b1f370f,"{""distance"":7,""physical_error_rate"":0.02}","{""detection_events"":57531,""detectors_checked"":829440,""obs_mistake_mask=E"":7}"
      5120,         0,         0,   0.452,standalone_exact_mw,ba5ada56442ed2ba457be44e3218b165c8a19e21146c9941e841199e65961aae,"{""distance"":7,""physical_error_rate"":0.0005}","{""detection_events"":8009,""detectors_checked"":4147200}"
       273,         0,         0,   0.014,standalone_exact_mw,127be6187b4f42ce503a2e58abe78322609c231565a94a3f55b4bab680d66d05,"{""distance"":7,""physical_error_rate"":0.01}","{""detection_events"":8080,""detectors_checked"":221130}"
       256,       123,         0,   0.277,standalone_exact_mw,024c0e814a59454fa99ad54ccab3428fff8938705bcf0d5d1f756ea88ca50192,"{""distance"":7,""physical_error_rate"":0.2}","{""detection_events"":76551,""detectors_checked"":207360,""obs_mistake_mask=E"":123}"
      5120,         0,         0,   0.329,standalone_exact_mw,3bd544bb51e006261b45d3a2c996e28fc0c0449411cee5f7deafcd25d9539ebc,"{""distance"":7,""physical_error_rate"":0.001}","{""detection_events"":15940,""detectors_checked"":4147200}"
         1,         0,         0,   0.017,standalone_exact_mw,127be6187b4f42ce503a2e58abe78322609c231565a94a3f55b4bab680d66d05,"{""distance"":7,""physical_error_rate"":0.01}","{""detection_events"":43,""detectors_checked"":810}"
      1024,         0,         0,   0.042,standalone_exact_mw,3bd544bb51e006261b45d3a2c996e28fc0c0449411cee5f7deafcd25d9539ebc,"{""distance"":7,""physical_error_rate"":0.001}","{""detection_events"":3068,""detectors_checked"":829440}"
         1,         0,         0,   0.030,standalone_exact_mw,ac604fb97cbefca8234024efb37144c861c0ed9870cf9e2c8901bf3b9b1f370f,"{""distance"":7,""physical_error_rate"":0.02}","{""detection_events"":55,""detectors_checked"":810}"
      1024,         0,         0,   0.131,standalone_exact_mw,ba5ada56442ed2ba457be44e3218b165c8a19e21146c9941e841199e65961aae,"{""distance"":7,""physical_error_rate"":0.0005}","{""detection_events"":1596,""detectors_checked"":829440}"
      9216,         0,         0,   0.433,standalone_exact_mw,ba5ada56442ed2ba457be44e3218b165c8a19e21146c9941e841199e65961aae,"{""distance"":7,""physical_error_rate"":0.0005}","{""detection_events"":14347,""detectors_checked"":7464960}"
      1280,         0,         0,   0.140,standalone_exact_mw,ba5ada56442ed2ba457be44e3218b165c8a19e21146c9941e841199e65961aae,"{""distance"":7,""physical_error_rate"":0.0005}","{""detection_events"":2024,""detectors_checked"":1036800}"
      7168,         0,         0,   0.230,standalone_exact_mw,e5383d45c2b34399c539563e7789a53fd4b96cd0b38eade39a3cbfe07ba21ab0,"{""distance"":7,""physical_error_rate"":0.0002}","{""detection_events"":4510,""detectors_checked"":5806080}"
      1024,         3,         0,   0.203,standalone_exact_mw,ac604fb97cbefca8234024efb37144c861c0ed9870cf9e2c8901bf3b9b1f370f,"{""distance"":7,""physical_error_rate"":0.02}","{""detection_events"":58160,""detectors_checked"":829440,""obs_mistake_mask=E"":3}"
       272,         0,         0,   0.085,standalone_exact_mw,6a10a1840a7277b64863681e13d5cb65ed80b6c0c130a71789e1f9b9f94c8771,"{""distance"":7,""physical_error_rate"":0.005}","{""detection_events"":4210,""detectors_checked"":220320}"
      1024,         0,         0,   0.081,standalone_exact_mw,9d8ad86e51451842b54dafc7680d1b486ef291963bb72c70f3cdd570d2d8fa34,"{""distance"":7,""physical_error_rate"":0.002}","{""detection_events"":6404,""detectors_checked"":829440}"
      1024,         4,         0,   0.138,standalone_exact_mw,ac604fb97cbefca8234024efb37144c861c0ed9870cf9e2c8901bf3b9b1f370f,"{""distance"":7,""physical_error_rate"":0.02}","{""detection_events"":57275,""detectors_checked"":829440,""obs_mistake_mask=E"":4}"
      1024,         0,         0,   0.073,standalone_exact_mw,127be6187b4f42ce503a2e58abe78322609c231565a94a3f55b4bab680d66d05,"{""distance"":7,""physical_error_rate"":0.01}","{""detection_events"":30538,""detectors_checked"":829440}"
      1024,         0,         0,   0.221,standalone_exact_mw,127be6187b4f42ce503a2e58abe78322609c231565a94a3f55b4bab680d66d05,"{""distance"":7,""physical_error_rate"":0.01}","{""detection_events"":30680,""detectors_checked"":829440}"
       273,         0,         0,   0.053,standalone_exact_mw,127be6187b4f42ce503a2e58abe78322609c231565a94a3f55b4bab680d66d05,"{""distance"":7,""physical_error_rate"":0.01}","{""detection_events"":8316,""detectors_checked"":221130}"
      3072,         0,         0,   0.459,standalone_exact_mw,9d8ad86e51451842b54dafc7680d1b486ef291963bb72c70f3cdd570d2d8fa34,"{""distance"":7,""physical_error_rate"":0.002}","{""detection_events"":19004,""detectors_checked"":2488320}"
      6144,         0,         0,   0.405,standalone_exact_mw,3bd544bb51e006261b45d3a2c996e28fc0c0449411cee5f7deafcd25d9539ebc,"{""distance"":7,""physical_error_rate"":0.001}","{""detection_events"":19369,""detectors_checked"":4976640}"
       272,         0,         0,   0.081,standalone_exact_mw,127be6187b4f42ce503a2e58abe78322609c231565a94a3f55b4bab680d66d05,"{""distance"":7,""physical_error_rate"":0.01}","{""detection_events"":8294,""detectors_checked"":220320}"
         1,         0,         0,   0.003,standalone_exact_mw,ac604fb97cbefca8234024efb37144c861c0ed9870cf9e2c8901bf3b9b1f370f,"{""distance"":7,""physical_error_rate"":0.02}","{""detection_events"":67,""detectors_checked"":810}"
       273,         0,         0,   0.012,standalone_exact_mw,9d8ad86e51451842b54dafc7680d1b486ef291963bb72c70f3cdd570d2d8fa34,"{""distance"":7,""physical_error_rate"":0.002}","{""detection_events"":1695,""detectors_checked"":221130}"
      2048,         0,         0,   0.382,standalone_exact_mw,127be6187b4f42ce503a2e58abe78322609c231565a94a3f55b4bab680d66d05,"{""distance"":7,""physical_error_rate"":0.01}","{""detection_events"":61549,""detectors_checked"":1658880}"
         1,         0,         0,   0.002,standalone_exact_mw,3bd544bb51e006261b45d3a2c996e28fc0c0449411cee5f7deafcd25d9539ebc,"{""distance"":7,""physical_error_rate"":0.001}","{""detection_events"":4,""detectors_checked"":810}"
         1,         0,         0,   0.003,standalone_exact_mw,127be6187b4f42ce503a2e58abe78322609c231565a94a3f55b4bab680d66d05,"{""distance"":7,""physical_error_rate"":0.01}","{""detection_events"":30,""detectors_checked"":810}"
       256,       120,         0,   0.604,standalone_exact_mw,c8e3fbe760bfc0296557f2a1a7f08c8a211397192ea8a93bca9a56053b40fcc5,"{""distance"":7,""physical_error_rate"":0.5}","{""detection_events"":98225,""detectors_checked"":207360,""obs_mistake_mask=E"":120}"
      1024,         3,         0,   0.130,standalone_exact_mw,ac604fb97cbefca8234024efb37144c861c0ed9870cf9e2c8901bf3b9b1f370f,"{""distance"":7,""physical_error_rate"":0.02}","{""detection_events"":57558,""detectors_checked"":829440,""obs_mistake_mask=E"":3}"
       512,       248,         0,   0.636,standalone_exact_mw,024c0e814a59454fa99ad54ccab3428fff8938705bcf0d5d1f756ea88ca50192,"{""distance"":7,""physical_error_rate"":0.2}","{""detection_events"":153508,""detectors_checked"":414720,""obs_mistake_mask=E"":248}"
      2048,         0,         0,   0.104,standalone_exact_mw,3bd544bb51e006261b45d3a2c996e28fc0c0449411cee5f7deafcd25d9539ebc,"{""distance"":7,""physical_error_rate"":0.001}","{""detection_events"":6360,""detectors_checked"":1658880}"
       272,         0,         0,   0.032,standalone_exact_mw,ac604fb97cbefca8234024efb37144c861c0ed9870cf9e2c8901bf3b9b1f370f,"{""distance"":7,""physical_error_rate"":0.02}","{""detection_events"":15310,""detectors_checked"":220320}"
      4096,         0,         0,   0.226,standalone_exact_mw,ba5ada56442ed2ba457be44e3218b165c8a19e21146c9941e841199e65961aae,"{""distance"":7,""physical_error_rate"":0.0005}","{""detection_events"":6361,""detectors_checked"":3317760}"
       272,         0,         0,   0.115,standalone_exact_mw,ac604fb97cbefca8234024efb37144c861c0ed9870cf9e2c8901bf3b9b1f370f,"{""distance"":7,""physical_error_rate"":0.02}","{""detection_events"":15196,""detectors_checked"":220320}"
      2048,         3,         0,   0.293,standalone_exact_mw,ac604fb97cbefca8234024efb37144c861c0ed9870cf9e2c8901bf3b9b1f370f,"{""distance"":7,""physical_error_rate"":0.02}","{""detection_events"":116141,""detectors_checked"":1658880,""obs_mistake_mask=E"":3}"
      5120,         0,         0,   0.407,standalone_exact_mw,9d8ad86e51451842b54dafc7680d1b486ef291963bb72c70f3cdd570d2d8fa34,"{""distance"":7,""physical_error_rate"":0.002}","{""detection_events"":32293,""detectors_checked"":4147200}"
       272,         0,         0,   0.030,standalone_exact_mw,127be6187b4f42ce503a2e58abe78322609c231565a94a3f55b4bab680d66d05,"{""distance"":7,""physical_error_rate"":0.01}","{""detection_events"":8078,""detectors_checked"":220320}"
      1024,         0,         0,   0.081,standalone_exact_mw,9d8ad86e51451842b54dafc7680d1b486ef291963bb72c70f3cdd570d2d8fa34,"{""distance"":7,""physical_error_rate"":0.002}","{""detection_events"":6384,""detectors_checked"":829440}"
      1024,         0,         0,   0.126,standalone_exact_mw,ba5ada56442ed2ba457be44e3218b165c8a19e21146c9941e841199e65961aae,"{""distance"":7,""physical_error_rate"":0.0005}","{""detection_events"":1655,""detectors_checked"":829440}"
      4096,         0,         0,   0.173,standalone_exact_mw,3bd544bb51e006261b45d3a2c996e28fc0c0449411cee5f7deafcd25d9539ebc,"{""distance"":7,""physical_error_rate"":0.001}","{""detection_events"":12733,""detectors_checked"":3317760}"
      1024,         0,         0,   0.064,standalone_exact_mw,127be6187b4f42ce503a2e58abe78322609c231565a94a3f55b4bab680d66d05,"{""distance"":7,""physical_error_rate"":0.01}","{""detection_events"":30918,""detectors_checked"":829440}"
      1024,         0,         0,   0.069,standalone_exact_mw,127be6187b4f42ce503a2e58abe78322609c231565a94a3f55b4bab680d66d05,"{""distance"":7,""physical_error_rate"":0.01}","{""detection_events"":30524,""detectors_checked"":829440}"
         1,         0,         0,   0.010,standalone_exact_mw,e5383d45c2b34399c539563e7789a53fd4b96cd0b38eade39a3cbfe07ba21ab0,"{""distance"":7,""physical_error_rate"":0.0002}","{""detectors_checked"":810}"
      1024,         0,         0,   0.114,standalone_exact_mw,ba5ada56442ed2ba457be44e3218b165c8a19e21146c9941e841199e65961aae,"{""distance"":7,""physical_error_rate"":0.0005}","{""detection_events"":1612,""detectors_checked"":829440}"
      1024,         1,         0,   0.071,standalone_exact_mw,127be6187b4f42ce503a2e58abe78322609c231565a94a3f55b4bab680d66d05,"{""distance"":7,""physical_error_rate"":0.01}","{""detection_events"":30707,""detectors_checked"":829440,""obs_mistake_mask=E"":1}"
      1024,         0,         0,   0.074,standalone_exact_mw,9d8ad86e51451842b54dafc7680d1b486ef291963bb72c70f3cdd570d2d8fa34,"{""distance"":7,""physical_error_rate"":0.002}","{""detection_events"":6295,""detectors_checked"":829440}"
      1296,         0,         0,   0.080,standalone_exact_mw,3bd544bb51e006261b45d3a2c996e28fc0c0449411cee5f7deafcd25d9539ebc,"{""distance"":7,""physical_error_rate"":0.001}","{""detection_events"":3955,""detectors_checked"":1049760}"
      1024,         0,         0,   0.082,standalone_exact_mw,3bd544bb51e006261b45d3a2c996e28fc0c0449411cee5f7deafcd25d9539ebc,"{""distance"":7,""physical_error_rate"":0.001}","{""detection_events"":3111,""detectors_checked"":829440}"
      1024,         3,         0,   0.119,standalone_exact_mw,ac604fb97cbefca8234024efb37144c861c0ed9870cf9e2c8901bf3b9b1f370f,"{""distance"":7,""physical_error_rate"":0.02}","{""detection_events"":57574,""detectors_checked"":829440,""obs_mistake_mask=E"":3}"
      1024,         0,         0,   0.047,standalone_exact_mw,ba5ada56442ed2ba457be44e3218b165c8a19e21146c9941e841199e65961aae,"{""distance"":7,""physical_error_rate"":0.0005}","{""detection_events"":1639,""detectors_checked"":829440}"
         1,         0,         0,   0.011,standalone_exact_mw,ac604fb97cbefca8234024efb37144c861c0ed9870cf9e2c8901bf3b9b1f370f,"{""distance"":7,""physical_error_rate"":0.02}","{""detection_events"":50,""detectors_checked"":810}"
       273,         0,         0,   0.023,standalone_exact_mw,9d8ad86e51451842b54dafc7680d1b486ef291963bb72c70f3cdd570d2d8fa34,"{""distance"":7,""physical_error_rate"":0.002}","{""detection_events"":1799,""detectors_checked"":221130}"
      5120,         0,         0,   0.488,standalone_exact_mw,6a10a1840a7277b64863681e13d5cb65ed80b6c0c130a71789e1f9b9f94c8771,"{""distance"":7,""physical_error_rate"":0.005}","{""detection_events"":77768,""detectors_checked"":4147200}"
      1296,         0,         0,   0.050,standalone_exact_mw,e5383d45c2b34399c539563e7789a53fd4b96cd0b38eade39a3cbfe07ba21ab0,"{""distance"":7,""physical_error_rate"":0.0002}","{""detection_events"":810,""detectors_checked"":1049760}"
      1024,         1,         0,   0.067,standalone_exact_mw,127be6187b4f42ce503a2e58abe78322609c231565a94a3f55b4bab680d66d05,"{""distance"":7,""physical_error_rate"":0.01}","{""detection_events"":30451,""detectors_checked"":829440,""obs_mistake_mask=E"":1}"
         1,         0,         0,   0.023,standalone_exact_mw,127be6187b4f42ce503a2e58abe78322609c231565a94a3f55b4bab680d66d05,"{""distance"":7,""physical_error_rate"":0.01}","{""detection_events"":52,""detectors_checked"":810}"
      1024,         2,         0,   0.339,standalone_exact_mw,ac604fb97cbefca8234024efb37144c861c0ed9870cf9e2c8901bf3b9b1f370f,"{""distance"":7,""physical_error_rate"":0.02}","{""detection_events"":57802,""detectors_checked"":829440,""obs_mistake_mask=E"":2}"
       512,       284,         0,   0.771,standalone_exact_mw,c8e3fbe760bfc0296557f2a1a7f08c8a211397192ea8a93bca9a56053b40fcc5,"{""distance"":7,""physical_error_rate"":0.5}","{""detection_events"":196179,""detectors_checked"":414720,""obs_mistake_mask=E"":284}"
         1,         0,         0,   0.011,standalone_exact_mw,127be6187b4f42ce503a2e58abe78322609c231565a94a3f55b4bab680d66d05,"{""distance"":7,""physical_error_rate"":0.01}","{""detection_events"":29,""detectors_checked"":810}"
      1024,         1,         0,   0.121,standalone_exact_mw,ac604fb97cbefca8234024efb37144c861c0ed9870cf9e2c8901bf3b9b1f370f,"{""distance"":7,""physical_error_rate"":0.02}","{""detection_events"":58031,""detectors_checked"":829440,""obs_mistake_mask=E"":1}"
      1024,         0,         0,   0.073,standalone_exact_mw,ba5ada56442ed2ba457be44e3218b165c8a19e21146c9941e841199e65961aae,"{""distance"":7,""physical_error_rate"":0.0005}","{""detection_events"":1660,""detectors_checked"":829440}"
      1024,         0,         0,   0.069,standalone_exact_mw,127be6187b4f42ce503a2e58abe78322609c231565a94a3f55b4bab680d66d05,"{""distance"":7,""physical_error_rate"":0.01}","{""detection_events"":30713,""detectors_checked"":829440}"
       272,         1,         0,   0.027,standalone_exact_mw,ac604fb97cbefca8234024efb37144c861c0ed9870cf9e2c8901bf3b9b1f370f,"{""distance"":7,""physical_error_rate"":0.02}","{""detection_events"":15621,""detectors_checked"":220320,""obs_mistake_mask=E"":1}"
      1024,         0,         0,   0.058,standalone_exact_mw,3bd544bb51e006261b45d3a2c996e28fc0c0449411cee5f7deafcd25d9539ebc,"{""distance"":7,""physical_error_rate"":0.001}","{""detection_events"":3223,""detectors_checked"":829440}"
      1024,         0,         0,   0.113,standalone_exact_mw,127be6187b4f42ce503a2e58abe78322609c231565a94a3f55b4bab680d66d05,"{""distance"":7,""physical_error_rate"":0.01}","{""detection_events"":29732,""detectors_checked"":829440}"
      1024,         0,         0,   0.101,standalone_exact_mw,9d8ad86e51451842b54dafc7680d1b486ef291963bb72c70f3cdd570d2d8fa34,"{""distance"":7,""physical_error_rate"":0.002}","{""detection_events"":6485,""detectors_checked"":829440}"
      1024,         0,         0,   0.054,standalone_exact_mw,ba5ada56442ed2ba457be44e3218b165c8a19e21146c9941e841199e65961aae,"{""distance"":7,""physical_error_rate"":0.0005}","{""detection_events"":1679,""detectors_checked"":829440}"
      1024,         0,         0,   0.076,standalone_exact_mw,9d8ad86e51451842b54dafc7680d1b486ef291963bb72c70f3cdd570d2d8fa34,"{""distance"":7,""physical_error_rate"":0.002}","{""detection_events"":6451,""detectors_checked"":829440}"
      1024,         2,         0,   0.139,standalone_exact_mw,ac604fb97cbefca8234024efb37144c861c0ed9870cf9e2c8901bf3b9b1f370f,"{""distance"":7,""physical_error_rate"":0.02}","{""detection_events"":57583,""detectors_checked"":829440,""obs_mistake_mask=E"":2}"
       272,         0,         0,   0.028,standalone_exact_mw,127be6187b4f42ce503a2e58abe78322609c231565a94a3f55b4bab680d66d05,"{""distance"":7,""physical_error_rate"":0.01}","{""detection_events"":7950,""detectors_checked"":220320}"
      1024,         0,         0,   0.051,standalone_exact_mw,e5383d45c2b34399c539563e7789a53fd4b96cd0b38eade39a3cbfe07ba21ab0,"{""distance"":7,""physical_error_rate"":0.0002}","{""detection_events"":671,""detectors_checked"":829440}"
      1024,         0,         0,   0.057,standalone_exact_mw,9d8ad86e51451842b54dafc7680d1b486ef291963bb72c70f3cdd570d2d8fa34,"{""distance"":7,""physical_error_rate"":0.002}","{""detection_events"":6187,""detectors_checked"":829440}"
      1024,         0,         0,   0.229,standalone_exact_mw,6a10a1840a7277b64863681e13d5cb65ed80b6c0c130a71789e1f9b9f94c8771,"{""distance"":7,""physical_error_rate"":0.005}","{""detection_events"":15547,""detectors_checked"":829440}"
      1024,         0,         0,   0.109,standalone_exact_mw,127be6187b4f42ce503a2e58abe78322609c231565a94a3f55b4bab680d66d05,"{""distance"":7,""physical_error_rate"":0.01}","{""detection_events"":30012,""detectors_checked"":829440}"
       272,         0,         0,   0.052,standalone_exact_mw,127be6187b4f42ce503a2e58abe78322609c231565a94a3f55b4bab680d66d05,"{""distance"":7,""physical_error_rate"":0.01}","{""detection_events"":8187,""detectors_checked"":220320}"
         1,         0,         0,   0.011,standalone_exact_mw,9d8ad86e51451842b54dafc7680d1b486ef291963bb72c70f3cdd570d2d8fa34,"{""distance"":7,""physical_error_rate"":0.002}","{""detection_events"":6,""detectors_checked"":810}"
      1024,         0,         0,   0.033,standalone_exact_mw,e5383d45c2b34399c539563e7789a53fd4b96cd0b38eade39a3cbfe07ba21ab0,"{""distance"":7,""physical_error_rate"":0.0002}","{""detection_events"":655,""detectors_checked"":829440}"
      6144,         0,         0,   0.452,standalone_exact_mw,6a10a1840a7277b64863681e13d5cb65ed80b6c0c130a71789e1f9b9f94c8771,"{""distance"":7,""physical_error_rate"":0.005}","{""detection_events"":94228,""detectors_checked"":4976640}"
      1024,         0,         0,   0.058,standalone_exact_mw,3bd544bb51e006261b45d3a2c996e28fc0c0449411cee5f7deafcd25d9539ebc,"{""distance"":7,""physical_error_rate"":0.001}","{""detection_events"":3250,""detectors_checked"":829440}"
      1024,         0,         0,   0.076,standalone_exact_mw,127be6187b4f42ce503a2e58abe78322609c231565a94a3f55b4bab680d66d05,"{""distance"":7,""physical_error_rate"":0.01}","{""detection_events"":30512,""detectors_checked"":829440}"
         1,         0,         0,   0.013,standalone_exact_mw,6a10a1840a7277b64863681e13d5cb65ed80b6c0c130a71789e1f9b9f94c8771,"{""distance"":7,""physical_error_rate"":0.005}","{""detection_events"":11,""detectors_checked"":810}"
      1024,         1,         0,   0.069,standalone_exact_mw,127be6187b4f42ce503a2e58abe78322609c231565a94a3f55b4bab680d66d05,"{""distance"":7,""physical_error_rate"":0.01}","{""detection_events"":30581,""detectors_checked"":829440,""obs_mistake_mask=E"":1}"
      1024,         0,         0,   0.053,standalone_exact_mw,9d8ad86e51451842b54dafc7680d1b486ef291963bb72c70f3cdd570d2d8fa34,"{""distance"":7,""physical_error_rate"":0.002}","{""detection_events"":6369,""detectors_checked"":829440}"
      2048,         0,         0,   0.117,standalone_exact_mw,3bd544bb51e006261b45d3a2c996e28fc0c0449411cee5f7deafcd25d9539ebc,"{""distance"":7,""physical_error_rate"":0.001}","{""detection_events"":6281,""detectors_checked"":1658880}"
      1024,         0,         0,   0.058,standalone_exact_mw,9d8ad86e51451842b54dafc7680d1b486ef291963bb72c70f3cdd570d2d8fa34,"{""distance"":7,""physical_error_rate"":0.002}","{""detection_events"":6557,""detectors_checked"":829440}"
      1024,         0,         0,   0.077,standalone_exact_mw,127be6187b4f42ce503a2e58abe78322609c231565a94a3f55b4bab680d66d05,"{""distance"":7,""physical_error_rate"":0.01}","{""detection_events"":30748,""detectors_checked"":829440}"
      1024,         3,         0,   0.136,standalone_exact_mw,ac604fb97cbefca8234024efb37144c861c0ed9870cf9e2c8901bf3b9b1f370f,"{""distance"":7,""physical_error_rate"":0.02}","{""detection_events"":57565,""detectors_checked"":829440,""obs_mistake_mask=E"":3}"
      1024,         2,         0,   0.102,standalone_exact_mw,ac604fb97cbefca8234024efb37144c861c0ed9870cf9e2c8901bf3b9b1f370f,"{""distance"":7,""physical_error_rate"":0.02}","{""detection_events"":57846,""detectors_checked"":829440,""obs_mistake_mask=E"":2}"
       272,         0,         0,   0.024,standalone_exact_mw,9d8ad86e51451842b54dafc7680d1b486ef291963bb72c70f3cdd570d2d8fa34,"{""distance"":7,""physical_error_rate"":0.002}","{""detection_events"":1793,""detectors_checked"":220320}"
      1024,         0,         0,   0.104,standalone_exact_mw,ba5ada56442ed2ba457be44e3218b165c8a19e21146c9941e841199e65961aae,"{""distance"":7,""physical_error_rate"":0.0005}","{""detection_events"":1645,""detectors_checked"":829440}"
     10240,         0,         0,   0.306,standalone_exact_mw,e5383d45c2b34399c539563e7789a53fd4b96cd0b38eade39a3cbfe07ba21ab0,"{""distance"":7,""physical_error_rate"":0.0002}","{""detection_events"":6468,""detectors_checked"":8294400}"
      1024,         0,         0,   0.051,standalone_exact_mw,e5383d45c2b34399c539563e7789a53fd4b96cd0b38eade39a3cbfe07ba21ab0,"{""distance"":7,""physical_error_rate"":0.0002}","{""detection_events"":610,""detectors_checked"":829440}"
       512,       253,         0,   0.242,standalone_exact_mw,024c0e814a59454fa99ad54ccab3428fff8938705bcf0d5d1f756ea88ca50192,"{""distance"":7,""physical_error_rate"":0.2}","{""detection_events"":152841,""detectors_checked"":414720,""obs_mistake_mask=E"":253}"
      2048,         0,         0,   0.107,standalone_exact_mw,ba5ada56442ed2ba457be44e3218b165c8a19e21146c9941e841199e65961aae,"{""distance"":7,""physical_error_rate"":0.0005}","{""detection_events"":3037,""detectors_checked"":1658880}"
      1024,         0,         0,   0.101,standalone_exact_mw,127be6187b4f42ce503a2e58abe78322609c231565a94a3f55b4bab680d66d05,"{""distance"":7,""physical_error_rate"":0.01}","{""detection_events"":30270,""detectors_checked"":829440}"
       272,         0,         0,   0.049,standalone_exact_mw,6a10a1840a7277b64863681e13d5cb65ed80b6c0c130a71789e1f9b9f94c8771,"{""distance"":7,""physical_error_rate"":0.005}","{""detection_events"":4170,""detectors_checked"":220320}"
      1024,         0,         0,   0.282,standalone_exact_mw,127be6187b4f42ce503a2e58abe78322609c231565a94a3f55b4bab680d66d05,"{""distance"":7,""physical_error_rate"":0.01}","{""detection_events"":30743,""detectors_checked"":829440}"
      1024,         0,         0,   0.047,standalone_exact_mw,9d8ad86e51451842b54dafc7680d1b486ef291963bb72c70f3cdd570d2d8fa34,"{""distance"":7,""physical_error_rate"":0.002}","{""detection_events"":6254,""detectors_checked"":829440}"
      5120,         0,         0,   0.219,standalone_exact_mw,3bd544bb51e006261b45d3a2c996e28fc0c0449411cee5f7deafcd25d9539ebc,"{""distance"":7,""physical_error_rate"":0.001}","{""detection_events"":15689,""detectors_checked"":4147200}"
      1024,         0,         0,   0.053,standalone_exact_mw,9d8ad86e51451842b54dafc7680d1b486ef291963bb72c70f3cdd570d2d8fa34,"{""distance"":7,""physical_error_rate"":0.002}","{""detection_events"":6353,""detectors_checked"":829440}"
      1024,         0,         0,   0.076,standalone_exact_mw,3bd544bb51e006261b45d3a2c996e28fc0c0449411cee5f7deafcd25d9539ebc,"{""distance"":7,""physical_error_rate"":0.001}","{""detection_events"":3313,""detectors_checked"":829440}"
      1024,         2,         0,   0.137,standalone_exact_mw,ac604fb97cbefca8234024efb37144c861c0ed9870cf9e2c8901bf3b9b1f370f,"{""distance"":7,""physical_error_rate"":0.02}","{""detection_events"":57592,""detectors_checked"":829440,""obs_mistake_mask=E"":2}"
      1024,         3,         0,   0.256,standalone_exact_mw,ac604fb97cbefca8234024efb37144c861c0ed9870cf9e2c8901bf3b9b1f370f,"{""distance"":7,""physical_error_rate"":0.02}","{""detection_events"":57156,""detectors_checked"":829440,""obs_mistake_mask=E"":3}"
      1024,         0,         0,   0.132,standalone_exact_mw,9d8ad86e51451842b54dafc7680d1b486ef291963bb72c70f3cdd570d2d8fa34,"{""distance"":7,""physical_error_rate"":0.002}","{""detection_events"":6318,""detectors_checked"":829440}"
      2048,         7,         0,   0.345,standalone_exact_mw,ac604fb97cbefca8234024efb37144c861c0ed9870cf9e2c8901bf3b9b1f370f,"{""distance"":7,""physical_error_rate"":0.02}","{""detection_events"":115086,""detectors_checked"":1658880,""obs_mistake_mask=E"":7}"
      1024,         0,         0,   0.109,standalone_exact_mw,127be6187b4f42ce503a2e58abe78322609c231565a94a3f55b4bab680d66d05,"{""distance"":7,""physical_error_rate"":0.01}","{""detection_events"":30772,""detectors_checked"":829440}"
      1024,         3,         0,   0.130,standalone_exact_mw,ac604fb97cbefca8234024efb37144c861c0ed9870cf9e2c8901bf3b9b1f370f,"{""distance"":7,""physical_error_rate"":0.02}","{""detection_events"":57687,""detectors_checked"":829440,""obs_mistake_mask=E"":3}"
      1024,         0,         0,   0.076,standalone_exact_mw,127be6187b4f42ce503a2e58abe78322609c231565a94a3f55b4bab680d66d05,"{""distance"":7,""physical_error_rate"":0.01}","{""detection_events"":30521,""detectors_checked"":829440}"
       512,       235,         0,   0.728,standalone_exact_mw,c8e3fbe760bfc0296557f2a1a7f08c8a211397192ea8a93bca9a56053b40fcc5,"{""distance"":7,""physical_error_rate"":0.5}","{""detection_events"":196552,""detectors_checked"":414720,""obs_mistake_mask=E"":235}"
      1024,         0,         0,   0.055,standalone_exact_mw,e5383d45c2b34399c539563e7789a53fd4b96cd0b38eade39a3cbfe07ba21ab0,"{""distance"":7,""physical_error_rate"":0.0002}","{""detection_events"":668,""detectors_checked"":829440}"
      1024,         0,         0,   0.076,standalone_exact_mw,127be6187b4f42ce503a2e58abe78322609c231565a94a3f55b4bab680d66d05,"{""distance"":7,""physical_error_rate"":0.01}","{""detection_events"":30379,""detectors_checked"":829440}"
      1024,         0,         0,   0.068,standalone_exact_mw,9d8ad86e51451842b54dafc7680d1b486ef291963bb72c70f3cdd570d2d8fa34,"{""distance"":7,""physical_error_rate"":0.002}","{""detection_events"":6575,""detectors_checked"":829440}"
      1024,         0,         0,   0.099,standalone_exact_mw,127be6187b4f42ce503a2e58abe78322609c231565a94a3f55b4bab680d66d05,"{""distance"":7,""physical_error_rate"":0.01}","{""detection_events"":30386,""detectors_checked"":829440}"
      1024,         0,         0,   0.078,standalone_exact_mw,ba5ada56442ed2ba457be44e3218b165c8a19e21146c9941e841199e65961aae,"{""distance"":7,""physical_error_rate"":0.0005}","{""detection_events"":1671,""detectors_checked"":829440}"
      1024,         0,         0,   0.058,standalone_exact_mw,9d8ad86e51451842b54dafc7680d1b486ef291963bb72c70f3cdd570d2d8fa34,"{""distance"":7,""physical_error_rate"":0.002}","{""detection_events"":6441,""detectors_checked"":829440}"
      1024,         0,         0,   0.058,standalone_exact_mw,3bd544bb51e006261b45d3a2c996e28fc0c0449411cee5f7deafcd25d9539ebc,"{""distance"":7,""physical_error_rate"":0.001}","{""detection_events"":3132,""detectors_checked"":829440}"
       273,         0,         0,   0.031,standalone_exact_mw,ac604fb97cbefca8234024efb37144c861c0ed9870cf9e2c8901bf3b9b1f370f,"{""distance"":7,""physical_error_rate"":0.02}","{""detection_events"":15481,""detectors_checked"":221130}"
      1024,         0,         0,   0.085,standalone_exact_mw,127be6187b4f42ce503a2e58abe78322609c231565a94a3f55b4bab680d66d05,"{""distance"":7,""physical_error_rate"":0.01}","{""detection_events"":30758,""detectors_checked"":829440}"
       512,       250,         0,   0.560,standalone_exact_mw,024c0e814a59454fa99ad54ccab3428fff8938705bcf0d5d1f756ea88ca50192,"{""distance"":7,""physical_error_rate"":0.2}","{""detection_events"":153164,""detectors_checked"":414720,""obs_mistake_mask=E"":250}"
      1024,         0,         0,   0.081,standalone_exact_mw,6a10a1840a7277b64863681e13d5cb65ed80b6c0c130a71789e1f9b9f94c8771,"{""distance"":7,""physical_error_rate"":0.005}","{""detection_events"":15481,""detectors_checked"":829440}"
      1024,         2,         0,   0.126,standalone_exact_mw,ac604fb97cbefca8234024efb37144c861c0ed9870cf9e2c8901bf3b9b1f370f,"{""distance"":7,""physical_error_rate"":0.02}","{""detection_events"":57932,""detectors_checked"":829440,""obs_mistake_mask=E"":2}"
      7168,         0,         0,   0.321,standalone_exact_mw,ba5ada56442ed2ba457be44e3218b165c8a19e21146c9941e841199e65961aae,"{""distance"":7,""physical_error_rate"":0.0005}","{""detection_events"":11064,""detectors_checked"":5806080}"
         1,         0,         0,   0.009,standalone_exact_mw,3bd544bb51e006261b45d3a2c996e28fc0c0449411cee5f7deafcd25d9539ebc,"{""distance"":7,""physical_error_rate"":0.001}","{""detection_events"":8,""detectors_checked"":810}"
      7168,         0,         0,   0.452,standalone_exact_mw,3bd544bb51e006261b45d3a2c996e28fc0c0449411cee5f7deafcd25d9539ebc,"{""distance"":7,""physical_error_rate"":0.001}","{""detection_events"":22727,""detectors_checked"":5806080}"
      2048,         0,         0,   0.094,standalone_exact_mw,9d8ad86e51451842b54dafc7680d1b486ef291963bb72c70f3cdd570d2d8fa34,"{""distance"":7,""physical_error_rate"":0.002}","{""detection_events"":12685,""detectors_checked"":1658880}"
      1024,         0,         0,   0.063,standalone_exact_mw,127be6187b4f42ce503a2e58abe78322609c231565a94a3f55b4bab680d66d05,"{""distance"":7,""physical_error_rate"":0.01}","{""detection_events"":30371,""detectors_checked"":829440}"
      3072,         0,         0,   0.111,standalone_exact_mw,ba5ada56442ed2ba457be44e3218b165c8a19e21146c9941e841199e65961aae,"{""distance"":7,""physical_error_rate"":0.0005}","{""detection_events"":4761,""detectors_checked"":2488320}"
      1024,         0,         0,   0.057,standalone_exact_mw,9d8ad86e51451842b54dafc7680d1b486ef291963bb72c70f3cdd570d2d8fa34,"{""distance"":7,""physical_error_rate"":0.002}","{""detection_events"":6487,""detectors_checked"":829440}"
      3072,         0,         0,   0.083,standalone_exact_mw,e5383d45c2b34399c539563e7789a53fd4b96cd0b38eade39a3cbfe07ba21ab0,"{""distance"":7,""physical_error_rate"":0.0002}","{""detection_events"":1940,""detectors_checked"":2488320}"
       272,         0,         0,   0.030,standalone_exact_mw,3bd544bb51e006261b45d3a2c996e28fc0c0449411cee5f7deafcd25d9539ebc,"{""distance"":7,""physical_error_rate"":0.001}","{""detection_events"":867,""detectors_checked"":220320}"
      1024,         0,         0,   0.108,standalone_exact_mw,127be6187b4f42ce503a2e58abe78322609c231565a94a3f55b4bab680d66d05,"{""distance"":7,""physical_error_rate"":0.01}","{""detection_events"":30065,""detectors_checked"":829440}"
      1024,         0,         0,   0.088,standalone_exact_mw,9d8ad86e51451842b54dafc7680d1b486ef291963bb72c70f3cdd570d2d8fa34,"{""distance"":7,""physical_error_rate"":0.002}","{""detection_events"":6269,""detectors_checked"":829440}"
      3072,         0,         0,   0.181,standalone_exact_mw,3bd544bb51e006261b45d3a2c996e28fc0c0449411cee5f7deafcd25d9539ebc,"{""distance"":7,""physical_error_rate"":0.001}","{""detection_events"":9507,""detectors_checked"":2488320}"
       273,         0,         0,   0.023,standalone_exact_mw,9d8ad86e51451842b54dafc7680d1b486ef291963bb72c70f3cdd570d2d8fa34,"{""distance"":7,""physical_error_rate"":0.002}","{""detection_events"":1633,""detectors_checked"":221130}"
      1024,         0,         0,   0.237,standalone_exact_mw,6a10a1840a7277b64863681e13d5cb65ed80b6c0c130a71789e1f9b9f94c8771,"{""distance"":7,""physical_error_rate"":0.005}","{""detection_events"":15718,""detectors_checked"":829440}"
      1024,         2,         0,   0.278,standalone_exact_mw,ac604fb97cbefca8234024efb37144c861c0ed9870cf9e2c8901bf3b9b1f370f,"{""distance"":7,""physical_error_rate"":0.02}","{""detection_events"":57122,""detectors_checked"":829440,""obs_mistake_mask=E"":2}"
      2048,         4,         0,   0.176,standalone_exact_mw,ac604fb97cbefca8234024efb37144c861c0ed9870cf9e2c8901bf3b9b1f370f,"{""distance"":7,""physical_error_rate"":0.02}","{""detection_events"":115414,""detectors_checked"":1658880,""obs_mistake_mask=E"":4}"
      1024,         2,         0,   0.137,standalone_exact_mw,ac604fb97cbefca8234024efb37144c861c0ed9870cf9e2c8901bf3b9b1f370f,"{""distance"":7,""physical_error_rate"":0.02}","{""detection_events"":58013,""detectors_checked"":829440,""obs_mistake_mask=E"":2}"
      1024,         0,         0,   0.240,standalone_exact_mw,127be6187b4f42ce503a2e58abe78322609c231565a94a3f55b4bab680d66d05,"{""distance"":7,""physical_error_rate"":0.01}","{""detection_events"":30512,""detectors_checked"":829440}"
      7168,         1,         0,   0.417,standalone_exact_mw,127be6187b4f42ce503a2e58abe78322609c231565a94a3f55b4bab680d66d05,"{""distance"":7,""physical_error_rate"":0.01}","{""detection_events"":212579,""detectors_checked"":5806080,""obs_mistake_mask=E"":1}"
       512,       251,         0,   0.540,standalone_exact_mw,024c0e814a59454fa99ad54ccab3428fff8938705bcf0d5d1f756ea88ca50192,"{""distance"":7,""physical_error_rate"":0.2}","{""detection_events"":153294,""detectors_checked"":414720,""obs_mistake_mask=E"":251}"
      1024,         0,         0,   0.126,standalone_exact_mw,127be6187b4f42ce503a2e58abe78322609c231565a94a3f55b4bab680d66d05,"{""distance"":7,""physical_error_rate"":0.01}","{""detection_events"":30733,""detectors_checked"":829440}"
      1024,         1,         0,   0.136,standalone_exact_mw,ac604fb97cbefca8234024efb37144c861c0ed9870cf9e2c8901bf3b9b1f370f,"{""distance"":7,""physical_error_rate"":0.02}","{""detection_events"":57789,""detectors_checked"":829440,""obs_mistake_mask=E"":1}"
      1024,         2,         0,   0.085,standalone_exact_mw,ac604fb97cbefca8234024efb37144c861c0ed9870cf9e2c8901bf3b9b1f370f,"{""distance"":7,""physical_error_rate"":0.02}","{""detection_events"":57463,""detectors_checked"":829440,""obs_mistake_mask=E"":2}"
      2048,         0,         0,   0.145,standalone_exact_mw,127be6187b4f42ce503a2e58abe78322609c231565a94a3f55b4bab680d66d05,"{""distance"":7,""physical_error_rate"":0.01}","{""detection_events"":59910,""detectors_checked"":1658880}"
      2048,         0,         0,   0.111,standalone_exact_mw,3bd544bb51e006261b45d3a2c996e28fc0c0449411cee5f7deafcd25d9539ebc,"{""distance"":7,""physical_error_rate"":0.001}","{""detection_events"":6452,""detectors_checked"":1658880}"
       273,         0,         0,   0.032,standalone_exact_mw,e5383d45c2b34399c539563e7789a53fd4b96cd0b38eade39a3cbfe07ba21ab0,"{""distance"":7,""physical_error_rate"":0.0002}","{""detection_events"":126,""detectors_checked"":221130}"
      1024,         0,         0,   0.057,standalone_exact_mw,9d8ad86e51451842b54dafc7680d1b486ef291963bb72c70f3cdd570d2d8fa34,"{""distance"":7,""physical_error_rate"":0.002}","{""detection_events"":6259,""detectors_checked"":829440}"
      1024,         0,         0,   0.074,standalone_exact_mw,9d8ad86e51451842b54dafc7680d1b486ef291963bb72c70f3cdd570d2d8fa34,"{""distance"":7,""physical_error_rate"":0.002}","{""detection_events"":6542,""detectors_checked"":829440}"
      3072,         7,         0,   0.445,standalone_exact_mw,ac604fb97cbefca8234024efb37144c861c0ed9870cf9e2c8901bf3b9b1f370f,"{""distance"":7,""physical_error_rate"":0.02}","{""detection_events"":173824,""detectors_checked"":2488320,""obs_mistake_mask=E"":7}"
      1024,         2,         0,   0.196,standalone_exact_mw,ac604fb97cbefca8234024efb37144c861c0ed9870cf9e2c8901bf3b9b1f370f,"{""distance"":7,""physical_error_rate"":0.02}","{""detection_events"":57673,""detectors_checked"":829440,""obs_mistake_mask=E"":2}"
      1024,         0,         0,   0.123,standalone_exact_mw,6a10a1840a7277b64863681e13d5cb65ed80b6c0c130a71789e1f9b9f94c8771,"{""distance"":7,""physical_error_rate"":0.005}","{""detection_events"":16046,""detectors_checked"":829440}"
      1024,         0,         0,   0.087,standalone_exact_mw,127be6187b4f42ce503a2e58abe78322609c231565a94a3f55b4bab680d66d05,"{""distance"":7,""physical_error_rate"":0.01}","{""detection_events"":30364,""detectors_checked"":829440}"
      1024,         0,         0,   0.090,standalone_exact_mw,3bd544bb51e006261b45d3a2c996e28fc0c0449411cee5f7deafcd25d9539ebc,"{""distance"":7,""physical_error_rate"":0.001}","{""detection_events"":3162,""detectors_checked"":829440}"
      2048,         0,         0,   0.119,standalone_exact_mw,9d8ad86e51451842b54dafc7680d1b486ef291963bb72c70f3cdd570d2d8fa34,"{""distance"":7,""physical_error_rate"":0.002}","{""detection_events"":12521,""detectors_checked"":1658880}"
      1024,         0,         0,   0.224,standalone_exact_mw,127be6187b4f42ce503a2e58abe78322609c231565a94a3f55b4bab680d66d05,"{""distance"":7,""physical_error_rate"":0.01}","{""detection_events"":30347,""detectors_checked"":829440}"
     13312,         0,         0,   0.574,standalone_exact_mw,ba5ada56442ed2ba457be44e3218b165c8a19e21146c9941e841199e65961aae,"{""distance"":7,""physical_error_rate"":0.0005}","{""detection_events"":20934,""detectors_checked"":10782720}"
      1024,         0,         0,   0.209,standalone_exact_mw,9d8ad86e51451842b54dafc7680d1b486ef291963bb72c70f3cdd570d2d8fa34,"{""distance"":7,""physical_error_rate"":0.002}","{""detection_events"":6460,""detectors_checked"":829440}"
      2048,         0,         0,   0.108,standalone_exact_mw,9d8ad86e51451842b54dafc7680d1b486ef291963bb72c70f3cdd570d2d8fa34,"{""distance"":7,""physical_error_rate"":0.002}","{""detection_events"":12967,""detectors_checked"":1658880}"
      2048,         0,         0,   0.190,standalone_exact_mw,ba5ada56442ed2ba457be44e3218b165c8a19e21146c9941e841199e65961aae,"{""distance"":7,""physical_error_rate"":0.0005}","{""detection_events"":3106,""detectors_checked"":1658880}"
      2048,         1,         0,   0.140,standalone_exact_mw,127be6187b4f42ce503a2e58abe78322609c231565a94a3f55b4bab680d66d05,"{""distance"":7,""physical_error_rate"":0.01}","{""detection_events"":61465,""detectors_checked"":1658880,""obs_mistake_mask=E"":1}"
      4096,         0,         0,   0.121,standalone_exact_mw,e5383d45c2b34399c539563e7789a53fd4b96cd0b38eade39a3cbfe07ba21ab0,"{""distance"":7,""physical_error_rate"":0.0002}","{""detection_events"":2621,""detectors_checked"":3317760}"
      1024,         0,         0,   0.052,standalone_exact_mw,9d8ad86e51451842b54dafc7680d1b486ef291963bb72c70f3cdd570d2d8fa34,"{""distance"":7,""physical_error_rate"":0.002}","{""detection_events"":6248,""detectors_checked"":829440}"
      1024,         0,         0,   0.163,standalone_exact_mw,127be6187b4f42ce503a2e58abe78322609c231565a94a3f55b4bab680d66d05,"{""distance"":7,""physical_error_rate"":0.01}","{""detection_events"":30432,""detectors_checked"":829440}"
      1024,         1,         0,   0.104,standalone_exact_mw,ac604fb97cbefca8234024efb37144c861c0ed9870cf9e2c8901bf3b9b1f370f,"{""distance"":7,""physical_error_rate"":0.02}","{""detection_events"":57905,""detectors_checked"":829440,""obs_mistake_mask=E"":1}"
      1024,         0,         0,   0.077,standalone_exact_mw,127be6187b4f42ce503a2e58abe78322609c231565a94a3f55b4bab680d66d05,"{""distance"":7,""physical_error_rate"":0.01}","{""detection_events"":30592,""detectors_checked"":829440}"
      1024,         0,         0,   0.054,standalone_exact_mw,9d8ad86e51451842b54dafc7680d1b486ef291963bb72c70f3cdd570d2d8fa34,"{""distance"":7,""physical_error_rate"":0.002}","{""detection_events"":6299,""detectors_checked"":829440}"
       273,         0,         0,   0.023,standalone_exact_mw,9d8ad86e51451842b54dafc7680d1b486ef291963bb72c70f3cdd570d2d8fa34,"{""distance"":7,""physical_error_rate"":0.002}","{""detection_events"":1682,""detectors_checked"":221130}"
         1,         0,         0,   0.011,standalone_exact_mw,127be6187b4f42ce503a2e58abe78322609c231565a94a3f55b4bab680d66d05,"{""distance"":7,""physical_error_rate"":0.01}","{""detection_events"":34,""detectors_checked"":810}"
      1024,         3,         0,   0.106,standalone_exact_mw,ac604fb97cbefca8234024efb37144c861c0ed9870cf9e2c8901bf3b9b1f370f,"{""distance"":7,""physical_error_rate"":0.02}","{""detection_events"":57573,""detectors_checked"":829440,""obs_mistake_mask=E"":3}"
      5120,         0,         0,   0.181,standalone_exact_mw,ba5ada56442ed2ba457be44e3218b165c8a19e21146c9941e841199e65961aae,"{""distance"":7,""physical_error_rate"":0.0005}","{""detection_events"":7906,""detectors_checked"":4147200}"
     10240,         0,         0,   0.583,standalone_exact_mw,3bd544bb51e006261b45d3a2c996e28fc0c0449411cee5f7deafcd25d9539ebc,"{""distance"":7,""physical_error_rate"":0.001}","{""detection_events"":32057,""detectors_checked"":8294400}"
       272,         0,         0,   0.021,standalone_exact_mw,127be6187b4f42ce503a2e58abe78322609c231565a94a3f55b4bab680d66d05,"{""distance"":7,""physical_error_rate"":0.01}","{""detection_events"":8204,""detectors_checked"":220320}"
      1024,         0,         0,   0.057,standalone_exact_mw,9d8ad86e51451842b54dafc7680d1b486ef291963bb72c70f3cdd570d2d8fa34,"{""distance"":7,""physical_error_rate"":0.002}","{""detection_events"":6343,""detectors_checked"":829440}"
      1024,         0,         0,   0.092,standalone_exact_mw,3bd544bb51e006261b45d3a2c996e28fc0c0449411cee5f7deafcd25d9539ebc,"{""distance"":7,""physical_error_rate"":0.001}","{""detection_events"":3280,""detectors_checked"":829440}"
      1024,         2,         0,   0.099,standalone_exact_mw,ac604fb97cbefca8234024efb37144c861c0ed9870cf9e2c8901bf3b9b1f370f,"{""distance"":7,""physical_error_rate"":0.02}","{""detection_events"":57574,""detectors_checked"":829440,""obs_mistake_mask=E"":2}"
      1024,         2,         0,   0.225,standalone_exact_mw,ac604fb97cbefca8234024efb37144c861c0ed9870cf9e2c8901bf3b9b1f370f,"{""distance"":7,""physical_error_rate"":0.02}","{""detection_events"":57931,""detectors_checked"":829440,""obs_mistake_mask=E"":2}"
      1024,         1,         0,   0.136,standalone_exact_mw,ac604fb97cbefca8234024efb37144c861c0ed9870cf9e2c8901bf3b9b1f370f,"{""distance"":7,""physical_error_rate"":0.02}","{""detection_events"":57801,""detectors_checked"":829440,""obs_mistake_mask=E"":1}"
      1024,         0,         0,   0.124,standalone_exact_mw,e5383d45c2b34399c539563e7789a53fd4b96cd0b38eade39a3cbfe07ba21ab0,"{""distance"":7,""physical_error_rate"":0.0002}","{""detection_events"":604,""detectors_checked"":829440}"
      1297,         0,         0,   0.037,standalone_exact_mw,ba5ada56442ed2ba457be44e3218b165c8a19e21146c9941e841199e65961aae,"{""distance"":7,""physical_error_rate"":0.0005}","{""detection_events"":2073,""detectors_checked"":1050570}"
      7168,         0,         0,   0.311,standalone_exact_mw,3bd544bb51e006261b45d3a2c996e28fc0c0449411cee5f7deafcd25d9539ebc,"{""distance"":7,""physical_error_rate"":0.001}","{""detection_events"":22315,""detectors_checked"":5806080}"
       273,         0,         0,   0.017,standalone_exact_mw,ac604fb97cbefca8234024efb37144c861c0ed9870cf9e2c8901bf3b9b1f370f,"{""distance"":7,""physical_error_rate"":0.02}","{""detection_events"":15528,""detectors_checked"":221130}"
      3072,         0,         0,   0.133,standalone_exact_mw,3bd544bb51e006261b45d3a2c996e28fc0c0449411cee5f7deafcd25d9539ebc,"{""distance"":7,""physical_error_rate"":0.001}","{""detection_events"":9719,""detectors_checked"":2488320}"
      2048,         6,         0,   0.192,standalone_exact_mw,ac604fb97cbefca8234024efb37144c861c0ed9870cf9e2c8901bf3b9b1f370f,"{""distance"":7,""physical_error_rate"":0.02}","{""detection_events"":115413,""detectors_checked"":1658880,""obs_mistake_mask=E"":6}"
      1024,         0,         0,   0.053,standalone_exact_mw,9d8ad86e51451842b54dafc7680d1b486ef291963bb72c70f3cdd570d2d8fa34,"{""distance"":7,""physical_error_rate"":0.002}","{""detection_events"":6581,""detectors_checked"":829440}"
      6144,         0,         0,   0.707,standalone_exact_mw,ba5ada56442ed2ba457be44e3218b165c8a19e21146c9941e841199e65961aae,"{""distance"":7,""physical_error_rate"":0.0005}","{""detection_events"":9659,""detectors_checked"":4976640}"
     20480,         0,         0,   0.576,standalone_exact_mw,9d8ad86e51451842b54dafc7680d1b486ef291963bb72c70f3cdd570d2d8fa34,"{""distance"":7,""physical_error_rate"":0.002}","{""detection_events"":127301,""detectors_checked"":16588800}"
      1024,         0,         0,   0.135,standalone_exact_mw,6a10a1840a7277b64863681e13d5cb65ed80b6c0c130a71789e1f9b9f94c8771,"{""distance"":7,""physical_error_rate"":0.005}","{""detection_events"":15326,""detectors_checked"":829440}"
      1024,         1,         0,   0.099,standalone_exact_mw,ac604fb97cbefca8234024efb37144c861c0ed9870cf9e2c8901bf3b9b1f370f,"{""distance"":7,""physical_error_rate"":0.02}","{""detection_events"":57745,""detectors_checked"":829440,""obs_mistake_mask=E"":1}"
      1024,         0,         0,   0.038,standalone_exact_mw,ba5ada56442ed2ba457be44e3218b165c8a19e21146c9941e841199e65961aae,"{""distance"":7,""physical_error_rate"":0.0005}","{""detection_events"":1580,""detectors_checked"":829440}"
      5120,         0,         0,   0.220,standalone_exact_mw,3bd544bb51e006261b45d3a2c996e28fc0c0449411cee5f7deafcd25d9539ebc,"{""distance"":7,""physical_error_rate"":0.001}","{""detection_events"":15569,""detectors_checked"":4147200}"
      1024,         1,         0,   0.045,standalone_exact_mw,ac604fb97cbefca8234024efb37144c861c0ed9870cf9e2c8901bf3b9b1f370f,"{""distance"":7,""physical_error_rate"":0.02}","{""detection_events"":56675,""detectors_checked"":829440,""obs_mistake_mask=E"":1}"
         1,         0,         0,   0.002,standalone_exact_mw,3bd544bb51e006261b45d3a2c996e28fc0c0449411cee5f7deafcd25d9539ebc,"{""distance"":7,""physical_error_rate"":0.001}","{""detection_events"":7,""detectors_checked"":810}"
      1024,         0,         0,   0.073,standalone_exact_mw,9d8ad86e51451842b54dafc7680d1b486ef291963bb72c70f3cdd570d2d8fa34,"{""distance"":7,""physical_error_rate"":0.002}","{""detection_events"":6479,""detectors_checked"":829440}"
        16,         0,         0,   0.002,standalone_exact_mw,3bd544bb51e006261b45d3a2c996e28fc0c0449411cee5f7deafcd25d9539ebc,"{""distance"":7,""physical_error_rate"":0.001}","{""detection_events"":70,""detectors_checked"":12960}"
      1024,         0,         0,   0.048,standalone_exact_mw,9d8ad86e51451842b54dafc7680d1b486ef291963bb72c70f3cdd570d2d8fa34,"{""distance"":7,""physical_error_rate"":0.002}","{""detection_events"":6437,""detectors_checked"":829440}"
      1024,         0,         0,   0.078,standalone_exact_mw,127be6187b4f42ce503a2e58abe78322609c231565a94a3f55b4bab680d66d05,"{""distance"":7,""physical_error_rate"":0.01}","{""detection_events"":29923,""detectors_checked"":829440}"
      2048,         0,         0,   0.153,standalone_exact_mw,127be6187b4f42ce503a2e58abe78322609c231565a94a3f55b4bab680d66d05,"{""distance"":7,""physical_error_rate"":0.01}","{""detection_events"":60559,""detectors_checked"":1658880}"
      3072,         0,         0,   0.160,standalone_exact_mw,9d8ad86e51451842b54dafc7680d1b486ef291963bb72c70f3cdd570d2d8fa34,"{""distance"":7,""physical_error_rate"":0.002}","{""detection_events"":19524,""detectors_checked"":2488320}"
      3072,         5,         0,   0.361,standalone_exact_mw,ac604fb97cbefca8234024efb37144c861c0ed9870cf9e2c8901bf3b9b1f370f,"{""distance"":7,""physical_error_rate"":0.02}","{""detection_events"":172986,""detectors_checked"":2488320,""obs_mistake_mask=E"":5}"
      2048,         0,         0,   0.117,standalone_exact_mw,9d8ad86e51451842b54dafc7680d1b486ef291963bb72c70f3cdd570d2d8fa34,"{""distance"":7,""physical_error_rate"":0.002}","{""detection_events"":12846,""detectors_checked"":1658880}"
      5120,         0,         0,   0.157,standalone_exact_mw,e5383d45c2b34399c539563e7789a53fd4b96cd0b38eade39a3cbfe07ba21ab0,"{""distance"":7,""physical_error_rate"":0.0002}","{""detection_events"":3095,""detectors_checked"":4147200}"
      1024,         0,         0,   0.157,standalone_exact_mw,127be6187b4f42ce503a2e58abe78322609c231565a94a3f55b4bab680d66d05,"{""distance"":7,""physical_error_rate"":0.01}","{""detection_events"":30454,""detectors_checked"":829440}"
      1024,         3,         0,   0.086,standalone_exact_mw,ac604fb97cbefca8234024efb37144c861c0ed9870cf9e2c8901bf3b9b1f370f,"{""distance"":7,""physical_error_rate"":0.02}","{""detection_events"":57280,""detectors_checked"":829440,""obs_mistake_mask=E"":3}"
      1024,         0,         0,   0.237,standalone_exact_mw,6a10a1840a7277b64863681e13d5cb65ed80b6c0c130a71789e1f9b9f94c8771,"{""distance"":7,""physical_error_rate"":0.005}","{""detection_events"":15510,""detectors_checked"":829440}"
         1,         0,         0,   0.014,standalone_exact_mw,6a10a1840a7277b64863681e13d5cb65ed80b6c0c130a71789e1f9b9f94c8771,"{""distance"":7,""physical_error_rate"":0.005}","{""detection_events"":15,""detectors_checked"":810}"
      2048,         1,         0,   0.146,standalone_exact_mw,127be6187b4f42ce503a2e58abe78322609c231565a94a3f55b4bab680d66d05,"{""distance"":7,""physical_error_rate"":0.01}","{""detection_events"":60612,""detectors_checked"":1658880,""obs_mistake_mask=E"":1}"
      3072,         0,         0,   0.156,standalone_exact_mw,9d8ad86e51451842b54dafc7680d1b486ef291963bb72c70f3cdd570d2d8fa34,"{""distance"":7,""physical_error_rate"":0.002}","{""detection_events"":18803,""detectors_checked"":2488320}"
      1024,         0,         0,   0.038,standalone_exact_mw,ba5ada56442ed2ba457be44e3218b165c8a19e21146c9941e841199e65961aae,"{""distance"":7,""physical_error_rate"":0.0005}","{""detection_events"":1592,""detectors_checked"":829440}"
      1024,         0,         0,   0.085,standalone_exact_mw,3bd544bb51e006261b45d3a2c996e28fc0c0449411cee5f7deafcd25d9539ebc,"{""distance"":7,""physical_error_rate"":0.001}","{""detection_events"":3216,""detectors_checked"":829440}"
      9216,         0,         0,   0.570,standalone_exact_mw,6a10a1840a7277b64863681e13d5cb65ed80b6c0c130a71789e1f9b9f94c8771,"{""distance"":7,""physical_error_rate"":0.005}","{""detection_events"":140056,""detectors_checked"":7464960}"
      1024,         3,         0,   0.045,standalone_exact_mw,ac604fb97cbefca8234024efb37144c861c0ed9870cf9e2c8901bf3b9b1f370f,"{""distance"":7,""physical_error_rate"":0.02}","{""detection_events"":57421,""detectors_checked"":829440,""obs_mistake_mask=E"":3}"
       272,         0,         0,   0.010,standalone_exact_mw,6a10a1840a7277b64863681e13d5cb65ed80b6c0c130a71789e1f9b9f94c8771,"{""distance"":7,""physical_error_rate"":0.005}","{""detection_events"":4331,""detectors_checked"":220320}"
         1,         0,         0,   0.019,standalone_exact_mw,ba5ada56442ed2ba457be44e3218b165c8a19e21146c9941e841199e65961aae,"{""distance"":7,""physical_error_rate"":0.0005}","{""detectors_checked"":810}"
      2048,         0,         0,   0.169,standalone_exact_mw,127be6187b4f42ce503a2e58abe78322609c231565a94a3f55b4bab680d66d05,"{""distance"":7,""physical_error_rate"":0.01}","{""detection_events"":60899,""detectors_checked"":1658880}"
         1,         0,         0,   0.010,standalone_exact_mw,e5383d45c2b34399c539563e7789a53fd4b96cd0b38eade39a3cbfe07ba21ab0,"{""distance"":7,""physical_error_rate"":0.0002}","{""detectors_checked"":810}"
        17,         0,         0,   0.011,standalone_exact_mw,3bd544bb51e006261b45d3a2c996e28fc0c0449411cee5f7deafcd25d9539ebc,"{""distance"":7,""physical_error_rate"":0.001}","{""detection_events"":44,""detectors_checked"":13770}"
      1024,         0,         0,   0.110,standalone_exact_mw,e5383d45c2b34399c539563e7789a53fd4b96cd0b38eade39a3cbfe07ba21ab0,"{""distance"":7,""physical_error_rate"":0.0002}","{""detection_events"":619,""detectors_checked"":829440}"
      3072,         0,         0,   0.177,standalone_exact_mw,ba5ada56442ed2ba457be44e3218b165c8a19e21146c9941e841199e65961aae,"{""distance"":7,""physical_error_rate"":0.0005}","{""detection_events"":4784,""detectors_checked"":2488320}"
      3072,         1,         0,   0.247,standalone_exact_mw,127be6187b4f42ce503a2e58abe78322609c231565a94a3f55b4bab680d66d05,"{""distance"":7,""physical_error_rate"":0.01}","{""detection_events"":91628,""detectors_checked"":2488320,""obs_mistake_mask=E"":1}"
      1024,         3,         0,   0.122,standalone_exact_mw,ac604fb97cbefca8234024efb37144c861c0ed9870cf9e2c8901bf3b9b1f370f,"{""distance"":7,""physical_error_rate"":0.02}","{""detection_events"":58138,""detectors_checked"":829440,""obs_mistake_mask=E"":3}"
      8192,         0,         0,   0.459,standalone_exact_mw,e5383d45c2b34399c539563e7789a53fd4b96cd0b38eade39a3cbfe07ba21ab0,"{""distance"":7,""physical_error_rate"":0.0002}","{""detection_events"":5113,""detectors_checked"":6635520}"
      1024,         0,         0,   0.028,standalone_exact_mw,ba5ada56442ed2ba457be44e3218b165c8a19e21146c9941e841199e65961aae,"{""distance"":7,""physical_error_rate"":0.0005}","{""detection_events"":1662,""detectors_checked"":829440}"
      1024,         2,         0,   0.127,standalone_exact_mw,ac604fb97cbefca8234024efb37144c861c0ed9870cf9e2c8901bf3b9b1f370f,"{""distance"":7,""physical_error_rate"":0.02}","{""detection_events"":58309,""detectors_checked"":829440,""obs_mistake_mask=E"":2}"
      1024,         0,         0,   0.057,standalone_exact_mw,9d8ad86e51451842b54dafc7680d1b486ef291963bb72c70f3cdd570d2d8fa34,"{""distance"":7,""physical_error_rate"":0.002}","{""detection_events"":6478,""detectors_checked"":829440}"
      1024,         0,         0,   0.051,standalone_exact_mw,9d8ad86e51451842b54dafc7680d1b486ef291963bb72c70f3cdd570d2d8fa34,"{""distance"":7,""physical_error_rate"":0.002}","{""detection_events"":6385,""detectors_checked"":829440}"
      1280,         0,         0,   0.066,standalone_exact_mw,3bd544bb51e006261b45d3a2c996e28fc0c0449411cee5f7deafcd25d9539ebc,"{""distance"":7,""physical_error_rate"":0.001}","{""detection_events"":4115,""detectors_checked"":1036800}"
      1296,         0,         0,   0.034,standalone_exact_mw,e5383d45c2b34399c539563e7789a53fd4b96cd0b38eade39a3cbfe07ba21ab0,"{""distance"":7,""physical_error_rate"":0.0002}","{""detection_events"":780,""detectors_checked"":1049760}"
      3072,         6,         0,   0.173,standalone_exact_mw,ac604fb97cbefca8234024efb37144c861c0ed9870cf9e2c8901bf3b9b1f370f,"{""distance"":7,""physical_error_rate"":0.02}","{""detection_events"":173242,""detectors_checked"":2488320,""obs_mistake_mask=E"":6}"
      1024,         0,         0,   0.045,standalone_exact_mw,ac604fb97cbefca8234024efb37144c861c0ed9870cf9e2c8901bf3b9b1f370f,"{""distance"":7,""physical_error_rate"":0.02}","{""detection_events"":57268,""detectors_checked"":829440}"
         1,         0,         0,   0.014,standalone_exact_mw,6a10a1840a7277b64863681e13d5cb65ed80b6c0c130a71789e1f9b9f94c8771,"{""distance"":7,""physical_error_rate"":0.005}","{""detection_events"":10,""detectors_checked"":810}"
      1280,         0,         0,   0.047,standalone_exact_mw,3bd544bb51e006261b45d3a2c996e28fc0c0449411cee5f7deafcd25d9539ebc,"{""distance"":7,""physical_error_rate"":0.001}","{""detection_events"":4061,""detectors_checked"":1036800}"
      1024,         2,         0,   0.322,standalone_exact_mw,ac604fb97cbefca8234024efb37144c861c0ed9870cf9e2c8901bf3b9b1f370f,"{""distance"":7,""physical_error_rate"":0.02}","{""detection_events"":58297,""detectors_checked"":829440,""obs_mistake_mask=E"":2}"
      1296,         0,         0,   0.057,standalone_exact_mw,ba5ada56442ed2ba457be44e3218b165c8a19e21146c9941e841199e65961aae,"{""distance"":7,""physical_error_rate"":0.0005}","{""detection_events"":2033,""detectors_checked"":1049760}"
      1024,         1,         0,   0.260,standalone_exact_mw,127be6187b4f42ce503a2e58abe78322609c231565a94a3f55b4bab680d66d05,"{""distance"":7,""physical_error_rate"":0.01}","{""detection_events"":30677,""detectors_checked"":829440,""obs_mistake_mask=E"":1}"
       272,         0,         0,   0.020,standalone_exact_mw,6a10a1840a7277b64863681e13d5cb65ed80b6c0c130a71789e1f9b9f94c8771,"{""distance"":7,""physical_error_rate"":0.005}","{""detection_events"":4158,""detectors_checked"":220320}"
      1024,         0,         0,   0.035,standalone_exact_mw,3bd544bb51e006261b45d3a2c996e28fc0c0449411cee5f7deafcd25d9539ebc,"{""distance"":7,""physical_error_rate"":0.001}","{""detection_events"":3180,""detectors_checked"":829440}"
      1024,         0,         0,   0.051,standalone_exact_mw,ba5ada56442ed2ba457be44e3218b165c8a19e21146c9941e841199e65961aae,"{""distance"":7,""physical_error_rate"":0.0005}","{""detection_events"":1646,""detectors_checked"":829440}"
      1024,         0,         0,   0.072,standalone_exact_mw,6a10a1840a7277b64863681e13d5cb65ed80b6c0c130a71789e1f9b9f94c8771,"{""distance"":7,""physical_error_rate"":0.005}","{""detection_events"":15786,""detectors_checked"":829440}"
         1,         0,         0,   0.013,standalone_exact_mw,e5383d45c2b34399c539563e7789a53fd4b96cd0b38eade39a3cbfe07ba21ab0,"{""distance"":7,""physical_error_rate"":0.0002}","{""detectors_checked"":810}"
      5120,         0,         0,   0.212,standalone_exact_mw,ba5ada56442ed2ba457be44e3218b165c8a19e21146c9941e841199e65961aae,"{""distance"":7,""physical_error_rate"":0.0005}","{""detection_events"":7943,""detectors_checked"":4147200}"
      1024,         0,         0,   0.090,standalone_exact_mw,3bd544bb51e006261b45d3a2c996e28fc0c0449411cee5f7deafcd25d9539ebc,"{""distance"":7,""physical_error_rate"":0.001}","{""detection_events"":3141,""detectors_checked"":829440}"
      1024,         0,         0,   0.045,standalone_exact_mw,e5383d45c2b34399c539563e7789a53fd4b96cd0b38eade39a3cbfe07ba21ab0,"{""distance"":7,""physical_error_rate"":0.0002}","{""detection_events"":638,""detectors_checked"":829440}"
      1024,         0,         0,   0.049,standalone_exact_mw,9d8ad86e51451842b54dafc7680d1b486ef291963bb72c70f3cdd570d2d8fa34,"{""distance"":7,""physical_error_rate"":0.002}","{""detection_events"":6363,""detectors_checked"":829440}"
      1024,         0,         0,   0.111,standalone_exact_mw,127be6187b4f42ce503a2e58abe78322609c231565a94a3f55b4bab680d66d05,"{""distance"":7,""physical_error_rate"":0.01}","{""detection_events"":29628,""detectors_checked"":829440}"
      3072,         0,         0,   0.569,standalone_exact_mw,6a10a1840a7277b64863681e13d5cb65ed80b6c0c130a71789e1f9b9f94c8771,"{""distance"":7,""physical_error_rate"":0.005}","{""detection_events"":46873,""detectors_checked"":2488320}"
      1024,         2,         0,   0.045,standalone_exact_mw,ac604fb97cbefca8234024efb37144c861c0ed9870cf9e2c8901bf3b9b1f370f,"{""distance"":7,""physical_error_rate"":0.02}","{""detection_events"":57663,""detectors_checked"":829440,""obs_mistake_mask=E"":2}"
      2048,         0,         0,   0.106,standalone_exact_mw,9d8ad86e51451842b54dafc7680d1b486ef291963bb72c70f3cdd570d2d8fa34,"{""distance"":7,""physical_error_rate"":0.002}","{""detection_events"":12825,""detectors_checked"":1658880}"
      1024,         0,         0,   0.107,standalone_exact_mw,127be6187b4f42ce503a2e58abe78322609c231565a94a3f55b4bab680d66d05,"{""distance"":7,""physical_error_rate"":0.01}","{""detection_events"":30284,""detectors_checked"":829440}"
      1024,         0,         0,   0.089,standalone_exact_mw,e5383d45c2b34399c539563e7789a53fd4b96cd0b38eade39a3cbfe07ba21ab0,"{""distance"":7,""physical_error_rate"":0.0002}","{""detection_events"":594,""detectors_checked"":829440}"
      1024,         0,         0,   0.276,standalone_exact_mw,9d8ad86e51451842b54dafc7680d1b486ef291963bb72c70f3cdd570d2d8fa34,"{""distance"":7,""physical_error_rate"":0.002}","{""detection_events"":6353,""detectors_checked"":829440}"
      1024,         3,         0,   0.087,standalone_exact_mw,ac604fb97cbefca8234024efb37144c861c0ed9870cf9e2c8901bf3b9b1f370f,"{""distance"":7,""physical_error_rate"":0.02}","{""detection_events"":57401,""detectors_checked"":829440,""obs_mistake_mask=E"":3}"
      1024,         0,         0,   0.366,standalone_exact_mw,127be6187b4f42ce503a2e58abe78322609c231565a94a3f55b4bab680d66d05,"{""distance"":7,""physical_error_rate"":0.01}","{""detection_events"":30458,""detectors_checked"":829440}"
      1296,         0,         0,   0.021,standalone_exact_mw,e5383d45c2b34399c539563e7789a53fd4b96cd0b38eade39a3cbfe07ba21ab0,"{""distance"":7,""physical_error_rate"":0.0002}","{""detection_events"":752,""detectors_checked"":1049760}"
      1024,         1,         0,   0.122,standalone_exact_mw,ac604fb97cbefca8234024efb37144c861c0ed9870cf9e2c8901bf3b9b1f370f,"{""distance"":7,""physical_error_rate"":0.02}","{""detection_events"":57274,""detectors_checked"":829440,""obs_mistake_mask=E"":1}"
      1024,         0,         0,   0.028,standalone_exact_mw,e5383d45c2b34399c539563e7789a53fd4b96cd0b38eade39a3cbfe07ba21ab0,"{""distance"":7,""physical_error_rate"":0.0002}","{""detection_events"":675,""detectors_checked"":829440}"
      1024,         0,         0,   0.055,standalone_exact_mw,ba5ada56442ed2ba457be44e3218b165c8a19e21146c9941e841199e65961aae,"{""distance"":7,""physical_error_rate"":0.0005}","{""detection_events"":1735,""detectors_checked"":829440}"
      4096,         0,         0,   0.436,standalone_exact_mw,ba5ada56442ed2ba457be44e3218b165c8a19e21146c9941e841199e65961aae,"{""distance"":7,""physical_error_rate"":0.0005}","{""detection_events"":6612,""detectors_checked"":3317760}"
      1024,         0,         0,   0.053,standalone_exact_mw,3bd544bb51e006261b45d3a2c996e28fc0c0449411cee5f7deafcd25d9539ebc,"{""distance"":7,""physical_error_rate"":0.001}","{""detection_events"":3300,""detectors_checked"":829440}"
      2048,         0,         0,   0.139,standalone_exact_mw,127be6187b4f42ce503a2e58abe78322609c231565a94a3f55b4bab680d66d05,"{""distance"":7,""physical_error_rate"":0.01}","{""detection_events"":60760,""detectors_checked"":1658880}"
      1024,         0,         0,   0.055,standalone_exact_mw,6a10a1840a7277b64863681e13d5cb65ed80b6c0c130a71789e1f9b9f94c8771,"{""distance"":7,""physical_error_rate"":0.005}","{""detection_events"":15698,""detectors_checked"":829440}"
      4096,         0,         0,   0.812,standalone_exact_mw,9d8ad86e51451842b54dafc7680d1b486ef291963bb72c70f3cdd570d2d8fa34,"{""distance"":7,""physical_error_rate"":0.002}","{""detection_events"":25407,""detectors_checked"":3317760}"
      1024,         0,         0,   0.061,standalone_exact_mw,6a10a1840a7277b64863681e13d5cb65ed80b6c0c130a71789e1f9b9f94c8771,"{""distance"":7,""physical_error_rate"":0.005}","{""detection_events"":15865,""detectors_checked"":829440}"
      2048,         0,         0,   0.106,standalone_exact_mw,9d8ad86e51451842b54dafc7680d1b486ef291963bb72c70f3cdd570d2d8fa34,"{""distance"":7,""physical_error_rate"":0.002}","{""detection_events"":12744,""detectors_checked"":1658880}"
      1024,         0,         0,   0.204,standalone_exact_mw,6a10a1840a7277b64863681e13d5cb65ed80b6c0c130a71789e1f9b9f94c8771,"{""distance"":7,""physical_error_rate"":0.005}","{""detection_events"":15570,""detectors_checked"":829440}"
      2048,         0,         0,   0.066,standalone_exact_mw,ba5ada56442ed2ba457be44e3218b165c8a19e21146c9941e841199e65961aae,"{""distance"":7,""physical_error_rate"":0.0005}","{""detection_events"":3259,""detectors_checked"":1658880}"
      2048,         0,         0,   0.150,standalone_exact_mw,9d8ad86e51451842b54dafc7680d1b486ef291963bb72c70f3cdd570d2d8fa34,"{""distance"":7,""physical_error_rate"":0.002}","{""detection_events"":12690,""detectors_checked"":1658880}"
      1024,         0,         0,   0.032,standalone_exact_mw,e5383d45c2b34399c539563e7789a53fd4b96cd0b38eade39a3cbfe07ba21ab0,"{""distance"":7,""physical_error_rate"":0.0002}","{""detection_events"":617,""detectors_checked"":829440}"
      2048,         0,         0,   0.075,standalone_exact_mw,3bd544bb51e006261b45d3a2c996e28fc0c0449411cee5f7deafcd25d9539ebc,"{""distance"":7,""physical_error_rate"":0.001}","{""detection_events"":6579,""detectors_checked"":1658880}"
      3072,         0,         0,   0.166,standalone_exact_mw,9d8ad86e51451842b54dafc7680d1b486ef291963bb72c70f3cdd570d2d8fa34,"{""distance"":7,""physical_error_rate"":0.002}","{""detection_events"":19505,""detectors_checked"":2488320}"
      1024,         0,         0,   0.065,standalone_exact_mw,9d8ad86e51451842b54dafc7680d1b486ef291963bb72c70f3cdd570d2d8fa34,"{""distance"":7,""physical_error_rate"":0.002}","{""detection_events"":6315,""detectors_checked"":829440}"
      2048,         0,         0,   0.055,standalone_exact_mw,e5383d45c2b34399c539563e7789a53fd4b96cd0b38eade39a3cbfe07ba21ab0,"{""distance"":7,""physical_error_rate"":0.0002}","{""detection_events"":1254,""detectors_checked"":1658880}"
         1,         0,         0,   0.017,standalone_exact_mw,e5383d45c2b34399c539563e7789a53fd4b96cd0b38eade39a3cbfe07ba21ab0,"{""distance"":7,""physical_error_rate"":0.0002}","{""detectors_checked"":810}"
      1024,         0,         0,   0.058,standalone_exact_mw,3bd544bb51e006261b45d3a2c996e28fc0c0449411cee5f7deafcd25d9539ebc,"{""distance"":7,""physical_error_rate"":0.001}","{""detection_events"":3173,""detectors_checked"":829440}"
      1024,         0,         0,   0.081,standalone_exact_mw,e5383d45c2b34399c539563e7789a53fd4b96cd0b38eade39a3cbfe07ba21ab0,"{""distance"":7,""physical_error_rate"":0.0002}","{""detection_events"":634,""detectors_checked"":829440}"
      1024,         0,         0,   0.085,standalone_exact_mw,ac604fb97cbefca8234024efb37144c861c0ed9870cf9e2c8901bf3b9b1f370f,"{""distance"":7,""physical_error_rate"":0.02}","{""detection_events"":57826,""detectors_checked"":829440}"
      1024,         0,         0,   0.073,standalone_exact_mw,ba5ada56442ed2ba457be44e3218b165c8a19e21146c9941e841199e65961aae,"{""distance"":7,""physical_error_rate"":0.0005}","{""detection_events"":1689,""detectors_checked"":829440}"
      1024,         0,         0,   0.088,standalone_exact_mw,127be6187b4f42ce503a2e58abe78322609c231565a94a3f55b4bab680d66d05,"{""distance"":7,""physical_error_rate"":0.01}","{""detection_events"":30688,""detectors_checked"":829440}"
      1024,         0,         0,   0.050,standalone_exact_mw,e5383d45c2b34399c539563e7789a53fd4b96cd0b38eade39a3cbfe07ba21ab0,"{""distance"":7,""physical_error_rate"":0.0002}","{""detection_events"":598,""detectors_checked"":829440}"
      2048,         2,         0,   0.274,standalone_exact_mw,ac604fb97cbefca8234024efb37144c861c0ed9870cf9e2c8901bf3b9b1f370f,"{""distance"":7,""physical_error_rate"":0.02}","{""detection_events"":115422,""detectors_checked"":1658880,""obs_mistake_mask=E"":2}"
       272,         0,         0,   0.029,standalone_exact_mw,e5383d45c2b34399c539563e7789a53fd4b96cd0b38eade39a3cbfe07ba21ab0,"{""distance"":7,""physical_error_rate"":0.0002}","{""detection_events"":140,""detectors_checked"":220320}"
      1024,         0,         0,   0.064,standalone_exact_mw,6a10a1840a7277b64863681e13d5cb65ed80b6c0c130a71789e1f9b9f94c8771,"{""distance"":7,""physical_error_rate"":0.005}","{""detection_events"":15803,""detectors_checked"":829440}"
      1024,         1,         0,   0.093,standalone_exact_mw,ac604fb97cbefca8234024efb37144c861c0ed9870cf9e2c8901bf3b9b1f370f,"{""distance"":7,""physical_error_rate"":0.02}","{""detection_events"":58122,""detectors_checked"":829440,""obs_mistake_mask=E"":1}"
      1024,         0,         0,   0.075,standalone_exact_mw,6a10a1840a7277b64863681e13d5cb65ed80b6c0c130a71789e1f9b9f94c8771,"{""distance"":7,""physical_error_rate"":0.005}","{""detection_events"":15705,""detectors_checked"":829440}"
      6144,         0,         0,   0.228,standalone_exact_mw,e5383d45c2b34399c539563e7789a53fd4b96cd0b38eade39a3cbfe07ba21ab0,"{""distance"":7,""physical_error_rate"":0.0002}","{""detection_events"":3921,""detectors_checked"":4976640}"
      2048,         0,         0,   0.132,standalone_exact_mw,3bd544bb51e006261b45d3a2c996e28fc0c0449411cee5f7deafcd25d9539ebc,"{""distance"":7,""physical_error_rate"":0.001}","{""detection_events"":6519,""detectors_checked"":1658880}"
      1024,         0,         0,   0.225,standalone_exact_mw,6a10a1840a7277b64863681e13d5cb65ed80b6c0c130a71789e1f9b9f94c8771,"{""distance"":7,""physical_error_rate"":0.005}","{""detection_events"":15920,""detectors_checked"":829440}"
      2048,         0,         0,   0.076,standalone_exact_mw,ba5ada56442ed2ba457be44e3218b165c8a19e21146c9941e841199e65961aae,"{""distance"":7,""physical_error_rate"":0.0005}","{""detection_events"":3231,""detectors_checked"":1658880}"
      2048,         0,         0,   0.215,standalone_exact_mw,127be6187b4f42ce503a2e58abe78322609c231565a94a3f55b4bab680d66d05,"{""distance"":7,""physical_error_rate"":0.01}","{""detection_events"":61463,""detectors_checked"":1658880}"
      2048,         0,         0,   0.055,standalone_exact_mw,e5383d45c2b34399c539563e7789a53fd4b96cd0b38eade39a3cbfe07ba21ab0,"{""distance"":7,""physical_error_rate"":0.0002}","{""detection_events"":1247,""detectors_checked"":1658880}"
      2048,         0,         0,   0.231,standalone_exact_mw,127be6187b4f42ce503a2e58abe78322609c231565a94a3f55b4bab680d66d05,"{""distance"":7,""physical_error_rate"":0.01}","{""detection_events"":60815,""detectors_checked"":1658880}"
      1297,         0,         0,   0.053,standalone_exact_mw,ba5ada56442ed2ba457be44e3218b165c8a19e21146c9941e841199e65961aae,"{""distance"":7,""physical_error_rate"":0.0005}","{""detection_events"":1989,""detectors_checked"":1050570}"
      9216,         0,         0,   0.211,standalone_exact_mw,ba5ada56442ed2ba457be44e3218b165c8a19e21146c9941e841199e65961aae,"{""distance"":7,""physical_error_rate"":0.0005}","{""detection_events"":14698,""detectors_checked"":7464960}"
      1024,         0,         0,   0.095,standalone_exact_mw,127be6187b4f42ce503a2e58abe78322609c231565a94a3f55b4bab680d66d05,"{""distance"":7,""physical_error_rate"":0.01}","{""detection_events"":30339,""detectors_checked"":829440}"
      1024,         0,         0,   0.062,standalone_exact_mw,3bd544bb51e006261b45d3a2c996e28fc0c0449411cee5f7deafcd25d9539ebc,"{""distance"":7,""physical_error_rate"":0.001}","{""detection_events"":3197,""detectors_checked"":829440}"
      2048,         4,         0,   0.308,standalone_exact_mw,ac604fb97cbefca8234024efb37144c861c0ed9870cf9e2c8901bf3b9b1f370f,"{""distance"":7,""physical_error_rate"":0.02}","{""detection_events"":115724,""detectors_checked"":1658880,""obs_mistake_mask=E"":4}"
      2048,         0,         0,   0.321,standalone_exact_mw,3bd544bb51e006261b45d3a2c996e28fc0c0449411cee5f7deafcd25d9539ebc,"{""distance"":7,""physical_error_rate"":0.001}","{""detection_events"":6495,""detectors_checked"":1658880}"
      1024,         0,         0,   0.054,standalone_exact_mw,ba5ada56442ed2ba457be44e3218b165c8a19e21146c9941e841199e65961aae,"{""distance"":7,""physical_error_rate"":0.0005}","{""detection_events"":1497,""detectors_checked"":829440}"
      2048,         0,         0,   0.096,standalone_exact_mw,3bd544bb51e006261b45d3a2c996e28fc0c0449411cee5f7deafcd25d9539ebc,"{""distance"":7,""physical_error_rate"":0.001}","{""detection_events"":6469,""detectors_checked"":1658880}"
      1024,         0,         0,   0.046,standalone_exact_mw,e5383d45c2b34399c539563e7789a53fd4b96cd0b38eade39a3cbfe07ba21ab0,"{""distance"":7,""physical_error_rate"":0.0002}","{""detection_events"":689,""detectors_checked"":829440}"
      7168,         0,         0,   0.304,standalone_exact_mw,3bd544bb51e006261b45d3a2c996e28fc0c0449411cee5f7deafcd25d9539ebc,"{""distance"":7,""physical_error_rate"":0.001}","{""detection_events"":22529,""detectors_checked"":5806080}"
        17,         0,         0,   0.012,standalone_exact_mw,3bd544bb51e006261b45d3a2c996e28fc0c0449411cee5f7deafcd25d9539ebc,"{""distance"":7,""physical_error_rate"":0.001}","{""detection_events"":48,""detectors_checked"":13770}"
      2048,         3,         0,   0.228,standalone_exact_mw,ac604fb97cbefca8234024efb37144c861c0ed9870cf9e2c8901bf3b9b1f370f,"{""distance"":7,""physical_error_rate"":0.02}","{""detection_events"":114511,""detectors_checked"":1658880,""obs_mistake_mask=E"":3}"
      2048,         0,         0,   0.060,standalone_exact_mw,e5383d45c2b34399c539563e7789a53fd4b96cd0b38eade39a3cbfe07ba21ab0,"{""distance"":7,""physical_error_rate"":0.0002}","{""detection_events"":1330,""detectors_checked"":1658880}"
      1024,         0,         0,   0.031,standalone_exact_mw,ba5ada56442ed2ba457be44e3218b165c8a19e21146c9941e841199e65961aae,"{""distance"":7,""physical_error_rate"":0.0005}","{""detection_events"":1721,""detectors_checked"":829440}"
      2048,         0,         0,   0.125,standalone_exact_mw,9d8ad86e51451842b54dafc7680d1b486ef291963bb72c70f3cdd570d2d8fa34,"{""distance"":7,""physical_error_rate"":0.002}","{""detection_events"":12736,""detectors_checked"":1658880}"
      1024,         0,         0,   0.079,standalone_exact_mw,e5383d45c2b34399c539563e7789a53fd4b96cd0b38eade39a3cbfe07ba21ab0,"{""distance"":7,""physical_error_rate"":0.0002}","{""detection_events"":573,""detectors_checked"":829440}"
      3072,         0,         0,   0.160,standalone_exact_mw,9d8ad86e51451842b54dafc7680d1b486ef291963bb72c70f3cdd570d2d8fa34,"{""distance"":7,""physical_error_rate"":0.002}","{""detection_events"":19365,""detectors_checked"":2488320}"
      2048,         0,         0,   0.245,standalone_exact_mw,127be6187b4f42ce503a2e58abe78322609c231565a94a3f55b4bab680d66d05,"{""distance"":7,""physical_error_rate"":0.01}","{""detection_events"":60938,""detectors_checked"":1658880}"
      5120,         9,         0,   0.227,standalone_exact_mw,ac604fb97cbefca8234024efb37144c861c0ed9870cf9e2c8901bf3b9b1f370f,"{""distance"":7,""physical_error_rate"":0.02}","{""detection_events"":289328,""detectors_checked"":4147200,""obs_mistake_mask=E"":9}"
      1024,         0,         0,   0.063,standalone_exact_mw,6a10a1840a7277b64863681e13d5cb65ed80b6c0c130a71789e1f9b9f94c8771,"{""distance"":7,""physical_error_rate"":0.005}","{""detection_events"":15396,""detectors_checked"":829440}"
      1024,         0,         0,   0.063,standalone_exact_mw,6a10a1840a7277b64863681e13d5cb65ed80b6c0c130a71789e1f9b9f94c8771,"{""distance"":7,""physical_error_rate"":0.005}","{""detection_events"":15639,""detectors_checked"":829440}"
      2048,         0,         0,   0.120,standalone_exact_mw,9d8ad86e51451842b54dafc7680d1b486ef291963bb72c70f3cdd570d2d8fa34,"{""distance"":7,""physical_error_rate"":0.002}","{""detection_events"":12999,""detectors_checked"":1658880}"
         1,         0,         0,   0.010,standalone_exact_mw,6a10a1840a7277b64863681e13d5cb65ed80b6c0c130a71789e1f9b9f94c8771,"{""distance"":7,""physical_error_rate"":0.005}","{""detection_events"":17,""detectors_checked"":810}"
      1024,         5,         0,   0.098,standalone_exact_mw,ac604fb97cbefca8234024efb37144c861c0ed9870cf9e2c8901bf3b9b1f370f,"{""distance"":7,""physical_error_rate"":0.02}","{""detection_events"":57671,""detectors_checked"":829440,""obs_mistake_mask=E"":5}"
      1024,         4,         0,   0.182,standalone_exact_mw,ac604fb97cbefca8234024efb37144c861c0ed9870cf9e2c8901bf3b9b1f370f,"{""distance"":7,""physical_error_rate"":0.02}","{""detection_events"":57263,""detectors_checked"":829440,""obs_mistake_mask=E"":4}"
      6144,         0,         0,   0.608,standalone_exact_mw,3bd544bb51e006261b45d3a2c996e28fc0c0449411cee5f7deafcd25d9539ebc,"{""distance"":7,""physical_error_rate"":0.001}","{""detection_events"":19476,""detectors_checked"":4976640}"
      1024,         0,         0,   0.031,standalone_exact_mw,ba5ada56442ed2ba457be44e3218b165c8a19e21146c9941e841199e65961aae,"{""distance"":7,""physical_error_rate"":0.0005}","{""detection_events"":1545,""detectors_checked"":829440}"
      3072,         0,         0,   0.082,standalone_exact_mw,e5383d45c2b34399c539563e7789a53fd4b96cd0b38eade39a3cbfe07ba21ab0,"{""distance"":7,""physical_error_rate"":0.0002}","{""detection_events"":1963,""detectors_checked"":2488320}"
      1024,         3,         0,   0.247,standalone_exact_mw,ac604fb97cbefca8234024efb37144c861c0ed9870cf9e2c8901bf3b9b1f370f,"{""distance"":7,""physical_error_rate"":0.02}","{""detection_events"":57322,""detectors_checked"":829440,""obs_mistake_mask=E"":3}"
      1024,         0,         0,   0.119,standalone_exact_mw,127be6187b4f42ce503a2e58abe78322609c231565a94a3f55b4bab680d66d05,"{""distance"":7,""physical_error_rate"":0.01}","{""detection_events"":30712,""detectors_checked"":829440}"
      1024,         3,         0,   0.097,standalone_exact_mw,ac604fb97cbefca8234024efb37144c861c0ed9870cf9e2c8901bf3b9b1f370f,"{""distance"":7,""physical_error_rate"":0.02}","{""detection_events"":57590,""detectors_checked"":829440,""obs_mistake_mask=E"":3}"
       272,         0,         0,   0.026,standalone_exact_mw,6a10a1840a7277b64863681e13d5cb65ed80b6c0c130a71789e1f9b9f94c8771,"{""distance"":7,""physical_error_rate"":0.005}","{""detection_events"":4239,""detectors_checked"":220320}"
      1024,         0,         0,   0.199,standalone_exact_mw,127be6187b4f42ce503a2e58abe78322609c231565a94a3f55b4bab680d66d05,"{""distance"":7,""physical_error_rate"":0.01}","{""detection_events"":30264,""detectors_checked"":829440}"
       273,         0,         0,   0.039,standalone_exact_mw,6a10a1840a7277b64863681e13d5cb65ed80b6c0c130a71789e1f9b9f94c8771,"{""distance"":7,""physical_error_rate"":0.005}","{""detection_events"":4180,""detectors_checked"":221130}"
      1024,         0,         0,   0.069,standalone_exact_mw,e5383d45c2b34399c539563e7789a53fd4b96cd0b38eade39a3cbfe07ba21ab0,"{""distance"":7,""physical_error_rate"":0.0002}","{""detection_events"":722,""detectors_checked"":829440}"
      1024,         0,         0,   0.074,standalone_exact_mw,ba5ada56442ed2ba457be44e3218b165c8a19e21146c9941e841199e65961aae,"{""distance"":7,""physical_error_rate"":0.0005}","{""detection_events"":1593,""detectors_checked"":829440}"
      2048,         0,         0,   0.055,standalone_exact_mw,e5383d45c2b34399c539563e7789a53fd4b96cd0b38eade39a3cbfe07ba21ab0,"{""distance"":7,""physical_error_rate"":0.0002}","{""detection_events"":1318,""detectors_checked"":1658880}"
     13312,         1,         0,   0.586,standalone_exact_mw,127be6187b4f42ce503a2e58abe78322609c231565a94a3f55b4bab680d66d05,"{""distance"":7,""physical_error_rate"":0.01}","{""detection_events"":395386,""detectors_checked"":10782720,""obs_mistake_mask=E"":1}"
      1280,         0,         0,   0.081,standalone_exact_mw,3bd544bb51e006261b45d3a2c996e28fc0c0449411cee5f7deafcd25d9539ebc,"{""distance"":7,""physical_error_rate"":0.001}","{""detection_events"":3906,""detectors_checked"":1036800}"
      6144,         0,         0,   0.424,standalone_exact_mw,3bd544bb51e006261b45d3a2c996e28fc0c0449411cee5f7deafcd25d9539ebc,"{""distance"":7,""physical_error_rate"":0.001}","{""detection_events"":19110,""detectors_checked"":4976640}"
      1024,         0,         0,   0.031,standalone_exact_mw,ba5ada56442ed2ba457be44e3218b165c8a19e21146c9941e841199e65961aae,"{""distance"":7,""physical_error_rate"":0.0005}","{""detection_events"":1642,""detectors_checked"":829440}"
      3072,         0,         0,   0.113,standalone_exact_mw,ba5ada56442ed2ba457be44e3218b165c8a19e21146c9941e841199e65961aae,"{""distance"":7,""physical_error_rate"":0.0005}","{""detection_events"":4882,""detectors_checked"":2488320}"
      4096,         0,         0,   0.230,standalone_exact_mw,9d8ad86e51451842b54dafc7680d1b486ef291963bb72c70f3cdd570d2d8fa34,"{""distance"":7,""physical_error_rate"":0.002}","{""detection_events"":25356,""detectors_checked"":3317760}"
      2048,         0,         0,   0.092,standalone_exact_mw,3bd544bb51e006261b45d3a2c996e28fc0c0449411cee5f7deafcd25d9539ebc,"{""distance"":7,""physical_error_rate"":0.001}","{""detection_events"":6163,""detectors_checked"":1658880}"
      2048,         0,         0,   0.089,standalone_exact_mw,3bd544bb51e006261b45d3a2c996e28fc0c0449411cee5f7deafcd25d9539ebc,"{""distance"":7,""physical_error_rate"":0.001}","{""detection_events"":6615,""detectors_checked"":1658880}"
      1024,         0,         0,   0.074,standalone_exact_mw,6a10a1840a7277b64863681e13d5cb65ed80b6c0c130a71789e1f9b9f94c8771,"{""distance"":7,""physical_error_rate"":0.005}","{""detection_events"":15669,""detectors_checked"":829440}"
      2048,         0,         0,   0.224,standalone_exact_mw,127be6187b4f42ce503a2e58abe78322609c231565a94a3f55b4bab680d66d05,"{""distance"":7,""physical_error_rate"":0.01}","{""detection_events"":61192,""detectors_checked"":1658880}"
         1,         0,         0,   0.026,standalone_exact_mw,9d8ad86e51451842b54dafc7680d1b486ef291963bb72c70f3cdd570d2d8fa34,"{""distance"":7,""physical_error_rate"":0.002}","{""detection_events"":6,""detectors_checked"":810}"
      4096,         0,         0,   0.213,standalone_exact_mw,9d8ad86e51451842b54dafc7680d1b486ef291963bb72c70f3cdd570d2d8fa34,"{""distance"":7,""physical_error_rate"":0.002}","{""detection_events"":25396,""detectors_checked"":3317760}"
      1024,         0,         0,   0.044,standalone_exact_mw,ba5ada56442ed2ba457be44e3218b165c8a19e21146c9941e841199e65961aae,"{""distance"":7,""physical_error_rate"":0.0005}","{""detection_events"":1562,""detectors_checked"":829440}"
      1024,         0,         0,   0.068,standalone_exact_mw,e5383d45c2b34399c539563e7789a53fd4b96cd0b38eade39a3cbfe07ba21ab0,"{""distance"":7,""physical_error_rate"":0.0002}","{""detection_events"":630,""detectors_checked"":829440}"
      2048,         0,         0,   0.121,standalone_exact_mw,e5383d45c2b34399c539563e7789a53fd4b96cd0b38eade39a3cbfe07ba21ab0,"{""distance"":7,""physical_error_rate"":0.0002}","{""detection_events"":1338,""detectors_checked"":1658880}"
      2048,         0,         0,   0.107,standalone_exact_mw,9d8ad86e51451842b54dafc7680d1b486ef291963bb72c70f3cdd570d2d8fa34,"{""distance"":7,""physical_error_rate"":0.002}","{""detection_events"":12665,""detectors_checked"":1658880}"
      2048,         0,         0,   0.127,standalone_exact_mw,6a10a1840a7277b64863681e13d5cb65ed80b6c0c130a71789e1f9b9f94c8771,"{""distance"":7,""physical_error_rate"":0.005}","{""detection_events"":31283,""detectors_checked"":1658880}"
      1024,         0,         0,   0.183,standalone_exact_mw,127be6187b4f42ce503a2e58abe78322609c231565a94a3f55b4bab680d66d05,"{""distance"":7,""physical_error_rate"":0.01}","{""detection_events"":30311,""detectors_checked"":829440}"
      3072,         0,         0,   0.247,standalone_exact_mw,9d8ad86e51451842b54dafc7680d1b486ef291963bb72c70f3cdd570d2d8fa34,"{""distance"":7,""physical_error_rate"":0.002}","{""detection_events"":19179,""detectors_checked"":2488320}"
      1024,         0,         0,   0.071,standalone_exact_mw,3bd544bb51e006261b45d3a2c996e28fc0c0449411cee5f7deafcd25d9539ebc,"{""distance"":7,""physical_error_rate"":0.001}","{""detection_events"":3259,""detectors_checked"":829440}"
      2048,         0,         0,   0.172,standalone_exact_mw,3bd544bb51e006261b45d3a2c996e28fc0c0449411cee5f7deafcd25d9539ebc,"{""distance"":7,""physical_error_rate"":0.001}","{""detection_events"":6326,""detectors_checked"":1658880}"
      1024,         0,         0,   0.239,standalone_exact_mw,6a10a1840a7277b64863681e13d5cb65ed80b6c0c130a71789e1f9b9f94c8771,"{""distance"":7,""physical_error_rate"":0.005}","{""detection_events"":15878,""detectors_checked"":829440}"
      1024,         0,         0,   0.094,standalone_exact_mw,6a10a1840a7277b64863681e13d5cb65ed80b6c0c130a71789e1f9b9f94c8771,"{""distance"":7,""physical_error_rate"":0.005}","{""detection_events"":15444,""detectors_checked"":829440}"
       272,         0,         0,   0.025,standalone_exact_mw,9d8ad86e51451842b54dafc7680d1b486ef291963bb72c70f3cdd570d2d8fa34,"{""distance"":7,""physical_error_rate"":0.002}","{""detection_events"":1726,""detectors_checked"":220320}"
      3072,         0,         0,   0.149,standalone_exact_mw,9d8ad86e51451842b54dafc7680d1b486ef291963bb72c70f3cdd570d2d8fa34,"{""distance"":7,""physical_error_rate"":0.002}","{""detection_events"":19147,""detectors_checked"":2488320}"
      8192,         0,         0,   0.331,standalone_exact_mw,ba5ada56442ed2ba457be44e3218b165c8a19e21146c9941e841199e65961aae,"{""distance"":7,""physical_error_rate"":0.0005}","{""detection_events"":12921,""detectors_checked"":6635520}"
      1024,         0,         0,   0.098,standalone_exact_mw,ac604fb97cbefca8234024efb37144c861c0ed9870cf9e2c8901bf3b9b1f370f,"{""distance"":7,""physical_error_rate"":0.02}","{""detection_events"":58283,""detectors_checked"":829440}"
         1,         0,         0,   0.003,standalone_exact_mw,127be6187b4f42ce503a2e58abe78322609c231565a94a3f55b4bab680d66d05,"{""distance"":7,""physical_error_rate"":0.01}","{""detection_events"":29,""detectors_checked"":810}"
      4096,         0,         0,   0.118,standalone_exact_mw,e5383d45c2b34399c539563e7789a53fd4b96cd0b38eade39a3cbfe07ba21ab0,"{""distance"":7,""physical_error_rate"":0.0002}","{""detection_events"":2443,""detectors_checked"":3317760}"
      4096,         0,         0,   0.102,standalone_exact_mw,e5383d45c2b34399c539563e7789a53fd4b96cd0b38eade39a3cbfe07ba21ab0,"{""distance"":7,""physical_error_rate"":0.0002}","{""detection_events"":2548,""detectors_checked"":3317760}"
      2048,         3,         0,   0.185,standalone_exact_mw,ac604fb97cbefca8234024efb37144c861c0ed9870cf9e2c8901bf3b9b1f370f,"{""distance"":7,""physical_error_rate"":0.02}","{""detection_events"":115519,""detectors_checked"":1658880,""obs_mistake_mask=E"":3}"
      2048,         0,         0,   0.092,standalone_exact_mw,3bd544bb51e006261b45d3a2c996e28fc0c0449411cee5f7deafcd25d9539ebc,"{""distance"":7,""physical_error_rate"":0.001}","{""detection_events"":6304,""detectors_checked"":1658880}"
      1024,         0,         0,   0.119,standalone_exact_mw,127be6187b4f42ce503a2e58abe78322609c231565a94a3f55b4bab680d66d05,"{""distance"":7,""physical_error_rate"":0.01}","{""detection_events"":30245,""detectors_checked"":829440}"
      2048,         0,         0,   0.058,standalone_exact_mw,ba5ada56442ed2ba457be44e3218b165c8a19e21146c9941e841199e65961aae,"{""distance"":7,""physical_error_rate"":0.0005}","{""detection_events"":3242,""detectors_checked"":1658880}"
      1024,         1,         0,   0.197,standalone_exact_mw,ac604fb97cbefca8234024efb37144c861c0ed9870cf9e2c8901bf3b9b1f370f,"{""distance"":7,""physical_error_rate"":0.02}","{""detection_events"":58533,""detectors_checked"":829440,""obs_mistake_mask=E"":1}"
         1,         0,         0,   0.003,standalone_exact_mw,ac604fb97cbefca8234024efb37144c861c0ed9870cf9e2c8901bf3b9b1f370f,"{""distance"":7,""physical_error_rate"":0.02}","{""detection_events"":58,""detectors_checked"":810}"
      1024,         0,         0,   0.332,standalone_exact_mw,127be6187b4f42ce503a2e58abe78322609c231565a94a3f55b4bab680d66d05,"{""distance"":7,""physical_error_rate"":0.01}","{""detection_events"":30351,""detectors_checked"":829440}"
      1024,         0,         0,   0.139,standalone_exact_mw,6a10a1840a7277b64863681e13d5cb65ed80b6c0c130a71789e1f9b9f94c8771,"{""distance"":7,""physical_error_rate"":0.005}","{""detection_events"":15864,""detectors_checked"":829440}"
      2048,         0,         0,   0.217,standalone_exact_mw,127be6187b4f42ce503a2e58abe78322609c231565a94a3f55b4bab680d66d05,"{""distance"":7,""physical_error_rate"":0.01}","{""detection_events"":61372,""detectors_checked"":1658880}"
      1024,         0,         0,   0.234,standalone_exact_mw,6a10a1840a7277b64863681e13d5cb65ed80b6c0c130a71789e1f9b9f94c8771,"{""distance"":7,""physical_error_rate"":0.005}","{""detection_events"":15666,""detectors_checked"":829440}"
      3072,         0,         0,   0.233,standalone_exact_mw,127be6187b4f42ce503a2e58abe78322609c231565a94a3f55b4bab680d66d05,"{""distance"":7,""physical_error_rate"":0.01}","{""detection_events"":91046,""detectors_checked"":2488320}"
       272,         0,         0,   0.014,standalone_exact_mw,ac604fb97cbefca8234024efb37144c861c0ed9870cf9e2c8901bf3b9b1f370f,"{""distance"":7,""physical_error_rate"":0.02}","{""detection_events"":15519,""detectors_checked"":220320}"
      1024,         0,         0,   0.044,standalone_exact_mw,3bd544bb51e006261b45d3a2c996e28fc0c0449411cee5f7deafcd25d9539ebc,"{""distance"":7,""physical_error_rate"":0.001}","{""detection_events"":3267,""detectors_checked"":829440}"
      2048,         0,         0,   0.142,standalone_exact_mw,ba5ada56442ed2ba457be44e3218b165c8a19e21146c9941e841199e65961aae,"{""distance"":7,""physical_error_rate"":0.0005}","{""detection_events"":3320,""detectors_checked"":1658880}"
      3072,         0,         0,   0.131,standalone_exact_mw,3bd544bb51e006261b45d3a2c996e28fc0c0449411cee5f7deafcd25d9539ebc,"{""distance"":7,""physical_error_rate"":0.001}","{""detection_events"":9643,""detectors_checked"":2488320}"
      2048,         4,         0,   0.182,standalone_exact_mw,ac604fb97cbefca8234024efb37144c861c0ed9870cf9e2c8901bf3b9b1f370f,"{""distance"":7,""physical_error_rate"":0.02}","{""detection_events"":115677,""detectors_checked"":1658880,""obs_mistake_mask=E"":4}"
      1296,         0,         0,   0.048,standalone_exact_mw,127be6187b4f42ce503a2e58abe78322609c231565a94a3f55b4bab680d66d05,"{""distance"":7,""physical_error_rate"":0.01}","{""detection_events"":39378,""detectors_checked"":1049760}"
      1024,         0,         0,   0.158,standalone_exact_mw,127be6187b4f42ce503a2e58abe78322609c231565a94a3f55b4bab680d66d05,"{""distance"":7,""physical_error_rate"":0.01}","{""detection_events"":30290,""detectors_checked"":829440}"
       273,         0,         0,   0.024,standalone_exact_mw,127be6187b4f42ce503a2e58abe78322609c231565a94a3f55b4bab680d66d05,"{""distance"":7,""physical_error_rate"":0.01}","{""detection_events"":8140,""detectors_checked"":221130}"
       273,         0,         0,   0.023,standalone_exact_mw,e5383d45c2b34399c539563e7789a53fd4b96cd0b38eade39a3cbfe07ba21ab0,"{""distance"":7,""physical_error_rate"":0.0002}","{""detection_events"":189,""detectors_checked"":221130}"
      1024,         0,         0,   0.060,standalone_exact_mw,9d8ad86e51451842b54dafc7680d1b486ef291963bb72c70f3cdd570d2d8fa34,"{""distance"":7,""physical_error_rate"":0.002}","{""detection_events"":6467,""detectors_checked"":829440}"
      2048,         0,         0,   0.125,standalone_exact_mw,6a10a1840a7277b64863681e13d5cb65ed80b6c0c130a71789e1f9b9f94c8771,"{""distance"":7,""physical_error_rate"":0.005}","{""detection_events"":31208,""detectors_checked"":1658880}"
      4096,         0,         0,   0.218,standalone_exact_mw,9d8ad86e51451842b54dafc7680d1b486ef291963bb72c70f3cdd570d2d8fa34,"{""distance"":7,""physical_error_rate"":0.002}","{""detection_events"":25077,""detectors_checked"":3317760}"
      2048,         2,         0,   0.695,standalone_exact_mw,ac604fb97cbefca8234024efb37144c861c0ed9870cf9e2c8901bf3b9b1f370f,"{""distance"":7,""physical_error_rate"":0.02}","{""detection_events"":115801,""detectors_checked"":1658880,""obs_mistake_mask=E"":2}"
      4096,         5,         0,   0.503,standalone_exact_mw,ac604fb97cbefca8234024efb37144c861c0ed9870cf9e2c8901bf3b9b1f370f,"{""distance"":7,""physical_error_rate"":0.02}","{""detection_events"":231460,""detectors_checked"":3317760,""obs_mistake_mask=E"":5}"
      1024,         0,         0,   0.031,standalone_exact_mw,e5383d45c2b34399c539563e7789a53fd4b96cd0b38eade39a3cbfe07ba21ab0,"{""distance"":7,""physical_error_rate"":0.0002}","{""detection_events"":597,""detectors_checked"":829440}"
      1024,         1,         0,   0.046,standalone_exact_mw,ac604fb97cbefca8234024efb37144c861c0ed9870cf9e2c8901bf3b9b1f370f,"{""distance"":7,""physical_error_rate"":0.02}","{""detection_events"":57820,""detectors_checked"":829440,""obs_mistake_mask=E"":1}"
      2048,         0,         0,   0.119,standalone_exact_mw,e5383d45c2b34399c539563e7789a53fd4b96cd0b38eade39a3cbfe07ba21ab0,"{""distance"":7,""physical_error_rate"":0.0002}","{""detection_events"":1263,""detectors_checked"":1658880}"
      1024,         0,         0,   0.037,standalone_exact_mw,127be6187b4f42ce503a2e58abe78322609c231565a94a3f55b4bab680d66d05,"{""distance"":7,""physical_error_rate"":0.01}","{""detection_events"":30441,""detectors_checked"":829440}"
      1024,         0,         0,   0.090,standalone_exact_mw,6a10a1840a7277b64863681e13d5cb65ed80b6c0c130a71789e1f9b9f94c8771,"{""distance"":7,""physical_error_rate"":0.005}","{""detection_events"":15943,""detectors_checked"":829440}"
      2048,         0,         0,   0.121,standalone_exact_mw,e5383d45c2b34399c539563e7789a53fd4b96cd0b38eade39a3cbfe07ba21ab0,"{""distance"":7,""physical_error_rate"":0.0002}","{""detection_events"":1245,""detectors_checked"":1658880}"
      5120,         0,         0,   0.181,standalone_exact_mw,ba5ada56442ed2ba457be44e3218b165c8a19e21146c9941e841199e65961aae,"{""distance"":7,""physical_error_rate"":0.0005}","{""detection_events"":7931,""detectors_checked"":4147200}"
      1024,         4,         0,   0.207,standalone_exact_mw,ac604fb97cbefca8234024efb37144c861c0ed9870cf9e2c8901bf3b9b1f370f,"{""distance"":7,""physical_error_rate"":0.02}","{""detection_events"":57815,""detectors_checked"":829440,""obs_mistake_mask=E"":4}"
      3072,         0,         0,   0.270,standalone_exact_mw,3bd544bb51e006261b45d3a2c996e28fc0c0449411cee5f7deafcd25d9539ebc,"{""distance"":7,""physical_error_rate"":0.001}","{""detection_events"":9434,""detectors_checked"":2488320}"
     10240,         0,         0,   0.298,standalone_exact_mw,e5383d45c2b34399c539563e7789a53fd4b96cd0b38eade39a3cbfe07ba21ab0,"{""distance"":7,""physical_error_rate"":0.0002}","{""detection_events"":6319,""detectors_checked"":8294400}"
      1024,         2,         0,   0.221,standalone_exact_mw,ac604fb97cbefca8234024efb37144c861c0ed9870cf9e2c8901bf3b9b1f370f,"{""distance"":7,""physical_error_rate"":0.02}","{""detection_events"":57643,""detectors_checked"":829440,""obs_mistake_mask=E"":2}"
     15360,         0,         0,   0.301,standalone_exact_mw,ba5ada56442ed2ba457be44e3218b165c8a19e21146c9941e841199e65961aae,"{""distance"":7,""physical_error_rate"":0.0005}","{""detection_events"":24174,""detectors_checked"":12441600}"
      1024,         0,         0,   0.030,standalone_exact_mw,e5383d45c2b34399c539563e7789a53fd4b96cd0b38eade39a3cbfe07ba21ab0,"{""distance"":7,""physical_error_rate"":0.0002}","{""detection_events"":691,""detectors_checked"":829440}"
      1024,         0,         0,   0.084,standalone_exact_mw,127be6187b4f42ce503a2e58abe78322609c231565a94a3f55b4bab680d66d05,"{""distance"":7,""physical_error_rate"":0.01}","{""detection_events"":30986,""detectors_checked"":829440}"
      1024,         0,         0,   0.095,standalone_exact_mw,127be6187b4f42ce503a2e58abe78322609c231565a94a3f55b4bab680d66d05,"{""distance"":7,""physical_error_rate"":0.01}","{""detection_events"":30556,""detectors_checked"":829440}"
      2048,         0,         0,   0.118,standalone_exact_mw,6a10a1840a7277b64863681e13d5cb65ed80b6c0c130a71789e1f9b9f94c8771,"{""distance"":7,""physical_error_rate"":0.005}","{""detection_events"":31224,""detectors_checked"":1658880}"
      1024,         0,         0,   0.082,standalone_exact_mw,6a10a1840a7277b64863681e13d5cb65ed80b6c0c130a71789e1f9b9f94c8771,"{""distance"":7,""physical_error_rate"":0.005}","{""detection_events"":15601,""detectors_checked"":829440}"
      1024,         0,         0,   0.079,standalone_exact_mw,3bd544bb51e006261b45d3a2c996e28fc0c0449411cee5f7deafcd25d9539ebc,"{""distance"":7,""physical_error_rate"":0.001}","{""detection_events"":3233,""detectors_checked"":829440}"
      2048,         0,         0,   0.124,standalone_exact_mw,6a10a1840a7277b64863681e13d5cb65ed80b6c0c130a71789e1f9b9f94c8771,"{""distance"":7,""physical_error_rate"":0.005}","{""detection_events"":31671,""detectors_checked"":1658880}"
      3072,         0,         0,   0.102,standalone_exact_mw,e5383d45c2b34399c539563e7789a53fd4b96cd0b38eade39a3cbfe07ba21ab0,"{""distance"":7,""physical_error_rate"":0.0002}","{""detection_events"":1966,""detectors_checked"":2488320}"
      2048,         1,         0,   0.332,standalone_exact_mw,ac604fb97cbefca8234024efb37144c861c0ed9870cf9e2c8901bf3b9b1f370f,"{""distance"":7,""physical_error_rate"":0.02}","{""detection_events"":115777,""detectors_checked"":1658880,""obs_mistake_mask=E"":1}"
      1024,         0,         0,   0.040,standalone_exact_mw,127be6187b4f42ce503a2e58abe78322609c231565a94a3f55b4bab680d66d05,"{""distance"":7,""physical_error_rate"":0.01}","{""detection_events"":30181,""detectors_checked"":829440}"
      1024,         0,         0,   0.078,standalone_exact_mw,127be6187b4f42ce503a2e58abe78322609c231565a94a3f55b4bab680d66d05,"{""distance"":7,""physical_error_rate"":0.01}","{""detection_events"":30282,""detectors_checked"":829440}"
      3072,         0,         0,   0.118,standalone_exact_mw,ba5ada56442ed2ba457be44e3218b165c8a19e21146c9941e841199e65961aae,"{""distance"":7,""physical_error_rate"":0.0005}","{""detection_events"":4691,""detectors_checked"":2488320}"
      2048,         0,         0,   0.165,standalone_exact_mw,9d8ad86e51451842b54dafc7680d1b486ef291963bb72c70f3cdd570d2d8fa34,"{""distance"":7,""physical_error_rate"":0.002}","{""detection_events"":12832,""detectors_checked"":1658880}"
      5120,         0,         0,   0.136,standalone_exact_mw,e5383d45c2b34399c539563e7789a53fd4b96cd0b38eade39a3cbfe07ba21ab0,"{""distance"":7,""physical_error_rate"":0.0002}","{""detection_events"":3168,""detectors_checked"":4147200}"
         1,         0,         0,   0.017,standalone_exact_mw,ba5ada56442ed2ba457be44e3218b165c8a19e21146c9941e841199e65961aae,"{""distance"":7,""physical_error_rate"":0.0005}","{""detectors_checked"":810}"
      1024,         0,         0,   0.046,standalone_exact_mw,e5383d45c2b34399c539563e7789a53fd4b96cd0b38eade39a3cbfe07ba21ab0,"{""distance"":7,""physical_error_rate"":0.0002}","{""detection_events"":537,""detectors_checked"":829440}"
         1,         0,         0,   0.030,standalone_exact_mw,6a10a1840a7277b64863681e13d5cb65ed80b6c0c130a71789e1f9b9f94c8771,"{""distance"":7,""physical_error_rate"":0.005}","{""detection_events"":23,""detectors_checked"":810}"
      1024,         1,         0,   0.086,standalone_exact_mw,ac604fb97cbefca8234024efb37144c861c0ed9870cf9e2c8901bf3b9b1f370f,"{""distance"":7,""physical_error_rate"":0.02}","{""detection_events"":57376,""detectors_checked"":829440,""obs_mistake_mask=E"":1}"
      1024,         0,         0,   0.120,standalone_exact_mw,9d8ad86e51451842b54dafc7680d1b486ef291963bb72c70f3cdd570d2d8fa34,"{""distance"":7,""physical_error_rate"":0.002}","{""detection_events"":6438,""detectors_checked"":829440}"
      1024,         0,         0,   0.093,standalone_exact_mw,6a10a1840a7277b64863681e13d5cb65ed80b6c0c130a71789e1f9b9f94c8771,"{""distance"":7,""physical_error_rate"":0.005}","{""detection_events"":15328,""detectors_checked"":829440}"
      1024,         0,         0,   0.065,standalone_exact_mw,6a10a1840a7277b64863681e13d5cb65ed80b6c0c130a71789e1f9b9f94c8771,"{""distance"":7,""physical_error_rate"":0.005}","{""detection_events"":15520,""detectors_checked"":829440}"
       272,         0,         0,   0.029,standalone_exact_mw,ba5ada56442ed2ba457be44e3218b165c8a19e21146c9941e841199e65961aae,"{""distance"":7,""physical_error_rate"":0.0005}","{""detection_events"":415,""detectors_checked"":220320}"
      2048,         3,         0,   0.187,standalone_exact_mw,ac604fb97cbefca8234024efb37144c861c0ed9870cf9e2c8901bf3b9b1f370f,"{""distance"":7,""physical_error_rate"":0.02}","{""detection_events"":116079,""detectors_checked"":1658880,""obs_mistake_mask=E"":3}"
      1024,         0,         0,   0.077,standalone_exact_mw,3bd544bb51e006261b45d3a2c996e28fc0c0449411cee5f7deafcd25d9539ebc,"{""distance"":7,""physical_error_rate"":0.001}","{""detection_events"":3206,""detectors_checked"":829440}"
         1,         0,         0,   0.016,standalone_exact_mw,6a10a1840a7277b64863681e13d5cb65ed80b6c0c130a71789e1f9b9f94c8771,"{""distance"":7,""physical_error_rate"":0.005}","{""detection_events"":11,""detectors_checked"":810}"
       272,         0,         0,   0.031,standalone_exact_mw,6a10a1840a7277b64863681e13d5cb65ed80b6c0c130a71789e1f9b9f94c8771,"{""distance"":7,""physical_error_rate"":0.005}","{""detection_events"":3889,""detectors_checked"":220320}"
      2048,         0,         0,   0.113,standalone_exact_mw,e5383d45c2b34399c539563e7789a53fd4b96cd0b38eade39a3cbfe07ba21ab0,"{""distance"":7,""physical_error_rate"":0.0002}","{""detection_events"":1242,""detectors_checked"":1658880}"
      3072,         0,         0,   0.155,standalone_exact_mw,ba5ada56442ed2ba457be44e3218b165c8a19e21146c9941e841199e65961aae,"{""distance"":7,""physical_error_rate"":0.0005}","{""detection_events"":4870,""detectors_checked"":2488320}"
      1024,         0,         0,   0.079,standalone_exact_mw,127be6187b4f42ce503a2e58abe78322609c231565a94a3f55b4bab680d66d05,"{""distance"":7,""physical_error_rate"":0.01}","{""detection_events"":30508,""detectors_checked"":829440}"
     20480,         0,         0,   0.813,standalone_exact_mw,ba5ada56442ed2ba457be44e3218b165c8a19e21146c9941e841199e65961aae,"{""distance"":7,""physical_error_rate"":0.0005}","{""detection_events"":32225,""detectors_checked"":16588800}"
      2048,         0,         0,   0.214,standalone_exact_mw,3bd544bb51e006261b45d3a2c996e28fc0c0449411cee5f7deafcd25d9539ebc,"{""distance"":7,""physical_error_rate"":0.001}","{""detection_events"":6446,""detectors_checked"":1658880}"
      3072,        11,         0,   0.163,standalone_exact_mw,ac604fb97cbefca8234024efb37144c861c0ed9870cf9e2c8901bf3b9b1f370f,"{""distance"":7,""physical_error_rate"":0.02}","{""detection_events"":173866,""detectors_checked"":2488320,""obs_mistake_mask=E"":11}"
      6144,         0,         0,   0.567,standalone_exact_mw,e5383d45c2b34399c539563e7789a53fd4b96cd0b38eade39a3cbfe07ba21ab0,"{""distance"":7,""physical_error_rate"":0.0002}","{""detection_events"":3875,""detectors_checked"":4976640}"
      1024,         0,         0,   0.054,standalone_exact_mw,e5383d45c2b34399c539563e7789a53fd4b96cd0b38eade39a3cbfe07ba21ab0,"{""distance"":7,""physical_error_rate"":0.0002}","{""detection_events"":599,""detectors_checked"":829440}"
      4096,         0,         0,   0.222,standalone_exact_mw,9d8ad86e51451842b54dafc7680d1b486ef291963bb72c70f3cdd570d2d8fa34,"{""distance"":7,""physical_error_rate"":0.002}","{""detection_events"":25442,""detectors_checked"":3317760}"
      1024,         3,         0,   0.056,standalone_exact_mw,ac604fb97cbefca8234024efb37144c861c0ed9870cf9e2c8901bf3b9b1f370f,"{""distance"":7,""physical_error_rate"":0.02}","{""detection_events"":57744,""detectors_checked"":829440,""obs_mistake_mask=E"":3}"
      7168,        18,         0,   0.382,standalone_exact_mw,ac604fb97cbefca8234024efb37144c861c0ed9870cf9e2c8901bf3b9b1f370f,"{""distance"":7,""physical_error_rate"":0.02}","{""detection_events"":403689,""detectors_checked"":5806080,""obs_mistake_mask=E"":18}"
      2048,         0,         0,   0.172,standalone_exact_mw,6a10a1840a7277b64863681e13d5cb65ed80b6c0c130a71789e1f9b9f94c8771,"{""distance"":7,""physical_error_rate"":0.005}","{""detection_events"":31682,""detectors_checked"":1658880}"
      2048,         0,         0,   0.189,standalone_exact_mw,3bd544bb51e006261b45d3a2c996e28fc0c0449411cee5f7deafcd25d9539ebc,"{""distance"":7,""physical_error_rate"":0.001}","{""detection_events"":6754,""detectors_checked"":1658880}"
      3072,         0,         0,   0.390,standalone_exact_mw,127be6187b4f42ce503a2e58abe78322609c231565a94a3f55b4bab680d66d05,"{""distance"":7,""physical_error_rate"":0.01}","{""detection_events"":91398,""detectors_checked"":2488320}"
      1024,         0,         0,   0.118,standalone_exact_mw,127be6187b4f42ce503a2e58abe78322609c231565a94a3f55b4bab680d66d05,"{""distance"":7,""physical_error_rate"":0.01}","{""detection_events"":30404,""detectors_checked"":829440}"
      1024,         0,         0,   0.065,standalone_exact_mw,ba5ada56442ed2ba457be44e3218b165c8a19e21146c9941e841199e65961aae,"{""distance"":7,""physical_error_rate"":0.0005}","{""detection_events"":1535,""detectors_checked"":829440}"
      5120,         4,         0,   0.229,standalone_exact_mw,ac604fb97cbefca8234024efb37144c861c0ed9870cf9e2c8901bf3b9b1f370f,"{""distance"":7,""physical_error_rate"":0.02}","{""detection_events"":288409,""detectors_checked"":4147200,""obs_mistake_mask=E"":4}"
     10240,         0,         0,   0.436,standalone_exact_mw,3bd544bb51e006261b45d3a2c996e28fc0c0449411cee5f7deafcd25d9539ebc,"{""distance"":7,""physical_error_rate"":0.001}","{""detection_events"":31708,""detectors_checked"":8294400}"
      3072,         0,         0,   0.337,standalone_exact_mw,127be6187b4f42ce503a2e58abe78322609c231565a94a3f55b4bab680d66d05,"{""distance"":7,""physical_error_rate"":0.01}","{""detection_events"":91886,""detectors_checked"":2488320}"
     33792,         0,         0,   0.805,standalone_exact_mw,3bd544bb51e006261b45d3a2c996e28fc0c0449411cee5f7deafcd25d9539ebc,"{""distance"":7,""physical_error_rate"":0.001}","{""detection_events"":105002,""detectors_checked"":27371520}"
      1024,         0,         0,   0.163,standalone_exact_mw,127be6187b4f42ce503a2e58abe78322609c231565a94a3f55b4bab680d66d05,"{""distance"":7,""physical_error_rate"":0.01}","{""detection_events"":30743,""detectors_checked"":829440}"
      6144,         0,         0,   0.317,standalone_exact_mw,9d8ad86e51451842b54dafc7680d1b486ef291963bb72c70f3cdd570d2d8fa34,"{""distance"":7,""physical_error_rate"":0.002}","{""detection_events"":37994,""detectors_checked"":4976640}"
     11264,         0,         0,   0.160,standalone_exact_mw,e5383d45c2b34399c539563e7789a53fd4b96cd0b38eade39a3cbfe07ba21ab0,"{""distance"":7,""physical_error_rate"":0.0002}","{""detection_events"":7126,""detectors_checked"":9123840}"
      4096,         0,         0,   0.143,standalone_exact_mw,ba5ada56442ed2ba457be44e3218b165c8a19e21146c9941e841199e65961aae,"{""distance"":7,""physical_error_rate"":0.0005}","{""detection_events"":6556,""detectors_checked"":3317760}"
      1024,         0,         0,   0.078,standalone_exact_mw,127be6187b4f42ce503a2e58abe78322609c231565a94a3f55b4bab680d66d05,"{""distance"":7,""physical_error_rate"":0.01}","{""detection_events"":30701,""detectors_checked"":829440}"
      2048,         0,         0,   0.191,standalone_exact_mw,e5383d45c2b34399c539563e7789a53fd4b96cd0b38eade39a3cbfe07ba21ab0,"{""distance"":7,""physical_error_rate"":0.0002}","{""detection_events"":1250,""detectors_checked"":1658880}"
      1024,         0,         0,   0.105,standalone_exact_mw,6a10a1840a7277b64863681e13d5cb65ed80b6c0c130a71789e1f9b9f94c8771,"{""distance"":7,""physical_error_rate"":0.005}","{""detection_events"":15491,""detectors_checked"":829440}"
      3072,         0,         0,   0.267,standalone_exact_mw,3bd544bb51e006261b45d3a2c996e28fc0c0449411cee5f7deafcd25d9539ebc,"{""distance"":7,""physical_error_rate"":0.001}","{""detection_events"":9486,""detectors_checked"":2488320}"
      1024,         0,         0,   0.111,standalone_exact_mw,9d8ad86e51451842b54dafc7680d1b486ef291963bb72c70f3cdd570d2d8fa34,"{""distance"":7,""physical_error_rate"":0.002}","{""detection_events"":6486,""detectors_checked"":829440}"
      2048,         0,         0,   0.081,standalone_exact_mw,e5383d45c2b34399c539563e7789a53fd4b96cd0b38eade39a3cbfe07ba21ab0,"{""distance"":7,""physical_error_rate"":0.0002}","{""detection_events"":1242,""detectors_checked"":1658880}"
      1024,         0,         0,   0.098,standalone_exact_mw,6a10a1840a7277b64863681e13d5cb65ed80b6c0c130a71789e1f9b9f94c8771,"{""distance"":7,""physical_error_rate"":0.005}","{""detection_events"":15804,""detectors_checked"":829440}"
      1024,         0,         0,   0.113,standalone_exact_mw,6a10a1840a7277b64863681e13d5cb65ed80b6c0c130a71789e1f9b9f94c8771,"{""distance"":7,""physical_error_rate"":0.005}","{""detection_events"":15364,""detectors_checked"":829440}"
      1024,         0,         0,   0.268,standalone_exact_mw,6a10a1840a7277b64863681e13d5cb65ed80b6c0c130a71789e1f9b9f94c8771,"{""distance"":7,""physical_error_rate"":0.005}","{""detection_events"":15793,""detectors_checked"":829440}"
      4096,         0,         0,   0.387,standalone_exact_mw,9d8ad86e51451842b54dafc7680d1b486ef291963bb72c70f3cdd570d2d8fa34,"{""distance"":7,""physical_error_rate"":0.002}","{""detection_events"":24801,""detectors_checked"":3317760}"
         1,         0,         0,   0.025,standalone_exact_mw,9d8ad86e51451842b54dafc7680d1b486ef291963bb72c70f3cdd570d2d8fa34,"{""distance"":7,""physical_error_rate"":0.002}","{""detection_events"":2,""detectors_checked"":810}"
      1024,         0,         0,   0.258,standalone_exact_mw,127be6187b4f42ce503a2e58abe78322609c231565a94a3f55b4bab680d66d05,"{""distance"":7,""physical_error_rate"":0.01}","{""detection_events"":30237,""detectors_checked"":829440}"
      4096,         0,         0,   0.313,standalone_exact_mw,9d8ad86e51451842b54dafc7680d1b486ef291963bb72c70f3cdd570d2d8fa34,"{""distance"":7,""physical_error_rate"":0.002}","{""detection_events"":25675,""detectors_checked"":3317760}"
      3072,         0,         0,   0.197,standalone_exact_mw,6a10a1840a7277b64863681e13d5cb65ed80b6c0c130a71789e1f9b9f94c8771,"{""distance"":7,""physical_error_rate"":0.005}","{""detection_events"":47269,""detectors_checked"":2488320}"
      6144,         0,         0,   0.221,standalone_exact_mw,ba5ada56442ed2ba457be44e3218b165c8a19e21146c9941e841199e65961aae,"{""distance"":7,""physical_error_rate"":0.0005}","{""detection_events"":9509,""detectors_checked"":4976640}"
      2048,         4,         0,   0.091,standalone_exact_mw,ac604fb97cbefca8234024efb37144c861c0ed9870cf9e2c8901bf3b9b1f370f,"{""distance"":7,""physical_error_rate"":0.02}","{""detection_events"":116335,""detectors_checked"":1658880,""obs_mistake_mask=E"":4}"
       273,         0,         0,   0.024,standalone_exact_mw,3bd544bb51e006261b45d3a2c996e28fc0c0449411cee5f7deafcd25d9539ebc,"{""distance"":7,""physical_error_rate"":0.001}","{""detection_events"":854,""detectors_checked"":221130}"
      1024,         0,         0,   0.072,standalone_exact_mw,ba5ada56442ed2ba457be44e3218b165c8a19e21146c9941e841199e65961aae,"{""distance"":7,""physical_error_rate"":0.0005}","{""detection_events"":1636,""detectors_checked"":829440}"
      3072,         0,         0,   0.207,standalone_exact_mw,6a10a1840a7277b64863681e13d5cb65ed80b6c0c130a71789e1f9b9f94c8771,"{""distance"":7,""physical_error_rate"":0.005}","{""detection_events"":46465,""detectors_checked"":2488320}"
      2048,         1,         0,   0.322,standalone_exact_mw,127be6187b4f42ce503a2e58abe78322609c231565a94a3f55b4bab680d66d05,"{""distance"":7,""physical_error_rate"":0.01}","{""detection_events"":60561,""detectors_checked"":1658880,""obs_mistake_mask=E"":1}"
     26624,         0,         0,   0.810,standalone_exact_mw,9d8ad86e51451842b54dafc7680d1b486ef291963bb72c70f3cdd570d2d8fa34,"{""distance"":7,""physical_error_rate"":0.002}","{""detection_events"":166068,""detectors_checked"":21565440}"
      2048,         0,         0,   0.141,standalone_exact_mw,3bd544bb51e006261b45d3a2c996e28fc0c0449411cee5f7deafcd25d9539ebc,"{""distance"":7,""physical_error_rate"":0.001}","{""detection_events"":6438,""detectors_checked"":1658880}"
      2048,         0,         0,   0.238,standalone_exact_mw,127be6187b4f42ce503a2e58abe78322609c231565a94a3f55b4bab680d66d05,"{""distance"":7,""physical_error_rate"":0.01}","{""detection_events"":61214,""detectors_checked"":1658880}"
      1024,         0,         0,   0.107,standalone_exact_mw,127be6187b4f42ce503a2e58abe78322609c231565a94a3f55b4bab680d66d05,"{""distance"":7,""physical_error_rate"":0.01}","{""detection_events"":30431,""detectors_checked"":829440}"
      1024,         1,         0,   0.077,standalone_exact_mw,127be6187b4f42ce503a2e58abe78322609c231565a94a3f55b4bab680d66d05,"{""distance"":7,""physical_error_rate"":0.01}","{""detection_events"":30137,""detectors_checked"":829440,""obs_mistake_mask=E"":1}"
      3072,         0,         0,   0.161,standalone_exact_mw,ba5ada56442ed2ba457be44e3218b165c8a19e21146c9941e841199e65961aae,"{""distance"":7,""physical_error_rate"":0.0005}","{""detection_events"":4499,""detectors_checked"":2488320}"
      1296,         0,         0,   0.144,standalone_exact_mw,6a10a1840a7277b64863681e13d5cb65ed80b6c0c130a71789e1f9b9f94c8771,"{""distance"":7,""physical_error_rate"":0.005}","{""detection_events"":19710,""detectors_checked"":1049760}"
      2048,         7,         0,   0.343,standalone_exact_mw,ac604fb97cbefca8234024efb37144c861c0ed9870cf9e2c8901bf3b9b1f370f,"{""distance"":7,""physical_error_rate"":0.02}","{""detection_events"":115718,""detectors_checked"":1658880,""obs_mistake_mask=E"":7}"
      2048,         0,         0,   0.077,standalone_exact_mw,e5383d45c2b34399c539563e7789a53fd4b96cd0b38eade39a3cbfe07ba21ab0,"{""distance"":7,""physical_error_rate"":0.0002}","{""detection_events"":1246,""detectors_checked"":1658880}"
      1024,         0,         0,   0.097,standalone_exact_mw,9d8ad86e51451842b54dafc7680d1b486ef291963bb72c70f3cdd570d2d8fa34,"{""distance"":7,""physical_error_rate"":0.002}","{""detection_events"":6115,""detectors_checked"":829440}"
      8192,         0,         0,   0.231,standalone_exact_mw,e5383d45c2b34399c539563e7789a53fd4b96cd0b38eade39a3cbfe07ba21ab0,"{""distance"":7,""physical_error_rate"":0.0002}","{""detection_events"":5229,""detectors_checked"":6635520}"
      2048,         2,         0,   0.201,standalone_exact_mw,ac604fb97cbefca8234024efb37144c861c0ed9870cf9e2c8901bf3b9b1f370f,"{""distance"":7,""physical_error_rate"":0.02}","{""detection_events"":115252,""detectors_checked"":1658880,""obs_mistake_mask=E"":2}"
     22528,         0,         0,   0.795,standalone_exact_mw,6a10a1840a7277b64863681e13d5cb65ed80b6c0c130a71789e1f9b9f94c8771,"{""distance"":7,""physical_error_rate"":0.005}","{""detection_events"":344218,""detectors_checked"":18247680}"
     12288,         0,         0,   0.851,standalone_exact_mw,ba5ada56442ed2ba457be44e3218b165c8a19e21146c9941e841199e65961aae,"{""distance"":7,""physical_error_rate"":0.0005}","{""detection_events"":19589,""detectors_checked"":9953280}"
      1024,         0,         0,   0.071,standalone_exact_mw,3bd544bb51e006261b45d3a2c996e28fc0c0449411cee5f7deafcd25d9539ebc,"{""distance"":7,""physical_error_rate"":0.001}","{""detection_events"":3130,""detectors_checked"":829440}"
      1024,         0,         0,   0.095,standalone_exact_mw,6a10a1840a7277b64863681e13d5cb65ed80b6c0c130a71789e1f9b9f94c8771,"{""distance"":7,""physical_error_rate"":0.005}","{""detection_events"":15938,""detectors_checked"":829440}"
      2048,         0,         0,   0.322,standalone_exact_mw,9d8ad86e51451842b54dafc7680d1b486ef291963bb72c70f3cdd570d2d8fa34,"{""distance"":7,""physical_error_rate"":0.002}","{""detection_events"":12429,""detectors_checked"":1658880}"
      3072,         0,         0,   0.343,standalone_exact_mw,127be6187b4f42ce503a2e58abe78322609c231565a94a3f55b4bab680d66d05,"{""distance"":7,""physical_error_rate"":0.01}","{""detection_events"":91159,""detectors_checked"":2488320}"
      3072,         0,         0,   0.194,standalone_exact_mw,e5383d45c2b34399c539563e7789a53fd4b96cd0b38eade39a3cbfe07ba21ab0,"{""distance"":7,""physical_error_rate"":0.0002}","{""detection_events"":1989,""detectors_checked"":2488320}"
      2048,         0,         0,   0.245,standalone_exact_mw,9d8ad86e51451842b54dafc7680d1b486ef291963bb72c70f3cdd570d2d8fa34,"{""distance"":7,""physical_error_rate"":0.002}","{""detection_events"":12537,""detectors_checked"":1658880}"
      1024,         0,         0,   0.087,standalone_exact_mw,6a10a1840a7277b64863681e13d5cb65ed80b6c0c130a71789e1f9b9f94c8771,"{""distance"":7,""physical_error_rate"":0.005}","{""detection_events"":15843,""detectors_checked"":829440}"
      1024,         0,         0,   0.101,standalone_exact_mw,6a10a1840a7277b64863681e13d5cb65ed80b6c0c130a71789e1f9b9f94c8771,"{""distance"":7,""physical_error_rate"":0.005}","{""detection_events"":15785,""detectors_checked"":829440}"
      1296,         0,         0,   0.090,standalone_exact_mw,9d8ad86e51451842b54dafc7680d1b486ef291963bb72c70f3cdd570d2d8fa34,"{""distance"":7,""physical_error_rate"":0.002}","{""detection_events"":8011,""detectors_checked"":1049760}"
         1,         0,         0,   0.006,standalone_exact_mw,e5383d45c2b34399c539563e7789a53fd4b96cd0b38eade39a3cbfe07ba21ab0,"{""distance"":7,""physical_error_rate"":0.0002}","{""detection_events"":2,""detectors_checked"":810}"
      5120,         0,         0,   0.353,standalone_exact_mw,127be6187b4f42ce503a2e58abe78322609c231565a94a3f55b4bab680d66d05,"{""distance"":7,""physical_error_rate"":0.01}","{""detection_events"":152142,""detectors_checked"":4147200}"
      1024,         0,         0,   0.089,standalone_exact_mw,ba5ada56442ed2ba457be44e3218b165c8a19e21146c9941e841199e65961aae,"{""distance"":7,""physical_error_rate"":0.0005}","{""detection_events"":1577,""detectors_checked"":829440}"
      5120,         0,         0,   0.725,standalone_exact_mw,ba5ada56442ed2ba457be44e3218b165c8a19e21146c9941e841199e65961aae,"{""distance"":7,""physical_error_rate"":0.0005}","{""detection_events"":7935,""detectors_checked"":4147200}"
      2048,         6,         0,   0.107,standalone_exact_mw,ac604fb97cbefca8234024efb37144c861c0ed9870cf9e2c8901bf3b9b1f370f,"{""distance"":7,""physical_error_rate"":0.02}","{""detection_events"":115517,""detectors_checked"":1658880,""obs_mistake_mask=E"":6}"
      2048,         0,         0,   0.191,standalone_exact_mw,6a10a1840a7277b64863681e13d5cb65ed80b6c0c130a71789e1f9b9f94c8771,"{""distance"":7,""physical_error_rate"":0.005}","{""detection_events"":31582,""detectors_checked"":1658880}"
      2048,         5,         0,   0.335,standalone_exact_mw,ac604fb97cbefca8234024efb37144c861c0ed9870cf9e2c8901bf3b9b1f370f,"{""distance"":7,""physical_error_rate"":0.02}","{""detection_events"":114521,""detectors_checked"":1658880,""obs_mistake_mask=E"":5}"
      1024,         2,         0,   0.341,standalone_exact_mw,ac604fb97cbefca8234024efb37144c861c0ed9870cf9e2c8901bf3b9b1f370f,"{""distance"":7,""physical_error_rate"":0.02}","{""detection_events"":57225,""detectors_checked"":829440,""obs_mistake_mask=E"":2}"
      1024,         0,         0,   0.047,standalone_exact_mw,9d8ad86e51451842b54dafc7680d1b486ef291963bb72c70f3cdd570d2d8fa34,"{""distance"":7,""physical_error_rate"":0.002}","{""detection_events"":6285,""detectors_checked"":829440}"
      1024,         0,         0,   0.172,standalone_exact_mw,3bd544bb51e006261b45d3a2c996e28fc0c0449411cee5f7deafcd25d9539ebc,"{""distance"":7,""physical_error_rate"":0.001}","{""detection_events"":3281,""detectors_checked"":829440}"
      5120,         0,         0,   0.219,standalone_exact_mw,3bd544bb51e006261b45d3a2c996e28fc0c0449411cee5f7deafcd25d9539ebc,"{""distance"":7,""physical_error_rate"":0.001}","{""detection_events"":16303,""detectors_checked"":4147200}"
      5120,        11,         0,   0.251,standalone_exact_mw,ac604fb97cbefca8234024efb37144c861c0ed9870cf9e2c8901bf3b9b1f370f,"{""distance"":7,""physical_error_rate"":0.02}","{""detection_events"":288799,""detectors_checked"":4147200,""obs_mistake_mask=E"":11}"
      3072,         0,         0,   0.369,standalone_exact_mw,3bd544bb51e006261b45d3a2c996e28fc0c0449411cee5f7deafcd25d9539ebc,"{""distance"":7,""physical_error_rate"":0.001}","{""detection_events"":9615,""detectors_checked"":2488320}"
      5120,         0,         0,   0.184,standalone_exact_mw,ba5ada56442ed2ba457be44e3218b165c8a19e21146c9941e841199e65961aae,"{""distance"":7,""physical_error_rate"":0.0005}","{""detection_events"":8063,""detectors_checked"":4147200}"
      1024,         0,         0,   0.067,standalone_exact_mw,3bd544bb51e006261b45d3a2c996e28fc0c0449411cee5f7deafcd25d9539ebc,"{""distance"":7,""physical_error_rate"":0.001}","{""detection_events"":3206,""detectors_checked"":829440}"
      1024,         0,         0,   0.138,standalone_exact_mw,127be6187b4f42ce503a2e58abe78322609c231565a94a3f55b4bab680d66d05,"{""distance"":7,""physical_error_rate"":0.01}","{""detection_events"":30252,""detectors_checked"":829440}"
      1024,         0,         0,   0.083,standalone_exact_mw,9d8ad86e51451842b54dafc7680d1b486ef291963bb72c70f3cdd570d2d8fa34,"{""distance"":7,""physical_error_rate"":0.002}","{""detection_events"":6633,""detectors_checked"":829440}"
      2048,         0,         0,   0.137,standalone_exact_mw,3bd544bb51e006261b45d3a2c996e28fc0c0449411cee5f7deafcd25d9539ebc,"{""distance"":7,""physical_error_rate"":0.001}","{""detection_events"":6257,""detectors_checked"":1658880}"
      1024,         0,         0,   0.127,standalone_exact_mw,127be6187b4f42ce503a2e58abe78322609c231565a94a3f55b4bab680d66d05,"{""distance"":7,""physical_error_rate"":0.01}","{""detection_events"":30342,""detectors_checked"":829440}"
      1296,         0,         0,   0.086,standalone_exact_mw,e5383d45c2b34399c539563e7789a53fd4b96cd0b38eade39a3cbfe07ba21ab0,"{""distance"":7,""physical_error_rate"":0.0002}","{""detection_events"":843,""detectors_checked"":1049760}"
      1024,         0,         0,   0.106,standalone_exact_mw,6a10a1840a7277b64863681e13d5cb65ed80b6c0c130a71789e1f9b9f94c8771,"{""distance"":7,""physical_error_rate"":0.005}","{""detection_events"":15802,""detectors_checked"":829440}"
     15360,         0,         0,   0.217,standalone_exact_mw,e5383d45c2b34399c539563e7789a53fd4b96cd0b38eade39a3cbfe07ba21ab0,"{""distance"":7,""physical_error_rate"":0.0002}","{""detection_events"":9662,""detectors_checked"":12441600}"
      1024,         0,         0,   0.107,standalone_exact_mw,6a10a1840a7277b64863681e13d5cb65ed80b6c0c130a71789e1f9b9f94c8771,"{""distance"":7,""physical_error_rate"":0.005}","{""detection_events"":15530,""detectors_checked"":829440}"
      1024,         0,         0,   0.047,standalone_exact_mw,9d8ad86e51451842b54dafc7680d1b486ef291963bb72c70f3cdd570d2d8fa34,"{""distance"":7,""physical_error_rate"":0.002}","{""detection_events"":6064,""detectors_checked"":829440}"
      2048,         0,         0,   0.145,standalone_exact_mw,127be6187b4f42ce503a2e58abe78322609c231565a94a3f55b4bab680d66d05,"{""distance"":7,""physical_error_rate"":0.01}","{""detection_events"":60741,""detectors_checked"":1658880}"
      3072,         0,         0,   0.127,standalone_exact_mw,e5383d45c2b34399c539563e7789a53fd4b96cd0b38eade39a3cbfe07ba21ab0,"{""distance"":7,""physical_error_rate"":0.0002}","{""detection_events"":1887,""detectors_checked"":2488320}"
     25600,         0,         0,   0.413,standalone_exact_mw,e5383d45c2b34399c539563e7789a53fd4b96cd0b38eade39a3cbfe07ba21ab0,"{""distance"":7,""physical_error_rate"":0.0002}","{""detection_events"":15958,""detectors_checked"":20736000}"
     10240,         0,         0,   0.601,standalone_exact_mw,3bd544bb51e006261b45d3a2c996e28fc0c0449411cee5f7deafcd25d9539ebc,"{""distance"":7,""physical_error_rate"":0.001}","{""detection_events"":31957,""detectors_checked"":8294400}"
      3072,         0,         0,   0.288,standalone_exact_mw,3bd544bb51e006261b45d3a2c996e28fc0c0449411cee5f7deafcd25d9539ebc,"{""distance"":7,""physical_error_rate"":0.001}","{""detection_events"":9556,""detectors_checked"":2488320}"
      6144,         0,         0,   0.496,standalone_exact_mw,ba5ada56442ed2ba457be44e3218b165c8a19e21146c9941e841199e65961aae,"{""distance"":7,""physical_error_rate"":0.0005}","{""detection_events"":9764,""detectors_checked"":4976640}"
     15360,         0,         0,   0.813,standalone_exact_mw,9d8ad86e51451842b54dafc7680d1b486ef291963bb72c70f3cdd570d2d8fa34,"{""distance"":7,""physical_error_rate"":0.002}","{""detection_events"":95779,""detectors_checked"":12441600}"
      1024,         0,         0,   0.168,standalone_exact_mw,6a10a1840a7277b64863681e13d5cb65ed80b6c0c130a71789e1f9b9f94c8771,"{""distance"":7,""physical_error_rate"":0.005}","{""detection_events"":15925,""detectors_checked"":829440}"
      3072,         6,         0,   0.409,standalone_exact_mw,ac604fb97cbefca8234024efb37144c861c0ed9870cf9e2c8901bf3b9b1f370f,"{""distance"":7,""physical_error_rate"":0.02}","{""detection_events"":172374,""detectors_checked"":2488320,""obs_mistake_mask=E"":6}"
      2048,         0,         0,   0.250,standalone_exact_mw,e5383d45c2b34399c539563e7789a53fd4b96cd0b38eade39a3cbfe07ba21ab0,"{""distance"":7,""physical_error_rate"":0.0002}","{""detection_events"":1327,""detectors_checked"":1658880}"
      1024,         0,         0,   0.124,standalone_exact_mw,ba5ada56442ed2ba457be44e3218b165c8a19e21146c9941e841199e65961aae,"{""distance"":7,""physical_error_rate"":0.0005}","{""detection_events"":1653,""detectors_checked"":829440}"
      1024,         0,         0,   0.072,standalone_exact_mw,3bd544bb51e006261b45d3a2c996e28fc0c0449411cee5f7deafcd25d9539ebc,"{""distance"":7,""physical_error_rate"":0.001}","{""detection_events"":3137,""detectors_checked"":829440}"
      1024,         0,         0,   0.111,standalone_exact_mw,6a10a1840a7277b64863681e13d5cb65ed80b6c0c130a71789e1f9b9f94c8771,"{""distance"":7,""physical_error_rate"":0.005}","{""detection_events"":15831,""detectors_checked"":829440}"
      6144,         0,         0,   0.325,standalone_exact_mw,9d8ad86e51451842b54dafc7680d1b486ef291963bb72c70f3cdd570d2d8fa34,"{""distance"":7,""physical_error_rate"":0.002}","{""detection_events"":38085,""detectors_checked"":4976640}"
      2048,         0,         0,   0.153,standalone_exact_mw,e5383d45c2b34399c539563e7789a53fd4b96cd0b38eade39a3cbfe07ba21ab0,"{""distance"":7,""physical_error_rate"":0.0002}","{""detection_events"":1235,""detectors_checked"":1658880}"
     11264,         0,         0,   0.435,standalone_exact_mw,ba5ada56442ed2ba457be44e3218b165c8a19e21146c9941e841199e65961aae,"{""distance"":7,""physical_error_rate"":0.0005}","{""detection_events"":17701,""detectors_checked"":9123840}"
      1024,         0,         0,   0.075,standalone_exact_mw,e5383d45c2b34399c539563e7789a53fd4b96cd0b38eade39a3cbfe07ba21ab0,"{""distance"":7,""physical_error_rate"":0.0002}","{""detection_events"":678,""detectors_checked"":829440}"
      1024,         0,         0,   0.057,standalone_exact_mw,9d8ad86e51451842b54dafc7680d1b486ef291963bb72c70f3cdd570d2d8fa34,"{""distance"":7,""physical_error_rate"":0.002}","{""detection_events"":6509,""detectors_checked"":829440}"
      3072,         4,         0,   0.148,standalone_exact_mw,ac604fb97cbefca8234024efb37144c861c0ed9870cf9e2c8901bf3b9b1f370f,"{""distance"":7,""physical_error_rate"":0.02}","{""detection_events"":173248,""detectors_checked"":2488320,""obs_mistake_mask=E"":4}"
      7168,        14,         0,   0.322,standalone_exact_mw,ac604fb97cbefca8234024efb37144c861c0ed9870cf9e2c8901bf3b9b1f370f,"{""distance"":7,""physical_error_rate"":0.02}","{""detection_events"":404194,""detectors_checked"":5806080,""obs_mistake_mask=E"":14}"
      4096,         0,         0,   0.216,standalone_exact_mw,ba5ada56442ed2ba457be44e3218b165c8a19e21146c9941e841199e65961aae,"{""distance"":7,""physical_error_rate"":0.0005}","{""detection_events"":6418,""detectors_checked"":3317760}"
      3072,         1,         0,   0.233,standalone_exact_mw,127be6187b4f42ce503a2e58abe78322609c231565a94a3f55b4bab680d66d05,"{""distance"":7,""physical_error_rate"":0.01}","{""detection_events"":90738,""detectors_checked"":2488320,""obs_mistake_mask=E"":1}"
      1024,         0,         0,   0.109,standalone_exact_mw,127be6187b4f42ce503a2e58abe78322609c231565a94a3f55b4bab680d66d05,"{""distance"":7,""physical_error_rate"":0.01}","{""detection_events"":29701,""detectors_checked"":829440}"
      4096,         0,         0,   0.272,standalone_exact_mw,6a10a1840a7277b64863681e13d5cb65ed80b6c0c130a71789e1f9b9f94c8771,"{""distance"":7,""physical_error_rate"":0.005}","{""detection_events"":62597,""detectors_checked"":3317760}"
      1024,         0,         0,   0.066,standalone_exact_mw,6a10a1840a7277b64863681e13d5cb65ed80b6c0c130a71789e1f9b9f94c8771,"{""distance"":7,""physical_error_rate"":0.005}","{""detection_events"":15297,""detectors_checked"":829440}"
      2048,         4,         0,   0.209,standalone_exact_mw,ac604fb97cbefca8234024efb37144c861c0ed9870cf9e2c8901bf3b9b1f370f,"{""distance"":7,""physical_error_rate"":0.02}","{""detection_events"":115429,""detectors_checked"":1658880,""obs_mistake_mask=E"":4}"
      1024,         0,         0,   0.059,standalone_exact_mw,3bd544bb51e006261b45d3a2c996e28fc0c0449411cee5f7deafcd25d9539ebc,"{""distance"":7,""physical_error_rate"":0.001}","{""detection_events"":3199,""detectors_checked"":829440}"
      1024,         1,         0,   0.320,standalone_exact_mw,127be6187b4f42ce503a2e58abe78322609c231565a94a3f55b4bab680d66d05,"{""distance"":7,""physical_error_rate"":0.01}","{""detection_events"":30501,""detectors_checked"":829440,""obs_mistake_mask=E"":1}"
      1024,         0,         0,   0.109,standalone_exact_mw,6a10a1840a7277b64863681e13d5cb65ed80b6c0c130a71789e1f9b9f94c8771,"{""distance"":7,""physical_error_rate"":0.005}","{""detection_events"":15280,""detectors_checked"":829440}"
      6144,         0,         0,   0.929,standalone_exact_mw,6a10a1840a7277b64863681e13d5cb65ed80b6c0c130a71789e1f9b9f94c8771,"{""distance"":7,""physical_error_rate"":0.005}","{""detection_events"":94384,""detectors_checked"":4976640}"
      1024,         0,         0,   0.057,standalone_exact_mw,9d8ad86e51451842b54dafc7680d1b486ef291963bb72c70f3cdd570d2d8fa34,"{""distance"":7,""physical_error_rate"":0.002}","{""detection_events"":6007,""detectors_checked"":829440}"
      4096,         0,         0,   0.314,standalone_exact_mw,6a10a1840a7277b64863681e13d5cb65ed80b6c0c130a71789e1f9b9f94c8771,"{""distance"":7,""physical_error_rate"":0.005}","{""detection_events"":62562,""detectors_checked"":3317760}"
      3072,         0,         0,   0.152,standalone_exact_mw,3bd544bb51e006261b45d3a2c996e28fc0c0449411cee5f7deafcd25d9539ebc,"{""distance"":7,""physical_error_rate"":0.001}","{""detection_events"":9675,""detectors_checked"":2488320}"
      2048,         0,         0,   0.209,standalone_exact_mw,6a10a1840a7277b64863681e13d5cb65ed80b6c0c130a71789e1f9b9f94c8771,"{""distance"":7,""physical_error_rate"":0.005}","{""detection_events"":31058,""detectors_checked"":1658880}"
      1024,         0,         0,   0.079,standalone_exact_mw,e5383d45c2b34399c539563e7789a53fd4b96cd0b38eade39a3cbfe07ba21ab0,"{""distance"":7,""physical_error_rate"":0.0002}","{""detection_events"":680,""detectors_checked"":829440}"
      9216,         0,         0,   0.325,standalone_exact_mw,ba5ada56442ed2ba457be44e3218b165c8a19e21146c9941e841199e65961aae,"{""distance"":7,""physical_error_rate"":0.0005}","{""detection_events"":14599,""detectors_checked"":7464960}"
      2048,         0,         0,   0.176,standalone_exact_mw,9d8ad86e51451842b54dafc7680d1b486ef291963bb72c70f3cdd570d2d8fa34,"{""distance"":7,""physical_error_rate"":0.002}","{""detection_events"":12491,""detectors_checked"":1658880}"
      1024,         0,         0,   0.088,standalone_exact_mw,ba5ada56442ed2ba457be44e3218b165c8a19e21146c9941e841199e65961aae,"{""distance"":7,""physical_error_rate"":0.0005}","{""detection_events"":1554,""detectors_checked"":829440}"
      4096,         6,         0,   0.425,standalone_exact_mw,ac604fb97cbefca8234024efb37144c861c0ed9870cf9e2c8901bf3b9b1f370f,"{""distance"":7,""physical_error_rate"":0.02}","{""detection_events"":231206,""detectors_checked"":3317760,""obs_mistake_mask=E"":6}"
      1024,         0,         0,   0.154,standalone_exact_mw,e5383d45c2b34399c539563e7789a53fd4b96cd0b38eade39a3cbfe07ba21ab0,"{""distance"":7,""physical_error_rate"":0.0002}","{""detection_events"":620,""detectors_checked"":829440}"
      1024,         0,         0,   0.059,standalone_exact_mw,3bd544bb51e006261b45d3a2c996e28fc0c0449411cee5f7deafcd25d9539ebc,"{""distance"":7,""physical_error_rate"":0.001}","{""detection_events"":3329,""detectors_checked"":829440}"
      1024,         0,         0,   0.073,standalone_exact_mw,6a10a1840a7277b64863681e13d5cb65ed80b6c0c130a71789e1f9b9f94c8771,"{""distance"":7,""physical_error_rate"":0.005}","{""detection_events"":15503,""detectors_checked"":829440}"
      4096,         1,         0,   0.437,standalone_exact_mw,127be6187b4f42ce503a2e58abe78322609c231565a94a3f55b4bab680d66d05,"{""distance"":7,""physical_error_rate"":0.01}","{""detection_events"":121483,""detectors_checked"":3317760,""obs_mistake_mask=E"":1}"
      3072,         0,         0,   0.196,standalone_exact_mw,6a10a1840a7277b64863681e13d5cb65ed80b6c0c130a71789e1f9b9f94c8771,"{""distance"":7,""physical_error_rate"":0.005}","{""detection_events"":47351,""detectors_checked"":2488320}"
      2048,         0,         0,   0.225,standalone_exact_mw,127be6187b4f42ce503a2e58abe78322609c231565a94a3f55b4bab680d66d05,"{""distance"":7,""physical_error_rate"":0.01}","{""detection_events"":60465,""detectors_checked"":1658880}"
      7168,         0,         0,   0.308,standalone_exact_mw,e5383d45c2b34399c539563e7789a53fd4b96cd0b38eade39a3cbfe07ba21ab0,"{""distance"":7,""physical_error_rate"":0.0002}","{""detection_events"":4596,""detectors_checked"":5806080}"
      6144,         0,         0,   0.232,standalone_exact_mw,ba5ada56442ed2ba457be44e3218b165c8a19e21146c9941e841199e65961aae,"{""distance"":7,""physical_error_rate"":0.0005}","{""detection_events"":9825,""detectors_checked"":4976640}"
      1024,         1,         0,   0.110,standalone_exact_mw,127be6187b4f42ce503a2e58abe78322609c231565a94a3f55b4bab680d66d05,"{""distance"":7,""physical_error_rate"":0.01}","{""detection_events"":30638,""detectors_checked"":829440,""obs_mistake_mask=E"":1}"
      2048,         0,         0,   0.247,standalone_exact_mw,3bd544bb51e006261b45d3a2c996e28fc0c0449411cee5f7deafcd25d9539ebc,"{""distance"":7,""physical_error_rate"":0.001}","{""detection_events"":6450,""detectors_checked"":1658880}"
      2048,         0,         0,   0.371,standalone_exact_mw,127be6187b4f42ce503a2e58abe78322609c231565a94a3f55b4bab680d66d05,"{""distance"":7,""physical_error_rate"":0.01}","{""detection_events"":60833,""detectors_checked"":1658880}"
      1024,         0,         0,   0.078,standalone_exact_mw,e5383d45c2b34399c539563e7789a53fd4b96cd0b38eade39a3cbfe07ba21ab0,"{""distance"":7,""physical_error_rate"":0.0002}","{""detection_events"":614,""detectors_checked"":829440}"
      1024,         0,         0,   0.174,standalone_exact_mw,6a10a1840a7277b64863681e13d5cb65ed80b6c0c130a71789e1f9b9f94c8771,"{""distance"":7,""physical_error_rate"":0.005}","{""detection_events"":15957,""detectors_checked"":829440}"
      6144,         0,         0,   0.438,standalone_exact_mw,9d8ad86e51451842b54dafc7680d1b486ef291963bb72c70f3cdd570d2d8fa34,"{""distance"":7,""physical_error_rate"":0.002}","{""detection_events"":38227,""detectors_checked"":4976640}"
      7168,         0,         0,   0.847,standalone_exact_mw,3bd544bb51e006261b45d3a2c996e28fc0c0449411cee5f7deafcd25d9539ebc,"{""distance"":7,""physical_error_rate"":0.001}","{""detection_events"":22481,""detectors_checked"":5806080}"
         1,         0,         0,   0.024,standalone_exact_mw,e5383d45c2b34399c539563e7789a53fd4b96cd0b38eade39a3cbfe07ba21ab0,"{""distance"":7,""physical_error_rate"":0.0002}","{""detection_events"":2,""detectors_checked"":810}"
      5120,         7,         0,   0.658,standalone_exact_mw,ac604fb97cbefca8234024efb37144c861c0ed9870cf9e2c8901bf3b9b1f370f,"{""distance"":7,""physical_error_rate"":0.02}","{""detection_events"":288932,""detectors_checked"":4147200,""obs_mistake_mask=E"":7}"
      4096,         1,         0,   0.442,standalone_exact_mw,127be6187b4f42ce503a2e58abe78322609c231565a94a3f55b4bab680d66d05,"{""distance"":7,""physical_error_rate"":0.01}","{""detection_events"":121806,""detectors_checked"":3317760,""obs_mistake_mask=E"":1}"
      5120,         0,         0,   0.433,standalone_exact_mw,9d8ad86e51451842b54dafc7680d1b486ef291963bb72c70f3cdd570d2d8fa34,"{""distance"":7,""physical_error_rate"":0.002}","{""detection_events"":32353,""detectors_checked"":4147200}"
      1024,         0,         0,   0.077,standalone_exact_mw,3bd544bb51e006261b45d3a2c996e28fc0c0449411cee5f7deafcd25d9539ebc,"{""distance"":7,""physical_error_rate"":0.001}","{""detection_events"":3173,""detectors_checked"":829440}"
      2048,         0,         0,   0.214,standalone_exact_mw,127be6187b4f42ce503a2e58abe78322609c231565a94a3f55b4bab680d66d05,"{""distance"":7,""physical_error_rate"":0.01}","{""detection_events"":60974,""detectors_checked"":1658880}"
      1024,         0,         0,   0.084,standalone_exact_mw,6a10a1840a7277b64863681e13d5cb65ed80b6c0c130a71789e1f9b9f94c8771,"{""distance"":7,""physical_error_rate"":0.005}","{""detection_events"":15744,""detectors_checked"":829440}"
      3072,         0,         0,   0.212,standalone_exact_mw,e5383d45c2b34399c539563e7789a53fd4b96cd0b38eade39a3cbfe07ba21ab0,"{""distance"":7,""physical_error_rate"":0.0002}","{""detection_events"":1864,""detectors_checked"":2488320}"
      2048,         0,         0,   0.140,standalone_exact_mw,9d8ad86e51451842b54dafc7680d1b486ef291963bb72c70f3cdd570d2d8fa34,"{""distance"":7,""physical_error_rate"":0.002}","{""detection_events"":12694,""detectors_checked"":1658880}"
      2048,         4,         0,   0.402,standalone_exact_mw,ac604fb97cbefca8234024efb37144c861c0ed9870cf9e2c8901bf3b9b1f370f,"{""distance"":7,""physical_error_rate"":0.02}","{""detection_events"":115304,""detectors_checked"":1658880,""obs_mistake_mask=E"":4}"
      5120,         0,         0,   0.865,standalone_exact_mw,127be6187b4f42ce503a2e58abe78322609c231565a94a3f55b4bab680d66d05,"{""distance"":7,""physical_error_rate"":0.01}","{""detection_events"":151237,""detectors_checked"":4147200}"
      1024,         0,         0,   0.475,standalone_exact_mw,6a10a1840a7277b64863681e13d5cb65ed80b6c0c130a71789e1f9b9f94c8771,"{""distance"":7,""physical_error_rate"":0.005}","{""detection_events"":15897,""detectors_checked"":829440}"
      1024,         1,         0,   0.343,standalone_exact_mw,ac604fb97cbefca8234024efb37144c861c0ed9870cf9e2c8901bf3b9b1f370f,"{""distance"":7,""physical_error_rate"":0.02}","{""detection_events"":57919,""detectors_checked"":829440,""obs_mistake_mask=E"":1}"
         1,         0,         0,   0.010,standalone_exact_mw,6a10a1840a7277b64863681e13d5cb65ed80b6c0c130a71789e1f9b9f94c8771,"{""distance"":7,""physical_error_rate"":0.005}","{""detection_events"":6,""detectors_checked"":810}"
      1024,         0,         0,   0.070,standalone_exact_mw,e5383d45c2b34399c539563e7789a53fd4b96cd0b38eade39a3cbfe07ba21ab0,"{""distance"":7,""physical_error_rate"":0.0002}","{""detection_events"":636,""detectors_checked"":829440}"
       272,         0,         0,   0.071,standalone_exact_mw,e5383d45c2b34399c539563e7789a53fd4b96cd0b38eade39a3cbfe07ba21ab0,"{""distance"":7,""physical_error_rate"":0.0002}","{""detection_events"":179,""detectors_checked"":220320}"
      2048,         0,         0,   0.142,standalone_exact_mw,ba5ada56442ed2ba457be44e3218b165c8a19e21146c9941e841199e65961aae,"{""distance"":7,""physical_error_rate"":0.0005}","{""detection_events"":3182,""detectors_checked"":1658880}"
      3072,         0,         0,   0.411,standalone_exact_mw,9d8ad86e51451842b54dafc7680d1b486ef291963bb72c70f3cdd570d2d8fa34,"{""distance"":7,""physical_error_rate"":0.002}","{""detection_events"":19091,""detectors_checked"":2488320}"
      5120,         0,         0,   0.345,standalone_exact_mw,3bd544bb51e006261b45d3a2c996e28fc0c0449411cee5f7deafcd25d9539ebc,"{""distance"":7,""physical_error_rate"":0.001}","{""detection_events"":16279,""detectors_checked"":4147200}"
      4096,         0,         0,   0.269,standalone_exact_mw,3bd544bb51e006261b45d3a2c996e28fc0c0449411cee5f7deafcd25d9539ebc,"{""distance"":7,""physical_error_rate"":0.001}","{""detection_events"":12687,""detectors_checked"":3317760}"
      2048,         3,         0,   0.388,standalone_exact_mw,ac604fb97cbefca8234024efb37144c861c0ed9870cf9e2c8901bf3b9b1f370f,"{""distance"":7,""physical_error_rate"":0.02}","{""detection_events"":114806,""detectors_checked"":1658880,""obs_mistake_mask=E"":3}"
      1024,         0,         0,   0.115,standalone_exact_mw,127be6187b4f42ce503a2e58abe78322609c231565a94a3f55b4bab680d66d05,"{""distance"":7,""physical_error_rate"":0.01}","{""detection_events"":30423,""detectors_checked"":829440}"
      4096,         1,         0,   0.415,standalone_exact_mw,127be6187b4f42ce503a2e58abe78322609c231565a94a3f55b4bab680d66d05,"{""distance"":7,""physical_error_rate"":0.01}","{""detection_events"":121640,""detectors_checked"":3317760,""obs_mistake_mask=E"":1}"
       272,         0,         0,   0.024,standalone_exact_mw,6a10a1840a7277b64863681e13d5cb65ed80b6c0c130a71789e1f9b9f94c8771,"{""distance"":7,""physical_error_rate"":0.005}","{""detection_events"":4094,""detectors_checked"":220320}"
     11264,         0,         0,   0.315,standalone_exact_mw,e5383d45c2b34399c539563e7789a53fd4b96cd0b38eade39a3cbfe07ba21ab0,"{""distance"":7,""physical_error_rate"":0.0002}","{""detection_events"":7031,""detectors_checked"":9123840}"
      4096,         8,         0,   0.365,standalone_exact_mw,ac604fb97cbefca8234024efb37144c861c0ed9870cf9e2c8901bf3b9b1f370f,"{""distance"":7,""physical_error_rate"":0.02}","{""detection_events"":230733,""detectors_checked"":3317760,""obs_mistake_mask=E"":8}"
      3072,         0,         0,   0.299,standalone_exact_mw,e5383d45c2b34399c539563e7789a53fd4b96cd0b38eade39a3cbfe07ba21ab0,"{""distance"":7,""physical_error_rate"":0.0002}","{""detection_events"":1981,""detectors_checked"":2488320}"
     13312,         0,         0,   0.568,standalone_exact_mw,3bd544bb51e006261b45d3a2c996e28fc0c0449411cee5f7deafcd25d9539ebc,"{""distance"":7,""physical_error_rate"":0.001}","{""detection_events"":41749,""detectors_checked"":10782720}"
      5120,         2,         0,   0.439,standalone_exact_mw,127be6187b4f42ce503a2e58abe78322609c231565a94a3f55b4bab680d66d05,"{""distance"":7,""physical_error_rate"":0.01}","{""detection_events"":151805,""detectors_checked"":4147200,""obs_mistake_mask=E"":2}"
         1,         0,         0,   0.003,standalone_exact_mw,ba5ada56442ed2ba457be44e3218b165c8a19e21146c9941e841199e65961aae,"{""distance"":7,""physical_error_rate"":0.0005}","{""detection_events"":3,""detectors_checked"":810}"
      2048,         0,         0,   0.238,standalone_exact_mw,127be6187b4f42ce503a2e58abe78322609c231565a94a3f55b4bab680d66d05,"{""distance"":7,""physical_error_rate"":0.01}","{""detection_events"":60590,""detectors_checked"":1658880}"
      1024,         0,         0,   0.107,standalone_exact_mw,6a10a1840a7277b64863681e13d5cb65ed80b6c0c130a71789e1f9b9f94c8771,"{""distance"":7,""physical_error_rate"":0.005}","{""detection_events"":15745,""detectors_checked"":829440}"
      1024,         0,         0,   0.125,standalone_exact_mw,6a10a1840a7277b64863681e13d5cb65ed80b6c0c130a71789e1f9b9f94c8771,"{""distance"":7,""physical_error_rate"":0.005}","{""detection_events"":15710,""detectors_checked"":829440}"
      4096,         0,         0,   0.207,standalone_exact_mw,e5383d45c2b34399c539563e7789a53fd4b96cd0b38eade39a3cbfe07ba21ab0,"{""distance"":7,""physical_error_rate"":0.0002}","{""detection_events"":2555,""detectors_checked"":3317760}"
      3072,         0,         0,   0.076,standalone_exact_mw,e5383d45c2b34399c539563e7789a53fd4b96cd0b38eade39a3cbfe07ba21ab0,"{""distance"":7,""physical_error_rate"":0.0002}","{""detection_events"":1913,""detectors_checked"":2488320}"
      2048,         0,         0,   0.248,standalone_exact_mw,6a10a1840a7277b64863681e13d5cb65ed80b6c0c130a71789e1f9b9f94c8771,"{""distance"":7,""physical_error_rate"":0.005}","{""detection_events"":31519,""detectors_checked"":1658880}"
      2048,         0,         0,   0.138,standalone_exact_mw,3bd544bb51e006261b45d3a2c996e28fc0c0449411cee5f7deafcd25d9539ebc,"{""distance"":7,""physical_error_rate"":0.001}","{""detection_events"":6392,""detectors_checked"":1658880}"
      4096,         0,         0,   0.259,standalone_exact_mw,3bd544bb51e006261b45d3a2c996e28fc0c0449411cee5f7deafcd25d9539ebc,"{""distance"":7,""physical_error_rate"":0.001}","{""detection_events"":12992,""detectors_checked"":3317760}"
      2048,         0,         0,   0.249,standalone_exact_mw,9d8ad86e51451842b54dafc7680d1b486ef291963bb72c70f3cdd570d2d8fa34,"{""distance"":7,""physical_error_rate"":0.002}","{""detection_events"":13218,""detectors_checked"":1658880}"
      7168,        13,         0,   0.810,standalone_exact_mw,ac604fb97cbefca8234024efb37144c861c0ed9870cf9e2c8901bf3b9b1f370f,"{""distance"":7,""physical_error_rate"":0.02}","{""detection_events"":402521,""detectors_checked"":5806080,""obs_mistake_mask=E"":13}"
      4096,         1,         0,   0.314,standalone_exact_mw,127be6187b4f42ce503a2e58abe78322609c231565a94a3f55b4bab680d66d05,"{""distance"":7,""physical_error_rate"":0.01}","{""detection_events"":121203,""detectors_checked"":3317760,""obs_mistake_mask=E"":1}"
      6144,         0,         0,   0.326,standalone_exact_mw,ba5ada56442ed2ba457be44e3218b165c8a19e21146c9941e841199e65961aae,"{""distance"":7,""physical_error_rate"":0.0005}","{""detection_events"":9457,""detectors_checked"":4976640}"
      1296,         0,         0,   0.053,standalone_exact_mw,ba5ada56442ed2ba457be44e3218b165c8a19e21146c9941e841199e65961aae,"{""distance"":7,""physical_error_rate"":0.0005}","{""detection_events"":2011,""detectors_checked"":1049760}"
      1024,         0,         0,   0.079,standalone_exact_mw,6a10a1840a7277b64863681e13d5cb65ed80b6c0c130a71789e1f9b9f94c8771,"{""distance"":7,""physical_error_rate"":0.005}","{""detection_events"":15889,""detectors_checked"":829440}"
      5120,         0,         0,   0.311,standalone_exact_mw,6a10a1840a7277b64863681e13d5cb65ed80b6c0c130a71789e1f9b9f94c8771,"{""distance"":7,""physical_error_rate"":0.005}","{""detection_events"":78837,""detectors_checked"":4147200}"
      4096,         0,         0,   0.619,standalone_exact_mw,9d8ad86e51451842b54dafc7680d1b486ef291963bb72c70f3cdd570d2d8fa34,"{""distance"":7,""physical_error_rate"":0.002}","{""detection_events"":25313,""detectors_checked"":3317760}"
      3072,         0,         0,   0.157,standalone_exact_mw,9d8ad86e51451842b54dafc7680d1b486ef291963bb72c70f3cdd570d2d8fa34,"{""distance"":7,""physical_error_rate"":0.002}","{""detection_events"":19117,""detectors_checked"":2488320}"
      3072,         0,         0,   0.303,standalone_exact_mw,6a10a1840a7277b64863681e13d5cb65ed80b6c0c130a71789e1f9b9f94c8771,"{""distance"":7,""physical_error_rate"":0.005}","{""detection_events"":47061,""detectors_checked"":2488320}"
      3072,         0,         0,   0.550,standalone_exact_mw,9d8ad86e51451842b54dafc7680d1b486ef291963bb72c70f3cdd570d2d8fa34,"{""distance"":7,""physical_error_rate"":0.002}","{""detection_events"":18838,""detectors_checked"":2488320}"
      4096,         0,         0,   0.323,standalone_exact_mw,6a10a1840a7277b64863681e13d5cb65ed80b6c0c130a71789e1f9b9f94c8771,"{""distance"":7,""physical_error_rate"":0.005}","{""detection_events"":62620,""detectors_checked"":3317760}"
      2048,         0,         0,   0.155,standalone_exact_mw,ba5ada56442ed2ba457be44e3218b165c8a19e21146c9941e841199e65961aae,"{""distance"":7,""physical_error_rate"":0.0005}","{""detection_events"":3209,""detectors_checked"":1658880}"
      1024,         0,         0,   0.088,standalone_exact_mw,6a10a1840a7277b64863681e13d5cb65ed80b6c0c130a71789e1f9b9f94c8771,"{""distance"":7,""physical_error_rate"":0.005}","{""detection_events"":15670,""detectors_checked"":829440}"
      3072,         3,         0,   0.384,standalone_exact_mw,ac604fb97cbefca8234024efb37144c861c0ed9870cf9e2c8901bf3b9b1f370f,"{""distance"":7,""physical_error_rate"":0.02}","{""detection_events"":172503,""detectors_checked"":2488320,""obs_mistake_mask=E"":3}"
      1024,         0,         0,   0.055,standalone_exact_mw,ba5ada56442ed2ba457be44e3218b165c8a19e21146c9941e841199e65961aae,"{""distance"":7,""physical_error_rate"":0.0005}","{""detection_events"":1614,""detectors_checked"":829440}"
      5120,         0,         0,   0.418,standalone_exact_mw,9d8ad86e51451842b54dafc7680d1b486ef291963bb72c70f3cdd570d2d8fa34,"{""distance"":7,""physical_error_rate"":0.002}","{""detection_events"":31623,""detectors_checked"":4147200}"
      1024,         0,         0,   0.107,standalone_exact_mw,6a10a1840a7277b64863681e13d5cb65ed80b6c0c130a71789e1f9b9f94c8771,"{""distance"":7,""physical_error_rate"":0.005}","{""detection_events"":15712,""detectors_checked"":829440}"
      3072,         0,         0,   0.229,standalone_exact_mw,127be6187b4f42ce503a2e58abe78322609c231565a94a3f55b4bab680d66d05,"{""distance"":7,""physical_error_rate"":0.01}","{""detection_events"":91649,""detectors_checked"":2488320}"
      1024,         0,         0,   0.201,standalone_exact_mw,e5383d45c2b34399c539563e7789a53fd4b96cd0b38eade39a3cbfe07ba21ab0,"{""distance"":7,""physical_error_rate"":0.0002}","{""detection_events"":692,""detectors_checked"":829440}"
      3072,         5,         0,   0.405,standalone_exact_mw,ac604fb97cbefca8234024efb37144c861c0ed9870cf9e2c8901bf3b9b1f370f,"{""distance"":7,""physical_error_rate"":0.02}","{""detection_events"":174277,""detectors_checked"":2488320,""obs_mistake_mask=E"":5}"
      1024,         0,         0,   0.107,standalone_exact_mw,6a10a1840a7277b64863681e13d5cb65ed80b6c0c130a71789e1f9b9f94c8771,"{""distance"":7,""physical_error_rate"":0.005}","{""detection_events"":15435,""detectors_checked"":829440}"
      9216,         0,         0,   0.314,standalone_exact_mw,ba5ada56442ed2ba457be44e3218b165c8a19e21146c9941e841199e65961aae,"{""distance"":7,""physical_error_rate"":0.0005}","{""detection_events"":14414,""detectors_checked"":7464960}"
      1024,         0,         0,   0.055,standalone_exact_mw,ba5ada56442ed2ba457be44e3218b165c8a19e21146c9941e841199e65961aae,"{""distance"":7,""physical_error_rate"":0.0005}","{""detection_events"":1661,""detectors_checked"":829440}"
      3072,         0,         0,   0.498,standalone_exact_mw,3bd544bb51e006261b45d3a2c996e28fc0c0449411cee5f7deafcd25d9539ebc,"{""distance"":7,""physical_error_rate"":0.001}","{""detection_events"":9422,""detectors_checked"":2488320}"
      3072,         0,         0,   0.155,standalone_exact_mw,e5383d45c2b34399c539563e7789a53fd4b96cd0b38eade39a3cbfe07ba21ab0,"{""distance"":7,""physical_error_rate"":0.0002}","{""detection_events"":1993,""detectors_checked"":2488320}"
      6144,        12,         0,   0.456,standalone_exact_mw,ac604fb97cbefca8234024efb37144c861c0ed9870cf9e2c8901bf3b9b1f370f,"{""distance"":7,""physical_error_rate"":0.02}","{""detection_events"":346243,""detectors_checked"":4976640,""obs_mistake_mask=E"":12}"
      2048,         0,         0,   0.208,standalone_exact_mw,127be6187b4f42ce503a2e58abe78322609c231565a94a3f55b4bab680d66d05,"{""distance"":7,""physical_error_rate"":0.01}","{""detection_events"":61354,""detectors_checked"":1658880}"
     12288,         0,         0,   0.283,standalone_exact_mw,e5383d45c2b34399c539563e7789a53fd4b96cd0b38eade39a3cbfe07ba21ab0,"{""distance"":7,""physical_error_rate"":0.0002}","{""detection_events"":7760,""detectors_checked"":9953280}"
     11264,         0,         0,   0.414,standalone_exact_mw,ba5ada56442ed2ba457be44e3218b165c8a19e21146c9941e841199e65961aae,"{""distance"":7,""physical_error_rate"":0.0005}","{""detection_events"":17714,""detectors_checked"":9123840}"
      1024,         0,         0,   0.047,standalone_exact_mw,ba5ada56442ed2ba457be44e3218b165c8a19e21146c9941e841199e65961aae,"{""distance"":7,""physical_error_rate"":0.0005}","{""detection_events"":1544,""detectors_checked"":829440}"
      2048,         0,         0,   0.344,standalone_exact_mw,127be6187b4f42ce503a2e58abe78322609c231565a94a3f55b4bab680d66d05,"{""distance"":7,""physical_error_rate"":0.01}","{""detection_events"":61777,""detectors_checked"":1658880}"
      5120,         0,         0,   0.857,standalone_exact_mw,e5383d45c2b34399c539563e7789a53fd4b96cd0b38eade39a3cbfe07ba21ab0,"{""distance"":7,""physical_error_rate"":0.0002}","{""detection_events"":3197,""detectors_checked"":4147200}"
      3072,         0,         0,   0.163,standalone_exact_mw,9d8ad86e51451842b54dafc7680d1b486ef291963bb72c70f3cdd570d2d8fa34,"{""distance"":7,""physical_error_rate"":0.002}","{""detection_events"":19210,""detectors_checked"":2488320}"
     14336,         0,         0,   0.578,standalone_exact_mw,e5383d45c2b34399c539563e7789a53fd4b96cd0b38eade39a3cbfe07ba21ab0,"{""distance"":7,""physical_error_rate"":0.0002}","{""detection_events"":8982,""detectors_checked"":11612160}"
      2048,         0,         0,   0.401,standalone_exact_mw,6a10a1840a7277b64863681e13d5cb65ed80b6c0c130a71789e1f9b9f94c8771,"{""distance"":7,""physical_error_rate"":0.005}","{""detection_events"":30806,""detectors_checked"":1658880}"
      3072,         0,         0,   0.212,standalone_exact_mw,3bd544bb51e006261b45d3a2c996e28fc0c0449411cee5f7deafcd25d9539ebc,"{""distance"":7,""physical_error_rate"":0.001}","{""detection_events"":9296,""detectors_checked"":2488320}"
      1024,         3,         0,   0.320,standalone_exact_mw,ac604fb97cbefca8234024efb37144c861c0ed9870cf9e2c8901bf3b9b1f370f,"{""distance"":7,""physical_error_rate"":0.02}","{""detection_events"":58057,""detectors_checked"":829440,""obs_mistake_mask=E"":3}"
     14336,         0,         0,   0.418,standalone_exact_mw,e5383d45c2b34399c539563e7789a53fd4b96cd0b38eade39a3cbfe07ba21ab0,"{""distance"":7,""physical_error_rate"":0.0002}","{""detection_events"":8834,""detectors_checked"":11612160}"
      5120,         0,         0,   0.592,standalone_exact_mw,ba5ada56442ed2ba457be44e3218b165c8a19e21146c9941e841199e65961aae,"{""distance"":7,""physical_error_rate"":0.0005}","{""detection_events"":8212,""detectors_checked"":4147200}"
      3072,         0,         0,   0.417,standalone_exact_mw,3bd544bb51e006261b45d3a2c996e28fc0c0449411cee5f7deafcd25d9539ebc,"{""distance"":7,""physical_error_rate"":0.001}","{""detection_events"":9579,""detectors_checked"":2488320}"
      1024,         0,         0,   0.125,standalone_exact_mw,6a10a1840a7277b64863681e13d5cb65ed80b6c0c130a71789e1f9b9f94c8771,"{""distance"":7,""physical_error_rate"":0.005}","{""detection_events"":15462,""detectors_checked"":829440}"
      2048,         0,         0,   0.077,standalone_exact_mw,ba5ada56442ed2ba457be44e3218b165c8a19e21146c9941e841199e65961aae,"{""distance"":7,""physical_error_rate"":0.0005}","{""detection_events"":3102,""detectors_checked"":1658880}"
     18432,         0,         0,   0.591,standalone_exact_mw,ba5ada56442ed2ba457be44e3218b165c8a19e21146c9941e841199e65961aae,"{""distance"":7,""physical_error_rate"":0.0005}","{""detection_events"":29372,""detectors_checked"":14929920}"
      1024,         0,         0,   0.187,standalone_exact_mw,6a10a1840a7277b64863681e13d5cb65ed80b6c0c130a71789e1f9b9f94c8771,"{""distance"":7,""physical_error_rate"":0.005}","{""detection_events"":15679,""detectors_checked"":829440}"
      4096,         0,         0,   0.321,standalone_exact_mw,127be6187b4f42ce503a2e58abe78322609c231565a94a3f55b4bab680d66d05,"{""distance"":7,""physical_error_rate"":0.01}","{""detection_events"":121523,""detectors_checked"":3317760}"
      1024,         0,         0,   0.178,standalone_exact_mw,e5383d45c2b34399c539563e7789a53fd4b96cd0b38eade39a3cbfe07ba21ab0,"{""distance"":7,""physical_error_rate"":0.0002}","{""detection_events"":611,""detectors_checked"":829440}"
     16384,         0,         0,   0.314,standalone_exact_mw,e5383d45c2b34399c539563e7789a53fd4b96cd0b38eade39a3cbfe07ba21ab0,"{""distance"":7,""physical_error_rate"":0.0002}","{""detection_events"":10508,""detectors_checked"":13271040}"
      4096,         0,         0,   0.160,standalone_exact_mw,e5383d45c2b34399c539563e7789a53fd4b96cd0b38eade39a3cbfe07ba21ab0,"{""distance"":7,""physical_error_rate"":0.0002}","{""detection_events"":2554,""detectors_checked"":3317760}"
      5120,         7,         0,   0.660,standalone_exact_mw,ac604fb97cbefca8234024efb37144c861c0ed9870cf9e2c8901bf3b9b1f370f,"{""distance"":7,""physical_error_rate"":0.02}","{""detection_events"":287414,""detectors_checked"":4147200,""obs_mistake_mask=E"":7}"
      2048,         3,         0,   0.432,standalone_exact_mw,ac604fb97cbefca8234024efb37144c861c0ed9870cf9e2c8901bf3b9b1f370f,"{""distance"":7,""physical_error_rate"":0.02}","{""detection_events"":116103,""detectors_checked"":1658880,""obs_mistake_mask=E"":3}"
      2048,         0,         0,   0.311,standalone_exact_mw,9d8ad86e51451842b54dafc7680d1b486ef291963bb72c70f3cdd570d2d8fa34,"{""distance"":7,""physical_error_rate"":0.002}","{""detection_events"":12706,""detectors_checked"":1658880}"
      1024,         0,         0,   0.432,standalone_exact_mw,6a10a1840a7277b64863681e13d5cb65ed80b6c0c130a71789e1f9b9f94c8771,"{""distance"":7,""physical_error_rate"":0.005}","{""detection_events"":15522,""detectors_checked"":829440}"
      3072,         0,         0,   0.332,standalone_exact_mw,3bd544bb51e006261b45d3a2c996e28fc0c0449411cee5f7deafcd25d9539ebc,"{""distance"":7,""physical_error_rate"":0.001}","{""detection_events"":9597,""detectors_checked"":2488320}"
      6144,         0,         0,   0.405,standalone_exact_mw,3bd544bb51e006261b45d3a2c996e28fc0c0449411cee5f7deafcd25d9539ebc,"{""distance"":7,""physical_error_rate"":0.001}","{""detection_events"":19213,""detectors_checked"":4976640}"
      4096,         1,         0,   0.509,standalone_exact_mw,127be6187b4f42ce503a2e58abe78322609c231565a94a3f55b4bab680d66d05,"{""distance"":7,""physical_error_rate"":0.01}","{""detection_events"":121568,""detectors_checked"":3317760,""obs_mistake_mask=E"":1}"
      2048,         0,         0,   0.259,standalone_exact_mw,6a10a1840a7277b64863681e13d5cb65ed80b6c0c130a71789e1f9b9f94c8771,"{""distance"":7,""physical_error_rate"":0.005}","{""detection_events"":31849,""detectors_checked"":1658880}"
     14336,         0,         0,   0.401,standalone_exact_mw,e5383d45c2b34399c539563e7789a53fd4b96cd0b38eade39a3cbfe07ba21ab0,"{""distance"":7,""physical_error_rate"":0.0002}","{""detection_events"":9143,""detectors_checked"":11612160}"
      5120,         0,         0,   0.409,standalone_exact_mw,e5383d45c2b34399c539563e7789a53fd4b96cd0b38eade39a3cbfe07ba21ab0,"{""distance"":7,""physical_error_rate"":0.0002}","{""detection_events"":3008,""detectors_checked"":4147200}"
      3072,         0,         0,   0.113,standalone_exact_mw,ba5ada56442ed2ba457be44e3218b165c8a19e21146c9941e841199e65961aae,"{""distance"":7,""physical_error_rate"":0.0005}","{""detection_events"":4922,""detectors_checked"":2488320}"
      3072,         0,         0,   0.297,standalone_exact_mw,ba5ada56442ed2ba457be44e3218b165c8a19e21146c9941e841199e65961aae,"{""distance"":7,""physical_error_rate"":0.0005}","{""detection_events"":4777,""detectors_checked"":2488320}"
      1024,         0,         0,   0.120,standalone_exact_mw,6a10a1840a7277b64863681e13d5cb65ed80b6c0c130a71789e1f9b9f94c8771,"{""distance"":7,""physical_error_rate"":0.005}","{""detection_events"":15703,""detectors_checked"":829440}"
      4096,         7,         0,   0.431,standalone_exact_mw,ac604fb97cbefca8234024efb37144c861c0ed9870cf9e2c8901bf3b9b1f370f,"{""distance"":7,""physical_error_rate"":0.02}","{""detection_events"":229993,""detectors_checked"":3317760,""obs_mistake_mask=E"":7}"
         1,         0,         0,   0.014,standalone_exact_mw,ac604fb97cbefca8234024efb37144c861c0ed9870cf9e2c8901bf3b9b1f370f,"{""distance"":7,""physical_error_rate"":0.02}","{""detection_events"":56,""detectors_checked"":810}"
      7168,         0,         0,   0.460,standalone_exact_mw,3bd544bb51e006261b45d3a2c996e28fc0c0449411cee5f7deafcd25d9539ebc,"{""distance"":7,""physical_error_rate"":0.001}","{""detection_events"":22659,""detectors_checked"":5806080}"
      2048,         0,         0,   0.391,standalone_exact_mw,6a10a1840a7277b64863681e13d5cb65ed80b6c0c130a71789e1f9b9f94c8771,"{""distance"":7,""physical_error_rate"":0.005}","{""detection_events"":31467,""detectors_checked"":1658880}"
      2048,         0,         0,   0.220,standalone_exact_mw,127be6187b4f42ce503a2e58abe78322609c231565a94a3f55b4bab680d66d05,"{""distance"":7,""physical_error_rate"":0.01}","{""detection_events"":61308,""detectors_checked"":1658880}"
        16,         0,         0,   0.002,standalone_exact_mw,ac604fb97cbefca8234024efb37144c861c0ed9870cf9e2c8901bf3b9b1f370f,"{""distance"":7,""physical_error_rate"":0.02}","{""detection_events"":930,""detectors_checked"":12960}"
      2048,         3,         0,   0.437,standalone_exact_mw,ac604fb97cbefca8234024efb37144c861c0ed9870cf9e2c8901bf3b9b1f370f,"{""distance"":7,""physical_error_rate"":0.02}","{""detection_events"":115684,""detectors_checked"":1658880,""obs_mistake_mask=E"":3}"
      1024,         0,         0,   0.313,standalone_exact_mw,ac604fb97cbefca8234024efb37144c861c0ed9870cf9e2c8901bf3b9b1f370f,"{""distance"":7,""physical_error_rate"":0.02}","{""detection_events"":58225,""detectors_checked"":829440}"
      1024,         0,         0,   0.110,standalone_exact_mw,e5383d45c2b34399c539563e7789a53fd4b96cd0b38eade39a3cbfe07ba21ab0,"{""distance"":7,""physical_error_rate"":0.0002}","{""detection_events"":636,""detectors_checked"":829440}"
         1,         0,         0,   0.010,standalone_exact_mw,9d8ad86e51451842b54dafc7680d1b486ef291963bb72c70f3cdd570d2d8fa34,"{""distance"":7,""physical_error_rate"":0.002}","{""detection_events"":6,""detectors_checked"":810}"
      7168,        12,         0,   0.645,standalone_exact_mw,ac604fb97cbefca8234024efb37144c861c0ed9870cf9e2c8901bf3b9b1f370f,"{""distance"":7,""physical_error_rate"":0.02}","{""detection_events"":402225,""detectors_checked"":5806080,""obs_mistake_mask=E"":12}"
      4096,         0,         0,   0.334,standalone_exact_mw,127be6187b4f42ce503a2e58abe78322609c231565a94a3f55b4bab680d66d05,"{""distance"":7,""physical_error_rate"":0.01}","{""detection_events"":121406,""detectors_checked"":3317760}"
      5120,         0,         0,   0.589,standalone_exact_mw,127be6187b4f42ce503a2e58abe78322609c231565a94a3f55b4bab680d66d05,"{""distance"":7,""physical_error_rate"":0.01}","{""detection_events"":152577,""detectors_checked"":4147200}"
       256,         1,         0,   0.034,standalone_exact_mw,ac604fb97cbefca8234024efb37144c861c0ed9870cf9e2c8901bf3b9b1f370f,"{""distance"":7,""physical_error_rate"":0.02}","{""detection_events"":14548,""detectors_checked"":207360,""obs_mistake_mask=E"":1}"
     11264,         0,         0,   0.614,standalone_exact_mw,9d8ad86e51451842b54dafc7680d1b486ef291963bb72c70f3cdd570d2d8fa34,"{""distance"":7,""physical_error_rate"":0.002}","{""detection_events"":69865,""detectors_checked"":9123840}"
      7168,         0,         0,   0.591,standalone_exact_mw,9d8ad86e51451842b54dafc7680d1b486ef291963bb72c70f3cdd570d2d8fa34,"{""distance"":7,""physical_error_rate"":0.002}","{""detection_events"":44399,""detectors_checked"":5806080}"
      3072,         0,         0,   0.218,standalone_exact_mw,3bd544bb51e006261b45d3a2c996e28fc0c0449411cee5f7deafcd25d9539ebc,"{""distance"":7,""physical_error_rate"":0.001}","{""detection_events"":9736,""detectors_checked"":2488320}"
      4096,         0,         0,   0.908,standalone_exact_mw,ba5ada56442ed2ba457be44e3218b165c8a19e21146c9941e841199e65961aae,"{""distance"":7,""physical_error_rate"":0.0005}","{""detection_events"":6305,""detectors_checked"":3317760}"
       272,         0,         0,   0.034,standalone_exact_mw,9d8ad86e51451842b54dafc7680d1b486ef291963bb72c70f3cdd570d2d8fa34,"{""distance"":7,""physical_error_rate"":0.002}","{""detection_events"":1705,""detectors_checked"":220320}"
      9216,         0,         0,   0.440,standalone_exact_mw,ba5ada56442ed2ba457be44e3218b165c8a19e21146c9941e841199e65961aae,"{""distance"":7,""physical_error_rate"":0.0005}","{""detection_events"":14453,""detectors_checked"":7464960}"
      6144,         1,         0,   0.669,standalone_exact_mw,127be6187b4f42ce503a2e58abe78322609c231565a94a3f55b4bab680d66d05,"{""distance"":7,""physical_error_rate"":0.01}","{""detection_events"":182154,""detectors_checked"":4976640,""obs_mistake_mask=E"":1}"
      6144,         0,         0,   0.405,standalone_exact_mw,6a10a1840a7277b64863681e13d5cb65ed80b6c0c130a71789e1f9b9f94c8771,"{""distance"":7,""physical_error_rate"":0.005}","{""detection_events"":93599,""detectors_checked"":4976640}"
      3072,         0,         0,   0.110,standalone_exact_mw,ba5ada56442ed2ba457be44e3218b165c8a19e21146c9941e841199e65961aae,"{""distance"":7,""physical_error_rate"":0.0005}","{""detection_events"":4723,""detectors_checked"":2488320}"
      7168,         1,         0,   0.464,standalone_exact_mw,127be6187b4f42ce503a2e58abe78322609c231565a94a3f55b4bab680d66d05,"{""distance"":7,""physical_error_rate"":0.01}","{""detection_events"":212965,""detectors_checked"":5806080,""obs_mistake_mask=E"":1}"
     26624,         0,         0,    1.16,standalone_exact_mw,ba5ada56442ed2ba457be44e3218b165c8a19e21146c9941e841199e65961aae,"{""distance"":7,""physical_error_rate"":0.0005}","{""detection_events"":42393,""detectors_checked"":21565440}"
        17,         0,         0,   0.011,standalone_exact_mw,e5383d45c2b34399c539563e7789a53fd4b96cd0b38eade39a3cbfe07ba21ab0,"{""distance"":7,""physical_error_rate"":0.0002}","{""detection_events"":2,""detectors_checked"":13770}"
      2048,         0,         0,   0.208,standalone_exact_mw,6a10a1840a7277b64863681e13d5cb65ed80b6c0c130a71789e1f9b9f94c8771,"{""distance"":7,""physical_error_rate"":0.005}","{""detection_events"":31486,""detectors_checked"":1658880}"
      4096,         0,         0,   0.285,standalone_exact_mw,9d8ad86e51451842b54dafc7680d1b486ef291963bb72c70f3cdd570d2d8fa34,"{""distance"":7,""physical_error_rate"":0.002}","{""detection_events"":25517,""detectors_checked"":3317760}"
      7168,         0,         0,   0.461,standalone_exact_mw,6a10a1840a7277b64863681e13d5cb65ed80b6c0c130a71789e1f9b9f94c8771,"{""distance"":7,""physical_error_rate"":0.005}","{""detection_events"":109660,""detectors_checked"":5806080}"
       256,         0,         0,   0.015,standalone_exact_mw,e5383d45c2b34399c539563e7789a53fd4b96cd0b38eade39a3cbfe07ba21ab0,"{""distance"":7,""physical_error_rate"":0.0002}","{""detection_events"":177,""detectors_checked"":207360}"
      1024,         0,         0,   0.309,standalone_exact_mw,6a10a1840a7277b64863681e13d5cb65ed80b6c0c130a71789e1f9b9f94c8771,"{""distance"":7,""physical_error_rate"":0.005}","{""detection_events"":15549,""detectors_checked"":829440}"
      2048,         0,         0,   0.146,standalone_exact_mw,6a10a1840a7277b64863681e13d5cb65ed80b6c0c130a71789e1f9b9f94c8771,"{""distance"":7,""physical_error_rate"":0.005}","{""detection_events"":31225,""detectors_checked"":1658880}"
     25600,         0,         0,    1.14,standalone_exact_mw,3bd544bb51e006261b45d3a2c996e28fc0c0449411cee5f7deafcd25d9539ebc,"{""distance"":7,""physical_error_rate"":0.001}","{""detection_events"":79965,""detectors_checked"":20736000}"
      7168,         0,         0,   0.618,standalone_exact_mw,9d8ad86e51451842b54dafc7680d1b486ef291963bb72c70f3cdd570d2d8fa34,"{""distance"":7,""physical_error_rate"":0.002}","{""detection_events"":44577,""detectors_checked"":5806080}"
     11264,         0,         0,   0.409,standalone_exact_mw,ba5ada56442ed2ba457be44e3218b165c8a19e21146c9941e841199e65961aae,"{""distance"":7,""physical_error_rate"":0.0005}","{""detection_events"":17019,""detectors_checked"":9123840}"
      1024,         0,         0,   0.046,standalone_exact_mw,e5383d45c2b34399c539563e7789a53fd4b96cd0b38eade39a3cbfe07ba21ab0,"{""distance"":7,""physical_error_rate"":0.0002}","{""detection_events"":627,""detectors_checked"":829440}"
      4096,         0,         0,   0.227,standalone_exact_mw,e5383d45c2b34399c539563e7789a53fd4b96cd0b38eade39a3cbfe07ba21ab0,"{""distance"":7,""physical_error_rate"":0.0002}","{""detection_events"":2644,""detectors_checked"":3317760}"
     11264,         0,         0,   0.937,standalone_exact_mw,3bd544bb51e006261b45d3a2c996e28fc0c0449411cee5f7deafcd25d9539ebc,"{""distance"":7,""physical_error_rate"":0.001}","{""detection_events"":34958,""detectors_checked"":9123840}"
      1024,         0,         0,   0.114,standalone_exact_mw,9d8ad86e51451842b54dafc7680d1b486ef291963bb72c70f3cdd570d2d8fa34,"{""distance"":7,""physical_error_rate"":0.002}","{""detection_events"":6458,""detectors_checked"":829440}"
      8192,         2,         0,   0.629,standalone_exact_mw,127be6187b4f42ce503a2e58abe78322609c231565a94a3f55b4bab680d66d05,"{""distance"":7,""physical_error_rate"":0.01}","{""detection_events"":243327,""detectors_checked"":6635520,""obs_mistake_mask=E"":2}"
      5120,         0,         0,   0.521,standalone_exact_mw,6a10a1840a7277b64863681e13d5cb65ed80b6c0c130a71789e1f9b9f94c8771,"{""distance"":7,""physical_error_rate"":0.005}","{""detection_events"":77943,""detectors_checked"":4147200}"
      1024,         0,         0,   0.022,standalone_exact_mw,e5383d45c2b34399c539563e7789a53fd4b96cd0b38eade39a3cbfe07ba21ab0,"{""distance"":7,""physical_error_rate"":0.0002}","{""detection_events"":622,""detectors_checked"":829440}"
     20480,         0,         0,    1.14,standalone_exact_mw,9d8ad86e51451842b54dafc7680d1b486ef291963bb72c70f3cdd570d2d8fa34,"{""distance"":7,""physical_error_rate"":0.002}","{""detection_events"":126656,""detectors_checked"":16588800}"
     13312,         0,         0,   0.411,standalone_exact_mw,e5383d45c2b34399c539563e7789a53fd4b96cd0b38eade39a3cbfe07ba21ab0,"{""distance"":7,""physical_error_rate"":0.0002}","{""detection_events"":8363,""detectors_checked"":10782720}"
      1024,         1,         0,   0.169,standalone_exact_mw,ac604fb97cbefca8234024efb37144c861c0ed9870cf9e2c8901bf3b9b1f370f,"{""distance"":7,""physical_error_rate"":0.02}","{""detection_events"":57250,""detectors_checked"":829440,""obs_mistake_mask=E"":1}"
     14336,         0,         0,    1.07,standalone_exact_mw,ba5ada56442ed2ba457be44e3218b165c8a19e21146c9941e841199e65961aae,"{""distance"":7,""physical_error_rate"":0.0005}","{""detection_events"":22886,""detectors_checked"":11612160}"
      1024,         0,         0,   0.216,standalone_exact_mw,e5383d45c2b34399c539563e7789a53fd4b96cd0b38eade39a3cbfe07ba21ab0,"{""distance"":7,""physical_error_rate"":0.0002}","{""detection_events"":607,""detectors_checked"":829440}"
     19456,         0,         0,    1.12,standalone_exact_mw,6a10a1840a7277b64863681e13d5cb65ed80b6c0c130a71789e1f9b9f94c8771,"{""distance"":7,""physical_error_rate"":0.005}","{""detection_events"":296198,""detectors_checked"":15759360}"
      5120,        12,         0,   0.518,standalone_exact_mw,ac604fb97cbefca8234024efb37144c861c0ed9870cf9e2c8901bf3b9b1f370f,"{""distance"":7,""physical_error_rate"":0.02}","{""detection_events"":288927,""detectors_checked"":4147200,""obs_mistake_mask=E"":12}"
      1024,         0,         0,   0.070,standalone_exact_mw,e5383d45c2b34399c539563e7789a53fd4b96cd0b38eade39a3cbfe07ba21ab0,"{""distance"":7,""physical_error_rate"":0.0002}","{""detection_events"":603,""detectors_checked"":829440}"
      3072,         0,         0,   0.305,standalone_exact_mw,6a10a1840a7277b64863681e13d5cb65ed80b6c0c130a71789e1f9b9f94c8771,"{""distance"":7,""physical_error_rate"":0.005}","{""detection_events"":47226,""detectors_checked"":2488320}"
     10240,         0,         0,   0.575,standalone_exact_mw,9d8ad86e51451842b54dafc7680d1b486ef291963bb72c70f3cdd570d2d8fa34,"{""distance"":7,""physical_error_rate"":0.002}","{""detection_events"":64035,""detectors_checked"":8294400}"
      1024,         4,         0,   0.444,standalone_exact_mw,ac604fb97cbefca8234024efb37144c861c0ed9870cf9e2c8901bf3b9b1f370f,"{""distance"":7,""physical_error_rate"":0.02}","{""detection_events"":57372,""detectors_checked"":829440,""obs_mistake_mask=E"":4}"
      2048,         0,         0,   0.300,standalone_exact_mw,6a10a1840a7277b64863681e13d5cb65ed80b6c0c130a71789e1f9b9f94c8771,"{""distance"":7,""physical_error_rate"":0.005}","{""detection_events"":31009,""detectors_checked"":1658880}"
      2048,         0,         0,   0.131,standalone_exact_mw,6a10a1840a7277b64863681e13d5cb65ed80b6c0c130a71789e1f9b9f94c8771,"{""distance"":7,""physical_error_rate"":0.005}","{""detection_events"":31041,""detectors_checked"":1658880}"
      4096,         0,         0,   0.189,standalone_exact_mw,ba5ada56442ed2ba457be44e3218b165c8a19e21146c9941e841199e65961aae,"{""distance"":7,""physical_error_rate"":0.0005}","{""detection_events"":6463,""detectors_checked"":3317760}"
      1024,         0,         0,   0.111,standalone_exact_mw,9d8ad86e51451842b54dafc7680d1b486ef291963bb72c70f3cdd570d2d8fa34,"{""distance"":7,""physical_error_rate"":0.002}","{""detection_events"":6308,""detectors_checked"":829440}"
      5120,         0,         0,   0.444,standalone_exact_mw,3bd544bb51e006261b45d3a2c996e28fc0c0449411cee5f7deafcd25d9539ebc,"{""distance"":7,""physical_error_rate"":0.001}","{""detection_events"":15761,""detectors_checked"":4147200}"
      2048,         1,         0,   0.289,standalone_exact_mw,127be6187b4f42ce503a2e58abe78322609c231565a94a3f55b4bab680d66d05,"{""distance"":7,""physical_error_rate"":0.01}","{""detection_events"":60686,""detectors_checked"":1658880,""obs_mistake_mask=E"":1}"
      1024,         0,         0,   0.056,standalone_exact_mw,e5383d45c2b34399c539563e7789a53fd4b96cd0b38eade39a3cbfe07ba21ab0,"{""distance"":7,""physical_error_rate"":0.0002}","{""detection_events"":552,""detectors_checked"":829440}"
      5120,         0,         0,   0.418,standalone_exact_mw,127be6187b4f42ce503a2e58abe78322609c231565a94a3f55b4bab680d66d05,"{""distance"":7,""physical_error_rate"":0.01}","{""detection_events"":152633,""detectors_checked"":4147200}"
      2048,         0,         0,   0.527,standalone_exact_mw,127be6187b4f42ce503a2e58abe78322609c231565a94a3f55b4bab680d66d05,"{""distance"":7,""physical_error_rate"":0.01}","{""detection_events"":60532,""detectors_checked"":1658880}"
      4096,         0,         0,   0.308,standalone_exact_mw,ba5ada56442ed2ba457be44e3218b165c8a19e21146c9941e841199e65961aae,"{""distance"":7,""physical_error_rate"":0.0005}","{""detection_events"":6487,""detectors_checked"":3317760}"
      3072,         0,         0,   0.385,standalone_exact_mw,9d8ad86e51451842b54dafc7680d1b486ef291963bb72c70f3cdd570d2d8fa34,"{""distance"":7,""physical_error_rate"":0.002}","{""detection_events"":18951,""detectors_checked"":2488320}"
         1,         0,         0,   0.019,standalone_exact_mw,e5383d45c2b34399c539563e7789a53fd4b96cd0b38eade39a3cbfe07ba21ab0,"{""distance"":7,""physical_error_rate"":0.0002}","{""detection_events"":2,""detectors_checked"":810}"
      2048,         0,         0,   0.682,standalone_exact_mw,9d8ad86e51451842b54dafc7680d1b486ef291963bb72c70f3cdd570d2d8fa34,"{""distance"":7,""physical_error_rate"":0.002}","{""detection_events"":12843,""detectors_checked"":1658880}"
     13312,         0,         0,   0.413,standalone_exact_mw,e5383d45c2b34399c539563e7789a53fd4b96cd0b38eade39a3cbfe07ba21ab0,"{""distance"":7,""physical_error_rate"":0.0002}","{""detection_events"":8189,""detectors_checked"":10782720}"
      2048,         0,         0,   0.670,standalone_exact_mw,9d8ad86e51451842b54dafc7680d1b486ef291963bb72c70f3cdd570d2d8fa34,"{""distance"":7,""physical_error_rate"":0.002}","{""detection_events"":12826,""detectors_checked"":1658880}"
      2048,         0,         0,   0.341,standalone_exact_mw,6a10a1840a7277b64863681e13d5cb65ed80b6c0c130a71789e1f9b9f94c8771,"{""distance"":7,""physical_error_rate"":0.005}","{""detection_events"":31632,""detectors_checked"":1658880}"
      4096,         0,         0,   0.623,standalone_exact_mw,3bd544bb51e006261b45d3a2c996e28fc0c0449411cee5f7deafcd25d9539ebc,"{""distance"":7,""physical_error_rate"":0.001}","{""detection_events"":13093,""detectors_checked"":3317760}"
      1296,         0,         0,   0.053,standalone_exact_mw,e5383d45c2b34399c539563e7789a53fd4b96cd0b38eade39a3cbfe07ba21ab0,"{""distance"":7,""physical_error_rate"":0.0002}","{""detection_events"":799,""detectors_checked"":1049760}"
      5120,         0,         0,   0.326,standalone_exact_mw,3bd544bb51e006261b45d3a2c996e28fc0c0449411cee5f7deafcd25d9539ebc,"{""distance"":7,""physical_error_rate"":0.001}","{""detection_events"":15936,""detectors_checked"":4147200}"
      2048,         0,         0,   0.082,standalone_exact_mw,e5383d45c2b34399c539563e7789a53fd4b96cd0b38eade39a3cbfe07ba21ab0,"{""distance"":7,""physical_error_rate"":0.0002}","{""detection_events"":1266,""detectors_checked"":1658880}"
      6144,         0,         0,   0.429,standalone_exact_mw,3bd544bb51e006261b45d3a2c996e28fc0c0449411cee5f7deafcd25d9539ebc,"{""distance"":7,""physical_error_rate"":0.001}","{""detection_events"":19352,""detectors_checked"":4976640}"
      5120,        10,         0,   0.944,standalone_exact_mw,ac604fb97cbefca8234024efb37144c861c0ed9870cf9e2c8901bf3b9b1f370f,"{""distance"":7,""physical_error_rate"":0.02}","{""detection_events"":288054,""detectors_checked"":4147200,""obs_mistake_mask=E"":10}"
     14336,         0,         0,   0.618,standalone_exact_mw,ba5ada56442ed2ba457be44e3218b165c8a19e21146c9941e841199e65961aae,"{""distance"":7,""physical_error_rate"":0.0005}","{""detection_events"":22415,""detectors_checked"":11612160}"
     19456,         0,         0,   0.553,standalone_exact_mw,e5383d45c2b34399c539563e7789a53fd4b96cd0b38eade39a3cbfe07ba21ab0,"{""distance"":7,""physical_error_rate"":0.0002}","{""detection_events"":11792,""detectors_checked"":15759360}"
      1024,         1,         0,   0.195,standalone_exact_mw,ac604fb97cbefca8234024efb37144c861c0ed9870cf9e2c8901bf3b9b1f370f,"{""distance"":7,""physical_error_rate"":0.02}","{""detection_events"":58260,""detectors_checked"":829440,""obs_mistake_mask=E"":1}"
      1024,         0,         0,   0.126,standalone_exact_mw,9d8ad86e51451842b54dafc7680d1b486ef291963bb72c70f3cdd570d2d8fa34,"{""distance"":7,""physical_error_rate"":0.002}","{""detection_events"":6652,""detectors_checked"":829440}"
     15360,         0,         0,   0.833,standalone_exact_mw,3bd544bb51e006261b45d3a2c996e28fc0c0449411cee5f7deafcd25d9539ebc,"{""distance"":7,""physical_error_rate"":0.001}","{""detection_events"":47656,""detectors_checked"":12441600}"
      1024,         0,         0,   0.193,standalone_exact_mw,e5383d45c2b34399c539563e7789a53fd4b96cd0b38eade39a3cbfe07ba21ab0,"{""distance"":7,""physical_error_rate"":0.0002}","{""detection_events"":612,""detectors_checked"":829440}"
      4096,         0,         0,   0.326,standalone_exact_mw,6a10a1840a7277b64863681e13d5cb65ed80b6c0c130a71789e1f9b9f94c8771,"{""distance"":7,""physical_error_rate"":0.005}","{""detection_events"":62419,""detectors_checked"":3317760}"
      1024,         0,         0,   0.059,standalone_exact_mw,e5383d45c2b34399c539563e7789a53fd4b96cd0b38eade39a3cbfe07ba21ab0,"{""distance"":7,""physical_error_rate"":0.0002}","{""detection_events"":614,""detectors_checked"":829440}"
      3072,         0,         0,   0.340,standalone_exact_mw,9d8ad86e51451842b54dafc7680d1b486ef291963bb72c70f3cdd570d2d8fa34,"{""distance"":7,""physical_error_rate"":0.002}","{""detection_events"":19168,""detectors_checked"":2488320}"
     18432,         0,         0,    1.17,standalone_exact_mw,9d8ad86e51451842b54dafc7680d1b486ef291963bb72c70f3cdd570d2d8fa34,"{""distance"":7,""physical_error_rate"":0.002}","{""detection_events"":114071,""detectors_checked"":14929920}"
      1024,         1,         0,   0.456,standalone_exact_mw,ac604fb97cbefca8234024efb37144c861c0ed9870cf9e2c8901bf3b9b1f370f,"{""distance"":7,""physical_error_rate"":0.02}","{""detection_events"":57888,""detectors_checked"":829440,""obs_mistake_mask=E"":1}"
      3072,         0,         0,   0.189,standalone_exact_mw,6a10a1840a7277b64863681e13d5cb65ed80b6c0c130a71789e1f9b9f94c8771,"{""distance"":7,""physical_error_rate"":0.005}","{""detection_events"":46799,""detectors_checked"":2488320}"
      4096,         1,         0,   0.911,standalone_exact_mw,127be6187b4f42ce503a2e58abe78322609c231565a94a3f55b4bab680d66d05,"{""distance"":7,""physical_error_rate"":0.01}","{""detection_events"":123071,""detectors_checked"":3317760,""obs_mistake_mask=E"":1}"
      3072,         0,         0,   0.439,standalone_exact_mw,127be6187b4f42ce503a2e58abe78322609c231565a94a3f55b4bab680d66d05,"{""distance"":7,""physical_error_rate"":0.01}","{""detection_events"":91071,""detectors_checked"":2488320}"
      5120,         0,         0,   0.212,standalone_exact_mw,ba5ada56442ed2ba457be44e3218b165c8a19e21146c9941e841199e65961aae,"{""distance"":7,""physical_error_rate"":0.0005}","{""detection_events"":8118,""detectors_checked"":4147200}"
      5120,         0,         0,   0.336,standalone_exact_mw,e5383d45c2b34399c539563e7789a53fd4b96cd0b38eade39a3cbfe07ba21ab0,"{""distance"":7,""physical_error_rate"":0.0002}","{""detection_events"":3246,""detectors_checked"":4147200}"
      3072,         0,         0,   0.114,standalone_exact_mw,e5383d45c2b34399c539563e7789a53fd4b96cd0b38eade39a3cbfe07ba21ab0,"{""distance"":7,""physical_error_rate"":0.0002}","{""detection_events"":1814,""detectors_checked"":2488320}"
      1024,         0,         0,   0.075,standalone_exact_mw,e5383d45c2b34399c539563e7789a53fd4b96cd0b38eade39a3cbfe07ba21ab0,"{""distance"":7,""physical_error_rate"":0.0002}","{""detection_events"":582,""detectors_checked"":829440}"
      1024,         0,         0,   0.100,standalone_exact_mw,9d8ad86e51451842b54dafc7680d1b486ef291963bb72c70f3cdd570d2d8fa34,"{""distance"":7,""physical_error_rate"":0.002}","{""detection_events"":6327,""detectors_checked"":829440}"
     19456,         0,         0,   0.570,standalone_exact_mw,e5383d45c2b34399c539563e7789a53fd4b96cd0b38eade39a3cbfe07ba21ab0,"{""distance"":7,""physical_error_rate"":0.0002}","{""detection_events"":12143,""detectors_checked"":15759360}"
      3072,         6,         0,   0.591,standalone_exact_mw,ac604fb97cbefca8234024efb37144c861c0ed9870cf9e2c8901bf3b9b1f370f,"{""distance"":7,""physical_error_rate"":0.02}","{""detection_events"":173081,""detectors_checked"":2488320,""obs_mistake_mask=E"":6}"
      8192,         0,         0,   0.571,standalone_exact_mw,3bd544bb51e006261b45d3a2c996e28fc0c0449411cee5f7deafcd25d9539ebc,"{""distance"":7,""physical_error_rate"":0.001}","{""detection_events"":25543,""detectors_checked"":6635520}"
     11264,         0,         0,    1.17,standalone_exact_mw,6a10a1840a7277b64863681e13d5cb65ed80b6c0c130a71789e1f9b9f94c8771,"{""distance"":7,""physical_error_rate"":0.005}","{""detection_events"":171642,""detectors_checked"":9123840}"
      1024,         0,         0,   0.043,standalone_exact_mw,e5383d45c2b34399c539563e7789a53fd4b96cd0b38eade39a3cbfe07ba21ab0,"{""distance"":7,""physical_error_rate"":0.0002}","{""detection_events"":638,""detectors_checked"":829440}"
     10240,         0,         0,   0.600,standalone_exact_mw,e5383d45c2b34399c539563e7789a53fd4b96cd0b38eade39a3cbfe07ba21ab0,"{""distance"":7,""physical_error_rate"":0.0002}","{""detection_events"":6318,""detectors_checked"":8294400}"
      5120,         0,         0,   0.639,standalone_exact_mw,127be6187b4f42ce503a2e58abe78322609c231565a94a3f55b4bab680d66d05,"{""distance"":7,""physical_error_rate"":0.01}","{""detection_events"":151752,""detectors_checked"":4147200}"
      1024,         0,         0,   0.168,standalone_exact_mw,e5383d45c2b34399c539563e7789a53fd4b96cd0b38eade39a3cbfe07ba21ab0,"{""distance"":7,""physical_error_rate"":0.0002}","{""detection_events"":606,""detectors_checked"":829440}"
      9216,         0,         0,   0.601,standalone_exact_mw,3bd544bb51e006261b45d3a2c996e28fc0c0449411cee5f7deafcd25d9539ebc,"{""distance"":7,""physical_error_rate"":0.001}","{""detection_events"":28912,""detectors_checked"":7464960}"
     12288,         0,         0,    1.14,standalone_exact_mw,3bd544bb51e006261b45d3a2c996e28fc0c0449411cee5f7deafcd25d9539ebc,"{""distance"":7,""physical_error_rate"":0.001}","{""detection_events"":38423,""detectors_checked"":9953280}"
      3072,         6,         0,   0.591,standalone_exact_mw,ac604fb97cbefca8234024efb37144c861c0ed9870cf9e2c8901bf3b9b1f370f,"{""distance"":7,""physical_error_rate"":0.02}","{""detection_events"":172947,""detectors_checked"":2488320,""obs_mistake_mask=E"":6}"
      3072,         0,         0,   0.337,standalone_exact_mw,6a10a1840a7277b64863681e13d5cb65ed80b6c0c130a71789e1f9b9f94c8771,"{""distance"":7,""physical_error_rate"":0.005}","{""detection_events"":46829,""detectors_checked"":2488320}"
     21504,         0,         0,   0.775,standalone_exact_mw,e5383d45c2b34399c539563e7789a53fd4b96cd0b38eade39a3cbfe07ba21ab0,"{""distance"":7,""physical_error_rate"":0.0002}","{""detection_events"":13233,""detectors_checked"":17418240}"
      7168,        11,         0,   0.628,standalone_exact_mw,ac604fb97cbefca8234024efb37144c861c0ed9870cf9e2c8901bf3b9b1f370f,"{""distance"":7,""physical_error_rate"":0.02}","{""detection_events"":405855,""detectors_checked"":5806080,""obs_mistake_mask=E"":11}"
         1,         0,         0,   0.003,standalone_exact_mw,3bd544bb51e006261b45d3a2c996e28fc0c0449411cee5f7deafcd25d9539ebc,"{""distance"":7,""physical_error_rate"":0.001}","{""detection_events"":1,""detectors_checked"":810}"
      1024,         0,         0,   0.056,standalone_exact_mw,e5383d45c2b34399c539563e7789a53fd4b96cd0b38eade39a3cbfe07ba21ab0,"{""distance"":7,""physical_error_rate"":0.0002}","{""detection_events"":594,""detectors_checked"":829440}"
      1024,         2,         0,   0.223,standalone_exact_mw,ac604fb97cbefca8234024efb37144c861c0ed9870cf9e2c8901bf3b9b1f370f,"{""distance"":7,""physical_error_rate"":0.02}","{""detection_events"":58094,""detectors_checked"":829440,""obs_mistake_mask=E"":2}"
     13312,         0,         0,   0.570,standalone_exact_mw,ba5ada56442ed2ba457be44e3218b165c8a19e21146c9941e841199e65961aae,"{""distance"":7,""physical_error_rate"":0.0005}","{""detection_events"":20979,""detectors_checked"":10782720}"
      6144,        16,         0,   0.899,standalone_exact_mw,ac604fb97cbefca8234024efb37144c861c0ed9870cf9e2c8901bf3b9b1f370f,"{""distance"":7,""physical_error_rate"":0.02}","{""detection_events"":347388,""detectors_checked"":4976640,""obs_mistake_mask=E"":16}"
      5120,         0,         0,   0.573,standalone_exact_mw,127be6187b4f42ce503a2e58abe78322609c231565a94a3f55b4bab680d66d05,"{""distance"":7,""physical_error_rate"":0.01}","{""detection_events"":152016,""detectors_checked"":4147200}"
     19456,         0,         0,   0.790,standalone_exact_mw,ba5ada56442ed2ba457be44e3218b165c8a19e21146c9941e841199e65961aae,"{""distance"":7,""physical_error_rate"":0.0005}","{""detection_events"":30648,""detectors_checked"":15759360}"
      2048,         0,         0,   0.144,standalone_exact_mw,9d8ad86e51451842b54dafc7680d1b486ef291963bb72c70f3cdd570d2d8fa34,"{""distance"":7,""physical_error_rate"":0.002}","{""detection_events"":12757,""detectors_checked"":1658880}"
      7168,         0,         0,   0.588,standalone_exact_mw,6a10a1840a7277b64863681e13d5cb65ed80b6c0c130a71789e1f9b9f94c8771,"{""distance"":7,""physical_error_rate"":0.005}","{""detection_events"":108562,""detectors_checked"":5806080}"
     10240,         0,         0,   0.838,standalone_exact_mw,ba5ada56442ed2ba457be44e3218b165c8a19e21146c9941e841199e65961aae,"{""distance"":7,""physical_error_rate"":0.0005}","{""detection_events"":15994,""detectors_checked"":8294400}"
      3072,         0,         0,   0.169,standalone_exact_mw,e5383d45c2b34399c539563e7789a53fd4b96cd0b38eade39a3cbfe07ba21ab0,"{""distance"":7,""physical_error_rate"":0.0002}","{""detection_events"":1945,""detectors_checked"":2488320}"
      8192,         0,         0,   0.602,standalone_exact_mw,6a10a1840a7277b64863681e13d5cb65ed80b6c0c130a71789e1f9b9f94c8771,"{""distance"":7,""physical_error_rate"":0.005}","{""detection_events"":125751,""detectors_checked"":6635520}"
     16384,         0,         0,   0.572,standalone_exact_mw,ba5ada56442ed2ba457be44e3218b165c8a19e21146c9941e841199e65961aae,"{""distance"":7,""physical_error_rate"":0.0005}","{""detection_events"":25506,""detectors_checked"":13271040}"
     10240,         0,         0,   0.401,standalone_exact_mw,ba5ada56442ed2ba457be44e3218b165c8a19e21146c9941e841199e65961aae,"{""distance"":7,""physical_error_rate"":0.0005}","{""detection_events"":15951,""detectors_checked"":8294400}"
      2048,         0,         0,   0.113,standalone_exact_mw,e5383d45c2b34399c539563e7789a53fd4b96cd0b38eade39a3cbfe07ba21ab0,"{""distance"":7,""physical_error_rate"":0.0002}","{""detection_events"":1394,""detectors_checked"":1658880}"
      4096,         0,         0,   0.276,standalone_exact_mw,6a10a1840a7277b64863681e13d5cb65ed80b6c0c130a71789e1f9b9f94c8771,"{""distance"":7,""physical_error_rate"":0.005}","{""detection_events"":62377,""detectors_checked"":3317760}"
      9216,        19,         0,   0.836,standalone_exact_mw,ac604fb97cbefca8234024efb37144c861c0ed9870cf9e2c8901bf3b9b1f370f,"{""distance"":7,""physical_error_rate"":0.02}","{""detection_events"":519525,""detectors_checked"":7464960,""obs_mistake_mask=E"":19}"
         1,         0,         0,   0.002,standalone_exact_mw,9d8ad86e51451842b54dafc7680d1b486ef291963bb72c70f3cdd570d2d8fa34,"{""distance"":7,""physical_error_rate"":0.002}","{""detection_events"":6,""detectors_checked"":810}"
     11264,        29,         0,    1.15,standalone_exact_mw,ac604fb97cbefca8234024efb37144c861c0ed9870cf9e2c8901bf3b9b1f370f,"{""distance"":7,""physical_error_rate"":0.02}","{""detection_events"":634186,""detectors_checked"":9123840,""obs_mistake_mask=E"":29}"
      3072,         0,         0,   0.523,standalone_exact_mw,6a10a1840a7277b64863681e13d5cb65ed80b6c0c130a71789e1f9b9f94c8771,"{""distance"":7,""physical_error_rate"":0.005}","{""detection_events"":46930,""detectors_checked"":2488320}"
      8192,         0,         0,   0.296,standalone_exact_mw,ba5ada56442ed2ba457be44e3218b165c8a19e21146c9941e841199e65961aae,"{""distance"":7,""physical_error_rate"":0.0005}","{""detection_events"":12768,""detectors_checked"":6635520}"
      3072,         0,         0,   0.435,standalone_exact_mw,9d8ad86e51451842b54dafc7680d1b486ef291963bb72c70f3cdd570d2d8fa34,"{""distance"":7,""physical_error_rate"":0.002}","{""detection_events"":18983,""detectors_checked"":2488320}"
      6144,         0,         0,   0.405,standalone_exact_mw,3bd544bb51e006261b45d3a2c996e28fc0c0449411cee5f7deafcd25d9539ebc,"{""distance"":7,""physical_error_rate"":0.001}","{""detection_events"":19085,""detectors_checked"":4976640}"
      3072,         0,         0,   0.512,standalone_exact_mw,127be6187b4f42ce503a2e58abe78322609c231565a94a3f55b4bab680d66d05,"{""distance"":7,""physical_error_rate"":0.01}","{""detection_events"":91681,""detectors_checked"":2488320}"
     12288,         0,         0,   0.604,standalone_exact_mw,e5383d45c2b34399c539563e7789a53fd4b96cd0b38eade39a3cbfe07ba21ab0,"{""distance"":7,""physical_error_rate"":0.0002}","{""detection_events"":7764,""detectors_checked"":9953280}"
      1296,         0,         0,   0.068,standalone_exact_mw,9d8ad86e51451842b54dafc7680d1b486ef291963bb72c70f3cdd570d2d8fa34,"{""distance"":7,""physical_error_rate"":0.002}","{""detection_events"":8199,""detectors_checked"":1049760}"
      6144,         8,         0,   0.804,standalone_exact_mw,ac604fb97cbefca8234024efb37144c861c0ed9870cf9e2c8901bf3b9b1f370f,"{""distance"":7,""physical_error_rate"":0.02}","{""detection_events"":345983,""detectors_checked"":4976640,""obs_mistake_mask=E"":8}"
      1296,         0,         0,   0.211,standalone_exact_mw,3bd544bb51e006261b45d3a2c996e28fc0c0449411cee5f7deafcd25d9539ebc,"{""distance"":7,""physical_error_rate"":0.001}","{""detection_events"":4063,""detectors_checked"":1049760}"
      2048,         0,         0,   0.169,standalone_exact_mw,9d8ad86e51451842b54dafc7680d1b486ef291963bb72c70f3cdd570d2d8fa34,"{""distance"":7,""physical_error_rate"":0.002}","{""detection_events"":12788,""detectors_checked"":1658880}"
      6144,         0,         0,   0.425,standalone_exact_mw,6a10a1840a7277b64863681e13d5cb65ed80b6c0c130a71789e1f9b9f94c8771,"{""distance"":7,""physical_error_rate"":0.005}","{""detection_events"":94046,""detectors_checked"":4976640}"
      1024,         0,         0,   0.026,standalone_exact_mw,9d8ad86e51451842b54dafc7680d1b486ef291963bb72c70f3cdd570d2d8fa34,"{""distance"":7,""physical_error_rate"":0.002}","{""detection_events"":6181,""detectors_checked"":829440}"
      7168,         1,         0,   0.797,standalone_exact_mw,127be6187b4f42ce503a2e58abe78322609c231565a94a3f55b4bab680d66d05,"{""distance"":7,""physical_error_rate"":0.01}","{""detection_events"":213086,""detectors_checked"":5806080,""obs_mistake_mask=E"":1}"
      3072,         0,         0,   0.126,standalone_exact_mw,e5383d45c2b34399c539563e7789a53fd4b96cd0b38eade39a3cbfe07ba21ab0,"{""distance"":7,""physical_error_rate"":0.0002}","{""detection_events"":1935,""detectors_checked"":2488320}"
      7168,         2,         0,   0.568,standalone_exact_mw,127be6187b4f42ce503a2e58abe78322609c231565a94a3f55b4bab680d66d05,"{""distance"":7,""physical_error_rate"":0.01}","{""detection_events"":213479,""detectors_checked"":5806080,""obs_mistake_mask=E"":2}"
      2048,         0,         0,   0.293,standalone_exact_mw,e5383d45c2b34399c539563e7789a53fd4b96cd0b38eade39a3cbfe07ba21ab0,"{""distance"":7,""physical_error_rate"":0.0002}","{""detection_events"":1196,""detectors_checked"":1658880}"
      1024,         4,         0,   0.628,standalone_exact_mw,ac604fb97cbefca8234024efb37144c861c0ed9870cf9e2c8901bf3b9b1f370f,"{""distance"":7,""physical_error_rate"":0.02}","{""detection_events"":57797,""detectors_checked"":829440,""obs_mistake_mask=E"":4}"
      3072,         0,         0,    1.40,standalone_exact_mw,127be6187b4f42ce503a2e58abe78322609c231565a94a3f55b4bab680d66d05,"{""distance"":7,""physical_error_rate"":0.01}","{""detection_events"":91672,""detectors_checked"":2488320}"
      6144,         0,         0,   0.829,standalone_exact_mw,127be6187b4f42ce503a2e58abe78322609c231565a94a3f55b4bab680d66d05,"{""distance"":7,""physical_error_rate"":0.01}","{""detection_events"":182674,""detectors_checked"":4976640}"
      7168,         0,         0,   0.817,standalone_exact_mw,9d8ad86e51451842b54dafc7680d1b486ef291963bb72c70f3cdd570d2d8fa34,"{""distance"":7,""physical_error_rate"":0.002}","{""detection_events"":44715,""detectors_checked"":5806080}"
      1024,         1,         0,   0.265,standalone_exact_mw,ac604fb97cbefca8234024efb37144c861c0ed9870cf9e2c8901bf3b9b1f370f,"{""distance"":7,""physical_error_rate"":0.02}","{""detection_events"":57967,""detectors_checked"":829440,""obs_mistake_mask=E"":1}"
      2048,         0,         0,   0.593,standalone_exact_mw,127be6187b4f42ce503a2e58abe78322609c231565a94a3f55b4bab680d66d05,"{""distance"":7,""physical_error_rate"":0.01}","{""detection_events"":61732,""detectors_checked"":1658880}"
      2048,         0,         0,   0.572,standalone_exact_mw,9d8ad86e51451842b54dafc7680d1b486ef291963bb72c70f3cdd570d2d8fa34,"{""distance"":7,""physical_error_rate"":0.002}","{""detection_events"":12923,""detectors_checked"":1658880}"
      2048,         0,         0,   0.054,standalone_exact_mw,9d8ad86e51451842b54dafc7680d1b486ef291963bb72c70f3cdd570d2d8fa34,"{""distance"":7,""physical_error_rate"":0.002}","{""detection_events"":12611,""detectors_checked"":1658880}"
      7168,         0,         0,   0.468,standalone_exact_mw,9d8ad86e51451842b54dafc7680d1b486ef291963bb72c70f3cdd570d2d8fa34,"{""distance"":7,""physical_error_rate"":0.002}","{""detection_events"":45018,""detectors_checked"":5806080}"
      2048,         0,         0,   0.794,standalone_exact_mw,6a10a1840a7277b64863681e13d5cb65ed80b6c0c130a71789e1f9b9f94c8771,"{""distance"":7,""physical_error_rate"":0.005}","{""detection_events"":31273,""detectors_checked"":1658880}"
     20480,         0,         0,   0.597,standalone_exact_mw,e5383d45c2b34399c539563e7789a53fd4b96cd0b38eade39a3cbfe07ba21ab0,"{""distance"":7,""physical_error_rate"":0.0002}","{""detection_events"":12792,""detectors_checked"":16588800}"
      5120,         0,         0,   0.752,standalone_exact_mw,6a10a1840a7277b64863681e13d5cb65ed80b6c0c130a71789e1f9b9f94c8771,"{""distance"":7,""physical_error_rate"":0.005}","{""detection_events"":77803,""detectors_checked"":4147200}"
      6144,         0,         0,   0.421,standalone_exact_mw,e5383d45c2b34399c539563e7789a53fd4b96cd0b38eade39a3cbfe07ba21ab0,"{""distance"":7,""physical_error_rate"":0.0002}","{""detection_events"":3721,""detectors_checked"":4976640}"
      9216,         0,         0,    1.11,standalone_exact_mw,e5383d45c2b34399c539563e7789a53fd4b96cd0b38eade39a3cbfe07ba21ab0,"{""distance"":7,""physical_error_rate"":0.0002}","{""detection_events"":5659,""detectors_checked"":7464960}"
      1024,         4,         0,   0.488,standalone_exact_mw,ac604fb97cbefca8234024efb37144c861c0ed9870cf9e2c8901bf3b9b1f370f,"{""distance"":7,""physical_error_rate"":0.02}","{""detection_events"":57617,""detectors_checked"":829440,""obs_mistake_mask=E"":4}"
      5120,         7,         0,   0.701,standalone_exact_mw,ac604fb97cbefca8234024efb37144c861c0ed9870cf9e2c8901bf3b9b1f370f,"{""distance"":7,""physical_error_rate"":0.02}","{""detection_events"":286727,""detectors_checked"":4147200,""obs_mistake_mask=E"":7}"
      5120,         0,         0,   0.260,standalone_exact_mw,e5383d45c2b34399c539563e7789a53fd4b96cd0b38eade39a3cbfe07ba21ab0,"{""distance"":7,""physical_error_rate"":0.0002}","{""detection_events"":3313,""detectors_checked"":4147200}"
      3072,         0,         0,   0.626,standalone_exact_mw,6a10a1840a7277b64863681e13d5cb65ed80b6c0c130a71789e1f9b9f94c8771,"{""distance"":7,""physical_error_rate"":0.005}","{""detection_events"":46625,""detectors_checked"":2488320}"
         1,         0,         0,   0.015,standalone_exact_mw,6a10a1840a7277b64863681e13d5cb65ed80b6c0c130a71789e1f9b9f94c8771,"{""distance"":7,""physical_error_rate"":0.005}","{""detection_events"":10,""detectors_checked"":810}"
      8192,         0,         0,   0.815,standalone_exact_mw,9d8ad86e51451842b54dafc7680d1b486ef291963bb72c70f3cdd570d2d8fa34,"{""distance"":7,""physical_error_rate"":0.002}","{""detection_events"":50919,""detectors_checked"":6635520}"
      6144,         1,         0,   0.693,standalone_exact_mw,3bd544bb51e006261b45d3a2c996e28fc0c0449411cee5f7deafcd25d9539ebc,"{""distance"":7,""physical_error_rate"":0.001}","{""detection_events"":18896,""detectors_checked"":4976640,""obs_mistake_mask=E"":1}"
      9216,         0,         0,   0.567,standalone_exact_mw,3bd544bb51e006261b45d3a2c996e28fc0c0449411cee5f7deafcd25d9539ebc,"{""distance"":7,""physical_error_rate"":0.001}","{""detection_events"":28788,""detectors_checked"":7464960}"
      2048,         0,         0,   0.074,standalone_exact_mw,9d8ad86e51451842b54dafc7680d1b486ef291963bb72c70f3cdd570d2d8fa34,"{""distance"":7,""physical_error_rate"":0.002}","{""detection_events"":12422,""detectors_checked"":1658880}"
      2048,         0,         0,   0.156,standalone_exact_mw,9d8ad86e51451842b54dafc7680d1b486ef291963bb72c70f3cdd570d2d8fa34,"{""distance"":7,""physical_error_rate"":0.002}","{""detection_events"":12811,""detectors_checked"":1658880}"
         1,         0,         0,   0.020,standalone_exact_mw,127be6187b4f42ce503a2e58abe78322609c231565a94a3f55b4bab680d66d05,"{""distance"":7,""physical_error_rate"":0.01}","{""detection_events"":24,""detectors_checked"":810}"
      1024,         0,         0,   0.058,standalone_exact_mw,9d8ad86e51451842b54dafc7680d1b486ef291963bb72c70f3cdd570d2d8fa34,"{""distance"":7,""physical_error_rate"":0.002}","{""detection_events"":6517,""detectors_checked"":829440}"
       272,         0,         0,   0.029,standalone_exact_mw,127be6187b4f42ce503a2e58abe78322609c231565a94a3f55b4bab680d66d05,"{""distance"":7,""physical_error_rate"":0.01}","{""detection_events"":7968,""detectors_checked"":220320}"
      1296,         0,         0,   0.078,standalone_exact_mw,6a10a1840a7277b64863681e13d5cb65ed80b6c0c130a71789e1f9b9f94c8771,"{""distance"":7,""physical_error_rate"":0.005}","{""detection_events"":19188,""detectors_checked"":1049760}"
      1024,         0,         0,   0.243,standalone_exact_mw,3bd544bb51e006261b45d3a2c996e28fc0c0449411cee5f7deafcd25d9539ebc,"{""distance"":7,""physical_error_rate"":0.001}","{""detection_events"":3351,""detectors_checked"":829440}"
      3072,         2,         0,   0.604,standalone_exact_mw,127be6187b4f42ce503a2e58abe78322609c231565a94a3f55b4bab680d66d05,"{""distance"":7,""physical_error_rate"":0.01}","{""detection_events"":90920,""detectors_checked"":2488320,""obs_mistake_mask=E"":2}"
      8192,         1,         0,   0.912,standalone_exact_mw,127be6187b4f42ce503a2e58abe78322609c231565a94a3f55b4bab680d66d05,"{""distance"":7,""physical_error_rate"":0.01}","{""detection_events"":243453,""detectors_checked"":6635520,""obs_mistake_mask=E"":1}"
      4096,         0,         0,   0.472,standalone_exact_mw,6a10a1840a7277b64863681e13d5cb65ed80b6c0c130a71789e1f9b9f94c8771,"{""distance"":7,""physical_error_rate"":0.005}","{""detection_events"":63088,""detectors_checked"":3317760}"
     14336,         0,         0,   0.841,standalone_exact_mw,9d8ad86e51451842b54dafc7680d1b486ef291963bb72c70f3cdd570d2d8fa34,"{""distance"":7,""physical_error_rate"":0.002}","{""detection_events"":88868,""detectors_checked"":11612160}"
      6144,         0,         0,    1.06,standalone_exact_mw,9d8ad86e51451842b54dafc7680d1b486ef291963bb72c70f3cdd570d2d8fa34,"{""distance"":7,""physical_error_rate"":0.002}","{""detection_events"":38065,""detectors_checked"":4976640}"
      3072,         0,         0,   0.235,standalone_exact_mw,e5383d45c2b34399c539563e7789a53fd4b96cd0b38eade39a3cbfe07ba21ab0,"{""distance"":7,""physical_error_rate"":0.0002}","{""detection_events"":2068,""detectors_checked"":2488320}"
      2048,         0,         0,   0.236,standalone_exact_mw,e5383d45c2b34399c539563e7789a53fd4b96cd0b38eade39a3cbfe07ba21ab0,"{""distance"":7,""physical_error_rate"":0.0002}","{""detection_events"":1277,""detectors_checked"":1658880}"
      1024,         0,         0,   0.076,standalone_exact_mw,6a10a1840a7277b64863681e13d5cb65ed80b6c0c130a71789e1f9b9f94c8771,"{""distance"":7,""physical_error_rate"":0.005}","{""detection_events"":15539,""detectors_checked"":829440}"
      5120,         0,         0,   0.383,standalone_exact_mw,6a10a1840a7277b64863681e13d5cb65ed80b6c0c130a71789e1f9b9f94c8771,"{""distance"":7,""physical_error_rate"":0.005}","{""detection_events"":77832,""detectors_checked"":4147200}"
      1024,         0,         0,   0.110,standalone_exact_mw,127be6187b4f42ce503a2e58abe78322609c231565a94a3f55b4bab680d66d05,"{""distance"":7,""physical_error_rate"":0.01}","{""detection_events"":30427,""detectors_checked"":829440}"
      2048,         0,         0,   0.117,standalone_exact_mw,9d8ad86e51451842b54dafc7680d1b486ef291963bb72c70f3cdd570d2d8fa34,"{""distance"":7,""physical_error_rate"":0.002}","{""detection_events"":12526,""detectors_checked"":1658880}"
      1024,         0,         0,   0.089,standalone_exact_mw,3bd544bb51e006261b45d3a2c996e28fc0c0449411cee5f7deafcd25d9539ebc,"{""distance"":7,""physical_error_rate"":0.001}","{""detection_events"":3132,""detectors_checked"":829440}"
     10240,         0,         0,    1.12,standalone_exact_mw,ba5ada56442ed2ba457be44e3218b165c8a19e21146c9941e841199e65961aae,"{""distance"":7,""physical_error_rate"":0.0005}","{""detection_events"":15869,""detectors_checked"":8294400}"
      1024,         0,         0,   0.059,standalone_exact_mw,6a10a1840a7277b64863681e13d5cb65ed80b6c0c130a71789e1f9b9f94c8771,"{""distance"":7,""physical_error_rate"":0.005}","{""detection_events"":15203,""detectors_checked"":829440}"
      6144,         0,         0,   0.860,standalone_exact_mw,9d8ad86e51451842b54dafc7680d1b486ef291963bb72c70f3cdd570d2d8fa34,"{""distance"":7,""physical_error_rate"":0.002}","{""detection_events"":38275,""detectors_checked"":4976640}"
     26624,         0,         0,   0.795,standalone_exact_mw,e5383d45c2b34399c539563e7789a53fd4b96cd0b38eade39a3cbfe07ba21ab0,"{""distance"":7,""physical_error_rate"":0.0002}","{""detection_events"":16488,""detectors_checked"":21565440}"
         1,         0,         0,   0.038,standalone_exact_mw,ba5ada56442ed2ba457be44e3218b165c8a19e21146c9941e841199e65961aae,"{""distance"":7,""physical_error_rate"":0.0005}","{""detectors_checked"":810}"
      1024,         2,         0,   0.299,standalone_exact_mw,ac604fb97cbefca8234024efb37144c861c0ed9870cf9e2c8901bf3b9b1f370f,"{""distance"":7,""physical_error_rate"":0.02}","{""detection_events"":57902,""detectors_checked"":829440,""obs_mistake_mask=E"":2}"
      1024,         0,         0,   0.050,standalone_exact_mw,3bd544bb51e006261b45d3a2c996e28fc0c0449411cee5f7deafcd25d9539ebc,"{""distance"":7,""physical_error_rate"":0.001}","{""detection_events"":3238,""detectors_checked"":829440}"
     15360,         0,         0,   0.813,standalone_exact_mw,ba5ada56442ed2ba457be44e3218b165c8a19e21146c9941e841199e65961aae,"{""distance"":7,""physical_error_rate"":0.0005}","{""detection_events"":24068,""detectors_checked"":12441600}"
         1,         0,         0,   0.005,standalone_exact_mw,127be6187b4f42ce503a2e58abe78322609c231565a94a3f55b4bab680d66d05,"{""distance"":7,""physical_error_rate"":0.01}","{""detection_events"":31,""detectors_checked"":810}"
      3072,         0,         0,   0.262,standalone_exact_mw,9d8ad86e51451842b54dafc7680d1b486ef291963bb72c70f3cdd570d2d8fa34,"{""distance"":7,""physical_error_rate"":0.002}","{""detection_events"":19262,""detectors_checked"":2488320}"
         1,         0,         0,   0.029,standalone_exact_mw,ac604fb97cbefca8234024efb37144c861c0ed9870cf9e2c8901bf3b9b1f370f,"{""distance"":7,""physical_error_rate"":0.02}","{""detection_events"":66,""detectors_checked"":810}"
      1024,         0,         0,   0.072,standalone_exact_mw,6a10a1840a7277b64863681e13d5cb65ed80b6c0c130a71789e1f9b9f94c8771,"{""distance"":7,""physical_error_rate"":0.005}","{""detection_events"":15407,""detectors_checked"":829440}"
        16,         0,         0,   0.002,standalone_exact_mw,ac604fb97cbefca8234024efb37144c861c0ed9870cf9e2c8901bf3b9b1f370f,"{""distance"":7,""physical_error_rate"":0.02}","{""detection_events"":931,""detectors_checked"":12960}"
         1,         0,         0,   0.020,standalone_exact_mw,ba5ada56442ed2ba457be44e3218b165c8a19e21146c9941e841199e65961aae,"{""distance"":7,""physical_error_rate"":0.0005}","{""detectors_checked"":810}"
         1,         0,         0,   0.002,standalone_exact_mw,3bd544bb51e006261b45d3a2c996e28fc0c0449411cee5f7deafcd25d9539ebc,"{""distance"":7,""physical_error_rate"":0.001}","{""detectors_checked"":810}"
         1,         0,         0,   0.002,standalone_exact_mw,ba5ada56442ed2ba457be44e3218b165c8a19e21146c9941e841199e65961aae,"{""distance"":7,""physical_error_rate"":0.0005}","{""detection_events"":4,""detectors_checked"":810}"
      1024,         0,         0,   0.063,standalone_exact_mw,3bd544bb51e006261b45d3a2c996e28fc0c0449411cee5f7deafcd25d9539ebc,"{""distance"":7,""physical_error_rate"":0.001}","{""detection_events"":3188,""detectors_checked"":829440}"
      2048,         0,         0,   0.121,standalone_exact_mw,9d8ad86e51451842b54dafc7680d1b486ef291963bb72c70f3cdd570d2d8fa34,"{""distance"":7,""physical_error_rate"":0.002}","{""detection_events"":12770,""detectors_checked"":1658880}"
      8192,         0,         0,   0.920,standalone_exact_mw,3bd544bb51e006261b45d3a2c996e28fc0c0449411cee5f7deafcd25d9539ebc,"{""distance"":7,""physical_error_rate"":0.001}","{""detection_events"":25482,""detectors_checked"":6635520}"
       272,         0,         0,   0.038,standalone_exact_mw,127be6187b4f42ce503a2e58abe78322609c231565a94a3f55b4bab680d66d05,"{""distance"":7,""physical_error_rate"":0.01}","{""detection_events"":8194,""detectors_checked"":220320}"
      1024,         0,         0,   0.111,standalone_exact_mw,127be6187b4f42ce503a2e58abe78322609c231565a94a3f55b4bab680d66d05,"{""distance"":7,""physical_error_rate"":0.01}","{""detection_events"":30247,""detectors_checked"":829440}"
        16,         0,         0,   0.012,standalone_exact_mw,ba5ada56442ed2ba457be44e3218b165c8a19e21146c9941e841199e65961aae,"{""distance"":7,""physical_error_rate"":0.0005}","{""detection_events"":30,""detectors_checked"":12960}"
     17408,         0,         0,    1.12,standalone_exact_mw,3bd544bb51e006261b45d3a2c996e28fc0c0449411cee5f7deafcd25d9539ebc,"{""distance"":7,""physical_error_rate"":0.001}","{""detection_events"":54279,""detectors_checked"":14100480}"
       273,         0,         0,   0.026,standalone_exact_mw,6a10a1840a7277b64863681e13d5cb65ed80b6c0c130a71789e1f9b9f94c8771,"{""distance"":7,""physical_error_rate"":0.005}","{""detection_events"":4090,""detectors_checked"":221130}"
      8192,         0,         0,   0.544,standalone_exact_mw,ba5ada56442ed2ba457be44e3218b165c8a19e21146c9941e841199e65961aae,"{""distance"":7,""physical_error_rate"":0.0005}","{""detection_events"":12785,""detectors_checked"":6635520}"
      1296,         0,         0,   0.047,standalone_exact_mw,ba5ada56442ed2ba457be44e3218b165c8a19e21146c9941e841199e65961aae,"{""distance"":7,""physical_error_rate"":0.0005}","{""detection_events"":1999,""detectors_checked"":1049760}"
      3072,         0,         0,   0.218,standalone_exact_mw,e5383d45c2b34399c539563e7789a53fd4b96cd0b38eade39a3cbfe07ba21ab0,"{""distance"":7,""physical_error_rate"":0.0002}","{""detection_events"":1896,""detectors_checked"":2488320}"
      2048,         0,         0,   0.852,standalone_exact_mw,127be6187b4f42ce503a2e58abe78322609c231565a94a3f55b4bab680d66d05,"{""distance"":7,""physical_error_rate"":0.01}","{""detection_events"":60853,""detectors_checked"":1658880}"
      4096,         0,         0,   0.375,standalone_exact_mw,e5383d45c2b34399c539563e7789a53fd4b96cd0b38eade39a3cbfe07ba21ab0,"{""distance"":7,""physical_error_rate"":0.0002}","{""detection_events"":2498,""detectors_checked"":3317760}"
     26624,         0,         0,   0.801,standalone_exact_mw,e5383d45c2b34399c539563e7789a53fd4b96cd0b38eade39a3cbfe07ba21ab0,"{""distance"":7,""physical_error_rate"":0.0002}","{""detection_events"":17035,""detectors_checked"":21565440}"
      1160,         0,         0,   0.137,standalone_exact_mw,ba5ada56442ed2ba457be44e3218b165c8a19e21146c9941e841199e65961aae,"{""distance"":7,""physical_error_rate"":0.0005}","{""detection_events"":1824,""detectors_checked"":939600}"
         1,         0,         0,   0.009,standalone_exact_mw,127be6187b4f42ce503a2e58abe78322609c231565a94a3f55b4bab680d66d05,"{""distance"":7,""physical_error_rate"":0.01}","{""detection_events"":24,""detectors_checked"":810}"
      1024,         0,         0,   0.025,standalone_exact_mw,ba5ada56442ed2ba457be44e3218b165c8a19e21146c9941e841199e65961aae,"{""distance"":7,""physical_error_rate"":0.0005}","{""detection_events"":1622,""detectors_checked"":829440}"
      1280,         0,         0,   0.063,standalone_exact_mw,ba5ada56442ed2ba457be44e3218b165c8a19e21146c9941e841199e65961aae,"{""distance"":7,""physical_error_rate"":0.0005}","{""detection_events"":1986,""detectors_checked"":1036800}"
      8192,         0,         0,   0.556,standalone_exact_mw,9d8ad86e51451842b54dafc7680d1b486ef291963bb72c70f3cdd570d2d8fa34,"{""distance"":7,""physical_error_rate"":0.002}","{""detection_events"":50769,""detectors_checked"":6635520}"
     10240,         0,         0,   0.603,standalone_exact_mw,ba5ada56442ed2ba457be44e3218b165c8a19e21146c9941e841199e65961aae,"{""distance"":7,""physical_error_rate"":0.0005}","{""detection_events"":16235,""detectors_checked"":8294400}"
      1024,         0,         0,   0.086,standalone_exact_mw,6a10a1840a7277b64863681e13d5cb65ed80b6c0c130a71789e1f9b9f94c8771,"{""distance"":7,""physical_error_rate"":0.005}","{""detection_events"":15586,""detectors_checked"":829440}"
      2048,         0,         0,   0.082,standalone_exact_mw,3bd544bb51e006261b45d3a2c996e28fc0c0449411cee5f7deafcd25d9539ebc,"{""distance"":7,""physical_error_rate"":0.001}","{""detection_events"":6470,""detectors_checked"":1658880}"
      1296,         0,         0,   0.069,standalone_exact_mw,3bd544bb51e006261b45d3a2c996e28fc0c0449411cee5f7deafcd25d9539ebc,"{""distance"":7,""physical_error_rate"":0.001}","{""detection_events"":3990,""detectors_checked"":1049760}"
       272,         0,         0,   0.018,standalone_exact_mw,127be6187b4f42ce503a2e58abe78322609c231565a94a3f55b4bab680d66d05,"{""distance"":7,""physical_error_rate"":0.01}","{""detection_events"":8188,""detectors_checked"":220320}"
      8192,         0,         0,   0.778,standalone_exact_mw,127be6187b4f42ce503a2e58abe78322609c231565a94a3f55b4bab680d66d05,"{""distance"":7,""physical_error_rate"":0.01}","{""detection_events"":242362,""detectors_checked"":6635520}"
      9216,         0,         0,   0.601,standalone_exact_mw,3bd544bb51e006261b45d3a2c996e28fc0c0449411cee5f7deafcd25d9539ebc,"{""distance"":7,""physical_error_rate"":0.001}","{""detection_events"":29020,""detectors_checked"":7464960}"
      1024,         0,         0,   0.062,standalone_exact_mw,6a10a1840a7277b64863681e13d5cb65ed80b6c0c130a71789e1f9b9f94c8771,"{""distance"":7,""physical_error_rate"":0.005}","{""detection_events"":15623,""detectors_checked"":829440}"
     10240,         0,         0,   0.815,standalone_exact_mw,e5383d45c2b34399c539563e7789a53fd4b96cd0b38eade39a3cbfe07ba21ab0,"{""distance"":7,""physical_error_rate"":0.0002}","{""detection_events"":6504,""detectors_checked"":8294400}"
      2048,         0,         0,   0.037,standalone_exact_mw,ba5ada56442ed2ba457be44e3218b165c8a19e21146c9941e841199e65961aae,"{""distance"":7,""physical_error_rate"":0.0005}","{""detection_events"":3224,""detectors_checked"":1658880}"
     12288,         0,         0,   0.805,standalone_exact_mw,3bd544bb51e006261b45d3a2c996e28fc0c0449411cee5f7deafcd25d9539ebc,"{""distance"":7,""physical_error_rate"":0.001}","{""detection_events"":38672,""detectors_checked"":9953280}"
      1024,         0,         0,   0.110,standalone_exact_mw,127be6187b4f42ce503a2e58abe78322609c231565a94a3f55b4bab680d66d05,"{""distance"":7,""physical_error_rate"":0.01}","{""detection_events"":30414,""detectors_checked"":829440}"
      1024,         1,         0,   0.126,standalone_exact_mw,127be6187b4f42ce503a2e58abe78322609c231565a94a3f55b4bab680d66d05,"{""distance"":7,""physical_error_rate"":0.01}","{""detection_events"":30404,""detectors_checked"":829440,""obs_mistake_mask=E"":1}"
      1024,         0,         0,   0.060,standalone_exact_mw,ba5ada56442ed2ba457be44e3218b165c8a19e21146c9941e841199e65961aae,"{""distance"":7,""physical_error_rate"":0.0005}","{""detection_events"":1624,""detectors_checked"":829440}"
      8192,         0,         0,   0.894,standalone_exact_mw,3bd544bb51e006261b45d3a2c996e28fc0c0449411cee5f7deafcd25d9539ebc,"{""distance"":7,""physical_error_rate"":0.001}","{""detection_events"":25135,""detectors_checked"":6635520}"
      1024,         0,         0,   0.076,standalone_exact_mw,3bd544bb51e006261b45d3a2c996e28fc0c0449411cee5f7deafcd25d9539ebc,"{""distance"":7,""physical_error_rate"":0.001}","{""detection_events"":3214,""detectors_checked"":829440}"
      3072,         0,         0,   0.053,standalone_exact_mw,ba5ada56442ed2ba457be44e3218b165c8a19e21146c9941e841199e65961aae,"{""distance"":7,""physical_error_rate"":0.0005}","{""detection_events"":4858,""detectors_checked"":2488320}"
      7168,         0,         0,   0.601,standalone_exact_mw,6a10a1840a7277b64863681e13d5cb65ed80b6c0c130a71789e1f9b9f94c8771,"{""distance"":7,""physical_error_rate"":0.005}","{""detection_events"":109660,""detectors_checked"":5806080}"
      9216,        11,         0,   0.824,standalone_exact_mw,ac604fb97cbefca8234024efb37144c861c0ed9870cf9e2c8901bf3b9b1f370f,"{""distance"":7,""physical_error_rate"":0.02}","{""detection_events"":519735,""detectors_checked"":7464960,""obs_mistake_mask=E"":11}"
      3072,         0,         0,   0.165,standalone_exact_mw,9d8ad86e51451842b54dafc7680d1b486ef291963bb72c70f3cdd570d2d8fa34,"{""distance"":7,""physical_error_rate"":0.002}","{""detection_events"":19044,""detectors_checked"":2488320}"
     16384,         0,         0,   0.814,standalone_exact_mw,ba5ada56442ed2ba457be44e3218b165c8a19e21146c9941e841199e65961aae,"{""distance"":7,""physical_error_rate"":0.0005}","{""detection_events"":25760,""detectors_checked"":13271040}"
      1024,         3,         0,   0.573,standalone_exact_mw,ac604fb97cbefca8234024efb37144c861c0ed9870cf9e2c8901bf3b9b1f370f,"{""distance"":7,""physical_error_rate"":0.02}","{""detection_events"":57844,""detectors_checked"":829440,""obs_mistake_mask=E"":3}"
      1280,         4,         0,   0.186,standalone_exact_mw,ac604fb97cbefca8234024efb37144c861c0ed9870cf9e2c8901bf3b9b1f370f,"{""distance"":7,""physical_error_rate"":0.02}","{""detection_events"":72378,""detectors_checked"":1036800,""obs_mistake_mask=E"":4}"
      1024,         0,         0,   0.076,standalone_exact_mw,6a10a1840a7277b64863681e13d5cb65ed80b6c0c130a71789e1f9b9f94c8771,"{""distance"":7,""physical_error_rate"":0.005}","{""detection_events"":15599,""detectors_checked"":829440}"
      1024,         0,         0,   0.119,standalone_exact_mw,ba5ada56442ed2ba457be44e3218b165c8a19e21146c9941e841199e65961aae,"{""distance"":7,""physical_error_rate"":0.0005}","{""detection_events"":1565,""detectors_checked"":829440}"
      1024,         0,         0,   0.054,standalone_exact_mw,ba5ada56442ed2ba457be44e3218b165c8a19e21146c9941e841199e65961aae,"{""distance"":7,""physical_error_rate"":0.0005}","{""detection_events"":1585,""detectors_checked"":829440}"
      2048,         0,         0,   0.654,standalone_exact_mw,127be6187b4f42ce503a2e58abe78322609c231565a94a3f55b4bab680d66d05,"{""distance"":7,""physical_error_rate"":0.01}","{""detection_events"":61108,""detectors_checked"":1658880}"
      8192,         0,         0,   0.804,standalone_exact_mw,6a10a1840a7277b64863681e13d5cb65ed80b6c0c130a71789e1f9b9f94c8771,"{""distance"":7,""physical_error_rate"":0.005}","{""detection_events"":125376,""detectors_checked"":6635520}"
     13312,         0,         0,   0.570,standalone_exact_mw,9d8ad86e51451842b54dafc7680d1b486ef291963bb72c70f3cdd570d2d8fa34,"{""distance"":7,""physical_error_rate"":0.002}","{""detection_events"":82043,""detectors_checked"":10782720}"
     11264,        25,         0,   0.900,standalone_exact_mw,ac604fb97cbefca8234024efb37144c861c0ed9870cf9e2c8901bf3b9b1f370f,"{""distance"":7,""physical_error_rate"":0.02}","{""detection_events"":635135,""detectors_checked"":9123840,""obs_mistake_mask=E"":25}"
      2048,         0,         0,   0.718,standalone_exact_mw,6a10a1840a7277b64863681e13d5cb65ed80b6c0c130a71789e1f9b9f94c8771,"{""distance"":7,""physical_error_rate"":0.005}","{""detection_events"":31231,""detectors_checked"":1658880}"
      3072,         0,         0,   0.131,standalone_exact_mw,3bd544bb51e006261b45d3a2c996e28fc0c0449411cee5f7deafcd25d9539ebc,"{""distance"":7,""physical_error_rate"":0.001}","{""detection_events"":9659,""detectors_checked"":2488320}"
      3072,         0,         0,   0.055,standalone_exact_mw,ba5ada56442ed2ba457be44e3218b165c8a19e21146c9941e841199e65961aae,"{""distance"":7,""physical_error_rate"":0.0005}","{""detection_events"":4997,""detectors_checked"":2488320}"
      1024,         0,         0,   0.111,standalone_exact_mw,127be6187b4f42ce503a2e58abe78322609c231565a94a3f55b4bab680d66d05,"{""distance"":7,""physical_error_rate"":0.01}","{""detection_events"":30520,""detectors_checked"":829440}"
      1024,         0,         0,   0.139,standalone_exact_mw,6a10a1840a7277b64863681e13d5cb65ed80b6c0c130a71789e1f9b9f94c8771,"{""distance"":7,""physical_error_rate"":0.005}","{""detection_events"":15586,""detectors_checked"":829440}"
      2048,         0,         0,   0.586,standalone_exact_mw,6a10a1840a7277b64863681e13d5cb65ed80b6c0c130a71789e1f9b9f94c8771,"{""distance"":7,""physical_error_rate"":0.005}","{""detection_events"":31384,""detectors_checked"":1658880}"
      5120,         0,         0,   0.618,standalone_exact_mw,127be6187b4f42ce503a2e58abe78322609c231565a94a3f55b4bab680d66d05,"{""distance"":7,""physical_error_rate"":0.01}","{""detection_events"":151719,""detectors_checked"":4147200}"
      2048,         0,         0,   0.857,standalone_exact_mw,ac604fb97cbefca8234024efb37144c861c0ed9870cf9e2c8901bf3b9b1f370f,"{""distance"":7,""physical_error_rate"":0.02}","{""detection_events"":115868,""detectors_checked"":1658880}"
      2048,         0,         0,   0.386,standalone_exact_mw,e5383d45c2b34399c539563e7789a53fd4b96cd0b38eade39a3cbfe07ba21ab0,"{""distance"":7,""physical_error_rate"":0.0002}","{""detection_events"":1317,""detectors_checked"":1658880}"
      1024,         0,         0,   0.058,standalone_exact_mw,3bd544bb51e006261b45d3a2c996e28fc0c0449411cee5f7deafcd25d9539ebc,"{""distance"":7,""physical_error_rate"":0.001}","{""detection_events"":3132,""detectors_checked"":829440}"
      2048,         3,         0,   0.291,standalone_exact_mw,ac604fb97cbefca8234024efb37144c861c0ed9870cf9e2c8901bf3b9b1f370f,"{""distance"":7,""physical_error_rate"":0.02}","{""detection_events"":115451,""detectors_checked"":1658880,""obs_mistake_mask=E"":3}"
      7168,         0,         0,   0.589,standalone_exact_mw,e5383d45c2b34399c539563e7789a53fd4b96cd0b38eade39a3cbfe07ba21ab0,"{""distance"":7,""physical_error_rate"":0.0002}","{""detection_events"":4526,""detectors_checked"":5806080}"
     11264,         0,         0,   0.819,standalone_exact_mw,6a10a1840a7277b64863681e13d5cb65ed80b6c0c130a71789e1f9b9f94c8771,"{""distance"":7,""physical_error_rate"":0.005}","{""detection_events"":171174,""detectors_checked"":9123840}"
      1024,         0,         0,   0.063,standalone_exact_mw,ba5ada56442ed2ba457be44e3218b165c8a19e21146c9941e841199e65961aae,"{""distance"":7,""physical_error_rate"":0.0005}","{""detection_events"":1684,""detectors_checked"":829440}"
      9216,         0,         0,    1.12,standalone_exact_mw,3bd544bb51e006261b45d3a2c996e28fc0c0449411cee5f7deafcd25d9539ebc,"{""distance"":7,""physical_error_rate"":0.001}","{""detection_events"":28822,""detectors_checked"":7464960}"
      1024,         0,         0,   0.076,standalone_exact_mw,6a10a1840a7277b64863681e13d5cb65ed80b6c0c130a71789e1f9b9f94c8771,"{""distance"":7,""physical_error_rate"":0.005}","{""detection_events"":15783,""detectors_checked"":829440}"
      8192,         0,         0,   0.564,standalone_exact_mw,6a10a1840a7277b64863681e13d5cb65ed80b6c0c130a71789e1f9b9f94c8771,"{""distance"":7,""physical_error_rate"":0.005}","{""detection_events"":125675,""detectors_checked"":6635520}"
      8192,         1,         0,   0.872,standalone_exact_mw,127be6187b4f42ce503a2e58abe78322609c231565a94a3f55b4bab680d66d05,"{""distance"":7,""physical_error_rate"":0.01}","{""detection_events"":243034,""detectors_checked"":6635520,""obs_mistake_mask=E"":1}"
      1024,         1,         0,   0.184,standalone_exact_mw,127be6187b4f42ce503a2e58abe78322609c231565a94a3f55b4bab680d66d05,"{""distance"":7,""physical_error_rate"":0.01}","{""detection_events"":30421,""detectors_checked"":829440,""obs_mistake_mask=E"":1}"
      1024,         0,         0,   0.157,standalone_exact_mw,127be6187b4f42ce503a2e58abe78322609c231565a94a3f55b4bab680d66d05,"{""distance"":7,""physical_error_rate"":0.01}","{""detection_events"":30016,""detectors_checked"":829440}"
      1024,         0,         0,   0.049,standalone_exact_mw,3bd544bb51e006261b45d3a2c996e28fc0c0449411cee5f7deafcd25d9539ebc,"{""distance"":7,""physical_error_rate"":0.001}","{""detection_events"":3103,""detectors_checked"":829440}"
     21504,         0,         0,   0.841,standalone_exact_mw,ba5ada56442ed2ba457be44e3218b165c8a19e21146c9941e841199e65961aae,"{""distance"":7,""physical_error_rate"":0.0005}","{""detection_events"":33514,""detectors_checked"":17418240}"
       273,         0,         0,   0.012,standalone_exact_mw,9d8ad86e51451842b54dafc7680d1b486ef291963bb72c70f3cdd570d2d8fa34,"{""distance"":7,""physical_error_rate"":0.002}","{""detection_events"":1785,""detectors_checked"":221130}"
      7168,         0,         0,   0.313,standalone_exact_mw,9d8ad86e51451842b54dafc7680d1b486ef291963bb72c70f3cdd570d2d8fa34,"{""distance"":7,""physical_error_rate"":0.002}","{""detection_events"":45150,""detectors_checked"":5806080}"
      4096,         6,         0,    1.03,standalone_exact_mw,ac604fb97cbefca8234024efb37144c861c0ed9870cf9e2c8901bf3b9b1f370f,"{""distance"":7,""physical_error_rate"":0.02}","{""detection_events"":232169,""detectors_checked"":3317760,""obs_mistake_mask=E"":6}"
      1024,         0,         0,   0.110,standalone_exact_mw,ba5ada56442ed2ba457be44e3218b165c8a19e21146c9941e841199e65961aae,"{""distance"":7,""physical_error_rate"":0.0005}","{""detection_events"":1580,""detectors_checked"":829440}"
      2048,         0,         0,   0.095,standalone_exact_mw,ba5ada56442ed2ba457be44e3218b165c8a19e21146c9941e841199e65961aae,"{""distance"":7,""physical_error_rate"":0.0005}","{""detection_events"":3152,""detectors_checked"":1658880}"
      1024,         0,         0,   0.072,standalone_exact_mw,6a10a1840a7277b64863681e13d5cb65ed80b6c0c130a71789e1f9b9f94c8771,"{""distance"":7,""physical_error_rate"":0.005}","{""detection_events"":15202,""detectors_checked"":829440}"
      6144,         0,         0,   0.289,standalone_exact_mw,e5383d45c2b34399c539563e7789a53fd4b96cd0b38eade39a3cbfe07ba21ab0,"{""distance"":7,""physical_error_rate"":0.0002}","{""detection_events"":3970,""detectors_checked"":4976640}"
      5120,         0,         0,   0.500,standalone_exact_mw,6a10a1840a7277b64863681e13d5cb65ed80b6c0c130a71789e1f9b9f94c8771,"{""distance"":7,""physical_error_rate"":0.005}","{""detection_events"":78156,""detectors_checked"":4147200}"
         1,         0,         0,   0.019,standalone_exact_mw,e5383d45c2b34399c539563e7789a53fd4b96cd0b38eade39a3cbfe07ba21ab0,"{""distance"":7,""physical_error_rate"":0.0002}","{""detectors_checked"":810}"
     16384,         0,         0,   0.809,standalone_exact_mw,e5383d45c2b34399c539563e7789a53fd4b96cd0b38eade39a3cbfe07ba21ab0,"{""distance"":7,""physical_error_rate"":0.0002}","{""detection_events"":10158,""detectors_checked"":13271040}"
       272,         0,         0,   0.006,standalone_exact_mw,e5383d45c2b34399c539563e7789a53fd4b96cd0b38eade39a3cbfe07ba21ab0,"{""distance"":7,""physical_error_rate"":0.0002}","{""detection_events"":170,""detectors_checked"":220320}"
      1024,         1,         0,   0.101,standalone_exact_mw,127be6187b4f42ce503a2e58abe78322609c231565a94a3f55b4bab680d66d05,"{""distance"":7,""physical_error_rate"":0.01}","{""detection_events"":30152,""detectors_checked"":829440,""obs_mistake_mask=E"":1}"
      1024,         0,         0,   0.058,standalone_exact_mw,3bd544bb51e006261b45d3a2c996e28fc0c0449411cee5f7deafcd25d9539ebc,"{""distance"":7,""physical_error_rate"":0.001}","{""detection_events"":3229,""detectors_checked"":829440}"
      1024,         0,         0,   0.037,standalone_exact_mw,ba5ada56442ed2ba457be44e3218b165c8a19e21146c9941e841199e65961aae,"{""distance"":7,""physical_error_rate"":0.0005}","{""detection_events"":1539,""detectors_checked"":829440}"
      1024,         0,         0,   0.105,standalone_exact_mw,6a10a1840a7277b64863681e13d5cb65ed80b6c0c130a71789e1f9b9f94c8771,"{""distance"":7,""physical_error_rate"":0.005}","{""detection_events"":15946,""detectors_checked"":829440}"
      2048,         0,         0,   0.115,standalone_exact_mw,ba5ada56442ed2ba457be44e3218b165c8a19e21146c9941e841199e65961aae,"{""distance"":7,""physical_error_rate"":0.0005}","{""detection_events"":3225,""detectors_checked"":1658880}"
      2048,         0,         0,   0.212,standalone_exact_mw,9d8ad86e51451842b54dafc7680d1b486ef291963bb72c70f3cdd570d2d8fa34,"{""distance"":7,""physical_error_rate"":0.002}","{""detection_events"":12625,""detectors_checked"":1658880}"
      1024,         1,         0,   0.195,standalone_exact_mw,ac604fb97cbefca8234024efb37144c861c0ed9870cf9e2c8901bf3b9b1f370f,"{""distance"":7,""physical_error_rate"":0.02}","{""detection_events"":58083,""detectors_checked"":829440,""obs_mistake_mask=E"":1}"
      1024,         0,         0,   0.077,standalone_exact_mw,9d8ad86e51451842b54dafc7680d1b486ef291963bb72c70f3cdd570d2d8fa34,"{""distance"":7,""physical_error_rate"":0.002}","{""detection_events"":6378,""detectors_checked"":829440}"
     12288,         0,         0,    1.58,standalone_exact_mw,ba5ada56442ed2ba457be44e3218b165c8a19e21146c9941e841199e65961aae,"{""distance"":7,""physical_error_rate"":0.0005}","{""detection_events"":19339,""detectors_checked"":9953280}"
      1024,         0,         0,   0.059,standalone_exact_mw,6a10a1840a7277b64863681e13d5cb65ed80b6c0c130a71789e1f9b9f94c8771,"{""distance"":7,""physical_error_rate"":0.005}","{""detection_events"":15624,""detectors_checked"":829440}"
      4096,         0,         0,   0.180,standalone_exact_mw,3bd544bb51e006261b45d3a2c996e28fc0c0449411cee5f7deafcd25d9539ebc,"{""distance"":7,""physical_error_rate"":0.001}","{""detection_events"":13007,""detectors_checked"":3317760}"
      1024,         0,         0,   0.036,standalone_exact_mw,e5383d45c2b34399c539563e7789a53fd4b96cd0b38eade39a3cbfe07ba21ab0,"{""distance"":7,""physical_error_rate"":0.0002}","{""detection_events"":657,""detectors_checked"":829440}"
     10240,         1,         0,   0.804,standalone_exact_mw,127be6187b4f42ce503a2e58abe78322609c231565a94a3f55b4bab680d66d05,"{""distance"":7,""physical_error_rate"":0.01}","{""detection_events"":303824,""detectors_checked"":8294400,""obs_mistake_mask=E"":1}"
      1024,         0,         0,   0.047,standalone_exact_mw,ba5ada56442ed2ba457be44e3218b165c8a19e21146c9941e841199e65961aae,"{""distance"":7,""physical_error_rate"":0.0005}","{""detection_events"":1560,""detectors_checked"":829440}"
      1024,         0,         0,   0.127,standalone_exact_mw,127be6187b4f42ce503a2e58abe78322609c231565a94a3f55b4bab680d66d05,"{""distance"":7,""physical_error_rate"":0.01}","{""detection_events"":29766,""detectors_checked"":829440}"
      1024,         0,         0,   0.075,standalone_exact_mw,3bd544bb51e006261b45d3a2c996e28fc0c0449411cee5f7deafcd25d9539ebc,"{""distance"":7,""physical_error_rate"":0.001}","{""detection_events"":3192,""detectors_checked"":829440}"
      5120,         8,         0,    1.33,standalone_exact_mw,ac604fb97cbefca8234024efb37144c861c0ed9870cf9e2c8901bf3b9b1f370f,"{""distance"":7,""physical_error_rate"":0.02}","{""detection_events"":289346,""detectors_checked"":4147200,""obs_mistake_mask=E"":8}"
     28672,         0,         0,    1.54,standalone_exact_mw,3bd544bb51e006261b45d3a2c996e28fc0c0449411cee5f7deafcd25d9539ebc,"{""distance"":7,""physical_error_rate"":0.001}","{""detection_events"":88612,""detectors_checked"":23224320}"
      1024,         0,         0,   0.064,standalone_exact_mw,e5383d45c2b34399c539563e7789a53fd4b96cd0b38eade39a3cbfe07ba21ab0,"{""distance"":7,""physical_error_rate"":0.0002}","{""detection_events"":674,""detectors_checked"":829440}"
         1,         0,         0,   0.001,standalone_exact_mw,ba5ada56442ed2ba457be44e3218b165c8a19e21146c9941e841199e65961aae,"{""distance"":7,""physical_error_rate"":0.0005}","{""detectors_checked"":810}"
      1024,         0,         0,   0.096,standalone_exact_mw,9d8ad86e51451842b54dafc7680d1b486ef291963bb72c70f3cdd570d2d8fa34,"{""distance"":7,""physical_error_rate"":0.002}","{""detection_events"":6350,""detectors_checked"":829440}"
     25600,         0,         0,   0.828,standalone_exact_mw,e5383d45c2b34399c539563e7789a53fd4b96cd0b38eade39a3cbfe07ba21ab0,"{""distance"":7,""physical_error_rate"":0.0002}","{""detection_events"":16151,""detectors_checked"":20736000}"
      1024,         0,         0,   0.118,standalone_exact_mw,127be6187b4f42ce503a2e58abe78322609c231565a94a3f55b4bab680d66d05,"{""distance"":7,""physical_error_rate"":0.01}","{""detection_events"":30790,""detectors_checked"":829440}"
      1024,         1,         0,   0.206,standalone_exact_mw,127be6187b4f42ce503a2e58abe78322609c231565a94a3f55b4bab680d66d05,"{""distance"":7,""physical_error_rate"":0.01}","{""detection_events"":30130,""detectors_checked"":829440,""obs_mistake_mask=E"":1}"
      2048,         0,         0,   0.119,standalone_exact_mw,ba5ada56442ed2ba457be44e3218b165c8a19e21146c9941e841199e65961aae,"{""distance"":7,""physical_error_rate"":0.0005}","{""detection_events"":3226,""detectors_checked"":1658880}"
      2048,         0,         0,   0.137,standalone_exact_mw,ba5ada56442ed2ba457be44e3218b165c8a19e21146c9941e841199e65961aae,"{""distance"":7,""physical_error_rate"":0.0005}","{""detection_events"":3034,""detectors_checked"":1658880}"
     29696,         0,         0,    1.14,standalone_exact_mw,e5383d45c2b34399c539563e7789a53fd4b96cd0b38eade39a3cbfe07ba21ab0,"{""distance"":7,""physical_error_rate"":0.0002}","{""detection_events"":18738,""detectors_checked"":24053760}"
       272,         0,         0,   0.026,standalone_exact_mw,ba5ada56442ed2ba457be44e3218b165c8a19e21146c9941e841199e65961aae,"{""distance"":7,""physical_error_rate"":0.0005}","{""detection_events"":421,""detectors_checked"":220320}"
      5120,         0,         0,   0.877,standalone_exact_mw,9d8ad86e51451842b54dafc7680d1b486ef291963bb72c70f3cdd570d2d8fa34,"{""distance"":7,""physical_error_rate"":0.002}","{""detection_events"":31679,""detectors_checked"":4147200}"
      6144,        18,         0,   0.839,standalone_exact_mw,ac604fb97cbefca8234024efb37144c861c0ed9870cf9e2c8901bf3b9b1f370f,"{""distance"":7,""physical_error_rate"":0.02}","{""detection_events"":347775,""detectors_checked"":4976640,""obs_mistake_mask=E"":18}"
      8192,         0,         0,   0.429,standalone_exact_mw,e5383d45c2b34399c539563e7789a53fd4b96cd0b38eade39a3cbfe07ba21ab0,"{""distance"":7,""physical_error_rate"":0.0002}","{""detection_events"":5044,""detectors_checked"":6635520}"
      5120,         0,         0,   0.860,standalone_exact_mw,6a10a1840a7277b64863681e13d5cb65ed80b6c0c130a71789e1f9b9f94c8771,"{""distance"":7,""physical_error_rate"":0.005}","{""detection_events"":78478,""detectors_checked"":4147200}"
      2048,         4,         0,   0.267,standalone_exact_mw,ac604fb97cbefca8234024efb37144c861c0ed9870cf9e2c8901bf3b9b1f370f,"{""distance"":7,""physical_error_rate"":0.02}","{""detection_events"":114349,""detectors_checked"":1658880,""obs_mistake_mask=E"":4}"
     20480,         0,         0,    1.60,standalone_exact_mw,9d8ad86e51451842b54dafc7680d1b486ef291963bb72c70f3cdd570d2d8fa34,"{""distance"":7,""physical_error_rate"":0.002}","{""detection_events"":127153,""detectors_checked"":16588800}"
      1024,         0,         0,   0.127,standalone_exact_mw,6a10a1840a7277b64863681e13d5cb65ed80b6c0c130a71789e1f9b9f94c8771,"{""distance"":7,""physical_error_rate"":0.005}","{""detection_events"":15686,""detectors_checked"":829440}"
      2048,         0,         0,   0.110,standalone_exact_mw,ba5ada56442ed2ba457be44e3218b165c8a19e21146c9941e841199e65961aae,"{""distance"":7,""physical_error_rate"":0.0005}","{""detection_events"":3227,""detectors_checked"":1658880}"
      7168,         0,         0,   0.824,standalone_exact_mw,3bd544bb51e006261b45d3a2c996e28fc0c0449411cee5f7deafcd25d9539ebc,"{""distance"":7,""physical_error_rate"":0.001}","{""detection_events"":22060,""detectors_checked"":5806080}"
      1024,         0,         0,   0.054,standalone_exact_mw,e5383d45c2b34399c539563e7789a53fd4b96cd0b38eade39a3cbfe07ba21ab0,"{""distance"":7,""physical_error_rate"":0.0002}","{""detection_events"":661,""detectors_checked"":829440}"
     23552,         0,         0,    1.58,standalone_exact_mw,ba5ada56442ed2ba457be44e3218b165c8a19e21146c9941e841199e65961aae,"{""distance"":7,""physical_error_rate"":0.0005}","{""detection_events"":36591,""detectors_checked"":19077120}"
      1024,         0,         0,   0.068,standalone_exact_mw,9d8ad86e51451842b54dafc7680d1b486ef291963bb72c70f3cdd570d2d8fa34,"{""distance"":7,""physical_error_rate"":0.002}","{""detection_events"":6489,""detectors_checked"":829440}"
      1024,         0,         0,   0.044,standalone_exact_mw,ba5ada56442ed2ba457be44e3218b165c8a19e21146c9941e841199e65961aae,"{""distance"":7,""physical_error_rate"":0.0005}","{""detection_events"":1675,""detectors_checked"":829440}"
     32768,         0,         0,    1.17,standalone_exact_mw,ba5ada56442ed2ba457be44e3218b165c8a19e21146c9941e841199e65961aae,"{""distance"":7,""physical_error_rate"":0.0005}","{""detection_events"":51694,""detectors_checked"":26542080}"
      2048,         0,         0,   0.170,standalone_exact_mw,6a10a1840a7277b64863681e13d5cb65ed80b6c0c130a71789e1f9b9f94c8771,"{""distance"":7,""physical_error_rate"":0.005}","{""detection_events"":30902,""detectors_checked"":1658880}"
      1024,         0,         0,   0.134,standalone_exact_mw,127be6187b4f42ce503a2e58abe78322609c231565a94a3f55b4bab680d66d05,"{""distance"":7,""physical_error_rate"":0.01}","{""detection_events"":30578,""detectors_checked"":829440}"
      1024,         1,         0,   0.186,standalone_exact_mw,ac604fb97cbefca8234024efb37144c861c0ed9870cf9e2c8901bf3b9b1f370f,"{""distance"":7,""physical_error_rate"":0.02}","{""detection_events"":57118,""detectors_checked"":829440,""obs_mistake_mask=E"":1}"
     12288,         0,         0,   0.848,standalone_exact_mw,3bd544bb51e006261b45d3a2c996e28fc0c0449411cee5f7deafcd25d9539ebc,"{""distance"":7,""physical_error_rate"":0.001}","{""detection_events"":38285,""detectors_checked"":9953280}"
      2048,         0,         0,   0.141,standalone_exact_mw,3bd544bb51e006261b45d3a2c996e28fc0c0449411cee5f7deafcd25d9539ebc,"{""distance"":7,""physical_error_rate"":0.001}","{""detection_events"":6522,""detectors_checked"":1658880}"
      6144,         0,         0,   0.769,standalone_exact_mw,6a10a1840a7277b64863681e13d5cb65ed80b6c0c130a71789e1f9b9f94c8771,"{""distance"":7,""physical_error_rate"":0.005}","{""detection_events"":94291,""detectors_checked"":4976640}"
      1024,         0,         0,   0.057,standalone_exact_mw,e5383d45c2b34399c539563e7789a53fd4b96cd0b38eade39a3cbfe07ba21ab0,"{""distance"":7,""physical_error_rate"":0.0002}","{""detection_events"":699,""detectors_checked"":829440}"
      1024,         1,         0,   0.105,standalone_exact_mw,127be6187b4f42ce503a2e58abe78322609c231565a94a3f55b4bab680d66d05,"{""distance"":7,""physical_error_rate"":0.01}","{""detection_events"":30384,""detectors_checked"":829440,""obs_mistake_mask=E"":1}"
      3072,         0,         0,   0.208,standalone_exact_mw,3bd544bb51e006261b45d3a2c996e28fc0c0449411cee5f7deafcd25d9539ebc,"{""distance"":7,""physical_error_rate"":0.001}","{""detection_events"":9571,""detectors_checked"":2488320}"
      1024,         0,         0,   0.164,standalone_exact_mw,127be6187b4f42ce503a2e58abe78322609c231565a94a3f55b4bab680d66d05,"{""distance"":7,""physical_error_rate"":0.01}","{""detection_events"":30204,""detectors_checked"":829440}"
      1024,         0,         0,   0.067,standalone_exact_mw,9d8ad86e51451842b54dafc7680d1b486ef291963bb72c70f3cdd570d2d8fa34,"{""distance"":7,""physical_error_rate"":0.002}","{""detection_events"":6418,""detectors_checked"":829440}"
     11264,         0,         0,    1.17,standalone_exact_mw,ba5ada56442ed2ba457be44e3218b165c8a19e21146c9941e841199e65961aae,"{""distance"":7,""physical_error_rate"":0.0005}","{""detection_events"":17845,""detectors_checked"":9123840}"
      1024,         0,         0,   0.108,standalone_exact_mw,6a10a1840a7277b64863681e13d5cb65ed80b6c0c130a71789e1f9b9f94c8771,"{""distance"":7,""physical_error_rate"":0.005}","{""detection_events"":15621,""detectors_checked"":829440}"
     10240,         0,         0,   0.378,standalone_exact_mw,e5383d45c2b34399c539563e7789a53fd4b96cd0b38eade39a3cbfe07ba21ab0,"{""distance"":7,""physical_error_rate"":0.0002}","{""detection_events"":6300,""detectors_checked"":8294400}"
      3072,         0,         0,   0.145,standalone_exact_mw,ba5ada56442ed2ba457be44e3218b165c8a19e21146c9941e841199e65961aae,"{""distance"":7,""physical_error_rate"":0.0005}","{""detection_events"":4850,""detectors_checked"":2488320}"
      3072,         0,         0,   0.164,standalone_exact_mw,ba5ada56442ed2ba457be44e3218b165c8a19e21146c9941e841199e65961aae,"{""distance"":7,""physical_error_rate"":0.0005}","{""detection_events"":4814,""detectors_checked"":2488320}"
      5120,         0,         0,   0.547,standalone_exact_mw,ba5ada56442ed2ba457be44e3218b165c8a19e21146c9941e841199e65961aae,"{""distance"":7,""physical_error_rate"":0.0005}","{""detection_events"":7938,""detectors_checked"":4147200}"
      1024,         0,         0,   0.105,standalone_exact_mw,ba5ada56442ed2ba457be44e3218b165c8a19e21146c9941e841199e65961aae,"{""distance"":7,""physical_error_rate"":0.0005}","{""detection_events"":1602,""detectors_checked"":829440}"
      1024,         0,         0,   0.021,standalone_exact_mw,e5383d45c2b34399c539563e7789a53fd4b96cd0b38eade39a3cbfe07ba21ab0,"{""distance"":7,""physical_error_rate"":0.0002}","{""detection_events"":598,""detectors_checked"":829440}"
      1024,         0,         0,   0.115,standalone_exact_mw,127be6187b4f42ce503a2e58abe78322609c231565a94a3f55b4bab680d66d05,"{""distance"":7,""physical_error_rate"":0.01}","{""detection_events"":30234,""detectors_checked"":829440}"
     22528,         0,         0,    1.74,standalone_exact_mw,6a10a1840a7277b64863681e13d5cb65ed80b6c0c130a71789e1f9b9f94c8771,"{""distance"":7,""physical_error_rate"":0.005}","{""detection_events"":344182,""detectors_checked"":18247680}"
      3072,         1,         0,   0.892,standalone_exact_mw,127be6187b4f42ce503a2e58abe78322609c231565a94a3f55b4bab680d66d05,"{""distance"":7,""physical_error_rate"":0.01}","{""detection_events"":90289,""detectors_checked"":2488320,""obs_mistake_mask=E"":1}"
      7168,        15,         0,    1.16,standalone_exact_mw,ac604fb97cbefca8234024efb37144c861c0ed9870cf9e2c8901bf3b9b1f370f,"{""distance"":7,""physical_error_rate"":0.02}","{""detection_events"":402978,""detectors_checked"":5806080,""obs_mistake_mask=E"":15}"
      1024,         0,         0,   0.074,standalone_exact_mw,9d8ad86e51451842b54dafc7680d1b486ef291963bb72c70f3cdd570d2d8fa34,"{""distance"":7,""physical_error_rate"":0.002}","{""detection_events"":6551,""detectors_checked"":829440}"
      1024,         0,         0,   0.073,standalone_exact_mw,ba5ada56442ed2ba457be44e3218b165c8a19e21146c9941e841199e65961aae,"{""distance"":7,""physical_error_rate"":0.0005}","{""detection_events"":1622,""detectors_checked"":829440}"
     10240,        13,         0,    1.25,standalone_exact_mw,ac604fb97cbefca8234024efb37144c861c0ed9870cf9e2c8901bf3b9b1f370f,"{""distance"":7,""physical_error_rate"":0.02}","{""detection_events"":577305,""detectors_checked"":8294400,""obs_mistake_mask=E"":13}"
      2048,         0,         0,   0.167,standalone_exact_mw,3bd544bb51e006261b45d3a2c996e28fc0c0449411cee5f7deafcd25d9539ebc,"{""distance"":7,""physical_error_rate"":0.001}","{""detection_events"":6363,""detectors_checked"":1658880}"
      1024,         3,         0,   0.194,standalone_exact_mw,ac604fb97cbefca8234024efb37144c861c0ed9870cf9e2c8901bf3b9b1f370f,"{""distance"":7,""physical_error_rate"":0.02}","{""detection_events"":57420,""detectors_checked"":829440,""obs_mistake_mask=E"":3}"
     17408,         2,         0,    1.18,standalone_exact_mw,127be6187b4f42ce503a2e58abe78322609c231565a94a3f55b4bab680d66d05,"{""distance"":7,""physical_error_rate"":0.01}","{""detection_events"":516837,""detectors_checked"":14100480,""obs_mistake_mask=E"":2}"
      3072,         0,         0,   0.380,standalone_exact_mw,9d8ad86e51451842b54dafc7680d1b486ef291963bb72c70f3cdd570d2d8fa34,"{""distance"":7,""physical_error_rate"":0.002}","{""detection_events"":18869,""detectors_checked"":2488320}"
      1024,         1,         0,   0.110,standalone_exact_mw,127be6187b4f42ce503a2e58abe78322609c231565a94a3f55b4bab680d66d05,"{""distance"":7,""physical_error_rate"":0.01}","{""detection_events"":30412,""detectors_checked"":829440,""obs_mistake_mask=E"":1}"
      4096,         0,         0,   0.439,standalone_exact_mw,9d8ad86e51451842b54dafc7680d1b486ef291963bb72c70f3cdd570d2d8fa34,"{""distance"":7,""physical_error_rate"":0.002}","{""detection_events"":25384,""detectors_checked"":3317760}"
     10240,         0,         0,   0.439,standalone_exact_mw,e5383d45c2b34399c539563e7789a53fd4b96cd0b38eade39a3cbfe07ba21ab0,"{""distance"":7,""physical_error_rate"":0.0002}","{""detection_events"":6553,""detectors_checked"":8294400}"
      3072,         0,         0,   0.113,standalone_exact_mw,e5383d45c2b34399c539563e7789a53fd4b96cd0b38eade39a3cbfe07ba21ab0,"{""distance"":7,""physical_error_rate"":0.0002}","{""detection_events"":1841,""detectors_checked"":2488320}"
      1024,         0,         0,   0.083,standalone_exact_mw,9d8ad86e51451842b54dafc7680d1b486ef291963bb72c70f3cdd570d2d8fa34,"{""distance"":7,""physical_error_rate"":0.002}","{""detection_events"":6582,""detectors_checked"":829440}"
      1024,         0,         0,   0.284,standalone_exact_mw,ba5ada56442ed2ba457be44e3218b165c8a19e21146c9941e841199e65961aae,"{""distance"":7,""physical_error_rate"":0.0005}","{""detection_events"":1568,""detectors_checked"":829440}"
      2048,         0,         0,   0.168,standalone_exact_mw,6a10a1840a7277b64863681e13d5cb65ed80b6c0c130a71789e1f9b9f94c8771,"{""distance"":7,""physical_error_rate"":0.005}","{""detection_events"":30911,""detectors_checked"":1658880}"
      3072,         0,         0,   0.269,standalone_exact_mw,6a10a1840a7277b64863681e13d5cb65ed80b6c0c130a71789e1f9b9f94c8771,"{""distance"":7,""physical_error_rate"":0.005}","{""detection_events"":47288,""detectors_checked"":2488320}"
      1024,         0,         0,   0.078,standalone_exact_mw,ba5ada56442ed2ba457be44e3218b165c8a19e21146c9941e841199e65961aae,"{""distance"":7,""physical_error_rate"":0.0005}","{""detection_events"":1681,""detectors_checked"":829440}"
      7168,         0,         0,    1.21,standalone_exact_mw,9d8ad86e51451842b54dafc7680d1b486ef291963bb72c70f3cdd570d2d8fa34,"{""distance"":7,""physical_error_rate"":0.002}","{""detection_events"":43762,""detectors_checked"":5806080}"
     21504,         0,         0,    1.57,standalone_exact_mw,6a10a1840a7277b64863681e13d5cb65ed80b6c0c130a71789e1f9b9f94c8771,"{""distance"":7,""physical_error_rate"":0.005}","{""detection_events"":329131,""detectors_checked"":17418240}"
       273,         0,         0,   0.026,standalone_exact_mw,e5383d45c2b34399c539563e7789a53fd4b96cd0b38eade39a3cbfe07ba21ab0,"{""distance"":7,""physical_error_rate"":0.0002}","{""detection_events"":133,""detectors_checked"":221130}"
         1,         0,         0,   0.069,standalone_exact_mw,6a10a1840a7277b64863681e13d5cb65ed80b6c0c130a71789e1f9b9f94c8771,"{""distance"":7,""physical_error_rate"":0.005}","{""detection_events"":11,""detectors_checked"":810}"
      4096,         0,         0,   0.212,standalone_exact_mw,ba5ada56442ed2ba457be44e3218b165c8a19e21146c9941e841199e65961aae,"{""distance"":7,""physical_error_rate"":0.0005}","{""detection_events"":6496,""detectors_checked"":3317760}"
     17408,         0,         0,    1.16,standalone_exact_mw,9d8ad86e51451842b54dafc7680d1b486ef291963bb72c70f3cdd570d2d8fa34,"{""distance"":7,""physical_error_rate"":0.002}","{""detection_events"":108693,""detectors_checked"":14100480}"
      1024,         0,         0,   0.225,standalone_exact_mw,127be6187b4f42ce503a2e58abe78322609c231565a94a3f55b4bab680d66d05,"{""distance"":7,""physical_error_rate"":0.01}","{""detection_events"":30754,""detectors_checked"":829440}"
      1024,         0,         0,   0.033,standalone_exact_mw,e5383d45c2b34399c539563e7789a53fd4b96cd0b38eade39a3cbfe07ba21ab0,"{""distance"":7,""physical_error_rate"":0.0002}","{""detection_events"":663,""detectors_checked"":829440}"
      4096,         0,         0,   0.247,standalone_exact_mw,ba5ada56442ed2ba457be44e3218b165c8a19e21146c9941e841199e65961aae,"{""distance"":7,""physical_error_rate"":0.0005}","{""detection_events"":6422,""detectors_checked"":3317760}"
     24576,         0,         0,    1.57,standalone_exact_mw,3bd544bb51e006261b45d3a2c996e28fc0c0449411cee5f7deafcd25d9539ebc,"{""distance"":7,""physical_error_rate"":0.001}","{""detection_events"":76603,""detectors_checked"":19906560}"
     18432,         0,         0,    1.75,standalone_exact_mw,9d8ad86e51451842b54dafc7680d1b486ef291963bb72c70f3cdd570d2d8fa34,"{""distance"":7,""physical_error_rate"":0.002}","{""detection_events"":114045,""detectors_checked"":14929920}"
      7168,         0,         0,    1.31,standalone_exact_mw,127be6187b4f42ce503a2e58abe78322609c231565a94a3f55b4bab680d66d05,"{""distance"":7,""physical_error_rate"":0.01}","{""detection_events"":212985,""detectors_checked"":5806080}"
      1024,         0,         0,   0.133,standalone_exact_mw,9d8ad86e51451842b54dafc7680d1b486ef291963bb72c70f3cdd570d2d8fa34,"{""distance"":7,""physical_error_rate"":0.002}","{""detection_events"":6441,""detectors_checked"":829440}"
     19456,         0,         0,    1.11,standalone_exact_mw,9d8ad86e51451842b54dafc7680d1b486ef291963bb72c70f3cdd570d2d8fa34,"{""distance"":7,""physical_error_rate"":0.002}","{""detection_events"":121569,""detectors_checked"":15759360}"
     11264,         0,         0,   0.853,standalone_exact_mw,9d8ad86e51451842b54dafc7680d1b486ef291963bb72c70f3cdd570d2d8fa34,"{""distance"":7,""physical_error_rate"":0.002}","{""detection_events"":70204,""detectors_checked"":9123840}"
      2048,         1,         0,   0.291,standalone_exact_mw,127be6187b4f42ce503a2e58abe78322609c231565a94a3f55b4bab680d66d05,"{""distance"":7,""physical_error_rate"":0.01}","{""detection_events"":61215,""detectors_checked"":1658880,""obs_mistake_mask=E"":1}"
       273,         0,         0,   0.030,standalone_exact_mw,9d8ad86e51451842b54dafc7680d1b486ef291963bb72c70f3cdd570d2d8fa34,"{""distance"":7,""physical_error_rate"":0.002}","{""detection_events"":1670,""detectors_checked"":221130}"
     14336,         0,         0,   0.812,standalone_exact_mw,ba5ada56442ed2ba457be44e3218b165c8a19e21146c9941e841199e65961aae,"{""distance"":7,""physical_error_rate"":0.0005}","{""detection_events"":22626,""detectors_checked"":11612160}"
     10240,         1,         0,    1.13,standalone_exact_mw,127be6187b4f42ce503a2e58abe78322609c231565a94a3f55b4bab680d66d05,"{""distance"":7,""physical_error_rate"":0.01}","{""detection_events"":305149,""detectors_checked"":8294400,""obs_mistake_mask=E"":1}"
      1024,         0,         0,   0.051,standalone_exact_mw,e5383d45c2b34399c539563e7789a53fd4b96cd0b38eade39a3cbfe07ba21ab0,"{""distance"":7,""physical_error_rate"":0.0002}","{""detection_events"":697,""detectors_checked"":829440}"
      1024,         3,         0,   0.173,standalone_exact_mw,ac604fb97cbefca8234024efb37144c861c0ed9870cf9e2c8901bf3b9b1f370f,"{""distance"":7,""physical_error_rate"":0.02}","{""detection_events"":57515,""detectors_checked"":829440,""obs_mistake_mask=E"":3}"
      3072,         3,         0,   0.432,standalone_exact_mw,ac604fb97cbefca8234024efb37144c861c0ed9870cf9e2c8901bf3b9b1f370f,"{""distance"":7,""physical_error_rate"":0.02}","{""detection_events"":173775,""detectors_checked"":2488320,""obs_mistake_mask=E"":3}"
       136,         0,         0,   0.090,standalone_exact_mw,6a10a1840a7277b64863681e13d5cb65ed80b6c0c130a71789e1f9b9f94c8771,"{""distance"":7,""physical_error_rate"":0.005}","{""detection_events"":2088,""detectors_checked"":110160}"
      1024,         0,         0,   0.033,standalone_exact_mw,e5383d45c2b34399c539563e7789a53fd4b96cd0b38eade39a3cbfe07ba21ab0,"{""distance"":7,""physical_error_rate"":0.0002}","{""detection_events"":641,""detectors_checked"":829440}"
      2048,         5,         0,    1.31,standalone_exact_mw,ac604fb97cbefca8234024efb37144c861c0ed9870cf9e2c8901bf3b9b1f370f,"{""distance"":7,""physical_error_rate"":0.02}","{""detection_events"":115628,""detectors_checked"":1658880,""obs_mistake_mask=E"":5}"
      3072,         0,         0,   0.187,standalone_exact_mw,e5383d45c2b34399c539563e7789a53fd4b96cd0b38eade39a3cbfe07ba21ab0,"{""distance"":7,""physical_error_rate"":0.0002}","{""detection_events"":1886,""detectors_checked"":2488320}"
      3072,         0,         0,   0.344,standalone_exact_mw,3bd544bb51e006261b45d3a2c996e28fc0c0449411cee5f7deafcd25d9539ebc,"{""distance"":7,""physical_error_rate"":0.001}","{""detection_events"":9395,""detectors_checked"":2488320}"
      1024,         0,         0,   0.167,standalone_exact_mw,ba5ada56442ed2ba457be44e3218b165c8a19e21146c9941e841199e65961aae,"{""distance"":7,""physical_error_rate"":0.0005}","{""detection_events"":1556,""detectors_checked"":829440}"
     19456,         0,         0,   0.794,standalone_exact_mw,9d8ad86e51451842b54dafc7680d1b486ef291963bb72c70f3cdd570d2d8fa34,"{""distance"":7,""physical_error_rate"":0.002}","{""detection_events"":121177,""detectors_checked"":15759360}"
      2048,         0,         0,   0.792,standalone_exact_mw,6a10a1840a7277b64863681e13d5cb65ed80b6c0c130a71789e1f9b9f94c8771,"{""distance"":7,""physical_error_rate"":0.005}","{""detection_events"":31233,""detectors_checked"":1658880}"
      4096,         0,         0,   0.258,standalone_exact_mw,3bd544bb51e006261b45d3a2c996e28fc0c0449411cee5f7deafcd25d9539ebc,"{""distance"":7,""physical_error_rate"":0.001}","{""detection_events"":12783,""detectors_checked"":3317760}"
      5120,         0,         0,   0.658,standalone_exact_mw,6a10a1840a7277b64863681e13d5cb65ed80b6c0c130a71789e1f9b9f94c8771,"{""distance"":7,""physical_error_rate"":0.005}","{""detection_events"":79290,""detectors_checked"":4147200}"
      8192,         0,         0,   0.779,standalone_exact_mw,6a10a1840a7277b64863681e13d5cb65ed80b6c0c130a71789e1f9b9f94c8771,"{""distance"":7,""physical_error_rate"":0.005}","{""detection_events"":124978,""detectors_checked"":6635520}"
      1024,         0,         0,   0.082,standalone_exact_mw,9d8ad86e51451842b54dafc7680d1b486ef291963bb72c70f3cdd570d2d8fa34,"{""distance"":7,""physical_error_rate"":0.002}","{""detection_events"":6315,""detectors_checked"":829440}"
      1024,         0,         0,   0.216,standalone_exact_mw,ba5ada56442ed2ba457be44e3218b165c8a19e21146c9941e841199e65961aae,"{""distance"":7,""physical_error_rate"":0.0005}","{""detection_events"":1470,""detectors_checked"":829440}"
      2048,         0,         0,   0.207,standalone_exact_mw,6a10a1840a7277b64863681e13d5cb65ed80b6c0c130a71789e1f9b9f94c8771,"{""distance"":7,""physical_error_rate"":0.005}","{""detection_events"":31111,""detectors_checked"":1658880}"
      2048,         1,         0,   0.237,standalone_exact_mw,127be6187b4f42ce503a2e58abe78322609c231565a94a3f55b4bab680d66d05,"{""distance"":7,""physical_error_rate"":0.01}","{""detection_events"":60527,""detectors_checked"":1658880,""obs_mistake_mask=E"":1}"
      1024,         0,         0,   0.060,standalone_exact_mw,e5383d45c2b34399c539563e7789a53fd4b96cd0b38eade39a3cbfe07ba21ab0,"{""distance"":7,""physical_error_rate"":0.0002}","{""detection_events"":659,""detectors_checked"":829440}"
      4096,        10,         0,   0.863,standalone_exact_mw,ac604fb97cbefca8234024efb37144c861c0ed9870cf9e2c8901bf3b9b1f370f,"{""distance"":7,""physical_error_rate"":0.02}","{""detection_events"":231319,""detectors_checked"":3317760,""obs_mistake_mask=E"":10}"
     26624,         0,         0,    1.12,standalone_exact_mw,e5383d45c2b34399c539563e7789a53fd4b96cd0b38eade39a3cbfe07ba21ab0,"{""distance"":7,""physical_error_rate"":0.0002}","{""detection_events"":17161,""detectors_checked"":21565440}"
      8192,         0,         0,   0.832,standalone_exact_mw,6a10a1840a7277b64863681e13d5cb65ed80b6c0c130a71789e1f9b9f94c8771,"{""distance"":7,""physical_error_rate"":0.005}","{""detection_events"":125064,""detectors_checked"":6635520}"
      1024,         0,         0,   0.167,standalone_exact_mw,127be6187b4f42ce503a2e58abe78322609c231565a94a3f55b4bab680d66d05,"{""distance"":7,""physical_error_rate"":0.01}","{""detection_events"":30380,""detectors_checked"":829440}"
      8192,         0,         0,   0.814,standalone_exact_mw,6a10a1840a7277b64863681e13d5cb65ed80b6c0c130a71789e1f9b9f94c8771,"{""distance"":7,""physical_error_rate"":0.005}","{""detection_events"":125450,""detectors_checked"":6635520}"
      7168,         0,         0,    1.20,standalone_exact_mw,9d8ad86e51451842b54dafc7680d1b486ef291963bb72c70f3cdd570d2d8fa34,"{""distance"":7,""physical_error_rate"":0.002}","{""detection_events"":45021,""detectors_checked"":5806080}"
      6144,         0,         0,    1.13,standalone_exact_mw,9d8ad86e51451842b54dafc7680d1b486ef291963bb72c70f3cdd570d2d8fa34,"{""distance"":7,""physical_error_rate"":0.002}","{""detection_events"":37969,""detectors_checked"":4976640}"
      9216,         0,         0,   0.820,standalone_exact_mw,e5383d45c2b34399c539563e7789a53fd4b96cd0b38eade39a3cbfe07ba21ab0,"{""distance"":7,""physical_error_rate"":0.0002}","{""detection_events"":5727,""detectors_checked"":7464960}"
     21504,         0,         0,    1.15,standalone_exact_mw,ba5ada56442ed2ba457be44e3218b165c8a19e21146c9941e841199e65961aae,"{""distance"":7,""physical_error_rate"":0.0005}","{""detection_events"":33662,""detectors_checked"":17418240}"
      1024,         0,         0,   0.071,standalone_exact_mw,9d8ad86e51451842b54dafc7680d1b486ef291963bb72c70f3cdd570d2d8fa34,"{""distance"":7,""physical_error_rate"":0.002}","{""detection_events"":6451,""detectors_checked"":829440}"
     15360,         0,         0,   0.586,standalone_exact_mw,e5383d45c2b34399c539563e7789a53fd4b96cd0b38eade39a3cbfe07ba21ab0,"{""distance"":7,""physical_error_rate"":0.0002}","{""detection_events"":9600,""detectors_checked"":12441600}"
      1024,         0,         0,   0.120,standalone_exact_mw,ba5ada56442ed2ba457be44e3218b165c8a19e21146c9941e841199e65961aae,"{""distance"":7,""physical_error_rate"":0.0005}","{""detection_events"":1613,""detectors_checked"":829440}"
       512,         0,         0,   0.176,standalone_exact_mw,6a10a1840a7277b64863681e13d5cb65ed80b6c0c130a71789e1f9b9f94c8771,"{""distance"":7,""physical_error_rate"":0.005}","{""detection_events"":7641,""detectors_checked"":414720}"
      3072,         0,         0,   0.303,standalone_exact_mw,6a10a1840a7277b64863681e13d5cb65ed80b6c0c130a71789e1f9b9f94c8771,"{""distance"":7,""physical_error_rate"":0.005}","{""detection_events"":47354,""detectors_checked"":2488320}"
      2048,         0,         0,   0.084,standalone_exact_mw,e5383d45c2b34399c539563e7789a53fd4b96cd0b38eade39a3cbfe07ba21ab0,"{""distance"":7,""physical_error_rate"":0.0002}","{""detection_events"":1324,""detectors_checked"":1658880}"
      1024,         2,         0,   0.195,standalone_exact_mw,ac604fb97cbefca8234024efb37144c861c0ed9870cf9e2c8901bf3b9b1f370f,"{""distance"":7,""physical_error_rate"":0.02}","{""detection_events"":57664,""detectors_checked"":829440,""obs_mistake_mask=E"":2}"
      3072,         0,         0,   0.913,standalone_exact_mw,127be6187b4f42ce503a2e58abe78322609c231565a94a3f55b4bab680d66d05,"{""distance"":7,""physical_error_rate"":0.01}","{""detection_events"":91462,""detectors_checked"":2488320}"
      2048,         0,         0,   0.225,standalone_exact_mw,9d8ad86e51451842b54dafc7680d1b486ef291963bb72c70f3cdd570d2d8fa34,"{""distance"":7,""physical_error_rate"":0.002}","{""detection_events"":12717,""detectors_checked"":1658880}"
     14336,        27,         0,    1.67,standalone_exact_mw,ac604fb97cbefca8234024efb37144c861c0ed9870cf9e2c8901bf3b9b1f370f,"{""distance"":7,""physical_error_rate"":0.02}","{""detection_events"":805323,""detectors_checked"":11612160,""obs_mistake_mask=E"":27}"
     38912,         0,         0,    1.09,standalone_exact_mw,e5383d45c2b34399c539563e7789a53fd4b96cd0b38eade39a3cbfe07ba21ab0,"{""distance"":7,""physical_error_rate"":0.0002}","{""detection_events"":24257,""detectors_checked"":31518720}"
         1,         0,         0,   0.012,standalone_exact_mw,127be6187b4f42ce503a2e58abe78322609c231565a94a3f55b4bab680d66d05,"{""distance"":7,""physical_error_rate"":0.01}","{""detection_events"":15,""detectors_checked"":810}"
      9216,         0,         0,    1.18,standalone_exact_mw,3bd544bb51e006261b45d3a2c996e28fc0c0449411cee5f7deafcd25d9539ebc,"{""distance"":7,""physical_error_rate"":0.001}","{""detection_events"":28269,""detectors_checked"":7464960}"
      9216,         0,         0,   0.315,standalone_exact_mw,ba5ada56442ed2ba457be44e3218b165c8a19e21146c9941e841199e65961aae,"{""distance"":7,""physical_error_rate"":0.0005}","{""detection_events"":14268,""detectors_checked"":7464960}"
      4096,         0,         0,   0.393,standalone_exact_mw,9d8ad86e51451842b54dafc7680d1b486ef291963bb72c70f3cdd570d2d8fa34,"{""distance"":7,""physical_error_rate"":0.002}","{""detection_events"":25496,""detectors_checked"":3317760}"
     14336,         0,         0,    1.02,standalone_exact_mw,3bd544bb51e006261b45d3a2c996e28fc0c0449411cee5f7deafcd25d9539ebc,"{""distance"":7,""physical_error_rate"":0.001}","{""detection_events"":44947,""detectors_checked"":11612160}"
      1024,         0,         0,   0.100,standalone_exact_mw,9d8ad86e51451842b54dafc7680d1b486ef291963bb72c70f3cdd570d2d8fa34,"{""distance"":7,""physical_error_rate"":0.002}","{""detection_events"":6487,""detectors_checked"":829440}"
      2048,         0,         0,   0.989,standalone_exact_mw,127be6187b4f42ce503a2e58abe78322609c231565a94a3f55b4bab680d66d05,"{""distance"":7,""physical_error_rate"":0.01}","{""detection_events"":60463,""detectors_checked"":1658880}"
     10240,         1,         0,    1.58,standalone_exact_mw,127be6187b4f42ce503a2e58abe78322609c231565a94a3f55b4bab680d66d05,"{""distance"":7,""physical_error_rate"":0.01}","{""detection_events"":304844,""detectors_checked"":8294400,""obs_mistake_mask=E"":1}"
       272,         0,         0,   0.026,standalone_exact_mw,127be6187b4f42ce503a2e58abe78322609c231565a94a3f55b4bab680d66d05,"{""distance"":7,""physical_error_rate"":0.01}","{""detection_events"":8130,""detectors_checked"":220320}"
      2048,         0,         0,   0.084,standalone_exact_mw,e5383d45c2b34399c539563e7789a53fd4b96cd0b38eade39a3cbfe07ba21ab0,"{""distance"":7,""physical_error_rate"":0.0002}","{""detection_events"":1229,""detectors_checked"":1658880}"
     13312,         0,         0,   0.572,standalone_exact_mw,e5383d45c2b34399c539563e7789a53fd4b96cd0b38eade39a3cbfe07ba21ab0,"{""distance"":7,""physical_error_rate"":0.0002}","{""detection_events"":8307,""detectors_checked"":10782720}"
      6144,         0,         0,   0.323,standalone_exact_mw,ba5ada56442ed2ba457be44e3218b165c8a19e21146c9941e841199e65961aae,"{""distance"":7,""physical_error_rate"":0.0005}","{""detection_events"":9288,""detectors_checked"":4976640}"
      4096,         0,         0,   0.250,standalone_exact_mw,e5383d45c2b34399c539563e7789a53fd4b96cd0b38eade39a3cbfe07ba21ab0,"{""distance"":7,""physical_error_rate"":0.0002}","{""detection_events"":2694,""detectors_checked"":3317760}"
      6144,         1,         0,    1.15,standalone_exact_mw,127be6187b4f42ce503a2e58abe78322609c231565a94a3f55b4bab680d66d05,"{""distance"":7,""physical_error_rate"":0.01}","{""detection_events"":182181,""detectors_checked"":4976640,""obs_mistake_mask=E"":1}"
      1024,         0,         0,   0.163,standalone_exact_mw,127be6187b4f42ce503a2e58abe78322609c231565a94a3f55b4bab680d66d05,"{""distance"":7,""physical_error_rate"":0.01}","{""detection_events"":30614,""detectors_checked"":829440}"
      2048,         0,         0,   0.308,standalone_exact_mw,127be6187b4f42ce503a2e58abe78322609c231565a94a3f55b4bab680d66d05,"{""distance"":7,""physical_error_rate"":0.01}","{""detection_events"":61092,""detectors_checked"":1658880}"
      2048,         0,         0,   0.223,standalone_exact_mw,ba5ada56442ed2ba457be44e3218b165c8a19e21146c9941e841199e65961aae,"{""distance"":7,""physical_error_rate"":0.0005}","{""detection_events"":3102,""detectors_checked"":1658880}"
      9216,         0,         0,    1.14,standalone_exact_mw,127be6187b4f42ce503a2e58abe78322609c231565a94a3f55b4bab680d66d05,"{""distance"":7,""physical_error_rate"":0.01}","{""detection_events"":274006,""detectors_checked"":7464960}"
      2048,         0,         0,   0.220,standalone_exact_mw,127be6187b4f42ce503a2e58abe78322609c231565a94a3f55b4bab680d66d05,"{""distance"":7,""physical_error_rate"":0.01}","{""detection_events"":60798,""detectors_checked"":1658880}"
     16384,         0,         0,    1.58,standalone_exact_mw,e5383d45c2b34399c539563e7789a53fd4b96cd0b38eade39a3cbfe07ba21ab0,"{""distance"":7,""physical_error_rate"":0.0002}","{""detection_events"":9998,""detectors_checked"":13271040}"
      9216,         0,         0,    1.15,standalone_exact_mw,e5383d45c2b34399c539563e7789a53fd4b96cd0b38eade39a3cbfe07ba21ab0,"{""distance"":7,""physical_error_rate"":0.0002}","{""detection_events"":5921,""detectors_checked"":7464960}"
     28672,         0,         0,    1.15,standalone_exact_mw,3bd544bb51e006261b45d3a2c996e28fc0c0449411cee5f7deafcd25d9539ebc,"{""distance"":7,""physical_error_rate"":0.001}","{""detection_events"":88693,""detectors_checked"":23224320}"
      1024,         0,         0,   0.081,standalone_exact_mw,9d8ad86e51451842b54dafc7680d1b486ef291963bb72c70f3cdd570d2d8fa34,"{""distance"":7,""physical_error_rate"":0.002}","{""detection_events"":6287,""detectors_checked"":829440}"
     16384,         0,         0,    1.14,standalone_exact_mw,3bd544bb51e006261b45d3a2c996e28fc0c0449411cee5f7deafcd25d9539ebc,"{""distance"":7,""physical_error_rate"":0.001}","{""detection_events"":51236,""detectors_checked"":13271040}"
      9216,        18,         0,    1.09,standalone_exact_mw,ac604fb97cbefca8234024efb37144c861c0ed9870cf9e2c8901bf3b9b1f370f,"{""distance"":7,""physical_error_rate"":0.02}","{""detection_events"":520004,""detectors_checked"":7464960,""obs_mistake_mask=E"":18}"
         1,         0,         0,   0.016,standalone_exact_mw,127be6187b4f42ce503a2e58abe78322609c231565a94a3f55b4bab680d66d05,"{""distance"":7,""physical_error_rate"":0.01}","{""detection_events"":33,""detectors_checked"":810}"
      4096,         0,         0,   0.102,standalone_exact_mw,e5383d45c2b34399c539563e7789a53fd4b96cd0b38eade39a3cbfe07ba21ab0,"{""distance"":7,""physical_error_rate"":0.0002}","{""detection_events"":2622,""detectors_checked"":3317760}"
      3072,         0,         0,   0.202,standalone_exact_mw,ba5ada56442ed2ba457be44e3218b165c8a19e21146c9941e841199e65961aae,"{""distance"":7,""physical_error_rate"":0.0005}","{""detection_events"":4617,""detectors_checked"":2488320}"
      1024,         0,         0,   0.122,standalone_exact_mw,127be6187b4f42ce503a2e58abe78322609c231565a94a3f55b4bab680d66d05,"{""distance"":7,""physical_error_rate"":0.01}","{""detection_events"":30581,""detectors_checked"":829440}"
      7168,        12,         0,    1.12,standalone_exact_mw,ac604fb97cbefca8234024efb37144c861c0ed9870cf9e2c8901bf3b9b1f370f,"{""distance"":7,""physical_error_rate"":0.02}","{""detection_events"":406103,""detectors_checked"":5806080,""obs_mistake_mask=E"":12}"
      1024,         3,         0,   0.195,standalone_exact_mw,ac604fb97cbefca8234024efb37144c861c0ed9870cf9e2c8901bf3b9b1f370f,"{""distance"":7,""physical_error_rate"":0.02}","{""detection_events"":57918,""detectors_checked"":829440,""obs_mistake_mask=E"":3}"
      5120,         0,         0,   0.327,standalone_exact_mw,3bd544bb51e006261b45d3a2c996e28fc0c0449411cee5f7deafcd25d9539ebc,"{""distance"":7,""physical_error_rate"":0.001}","{""detection_events"":15958,""detectors_checked"":4147200}"
     18432,         0,         0,    1.16,standalone_exact_mw,ba5ada56442ed2ba457be44e3218b165c8a19e21146c9941e841199e65961aae,"{""distance"":7,""physical_error_rate"":0.0005}","{""detection_events"":29231,""detectors_checked"":14929920}"
       272,         0,         0,   0.028,standalone_exact_mw,127be6187b4f42ce503a2e58abe78322609c231565a94a3f55b4bab680d66d05,"{""distance"":7,""physical_error_rate"":0.01}","{""detection_events"":8079,""detectors_checked"":220320}"
      1024,         0,         0,   0.081,standalone_exact_mw,9d8ad86e51451842b54dafc7680d1b486ef291963bb72c70f3cdd570d2d8fa34,"{""distance"":7,""physical_error_rate"":0.002}","{""detection_events"":6375,""detectors_checked"":829440}"
      4096,        10,         0,   0.417,standalone_exact_mw,ac604fb97cbefca8234024efb37144c861c0ed9870cf9e2c8901bf3b9b1f370f,"{""distance"":7,""physical_error_rate"":0.02}","{""detection_events"":231120,""detectors_checked"":3317760,""obs_mistake_mask=E"":10}"
     11264,         0,         0,    1.17,standalone_exact_mw,6a10a1840a7277b64863681e13d5cb65ed80b6c0c130a71789e1f9b9f94c8771,"{""distance"":7,""physical_error_rate"":0.005}","{""detection_events"":171437,""detectors_checked"":9123840}"
      6144,         0,         0,   0.354,standalone_exact_mw,6a10a1840a7277b64863681e13d5cb65ed80b6c0c130a71789e1f9b9f94c8771,"{""distance"":7,""physical_error_rate"":0.005}","{""detection_events"":93822,""detectors_checked"":4976640}"
     10240,         1,         0,    1.12,standalone_exact_mw,127be6187b4f42ce503a2e58abe78322609c231565a94a3f55b4bab680d66d05,"{""distance"":7,""physical_error_rate"":0.01}","{""detection_events"":305276,""detectors_checked"":8294400,""obs_mistake_mask=E"":1}"
     13312,         0,         0,   0.595,standalone_exact_mw,e5383d45c2b34399c539563e7789a53fd4b96cd0b38eade39a3cbfe07ba21ab0,"{""distance"":7,""physical_error_rate"":0.0002}","{""detection_events"":8441,""detectors_checked"":10782720}"
      1024,         0,         0,   0.076,standalone_exact_mw,127be6187b4f42ce503a2e58abe78322609c231565a94a3f55b4bab680d66d05,"{""distance"":7,""physical_error_rate"":0.01}","{""detection_events"":30365,""detectors_checked"":829440}"
      7168,         0,         0,   0.769,standalone_exact_mw,6a10a1840a7277b64863681e13d5cb65ed80b6c0c130a71789e1f9b9f94c8771,"{""distance"":7,""physical_error_rate"":0.005}","{""detection_events"":109185,""detectors_checked"":5806080}"
      7168,        12,         0,    1.08,standalone_exact_mw,ac604fb97cbefca8234024efb37144c861c0ed9870cf9e2c8901bf3b9b1f370f,"{""distance"":7,""physical_error_rate"":0.02}","{""detection_events"":404328,""detectors_checked"":5806080,""obs_mistake_mask=E"":12}"
     12288,         0,         0,   0.752,standalone_exact_mw,ba5ada56442ed2ba457be44e3218b165c8a19e21146c9941e841199e65961aae,"{""distance"":7,""physical_error_rate"":0.0005}","{""detection_events"":19195,""detectors_checked"":9953280}"
      1024,         0,         0,   0.081,standalone_exact_mw,9d8ad86e51451842b54dafc7680d1b486ef291963bb72c70f3cdd570d2d8fa34,"{""distance"":7,""physical_error_rate"":0.002}","{""detection_events"":6434,""detectors_checked"":829440}"
     28672,         0,         0,    1.14,standalone_exact_mw,ba5ada56442ed2ba457be44e3218b165c8a19e21146c9941e841199e65961aae,"{""distance"":7,""physical_error_rate"":0.0005}","{""detection_events"":44357,""detectors_checked"":23224320}"
      1024,         0,         0,   0.113,standalone_exact_mw,127be6187b4f42ce503a2e58abe78322609c231565a94a3f55b4bab680d66d05,"{""distance"":7,""physical_error_rate"":0.01}","{""detection_events"":30083,""detectors_checked"":829440}"
      4096,         0,         0,   0.470,standalone_exact_mw,3bd544bb51e006261b45d3a2c996e28fc0c0449411cee5f7deafcd25d9539ebc,"{""distance"":7,""physical_error_rate"":0.001}","{""detection_events"":12993,""detectors_checked"":3317760}"
      4096,         0,         0,   0.675,standalone_exact_mw,9d8ad86e51451842b54dafc7680d1b486ef291963bb72c70f3cdd570d2d8fa34,"{""distance"":7,""physical_error_rate"":0.002}","{""detection_events"":25135,""detectors_checked"":3317760}"
      1024,         0,         0,   0.350,standalone_exact_mw,6a10a1840a7277b64863681e13d5cb65ed80b6c0c130a71789e1f9b9f94c8771,"{""distance"":7,""physical_error_rate"":0.005}","{""detection_events"":15731,""detectors_checked"":829440}"
      9216,         0,         0,    1.23,standalone_exact_mw,6a10a1840a7277b64863681e13d5cb65ed80b6c0c130a71789e1f9b9f94c8771,"{""distance"":7,""physical_error_rate"":0.005}","{""detection_events"":140957,""detectors_checked"":7464960}"
      1024,         0,         0,   0.063,standalone_exact_mw,127be6187b4f42ce503a2e58abe78322609c231565a94a3f55b4bab680d66d05,"{""distance"":7,""physical_error_rate"":0.01}","{""detection_events"":30516,""detectors_checked"":829440}"
      8192,         0,         0,   0.164,standalone_exact_mw,e5383d45c2b34399c539563e7789a53fd4b96cd0b38eade39a3cbfe07ba21ab0,"{""distance"":7,""physical_error_rate"":0.0002}","{""detection_events"":4948,""detectors_checked"":6635520}"
     24576,         0,         0,    1.12,standalone_exact_mw,e5383d45c2b34399c539563e7789a53fd4b96cd0b38eade39a3cbfe07ba21ab0,"{""distance"":7,""physical_error_rate"":0.0002}","{""detection_events"":15501,""detectors_checked"":19906560}"
     13312,         0,         0,    1.61,standalone_exact_mw,ba5ada56442ed2ba457be44e3218b165c8a19e21146c9941e841199e65961aae,"{""distance"":7,""physical_error_rate"":0.0005}","{""detection_events"":21001,""detectors_checked"":10782720}"
      3072,         6,         0,    1.27,standalone_exact_mw,ac604fb97cbefca8234024efb37144c861c0ed9870cf9e2c8901bf3b9b1f370f,"{""distance"":7,""physical_error_rate"":0.02}","{""detection_events"":173245,""detectors_checked"":2488320,""obs_mistake_mask=E"":6}"
     14336,         1,         0,    1.14,standalone_exact_mw,127be6187b4f42ce503a2e58abe78322609c231565a94a3f55b4bab680d66d05,"{""distance"":7,""physical_error_rate"":0.01}","{""detection_events"":426178,""detectors_checked"":11612160,""obs_mistake_mask=E"":1}"
      2048,         0,         0,   0.220,standalone_exact_mw,ba5ada56442ed2ba457be44e3218b165c8a19e21146c9941e841199e65961aae,"{""distance"":7,""physical_error_rate"":0.0005}","{""detection_events"":3366,""detectors_checked"":1658880}"
      1024,         0,         0,   0.076,standalone_exact_mw,127be6187b4f42ce503a2e58abe78322609c231565a94a3f55b4bab680d66d05,"{""distance"":7,""physical_error_rate"":0.01}","{""detection_events"":30759,""detectors_checked"":829440}"
      1024,         1,         0,   0.110,standalone_exact_mw,127be6187b4f42ce503a2e58abe78322609c231565a94a3f55b4bab680d66d05,"{""distance"":7,""physical_error_rate"":0.01}","{""detection_events"":30560,""detectors_checked"":829440,""obs_mistake_mask=E"":1}"
      5120,         0,         0,   0.326,standalone_exact_mw,ba5ada56442ed2ba457be44e3218b165c8a19e21146c9941e841199e65961aae,"{""distance"":7,""physical_error_rate"":0.0005}","{""detection_events"":8155,""detectors_checked"":4147200}"
      1024,         0,         0,   0.344,standalone_exact_mw,127be6187b4f42ce503a2e58abe78322609c231565a94a3f55b4bab680d66d05,"{""distance"":7,""physical_error_rate"":0.01}","{""detection_events"":30517,""detectors_checked"":829440}"
      3072,         0,         0,   0.350,standalone_exact_mw,127be6187b4f42ce503a2e58abe78322609c231565a94a3f55b4bab680d66d05,"{""distance"":7,""physical_error_rate"":0.01}","{""detection_events"":91227,""detectors_checked"":2488320}"
      2048,         0,         0,   0.148,standalone_exact_mw,9d8ad86e51451842b54dafc7680d1b486ef291963bb72c70f3cdd570d2d8fa34,"{""distance"":7,""physical_error_rate"":0.002}","{""detection_events"":12694,""detectors_checked"":1658880}"
      7168,         0,         0,   0.422,standalone_exact_mw,ba5ada56442ed2ba457be44e3218b165c8a19e21146c9941e841199e65961aae,"{""distance"":7,""physical_error_rate"":0.0005}","{""detection_events"":11156,""detectors_checked"":5806080}"
     26624,         0,         0,    1.13,standalone_exact_mw,e5383d45c2b34399c539563e7789a53fd4b96cd0b38eade39a3cbfe07ba21ab0,"{""distance"":7,""physical_error_rate"":0.0002}","{""detection_events"":16633,""detectors_checked"":21565440}"
      5120,         0,         0,   0.490,standalone_exact_mw,6a10a1840a7277b64863681e13d5cb65ed80b6c0c130a71789e1f9b9f94c8771,"{""distance"":7,""physical_error_rate"":0.005}","{""detection_events"":78343,""detectors_checked"":4147200}"
      2048,         0,         0,   0.458,standalone_exact_mw,9d8ad86e51451842b54dafc7680d1b486ef291963bb72c70f3cdd570d2d8fa34,"{""distance"":7,""physical_error_rate"":0.002}","{""detection_events"":12886,""detectors_checked"":1658880}"
      3072,         0,         0,   0.393,standalone_exact_mw,e5383d45c2b34399c539563e7789a53fd4b96cd0b38eade39a3cbfe07ba21ab0,"{""distance"":7,""physical_error_rate"":0.0002}","{""detection_events"":1895,""detectors_checked"":2488320}"
     18432,         0,         0,    1.63,standalone_exact_mw,3bd544bb51e006261b45d3a2c996e28fc0c0449411cee5f7deafcd25d9539ebc,"{""distance"":7,""physical_error_rate"":0.001}","{""detection_events"":57466,""detectors_checked"":14929920}"
      8192,        13,         0,    1.14,standalone_exact_mw,ac604fb97cbefca8234024efb37144c861c0ed9870cf9e2c8901bf3b9b1f370f,"{""distance"":7,""physical_error_rate"":0.02}","{""detection_events"":461494,""detectors_checked"":6635520,""obs_mistake_mask=E"":13}"
      1024,         0,         0,   0.110,standalone_exact_mw,127be6187b4f42ce503a2e58abe78322609c231565a94a3f55b4bab680d66d05,"{""distance"":7,""physical_error_rate"":0.01}","{""detection_events"":30408,""detectors_checked"":829440}"
      1024,         0,         0,   0.110,standalone_exact_mw,127be6187b4f42ce503a2e58abe78322609c231565a94a3f55b4bab680d66d05,"{""distance"":7,""physical_error_rate"":0.01}","{""detection_events"":30328,""detectors_checked"":829440}"
      8192,         0,         0,   0.451,standalone_exact_mw,ba5ada56442ed2ba457be44e3218b165c8a19e21146c9941e841199e65961aae,"{""distance"":7,""physical_error_rate"":0.0005}","{""detection_events"":12997,""detectors_checked"":6635520}"
     15360,         0,         0,    1.12,standalone_exact_mw,3bd544bb51e006261b45d3a2c996e28fc0c0449411cee5f7deafcd25d9539ebc,"{""distance"":7,""physical_error_rate"":0.001}","{""detection_events"":47492,""detectors_checked"":12441600}"
      7168,         0,         0,    1.20,standalone_exact_mw,6a10a1840a7277b64863681e13d5cb65ed80b6c0c130a71789e1f9b9f94c8771,"{""distance"":7,""physical_error_rate"":0.005}","{""detection_events"":109758,""detectors_checked"":5806080}"
      3072,         0,         0,   0.473,standalone_exact_mw,127be6187b4f42ce503a2e58abe78322609c231565a94a3f55b4bab680d66d05,"{""distance"":7,""physical_error_rate"":0.01}","{""detection_events"":91619,""detectors_checked"":2488320}"
         1,         0,         0,   0.015,standalone_exact_mw,ac604fb97cbefca8234024efb37144c861c0ed9870cf9e2c8901bf3b9b1f370f,"{""distance"":7,""physical_error_rate"":0.02}","{""detection_events"":68,""detectors_checked"":810}"
      2048,         6,         0,   0.387,standalone_exact_mw,ac604fb97cbefca8234024efb37144c861c0ed9870cf9e2c8901bf3b9b1f370f,"{""distance"":7,""physical_error_rate"":0.02}","{""detection_events"":115521,""detectors_checked"":1658880,""obs_mistake_mask=E"":6}"
      8192,         0,         0,   0.239,standalone_exact_mw,e5383d45c2b34399c539563e7789a53fd4b96cd0b38eade39a3cbfe07ba21ab0,"{""distance"":7,""physical_error_rate"":0.0002}","{""detection_events"":5231,""detectors_checked"":6635520}"
     12288,         0,         0,    1.21,standalone_exact_mw,3bd544bb51e006261b45d3a2c996e28fc0c0449411cee5f7deafcd25d9539ebc,"{""distance"":7,""physical_error_rate"":0.001}","{""detection_events"":38118,""detectors_checked"":9953280}"
      6144,         0,         0,   0.405,standalone_exact_mw,3bd544bb51e006261b45d3a2c996e28fc0c0449411cee5f7deafcd25d9539ebc,"{""distance"":7,""physical_error_rate"":0.001}","{""detection_events"":19045,""detectors_checked"":4976640}"
      7168,         0,         0,   0.566,standalone_exact_mw,9d8ad86e51451842b54dafc7680d1b486ef291963bb72c70f3cdd570d2d8fa34,"{""distance"":7,""physical_error_rate"":0.002}","{""detection_events"":45047,""detectors_checked"":5806080}"
         1,         0,         0,   0.011,standalone_exact_mw,6a10a1840a7277b64863681e13d5cb65ed80b6c0c130a71789e1f9b9f94c8771,"{""distance"":7,""physical_error_rate"":0.005}","{""detection_events"":11,""detectors_checked"":810}"
      2048,         0,         0,   0.163,standalone_exact_mw,9d8ad86e51451842b54dafc7680d1b486ef291963bb72c70f3cdd570d2d8fa34,"{""distance"":7,""physical_error_rate"":0.002}","{""detection_events"":12773,""detectors_checked"":1658880}"
       272,         0,         0,   0.023,standalone_exact_mw,6a10a1840a7277b64863681e13d5cb65ed80b6c0c130a71789e1f9b9f94c8771,"{""distance"":7,""physical_error_rate"":0.005}","{""detection_events"":4294,""detectors_checked"":220320}"
         1,         0,         0,   0.019,standalone_exact_mw,ba5ada56442ed2ba457be44e3218b165c8a19e21146c9941e841199e65961aae,"{""distance"":7,""physical_error_rate"":0.0005}","{""detectors_checked"":810}"
       272,         1,         0,   0.076,standalone_exact_mw,ac604fb97cbefca8234024efb37144c861c0ed9870cf9e2c8901bf3b9b1f370f,"{""distance"":7,""physical_error_rate"":0.02}","{""detection_events"":15390,""detectors_checked"":220320,""obs_mistake_mask=E"":1}"
      1024,         0,         0,   0.125,standalone_exact_mw,127be6187b4f42ce503a2e58abe78322609c231565a94a3f55b4bab680d66d05,"{""distance"":7,""physical_error_rate"":0.01}","{""detection_events"":30093,""detectors_checked"":829440}"
      1024,         0,         0,   0.325,standalone_exact_mw,6a10a1840a7277b64863681e13d5cb65ed80b6c0c130a71789e1f9b9f94c8771,"{""distance"":7,""physical_error_rate"":0.005}","{""detection_events"":15638,""detectors_checked"":829440}"
      6144,         0,         0,   0.428,standalone_exact_mw,6a10a1840a7277b64863681e13d5cb65ed80b6c0c130a71789e1f9b9f94c8771,"{""distance"":7,""physical_error_rate"":0.005}","{""detection_events"":94038,""detectors_checked"":4976640}"
         1,         0,         0,   0.003,standalone_exact_mw,ac604fb97cbefca8234024efb37144c861c0ed9870cf9e2c8901bf3b9b1f370f,"{""distance"":7,""physical_error_rate"":0.02}","{""detection_events"":50,""detectors_checked"":810}"
      2048,         3,         0,   0.857,standalone_exact_mw,ac604fb97cbefca8234024efb37144c861c0ed9870cf9e2c8901bf3b9b1f370f,"{""distance"":7,""physical_error_rate"":0.02}","{""detection_events"":115627,""detectors_checked"":1658880,""obs_mistake_mask=E"":3}"
      1296,         0,         0,   0.058,standalone_exact_mw,ba5ada56442ed2ba457be44e3218b165c8a19e21146c9941e841199e65961aae,"{""distance"":7,""physical_error_rate"":0.0005}","{""detection_events"":1986,""detectors_checked"":1049760}"
      6144,         0,         0,    1.31,standalone_exact_mw,9d8ad86e51451842b54dafc7680d1b486ef291963bb72c70f3cdd570d2d8fa34,"{""distance"":7,""physical_error_rate"":0.002}","{""detection_events"":38416,""detectors_checked"":4976640}"
      2048,         0,         0,   0.176,standalone_exact_mw,127be6187b4f42ce503a2e58abe78322609c231565a94a3f55b4bab680d66d05,"{""distance"":7,""physical_error_rate"":0.01}","{""detection_events"":61291,""detectors_checked"":1658880}"
      1024,         0,         0,   0.104,standalone_exact_mw,6a10a1840a7277b64863681e13d5cb65ed80b6c0c130a71789e1f9b9f94c8771,"{""distance"":7,""physical_error_rate"":0.005}","{""detection_events"":15835,""detectors_checked"":829440}"
      1024,         1,         0,   0.306,standalone_exact_mw,127be6187b4f42ce503a2e58abe78322609c231565a94a3f55b4bab680d66d05,"{""distance"":7,""physical_error_rate"":0.01}","{""detection_events"":30455,""detectors_checked"":829440,""obs_mistake_mask=E"":1}"
       272,         0,         0,   0.030,standalone_exact_mw,ac604fb97cbefca8234024efb37144c861c0ed9870cf9e2c8901bf3b9b1f370f,"{""distance"":7,""physical_error_rate"":0.02}","{""detection_events"":14922,""detectors_checked"":220320}"
     10240,         0,         0,    1.55,standalone_exact_mw,3bd544bb51e006261b45d3a2c996e28fc0c0449411cee5f7deafcd25d9539ebc,"{""distance"":7,""physical_error_rate"":0.001}","{""detection_events"":31733,""detectors_checked"":8294400}"
      1024,         0,         0,   0.109,standalone_exact_mw,127be6187b4f42ce503a2e58abe78322609c231565a94a3f55b4bab680d66d05,"{""distance"":7,""physical_error_rate"":0.01}","{""detection_events"":30268,""detectors_checked"":829440}"
      5120,         0,         0,   0.897,standalone_exact_mw,6a10a1840a7277b64863681e13d5cb65ed80b6c0c130a71789e1f9b9f94c8771,"{""distance"":7,""physical_error_rate"":0.005}","{""detection_events"":78841,""detectors_checked"":4147200}"
     19456,         0,         0,   0.828,standalone_exact_mw,e5383d45c2b34399c539563e7789a53fd4b96cd0b38eade39a3cbfe07ba21ab0,"{""distance"":7,""physical_error_rate"":0.0002}","{""detection_events"":12228,""detectors_checked"":15759360}"
      1024,         0,         0,   0.065,standalone_exact_mw,ba5ada56442ed2ba457be44e3218b165c8a19e21146c9941e841199e65961aae,"{""distance"":7,""physical_error_rate"":0.0005}","{""detection_events"":1524,""detectors_checked"":829440}"
      3072,         0,         0,   0.392,standalone_exact_mw,ba5ada56442ed2ba457be44e3218b165c8a19e21146c9941e841199e65961aae,"{""distance"":7,""physical_error_rate"":0.0005}","{""detection_events"":4919,""detectors_checked"":2488320}"
      6144,         1,         0,    1.28,standalone_exact_mw,127be6187b4f42ce503a2e58abe78322609c231565a94a3f55b4bab680d66d05,"{""distance"":7,""physical_error_rate"":0.01}","{""detection_events"":182946,""detectors_checked"":4976640,""obs_mistake_mask=E"":1}"
      1024,         0,         0,   0.081,standalone_exact_mw,ba5ada56442ed2ba457be44e3218b165c8a19e21146c9941e841199e65961aae,"{""distance"":7,""physical_error_rate"":0.0005}","{""detection_events"":1647,""detectors_checked"":829440}"
      3072,         0,         0,   0.246,standalone_exact_mw,9d8ad86e51451842b54dafc7680d1b486ef291963bb72c70f3cdd570d2d8fa34,"{""distance"":7,""physical_error_rate"":0.002}","{""detection_events"":19377,""detectors_checked"":2488320}"
      1024,         0,         0,   0.130,standalone_exact_mw,6a10a1840a7277b64863681e13d5cb65ed80b6c0c130a71789e1f9b9f94c8771,"{""distance"":7,""physical_error_rate"":0.005}","{""detection_events"":15523,""detectors_checked"":829440}"
      1024,         0,         0,   0.118,standalone_exact_mw,127be6187b4f42ce503a2e58abe78322609c231565a94a3f55b4bab680d66d05,"{""distance"":7,""physical_error_rate"":0.01}","{""detection_events"":30299,""detectors_checked"":829440}"
     19456,         0,         0,   0.796,standalone_exact_mw,e5383d45c2b34399c539563e7789a53fd4b96cd0b38eade39a3cbfe07ba21ab0,"{""distance"":7,""physical_error_rate"":0.0002}","{""detection_events"":12154,""detectors_checked"":15759360}"
     11264,         0,         0,   0.312,standalone_exact_mw,e5383d45c2b34399c539563e7789a53fd4b96cd0b38eade39a3cbfe07ba21ab0,"{""distance"":7,""physical_error_rate"":0.0002}","{""detection_events"":7262,""detectors_checked"":9123840}"
      1024,         4,         0,   0.248,standalone_exact_mw,ac604fb97cbefca8234024efb37144c861c0ed9870cf9e2c8901bf3b9b1f370f,"{""distance"":7,""physical_error_rate"":0.02}","{""detection_events"":57456,""detectors_checked"":829440,""obs_mistake_mask=E"":4}"
      4096,         0,         0,   0.448,standalone_exact_mw,ba5ada56442ed2ba457be44e3218b165c8a19e21146c9941e841199e65961aae,"{""distance"":7,""physical_error_rate"":0.0005}","{""detection_events"":6331,""detectors_checked"":3317760}"
     37888,         0,         0,    1.52,standalone_exact_mw,e5383d45c2b34399c539563e7789a53fd4b96cd0b38eade39a3cbfe07ba21ab0,"{""distance"":7,""physical_error_rate"":0.0002}","{""detection_events"":23688,""detectors_checked"":30689280}"
      4096,         0,         0,   0.455,standalone_exact_mw,127be6187b4f42ce503a2e58abe78322609c231565a94a3f55b4bab680d66d05,"{""distance"":7,""physical_error_rate"":0.01}","{""detection_events"":122539,""detectors_checked"":3317760}"
     20480,         0,         0,    1.12,standalone_exact_mw,ba5ada56442ed2ba457be44e3218b165c8a19e21146c9941e841199e65961aae,"{""distance"":7,""physical_error_rate"":0.0005}","{""detection_events"":31842,""detectors_checked"":16588800}"
      2048,         0,         0,   0.192,standalone_exact_mw,127be6187b4f42ce503a2e58abe78322609c231565a94a3f55b4bab680d66d05,"{""distance"":7,""physical_error_rate"":0.01}","{""detection_events"":60355,""detectors_checked"":1658880}"
      5120,        12,         0,   0.701,standalone_exact_mw,ac604fb97cbefca8234024efb37144c861c0ed9870cf9e2c8901bf3b9b1f370f,"{""distance"":7,""physical_error_rate"":0.02}","{""detection_events"":288248,""detectors_checked"":4147200,""obs_mistake_mask=E"":12}"
      4096,         0,         0,   0.629,standalone_exact_mw,3bd544bb51e006261b45d3a2c996e28fc0c0449411cee5f7deafcd25d9539ebc,"{""distance"":7,""physical_error_rate"":0.001}","{""detection_events"":12894,""detectors_checked"":3317760}"
      1024,         0,         0,   0.265,standalone_exact_mw,6a10a1840a7277b64863681e13d5cb65ed80b6c0c130a71789e1f9b9f94c8771,"{""distance"":7,""physical_error_rate"":0.005}","{""detection_events"":15710,""detectors_checked"":829440}"
      1024,         1,         0,   0.182,standalone_exact_mw,ac604fb97cbefca8234024efb37144c861c0ed9870cf9e2c8901bf3b9b1f370f,"{""distance"":7,""physical_error_rate"":0.02}","{""detection_events"":57788,""detectors_checked"":829440,""obs_mistake_mask=E"":1}"
     15360,         0,         0,    1.15,standalone_exact_mw,9d8ad86e51451842b54dafc7680d1b486ef291963bb72c70f3cdd570d2d8fa34,"{""distance"":7,""physical_error_rate"":0.002}","{""detection_events"":94840,""detectors_checked"":12441600}"
      1024,         0,         0,   0.060,standalone_exact_mw,ba5ada56442ed2ba457be44e3218b165c8a19e21146c9941e841199e65961aae,"{""distance"":7,""physical_error_rate"":0.0005}","{""detection_events"":1560,""detectors_checked"":829440}"
      2048,         0,         0,   0.477,standalone_exact_mw,9d8ad86e51451842b54dafc7680d1b486ef291963bb72c70f3cdd570d2d8fa34,"{""distance"":7,""physical_error_rate"":0.002}","{""detection_events"":12700,""detectors_checked"":1658880}"
      2048,         4,         0,   0.374,standalone_exact_mw,ac604fb97cbefca8234024efb37144c861c0ed9870cf9e2c8901bf3b9b1f370f,"{""distance"":7,""physical_error_rate"":0.02}","{""detection_events"":115132,""detectors_checked"":1658880,""obs_mistake_mask=E"":4}"
      4096,         0,         0,   0.474,standalone_exact_mw,e5383d45c2b34399c539563e7789a53fd4b96cd0b38eade39a3cbfe07ba21ab0,"{""distance"":7,""physical_error_rate"":0.0002}","{""detection_events"":2469,""detectors_checked"":3317760}"
     37888,         0,         0,    1.56,standalone_exact_mw,ba5ada56442ed2ba457be44e3218b165c8a19e21146c9941e841199e65961aae,"{""distance"":7,""physical_error_rate"":0.0005}","{""detection_events"":59303,""detectors_checked"":30689280}"
      9216,         0,         0,    1.12,standalone_exact_mw,9d8ad86e51451842b54dafc7680d1b486ef291963bb72c70f3cdd570d2d8fa34,"{""distance"":7,""physical_error_rate"":0.002}","{""detection_events"":57099,""detectors_checked"":7464960}"
       273,         0,         0,   0.028,standalone_exact_mw,3bd544bb51e006261b45d3a2c996e28fc0c0449411cee5f7deafcd25d9539ebc,"{""distance"":7,""physical_error_rate"":0.001}","{""detection_events"":842,""detectors_checked"":221130}"
         1,         0,         0,   0.030,standalone_exact_mw,e5383d45c2b34399c539563e7789a53fd4b96cd0b38eade39a3cbfe07ba21ab0,"{""distance"":7,""physical_error_rate"":0.0002}","{""detectors_checked"":810}"
      1024,         0,         0,   0.125,standalone_exact_mw,6a10a1840a7277b64863681e13d5cb65ed80b6c0c130a71789e1f9b9f94c8771,"{""distance"":7,""physical_error_rate"":0.005}","{""detection_events"":15893,""detectors_checked"":829440}"
        16,         0,         0,   0.003,standalone_exact_mw,e5383d45c2b34399c539563e7789a53fd4b96cd0b38eade39a3cbfe07ba21ab0,"{""distance"":7,""physical_error_rate"":0.0002}","{""detection_events"":14,""detectors_checked"":12960}"
         1,         0,         0,   0.004,standalone_exact_mw,9d8ad86e51451842b54dafc7680d1b486ef291963bb72c70f3cdd570d2d8fa34,"{""distance"":7,""physical_error_rate"":0.002}","{""detection_events"":6,""detectors_checked"":810}"
      1024,         0,         0,   0.049,standalone_exact_mw,ba5ada56442ed2ba457be44e3218b165c8a19e21146c9941e841199e65961aae,"{""distance"":7,""physical_error_rate"":0.0005}","{""detection_events"":1623,""detectors_checked"":829440}"
       272,         0,         0,   0.016,standalone_exact_mw,9d8ad86e51451842b54dafc7680d1b486ef291963bb72c70f3cdd570d2d8fa34,"{""distance"":7,""physical_error_rate"":0.002}","{""detection_events"":1795,""detectors_checked"":220320}"
         1,         0,         0,   0.020,standalone_exact_mw,9d8ad86e51451842b54dafc7680d1b486ef291963bb72c70f3cdd570d2d8fa34,"{""distance"":7,""physical_error_rate"":0.002}","{""detection_events"":2,""detectors_checked"":810}"
     11264,         0,         0,    1.16,standalone_exact_mw,6a10a1840a7277b64863681e13d5cb65ed80b6c0c130a71789e1f9b9f94c8771,"{""distance"":7,""physical_error_rate"":0.005}","{""detection_events"":172801,""detectors_checked"":9123840}"
     25600,         0,         0,    1.11,standalone_exact_mw,e5383d45c2b34399c539563e7789a53fd4b96cd0b38eade39a3cbfe07ba21ab0,"{""distance"":7,""physical_error_rate"":0.0002}","{""detection_events"":16268,""detectors_checked"":20736000}"
        16,         0,         0,   0.002,standalone_exact_mw,9d8ad86e51451842b54dafc7680d1b486ef291963bb72c70f3cdd570d2d8fa34,"{""distance"":7,""physical_error_rate"":0.002}","{""detection_events"":96,""detectors_checked"":12960}"
      7168,        15,         0,    1.72,standalone_exact_mw,ac604fb97cbefca8234024efb37144c861c0ed9870cf9e2c8901bf3b9b1f370f,"{""distance"":7,""physical_error_rate"":0.02}","{""detection_events"":403495,""detectors_checked"":5806080,""obs_mistake_mask=E"":15}"
     19456,         0,         0,   0.800,standalone_exact_mw,e5383d45c2b34399c539563e7789a53fd4b96cd0b38eade39a3cbfe07ba21ab0,"{""distance"":7,""physical_error_rate"":0.0002}","{""detection_events"":12167,""detectors_checked"":15759360}"
      1024,         2,         0,   0.128,standalone_exact_mw,ac604fb97cbefca8234024efb37144c861c0ed9870cf9e2c8901bf3b9b1f370f,"{""distance"":7,""physical_error_rate"":0.02}","{""detection_events"":57874,""detectors_checked"":829440,""obs_mistake_mask=E"":2}"
      1024,         0,         0,   0.083,standalone_exact_mw,3bd544bb51e006261b45d3a2c996e28fc0c0449411cee5f7deafcd25d9539ebc,"{""distance"":7,""physical_error_rate"":0.001}","{""detection_events"":3314,""detectors_checked"":829440}"
       273,         0,         0,   0.028,standalone_exact_mw,e5383d45c2b34399c539563e7789a53fd4b96cd0b38eade39a3cbfe07ba21ab0,"{""distance"":7,""physical_error_rate"":0.0002}","{""detection_events"":149,""detectors_checked"":221130}"
      5120,        16,         0,    1.18,standalone_exact_mw,ac604fb97cbefca8234024efb37144c861c0ed9870cf9e2c8901bf3b9b1f370f,"{""distance"":7,""physical_error_rate"":0.02}","{""detection_events"":287902,""detectors_checked"":4147200,""obs_mistake_mask=E"":16}"
      1024,         0,         0,   0.073,standalone_exact_mw,6a10a1840a7277b64863681e13d5cb65ed80b6c0c130a71789e1f9b9f94c8771,"{""distance"":7,""physical_error_rate"":0.005}","{""detection_events"":15536,""detectors_checked"":829440}"
      6144,         0,         0,   0.602,standalone_exact_mw,6a10a1840a7277b64863681e13d5cb65ed80b6c0c130a71789e1f9b9f94c8771,"{""distance"":7,""physical_error_rate"":0.005}","{""detection_events"":93944,""detectors_checked"":4976640}"
     11264,         0,         0,    1.14,standalone_exact_mw,6a10a1840a7277b64863681e13d5cb65ed80b6c0c130a71789e1f9b9f94c8771,"{""distance"":7,""physical_error_rate"":0.005}","{""detection_events"":171708,""detectors_checked"":9123840}"
      1280,         0,         0,   0.076,standalone_exact_mw,e5383d45c2b34399c539563e7789a53fd4b96cd0b38eade39a3cbfe07ba21ab0,"{""distance"":7,""physical_error_rate"":0.0002}","{""detection_events"":877,""detectors_checked"":1036800}"
      2048,         0,         0,   0.219,standalone_exact_mw,127be6187b4f42ce503a2e58abe78322609c231565a94a3f55b4bab680d66d05,"{""distance"":7,""physical_error_rate"":0.01}","{""detection_events"":61152,""detectors_checked"":1658880}"
      9216,         0,         0,   0.640,standalone_exact_mw,ba5ada56442ed2ba457be44e3218b165c8a19e21146c9941e841199e65961aae,"{""distance"":7,""physical_error_rate"":0.0005}","{""detection_events"":14391,""detectors_checked"":7464960}"
      6144,         0,         0,    1.23,standalone_exact_mw,6a10a1840a7277b64863681e13d5cb65ed80b6c0c130a71789e1f9b9f94c8771,"{""distance"":7,""physical_error_rate"":0.005}","{""detection_events"":93924,""detectors_checked"":4976640}"
     11264,         0,         0,   0.587,standalone_exact_mw,ba5ada56442ed2ba457be44e3218b165c8a19e21146c9941e841199e65961aae,"{""distance"":7,""physical_error_rate"":0.0005}","{""detection_events"":17799,""detectors_checked"":9123840}"
     11264,         0,         0,    1.63,standalone_exact_mw,ba5ada56442ed2ba457be44e3218b165c8a19e21146c9941e841199e65961aae,"{""distance"":7,""physical_error_rate"":0.0005}","{""detection_events"":17681,""detectors_checked"":9123840}"
      6144,         0,         0,   0.774,standalone_exact_mw,9d8ad86e51451842b54dafc7680d1b486ef291963bb72c70f3cdd570d2d8fa34,"{""distance"":7,""physical_error_rate"":0.002}","{""detection_events"":37618,""detectors_checked"":4976640}"
      1024,         1,         0,   0.224,standalone_exact_mw,ac604fb97cbefca8234024efb37144c861c0ed9870cf9e2c8901bf3b9b1f370f,"{""distance"":7,""physical_error_rate"":0.02}","{""detection_events"":57623,""detectors_checked"":829440,""obs_mistake_mask=E"":1}"
     16384,         0,         0,    1.09,standalone_exact_mw,3bd544bb51e006261b45d3a2c996e28fc0c0449411cee5f7deafcd25d9539ebc,"{""distance"":7,""physical_error_rate"":0.001}","{""detection_events"":50970,""detectors_checked"":13271040}"
      2048,         0,         0,   0.107,standalone_exact_mw,ba5ada56442ed2ba457be44e3218b165c8a19e21146c9941e841199e65961aae,"{""distance"":7,""physical_error_rate"":0.0005}","{""detection_events"":3230,""detectors_checked"":1658880}"
      2048,         0,         0,   0.238,standalone_exact_mw,127be6187b4f42ce503a2e58abe78322609c231565a94a3f55b4bab680d66d05,"{""distance"":7,""physical_error_rate"":0.01}","{""detection_events"":61233,""detectors_checked"":1658880}"
      1024,         0,         0,   0.057,standalone_exact_mw,e5383d45c2b34399c539563e7789a53fd4b96cd0b38eade39a3cbfe07ba21ab0,"{""distance"":7,""physical_error_rate"":0.0002}","{""detection_events"":621,""detectors_checked"":829440}"
      1024,         0,         0,   0.077,standalone_exact_mw,e5383d45c2b34399c539563e7789a53fd4b96cd0b38eade39a3cbfe07ba21ab0,"{""distance"":7,""physical_error_rate"":0.0002}","{""detection_events"":627,""detectors_checked"":829440}"
      1024,         0,         0,   0.086,standalone_exact_mw,3bd544bb51e006261b45d3a2c996e28fc0c0449411cee5f7deafcd25d9539ebc,"{""distance"":7,""physical_error_rate"":0.001}","{""detection_events"":3301,""detectors_checked"":829440}"
         1,         0,         0,   0.015,standalone_exact_mw,ba5ada56442ed2ba457be44e3218b165c8a19e21146c9941e841199e65961aae,"{""distance"":7,""physical_error_rate"":0.0005}","{""detectors_checked"":810}"
      1024,         0,         0,   0.130,standalone_exact_mw,9d8ad86e51451842b54dafc7680d1b486ef291963bb72c70f3cdd570d2d8fa34,"{""distance"":7,""physical_error_rate"":0.002}","{""detection_events"":6119,""detectors_checked"":829440}"
      3072,         0,         0,   0.444,standalone_exact_mw,127be6187b4f42ce503a2e58abe78322609c231565a94a3f55b4bab680d66d05,"{""distance"":7,""physical_error_rate"":0.01}","{""detection_events"":90809,""detectors_checked"":2488320}"
     10240,         1,         0,    1.14,standalone_exact_mw,127be6187b4f42ce503a2e58abe78322609c231565a94a3f55b4bab680d66d05,"{""distance"":7,""physical_error_rate"":0.01}","{""detection_events"":303738,""detectors_checked"":8294400,""obs_mistake_mask=E"":1}"
       272,         0,         0,   0.023,standalone_exact_mw,ba5ada56442ed2ba457be44e3218b165c8a19e21146c9941e841199e65961aae,"{""distance"":7,""physical_error_rate"":0.0005}","{""detection_events"":421,""detectors_checked"":220320}"
      1024,         0,         0,   0.254,standalone_exact_mw,6a10a1840a7277b64863681e13d5cb65ed80b6c0c130a71789e1f9b9f94c8771,"{""distance"":7,""physical_error_rate"":0.005}","{""detection_events"":15797,""detectors_checked"":829440}"
      9216,         0,         0,   0.582,standalone_exact_mw,3bd544bb51e006261b45d3a2c996e28fc0c0449411cee5f7deafcd25d9539ebc,"{""distance"":7,""physical_error_rate"":0.001}","{""detection_events"":28788,""detectors_checked"":7464960}"
     18432,         3,         0,    1.57,standalone_exact_mw,127be6187b4f42ce503a2e58abe78322609c231565a94a3f55b4bab680d66d05,"{""distance"":7,""physical_error_rate"":0.01}","{""detection_events"":547864,""detectors_checked"":14929920,""obs_mistake_mask=E"":3}"
      4096,         0,         0,   0.345,standalone_exact_mw,9d8ad86e51451842b54dafc7680d1b486ef291963bb72c70f3cdd570d2d8fa34,"{""distance"":7,""physical_error_rate"":0.002}","{""detection_events"":25324,""detectors_checked"":3317760}"
      1024,         0,         0,   0.057,standalone_exact_mw,e5383d45c2b34399c539563e7789a53fd4b96cd0b38eade39a3cbfe07ba21ab0,"{""distance"":7,""physical_error_rate"":0.0002}","{""detection_events"":650,""detectors_checked"":829440}"
      4096,         2,         0,   0.649,standalone_exact_mw,127be6187b4f42ce503a2e58abe78322609c231565a94a3f55b4bab680d66d05,"{""distance"":7,""physical_error_rate"":0.01}","{""detection_events"":121731,""detectors_checked"":3317760,""obs_mistake_mask=E"":2}"
      1280,         0,         0,   0.165,standalone_exact_mw,9d8ad86e51451842b54dafc7680d1b486ef291963bb72c70f3cdd570d2d8fa34,"{""distance"":7,""physical_error_rate"":0.002}","{""detection_events"":8074,""detectors_checked"":1036800}"
      2048,         0,         0,   0.131,standalone_exact_mw,6a10a1840a7277b64863681e13d5cb65ed80b6c0c130a71789e1f9b9f94c8771,"{""distance"":7,""physical_error_rate"":0.005}","{""detection_events"":31374,""detectors_checked"":1658880}"
      6144,         0,         0,    1.27,standalone_exact_mw,6a10a1840a7277b64863681e13d5cb65ed80b6c0c130a71789e1f9b9f94c8771,"{""distance"":7,""physical_error_rate"":0.005}","{""detection_events"":94578,""detectors_checked"":4976640}"
         1,         0,         0,   0.008,standalone_exact_mw,6a10a1840a7277b64863681e13d5cb65ed80b6c0c130a71789e1f9b9f94c8771,"{""distance"":7,""physical_error_rate"":0.005}","{""detection_events"":12,""detectors_checked"":810}"
      1024,         2,         0,   0.146,standalone_exact_mw,ac604fb97cbefca8234024efb37144c861c0ed9870cf9e2c8901bf3b9b1f370f,"{""distance"":7,""physical_error_rate"":0.02}","{""detection_events"":57954,""detectors_checked"":829440,""obs_mistake_mask=E"":2}"
      1024,         0,         0,   0.074,standalone_exact_mw,e5383d45c2b34399c539563e7789a53fd4b96cd0b38eade39a3cbfe07ba21ab0,"{""distance"":7,""physical_error_rate"":0.0002}","{""detection_events"":622,""detectors_checked"":829440}"
      1024,         0,         0,   0.058,standalone_exact_mw,ba5ada56442ed2ba457be44e3218b165c8a19e21146c9941e841199e65961aae,"{""distance"":7,""physical_error_rate"":0.0005}","{""detection_events"":1460,""detectors_checked"":829440}"
     19456,        51,         0,    1.64,standalone_exact_mw,ac604fb97cbefca8234024efb37144c861c0ed9870cf9e2c8901bf3b9b1f370f,"{""distance"":7,""physical_error_rate"":0.02}","{""detection_events"":1096007,""detectors_checked"":15759360,""obs_mistake_mask=E"":51}"
      3072,         0,         0,   0.469,standalone_exact_mw,ba5ada56442ed2ba457be44e3218b165c8a19e21146c9941e841199e65961aae,"{""distance"":7,""physical_error_rate"":0.0005}","{""detection_events"":4840,""detectors_checked"":2488320}"
      6144,         1,         0,    1.26,standalone_exact_mw,127be6187b4f42ce503a2e58abe78322609c231565a94a3f55b4bab680d66d05,"{""distance"":7,""physical_error_rate"":0.01}","{""detection_events"":182234,""detectors_checked"":4976640,""obs_mistake_mask=E"":1}"
      1024,         3,         0,   0.138,standalone_exact_mw,ac604fb97cbefca8234024efb37144c861c0ed9870cf9e2c8901bf3b9b1f370f,"{""distance"":7,""physical_error_rate"":0.02}","{""detection_events"":58167,""detectors_checked"":829440,""obs_mistake_mask=E"":3}"
      2048,         0,         0,   0.123,standalone_exact_mw,ba5ada56442ed2ba457be44e3218b165c8a19e21146c9941e841199e65961aae,"{""distance"":7,""physical_error_rate"":0.0005}","{""detection_events"":3148,""detectors_checked"":1658880}"
      1024,         0,         0,   0.091,standalone_exact_mw,3bd544bb51e006261b45d3a2c996e28fc0c0449411cee5f7deafcd25d9539ebc,"{""distance"":7,""physical_error_rate"":0.001}","{""detection_events"":3180,""detectors_checked"":829440}"
       272,         0,         0,   0.031,standalone_exact_mw,6a10a1840a7277b64863681e13d5cb65ed80b6c0c130a71789e1f9b9f94c8771,"{""distance"":7,""physical_error_rate"":0.005}","{""detection_events"":4009,""detectors_checked"":220320}"
      1024,         0,         0,   0.018,standalone_exact_mw,ba5ada56442ed2ba457be44e3218b165c8a19e21146c9941e841199e65961aae,"{""distance"":7,""physical_error_rate"":0.0005}","{""detection_events"":1609,""detectors_checked"":829440}"
      1024,         0,         0,   0.061,standalone_exact_mw,e5383d45c2b34399c539563e7789a53fd4b96cd0b38eade39a3cbfe07ba21ab0,"{""distance"":7,""physical_error_rate"":0.0002}","{""detection_events"":585,""detectors_checked"":829440}"
     19456,         0,         0,    1.59,standalone_exact_mw,9d8ad86e51451842b54dafc7680d1b486ef291963bb72c70f3cdd570d2d8fa34,"{""distance"":7,""physical_error_rate"":0.002}","{""detection_events"":120341,""detectors_checked"":15759360}"
      9216,        17,         0,    1.72,standalone_exact_mw,ac604fb97cbefca8234024efb37144c861c0ed9870cf9e2c8901bf3b9b1f370f,"{""distance"":7,""physical_error_rate"":0.02}","{""detection_events"":518368,""detectors_checked"":7464960,""obs_mistake_mask=E"":17}"
     19456,         0,         0,    1.59,standalone_exact_mw,9d8ad86e51451842b54dafc7680d1b486ef291963bb72c70f3cdd570d2d8fa34,"{""distance"":7,""physical_error_rate"":0.002}","{""detection_events"":121999,""detectors_checked"":15759360}"
      1024,         0,         0,   0.144,standalone_exact_mw,9d8ad86e51451842b54dafc7680d1b486ef291963bb72c70f3cdd570d2d8fa34,"{""distance"":7,""physical_error_rate"":0.002}","{""detection_events"":6377,""detectors_checked"":829440}"
         1,         0,         0,   0.003,standalone_exact_mw,6a10a1840a7277b64863681e13d5cb65ed80b6c0c130a71789e1f9b9f94c8771,"{""distance"":7,""physical_error_rate"":0.005}","{""detection_events"":19,""detectors_checked"":810}"
      1024,         0,         0,   0.099,standalone_exact_mw,e5383d45c2b34399c539563e7789a53fd4b96cd0b38eade39a3cbfe07ba21ab0,"{""distance"":7,""physical_error_rate"":0.0002}","{""detection_events"":689,""detectors_checked"":829440}"
      1024,         0,         0,   0.046,standalone_exact_mw,ba5ada56442ed2ba457be44e3218b165c8a19e21146c9941e841199e65961aae,"{""distance"":7,""physical_error_rate"":0.0005}","{""detection_events"":1628,""detectors_checked"":829440}"
       272,         0,         0,   0.022,standalone_exact_mw,6a10a1840a7277b64863681e13d5cb65ed80b6c0c130a71789e1f9b9f94c8771,"{""distance"":7,""physical_error_rate"":0.005}","{""detection_events"":4021,""detectors_checked"":220320}"
     21504,         0,         0,    1.56,standalone_exact_mw,9d8ad86e51451842b54dafc7680d1b486ef291963bb72c70f3cdd570d2d8fa34,"{""distance"":7,""physical_error_rate"":0.002}","{""detection_events"":133278,""detectors_checked"":17418240}"
      1024,         0,         0,   0.132,standalone_exact_mw,9d8ad86e51451842b54dafc7680d1b486ef291963bb72c70f3cdd570d2d8fa34,"{""distance"":7,""physical_error_rate"":0.002}","{""detection_events"":6248,""detectors_checked"":829440}"
      2048,         0,         0,   0.131,standalone_exact_mw,6a10a1840a7277b64863681e13d5cb65ed80b6c0c130a71789e1f9b9f94c8771,"{""distance"":7,""physical_error_rate"":0.005}","{""detection_events"":31993,""detectors_checked"":1658880}"
      7168,         0,         0,   0.461,standalone_exact_mw,e5383d45c2b34399c539563e7789a53fd4b96cd0b38eade39a3cbfe07ba21ab0,"{""distance"":7,""physical_error_rate"":0.0002}","{""detection_events"":4522,""detectors_checked"":5806080}"
      1024,         0,         0,   0.056,standalone_exact_mw,e5383d45c2b34399c539563e7789a53fd4b96cd0b38eade39a3cbfe07ba21ab0,"{""distance"":7,""physical_error_rate"":0.0002}","{""detection_events"":635,""detectors_checked"":829440}"
      1024,         0,         0,   0.091,standalone_exact_mw,6a10a1840a7277b64863681e13d5cb65ed80b6c0c130a71789e1f9b9f94c8771,"{""distance"":7,""physical_error_rate"":0.005}","{""detection_events"":15291,""detectors_checked"":829440}"
      1024,         2,         0,   0.142,standalone_exact_mw,ac604fb97cbefca8234024efb37144c861c0ed9870cf9e2c8901bf3b9b1f370f,"{""distance"":7,""physical_error_rate"":0.02}","{""detection_events"":57422,""detectors_checked"":829440,""obs_mistake_mask=E"":2}"
         1,         0,         0,   0.023,standalone_exact_mw,127be6187b4f42ce503a2e58abe78322609c231565a94a3f55b4bab680d66d05,"{""distance"":7,""physical_error_rate"":0.01}","{""detection_events"":50,""detectors_checked"":810}"
      3072,         0,         0,   0.423,standalone_exact_mw,9d8ad86e51451842b54dafc7680d1b486ef291963bb72c70f3cdd570d2d8fa34,"{""distance"":7,""physical_error_rate"":0.002}","{""detection_events"":18898,""detectors_checked"":2488320}"
      2048,         0,         0,   0.272,standalone_exact_mw,127be6187b4f42ce503a2e58abe78322609c231565a94a3f55b4bab680d66d05,"{""distance"":7,""physical_error_rate"":0.01}","{""detection_events"":60821,""detectors_checked"":1658880}"
      1024,         0,         0,   0.103,standalone_exact_mw,3bd544bb51e006261b45d3a2c996e28fc0c0449411cee5f7deafcd25d9539ebc,"{""distance"":7,""physical_error_rate"":0.001}","{""detection_events"":3213,""detectors_checked"":829440}"
      9216,         0,         0,   0.730,standalone_exact_mw,6a10a1840a7277b64863681e13d5cb65ed80b6c0c130a71789e1f9b9f94c8771,"{""distance"":7,""physical_error_rate"":0.005}","{""detection_events"":140365,""detectors_checked"":7464960}"
      1024,         2,         0,   0.136,standalone_exact_mw,ac604fb97cbefca8234024efb37144c861c0ed9870cf9e2c8901bf3b9b1f370f,"{""distance"":7,""physical_error_rate"":0.02}","{""detection_events"":57439,""detectors_checked"":829440,""obs_mistake_mask=E"":2}"
     15360,         0,         0,    1.09,standalone_exact_mw,ba5ada56442ed2ba457be44e3218b165c8a19e21146c9941e841199e65961aae,"{""distance"":7,""physical_error_rate"":0.0005}","{""detection_events"":24280,""detectors_checked"":12441600}"
      1024,         0,         0,   0.065,standalone_exact_mw,e5383d45c2b34399c539563e7789a53fd4b96cd0b38eade39a3cbfe07ba21ab0,"{""distance"":7,""physical_error_rate"":0.0002}","{""detection_events"":686,""detectors_checked"":829440}"
      1024,         0,         0,   0.054,standalone_exact_mw,ba5ada56442ed2ba457be44e3218b165c8a19e21146c9941e841199e65961aae,"{""distance"":7,""physical_error_rate"":0.0005}","{""detection_events"":1752,""detectors_checked"":829440}"
      8192,         0,         0,    1.12,standalone_exact_mw,6a10a1840a7277b64863681e13d5cb65ed80b6c0c130a71789e1f9b9f94c8771,"{""distance"":7,""physical_error_rate"":0.005}","{""detection_events"":124356,""detectors_checked"":6635520}"
       272,         0,         0,   0.044,standalone_exact_mw,127be6187b4f42ce503a2e58abe78322609c231565a94a3f55b4bab680d66d05,"{""distance"":7,""physical_error_rate"":0.01}","{""detection_events"":8224,""detectors_checked"":220320}"
     14336,         1,         0,    1.65,standalone_exact_mw,127be6187b4f42ce503a2e58abe78322609c231565a94a3f55b4bab680d66d05,"{""distance"":7,""physical_error_rate"":0.01}","{""detection_events"":426556,""detectors_checked"":11612160,""obs_mistake_mask=E"":1}"
      5120,         0,         0,   0.547,standalone_exact_mw,ba5ada56442ed2ba457be44e3218b165c8a19e21146c9941e841199e65961aae,"{""distance"":7,""physical_error_rate"":0.0005}","{""detection_events"":7999,""detectors_checked"":4147200}"
      1024,         0,         0,   0.056,standalone_exact_mw,e5383d45c2b34399c539563e7789a53fd4b96cd0b38eade39a3cbfe07ba21ab0,"{""distance"":7,""physical_error_rate"":0.0002}","{""detection_events"":601,""detectors_checked"":829440}"
     10240,         0,         0,   0.831,standalone_exact_mw,9d8ad86e51451842b54dafc7680d1b486ef291963bb72c70f3cdd570d2d8fa34,"{""distance"":7,""physical_error_rate"":0.002}","{""detection_events"":63734,""detectors_checked"":8294400}"
      1024,         0,         0,   0.093,standalone_exact_mw,6a10a1840a7277b64863681e13d5cb65ed80b6c0c130a71789e1f9b9f94c8771,"{""distance"":7,""physical_error_rate"":0.005}","{""detection_events"":15831,""detectors_checked"":829440}"
      9216,         2,         0,    1.67,standalone_exact_mw,127be6187b4f42ce503a2e58abe78322609c231565a94a3f55b4bab680d66d05,"{""distance"":7,""physical_error_rate"":0.01}","{""detection_events"":274725,""detectors_checked"":7464960,""obs_mistake_mask=E"":2}"
     25600,         0,         0,    2.19,standalone_exact_mw,ba5ada56442ed2ba457be44e3218b165c8a19e21146c9941e841199e65961aae,"{""distance"":7,""physical_error_rate"":0.0005}","{""detection_events"":39780,""detectors_checked"":20736000}"
      1024,         1,         0,   0.230,standalone_exact_mw,6a10a1840a7277b64863681e13d5cb65ed80b6c0c130a71789e1f9b9f94c8771,"{""distance"":7,""physical_error_rate"":0.005}","{""detection_events"":15750,""detectors_checked"":829440,""obs_mistake_mask=E"":1}"
      1024,         0,         0,   0.143,standalone_exact_mw,9d8ad86e51451842b54dafc7680d1b486ef291963bb72c70f3cdd570d2d8fa34,"{""distance"":7,""physical_error_rate"":0.002}","{""detection_events"":6344,""detectors_checked"":829440}"
      2048,         0,         0,   0.192,standalone_exact_mw,ba5ada56442ed2ba457be44e3218b165c8a19e21146c9941e841199e65961aae,"{""distance"":7,""physical_error_rate"":0.0005}","{""detection_events"":3166,""detectors_checked"":1658880}"
     24576,         0,         0,    1.54,standalone_exact_mw,9d8ad86e51451842b54dafc7680d1b486ef291963bb72c70f3cdd570d2d8fa34,"{""distance"":7,""physical_error_rate"":0.002}","{""detection_events"":153577,""detectors_checked"":19906560}"
      1024,         0,         0,   0.106,standalone_exact_mw,6a10a1840a7277b64863681e13d5cb65ed80b6c0c130a71789e1f9b9f94c8771,"{""distance"":7,""physical_error_rate"":0.005}","{""detection_events"":15787,""detectors_checked"":829440}"
      3072,         4,         0,   0.525,standalone_exact_mw,ac604fb97cbefca8234024efb37144c861c0ed9870cf9e2c8901bf3b9b1f370f,"{""distance"":7,""physical_error_rate"":0.02}","{""detection_events"":173828,""detectors_checked"":2488320,""obs_mistake_mask=E"":4}"
      3072,         0,         0,   0.329,standalone_exact_mw,127be6187b4f42ce503a2e58abe78322609c231565a94a3f55b4bab680d66d05,"{""distance"":7,""physical_error_rate"":0.01}","{""detection_events"":91756,""detectors_checked"":2488320}"
      1024,         0,         0,   0.137,standalone_exact_mw,9d8ad86e51451842b54dafc7680d1b486ef291963bb72c70f3cdd570d2d8fa34,"{""distance"":7,""physical_error_rate"":0.002}","{""detection_events"":6508,""detectors_checked"":829440}"
      2048,         0,         0,   0.081,standalone_exact_mw,ba5ada56442ed2ba457be44e3218b165c8a19e21146c9941e841199e65961aae,"{""distance"":7,""physical_error_rate"":0.0005}","{""detection_events"":3237,""detectors_checked"":1658880}"
      1024,         0,         0,   0.126,standalone_exact_mw,3bd544bb51e006261b45d3a2c996e28fc0c0449411cee5f7deafcd25d9539ebc,"{""distance"":7,""physical_error_rate"":0.001}","{""detection_events"":3307,""detectors_checked"":829440}"
      1024,         4,         0,   0.137,standalone_exact_mw,ac604fb97cbefca8234024efb37144c861c0ed9870cf9e2c8901bf3b9b1f370f,"{""distance"":7,""physical_error_rate"":0.02}","{""detection_events"":57617,""detectors_checked"":829440,""obs_mistake_mask=E"":4}"
     47104,         0,         0,    1.58,standalone_exact_mw,e5383d45c2b34399c539563e7789a53fd4b96cd0b38eade39a3cbfe07ba21ab0,"{""distance"":7,""physical_error_rate"":0.0002}","{""detection_events"":29379,""detectors_checked"":38154240}"
     15360,         0,         0,    1.58,standalone_exact_mw,9d8ad86e51451842b54dafc7680d1b486ef291963bb72c70f3cdd570d2d8fa34,"{""distance"":7,""physical_error_rate"":0.002}","{""detection_events"":95923,""detectors_checked"":12441600}"
     29696,         0,         0,    2.18,standalone_exact_mw,3bd544bb51e006261b45d3a2c996e28fc0c0449411cee5f7deafcd25d9539ebc,"{""distance"":7,""physical_error_rate"":0.001}","{""detection_events"":92704,""detectors_checked"":24053760}"
      8192,         0,         0,   0.578,standalone_exact_mw,e5383d45c2b34399c539563e7789a53fd4b96cd0b38eade39a3cbfe07ba21ab0,"{""distance"":7,""physical_error_rate"":0.0002}","{""detection_events"":5147,""detectors_checked"":6635520}"
      3072,         0,         0,   0.182,standalone_exact_mw,6a10a1840a7277b64863681e13d5cb65ed80b6c0c130a71789e1f9b9f94c8771,"{""distance"":7,""physical_error_rate"":0.005}","{""detection_events"":46360,""detectors_checked"":2488320}"
      3072,         0,         0,   0.121,standalone_exact_mw,e5383d45c2b34399c539563e7789a53fd4b96cd0b38eade39a3cbfe07ba21ab0,"{""distance"":7,""physical_error_rate"":0.0002}","{""detection_events"":1820,""detectors_checked"":2488320}"
      1024,         0,         0,   0.104,standalone_exact_mw,6a10a1840a7277b64863681e13d5cb65ed80b6c0c130a71789e1f9b9f94c8771,"{""distance"":7,""physical_error_rate"":0.005}","{""detection_events"":15777,""detectors_checked"":829440}"
     28672,         0,         0,    1.61,standalone_exact_mw,ba5ada56442ed2ba457be44e3218b165c8a19e21146c9941e841199e65961aae,"{""distance"":7,""physical_error_rate"":0.0005}","{""detection_events"":45199,""detectors_checked"":23224320}"
     19456,         0,         0,    2.18,standalone_exact_mw,9d8ad86e51451842b54dafc7680d1b486ef291963bb72c70f3cdd570d2d8fa34,"{""distance"":7,""physical_error_rate"":0.002}","{""detection_events"":120957,""detectors_checked"":15759360}"
      2048,         0,         0,   0.108,standalone_exact_mw,e5383d45c2b34399c539563e7789a53fd4b96cd0b38eade39a3cbfe07ba21ab0,"{""distance"":7,""physical_error_rate"":0.0002}","{""detection_events"":1180,""detectors_checked"":1658880}"
      1024,         2,         0,   0.143,standalone_exact_mw,ac604fb97cbefca8234024efb37144c861c0ed9870cf9e2c8901bf3b9b1f370f,"{""distance"":7,""physical_error_rate"":0.02}","{""detection_events"":57850,""detectors_checked"":829440,""obs_mistake_mask=E"":2}"
      6144,         0,         0,   0.660,standalone_exact_mw,127be6187b4f42ce503a2e58abe78322609c231565a94a3f55b4bab680d66d05,"{""distance"":7,""physical_error_rate"":0.01}","{""detection_events"":182122,""detectors_checked"":4976640}"
         1,         0,         0,   0.021,standalone_exact_mw,e5383d45c2b34399c539563e7789a53fd4b96cd0b38eade39a3cbfe07ba21ab0,"{""distance"":7,""physical_error_rate"":0.0002}","{""detectors_checked"":810}"
      1024,         0,         0,   0.104,standalone_exact_mw,6a10a1840a7277b64863681e13d5cb65ed80b6c0c130a71789e1f9b9f94c8771,"{""distance"":7,""physical_error_rate"":0.005}","{""detection_events"":15417,""detectors_checked"":829440}"
      1024,         0,         0,   0.154,standalone_exact_mw,127be6187b4f42ce503a2e58abe78322609c231565a94a3f55b4bab680d66d05,"{""distance"":7,""physical_error_rate"":0.01}","{""detection_events"":30708,""detectors_checked"":829440}"
       272,         0,         0,   0.026,standalone_exact_mw,e5383d45c2b34399c539563e7789a53fd4b96cd0b38eade39a3cbfe07ba21ab0,"{""distance"":7,""physical_error_rate"":0.0002}","{""detection_events"":162,""detectors_checked"":220320}"
         1,         0,         0,   0.045,standalone_exact_mw,3bd544bb51e006261b45d3a2c996e28fc0c0449411cee5f7deafcd25d9539ebc,"{""distance"":7,""physical_error_rate"":0.001}","{""detectors_checked"":810}"
      1024,         0,         0,   0.148,standalone_exact_mw,9d8ad86e51451842b54dafc7680d1b486ef291963bb72c70f3cdd570d2d8fa34,"{""distance"":7,""physical_error_rate"":0.002}","{""detection_events"":6447,""detectors_checked"":829440}"
      1024,         0,         0,   0.107,standalone_exact_mw,3bd544bb51e006261b45d3a2c996e28fc0c0449411cee5f7deafcd25d9539ebc,"{""distance"":7,""physical_error_rate"":0.001}","{""detection_events"":3261,""detectors_checked"":829440}"
     41984,         0,         0,    1.58,standalone_exact_mw,e5383d45c2b34399c539563e7789a53fd4b96cd0b38eade39a3cbfe07ba21ab0,"{""distance"":7,""physical_error_rate"":0.0002}","{""detection_events"":26251,""detectors_checked"":34007040}"
      1024,         0,         0,   0.130,standalone_exact_mw,ba5ada56442ed2ba457be44e3218b165c8a19e21146c9941e841199e65961aae,"{""distance"":7,""physical_error_rate"":0.0005}","{""detection_events"":1557,""detectors_checked"":829440}"
       136,         0,         0,   0.039,standalone_exact_mw,3bd544bb51e006261b45d3a2c996e28fc0c0449411cee5f7deafcd25d9539ebc,"{""distance"":7,""physical_error_rate"":0.001}","{""detection_events"":396,""detectors_checked"":110160}"
      1024,         0,         0,   0.147,standalone_exact_mw,9d8ad86e51451842b54dafc7680d1b486ef291963bb72c70f3cdd570d2d8fa34,"{""distance"":7,""physical_error_rate"":0.002}","{""detection_events"":6392,""detectors_checked"":829440}"
      1024,         2,         0,   0.137,standalone_exact_mw,ac604fb97cbefca8234024efb37144c861c0ed9870cf9e2c8901bf3b9b1f370f,"{""distance"":7,""physical_error_rate"":0.02}","{""detection_events"":58209,""detectors_checked"":829440,""obs_mistake_mask=E"":2}"
      2048,         0,         0,   0.192,standalone_exact_mw,6a10a1840a7277b64863681e13d5cb65ed80b6c0c130a71789e1f9b9f94c8771,"{""distance"":7,""physical_error_rate"":0.005}","{""detection_events"":31083,""detectors_checked"":1658880}"
     16384,         0,         0,    1.59,standalone_exact_mw,3bd544bb51e006261b45d3a2c996e28fc0c0449411cee5f7deafcd25d9539ebc,"{""distance"":7,""physical_error_rate"":0.001}","{""detection_events"":50907,""detectors_checked"":13271040}"
       273,         0,         0,   0.035,standalone_exact_mw,3bd544bb51e006261b45d3a2c996e28fc0c0449411cee5f7deafcd25d9539ebc,"{""distance"":7,""physical_error_rate"":0.001}","{""detection_events"":906,""detectors_checked"":221130}"
      1024,         0,         0,   0.473,standalone_exact_mw,127be6187b4f42ce503a2e58abe78322609c231565a94a3f55b4bab680d66d05,"{""distance"":7,""physical_error_rate"":0.01}","{""detection_events"":30594,""detectors_checked"":829440}"
      1024,         0,         0,   0.085,standalone_exact_mw,e5383d45c2b34399c539563e7789a53fd4b96cd0b38eade39a3cbfe07ba21ab0,"{""distance"":7,""physical_error_rate"":0.0002}","{""detection_events"":658,""detectors_checked"":829440}"
      1024,         0,         0,   0.132,standalone_exact_mw,6a10a1840a7277b64863681e13d5cb65ed80b6c0c130a71789e1f9b9f94c8771,"{""distance"":7,""physical_error_rate"":0.005}","{""detection_events"":15606,""detectors_checked"":829440}"
     25600,         0,         0,    2.30,standalone_exact_mw,ba5ada56442ed2ba457be44e3218b165c8a19e21146c9941e841199e65961aae,"{""distance"":7,""physical_error_rate"":0.0005}","{""detection_events"":39748,""detectors_checked"":20736000}"
      2048,         0,         0,   0.133,standalone_exact_mw,e5383d45c2b34399c539563e7789a53fd4b96cd0b38eade39a3cbfe07ba21ab0,"{""distance"":7,""physical_error_rate"":0.0002}","{""detection_events"":1300,""detectors_checked"":1658880}"
     13312,         3,         0,    1.60,standalone_exact_mw,127be6187b4f42ce503a2e58abe78322609c231565a94a3f55b4bab680d66d05,"{""distance"":7,""physical_error_rate"":0.01}","{""detection_events"":395619,""detectors_checked"":10782720,""obs_mistake_mask=E"":3}"
      6144,         0,         0,   0.475,standalone_exact_mw,9d8ad86e51451842b54dafc7680d1b486ef291963bb72c70f3cdd570d2d8fa34,"{""distance"":7,""physical_error_rate"":0.002}","{""detection_events"":38517,""detectors_checked"":4976640}"
      2048,         0,         0,   0.029,standalone_exact_mw,e5383d45c2b34399c539563e7789a53fd4b96cd0b38eade39a3cbfe07ba21ab0,"{""distance"":7,""physical_error_rate"":0.0002}","{""detection_events"":1317,""detectors_checked"":1658880}"
      1024,         0,         0,   0.108,standalone_exact_mw,127be6187b4f42ce503a2e58abe78322609c231565a94a3f55b4bab680d66d05,"{""distance"":7,""physical_error_rate"":0.01}","{""detection_events"":30479,""detectors_checked"":829440}"
      1024,         0,         0,   0.130,standalone_exact_mw,6a10a1840a7277b64863681e13d5cb65ed80b6c0c130a71789e1f9b9f94c8771,"{""distance"":7,""physical_error_rate"":0.005}","{""detection_events"":15336,""detectors_checked"":829440}"
     28672,         0,         0,    1.60,standalone_exact_mw,e5383d45c2b34399c539563e7789a53fd4b96cd0b38eade39a3cbfe07ba21ab0,"{""distance"":7,""physical_error_rate"":0.0002}","{""detection_events"":17979,""detectors_checked"":23224320}"
      1024,         3,         0,   0.141,standalone_exact_mw,ac604fb97cbefca8234024efb37144c861c0ed9870cf9e2c8901bf3b9b1f370f,"{""distance"":7,""physical_error_rate"":0.02}","{""detection_events"":58232,""detectors_checked"":829440,""obs_mistake_mask=E"":3}"
     22528,         0,         0,    1.56,standalone_exact_mw,3bd544bb51e006261b45d3a2c996e28fc0c0449411cee5f7deafcd25d9539ebc,"{""distance"":7,""physical_error_rate"":0.001}","{""detection_events"":70509,""detectors_checked"":18247680}"
      3072,         0,         0,   0.350,standalone_exact_mw,127be6187b4f42ce503a2e58abe78322609c231565a94a3f55b4bab680d66d05,"{""distance"":7,""physical_error_rate"":0.01}","{""detection_events"":91107,""detectors_checked"":2488320}"
     28672,         0,         0,    1.60,standalone_exact_mw,3bd544bb51e006261b45d3a2c996e28fc0c0449411cee5f7deafcd25d9539ebc,"{""distance"":7,""physical_error_rate"":0.001}","{""detection_events"":89656,""detectors_checked"":23224320}"
     23552,         0,         0,    2.18,standalone_exact_mw,6a10a1840a7277b64863681e13d5cb65ed80b6c0c130a71789e1f9b9f94c8771,"{""distance"":7,""physical_error_rate"":0.005}","{""detection_events"":359902,""detectors_checked"":19077120}"
      1024,         0,         0,   0.061,standalone_exact_mw,6a10a1840a7277b64863681e13d5cb65ed80b6c0c130a71789e1f9b9f94c8771,"{""distance"":7,""physical_error_rate"":0.005}","{""detection_events"":15158,""detectors_checked"":829440}"
      2048,         0,         0,   0.143,standalone_exact_mw,3bd544bb51e006261b45d3a2c996e28fc0c0449411cee5f7deafcd25d9539ebc,"{""distance"":7,""physical_error_rate"":0.001}","{""detection_events"":6373,""detectors_checked"":1658880}"
      1024,         0,         0,   0.125,standalone_exact_mw,9d8ad86e51451842b54dafc7680d1b486ef291963bb72c70f3cdd570d2d8fa34,"{""distance"":7,""physical_error_rate"":0.002}","{""detection_events"":6323,""detectors_checked"":829440}"
      1024,         0,         0,   0.149,standalone_exact_mw,9d8ad86e51451842b54dafc7680d1b486ef291963bb72c70f3cdd570d2d8fa34,"{""distance"":7,""physical_error_rate"":0.002}","{""detection_events"":6565,""detectors_checked"":829440}"
      1024,         0,         0,   0.033,standalone_exact_mw,e5383d45c2b34399c539563e7789a53fd4b96cd0b38eade39a3cbfe07ba21ab0,"{""distance"":7,""physical_error_rate"":0.0002}","{""detection_events"":678,""detectors_checked"":829440}"
      1024,         0,         0,   0.108,standalone_exact_mw,3bd544bb51e006261b45d3a2c996e28fc0c0449411cee5f7deafcd25d9539ebc,"{""distance"":7,""physical_error_rate"":0.001}","{""detection_events"":3267,""detectors_checked"":829440}"
      1024,         0,         0,   0.218,standalone_exact_mw,e5383d45c2b34399c539563e7789a53fd4b96cd0b38eade39a3cbfe07ba21ab0,"{""distance"":7,""physical_error_rate"":0.0002}","{""detection_events"":693,""detectors_checked"":829440}"
      3072,         0,         0,   0.313,standalone_exact_mw,ba5ada56442ed2ba457be44e3218b165c8a19e21146c9941e841199e65961aae,"{""distance"":7,""physical_error_rate"":0.0005}","{""detection_events"":4862,""detectors_checked"":2488320}"
      1024,         0,         0,   0.079,standalone_exact_mw,6a10a1840a7277b64863681e13d5cb65ed80b6c0c130a71789e1f9b9f94c8771,"{""distance"":7,""physical_error_rate"":0.005}","{""detection_events"":15537,""detectors_checked"":829440}"
      3072,         4,         0,   0.863,standalone_exact_mw,ac604fb97cbefca8234024efb37144c861c0ed9870cf9e2c8901bf3b9b1f370f,"{""distance"":7,""physical_error_rate"":0.02}","{""detection_events"":173040,""detectors_checked"":2488320,""obs_mistake_mask=E"":4}"
      1024,         0,         0,   0.093,standalone_exact_mw,127be6187b4f42ce503a2e58abe78322609c231565a94a3f55b4bab680d66d05,"{""distance"":7,""physical_error_rate"":0.01}","{""detection_events"":30755,""detectors_checked"":829440}"
      8192,         0,         0,    1.69,standalone_exact_mw,127be6187b4f42ce503a2e58abe78322609c231565a94a3f55b4bab680d66d05,"{""distance"":7,""physical_error_rate"":0.01}","{""detection_events"":243125,""detectors_checked"":6635520}"
      2048,         0,         0,   0.195,standalone_exact_mw,ba5ada56442ed2ba457be44e3218b165c8a19e21146c9941e841199e65961aae,"{""distance"":7,""physical_error_rate"":0.0005}","{""detection_events"":3207,""detectors_checked"":1658880}"
      3072,         0,         0,   0.569,standalone_exact_mw,ba5ada56442ed2ba457be44e3218b165c8a19e21146c9941e841199e65961aae,"{""distance"":7,""physical_error_rate"":0.0005}","{""detection_events"":4803,""detectors_checked"":2488320}"
      3072,         0,         0,   0.298,standalone_exact_mw,6a10a1840a7277b64863681e13d5cb65ed80b6c0c130a71789e1f9b9f94c8771,"{""distance"":7,""physical_error_rate"":0.005}","{""detection_events"":46602,""detectors_checked"":2488320}"
     18432,         1,         0,    1.59,standalone_exact_mw,127be6187b4f42ce503a2e58abe78322609c231565a94a3f55b4bab680d66d05,"{""distance"":7,""physical_error_rate"":0.01}","{""detection_events"":546771,""detectors_checked"":14929920,""obs_mistake_mask=E"":1}"
      3072,         0,         0,   0.174,standalone_exact_mw,e5383d45c2b34399c539563e7789a53fd4b96cd0b38eade39a3cbfe07ba21ab0,"{""distance"":7,""physical_error_rate"":0.0002}","{""detection_events"":2004,""detectors_checked"":2488320}"
     22528,         0,         0,    1.64,standalone_exact_mw,6a10a1840a7277b64863681e13d5cb65ed80b6c0c130a71789e1f9b9f94c8771,"{""distance"":7,""physical_error_rate"":0.005}","{""detection_events"":343524,""detectors_checked"":18247680}"
     11264,         0,         0,    1.64,standalone_exact_mw,ba5ada56442ed2ba457be44e3218b165c8a19e21146c9941e841199e65961aae,"{""distance"":7,""physical_error_rate"":0.0005}","{""detection_events"":17546,""detectors_checked"":9123840}"
      9216,        12,         0,    1.69,standalone_exact_mw,ac604fb97cbefca8234024efb37144c861c0ed9870cf9e2c8901bf3b9b1f370f,"{""distance"":7,""physical_error_rate"":0.02}","{""detection_events"":519172,""detectors_checked"":7464960,""obs_mistake_mask=E"":12}"
      2048,         0,         0,   0.083,standalone_exact_mw,e5383d45c2b34399c539563e7789a53fd4b96cd0b38eade39a3cbfe07ba21ab0,"{""distance"":7,""physical_error_rate"":0.0002}","{""detection_events"":1306,""detectors_checked"":1658880}"
     29696,         0,         0,    1.57,standalone_exact_mw,ba5ada56442ed2ba457be44e3218b165c8a19e21146c9941e841199e65961aae,"{""distance"":7,""physical_error_rate"":0.0005}","{""detection_events"":46922,""detectors_checked"":24053760}"
      9216,        16,         0,    1.58,standalone_exact_mw,ac604fb97cbefca8234024efb37144c861c0ed9870cf9e2c8901bf3b9b1f370f,"{""distance"":7,""physical_error_rate"":0.02}","{""detection_events"":519049,""detectors_checked"":7464960,""obs_mistake_mask=E"":16}"
      1024,         0,         0,   0.241,standalone_exact_mw,3bd544bb51e006261b45d3a2c996e28fc0c0449411cee5f7deafcd25d9539ebc,"{""distance"":7,""physical_error_rate"":0.001}","{""detection_events"":3205,""detectors_checked"":829440}"
     10240,         0,         0,   0.788,standalone_exact_mw,6a10a1840a7277b64863681e13d5cb65ed80b6c0c130a71789e1f9b9f94c8771,"{""distance"":7,""physical_error_rate"":0.005}","{""detection_events"":157050,""detectors_checked"":8294400}"
      1024,         0,         0,   0.102,standalone_exact_mw,3bd544bb51e006261b45d3a2c996e28fc0c0449411cee5f7deafcd25d9539ebc,"{""distance"":7,""physical_error_rate"":0.001}","{""detection_events"":3217,""detectors_checked"":829440}"
      8192,        11,         0,    1.72,standalone_exact_mw,ac604fb97cbefca8234024efb37144c861c0ed9870cf9e2c8901bf3b9b1f370f,"{""distance"":7,""physical_error_rate"":0.02}","{""detection_events"":463004,""detectors_checked"":6635520,""obs_mistake_mask=E"":11}"
      1024,         0,         0,   0.144,standalone_exact_mw,9d8ad86e51451842b54dafc7680d1b486ef291963bb72c70f3cdd570d2d8fa34,"{""distance"":7,""physical_error_rate"":0.002}","{""detection_events"":6312,""detectors_checked"":829440}"
      2048,         0,         0,   0.158,standalone_exact_mw,6a10a1840a7277b64863681e13d5cb65ed80b6c0c130a71789e1f9b9f94c8771,"{""distance"":7,""physical_error_rate"":0.005}","{""detection_events"":31299,""detectors_checked"":1658880}"
         1,         0,         0,   0.007,standalone_exact_mw,3bd544bb51e006261b45d3a2c996e28fc0c0449411cee5f7deafcd25d9539ebc,"{""distance"":7,""physical_error_rate"":0.001}","{""detection_events"":2,""detectors_checked"":810}"
      1024,         0,         0,   0.133,standalone_exact_mw,9d8ad86e51451842b54dafc7680d1b486ef291963bb72c70f3cdd570d2d8fa34,"{""distance"":7,""physical_error_rate"":0.002}","{""detection_events"":6583,""detectors_checked"":829440}"
      2048,         4,         0,   0.280,standalone_exact_mw,ac604fb97cbefca8234024efb37144c861c0ed9870cf9e2c8901bf3b9b1f370f,"{""distance"":7,""physical_error_rate"":0.02}","{""detection_events"":115451,""detectors_checked"":1658880,""obs_mistake_mask=E"":4}"
      1024,         0,         0,   0.125,standalone_exact_mw,6a10a1840a7277b64863681e13d5cb65ed80b6c0c130a71789e1f9b9f94c8771,"{""distance"":7,""physical_error_rate"":0.005}","{""detection_events"":15608,""detectors_checked"":829440}"
      1024,         0,         0,   0.120,standalone_exact_mw,127be6187b4f42ce503a2e58abe78322609c231565a94a3f55b4bab680d66d05,"{""distance"":7,""physical_error_rate"":0.01}","{""detection_events"":30378,""detectors_checked"":829440}"
      1024,         3,         0,   0.209,standalone_exact_mw,ac604fb97cbefca8234024efb37144c861c0ed9870cf9e2c8901bf3b9b1f370f,"{""distance"":7,""physical_error_rate"":0.02}","{""detection_events"":57655,""detectors_checked"":829440,""obs_mistake_mask=E"":3}"
       272,         0,         0,   0.015,standalone_exact_mw,3bd544bb51e006261b45d3a2c996e28fc0c0449411cee5f7deafcd25d9539ebc,"{""distance"":7,""physical_error_rate"":0.001}","{""detection_events"":831,""detectors_checked"":220320}"
     22528,         0,         0,    1.15,standalone_exact_mw,e5383d45c2b34399c539563e7789a53fd4b96cd0b38eade39a3cbfe07ba21ab0,"{""distance"":7,""physical_error_rate"":0.0002}","{""detection_events"":14230,""detectors_checked"":18247680}"
     13312,         0,         0,    1.60,standalone_exact_mw,6a10a1840a7277b64863681e13d5cb65ed80b6c0c130a71789e1f9b9f94c8771,"{""distance"":7,""physical_error_rate"":0.005}","{""detection_events"":202791,""detectors_checked"":10782720}"
      4096,         0,         0,   0.446,standalone_exact_mw,127be6187b4f42ce503a2e58abe78322609c231565a94a3f55b4bab680d66d05,"{""distance"":7,""physical_error_rate"":0.01}","{""detection_events"":121353,""detectors_checked"":3317760}"
     10240,         0,         0,   0.579,standalone_exact_mw,e5383d45c2b34399c539563e7789a53fd4b96cd0b38eade39a3cbfe07ba21ab0,"{""distance"":7,""physical_error_rate"":0.0002}","{""detection_events"":6529,""detectors_checked"":8294400}"
      2048,         0,         0,   0.066,standalone_exact_mw,e5383d45c2b34399c539563e7789a53fd4b96cd0b38eade39a3cbfe07ba21ab0,"{""distance"":7,""physical_error_rate"":0.0002}","{""detection_events"":1150,""detectors_checked"":1658880}"
     11264,         0,         0,   0.814,standalone_exact_mw,ba5ada56442ed2ba457be44e3218b165c8a19e21146c9941e841199e65961aae,"{""distance"":7,""physical_error_rate"":0.0005}","{""detection_events"":17376,""detectors_checked"":9123840}"
     20480,         0,         0,    2.18,standalone_exact_mw,3bd544bb51e006261b45d3a2c996e28fc0c0449411cee5f7deafcd25d9539ebc,"{""distance"":7,""physical_error_rate"":0.001}","{""detection_events"":64048,""detectors_checked"":16588800}"
      3072,         9,         0,   0.466,standalone_exact_mw,ac604fb97cbefca8234024efb37144c861c0ed9870cf9e2c8901bf3b9b1f370f,"{""distance"":7,""physical_error_rate"":0.02}","{""detection_events"":173275,""detectors_checked"":2488320,""obs_mistake_mask=E"":9}"
     18432,         0,         0,    2.25,standalone_exact_mw,6a10a1840a7277b64863681e13d5cb65ed80b6c0c130a71789e1f9b9f94c8771,"{""distance"":7,""physical_error_rate"":0.005}","{""detection_events"":281595,""detectors_checked"":14929920}"
      8192,         0,         0,   0.577,standalone_exact_mw,9d8ad86e51451842b54dafc7680d1b486ef291963bb72c70f3cdd570d2d8fa34,"{""distance"":7,""physical_error_rate"":0.002}","{""detection_events"":51943,""detectors_checked"":6635520}"
     35840,         0,         0,    1.55,standalone_exact_mw,e5383d45c2b34399c539563e7789a53fd4b96cd0b38eade39a3cbfe07ba21ab0,"{""distance"":7,""physical_error_rate"":0.0002}","{""detection_events"":22455,""detectors_checked"":29030400}"
      8192,        15,         0,    1.58,standalone_exact_mw,ac604fb97cbefca8234024efb37144c861c0ed9870cf9e2c8901bf3b9b1f370f,"{""distance"":7,""physical_error_rate"":0.02}","{""detection_events"":460609,""detectors_checked"":6635520,""obs_mistake_mask=E"":15}"
     10240,         0,         0,    1.02,standalone_exact_mw,3bd544bb51e006261b45d3a2c996e28fc0c0449411cee5f7deafcd25d9539ebc,"{""distance"":7,""physical_error_rate"":0.001}","{""detection_events"":32008,""detectors_checked"":8294400}"
      5120,        13,         0,   0.696,standalone_exact_mw,ac604fb97cbefca8234024efb37144c861c0ed9870cf9e2c8901bf3b9b1f370f,"{""distance"":7,""physical_error_rate"":0.02}","{""detection_events"":289233,""detectors_checked"":4147200,""obs_mistake_mask=E"":13}"
      3072,         0,         0,   0.214,standalone_exact_mw,3bd544bb51e006261b45d3a2c996e28fc0c0449411cee5f7deafcd25d9539ebc,"{""distance"":7,""physical_error_rate"":0.001}","{""detection_events"":9664,""detectors_checked"":2488320}"
      1024,         0,         0,   0.071,standalone_exact_mw,3bd544bb51e006261b45d3a2c996e28fc0c0449411cee5f7deafcd25d9539ebc,"{""distance"":7,""physical_error_rate"":0.001}","{""detection_events"":3249,""detectors_checked"":829440}"
      3072,         0,         0,   0.319,standalone_exact_mw,6a10a1840a7277b64863681e13d5cb65ed80b6c0c130a71789e1f9b9f94c8771,"{""distance"":7,""physical_error_rate"":0.005}","{""detection_events"":46720,""detectors_checked"":2488320}"
       273,         0,         0,   0.021,standalone_exact_mw,e5383d45c2b34399c539563e7789a53fd4b96cd0b38eade39a3cbfe07ba21ab0,"{""distance"":7,""physical_error_rate"":0.0002}","{""detection_events"":180,""detectors_checked"":221130}"
     13312,         0,         0,   0.862,standalone_exact_mw,ba5ada56442ed2ba457be44e3218b165c8a19e21146c9941e841199e65961aae,"{""distance"":7,""physical_error_rate"":0.0005}","{""detection_events"":20880,""detectors_checked"":10782720}"
      5120,         0,         0,   0.218,standalone_exact_mw,e5383d45c2b34399c539563e7789a53fd4b96cd0b38eade39a3cbfe07ba21ab0,"{""distance"":7,""physical_error_rate"":0.0002}","{""detection_events"":3396,""detectors_checked"":4147200}"
     25600,         0,         0,    1.10,standalone_exact_mw,e5383d45c2b34399c539563e7789a53fd4b96cd0b38eade39a3cbfe07ba21ab0,"{""distance"":7,""physical_error_rate"":0.0002}","{""detection_events"":15686,""detectors_checked"":20736000}"
      1024,         0,         0,   0.107,standalone_exact_mw,6a10a1840a7277b64863681e13d5cb65ed80b6c0c130a71789e1f9b9f94c8771,"{""distance"":7,""physical_error_rate"":0.005}","{""detection_events"":15379,""detectors_checked"":829440}"
      1024,         0,         0,   0.080,standalone_exact_mw,3bd544bb51e006261b45d3a2c996e28fc0c0449411cee5f7deafcd25d9539ebc,"{""distance"":7,""physical_error_rate"":0.001}","{""detection_events"":3411,""detectors_checked"":829440}"
      1024,         2,         0,   0.129,standalone_exact_mw,ac604fb97cbefca8234024efb37144c861c0ed9870cf9e2c8901bf3b9b1f370f,"{""distance"":7,""physical_error_rate"":0.02}","{""detection_events"":57302,""detectors_checked"":829440,""obs_mistake_mask=E"":2}"
     11264,         0,         0,    2.22,standalone_exact_mw,9d8ad86e51451842b54dafc7680d1b486ef291963bb72c70f3cdd570d2d8fa34,"{""distance"":7,""physical_error_rate"":0.002}","{""detection_events"":70319,""detectors_checked"":9123840}"
      1024,         2,         0,   0.226,standalone_exact_mw,ac604fb97cbefca8234024efb37144c861c0ed9870cf9e2c8901bf3b9b1f370f,"{""distance"":7,""physical_error_rate"":0.02}","{""detection_events"":57893,""detectors_checked"":829440,""obs_mistake_mask=E"":2}"
      6144,        13,         0,   0.917,standalone_exact_mw,ac604fb97cbefca8234024efb37144c861c0ed9870cf9e2c8901bf3b9b1f370f,"{""distance"":7,""physical_error_rate"":0.02}","{""detection_events"":345453,""detectors_checked"":4976640,""obs_mistake_mask=E"":13}"
     16384,         0,         0,    1.62,standalone_exact_mw,127be6187b4f42ce503a2e58abe78322609c231565a94a3f55b4bab680d66d05,"{""distance"":7,""physical_error_rate"":0.01}","{""detection_events"":486938,""detectors_checked"":13271040}"
      5120,         8,         0,   0.981,standalone_exact_mw,ac604fb97cbefca8234024efb37144c861c0ed9870cf9e2c8901bf3b9b1f370f,"{""distance"":7,""physical_error_rate"":0.02}","{""detection_events"":289279,""detectors_checked"":4147200,""obs_mistake_mask=E"":8}"
      1024,         0,         0,   0.057,standalone_exact_mw,3bd544bb51e006261b45d3a2c996e28fc0c0449411cee5f7deafcd25d9539ebc,"{""distance"":7,""physical_error_rate"":0.001}","{""detection_events"":3240,""detectors_checked"":829440}"
     14336,        31,         0,    1.53,standalone_exact_mw,ac604fb97cbefca8234024efb37144c861c0ed9870cf9e2c8901bf3b9b1f370f,"{""distance"":7,""physical_error_rate"":0.02}","{""detection_events"":808776,""detectors_checked"":11612160,""obs_mistake_mask=E"":31}"
      1024,         0,         0,   0.110,standalone_exact_mw,127be6187b4f42ce503a2e58abe78322609c231565a94a3f55b4bab680d66d05,"{""distance"":7,""physical_error_rate"":0.01}","{""detection_events"":30507,""detectors_checked"":829440}"
      1024,         1,         0,   0.171,standalone_exact_mw,ac604fb97cbefca8234024efb37144c861c0ed9870cf9e2c8901bf3b9b1f370f,"{""distance"":7,""physical_error_rate"":0.02}","{""detection_events"":57723,""detectors_checked"":829440,""obs_mistake_mask=E"":1}"
      6144,         1,         0,   0.821,standalone_exact_mw,127be6187b4f42ce503a2e58abe78322609c231565a94a3f55b4bab680d66d05,"{""distance"":7,""physical_error_rate"":0.01}","{""detection_events"":183267,""detectors_checked"":4976640,""obs_mistake_mask=E"":1}"
      4096,        13,         0,   0.742,standalone_exact_mw,ac604fb97cbefca8234024efb37144c861c0ed9870cf9e2c8901bf3b9b1f370f,"{""distance"":7,""physical_error_rate"":0.02}","{""detection_events"":230773,""detectors_checked"":3317760,""obs_mistake_mask=E"":13}"
      1024,         0,         0,   0.066,standalone_exact_mw,e5383d45c2b34399c539563e7789a53fd4b96cd0b38eade39a3cbfe07ba21ab0,"{""distance"":7,""physical_error_rate"":0.0002}","{""detection_events"":605,""detectors_checked"":829440}"
      4096,         0,         0,    1.27,standalone_exact_mw,6a10a1840a7277b64863681e13d5cb65ed80b6c0c130a71789e1f9b9f94c8771,"{""distance"":7,""physical_error_rate"":0.005}","{""detection_events"":62640,""detectors_checked"":3317760}"
      6144,         8,         0,    2.04,standalone_exact_mw,ac604fb97cbefca8234024efb37144c861c0ed9870cf9e2c8901bf3b9b1f370f,"{""distance"":7,""physical_error_rate"":0.02}","{""detection_events"":344943,""detectors_checked"":4976640,""obs_mistake_mask=E"":8}"
     10240,         0,         0,   0.866,standalone_exact_mw,3bd544bb51e006261b45d3a2c996e28fc0c0449411cee5f7deafcd25d9539ebc,"{""distance"":7,""physical_error_rate"":0.001}","{""detection_events"":32327,""detectors_checked"":8294400}"
      1024,         1,         0,   0.176,standalone_exact_mw,ac604fb97cbefca8234024efb37144c861c0ed9870cf9e2c8901bf3b9b1f370f,"{""distance"":7,""physical_error_rate"":0.02}","{""detection_events"":58099,""detectors_checked"":829440,""obs_mistake_mask=E"":1}"
     33792,         0,         0,    1.58,standalone_exact_mw,e5383d45c2b34399c539563e7789a53fd4b96cd0b38eade39a3cbfe07ba21ab0,"{""distance"":7,""physical_error_rate"":0.0002}","{""detection_events"":21068,""detectors_checked"":27371520}"
      4096,         0,         0,   0.222,standalone_exact_mw,e5383d45c2b34399c539563e7789a53fd4b96cd0b38eade39a3cbfe07ba21ab0,"{""distance"":7,""physical_error_rate"":0.0002}","{""detection_events"":2585,""detectors_checked"":3317760}"
      3072,         0,         0,   0.134,standalone_exact_mw,e5383d45c2b34399c539563e7789a53fd4b96cd0b38eade39a3cbfe07ba21ab0,"{""distance"":7,""physical_error_rate"":0.0002}","{""detection_events"":2118,""detectors_checked"":2488320}"
      4096,        10,         0,    1.40,standalone_exact_mw,ac604fb97cbefca8234024efb37144c861c0ed9870cf9e2c8901bf3b9b1f370f,"{""distance"":7,""physical_error_rate"":0.02}","{""detection_events"":231537,""detectors_checked"":3317760,""obs_mistake_mask=E"":10}"
      1024,         0,         0,   0.188,standalone_exact_mw,3bd544bb51e006261b45d3a2c996e28fc0c0449411cee5f7deafcd25d9539ebc,"{""distance"":7,""physical_error_rate"":0.001}","{""detection_events"":3228,""detectors_checked"":829440}"
      1024,         0,         0,   0.060,standalone_exact_mw,3bd544bb51e006261b45d3a2c996e28fc0c0449411cee5f7deafcd25d9539ebc,"{""distance"":7,""physical_error_rate"":0.001}","{""detection_events"":3202,""detectors_checked"":829440}"
      1024,         0,         0,   0.079,standalone_exact_mw,3bd544bb51e006261b45d3a2c996e28fc0c0449411cee5f7deafcd25d9539ebc,"{""distance"":7,""physical_error_rate"":0.001}","{""detection_events"":3233,""detectors_checked"":829440}"
      4096,         0,         0,   0.282,standalone_exact_mw,ba5ada56442ed2ba457be44e3218b165c8a19e21146c9941e841199e65961aae,"{""distance"":7,""physical_error_rate"":0.0005}","{""detection_events"":6637,""detectors_checked"":3317760}"
      2048,         0,         0,   0.207,standalone_exact_mw,9d8ad86e51451842b54dafc7680d1b486ef291963bb72c70f3cdd570d2d8fa34,"{""distance"":7,""physical_error_rate"":0.002}","{""detection_events"":12826,""detectors_checked"":1658880}"
      2048,         0,         0,   0.193,standalone_exact_mw,6a10a1840a7277b64863681e13d5cb65ed80b6c0c130a71789e1f9b9f94c8771,"{""distance"":7,""physical_error_rate"":0.005}","{""detection_events"":31781,""detectors_checked"":1658880}"
     30720,         0,         0,    1.58,standalone_exact_mw,3bd544bb51e006261b45d3a2c996e28fc0c0449411cee5f7deafcd25d9539ebc,"{""distance"":7,""physical_error_rate"":0.001}","{""detection_events"":96001,""detectors_checked"":24883200}"
      2048,         0,         0,   0.336,standalone_exact_mw,ba5ada56442ed2ba457be44e3218b165c8a19e21146c9941e841199e65961aae,"{""distance"":7,""physical_error_rate"":0.0005}","{""detection_events"":3272,""detectors_checked"":1658880}"
      4096,         0,         0,   0.418,standalone_exact_mw,127be6187b4f42ce503a2e58abe78322609c231565a94a3f55b4bab680d66d05,"{""distance"":7,""physical_error_rate"":0.01}","{""detection_events"":121165,""detectors_checked"":3317760}"
      3072,         1,         0,   0.306,standalone_exact_mw,6a10a1840a7277b64863681e13d5cb65ed80b6c0c130a71789e1f9b9f94c8771,"{""distance"":7,""physical_error_rate"":0.005}","{""detection_events"":46274,""detectors_checked"":2488320,""obs_mistake_mask=E"":1}"
      1024,         0,         0,   0.119,standalone_exact_mw,127be6187b4f42ce503a2e58abe78322609c231565a94a3f55b4bab680d66d05,"{""distance"":7,""physical_error_rate"":0.01}","{""detection_events"":30411,""detectors_checked"":829440}"
      2048,         0,         0,   0.237,standalone_exact_mw,9d8ad86e51451842b54dafc7680d1b486ef291963bb72c70f3cdd570d2d8fa34,"{""distance"":7,""physical_error_rate"":0.002}","{""detection_events"":12492,""detectors_checked"":1658880}"
      1024,         0,         0,   0.106,standalone_exact_mw,e5383d45c2b34399c539563e7789a53fd4b96cd0b38eade39a3cbfe07ba21ab0,"{""distance"":7,""physical_error_rate"":0.0002}","{""detection_events"":557,""detectors_checked"":829440}"
      1024,         0,         0,   0.059,standalone_exact_mw,3bd544bb51e006261b45d3a2c996e28fc0c0449411cee5f7deafcd25d9539ebc,"{""distance"":7,""physical_error_rate"":0.001}","{""detection_events"":3073,""detectors_checked"":829440}"
      1024,         0,         0,   0.083,standalone_exact_mw,3bd544bb51e006261b45d3a2c996e28fc0c0449411cee5f7deafcd25d9539ebc,"{""distance"":7,""physical_error_rate"":0.001}","{""detection_events"":3240,""detectors_checked"":829440}"
     12288,         0,         0,    1.62,standalone_exact_mw,6a10a1840a7277b64863681e13d5cb65ed80b6c0c130a71789e1f9b9f94c8771,"{""distance"":7,""physical_error_rate"":0.005}","{""detection_events"":187604,""detectors_checked"":9953280}"
     25600,         0,         0,    1.11,standalone_exact_mw,e5383d45c2b34399c539563e7789a53fd4b96cd0b38eade39a3cbfe07ba21ab0,"{""distance"":7,""physical_error_rate"":0.0002}","{""detection_events"":15993,""detectors_checked"":20736000}"
         1,         0,         0,   0.012,standalone_exact_mw,127be6187b4f42ce503a2e58abe78322609c231565a94a3f55b4bab680d66d05,"{""distance"":7,""physical_error_rate"":0.01}","{""detection_events"":28,""detectors_checked"":810}"
     10240,         0,         0,   0.808,standalone_exact_mw,6a10a1840a7277b64863681e13d5cb65ed80b6c0c130a71789e1f9b9f94c8771,"{""distance"":7,""physical_error_rate"":0.005}","{""detection_events"":156490,""detectors_checked"":8294400}"
       272,         0,         0,   0.025,standalone_exact_mw,127be6187b4f42ce503a2e58abe78322609c231565a94a3f55b4bab680d66d05,"{""distance"":7,""physical_error_rate"":0.01}","{""detection_events"":8061,""detectors_checked"":220320}"
      1024,         0,         0,   0.051,standalone_exact_mw,e5383d45c2b34399c539563e7789a53fd4b96cd0b38eade39a3cbfe07ba21ab0,"{""distance"":7,""physical_error_rate"":0.0002}","{""detection_events"":639,""detectors_checked"":829440}"
      1024,         0,         0,   0.077,standalone_exact_mw,3bd544bb51e006261b45d3a2c996e28fc0c0449411cee5f7deafcd25d9539ebc,"{""distance"":7,""physical_error_rate"":0.001}","{""detection_events"":3307,""detectors_checked"":829440}"
     12288,         0,         0,    1.62,standalone_exact_mw,3bd544bb51e006261b45d3a2c996e28fc0c0449411cee5f7deafcd25d9539ebc,"{""distance"":7,""physical_error_rate"":0.001}","{""detection_events"":38270,""detectors_checked"":9953280}"
     10240,         0,         0,   0.802,standalone_exact_mw,ba5ada56442ed2ba457be44e3218b165c8a19e21146c9941e841199e65961aae,"{""distance"":7,""physical_error_rate"":0.0005}","{""detection_events"":16019,""detectors_checked"":8294400}"
      4096,         0,         0,   0.161,standalone_exact_mw,e5383d45c2b34399c539563e7789a53fd4b96cd0b38eade39a3cbfe07ba21ab0,"{""distance"":7,""physical_error_rate"":0.0002}","{""detection_events"":2441,""detectors_checked"":3317760}"
      2048,         0,         0,   0.189,standalone_exact_mw,6a10a1840a7277b64863681e13d5cb65ed80b6c0c130a71789e1f9b9f94c8771,"{""distance"":7,""physical_error_rate"":0.005}","{""detection_events"":31634,""detectors_checked"":1658880}"
      4096,         0,         0,   0.282,standalone_exact_mw,3bd544bb51e006261b45d3a2c996e28fc0c0449411cee5f7deafcd25d9539ebc,"{""distance"":7,""physical_error_rate"":0.001}","{""detection_events"":12738,""detectors_checked"":3317760}"
      3072,         0,         0,   0.595,standalone_exact_mw,127be6187b4f42ce503a2e58abe78322609c231565a94a3f55b4bab680d66d05,"{""distance"":7,""physical_error_rate"":0.01}","{""detection_events"":90805,""detectors_checked"":2488320}"
         1,         0,         0,   0.020,standalone_exact_mw,6a10a1840a7277b64863681e13d5cb65ed80b6c0c130a71789e1f9b9f94c8771,"{""distance"":7,""physical_error_rate"":0.005}","{""detection_events"":23,""detectors_checked"":810}"
     19456,         0,         0,    1.52,standalone_exact_mw,9d8ad86e51451842b54dafc7680d1b486ef291963bb72c70f3cdd570d2d8fa34,"{""distance"":7,""physical_error_rate"":0.002}","{""detection_events"":121309,""detectors_checked"":15759360}"
      3072,         0,         0,   0.292,standalone_exact_mw,6a10a1840a7277b64863681e13d5cb65ed80b6c0c130a71789e1f9b9f94c8771,"{""distance"":7,""physical_error_rate"":0.005}","{""detection_events"":45911,""detectors_checked"":2488320}"
      5120,         0,         0,   0.563,standalone_exact_mw,9d8ad86e51451842b54dafc7680d1b486ef291963bb72c70f3cdd570d2d8fa34,"{""distance"":7,""physical_error_rate"":0.002}","{""detection_events"":32195,""detectors_checked"":4147200}"
      1024,         0,         0,   0.169,standalone_exact_mw,3bd544bb51e006261b45d3a2c996e28fc0c0449411cee5f7deafcd25d9539ebc,"{""distance"":7,""physical_error_rate"":0.001}","{""detection_events"":3147,""detectors_checked"":829440}"
      2048,         0,         0,   0.051,standalone_exact_mw,e5383d45c2b34399c539563e7789a53fd4b96cd0b38eade39a3cbfe07ba21ab0,"{""distance"":7,""physical_error_rate"":0.0002}","{""detection_events"":1265,""detectors_checked"":1658880}"
     17408,         0,         0,    1.15,standalone_exact_mw,9d8ad86e51451842b54dafc7680d1b486ef291963bb72c70f3cdd570d2d8fa34,"{""distance"":7,""physical_error_rate"":0.002}","{""detection_events"":107742,""detectors_checked"":14100480}"
       272,         0,         0,   0.023,standalone_exact_mw,6a10a1840a7277b64863681e13d5cb65ed80b6c0c130a71789e1f9b9f94c8771,"{""distance"":7,""physical_error_rate"":0.005}","{""detection_events"":4256,""detectors_checked"":220320}"
      2048,         0,         0,   0.119,standalone_exact_mw,3bd544bb51e006261b45d3a2c996e28fc0c0449411cee5f7deafcd25d9539ebc,"{""distance"":7,""physical_error_rate"":0.001}","{""detection_events"":6706,""detectors_checked"":1658880}"
     16384,         3,         0,    2.22,standalone_exact_mw,127be6187b4f42ce503a2e58abe78322609c231565a94a3f55b4bab680d66d05,"{""distance"":7,""physical_error_rate"":0.01}","{""detection_events"":486328,""detectors_checked"":13271040,""obs_mistake_mask=E"":3}"
      7168,         0,         0,   0.319,standalone_exact_mw,e5383d45c2b34399c539563e7789a53fd4b96cd0b38eade39a3cbfe07ba21ab0,"{""distance"":7,""physical_error_rate"":0.0002}","{""detection_events"":4482,""detectors_checked"":5806080}"
     33792,         0,         0,    2.15,standalone_exact_mw,e5383d45c2b34399c539563e7789a53fd4b96cd0b38eade39a3cbfe07ba21ab0,"{""distance"":7,""physical_error_rate"":0.0002}","{""detection_events"":21136,""detectors_checked"":27371520}"
      1024,         0,         0,   0.063,standalone_exact_mw,3bd544bb51e006261b45d3a2c996e28fc0c0449411cee5f7deafcd25d9539ebc,"{""distance"":7,""physical_error_rate"":0.001}","{""detection_events"":3141,""detectors_checked"":829440}"
      2048,         0,         0,   0.063,standalone_exact_mw,e5383d45c2b34399c539563e7789a53fd4b96cd0b38eade39a3cbfe07ba21ab0,"{""distance"":7,""physical_error_rate"":0.0002}","{""detection_events"":1313,""detectors_checked"":1658880}"
      2048,         0,         0,   0.202,standalone_exact_mw,6a10a1840a7277b64863681e13d5cb65ed80b6c0c130a71789e1f9b9f94c8771,"{""distance"":7,""physical_error_rate"":0.005}","{""detection_events"":31222,""detectors_checked"":1658880}"
      1024,         0,         0,   0.110,standalone_exact_mw,127be6187b4f42ce503a2e58abe78322609c231565a94a3f55b4bab680d66d05,"{""distance"":7,""physical_error_rate"":0.01}","{""detection_events"":30543,""detectors_checked"":829440}"
         1,         0,         0,   0.007,standalone_exact_mw,3bd544bb51e006261b45d3a2c996e28fc0c0449411cee5f7deafcd25d9539ebc,"{""distance"":7,""physical_error_rate"":0.001}","{""detection_events"":10,""detectors_checked"":810}"
     18432,         0,         0,   0.799,standalone_exact_mw,e5383d45c2b34399c539563e7789a53fd4b96cd0b38eade39a3cbfe07ba21ab0,"{""distance"":7,""physical_error_rate"":0.0002}","{""detection_events"":11668,""detectors_checked"":14929920}"
      3072,         0,         0,   0.246,standalone_exact_mw,9d8ad86e51451842b54dafc7680d1b486ef291963bb72c70f3cdd570d2d8fa34,"{""distance"":7,""physical_error_rate"":0.002}","{""detection_events"":18910,""detectors_checked"":2488320}"
      2048,         0,         0,   0.208,standalone_exact_mw,127be6187b4f42ce503a2e58abe78322609c231565a94a3f55b4bab680d66d05,"{""distance"":7,""physical_error_rate"":0.01}","{""detection_events"":60404,""detectors_checked"":1658880}"
       272,         0,         0,   0.024,standalone_exact_mw,3bd544bb51e006261b45d3a2c996e28fc0c0449411cee5f7deafcd25d9539ebc,"{""distance"":7,""physical_error_rate"":0.001}","{""detection_events"":873,""detectors_checked"":220320}"
      9216,         0,         0,   0.296,standalone_exact_mw,e5383d45c2b34399c539563e7789a53fd4b96cd0b38eade39a3cbfe07ba21ab0,"{""distance"":7,""physical_error_rate"":0.0002}","{""detection_events"":5713,""detectors_checked"":7464960}"
      5120,         1,         0,    1.56,standalone_exact_mw,127be6187b4f42ce503a2e58abe78322609c231565a94a3f55b4bab680d66d05,"{""distance"":7,""physical_error_rate"":0.01}","{""detection_events"":152337,""detectors_checked"":4147200,""obs_mistake_mask=E"":1}"
      3072,         0,         0,   0.833,standalone_exact_mw,127be6187b4f42ce503a2e58abe78322609c231565a94a3f55b4bab680d66d05,"{""distance"":7,""physical_error_rate"":0.01}","{""detection_events"":90587,""detectors_checked"":2488320}"
      3072,         0,         0,   0.243,standalone_exact_mw,9d8ad86e51451842b54dafc7680d1b486ef291963bb72c70f3cdd570d2d8fa34,"{""distance"":7,""physical_error_rate"":0.002}","{""detection_events"":18950,""detectors_checked"":2488320}"
      1024,         0,         0,   0.111,standalone_exact_mw,6a10a1840a7277b64863681e13d5cb65ed80b6c0c130a71789e1f9b9f94c8771,"{""distance"":7,""physical_error_rate"":0.005}","{""detection_events"":15999,""detectors_checked"":829440}"
      1024,         0,         0,   0.073,standalone_exact_mw,127be6187b4f42ce503a2e58abe78322609c231565a94a3f55b4bab680d66d05,"{""distance"":7,""physical_error_rate"":0.01}","{""detection_events"":29966,""detectors_checked"":829440}"
      2048,         0,         0,   0.088,standalone_exact_mw,e5383d45c2b34399c539563e7789a53fd4b96cd0b38eade39a3cbfe07ba21ab0,"{""distance"":7,""physical_error_rate"":0.0002}","{""detection_events"":1285,""detectors_checked"":1658880}"
      2048,         0,         0,   0.202,standalone_exact_mw,3bd544bb51e006261b45d3a2c996e28fc0c0449411cee5f7deafcd25d9539ebc,"{""distance"":7,""physical_error_rate"":0.001}","{""detection_events"":6414,""detectors_checked"":1658880}"
      2048,         0,         0,   0.107,standalone_exact_mw,3bd544bb51e006261b45d3a2c996e28fc0c0449411cee5f7deafcd25d9539ebc,"{""distance"":7,""physical_error_rate"":0.001}","{""detection_events"":6286,""detectors_checked"":1658880}"
      5120,         0,         0,   0.363,standalone_exact_mw,ba5ada56442ed2ba457be44e3218b165c8a19e21146c9941e841199e65961aae,"{""distance"":7,""physical_error_rate"":0.0005}","{""detection_events"":8044,""detectors_checked"":4147200}"
       273,         0,         0,   0.034,standalone_exact_mw,127be6187b4f42ce503a2e58abe78322609c231565a94a3f55b4bab680d66d05,"{""distance"":7,""physical_error_rate"":0.01}","{""detection_events"":8087,""detectors_checked"":221130}"
      7168,         0,         0,   0.222,standalone_exact_mw,e5383d45c2b34399c539563e7789a53fd4b96cd0b38eade39a3cbfe07ba21ab0,"{""distance"":7,""physical_error_rate"":0.0002}","{""detection_events"":4344,""detectors_checked"":5806080}"
         1,         0,         0,   0.010,standalone_exact_mw,3bd544bb51e006261b45d3a2c996e28fc0c0449411cee5f7deafcd25d9539ebc,"{""distance"":7,""physical_error_rate"":0.001}","{""detection_events"":3,""detectors_checked"":810}"
      2048,         0,         0,   0.201,standalone_exact_mw,3bd544bb51e006261b45d3a2c996e28fc0c0449411cee5f7deafcd25d9539ebc,"{""distance"":7,""physical_error_rate"":0.001}","{""detection_events"":6323,""detectors_checked"":1658880}"
      1024,         0,         0,   0.072,standalone_exact_mw,127be6187b4f42ce503a2e58abe78322609c231565a94a3f55b4bab680d66d05,"{""distance"":7,""physical_error_rate"":0.01}","{""detection_events"":30443,""detectors_checked"":829440}"
      1024,         0,         0,   0.097,standalone_exact_mw,6a10a1840a7277b64863681e13d5cb65ed80b6c0c130a71789e1f9b9f94c8771,"{""distance"":7,""physical_error_rate"":0.005}","{""detection_events"":15877,""detectors_checked"":829440}"
      1024,         0,         0,   0.133,standalone_exact_mw,3bd544bb51e006261b45d3a2c996e28fc0c0449411cee5f7deafcd25d9539ebc,"{""distance"":7,""physical_error_rate"":0.001}","{""detection_events"":3188,""detectors_checked"":829440}"
       272,         0,         0,   0.021,standalone_exact_mw,3bd544bb51e006261b45d3a2c996e28fc0c0449411cee5f7deafcd25d9539ebc,"{""distance"":7,""physical_error_rate"":0.001}","{""detection_events"":886,""detectors_checked"":220320}"
         1,         0,         0,   0.013,standalone_exact_mw,ba5ada56442ed2ba457be44e3218b165c8a19e21146c9941e841199e65961aae,"{""distance"":7,""physical_error_rate"":0.0005}","{""detection_events"":1,""detectors_checked"":810}"
       272,         0,         0,   0.024,standalone_exact_mw,ba5ada56442ed2ba457be44e3218b165c8a19e21146c9941e841199e65961aae,"{""distance"":7,""physical_error_rate"":0.0005}","{""detection_events"":443,""detectors_checked"":220320}"
     22528,         0,         0,    1.60,standalone_exact_mw,ba5ada56442ed2ba457be44e3218b165c8a19e21146c9941e841199e65961aae,"{""distance"":7,""physical_error_rate"":0.0005}","{""detection_events"":35095,""detectors_checked"":18247680}"
      4096,         0,         0,   0.118,standalone_exact_mw,e5383d45c2b34399c539563e7789a53fd4b96cd0b38eade39a3cbfe07ba21ab0,"{""distance"":7,""physical_error_rate"":0.0002}","{""detection_events"":2683,""detectors_checked"":3317760}"
     21504,         0,         0,    1.57,standalone_exact_mw,9d8ad86e51451842b54dafc7680d1b486ef291963bb72c70f3cdd570d2d8fa34,"{""distance"":7,""physical_error_rate"":0.002}","{""detection_events"":133856,""detectors_checked"":17418240}"
     21504,         0,         0,    2.19,standalone_exact_mw,ba5ada56442ed2ba457be44e3218b165c8a19e21146c9941e841199e65961aae,"{""distance"":7,""physical_error_rate"":0.0005}","{""detection_events"":33602,""detectors_checked"":17418240}"
      1024,         0,         0,   0.096,standalone_exact_mw,127be6187b4f42ce503a2e58abe78322609c231565a94a3f55b4bab680d66d05,"{""distance"":7,""physical_error_rate"":0.01}","{""detection_events"":30276,""detectors_checked"":829440}"
      1024,         0,         0,   0.059,standalone_exact_mw,3bd544bb51e006261b45d3a2c996e28fc0c0449411cee5f7deafcd25d9539ebc,"{""distance"":7,""physical_error_rate"":0.001}","{""detection_events"":3328,""detectors_checked"":829440}"
      1024,         0,         0,   0.076,standalone_exact_mw,127be6187b4f42ce503a2e58abe78322609c231565a94a3f55b4bab680d66d05,"{""distance"":7,""physical_error_rate"":0.01}","{""detection_events"":30281,""detectors_checked"":829440}"
     19456,         0,         0,    1.64,standalone_exact_mw,9d8ad86e51451842b54dafc7680d1b486ef291963bb72c70f3cdd570d2d8fa34,"{""distance"":7,""physical_error_rate"":0.002}","{""detection_events"":121515,""detectors_checked"":15759360}"
      1024,         0,         0,   0.087,standalone_exact_mw,6a10a1840a7277b64863681e13d5cb65ed80b6c0c130a71789e1f9b9f94c8771,"{""distance"":7,""physical_error_rate"":0.005}","{""detection_events"":15838,""detectors_checked"":829440}"
      5120,         0,         0,   0.335,standalone_exact_mw,3bd544bb51e006261b45d3a2c996e28fc0c0449411cee5f7deafcd25d9539ebc,"{""distance"":7,""physical_error_rate"":0.001}","{""detection_events"":16035,""detectors_checked"":4147200}"
      7168,         0,         0,   0.456,standalone_exact_mw,ba5ada56442ed2ba457be44e3218b165c8a19e21146c9941e841199e65961aae,"{""distance"":7,""physical_error_rate"":0.0005}","{""detection_events"":11269,""detectors_checked"":5806080}"
      2048,         0,         0,   0.125,standalone_exact_mw,3bd544bb51e006261b45d3a2c996e28fc0c0449411cee5f7deafcd25d9539ebc,"{""distance"":7,""physical_error_rate"":0.001}","{""detection_events"":6370,""detectors_checked"":1658880}"
      2048,         0,         0,   0.349,standalone_exact_mw,6a10a1840a7277b64863681e13d5cb65ed80b6c0c130a71789e1f9b9f94c8771,"{""distance"":7,""physical_error_rate"":0.005}","{""detection_events"":30813,""detectors_checked"":1658880}"
      1024,         0,         0,   0.168,standalone_exact_mw,3bd544bb51e006261b45d3a2c996e28fc0c0449411cee5f7deafcd25d9539ebc,"{""distance"":7,""physical_error_rate"":0.001}","{""detection_events"":3391,""detectors_checked"":829440}"
      6144,         1,         0,   0.675,standalone_exact_mw,127be6187b4f42ce503a2e58abe78322609c231565a94a3f55b4bab680d66d05,"{""distance"":7,""physical_error_rate"":0.01}","{""detection_events"":181974,""detectors_checked"":4976640,""obs_mistake_mask=E"":1}"
     14336,         0,         0,    1.17,standalone_exact_mw,9d8ad86e51451842b54dafc7680d1b486ef291963bb72c70f3cdd570d2d8fa34,"{""distance"":7,""physical_error_rate"":0.002}","{""detection_events"":88602,""detectors_checked"":11612160}"
     32768,         0,         0,    1.57,standalone_exact_mw,e5383d45c2b34399c539563e7789a53fd4b96cd0b38eade39a3cbfe07ba21ab0,"{""distance"":7,""physical_error_rate"":0.0002}","{""detection_events"":20681,""detectors_checked"":26542080}"
      1024,         0,         0,   0.120,standalone_exact_mw,3bd544bb51e006261b45d3a2c996e28fc0c0449411cee5f7deafcd25d9539ebc,"{""distance"":7,""physical_error_rate"":0.001}","{""detection_events"":3301,""detectors_checked"":829440}"
     16384,         0,         0,    1.54,standalone_exact_mw,6a10a1840a7277b64863681e13d5cb65ed80b6c0c130a71789e1f9b9f94c8771,"{""distance"":7,""physical_error_rate"":0.005}","{""detection_events"":251518,""detectors_checked"":13271040}"
      5120,         0,         0,   0.487,standalone_exact_mw,6a10a1840a7277b64863681e13d5cb65ed80b6c0c130a71789e1f9b9f94c8771,"{""distance"":7,""physical_error_rate"":0.005}","{""detection_events"":77947,""detectors_checked"":4147200}"
      1024,         0,         0,   0.100,standalone_exact_mw,ba5ada56442ed2ba457be44e3218b165c8a19e21146c9941e841199e65961aae,"{""distance"":7,""physical_error_rate"":0.0005}","{""detection_events"":1669,""detectors_checked"":829440}"
        17,         0,         0,   0.003,standalone_exact_mw,ba5ada56442ed2ba457be44e3218b165c8a19e21146c9941e841199e65961aae,"{""distance"":7,""physical_error_rate"":0.0005}","{""detection_events"":11,""detectors_checked"":13770}"
      1024,         0,         0,   0.076,standalone_exact_mw,3bd544bb51e006261b45d3a2c996e28fc0c0449411cee5f7deafcd25d9539ebc,"{""distance"":7,""physical_error_rate"":0.001}","{""detection_events"":3193,""detectors_checked"":829440}"
      1024,         0,         0,   0.076,standalone_exact_mw,127be6187b4f42ce503a2e58abe78322609c231565a94a3f55b4bab680d66d05,"{""distance"":7,""physical_error_rate"":0.01}","{""detection_events"":30377,""detectors_checked"":829440}"
      4096,         0,         0,   0.311,standalone_exact_mw,6a10a1840a7277b64863681e13d5cb65ed80b6c0c130a71789e1f9b9f94c8771,"{""distance"":7,""physical_error_rate"":0.005}","{""detection_events"":62808,""detectors_checked"":3317760}"
      1024,         0,         0,   0.097,standalone_exact_mw,127be6187b4f42ce503a2e58abe78322609c231565a94a3f55b4bab680d66d05,"{""distance"":7,""physical_error_rate"":0.01}","{""detection_events"":30452,""detectors_checked"":829440}"
      3072,         0,         0,   0.300,standalone_exact_mw,127be6187b4f42ce503a2e58abe78322609c231565a94a3f55b4bab680d66d05,"{""distance"":7,""physical_error_rate"":0.01}","{""detection_events"":90772,""detectors_checked"":2488320}"
      8192,         0,         0,   0.838,standalone_exact_mw,ba5ada56442ed2ba457be44e3218b165c8a19e21146c9941e841199e65961aae,"{""distance"":7,""physical_error_rate"":0.0005}","{""detection_events"":12855,""detectors_checked"":6635520}"
       256,         0,         0,   0.031,standalone_exact_mw,ba5ada56442ed2ba457be44e3218b165c8a19e21146c9941e841199e65961aae,"{""distance"":7,""physical_error_rate"":0.0005}","{""detection_events"":438,""detectors_checked"":207360}"
      1024,         0,         0,   0.102,standalone_exact_mw,6a10a1840a7277b64863681e13d5cb65ed80b6c0c130a71789e1f9b9f94c8771,"{""distance"":7,""physical_error_rate"":0.005}","{""detection_events"":15342,""detectors_checked"":829440}"
      9216,         0,         0,    1.57,standalone_exact_mw,6a10a1840a7277b64863681e13d5cb65ed80b6c0c130a71789e1f9b9f94c8771,"{""distance"":7,""physical_error_rate"":0.005}","{""detection_events"":141123,""detectors_checked"":7464960}"
      1024,         0,         0,   0.059,standalone_exact_mw,3bd544bb51e006261b45d3a2c996e28fc0c0449411cee5f7deafcd25d9539ebc,"{""distance"":7,""physical_error_rate"":0.001}","{""detection_events"":3289,""detectors_checked"":829440}"
     12288,         0,         0,    2.21,standalone_exact_mw,3bd544bb51e006261b45d3a2c996e28fc0c0449411cee5f7deafcd25d9539ebc,"{""distance"":7,""physical_error_rate"":0.001}","{""detection_events"":38475,""detectors_checked"":9953280}"
      6144,         0,         0,   0.166,standalone_exact_mw,e5383d45c2b34399c539563e7789a53fd4b96cd0b38eade39a3cbfe07ba21ab0,"{""distance"":7,""physical_error_rate"":0.0002}","{""detection_events"":3924,""detectors_checked"":4976640}"
      3072,         0,         0,   0.365,standalone_exact_mw,9d8ad86e51451842b54dafc7680d1b486ef291963bb72c70f3cdd570d2d8fa34,"{""distance"":7,""physical_error_rate"":0.002}","{""detection_events"":19132,""detectors_checked"":2488320}"
     10240,         0,         0,   0.425,standalone_exact_mw,e5383d45c2b34399c539563e7789a53fd4b96cd0b38eade39a3cbfe07ba21ab0,"{""distance"":7,""physical_error_rate"":0.0002}","{""detection_events"":6275,""detectors_checked"":8294400}"
      5120,         0,         0,   0.343,standalone_exact_mw,9d8ad86e51451842b54dafc7680d1b486ef291963bb72c70f3cdd570d2d8fa34,"{""distance"":7,""physical_error_rate"":0.002}","{""detection_events"":32069,""detectors_checked"":4147200}"
      1024,         0,         0,   0.101,standalone_exact_mw,ba5ada56442ed2ba457be44e3218b165c8a19e21146c9941e841199e65961aae,"{""distance"":7,""physical_error_rate"":0.0005}","{""detection_events"":1685,""detectors_checked"":829440}"
     20480,         0,         0,   0.817,standalone_exact_mw,e5383d45c2b34399c539563e7789a53fd4b96cd0b38eade39a3cbfe07ba21ab0,"{""distance"":7,""physical_error_rate"":0.0002}","{""detection_events"":12616,""detectors_checked"":16588800}"
     22528,         0,         0,    1.59,standalone_exact_mw,3bd544bb51e006261b45d3a2c996e28fc0c0449411cee5f7deafcd25d9539ebc,"{""distance"":7,""physical_error_rate"":0.001}","{""detection_events"":70521,""detectors_checked"":18247680}"
      7168,         0,         0,   0.616,standalone_exact_mw,127be6187b4f42ce503a2e58abe78322609c231565a94a3f55b4bab680d66d05,"{""distance"":7,""physical_error_rate"":0.01}","{""detection_events"":212432,""detectors_checked"":5806080}"
      1024,         0,         0,   0.138,standalone_exact_mw,3bd544bb51e006261b45d3a2c996e28fc0c0449411cee5f7deafcd25d9539ebc,"{""distance"":7,""physical_error_rate"":0.001}","{""detection_events"":3155,""detectors_checked"":829440}"
      7168,         0,         0,   0.303,standalone_exact_mw,e5383d45c2b34399c539563e7789a53fd4b96cd0b38eade39a3cbfe07ba21ab0,"{""distance"":7,""physical_error_rate"":0.0002}","{""detection_events"":4528,""detectors_checked"":5806080}"
      1024,         0,         0,   0.119,standalone_exact_mw,127be6187b4f42ce503a2e58abe78322609c231565a94a3f55b4bab680d66d05,"{""distance"":7,""physical_error_rate"":0.01}","{""detection_events"":30476,""detectors_checked"":829440}"
     15360,         0,         0,    1.57,standalone_exact_mw,6a10a1840a7277b64863681e13d5cb65ed80b6c0c130a71789e1f9b9f94c8771,"{""distance"":7,""physical_error_rate"":0.005}","{""detection_events"":235179,""detectors_checked"":12441600}"
      1024,         0,         0,   0.072,standalone_exact_mw,3bd544bb51e006261b45d3a2c996e28fc0c0449411cee5f7deafcd25d9539ebc,"{""distance"":7,""physical_error_rate"":0.001}","{""detection_events"":3178,""detectors_checked"":829440}"
      5120,         0,         0,   0.485,standalone_exact_mw,6a10a1840a7277b64863681e13d5cb65ed80b6c0c130a71789e1f9b9f94c8771,"{""distance"":7,""physical_error_rate"":0.005}","{""detection_events"":78380,""detectors_checked"":4147200}"
      1024,         0,         0,   0.080,standalone_exact_mw,ba5ada56442ed2ba457be44e3218b165c8a19e21146c9941e841199e65961aae,"{""distance"":7,""physical_error_rate"":0.0005}","{""detection_events"":1621,""detectors_checked"":829440}"
      1024,         0,         0,   0.087,standalone_exact_mw,6a10a1840a7277b64863681e13d5cb65ed80b6c0c130a71789e1f9b9f94c8771,"{""distance"":7,""physical_error_rate"":0.005}","{""detection_events"":15394,""detectors_checked"":829440}"
     16384,         0,         0,   0.410,standalone_exact_mw,e5383d45c2b34399c539563e7789a53fd4b96cd0b38eade39a3cbfe07ba21ab0,"{""distance"":7,""physical_error_rate"":0.0002}","{""detection_events"":10410,""detectors_checked"":13271040}"
     14336,         0,         0,   0.851,standalone_exact_mw,9d8ad86e51451842b54dafc7680d1b486ef291963bb72c70f3cdd570d2d8fa34,"{""distance"":7,""physical_error_rate"":0.002}","{""detection_events"":88834,""detectors_checked"":11612160}"
      2048,         0,         0,   0.158,standalone_exact_mw,127be6187b4f42ce503a2e58abe78322609c231565a94a3f55b4bab680d66d05,"{""distance"":7,""physical_error_rate"":0.01}","{""detection_events"":61710,""detectors_checked"":1658880}"
      3072,         0,         0,   0.203,standalone_exact_mw,3bd544bb51e006261b45d3a2c996e28fc0c0449411cee5f7deafcd25d9539ebc,"{""distance"":7,""physical_error_rate"":0.001}","{""detection_events"":9677,""detectors_checked"":2488320}"
       273,         0,         0,   0.020,standalone_exact_mw,9d8ad86e51451842b54dafc7680d1b486ef291963bb72c70f3cdd570d2d8fa34,"{""distance"":7,""physical_error_rate"":0.002}","{""detection_events"":1776,""detectors_checked"":221130}"
     15360,         5,         0,    1.62,standalone_exact_mw,127be6187b4f42ce503a2e58abe78322609c231565a94a3f55b4bab680d66d05,"{""distance"":7,""physical_error_rate"":0.01}","{""detection_events"":455733,""detectors_checked"":12441600,""obs_mistake_mask=E"":5}"
      1024,         0,         0,   0.203,standalone_exact_mw,3bd544bb51e006261b45d3a2c996e28fc0c0449411cee5f7deafcd25d9539ebc,"{""distance"":7,""physical_error_rate"":0.001}","{""detection_events"":3187,""detectors_checked"":829440}"
     15360,         0,         0,    1.76,standalone_exact_mw,6a10a1840a7277b64863681e13d5cb65ed80b6c0c130a71789e1f9b9f94c8771,"{""distance"":7,""physical_error_rate"":0.005}","{""detection_events"":234935,""detectors_checked"":12441600}"
      1024,         0,         0,   0.041,standalone_exact_mw,ba5ada56442ed2ba457be44e3218b165c8a19e21146c9941e841199e65961aae,"{""distance"":7,""physical_error_rate"":0.0005}","{""detection_events"":1706,""detectors_checked"":829440}"
      1024,         0,         0,   0.080,standalone_exact_mw,ba5ada56442ed2ba457be44e3218b165c8a19e21146c9941e841199e65961aae,"{""distance"":7,""physical_error_rate"":0.0005}","{""detection_events"":1638,""detectors_checked"":829440}"
      2048,         0,         0,   0.353,standalone_exact_mw,3bd544bb51e006261b45d3a2c996e28fc0c0449411cee5f7deafcd25d9539ebc,"{""distance"":7,""physical_error_rate"":0.001}","{""detection_events"":6327,""detectors_checked"":1658880}"
      1024,         0,         0,   0.054,standalone_exact_mw,9d8ad86e51451842b54dafc7680d1b486ef291963bb72c70f3cdd570d2d8fa34,"{""distance"":7,""physical_error_rate"":0.002}","{""detection_events"":6364,""detectors_checked"":829440}"
         1,         0,         0,   0.012,standalone_exact_mw,6a10a1840a7277b64863681e13d5cb65ed80b6c0c130a71789e1f9b9f94c8771,"{""distance"":7,""physical_error_rate"":0.005}","{""detection_events"":25,""detectors_checked"":810}"
      1024,         0,         0,   0.105,standalone_exact_mw,3bd544bb51e006261b45d3a2c996e28fc0c0449411cee5f7deafcd25d9539ebc,"{""distance"":7,""physical_error_rate"":0.001}","{""detection_events"":3312,""detectors_checked"":829440}"
      6144,         0,         0,   0.402,standalone_exact_mw,ba5ada56442ed2ba457be44e3218b165c8a19e21146c9941e841199e65961aae,"{""distance"":7,""physical_error_rate"":0.0005}","{""detection_events"":9636,""detectors_checked"":4976640}"
       272,         0,         0,   0.032,standalone_exact_mw,6a10a1840a7277b64863681e13d5cb65ed80b6c0c130a71789e1f9b9f94c8771,"{""distance"":7,""physical_error_rate"":0.005}","{""detection_events"":4300,""detectors_checked"":220320}"
      1024,         0,         0,   0.114,standalone_exact_mw,127be6187b4f42ce503a2e58abe78322609c231565a94a3f55b4bab680d66d05,"{""distance"":7,""physical_error_rate"":0.01}","{""detection_events"":30525,""detectors_checked"":829440}"
      1024,         0,         0,   0.055,standalone_exact_mw,ba5ada56442ed2ba457be44e3218b165c8a19e21146c9941e841199e65961aae,"{""distance"":7,""physical_error_rate"":0.0005}","{""detection_events"":1640,""detectors_checked"":829440}"
      2048,         0,         0,   0.125,standalone_exact_mw,3bd544bb51e006261b45d3a2c996e28fc0c0449411cee5f7deafcd25d9539ebc,"{""distance"":7,""physical_error_rate"":0.001}","{""detection_events"":6467,""detectors_checked"":1658880}"
      1024,         0,         0,   0.053,standalone_exact_mw,9d8ad86e51451842b54dafc7680d1b486ef291963bb72c70f3cdd570d2d8fa34,"{""distance"":7,""physical_error_rate"":0.002}","{""detection_events"":6353,""detectors_checked"":829440}"
     32768,         0,         0,    2.15,standalone_exact_mw,3bd544bb51e006261b45d3a2c996e28fc0c0449411cee5f7deafcd25d9539ebc,"{""distance"":7,""physical_error_rate"":0.001}","{""detection_events"":101769,""detectors_checked"":26542080}"
      1024,         0,         0,   0.072,standalone_exact_mw,ba5ada56442ed2ba457be44e3218b165c8a19e21146c9941e841199e65961aae,"{""distance"":7,""physical_error_rate"":0.0005}","{""detection_events"":1614,""detectors_checked"":829440}"
      5120,         0,         0,   0.206,standalone_exact_mw,e5383d45c2b34399c539563e7789a53fd4b96cd0b38eade39a3cbfe07ba21ab0,"{""distance"":7,""physical_error_rate"":0.0002}","{""detection_events"":3205,""detectors_checked"":4147200}"
      2048,         0,         0,   0.141,standalone_exact_mw,6a10a1840a7277b64863681e13d5cb65ed80b6c0c130a71789e1f9b9f94c8771,"{""distance"":7,""physical_error_rate"":0.005}","{""detection_events"":30958,""detectors_checked"":1658880}"
     11264,         2,         0,    1.70,standalone_exact_mw,127be6187b4f42ce503a2e58abe78322609c231565a94a3f55b4bab680d66d05,"{""distance"":7,""physical_error_rate"":0.01}","{""detection_events"":335078,""detectors_checked"":9123840,""obs_mistake_mask=E"":2}"
      1024,         0,         0,   0.063,standalone_exact_mw,9d8ad86e51451842b54dafc7680d1b486ef291963bb72c70f3cdd570d2d8fa34,"{""distance"":7,""physical_error_rate"":0.002}","{""detection_events"":6142,""detectors_checked"":829440}"
     14336,         0,         0,    1.09,standalone_exact_mw,6a10a1840a7277b64863681e13d5cb65ed80b6c0c130a71789e1f9b9f94c8771,"{""distance"":7,""physical_error_rate"":0.005}","{""detection_events"":218291,""detectors_checked"":11612160}"
      2048,         0,         0,   0.080,standalone_exact_mw,ba5ada56442ed2ba457be44e3218b165c8a19e21146c9941e841199e65961aae,"{""distance"":7,""physical_error_rate"":0.0005}","{""detection_events"":3151,""detectors_checked"":1658880}"
      1024,         0,         0,   0.124,standalone_exact_mw,3bd544bb51e006261b45d3a2c996e28fc0c0449411cee5f7deafcd25d9539ebc,"{""distance"":7,""physical_error_rate"":0.001}","{""detection_events"":3258,""detectors_checked"":829440}"
      1024,         0,         0,   0.078,standalone_exact_mw,6a10a1840a7277b64863681e13d5cb65ed80b6c0c130a71789e1f9b9f94c8771,"{""distance"":7,""physical_error_rate"":0.005}","{""detection_events"":15713,""detectors_checked"":829440}"
      1024,         0,         0,   0.087,standalone_exact_mw,ba5ada56442ed2ba457be44e3218b165c8a19e21146c9941e841199e65961aae,"{""distance"":7,""physical_error_rate"":0.0005}","{""detection_events"":1647,""detectors_checked"":829440}"
     12288,         0,         0,    1.56,standalone_exact_mw,6a10a1840a7277b64863681e13d5cb65ed80b6c0c130a71789e1f9b9f94c8771,"{""distance"":7,""physical_error_rate"":0.005}","{""detection_events"":187721,""detectors_checked"":9953280}"
     27648,         0,         0,    1.60,standalone_exact_mw,ba5ada56442ed2ba457be44e3218b165c8a19e21146c9941e841199e65961aae,"{""distance"":7,""physical_error_rate"":0.0005}","{""detection_events"":43023,""detectors_checked"":22394880}"
      1024,         0,         0,   0.106,standalone_exact_mw,127be6187b4f42ce503a2e58abe78322609c231565a94a3f55b4bab680d66d05,"{""distance"":7,""physical_error_rate"":0.01}","{""detection_events"":30063,""detectors_checked"":829440}"
      3072,         2,         0,   0.345,standalone_exact_mw,127be6187b4f42ce503a2e58abe78322609c231565a94a3f55b4bab680d66d05,"{""distance"":7,""physical_error_rate"":0.01}","{""detection_events"":91713,""detectors_checked"":2488320,""obs_mistake_mask=E"":2}"
      3072,         0,         0,   0.217,standalone_exact_mw,127be6187b4f42ce503a2e58abe78322609c231565a94a3f55b4bab680d66d05,"{""distance"":7,""physical_error_rate"":0.01}","{""detection_events"":91962,""detectors_checked"":2488320}"
      2048,         0,         0,   0.117,standalone_exact_mw,3bd544bb51e006261b45d3a2c996e28fc0c0449411cee5f7deafcd25d9539ebc,"{""distance"":7,""physical_error_rate"":0.001}","{""detection_events"":6266,""detectors_checked"":1658880}"
      2048,         0,         0,   0.215,standalone_exact_mw,3bd544bb51e006261b45d3a2c996e28fc0c0449411cee5f7deafcd25d9539ebc,"{""distance"":7,""physical_error_rate"":0.001}","{""detection_events"":6432,""detectors_checked"":1658880}"
      7168,         0,         0,   0.464,standalone_exact_mw,3bd544bb51e006261b45d3a2c996e28fc0c0449411cee5f7deafcd25d9539ebc,"{""distance"":7,""physical_error_rate"":0.001}","{""detection_events"":22465,""detectors_checked"":5806080}"
       273,         0,         0,   0.067,standalone_exact_mw,9d8ad86e51451842b54dafc7680d1b486ef291963bb72c70f3cdd570d2d8fa34,"{""distance"":7,""physical_error_rate"":0.002}","{""detection_events"":1803,""detectors_checked"":221130}"
      1024,         0,         0,   0.082,standalone_exact_mw,9d8ad86e51451842b54dafc7680d1b486ef291963bb72c70f3cdd570d2d8fa34,"{""distance"":7,""physical_error_rate"":0.002}","{""detection_events"":6434,""detectors_checked"":829440}"
     11264,         0,         0,   0.804,standalone_exact_mw,9d8ad86e51451842b54dafc7680d1b486ef291963bb72c70f3cdd570d2d8fa34,"{""distance"":7,""physical_error_rate"":0.002}","{""detection_events"":70070,""detectors_checked"":9123840}"
     10240,         0,         0,    1.12,standalone_exact_mw,3bd544bb51e006261b45d3a2c996e28fc0c0449411cee5f7deafcd25d9539ebc,"{""distance"":7,""physical_error_rate"":0.001}","{""detection_events"":31968,""detectors_checked"":8294400}"
      2048,         0,         0,   0.483,standalone_exact_mw,6a10a1840a7277b64863681e13d5cb65ed80b6c0c130a71789e1f9b9f94c8771,"{""distance"":7,""physical_error_rate"":0.005}","{""detection_events"":30893,""detectors_checked"":1658880}"
      1024,         0,         0,   0.088,standalone_exact_mw,6a10a1840a7277b64863681e13d5cb65ed80b6c0c130a71789e1f9b9f94c8771,"{""distance"":7,""physical_error_rate"":0.005}","{""detection_events"":16141,""detectors_checked"":829440}"
      7168,         0,         0,   0.444,standalone_exact_mw,6a10a1840a7277b64863681e13d5cb65ed80b6c0c130a71789e1f9b9f94c8771,"{""distance"":7,""physical_error_rate"":0.005}","{""detection_events"":108664,""detectors_checked"":5806080}"
     36864,         0,         0,    2.16,standalone_exact_mw,e5383d45c2b34399c539563e7789a53fd4b96cd0b38eade39a3cbfe07ba21ab0,"{""distance"":7,""physical_error_rate"":0.0002}","{""detection_events"":23160,""detectors_checked"":29859840}"
     26624,         0,         0,    1.13,standalone_exact_mw,ba5ada56442ed2ba457be44e3218b165c8a19e21146c9941e841199e65961aae,"{""distance"":7,""physical_error_rate"":0.0005}","{""detection_events"":41847,""detectors_checked"":21565440}"
      6144,         0,         0,   0.870,standalone_exact_mw,127be6187b4f42ce503a2e58abe78322609c231565a94a3f55b4bab680d66d05,"{""distance"":7,""physical_error_rate"":0.01}","{""detection_events"":181910,""detectors_checked"":4976640}"
      1024,         0,         0,   0.126,standalone_exact_mw,3bd544bb51e006261b45d3a2c996e28fc0c0449411cee5f7deafcd25d9539ebc,"{""distance"":7,""physical_error_rate"":0.001}","{""detection_events"":3147,""detectors_checked"":829440}"
      2048,         0,         0,   0.193,standalone_exact_mw,6a10a1840a7277b64863681e13d5cb65ed80b6c0c130a71789e1f9b9f94c8771,"{""distance"":7,""physical_error_rate"":0.005}","{""detection_events"":31703,""detectors_checked"":1658880}"
      3072,         0,         0,   0.335,standalone_exact_mw,3bd544bb51e006261b45d3a2c996e28fc0c0449411cee5f7deafcd25d9539ebc,"{""distance"":7,""physical_error_rate"":0.001}","{""detection_events"":9648,""detectors_checked"":2488320}"
      3072,         0,         0,   0.569,standalone_exact_mw,ba5ada56442ed2ba457be44e3218b165c8a19e21146c9941e841199e65961aae,"{""distance"":7,""physical_error_rate"":0.0005}","{""detection_events"":4607,""detectors_checked"":2488320}"
      3072,         0,         0,   0.155,standalone_exact_mw,ba5ada56442ed2ba457be44e3218b165c8a19e21146c9941e841199e65961aae,"{""distance"":7,""physical_error_rate"":0.0005}","{""detection_events"":4888,""detectors_checked"":2488320}"
      1024,         0,         0,   0.082,standalone_exact_mw,9d8ad86e51451842b54dafc7680d1b486ef291963bb72c70f3cdd570d2d8fa34,"{""distance"":7,""physical_error_rate"":0.002}","{""detection_events"":6220,""detectors_checked"":829440}"
      4096,         0,         0,   0.419,standalone_exact_mw,9d8ad86e51451842b54dafc7680d1b486ef291963bb72c70f3cdd570d2d8fa34,"{""distance"":7,""physical_error_rate"":0.002}","{""detection_events"":25552,""detectors_checked"":3317760}"
      1024,         0,         0,   0.137,standalone_exact_mw,127be6187b4f42ce503a2e58abe78322609c231565a94a3f55b4bab680d66d05,"{""distance"":7,""physical_error_rate"":0.01}","{""detection_events"":30539,""detectors_checked"":829440}"
     21504,         0,         0,    1.10,standalone_exact_mw,3bd544bb51e006261b45d3a2c996e28fc0c0449411cee5f7deafcd25d9539ebc,"{""distance"":7,""physical_error_rate"":0.001}","{""detection_events"":67460,""detectors_checked"":17418240}"
     10240,         0,         0,    1.13,standalone_exact_mw,127be6187b4f42ce503a2e58abe78322609c231565a94a3f55b4bab680d66d05,"{""distance"":7,""physical_error_rate"":0.01}","{""detection_events"":303556,""detectors_checked"":8294400}"
     12288,         0,         0,    1.25,standalone_exact_mw,ba5ada56442ed2ba457be44e3218b165c8a19e21146c9941e841199e65961aae,"{""distance"":7,""physical_error_rate"":0.0005}","{""detection_events"":19252,""detectors_checked"":9953280}"
      1024,         0,         0,   0.208,standalone_exact_mw,ba5ada56442ed2ba457be44e3218b165c8a19e21146c9941e841199e65961aae,"{""distance"":7,""physical_error_rate"":0.0005}","{""detection_events"":1574,""detectors_checked"":829440}"
     50176,         0,         0,    2.20,standalone_exact_mw,ba5ada56442ed2ba457be44e3218b165c8a19e21146c9941e841199e65961aae,"{""distance"":7,""physical_error_rate"":0.0005}","{""detection_events"":77734,""detectors_checked"":40642560}"
      1024,         0,         0,   0.110,standalone_exact_mw,6a10a1840a7277b64863681e13d5cb65ed80b6c0c130a71789e1f9b9f94c8771,"{""distance"":7,""physical_error_rate"":0.005}","{""detection_events"":15479,""detectors_checked"":829440}"
     10240,         0,         0,   0.438,standalone_exact_mw,e5383d45c2b34399c539563e7789a53fd4b96cd0b38eade39a3cbfe07ba21ab0,"{""distance"":7,""physical_error_rate"":0.0002}","{""detection_events"":6497,""detectors_checked"":8294400}"
      5120,         0,         0,   0.479,standalone_exact_mw,9d8ad86e51451842b54dafc7680d1b486ef291963bb72c70f3cdd570d2d8fa34,"{""distance"":7,""physical_error_rate"":0.002}","{""detection_events"":31241,""detectors_checked"":4147200}"
         1,         0,         0,   0.003,standalone_exact_mw,ac604fb97cbefca8234024efb37144c861c0ed9870cf9e2c8901bf3b9b1f370f,"{""distance"":7,""physical_error_rate"":0.02}","{""detection_events"":56,""detectors_checked"":810}"
        16,         0,         0,   0.002,standalone_exact_mw,ac604fb97cbefca8234024efb37144c861c0ed9870cf9e2c8901bf3b9b1f370f,"{""distance"":7,""physical_error_rate"":0.02}","{""detection_events"":962,""detectors_checked"":12960}"
      1024,         0,         0,   0.173,standalone_exact_mw,9d8ad86e51451842b54dafc7680d1b486ef291963bb72c70f3cdd570d2d8fa34,"{""distance"":7,""physical_error_rate"":0.002}","{""detection_events"":6651,""detectors_checked"":829440}"
      2048,         0,         0,   0.211,standalone_exact_mw,127be6187b4f42ce503a2e58abe78322609c231565a94a3f55b4bab680d66d05,"{""distance"":7,""physical_error_rate"":0.01}","{""detection_events"":60799,""detectors_checked"":1658880}"
      6144,         0,         0,   0.613,standalone_exact_mw,6a10a1840a7277b64863681e13d5cb65ed80b6c0c130a71789e1f9b9f94c8771,"{""distance"":7,""physical_error_rate"":0.005}","{""detection_events"":93767,""detectors_checked"":4976640}"
      3072,         0,         0,   0.216,standalone_exact_mw,3bd544bb51e006261b45d3a2c996e28fc0c0449411cee5f7deafcd25d9539ebc,"{""distance"":7,""physical_error_rate"":0.001}","{""detection_events"":9648,""detectors_checked"":2488320}"
      2048,         0,         0,   0.429,standalone_exact_mw,3bd544bb51e006261b45d3a2c996e28fc0c0449411cee5f7deafcd25d9539ebc,"{""distance"":7,""physical_error_rate"":0.001}","{""detection_events"":6512,""detectors_checked"":1658880}"
      1024,         0,         0,   0.087,standalone_exact_mw,6a10a1840a7277b64863681e13d5cb65ed80b6c0c130a71789e1f9b9f94c8771,"{""distance"":7,""physical_error_rate"":0.005}","{""detection_events"":15661,""detectors_checked"":829440}"
      2048,         0,         0,   0.158,standalone_exact_mw,3bd544bb51e006261b45d3a2c996e28fc0c0449411cee5f7deafcd25d9539ebc,"{""distance"":7,""physical_error_rate"":0.001}","{""detection_events"":6367,""detectors_checked"":1658880}"
     13312,         0,         0,   0.555,standalone_exact_mw,e5383d45c2b34399c539563e7789a53fd4b96cd0b38eade39a3cbfe07ba21ab0,"{""distance"":7,""physical_error_rate"":0.0002}","{""detection_events"":8237,""detectors_checked"":10782720}"
      5120,         0,         0,   0.381,standalone_exact_mw,e5383d45c2b34399c539563e7789a53fd4b96cd0b38eade39a3cbfe07ba21ab0,"{""distance"":7,""physical_error_rate"":0.0002}","{""detection_events"":3198,""detectors_checked"":4147200}"
      2048,         0,         0,   0.163,standalone_exact_mw,9d8ad86e51451842b54dafc7680d1b486ef291963bb72c70f3cdd570d2d8fa34,"{""distance"":7,""physical_error_rate"":0.002}","{""detection_events"":12939,""detectors_checked"":1658880}"
      1024,         0,         0,   0.136,standalone_exact_mw,127be6187b4f42ce503a2e58abe78322609c231565a94a3f55b4bab680d66d05,"{""distance"":7,""physical_error_rate"":0.01}","{""detection_events"":30612,""detectors_checked"":829440}"
     31744,         0,         0,    2.21,standalone_exact_mw,ba5ada56442ed2ba457be44e3218b165c8a19e21146c9941e841199e65961aae,"{""distance"":7,""physical_error_rate"":0.0005}","{""detection_events"":49772,""detectors_checked"":25712640}"
      1024,         0,         0,   0.151,standalone_exact_mw,ba5ada56442ed2ba457be44e3218b165c8a19e21146c9941e841199e65961aae,"{""distance"":7,""physical_error_rate"":0.0005}","{""detection_events"":1530,""detectors_checked"":829440}"
      3072,         0,         0,   0.214,standalone_exact_mw,6a10a1840a7277b64863681e13d5cb65ed80b6c0c130a71789e1f9b9f94c8771,"{""distance"":7,""physical_error_rate"":0.005}","{""detection_events"":46737,""detectors_checked"":2488320}"
     18432,         0,         0,   0.566,standalone_exact_mw,e5383d45c2b34399c539563e7789a53fd4b96cd0b38eade39a3cbfe07ba21ab0,"{""distance"":7,""physical_error_rate"":0.0002}","{""detection_events"":11279,""detectors_checked"":14929920}"
      5120,         0,         0,   0.341,standalone_exact_mw,3bd544bb51e006261b45d3a2c996e28fc0c0449411cee5f7deafcd25d9539ebc,"{""distance"":7,""physical_error_rate"":0.001}","{""detection_events"":15995,""detectors_checked"":4147200}"
      3072,         0,         0,   0.222,standalone_exact_mw,ba5ada56442ed2ba457be44e3218b165c8a19e21146c9941e841199e65961aae,"{""distance"":7,""physical_error_rate"":0.0005}","{""detection_events"":4732,""detectors_checked"":2488320}"
      1024,         0,         0,   0.087,standalone_exact_mw,6a10a1840a7277b64863681e13d5cb65ed80b6c0c130a71789e1f9b9f94c8771,"{""distance"":7,""physical_error_rate"":0.005}","{""detection_events"":15708,""detectors_checked"":829440}"
      6144,         0,         0,   0.608,standalone_exact_mw,6a10a1840a7277b64863681e13d5cb65ed80b6c0c130a71789e1f9b9f94c8771,"{""distance"":7,""physical_error_rate"":0.005}","{""detection_events"":92906,""detectors_checked"":4976640}"
      5120,         0,         0,   0.379,standalone_exact_mw,127be6187b4f42ce503a2e58abe78322609c231565a94a3f55b4bab680d66d05,"{""distance"":7,""physical_error_rate"":0.01}","{""detection_events"":152147,""detectors_checked"":4147200}"
      7168,         0,         0,    1.17,standalone_exact_mw,ba5ada56442ed2ba457be44e3218b165c8a19e21146c9941e841199e65961aae,"{""distance"":7,""physical_error_rate"":0.0005}","{""detection_events"":11275,""detectors_checked"":5806080}"
     11264,         0,         0,    1.22,standalone_exact_mw,6a10a1840a7277b64863681e13d5cb65ed80b6c0c130a71789e1f9b9f94c8771,"{""distance"":7,""physical_error_rate"":0.005}","{""detection_events"":171273,""detectors_checked"":9123840}"
     28672,         4,         0,    2.24,standalone_exact_mw,127be6187b4f42ce503a2e58abe78322609c231565a94a3f55b4bab680d66d05,"{""distance"":7,""physical_error_rate"":0.01}","{""detection_events"":850406,""detectors_checked"":23224320,""obs_mistake_mask=E"":4}"
      2048,         0,         0,   0.304,standalone_exact_mw,3bd544bb51e006261b45d3a2c996e28fc0c0449411cee5f7deafcd25d9539ebc,"{""distance"":7,""physical_error_rate"":0.001}","{""detection_events"":6535,""detectors_checked"":1658880}"
      2048,         0,         0,   0.127,standalone_exact_mw,9d8ad86e51451842b54dafc7680d1b486ef291963bb72c70f3cdd570d2d8fa34,"{""distance"":7,""physical_error_rate"":0.002}","{""detection_events"":12727,""detectors_checked"":1658880}"
     26624,         0,         0,    2.15,standalone_exact_mw,9d8ad86e51451842b54dafc7680d1b486ef291963bb72c70f3cdd570d2d8fa34,"{""distance"":7,""physical_error_rate"":0.002}","{""detection_events"":164857,""detectors_checked"":21565440}"
     26624,         0,         0,    1.11,standalone_exact_mw,e5383d45c2b34399c539563e7789a53fd4b96cd0b38eade39a3cbfe07ba21ab0,"{""distance"":7,""physical_error_rate"":0.0002}","{""detection_events"":16694,""detectors_checked"":21565440}"
     12288,         0,         0,   0.574,standalone_exact_mw,ba5ada56442ed2ba457be44e3218b165c8a19e21146c9941e841199e65961aae,"{""distance"":7,""physical_error_rate"":0.0005}","{""detection_events"":19175,""detectors_checked"":9953280}"
     12288,         0,         0,    1.56,standalone_exact_mw,e5383d45c2b34399c539563e7789a53fd4b96cd0b38eade39a3cbfe07ba21ab0,"{""distance"":7,""physical_error_rate"":0.0002}","{""detection_events"":7823,""detectors_checked"":9953280}"
      2048,         0,         0,   0.398,standalone_exact_mw,6a10a1840a7277b64863681e13d5cb65ed80b6c0c130a71789e1f9b9f94c8771,"{""distance"":7,""physical_error_rate"":0.005}","{""detection_events"":31449,""detectors_checked"":1658880}"
      1024,         0,         0,   0.105,standalone_exact_mw,6a10a1840a7277b64863681e13d5cb65ed80b6c0c130a71789e1f9b9f94c8771,"{""distance"":7,""physical_error_rate"":0.005}","{""detection_events"":15763,""detectors_checked"":829440}"
      1024,         0,         0,   0.174,standalone_exact_mw,127be6187b4f42ce503a2e58abe78322609c231565a94a3f55b4bab680d66d05,"{""distance"":7,""physical_error_rate"":0.01}","{""detection_events"":30452,""detectors_checked"":829440}"
      3072,         0,         0,   0.243,standalone_exact_mw,3bd544bb51e006261b45d3a2c996e28fc0c0449411cee5f7deafcd25d9539ebc,"{""distance"":7,""physical_error_rate"":0.001}","{""detection_events"":9332,""detectors_checked"":2488320}"
     24576,         0,         0,    2.20,standalone_exact_mw,9d8ad86e51451842b54dafc7680d1b486ef291963bb72c70f3cdd570d2d8fa34,"{""distance"":7,""physical_error_rate"":0.002}","{""detection_events"":151867,""detectors_checked"":19906560}"
      1024,         0,         0,   0.283,standalone_exact_mw,9d8ad86e51451842b54dafc7680d1b486ef291963bb72c70f3cdd570d2d8fa34,"{""distance"":7,""physical_error_rate"":0.002}","{""detection_events"":6424,""detectors_checked"":829440}"
      7168,         2,         0,   0.913,standalone_exact_mw,127be6187b4f42ce503a2e58abe78322609c231565a94a3f55b4bab680d66d05,"{""distance"":7,""physical_error_rate"":0.01}","{""detection_events"":213458,""detectors_checked"":5806080,""obs_mistake_mask=E"":2}"
      1024,         0,         0,   0.232,standalone_exact_mw,3bd544bb51e006261b45d3a2c996e28fc0c0449411cee5f7deafcd25d9539ebc,"{""distance"":7,""physical_error_rate"":0.001}","{""detection_events"":3129,""detectors_checked"":829440}"
      5120,         0,         0,   0.184,standalone_exact_mw,ba5ada56442ed2ba457be44e3218b165c8a19e21146c9941e841199e65961aae,"{""distance"":7,""physical_error_rate"":0.0005}","{""detection_events"":8181,""detectors_checked"":4147200}"
     11264,         2,         0,   0.800,standalone_exact_mw,127be6187b4f42ce503a2e58abe78322609c231565a94a3f55b4bab680d66d05,"{""distance"":7,""physical_error_rate"":0.01}","{""detection_events"":334576,""detectors_checked"":9123840,""obs_mistake_mask=E"":2}"
     29696,         0,         0,    2.22,standalone_exact_mw,9d8ad86e51451842b54dafc7680d1b486ef291963bb72c70f3cdd570d2d8fa34,"{""distance"":7,""physical_error_rate"":0.002}","{""detection_events"":183892,""detectors_checked"":24053760}"
      4096,         0,         0,   0.330,standalone_exact_mw,127be6187b4f42ce503a2e58abe78322609c231565a94a3f55b4bab680d66d05,"{""distance"":7,""physical_error_rate"":0.01}","{""detection_events"":121618,""detectors_checked"":3317760}"
     43008,         0,         0,    1.57,standalone_exact_mw,e5383d45c2b34399c539563e7789a53fd4b96cd0b38eade39a3cbfe07ba21ab0,"{""distance"":7,""physical_error_rate"":0.0002}","{""detection_events"":27044,""detectors_checked"":34836480}"
      8192,         0,         0,    1.21,standalone_exact_mw,127be6187b4f42ce503a2e58abe78322609c231565a94a3f55b4bab680d66d05,"{""distance"":7,""physical_error_rate"":0.01}","{""detection_events"":243416,""detectors_checked"":6635520}"
      3072,         0,         0,   0.167,standalone_exact_mw,9d8ad86e51451842b54dafc7680d1b486ef291963bb72c70f3cdd570d2d8fa34,"{""distance"":7,""physical_error_rate"":0.002}","{""detection_events"":19157,""detectors_checked"":2488320}"
     26624,         1,         0,    2.19,standalone_exact_mw,127be6187b4f42ce503a2e58abe78322609c231565a94a3f55b4bab680d66d05,"{""distance"":7,""physical_error_rate"":0.01}","{""detection_events"":791134,""detectors_checked"":21565440,""obs_mistake_mask=E"":1}"
     21504,         0,         0,    1.57,standalone_exact_mw,6a10a1840a7277b64863681e13d5cb65ed80b6c0c130a71789e1f9b9f94c8771,"{""distance"":7,""physical_error_rate"":0.005}","{""detection_events"":328480,""detectors_checked"":17418240}"
      1024,         0,         0,   0.148,standalone_exact_mw,ba5ada56442ed2ba457be44e3218b165c8a19e21146c9941e841199e65961aae,"{""distance"":7,""physical_error_rate"":0.0005}","{""detection_events"":1656,""detectors_checked"":829440}"
     14336,         2,         0,    2.21,standalone_exact_mw,127be6187b4f42ce503a2e58abe78322609c231565a94a3f55b4bab680d66d05,"{""distance"":7,""physical_error_rate"":0.01}","{""detection_events"":425495,""detectors_checked"":11612160,""obs_mistake_mask=E"":2}"
      8192,         0,         0,   0.610,standalone_exact_mw,3bd544bb51e006261b45d3a2c996e28fc0c0449411cee5f7deafcd25d9539ebc,"{""distance"":7,""physical_error_rate"":0.001}","{""detection_events"":25639,""detectors_checked"":6635520}"
      2048,         0,         0,   0.196,standalone_exact_mw,6a10a1840a7277b64863681e13d5cb65ed80b6c0c130a71789e1f9b9f94c8771,"{""distance"":7,""physical_error_rate"":0.005}","{""detection_events"":31545,""detectors_checked"":1658880}"
     62464,         0,         0,    2.18,standalone_exact_mw,e5383d45c2b34399c539563e7789a53fd4b96cd0b38eade39a3cbfe07ba21ab0,"{""distance"":7,""physical_error_rate"":0.0002}","{""detection_events"":39262,""detectors_checked"":50595840}"
      4096,         0,         0,   0.316,standalone_exact_mw,6a10a1840a7277b64863681e13d5cb65ed80b6c0c130a71789e1f9b9f94c8771,"{""distance"":7,""physical_error_rate"":0.005}","{""detection_events"":62967,""detectors_checked"":3317760}"
      5120,         0,         0,   0.437,standalone_exact_mw,3bd544bb51e006261b45d3a2c996e28fc0c0449411cee5f7deafcd25d9539ebc,"{""distance"":7,""physical_error_rate"":0.001}","{""detection_events"":16289,""detectors_checked"":4147200}"
      9216,         0,         0,   0.624,standalone_exact_mw,6a10a1840a7277b64863681e13d5cb65ed80b6c0c130a71789e1f9b9f94c8771,"{""distance"":7,""physical_error_rate"":0.005}","{""detection_events"":139841,""detectors_checked"":7464960}"
      9216,         0,         0,   0.412,standalone_exact_mw,e5383d45c2b34399c539563e7789a53fd4b96cd0b38eade39a3cbfe07ba21ab0,"{""distance"":7,""physical_error_rate"":0.0002}","{""detection_events"":5719,""detectors_checked"":7464960}"
         1,         0,         0,   0.003,standalone_exact_mw,e5383d45c2b34399c539563e7789a53fd4b96cd0b38eade39a3cbfe07ba21ab0,"{""distance"":7,""physical_error_rate"":0.0002}","{""detection_events"":2,""detectors_checked"":810}"
     32768,         0,         0,    2.25,standalone_exact_mw,9d8ad86e51451842b54dafc7680d1b486ef291963bb72c70f3cdd570d2d8fa34,"{""distance"":7,""physical_error_rate"":0.002}","{""detection_events"":204105,""detectors_checked"":26542080}"
      2048,         1,         0,   0.236,standalone_exact_mw,127be6187b4f42ce503a2e58abe78322609c231565a94a3f55b4bab680d66d05,"{""distance"":7,""physical_error_rate"":0.01}","{""detection_events"":60280,""detectors_checked"":1658880,""obs_mistake_mask=E"":1}"
      7168,         0,         0,   0.555,standalone_exact_mw,9d8ad86e51451842b54dafc7680d1b486ef291963bb72c70f3cdd570d2d8fa34,"{""distance"":7,""physical_error_rate"":0.002}","{""detection_events"":44431,""detectors_checked"":5806080}"
     54272,         0,         0,    2.21,standalone_exact_mw,ba5ada56442ed2ba457be44e3218b165c8a19e21146c9941e841199e65961aae,"{""distance"":7,""physical_error_rate"":0.0005}","{""detection_events"":85099,""detectors_checked"":43960320}"
     48128,         0,         0,    1.57,standalone_exact_mw,e5383d45c2b34399c539563e7789a53fd4b96cd0b38eade39a3cbfe07ba21ab0,"{""distance"":7,""physical_error_rate"":0.0002}","{""detection_events"":29936,""detectors_checked"":38983680}"
      5120,         0,         0,   0.233,standalone_exact_mw,ba5ada56442ed2ba457be44e3218b165c8a19e21146c9941e841199e65961aae,"{""distance"":7,""physical_error_rate"":0.0005}","{""detection_events"":8195,""detectors_checked"":4147200}"
     10240,         0,         0,   0.549,standalone_exact_mw,9d8ad86e51451842b54dafc7680d1b486ef291963bb72c70f3cdd570d2d8fa34,"{""distance"":7,""physical_error_rate"":0.002}","{""detection_events"":64018,""detectors_checked"":8294400}"
      1296,         0,         0,   0.047,standalone_exact_mw,e5383d45c2b34399c539563e7789a53fd4b96cd0b38eade39a3cbfe07ba21ab0,"{""distance"":7,""physical_error_rate"":0.0002}","{""detection_events"":846,""detectors_checked"":1049760}"
      9216,         0,         0,   0.406,standalone_exact_mw,3bd544bb51e006261b45d3a2c996e28fc0c0449411cee5f7deafcd25d9539ebc,"{""distance"":7,""physical_error_rate"":0.001}","{""detection_events"":28764,""detectors_checked"":7464960}"
     23552,         0,         0,    1.13,standalone_exact_mw,ba5ada56442ed2ba457be44e3218b165c8a19e21146c9941e841199e65961aae,"{""distance"":7,""physical_error_rate"":0.0005}","{""detection_events"":37233,""detectors_checked"":19077120}"
     65536,         0,         0,    2.17,standalone_exact_mw,e5383d45c2b34399c539563e7789a53fd4b96cd0b38eade39a3cbfe07ba21ab0,"{""distance"":7,""physical_error_rate"":0.0002}","{""detection_events"":41184,""detectors_checked"":53084160}"
      1024,         0,         0,   0.042,standalone_exact_mw,e5383d45c2b34399c539563e7789a53fd4b96cd0b38eade39a3cbfe07ba21ab0,"{""distance"":7,""physical_error_rate"":0.0002}","{""detection_events"":636,""detectors_checked"":829440}"
     33792,         0,         0,    2.18,standalone_exact_mw,3bd544bb51e006261b45d3a2c996e28fc0c0449411cee5f7deafcd25d9539ebc,"{""distance"":7,""physical_error_rate"":0.001}","{""detection_events"":105702,""detectors_checked"":27371520}"
     18432,         0,         0,    1.54,standalone_exact_mw,9d8ad86e51451842b54dafc7680d1b486ef291963bb72c70f3cdd570d2d8fa34,"{""distance"":7,""physical_error_rate"":0.002}","{""detection_events"":114464,""detectors_checked"":14929920}"
      3072,         0,         0,   0.210,standalone_exact_mw,9d8ad86e51451842b54dafc7680d1b486ef291963bb72c70f3cdd570d2d8fa34,"{""distance"":7,""physical_error_rate"":0.002}","{""detection_events"":19080,""detectors_checked"":2488320}"
     12288,         0,         0,   0.607,standalone_exact_mw,e5383d45c2b34399c539563e7789a53fd4b96cd0b38eade39a3cbfe07ba21ab0,"{""distance"":7,""physical_error_rate"":0.0002}","{""detection_events"":7688,""detectors_checked"":9953280}"
      1024,         0,         0,   0.309,standalone_exact_mw,3bd544bb51e006261b45d3a2c996e28fc0c0449411cee5f7deafcd25d9539ebc,"{""distance"":7,""physical_error_rate"":0.001}","{""detection_events"":3161,""detectors_checked"":829440}"
      1024,         0,         0,   0.034,standalone_exact_mw,e5383d45c2b34399c539563e7789a53fd4b96cd0b38eade39a3cbfe07ba21ab0,"{""distance"":7,""physical_error_rate"":0.0002}","{""detection_events"":588,""detectors_checked"":829440}"
      4096,         0,         0,   0.364,standalone_exact_mw,3bd544bb51e006261b45d3a2c996e28fc0c0449411cee5f7deafcd25d9539ebc,"{""distance"":7,""physical_error_rate"":0.001}","{""detection_events"":12812,""detectors_checked"":3317760}"
     29696,         0,         0,    1.11,standalone_exact_mw,e5383d45c2b34399c539563e7789a53fd4b96cd0b38eade39a3cbfe07ba21ab0,"{""distance"":7,""physical_error_rate"":0.0002}","{""detection_events"":18868,""detectors_checked"":24053760}"
      1024,         0,         0,   0.351,standalone_exact_mw,9d8ad86e51451842b54dafc7680d1b486ef291963bb72c70f3cdd570d2d8fa34,"{""distance"":7,""physical_error_rate"":0.002}","{""detection_events"":6323,""detectors_checked"":829440}"
      2048,         0,         0,   0.211,standalone_exact_mw,6a10a1840a7277b64863681e13d5cb65ed80b6c0c130a71789e1f9b9f94c8771,"{""distance"":7,""physical_error_rate"":0.005}","{""detection_events"":31340,""detectors_checked"":1658880}"
     31744,         0,         0,    2.20,standalone_exact_mw,e5383d45c2b34399c539563e7789a53fd4b96cd0b38eade39a3cbfe07ba21ab0,"{""distance"":7,""physical_error_rate"":0.0002}","{""detection_events"":19845,""detectors_checked"":25712640}"
     31744,         0,         0,    2.19,standalone_exact_mw,3bd544bb51e006261b45d3a2c996e28fc0c0449411cee5f7deafcd25d9539ebc,"{""distance"":7,""physical_error_rate"":0.001}","{""detection_events"":99426,""detectors_checked"":25712640}"
      2048,         0,         0,   0.461,standalone_exact_mw,3bd544bb51e006261b45d3a2c996e28fc0c0449411cee5f7deafcd25d9539ebc,"{""distance"":7,""physical_error_rate"":0.001}","{""detection_events"":6380,""detectors_checked"":1658880}"
     15360,         3,         0,    2.22,standalone_exact_mw,127be6187b4f42ce503a2e58abe78322609c231565a94a3f55b4bab680d66d05,"{""distance"":7,""physical_error_rate"":0.01}","{""detection_events"":456076,""detectors_checked"":12441600,""obs_mistake_mask=E"":3}"
      1024,         0,         0,   0.063,standalone_exact_mw,e5383d45c2b34399c539563e7789a53fd4b96cd0b38eade39a3cbfe07ba21ab0,"{""distance"":7,""physical_error_rate"":0.0002}","{""detection_events"":696,""detectors_checked"":829440}"
     12288,         0,         0,    1.11,standalone_exact_mw,9d8ad86e51451842b54dafc7680d1b486ef291963bb72c70f3cdd570d2d8fa34,"{""distance"":7,""physical_error_rate"":0.002}","{""detection_events"":75940,""detectors_checked"":9953280}"
     10240,         0,         0,    2.39,standalone_exact_mw,9d8ad86e51451842b54dafc7680d1b486ef291963bb72c70f3cdd570d2d8fa34,"{""distance"":7,""physical_error_rate"":0.002}","{""detection_events"":64027,""detectors_checked"":8294400}"
     16384,         0,         0,   0.820,standalone_exact_mw,ba5ada56442ed2ba457be44e3218b165c8a19e21146c9941e841199e65961aae,"{""distance"":7,""physical_error_rate"":0.0005}","{""detection_events"":25445,""detectors_checked"":13271040}"
      2048,         0,         0,   0.059,standalone_exact_mw,e5383d45c2b34399c539563e7789a53fd4b96cd0b38eade39a3cbfe07ba21ab0,"{""distance"":7,""physical_error_rate"":0.0002}","{""detection_events"":1315,""detectors_checked"":1658880}"
     21504,         1,         0,    2.18,standalone_exact_mw,127be6187b4f42ce503a2e58abe78322609c231565a94a3f55b4bab680d66d05,"{""distance"":7,""physical_error_rate"":0.01}","{""detection_events"":639417,""detectors_checked"":17418240,""obs_mistake_mask=E"":1}"
     40960,         0,         0,    2.25,standalone_exact_mw,3bd544bb51e006261b45d3a2c996e28fc0c0449411cee5f7deafcd25d9539ebc,"{""distance"":7,""physical_error_rate"":0.001}","{""detection_events"":128411,""detectors_checked"":33177600}"
      5120,         0,         0,   0.574,standalone_exact_mw,127be6187b4f42ce503a2e58abe78322609c231565a94a3f55b4bab680d66d05,"{""distance"":7,""physical_error_rate"":0.01}","{""detection_events"":152202,""detectors_checked"":4147200}"
     23552,         0,         0,    2.17,standalone_exact_mw,6a10a1840a7277b64863681e13d5cb65ed80b6c0c130a71789e1f9b9f94c8771,"{""distance"":7,""physical_error_rate"":0.005}","{""detection_events"":359513,""detectors_checked"":19077120}"
      2048,         0,         0,   0.071,standalone_exact_mw,e5383d45c2b34399c539563e7789a53fd4b96cd0b38eade39a3cbfe07ba21ab0,"{""distance"":7,""physical_error_rate"":0.0002}","{""detection_events"":1302,""detectors_checked"":1658880}"
      6144,         1,         0,   0.482,standalone_exact_mw,127be6187b4f42ce503a2e58abe78322609c231565a94a3f55b4bab680d66d05,"{""distance"":7,""physical_error_rate"":0.01}","{""detection_events"":183052,""detectors_checked"":4976640,""obs_mistake_mask=E"":1}"
     27648,         0,         0,    2.21,standalone_exact_mw,ba5ada56442ed2ba457be44e3218b165c8a19e21146c9941e841199e65961aae,"{""distance"":7,""physical_error_rate"":0.0005}","{""detection_events"":43319,""detectors_checked"":22394880}"
     29696,         1,         0,    2.22,standalone_exact_mw,127be6187b4f42ce503a2e58abe78322609c231565a94a3f55b4bab680d66d05,"{""distance"":7,""physical_error_rate"":0.01}","{""detection_events"":882820,""detectors_checked"":24053760,""obs_mistake_mask=E"":1}"
      5120,         0,         0,   0.422,standalone_exact_mw,ba5ada56442ed2ba457be44e3218b165c8a19e21146c9941e841199e65961aae,"{""distance"":7,""physical_error_rate"":0.0005}","{""detection_events"":8095,""detectors_checked"":4147200}"
     58368,         0,         0,    2.21,standalone_exact_mw,ba5ada56442ed2ba457be44e3218b165c8a19e21146c9941e841199e65961aae,"{""distance"":7,""physical_error_rate"":0.0005}","{""detection_events"":91447,""detectors_checked"":47278080}"
      2048,         0,         0,   0.326,standalone_exact_mw,127be6187b4f42ce503a2e58abe78322609c231565a94a3f55b4bab680d66d05,"{""distance"":7,""physical_error_rate"":0.01}","{""detection_events"":60730,""detectors_checked"":1658880}"
     22528,         0,         0,    2.19,standalone_exact_mw,6a10a1840a7277b64863681e13d5cb65ed80b6c0c130a71789e1f9b9f94c8771,"{""distance"":7,""physical_error_rate"":0.005}","{""detection_events"":343966,""detectors_checked"":18247680}"
      1024,         0,         0,   0.225,standalone_exact_mw,9d8ad86e51451842b54dafc7680d1b486ef291963bb72c70f3cdd570d2d8fa34,"{""distance"":7,""physical_error_rate"":0.002}","{""detection_events"":6361,""detectors_checked"":829440}"
      9216,         0,         0,   0.886,standalone_exact_mw,6a10a1840a7277b64863681e13d5cb65ed80b6c0c130a71789e1f9b9f94c8771,"{""distance"":7,""physical_error_rate"":0.005}","{""detection_events"":140715,""detectors_checked"":7464960}"
     34816,         0,         0,    2.20,standalone_exact_mw,e5383d45c2b34399c539563e7789a53fd4b96cd0b38eade39a3cbfe07ba21ab0,"{""distance"":7,""physical_error_rate"":0.0002}","{""detection_events"":21605,""detectors_checked"":28200960}"
      3072,         0,         0,   0.384,standalone_exact_mw,ba5ada56442ed2ba457be44e3218b165c8a19e21146c9941e841199e65961aae,"{""distance"":7,""physical_error_rate"":0.0005}","{""detection_events"":4825,""detectors_checked"":2488320}"
     14336,         0,         0,   0.839,standalone_exact_mw,e5383d45c2b34399c539563e7789a53fd4b96cd0b38eade39a3cbfe07ba21ab0,"{""distance"":7,""physical_error_rate"":0.0002}","{""detection_events"":9027,""detectors_checked"":11612160}"
     21504,         0,         0,    1.56,standalone_exact_mw,9d8ad86e51451842b54dafc7680d1b486ef291963bb72c70f3cdd570d2d8fa34,"{""distance"":7,""physical_error_rate"":0.002}","{""detection_events"":133916,""detectors_checked"":17418240}"
      3072,         0,         0,   0.103,standalone_exact_mw,e5383d45c2b34399c539563e7789a53fd4b96cd0b38eade39a3cbfe07ba21ab0,"{""distance"":7,""physical_error_rate"":0.0002}","{""detection_events"":1832,""detectors_checked"":2488320}"
     25600,         0,         0,   0.798,standalone_exact_mw,e5383d45c2b34399c539563e7789a53fd4b96cd0b38eade39a3cbfe07ba21ab0,"{""distance"":7,""physical_error_rate"":0.0002}","{""detection_events"":16060,""detectors_checked"":20736000}"
      7168,         0,         0,   0.465,standalone_exact_mw,6a10a1840a7277b64863681e13d5cb65ed80b6c0c130a71789e1f9b9f94c8771,"{""distance"":7,""physical_error_rate"":0.005}","{""detection_events"":109750,""detectors_checked"":5806080}"
     19456,         0,         0,    1.10,standalone_exact_mw,9d8ad86e51451842b54dafc7680d1b486ef291963bb72c70f3cdd570d2d8fa34,"{""distance"":7,""physical_error_rate"":0.002}","{""detection_events"":120409,""detectors_checked"":15759360}"
      3072,         0,         0,   0.271,standalone_exact_mw,6a10a1840a7277b64863681e13d5cb65ed80b6c0c130a71789e1f9b9f94c8771,"{""distance"":7,""physical_error_rate"":0.005}","{""detection_events"":46544,""detectors_checked"":2488320}"
      5120,         0,         0,   0.715,standalone_exact_mw,6a10a1840a7277b64863681e13d5cb65ed80b6c0c130a71789e1f9b9f94c8771,"{""distance"":7,""physical_error_rate"":0.005}","{""detection_events"":77363,""detectors_checked"":4147200}"
      4096,         0,         0,   0.389,standalone_exact_mw,9d8ad86e51451842b54dafc7680d1b486ef291963bb72c70f3cdd570d2d8fa34,"{""distance"":7,""physical_error_rate"":0.002}","{""detection_events"":25403,""detectors_checked"":3317760}"
     17408,         3,         0,    2.24,standalone_exact_mw,127be6187b4f42ce503a2e58abe78322609c231565a94a3f55b4bab680d66d05,"{""distance"":7,""physical_error_rate"":0.01}","{""detection_events"":515972,""detectors_checked"":14100480,""obs_mistake_mask=E"":3}"
     22528,         0,         0,   0.794,standalone_exact_mw,ba5ada56442ed2ba457be44e3218b165c8a19e21146c9941e841199e65961aae,"{""distance"":7,""physical_error_rate"":0.0005}","{""detection_events"":35075,""detectors_checked"":18247680}"
      8192,         1,         0,    1.15,standalone_exact_mw,127be6187b4f42ce503a2e58abe78322609c231565a94a3f55b4bab680d66d05,"{""distance"":7,""physical_error_rate"":0.01}","{""detection_events"":242269,""detectors_checked"":6635520,""obs_mistake_mask=E"":1}"
     11264,         0,         0,   0.576,standalone_exact_mw,3bd544bb51e006261b45d3a2c996e28fc0c0449411cee5f7deafcd25d9539ebc,"{""distance"":7,""physical_error_rate"":0.001}","{""detection_events"":35384,""detectors_checked"":9123840}"
      1024,         0,         0,   0.220,standalone_exact_mw,9d8ad86e51451842b54dafc7680d1b486ef291963bb72c70f3cdd570d2d8fa34,"{""distance"":7,""physical_error_rate"":0.002}","{""detection_events"":6333,""detectors_checked"":829440}"
     29696,         0,         0,    2.27,standalone_exact_mw,e5383d45c2b34399c539563e7789a53fd4b96cd0b38eade39a3cbfe07ba21ab0,"{""distance"":7,""physical_error_rate"":0.0002}","{""detection_events"":18750,""detectors_checked"":24053760}"
     20480,         0,         0,   0.628,standalone_exact_mw,e5383d45c2b34399c539563e7789a53fd4b96cd0b38eade39a3cbfe07ba21ab0,"{""distance"":7,""physical_error_rate"":0.0002}","{""detection_events"":12924,""detectors_checked"":16588800}"
     13312,         0,         0,   0.570,standalone_exact_mw,3bd544bb51e006261b45d3a2c996e28fc0c0449411cee5f7deafcd25d9539ebc,"{""distance"":7,""physical_error_rate"":0.001}","{""detection_events"":41557,""detectors_checked"":10782720}"
      4096,         0,         0,   0.196,standalone_exact_mw,e5383d45c2b34399c539563e7789a53fd4b96cd0b38eade39a3cbfe07ba21ab0,"{""distance"":7,""physical_error_rate"":0.0002}","{""detection_events"":2696,""detectors_checked"":3317760}"
     31744,         0,         0,    2.23,standalone_exact_mw,3bd544bb51e006261b45d3a2c996e28fc0c0449411cee5f7deafcd25d9539ebc,"{""distance"":7,""physical_error_rate"":0.001}","{""detection_events"":99159,""detectors_checked"":25712640}"
     25600,         0,         0,    2.17,standalone_exact_mw,6a10a1840a7277b64863681e13d5cb65ed80b6c0c130a71789e1f9b9f94c8771,"{""distance"":7,""physical_error_rate"":0.005}","{""detection_events"":391180,""detectors_checked"":20736000}"
      6144,         0,         0,   0.981,standalone_exact_mw,6a10a1840a7277b64863681e13d5cb65ed80b6c0c130a71789e1f9b9f94c8771,"{""distance"":7,""physical_error_rate"":0.005}","{""detection_events"":94564,""detectors_checked"":4976640}"
      4096,         0,         0,   0.489,standalone_exact_mw,3bd544bb51e006261b45d3a2c996e28fc0c0449411cee5f7deafcd25d9539ebc,"{""distance"":7,""physical_error_rate"":0.001}","{""detection_events"":12950,""detectors_checked"":3317760}"
      3072,         0,         0,   0.621,standalone_exact_mw,3bd544bb51e006261b45d3a2c996e28fc0c0449411cee5f7deafcd25d9539ebc,"{""distance"":7,""physical_error_rate"":0.001}","{""detection_events"":9726,""detectors_checked"":2488320}"
     12288,         0,         0,   0.812,standalone_exact_mw,3bd544bb51e006261b45d3a2c996e28fc0c0449411cee5f7deafcd25d9539ebc,"{""distance"":7,""physical_error_rate"":0.001}","{""detection_events"":38354,""detectors_checked"":9953280}"
     29696,         0,         0,    2.21,standalone_exact_mw,9d8ad86e51451842b54dafc7680d1b486ef291963bb72c70f3cdd570d2d8fa34,"{""distance"":7,""physical_error_rate"":0.002}","{""detection_events"":185646,""detectors_checked"":24053760}"
     17408,         0,         0,    2.23,standalone_exact_mw,3bd544bb51e006261b45d3a2c996e28fc0c0449411cee5f7deafcd25d9539ebc,"{""distance"":7,""physical_error_rate"":0.001}","{""detection_events"":54277,""detectors_checked"":14100480}"
      4096,         0,         0,   0.417,standalone_exact_mw,ba5ada56442ed2ba457be44e3218b165c8a19e21146c9941e841199e65961aae,"{""distance"":7,""physical_error_rate"":0.0005}","{""detection_events"":6108,""detectors_checked"":3317760}"
     12288,         0,         0,   0.795,standalone_exact_mw,6a10a1840a7277b64863681e13d5cb65ed80b6c0c130a71789e1f9b9f94c8771,"{""distance"":7,""physical_error_rate"":0.005}","{""detection_events"":187999,""detectors_checked"":9953280}"
      6144,         1,         0,   0.444,standalone_exact_mw,127be6187b4f42ce503a2e58abe78322609c231565a94a3f55b4bab680d66d05,"{""distance"":7,""physical_error_rate"":0.01}","{""detection_events"":182731,""detectors_checked"":4976640,""obs_mistake_mask=E"":1}"
     45056,         0,         0,    3.08,standalone_exact_mw,ba5ada56442ed2ba457be44e3218b165c8a19e21146c9941e841199e65961aae,"{""distance"":7,""physical_error_rate"":0.0005}","{""detection_events"":70652,""detectors_checked"":36495360}"
      3072,         0,         0,   0.616,standalone_exact_mw,3bd544bb51e006261b45d3a2c996e28fc0c0449411cee5f7deafcd25d9539ebc,"{""distance"":7,""physical_error_rate"":0.001}","{""detection_events"":9526,""detectors_checked"":2488320}"
      1024,         0,         0,   0.205,standalone_exact_mw,9d8ad86e51451842b54dafc7680d1b486ef291963bb72c70f3cdd570d2d8fa34,"{""distance"":7,""physical_error_rate"":0.002}","{""detection_events"":6531,""detectors_checked"":829440}"
      4096,         0,         0,   0.428,standalone_exact_mw,ba5ada56442ed2ba457be44e3218b165c8a19e21146c9941e841199e65961aae,"{""distance"":7,""physical_error_rate"":0.0005}","{""detection_events"":6350,""detectors_checked"":3317760}"
      8192,         0,         0,   0.845,standalone_exact_mw,9d8ad86e51451842b54dafc7680d1b486ef291963bb72c70f3cdd570d2d8fa34,"{""distance"":7,""physical_error_rate"":0.002}","{""detection_events"":50446,""detectors_checked"":6635520}"
     43008,         0,         0,    3.07,standalone_exact_mw,3bd544bb51e006261b45d3a2c996e28fc0c0449411cee5f7deafcd25d9539ebc,"{""distance"":7,""physical_error_rate"":0.001}","{""detection_events"":134056,""detectors_checked"":34836480}"
     22528,         0,         0,    1.61,standalone_exact_mw,6a10a1840a7277b64863681e13d5cb65ed80b6c0c130a71789e1f9b9f94c8771,"{""distance"":7,""physical_error_rate"":0.005}","{""detection_events"":344749,""detectors_checked"":18247680}"
     10240,         0,         0,   0.810,standalone_exact_mw,9d8ad86e51451842b54dafc7680d1b486ef291963bb72c70f3cdd570d2d8fa34,"{""distance"":7,""physical_error_rate"":0.002}","{""detection_events"":63706,""detectors_checked"":8294400}"
      6144,         0,         0,   0.252,standalone_exact_mw,e5383d45c2b34399c539563e7789a53fd4b96cd0b38eade39a3cbfe07ba21ab0,"{""distance"":7,""physical_error_rate"":0.0002}","{""detection_events"":3892,""detectors_checked"":4976640}"
      7168,         0,         0,   0.567,standalone_exact_mw,127be6187b4f42ce503a2e58abe78322609c231565a94a3f55b4bab680d66d05,"{""distance"":7,""physical_error_rate"":0.01}","{""detection_events"":213342,""detectors_checked"":5806080}"
     25600,         0,         0,    1.55,standalone_exact_mw,3bd544bb51e006261b45d3a2c996e28fc0c0449411cee5f7deafcd25d9539ebc,"{""distance"":7,""physical_error_rate"":0.001}","{""detection_events"":79596,""detectors_checked"":20736000}"
      9216,         0,         0,   0.809,standalone_exact_mw,e5383d45c2b34399c539563e7789a53fd4b96cd0b38eade39a3cbfe07ba21ab0,"{""distance"":7,""physical_error_rate"":0.0002}","{""detection_events"":5720,""detectors_checked"":7464960}"
     10240,         1,         0,    1.15,standalone_exact_mw,127be6187b4f42ce503a2e58abe78322609c231565a94a3f55b4bab680d66d05,"{""distance"":7,""physical_error_rate"":0.01}","{""detection_events"":303674,""detectors_checked"":8294400,""obs_mistake_mask=E"":1}"
      2048,         0,         0,   0.118,standalone_exact_mw,9d8ad86e51451842b54dafc7680d1b486ef291963bb72c70f3cdd570d2d8fa34,"{""distance"":7,""physical_error_rate"":0.002}","{""detection_events"":12446,""detectors_checked"":1658880}"
     37888,         0,         0,    1.55,standalone_exact_mw,ba5ada56442ed2ba457be44e3218b165c8a19e21146c9941e841199e65961aae,"{""distance"":7,""physical_error_rate"":0.0005}","{""detection_events"":59651,""detectors_checked"":30689280}"
     15360,         2,         0,    1.12,standalone_exact_mw,127be6187b4f42ce503a2e58abe78322609c231565a94a3f55b4bab680d66d05,"{""distance"":7,""physical_error_rate"":0.01}","{""detection_events"":456735,""detectors_checked"":12441600,""obs_mistake_mask=E"":2}"
      7168,         0,         0,   0.445,standalone_exact_mw,9d8ad86e51451842b54dafc7680d1b486ef291963bb72c70f3cdd570d2d8fa34,"{""distance"":7,""physical_error_rate"":0.002}","{""detection_events"":44121,""detectors_checked"":5806080}"
      5120,         0,         0,   0.509,standalone_exact_mw,6a10a1840a7277b64863681e13d5cb65ed80b6c0c130a71789e1f9b9f94c8771,"{""distance"":7,""physical_error_rate"":0.005}","{""detection_events"":77929,""detectors_checked"":4147200}"
     15360,         0,         0,    2.18,standalone_exact_mw,ba5ada56442ed2ba457be44e3218b165c8a19e21146c9941e841199e65961aae,"{""distance"":7,""physical_error_rate"":0.0005}","{""detection_events"":23722,""detectors_checked"":12441600}"
     16384,         1,         0,    2.28,standalone_exact_mw,127be6187b4f42ce503a2e58abe78322609c231565a94a3f55b4bab680d66d05,"{""distance"":7,""physical_error_rate"":0.01}","{""detection_events"":487149,""detectors_checked"":13271040,""obs_mistake_mask=E"":1}"
     31744,         0,         0,    1.56,standalone_exact_mw,3bd544bb51e006261b45d3a2c996e28fc0c0449411cee5f7deafcd25d9539ebc,"{""distance"":7,""physical_error_rate"":0.001}","{""detection_events"":99309,""detectors_checked"":25712640}"
     14336,         1,         0,    1.56,standalone_exact_mw,127be6187b4f42ce503a2e58abe78322609c231565a94a3f55b4bab680d66d05,"{""distance"":7,""physical_error_rate"":0.01}","{""detection_events"":427134,""detectors_checked"":11612160,""obs_mistake_mask=E"":1}"
     30720,         0,         0,    3.08,standalone_exact_mw,ba5ada56442ed2ba457be44e3218b165c8a19e21146c9941e841199e65961aae,"{""distance"":7,""physical_error_rate"":0.0005}","{""detection_events"":48513,""detectors_checked"":24883200}"
      9216,         0,         0,   0.585,standalone_exact_mw,6a10a1840a7277b64863681e13d5cb65ed80b6c0c130a71789e1f9b9f94c8771,"{""distance"":7,""physical_error_rate"":0.005}","{""detection_events"":140964,""detectors_checked"":7464960}"
     39936,         0,         0,    2.21,standalone_exact_mw,9d8ad86e51451842b54dafc7680d1b486ef291963bb72c70f3cdd570d2d8fa34,"{""distance"":7,""physical_error_rate"":0.002}","{""detection_events"":248199,""detectors_checked"":32348160}"
     31744,         0,         0,    1.58,standalone_exact_mw,ba5ada56442ed2ba457be44e3218b165c8a19e21146c9941e841199e65961aae,"{""distance"":7,""physical_error_rate"":0.0005}","{""detection_events"":49734,""detectors_checked"":25712640}"
      7168,         1,         0,   0.786,standalone_exact_mw,127be6187b4f42ce503a2e58abe78322609c231565a94a3f55b4bab680d66d05,"{""distance"":7,""physical_error_rate"":0.01}","{""detection_events"":212670,""detectors_checked"":5806080,""obs_mistake_mask=E"":1}"
     15360,         0,         0,    2.12,standalone_exact_mw,e5383d45c2b34399c539563e7789a53fd4b96cd0b38eade39a3cbfe07ba21ab0,"{""distance"":7,""physical_error_rate"":0.0002}","{""detection_events"":9638,""detectors_checked"":12441600}"
      3072,         0,         0,   0.159,standalone_exact_mw,9d8ad86e51451842b54dafc7680d1b486ef291963bb72c70f3cdd570d2d8fa34,"{""distance"":7,""physical_error_rate"":0.002}","{""detection_events"":19158,""detectors_checked"":2488320}"
     26624,         0,         0,    3.35,standalone_exact_mw,9d8ad86e51451842b54dafc7680d1b486ef291963bb72c70f3cdd570d2d8fa34,"{""distance"":7,""physical_error_rate"":0.002}","{""detection_events"":165970,""detectors_checked"":21565440}"
      7168,         0,         0,   0.290,standalone_exact_mw,e5383d45c2b34399c539563e7789a53fd4b96cd0b38eade39a3cbfe07ba21ab0,"{""distance"":7,""physical_error_rate"":0.0002}","{""detection_events"":4425,""detectors_checked"":5806080}"
     25600,         0,         0,    3.17,standalone_exact_mw,6a10a1840a7277b64863681e13d5cb65ed80b6c0c130a71789e1f9b9f94c8771,"{""distance"":7,""physical_error_rate"":0.005}","{""detection_events"":390754,""detectors_checked"":20736000}"
      4096,         0,         0,   0.543,standalone_exact_mw,3bd544bb51e006261b45d3a2c996e28fc0c0449411cee5f7deafcd25d9539ebc,"{""distance"":7,""physical_error_rate"":0.001}","{""detection_events"":12520,""detectors_checked"":3317760}"
     25600,         0,         0,    2.23,standalone_exact_mw,6a10a1840a7277b64863681e13d5cb65ed80b6c0c130a71789e1f9b9f94c8771,"{""distance"":7,""physical_error_rate"":0.005}","{""detection_events"":390211,""detectors_checked"":20736000}"
     26624,         0,         0,    2.18,standalone_exact_mw,3bd544bb51e006261b45d3a2c996e28fc0c0449411cee5f7deafcd25d9539ebc,"{""distance"":7,""physical_error_rate"":0.001}","{""detection_events"":82935,""detectors_checked"":21565440}"
      8192,         0,         0,    1.57,standalone_exact_mw,ba5ada56442ed2ba457be44e3218b165c8a19e21146c9941e841199e65961aae,"{""distance"":7,""physical_error_rate"":0.0005}","{""detection_events"":12854,""detectors_checked"":6635520}"
     21504,         0,         0,    2.42,standalone_exact_mw,9d8ad86e51451842b54dafc7680d1b486ef291963bb72c70f3cdd570d2d8fa34,"{""distance"":7,""physical_error_rate"":0.002}","{""detection_events"":132996,""detectors_checked"":17418240}"
      9216,         1,         0,    2.21,standalone_exact_mw,127be6187b4f42ce503a2e58abe78322609c231565a94a3f55b4bab680d66d05,"{""distance"":7,""physical_error_rate"":0.01}","{""detection_events"":275326,""detectors_checked"":7464960,""obs_mistake_mask=E"":1}"
     28672,         0,         0,    3.09,standalone_exact_mw,3bd544bb51e006261b45d3a2c996e28fc0c0449411cee5f7deafcd25d9539ebc,"{""distance"":7,""physical_error_rate"":0.001}","{""detection_events"":89577,""detectors_checked"":23224320}"
     50176,         0,         0,    1.57,standalone_exact_mw,e5383d45c2b34399c539563e7789a53fd4b96cd0b38eade39a3cbfe07ba21ab0,"{""distance"":7,""physical_error_rate"":0.0002}","{""detection_events"":32102,""detectors_checked"":40642560}"
      5120,         0,         0,   0.577,standalone_exact_mw,ba5ada56442ed2ba457be44e3218b165c8a19e21146c9941e841199e65961aae,"{""distance"":7,""physical_error_rate"":0.0005}","{""detection_events"":7929,""detectors_checked"":4147200}"
     25600,         1,         0,    3.13,standalone_exact_mw,6a10a1840a7277b64863681e13d5cb65ed80b6c0c130a71789e1f9b9f94c8771,"{""distance"":7,""physical_error_rate"":0.005}","{""detection_events"":391097,""detectors_checked"":20736000,""obs_mistake_mask=E"":1}"
      3072,         0,         0,   0.242,standalone_exact_mw,9d8ad86e51451842b54dafc7680d1b486ef291963bb72c70f3cdd570d2d8fa34,"{""distance"":7,""physical_error_rate"":0.002}","{""detection_events"":19408,""detectors_checked"":2488320}"
     16384,         0,         0,    2.27,standalone_exact_mw,6a10a1840a7277b64863681e13d5cb65ed80b6c0c130a71789e1f9b9f94c8771,"{""distance"":7,""physical_error_rate"":0.005}","{""detection_events"":250245,""detectors_checked"":13271040}"
     18432,         0,         0,    2.40,standalone_exact_mw,6a10a1840a7277b64863681e13d5cb65ed80b6c0c130a71789e1f9b9f94c8771,"{""distance"":7,""physical_error_rate"":0.005}","{""detection_events"":280133,""detectors_checked"":14929920}"
      3072,         0,         0,   0.628,standalone_exact_mw,3bd544bb51e006261b45d3a2c996e28fc0c0449411cee5f7deafcd25d9539ebc,"{""distance"":7,""physical_error_rate"":0.001}","{""detection_events"":9612,""detectors_checked"":2488320}"
     13312,         0,         0,    1.66,standalone_exact_mw,6a10a1840a7277b64863681e13d5cb65ed80b6c0c130a71789e1f9b9f94c8771,"{""distance"":7,""physical_error_rate"":0.005}","{""detection_events"":203606,""detectors_checked"":10782720}"
      3072,         0,         0,   0.865,standalone_exact_mw,6a10a1840a7277b64863681e13d5cb65ed80b6c0c130a71789e1f9b9f94c8771,"{""distance"":7,""physical_error_rate"":0.005}","{""detection_events"":46949,""detectors_checked"":2488320}"
     30720,         0,         0,    1.08,standalone_exact_mw,ba5ada56442ed2ba457be44e3218b165c8a19e21146c9941e841199e65961aae,"{""distance"":7,""physical_error_rate"":0.0005}","{""detection_events"":48263,""detectors_checked"":24883200}"
     15360,         0,         0,   0.790,standalone_exact_mw,3bd544bb51e006261b45d3a2c996e28fc0c0449411cee5f7deafcd25d9539ebc,"{""distance"":7,""physical_error_rate"":0.001}","{""detection_events"":47312,""detectors_checked"":12441600}"
     36864,         0,         0,    3.11,standalone_exact_mw,9d8ad86e51451842b54dafc7680d1b486ef291963bb72c70f3cdd570d2d8fa34,"{""distance"":7,""physical_error_rate"":0.002}","{""detection_events"":228433,""detectors_checked"":29859840}"
      7168,         0,         0,   0.560,standalone_exact_mw,ba5ada56442ed2ba457be44e3218b165c8a19e21146c9941e841199e65961aae,"{""distance"":7,""physical_error_rate"":0.0005}","{""detection_events"":11022,""detectors_checked"":5806080}"
      7168,         0,         0,    2.34,standalone_exact_mw,6a10a1840a7277b64863681e13d5cb65ed80b6c0c130a71789e1f9b9f94c8771,"{""distance"":7,""physical_error_rate"":0.005}","{""detection_events"":110167,""detectors_checked"":5806080}"
      7168,         0,         0,   0.766,standalone_exact_mw,e5383d45c2b34399c539563e7789a53fd4b96cd0b38eade39a3cbfe07ba21ab0,"{""distance"":7,""physical_error_rate"":0.0002}","{""detection_events"":4375,""detectors_checked"":5806080}"
      7168,         0,         0,   0.612,standalone_exact_mw,127be6187b4f42ce503a2e58abe78322609c231565a94a3f55b4bab680d66d05,"{""distance"":7,""physical_error_rate"":0.01}","{""detection_events"":213167,""detectors_checked"":5806080}"
     17408,         0,         0,   0.794,standalone_exact_mw,3bd544bb51e006261b45d3a2c996e28fc0c0449411cee5f7deafcd25d9539ebc,"{""distance"":7,""physical_error_rate"":0.001}","{""detection_events"":54683,""detectors_checked"":14100480}"
     45056,         0,         0,    2.13,standalone_exact_mw,ba5ada56442ed2ba457be44e3218b165c8a19e21146c9941e841199e65961aae,"{""distance"":7,""physical_error_rate"":0.0005}","{""detection_events"":70947,""detectors_checked"":36495360}"
     19456,         0,         0,    1.58,standalone_exact_mw,127be6187b4f42ce503a2e58abe78322609c231565a94a3f55b4bab680d66d05,"{""distance"":7,""physical_error_rate"":0.01}","{""detection_events"":578510,""detectors_checked"":15759360}"
     10240,         0,         0,    1.12,standalone_exact_mw,6a10a1840a7277b64863681e13d5cb65ed80b6c0c130a71789e1f9b9f94c8771,"{""distance"":7,""physical_error_rate"":0.005}","{""detection_events"":156569,""detectors_checked"":8294400}"
     12288,         0,         0,    1.10,standalone_exact_mw,e5383d45c2b34399c539563e7789a53fd4b96cd0b38eade39a3cbfe07ba21ab0,"{""distance"":7,""physical_error_rate"":0.0002}","{""detection_events"":7601,""detectors_checked"":9953280}"
      7168,         0,         0,   0.560,standalone_exact_mw,9d8ad86e51451842b54dafc7680d1b486ef291963bb72c70f3cdd570d2d8fa34,"{""distance"":7,""physical_error_rate"":0.002}","{""detection_events"":44720,""detectors_checked"":5806080}"
     36864,         0,         0,    1.10,standalone_exact_mw,e5383d45c2b34399c539563e7789a53fd4b96cd0b38eade39a3cbfe07ba21ab0,"{""distance"":7,""physical_error_rate"":0.0002}","{""detection_events"":22740,""detectors_checked"":29859840}"
      8192,         0,         0,    2.30,standalone_exact_mw,6a10a1840a7277b64863681e13d5cb65ed80b6c0c130a71789e1f9b9f94c8771,"{""distance"":7,""physical_error_rate"":0.005}","{""detection_events"":125016,""detectors_checked"":6635520}"
     12288,         0,         0,   0.407,standalone_exact_mw,e5383d45c2b34399c539563e7789a53fd4b96cd0b38eade39a3cbfe07ba21ab0,"{""distance"":7,""physical_error_rate"":0.0002}","{""detection_events"":7439,""detectors_checked"":9953280}"
     10240,         2,         0,    2.38,standalone_exact_mw,127be6187b4f42ce503a2e58abe78322609c231565a94a3f55b4bab680d66d05,"{""distance"":7,""physical_error_rate"":0.01}","{""detection_events"":303069,""detectors_checked"":8294400,""obs_mistake_mask=E"":2}"
      6144,         0,         0,   0.651,standalone_exact_mw,6a10a1840a7277b64863681e13d5cb65ed80b6c0c130a71789e1f9b9f94c8771,"{""distance"":7,""physical_error_rate"":0.005}","{""detection_events"":93879,""detectors_checked"":4976640}"
     26624,         0,         0,    1.08,standalone_exact_mw,ba5ada56442ed2ba457be44e3218b165c8a19e21146c9941e841199e65961aae,"{""distance"":7,""physical_error_rate"":0.0005}","{""detection_events"":42014,""detectors_checked"":21565440}"
      3072,         0,         0,   0.336,standalone_exact_mw,9d8ad86e51451842b54dafc7680d1b486ef291963bb72c70f3cdd570d2d8fa34,"{""distance"":7,""physical_error_rate"":0.002}","{""detection_events"":19012,""detectors_checked"":2488320}"
     57344,         0,         0,    3.10,standalone_exact_mw,e5383d45c2b34399c539563e7789a53fd4b96cd0b38eade39a3cbfe07ba21ab0,"{""distance"":7,""physical_error_rate"":0.0002}","{""detection_events"":35473,""detectors_checked"":46448640}"
     17408,         0,         0,    1.64,standalone_exact_mw,ba5ada56442ed2ba457be44e3218b165c8a19e21146c9941e841199e65961aae,"{""distance"":7,""physical_error_rate"":0.0005}","{""detection_events"":27384,""detectors_checked"":14100480}"
      8192,         0,         0,   0.872,standalone_exact_mw,3bd544bb51e006261b45d3a2c996e28fc0c0449411cee5f7deafcd25d9539ebc,"{""distance"":7,""physical_error_rate"":0.001}","{""detection_events"":25860,""detectors_checked"":6635520}"
     35840,         0,         0,    1.60,standalone_exact_mw,e5383d45c2b34399c539563e7789a53fd4b96cd0b38eade39a3cbfe07ba21ab0,"{""distance"":7,""physical_error_rate"":0.0002}","{""detection_events"":22186,""detectors_checked"":29030400}"
     23552,         1,         0,    3.14,standalone_exact_mw,127be6187b4f42ce503a2e58abe78322609c231565a94a3f55b4bab680d66d05,"{""distance"":7,""physical_error_rate"":0.01}","{""detection_events"":700386,""detectors_checked"":19077120,""obs_mistake_mask=E"":1}"
      9216,         0,         0,   0.874,standalone_exact_mw,127be6187b4f42ce503a2e58abe78322609c231565a94a3f55b4bab680d66d05,"{""distance"":7,""physical_error_rate"":0.01}","{""detection_events"":273262,""detectors_checked"":7464960}"
     24576,         0,         0,    1.60,standalone_exact_mw,9d8ad86e51451842b54dafc7680d1b486ef291963bb72c70f3cdd570d2d8fa34,"{""distance"":7,""physical_error_rate"":0.002}","{""detection_events"":153263,""detectors_checked"":19906560}"
      6144,         0,         0,    1.13,standalone_exact_mw,6a10a1840a7277b64863681e13d5cb65ed80b6c0c130a71789e1f9b9f94c8771,"{""distance"":7,""physical_error_rate"":0.005}","{""detection_events"":92864,""detectors_checked"":4976640}"
     11264,         0,         0,   0.792,standalone_exact_mw,6a10a1840a7277b64863681e13d5cb65ed80b6c0c130a71789e1f9b9f94c8771,"{""distance"":7,""physical_error_rate"":0.005}","{""detection_events"":171947,""detectors_checked"":9123840}"
     15360,         0,         0,    1.15,standalone_exact_mw,3bd544bb51e006261b45d3a2c996e28fc0c0449411cee5f7deafcd25d9539ebc,"{""distance"":7,""physical_error_rate"":0.001}","{""detection_events"":48393,""detectors_checked"":12441600}"
     47104,         0,         0,    3.09,standalone_exact_mw,ba5ada56442ed2ba457be44e3218b165c8a19e21146c9941e841199e65961aae,"{""distance"":7,""physical_error_rate"":0.0005}","{""detection_events"":74015,""detectors_checked"":38154240}"
     40960,         0,         0,    2.17,standalone_exact_mw,e5383d45c2b34399c539563e7789a53fd4b96cd0b38eade39a3cbfe07ba21ab0,"{""distance"":7,""physical_error_rate"":0.0002}","{""detection_events"":25708,""detectors_checked"":33177600}"
     10240,         0,         0,    1.12,standalone_exact_mw,9d8ad86e51451842b54dafc7680d1b486ef291963bb72c70f3cdd570d2d8fa34,"{""distance"":7,""physical_error_rate"":0.002}","{""detection_events"":63892,""detectors_checked"":8294400}"
     16384,         0,         0,    1.18,standalone_exact_mw,6a10a1840a7277b64863681e13d5cb65ed80b6c0c130a71789e1f9b9f94c8771,"{""distance"":7,""physical_error_rate"":0.005}","{""detection_events"":250961,""detectors_checked"":13271040}"
     35840,         0,         0,    3.05,standalone_exact_mw,3bd544bb51e006261b45d3a2c996e28fc0c0449411cee5f7deafcd25d9539ebc,"{""distance"":7,""physical_error_rate"":0.001}","{""detection_events"":111277,""detectors_checked"":29030400}"
      9216,         0,         0,   0.819,standalone_exact_mw,3bd544bb51e006261b45d3a2c996e28fc0c0449411cee5f7deafcd25d9539ebc,"{""distance"":7,""physical_error_rate"":0.001}","{""detection_events"":29111,""detectors_checked"":7464960}"
     15360,         0,         0,    1.12,standalone_exact_mw,e5383d45c2b34399c539563e7789a53fd4b96cd0b38eade39a3cbfe07ba21ab0,"{""distance"":7,""physical_error_rate"":0.0002}","{""detection_events"":9764,""detectors_checked"":12441600}"
     32768,         0,         0,    2.20,standalone_exact_mw,e5383d45c2b34399c539563e7789a53fd4b96cd0b38eade39a3cbfe07ba21ab0,"{""distance"":7,""physical_error_rate"":0.0002}","{""detection_events"":20347,""detectors_checked"":26542080}"
     22528,         0,         0,    1.60,standalone_exact_mw,9d8ad86e51451842b54dafc7680d1b486ef291963bb72c70f3cdd570d2d8fa34,"{""distance"":7,""physical_error_rate"":0.002}","{""detection_events"":140365,""detectors_checked"":18247680}"
     27648,         0,         0,    2.21,standalone_exact_mw,6a10a1840a7277b64863681e13d5cb65ed80b6c0c130a71789e1f9b9f94c8771,"{""distance"":7,""physical_error_rate"":0.005}","{""detection_events"":422206,""detectors_checked"":22394880}"
      7168,         0,         0,   0.791,standalone_exact_mw,ba5ada56442ed2ba457be44e3218b165c8a19e21146c9941e841199e65961aae,"{""distance"":7,""physical_error_rate"":0.0005}","{""detection_events"":11209,""detectors_checked"":5806080}"
     12288,         0,         0,    1.28,standalone_exact_mw,9d8ad86e51451842b54dafc7680d1b486ef291963bb72c70f3cdd570d2d8fa34,"{""distance"":7,""physical_error_rate"":0.002}","{""detection_events"":76354,""detectors_checked"":9953280}"
      9216,         0,         0,   0.800,standalone_exact_mw,3bd544bb51e006261b45d3a2c996e28fc0c0449411cee5f7deafcd25d9539ebc,"{""distance"":7,""physical_error_rate"":0.001}","{""detection_events"":29101,""detectors_checked"":7464960}"
     11264,         1,         0,    1.09,standalone_exact_mw,127be6187b4f42ce503a2e58abe78322609c231565a94a3f55b4bab680d66d05,"{""distance"":7,""physical_error_rate"":0.01}","{""detection_events"":334872,""detectors_checked"":9123840,""obs_mistake_mask=E"":1}"
     16384,         0,         0,   0.619,standalone_exact_mw,e5383d45c2b34399c539563e7789a53fd4b96cd0b38eade39a3cbfe07ba21ab0,"{""distance"":7,""physical_error_rate"":0.0002}","{""detection_events"":10469,""detectors_checked"":13271040}"
     49152,         0,         0,    2.18,standalone_exact_mw,e5383d45c2b34399c539563e7789a53fd4b96cd0b38eade39a3cbfe07ba21ab0,"{""distance"":7,""physical_error_rate"":0.0002}","{""detection_events"":31067,""detectors_checked"":39813120}"
      4096,         0,         0,   0.560,standalone_exact_mw,9d8ad86e51451842b54dafc7680d1b486ef291963bb72c70f3cdd570d2d8fa34,"{""distance"":7,""physical_error_rate"":0.002}","{""detection_events"":25353,""detectors_checked"":3317760}"
     15360,         0,         0,   0.828,standalone_exact_mw,ba5ada56442ed2ba457be44e3218b165c8a19e21146c9941e841199e65961aae,"{""distance"":7,""physical_error_rate"":0.0005}","{""detection_events"":24603,""detectors_checked"":12441600}"
      8192,         2,         0,   0.889,standalone_exact_mw,127be6187b4f42ce503a2e58abe78322609c231565a94a3f55b4bab680d66d05,"{""distance"":7,""physical_error_rate"":0.01}","{""detection_events"":242011,""detectors_checked"":6635520,""obs_mistake_mask=E"":2}"
     24576,         0,         0,    2.23,standalone_exact_mw,9d8ad86e51451842b54dafc7680d1b486ef291963bb72c70f3cdd570d2d8fa34,"{""distance"":7,""physical_error_rate"":0.002}","{""detection_events"":152065,""detectors_checked"":19906560}"
      7168,         0,         0,   0.803,standalone_exact_mw,9d8ad86e51451842b54dafc7680d1b486ef291963bb72c70f3cdd570d2d8fa34,"{""distance"":7,""physical_error_rate"":0.002}","{""detection_events"":44277,""detectors_checked"":5806080}"
     44032,         0,         0,    3.19,standalone_exact_mw,3bd544bb51e006261b45d3a2c996e28fc0c0449411cee5f7deafcd25d9539ebc,"{""distance"":7,""physical_error_rate"":0.001}","{""detection_events"":138591,""detectors_checked"":35665920}"
     65536,         0,         0,    3.01,standalone_exact_mw,ba5ada56442ed2ba457be44e3218b165c8a19e21146c9941e841199e65961aae,"{""distance"":7,""physical_error_rate"":0.0005}","{""detection_events"":102337,""detectors_checked"":53084160}"
      9216,         1,         0,   0.875,standalone_exact_mw,6a10a1840a7277b64863681e13d5cb65ed80b6c0c130a71789e1f9b9f94c8771,"{""distance"":7,""physical_error_rate"":0.005}","{""detection_events"":140460,""detectors_checked"":7464960,""obs_mistake_mask=E"":1}"
     74752,         0,         0,    3.11,standalone_exact_mw,e5383d45c2b34399c539563e7789a53fd4b96cd0b38eade39a3cbfe07ba21ab0,"{""distance"":7,""physical_error_rate"":0.0002}","{""detection_events"":47184,""detectors_checked"":60549120}"
     15360,         0,         0,    1.57,standalone_exact_mw,127be6187b4f42ce503a2e58abe78322609c231565a94a3f55b4bab680d66d05,"{""distance"":7,""physical_error_rate"":0.01}","{""detection_events"":456644,""detectors_checked"":12441600}"
     17408,         0,         0,    1.14,standalone_exact_mw,3bd544bb51e006261b45d3a2c996e28fc0c0449411cee5f7deafcd25d9539ebc,"{""distance"":7,""physical_error_rate"":0.001}","{""detection_events"":54423,""detectors_checked"":14100480}"
     36864,         0,         0,    1.12,standalone_exact_mw,e5383d45c2b34399c539563e7789a53fd4b96cd0b38eade39a3cbfe07ba21ab0,"{""distance"":7,""physical_error_rate"":0.0002}","{""detection_events"":23175,""detectors_checked"":29859840}"
     20480,         0,         0,    1.11,standalone_exact_mw,3bd544bb51e006261b45d3a2c996e28fc0c0449411cee5f7deafcd25d9539ebc,"{""distance"":7,""physical_error_rate"":0.001}","{""detection_events"":63820,""detectors_checked"":16588800}"
     12288,         5,         0,    2.04,standalone_exact_mw,127be6187b4f42ce503a2e58abe78322609c231565a94a3f55b4bab680d66d05,"{""distance"":7,""physical_error_rate"":0.01}","{""detection_events"":365743,""detectors_checked"":9953280,""obs_mistake_mask=E"":5}"
     31744,         0,         0,    2.19,standalone_exact_mw,9d8ad86e51451842b54dafc7680d1b486ef291963bb72c70f3cdd570d2d8fa34,"{""distance"":7,""physical_error_rate"":0.002}","{""detection_events"":196958,""detectors_checked"":25712640}"
      8192,         0,         0,    1.27,standalone_exact_mw,6a10a1840a7277b64863681e13d5cb65ed80b6c0c130a71789e1f9b9f94c8771,"{""distance"":7,""physical_error_rate"":0.005}","{""detection_events"":124053,""detectors_checked"":6635520}"
     55296,         0,         0,    3.04,standalone_exact_mw,ba5ada56442ed2ba457be44e3218b165c8a19e21146c9941e841199e65961aae,"{""distance"":7,""physical_error_rate"":0.0005}","{""detection_events"":86685,""detectors_checked"":44789760}"
     31744,         3,         0,    3.08,standalone_exact_mw,127be6187b4f42ce503a2e58abe78322609c231565a94a3f55b4bab680d66d05,"{""distance"":7,""physical_error_rate"":0.01}","{""detection_events"":944006,""detectors_checked"":25712640,""obs_mistake_mask=E"":3}"
     12288,         1,         0,    1.79,standalone_exact_mw,127be6187b4f42ce503a2e58abe78322609c231565a94a3f55b4bab680d66d05,"{""distance"":7,""physical_error_rate"":0.01}","{""detection_events"":364604,""detectors_checked"":9953280,""obs_mistake_mask=E"":1}"
     12288,         0,         0,    1.12,standalone_exact_mw,3bd544bb51e006261b45d3a2c996e28fc0c0449411cee5f7deafcd25d9539ebc,"{""distance"":7,""physical_error_rate"":0.001}","{""detection_events"":38263,""detectors_checked"":9953280}"
     38912,         0,         0,    3.00,standalone_exact_mw,9d8ad86e51451842b54dafc7680d1b486ef291963bb72c70f3cdd570d2d8fa34,"{""distance"":7,""physical_error_rate"":0.002}","{""detection_events"":242364,""detectors_checked"":31518720}"
     10240,         4,         0,    1.11,standalone_exact_mw,127be6187b4f42ce503a2e58abe78322609c231565a94a3f55b4bab680d66d05,"{""distance"":7,""physical_error_rate"":0.01}","{""detection_events"":305686,""detectors_checked"":8294400,""obs_mistake_mask=E"":4}"
     34816,         0,         0,    3.15,standalone_exact_mw,9d8ad86e51451842b54dafc7680d1b486ef291963bb72c70f3cdd570d2d8fa34,"{""distance"":7,""physical_error_rate"":0.002}","{""detection_events"":216550,""detectors_checked"":28200960}"
     28672,         0,         0,    1.60,standalone_exact_mw,ba5ada56442ed2ba457be44e3218b165c8a19e21146c9941e841199e65961aae,"{""distance"":7,""physical_error_rate"":0.0005}","{""detection_events"":45548,""detectors_checked"":23224320}"
     15360,         0,         0,    1.13,standalone_exact_mw,6a10a1840a7277b64863681e13d5cb65ed80b6c0c130a71789e1f9b9f94c8771,"{""distance"":7,""physical_error_rate"":0.005}","{""detection_events"":234971,""detectors_checked"":12441600}"
     32768,         3,         0,    3.06,standalone_exact_mw,127be6187b4f42ce503a2e58abe78322609c231565a94a3f55b4bab680d66d05,"{""distance"":7,""physical_error_rate"":0.01}","{""detection_events"":972264,""detectors_checked"":26542080,""obs_mistake_mask=E"":3}"
     87040,         0,         0,    3.06,standalone_exact_mw,e5383d45c2b34399c539563e7789a53fd4b96cd0b38eade39a3cbfe07ba21ab0,"{""distance"":7,""physical_error_rate"":0.0002}","{""detection_events"":55294,""detectors_checked"":70502400}"
     12288,         0,         0,   0.836,standalone_exact_mw,e5383d45c2b34399c539563e7789a53fd4b96cd0b38eade39a3cbfe07ba21ab0,"{""distance"":7,""physical_error_rate"":0.0002}","{""detection_events"":7720,""detectors_checked"":9953280}"
     28672,         2,         0,    3.13,standalone_exact_mw,127be6187b4f42ce503a2e58abe78322609c231565a94a3f55b4bab680d66d05,"{""distance"":7,""physical_error_rate"":0.01}","{""detection_events"":854580,""detectors_checked"":23224320,""obs_mistake_mask=E"":2}"
     38912,         0,         0,    3.04,standalone_exact_mw,9d8ad86e51451842b54dafc7680d1b486ef291963bb72c70f3cdd570d2d8fa34,"{""distance"":7,""physical_error_rate"":0.002}","{""detection_events"":241303,""detectors_checked"":31518720}"
     58368,         0,         0,    2.99,standalone_exact_mw,ba5ada56442ed2ba457be44e3218b165c8a19e21146c9941e841199e65961aae,"{""distance"":7,""physical_error_rate"":0.0005}","{""detection_events"":90970,""detectors_checked"":47278080}"
     37888,         0,         0,    2.17,standalone_exact_mw,3bd544bb51e006261b45d3a2c996e28fc0c0449411cee5f7deafcd25d9539ebc,"{""distance"":7,""physical_error_rate"":0.001}","{""detection_events"":118727,""detectors_checked"":30689280}"
     26624,         1,         0,    2.22,standalone_exact_mw,6a10a1840a7277b64863681e13d5cb65ed80b6c0c130a71789e1f9b9f94c8771,"{""distance"":7,""physical_error_rate"":0.005}","{""detection_events"":407322,""detectors_checked"":21565440,""obs_mistake_mask=E"":1}"
     44032,         0,         0,    2.17,standalone_exact_mw,ba5ada56442ed2ba457be44e3218b165c8a19e21146c9941e841199e65961aae,"{""distance"":7,""physical_error_rate"":0.0005}","{""detection_events"":69629,""detectors_checked"":35665920}"
     23552,         0,         0,    1.57,standalone_exact_mw,e5383d45c2b34399c539563e7789a53fd4b96cd0b38eade39a3cbfe07ba21ab0,"{""distance"":7,""physical_error_rate"":0.0002}","{""detection_events"":14826,""detectors_checked"":19077120}"
     14336,         0,         0,    1.64,standalone_exact_mw,6a10a1840a7277b64863681e13d5cb65ed80b6c0c130a71789e1f9b9f94c8771,"{""distance"":7,""physical_error_rate"":0.005}","{""detection_events"":218257,""detectors_checked"":11612160}"
     39936,         0,         0,    3.04,standalone_exact_mw,3bd544bb51e006261b45d3a2c996e28fc0c0449411cee5f7deafcd25d9539ebc,"{""distance"":7,""physical_error_rate"":0.001}","{""detection_events"":125479,""detectors_checked"":32348160}"
     83968,         0,         0,    3.05,standalone_exact_mw,e5383d45c2b34399c539563e7789a53fd4b96cd0b38eade39a3cbfe07ba21ab0,"{""distance"":7,""physical_error_rate"":0.0002}","{""detection_events"":51883,""detectors_checked"":68014080}"
     13312,         0,         0,    1.15,standalone_exact_mw,3bd544bb51e006261b45d3a2c996e28fc0c0449411cee5f7deafcd25d9539ebc,"{""distance"":7,""physical_error_rate"":0.001}","{""detection_events"":41567,""detectors_checked"":10782720}"
     31744,         0,         0,    3.38,standalone_exact_mw,9d8ad86e51451842b54dafc7680d1b486ef291963bb72c70f3cdd570d2d8fa34,"{""distance"":7,""physical_error_rate"":0.002}","{""detection_events"":198264,""detectors_checked"":25712640}"
     34816,         0,         0,    2.15,standalone_exact_mw,3bd544bb51e006261b45d3a2c996e28fc0c0449411cee5f7deafcd25d9539ebc,"{""distance"":7,""physical_error_rate"":0.001}","{""detection_events"":108754,""detectors_checked"":28200960}"
     53248,         0,         0,    3.02,standalone_exact_mw,3bd544bb51e006261b45d3a2c996e28fc0c0449411cee5f7deafcd25d9539ebc,"{""distance"":7,""physical_error_rate"":0.001}","{""detection_events"":166704,""detectors_checked"":43130880}"
     23552,         2,         0,    2.23,standalone_exact_mw,127be6187b4f42ce503a2e58abe78322609c231565a94a3f55b4bab680d66d05,"{""distance"":7,""physical_error_rate"":0.01}","{""detection_events"":700823,""detectors_checked"":19077120,""obs_mistake_mask=E"":2}"
       273,         0,         0,   0.021,standalone_exact_mw,ba5ada56442ed2ba457be44e3218b165c8a19e21146c9941e841199e65961aae,"{""distance"":7,""physical_error_rate"":0.0005}","{""detection_events"":452,""detectors_checked"":221130}"
     75776,         0,         0,    3.09,standalone_exact_mw,e5383d45c2b34399c539563e7789a53fd4b96cd0b38eade39a3cbfe07ba21ab0,"{""distance"":7,""physical_error_rate"":0.0002}","{""detection_events"":47266,""detectors_checked"":61378560}"
     30720,         0,         0,    1.63,standalone_exact_mw,ba5ada56442ed2ba457be44e3218b165c8a19e21146c9941e841199e65961aae,"{""distance"":7,""physical_error_rate"":0.0005}","{""detection_events"":48581,""detectors_checked"":24883200}"
      1024,         0,         0,   0.031,standalone_exact_mw,ba5ada56442ed2ba457be44e3218b165c8a19e21146c9941e841199e65961aae,"{""distance"":7,""physical_error_rate"":0.0005}","{""detection_events"":1597,""detectors_checked"":829440}"
     21504,         0,         0,    1.67,standalone_exact_mw,e5383d45c2b34399c539563e7789a53fd4b96cd0b38eade39a3cbfe07ba21ab0,"{""distance"":7,""physical_error_rate"":0.0002}","{""detection_events"":13569,""detectors_checked"":17418240}"
      2048,         0,         0,    1.07,standalone_exact_mw,9d8ad86e51451842b54dafc7680d1b486ef291963bb72c70f3cdd570d2d8fa34,"{""distance"":7,""physical_error_rate"":0.002}","{""detection_events"":12690,""detectors_checked"":1658880}"
     11264,         0,         0,    1.16,standalone_exact_mw,ba5ada56442ed2ba457be44e3218b165c8a19e21146c9941e841199e65961aae,"{""distance"":7,""physical_error_rate"":0.0005}","{""detection_events"":17876,""detectors_checked"":9123840}"
      1024,         0,         0,   0.031,standalone_exact_mw,ba5ada56442ed2ba457be44e3218b165c8a19e21146c9941e841199e65961aae,"{""distance"":7,""physical_error_rate"":0.0005}","{""detection_events"":1596,""detectors_checked"":829440}"
     44032,         0,         0,    2.28,standalone_exact_mw,ba5ada56442ed2ba457be44e3218b165c8a19e21146c9941e841199e65961aae,"{""distance"":7,""physical_error_rate"":0.0005}","{""detection_events"":68646,""detectors_checked"":35665920}"
     23552,         3,         0,    3.12,standalone_exact_mw,127be6187b4f42ce503a2e58abe78322609c231565a94a3f55b4bab680d66d05,"{""distance"":7,""physical_error_rate"":0.01}","{""detection_events"":699687,""detectors_checked"":19077120,""obs_mistake_mask=E"":3}"
     15360,         0,         0,    1.21,standalone_exact_mw,3bd544bb51e006261b45d3a2c996e28fc0c0449411cee5f7deafcd25d9539ebc,"{""distance"":7,""physical_error_rate"":0.001}","{""detection_events"":48498,""detectors_checked"":12441600}"
      1024,         0,         0,   0.044,standalone_exact_mw,ba5ada56442ed2ba457be44e3218b165c8a19e21146c9941e841199e65961aae,"{""distance"":7,""physical_error_rate"":0.0005}","{""detection_events"":1633,""detectors_checked"":829440}"
     37888,         0,         0,    3.04,standalone_exact_mw,6a10a1840a7277b64863681e13d5cb65ed80b6c0c130a71789e1f9b9f94c8771,"{""distance"":7,""physical_error_rate"":0.005}","{""detection_events"":578226,""detectors_checked"":30689280}"
     55296,         0,         0,    3.08,standalone_exact_mw,3bd544bb51e006261b45d3a2c996e28fc0c0449411cee5f7deafcd25d9539ebc,"{""distance"":7,""physical_error_rate"":0.001}","{""detection_events"":172733,""detectors_checked"":44789760}"
      8192,         0,         0,    1.59,standalone_exact_mw,6a10a1840a7277b64863681e13d5cb65ed80b6c0c130a71789e1f9b9f94c8771,"{""distance"":7,""physical_error_rate"":0.005}","{""detection_events"":125045,""detectors_checked"":6635520}"
     13312,         2,         0,    3.14,standalone_exact_mw,127be6187b4f42ce503a2e58abe78322609c231565a94a3f55b4bab680d66d05,"{""distance"":7,""physical_error_rate"":0.01}","{""detection_events"":395573,""detectors_checked"":10782720,""obs_mistake_mask=E"":2}"
     32768,         9,         0,    3.06,standalone_exact_mw,127be6187b4f42ce503a2e58abe78322609c231565a94a3f55b4bab680d66d05,"{""distance"":7,""physical_error_rate"":0.01}","{""detection_events"":972491,""detectors_checked"":26542080,""obs_mistake_mask=E"":9}"
     11264,         0,         0,    3.22,standalone_exact_mw,9d8ad86e51451842b54dafc7680d1b486ef291963bb72c70f3cdd570d2d8fa34,"{""distance"":7,""physical_error_rate"":0.002}","{""detection_events"":70240,""detectors_checked"":9123840}"
     54272,         0,         0,    3.05,standalone_exact_mw,ba5ada56442ed2ba457be44e3218b165c8a19e21146c9941e841199e65961aae,"{""distance"":7,""physical_error_rate"":0.0005}","{""detection_events"":85320,""detectors_checked"":43960320}"
     21504,         0,         0,    1.16,standalone_exact_mw,ba5ada56442ed2ba457be44e3218b165c8a19e21146c9941e841199e65961aae,"{""distance"":7,""physical_error_rate"":0.0005}","{""detection_events"":33298,""detectors_checked"":17418240}"
      2048,         0,         0,   0.061,standalone_exact_mw,ba5ada56442ed2ba457be44e3218b165c8a19e21146c9941e841199e65961aae,"{""distance"":7,""physical_error_rate"":0.0005}","{""detection_events"":3210,""detectors_checked"":1658880}"
     15360,         0,         0,    2.15,standalone_exact_mw,ba5ada56442ed2ba457be44e3218b165c8a19e21146c9941e841199e65961aae,"{""distance"":7,""physical_error_rate"":0.0005}","{""detection_events"":24103,""detectors_checked"":12441600}"
     38912,         0,         0,    3.09,standalone_exact_mw,ba5ada56442ed2ba457be44e3218b165c8a19e21146c9941e841199e65961aae,"{""distance"":7,""physical_error_rate"":0.0005}","{""detection_events"":60847,""detectors_checked"":31518720}"
     19456,         0,         0,    3.07,standalone_exact_mw,6a10a1840a7277b64863681e13d5cb65ed80b6c0c130a71789e1f9b9f94c8771,"{""distance"":7,""physical_error_rate"":0.005}","{""detection_events"":298247,""detectors_checked"":15759360}"
      2048,         0,         0,   0.074,standalone_exact_mw,ba5ada56442ed2ba457be44e3218b165c8a19e21146c9941e841199e65961aae,"{""distance"":7,""physical_error_rate"":0.0005}","{""detection_events"":3176,""detectors_checked"":1658880}"
     34816,         0,         0,    3.06,standalone_exact_mw,e5383d45c2b34399c539563e7789a53fd4b96cd0b38eade39a3cbfe07ba21ab0,"{""distance"":7,""physical_error_rate"":0.0002}","{""detection_events"":21766,""detectors_checked"":28200960}"
     29696,         0,         0,    1.61,standalone_exact_mw,3bd544bb51e006261b45d3a2c996e28fc0c0449411cee5f7deafcd25d9539ebc,"{""distance"":7,""physical_error_rate"":0.001}","{""detection_events"":93147,""detectors_checked"":24053760}"
     14336,         0,         0,    1.18,standalone_exact_mw,9d8ad86e51451842b54dafc7680d1b486ef291963bb72c70f3cdd570d2d8fa34,"{""distance"":7,""physical_error_rate"":0.002}","{""detection_events"":89322,""detectors_checked"":11612160}"
     55296,         0,         0,    2.18,standalone_exact_mw,e5383d45c2b34399c539563e7789a53fd4b96cd0b38eade39a3cbfe07ba21ab0,"{""distance"":7,""physical_error_rate"":0.0002}","{""detection_events"":34902,""detectors_checked"":44789760}"
     12288,         0,         0,    2.17,standalone_exact_mw,6a10a1840a7277b64863681e13d5cb65ed80b6c0c130a71789e1f9b9f94c8771,"{""distance"":7,""physical_error_rate"":0.005}","{""detection_events"":186982,""detectors_checked"":9953280}"
     11264,         1,         0,    1.23,standalone_exact_mw,127be6187b4f42ce503a2e58abe78322609c231565a94a3f55b4bab680d66d05,"{""distance"":7,""physical_error_rate"":0.01}","{""detection_events"":334311,""detectors_checked"":9123840,""obs_mistake_mask=E"":1}"
      2048,         0,         0,   0.099,standalone_exact_mw,ba5ada56442ed2ba457be44e3218b165c8a19e21146c9941e841199e65961aae,"{""distance"":7,""physical_error_rate"":0.0005}","{""detection_events"":3117,""detectors_checked"":1658880}"
     17408,         0,         0,    1.11,standalone_exact_mw,6a10a1840a7277b64863681e13d5cb65ed80b6c0c130a71789e1f9b9f94c8771,"{""distance"":7,""physical_error_rate"":0.005}","{""detection_events"":264821,""detectors_checked"":14100480}"
     15360,         0,         0,    1.64,standalone_exact_mw,9d8ad86e51451842b54dafc7680d1b486ef291963bb72c70f3cdd570d2d8fa34,"{""distance"":7,""physical_error_rate"":0.002}","{""detection_events"":94773,""detectors_checked"":12441600}"
     22528,         1,         0,    1.66,standalone_exact_mw,6a10a1840a7277b64863681e13d5cb65ed80b6c0c130a71789e1f9b9f94c8771,"{""distance"":7,""physical_error_rate"":0.005}","{""detection_events"":345829,""detectors_checked"":18247680,""obs_mistake_mask=E"":1}"
     34816,         0,         0,    1.60,standalone_exact_mw,e5383d45c2b34399c539563e7789a53fd4b96cd0b38eade39a3cbfe07ba21ab0,"{""distance"":7,""physical_error_rate"":0.0002}","{""detection_events"":21919,""detectors_checked"":28200960}"
     24576,         3,         0,    3.11,standalone_exact_mw,127be6187b4f42ce503a2e58abe78322609c231565a94a3f55b4bab680d66d05,"{""distance"":7,""physical_error_rate"":0.01}","{""detection_events"":729712,""detectors_checked"":19906560,""obs_mistake_mask=E"":3}"
     36864,         0,         0,    3.05,standalone_exact_mw,6a10a1840a7277b64863681e13d5cb65ed80b6c0c130a71789e1f9b9f94c8771,"{""distance"":7,""physical_error_rate"":0.005}","{""detection_events"":562968,""detectors_checked"":29859840}"
        17,         0,         0,   0.017,standalone_exact_mw,9d8ad86e51451842b54dafc7680d1b486ef291963bb72c70f3cdd570d2d8fa34,"{""distance"":7,""physical_error_rate"":0.002}","{""detection_events"":122,""detectors_checked"":13770}"
     23552,         0,         0,    3.10,standalone_exact_mw,e5383d45c2b34399c539563e7789a53fd4b96cd0b38eade39a3cbfe07ba21ab0,"{""distance"":7,""physical_error_rate"":0.0002}","{""detection_events"":14528,""detectors_checked"":19077120}"
      5120,         0,         0,    1.62,standalone_exact_mw,9d8ad86e51451842b54dafc7680d1b486ef291963bb72c70f3cdd570d2d8fa34,"{""distance"":7,""physical_error_rate"":0.002}","{""detection_events"":31727,""detectors_checked"":4147200}"
     18432,         4,         0,    1.58,standalone_exact_mw,127be6187b4f42ce503a2e58abe78322609c231565a94a3f55b4bab680d66d05,"{""distance"":7,""physical_error_rate"":0.01}","{""detection_events"":547965,""detectors_checked"":14929920,""obs_mistake_mask=E"":4}"
      3072,         0,         0,   0.144,standalone_exact_mw,ba5ada56442ed2ba457be44e3218b165c8a19e21146c9941e841199e65961aae,"{""distance"":7,""physical_error_rate"":0.0005}","{""detection_events"":4883,""detectors_checked"":2488320}"
     14336,         0,         0,    3.14,standalone_exact_mw,3bd544bb51e006261b45d3a2c996e28fc0c0449411cee5f7deafcd25d9539ebc,"{""distance"":7,""physical_error_rate"":0.001}","{""detection_events"":44571,""detectors_checked"":11612160}"
      1280,         0,         0,   0.061,standalone_exact_mw,9d8ad86e51451842b54dafc7680d1b486ef291963bb72c70f3cdd570d2d8fa34,"{""distance"":7,""physical_error_rate"":0.002}","{""detection_events"":7932,""detectors_checked"":1036800}"
         1,         0,         0,   0.001,standalone_exact_mw,3bd544bb51e006261b45d3a2c996e28fc0c0449411cee5f7deafcd25d9539ebc,"{""distance"":7,""physical_error_rate"":0.001}","{""detectors_checked"":810}"
      1024,         0,         0,   0.053,standalone_exact_mw,9d8ad86e51451842b54dafc7680d1b486ef291963bb72c70f3cdd570d2d8fa34,"{""distance"":7,""physical_error_rate"":0.002}","{""detection_events"":6330,""detectors_checked"":829440}"
      1296,         0,         0,   0.051,standalone_exact_mw,3bd544bb51e006261b45d3a2c996e28fc0c0449411cee5f7deafcd25d9539ebc,"{""distance"":7,""physical_error_rate"":0.001}","{""detection_events"":3831,""detectors_checked"":1049760}"
     38912,         0,         0,    2.22,standalone_exact_mw,ba5ada56442ed2ba457be44e3218b165c8a19e21146c9941e841199e65961aae,"{""distance"":7,""physical_error_rate"":0.0005}","{""detection_events"":61478,""detectors_checked"":31518720}"
      1024,         0,         0,   0.055,standalone_exact_mw,9d8ad86e51451842b54dafc7680d1b486ef291963bb72c70f3cdd570d2d8fa34,"{""distance"":7,""physical_error_rate"":0.002}","{""detection_events"":6518,""detectors_checked"":829440}"
     32768,         0,         0,    3.13,standalone_exact_mw,3bd544bb51e006261b45d3a2c996e28fc0c0449411cee5f7deafcd25d9539ebc,"{""distance"":7,""physical_error_rate"":0.001}","{""detection_events"":101578,""detectors_checked"":26542080}"
      3072,         0,         0,   0.150,standalone_exact_mw,ba5ada56442ed2ba457be44e3218b165c8a19e21146c9941e841199e65961aae,"{""distance"":7,""physical_error_rate"":0.0005}","{""detection_events"":4858,""detectors_checked"":2488320}"
     10240,         1,         0,    2.43,standalone_exact_mw,127be6187b4f42ce503a2e58abe78322609c231565a94a3f55b4bab680d66d05,"{""distance"":7,""physical_error_rate"":0.01}","{""detection_events"":302896,""detectors_checked"":8294400,""obs_mistake_mask=E"":1}"
      1024,         0,         0,   0.053,standalone_exact_mw,9d8ad86e51451842b54dafc7680d1b486ef291963bb72c70f3cdd570d2d8fa34,"{""distance"":7,""physical_error_rate"":0.002}","{""detection_events"":6409,""detectors_checked"":829440}"
     49152,         0,         0,    2.20,standalone_exact_mw,e5383d45c2b34399c539563e7789a53fd4b96cd0b38eade39a3cbfe07ba21ab0,"{""distance"":7,""physical_error_rate"":0.0002}","{""detection_events"":30761,""detectors_checked"":39813120}"
      1024,         0,         0,   0.050,standalone_exact_mw,3bd544bb51e006261b45d3a2c996e28fc0c0449411cee5f7deafcd25d9539ebc,"{""distance"":7,""physical_error_rate"":0.001}","{""detection_events"":3138,""detectors_checked"":829440}"
     18432,         0,         0,    2.22,standalone_exact_mw,9d8ad86e51451842b54dafc7680d1b486ef291963bb72c70f3cdd570d2d8fa34,"{""distance"":7,""physical_error_rate"":0.002}","{""detection_events"":114555,""detectors_checked"":14929920}"
       273,         0,         0,   0.032,standalone_exact_mw,127be6187b4f42ce503a2e58abe78322609c231565a94a3f55b4bab680d66d05,"{""distance"":7,""physical_error_rate"":0.01}","{""detection_events"":8238,""detectors_checked"":221130}"
         1,         0,         0,   0.002,standalone_exact_mw,3bd544bb51e006261b45d3a2c996e28fc0c0449411cee5f7deafcd25d9539ebc,"{""distance"":7,""physical_error_rate"":0.001}","{""detectors_checked"":810}"
       272,         0,         0,   0.018,standalone_exact_mw,3bd544bb51e006261b45d3a2c996e28fc0c0449411cee5f7deafcd25d9539ebc,"{""distance"":7,""physical_error_rate"":0.001}","{""detection_events"":851,""detectors_checked"":220320}"
         1,         0,         0,   0.020,standalone_exact_mw,3bd544bb51e006261b45d3a2c996e28fc0c0449411cee5f7deafcd25d9539ebc,"{""distance"":7,""physical_error_rate"":0.001}","{""detection_events"":3,""detectors_checked"":810}"
      1024,         0,         0,   0.053,standalone_exact_mw,9d8ad86e51451842b54dafc7680d1b486ef291963bb72c70f3cdd570d2d8fa34,"{""distance"":7,""physical_error_rate"":0.002}","{""detection_events"":6359,""detectors_checked"":829440}"
       272,         0,         0,   0.016,standalone_exact_mw,3bd544bb51e006261b45d3a2c996e28fc0c0449411cee5f7deafcd25d9539ebc,"{""distance"":7,""physical_error_rate"":0.001}","{""detection_events"":853,""detectors_checked"":220320}"
     17408,         0,         0,    3.27,standalone_exact_mw,9d8ad86e51451842b54dafc7680d1b486ef291963bb72c70f3cdd570d2d8fa34,"{""distance"":7,""physical_error_rate"":0.002}","{""detection_events"":108166,""detectors_checked"":14100480}"
      1024,         0,         0,   0.057,standalone_exact_mw,3bd544bb51e006261b45d3a2c996e28fc0c0449411cee5f7deafcd25d9539ebc,"{""distance"":7,""physical_error_rate"":0.001}","{""detection_events"":3234,""detectors_checked"":829440}"
      1024,         0,         0,   0.043,standalone_exact_mw,3bd544bb51e006261b45d3a2c996e28fc0c0449411cee5f7deafcd25d9539ebc,"{""distance"":7,""physical_error_rate"":0.001}","{""detection_events"":3276,""detectors_checked"":829440}"
     38912,         0,         0,    3.06,standalone_exact_mw,ba5ada56442ed2ba457be44e3218b165c8a19e21146c9941e841199e65961aae,"{""distance"":7,""physical_error_rate"":0.0005}","{""detection_events"":61737,""detectors_checked"":31518720}"
     36864,         0,         0,    1.56,standalone_exact_mw,e5383d45c2b34399c539563e7789a53fd4b96cd0b38eade39a3cbfe07ba21ab0,"{""distance"":7,""physical_error_rate"":0.0002}","{""detection_events"":22817,""detectors_checked"":29859840}"
      1024,         0,         0,   0.052,standalone_exact_mw,3bd544bb51e006261b45d3a2c996e28fc0c0449411cee5f7deafcd25d9539ebc,"{""distance"":7,""physical_error_rate"":0.001}","{""detection_events"":3186,""detectors_checked"":829440}"
     29696,         0,         0,    1.57,standalone_exact_mw,3bd544bb51e006261b45d3a2c996e28fc0c0449411cee5f7deafcd25d9539ebc,"{""distance"":7,""physical_error_rate"":0.001}","{""detection_events"":92137,""detectors_checked"":24053760}"
      6144,         0,         0,   0.794,standalone_exact_mw,9d8ad86e51451842b54dafc7680d1b486ef291963bb72c70f3cdd570d2d8fa34,"{""distance"":7,""physical_error_rate"":0.002}","{""detection_events"":38175,""detectors_checked"":4976640}"
     45056,         0,         0,    3.09,standalone_exact_mw,9d8ad86e51451842b54dafc7680d1b486ef291963bb72c70f3cdd570d2d8fa34,"{""distance"":7,""physical_error_rate"":0.002}","{""detection_events"":279284,""detectors_checked"":36495360}"
      1024,         1,         0,   0.128,standalone_exact_mw,127be6187b4f42ce503a2e58abe78322609c231565a94a3f55b4bab680d66d05,"{""distance"":7,""physical_error_rate"":0.01}","{""detection_events"":30634,""detectors_checked"":829440,""obs_mistake_mask=E"":1}"
      1024,         0,         0,   0.079,standalone_exact_mw,3bd544bb51e006261b45d3a2c996e28fc0c0449411cee5f7deafcd25d9539ebc,"{""distance"":7,""physical_error_rate"":0.001}","{""detection_events"":3303,""detectors_checked"":829440}"
     23552,         0,         0,    3.05,standalone_exact_mw,e5383d45c2b34399c539563e7789a53fd4b96cd0b38eade39a3cbfe07ba21ab0,"{""distance"":7,""physical_error_rate"":0.0002}","{""detection_events"":14680,""detectors_checked"":19077120}"
      1024,         0,         0,   0.081,standalone_exact_mw,3bd544bb51e006261b45d3a2c996e28fc0c0449411cee5f7deafcd25d9539ebc,"{""distance"":7,""physical_error_rate"":0.001}","{""detection_events"":3130,""detectors_checked"":829440}"
      2048,         0,         0,   0.107,standalone_exact_mw,9d8ad86e51451842b54dafc7680d1b486ef291963bb72c70f3cdd570d2d8fa34,"{""distance"":7,""physical_error_rate"":0.002}","{""detection_events"":12824,""detectors_checked"":1658880}"
      4096,         0,         0,   0.211,standalone_exact_mw,ba5ada56442ed2ba457be44e3218b165c8a19e21146c9941e841199e65961aae,"{""distance"":7,""physical_error_rate"":0.0005}","{""detection_events"":6558,""detectors_checked"":3317760}"
      1024,         0,         0,   0.051,standalone_exact_mw,3bd544bb51e006261b45d3a2c996e28fc0c0449411cee5f7deafcd25d9539ebc,"{""distance"":7,""physical_error_rate"":0.001}","{""detection_events"":3225,""detectors_checked"":829440}"
     19456,         1,         0,    3.14,standalone_exact_mw,127be6187b4f42ce503a2e58abe78322609c231565a94a3f55b4bab680d66d05,"{""distance"":7,""physical_error_rate"":0.01}","{""detection_events"":576078,""detectors_checked"":15759360,""obs_mistake_mask=E"":1}"
      1024,         0,         0,   0.065,standalone_exact_mw,3bd544bb51e006261b45d3a2c996e28fc0c0449411cee5f7deafcd25d9539ebc,"{""distance"":7,""physical_error_rate"":0.001}","{""detection_events"":3227,""detectors_checked"":829440}"
         1,         0,         0,   0.021,standalone_exact_mw,ba5ada56442ed2ba457be44e3218b165c8a19e21146c9941e841199e65961aae,"{""distance"":7,""physical_error_rate"":0.0005}","{""detection_events"":4,""detectors_checked"":810}"
      1024,         0,         0,   0.080,standalone_exact_mw,3bd544bb51e006261b45d3a2c996e28fc0c0449411cee5f7deafcd25d9539ebc,"{""distance"":7,""physical_error_rate"":0.001}","{""detection_events"":3243,""detectors_checked"":829440}"
      1024,         0,         0,   0.110,standalone_exact_mw,127be6187b4f42ce503a2e58abe78322609c231565a94a3f55b4bab680d66d05,"{""distance"":7,""physical_error_rate"":0.01}","{""detection_events"":30681,""detectors_checked"":829440}"
     16384,         0,         0,    1.60,standalone_exact_mw,6a10a1840a7277b64863681e13d5cb65ed80b6c0c130a71789e1f9b9f94c8771,"{""distance"":7,""physical_error_rate"":0.005}","{""detection_events"":251052,""detectors_checked"":13271040}"
     28672,         1,         0,    3.04,standalone_exact_mw,6a10a1840a7277b64863681e13d5cb65ed80b6c0c130a71789e1f9b9f94c8771,"{""distance"":7,""physical_error_rate"":0.005}","{""detection_events"":437206,""detectors_checked"":23224320,""obs_mistake_mask=E"":1}"
     14336,         0,         0,    1.69,standalone_exact_mw,3bd544bb51e006261b45d3a2c996e28fc0c0449411cee5f7deafcd25d9539ebc,"{""distance"":7,""physical_error_rate"":0.001}","{""detection_events"":44455,""detectors_checked"":11612160}"
     12288,         0,         0,    1.20,standalone_exact_mw,e5383d45c2b34399c539563e7789a53fd4b96cd0b38eade39a3cbfe07ba21ab0,"{""distance"":7,""physical_error_rate"":0.0002}","{""detection_events"":7757,""detectors_checked"":9953280}"
      2048,         0,         0,   0.101,standalone_exact_mw,3bd544bb51e006261b45d3a2c996e28fc0c0449411cee5f7deafcd25d9539ebc,"{""distance"":7,""physical_error_rate"":0.001}","{""detection_events"":6497,""detectors_checked"":1658880}"
      1024,         0,         0,   0.058,standalone_exact_mw,3bd544bb51e006261b45d3a2c996e28fc0c0449411cee5f7deafcd25d9539ebc,"{""distance"":7,""physical_error_rate"":0.001}","{""detection_events"":3175,""detectors_checked"":829440}"
      1296,         0,         0,   0.060,standalone_exact_mw,ba5ada56442ed2ba457be44e3218b165c8a19e21146c9941e841199e65961aae,"{""distance"":7,""physical_error_rate"":0.0005}","{""detection_events"":2005,""detectors_checked"":1049760}"
     49152,         0,         0,    2.98,standalone_exact_mw,3bd544bb51e006261b45d3a2c996e28fc0c0449411cee5f7deafcd25d9539ebc,"{""distance"":7,""physical_error_rate"":0.001}","{""detection_events"":152830,""detectors_checked"":39813120}"
      2048,         0,         0,   0.160,standalone_exact_mw,9d8ad86e51451842b54dafc7680d1b486ef291963bb72c70f3cdd570d2d8fa34,"{""distance"":7,""physical_error_rate"":0.002}","{""detection_events"":12815,""detectors_checked"":1658880}"
        17,         0,         0,   0.004,standalone_exact_mw,127be6187b4f42ce503a2e58abe78322609c231565a94a3f55b4bab680d66d05,"{""distance"":7,""physical_error_rate"":0.01}","{""detection_events"":552,""detectors_checked"":13770}"
        17,         0,         0,   0.025,standalone_exact_mw,e5383d45c2b34399c539563e7789a53fd4b96cd0b38eade39a3cbfe07ba21ab0,"{""distance"":7,""physical_error_rate"":0.0002}","{""detection_events"":6,""detectors_checked"":13770}"
      1024,         0,         0,   0.054,standalone_exact_mw,ba5ada56442ed2ba457be44e3218b165c8a19e21146c9941e841199e65961aae,"{""distance"":7,""physical_error_rate"":0.0005}","{""detection_events"":1611,""detectors_checked"":829440}"
      2048,         0,         0,   0.135,standalone_exact_mw,3bd544bb51e006261b45d3a2c996e28fc0c0449411cee5f7deafcd25d9539ebc,"{""distance"":7,""physical_error_rate"":0.001}","{""detection_events"":6509,""detectors_checked"":1658880}"
       256,         0,         0,   0.028,standalone_exact_mw,127be6187b4f42ce503a2e58abe78322609c231565a94a3f55b4bab680d66d05,"{""distance"":7,""physical_error_rate"":0.01}","{""detection_events"":7728,""detectors_checked"":207360}"
      1024,         0,         0,   0.110,standalone_exact_mw,127be6187b4f42ce503a2e58abe78322609c231565a94a3f55b4bab680d66d05,"{""distance"":7,""physical_error_rate"":0.01}","{""detection_events"":30292,""detectors_checked"":829440}"
     18432,         3,         0,    3.04,standalone_exact_mw,127be6187b4f42ce503a2e58abe78322609c231565a94a3f55b4bab680d66d05,"{""distance"":7,""physical_error_rate"":0.01}","{""detection_events"":545999,""detectors_checked"":14929920,""obs_mistake_mask=E"":3}"
      2048,         0,         0,   0.080,standalone_exact_mw,3bd544bb51e006261b45d3a2c996e28fc0c0449411cee5f7deafcd25d9539ebc,"{""distance"":7,""physical_error_rate"":0.001}","{""detection_events"":6408,""detectors_checked"":1658880}"
      1024,         0,         0,   0.077,standalone_exact_mw,3bd544bb51e006261b45d3a2c996e28fc0c0449411cee5f7deafcd25d9539ebc,"{""distance"":7,""physical_error_rate"":0.001}","{""detection_events"":3210,""detectors_checked"":829440}"
     21504,         0,         0,    2.26,standalone_exact_mw,9d8ad86e51451842b54dafc7680d1b486ef291963bb72c70f3cdd570d2d8fa34,"{""distance"":7,""physical_error_rate"":0.002}","{""detection_events"":133183,""detectors_checked"":17418240}"
      1280,         0,         0,   0.061,standalone_exact_mw,e5383d45c2b34399c539563e7789a53fd4b96cd0b38eade39a3cbfe07ba21ab0,"{""distance"":7,""physical_error_rate"":0.0002}","{""detection_events"":762,""detectors_checked"":1036800}"
      1024,         0,         0,   0.054,standalone_exact_mw,ba5ada56442ed2ba457be44e3218b165c8a19e21146c9941e841199e65961aae,"{""distance"":7,""physical_error_rate"":0.0005}","{""detection_events"":1610,""detectors_checked"":829440}"
     22528,         0,         0,    3.04,standalone_exact_mw,6a10a1840a7277b64863681e13d5cb65ed80b6c0c130a71789e1f9b9f94c8771,"{""distance"":7,""physical_error_rate"":0.005}","{""detection_events"":343868,""detectors_checked"":18247680}"
     27648,         0,         0,    3.13,standalone_exact_mw,9d8ad86e51451842b54dafc7680d1b486ef291963bb72c70f3cdd570d2d8fa34,"{""distance"":7,""physical_error_rate"":0.002}","{""detection_events"":172676,""detectors_checked"":22394880}"
     18432,         0,         0,    1.56,standalone_exact_mw,3bd544bb51e006261b45d3a2c996e28fc0c0449411cee5f7deafcd25d9539ebc,"{""distance"":7,""physical_error_rate"":0.001}","{""detection_events"":57435,""detectors_checked"":14929920}"
      1024,         0,         0,   0.054,standalone_exact_mw,ba5ada56442ed2ba457be44e3218b165c8a19e21146c9941e841199e65961aae,"{""distance"":7,""physical_error_rate"":0.0005}","{""detection_events"":1623,""detectors_checked"":829440}"
       273,         0,         0,   0.029,standalone_exact_mw,9d8ad86e51451842b54dafc7680d1b486ef291963bb72c70f3cdd570d2d8fa34,"{""distance"":7,""physical_error_rate"":0.002}","{""detection_events"":1621,""detectors_checked"":221130}"
         1,         0,         0,   0.002,standalone_exact_mw,3bd544bb51e006261b45d3a2c996e28fc0c0449411cee5f7deafcd25d9539ebc,"{""distance"":7,""physical_error_rate"":0.001}","{""detection_events"":2,""detectors_checked"":810}"
      1024,         0,         0,   0.110,standalone_exact_mw,127be6187b4f42ce503a2e58abe78322609c231565a94a3f55b4bab680d66d05,"{""distance"":7,""physical_error_rate"":0.01}","{""detection_events"":30868,""detectors_checked"":829440}"
      1024,         0,         0,   0.110,standalone_exact_mw,127be6187b4f42ce503a2e58abe78322609c231565a94a3f55b4bab680d66d05,"{""distance"":7,""physical_error_rate"":0.01}","{""detection_events"":30479,""detectors_checked"":829440}"
      1024,         0,         0,   0.077,standalone_exact_mw,e5383d45c2b34399c539563e7789a53fd4b96cd0b38eade39a3cbfe07ba21ab0,"{""distance"":7,""physical_error_rate"":0.0002}","{""detection_events"":569,""detectors_checked"":829440}"
      2048,         0,         0,   0.163,standalone_exact_mw,9d8ad86e51451842b54dafc7680d1b486ef291963bb72c70f3cdd570d2d8fa34,"{""distance"":7,""physical_error_rate"":0.002}","{""detection_events"":12759,""detectors_checked"":1658880}"
       272,         0,         0,   0.026,standalone_exact_mw,3bd544bb51e006261b45d3a2c996e28fc0c0449411cee5f7deafcd25d9539ebc,"{""distance"":7,""physical_error_rate"":0.001}","{""detection_events"":858,""detectors_checked"":220320}"
      2048,         0,         0,   0.135,standalone_exact_mw,3bd544bb51e006261b45d3a2c996e28fc0c0449411cee5f7deafcd25d9539ebc,"{""distance"":7,""physical_error_rate"":0.001}","{""detection_events"":6306,""detectors_checked"":1658880}"
      3072,         0,         0,   0.132,standalone_exact_mw,3bd544bb51e006261b45d3a2c996e28fc0c0449411cee5f7deafcd25d9539ebc,"{""distance"":7,""physical_error_rate"":0.001}","{""detection_events"":9514,""detectors_checked"":2488320}"
     14336,         0,         0,    1.59,standalone_exact_mw,127be6187b4f42ce503a2e58abe78322609c231565a94a3f55b4bab680d66d05,"{""distance"":7,""physical_error_rate"":0.01}","{""detection_events"":427981,""detectors_checked"":11612160}"
      2048,         0,         0,   0.135,standalone_exact_mw,3bd544bb51e006261b45d3a2c996e28fc0c0449411cee5f7deafcd25d9539ebc,"{""distance"":7,""physical_error_rate"":0.001}","{""detection_events"":6224,""detectors_checked"":1658880}"
      6144,         0,         0,   0.323,standalone_exact_mw,ba5ada56442ed2ba457be44e3218b165c8a19e21146c9941e841199e65961aae,"{""distance"":7,""physical_error_rate"":0.0005}","{""detection_events"":9401,""detectors_checked"":4976640}"
     10240,         0,         0,    3.06,standalone_exact_mw,6a10a1840a7277b64863681e13d5cb65ed80b6c0c130a71789e1f9b9f94c8771,"{""distance"":7,""physical_error_rate"":0.005}","{""detection_events"":155709,""detectors_checked"":8294400}"
      1024,         0,         0,   0.054,standalone_exact_mw,ba5ada56442ed2ba457be44e3218b165c8a19e21146c9941e841199e65961aae,"{""distance"":7,""physical_error_rate"":0.0005}","{""detection_events"":1526,""detectors_checked"":829440}"
      1024,         0,         0,   0.035,standalone_exact_mw,e5383d45c2b34399c539563e7789a53fd4b96cd0b38eade39a3cbfe07ba21ab0,"{""distance"":7,""physical_error_rate"":0.0002}","{""detection_events"":590,""detectors_checked"":829440}"
      1024,         0,         0,   0.080,standalone_exact_mw,9d8ad86e51451842b54dafc7680d1b486ef291963bb72c70f3cdd570d2d8fa34,"{""distance"":7,""physical_error_rate"":0.002}","{""detection_events"":6478,""detectors_checked"":829440}"
      1024,         0,         0,   0.058,standalone_exact_mw,3bd544bb51e006261b45d3a2c996e28fc0c0449411cee5f7deafcd25d9539ebc,"{""distance"":7,""physical_error_rate"":0.001}","{""detection_events"":3076,""detectors_checked"":829440}"
     58368,         0,         0,    3.06,standalone_exact_mw,ba5ada56442ed2ba457be44e3218b165c8a19e21146c9941e841199e65961aae,"{""distance"":7,""physical_error_rate"":0.0005}","{""detection_events"":91088,""detectors_checked"":47278080}"
      1024,         1,         0,   0.109,standalone_exact_mw,127be6187b4f42ce503a2e58abe78322609c231565a94a3f55b4bab680d66d05,"{""distance"":7,""physical_error_rate"":0.01}","{""detection_events"":30450,""detectors_checked"":829440,""obs_mistake_mask=E"":1}"
      1024,         1,         0,   0.110,standalone_exact_mw,127be6187b4f42ce503a2e58abe78322609c231565a94a3f55b4bab680d66d05,"{""distance"":7,""physical_error_rate"":0.01}","{""detection_events"":30521,""detectors_checked"":829440,""obs_mistake_mask=E"":1}"
      3072,         0,         0,   0.083,standalone_exact_mw,e5383d45c2b34399c539563e7789a53fd4b96cd0b38eade39a3cbfe07ba21ab0,"{""distance"":7,""physical_error_rate"":0.0002}","{""detection_events"":2021,""detectors_checked"":2488320}"
      1024,         0,         0,   0.076,standalone_exact_mw,3bd544bb51e006261b45d3a2c996e28fc0c0449411cee5f7deafcd25d9539ebc,"{""distance"":7,""physical_error_rate"":0.001}","{""detection_events"":3287,""detectors_checked"":829440}"
      2048,         0,         0,   0.132,standalone_exact_mw,ba5ada56442ed2ba457be44e3218b165c8a19e21146c9941e841199e65961aae,"{""distance"":7,""physical_error_rate"":0.0005}","{""detection_events"":3263,""detectors_checked"":1658880}"
      1024,         0,         0,   0.105,standalone_exact_mw,9d8ad86e51451842b54dafc7680d1b486ef291963bb72c70f3cdd570d2d8fa34,"{""distance"":7,""physical_error_rate"":0.002}","{""detection_events"":6441,""detectors_checked"":829440}"
      2048,         0,         0,   0.168,standalone_exact_mw,3bd544bb51e006261b45d3a2c996e28fc0c0449411cee5f7deafcd25d9539ebc,"{""distance"":7,""physical_error_rate"":0.001}","{""detection_events"":6225,""detectors_checked"":1658880}"
      2048,         0,         0,   0.076,standalone_exact_mw,e5383d45c2b34399c539563e7789a53fd4b96cd0b38eade39a3cbfe07ba21ab0,"{""distance"":7,""physical_error_rate"":0.0002}","{""detection_events"":1263,""detectors_checked"":1658880}"
      2048,         0,         0,   0.184,standalone_exact_mw,3bd544bb51e006261b45d3a2c996e28fc0c0449411cee5f7deafcd25d9539ebc,"{""distance"":7,""physical_error_rate"":0.001}","{""detection_events"":6513,""detectors_checked"":1658880}"
      4096,         0,         0,   0.181,standalone_exact_mw,3bd544bb51e006261b45d3a2c996e28fc0c0449411cee5f7deafcd25d9539ebc,"{""distance"":7,""physical_error_rate"":0.001}","{""detection_events"":12995,""detectors_checked"":3317760}"
     17408,         5,         0,    3.07,standalone_exact_mw,127be6187b4f42ce503a2e58abe78322609c231565a94a3f55b4bab680d66d05,"{""distance"":7,""physical_error_rate"":0.01}","{""detection_events"":517313,""detectors_checked"":14100480,""obs_mistake_mask=E"":5}"
      1024,         0,         0,   0.057,standalone_exact_mw,3bd544bb51e006261b45d3a2c996e28fc0c0449411cee5f7deafcd25d9539ebc,"{""distance"":7,""physical_error_rate"":0.001}","{""detection_events"":3210,""detectors_checked"":829440}"
      1024,         0,         0,   0.101,standalone_exact_mw,127be6187b4f42ce503a2e58abe78322609c231565a94a3f55b4bab680d66d05,"{""distance"":7,""physical_error_rate"":0.01}","{""detection_events"":30638,""detectors_checked"":829440}"
      1024,         0,         0,   0.128,standalone_exact_mw,127be6187b4f42ce503a2e58abe78322609c231565a94a3f55b4bab680d66d05,"{""distance"":7,""physical_error_rate"":0.01}","{""detection_events"":29971,""detectors_checked"":829440}"
     16384,         0,         0,    1.68,standalone_exact_mw,6a10a1840a7277b64863681e13d5cb65ed80b6c0c130a71789e1f9b9f94c8771,"{""distance"":7,""physical_error_rate"":0.005}","{""detection_events"":250446,""detectors_checked"":13271040}"
      2048,         0,         0,   0.105,standalone_exact_mw,ba5ada56442ed2ba457be44e3218b165c8a19e21146c9941e841199e65961aae,"{""distance"":7,""physical_error_rate"":0.0005}","{""detection_events"":3286,""detectors_checked"":1658880}"
      1024,         0,         0,   0.112,standalone_exact_mw,9d8ad86e51451842b54dafc7680d1b486ef291963bb72c70f3cdd570d2d8fa34,"{""distance"":7,""physical_error_rate"":0.002}","{""detection_events"":6460,""detectors_checked"":829440}"
      2048,         0,         0,   0.083,standalone_exact_mw,e5383d45c2b34399c539563e7789a53fd4b96cd0b38eade39a3cbfe07ba21ab0,"{""distance"":7,""physical_error_rate"":0.0002}","{""detection_events"":1242,""detectors_checked"":1658880}"
     26624,         5,         0,    2.19,standalone_exact_mw,127be6187b4f42ce503a2e58abe78322609c231565a94a3f55b4bab680d66d05,"{""distance"":7,""physical_error_rate"":0.01}","{""detection_events"":792613,""detectors_checked"":21565440,""obs_mistake_mask=E"":5}"
      3072,         0,         0,   0.297,standalone_exact_mw,9d8ad86e51451842b54dafc7680d1b486ef291963bb72c70f3cdd570d2d8fa34,"{""distance"":7,""physical_error_rate"":0.002}","{""detection_events"":19132,""detectors_checked"":2488320}"
      2048,         0,         0,   0.083,standalone_exact_mw,3bd544bb51e006261b45d3a2c996e28fc0c0449411cee5f7deafcd25d9539ebc,"{""distance"":7,""physical_error_rate"":0.001}","{""detection_events"":6359,""detectors_checked"":1658880}"
      1024,         0,         0,   0.095,standalone_exact_mw,127be6187b4f42ce503a2e58abe78322609c231565a94a3f55b4bab680d66d05,"{""distance"":7,""physical_error_rate"":0.01}","{""detection_events"":30588,""detectors_checked"":829440}"
     16384,         0,         0,    1.58,standalone_exact_mw,3bd544bb51e006261b45d3a2c996e28fc0c0449411cee5f7deafcd25d9539ebc,"{""distance"":7,""physical_error_rate"":0.001}","{""detection_events"":51536,""detectors_checked"":13271040}"
      1024,         0,         0,   0.111,standalone_exact_mw,127be6187b4f42ce503a2e58abe78322609c231565a94a3f55b4bab680d66d05,"{""distance"":7,""physical_error_rate"":0.01}","{""detection_events"":30531,""detectors_checked"":829440}"
      2048,         0,         0,   0.171,standalone_exact_mw,3bd544bb51e006261b45d3a2c996e28fc0c0449411cee5f7deafcd25d9539ebc,"{""distance"":7,""physical_error_rate"":0.001}","{""detection_events"":6346,""detectors_checked"":1658880}"
      4096,         0,         0,    2.24,standalone_exact_mw,127be6187b4f42ce503a2e58abe78322609c231565a94a3f55b4bab680d66d05,"{""distance"":7,""physical_error_rate"":0.01}","{""detection_events"":120739,""detectors_checked"":3317760}"
     10240,         0,         0,    3.49,standalone_exact_mw,6a10a1840a7277b64863681e13d5cb65ed80b6c0c130a71789e1f9b9f94c8771,"{""distance"":7,""physical_error_rate"":0.005}","{""detection_events"":156553,""detectors_checked"":8294400}"
      2048,         0,         0,   0.069,standalone_exact_mw,3bd544bb51e006261b45d3a2c996e28fc0c0449411cee5f7deafcd25d9539ebc,"{""distance"":7,""physical_error_rate"":0.001}","{""detection_events"":6470,""detectors_checked"":1658880}"
      1024,         0,         0,   0.112,standalone_exact_mw,9d8ad86e51451842b54dafc7680d1b486ef291963bb72c70f3cdd570d2d8fa34,"{""distance"":7,""physical_error_rate"":0.002}","{""detection_events"":6276,""detectors_checked"":829440}"
      3072,         0,         0,   0.118,standalone_exact_mw,e5383d45c2b34399c539563e7789a53fd4b96cd0b38eade39a3cbfe07ba21ab0,"{""distance"":7,""physical_error_rate"":0.0002}","{""detection_events"":1905,""detectors_checked"":2488320}"
     15360,         0,         0,    3.29,standalone_exact_mw,6a10a1840a7277b64863681e13d5cb65ed80b6c0c130a71789e1f9b9f94c8771,"{""distance"":7,""physical_error_rate"":0.005}","{""detection_events"":234813,""detectors_checked"":12441600}"
      3072,         0,         0,   0.164,standalone_exact_mw,ba5ada56442ed2ba457be44e3218b165c8a19e21146c9941e841199e65961aae,"{""distance"":7,""physical_error_rate"":0.0005}","{""detection_events"":5044,""detectors_checked"":2488320}"
      8192,         0,         0,   0.412,standalone_exact_mw,ba5ada56442ed2ba457be44e3218b165c8a19e21146c9941e841199e65961aae,"{""distance"":7,""physical_error_rate"":0.0005}","{""detection_events"":12599,""detectors_checked"":6635520}"
      1024,         0,         0,   0.122,standalone_exact_mw,127be6187b4f42ce503a2e58abe78322609c231565a94a3f55b4bab680d66d05,"{""distance"":7,""physical_error_rate"":0.01}","{""detection_events"":30064,""detectors_checked"":829440}"
      3072,         0,         0,   0.252,standalone_exact_mw,3bd544bb51e006261b45d3a2c996e28fc0c0449411cee5f7deafcd25d9539ebc,"{""distance"":7,""physical_error_rate"":0.001}","{""detection_events"":9554,""detectors_checked"":2488320}"
     22528,         0,         0,    1.57,standalone_exact_mw,3bd544bb51e006261b45d3a2c996e28fc0c0449411cee5f7deafcd25d9539ebc,"{""distance"":7,""physical_error_rate"":0.001}","{""detection_events"":70475,""detectors_checked"":18247680}"
      4096,         0,         0,   0.267,standalone_exact_mw,3bd544bb51e006261b45d3a2c996e28fc0c0449411cee5f7deafcd25d9539ebc,"{""distance"":7,""physical_error_rate"":0.001}","{""detection_events"":12445,""detectors_checked"":3317760}"
      1024,         0,         0,   0.112,standalone_exact_mw,9d8ad86e51451842b54dafc7680d1b486ef291963bb72c70f3cdd570d2d8fa34,"{""distance"":7,""physical_error_rate"":0.002}","{""detection_events"":6360,""detectors_checked"":829440}"
     23552,         0,         0,    1.56,standalone_exact_mw,ba5ada56442ed2ba457be44e3218b165c8a19e21146c9941e841199e65961aae,"{""distance"":7,""physical_error_rate"":0.0005}","{""detection_events"":36979,""detectors_checked"":19077120}"
     13312,         0,         0,    1.66,standalone_exact_mw,ba5ada56442ed2ba457be44e3218b165c8a19e21146c9941e841199e65961aae,"{""distance"":7,""physical_error_rate"":0.0005}","{""detection_events"":20761,""detectors_checked"":10782720}"
      3072,         0,         0,   0.131,standalone_exact_mw,3bd544bb51e006261b45d3a2c996e28fc0c0449411cee5f7deafcd25d9539ebc,"{""distance"":7,""physical_error_rate"":0.001}","{""detection_events"":9762,""detectors_checked"":2488320}"
      2048,         0,         0,   0.193,standalone_exact_mw,127be6187b4f42ce503a2e58abe78322609c231565a94a3f55b4bab680d66d05,"{""distance"":7,""physical_error_rate"":0.01}","{""detection_events"":60752,""detectors_checked"":1658880}"
      1024,         0,         0,   0.109,standalone_exact_mw,127be6187b4f42ce503a2e58abe78322609c231565a94a3f55b4bab680d66d05,"{""distance"":7,""physical_error_rate"":0.01}","{""detection_events"":30319,""detectors_checked"":829440}"
      4096,         0,         0,   0.178,standalone_exact_mw,e5383d45c2b34399c539563e7789a53fd4b96cd0b38eade39a3cbfe07ba21ab0,"{""distance"":7,""physical_error_rate"":0.0002}","{""detection_events"":2651,""detectors_checked"":3317760}"
         1,         0,         0,   0.020,standalone_exact_mw,ba5ada56442ed2ba457be44e3218b165c8a19e21146c9941e841199e65961aae,"{""distance"":7,""physical_error_rate"":0.0005}","{""detectors_checked"":810}"
         1,         0,         0,   0.021,standalone_exact_mw,9d8ad86e51451842b54dafc7680d1b486ef291963bb72c70f3cdd570d2d8fa34,"{""distance"":7,""physical_error_rate"":0.002}","{""detection_events"":6,""detectors_checked"":810}"
      1024,         0,         0,   0.112,standalone_exact_mw,9d8ad86e51451842b54dafc7680d1b486ef291963bb72c70f3cdd570d2d8fa34,"{""distance"":7,""physical_error_rate"":0.002}","{""detection_events"":6396,""detectors_checked"":829440}"
     45056,         0,         0,    3.14,standalone_exact_mw,e5383d45c2b34399c539563e7789a53fd4b96cd0b38eade39a3cbfe07ba21ab0,"{""distance"":7,""physical_error_rate"":0.0002}","{""detection_events"":28712,""detectors_checked"":36495360}"
     64512,         0,         0,    4.26,standalone_exact_mw,ba5ada56442ed2ba457be44e3218b165c8a19e21146c9941e841199e65961aae,"{""distance"":7,""physical_error_rate"":0.0005}","{""detection_events"":100463,""detectors_checked"":52254720}"
      3072,         0,         0,   0.318,standalone_exact_mw,9d8ad86e51451842b54dafc7680d1b486ef291963bb72c70f3cdd570d2d8fa34,"{""distance"":7,""physical_error_rate"":0.002}","{""detection_events"":19065,""detectors_checked"":2488320}"
      3072,         0,         0,   0.281,standalone_exact_mw,3bd544bb51e006261b45d3a2c996e28fc0c0449411cee5f7deafcd25d9539ebc,"{""distance"":7,""physical_error_rate"":0.001}","{""detection_events"":9587,""detectors_checked"":2488320}"
     13312,         2,         0,    1.55,standalone_exact_mw,127be6187b4f42ce503a2e58abe78322609c231565a94a3f55b4bab680d66d05,"{""distance"":7,""physical_error_rate"":0.01}","{""detection_events"":394959,""detectors_checked"":10782720,""obs_mistake_mask=E"":2}"
      1296,         0,         0,   0.080,standalone_exact_mw,ba5ada56442ed2ba457be44e3218b165c8a19e21146c9941e841199e65961aae,"{""distance"":7,""physical_error_rate"":0.0005}","{""detection_events"":2075,""detectors_checked"":1049760}"
     72704,         0,         0,    3.05,standalone_exact_mw,e5383d45c2b34399c539563e7789a53fd4b96cd0b38eade39a3cbfe07ba21ab0,"{""distance"":7,""physical_error_rate"":0.0002}","{""detection_events"":45563,""detectors_checked"":58890240}"
      4096,         0,         0,   0.254,standalone_exact_mw,ba5ada56442ed2ba457be44e3218b165c8a19e21146c9941e841199e65961aae,"{""distance"":7,""physical_error_rate"":0.0005}","{""detection_events"":6267,""detectors_checked"":3317760}"
     15360,         0,         0,    1.60,standalone_exact_mw,9d8ad86e51451842b54dafc7680d1b486ef291963bb72c70f3cdd570d2d8fa34,"{""distance"":7,""physical_error_rate"":0.002}","{""detection_events"":95439,""detectors_checked"":12441600}"
     35840,         0,         0,    2.19,standalone_exact_mw,ba5ada56442ed2ba457be44e3218b165c8a19e21146c9941e841199e65961aae,"{""distance"":7,""physical_error_rate"":0.0005}","{""detection_events"":56196,""detectors_checked"":29030400}"
      4096,         0,         0,   0.179,standalone_exact_mw,3bd544bb51e006261b45d3a2c996e28fc0c0449411cee5f7deafcd25d9539ebc,"{""distance"":7,""physical_error_rate"":0.001}","{""detection_events"":12847,""detectors_checked"":3317760}"
      1296,         0,         0,   0.108,standalone_exact_mw,9d8ad86e51451842b54dafc7680d1b486ef291963bb72c70f3cdd570d2d8fa34,"{""distance"":7,""physical_error_rate"":0.002}","{""detection_events"":8011,""detectors_checked"":1049760}"
     67584,         0,         0,    4.28,standalone_exact_mw,3bd544bb51e006261b45d3a2c996e28fc0c0449411cee5f7deafcd25d9539ebc,"{""distance"":7,""physical_error_rate"":0.001}","{""detection_events"":210707,""detectors_checked"":54743040}"
      1024,         0,         0,   0.055,standalone_exact_mw,ba5ada56442ed2ba457be44e3218b165c8a19e21146c9941e841199e65961aae,"{""distance"":7,""physical_error_rate"":0.0005}","{""detection_events"":1766,""detectors_checked"":829440}"
      1024,         0,         0,   0.112,standalone_exact_mw,9d8ad86e51451842b54dafc7680d1b486ef291963bb72c70f3cdd570d2d8fa34,"{""distance"":7,""physical_error_rate"":0.002}","{""detection_events"":6107,""detectors_checked"":829440}"
      5120,         0,         0,    2.39,standalone_exact_mw,127be6187b4f42ce503a2e58abe78322609c231565a94a3f55b4bab680d66d05,"{""distance"":7,""physical_error_rate"":0.01}","{""detection_events"":151797,""detectors_checked"":4147200}"
      2048,         0,         0,   0.218,standalone_exact_mw,127be6187b4f42ce503a2e58abe78322609c231565a94a3f55b4bab680d66d05,"{""distance"":7,""physical_error_rate"":0.01}","{""detection_events"":60878,""detectors_checked"":1658880}"
      3072,         1,         0,   0.229,standalone_exact_mw,127be6187b4f42ce503a2e58abe78322609c231565a94a3f55b4bab680d66d05,"{""distance"":7,""physical_error_rate"":0.01}","{""detection_events"":91894,""detectors_checked"":2488320,""obs_mistake_mask=E"":1}"
      1024,         0,         0,   0.054,standalone_exact_mw,ba5ada56442ed2ba457be44e3218b165c8a19e21146c9941e841199e65961aae,"{""distance"":7,""physical_error_rate"":0.0005}","{""detection_events"":1547,""detectors_checked"":829440}"
        17,         0,         0,   0.010,standalone_exact_mw,e5383d45c2b34399c539563e7789a53fd4b96cd0b38eade39a3cbfe07ba21ab0,"{""distance"":7,""physical_error_rate"":0.0002}","{""detection_events"":6,""detectors_checked"":13770}"
      1024,         0,         0,   0.077,standalone_exact_mw,9d8ad86e51451842b54dafc7680d1b486ef291963bb72c70f3cdd570d2d8fa34,"{""distance"":7,""physical_error_rate"":0.002}","{""detection_events"":6189,""detectors_checked"":829440}"
     36864,         1,         0,    3.08,standalone_exact_mw,6a10a1840a7277b64863681e13d5cb65ed80b6c0c130a71789e1f9b9f94c8771,"{""distance"":7,""physical_error_rate"":0.005}","{""detection_events"":562067,""detectors_checked"":29859840,""obs_mistake_mask=E"":1}"
      5120,         0,         0,   0.217,standalone_exact_mw,e5383d45c2b34399c539563e7789a53fd4b96cd0b38eade39a3cbfe07ba21ab0,"{""distance"":7,""physical_error_rate"":0.0002}","{""detection_events"":3215,""detectors_checked"":4147200}"
     10240,         0,         0,    1.14,standalone_exact_mw,9d8ad86e51451842b54dafc7680d1b486ef291963bb72c70f3cdd570d2d8fa34,"{""distance"":7,""physical_error_rate"":0.002}","{""detection_events"":63946,""detectors_checked"":8294400}"
      4096,         0,         0,   0.363,standalone_exact_mw,3bd544bb51e006261b45d3a2c996e28fc0c0449411cee5f7deafcd25d9539ebc,"{""distance"":7,""physical_error_rate"":0.001}","{""detection_events"":12477,""detectors_checked"":3317760}"
      1024,         0,         0,   0.054,standalone_exact_mw,ba5ada56442ed2ba457be44e3218b165c8a19e21146c9941e841199e65961aae,"{""distance"":7,""physical_error_rate"":0.0005}","{""detection_events"":1596,""detectors_checked"":829440}"
      1280,         0,         0,   0.051,standalone_exact_mw,e5383d45c2b34399c539563e7789a53fd4b96cd0b38eade39a3cbfe07ba21ab0,"{""distance"":7,""physical_error_rate"":0.0002}","{""detection_events"":719,""detectors_checked"":1036800}"
      5120,         0,         0,   0.338,standalone_exact_mw,3bd544bb51e006261b45d3a2c996e28fc0c0449411cee5f7deafcd25d9539ebc,"{""distance"":7,""physical_error_rate"":0.001}","{""detection_events"":16348,""detectors_checked"":4147200}"
     33792,         0,         0,    3.09,standalone_exact_mw,e5383d45c2b34399c539563e7789a53fd4b96cd0b38eade39a3cbfe07ba21ab0,"{""distance"":7,""physical_error_rate"":0.0002}","{""detection_events"":21353,""detectors_checked"":27371520}"
     17408,         0,         0,    1.69,standalone_exact_mw,6a10a1840a7277b64863681e13d5cb65ed80b6c0c130a71789e1f9b9f94c8771,"{""distance"":7,""physical_error_rate"":0.005}","{""detection_events"":265557,""detectors_checked"":14100480}"
      1024,         0,         0,   0.081,standalone_exact_mw,9d8ad86e51451842b54dafc7680d1b486ef291963bb72c70f3cdd570d2d8fa34,"{""distance"":7,""physical_error_rate"":0.002}","{""detection_events"":6275,""detectors_checked"":829440}"
      1024,         0,         0,   0.050,standalone_exact_mw,e5383d45c2b34399c539563e7789a53fd4b96cd0b38eade39a3cbfe07ba21ab0,"{""distance"":7,""physical_error_rate"":0.0002}","{""detection_events"":609,""detectors_checked"":829440}"
      1024,         0,         0,   0.054,standalone_exact_mw,ba5ada56442ed2ba457be44e3218b165c8a19e21146c9941e841199e65961aae,"{""distance"":7,""physical_error_rate"":0.0005}","{""detection_events"":1594,""detectors_checked"":829440}"
       273,         0,         0,   0.026,standalone_exact_mw,e5383d45c2b34399c539563e7789a53fd4b96cd0b38eade39a3cbfe07ba21ab0,"{""distance"":7,""physical_error_rate"":0.0002}","{""detection_events"":182,""detectors_checked"":221130}"
     32768,         0,         0,    2.22,standalone_exact_mw,e5383d45c2b34399c539563e7789a53fd4b96cd0b38eade39a3cbfe07ba21ab0,"{""distance"":7,""physical_error_rate"":0.0002}","{""detection_events"":20728,""detectors_checked"":26542080}"
     41984,         0,         0,    4.33,standalone_exact_mw,ba5ada56442ed2ba457be44e3218b165c8a19e21146c9941e841199e65961aae,"{""distance"":7,""physical_error_rate"":0.0005}","{""detection_events"":66023,""detectors_checked"":34007040}"
     16384,         0,         0,    2.20,standalone_exact_mw,6a10a1840a7277b64863681e13d5cb65ed80b6c0c130a71789e1f9b9f94c8771,"{""distance"":7,""physical_error_rate"":0.005}","{""detection_events"":250370,""detectors_checked"":13271040}"
      1024,         0,         0,   0.032,standalone_exact_mw,e5383d45c2b34399c539563e7789a53fd4b96cd0b38eade39a3cbfe07ba21ab0,"{""distance"":7,""physical_error_rate"":0.0002}","{""detection_events"":650,""detectors_checked"":829440}"
      2048,         0,         0,   0.224,standalone_exact_mw,9d8ad86e51451842b54dafc7680d1b486ef291963bb72c70f3cdd570d2d8fa34,"{""distance"":7,""physical_error_rate"":0.002}","{""detection_events"":12804,""detectors_checked"":1658880}"
      1024,         0,         0,   0.033,standalone_exact_mw,e5383d45c2b34399c539563e7789a53fd4b96cd0b38eade39a3cbfe07ba21ab0,"{""distance"":7,""physical_error_rate"":0.0002}","{""detection_events"":692,""detectors_checked"":829440}"
      1024,         0,         0,   0.050,standalone_exact_mw,e5383d45c2b34399c539563e7789a53fd4b96cd0b38eade39a3cbfe07ba21ab0,"{""distance"":7,""physical_error_rate"":0.0002}","{""detection_events"":744,""detectors_checked"":829440}"
      1024,         0,         0,   0.081,standalone_exact_mw,9d8ad86e51451842b54dafc7680d1b486ef291963bb72c70f3cdd570d2d8fa34,"{""distance"":7,""physical_error_rate"":0.002}","{""detection_events"":6120,""detectors_checked"":829440}"
      2048,         0,         0,   0.277,standalone_exact_mw,3bd544bb51e006261b45d3a2c996e28fc0c0449411cee5f7deafcd25d9539ebc,"{""distance"":7,""physical_error_rate"":0.001}","{""detection_events"":6705,""detectors_checked"":1658880}"
      2048,         0,         0,   0.207,standalone_exact_mw,127be6187b4f42ce503a2e58abe78322609c231565a94a3f55b4bab680d66d05,"{""distance"":7,""physical_error_rate"":0.01}","{""detection_events"":60656,""detectors_checked"":1658880}"
      5120,         0,         0,   0.297,standalone_exact_mw,ba5ada56442ed2ba457be44e3218b165c8a19e21146c9941e841199e65961aae,"{""distance"":7,""physical_error_rate"":0.0005}","{""detection_events"":7800,""detectors_checked"":4147200}"
      4096,         0,         0,   0.337,standalone_exact_mw,3bd544bb51e006261b45d3a2c996e28fc0c0449411cee5f7deafcd25d9539ebc,"{""distance"":7,""physical_error_rate"":0.001}","{""detection_events"":13219,""detectors_checked"":3317760}"
     31744,         0,         0,    3.13,standalone_exact_mw,9d8ad86e51451842b54dafc7680d1b486ef291963bb72c70f3cdd570d2d8fa34,"{""distance"":7,""physical_error_rate"":0.002}","{""detection_events"":197282,""detectors_checked"":25712640}"
      1024,         0,         0,   0.056,standalone_exact_mw,e5383d45c2b34399c539563e7789a53fd4b96cd0b38eade39a3cbfe07ba21ab0,"{""distance"":7,""physical_error_rate"":0.0002}","{""detection_events"":685,""detectors_checked"":829440}"
      2048,         0,         0,   0.139,standalone_exact_mw,ba5ada56442ed2ba457be44e3218b165c8a19e21146c9941e841199e65961aae,"{""distance"":7,""physical_error_rate"":0.0005}","{""detection_events"":3176,""detectors_checked"":1658880}"
      1024,         0,         0,   0.063,standalone_exact_mw,9d8ad86e51451842b54dafc7680d1b486ef291963bb72c70f3cdd570d2d8fa34,"{""distance"":7,""physical_error_rate"":0.002}","{""detection_events"":6267,""detectors_checked"":829440}"
     22528,         0,         0,    4.29,standalone_exact_mw,9d8ad86e51451842b54dafc7680d1b486ef291963bb72c70f3cdd570d2d8fa34,"{""distance"":7,""physical_error_rate"":0.002}","{""detection_events"":140328,""detectors_checked"":18247680}"
      2048,         0,         0,   0.082,standalone_exact_mw,e5383d45c2b34399c539563e7789a53fd4b96cd0b38eade39a3cbfe07ba21ab0,"{""distance"":7,""physical_error_rate"":0.0002}","{""detection_events"":1228,""detectors_checked"":1658880}"
     11264,         0,         0,   0.612,standalone_exact_mw,ba5ada56442ed2ba457be44e3218b165c8a19e21146c9941e841199e65961aae,"{""distance"":7,""physical_error_rate"":0.0005}","{""detection_events"":17748,""detectors_checked"":9123840}"
     34816,         0,         0,    2.19,standalone_exact_mw,ba5ada56442ed2ba457be44e3218b165c8a19e21146c9941e841199e65961aae,"{""distance"":7,""physical_error_rate"":0.0005}","{""detection_events"":54489,""detectors_checked"":28200960}"
      1024,         0,         0,   0.032,standalone_exact_mw,e5383d45c2b34399c539563e7789a53fd4b96cd0b38eade39a3cbfe07ba21ab0,"{""distance"":7,""physical_error_rate"":0.0002}","{""detection_events"":617,""detectors_checked"":829440}"
     40960,         1,         0,    4.31,standalone_exact_mw,6a10a1840a7277b64863681e13d5cb65ed80b6c0c130a71789e1f9b9f94c8771,"{""distance"":7,""physical_error_rate"":0.005}","{""detection_events"":626794,""detectors_checked"":33177600,""obs_mistake_mask=E"":1}"
      4096,         0,         0,   0.447,standalone_exact_mw,9d8ad86e51451842b54dafc7680d1b486ef291963bb72c70f3cdd570d2d8fa34,"{""distance"":7,""physical_error_rate"":0.002}","{""detection_events"":25512,""detectors_checked"":3317760}"
      4096,         0,         0,   0.329,standalone_exact_mw,127be6187b4f42ce503a2e58abe78322609c231565a94a3f55b4bab680d66d05,"{""distance"":7,""physical_error_rate"":0.01}","{""detection_events"":121047,""detectors_checked"":3317760}"
      1024,         0,         0,   0.081,standalone_exact_mw,9d8ad86e51451842b54dafc7680d1b486ef291963bb72c70f3cdd570d2d8fa34,"{""distance"":7,""physical_error_rate"":0.002}","{""detection_events"":6567,""detectors_checked"":829440}"
      1024,         0,         0,   0.047,standalone_exact_mw,e5383d45c2b34399c539563e7789a53fd4b96cd0b38eade39a3cbfe07ba21ab0,"{""distance"":7,""physical_error_rate"":0.0002}","{""detection_events"":678,""detectors_checked"":829440}"
     14336,         1,         0,    2.19,standalone_exact_mw,6a10a1840a7277b64863681e13d5cb65ed80b6c0c130a71789e1f9b9f94c8771,"{""distance"":7,""physical_error_rate"":0.005}","{""detection_events"":220060,""detectors_checked"":11612160,""obs_mistake_mask=E"":1}"
      7168,         0,         0,   0.325,standalone_exact_mw,e5383d45c2b34399c539563e7789a53fd4b96cd0b38eade39a3cbfe07ba21ab0,"{""distance"":7,""physical_error_rate"":0.0002}","{""detection_events"":4441,""detectors_checked"":5806080}"
     18432,         0,         0,    2.31,standalone_exact_mw,e5383d45c2b34399c539563e7789a53fd4b96cd0b38eade39a3cbfe07ba21ab0,"{""distance"":7,""physical_error_rate"":0.0002}","{""detection_events"":11547,""detectors_checked"":14929920}"
      2048,         0,         0,   0.101,standalone_exact_mw,e5383d45c2b34399c539563e7789a53fd4b96cd0b38eade39a3cbfe07ba21ab0,"{""distance"":7,""physical_error_rate"":0.0002}","{""detection_events"":1244,""detectors_checked"":1658880}"
      2048,         0,         0,   0.142,standalone_exact_mw,ba5ada56442ed2ba457be44e3218b165c8a19e21146c9941e841199e65961aae,"{""distance"":7,""physical_error_rate"":0.0005}","{""detection_events"":3206,""detectors_checked"":1658880}"
     11264,         0,         0,    4.24,standalone_exact_mw,6a10a1840a7277b64863681e13d5cb65ed80b6c0c130a71789e1f9b9f94c8771,"{""distance"":7,""physical_error_rate"":0.005}","{""detection_events"":172418,""detectors_checked"":9123840}"
      2048,         0,         0,   0.084,standalone_exact_mw,e5383d45c2b34399c539563e7789a53fd4b96cd0b38eade39a3cbfe07ba21ab0,"{""distance"":7,""physical_error_rate"":0.0002}","{""detection_events"":1282,""detectors_checked"":1658880}"
     32768,         0,         0,    4.40,standalone_exact_mw,3bd544bb51e006261b45d3a2c996e28fc0c0449411cee5f7deafcd25d9539ebc,"{""distance"":7,""physical_error_rate"":0.001}","{""detection_events"":102401,""detectors_checked"":26542080}"
     34816,         0,         0,    3.05,standalone_exact_mw,9d8ad86e51451842b54dafc7680d1b486ef291963bb72c70f3cdd570d2d8fa34,"{""distance"":7,""physical_error_rate"":0.002}","{""detection_events"":216394,""detectors_checked"":28200960}"
      6144,         0,         0,   0.436,standalone_exact_mw,3bd544bb51e006261b45d3a2c996e28fc0c0449411cee5f7deafcd25d9539ebc,"{""distance"":7,""physical_error_rate"":0.001}","{""detection_events"":19499,""detectors_checked"":4976640}"
     32768,         0,         0,    2.21,standalone_exact_mw,3bd544bb51e006261b45d3a2c996e28fc0c0449411cee5f7deafcd25d9539ebc,"{""distance"":7,""physical_error_rate"":0.001}","{""detection_events"":102808,""detectors_checked"":26542080}"
      2048,         0,         0,   0.162,standalone_exact_mw,9d8ad86e51451842b54dafc7680d1b486ef291963bb72c70f3cdd570d2d8fa34,"{""distance"":7,""physical_error_rate"":0.002}","{""detection_events"":12561,""detectors_checked"":1658880}"
      3072,         0,         0,   0.133,standalone_exact_mw,e5383d45c2b34399c539563e7789a53fd4b96cd0b38eade39a3cbfe07ba21ab0,"{""distance"":7,""physical_error_rate"":0.0002}","{""detection_events"":1937,""detectors_checked"":2488320}"
      2048,         0,         0,   0.304,standalone_exact_mw,3bd544bb51e006261b45d3a2c996e28fc0c0449411cee5f7deafcd25d9539ebc,"{""distance"":7,""physical_error_rate"":0.001}","{""detection_events"":6386,""detectors_checked"":1658880}"
      3072,         0,         0,   0.330,standalone_exact_mw,9d8ad86e51451842b54dafc7680d1b486ef291963bb72c70f3cdd570d2d8fa34,"{""distance"":7,""physical_error_rate"":0.002}","{""detection_events"":19008,""detectors_checked"":2488320}"
     34816,         0,         0,    4.33,standalone_exact_mw,9d8ad86e51451842b54dafc7680d1b486ef291963bb72c70f3cdd570d2d8fa34,"{""distance"":7,""physical_error_rate"":0.002}","{""detection_events"":216477,""detectors_checked"":28200960}"
      2048,         0,         0,   0.124,standalone_exact_mw,e5383d45c2b34399c539563e7789a53fd4b96cd0b38eade39a3cbfe07ba21ab0,"{""distance"":7,""physical_error_rate"":0.0002}","{""detection_events"":1274,""detectors_checked"":1658880}"
      2048,         0,         0,   0.160,standalone_exact_mw,ba5ada56442ed2ba457be44e3218b165c8a19e21146c9941e841199e65961aae,"{""distance"":7,""physical_error_rate"":0.0005}","{""detection_events"":3225,""detectors_checked"":1658880}"
      6144,         0,         0,   0.491,standalone_exact_mw,3bd544bb51e006261b45d3a2c996e28fc0c0449411cee5f7deafcd25d9539ebc,"{""distance"":7,""physical_error_rate"":0.001}","{""detection_events"":19339,""detectors_checked"":4976640}"
     22528,         0,         0,    1.57,standalone_exact_mw,e5383d45c2b34399c539563e7789a53fd4b96cd0b38eade39a3cbfe07ba21ab0,"{""distance"":7,""physical_error_rate"":0.0002}","{""detection_events"":13898,""detectors_checked"":18247680}"
      3072,         0,         0,   0.358,standalone_exact_mw,ba5ada56442ed2ba457be44e3218b165c8a19e21146c9941e841199e65961aae,"{""distance"":7,""physical_error_rate"":0.0005}","{""detection_events"":4819,""detectors_checked"":2488320}"
     23552,         0,         0,    2.22,standalone_exact_mw,6a10a1840a7277b64863681e13d5cb65ed80b6c0c130a71789e1f9b9f94c8771,"{""distance"":7,""physical_error_rate"":0.005}","{""detection_events"":359064,""detectors_checked"":19077120}"
      3072,         0,         0,   0.406,standalone_exact_mw,127be6187b4f42ce503a2e58abe78322609c231565a94a3f55b4bab680d66d05,"{""distance"":7,""physical_error_rate"":0.01}","{""detection_events"":91359,""detectors_checked"":2488320}"
      2048,         0,         0,   0.113,standalone_exact_mw,e5383d45c2b34399c539563e7789a53fd4b96cd0b38eade39a3cbfe07ba21ab0,"{""distance"":7,""physical_error_rate"":0.0002}","{""detection_events"":1317,""detectors_checked"":1658880}"
     37888,         0,         0,    2.23,standalone_exact_mw,e5383d45c2b34399c539563e7789a53fd4b96cd0b38eade39a3cbfe07ba21ab0,"{""distance"":7,""physical_error_rate"":0.0002}","{""detection_events"":23822,""detectors_checked"":30689280}"
      2048,         0,         0,   0.178,standalone_exact_mw,9d8ad86e51451842b54dafc7680d1b486ef291963bb72c70f3cdd570d2d8fa34,"{""distance"":7,""physical_error_rate"":0.002}","{""detection_events"":12550,""detectors_checked"":1658880}"
      7168,         0,         0,   0.469,standalone_exact_mw,3bd544bb51e006261b45d3a2c996e28fc0c0449411cee5f7deafcd25d9539ebc,"{""distance"":7,""physical_error_rate"":0.001}","{""detection_events"":22370,""detectors_checked"":5806080}"
      4096,         0,         0,   0.184,standalone_exact_mw,e5383d45c2b34399c539563e7789a53fd4b96cd0b38eade39a3cbfe07ba21ab0,"{""distance"":7,""physical_error_rate"":0.0002}","{""detection_events"":2626,""detectors_checked"":3317760}"
     18432,         3,         0,    2.18,standalone_exact_mw,127be6187b4f42ce503a2e58abe78322609c231565a94a3f55b4bab680d66d05,"{""distance"":7,""physical_error_rate"":0.01}","{""detection_events"":548353,""detectors_checked"":14929920,""obs_mistake_mask=E"":3}"
     73728,         0,         0,    4.29,standalone_exact_mw,e5383d45c2b34399c539563e7789a53fd4b96cd0b38eade39a3cbfe07ba21ab0,"{""distance"":7,""physical_error_rate"":0.0002}","{""detection_events"":45667,""detectors_checked"":59719680}"
      3072,         0,         0,   0.224,standalone_exact_mw,ba5ada56442ed2ba457be44e3218b165c8a19e21146c9941e841199e65961aae,"{""distance"":7,""physical_error_rate"":0.0005}","{""detection_events"":4944,""detectors_checked"":2488320}"
      8192,         0,         0,   0.434,standalone_exact_mw,e5383d45c2b34399c539563e7789a53fd4b96cd0b38eade39a3cbfe07ba21ab0,"{""distance"":7,""physical_error_rate"":0.0002}","{""detection_events"":5065,""detectors_checked"":6635520}"
      4096,         0,         0,   0.457,standalone_exact_mw,127be6187b4f42ce503a2e58abe78322609c231565a94a3f55b4bab680d66d05,"{""distance"":7,""physical_error_rate"":0.01}","{""detection_events"":121969,""detectors_checked"":3317760}"
     14336,         0,         0,    2.42,standalone_exact_mw,9d8ad86e51451842b54dafc7680d1b486ef291963bb72c70f3cdd570d2d8fa34,"{""distance"":7,""physical_error_rate"":0.002}","{""detection_events"":89226,""detectors_checked"":11612160}"
      3072,         0,         0,   0.176,standalone_exact_mw,e5383d45c2b34399c539563e7789a53fd4b96cd0b38eade39a3cbfe07ba21ab0,"{""distance"":7,""physical_error_rate"":0.0002}","{""detection_events"":2055,""detectors_checked"":2488320}"
      4096,         0,         0,   0.345,standalone_exact_mw,9d8ad86e51451842b54dafc7680d1b486ef291963bb72c70f3cdd570d2d8fa34,"{""distance"":7,""physical_error_rate"":0.002}","{""detection_events"":25402,""detectors_checked"":3317760}"
     19456,         0,         0,    4.36,standalone_exact_mw,127be6187b4f42ce503a2e58abe78322609c231565a94a3f55b4bab680d66d05,"{""distance"":7,""physical_error_rate"":0.01}","{""detection_events"":580548,""detectors_checked"":15759360}"
     33792,         0,         0,    3.05,standalone_exact_mw,6a10a1840a7277b64863681e13d5cb65ed80b6c0c130a71789e1f9b9f94c8771,"{""distance"":7,""physical_error_rate"":0.005}","{""detection_events"":516516,""detectors_checked"":27371520}"
      4096,         0,         0,   0.225,standalone_exact_mw,9d8ad86e51451842b54dafc7680d1b486ef291963bb72c70f3cdd570d2d8fa34,"{""distance"":7,""physical_error_rate"":0.002}","{""detection_events"":25534,""detectors_checked"":3317760}"
     48128,         0,         0,    3.07,standalone_exact_mw,3bd544bb51e006261b45d3a2c996e28fc0c0449411cee5f7deafcd25d9539ebc,"{""distance"":7,""physical_error_rate"":0.001}","{""detection_events"":150740,""detectors_checked"":38983680}"
      4096,         0,         0,   0.226,standalone_exact_mw,e5383d45c2b34399c539563e7789a53fd4b96cd0b38eade39a3cbfe07ba21ab0,"{""distance"":7,""physical_error_rate"":0.0002}","{""detection_events"":2534,""detectors_checked"":3317760}"
      6144,         0,         0,   0.424,standalone_exact_mw,3bd544bb51e006261b45d3a2c996e28fc0c0449411cee5f7deafcd25d9539ebc,"{""distance"":7,""physical_error_rate"":0.001}","{""detection_events"":19233,""detectors_checked"":4976640}"
      6144,         0,         0,    2.41,standalone_exact_mw,9d8ad86e51451842b54dafc7680d1b486ef291963bb72c70f3cdd570d2d8fa34,"{""distance"":7,""physical_error_rate"":0.002}","{""detection_events"":38120,""detectors_checked"":4976640}"
      3072,         0,         0,   0.659,standalone_exact_mw,9d8ad86e51451842b54dafc7680d1b486ef291963bb72c70f3cdd570d2d8fa34,"{""distance"":7,""physical_error_rate"":0.002}","{""detection_events"":19409,""detectors_checked"":2488320}"
     56320,         0,         0,    3.08,standalone_exact_mw,ba5ada56442ed2ba457be44e3218b165c8a19e21146c9941e841199e65961aae,"{""distance"":7,""physical_error_rate"":0.0005}","{""detection_events"":88238,""detectors_checked"":45619200}"
      4096,         0,         0,   0.289,standalone_exact_mw,ba5ada56442ed2ba457be44e3218b165c8a19e21146c9941e841199e65961aae,"{""distance"":7,""physical_error_rate"":0.0005}","{""detection_events"":6343,""detectors_checked"":3317760}"
      4096,         0,         0,   0.222,standalone_exact_mw,e5383d45c2b34399c539563e7789a53fd4b96cd0b38eade39a3cbfe07ba21ab0,"{""distance"":7,""physical_error_rate"":0.0002}","{""detection_events"":2384,""detectors_checked"":3317760}"
      9216,         0,         0,   0.602,standalone_exact_mw,3bd544bb51e006261b45d3a2c996e28fc0c0449411cee5f7deafcd25d9539ebc,"{""distance"":7,""physical_error_rate"":0.001}","{""detection_events"":29032,""detectors_checked"":7464960}"
     34816,         4,         0,    3.05,standalone_exact_mw,127be6187b4f42ce503a2e58abe78322609c231565a94a3f55b4bab680d66d05,"{""distance"":7,""physical_error_rate"":0.01}","{""detection_events"":1034710,""detectors_checked"":28200960,""obs_mistake_mask=E"":4}"
     46080,         0,         0,    3.10,standalone_exact_mw,3bd544bb51e006261b45d3a2c996e28fc0c0449411cee5f7deafcd25d9539ebc,"{""distance"":7,""physical_error_rate"":0.001}","{""detection_events"":143829,""detectors_checked"":37324800}"
     32768,         0,         0,    2.18,standalone_exact_mw,3bd544bb51e006261b45d3a2c996e28fc0c0449411cee5f7deafcd25d9539ebc,"{""distance"":7,""physical_error_rate"":0.001}","{""detection_events"":103071,""detectors_checked"":26542080}"
     24576,         0,         0,    2.22,standalone_exact_mw,e5383d45c2b34399c539563e7789a53fd4b96cd0b38eade39a3cbfe07ba21ab0,"{""distance"":7,""physical_error_rate"":0.0002}","{""detection_events"":15042,""detectors_checked"":19906560}"
     15360,         0,         0,   0.820,standalone_exact_mw,ba5ada56442ed2ba457be44e3218b165c8a19e21146c9941e841199e65961aae,"{""distance"":7,""physical_error_rate"":0.0005}","{""detection_events"":23713,""detectors_checked"":12441600}"
      3072,         0,         0,   0.453,standalone_exact_mw,127be6187b4f42ce503a2e58abe78322609c231565a94a3f55b4bab680d66d05,"{""distance"":7,""physical_error_rate"":0.01}","{""detection_events"":90357,""detectors_checked"":2488320}"
      5120,         0,         0,   0.577,standalone_exact_mw,3bd544bb51e006261b45d3a2c996e28fc0c0449411cee5f7deafcd25d9539ebc,"{""distance"":7,""physical_error_rate"":0.001}","{""detection_events"":15909,""detectors_checked"":4147200}"
     50176,         0,         0,    3.03,standalone_exact_mw,ba5ada56442ed2ba457be44e3218b165c8a19e21146c9941e841199e65961aae,"{""distance"":7,""physical_error_rate"":0.0005}","{""detection_events"":79128,""detectors_checked"":40642560}"
     66560,         0,         0,    4.44,standalone_exact_mw,ba5ada56442ed2ba457be44e3218b165c8a19e21146c9941e841199e65961aae,"{""distance"":7,""physical_error_rate"":0.0005}","{""detection_events"":104192,""detectors_checked"":53913600}"
     17408,         0,         0,    2.19,standalone_exact_mw,6a10a1840a7277b64863681e13d5cb65ed80b6c0c130a71789e1f9b9f94c8771,"{""distance"":7,""physical_error_rate"":0.005}","{""detection_events"":265675,""detectors_checked"":14100480}"
      7168,         0,         0,   0.305,standalone_exact_mw,e5383d45c2b34399c539563e7789a53fd4b96cd0b38eade39a3cbfe07ba21ab0,"{""distance"":7,""physical_error_rate"":0.0002}","{""detection_events"":4590,""detectors_checked"":5806080}"
     27648,         0,         0,    2.24,standalone_exact_mw,3bd544bb51e006261b45d3a2c996e28fc0c0449411cee5f7deafcd25d9539ebc,"{""distance"":7,""physical_error_rate"":0.001}","{""detection_events"":86428,""detectors_checked"":22394880}"
      5120,         0,         0,   0.350,standalone_exact_mw,9d8ad86e51451842b54dafc7680d1b486ef291963bb72c70f3cdd570d2d8fa34,"{""distance"":7,""physical_error_rate"":0.002}","{""detection_events"":31856,""detectors_checked"":4147200}"
      4096,         0,         0,   0.660,standalone_exact_mw,ba5ada56442ed2ba457be44e3218b165c8a19e21146c9941e841199e65961aae,"{""distance"":7,""physical_error_rate"":0.0005}","{""detection_events"":6405,""detectors_checked"":3317760}"
     32768,         0,         0,    4.48,standalone_exact_mw,3bd544bb51e006261b45d3a2c996e28fc0c0449411cee5f7deafcd25d9539ebc,"{""distance"":7,""physical_error_rate"":0.001}","{""detection_events"":102191,""detectors_checked"":26542080}"
      9216,         0,         0,   0.607,standalone_exact_mw,3bd544bb51e006261b45d3a2c996e28fc0c0449411cee5f7deafcd25d9539ebc,"{""distance"":7,""physical_error_rate"":0.001}","{""detection_events"":28780,""detectors_checked"":7464960}"
      6144,         0,         0,   0.465,standalone_exact_mw,9d8ad86e51451842b54dafc7680d1b486ef291963bb72c70f3cdd570d2d8fa34,"{""distance"":7,""physical_error_rate"":0.002}","{""detection_events"":37617,""detectors_checked"":4976640}"
    103424,         0,         0,    3.03,standalone_exact_mw,e5383d45c2b34399c539563e7789a53fd4b96cd0b38eade39a3cbfe07ba21ab0,"{""distance"":7,""physical_error_rate"":0.0002}","{""detection_events"":64662,""detectors_checked"":83773440}"
     13312,         0,         0,   0.577,standalone_exact_mw,e5383d45c2b34399c539563e7789a53fd4b96cd0b38eade39a3cbfe07ba21ab0,"{""distance"":7,""physical_error_rate"":0.0002}","{""detection_events"":8091,""detectors_checked"":10782720}"
      5120,         0,         0,   0.583,standalone_exact_mw,127be6187b4f42ce503a2e58abe78322609c231565a94a3f55b4bab680d66d05,"{""distance"":7,""physical_error_rate"":0.01}","{""detection_events"":151388,""detectors_checked"":4147200}"
      6144,         0,         0,   0.337,standalone_exact_mw,e5383d45c2b34399c539563e7789a53fd4b96cd0b38eade39a3cbfe07ba21ab0,"{""distance"":7,""physical_error_rate"":0.0002}","{""detection_events"":3682,""detectors_checked"":4976640}"
     15360,         0,         0,    3.12,standalone_exact_mw,6a10a1840a7277b64863681e13d5cb65ed80b6c0c130a71789e1f9b9f94c8771,"{""distance"":7,""physical_error_rate"":0.005}","{""detection_events"":235429,""detectors_checked"":12441600}"
     18432,         1,         0,    2.21,standalone_exact_mw,127be6187b4f42ce503a2e58abe78322609c231565a94a3f55b4bab680d66d05,"{""distance"":7,""physical_error_rate"":0.01}","{""detection_events"":547044,""detectors_checked"":14929920,""obs_mistake_mask=E"":1}"
     29696,         0,         0,    3.20,standalone_exact_mw,ba5ada56442ed2ba457be44e3218b165c8a19e21146c9941e841199e65961aae,"{""distance"":7,""physical_error_rate"":0.0005}","{""detection_events"":46412,""detectors_checked"":24053760}"
         1,         0,         0,   0.078,standalone_exact_mw,9d8ad86e51451842b54dafc7680d1b486ef291963bb72c70f3cdd570d2d8fa34,"{""distance"":7,""physical_error_rate"":0.002}","{""detection_events"":7,""detectors_checked"":810}"
       273,         0,         0,   0.031,standalone_exact_mw,6a10a1840a7277b64863681e13d5cb65ed80b6c0c130a71789e1f9b9f94c8771,"{""distance"":7,""physical_error_rate"":0.005}","{""detection_events"":4138,""detectors_checked"":221130}"
      5120,         0,         0,   0.437,standalone_exact_mw,ba5ada56442ed2ba457be44e3218b165c8a19e21146c9941e841199e65961aae,"{""distance"":7,""physical_error_rate"":0.0005}","{""detection_events"":8314,""detectors_checked"":4147200}"
        68,         0,         0,   0.032,standalone_exact_mw,9d8ad86e51451842b54dafc7680d1b486ef291963bb72c70f3cdd570d2d8fa34,"{""distance"":7,""physical_error_rate"":0.002}","{""detection_events"":414,""detectors_checked"":55080}"
      9216,         0,         0,   0.603,standalone_exact_mw,3bd544bb51e006261b45d3a2c996e28fc0c0449411cee5f7deafcd25d9539ebc,"{""distance"":7,""physical_error_rate"":0.001}","{""detection_events"":29026,""detectors_checked"":7464960}"
     91136,         0,         0,    4.25,standalone_exact_mw,ba5ada56442ed2ba457be44e3218b165c8a19e21146c9941e841199e65961aae,"{""distance"":7,""physical_error_rate"":0.0005}","{""detection_events"":142853,""detectors_checked"":73820160}"
     13312,         0,         0,    4.39,standalone_exact_mw,3bd544bb51e006261b45d3a2c996e28fc0c0449411cee5f7deafcd25d9539ebc,"{""distance"":7,""physical_error_rate"":0.001}","{""detection_events"":40880,""detectors_checked"":10782720}"
     10240,         0,         0,    2.38,standalone_exact_mw,3bd544bb51e006261b45d3a2c996e28fc0c0449411cee5f7deafcd25d9539ebc,"{""distance"":7,""physical_error_rate"":0.001}","{""detection_events"":32139,""detectors_checked"":8294400}"
    116736,         0,         0,    4.31,standalone_exact_mw,e5383d45c2b34399c539563e7789a53fd4b96cd0b38eade39a3cbfe07ba21ab0,"{""distance"":7,""physical_error_rate"":0.0002}","{""detection_events"":72944,""detectors_checked"":94556160}"
      9216,         0,         0,    1.59,standalone_exact_mw,9d8ad86e51451842b54dafc7680d1b486ef291963bb72c70f3cdd570d2d8fa34,"{""distance"":7,""physical_error_rate"":0.002}","{""detection_events"":57344,""detectors_checked"":7464960}"
      1024,         0,         0,   0.088,standalone_exact_mw,6a10a1840a7277b64863681e13d5cb65ed80b6c0c130a71789e1f9b9f94c8771,"{""distance"":7,""physical_error_rate"":0.005}","{""detection_events"":15549,""detectors_checked"":829440}"
     28672,         0,         0,    2.18,standalone_exact_mw,6a10a1840a7277b64863681e13d5cb65ed80b6c0c130a71789e1f9b9f94c8771,"{""distance"":7,""physical_error_rate"":0.005}","{""detection_events"":439491,""detectors_checked"":23224320}"
      5120,         0,         0,   0.572,standalone_exact_mw,127be6187b4f42ce503a2e58abe78322609c231565a94a3f55b4bab680d66d05,"{""distance"":7,""physical_error_rate"":0.01}","{""detection_events"":151954,""detectors_checked"":4147200}"
     14336,         0,         0,   0.445,standalone_exact_mw,e5383d45c2b34399c539563e7789a53fd4b96cd0b38eade39a3cbfe07ba21ab0,"{""distance"":7,""physical_error_rate"":0.0002}","{""detection_events"":9007,""detectors_checked"":11612160}"
      1024,         0,         0,   0.091,standalone_exact_mw,6a10a1840a7277b64863681e13d5cb65ed80b6c0c130a71789e1f9b9f94c8771,"{""distance"":7,""physical_error_rate"":0.005}","{""detection_events"":15741,""detectors_checked"":829440}"
      5120,         0,         0,   0.465,standalone_exact_mw,9d8ad86e51451842b54dafc7680d1b486ef291963bb72c70f3cdd570d2d8fa34,"{""distance"":7,""physical_error_rate"":0.002}","{""detection_events"":31850,""detectors_checked"":4147200}"
      1024,         0,         0,   0.220,standalone_exact_mw,9d8ad86e51451842b54dafc7680d1b486ef291963bb72c70f3cdd570d2d8fa34,"{""distance"":7,""physical_error_rate"":0.002}","{""detection_events"":6343,""detectors_checked"":829440}"
      5120,         0,         0,   0.819,standalone_exact_mw,9d8ad86e51451842b54dafc7680d1b486ef291963bb72c70f3cdd570d2d8fa34,"{""distance"":7,""physical_error_rate"":0.002}","{""detection_events"":31459,""detectors_checked"":4147200}"
     45056,         0,         0,    3.08,standalone_exact_mw,ba5ada56442ed2ba457be44e3218b165c8a19e21146c9941e841199e65961aae,"{""distance"":7,""physical_error_rate"":0.0005}","{""detection_events"":70044,""detectors_checked"":36495360}"
     52224,         0,         0,    4.39,standalone_exact_mw,ba5ada56442ed2ba457be44e3218b165c8a19e21146c9941e841199e65961aae,"{""distance"":7,""physical_error_rate"":0.0005}","{""detection_events"":82168,""detectors_checked"":42301440}"
     54272,         0,         0,    3.04,standalone_exact_mw,e5383d45c2b34399c539563e7789a53fd4b96cd0b38eade39a3cbfe07ba21ab0,"{""distance"":7,""physical_error_rate"":0.0002}","{""detection_events"":34214,""detectors_checked"":43960320}"
     33792,         0,         0,    3.06,standalone_exact_mw,9d8ad86e51451842b54dafc7680d1b486ef291963bb72c70f3cdd570d2d8fa34,"{""distance"":7,""physical_error_rate"":0.002}","{""detection_events"":209744,""detectors_checked"":27371520}"
      1024,         0,         0,   0.120,standalone_exact_mw,6a10a1840a7277b64863681e13d5cb65ed80b6c0c130a71789e1f9b9f94c8771,"{""distance"":7,""physical_error_rate"":0.005}","{""detection_events"":15674,""detectors_checked"":829440}"
     41984,         4,         0,    4.31,standalone_exact_mw,127be6187b4f42ce503a2e58abe78322609c231565a94a3f55b4bab680d66d05,"{""distance"":7,""physical_error_rate"":0.01}","{""detection_events"":1247919,""detectors_checked"":34007040,""obs_mistake_mask=E"":4}"
     10240,         2,         0,    3.15,standalone_exact_mw,127be6187b4f42ce503a2e58abe78322609c231565a94a3f55b4bab680d66d05,"{""distance"":7,""physical_error_rate"":0.01}","{""detection_events"":305357,""detectors_checked"":8294400,""obs_mistake_mask=E"":2}"
      8192,         0,         0,   0.474,standalone_exact_mw,e5383d45c2b34399c539563e7789a53fd4b96cd0b38eade39a3cbfe07ba21ab0,"{""distance"":7,""physical_error_rate"":0.0002}","{""detection_events"":5388,""detectors_checked"":6635520}"
     12288,         0,         0,   0.811,standalone_exact_mw,3bd544bb51e006261b45d3a2c996e28fc0c0449411cee5f7deafcd25d9539ebc,"{""distance"":7,""physical_error_rate"":0.001}","{""detection_events"":38246,""detectors_checked"":9953280}"
     26624,         0,         0,    2.19,standalone_exact_mw,3bd544bb51e006261b45d3a2c996e28fc0c0449411cee5f7deafcd25d9539ebc,"{""distance"":7,""physical_error_rate"":0.001}","{""detection_events"":83188,""detectors_checked"":21565440}"
      7168,         0,         0,   0.573,standalone_exact_mw,9d8ad86e51451842b54dafc7680d1b486ef291963bb72c70f3cdd570d2d8fa34,"{""distance"":7,""physical_error_rate"":0.002}","{""detection_events"":44592,""detectors_checked"":5806080}"
     36864,         0,         0,    2.19,standalone_exact_mw,ba5ada56442ed2ba457be44e3218b165c8a19e21146c9941e841199e65961aae,"{""distance"":7,""physical_error_rate"":0.0005}","{""detection_events"":57657,""detectors_checked"":29859840}"
      6144,         0,         0,   0.812,standalone_exact_mw,3bd544bb51e006261b45d3a2c996e28fc0c0449411cee5f7deafcd25d9539ebc,"{""distance"":7,""physical_error_rate"":0.001}","{""detection_events"":18972,""detectors_checked"":4976640}"
     15360,         0,         0,    2.38,standalone_exact_mw,3bd544bb51e006261b45d3a2c996e28fc0c0449411cee5f7deafcd25d9539ebc,"{""distance"":7,""physical_error_rate"":0.001}","{""detection_events"":47239,""detectors_checked"":12441600}"
     15360,         0,         0,    2.24,standalone_exact_mw,ba5ada56442ed2ba457be44e3218b165c8a19e21146c9941e841199e65961aae,"{""distance"":7,""physical_error_rate"":0.0005}","{""detection_events"":24193,""detectors_checked"":12441600}"
     39936,         0,         0,    4.27,standalone_exact_mw,9d8ad86e51451842b54dafc7680d1b486ef291963bb72c70f3cdd570d2d8fa34,"{""distance"":7,""physical_error_rate"":0.002}","{""detection_events"":247125,""detectors_checked"":32348160}"
     73728,         0,         0,    4.33,standalone_exact_mw,9d8ad86e51451842b54dafc7680d1b486ef291963bb72c70f3cdd570d2d8fa34,"{""distance"":7,""physical_error_rate"":0.002}","{""detection_events"":460055,""detectors_checked"":59719680}"
      1024,         0,         0,   0.280,standalone_exact_mw,9d8ad86e51451842b54dafc7680d1b486ef291963bb72c70f3cdd570d2d8fa34,"{""distance"":7,""physical_error_rate"":0.002}","{""detection_events"":6503,""detectors_checked"":829440}"
     19456,         2,         0,    2.18,standalone_exact_mw,127be6187b4f42ce503a2e58abe78322609c231565a94a3f55b4bab680d66d05,"{""distance"":7,""physical_error_rate"":0.01}","{""detection_events"":577690,""detectors_checked"":15759360,""obs_mistake_mask=E"":2}"
     16384,         0,         0,   0.792,standalone_exact_mw,ba5ada56442ed2ba457be44e3218b165c8a19e21146c9941e841199e65961aae,"{""distance"":7,""physical_error_rate"":0.0005}","{""detection_events"":26340,""detectors_checked"":13271040}"
     32768,         0,         0,    2.19,standalone_exact_mw,9d8ad86e51451842b54dafc7680d1b486ef291963bb72c70f3cdd570d2d8fa34,"{""distance"":7,""physical_error_rate"":0.002}","{""detection_events"":203358,""detectors_checked"":26542080}"
     12288,         0,         0,   0.790,standalone_exact_mw,3bd544bb51e006261b45d3a2c996e28fc0c0449411cee5f7deafcd25d9539ebc,"{""distance"":7,""physical_error_rate"":0.001}","{""detection_events"":38132,""detectors_checked"":9953280}"
    131072,         0,         0,    4.31,standalone_exact_mw,e5383d45c2b34399c539563e7789a53fd4b96cd0b38eade39a3cbfe07ba21ab0,"{""distance"":7,""physical_error_rate"":0.0002}","{""detection_events"":82010,""detectors_checked"":106168320}"
    102400,         0,         0,    4.27,standalone_exact_mw,ba5ada56442ed2ba457be44e3218b165c8a19e21146c9941e841199e65961aae,"{""distance"":7,""physical_error_rate"":0.0005}","{""detection_events"":160397,""detectors_checked"":82944000}"
      1024,         0,         0,   0.307,standalone_exact_mw,6a10a1840a7277b64863681e13d5cb65ed80b6c0c130a71789e1f9b9f94c8771,"{""distance"":7,""physical_error_rate"":0.005}","{""detection_events"":15662,""detectors_checked"":829440}"
     74752,         0,         0,    4.33,standalone_exact_mw,9d8ad86e51451842b54dafc7680d1b486ef291963bb72c70f3cdd570d2d8fa34,"{""distance"":7,""physical_error_rate"":0.002}","{""detection_events"":464621,""detectors_checked"":60549120}"
     33792,         4,         0,    4.35,standalone_exact_mw,127be6187b4f42ce503a2e58abe78322609c231565a94a3f55b4bab680d66d05,"{""distance"":7,""physical_error_rate"":0.01}","{""detection_events"":1005563,""detectors_checked"":27371520,""obs_mistake_mask=E"":4}"
     27648,         0,         0,   0.830,standalone_exact_mw,e5383d45c2b34399c539563e7789a53fd4b96cd0b38eade39a3cbfe07ba21ab0,"{""distance"":7,""physical_error_rate"":0.0002}","{""detection_events"":17251,""detectors_checked"":22394880}"
     37888,         0,         0,    3.07,standalone_exact_mw,9d8ad86e51451842b54dafc7680d1b486ef291963bb72c70f3cdd570d2d8fa34,"{""distance"":7,""physical_error_rate"":0.002}","{""detection_events"":235902,""detectors_checked"":30689280}"
    138240,         0,         0,    4.27,standalone_exact_mw,e5383d45c2b34399c539563e7789a53fd4b96cd0b38eade39a3cbfe07ba21ab0,"{""distance"":7,""physical_error_rate"":0.0002}","{""detection_events"":86550,""detectors_checked"":111974400}"
      7168,         0,         0,   0.688,standalone_exact_mw,ba5ada56442ed2ba457be44e3218b165c8a19e21146c9941e841199e65961aae,"{""distance"":7,""physical_error_rate"":0.0005}","{""detection_events"":11406,""detectors_checked"":5806080}"
      3072,         0,         0,   0.847,standalone_exact_mw,127be6187b4f42ce503a2e58abe78322609c231565a94a3f55b4bab680d66d05,"{""distance"":7,""physical_error_rate"":0.01}","{""detection_events"":91237,""detectors_checked"":2488320}"
     51200,         0,         0,    4.30,standalone_exact_mw,3bd544bb51e006261b45d3a2c996e28fc0c0449411cee5f7deafcd25d9539ebc,"{""distance"":7,""physical_error_rate"":0.001}","{""detection_events"":160374,""detectors_checked"":41472000}"
     21504,         0,         0,    1.13,standalone_exact_mw,ba5ada56442ed2ba457be44e3218b165c8a19e21146c9941e841199e65961aae,"{""distance"":7,""physical_error_rate"":0.0005}","{""detection_events"":33731,""detectors_checked"":17418240}"
     12288,         0,         0,   0.598,standalone_exact_mw,e5383d45c2b34399c539563e7789a53fd4b96cd0b38eade39a3cbfe07ba21ab0,"{""distance"":7,""physical_error_rate"":0.0002}","{""detection_events"":7744,""detectors_checked"":9953280}"
     69632,         0,         0,    4.25,standalone_exact_mw,e5383d45c2b34399c539563e7789a53fd4b96cd0b38eade39a3cbfe07ba21ab0,"{""distance"":7,""physical_error_rate"":0.0002}","{""detection_events"":43842,""detectors_checked"":56401920}"
     25600,         0,         0,    4.36,standalone_exact_mw,9d8ad86e51451842b54dafc7680d1b486ef291963bb72c70f3cdd570d2d8fa34,"{""distance"":7,""physical_error_rate"":0.002}","{""detection_events"":157699,""detectors_checked"":20736000}"
      7168,         0,         0,   0.554,standalone_exact_mw,9d8ad86e51451842b54dafc7680d1b486ef291963bb72c70f3cdd570d2d8fa34,"{""distance"":7,""physical_error_rate"":0.002}","{""detection_events"":44606,""detectors_checked"":5806080}"
     94208,         0,         0,    4.32,standalone_exact_mw,3bd544bb51e006261b45d3a2c996e28fc0c0449411cee5f7deafcd25d9539ebc,"{""distance"":7,""physical_error_rate"":0.001}","{""detection_events"":295344,""detectors_checked"":76308480}"
     13312,         0,         0,    2.26,standalone_exact_mw,6a10a1840a7277b64863681e13d5cb65ed80b6c0c130a71789e1f9b9f94c8771,"{""distance"":7,""physical_error_rate"":0.005}","{""detection_events"":203497,""detectors_checked"":10782720}"
     12288,         0,         0,   0.790,standalone_exact_mw,3bd544bb51e006261b45d3a2c996e28fc0c0449411cee5f7deafcd25d9539ebc,"{""distance"":7,""physical_error_rate"":0.001}","{""detection_events"":38391,""detectors_checked"":9953280}"
     37888,         1,         0,    4.30,standalone_exact_mw,127be6187b4f42ce503a2e58abe78322609c231565a94a3f55b4bab680d66d05,"{""distance"":7,""physical_error_rate"":0.01}","{""detection_events"":1124432,""detectors_checked"":30689280,""obs_mistake_mask=E"":1}"
     54272,         0,         0,    4.27,standalone_exact_mw,6a10a1840a7277b64863681e13d5cb65ed80b6c0c130a71789e1f9b9f94c8771,"{""distance"":7,""physical_error_rate"":0.005}","{""detection_events"":829647,""detectors_checked"":43960320}"
     79872,         0,         0,    4.27,standalone_exact_mw,ba5ada56442ed2ba457be44e3218b165c8a19e21146c9941e841199e65961aae,"{""distance"":7,""physical_error_rate"":0.0005}","{""detection_events"":124921,""detectors_checked"":64696320}"
     41984,         1,         0,    4.69,standalone_exact_mw,127be6187b4f42ce503a2e58abe78322609c231565a94a3f55b4bab680d66d05,"{""distance"":7,""physical_error_rate"":0.01}","{""detection_events"":1248184,""detectors_checked"":34007040,""obs_mistake_mask=E"":1}"
     46080,         2,         0,    4.32,standalone_exact_mw,127be6187b4f42ce503a2e58abe78322609c231565a94a3f55b4bab680d66d05,"{""distance"":7,""physical_error_rate"":0.01}","{""detection_events"":1369220,""detectors_checked"":37324800,""obs_mistake_mask=E"":2}"
     27648,         0,         0,    4.28,standalone_exact_mw,9d8ad86e51451842b54dafc7680d1b486ef291963bb72c70f3cdd570d2d8fa34,"{""distance"":7,""physical_error_rate"":0.002}","{""detection_events"":172105,""detectors_checked"":22394880}"
     59392,         0,         0,    4.35,standalone_exact_mw,3bd544bb51e006261b45d3a2c996e28fc0c0449411cee5f7deafcd25d9539ebc,"{""distance"":7,""physical_error_rate"":0.001}","{""detection_events"":185615,""detectors_checked"":48107520}"
     11264,         0,         0,   0.618,standalone_exact_mw,e5383d45c2b34399c539563e7789a53fd4b96cd0b38eade39a3cbfe07ba21ab0,"{""distance"":7,""physical_error_rate"":0.0002}","{""detection_events"":6978,""detectors_checked"":9123840}"
     39936,         0,         0,    4.26,standalone_exact_mw,ba5ada56442ed2ba457be44e3218b165c8a19e21146c9941e841199e65961aae,"{""distance"":7,""physical_error_rate"":0.0005}","{""detection_events"":62591,""detectors_checked"":32348160}"
     10240,         1,         0,   0.826,standalone_exact_mw,127be6187b4f42ce503a2e58abe78322609c231565a94a3f55b4bab680d66d05,"{""distance"":7,""physical_error_rate"":0.01}","{""detection_events"":304029,""detectors_checked"":8294400,""obs_mistake_mask=E"":1}"
     24576,         2,         0,    4.33,standalone_exact_mw,127be6187b4f42ce503a2e58abe78322609c231565a94a3f55b4bab680d66d05,"{""distance"":7,""physical_error_rate"":0.01}","{""detection_events"":730506,""detectors_checked"":19906560,""obs_mistake_mask=E"":2}"
      1024,         0,         0,   0.489,standalone_exact_mw,9d8ad86e51451842b54dafc7680d1b486ef291963bb72c70f3cdd570d2d8fa34,"{""distance"":7,""physical_error_rate"":0.002}","{""detection_events"":6334,""detectors_checked"":829440}"
    105472,         0,         0,    4.19,standalone_exact_mw,e5383d45c2b34399c539563e7789a53fd4b96cd0b38eade39a3cbfe07ba21ab0,"{""distance"":7,""physical_error_rate"":0.0002}","{""detection_events"":65545,""detectors_checked"":85432320}"
     44032,         0,         0,    4.29,standalone_exact_mw,6a10a1840a7277b64863681e13d5cb65ed80b6c0c130a71789e1f9b9f94c8771,"{""distance"":7,""physical_error_rate"":0.005}","{""detection_events"":671632,""detectors_checked"":35665920}"
     26624,         3,         0,    3.08,standalone_exact_mw,127be6187b4f42ce503a2e58abe78322609c231565a94a3f55b4bab680d66d05,"{""distance"":7,""physical_error_rate"":0.01}","{""detection_events"":790554,""detectors_checked"":21565440,""obs_mistake_mask=E"":3}"
     84992,         0,         0,    4.29,standalone_exact_mw,6a10a1840a7277b64863681e13d5cb65ed80b6c0c130a71789e1f9b9f94c8771,"{""distance"":7,""physical_error_rate"":0.005}","{""detection_events"":1297128,""detectors_checked"":68843520}"
     36864,         5,         0,    4.32,standalone_exact_mw,127be6187b4f42ce503a2e58abe78322609c231565a94a3f55b4bab680d66d05,"{""distance"":7,""physical_error_rate"":0.01}","{""detection_events"":1097293,""detectors_checked"":29859840,""obs_mistake_mask=E"":5}"
     11264,         0,         0,   0.870,standalone_exact_mw,9d8ad86e51451842b54dafc7680d1b486ef291963bb72c70f3cdd570d2d8fa34,"{""distance"":7,""physical_error_rate"":0.002}","{""detection_events"":70103,""detectors_checked"":9123840}"
     15360,         0,         0,    2.19,standalone_exact_mw,e5383d45c2b34399c539563e7789a53fd4b96cd0b38eade39a3cbfe07ba21ab0,"{""distance"":7,""physical_error_rate"":0.0002}","{""detection_events"":9322,""detectors_checked"":12441600}"
      1024,         0,         0,   0.675,standalone_exact_mw,6a10a1840a7277b64863681e13d5cb65ed80b6c0c130a71789e1f9b9f94c8771,"{""distance"":7,""physical_error_rate"":0.005}","{""detection_events"":15500,""detectors_checked"":829440}"
     50176,         0,         0,    4.29,standalone_exact_mw,e5383d45c2b34399c539563e7789a53fd4b96cd0b38eade39a3cbfe07ba21ab0,"{""distance"":7,""physical_error_rate"":0.0002}","{""detection_events"":31303,""detectors_checked"":40642560}"
     52224,         0,         0,    4.26,standalone_exact_mw,3bd544bb51e006261b45d3a2c996e28fc0c0449411cee5f7deafcd25d9539ebc,"{""distance"":7,""physical_error_rate"":0.001}","{""detection_events"":162760,""detectors_checked"":42301440}"
     14336,         0,         0,    1.16,standalone_exact_mw,9d8ad86e51451842b54dafc7680d1b486ef291963bb72c70f3cdd570d2d8fa34,"{""distance"":7,""physical_error_rate"":0.002}","{""detection_events"":89378,""detectors_checked"":11612160}"
     14336,         0,         0,   0.816,standalone_exact_mw,ba5ada56442ed2ba457be44e3218b165c8a19e21146c9941e841199e65961aae,"{""distance"":7,""physical_error_rate"":0.0005}","{""detection_events"":22564,""detectors_checked"":11612160}"
     17408,         0,         0,    1.16,standalone_exact_mw,3bd544bb51e006261b45d3a2c996e28fc0c0449411cee5f7deafcd25d9539ebc,"{""distance"":7,""physical_error_rate"":0.001}","{""detection_events"":54473,""detectors_checked"":14100480}"
     21504,         3,         0,    3.06,standalone_exact_mw,127be6187b4f42ce503a2e58abe78322609c231565a94a3f55b4bab680d66d05,"{""distance"":7,""physical_error_rate"":0.01}","{""detection_events"":636640,""detectors_checked"":17418240,""obs_mistake_mask=E"":3}"
      8192,         0,         0,    3.46,standalone_exact_mw,127be6187b4f42ce503a2e58abe78322609c231565a94a3f55b4bab680d66d05,"{""distance"":7,""physical_error_rate"":0.01}","{""detection_events"":242738,""detectors_checked"":6635520}"
     15360,         0,         0,   0.802,standalone_exact_mw,e5383d45c2b34399c539563e7789a53fd4b96cd0b38eade39a3cbfe07ba21ab0,"{""distance"":7,""physical_error_rate"":0.0002}","{""detection_events"":9678,""detectors_checked"":12441600}"
      1024,         0,         0,   0.541,standalone_exact_mw,9d8ad86e51451842b54dafc7680d1b486ef291963bb72c70f3cdd570d2d8fa34,"{""distance"":7,""physical_error_rate"":0.002}","{""detection_events"":6367,""detectors_checked"":829440}"
     25600,         0,         0,    4.55,standalone_exact_mw,3bd544bb51e006261b45d3a2c996e28fc0c0449411cee5f7deafcd25d9539ebc,"{""distance"":7,""physical_error_rate"":0.001}","{""detection_events"":79870,""detectors_checked"":20736000}"
     15360,         0,         0,    1.18,standalone_exact_mw,3bd544bb51e006261b45d3a2c996e28fc0c0449411cee5f7deafcd25d9539ebc,"{""distance"":7,""physical_error_rate"":0.001}","{""detection_events"":48659,""detectors_checked"":12441600}"
     14336,         0,         0,   0.806,standalone_exact_mw,9d8ad86e51451842b54dafc7680d1b486ef291963bb72c70f3cdd570d2d8fa34,"{""distance"":7,""physical_error_rate"":0.002}","{""detection_events"":88877,""detectors_checked"":11612160}"
     23552,         0,         0,    4.33,standalone_exact_mw,9d8ad86e51451842b54dafc7680d1b486ef291963bb72c70f3cdd570d2d8fa34,"{""distance"":7,""physical_error_rate"":0.002}","{""detection_events"":146251,""detectors_checked"":19077120}"
     61440,         0,         0,    4.29,standalone_exact_mw,9d8ad86e51451842b54dafc7680d1b486ef291963bb72c70f3cdd570d2d8fa34,"{""distance"":7,""physical_error_rate"":0.002}","{""detection_events"":382133,""detectors_checked"":49766400}"
     30720,         0,         0,    3.27,standalone_exact_mw,ba5ada56442ed2ba457be44e3218b165c8a19e21146c9941e841199e65961aae,"{""distance"":7,""physical_error_rate"":0.0005}","{""detection_events"":47709,""detectors_checked"":24883200}"
     31744,         0,         0,    4.30,standalone_exact_mw,e5383d45c2b34399c539563e7789a53fd4b96cd0b38eade39a3cbfe07ba21ab0,"{""distance"":7,""physical_error_rate"":0.0002}","{""detection_events"":19754,""detectors_checked"":25712640}"
      1024,         0,         0,   0.105,standalone_exact_mw,9d8ad86e51451842b54dafc7680d1b486ef291963bb72c70f3cdd570d2d8fa34,"{""distance"":7,""physical_error_rate"":0.002}","{""detection_events"":6339,""detectors_checked"":829440}"
     17408,         0,         0,    1.13,standalone_exact_mw,3bd544bb51e006261b45d3a2c996e28fc0c0449411cee5f7deafcd25d9539ebc,"{""distance"":7,""physical_error_rate"":0.001}","{""detection_events"":54151,""detectors_checked"":14100480}"
     19456,         0,         0,    3.13,standalone_exact_mw,6a10a1840a7277b64863681e13d5cb65ed80b6c0c130a71789e1f9b9f94c8771,"{""distance"":7,""physical_error_rate"":0.005}","{""detection_events"":296617,""detectors_checked"":15759360}"
     14336,         0,         0,    1.19,standalone_exact_mw,ba5ada56442ed2ba457be44e3218b165c8a19e21146c9941e841199e65961aae,"{""distance"":7,""physical_error_rate"":0.0005}","{""detection_events"":22544,""detectors_checked"":11612160}"
     15360,         2,         0,    4.35,standalone_exact_mw,127be6187b4f42ce503a2e58abe78322609c231565a94a3f55b4bab680d66d05,"{""distance"":7,""physical_error_rate"":0.01}","{""detection_events"":456296,""detectors_checked"":12441600,""obs_mistake_mask=E"":2}"
     53248,         0,         0,    4.43,standalone_exact_mw,ba5ada56442ed2ba457be44e3218b165c8a19e21146c9941e841199e65961aae,"{""distance"":7,""physical_error_rate"":0.0005}","{""detection_events"":83533,""detectors_checked"":43130880}"
      2048,         0,         0,   0.115,standalone_exact_mw,9d8ad86e51451842b54dafc7680d1b486ef291963bb72c70f3cdd570d2d8fa34,"{""distance"":7,""physical_error_rate"":0.002}","{""detection_events"":12966,""detectors_checked"":1658880}"
     28672,         0,         0,    1.15,standalone_exact_mw,e5383d45c2b34399c539563e7789a53fd4b96cd0b38eade39a3cbfe07ba21ab0,"{""distance"":7,""physical_error_rate"":0.0002}","{""detection_events"":18043,""detectors_checked"":23224320}"
     47104,         0,         0,    3.15,standalone_exact_mw,e5383d45c2b34399c539563e7789a53fd4b96cd0b38eade39a3cbfe07ba21ab0,"{""distance"":7,""physical_error_rate"":0.0002}","{""detection_events"":29735,""detectors_checked"":38154240}"
     58368,         0,         0,    3.08,standalone_exact_mw,ba5ada56442ed2ba457be44e3218b165c8a19e21146c9941e841199e65961aae,"{""distance"":7,""physical_error_rate"":0.0005}","{""detection_events"":92138,""detectors_checked"":47278080}"
     15360,         0,         0,   0.867,standalone_exact_mw,e5383d45c2b34399c539563e7789a53fd4b96cd0b38eade39a3cbfe07ba21ab0,"{""distance"":7,""physical_error_rate"":0.0002}","{""detection_events"":9644,""detectors_checked"":12441600}"
      1024,         0,         0,   0.589,standalone_exact_mw,6a10a1840a7277b64863681e13d5cb65ed80b6c0c130a71789e1f9b9f94c8771,"{""distance"":7,""physical_error_rate"":0.005}","{""detection_events"":15616,""detectors_checked"":829440}"
     80896,         0,         0,    4.40,standalone_exact_mw,3bd544bb51e006261b45d3a2c996e28fc0c0449411cee5f7deafcd25d9539ebc,"{""distance"":7,""physical_error_rate"":0.001}","{""detection_events"":253250,""detectors_checked"":65525760}"
     59392,         0,         0,    3.06,standalone_exact_mw,e5383d45c2b34399c539563e7789a53fd4b96cd0b38eade39a3cbfe07ba21ab0,"{""distance"":7,""physical_error_rate"":0.0002}","{""detection_events"":37152,""detectors_checked"":48107520}"
     44032,         2,         0,    4.34,standalone_exact_mw,127be6187b4f42ce503a2e58abe78322609c231565a94a3f55b4bab680d66d05,"{""distance"":7,""physical_error_rate"":0.01}","{""detection_events"":1308073,""detectors_checked"":35665920,""obs_mistake_mask=E"":2}"
     17408,         0,         0,    3.08,standalone_exact_mw,6a10a1840a7277b64863681e13d5cb65ed80b6c0c130a71789e1f9b9f94c8771,"{""distance"":7,""physical_error_rate"":0.005}","{""detection_events"":265150,""detectors_checked"":14100480}"
     17408,         0,         0,    1.14,standalone_exact_mw,3bd544bb51e006261b45d3a2c996e28fc0c0449411cee5f7deafcd25d9539ebc,"{""distance"":7,""physical_error_rate"":0.001}","{""detection_events"":53684,""detectors_checked"":14100480}"
     34816,         0,         0,    4.49,standalone_exact_mw,6a10a1840a7277b64863681e13d5cb65ed80b6c0c130a71789e1f9b9f94c8771,"{""distance"":7,""physical_error_rate"":0.005}","{""detection_events"":529812,""detectors_checked"":28200960}"
     50176,         0,         0,    3.04,standalone_exact_mw,3bd544bb51e006261b45d3a2c996e28fc0c0449411cee5f7deafcd25d9539ebc,"{""distance"":7,""physical_error_rate"":0.001}","{""detection_events"":156117,""detectors_checked"":40642560}"
      2048,         0,         0,   0.132,standalone_exact_mw,6a10a1840a7277b64863681e13d5cb65ed80b6c0c130a71789e1f9b9f94c8771,"{""distance"":7,""physical_error_rate"":0.005}","{""detection_events"":31210,""detectors_checked"":1658880}"
     22528,         0,         0,    4.40,standalone_exact_mw,6a10a1840a7277b64863681e13d5cb65ed80b6c0c130a71789e1f9b9f94c8771,"{""distance"":7,""physical_error_rate"":0.005}","{""detection_events"":344070,""detectors_checked"":18247680}"
     11264,         2,         0,    1.13,standalone_exact_mw,127be6187b4f42ce503a2e58abe78322609c231565a94a3f55b4bab680d66d05,"{""distance"":7,""physical_error_rate"":0.01}","{""detection_events"":335133,""detectors_checked"":9123840,""obs_mistake_mask=E"":2}"
     73728,         0,         0,    4.33,standalone_exact_mw,ba5ada56442ed2ba457be44e3218b165c8a19e21146c9941e841199e65961aae,"{""distance"":7,""physical_error_rate"":0.0005}","{""detection_events"":115571,""detectors_checked"":59719680}"
      2048,         0,         0,   0.365,standalone_exact_mw,9d8ad86e51451842b54dafc7680d1b486ef291963bb72c70f3cdd570d2d8fa34,"{""distance"":7,""physical_error_rate"":0.002}","{""detection_events"":12786,""detectors_checked"":1658880}"
         1,         0,         0,   0.039,standalone_exact_mw,6a10a1840a7277b64863681e13d5cb65ed80b6c0c130a71789e1f9b9f94c8771,"{""distance"":7,""physical_error_rate"":0.005}","{""detection_events"":16,""detectors_checked"":810}"
      3072,         1,         0,    1.52,standalone_exact_mw,127be6187b4f42ce503a2e58abe78322609c231565a94a3f55b4bab680d66d05,"{""distance"":7,""physical_error_rate"":0.01}","{""detection_events"":90585,""detectors_checked"":2488320,""obs_mistake_mask=E"":1}"
     38912,         0,         0,    3.10,standalone_exact_mw,6a10a1840a7277b64863681e13d5cb65ed80b6c0c130a71789e1f9b9f94c8771,"{""distance"":7,""physical_error_rate"":0.005}","{""detection_events"":594078,""detectors_checked"":31518720}"
       136,         0,         0,   0.042,standalone_exact_mw,6a10a1840a7277b64863681e13d5cb65ed80b6c0c130a71789e1f9b9f94c8771,"{""distance"":7,""physical_error_rate"":0.005}","{""detection_events"":2100,""detectors_checked"":110160}"
     29696,         0,         0,    4.54,standalone_exact_mw,9d8ad86e51451842b54dafc7680d1b486ef291963bb72c70f3cdd570d2d8fa34,"{""distance"":7,""physical_error_rate"":0.002}","{""detection_events"":185774,""detectors_checked"":24053760}"
      3072,         0,         0,   0.197,standalone_exact_mw,6a10a1840a7277b64863681e13d5cb65ed80b6c0c130a71789e1f9b9f94c8771,"{""distance"":7,""physical_error_rate"":0.005}","{""detection_events"":46989,""detectors_checked"":2488320}"
     52224,         0,         0,    3.09,standalone_exact_mw,e5383d45c2b34399c539563e7789a53fd4b96cd0b38eade39a3cbfe07ba21ab0,"{""distance"":7,""physical_error_rate"":0.0002}","{""detection_events"":32871,""detectors_checked"":42301440}"
     27648,         2,         0,    4.34,standalone_exact_mw,127be6187b4f42ce503a2e58abe78322609c231565a94a3f55b4bab680d66d05,"{""distance"":7,""physical_error_rate"":0.01}","{""detection_events"":823064,""detectors_checked"":22394880,""obs_mistake_mask=E"":2}"
     29696,         0,         0,    1.56,standalone_exact_mw,ba5ada56442ed2ba457be44e3218b165c8a19e21146c9941e841199e65961aae,"{""distance"":7,""physical_error_rate"":0.0005}","{""detection_events"":46692,""detectors_checked"":24053760}"
     12288,         0,         0,    4.59,standalone_exact_mw,6a10a1840a7277b64863681e13d5cb65ed80b6c0c130a71789e1f9b9f94c8771,"{""distance"":7,""physical_error_rate"":0.005}","{""detection_events"":188833,""detectors_checked"":9953280}"
      1024,         0,         0,   0.108,standalone_exact_mw,6a10a1840a7277b64863681e13d5cb65ed80b6c0c130a71789e1f9b9f94c8771,"{""distance"":7,""physical_error_rate"":0.005}","{""detection_events"":15636,""detectors_checked"":829440}"
     16384,         1,         0,    3.16,standalone_exact_mw,127be6187b4f42ce503a2e58abe78322609c231565a94a3f55b4bab680d66d05,"{""distance"":7,""physical_error_rate"":0.01}","{""detection_events"":484997,""detectors_checked"":13271040,""obs_mistake_mask=E"":1}"
      1024,         0,         0,   0.238,standalone_exact_mw,9d8ad86e51451842b54dafc7680d1b486ef291963bb72c70f3cdd570d2d8fa34,"{""distance"":7,""physical_error_rate"":0.002}","{""detection_events"":6421,""detectors_checked"":829440}"
     27648,         0,         0,    3.09,standalone_exact_mw,9d8ad86e51451842b54dafc7680d1b486ef291963bb72c70f3cdd570d2d8fa34,"{""distance"":7,""physical_error_rate"":0.002}","{""detection_events"":171488,""detectors_checked"":22394880}"
     14336,         0,         0,    1.17,standalone_exact_mw,9d8ad86e51451842b54dafc7680d1b486ef291963bb72c70f3cdd570d2d8fa34,"{""distance"":7,""physical_error_rate"":0.002}","{""detection_events"":89328,""detectors_checked"":11612160}"
     15360,         0,         0,    4.32,standalone_exact_mw,6a10a1840a7277b64863681e13d5cb65ed80b6c0c130a71789e1f9b9f94c8771,"{""distance"":7,""physical_error_rate"":0.005}","{""detection_events"":233939,""detectors_checked"":12441600}"
     27648,         0,         0,    3.07,standalone_exact_mw,9d8ad86e51451842b54dafc7680d1b486ef291963bb72c70f3cdd570d2d8fa34,"{""distance"":7,""physical_error_rate"":0.002}","{""detection_events"":172356,""detectors_checked"":22394880}"
      1024,         0,         0,   0.153,standalone_exact_mw,6a10a1840a7277b64863681e13d5cb65ed80b6c0c130a71789e1f9b9f94c8771,"{""distance"":7,""physical_error_rate"":0.005}","{""detection_events"":15546,""detectors_checked"":829440}"
      4096,         0,         0,   0.262,standalone_exact_mw,6a10a1840a7277b64863681e13d5cb65ed80b6c0c130a71789e1f9b9f94c8771,"{""distance"":7,""physical_error_rate"":0.005}","{""detection_events"":62221,""detectors_checked"":3317760}"
      9216,         0,         0,    2.47,standalone_exact_mw,9d8ad86e51451842b54dafc7680d1b486ef291963bb72c70f3cdd570d2d8fa34,"{""distance"":7,""physical_error_rate"":0.002}","{""detection_events"":57002,""detectors_checked"":7464960}"
     66560,         0,         0,    4.27,standalone_exact_mw,e5383d45c2b34399c539563e7789a53fd4b96cd0b38eade39a3cbfe07ba21ab0,"{""distance"":7,""physical_error_rate"":0.0002}","{""detection_events"":41859,""detectors_checked"":53913600}"
     29696,         0,         0,    3.08,standalone_exact_mw,e5383d45c2b34399c539563e7789a53fd4b96cd0b38eade39a3cbfe07ba21ab0,"{""distance"":7,""physical_error_rate"":0.0002}","{""detection_events"":18652,""detectors_checked"":24053760}"
     16384,         0,         0,    1.15,standalone_exact_mw,ba5ada56442ed2ba457be44e3218b165c8a19e21146c9941e841199e65961aae,"{""distance"":7,""physical_error_rate"":0.0005}","{""detection_events"":25302,""detectors_checked"":13271040}"
     55296,         0,         0,    4.30,standalone_exact_mw,e5383d45c2b34399c539563e7789a53fd4b96cd0b38eade39a3cbfe07ba21ab0,"{""distance"":7,""physical_error_rate"":0.0002}","{""detection_events"":34199,""detectors_checked"":44789760}"
     14336,         0,         0,    4.62,standalone_exact_mw,6a10a1840a7277b64863681e13d5cb65ed80b6c0c130a71789e1f9b9f94c8771,"{""distance"":7,""physical_error_rate"":0.005}","{""detection_events"":219200,""detectors_checked"":11612160}"
      1024,         0,         0,   0.210,standalone_exact_mw,6a10a1840a7277b64863681e13d5cb65ed80b6c0c130a71789e1f9b9f94c8771,"{""distance"":7,""physical_error_rate"":0.005}","{""detection_events"":15668,""detectors_checked"":829440}"
     20480,         0,         0,    1.16,standalone_exact_mw,e5383d45c2b34399c539563e7789a53fd4b96cd0b38eade39a3cbfe07ba21ab0,"{""distance"":7,""physical_error_rate"":0.0002}","{""detection_events"":12776,""detectors_checked"":16588800}"
     26624,         0,         0,    3.03,standalone_exact_mw,6a10a1840a7277b64863681e13d5cb65ed80b6c0c130a71789e1f9b9f94c8771,"{""distance"":7,""physical_error_rate"":0.005}","{""detection_events"":405130,""detectors_checked"":21565440}"
     20480,         0,         0,    1.13,standalone_exact_mw,9d8ad86e51451842b54dafc7680d1b486ef291963bb72c70f3cdd570d2d8fa34,"{""distance"":7,""physical_error_rate"":0.002}","{""detection_events"":127652,""detectors_checked"":16588800}"
     51200,         0,         0,    3.06,standalone_exact_mw,3bd544bb51e006261b45d3a2c996e28fc0c0449411cee5f7deafcd25d9539ebc,"{""distance"":7,""physical_error_rate"":0.001}","{""detection_events"":160698,""detectors_checked"":41472000}"
      2048,         0,         0,   0.447,standalone_exact_mw,9d8ad86e51451842b54dafc7680d1b486ef291963bb72c70f3cdd570d2d8fa34,"{""distance"":7,""physical_error_rate"":0.002}","{""detection_events"":12772,""detectors_checked"":1658880}"
      2048,         0,         0,   0.336,standalone_exact_mw,6a10a1840a7277b64863681e13d5cb65ed80b6c0c130a71789e1f9b9f94c8771,"{""distance"":7,""physical_error_rate"":0.005}","{""detection_events"":31002,""detectors_checked"":1658880}"
     29696,         0,         0,    3.33,standalone_exact_mw,3bd544bb51e006261b45d3a2c996e28fc0c0449411cee5f7deafcd25d9539ebc,"{""distance"":7,""physical_error_rate"":0.001}","{""detection_events"":92068,""detectors_checked"":24053760}"
      1024,         0,         0,   0.217,standalone_exact_mw,6a10a1840a7277b64863681e13d5cb65ed80b6c0c130a71789e1f9b9f94c8771,"{""distance"":7,""physical_error_rate"":0.005}","{""detection_events"":15709,""detectors_checked"":829440}"
     64512,         0,         0,    4.40,standalone_exact_mw,e5383d45c2b34399c539563e7789a53fd4b96cd0b38eade39a3cbfe07ba21ab0,"{""distance"":7,""physical_error_rate"":0.0002}","{""detection_events"":40366,""detectors_checked"":52254720}"
     20480,         0,         0,    1.13,standalone_exact_mw,e5383d45c2b34399c539563e7789a53fd4b96cd0b38eade39a3cbfe07ba21ab0,"{""distance"":7,""physical_error_rate"":0.0002}","{""detection_events"":12486,""detectors_checked"":16588800}"
     28672,         0,         0,    1.61,standalone_exact_mw,9d8ad86e51451842b54dafc7680d1b486ef291963bb72c70f3cdd570d2d8fa34,"{""distance"":7,""physical_error_rate"":0.002}","{""detection_events"":178248,""detectors_checked"":23224320}"
     50176,         0,         0,    4.61,standalone_exact_mw,6a10a1840a7277b64863681e13d5cb65ed80b6c0c130a71789e1f9b9f94c8771,"{""distance"":7,""physical_error_rate"":0.005}","{""detection_events"":765180,""detectors_checked"":40642560}"
     28672,         2,         0,    3.17,standalone_exact_mw,127be6187b4f42ce503a2e58abe78322609c231565a94a3f55b4bab680d66d05,"{""distance"":7,""physical_error_rate"":0.01}","{""detection_events"":849963,""detectors_checked"":23224320,""obs_mistake_mask=E"":2}"
     35840,         0,         0,    4.41,standalone_exact_mw,9d8ad86e51451842b54dafc7680d1b486ef291963bb72c70f3cdd570d2d8fa34,"{""distance"":7,""physical_error_rate"":0.002}","{""detection_events"":222878,""detectors_checked"":29030400}"
      1024,         0,         0,   0.210,standalone_exact_mw,6a10a1840a7277b64863681e13d5cb65ed80b6c0c130a71789e1f9b9f94c8771,"{""distance"":7,""physical_error_rate"":0.005}","{""detection_events"":15693,""detectors_checked"":829440}"
     25600,         0,         0,    1.54,standalone_exact_mw,3bd544bb51e006261b45d3a2c996e28fc0c0449411cee5f7deafcd25d9539ebc,"{""distance"":7,""physical_error_rate"":0.001}","{""detection_events"":79799,""detectors_checked"":20736000}"
     22528,         0,         0,    3.10,standalone_exact_mw,3bd544bb51e006261b45d3a2c996e28fc0c0449411cee5f7deafcd25d9539ebc,"{""distance"":7,""physical_error_rate"":0.001}","{""detection_events"":70207,""detectors_checked"":18247680}"
     35840,         0,         0,    3.09,standalone_exact_mw,6a10a1840a7277b64863681e13d5cb65ed80b6c0c130a71789e1f9b9f94c8771,"{""distance"":7,""physical_error_rate"":0.005}","{""detection_events"":547441,""detectors_checked"":29030400}"
      2048,         0,         0,   0.410,standalone_exact_mw,9d8ad86e51451842b54dafc7680d1b486ef291963bb72c70f3cdd570d2d8fa34,"{""distance"":7,""physical_error_rate"":0.002}","{""detection_events"":12876,""detectors_checked"":1658880}"
     54272,         0,         0,    4.33,standalone_exact_mw,9d8ad86e51451842b54dafc7680d1b486ef291963bb72c70f3cdd570d2d8fa34,"{""distance"":7,""physical_error_rate"":0.002}","{""detection_events"":338356,""detectors_checked"":43960320}"
      9216,         0,         0,    1.78,standalone_exact_mw,3bd544bb51e006261b45d3a2c996e28fc0c0449411cee5f7deafcd25d9539ebc,"{""distance"":7,""physical_error_rate"":0.001}","{""detection_events"":28728,""detectors_checked"":7464960}"
     24576,         0,         0,    1.62,standalone_exact_mw,3bd544bb51e006261b45d3a2c996e28fc0c0449411cee5f7deafcd25d9539ebc,"{""distance"":7,""physical_error_rate"":0.001}","{""detection_events"":76914,""detectors_checked"":19906560}"
      1024,         0,         0,   0.233,standalone_exact_mw,6a10a1840a7277b64863681e13d5cb65ed80b6c0c130a71789e1f9b9f94c8771,"{""distance"":7,""physical_error_rate"":0.005}","{""detection_events"":15452,""detectors_checked"":829440}"
      7168,         0,         0,    1.67,standalone_exact_mw,ba5ada56442ed2ba457be44e3218b165c8a19e21146c9941e841199e65961aae,"{""distance"":7,""physical_error_rate"":0.0005}","{""detection_events"":11470,""detectors_checked"":5806080}"
     59392,         0,         0,    1.62,standalone_exact_mw,e5383d45c2b34399c539563e7789a53fd4b96cd0b38eade39a3cbfe07ba21ab0,"{""distance"":7,""physical_error_rate"":0.0002}","{""detection_events"":36967,""detectors_checked"":48107520}"
     78848,         0,         0,    3.05,standalone_exact_mw,ba5ada56442ed2ba457be44e3218b165c8a19e21146c9941e841199e65961aae,"{""distance"":7,""physical_error_rate"":0.0005}","{""detection_events"":123298,""detectors_checked"":63866880}"
     53248,         0,         0,    3.11,standalone_exact_mw,3bd544bb51e006261b45d3a2c996e28fc0c0449411cee5f7deafcd25d9539ebc,"{""distance"":7,""physical_error_rate"":0.001}","{""detection_events"":165190,""detectors_checked"":43130880}"
     24576,         0,         0,    1.60,standalone_exact_mw,3bd544bb51e006261b45d3a2c996e28fc0c0449411cee5f7deafcd25d9539ebc,"{""distance"":7,""physical_error_rate"":0.001}","{""detection_events"":76598,""detectors_checked"":19906560}"
     17408,         0,         0,    3.13,standalone_exact_mw,ba5ada56442ed2ba457be44e3218b165c8a19e21146c9941e841199e65961aae,"{""distance"":7,""physical_error_rate"":0.0005}","{""detection_events"":27390,""detectors_checked"":14100480}"
      1024,         0,         0,   0.259,standalone_exact_mw,6a10a1840a7277b64863681e13d5cb65ed80b6c0c130a71789e1f9b9f94c8771,"{""distance"":7,""physical_error_rate"":0.005}","{""detection_events"":15531,""detectors_checked"":829440}"
     66560,         3,         0,    4.28,standalone_exact_mw,6a10a1840a7277b64863681e13d5cb65ed80b6c0c130a71789e1f9b9f94c8771,"{""distance"":7,""physical_error_rate"":0.005}","{""detection_events"":1016641,""detectors_checked"":53913600,""obs_mistake_mask=E"":3}"
     28672,         5,         0,    3.12,standalone_exact_mw,127be6187b4f42ce503a2e58abe78322609c231565a94a3f55b4bab680d66d05,"{""distance"":7,""physical_error_rate"":0.01}","{""detection_events"":850980,""detectors_checked"":23224320,""obs_mistake_mask=E"":5}"
     22528,         0,         0,    3.11,standalone_exact_mw,9d8ad86e51451842b54dafc7680d1b486ef291963bb72c70f3cdd570d2d8fa34,"{""distance"":7,""physical_error_rate"":0.002}","{""detection_events"":140021,""detectors_checked"":18247680}"
     17408,         0,         0,    3.25,standalone_exact_mw,3bd544bb51e006261b45d3a2c996e28fc0c0449411cee5f7deafcd25d9539ebc,"{""distance"":7,""physical_error_rate"":0.001}","{""detection_events"":54617,""detectors_checked"":14100480}"
      3072,         0,         0,   0.828,standalone_exact_mw,6a10a1840a7277b64863681e13d5cb65ed80b6c0c130a71789e1f9b9f94c8771,"{""distance"":7,""physical_error_rate"":0.005}","{""detection_events"":47586,""detectors_checked"":2488320}"
     58368,         0,         0,    4.28,standalone_exact_mw,3bd544bb51e006261b45d3a2c996e28fc0c0449411cee5f7deafcd25d9539ebc,"{""distance"":7,""physical_error_rate"":0.001}","{""detection_events"":182050,""detectors_checked"":47278080}"
      7168,         1,         0,    1.60,standalone_exact_mw,127be6187b4f42ce503a2e58abe78322609c231565a94a3f55b4bab680d66d05,"{""distance"":7,""physical_error_rate"":0.01}","{""detection_events"":212658,""detectors_checked"":5806080,""obs_mistake_mask=E"":1}"
     69632,         0,         0,    4.30,standalone_exact_mw,ba5ada56442ed2ba457be44e3218b165c8a19e21146c9941e841199e65961aae,"{""distance"":7,""physical_error_rate"":0.0005}","{""detection_events"":108643,""detectors_checked"":56401920}"
     49152,         5,         0,    4.27,standalone_exact_mw,127be6187b4f42ce503a2e58abe78322609c231565a94a3f55b4bab680d66d05,"{""distance"":7,""physical_error_rate"":0.01}","{""detection_events"":1462587,""detectors_checked"":39813120,""obs_mistake_mask=E"":5}"
     65536,         0,         0,    4.30,standalone_exact_mw,3bd544bb51e006261b45d3a2c996e28fc0c0449411cee5f7deafcd25d9539ebc,"{""distance"":7,""physical_error_rate"":0.001}","{""detection_events"":204576,""detectors_checked"":53084160}"
      4096,         0,         0,    1.64,standalone_exact_mw,127be6187b4f42ce503a2e58abe78322609c231565a94a3f55b4bab680d66d05,"{""distance"":7,""physical_error_rate"":0.01}","{""detection_events"":121710,""detectors_checked"":3317760}"
      1024,         0,         0,   0.237,standalone_exact_mw,6a10a1840a7277b64863681e13d5cb65ed80b6c0c130a71789e1f9b9f94c8771,"{""distance"":7,""physical_error_rate"":0.005}","{""detection_events"":15837,""detectors_checked"":829440}"
      5120,         0,         0,   0.631,standalone_exact_mw,9d8ad86e51451842b54dafc7680d1b486ef291963bb72c70f3cdd570d2d8fa34,"{""distance"":7,""physical_error_rate"":0.002}","{""detection_events"":31601,""detectors_checked"":4147200}"
     75776,         0,         0,    4.28,standalone_exact_mw,ba5ada56442ed2ba457be44e3218b165c8a19e21146c9941e841199e65961aae,"{""distance"":7,""physical_error_rate"":0.0005}","{""detection_events"":119110,""detectors_checked"":61378560}"
     47104,         1,         0,    3.09,standalone_exact_mw,6a10a1840a7277b64863681e13d5cb65ed80b6c0c130a71789e1f9b9f94c8771,"{""distance"":7,""physical_error_rate"":0.005}","{""detection_events"":718199,""detectors_checked"":38154240,""obs_mistake_mask=E"":1}"
     16384,         0,         0,    1.65,standalone_exact_mw,9d8ad86e51451842b54dafc7680d1b486ef291963bb72c70f3cdd570d2d8fa34,"{""distance"":7,""physical_error_rate"":0.002}","{""detection_events"":102951,""detectors_checked"":13271040}"
    126976,         0,         0,    4.28,standalone_exact_mw,e5383d45c2b34399c539563e7789a53fd4b96cd0b38eade39a3cbfe07ba21ab0,"{""distance"":7,""physical_error_rate"":0.0002}","{""detection_events"":79158,""detectors_checked"":102850560}"
     25600,         0,         0,    4.24,standalone_exact_mw,ba5ada56442ed2ba457be44e3218b165c8a19e21146c9941e841199e65961aae,"{""distance"":7,""physical_error_rate"":0.0005}","{""detection_events"":39876,""detectors_checked"":20736000}"
     33792,         1,         0,    4.30,standalone_exact_mw,6a10a1840a7277b64863681e13d5cb65ed80b6c0c130a71789e1f9b9f94c8771,"{""distance"":7,""physical_error_rate"":0.005}","{""detection_events"":515459,""detectors_checked"":27371520,""obs_mistake_mask=E"":1}"
     22528,         0,         0,    1.56,standalone_exact_mw,ba5ada56442ed2ba457be44e3218b165c8a19e21146c9941e841199e65961aae,"{""distance"":7,""physical_error_rate"":0.0005}","{""detection_events"":35159,""detectors_checked"":18247680}"
      2048,         0,         0,   0.423,standalone_exact_mw,6a10a1840a7277b64863681e13d5cb65ed80b6c0c130a71789e1f9b9f94c8771,"{""distance"":7,""physical_error_rate"":0.005}","{""detection_events"":31463,""detectors_checked"":1658880}"
      3072,         0,         0,   0.596,standalone_exact_mw,6a10a1840a7277b64863681e13d5cb65ed80b6c0c130a71789e1f9b9f94c8771,"{""distance"":7,""physical_error_rate"":0.005}","{""detection_events"":47350,""detectors_checked"":2488320}"
     64512,         0,         0,    5.96,standalone_exact_mw,ba5ada56442ed2ba457be44e3218b165c8a19e21146c9941e841199e65961aae,"{""distance"":7,""physical_error_rate"":0.0005}","{""detection_events"":101190,""detectors_checked"":52254720}"
     29696,         0,         0,    3.01,standalone_exact_mw,e5383d45c2b34399c539563e7789a53fd4b96cd0b38eade39a3cbfe07ba21ab0,"{""distance"":7,""physical_error_rate"":0.0002}","{""detection_events"":18533,""detectors_checked"":24053760}"
     18432,         0,         0,    1.61,standalone_exact_mw,e5383d45c2b34399c539563e7789a53fd4b96cd0b38eade39a3cbfe07ba21ab0,"{""distance"":7,""physical_error_rate"":0.0002}","{""detection_events"":11353,""detectors_checked"":14929920}"
     89088,         0,         0,    5.97,standalone_exact_mw,3bd544bb51e006261b45d3a2c996e28fc0c0449411cee5f7deafcd25d9539ebc,"{""distance"":7,""physical_error_rate"":0.001}","{""detection_events"":279682,""detectors_checked"":72161280}"
     41984,         0,         0,    2.20,standalone_exact_mw,ba5ada56442ed2ba457be44e3218b165c8a19e21146c9941e841199e65961aae,"{""distance"":7,""physical_error_rate"":0.0005}","{""detection_events"":65988,""detectors_checked"":34007040}"
     80896,         0,         0,    4.27,standalone_exact_mw,ba5ada56442ed2ba457be44e3218b165c8a19e21146c9941e841199e65961aae,"{""distance"":7,""physical_error_rate"":0.0005}","{""detection_events"":125610,""detectors_checked"":65525760}"
     26624,         0,         0,    1.82,standalone_exact_mw,9d8ad86e51451842b54dafc7680d1b486ef291963bb72c70f3cdd570d2d8fa34,"{""distance"":7,""physical_error_rate"":0.002}","{""detection_events"":164855,""detectors_checked"":21565440}"
     70656,         0,         0,    4.26,standalone_exact_mw,e5383d45c2b34399c539563e7789a53fd4b96cd0b38eade39a3cbfe07ba21ab0,"{""distance"":7,""physical_error_rate"":0.0002}","{""detection_events"":44274,""detectors_checked"":57231360}"
     26624,         0,         0,    1.62,standalone_exact_mw,e5383d45c2b34399c539563e7789a53fd4b96cd0b38eade39a3cbfe07ba21ab0,"{""distance"":7,""physical_error_rate"":0.0002}","{""detection_events"":16775,""detectors_checked"":21565440}"
     95232,         0,         0,    5.98,standalone_exact_mw,ba5ada56442ed2ba457be44e3218b165c8a19e21146c9941e841199e65961aae,"{""distance"":7,""physical_error_rate"":0.0005}","{""detection_events"":149539,""detectors_checked"":77137920}"
     44032,         0,         0,    4.34,standalone_exact_mw,9d8ad86e51451842b54dafc7680d1b486ef291963bb72c70f3cdd570d2d8fa34,"{""distance"":7,""physical_error_rate"":0.002}","{""detection_events"":273377,""detectors_checked"":35665920}"
     61440,         0,         0,    5.96,standalone_exact_mw,6a10a1840a7277b64863681e13d5cb65ed80b6c0c130a71789e1f9b9f94c8771,"{""distance"":7,""physical_error_rate"":0.005}","{""detection_events"":936963,""detectors_checked"":49766400}"
     66560,         0,         0,    6.01,standalone_exact_mw,9d8ad86e51451842b54dafc7680d1b486ef291963bb72c70f3cdd570d2d8fa34,"{""distance"":7,""physical_error_rate"":0.002}","{""detection_events"":412580,""detectors_checked"":53913600}"
      5120,         0,         0,   0.884,standalone_exact_mw,9d8ad86e51451842b54dafc7680d1b486ef291963bb72c70f3cdd570d2d8fa34,"{""distance"":7,""physical_error_rate"":0.002}","{""detection_events"":32004,""detectors_checked"":4147200}"
     13312,         1,         0,    4.42,standalone_exact_mw,127be6187b4f42ce503a2e58abe78322609c231565a94a3f55b4bab680d66d05,"{""distance"":7,""physical_error_rate"":0.01}","{""detection_events"":394619,""detectors_checked"":10782720,""obs_mistake_mask=E"":1}"
     56320,         0,         0,    6.04,standalone_exact_mw,6a10a1840a7277b64863681e13d5cb65ed80b6c0c130a71789e1f9b9f94c8771,"{""distance"":7,""physical_error_rate"":0.005}","{""detection_events"":860426,""detectors_checked"":45619200}"
     38912,         0,         0,    5.93,standalone_exact_mw,3bd544bb51e006261b45d3a2c996e28fc0c0449411cee5f7deafcd25d9539ebc,"{""distance"":7,""physical_error_rate"":0.001}","{""detection_events"":120302,""detectors_checked"":31518720}"
     41984,         0,         0,    4.30,standalone_exact_mw,9d8ad86e51451842b54dafc7680d1b486ef291963bb72c70f3cdd570d2d8fa34,"{""distance"":7,""physical_error_rate"":0.002}","{""detection_events"":262065,""detectors_checked"":34007040}"
      2048,         0,         0,   0.757,standalone_exact_mw,6a10a1840a7277b64863681e13d5cb65ed80b6c0c130a71789e1f9b9f94c8771,"{""distance"":7,""physical_error_rate"":0.005}","{""detection_events"":31372,""detectors_checked"":1658880}"
     54272,         0,         0,    6.07,standalone_exact_mw,9d8ad86e51451842b54dafc7680d1b486ef291963bb72c70f3cdd570d2d8fa34,"{""distance"":7,""physical_error_rate"":0.002}","{""detection_events"":337256,""detectors_checked"":43960320}"
     41984,         0,         0,    2.23,standalone_exact_mw,9d8ad86e51451842b54dafc7680d1b486ef291963bb72c70f3cdd570d2d8fa34,"{""distance"":7,""physical_error_rate"":0.002}","{""detection_events"":260998,""detectors_checked"":34007040}"
     50176,         0,         0,    6.02,standalone_exact_mw,e5383d45c2b34399c539563e7789a53fd4b96cd0b38eade39a3cbfe07ba21ab0,"{""distance"":7,""physical_error_rate"":0.0002}","{""detection_events"":31056,""detectors_checked"":40642560}"
     25600,         0,         0,    2.19,standalone_exact_mw,3bd544bb51e006261b45d3a2c996e28fc0c0449411cee5f7deafcd25d9539ebc,"{""distance"":7,""physical_error_rate"":0.001}","{""detection_events"":80213,""detectors_checked"":20736000}"
     58368,         7,         0,    6.00,standalone_exact_mw,127be6187b4f42ce503a2e58abe78322609c231565a94a3f55b4bab680d66d05,"{""distance"":7,""physical_error_rate"":0.01}","{""detection_events"":1734429,""detectors_checked"":47278080,""obs_mistake_mask=E"":7}"
     49152,         5,         0,    4.31,standalone_exact_mw,127be6187b4f42ce503a2e58abe78322609c231565a94a3f55b4bab680d66d05,"{""distance"":7,""physical_error_rate"":0.01}","{""detection_events"":1458781,""detectors_checked"":39813120,""obs_mistake_mask=E"":5}"
     40960,         0,         0,    2.18,standalone_exact_mw,3bd544bb51e006261b45d3a2c996e28fc0c0449411cee5f7deafcd25d9539ebc,"{""distance"":7,""physical_error_rate"":0.001}","{""detection_events"":127289,""detectors_checked"":33177600}"
      3072,         0,         0,    1.30,standalone_exact_mw,6a10a1840a7277b64863681e13d5cb65ed80b6c0c130a71789e1f9b9f94c8771,"{""distance"":7,""physical_error_rate"":0.005}","{""detection_events"":46841,""detectors_checked"":2488320}"
      5120,         0,         0,   0.586,standalone_exact_mw,6a10a1840a7277b64863681e13d5cb65ed80b6c0c130a71789e1f9b9f94c8771,"{""distance"":7,""physical_error_rate"":0.005}","{""detection_events"":78114,""detectors_checked"":4147200}"
     23552,         0,         0,    2.17,standalone_exact_mw,ba5ada56442ed2ba457be44e3218b165c8a19e21146c9941e841199e65961aae,"{""distance"":7,""physical_error_rate"":0.0005}","{""detection_events"":36562,""detectors_checked"":19077120}"
     20480,         0,         0,    3.08,standalone_exact_mw,9d8ad86e51451842b54dafc7680d1b486ef291963bb72c70f3cdd570d2d8fa34,"{""distance"":7,""physical_error_rate"":0.002}","{""detection_events"":126756,""detectors_checked"":16588800}"
     47104,         0,         0,    2.22,standalone_exact_mw,e5383d45c2b34399c539563e7789a53fd4b96cd0b38eade39a3cbfe07ba21ab0,"{""distance"":7,""physical_error_rate"":0.0002}","{""detection_events"":30277,""detectors_checked"":38154240}"
     48128,         0,         0,    6.01,standalone_exact_mw,ba5ada56442ed2ba457be44e3218b165c8a19e21146c9941e841199e65961aae,"{""distance"":7,""physical_error_rate"":0.0005}","{""detection_events"":75037,""detectors_checked"":38983680}"
     43008,         0,         0,    2.18,standalone_exact_mw,3bd544bb51e006261b45d3a2c996e28fc0c0449411cee5f7deafcd25d9539ebc,"{""distance"":7,""physical_error_rate"":0.001}","{""detection_events"":134398,""detectors_checked"":34836480}"
     28672,         0,         0,    6.00,standalone_exact_mw,3bd544bb51e006261b45d3a2c996e28fc0c0449411cee5f7deafcd25d9539ebc,"{""distance"":7,""physical_error_rate"":0.001}","{""detection_events"":89359,""detectors_checked"":23224320}"
     25600,         0,         0,    2.45,standalone_exact_mw,3bd544bb51e006261b45d3a2c996e28fc0c0449411cee5f7deafcd25d9539ebc,"{""distance"":7,""physical_error_rate"":0.001}","{""detection_events"":79526,""detectors_checked"":20736000}"
     18432,         1,         0,    4.32,standalone_exact_mw,127be6187b4f42ce503a2e58abe78322609c231565a94a3f55b4bab680d66d05,"{""distance"":7,""physical_error_rate"":0.01}","{""detection_events"":548264,""detectors_checked"":14929920,""obs_mistake_mask=E"":1}"
     62464,         0,         0,    4.29,standalone_exact_mw,ba5ada56442ed2ba457be44e3218b165c8a19e21146c9941e841199e65961aae,"{""distance"":7,""physical_error_rate"":0.0005}","{""detection_events"":98827,""detectors_checked"":50595840}"
     10240,         0,         0,    1.20,standalone_exact_mw,9d8ad86e51451842b54dafc7680d1b486ef291963bb72c70f3cdd570d2d8fa34,"{""distance"":7,""physical_error_rate"":0.002}","{""detection_events"":63152,""detectors_checked"":8294400}"
      9216,         0,         0,    2.25,standalone_exact_mw,127be6187b4f42ce503a2e58abe78322609c231565a94a3f55b4bab680d66d05,"{""distance"":7,""physical_error_rate"":0.01}","{""detection_events"":272540,""detectors_checked"":7464960}"
     15360,         0,         0,    4.28,standalone_exact_mw,6a10a1840a7277b64863681e13d5cb65ed80b6c0c130a71789e1f9b9f94c8771,"{""distance"":7,""physical_error_rate"":0.005}","{""detection_events"":235557,""detectors_checked"":12441600}"
    152576,         0,         0,    5.94,standalone_exact_mw,e5383d45c2b34399c539563e7789a53fd4b96cd0b38eade39a3cbfe07ba21ab0,"{""distance"":7,""physical_error_rate"":0.0002}","{""detection_events"":95809,""detectors_checked"":123586560}"
     58368,         0,         0,    5.99,standalone_exact_mw,3bd544bb51e006261b45d3a2c996e28fc0c0449411cee5f7deafcd25d9539ebc,"{""distance"":7,""physical_error_rate"":0.001}","{""detection_events"":182090,""detectors_checked"":47278080}"
    118784,         0,         0,    6.03,standalone_exact_mw,ba5ada56442ed2ba457be44e3218b165c8a19e21146c9941e841199e65961aae,"{""distance"":7,""physical_error_rate"":0.0005}","{""detection_events"":185114,""detectors_checked"":96215040}"
    101376,         0,         0,    4.21,standalone_exact_mw,ba5ada56442ed2ba457be44e3218b165c8a19e21146c9941e841199e65961aae,"{""distance"":7,""physical_error_rate"":0.0005}","{""detection_events"":158232,""detectors_checked"":82114560}"
     10240,         1,         0,    2.29,standalone_exact_mw,127be6187b4f42ce503a2e58abe78322609c231565a94a3f55b4bab680d66d05,"{""distance"":7,""physical_error_rate"":0.01}","{""detection_events"":303445,""detectors_checked"":8294400,""obs_mistake_mask=E"":1}"
     30720,         0,         0,    4.34,standalone_exact_mw,e5383d45c2b34399c539563e7789a53fd4b96cd0b38eade39a3cbfe07ba21ab0,"{""distance"":7,""physical_error_rate"":0.0002}","{""detection_events"":19344,""detectors_checked"":24883200}"
     66560,         0,         0,    4.27,standalone_exact_mw,e5383d45c2b34399c539563e7789a53fd4b96cd0b38eade39a3cbfe07ba21ab0,"{""distance"":7,""physical_error_rate"":0.0002}","{""detection_events"":42015,""detectors_checked"":53913600}"
     23552,         0,         0,    4.31,standalone_exact_mw,6a10a1840a7277b64863681e13d5cb65ed80b6c0c130a71789e1f9b9f94c8771,"{""distance"":7,""physical_error_rate"":0.005}","{""detection_events"":360723,""detectors_checked"":19077120}"
     23552,         0,         0,    2.21,standalone_exact_mw,9d8ad86e51451842b54dafc7680d1b486ef291963bb72c70f3cdd570d2d8fa34,"{""distance"":7,""physical_error_rate"":0.002}","{""detection_events"":145008,""detectors_checked"":19077120}"
     98304,         0,         0,    4.28,standalone_exact_mw,3bd544bb51e006261b45d3a2c996e28fc0c0449411cee5f7deafcd25d9539ebc,"{""distance"":7,""physical_error_rate"":0.001}","{""detection_events"":307634,""detectors_checked"":79626240}"
     66560,         0,         0,    6.02,standalone_exact_mw,ba5ada56442ed2ba457be44e3218b165c8a19e21146c9941e841199e65961aae,"{""distance"":7,""physical_error_rate"":0.0005}","{""detection_events"":104429,""detectors_checked"":53913600}"
     58368,         5,         0,    6.02,standalone_exact_mw,127be6187b4f42ce503a2e58abe78322609c231565a94a3f55b4bab680d66d05,"{""distance"":7,""physical_error_rate"":0.01}","{""detection_events"":1734727,""detectors_checked"":47278080,""obs_mistake_mask=E"":5}"
     26624,         4,         0,    4.88,standalone_exact_mw,127be6187b4f42ce503a2e58abe78322609c231565a94a3f55b4bab680d66d05,"{""distance"":7,""physical_error_rate"":0.01}","{""detection_events"":791956,""detectors_checked"":21565440,""obs_mistake_mask=E"":4}"
    108544,         0,         0,    5.99,standalone_exact_mw,9d8ad86e51451842b54dafc7680d1b486ef291963bb72c70f3cdd570d2d8fa34,"{""distance"":7,""physical_error_rate"":0.002}","{""detection_events"":674226,""detectors_checked"":87920640}"
     23552,         0,         0,    2.23,standalone_exact_mw,ba5ada56442ed2ba457be44e3218b165c8a19e21146c9941e841199e65961aae,"{""distance"":7,""physical_error_rate"":0.0005}","{""detection_events"":37004,""detectors_checked"":19077120}"
     67584,         0,         0,    6.01,standalone_exact_mw,9d8ad86e51451842b54dafc7680d1b486ef291963bb72c70f3cdd570d2d8fa34,"{""distance"":7,""physical_error_rate"":0.002}","{""detection_events"":419329,""detectors_checked"":54743040}"
     52224,         0,         0,    4.27,standalone_exact_mw,6a10a1840a7277b64863681e13d5cb65ed80b6c0c130a71789e1f9b9f94c8771,"{""distance"":7,""physical_error_rate"":0.005}","{""detection_events"":800350,""detectors_checked"":42301440}"
     99328,         0,         0,    4.29,standalone_exact_mw,e5383d45c2b34399c539563e7789a53fd4b96cd0b38eade39a3cbfe07ba21ab0,"{""distance"":7,""physical_error_rate"":0.0002}","{""detection_events"":62525,""detectors_checked"":80455680}"
      5120,         0,         0,   0.921,standalone_exact_mw,6a10a1840a7277b64863681e13d5cb65ed80b6c0c130a71789e1f9b9f94c8771,"{""distance"":7,""physical_error_rate"":0.005}","{""detection_events"":78220,""detectors_checked"":4147200}"
     38912,         0,         0,    2.23,standalone_exact_mw,e5383d45c2b34399c539563e7789a53fd4b96cd0b38eade39a3cbfe07ba21ab0,"{""distance"":7,""physical_error_rate"":0.0002}","{""detection_events"":24580,""detectors_checked"":31518720}"
    205824,         0,         0,    5.97,standalone_exact_mw,e5383d45c2b34399c539563e7789a53fd4b96cd0b38eade39a3cbfe07ba21ab0,"{""distance"":7,""physical_error_rate"":0.0002}","{""detection_events"":128345,""detectors_checked"":166717440}"
    156672,         0,         0,    5.99,standalone_exact_mw,ba5ada56442ed2ba457be44e3218b165c8a19e21146c9941e841199e65961aae,"{""distance"":7,""physical_error_rate"":0.0005}","{""detection_events"":245907,""detectors_checked"":126904320}"
     49152,         3,         0,    5.97,standalone_exact_mw,127be6187b4f42ce503a2e58abe78322609c231565a94a3f55b4bab680d66d05,"{""distance"":7,""physical_error_rate"":0.01}","{""detection_events"":1458239,""detectors_checked"":39813120,""obs_mistake_mask=E"":3}"
    235520,         0,         0,    5.95,standalone_exact_mw,e5383d45c2b34399c539563e7789a53fd4b96cd0b38eade39a3cbfe07ba21ab0,"{""distance"":7,""physical_error_rate"":0.0002}","{""detection_events"":146605,""detectors_checked"":190771200}"
    109568,         0,         0,    5.99,standalone_exact_mw,9d8ad86e51451842b54dafc7680d1b486ef291963bb72c70f3cdd570d2d8fa34,"{""distance"":7,""physical_error_rate"":0.002}","{""detection_events"":682084,""detectors_checked"":88750080}"
     30720,         0,         0,    4.35,standalone_exact_mw,9d8ad86e51451842b54dafc7680d1b486ef291963bb72c70f3cdd570d2d8fa34,"{""distance"":7,""physical_error_rate"":0.002}","{""detection_events"":190433,""detectors_checked"":24883200}"
     49152,         0,         0,    5.98,standalone_exact_mw,9d8ad86e51451842b54dafc7680d1b486ef291963bb72c70f3cdd570d2d8fa34,"{""distance"":7,""physical_error_rate"":0.002}","{""detection_events"":304541,""detectors_checked"":39813120}"
     65536,         0,         0,    6.08,standalone_exact_mw,3bd544bb51e006261b45d3a2c996e28fc0c0449411cee5f7deafcd25d9539ebc,"{""distance"":7,""physical_error_rate"":0.001}","{""detection_events"":205435,""detectors_checked"":53084160}"
     34816,         0,         0,    2.20,standalone_exact_mw,e5383d45c2b34399c539563e7789a53fd4b96cd0b38eade39a3cbfe07ba21ab0,"{""distance"":7,""physical_error_rate"":0.0002}","{""detection_events"":22056,""detectors_checked"":28200960}"
      6144,         0,         0,    2.22,standalone_exact_mw,9d8ad86e51451842b54dafc7680d1b486ef291963bb72c70f3cdd570d2d8fa34,"{""distance"":7,""physical_error_rate"":0.002}","{""detection_events"":38009,""detectors_checked"":4976640}"
    133120,         0,         0,    5.99,standalone_exact_mw,3bd544bb51e006261b45d3a2c996e28fc0c0449411cee5f7deafcd25d9539ebc,"{""distance"":7,""physical_error_rate"":0.001}","{""detection_events"":416416,""detectors_checked"":107827200}"
      7168,         0,         0,    1.22,standalone_exact_mw,6a10a1840a7277b64863681e13d5cb65ed80b6c0c130a71789e1f9b9f94c8771,"{""distance"":7,""physical_error_rate"":0.005}","{""detection_events"":109821,""detectors_checked"":5806080}"
     34816,         0,         0,    4.34,standalone_exact_mw,9d8ad86e51451842b54dafc7680d1b486ef291963bb72c70f3cdd570d2d8fa34,"{""distance"":7,""physical_error_rate"":0.002}","{""detection_events"":215229,""detectors_checked"":28200960}"
    106496,         0,         0,    6.10,standalone_exact_mw,e5383d45c2b34399c539563e7789a53fd4b96cd0b38eade39a3cbfe07ba21ab0,"{""distance"":7,""physical_error_rate"":0.0002}","{""detection_events"":66899,""detectors_checked"":86261760}"
     93184,         0,         0,    6.01,standalone_exact_mw,6a10a1840a7277b64863681e13d5cb65ed80b6c0c130a71789e1f9b9f94c8771,"{""distance"":7,""physical_error_rate"":0.005}","{""detection_events"":1419940,""detectors_checked"":75479040}"
    112640,         0,         0,    5.97,standalone_exact_mw,ba5ada56442ed2ba457be44e3218b165c8a19e21146c9941e841199e65961aae,"{""distance"":7,""physical_error_rate"":0.0005}","{""detection_events"":176588,""detectors_checked"":91238400}"
     67584,         0,         0,    4.25,standalone_exact_mw,e5383d45c2b34399c539563e7789a53fd4b96cd0b38eade39a3cbfe07ba21ab0,"{""distance"":7,""physical_error_rate"":0.0002}","{""detection_events"":42615,""detectors_checked"":54743040}"
    161792,         0,         0,    5.98,standalone_exact_mw,ba5ada56442ed2ba457be44e3218b165c8a19e21146c9941e841199e65961aae,"{""distance"":7,""physical_error_rate"":0.0005}","{""detection_events"":253711,""detectors_checked"":131051520}"
     31744,         2,         0,    6.13,standalone_exact_mw,127be6187b4f42ce503a2e58abe78322609c231565a94a3f55b4bab680d66d05,"{""distance"":7,""physical_error_rate"":0.01}","{""detection_events"":943168,""detectors_checked"":25712640,""obs_mistake_mask=E"":2}"
     83968,         8,         0,    6.01,standalone_exact_mw,127be6187b4f42ce503a2e58abe78322609c231565a94a3f55b4bab680d66d05,"{""distance"":7,""physical_error_rate"":0.01}","{""detection_events"":2496624,""detectors_checked"":68014080,""obs_mistake_mask=E"":8}"
     82944,         0,         0,    6.01,standalone_exact_mw,3bd544bb51e006261b45d3a2c996e28fc0c0449411cee5f7deafcd25d9539ebc,"{""distance"":7,""physical_error_rate"":0.001}","{""detection_events"":258391,""detectors_checked"":67184640}"
     45056,         0,         0,    5.97,standalone_exact_mw,e5383d45c2b34399c539563e7789a53fd4b96cd0b38eade39a3cbfe07ba21ab0,"{""distance"":7,""physical_error_rate"":0.0002}","{""detection_events"":28460,""detectors_checked"":36495360}"
     61440,         0,         0,    5.97,standalone_exact_mw,6a10a1840a7277b64863681e13d5cb65ed80b6c0c130a71789e1f9b9f94c8771,"{""distance"":7,""physical_error_rate"":0.005}","{""detection_events"":939406,""detectors_checked"":49766400}"
     22528,         3,         0,    6.06,standalone_exact_mw,127be6187b4f42ce503a2e58abe78322609c231565a94a3f55b4bab680d66d05,"{""distance"":7,""physical_error_rate"":0.01}","{""detection_events"":666644,""detectors_checked"":18247680,""obs_mistake_mask=E"":3}"
     26624,         3,         0,    6.01,standalone_exact_mw,127be6187b4f42ce503a2e58abe78322609c231565a94a3f55b4bab680d66d05,"{""distance"":7,""physical_error_rate"":0.01}","{""detection_events"":791061,""detectors_checked"":21565440,""obs_mistake_mask=E"":3}"
     89088,         0,         0,    4.29,standalone_exact_mw,3bd544bb51e006261b45d3a2c996e28fc0c0449411cee5f7deafcd25d9539ebc,"{""distance"":7,""physical_error_rate"":0.001}","{""detection_events"":277797,""detectors_checked"":72161280}"
     21504,         2,         0,    4.74,standalone_exact_mw,127be6187b4f42ce503a2e58abe78322609c231565a94a3f55b4bab680d66d05,"{""distance"":7,""physical_error_rate"":0.01}","{""detection_events"":641539,""detectors_checked"":17418240,""obs_mistake_mask=E"":2}"
     37888,         0,         0,    4.32,standalone_exact_mw,3bd544bb51e006261b45d3a2c996e28fc0c0449411cee5f7deafcd25d9539ebc,"{""distance"":7,""physical_error_rate"":0.001}","{""detection_events"":119029,""detectors_checked"":30689280}"
     61440,         0,         0,    6.00,standalone_exact_mw,6a10a1840a7277b64863681e13d5cb65ed80b6c0c130a71789e1f9b9f94c8771,"{""distance"":7,""physical_error_rate"":0.005}","{""detection_events"":938436,""detectors_checked"":49766400}"
     69632,         7,         0,    6.03,standalone_exact_mw,127be6187b4f42ce503a2e58abe78322609c231565a94a3f55b4bab680d66d05,"{""distance"":7,""physical_error_rate"":0.01}","{""detection_events"":2069352,""detectors_checked"":56401920,""obs_mistake_mask=E"":7}"
     99328,         0,         0,    5.99,standalone_exact_mw,e5383d45c2b34399c539563e7789a53fd4b96cd0b38eade39a3cbfe07ba21ab0,"{""distance"":7,""physical_error_rate"":0.0002}","{""detection_events"":62289,""detectors_checked"":80455680}"
     27648,         0,         0,    6.35,standalone_exact_mw,9d8ad86e51451842b54dafc7680d1b486ef291963bb72c70f3cdd570d2d8fa34,"{""distance"":7,""physical_error_rate"":0.002}","{""detection_events"":171705,""detectors_checked"":22394880}"
     54272,         7,         0,    4.27,standalone_exact_mw,127be6187b4f42ce503a2e58abe78322609c231565a94a3f55b4bab680d66d05,"{""distance"":7,""physical_error_rate"":0.01}","{""detection_events"":1616645,""detectors_checked"":43960320,""obs_mistake_mask=E"":7}"
     48128,         0,         0,    4.67,standalone_exact_mw,6a10a1840a7277b64863681e13d5cb65ed80b6c0c130a71789e1f9b9f94c8771,"{""distance"":7,""physical_error_rate"":0.005}","{""detection_events"":735149,""detectors_checked"":38983680}"
     37888,         0,         0,    4.30,standalone_exact_mw,3bd544bb51e006261b45d3a2c996e28fc0c0449411cee5f7deafcd25d9539ebc,"{""distance"":7,""physical_error_rate"":0.001}","{""detection_events"":118782,""detectors_checked"":30689280}"
     54272,         0,         0,    6.00,standalone_exact_mw,3bd544bb51e006261b45d3a2c996e28fc0c0449411cee5f7deafcd25d9539ebc,"{""distance"":7,""physical_error_rate"":0.001}","{""detection_events"":168940,""detectors_checked"":43960320}"
     58368,         1,         0,    4.29,standalone_exact_mw,6a10a1840a7277b64863681e13d5cb65ed80b6c0c130a71789e1f9b9f94c8771,"{""distance"":7,""physical_error_rate"":0.005}","{""detection_events"":893994,""detectors_checked"":47278080,""obs_mistake_mask=E"":1}"
     88064,         0,         0,    3.05,standalone_exact_mw,ba5ada56442ed2ba457be44e3218b165c8a19e21146c9941e841199e65961aae,"{""distance"":7,""physical_error_rate"":0.0005}","{""detection_events"":138369,""detectors_checked"":71331840}"
     11264,         0,         0,    1.59,standalone_exact_mw,9d8ad86e51451842b54dafc7680d1b486ef291963bb72c70f3cdd570d2d8fa34,"{""distance"":7,""physical_error_rate"":0.002}","{""detection_events"":69936,""detectors_checked"":9123840}"
     51200,         0,         0,    6.02,standalone_exact_mw,3bd544bb51e006261b45d3a2c996e28fc0c0449411cee5f7deafcd25d9539ebc,"{""distance"":7,""physical_error_rate"":0.001}","{""detection_events"":160161,""detectors_checked"":41472000}"
      6144,         0,         0,    1.09,standalone_exact_mw,6a10a1840a7277b64863681e13d5cb65ed80b6c0c130a71789e1f9b9f94c8771,"{""distance"":7,""physical_error_rate"":0.005}","{""detection_events"":93581,""detectors_checked"":4976640}"
     29696,         0,         0,    6.08,standalone_exact_mw,9d8ad86e51451842b54dafc7680d1b486ef291963bb72c70f3cdd570d2d8fa34,"{""distance"":7,""physical_error_rate"":0.002}","{""detection_events"":185265,""detectors_checked"":24053760}"
     64512,         0,         0,    6.04,standalone_exact_mw,9d8ad86e51451842b54dafc7680d1b486ef291963bb72c70f3cdd570d2d8fa34,"{""distance"":7,""physical_error_rate"":0.002}","{""detection_events"":401298,""detectors_checked"":52254720}"
     51200,         0,         0,    5.94,standalone_exact_mw,e5383d45c2b34399c539563e7789a53fd4b96cd0b38eade39a3cbfe07ba21ab0,"{""distance"":7,""physical_error_rate"":0.0002}","{""detection_events"":31772,""detectors_checked"":41472000}"
    111616,         0,         0,    4.27,standalone_exact_mw,ba5ada56442ed2ba457be44e3218b165c8a19e21146c9941e841199e65961aae,"{""distance"":7,""physical_error_rate"":0.0005}","{""detection_events"":175044,""detectors_checked"":90408960}"
     57344,         0,         0,    4.28,standalone_exact_mw,3bd544bb51e006261b45d3a2c996e28fc0c0449411cee5f7deafcd25d9539ebc,"{""distance"":7,""physical_error_rate"":0.001}","{""detection_events"":178288,""detectors_checked"":46448640}"
     34816,         0,         0,    6.03,standalone_exact_mw,ba5ada56442ed2ba457be44e3218b165c8a19e21146c9941e841199e65961aae,"{""distance"":7,""physical_error_rate"":0.0005}","{""detection_events"":54288,""detectors_checked"":28200960}"
     27648,         1,         0,    6.06,standalone_exact_mw,127be6187b4f42ce503a2e58abe78322609c231565a94a3f55b4bab680d66d05,"{""distance"":7,""physical_error_rate"":0.01}","{""detection_events"":820078,""detectors_checked"":22394880,""obs_mistake_mask=E"":1}"
     73728,         0,         0,    5.93,standalone_exact_mw,3bd544bb51e006261b45d3a2c996e28fc0c0449411cee5f7deafcd25d9539ebc,"{""distance"":7,""physical_error_rate"":0.001}","{""detection_events"":231234,""detectors_checked"":59719680}"
     41984,         0,         0,    4.33,standalone_exact_mw,ba5ada56442ed2ba457be44e3218b165c8a19e21146c9941e841199e65961aae,"{""distance"":7,""physical_error_rate"":0.0005}","{""detection_events"":65685,""detectors_checked"":34007040}"
     44032,         0,         0,    4.27,standalone_exact_mw,9d8ad86e51451842b54dafc7680d1b486ef291963bb72c70f3cdd570d2d8fa34,"{""distance"":7,""physical_error_rate"":0.002}","{""detection_events"":272794,""detectors_checked"":35665920}"
     33792,         0,         0,    5.96,standalone_exact_mw,6a10a1840a7277b64863681e13d5cb65ed80b6c0c130a71789e1f9b9f94c8771,"{""distance"":7,""physical_error_rate"":0.005}","{""detection_events"":516827,""detectors_checked"":27371520}"
     36864,         0,         0,    4.33,standalone_exact_mw,3bd544bb51e006261b45d3a2c996e28fc0c0449411cee5f7deafcd25d9539ebc,"{""distance"":7,""physical_error_rate"":0.001}","{""detection_events"":115878,""detectors_checked"":29859840}"
     24576,         1,         0,    4.32,standalone_exact_mw,127be6187b4f42ce503a2e58abe78322609c231565a94a3f55b4bab680d66d05,"{""distance"":7,""physical_error_rate"":0.01}","{""detection_events"":730170,""detectors_checked"":19906560,""obs_mistake_mask=E"":1}"
     69632,         0,         0,    5.96,standalone_exact_mw,ba5ada56442ed2ba457be44e3218b165c8a19e21146c9941e841199e65961aae,"{""distance"":7,""physical_error_rate"":0.0005}","{""detection_events"":108600,""detectors_checked"":56401920}"
     40960,         0,         0,    6.06,standalone_exact_mw,6a10a1840a7277b64863681e13d5cb65ed80b6c0c130a71789e1f9b9f94c8771,"{""distance"":7,""physical_error_rate"":0.005}","{""detection_events"":623999,""detectors_checked"":33177600}"
     26624,         4,         0,    6.25,standalone_exact_mw,127be6187b4f42ce503a2e58abe78322609c231565a94a3f55b4bab680d66d05,"{""distance"":7,""physical_error_rate"":0.01}","{""detection_events"":792972,""detectors_checked"":21565440,""obs_mistake_mask=E"":4}"
     95232,         0,         0,    5.97,standalone_exact_mw,9d8ad86e51451842b54dafc7680d1b486ef291963bb72c70f3cdd570d2d8fa34,"{""distance"":7,""physical_error_rate"":0.002}","{""detection_events"":590787,""detectors_checked"":77137920}"
     66560,         0,         0,    4.32,standalone_exact_mw,6a10a1840a7277b64863681e13d5cb65ed80b6c0c130a71789e1f9b9f94c8771,"{""distance"":7,""physical_error_rate"":0.005}","{""detection_events"":1019834,""detectors_checked"":53913600}"
     40960,         0,         0,    5.95,standalone_exact_mw,6a10a1840a7277b64863681e13d5cb65ed80b6c0c130a71789e1f9b9f94c8771,"{""distance"":7,""physical_error_rate"":0.005}","{""detection_events"":626832,""detectors_checked"":33177600}"
     32768,         2,         0,    6.19,standalone_exact_mw,127be6187b4f42ce503a2e58abe78322609c231565a94a3f55b4bab680d66d05,"{""distance"":7,""physical_error_rate"":0.01}","{""detection_events"":974955,""detectors_checked"":26542080,""obs_mistake_mask=E"":2}"
     17408,         0,         0,    3.11,standalone_exact_mw,3bd544bb51e006261b45d3a2c996e28fc0c0449411cee5f7deafcd25d9539ebc,"{""distance"":7,""physical_error_rate"":0.001}","{""detection_events"":54542,""detectors_checked"":14100480}"
     34816,         0,         0,    3.05,standalone_exact_mw,3bd544bb51e006261b45d3a2c996e28fc0c0449411cee5f7deafcd25d9539ebc,"{""distance"":7,""physical_error_rate"":0.001}","{""detection_events"":109146,""detectors_checked"":28200960}"
     24576,         0,         0,    6.10,standalone_exact_mw,6a10a1840a7277b64863681e13d5cb65ed80b6c0c130a71789e1f9b9f94c8771,"{""distance"":7,""physical_error_rate"":0.005}","{""detection_events"":375943,""detectors_checked"":19906560}"
     46080,         0,         0,    3.29,standalone_exact_mw,9d8ad86e51451842b54dafc7680d1b486ef291963bb72c70f3cdd570d2d8fa34,"{""distance"":7,""physical_error_rate"":0.002}","{""detection_events"":286669,""detectors_checked"":37324800}"
     41984,         0,         0,    4.26,standalone_exact_mw,e5383d45c2b34399c539563e7789a53fd4b96cd0b38eade39a3cbfe07ba21ab0,"{""distance"":7,""physical_error_rate"":0.0002}","{""detection_events"":26309,""detectors_checked"":34007040}"
    156672,         0,         0,    6.00,standalone_exact_mw,e5383d45c2b34399c539563e7789a53fd4b96cd0b38eade39a3cbfe07ba21ab0,"{""distance"":7,""physical_error_rate"":0.0002}","{""detection_events"":97820,""detectors_checked"":126904320}"
      6144,         0,         0,    1.78,standalone_exact_mw,6a10a1840a7277b64863681e13d5cb65ed80b6c0c130a71789e1f9b9f94c8771,"{""distance"":7,""physical_error_rate"":0.005}","{""detection_events"":93927,""detectors_checked"":4976640}"
     45056,         0,         0,    3.06,standalone_exact_mw,ba5ada56442ed2ba457be44e3218b165c8a19e21146c9941e841199e65961aae,"{""distance"":7,""physical_error_rate"":0.0005}","{""detection_events"":70793,""detectors_checked"":36495360}"
    138240,         0,         0,    6.00,standalone_exact_mw,e5383d45c2b34399c539563e7789a53fd4b96cd0b38eade39a3cbfe07ba21ab0,"{""distance"":7,""physical_error_rate"":0.0002}","{""detection_events"":87073,""detectors_checked"":111974400}"
     30720,         0,         0,    6.03,standalone_exact_mw,6a10a1840a7277b64863681e13d5cb65ed80b6c0c130a71789e1f9b9f94c8771,"{""distance"":7,""physical_error_rate"":0.005}","{""detection_events"":470254,""detectors_checked"":24883200}"
     73728,         0,         0,    3.07,standalone_exact_mw,e5383d45c2b34399c539563e7789a53fd4b96cd0b38eade39a3cbfe07ba21ab0,"{""distance"":7,""physical_error_rate"":0.0002}","{""detection_events"":46641,""detectors_checked"":59719680}"
     48128,         0,         0,    3.07,standalone_exact_mw,3bd544bb51e006261b45d3a2c996e28fc0c0449411cee5f7deafcd25d9539ebc,"{""distance"":7,""physical_error_rate"":0.001}","{""detection_events"":149790,""detectors_checked"":38983680}"
     66560,         0,         0,    5.97,standalone_exact_mw,e5383d45c2b34399c539563e7789a53fd4b96cd0b38eade39a3cbfe07ba21ab0,"{""distance"":7,""physical_error_rate"":0.0002}","{""detection_events"":41929,""detectors_checked"":53913600}"
     49152,         0,         0,    3.23,standalone_exact_mw,3bd544bb51e006261b45d3a2c996e28fc0c0449411cee5f7deafcd25d9539ebc,"{""distance"":7,""physical_error_rate"":0.001}","{""detection_events"":154065,""detectors_checked"":39813120}"
     15360,         2,         0,    3.07,standalone_exact_mw,127be6187b4f42ce503a2e58abe78322609c231565a94a3f55b4bab680d66d05,"{""distance"":7,""physical_error_rate"":0.01}","{""detection_events"":455837,""detectors_checked"":12441600,""obs_mistake_mask=E"":2}"
     55296,         1,         0,    6.06,standalone_exact_mw,6a10a1840a7277b64863681e13d5cb65ed80b6c0c130a71789e1f9b9f94c8771,"{""distance"":7,""physical_error_rate"":0.005}","{""detection_events"":845329,""detectors_checked"":44789760,""obs_mistake_mask=E"":1}"
     54272,         0,         0,    5.98,standalone_exact_mw,9d8ad86e51451842b54dafc7680d1b486ef291963bb72c70f3cdd570d2d8fa34,"{""distance"":7,""physical_error_rate"":0.002}","{""detection_events"":338620,""detectors_checked"":43960320}"
     28672,         0,         0,    6.13,standalone_exact_mw,9d8ad86e51451842b54dafc7680d1b486ef291963bb72c70f3cdd570d2d8fa34,"{""distance"":7,""physical_error_rate"":0.002}","{""detection_events"":178658,""detectors_checked"":23224320}"
     23552,         0,         0,    3.04,standalone_exact_mw,9d8ad86e51451842b54dafc7680d1b486ef291963bb72c70f3cdd570d2d8fa34,"{""distance"":7,""physical_error_rate"":0.002}","{""detection_events"":145351,""detectors_checked"":19077120}"
      4096,         0,         0,    1.73,standalone_exact_mw,6a10a1840a7277b64863681e13d5cb65ed80b6c0c130a71789e1f9b9f94c8771,"{""distance"":7,""physical_error_rate"":0.005}","{""detection_events"":62564,""detectors_checked"":3317760}"
      7168,         1,         0,    3.38,standalone_exact_mw,127be6187b4f42ce503a2e58abe78322609c231565a94a3f55b4bab680d66d05,"{""distance"":7,""physical_error_rate"":0.01}","{""detection_events"":212932,""detectors_checked"":5806080,""obs_mistake_mask=E"":1}"
     31744,         0,         0,    3.06,standalone_exact_mw,ba5ada56442ed2ba457be44e3218b165c8a19e21146c9941e841199e65961aae,"{""distance"":7,""physical_error_rate"":0.0005}","{""detection_events"":49945,""detectors_checked"":25712640}"
     57344,         0,         0,    3.07,standalone_exact_mw,e5383d45c2b34399c539563e7789a53fd4b96cd0b38eade39a3cbfe07ba21ab0,"{""distance"":7,""physical_error_rate"":0.0002}","{""detection_events"":36043,""detectors_checked"":46448640}"
    116736,         1,         0,    6.00,standalone_exact_mw,6a10a1840a7277b64863681e13d5cb65ed80b6c0c130a71789e1f9b9f94c8771,"{""distance"":7,""physical_error_rate"":0.005}","{""detection_events"":1782055,""detectors_checked"":94556160,""obs_mistake_mask=E"":1}"
     51200,         0,         0,    5.95,standalone_exact_mw,ba5ada56442ed2ba457be44e3218b165c8a19e21146c9941e841199e65961aae,"{""distance"":7,""physical_error_rate"":0.0005}","{""detection_events"":80579,""detectors_checked"":41472000}"
     60416,         0,         0,    5.98,standalone_exact_mw,3bd544bb51e006261b45d3a2c996e28fc0c0449411cee5f7deafcd25d9539ebc,"{""distance"":7,""physical_error_rate"":0.001}","{""detection_events"":189294,""detectors_checked"":48936960}"
     26624,         0,         0,    2.20,standalone_exact_mw,9d8ad86e51451842b54dafc7680d1b486ef291963bb72c70f3cdd570d2d8fa34,"{""distance"":7,""physical_error_rate"":0.002}","{""detection_events"":165725,""detectors_checked"":21565440}"
     88064,        12,         0,    5.97,standalone_exact_mw,127be6187b4f42ce503a2e58abe78322609c231565a94a3f55b4bab680d66d05,"{""distance"":7,""physical_error_rate"":0.01}","{""detection_events"":2617941,""detectors_checked"":71331840,""obs_mistake_mask=E"":12}"
     44032,         0,         0,    3.05,standalone_exact_mw,9d8ad86e51451842b54dafc7680d1b486ef291963bb72c70f3cdd570d2d8fa34,"{""distance"":7,""physical_error_rate"":0.002}","{""detection_events"":273073,""detectors_checked"":35665920}"
    136192,         0,         0,    6.00,standalone_exact_mw,3bd544bb51e006261b45d3a2c996e28fc0c0449411cee5f7deafcd25d9539ebc,"{""distance"":7,""physical_error_rate"":0.001}","{""detection_events"":425930,""detectors_checked"":110315520}"
     59392,         0,         0,    3.05,standalone_exact_mw,e5383d45c2b34399c539563e7789a53fd4b96cd0b38eade39a3cbfe07ba21ab0,"{""distance"":7,""physical_error_rate"":0.0002}","{""detection_events"":37178,""detectors_checked"":48107520}"
     87040,         0,         0,    6.05,standalone_exact_mw,ba5ada56442ed2ba457be44e3218b165c8a19e21146c9941e841199e65961aae,"{""distance"":7,""physical_error_rate"":0.0005}","{""detection_events"":135908,""detectors_checked"":70502400}"
     70656,         0,         0,    6.04,standalone_exact_mw,e5383d45c2b34399c539563e7789a53fd4b96cd0b38eade39a3cbfe07ba21ab0,"{""distance"":7,""physical_error_rate"":0.0002}","{""detection_events"":44057,""detectors_checked"":57231360}"
     73728,         0,         0,    5.97,standalone_exact_mw,ba5ada56442ed2ba457be44e3218b165c8a19e21146c9941e841199e65961aae,"{""distance"":7,""physical_error_rate"":0.0005}","{""detection_events"":115977,""detectors_checked"":59719680}"
     23552,         0,         0,    4.65,standalone_exact_mw,9d8ad86e51451842b54dafc7680d1b486ef291963bb72c70f3cdd570d2d8fa34,"{""distance"":7,""physical_error_rate"":0.002}","{""detection_events"":146169,""detectors_checked"":19077120}"
     33792,         0,         0,    6.11,standalone_exact_mw,6a10a1840a7277b64863681e13d5cb65ed80b6c0c130a71789e1f9b9f94c8771,"{""distance"":7,""physical_error_rate"":0.005}","{""detection_events"":515212,""detectors_checked"":27371520}"
     60416,         0,         0,    5.98,standalone_exact_mw,ba5ada56442ed2ba457be44e3218b165c8a19e21146c9941e841199e65961aae,"{""distance"":7,""physical_error_rate"":0.0005}","{""detection_events"":94494,""detectors_checked"":48936960}"
    132096,         0,         0,    5.96,standalone_exact_mw,e5383d45c2b34399c539563e7789a53fd4b96cd0b38eade39a3cbfe07ba21ab0,"{""distance"":7,""physical_error_rate"":0.0002}","{""detection_events"":82979,""detectors_checked"":106997760}"
     65536,         0,         0,    5.99,standalone_exact_mw,9d8ad86e51451842b54dafc7680d1b486ef291963bb72c70f3cdd570d2d8fa34,"{""distance"":7,""physical_error_rate"":0.002}","{""detection_events"":407926,""detectors_checked"":53084160}"
     19456,         0,         0,    2.19,standalone_exact_mw,6a10a1840a7277b64863681e13d5cb65ed80b6c0c130a71789e1f9b9f94c8771,"{""distance"":7,""physical_error_rate"":0.005}","{""detection_events"":297316,""detectors_checked"":15759360}"
     45056,         1,         0,    6.03,standalone_exact_mw,127be6187b4f42ce503a2e58abe78322609c231565a94a3f55b4bab680d66d05,"{""distance"":7,""physical_error_rate"":0.01}","{""detection_events"":1337003,""detectors_checked"":36495360,""obs_mistake_mask=E"":1}"
     63488,         0,         0,    6.07,standalone_exact_mw,9d8ad86e51451842b54dafc7680d1b486ef291963bb72c70f3cdd570d2d8fa34,"{""distance"":7,""physical_error_rate"":0.002}","{""detection_events"":393984,""detectors_checked"":51425280}"
     82944,         6,         0,    5.99,standalone_exact_mw,127be6187b4f42ce503a2e58abe78322609c231565a94a3f55b4bab680d66d05,"{""distance"":7,""physical_error_rate"":0.01}","{""detection_events"":2465986,""detectors_checked"":67184640,""obs_mistake_mask=E"":6}"
    121856,         0,         0,    4.28,standalone_exact_mw,ba5ada56442ed2ba457be44e3218b165c8a19e21146c9941e841199e65961aae,"{""distance"":7,""physical_error_rate"":0.0005}","{""detection_events"":191304,""detectors_checked"":98703360}"
      5120,         0,         0,    2.54,standalone_exact_mw,6a10a1840a7277b64863681e13d5cb65ed80b6c0c130a71789e1f9b9f94c8771,"{""distance"":7,""physical_error_rate"":0.005}","{""detection_events"":78393,""detectors_checked"":4147200}"
     24576,         1,         0,    6.00,standalone_exact_mw,127be6187b4f42ce503a2e58abe78322609c231565a94a3f55b4bab680d66d05,"{""distance"":7,""physical_error_rate"":0.01}","{""detection_events"":729863,""detectors_checked"":19906560,""obs_mistake_mask=E"":1}"
     90112,         0,         0,    5.99,standalone_exact_mw,ba5ada56442ed2ba457be44e3218b165c8a19e21146c9941e841199e65961aae,"{""distance"":7,""physical_error_rate"":0.0005}","{""detection_events"":140727,""detectors_checked"":72990720}"
     53248,         0,         0,    5.97,standalone_exact_mw,6a10a1840a7277b64863681e13d5cb65ed80b6c0c130a71789e1f9b9f94c8771,"{""distance"":7,""physical_error_rate"":0.005}","{""detection_events"":811439,""detectors_checked"":43130880}"
    172032,         0,         0,    5.94,standalone_exact_mw,ba5ada56442ed2ba457be44e3218b165c8a19e21146c9941e841199e65961aae,"{""distance"":7,""physical_error_rate"":0.0005}","{""detection_events"":269032,""detectors_checked"":139345920}"
     44032,         0,         0,    6.06,standalone_exact_mw,e5383d45c2b34399c539563e7789a53fd4b96cd0b38eade39a3cbfe07ba21ab0,"{""distance"":7,""physical_error_rate"":0.0002}","{""detection_events"":27884,""detectors_checked"":35665920}"
     65536,         0,         0,    6.00,standalone_exact_mw,e5383d45c2b34399c539563e7789a53fd4b96cd0b38eade39a3cbfe07ba21ab0,"{""distance"":7,""physical_error_rate"":0.0002}","{""detection_events"":41519,""detectors_checked"":53084160}"
    136192,         0,         0,    5.97,standalone_exact_mw,3bd544bb51e006261b45d3a2c996e28fc0c0449411cee5f7deafcd25d9539ebc,"{""distance"":7,""physical_error_rate"":0.001}","{""detection_events"":425979,""detectors_checked"":110315520}"
     93184,         1,         0,    5.99,standalone_exact_mw,6a10a1840a7277b64863681e13d5cb65ed80b6c0c130a71789e1f9b9f94c8771,"{""distance"":7,""physical_error_rate"":0.005}","{""detection_events"":1422020,""detectors_checked"":75479040,""obs_mistake_mask=E"":1}"
     92160,         0,         0,    5.91,standalone_exact_mw,e5383d45c2b34399c539563e7789a53fd4b96cd0b38eade39a3cbfe07ba21ab0,"{""distance"":7,""physical_error_rate"":0.0002}","{""detection_events"":58268,""detectors_checked"":74649600}"
     34816,         1,         0,    6.15,standalone_exact_mw,127be6187b4f42ce503a2e58abe78322609c231565a94a3f55b4bab680d66d05,"{""distance"":7,""physical_error_rate"":0.01}","{""detection_events"":1033192,""detectors_checked"":28200960,""obs_mistake_mask=E"":1}"
     28672,         0,         0,    6.28,standalone_exact_mw,6a10a1840a7277b64863681e13d5cb65ed80b6c0c130a71789e1f9b9f94c8771,"{""distance"":7,""physical_error_rate"":0.005}","{""detection_events"":438437,""detectors_checked"":23224320}"
     92160,         0,         0,    8.42,standalone_exact_mw,ba5ada56442ed2ba457be44e3218b165c8a19e21146c9941e841199e65961aae,"{""distance"":7,""physical_error_rate"":0.0005}","{""detection_events"":144333,""detectors_checked"":74649600}"
     45056,         0,         0,    5.95,standalone_exact_mw,9d8ad86e51451842b54dafc7680d1b486ef291963bb72c70f3cdd570d2d8fa34,"{""distance"":7,""physical_error_rate"":0.002}","{""detection_events"":280593,""detectors_checked"":36495360}"
     23552,         0,         0,    4.37,standalone_exact_mw,3bd544bb51e006261b45d3a2c996e28fc0c0449411cee5f7deafcd25d9539ebc,"{""distance"":7,""physical_error_rate"":0.001}","{""detection_events"":73895,""detectors_checked"":19077120}"
     69632,         0,         0,    8.45,standalone_exact_mw,3bd544bb51e006261b45d3a2c996e28fc0c0449411cee5f7deafcd25d9539ebc,"{""distance"":7,""physical_error_rate"":0.001}","{""detection_events"":216854,""detectors_checked"":56401920}"
     27648,         0,         0,    4.34,standalone_exact_mw,9d8ad86e51451842b54dafc7680d1b486ef291963bb72c70f3cdd570d2d8fa34,"{""distance"":7,""physical_error_rate"":0.002}","{""detection_events"":171078,""detectors_checked"":22394880}"
    147456,         0,         0,    6.00,standalone_exact_mw,e5383d45c2b34399c539563e7789a53fd4b96cd0b38eade39a3cbfe07ba21ab0,"{""distance"":7,""physical_error_rate"":0.0002}","{""detection_events"":93026,""detectors_checked"":119439360}"
     49152,         0,         0,    6.07,standalone_exact_mw,9d8ad86e51451842b54dafc7680d1b486ef291963bb72c70f3cdd570d2d8fa34,"{""distance"":7,""physical_error_rate"":0.002}","{""detection_events"":304952,""detectors_checked"":39813120}"
     98304,         0,         0,    4.26,standalone_exact_mw,e5383d45c2b34399c539563e7789a53fd4b96cd0b38eade39a3cbfe07ba21ab0,"{""distance"":7,""physical_error_rate"":0.0002}","{""detection_events"":61486,""detectors_checked"":79626240}"
     25600,         0,         0,    3.14,standalone_exact_mw,9d8ad86e51451842b54dafc7680d1b486ef291963bb72c70f3cdd570d2d8fa34,"{""distance"":7,""physical_error_rate"":0.002}","{""detection_events"":158158,""detectors_checked"":20736000}"
     58368,         0,         0,    4.31,standalone_exact_mw,ba5ada56442ed2ba457be44e3218b165c8a19e21146c9941e841199e65961aae,"{""distance"":7,""physical_error_rate"":0.0005}","{""detection_events"":91908,""detectors_checked"":47278080}"
     59392,         0,         0,    8.37,standalone_exact_mw,ba5ada56442ed2ba457be44e3218b165c8a19e21146c9941e841199e65961aae,"{""distance"":7,""physical_error_rate"":0.0005}","{""detection_events"":92706,""detectors_checked"":48107520}"
    139264,         0,         0,    5.99,standalone_exact_mw,3bd544bb51e006261b45d3a2c996e28fc0c0449411cee5f7deafcd25d9539ebc,"{""distance"":7,""physical_error_rate"":0.001}","{""detection_events"":433254,""detectors_checked"":112803840}"
    116736,         0,         0,    8.39,standalone_exact_mw,6a10a1840a7277b64863681e13d5cb65ed80b6c0c130a71789e1f9b9f94c8771,"{""distance"":7,""physical_error_rate"":0.005}","{""detection_events"":1779752,""detectors_checked"":94556160}"
     40960,         0,         0,    8.42,standalone_exact_mw,9d8ad86e51451842b54dafc7680d1b486ef291963bb72c70f3cdd570d2d8fa34,"{""distance"":7,""physical_error_rate"":0.002}","{""detection_events"":254533,""detectors_checked"":33177600}"
     20480,         0,         0,    4.53,standalone_exact_mw,3bd544bb51e006261b45d3a2c996e28fc0c0449411cee5f7deafcd25d9539ebc,"{""distance"":7,""physical_error_rate"":0.001}","{""detection_events"":64274,""detectors_checked"":16588800}"
     99328,         0,         0,    4.29,standalone_exact_mw,3bd544bb51e006261b45d3a2c996e28fc0c0449411cee5f7deafcd25d9539ebc,"{""distance"":7,""physical_error_rate"":0.001}","{""detection_events"":313042,""detectors_checked"":80455680}"
     63488,         0,         0,    5.94,standalone_exact_mw,3bd544bb51e006261b45d3a2c996e28fc0c0449411cee5f7deafcd25d9539ebc,"{""distance"":7,""physical_error_rate"":0.001}","{""detection_events"":199146,""detectors_checked"":51425280}"
     30720,         0,         0,    4.27,standalone_exact_mw,3bd544bb51e006261b45d3a2c996e28fc0c0449411cee5f7deafcd25d9539ebc,"{""distance"":7,""physical_error_rate"":0.001}","{""detection_events"":95797,""detectors_checked"":24883200}"
     28672,         3,         0,    6.17,standalone_exact_mw,127be6187b4f42ce503a2e58abe78322609c231565a94a3f55b4bab680d66d05,"{""distance"":7,""physical_error_rate"":0.01}","{""detection_events"":850537,""detectors_checked"":23224320,""obs_mistake_mask=E"":3}"
     75776,         1,         0,    8.41,standalone_exact_mw,6a10a1840a7277b64863681e13d5cb65ed80b6c0c130a71789e1f9b9f94c8771,"{""distance"":7,""physical_error_rate"":0.005}","{""detection_events"":1159300,""detectors_checked"":61378560,""obs_mistake_mask=E"":1}"
     80896,        12,         0,    5.97,standalone_exact_mw,127be6187b4f42ce503a2e58abe78322609c231565a94a3f55b4bab680d66d05,"{""distance"":7,""physical_error_rate"":0.01}","{""detection_events"":2404454,""detectors_checked"":65525760,""obs_mistake_mask=E"":12}"
     46080,         4,         0,    4.29,standalone_exact_mw,127be6187b4f42ce503a2e58abe78322609c231565a94a3f55b4bab680d66d05,"{""distance"":7,""physical_error_rate"":0.01}","{""detection_events"":1369921,""detectors_checked"":37324800,""obs_mistake_mask=E"":4}"
     34816,         0,         0,    6.09,standalone_exact_mw,6a10a1840a7277b64863681e13d5cb65ed80b6c0c130a71789e1f9b9f94c8771,"{""distance"":7,""physical_error_rate"":0.005}","{""detection_events"":532014,""detectors_checked"":28200960}"
     72704,         0,         0,    8.41,standalone_exact_mw,9d8ad86e51451842b54dafc7680d1b486ef291963bb72c70f3cdd570d2d8fa34,"{""distance"":7,""physical_error_rate"":0.002}","{""detection_events"":451922,""detectors_checked"":58890240}"
     82944,         0,         0,    6.04,standalone_exact_mw,6a10a1840a7277b64863681e13d5cb65ed80b6c0c130a71789e1f9b9f94c8771,"{""distance"":7,""physical_error_rate"":0.005}","{""detection_events"":1268898,""detectors_checked"":67184640}"
     68608,         0,         0,    8.66,standalone_exact_mw,3bd544bb51e006261b45d3a2c996e28fc0c0449411cee5f7deafcd25d9539ebc,"{""distance"":7,""physical_error_rate"":0.001}","{""detection_events"":214879,""detectors_checked"":55572480}"
     82944,         0,         0,    8.23,standalone_exact_mw,e5383d45c2b34399c539563e7789a53fd4b96cd0b38eade39a3cbfe07ba21ab0,"{""distance"":7,""physical_error_rate"":0.0002}","{""detection_events"":52221,""detectors_checked"":67184640}"
     35840,         0,         0,    6.19,standalone_exact_mw,3bd544bb51e006261b45d3a2c996e28fc0c0449411cee5f7deafcd25d9539ebc,"{""distance"":7,""physical_error_rate"":0.001}","{""detection_events"":111845,""detectors_checked"":29030400}"
     41984,         0,         0,    4.30,standalone_exact_mw,9d8ad86e51451842b54dafc7680d1b486ef291963bb72c70f3cdd570d2d8fa34,"{""distance"":7,""physical_error_rate"":0.002}","{""detection_events"":260201,""detectors_checked"":34007040}"
    143360,         0,         0,    5.98,standalone_exact_mw,ba5ada56442ed2ba457be44e3218b165c8a19e21146c9941e841199e65961aae,"{""distance"":7,""physical_error_rate"":0.0005}","{""detection_events"":224756,""detectors_checked"":116121600}"
    111616,         6,         0,    8.42,standalone_exact_mw,127be6187b4f42ce503a2e58abe78322609c231565a94a3f55b4bab680d66d05,"{""distance"":7,""physical_error_rate"":0.01}","{""detection_events"":3319682,""detectors_checked"":90408960,""obs_mistake_mask=E"":6}"
     59392,         0,         0,    4.25,standalone_exact_mw,ba5ada56442ed2ba457be44e3218b165c8a19e21146c9941e841199e65961aae,"{""distance"":7,""physical_error_rate"":0.0005}","{""detection_events"":92666,""detectors_checked"":48107520}"
     23552,         0,         0,    3.09,standalone_exact_mw,6a10a1840a7277b64863681e13d5cb65ed80b6c0c130a71789e1f9b9f94c8771,"{""distance"":7,""physical_error_rate"":0.005}","{""detection_events"":360411,""detectors_checked"":19077120}"
     60416,         0,         0,    5.98,standalone_exact_mw,ba5ada56442ed2ba457be44e3218b165c8a19e21146c9941e841199e65961aae,"{""distance"":7,""physical_error_rate"":0.0005}","{""detection_events"":94167,""detectors_checked"":48936960}"
     78848,         0,         0,    4.31,standalone_exact_mw,e5383d45c2b34399c539563e7789a53fd4b96cd0b38eade39a3cbfe07ba21ab0,"{""distance"":7,""physical_error_rate"":0.0002}","{""detection_events"":49150,""detectors_checked"":63866880}"
     51200,         0,         0,    6.12,standalone_exact_mw,3bd544bb51e006261b45d3a2c996e28fc0c0449411cee5f7deafcd25d9539ebc,"{""distance"":7,""physical_error_rate"":0.001}","{""detection_events"":160900,""detectors_checked"":41472000}"
     45056,         0,         0,    6.01,standalone_exact_mw,9d8ad86e51451842b54dafc7680d1b486ef291963bb72c70f3cdd570d2d8fa34,"{""distance"":7,""physical_error_rate"":0.002}","{""detection_events"":280962,""detectors_checked"":36495360}"
     80896,         0,         0,    6.02,standalone_exact_mw,3bd544bb51e006261b45d3a2c996e28fc0c0449411cee5f7deafcd25d9539ebc,"{""distance"":7,""physical_error_rate"":0.001}","{""detection_events"":253295,""detectors_checked"":65525760}"
     39936,         2,         0,    6.08,standalone_exact_mw,127be6187b4f42ce503a2e58abe78322609c231565a94a3f55b4bab680d66d05,"{""distance"":7,""physical_error_rate"":0.01}","{""detection_events"":1185991,""detectors_checked"":32348160,""obs_mistake_mask=E"":2}"
     86016,         0,         0,    8.38,standalone_exact_mw,ba5ada56442ed2ba457be44e3218b165c8a19e21146c9941e841199e65961aae,"{""distance"":7,""physical_error_rate"":0.0005}","{""detection_events"":134395,""detectors_checked"":69672960}"
     52224,         0,         0,    4.26,standalone_exact_mw,9d8ad86e51451842b54dafc7680d1b486ef291963bb72c70f3cdd570d2d8fa34,"{""distance"":7,""physical_error_rate"":0.002}","{""detection_events"":324276,""detectors_checked"":42301440}"
     46080,         0,         0,    8.36,standalone_exact_mw,3bd544bb51e006261b45d3a2c996e28fc0c0449411cee5f7deafcd25d9539ebc,"{""distance"":7,""physical_error_rate"":0.001}","{""detection_events"":143933,""detectors_checked"":37324800}"
      9216,         0,         0,    4.67,standalone_exact_mw,127be6187b4f42ce503a2e58abe78322609c231565a94a3f55b4bab680d66d05,"{""distance"":7,""physical_error_rate"":0.01}","{""detection_events"":273871,""detectors_checked"":7464960}"
     80896,         0,         0,    4.30,standalone_exact_mw,e5383d45c2b34399c539563e7789a53fd4b96cd0b38eade39a3cbfe07ba21ab0,"{""distance"":7,""physical_error_rate"":0.0002}","{""detection_events"":50780,""detectors_checked"":65525760}"
     90112,         2,         0,    6.05,standalone_exact_mw,6a10a1840a7277b64863681e13d5cb65ed80b6c0c130a71789e1f9b9f94c8771,"{""distance"":7,""physical_error_rate"":0.005}","{""detection_events"":1378939,""detectors_checked"":72990720,""obs_mistake_mask=E"":2}"
    182272,         0,         0,    8.33,standalone_exact_mw,ba5ada56442ed2ba457be44e3218b165c8a19e21146c9941e841199e65961aae,"{""distance"":7,""physical_error_rate"":0.0005}","{""detection_events"":286783,""detectors_checked"":147640320}"
    193536,         0,         0,    8.34,standalone_exact_mw,e5383d45c2b34399c539563e7789a53fd4b96cd0b38eade39a3cbfe07ba21ab0,"{""distance"":7,""physical_error_rate"":0.0002}","{""detection_events"":121425,""detectors_checked"":156764160}"
    121856,         0,         0,    8.34,standalone_exact_mw,3bd544bb51e006261b45d3a2c996e28fc0c0449411cee5f7deafcd25d9539ebc,"{""distance"":7,""physical_error_rate"":0.001}","{""detection_events"":380760,""detectors_checked"":98703360}"
     83968,         0,         0,    5.82,standalone_exact_mw,e5383d45c2b34399c539563e7789a53fd4b96cd0b38eade39a3cbfe07ba21ab0,"{""distance"":7,""physical_error_rate"":0.0002}","{""detection_events"":53476,""detectors_checked"":68014080}"
     99328,         8,         0,    8.42,standalone_exact_mw,127be6187b4f42ce503a2e58abe78322609c231565a94a3f55b4bab680d66d05,"{""distance"":7,""physical_error_rate"":0.01}","{""detection_events"":2952740,""detectors_checked"":80455680,""obs_mistake_mask=E"":8}"
     65536,         0,         0,    8.42,standalone_exact_mw,ba5ada56442ed2ba457be44e3218b165c8a19e21146c9941e841199e65961aae,"{""distance"":7,""physical_error_rate"":0.0005}","{""detection_events"":102490,""detectors_checked"":53084160}"
    131072,         0,         0,    8.35,standalone_exact_mw,9d8ad86e51451842b54dafc7680d1b486ef291963bb72c70f3cdd570d2d8fa34,"{""distance"":7,""physical_error_rate"":0.002}","{""detection_events"":814658,""detectors_checked"":106168320}"
     59392,         0,         0,    8.38,standalone_exact_mw,9d8ad86e51451842b54dafc7680d1b486ef291963bb72c70f3cdd570d2d8fa34,"{""distance"":7,""physical_error_rate"":0.002}","{""detection_events"":368768,""detectors_checked"":48107520}"
    296960,         0,         0,    8.35,standalone_exact_mw,e5383d45c2b34399c539563e7789a53fd4b96cd0b38eade39a3cbfe07ba21ab0,"{""distance"":7,""physical_error_rate"":0.0002}","{""detection_events"":188096,""detectors_checked"":240537600}"
    233472,         0,         0,    8.35,standalone_exact_mw,ba5ada56442ed2ba457be44e3218b165c8a19e21146c9941e841199e65961aae,"{""distance"":7,""physical_error_rate"":0.0005}","{""detection_events"":366061,""detectors_checked"":189112320}"
      8192,         0,         0,    3.06,standalone_exact_mw,6a10a1840a7277b64863681e13d5cb65ed80b6c0c130a71789e1f9b9f94c8771,"{""distance"":7,""physical_error_rate"":0.005}","{""detection_events"":124926,""detectors_checked"":6635520}"
    300032,         0,         0,    8.35,standalone_exact_mw,e5383d45c2b34399c539563e7789a53fd4b96cd0b38eade39a3cbfe07ba21ab0,"{""distance"":7,""physical_error_rate"":0.0002}","{""detection_events"":189081,""detectors_checked"":243025920}"
     60416,         8,         0,    8.41,standalone_exact_mw,127be6187b4f42ce503a2e58abe78322609c231565a94a3f55b4bab680d66d05,"{""distance"":7,""physical_error_rate"":0.01}","{""detection_events"":1792994,""detectors_checked"":48936960,""obs_mistake_mask=E"":8}"
    150528,         0,         0,    8.44,standalone_exact_mw,9d8ad86e51451842b54dafc7680d1b486ef291963bb72c70f3cdd570d2d8fa34,"{""distance"":7,""physical_error_rate"":0.002}","{""detection_events"":937617,""detectors_checked"":121927680}"
     38912,         0,         0,    8.37,standalone_exact_mw,9d8ad86e51451842b54dafc7680d1b486ef291963bb72c70f3cdd570d2d8fa34,"{""distance"":7,""physical_error_rate"":0.002}","{""detection_events"":240901,""detectors_checked"":31518720}"
    178176,         0,         0,    8.36,standalone_exact_mw,3bd544bb51e006261b45d3a2c996e28fc0c0449411cee5f7deafcd25d9539ebc,"{""distance"":7,""physical_error_rate"":0.001}","{""detection_events"":556454,""detectors_checked"":144322560}"
     61440,         0,         0,    8.38,standalone_exact_mw,3bd544bb51e006261b45d3a2c996e28fc0c0449411cee5f7deafcd25d9539ebc,"{""distance"":7,""physical_error_rate"":0.001}","{""detection_events"":192086,""detectors_checked"":49766400}"
    232448,         0,         0,    8.36,standalone_exact_mw,ba5ada56442ed2ba457be44e3218b165c8a19e21146c9941e841199e65961aae,"{""distance"":7,""physical_error_rate"":0.0005}","{""detection_events"":364451,""detectors_checked"":188282880}"
     66560,         0,         0,    8.28,standalone_exact_mw,e5383d45c2b34399c539563e7789a53fd4b96cd0b38eade39a3cbfe07ba21ab0,"{""distance"":7,""physical_error_rate"":0.0002}","{""detection_events"":41628,""detectors_checked"":53913600}"
     76800,         9,         0,    8.35,standalone_exact_mw,127be6187b4f42ce503a2e58abe78322609c231565a94a3f55b4bab680d66d05,"{""distance"":7,""physical_error_rate"":0.01}","{""detection_events"":2282374,""detectors_checked"":62208000,""obs_mistake_mask=E"":9}"
    121856,         1,         0,    8.44,standalone_exact_mw,6a10a1840a7277b64863681e13d5cb65ed80b6c0c130a71789e1f9b9f94c8771,"{""distance"":7,""physical_error_rate"":0.005}","{""detection_events"":1858467,""detectors_checked"":98703360,""obs_mistake_mask=E"":1}"
    134144,         0,         0,    8.37,standalone_exact_mw,3bd544bb51e006261b45d3a2c996e28fc0c0449411cee5f7deafcd25d9539ebc,"{""distance"":7,""physical_error_rate"":0.001}","{""detection_events"":419024,""detectors_checked"":108656640}"
     99328,         0,         0,    8.41,standalone_exact_mw,ba5ada56442ed2ba457be44e3218b165c8a19e21146c9941e841199e65961aae,"{""distance"":7,""physical_error_rate"":0.0005}","{""detection_events"":155402,""detectors_checked"":80455680}"
     66560,         8,         0,    8.35,standalone_exact_mw,127be6187b4f42ce503a2e58abe78322609c231565a94a3f55b4bab680d66d05,"{""distance"":7,""physical_error_rate"":0.01}","{""detection_events"":1977032,""detectors_checked"":53913600,""obs_mistake_mask=E"":8}"
    111616,        21,         0,    8.33,standalone_exact_mw,127be6187b4f42ce503a2e58abe78322609c231565a94a3f55b4bab680d66d05,"{""distance"":7,""physical_error_rate"":0.01}","{""detection_events"":3316596,""detectors_checked"":90408960,""obs_mistake_mask=E"":21}"
     79872,        10,         0,    8.41,standalone_exact_mw,127be6187b4f42ce503a2e58abe78322609c231565a94a3f55b4bab680d66d05,"{""distance"":7,""physical_error_rate"":0.01}","{""detection_events"":2376206,""detectors_checked"":64696320,""obs_mistake_mask=E"":10}"
    129024,         1,         0,    8.38,standalone_exact_mw,6a10a1840a7277b64863681e13d5cb65ed80b6c0c130a71789e1f9b9f94c8771,"{""distance"":7,""physical_error_rate"":0.005}","{""detection_events"":1975991,""detectors_checked"":104509440,""obs_mistake_mask=E"":1}"
     94208,         0,         0,    8.41,standalone_exact_mw,e5383d45c2b34399c539563e7789a53fd4b96cd0b38eade39a3cbfe07ba21ab0,"{""distance"":7,""physical_error_rate"":0.0002}","{""detection_events"":59071,""detectors_checked"":76308480}"
     69632,         0,         0,    8.38,standalone_exact_mw,6a10a1840a7277b64863681e13d5cb65ed80b6c0c130a71789e1f9b9f94c8771,"{""distance"":7,""physical_error_rate"":0.005}","{""detection_events"":1064023,""detectors_checked"":56401920}"
    120832,         0,         0,    8.37,standalone_exact_mw,e5383d45c2b34399c539563e7789a53fd4b96cd0b38eade39a3cbfe07ba21ab0,"{""distance"":7,""physical_error_rate"":0.0002}","{""detection_events"":75720,""detectors_checked"":97873920}"
     82944,         8,         0,    8.40,standalone_exact_mw,127be6187b4f42ce503a2e58abe78322609c231565a94a3f55b4bab680d66d05,"{""distance"":7,""physical_error_rate"":0.01}","{""detection_events"":2465462,""detectors_checked"":67184640,""obs_mistake_mask=E"":8}"
     40960,         0,         0,    8.41,standalone_exact_mw,9d8ad86e51451842b54dafc7680d1b486ef291963bb72c70f3cdd570d2d8fa34,"{""distance"":7,""physical_error_rate"":0.002}","{""detection_events"":254468,""detectors_checked"":33177600}"
     61440,         0,         0,    8.37,standalone_exact_mw,3bd544bb51e006261b45d3a2c996e28fc0c0449411cee5f7deafcd25d9539ebc,"{""distance"":7,""physical_error_rate"":0.001}","{""detection_events"":191741,""detectors_checked"":49766400}"
    101376,         0,         0,    8.37,standalone_exact_mw,e5383d45c2b34399c539563e7789a53fd4b96cd0b38eade39a3cbfe07ba21ab0,"{""distance"":7,""physical_error_rate"":0.0002}","{""detection_events"":63900,""detectors_checked"":82114560}"
     71680,         0,         0,    8.29,standalone_exact_mw,9d8ad86e51451842b54dafc7680d1b486ef291963bb72c70f3cdd570d2d8fa34,"{""distance"":7,""physical_error_rate"":0.002}","{""detection_events"":446273,""detectors_checked"":58060800}"
    103424,         0,         0,    8.35,standalone_exact_mw,9d8ad86e51451842b54dafc7680d1b486ef291963bb72c70f3cdd570d2d8fa34,"{""distance"":7,""physical_error_rate"":0.002}","{""detection_events"":643100,""detectors_checked"":83773440}"
     39936,         0,         0,    8.59,standalone_exact_mw,3bd544bb51e006261b45d3a2c996e28fc0c0449411cee5f7deafcd25d9539ebc,"{""distance"":7,""physical_error_rate"":0.001}","{""detection_events"":124662,""detectors_checked"":32348160}"
     71680,         0,         0,    8.32,standalone_exact_mw,ba5ada56442ed2ba457be44e3218b165c8a19e21146c9941e841199e65961aae,"{""distance"":7,""physical_error_rate"":0.0005}","{""detection_events"":112290,""detectors_checked"":58060800}"
     94208,         0,         0,    8.35,standalone_exact_mw,3bd544bb51e006261b45d3a2c996e28fc0c0449411cee5f7deafcd25d9539ebc,"{""distance"":7,""physical_error_rate"":0.001}","{""detection_events"":294961,""detectors_checked"":76308480}"
     38912,         2,         0,    8.39,standalone_exact_mw,127be6187b4f42ce503a2e58abe78322609c231565a94a3f55b4bab680d66d05,"{""distance"":7,""physical_error_rate"":0.01}","{""detection_events"":1156125,""detectors_checked"":31518720,""obs_mistake_mask=E"":2}"
     21504,         0,         0,    6.17,standalone_exact_mw,9d8ad86e51451842b54dafc7680d1b486ef291963bb72c70f3cdd570d2d8fa34,"{""distance"":7,""physical_error_rate"":0.002}","{""detection_events"":132779,""detectors_checked"":17418240}"
     36864,         0,         0,    8.49,standalone_exact_mw,6a10a1840a7277b64863681e13d5cb65ed80b6c0c130a71789e1f9b9f94c8771,"{""distance"":7,""physical_error_rate"":0.005}","{""detection_events"":562022,""detectors_checked"":29859840}"
     24576,         1,         0,    8.44,standalone_exact_mw,127be6187b4f42ce503a2e58abe78322609c231565a94a3f55b4bab680d66d05,"{""distance"":7,""physical_error_rate"":0.01}","{""detection_events"":730651,""detectors_checked"":19906560,""obs_mistake_mask=E"":1}"
     58368,         0,         0,    8.45,standalone_exact_mw,6a10a1840a7277b64863681e13d5cb65ed80b6c0c130a71789e1f9b9f94c8771,"{""distance"":7,""physical_error_rate"":0.005}","{""detection_events"":890478,""detectors_checked"":47278080}"
     83968,         0,         0,    8.67,standalone_exact_mw,ba5ada56442ed2ba457be44e3218b165c8a19e21146c9941e841199e65961aae,"{""distance"":7,""physical_error_rate"":0.0005}","{""detection_events"":131975,""detectors_checked"":68014080}"
     78848,        12,         0,    8.45,standalone_exact_mw,127be6187b4f42ce503a2e58abe78322609c231565a94a3f55b4bab680d66d05,"{""distance"":7,""physical_error_rate"":0.01}","{""detection_events"":2343210,""detectors_checked"":63866880,""obs_mistake_mask=E"":12}"
     53248,         0,         0,    8.37,standalone_exact_mw,6a10a1840a7277b64863681e13d5cb65ed80b6c0c130a71789e1f9b9f94c8771,"{""distance"":7,""physical_error_rate"":0.005}","{""detection_events"":813986,""detectors_checked"":43130880}"
     37888,         0,         0,    8.69,standalone_exact_mw,6a10a1840a7277b64863681e13d5cb65ed80b6c0c130a71789e1f9b9f94c8771,"{""distance"":7,""physical_error_rate"":0.005}","{""detection_events"":578908,""detectors_checked"":30689280}"
    138240,         0,         0,    8.27,standalone_exact_mw,e5383d45c2b34399c539563e7789a53fd4b96cd0b38eade39a3cbfe07ba21ab0,"{""distance"":7,""physical_error_rate"":0.0002}","{""detection_events"":87069,""detectors_checked"":111974400}"
    188416,         0,         0,    8.34,standalone_exact_mw,e5383d45c2b34399c539563e7789a53fd4b96cd0b38eade39a3cbfe07ba21ab0,"{""distance"":7,""physical_error_rate"":0.0002}","{""detection_events"":117891,""detectors_checked"":152616960}"
     70656,         0,         0,    8.81,standalone_exact_mw,9d8ad86e51451842b54dafc7680d1b486ef291963bb72c70f3cdd570d2d8fa34,"{""distance"":7,""physical_error_rate"":0.002}","{""detection_events"":439490,""detectors_checked"":57231360}"
     32768,         0,         0,    8.46,standalone_exact_mw,6a10a1840a7277b64863681e13d5cb65ed80b6c0c130a71789e1f9b9f94c8771,"{""distance"":7,""physical_error_rate"":0.005}","{""detection_events"":500544,""detectors_checked"":26542080}"
    137216,         0,         0,    8.42,standalone_exact_mw,e5383d45c2b34399c539563e7789a53fd4b96cd0b38eade39a3cbfe07ba21ab0,"{""distance"":7,""physical_error_rate"":0.0002}","{""detection_events"":86500,""detectors_checked"":111144960}"
     29696,         0,         0,    4.39,standalone_exact_mw,9d8ad86e51451842b54dafc7680d1b486ef291963bb72c70f3cdd570d2d8fa34,"{""distance"":7,""physical_error_rate"":0.002}","{""detection_events"":184415,""detectors_checked"":24053760}"
     78848,         0,         0,    8.35,standalone_exact_mw,6a10a1840a7277b64863681e13d5cb65ed80b6c0c130a71789e1f9b9f94c8771,"{""distance"":7,""physical_error_rate"":0.005}","{""detection_events"":1205827,""detectors_checked"":63866880}"
    145408,         0,         0,    8.39,standalone_exact_mw,9d8ad86e51451842b54dafc7680d1b486ef291963bb72c70f3cdd570d2d8fa34,"{""distance"":7,""physical_error_rate"":0.002}","{""detection_events"":905323,""detectors_checked"":117780480}"
    163840,         0,         0,    5.98,standalone_exact_mw,ba5ada56442ed2ba457be44e3218b165c8a19e21146c9941e841199e65961aae,"{""distance"":7,""physical_error_rate"":0.0005}","{""detection_events"":256925,""detectors_checked"":132710400}"
     41984,         0,         0,    8.58,standalone_exact_mw,9d8ad86e51451842b54dafc7680d1b486ef291963bb72c70f3cdd570d2d8fa34,"{""distance"":7,""physical_error_rate"":0.002}","{""detection_events"":259978,""detectors_checked"":34007040}"
    114688,         2,         0,    8.36,standalone_exact_mw,6a10a1840a7277b64863681e13d5cb65ed80b6c0c130a71789e1f9b9f94c8771,"{""distance"":7,""physical_error_rate"":0.005}","{""detection_events"":1748486,""detectors_checked"":92897280,""obs_mistake_mask=E"":2}"
     76800,         0,         0,    8.37,standalone_exact_mw,ba5ada56442ed2ba457be44e3218b165c8a19e21146c9941e841199e65961aae,"{""distance"":7,""physical_error_rate"":0.0005}","{""detection_events"":121050,""detectors_checked"":62208000}"
     91136,         0,         0,    8.42,standalone_exact_mw,3bd544bb51e006261b45d3a2c996e28fc0c0449411cee5f7deafcd25d9539ebc,"{""distance"":7,""physical_error_rate"":0.001}","{""detection_events"":284721,""detectors_checked"":73820160}"
     20480,         0,         0,    4.24,standalone_exact_mw,6a10a1840a7277b64863681e13d5cb65ed80b6c0c130a71789e1f9b9f94c8771,"{""distance"":7,""physical_error_rate"":0.005}","{""detection_events"":312825,""detectors_checked"":16588800}"
    118784,         8,         0,    8.37,standalone_exact_mw,127be6187b4f42ce503a2e58abe78322609c231565a94a3f55b4bab680d66d05,"{""distance"":7,""physical_error_rate"":0.01}","{""detection_events"":3528951,""detectors_checked"":96215040,""obs_mistake_mask=E"":8}"
    187392,         0,         0,    8.36,standalone_exact_mw,3bd544bb51e006261b45d3a2c996e28fc0c0449411cee5f7deafcd25d9539ebc,"{""distance"":7,""physical_error_rate"":0.001}","{""detection_events"":583261,""detectors_checked"":151787520}"
    104448,         0,         0,    8.43,standalone_exact_mw,ba5ada56442ed2ba457be44e3218b165c8a19e21146c9941e841199e65961aae,"{""distance"":7,""physical_error_rate"":0.0005}","{""detection_events"":163565,""detectors_checked"":84602880}"
    108544,         0,         0,    8.33,standalone_exact_mw,e5383d45c2b34399c539563e7789a53fd4b96cd0b38eade39a3cbfe07ba21ab0,"{""distance"":7,""physical_error_rate"":0.0002}","{""detection_events"":67580,""detectors_checked"":87920640}"
     83968,         0,         0,    8.37,standalone_exact_mw,ba5ada56442ed2ba457be44e3218b165c8a19e21146c9941e841199e65961aae,"{""distance"":7,""physical_error_rate"":0.0005}","{""detection_events"":131425,""detectors_checked"":68014080}"
     50176,         0,         0,    8.38,standalone_exact_mw,6a10a1840a7277b64863681e13d5cb65ed80b6c0c130a71789e1f9b9f94c8771,"{""distance"":7,""physical_error_rate"":0.005}","{""detection_events"":765792,""detectors_checked"":40642560}"
     40960,         0,         0,    5.96,standalone_exact_mw,3bd544bb51e006261b45d3a2c996e28fc0c0449411cee5f7deafcd25d9539ebc,"{""distance"":7,""physical_error_rate"":0.001}","{""detection_events"":128267,""detectors_checked"":33177600}"
     91136,         0,         0,    6.00,standalone_exact_mw,9d8ad86e51451842b54dafc7680d1b486ef291963bb72c70f3cdd570d2d8fa34,"{""distance"":7,""physical_error_rate"":0.002}","{""detection_events"":568178,""detectors_checked"":73820160}"
    151552,         0,         0,    8.35,standalone_exact_mw,e5383d45c2b34399c539563e7789a53fd4b96cd0b38eade39a3cbfe07ba21ab0,"{""distance"":7,""physical_error_rate"":0.0002}","{""detection_events"":95217,""detectors_checked"":122757120}"
     95232,         0,         0,    8.44,standalone_exact_mw,ba5ada56442ed2ba457be44e3218b165c8a19e21146c9941e841199e65961aae,"{""distance"":7,""physical_error_rate"":0.0005}","{""detection_events"":148964,""detectors_checked"":77137920}"
    188416,         0,         0,    5.99,standalone_exact_mw,e5383d45c2b34399c539563e7789a53fd4b96cd0b38eade39a3cbfe07ba21ab0,"{""distance"":7,""physical_error_rate"":0.0002}","{""detection_events"":118124,""detectors_checked"":152616960}"
     71680,         0,         0,    8.39,standalone_exact_mw,9d8ad86e51451842b54dafc7680d1b486ef291963bb72c70f3cdd570d2d8fa34,"{""distance"":7,""physical_error_rate"":0.002}","{""detection_events"":445145,""detectors_checked"":58060800}"
     45056,         0,         0,    5.98,standalone_exact_mw,ba5ada56442ed2ba457be44e3218b165c8a19e21146c9941e841199e65961aae,"{""distance"":7,""physical_error_rate"":0.0005}","{""detection_events"":70246,""detectors_checked"":36495360}"
    114688,         0,         0,    5.98,standalone_exact_mw,3bd544bb51e006261b45d3a2c996e28fc0c0449411cee5f7deafcd25d9539ebc,"{""distance"":7,""physical_error_rate"":0.001}","{""detection_events"":358798,""detectors_checked"":92897280}"
     48128,         2,         0,    8.39,standalone_exact_mw,127be6187b4f42ce503a2e58abe78322609c231565a94a3f55b4bab680d66d05,"{""distance"":7,""physical_error_rate"":0.01}","{""detection_events"":1430920,""detectors_checked"":38983680,""obs_mistake_mask=E"":2}"
     48128,         0,         0,    6.11,standalone_exact_mw,3bd544bb51e006261b45d3a2c996e28fc0c0449411cee5f7deafcd25d9539ebc,"{""distance"":7,""physical_error_rate"":0.001}","{""detection_events"":150404,""detectors_checked"":38983680}"
     22528,         1,         0,    4.32,standalone_exact_mw,6a10a1840a7277b64863681e13d5cb65ed80b6c0c130a71789e1f9b9f94c8771,"{""distance"":7,""physical_error_rate"":0.005}","{""detection_events"":343498,""detectors_checked"":18247680,""obs_mistake_mask=E"":1}"
     72704,         0,         0,    6.05,standalone_exact_mw,3bd544bb51e006261b45d3a2c996e28fc0c0449411cee5f7deafcd25d9539ebc,"{""distance"":7,""physical_error_rate"":0.001}","{""detection_events"":227488,""detectors_checked"":58890240}"
     59392,         0,         0,    8.31,standalone_exact_mw,9d8ad86e51451842b54dafc7680d1b486ef291963bb72c70f3cdd570d2d8fa34,"{""distance"":7,""physical_error_rate"":0.002}","{""detection_events"":370097,""detectors_checked"":48107520}"
     26624,         2,         0,    6.22,standalone_exact_mw,127be6187b4f42ce503a2e58abe78322609c231565a94a3f55b4bab680d66d05,"{""distance"":7,""physical_error_rate"":0.01}","{""detection_events"":791313,""detectors_checked"":21565440,""obs_mistake_mask=E"":2}"
    108544,         0,         0,    6.02,standalone_exact_mw,9d8ad86e51451842b54dafc7680d1b486ef291963bb72c70f3cdd570d2d8fa34,"{""distance"":7,""physical_error_rate"":0.002}","{""detection_events"":676713,""detectors_checked"":87920640}"
    101376,         9,         0,    8.41,standalone_exact_mw,127be6187b4f42ce503a2e58abe78322609c231565a94a3f55b4bab680d66d05,"{""distance"":7,""physical_error_rate"":0.01}","{""detection_events"":3013971,""detectors_checked"":82114560,""obs_mistake_mask=E"":9}"
     60416,         0,         0,    6.04,standalone_exact_mw,ba5ada56442ed2ba457be44e3218b165c8a19e21146c9941e841199e65961aae,"{""distance"":7,""physical_error_rate"":0.0005}","{""detection_events"":95127,""detectors_checked"":48936960}"
    194560,         0,         0,    6.03,standalone_exact_mw,e5383d45c2b34399c539563e7789a53fd4b96cd0b38eade39a3cbfe07ba21ab0,"{""distance"":7,""physical_error_rate"":0.0002}","{""detection_events"":121484,""detectors_checked"":157593600}"
     83968,         0,         0,    6.02,standalone_exact_mw,e5383d45c2b34399c539563e7789a53fd4b96cd0b38eade39a3cbfe07ba21ab0,"{""distance"":7,""physical_error_rate"":0.0002}","{""detection_events"":52641,""detectors_checked"":68014080}"
     26624,         7,         0,    6.05,standalone_exact_mw,127be6187b4f42ce503a2e58abe78322609c231565a94a3f55b4bab680d66d05,"{""distance"":7,""physical_error_rate"":0.01}","{""detection_events"":792160,""detectors_checked"":21565440,""obs_mistake_mask=E"":7}"
     38912,         0,         0,    6.09,standalone_exact_mw,9d8ad86e51451842b54dafc7680d1b486ef291963bb72c70f3cdd570d2d8fa34,"{""distance"":7,""physical_error_rate"":0.002}","{""detection_events"":242084,""detectors_checked"":31518720}"
    198656,         0,         0,    8.34,standalone_exact_mw,ba5ada56442ed2ba457be44e3218b165c8a19e21146c9941e841199e65961aae,"{""distance"":7,""physical_error_rate"":0.0005}","{""detection_events"":311331,""detectors_checked"":160911360}"
    120832,         2,         0,    8.42,standalone_exact_mw,6a10a1840a7277b64863681e13d5cb65ed80b6c0c130a71789e1f9b9f94c8771,"{""distance"":7,""physical_error_rate"":0.005}","{""detection_events"":1846769,""detectors_checked"":97873920,""obs_mistake_mask=E"":2}"
    220160,         0,         0,    8.37,standalone_exact_mw,ba5ada56442ed2ba457be44e3218b165c8a19e21146c9941e841199e65961aae,"{""distance"":7,""physical_error_rate"":0.0005}","{""detection_events"":345636,""detectors_checked"":178329600}"
     60416,         0,         0,    8.33,standalone_exact_mw,e5383d45c2b34399c539563e7789a53fd4b96cd0b38eade39a3cbfe07ba21ab0,"{""distance"":7,""physical_error_rate"":0.0002}","{""detection_events"":37941,""detectors_checked"":48936960}"
    112640,         0,         0,    8.35,standalone_exact_mw,3bd544bb51e006261b45d3a2c996e28fc0c0449411cee5f7deafcd25d9539ebc,"{""distance"":7,""physical_error_rate"":0.001}","{""detection_events"":353202,""detectors_checked"":91238400}"
    106496,         0,         0,    8.41,standalone_exact_mw,e5383d45c2b34399c539563e7789a53fd4b96cd0b38eade39a3cbfe07ba21ab0,"{""distance"":7,""physical_error_rate"":0.0002}","{""detection_events"":66762,""detectors_checked"":86261760}"
    133120,         1,         0,    8.37,standalone_exact_mw,6a10a1840a7277b64863681e13d5cb65ed80b6c0c130a71789e1f9b9f94c8771,"{""distance"":7,""physical_error_rate"":0.005}","{""detection_events"":2031997,""detectors_checked"":107827200,""obs_mistake_mask=E"":1}"
     18432,         1,         0,    9.00,standalone_exact_mw,127be6187b4f42ce503a2e58abe78322609c231565a94a3f55b4bab680d66d05,"{""distance"":7,""physical_error_rate"":0.01}","{""detection_events"":545522,""detectors_checked"":14929920,""obs_mistake_mask=E"":1}"
    203776,         0,         0,    8.38,standalone_exact_mw,e5383d45c2b34399c539563e7789a53fd4b96cd0b38eade39a3cbfe07ba21ab0,"{""distance"":7,""physical_error_rate"":0.0002}","{""detection_events"":127353,""detectors_checked"":165058560}"
     58368,         7,         0,    8.38,standalone_exact_mw,127be6187b4f42ce503a2e58abe78322609c231565a94a3f55b4bab680d66d05,"{""distance"":7,""physical_error_rate"":0.01}","{""detection_events"":1734077,""detectors_checked"":47278080,""obs_mistake_mask=E"":7}"
     49152,         0,         0,    8.39,standalone_exact_mw,9d8ad86e51451842b54dafc7680d1b486ef291963bb72c70f3cdd570d2d8fa34,"{""distance"":7,""physical_error_rate"":0.002}","{""detection_events"":304126,""detectors_checked"":39813120}"
     32768,         0,         0,    8.50,standalone_exact_mw,6a10a1840a7277b64863681e13d5cb65ed80b6c0c130a71789e1f9b9f94c8771,"{""distance"":7,""physical_error_rate"":0.005}","{""detection_events"":500488,""detectors_checked"":26542080}"
    158720,         0,         0,    8.48,standalone_exact_mw,e5383d45c2b34399c539563e7789a53fd4b96cd0b38eade39a3cbfe07ba21ab0,"{""distance"":7,""physical_error_rate"":0.0002}","{""detection_events"":100285,""detectors_checked"":128563200}"
     48128,         0,         0,    8.55,standalone_exact_mw,9d8ad86e51451842b54dafc7680d1b486ef291963bb72c70f3cdd570d2d8fa34,"{""distance"":7,""physical_error_rate"":0.002}","{""detection_events"":300126,""detectors_checked"":38983680}"
     82944,         0,         0,    8.39,standalone_exact_mw,3bd544bb51e006261b45d3a2c996e28fc0c0449411cee5f7deafcd25d9539ebc,"{""distance"":7,""physical_error_rate"":0.001}","{""detection_events"":258917,""detectors_checked"":67184640}"
     94208,         0,         0,    8.57,standalone_exact_mw,3bd544bb51e006261b45d3a2c996e28fc0c0449411cee5f7deafcd25d9539ebc,"{""distance"":7,""physical_error_rate"":0.001}","{""detection_events"":296225,""detectors_checked"":76308480}"
     52224,         3,         0,    8.40,standalone_exact_mw,127be6187b4f42ce503a2e58abe78322609c231565a94a3f55b4bab680d66d05,"{""distance"":7,""physical_error_rate"":0.01}","{""detection_events"":1552891,""detectors_checked"":42301440,""obs_mistake_mask=E"":3}"
    112640,        13,         0,    8.38,standalone_exact_mw,127be6187b4f42ce503a2e58abe78322609c231565a94a3f55b4bab680d66d05,"{""distance"":7,""physical_error_rate"":0.01}","{""detection_events"":3343115,""detectors_checked"":91238400,""obs_mistake_mask=E"":13}"
    122880,         0,         0,    8.38,standalone_exact_mw,6a10a1840a7277b64863681e13d5cb65ed80b6c0c130a71789e1f9b9f94c8771,"{""distance"":7,""physical_error_rate"":0.005}","{""detection_events"":1877248,""detectors_checked"":99532800}"
     69632,         0,         0,    8.36,standalone_exact_mw,3bd544bb51e006261b45d3a2c996e28fc0c0449411cee5f7deafcd25d9539ebc,"{""distance"":7,""physical_error_rate"":0.001}","{""detection_events"":217108,""detectors_checked"":56401920}"
    226304,         0,         0,    8.34,standalone_exact_mw,ba5ada56442ed2ba457be44e3218b165c8a19e21146c9941e841199e65961aae,"{""distance"":7,""physical_error_rate"":0.0005}","{""detection_events"":354902,""detectors_checked"":183306240}"
     90112,         0,         0,    8.38,standalone_exact_mw,3bd544bb51e006261b45d3a2c996e28fc0c0449411cee5f7deafcd25d9539ebc,"{""distance"":7,""physical_error_rate"":0.001}","{""detection_events"":281552,""detectors_checked"":72990720}"
     37888,         1,         0,    8.83,standalone_exact_mw,6a10a1840a7277b64863681e13d5cb65ed80b6c0c130a71789e1f9b9f94c8771,"{""distance"":7,""physical_error_rate"":0.005}","{""detection_events"":578867,""detectors_checked"":30689280,""obs_mistake_mask=E"":1}"
    128000,         0,         0,    8.33,standalone_exact_mw,3bd544bb51e006261b45d3a2c996e28fc0c0449411cee5f7deafcd25d9539ebc,"{""distance"":7,""physical_error_rate"":0.001}","{""detection_events"":400144,""detectors_checked"":103680000}"
     86016,         0,         0,    8.58,standalone_exact_mw,ba5ada56442ed2ba457be44e3218b165c8a19e21146c9941e841199e65961aae,"{""distance"":7,""physical_error_rate"":0.0005}","{""detection_events"":134335,""detectors_checked"":69672960}"
     48128,         1,         0,    8.45,standalone_exact_mw,127be6187b4f42ce503a2e58abe78322609c231565a94a3f55b4bab680d66d05,"{""distance"":7,""physical_error_rate"":0.01}","{""detection_events"":1431935,""detectors_checked"":38983680,""obs_mistake_mask=E"":1}"
     60416,         0,         0,    8.57,standalone_exact_mw,9d8ad86e51451842b54dafc7680d1b486ef291963bb72c70f3cdd570d2d8fa34,"{""distance"":7,""physical_error_rate"":0.002}","{""detection_events"":373326,""detectors_checked"":48936960}"
     49152,         0,         0,    8.49,standalone_exact_mw,6a10a1840a7277b64863681e13d5cb65ed80b6c0c130a71789e1f9b9f94c8771,"{""distance"":7,""physical_error_rate"":0.005}","{""detection_events"":750376,""detectors_checked"":39813120}"
     57344,         0,         0,    8.39,standalone_exact_mw,e5383d45c2b34399c539563e7789a53fd4b96cd0b38eade39a3cbfe07ba21ab0,"{""distance"":7,""physical_error_rate"":0.0002}","{""detection_events"":35626,""detectors_checked"":46448640}"
     25600,         0,         0,    6.13,standalone_exact_mw,9d8ad86e51451842b54dafc7680d1b486ef291963bb72c70f3cdd570d2d8fa34,"{""distance"":7,""physical_error_rate"":0.002}","{""detection_events"":159525,""detectors_checked"":20736000}"
     35840,         0,         0,    5.99,standalone_exact_mw,6a10a1840a7277b64863681e13d5cb65ed80b6c0c130a71789e1f9b9f94c8771,"{""distance"":7,""physical_error_rate"":0.005}","{""detection_events"":548740,""detectors_checked"":29030400}"
     87040,         0,         0,    11.8,standalone_exact_mw,ba5ada56442ed2ba457be44e3218b165c8a19e21146c9941e841199e65961aae,"{""distance"":7,""physical_error_rate"":0.0005}","{""detection_events"":135867,""detectors_checked"":70502400}"
     95232,         0,         0,    11.8,standalone_exact_mw,3bd544bb51e006261b45d3a2c996e28fc0c0449411cee5f7deafcd25d9539ebc,"{""distance"":7,""physical_error_rate"":0.001}","{""detection_events"":295943,""detectors_checked"":77137920}"
    114688,         0,         0,    11.6,standalone_exact_mw,ba5ada56442ed2ba457be44e3218b165c8a19e21146c9941e841199e65961aae,"{""distance"":7,""physical_error_rate"":0.0005}","{""detection_events"":180115,""detectors_checked"":92897280}"
    157696,         2,         0,    11.7,standalone_exact_mw,6a10a1840a7277b64863681e13d5cb65ed80b6c0c130a71789e1f9b9f94c8771,"{""distance"":7,""physical_error_rate"":0.005}","{""detection_events"":2409575,""detectors_checked"":127733760,""obs_mistake_mask=E"":2}"
     53248,         0,         0,    8.49,standalone_exact_mw,9d8ad86e51451842b54dafc7680d1b486ef291963bb72c70f3cdd570d2d8fa34,"{""distance"":7,""physical_error_rate"":0.002}","{""detection_events"":331488,""detectors_checked"":43130880}"
     57344,         0,         0,    12.0,standalone_exact_mw,9d8ad86e51451842b54dafc7680d1b486ef291963bb72c70f3cdd570d2d8fa34,"{""distance"":7,""physical_error_rate"":0.002}","{""detection_events"":356845,""detectors_checked"":46448640}"
    149504,         0,         0,    11.9,standalone_exact_mw,6a10a1840a7277b64863681e13d5cb65ed80b6c0c130a71789e1f9b9f94c8771,"{""distance"":7,""physical_error_rate"":0.005}","{""detection_events"":2284767,""detectors_checked"":121098240}"
     28672,         0,         0,    6.09,standalone_exact_mw,6a10a1840a7277b64863681e13d5cb65ed80b6c0c130a71789e1f9b9f94c8771,"{""distance"":7,""physical_error_rate"":0.005}","{""detection_events"":436777,""detectors_checked"":23224320}"
    120832,         0,         0,    11.8,standalone_exact_mw,e5383d45c2b34399c539563e7789a53fd4b96cd0b38eade39a3cbfe07ba21ab0,"{""distance"":7,""physical_error_rate"":0.0002}","{""detection_events"":75641,""detectors_checked"":97873920}"
     77824,         0,         0,    11.9,standalone_exact_mw,9d8ad86e51451842b54dafc7680d1b486ef291963bb72c70f3cdd570d2d8fa34,"{""distance"":7,""physical_error_rate"":0.002}","{""detection_events"":484062,""detectors_checked"":63037440}"
     76800,         0,         0,    11.8,standalone_exact_mw,3bd544bb51e006261b45d3a2c996e28fc0c0449411cee5f7deafcd25d9539ebc,"{""distance"":7,""physical_error_rate"":0.001}","{""detection_events"":239703,""detectors_checked"":62208000}"
     80896,        10,         0,    11.7,standalone_exact_mw,127be6187b4f42ce503a2e58abe78322609c231565a94a3f55b4bab680d66d05,"{""distance"":7,""physical_error_rate"":0.01}","{""detection_events"":2403266,""detectors_checked"":65525760,""obs_mistake_mask=E"":10}"
     65536,         0,         0,    11.8,standalone_exact_mw,ba5ada56442ed2ba457be44e3218b165c8a19e21146c9941e841199e65961aae,"{""distance"":7,""physical_error_rate"":0.0005}","{""detection_events"":102520,""detectors_checked"":53084160}"
     60416,         0,         0,    11.8,standalone_exact_mw,3bd544bb51e006261b45d3a2c996e28fc0c0449411cee5f7deafcd25d9539ebc,"{""distance"":7,""physical_error_rate"":0.001}","{""detection_events"":189160,""detectors_checked"":48936960}"
    212992,         0,         0,    11.7,standalone_exact_mw,ba5ada56442ed2ba457be44e3218b165c8a19e21146c9941e841199e65961aae,"{""distance"":7,""physical_error_rate"":0.0005}","{""detection_events"":333958,""detectors_checked"":172523520}"
    334848,         0,         0,    11.7,standalone_exact_mw,e5383d45c2b34399c539563e7789a53fd4b96cd0b38eade39a3cbfe07ba21ab0,"{""distance"":7,""physical_error_rate"":0.0002}","{""detection_events"":211042,""detectors_checked"":271226880}"
    188416,         0,         0,    8.37,standalone_exact_mw,ba5ada56442ed2ba457be44e3218b165c8a19e21146c9941e841199e65961aae,"{""distance"":7,""physical_error_rate"":0.0005}","{""detection_events"":295120,""detectors_checked"":152616960}"
    226304,         0,         0,    11.8,standalone_exact_mw,3bd544bb51e006261b45d3a2c996e28fc0c0449411cee5f7deafcd25d9539ebc,"{""distance"":7,""physical_error_rate"":0.001}","{""detection_events"":705423,""detectors_checked"":183306240}"
    194560,         0,         0,    11.7,standalone_exact_mw,ba5ada56442ed2ba457be44e3218b165c8a19e21146c9941e841199e65961aae,"{""distance"":7,""physical_error_rate"":0.0005}","{""detection_events"":303531,""detectors_checked"":157593600}"
    120832,        11,         0,    11.7,standalone_exact_mw,127be6187b4f42ce503a2e58abe78322609c231565a94a3f55b4bab680d66d05,"{""distance"":7,""physical_error_rate"":0.01}","{""detection_events"":3586130,""detectors_checked"":97873920,""obs_mistake_mask=E"":11}"
    217088,         0,         0,    11.7,standalone_exact_mw,9d8ad86e51451842b54dafc7680d1b486ef291963bb72c70f3cdd570d2d8fa34,"{""distance"":7,""physical_error_rate"":0.002}","{""detection_events"":1350987,""detectors_checked"":175841280}"
    380928,         0,         0,    11.7,standalone_exact_mw,e5383d45c2b34399c539563e7789a53fd4b96cd0b38eade39a3cbfe07ba21ab0,"{""distance"":7,""physical_error_rate"":0.0002}","{""detection_events"":239744,""detectors_checked"":308551680}"
    328704,         0,         0,    11.7,standalone_exact_mw,ba5ada56442ed2ba457be44e3218b165c8a19e21146c9941e841199e65961aae,"{""distance"":7,""physical_error_rate"":0.0005}","{""detection_events"":515458,""detectors_checked"":266250240}"
    400384,         0,         0,    11.7,standalone_exact_mw,e5383d45c2b34399c539563e7789a53fd4b96cd0b38eade39a3cbfe07ba21ab0,"{""distance"":7,""physical_error_rate"":0.0002}","{""detection_events"":250841,""detectors_checked"":324311040}"
     91136,         9,         0,    11.7,standalone_exact_mw,127be6187b4f42ce503a2e58abe78322609c231565a94a3f55b4bab680d66d05,"{""distance"":7,""physical_error_rate"":0.01}","{""detection_events"":2710761,""detectors_checked"":73820160,""obs_mistake_mask=E"":9}"
     57344,         0,         0,    11.8,standalone_exact_mw,9d8ad86e51451842b54dafc7680d1b486ef291963bb72c70f3cdd570d2d8fa34,"{""distance"":7,""physical_error_rate"":0.002}","{""detection_events"":356506,""detectors_checked"":46448640}"
     50176,         0,         0,    11.7,standalone_exact_mw,9d8ad86e51451842b54dafc7680d1b486ef291963bb72c70f3cdd570d2d8fa34,"{""distance"":7,""physical_error_rate"":0.002}","{""detection_events"":312853,""detectors_checked"":40642560}"
     98304,         0,         0,    11.7,standalone_exact_mw,9d8ad86e51451842b54dafc7680d1b486ef291963bb72c70f3cdd570d2d8fa34,"{""distance"":7,""physical_error_rate"":0.002}","{""detection_events"":611356,""detectors_checked"":79626240}"
    230400,         0,         0,    11.7,standalone_exact_mw,3bd544bb51e006261b45d3a2c996e28fc0c0449411cee5f7deafcd25d9539ebc,"{""distance"":7,""physical_error_rate"":0.001}","{""detection_events"":721426,""detectors_checked"":186624000}"
     52224,         0,         0,    11.7,standalone_exact_mw,3bd544bb51e006261b45d3a2c996e28fc0c0449411cee5f7deafcd25d9539ebc,"{""distance"":7,""physical_error_rate"":0.001}","{""detection_events"":163030,""detectors_checked"":42301440}"
    323584,         0,         0,    11.7,standalone_exact_mw,ba5ada56442ed2ba457be44e3218b165c8a19e21146c9941e841199e65961aae,"{""distance"":7,""physical_error_rate"":0.0005}","{""detection_events"":508783,""detectors_checked"":262103040}"
    145408,        26,         0,    11.7,standalone_exact_mw,127be6187b4f42ce503a2e58abe78322609c231565a94a3f55b4bab680d66d05,"{""distance"":7,""physical_error_rate"":0.01}","{""detection_events"":4319271,""detectors_checked"":117780480,""obs_mistake_mask=E"":26}"
    171008,         0,         0,    11.7,standalone_exact_mw,6a10a1840a7277b64863681e13d5cb65ed80b6c0c130a71789e1f9b9f94c8771,"{""distance"":7,""physical_error_rate"":0.005}","{""detection_events"":2611528,""detectors_checked"":138516480}"
    152576,         0,         0,    11.7,standalone_exact_mw,e5383d45c2b34399c539563e7789a53fd4b96cd0b38eade39a3cbfe07ba21ab0,"{""distance"":7,""physical_error_rate"":0.0002}","{""detection_events"":95687,""detectors_checked"":123586560}"
    171008,         0,         0,    11.7,standalone_exact_mw,3bd544bb51e006261b45d3a2c996e28fc0c0449411cee5f7deafcd25d9539ebc,"{""distance"":7,""physical_error_rate"":0.001}","{""detection_events"":534167,""detectors_checked"":138516480}"
    139264,        20,         0,    11.7,standalone_exact_mw,127be6187b4f42ce503a2e58abe78322609c231565a94a3f55b4bab680d66d05,"{""distance"":7,""physical_error_rate"":0.01}","{""detection_events"":4138706,""detectors_checked"":112803840,""obs_mistake_mask=E"":20}"
    163840,         0,         0,    11.7,standalone_exact_mw,ba5ada56442ed2ba457be44e3218b165c8a19e21146c9941e841199e65961aae,"{""distance"":7,""physical_error_rate"":0.0005}","{""detection_events"":255711,""detectors_checked"":132710400}"
     35840,         4,         0,    11.8,standalone_exact_mw,127be6187b4f42ce503a2e58abe78322609c231565a94a3f55b4bab680d66d05,"{""distance"":7,""physical_error_rate"":0.01}","{""detection_events"":1065048,""detectors_checked"":29030400,""obs_mistake_mask=E"":4}"
    153600,         1,         0,    11.7,standalone_exact_mw,6a10a1840a7277b64863681e13d5cb65ed80b6c0c130a71789e1f9b9f94c8771,"{""distance"":7,""physical_error_rate"":0.005}","{""detection_events"":2346952,""detectors_checked"":124416000,""obs_mistake_mask=E"":1}"
    150528,        19,         0,    11.8,standalone_exact_mw,127be6187b4f42ce503a2e58abe78322609c231565a94a3f55b4bab680d66d05,"{""distance"":7,""physical_error_rate"":0.01}","{""detection_events"":4470117,""detectors_checked"":121927680,""obs_mistake_mask=E"":19}"
    142336,         0,         0,    11.6,standalone_exact_mw,e5383d45c2b34399c539563e7789a53fd4b96cd0b38eade39a3cbfe07ba21ab0,"{""distance"":7,""physical_error_rate"":0.0002}","{""detection_events"":88646,""detectors_checked"":115292160}"
     52224,         0,         0,    8.43,standalone_exact_mw,3bd544bb51e006261b45d3a2c996e28fc0c0449411cee5f7deafcd25d9539ebc,"{""distance"":7,""physical_error_rate"":0.001}","{""detection_events"":162179,""detectors_checked"":42301440}"
     50176,         0,         0,    8.37,standalone_exact_mw,9d8ad86e51451842b54dafc7680d1b486ef291963bb72c70f3cdd570d2d8fa34,"{""distance"":7,""physical_error_rate"":0.002}","{""detection_events"":311199,""detectors_checked"":40642560}"
    232448,         0,         0,    8.35,standalone_exact_mw,e5383d45c2b34399c539563e7789a53fd4b96cd0b38eade39a3cbfe07ba21ab0,"{""distance"":7,""physical_error_rate"":0.0002}","{""detection_events"":146379,""detectors_checked"":188282880}"
     62464,        11,         0,    11.7,standalone_exact_mw,127be6187b4f42ce503a2e58abe78322609c231565a94a3f55b4bab680d66d05,"{""distance"":7,""physical_error_rate"":0.01}","{""detection_events"":1857362,""detectors_checked"":50595840,""obs_mistake_mask=E"":11}"
    119808,         1,         0,    11.8,standalone_exact_mw,6a10a1840a7277b64863681e13d5cb65ed80b6c0c130a71789e1f9b9f94c8771,"{""distance"":7,""physical_error_rate"":0.005}","{""detection_events"":1827675,""detectors_checked"":97044480,""obs_mistake_mask=E"":1}"
    185344,         0,         0,    11.7,standalone_exact_mw,e5383d45c2b34399c539563e7789a53fd4b96cd0b38eade39a3cbfe07ba21ab0,"{""distance"":7,""physical_error_rate"":0.0002}","{""detection_events"":116403,""detectors_checked"":150128640}"
     74752,         0,         0,    11.7,standalone_exact_mw,9d8ad86e51451842b54dafc7680d1b486ef291963bb72c70f3cdd570d2d8fa34,"{""distance"":7,""physical_error_rate"":0.002}","{""detection_events"":464043,""detectors_checked"":60549120}"
    116736,         0,         0,    11.7,standalone_exact_mw,3bd544bb51e006261b45d3a2c996e28fc0c0449411cee5f7deafcd25d9539ebc,"{""distance"":7,""physical_error_rate"":0.001}","{""detection_events"":364508,""detectors_checked"":94556160}"
    194560,         0,         0,    8.38,standalone_exact_mw,3bd544bb51e006261b45d3a2c996e28fc0c0449411cee5f7deafcd25d9539ebc,"{""distance"":7,""physical_error_rate"":0.001}","{""detection_events"":606241,""detectors_checked"":157593600}"
     67584,         0,         0,    8.43,standalone_exact_mw,ba5ada56442ed2ba457be44e3218b165c8a19e21146c9941e841199e65961aae,"{""distance"":7,""physical_error_rate"":0.0005}","{""detection_events"":105121,""detectors_checked"":54743040}"
     48128,         0,         0,    8.41,standalone_exact_mw,3bd544bb51e006261b45d3a2c996e28fc0c0449411cee5f7deafcd25d9539ebc,"{""distance"":7,""physical_error_rate"":0.001}","{""detection_events"":150325,""detectors_checked"":38983680}"
    154624,         0,         0,    11.7,standalone_exact_mw,9d8ad86e51451842b54dafc7680d1b486ef291963bb72c70f3cdd570d2d8fa34,"{""distance"":7,""physical_error_rate"":0.002}","{""detection_events"":959328,""detectors_checked"":125245440}"
    108544,         0,         0,    11.7,standalone_exact_mw,9d8ad86e51451842b54dafc7680d1b486ef291963bb72c70f3cdd570d2d8fa34,"{""distance"":7,""physical_error_rate"":0.002}","{""detection_events"":676605,""detectors_checked"":87920640}"
     69632,         0,         0,    8.47,standalone_exact_mw,3bd544bb51e006261b45d3a2c996e28fc0c0449411cee5f7deafcd25d9539ebc,"{""distance"":7,""physical_error_rate"":0.001}","{""detection_events"":216164,""detectors_checked"":56401920}"
    181248,         0,         0,    11.8,standalone_exact_mw,e5383d45c2b34399c539563e7789a53fd4b96cd0b38eade39a3cbfe07ba21ab0,"{""distance"":7,""physical_error_rate"":0.0002}","{""detection_events"":113813,""detectors_checked"":146810880}"
    179200,         0,         0,    11.6,standalone_exact_mw,ba5ada56442ed2ba457be44e3218b165c8a19e21146c9941e841199e65961aae,"{""distance"":7,""physical_error_rate"":0.0005}","{""detection_events"":280077,""detectors_checked"":145152000}"
    202752,         0,         0,    11.7,standalone_exact_mw,3bd544bb51e006261b45d3a2c996e28fc0c0449411cee5f7deafcd25d9539ebc,"{""distance"":7,""physical_error_rate"":0.001}","{""detection_events"":633790,""detectors_checked"":164229120}"
    113664,         0,         0,    8.37,standalone_exact_mw,9d8ad86e51451842b54dafc7680d1b486ef291963bb72c70f3cdd570d2d8fa34,"{""distance"":7,""physical_error_rate"":0.002}","{""detection_events"":704594,""detectors_checked"":92067840}"
     83968,         0,         0,    11.9,standalone_exact_mw,3bd544bb51e006261b45d3a2c996e28fc0c0449411cee5f7deafcd25d9539ebc,"{""distance"":7,""physical_error_rate"":0.001}","{""detection_events"":262368,""detectors_checked"":68014080}"
     63488,         7,         0,    8.60,standalone_exact_mw,127be6187b4f42ce503a2e58abe78322609c231565a94a3f55b4bab680d66d05,"{""distance"":7,""physical_error_rate"":0.01}","{""detection_events"":1884173,""detectors_checked"":51425280,""obs_mistake_mask=E"":7}"
     52224,         6,         0,    11.9,standalone_exact_mw,127be6187b4f42ce503a2e58abe78322609c231565a94a3f55b4bab680d66d05,"{""distance"":7,""physical_error_rate"":0.01}","{""detection_events"":1552010,""detectors_checked"":42301440,""obs_mistake_mask=E"":6}"
    105472,         0,         0,    11.7,standalone_exact_mw,6a10a1840a7277b64863681e13d5cb65ed80b6c0c130a71789e1f9b9f94c8771,"{""distance"":7,""physical_error_rate"":0.005}","{""detection_events"":1611342,""detectors_checked"":85432320}"
     84992,         0,         0,    8.34,standalone_exact_mw,ba5ada56442ed2ba457be44e3218b165c8a19e21146c9941e841199e65961aae,"{""distance"":7,""physical_error_rate"":0.0005}","{""detection_events"":133270,""detectors_checked"":68843520}"
    282624,         0,         0,    8.35,standalone_exact_mw,e5383d45c2b34399c539563e7789a53fd4b96cd0b38eade39a3cbfe07ba21ab0,"{""distance"":7,""physical_error_rate"":0.0002}","{""detection_events"":177479,""detectors_checked"":228925440}"
     64512,         0,         0,    11.7,standalone_exact_mw,6a10a1840a7277b64863681e13d5cb65ed80b6c0c130a71789e1f9b9f94c8771,"{""distance"":7,""physical_error_rate"":0.005}","{""detection_events"":983642,""detectors_checked"":52254720}"
     39936,         5,         0,    11.9,standalone_exact_mw,127be6187b4f42ce503a2e58abe78322609c231565a94a3f55b4bab680d66d05,"{""distance"":7,""physical_error_rate"":0.01}","{""detection_events"":1187139,""detectors_checked"":32348160,""obs_mistake_mask=E"":5}"
    105472,         0,         0,    8.41,standalone_exact_mw,e5383d45c2b34399c539563e7789a53fd4b96cd0b38eade39a3cbfe07ba21ab0,"{""distance"":7,""physical_error_rate"":0.0002}","{""detection_events"":65553,""detectors_checked"":85432320}"
     40960,         4,         0,    8.41,standalone_exact_mw,127be6187b4f42ce503a2e58abe78322609c231565a94a3f55b4bab680d66d05,"{""distance"":7,""physical_error_rate"":0.01}","{""detection_events"":1218223,""detectors_checked"":33177600,""obs_mistake_mask=E"":4}"
    345088,         0,         0,    11.7,standalone_exact_mw,e5383d45c2b34399c539563e7789a53fd4b96cd0b38eade39a3cbfe07ba21ab0,"{""distance"":7,""physical_error_rate"":0.0002}","{""detection_events"":216808,""detectors_checked"":279521280}"
    123904,        13,         0,    11.8,standalone_exact_mw,127be6187b4f42ce503a2e58abe78322609c231565a94a3f55b4bab680d66d05,"{""distance"":7,""physical_error_rate"":0.01}","{""detection_events"":3684085,""detectors_checked"":100362240,""obs_mistake_mask=E"":13}"
     35840,         1,         0,    11.8,standalone_exact_mw,6a10a1840a7277b64863681e13d5cb65ed80b6c0c130a71789e1f9b9f94c8771,"{""distance"":7,""physical_error_rate"":0.005}","{""detection_events"":549191,""detectors_checked"":29030400,""obs_mistake_mask=E"":1}"
    417792,         0,         0,    11.7,standalone_exact_mw,e5383d45c2b34399c539563e7789a53fd4b96cd0b38eade39a3cbfe07ba21ab0,"{""distance"":7,""physical_error_rate"":0.0002}","{""detection_events"":261753,""detectors_checked"":338411520}"
     86016,         0,         0,    11.9,standalone_exact_mw,ba5ada56442ed2ba457be44e3218b165c8a19e21146c9941e841199e65961aae,"{""distance"":7,""physical_error_rate"":0.0005}","{""detection_events"":134517,""detectors_checked"":69672960}"
     86016,         0,         0,    8.50,standalone_exact_mw,9d8ad86e51451842b54dafc7680d1b486ef291963bb72c70f3cdd570d2d8fa34,"{""distance"":7,""physical_error_rate"":0.002}","{""detection_events"":534227,""detectors_checked"":69672960}"
    160768,         0,         0,    11.7,standalone_exact_mw,9d8ad86e51451842b54dafc7680d1b486ef291963bb72c70f3cdd570d2d8fa34,"{""distance"":7,""physical_error_rate"":0.002}","{""detection_events"":996880,""detectors_checked"":130222080}"
     51200,         0,         0,    12.0,standalone_exact_mw,6a10a1840a7277b64863681e13d5cb65ed80b6c0c130a71789e1f9b9f94c8771,"{""distance"":7,""physical_error_rate"":0.005}","{""detection_events"":780714,""detectors_checked"":41472000}"
    198656,         0,         0,    11.7,standalone_exact_mw,e5383d45c2b34399c539563e7789a53fd4b96cd0b38eade39a3cbfe07ba21ab0,"{""distance"":7,""physical_error_rate"":0.0002}","{""detection_events"":124926,""detectors_checked"":160911360}"
    116736,         0,         0,    11.7,standalone_exact_mw,6a10a1840a7277b64863681e13d5cb65ed80b6c0c130a71789e1f9b9f94c8771,"{""distance"":7,""physical_error_rate"":0.005}","{""detection_events"":1781670,""detectors_checked"":94556160}"
     47104,         0,         0,    12.0,standalone_exact_mw,6a10a1840a7277b64863681e13d5cb65ed80b6c0c130a71789e1f9b9f94c8771,"{""distance"":7,""physical_error_rate"":0.005}","{""detection_events"":720079,""detectors_checked"":38154240}"
    140288,         0,         0,    11.7,standalone_exact_mw,9d8ad86e51451842b54dafc7680d1b486ef291963bb72c70f3cdd570d2d8fa34,"{""distance"":7,""physical_error_rate"":0.002}","{""detection_events"":871412,""detectors_checked"":113633280}"
     70656,         0,         0,    11.8,standalone_exact_mw,9d8ad86e51451842b54dafc7680d1b486ef291963bb72c70f3cdd570d2d8fa34,"{""distance"":7,""physical_error_rate"":0.002}","{""detection_events"":442084,""detectors_checked"":57231360}"
    198656,         0,         0,    11.7,standalone_exact_mw,ba5ada56442ed2ba457be44e3218b165c8a19e21146c9941e841199e65961aae,"{""distance"":7,""physical_error_rate"":0.0005}","{""detection_events"":311658,""detectors_checked"":160911360}"
    181248,         2,         0,    11.8,standalone_exact_mw,6a10a1840a7277b64863681e13d5cb65ed80b6c0c130a71789e1f9b9f94c8771,"{""distance"":7,""physical_error_rate"":0.005}","{""detection_events"":2769833,""detectors_checked"":146810880,""obs_mistake_mask=E"":2}"
    137216,         0,         0,    11.7,standalone_exact_mw,3bd544bb51e006261b45d3a2c996e28fc0c0449411cee5f7deafcd25d9539ebc,"{""distance"":7,""physical_error_rate"":0.001}","{""detection_events"":426918,""detectors_checked"":111144960}"
    270336,         0,         0,    11.7,standalone_exact_mw,3bd544bb51e006261b45d3a2c996e28fc0c0449411cee5f7deafcd25d9539ebc,"{""distance"":7,""physical_error_rate"":0.001}","{""detection_events"":846665,""detectors_checked"":218972160}"
    147456,        12,         0,    11.7,standalone_exact_mw,127be6187b4f42ce503a2e58abe78322609c231565a94a3f55b4bab680d66d05,"{""distance"":7,""physical_error_rate"":0.01}","{""detection_events"":4378557,""detectors_checked"":119439360,""obs_mistake_mask=E"":12}"
    219136,         0,         0,    11.7,standalone_exact_mw,e5383d45c2b34399c539563e7789a53fd4b96cd0b38eade39a3cbfe07ba21ab0,"{""distance"":7,""physical_error_rate"":0.0002}","{""detection_events"":138542,""detectors_checked"":177500160}"
    155648,         0,         0,    11.8,standalone_exact_mw,ba5ada56442ed2ba457be44e3218b165c8a19e21146c9941e841199e65961aae,"{""distance"":7,""physical_error_rate"":0.0005}","{""detection_events"":243451,""detectors_checked"":126074880}"
    166912,         0,         0,    11.7,standalone_exact_mw,ba5ada56442ed2ba457be44e3218b165c8a19e21146c9941e841199e65961aae,"{""distance"":7,""physical_error_rate"":0.0005}","{""detection_events"":262402,""detectors_checked"":135198720}"
     62464,         1,         0,    11.8,standalone_exact_mw,6a10a1840a7277b64863681e13d5cb65ed80b6c0c130a71789e1f9b9f94c8771,"{""distance"":7,""physical_error_rate"":0.005}","{""detection_events"":953416,""detectors_checked"":50595840,""obs_mistake_mask=E"":1}"
    192512,         0,         0,    11.8,standalone_exact_mw,e5383d45c2b34399c539563e7789a53fd4b96cd0b38eade39a3cbfe07ba21ab0,"{""distance"":7,""physical_error_rate"":0.0002}","{""detection_events"":121130,""detectors_checked"":155934720}"
    105472,         0,         0,    11.7,standalone_exact_mw,9d8ad86e51451842b54dafc7680d1b486ef291963bb72c70f3cdd570d2d8fa34,"{""distance"":7,""physical_error_rate"":0.002}","{""detection_events"":654242,""detectors_checked"":85432320}"
    156672,         0,         0,    11.7,standalone_exact_mw,ba5ada56442ed2ba457be44e3218b165c8a19e21146c9941e841199e65961aae,"{""distance"":7,""physical_error_rate"":0.0005}","{""detection_events"":245336,""detectors_checked"":126904320}"
     81920,        12,         0,    11.7,standalone_exact_mw,127be6187b4f42ce503a2e58abe78322609c231565a94a3f55b4bab680d66d05,"{""distance"":7,""physical_error_rate"":0.01}","{""detection_events"":2431403,""detectors_checked"":66355200,""obs_mistake_mask=E"":12}"
     99328,         0,         0,    11.7,standalone_exact_mw,9d8ad86e51451842b54dafc7680d1b486ef291963bb72c70f3cdd570d2d8fa34,"{""distance"":7,""physical_error_rate"":0.002}","{""detection_events"":616312,""detectors_checked"":80455680}"
    162816,        15,         0,    11.7,standalone_exact_mw,127be6187b4f42ce503a2e58abe78322609c231565a94a3f55b4bab680d66d05,"{""distance"":7,""physical_error_rate"":0.01}","{""detection_events"":4832926,""detectors_checked"":131880960,""obs_mistake_mask=E"":15}"
     49152,         0,         0,    8.45,standalone_exact_mw,9d8ad86e51451842b54dafc7680d1b486ef291963bb72c70f3cdd570d2d8fa34,"{""distance"":7,""physical_error_rate"":0.002}","{""detection_events"":304151,""detectors_checked"":39813120}"
    131072,         0,         0,    11.7,standalone_exact_mw,ba5ada56442ed2ba457be44e3218b165c8a19e21146c9941e841199e65961aae,"{""distance"":7,""physical_error_rate"":0.0005}","{""detection_events"":205657,""detectors_checked"":106168320}"
    272384,         0,         0,    11.7,standalone_exact_mw,ba5ada56442ed2ba457be44e3218b165c8a19e21146c9941e841199e65961aae,"{""distance"":7,""physical_error_rate"":0.0005}","{""detection_events"":424917,""detectors_checked"":220631040}"
     87040,         2,         0,    11.8,standalone_exact_mw,6a10a1840a7277b64863681e13d5cb65ed80b6c0c130a71789e1f9b9f94c8771,"{""distance"":7,""physical_error_rate"":0.005}","{""detection_events"":1328585,""detectors_checked"":70502400,""obs_mistake_mask=E"":2}"
    150528,         0,         0,    11.7,standalone_exact_mw,e5383d45c2b34399c539563e7789a53fd4b96cd0b38eade39a3cbfe07ba21ab0,"{""distance"":7,""physical_error_rate"":0.0002}","{""detection_events"":94339,""detectors_checked"":121927680}"
    280576,         0,         0,    11.6,standalone_exact_mw,e5383d45c2b34399c539563e7789a53fd4b96cd0b38eade39a3cbfe07ba21ab0,"{""distance"":7,""physical_error_rate"":0.0002}","{""detection_events"":175922,""detectors_checked"":227266560}"
     92160,         0,         0,    11.8,standalone_exact_mw,3bd544bb51e006261b45d3a2c996e28fc0c0449411cee5f7deafcd25d9539ebc,"{""distance"":7,""physical_error_rate"":0.001}","{""detection_events"":288009,""detectors_checked"":74649600}"
     90112,         0,         0,    8.39,standalone_exact_mw,6a10a1840a7277b64863681e13d5cb65ed80b6c0c130a71789e1f9b9f94c8771,"{""distance"":7,""physical_error_rate"":0.005}","{""detection_events"":1376991,""detectors_checked"":72990720}"
    155648,         2,         0,    11.7,standalone_exact_mw,6a10a1840a7277b64863681e13d5cb65ed80b6c0c130a71789e1f9b9f94c8771,"{""distance"":7,""physical_error_rate"":0.005}","{""detection_events"":2379555,""detectors_checked"":126074880,""obs_mistake_mask=E"":2}"
    297984,         0,         0,    11.7,standalone_exact_mw,e5383d45c2b34399c539563e7789a53fd4b96cd0b38eade39a3cbfe07ba21ab0,"{""distance"":7,""physical_error_rate"":0.0002}","{""detection_events"":187247,""detectors_checked"":241367040}"
     71680,        10,         0,    11.8,standalone_exact_mw,127be6187b4f42ce503a2e58abe78322609c231565a94a3f55b4bab680d66d05,"{""distance"":7,""physical_error_rate"":0.01}","{""detection_events"":2129642,""detectors_checked"":58060800,""obs_mistake_mask=E"":10}"
     48128,         0,         0,    11.8,standalone_exact_mw,6a10a1840a7277b64863681e13d5cb65ed80b6c0c130a71789e1f9b9f94c8771,"{""distance"":7,""physical_error_rate"":0.005}","{""detection_events"":736477,""detectors_checked"":38983680}"
     64512,         0,         0,    11.8,standalone_exact_mw,9d8ad86e51451842b54dafc7680d1b486ef291963bb72c70f3cdd570d2d8fa34,"{""distance"":7,""physical_error_rate"":0.002}","{""detection_events"":401671,""detectors_checked"":52254720}"
     53248,         6,         0,    12.1,standalone_exact_mw,127be6187b4f42ce503a2e58abe78322609c231565a94a3f55b4bab680d66d05,"{""distance"":7,""physical_error_rate"":0.01}","{""detection_events"":1582029,""detectors_checked"":43130880,""obs_mistake_mask=E"":6}"
    179200,         0,         0,    11.8,standalone_exact_mw,e5383d45c2b34399c539563e7789a53fd4b96cd0b38eade39a3cbfe07ba21ab0,"{""distance"":7,""physical_error_rate"":0.0002}","{""detection_events"":112519,""detectors_checked"":145152000}"
     44032,         0,         0,    11.8,standalone_exact_mw,9d8ad86e51451842b54dafc7680d1b486ef291963bb72c70f3cdd570d2d8fa34,"{""distance"":7,""physical_error_rate"":0.002}","{""detection_events"":273544,""detectors_checked"":35665920}"
    114688,         0,         0,    11.7,standalone_exact_mw,3bd544bb51e006261b45d3a2c996e28fc0c0449411cee5f7deafcd25d9539ebc,"{""distance"":7,""physical_error_rate"":0.001}","{""detection_events"":358550,""detectors_checked"":92897280}"
    121856,         0,         0,    11.7,standalone_exact_mw,3bd544bb51e006261b45d3a2c996e28fc0c0449411cee5f7deafcd25d9539ebc,"{""distance"":7,""physical_error_rate"":0.001}","{""detection_events"":381414,""detectors_checked"":98703360}"
    156672,        12,         0,    11.7,standalone_exact_mw,127be6187b4f42ce503a2e58abe78322609c231565a94a3f55b4bab680d66d05,"{""distance"":7,""physical_error_rate"":0.01}","{""detection_events"":4653926,""detectors_checked"":126904320,""obs_mistake_mask=E"":12}"
    164864,        15,         0,    11.8,standalone_exact_mw,127be6187b4f42ce503a2e58abe78322609c231565a94a3f55b4bab680d66d05,"{""distance"":7,""physical_error_rate"":0.01}","{""detection_events"":4893642,""detectors_checked"":133539840,""obs_mistake_mask=E"":15}"
    169984,         0,         0,    11.7,standalone_exact_mw,6a10a1840a7277b64863681e13d5cb65ed80b6c0c130a71789e1f9b9f94c8771,"{""distance"":7,""physical_error_rate"":0.005}","{""detection_events"":2594627,""detectors_checked"":137687040}"
     98304,         0,         0,    11.7,standalone_exact_mw,3bd544bb51e006261b45d3a2c996e28fc0c0449411cee5f7deafcd25d9539ebc,"{""distance"":7,""physical_error_rate"":0.001}","{""detection_events"":307330,""detectors_checked"":79626240}"
    105472,         0,         0,    8.39,standalone_exact_mw,6a10a1840a7277b64863681e13d5cb65ed80b6c0c130a71789e1f9b9f94c8771,"{""distance"":7,""physical_error_rate"":0.005}","{""detection_events"":1610080,""detectors_checked"":85432320}"
    206848,         0,         0,    11.9,standalone_exact_mw,ba5ada56442ed2ba457be44e3218b165c8a19e21146c9941e841199e65961aae,"{""distance"":7,""physical_error_rate"":0.0005}","{""detection_events"":323812,""detectors_checked"":167546880}"
     71680,         0,         0,    11.7,standalone_exact_mw,3bd544bb51e006261b45d3a2c996e28fc0c0449411cee5f7deafcd25d9539ebc,"{""distance"":7,""physical_error_rate"":0.001}","{""detection_events"":223104,""detectors_checked"":58060800}"
    313344,         0,         0,    11.7,standalone_exact_mw,ba5ada56442ed2ba457be44e3218b165c8a19e21146c9941e841199e65961aae,"{""distance"":7,""physical_error_rate"":0.0005}","{""detection_events"":489662,""detectors_checked"":253808640}"
     75776,         0,         0,    11.7,standalone_exact_mw,9d8ad86e51451842b54dafc7680d1b486ef291963bb72c70f3cdd570d2d8fa34,"{""distance"":7,""physical_error_rate"":0.002}","{""detection_events"":473460,""detectors_checked"":61378560}"
    162816,         0,         0,    11.9,standalone_exact_mw,3bd544bb51e006261b45d3a2c996e28fc0c0449411cee5f7deafcd25d9539ebc,"{""distance"":7,""physical_error_rate"":0.001}","{""detection_events"":508704,""detectors_checked"":131880960}"
     40960,         0,         0,    12.0,standalone_exact_mw,6a10a1840a7277b64863681e13d5cb65ed80b6c0c130a71789e1f9b9f94c8771,"{""distance"":7,""physical_error_rate"":0.005}","{""detection_events"":626840,""detectors_checked"":33177600}"
     90112,         0,         0,    11.7,standalone_exact_mw,6a10a1840a7277b64863681e13d5cb65ed80b6c0c130a71789e1f9b9f94c8771,"{""distance"":7,""physical_error_rate"":0.005}","{""detection_events"":1376121,""detectors_checked"":72990720}"
     40960,         4,         0,    12.0,standalone_exact_mw,127be6187b4f42ce503a2e58abe78322609c231565a94a3f55b4bab680d66d05,"{""distance"":7,""physical_error_rate"":0.01}","{""detection_events"":1216933,""detectors_checked"":33177600,""obs_mistake_mask=E"":4}"
    103424,         0,         0,    11.8,standalone_exact_mw,e5383d45c2b34399c539563e7789a53fd4b96cd0b38eade39a3cbfe07ba21ab0,"{""distance"":7,""physical_error_rate"":0.0002}","{""detection_events"":65400,""detectors_checked"":83773440}"
     81920,         0,         0,    11.7,standalone_exact_mw,9d8ad86e51451842b54dafc7680d1b486ef291963bb72c70f3cdd570d2d8fa34,"{""distance"":7,""physical_error_rate"":0.002}","{""detection_events"":506949,""detectors_checked"":66355200}"
    222208,         0,         0,    11.7,standalone_exact_mw,ba5ada56442ed2ba457be44e3218b165c8a19e21146c9941e841199e65961aae,"{""distance"":7,""physical_error_rate"":0.0005}","{""detection_events"":348322,""detectors_checked"":179988480}"
    353280,         0,         0,    11.7,standalone_exact_mw,e5383d45c2b34399c539563e7789a53fd4b96cd0b38eade39a3cbfe07ba21ab0,"{""distance"":7,""physical_error_rate"":0.0002}","{""detection_events"":221347,""detectors_checked"":286156800}"
    102400,         0,         0,    11.9,standalone_exact_mw,3bd544bb51e006261b45d3a2c996e28fc0c0449411cee5f7deafcd25d9539ebc,"{""distance"":7,""physical_error_rate"":0.001}","{""detection_events"":319788,""detectors_checked"":82944000}"
    156672,         0,         0,    11.7,standalone_exact_mw,ba5ada56442ed2ba457be44e3218b165c8a19e21146c9941e841199e65961aae,"{""distance"":7,""physical_error_rate"":0.0005}","{""detection_events"":244845,""detectors_checked"":126904320}"
     79872,         0,         0,    12.0,standalone_exact_mw,9d8ad86e51451842b54dafc7680d1b486ef291963bb72c70f3cdd570d2d8fa34,"{""distance"":7,""physical_error_rate"":0.002}","{""detection_events"":495482,""detectors_checked"":64696320}"
    139264,         0,         0,    11.7,standalone_exact_mw,3bd544bb51e006261b45d3a2c996e28fc0c0449411cee5f7deafcd25d9539ebc,"{""distance"":7,""physical_error_rate"":0.001}","{""detection_events"":435012,""detectors_checked"":112803840}"
     78848,         0,         0,    11.7,standalone_exact_mw,3bd544bb51e006261b45d3a2c996e28fc0c0449411cee5f7deafcd25d9539ebc,"{""distance"":7,""physical_error_rate"":0.001}","{""detection_events"":247404,""detectors_checked"":63866880}"
     93184,         0,         0,    11.8,standalone_exact_mw,3bd544bb51e006261b45d3a2c996e28fc0c0449411cee5f7deafcd25d9539ebc,"{""distance"":7,""physical_error_rate"":0.001}","{""detection_events"":290549,""detectors_checked"":75479040}"
    157696,         0,         0,    11.7,standalone_exact_mw,9d8ad86e51451842b54dafc7680d1b486ef291963bb72c70f3cdd570d2d8fa34,"{""distance"":7,""physical_error_rate"":0.002}","{""detection_events"":978397,""detectors_checked"":127733760}"
     63488,         5,         0,    11.8,standalone_exact_mw,127be6187b4f42ce503a2e58abe78322609c231565a94a3f55b4bab680d66d05,"{""distance"":7,""physical_error_rate"":0.01}","{""detection_events"":1883072,""detectors_checked"":51425280,""obs_mistake_mask=E"":5}"
    164864,         0,         0,    11.7,standalone_exact_mw,ba5ada56442ed2ba457be44e3218b165c8a19e21146c9941e841199e65961aae,"{""distance"":7,""physical_error_rate"":0.0005}","{""detection_events"":258079,""detectors_checked"":133539840}"
    204800,         0,         0,    11.7,standalone_exact_mw,e5383d45c2b34399c539563e7789a53fd4b96cd0b38eade39a3cbfe07ba21ab0,"{""distance"":7,""physical_error_rate"":0.0002}","{""detection_events"":128198,""detectors_checked"":165888000}"
    222208,         0,         0,    11.7,standalone_exact_mw,e5383d45c2b34399c539563e7789a53fd4b96cd0b38eade39a3cbfe07ba21ab0,"{""distance"":7,""physical_error_rate"":0.0002}","{""detection_events"":139467,""detectors_checked"":179988480}"
    125952,         0,         0,    11.7,standalone_exact_mw,9d8ad86e51451842b54dafc7680d1b486ef291963bb72c70f3cdd570d2d8fa34,"{""distance"":7,""physical_error_rate"":0.002}","{""detection_events"":783950,""detectors_checked"":102021120}"
     45056,         2,         0,    11.9,standalone_exact_mw,127be6187b4f42ce503a2e58abe78322609c231565a94a3f55b4bab680d66d05,"{""distance"":7,""physical_error_rate"":0.01}","{""detection_events"":1337545,""detectors_checked"":36495360,""obs_mistake_mask=E"":2}"
    131072,         0,         0,    16.5,standalone_exact_mw,ba5ada56442ed2ba457be44e3218b165c8a19e21146c9941e841199e65961aae,"{""distance"":7,""physical_error_rate"":0.0005}","{""detection_events"":204611,""detectors_checked"":106168320}"
    163840,         0,         0,    16.3,standalone_exact_mw,3bd544bb51e006261b45d3a2c996e28fc0c0449411cee5f7deafcd25d9539ebc,"{""distance"":7,""physical_error_rate"":0.001}","{""detection_events"":511598,""detectors_checked"":132710400}"
    131072,         0,         0,    16.4,standalone_exact_mw,ba5ada56442ed2ba457be44e3218b165c8a19e21146c9941e841199e65961aae,"{""distance"":7,""physical_error_rate"":0.0005}","{""detection_events"":204525,""detectors_checked"":106168320}"
    239616,         0,         0,    16.4,standalone_exact_mw,6a10a1840a7277b64863681e13d5cb65ed80b6c0c130a71789e1f9b9f94c8771,"{""distance"":7,""physical_error_rate"":0.005}","{""detection_events"":3660497,""detectors_checked"":194088960}"
     89088,         0,         0,    16.3,standalone_exact_mw,9d8ad86e51451842b54dafc7680d1b486ef291963bb72c70f3cdd570d2d8fa34,"{""distance"":7,""physical_error_rate"":0.002}","{""detection_events"":553431,""detectors_checked"":72161280}"
     88064,         1,         0,    16.5,standalone_exact_mw,6a10a1840a7277b64863681e13d5cb65ed80b6c0c130a71789e1f9b9f94c8771,"{""distance"":7,""physical_error_rate"":0.005}","{""detection_events"":1345480,""detectors_checked"":71331840,""obs_mistake_mask=E"":1}"
    199680,         0,         0,    16.3,standalone_exact_mw,e5383d45c2b34399c539563e7789a53fd4b96cd0b38eade39a3cbfe07ba21ab0,"{""distance"":7,""physical_error_rate"":0.0002}","{""detection_events"":126247,""detectors_checked"":161740800}"
    117760,         0,         0,    16.4,standalone_exact_mw,9d8ad86e51451842b54dafc7680d1b486ef291963bb72c70f3cdd570d2d8fa34,"{""distance"":7,""physical_error_rate"":0.002}","{""detection_events"":730591,""detectors_checked"":95385600}"
    107520,        16,         0,    16.5,standalone_exact_mw,127be6187b4f42ce503a2e58abe78322609c231565a94a3f55b4bab680d66d05,"{""distance"":7,""physical_error_rate"":0.01}","{""detection_events"":3193659,""detectors_checked"":87091200,""obs_mistake_mask=E"":16}"
     91136,         0,         0,    16.5,standalone_exact_mw,3bd544bb51e006261b45d3a2c996e28fc0c0449411cee5f7deafcd25d9539ebc,"{""distance"":7,""physical_error_rate"":0.001}","{""detection_events"":285236,""detectors_checked"":73820160}"
    131072,         0,         0,    16.3,standalone_exact_mw,3bd544bb51e006261b45d3a2c996e28fc0c0449411cee5f7deafcd25d9539ebc,"{""distance"":7,""physical_error_rate"":0.001}","{""detection_events"":410612,""detectors_checked"":106168320}"
    144384,         0,         0,    16.6,standalone_exact_mw,ba5ada56442ed2ba457be44e3218b165c8a19e21146c9941e841199e65961aae,"{""distance"":7,""physical_error_rate"":0.0005}","{""detection_events"":226568,""detectors_checked"":116951040}"
    419840,         0,         0,    16.4,standalone_exact_mw,ba5ada56442ed2ba457be44e3218b165c8a19e21146c9941e841199e65961aae,"{""distance"":7,""physical_error_rate"":0.0005}","{""detection_events"":657321,""detectors_checked"":340070400}"
    435200,         0,         0,    16.4,standalone_exact_mw,e5383d45c2b34399c539563e7789a53fd4b96cd0b38eade39a3cbfe07ba21ab0,"{""distance"":7,""physical_error_rate"":0.0002}","{""detection_events"":272499,""detectors_checked"":352512000}"
    232448,         0,         0,    16.4,standalone_exact_mw,3bd544bb51e006261b45d3a2c996e28fc0c0449411cee5f7deafcd25d9539ebc,"{""distance"":7,""physical_error_rate"":0.001}","{""detection_events"":726839,""detectors_checked"":188282880}"
    320512,         0,         0,    16.4,standalone_exact_mw,ba5ada56442ed2ba457be44e3218b165c8a19e21146c9941e841199e65961aae,"{""distance"":7,""physical_error_rate"":0.0005}","{""detection_events"":503403,""detectors_checked"":259614720}"
    303104,         0,         0,    16.3,standalone_exact_mw,9d8ad86e51451842b54dafc7680d1b486ef291963bb72c70f3cdd570d2d8fa34,"{""distance"":7,""physical_error_rate"":0.002}","{""detection_events"":1884852,""detectors_checked"":245514240}"
    186368,        22,         0,    16.5,standalone_exact_mw,127be6187b4f42ce503a2e58abe78322609c231565a94a3f55b4bab680d66d05,"{""distance"":7,""physical_error_rate"":0.01}","{""detection_events"":5539974,""detectors_checked"":150958080,""obs_mistake_mask=E"":22}"
    561152,         0,         0,    16.3,standalone_exact_mw,e5383d45c2b34399c539563e7789a53fd4b96cd0b38eade39a3cbfe07ba21ab0,"{""distance"":7,""physical_error_rate"":0.0002}","{""detection_events"":352360,""detectors_checked"":454533120}"
    451584,         0,         0,    16.4,standalone_exact_mw,ba5ada56442ed2ba457be44e3218b165c8a19e21146c9941e841199e65961aae,"{""distance"":7,""physical_error_rate"":0.0005}","{""detection_events"":710253,""detectors_checked"":365783040}"
    578560,         0,         0,    16.3,standalone_exact_mw,e5383d45c2b34399c539563e7789a53fd4b96cd0b38eade39a3cbfe07ba21ab0,"{""distance"":7,""physical_error_rate"":0.0002}","{""detection_events"":364480,""detectors_checked"":468633600}"
    125952,         0,         0,    16.3,standalone_exact_mw,9d8ad86e51451842b54dafc7680d1b486ef291963bb72c70f3cdd570d2d8fa34,"{""distance"":7,""physical_error_rate"":0.002}","{""detection_events"":783525,""detectors_checked"":102021120}"
    378880,         0,         0,    16.4,standalone_exact_mw,3bd544bb51e006261b45d3a2c996e28fc0c0449411cee5f7deafcd25d9539ebc,"{""distance"":7,""physical_error_rate"":0.001}","{""detection_events"":1184912,""detectors_checked"":306892800}"
     86016,         6,         0,    16.5,standalone_exact_mw,127be6187b4f42ce503a2e58abe78322609c231565a94a3f55b4bab680d66d05,"{""distance"":7,""physical_error_rate"":0.01}","{""detection_events"":2553200,""detectors_checked"":69672960,""obs_mistake_mask=E"":6}"
     82944,         0,         0,    16.5,standalone_exact_mw,9d8ad86e51451842b54dafc7680d1b486ef291963bb72c70f3cdd570d2d8fa34,"{""distance"":7,""physical_error_rate"":0.002}","{""detection_events"":514734,""detectors_checked"":67184640}"
    131072,         1,         0,    16.3,standalone_exact_mw,3bd544bb51e006261b45d3a2c996e28fc0c0449411cee5f7deafcd25d9539ebc,"{""distance"":7,""physical_error_rate"":0.001}","{""detection_events"":409702,""detectors_checked"":106168320,""obs_mistake_mask=E"":1}"
    442368,         0,         0,    16.3,standalone_exact_mw,ba5ada56442ed2ba457be44e3218b165c8a19e21146c9941e841199e65961aae,"{""distance"":7,""physical_error_rate"":0.0005}","{""detection_events"":693665,""detectors_checked"":358318080}"
    198656,         0,         0,    16.3,standalone_exact_mw,e5383d45c2b34399c539563e7789a53fd4b96cd0b38eade39a3cbfe07ba21ab0,"{""distance"":7,""physical_error_rate"":0.0002}","{""detection_events"":125455,""detectors_checked"":160911360}"
    174080,        21,         0,    16.4,standalone_exact_mw,127be6187b4f42ce503a2e58abe78322609c231565a94a3f55b4bab680d66d05,"{""distance"":7,""physical_error_rate"":0.01}","{""detection_events"":5168834,""detectors_checked"":141004800,""obs_mistake_mask=E"":21}"
     77824,         0,         0,    16.7,standalone_exact_mw,9d8ad86e51451842b54dafc7680d1b486ef291963bb72c70f3cdd570d2d8fa34,"{""distance"":7,""physical_error_rate"":0.002}","{""detection_events"":484707,""detectors_checked"":63037440}"
    102400,        11,         0,    16.4,standalone_exact_mw,127be6187b4f42ce503a2e58abe78322609c231565a94a3f55b4bab680d66d05,"{""distance"":7,""physical_error_rate"":0.01}","{""detection_events"":3039717,""detectors_checked"":82944000,""obs_mistake_mask=E"":11}"
    261120,         0,         0,    16.4,standalone_exact_mw,6a10a1840a7277b64863681e13d5cb65ed80b6c0c130a71789e1f9b9f94c8771,"{""distance"":7,""physical_error_rate"":0.005}","{""detection_events"":3991019,""detectors_checked"":211507200}"
    237568,         0,         0,    16.4,standalone_exact_mw,6a10a1840a7277b64863681e13d5cb65ed80b6c0c130a71789e1f9b9f94c8771,"{""distance"":7,""physical_error_rate"":0.005}","{""detection_events"":3629145,""detectors_checked"":192430080}"
    222208,        18,         0,    16.4,standalone_exact_mw,127be6187b4f42ce503a2e58abe78322609c231565a94a3f55b4bab680d66d05,"{""distance"":7,""physical_error_rate"":0.01}","{""detection_events"":6600128,""detectors_checked"":179988480,""obs_mistake_mask=E"":18}"
    242688,         0,         0,    16.4,standalone_exact_mw,ba5ada56442ed2ba457be44e3218b165c8a19e21146c9941e841199e65961aae,"{""distance"":7,""physical_error_rate"":0.0005}","{""detection_events"":380204,""detectors_checked"":196577280}"
    193536,         0,         0,    16.3,standalone_exact_mw,e5383d45c2b34399c539563e7789a53fd4b96cd0b38eade39a3cbfe07ba21ab0,"{""distance"":7,""physical_error_rate"":0.0002}","{""detection_events"":121768,""detectors_checked"":156764160}"
    218112,         0,         0,    16.5,standalone_exact_mw,3bd544bb51e006261b45d3a2c996e28fc0c0449411cee5f7deafcd25d9539ebc,"{""distance"":7,""physical_error_rate"":0.001}","{""detection_events"":680982,""detectors_checked"":176670720}"
     75776,         0,         0,    11.7,standalone_exact_mw,9d8ad86e51451842b54dafc7680d1b486ef291963bb72c70f3cdd570d2d8fa34,"{""distance"":7,""physical_error_rate"":0.002}","{""detection_events"":471352,""detectors_checked"":61378560}"
    115712,        12,         0,    16.3,standalone_exact_mw,127be6187b4f42ce503a2e58abe78322609c231565a94a3f55b4bab680d66d05,"{""distance"":7,""physical_error_rate"":0.01}","{""detection_events"":3437309,""detectors_checked"":93726720,""obs_mistake_mask=E"":12}"
    258048,         0,         0,    16.3,standalone_exact_mw,e5383d45c2b34399c539563e7789a53fd4b96cd0b38eade39a3cbfe07ba21ab0,"{""distance"":7,""physical_error_rate"":0.0002}","{""detection_events"":162632,""detectors_checked"":209018880}"
     68608,        10,         0,    16.7,standalone_exact_mw,127be6187b4f42ce503a2e58abe78322609c231565a94a3f55b4bab680d66d05,"{""distance"":7,""physical_error_rate"":0.01}","{""detection_events"":2034837,""detectors_checked"":55572480,""obs_mistake_mask=E"":10}"
    164864,         3,         0,    16.4,standalone_exact_mw,6a10a1840a7277b64863681e13d5cb65ed80b6c0c130a71789e1f9b9f94c8771,"{""distance"":7,""physical_error_rate"":0.005}","{""detection_events"":2515550,""detectors_checked"":133539840,""obs_mistake_mask=E"":3}"
    136192,         0,         0,    16.2,standalone_exact_mw,3bd544bb51e006261b45d3a2c996e28fc0c0449411cee5f7deafcd25d9539ebc,"{""distance"":7,""physical_error_rate"":0.001}","{""detection_events"":425919,""detectors_checked"":110315520}"
     95232,         0,         0,    16.4,standalone_exact_mw,9d8ad86e51451842b54dafc7680d1b486ef291963bb72c70f3cdd570d2d8fa34,"{""distance"":7,""physical_error_rate"":0.002}","{""detection_events"":591475,""detectors_checked"":77137920}"
    180224,         0,         0,    16.4,standalone_exact_mw,9d8ad86e51451842b54dafc7680d1b486ef291963bb72c70f3cdd570d2d8fa34,"{""distance"":7,""physical_error_rate"":0.002}","{""detection_events"":1117700,""detectors_checked"":145981440}"
    186368,         0,         0,    16.4,standalone_exact_mw,9d8ad86e51451842b54dafc7680d1b486ef291963bb72c70f3cdd570d2d8fa34,"{""distance"":7,""physical_error_rate"":0.002}","{""detection_events"":1156740,""detectors_checked"":150958080}"
    359424,         0,         0,    16.3,standalone_exact_mw,e5383d45c2b34399c539563e7789a53fd4b96cd0b38eade39a3cbfe07ba21ab0,"{""distance"":7,""physical_error_rate"":0.0002}","{""detection_events"":226367,""detectors_checked"":291133440}"
     61440,         0,         0,    11.7,standalone_exact_mw,6a10a1840a7277b64863681e13d5cb65ed80b6c0c130a71789e1f9b9f94c8771,"{""distance"":7,""physical_error_rate"":0.005}","{""detection_events"":937619,""detectors_checked"":49766400}"
    163840,         0,         0,    16.4,standalone_exact_mw,3bd544bb51e006261b45d3a2c996e28fc0c0449411cee5f7deafcd25d9539ebc,"{""distance"":7,""physical_error_rate"":0.001}","{""detection_events"":512929,""detectors_checked"":132710400}"
    146432,         0,         0,    16.5,standalone_exact_mw,ba5ada56442ed2ba457be44e3218b165c8a19e21146c9941e841199e65961aae,"{""distance"":7,""physical_error_rate"":0.0005}","{""detection_events"":229662,""detectors_checked"":118609920}"
     96256,         0,         0,    16.4,standalone_exact_mw,3bd544bb51e006261b45d3a2c996e28fc0c0449411cee5f7deafcd25d9539ebc,"{""distance"":7,""physical_error_rate"":0.001}","{""detection_events"":301037,""detectors_checked"":77967360}"
    124928,         0,         0,    16.5,standalone_exact_mw,6a10a1840a7277b64863681e13d5cb65ed80b6c0c130a71789e1f9b9f94c8771,"{""distance"":7,""physical_error_rate"":0.005}","{""detection_events"":1905654,""detectors_checked"":101191680}"
     83968,        11,         0,    16.5,standalone_exact_mw,127be6187b4f42ce503a2e58abe78322609c231565a94a3f55b4bab680d66d05,"{""distance"":7,""physical_error_rate"":0.01}","{""detection_events"":2495503,""detectors_checked"":68014080,""obs_mistake_mask=E"":11}"
    113664,         1,         0,    16.4,standalone_exact_mw,6a10a1840a7277b64863681e13d5cb65ed80b6c0c130a71789e1f9b9f94c8771,"{""distance"":7,""physical_error_rate"":0.005}","{""detection_events"":1736904,""detectors_checked"":92067840,""obs_mistake_mask=E"":1}"
    402432,         0,         0,    16.3,standalone_exact_mw,e5383d45c2b34399c539563e7789a53fd4b96cd0b38eade39a3cbfe07ba21ab0,"{""distance"":7,""physical_error_rate"":0.0002}","{""detection_events"":252678,""detectors_checked"":325969920}"
    148480,         0,         0,    16.2,standalone_exact_mw,ba5ada56442ed2ba457be44e3218b165c8a19e21146c9941e841199e65961aae,"{""distance"":7,""physical_error_rate"":0.0005}","{""detection_events"":233590,""detectors_checked"":120268800}"
    584704,         0,         0,    16.4,standalone_exact_mw,e5383d45c2b34399c539563e7789a53fd4b96cd0b38eade39a3cbfe07ba21ab0,"{""distance"":7,""physical_error_rate"":0.0002}","{""detection_events"":366648,""detectors_checked"":473610240}"
     96256,         9,         0,    16.5,standalone_exact_mw,127be6187b4f42ce503a2e58abe78322609c231565a94a3f55b4bab680d66d05,"{""distance"":7,""physical_error_rate"":0.01}","{""detection_events"":2859278,""detectors_checked"":77967360,""obs_mistake_mask=E"":9}"
     68608,         0,         0,    16.6,standalone_exact_mw,6a10a1840a7277b64863681e13d5cb65ed80b6c0c130a71789e1f9b9f94c8771,"{""distance"":7,""physical_error_rate"":0.005}","{""detection_events"":1048363,""detectors_checked"":55572480}"
     61440,         6,         0,    16.6,standalone_exact_mw,127be6187b4f42ce503a2e58abe78322609c231565a94a3f55b4bab680d66d05,"{""distance"":7,""physical_error_rate"":0.01}","{""detection_events"":1826340,""detectors_checked"":49766400,""obs_mistake_mask=E"":6}"
    125952,         0,         0,    16.4,standalone_exact_mw,9d8ad86e51451842b54dafc7680d1b486ef291963bb72c70f3cdd570d2d8fa34,"{""distance"":7,""physical_error_rate"":0.002}","{""detection_events"":783327,""detectors_checked"":102021120}"
     96256,         0,         0,    16.4,standalone_exact_mw,6a10a1840a7277b64863681e13d5cb65ed80b6c0c130a71789e1f9b9f94c8771,"{""distance"":7,""physical_error_rate"":0.005}","{""detection_events"":1469005,""detectors_checked"":77967360}"
    583680,         0,         0,    16.3,standalone_exact_mw,e5383d45c2b34399c539563e7789a53fd4b96cd0b38eade39a3cbfe07ba21ab0,"{""distance"":7,""physical_error_rate"":0.0002}","{""detection_events"":366267,""detectors_checked"":472780800}"
     99328,         2,         0,    11.8,standalone_exact_mw,6a10a1840a7277b64863681e13d5cb65ed80b6c0c130a71789e1f9b9f94c8771,"{""distance"":7,""physical_error_rate"":0.005}","{""detection_events"":1515339,""detectors_checked"":80455680,""obs_mistake_mask=E"":2}"
    162816,         1,         0,    16.4,standalone_exact_mw,6a10a1840a7277b64863681e13d5cb65ed80b6c0c130a71789e1f9b9f94c8771,"{""distance"":7,""physical_error_rate"":0.005}","{""detection_events"":2488658,""detectors_checked"":131880960,""obs_mistake_mask=E"":1}"
    221184,         0,         0,    16.4,standalone_exact_mw,9d8ad86e51451842b54dafc7680d1b486ef291963bb72c70f3cdd570d2d8fa34,"{""distance"":7,""physical_error_rate"":0.002}","{""detection_events"":1372175,""detectors_checked"":179159040}"
     62464,         0,         0,    16.7,standalone_exact_mw,6a10a1840a7277b64863681e13d5cb65ed80b6c0c130a71789e1f9b9f94c8771,"{""distance"":7,""physical_error_rate"":0.005}","{""detection_events"":956792,""detectors_checked"":50595840}"
    236544,         0,         0,    16.3,standalone_exact_mw,ba5ada56442ed2ba457be44e3218b165c8a19e21146c9941e841199e65961aae,"{""distance"":7,""physical_error_rate"":0.0005}","{""detection_events"":371357,""detectors_checked"":191600640}"
     73728,         0,         0,    16.5,standalone_exact_mw,9d8ad86e51451842b54dafc7680d1b486ef291963bb72c70f3cdd570d2d8fa34,"{""distance"":7,""physical_error_rate"":0.002}","{""detection_events"":458918,""detectors_checked"":59719680}"
    248832,         0,         0,    16.4,standalone_exact_mw,6a10a1840a7277b64863681e13d5cb65ed80b6c0c130a71789e1f9b9f94c8771,"{""distance"":7,""physical_error_rate"":0.005}","{""detection_events"":3798142,""detectors_checked"":201553920}"
    377856,         0,         0,    16.4,standalone_exact_mw,3bd544bb51e006261b45d3a2c996e28fc0c0449411cee5f7deafcd25d9539ebc,"{""distance"":7,""physical_error_rate"":0.001}","{""detection_events"":1181890,""detectors_checked"":306063360}"
    158720,         0,         0,    16.4,standalone_exact_mw,3bd544bb51e006261b45d3a2c996e28fc0c0449411cee5f7deafcd25d9539ebc,"{""distance"":7,""physical_error_rate"":0.001}","{""detection_events"":496385,""detectors_checked"":128563200}"
    212992,        15,         0,    16.4,standalone_exact_mw,127be6187b4f42ce503a2e58abe78322609c231565a94a3f55b4bab680d66d05,"{""distance"":7,""physical_error_rate"":0.01}","{""detection_events"":6326898,""detectors_checked"":172523520,""obs_mistake_mask=E"":15}"
    138240,         0,         0,    16.4,standalone_exact_mw,ba5ada56442ed2ba457be44e3218b165c8a19e21146c9941e841199e65961aae,"{""distance"":7,""physical_error_rate"":0.0005}","{""detection_events"":217505,""detectors_checked"":111974400}"
    193536,         0,         0,    16.2,standalone_exact_mw,e5383d45c2b34399c539563e7789a53fd4b96cd0b38eade39a3cbfe07ba21ab0,"{""distance"":7,""physical_error_rate"":0.0002}","{""detection_events"":120775,""detectors_checked"":156764160}"
    477184,         0,         0,    16.4,standalone_exact_mw,ba5ada56442ed2ba457be44e3218b165c8a19e21146c9941e841199e65961aae,"{""distance"":7,""physical_error_rate"":0.0005}","{""detection_events"":748639,""detectors_checked"":386519040}"
    109568,         1,         0,    16.4,standalone_exact_mw,6a10a1840a7277b64863681e13d5cb65ed80b6c0c130a71789e1f9b9f94c8771,"{""distance"":7,""physical_error_rate"":0.005}","{""detection_events"":1673286,""detectors_checked"":88750080,""obs_mistake_mask=E"":1}"
    248832,         0,         0,    16.4,standalone_exact_mw,e5383d45c2b34399c539563e7789a53fd4b96cd0b38eade39a3cbfe07ba21ab0,"{""distance"":7,""physical_error_rate"":0.0002}","{""detection_events"":157023,""detectors_checked"":201553920}"
    161792,         0,         0,    16.4,standalone_exact_mw,9d8ad86e51451842b54dafc7680d1b486ef291963bb72c70f3cdd570d2d8fa34,"{""distance"":7,""physical_error_rate"":0.002}","{""detection_events"":1006583,""detectors_checked"":131051520}"
    312320,         0,         0,    16.3,standalone_exact_mw,ba5ada56442ed2ba457be44e3218b165c8a19e21146c9941e841199e65961aae,"{""distance"":7,""physical_error_rate"":0.0005}","{""detection_events"":490042,""detectors_checked"":252979200}"
    137216,        10,         0,    16.5,standalone_exact_mw,127be6187b4f42ce503a2e58abe78322609c231565a94a3f55b4bab680d66d05,"{""distance"":7,""physical_error_rate"":0.01}","{""detection_events"":4080727,""detectors_checked"":111144960,""obs_mistake_mask=E"":10}"
    164864,         0,         0,    16.4,standalone_exact_mw,9d8ad86e51451842b54dafc7680d1b486ef291963bb72c70f3cdd570d2d8fa34,"{""distance"":7,""physical_error_rate"":0.002}","{""detection_events"":1024070,""detectors_checked"":133539840}"
    227328,        40,         0,    16.4,standalone_exact_mw,127be6187b4f42ce503a2e58abe78322609c231565a94a3f55b4bab680d66d05,"{""distance"":7,""physical_error_rate"":0.01}","{""detection_events"":6752301,""detectors_checked"":184135680,""obs_mistake_mask=E"":40}"
    288768,         0,         0,    16.4,standalone_exact_mw,ba5ada56442ed2ba457be44e3218b165c8a19e21146c9941e841199e65961aae,"{""distance"":7,""physical_error_rate"":0.0005}","{""detection_events"":450936,""detectors_checked"":233902080}"
    463872,         0,         0,    16.4,standalone_exact_mw,ba5ada56442ed2ba457be44e3218b165c8a19e21146c9941e841199e65961aae,"{""distance"":7,""physical_error_rate"":0.0005}","{""detection_events"":727983,""detectors_checked"":375736320}"
    187392,         0,         0,    16.4,standalone_exact_mw,e5383d45c2b34399c539563e7789a53fd4b96cd0b38eade39a3cbfe07ba21ab0,"{""distance"":7,""physical_error_rate"":0.0002}","{""detection_events"":117490,""detectors_checked"":151787520}"
    566272,         0,         0,    16.3,standalone_exact_mw,e5383d45c2b34399c539563e7789a53fd4b96cd0b38eade39a3cbfe07ba21ab0,"{""distance"":7,""physical_error_rate"":0.0002}","{""detection_events"":355596,""detectors_checked"":458680320}"
    143360,         3,         0,    16.7,standalone_exact_mw,6a10a1840a7277b64863681e13d5cb65ed80b6c0c130a71789e1f9b9f94c8771,"{""distance"":7,""physical_error_rate"":0.005}","{""detection_events"":2186301,""detectors_checked"":116121600,""obs_mistake_mask=E"":3}"
    254976,         3,         0,    16.4,standalone_exact_mw,6a10a1840a7277b64863681e13d5cb65ed80b6c0c130a71789e1f9b9f94c8771,"{""distance"":7,""physical_error_rate"":0.005}","{""detection_events"":3892979,""detectors_checked"":206530560,""obs_mistake_mask=E"":3}"
    357376,         0,         0,    16.4,standalone_exact_mw,e5383d45c2b34399c539563e7789a53fd4b96cd0b38eade39a3cbfe07ba21ab0,"{""distance"":7,""physical_error_rate"":0.0002}","{""detection_events"":223782,""detectors_checked"":289474560}"
     79872,         0,         0,    16.4,standalone_exact_mw,3bd544bb51e006261b45d3a2c996e28fc0c0449411cee5f7deafcd25d9539ebc,"{""distance"":7,""physical_error_rate"":0.001}","{""detection_events"":249338,""detectors_checked"":64696320}"
     86016,         7,         0,    16.4,standalone_exact_mw,127be6187b4f42ce503a2e58abe78322609c231565a94a3f55b4bab680d66d05,"{""distance"":7,""physical_error_rate"":0.01}","{""detection_events"":2556287,""detectors_checked"":69672960,""obs_mistake_mask=E"":7}"
     61440,         0,         0,    16.4,standalone_exact_mw,6a10a1840a7277b64863681e13d5cb65ed80b6c0c130a71789e1f9b9f94c8771,"{""distance"":7,""physical_error_rate"":0.005}","{""detection_events"":937329,""detectors_checked"":49766400}"
    123904,         0,         0,    16.4,standalone_exact_mw,9d8ad86e51451842b54dafc7680d1b486ef291963bb72c70f3cdd570d2d8fa34,"{""distance"":7,""physical_error_rate"":0.002}","{""detection_events"":767774,""detectors_checked"":100362240}"
     52224,         3,         0,    16.5,standalone_exact_mw,127be6187b4f42ce503a2e58abe78322609c231565a94a3f55b4bab680d66d05,"{""distance"":7,""physical_error_rate"":0.01}","{""detection_events"":1553625,""detectors_checked"":42301440,""obs_mistake_mask=E"":3}"
    272384,         0,         0,    16.3,standalone_exact_mw,e5383d45c2b34399c539563e7789a53fd4b96cd0b38eade39a3cbfe07ba21ab0,"{""distance"":7,""physical_error_rate"":0.0002}","{""detection_events"":171029,""detectors_checked"":220631040}"
     83968,         0,         0,    16.4,standalone_exact_mw,9d8ad86e51451842b54dafc7680d1b486ef291963bb72c70f3cdd570d2d8fa34,"{""distance"":7,""physical_error_rate"":0.002}","{""detection_events"":522993,""detectors_checked"":68014080}"
    111616,         0,         0,    16.4,standalone_exact_mw,3bd544bb51e006261b45d3a2c996e28fc0c0449411cee5f7deafcd25d9539ebc,"{""distance"":7,""physical_error_rate"":0.001}","{""detection_events"":348555,""detectors_checked"":90408960}"
    132096,         0,         0,    16.5,standalone_exact_mw,3bd544bb51e006261b45d3a2c996e28fc0c0449411cee5f7deafcd25d9539ebc,"{""distance"":7,""physical_error_rate"":0.001}","{""detection_events"":413662,""detectors_checked"":106997760}"
    224256,        12,         0,    16.4,standalone_exact_mw,127be6187b4f42ce503a2e58abe78322609c231565a94a3f55b4bab680d66d05,"{""distance"":7,""physical_error_rate"":0.01}","{""detection_events"":6662530,""detectors_checked"":181647360,""obs_mistake_mask=E"":12}"
    167936,        23,         0,    16.6,standalone_exact_mw,127be6187b4f42ce503a2e58abe78322609c231565a94a3f55b4bab680d66d05,"{""distance"":7,""physical_error_rate"":0.01}","{""detection_events"":4986987,""detectors_checked"":136028160,""obs_mistake_mask=E"":23}"
    229376,         0,         0,    16.4,standalone_exact_mw,6a10a1840a7277b64863681e13d5cb65ed80b6c0c130a71789e1f9b9f94c8771,"{""distance"":7,""physical_error_rate"":0.005}","{""detection_events"":3501291,""detectors_checked"":185794560}"
    119808,         0,         0,    16.4,standalone_exact_mw,3bd544bb51e006261b45d3a2c996e28fc0c0449411cee5f7deafcd25d9539ebc,"{""distance"":7,""physical_error_rate"":0.001}","{""detection_events"":376162,""detectors_checked"":97044480}"
    189440,         0,         0,    16.3,standalone_exact_mw,ba5ada56442ed2ba457be44e3218b165c8a19e21146c9941e841199e65961aae,"{""distance"":7,""physical_error_rate"":0.0005}","{""detection_events"":297957,""detectors_checked"":153446400}"
    146432,         0,         0,    16.4,standalone_exact_mw,3bd544bb51e006261b45d3a2c996e28fc0c0449411cee5f7deafcd25d9539ebc,"{""distance"":7,""physical_error_rate"":0.001}","{""detection_events"":457219,""detectors_checked"":118609920}"
    474112,         0,         0,    16.4,standalone_exact_mw,ba5ada56442ed2ba457be44e3218b165c8a19e21146c9941e841199e65961aae,"{""distance"":7,""physical_error_rate"":0.0005}","{""detection_events"":742079,""detectors_checked"":384030720}"
    253952,         0,         0,    16.4,standalone_exact_mw,3bd544bb51e006261b45d3a2c996e28fc0c0449411cee5f7deafcd25d9539ebc,"{""distance"":7,""physical_error_rate"":0.001}","{""detection_events"":794151,""detectors_checked"":205701120}"
     50176,         1,         0,    16.4,standalone_exact_mw,6a10a1840a7277b64863681e13d5cb65ed80b6c0c130a71789e1f9b9f94c8771,"{""distance"":7,""physical_error_rate"":0.005}","{""detection_events"":768189,""detectors_checked"":40642560,""obs_mistake_mask=E"":1}"
     86016,         0,         0,    16.5,standalone_exact_mw,9d8ad86e51451842b54dafc7680d1b486ef291963bb72c70f3cdd570d2d8fa34,"{""distance"":7,""physical_error_rate"":0.002}","{""detection_events"":534026,""detectors_checked"":69672960}"
    257024,         2,         0,    16.4,standalone_exact_mw,6a10a1840a7277b64863681e13d5cb65ed80b6c0c130a71789e1f9b9f94c8771,"{""distance"":7,""physical_error_rate"":0.005}","{""detection_events"":3923535,""detectors_checked"":208189440,""obs_mistake_mask=E"":2}"
     70656,         5,         0,    16.5,standalone_exact_mw,127be6187b4f42ce503a2e58abe78322609c231565a94a3f55b4bab680d66d05,"{""distance"":7,""physical_error_rate"":0.01}","{""detection_events"":2098169,""detectors_checked"":57231360,""obs_mistake_mask=E"":5}"
    166912,         0,         0,    16.4,standalone_exact_mw,e5383d45c2b34399c539563e7789a53fd4b96cd0b38eade39a3cbfe07ba21ab0,"{""distance"":7,""physical_error_rate"":0.0002}","{""detection_events"":104180,""detectors_checked"":135198720}"
    107520,         0,         0,    16.3,standalone_exact_mw,9d8ad86e51451842b54dafc7680d1b486ef291963bb72c70f3cdd570d2d8fa34,"{""distance"":7,""physical_error_rate"":0.002}","{""detection_events"":669336,""detectors_checked"":87091200}"
    471040,         0,         0,    16.4,standalone_exact_mw,ba5ada56442ed2ba457be44e3218b165c8a19e21146c9941e841199e65961aae,"{""distance"":7,""physical_error_rate"":0.0005}","{""detection_events"":738893,""detectors_checked"":381542400}"
    408576,         0,         0,    16.4,standalone_exact_mw,e5383d45c2b34399c539563e7789a53fd4b96cd0b38eade39a3cbfe07ba21ab0,"{""distance"":7,""physical_error_rate"":0.0002}","{""detection_events"":255562,""detectors_checked"":330946560}"
    112640,         0,         0,    16.3,standalone_exact_mw,3bd544bb51e006261b45d3a2c996e28fc0c0449411cee5f7deafcd25d9539ebc,"{""distance"":7,""physical_error_rate"":0.001}","{""detection_events"":352200,""detectors_checked"":91238400}"
    177152,         0,         0,    16.4,standalone_exact_mw,ba5ada56442ed2ba457be44e3218b165c8a19e21146c9941e841199e65961aae,"{""distance"":7,""physical_error_rate"":0.0005}","{""detection_events"":278989,""detectors_checked"":143493120}"
    100352,         0,         0,    16.4,standalone_exact_mw,9d8ad86e51451842b54dafc7680d1b486ef291963bb72c70f3cdd570d2d8fa34,"{""distance"":7,""physical_error_rate"":0.002}","{""detection_events"":622434,""detectors_checked"":81285120}"
    113664,         0,         0,    16.4,standalone_exact_mw,3bd544bb51e006261b45d3a2c996e28fc0c0449411cee5f7deafcd25d9539ebc,"{""distance"":7,""physical_error_rate"":0.001}","{""detection_events"":355257,""detectors_checked"":92067840}"
    103424,         0,         0,    16.4,standalone_exact_mw,3bd544bb51e006261b45d3a2c996e28fc0c0449411cee5f7deafcd25d9539ebc,"{""distance"":7,""physical_error_rate"":0.001}","{""detection_events"":322974,""detectors_checked"":83773440}"
    116736,         0,         0,    16.4,standalone_exact_mw,3bd544bb51e006261b45d3a2c996e28fc0c0449411cee5f7deafcd25d9539ebc,"{""distance"":7,""physical_error_rate"":0.001}","{""detection_events"":364006,""detectors_checked"":94556160}"
    308224,         0,         0,    16.4,standalone_exact_mw,9d8ad86e51451842b54dafc7680d1b486ef291963bb72c70f3cdd570d2d8fa34,"{""distance"":7,""physical_error_rate"":0.002}","{""detection_events"":1913781,""detectors_checked"":249661440}"
    221184,         0,         0,    16.4,standalone_exact_mw,ba5ada56442ed2ba457be44e3218b165c8a19e21146c9941e841199e65961aae,"{""distance"":7,""physical_error_rate"":0.0005}","{""detection_events"":347034,""detectors_checked"":179159040}"
    336896,         0,         0,    16.4,standalone_exact_mw,e5383d45c2b34399c539563e7789a53fd4b96cd0b38eade39a3cbfe07ba21ab0,"{""distance"":7,""physical_error_rate"":0.0002}","{""detection_events"":212110,""detectors_checked"":272885760}"
    295936,         0,         0,    16.4,standalone_exact_mw,e5383d45c2b34399c539563e7789a53fd4b96cd0b38eade39a3cbfe07ba21ab0,"{""distance"":7,""physical_error_rate"":0.0002}","{""detection_events"":186131,""detectors_checked"":239708160}"
     64512,        12,         0,    16.8,standalone_exact_mw,127be6187b4f42ce503a2e58abe78322609c231565a94a3f55b4bab680d66d05,"{""distance"":7,""physical_error_rate"":0.01}","{""detection_events"":1914193,""detectors_checked"":52254720,""obs_mistake_mask=E"":12}"
     64512,         2,         0,    9.30,standalone_exact_mw,127be6187b4f42ce503a2e58abe78322609c231565a94a3f55b4bab680d66d05,"{""distance"":7,""physical_error_rate"":0.01}","{""detection_events"":1915975,""detectors_checked"":52254720,""obs_mistake_mask=E"":2}"
     16384,         0,         0,    5.67,standalone_exact_mw,127be6187b4f42ce503a2e58abe78322609c231565a94a3f55b4bab680d66d05,"{""distance"":7,""physical_error_rate"":0.01}","{""detection_events"":488832,""detectors_checked"":13271040}"
    108544,        13,         0,    13.3,standalone_exact_mw,127be6187b4f42ce503a2e58abe78322609c231565a94a3f55b4bab680d66d05,"{""distance"":7,""physical_error_rate"":0.01}","{""detection_events"":3228224,""detectors_checked"":87920640,""obs_mistake_mask=E"":13}"
     92160,         7,         0,    14.7,standalone_exact_mw,127be6187b4f42ce503a2e58abe78322609c231565a94a3f55b4bab680d66d05,"{""distance"":7,""physical_error_rate"":0.01}","{""detection_events"":2739339,""detectors_checked"":74649600,""obs_mistake_mask=E"":7}"
    174080,        12,         0,    10.4,standalone_exact_mw,127be6187b4f42ce503a2e58abe78322609c231565a94a3f55b4bab680d66d05,"{""distance"":7,""physical_error_rate"":0.01}","{""detection_events"":5172409,""detectors_checked"":141004800,""obs_mistake_mask=E"":12}"
     34816,         4,         0,    7.62,standalone_exact_mw,127be6187b4f42ce503a2e58abe78322609c231565a94a3f55b4bab680d66d05,"{""distance"":7,""physical_error_rate"":0.01}","{""detection_events"":1033327,""detectors_checked"":28200960,""obs_mistake_mask=E"":4}"
    182272,        18,         0,    13.1,standalone_exact_mw,127be6187b4f42ce503a2e58abe78322609c231565a94a3f55b4bab680d66d05,"{""distance"":7,""physical_error_rate"":0.01}","{""detection_events"":5415679,""detectors_checked"":147640320,""obs_mistake_mask=E"":18}"
     33792,         1,         0,    7.21,standalone_exact_mw,127be6187b4f42ce503a2e58abe78322609c231565a94a3f55b4bab680d66d05,"{""distance"":7,""physical_error_rate"":0.01}","{""detection_events"":1003015,""detectors_checked"":27371520,""obs_mistake_mask=E"":1}"
     95232,         8,         0,    6.91,standalone_exact_mw,127be6187b4f42ce503a2e58abe78322609c231565a94a3f55b4bab680d66d05,"{""distance"":7,""physical_error_rate"":0.01}","{""detection_events"":2828673,""detectors_checked"":77137920,""obs_mistake_mask=E"":8}"
    179200,        25,         0,    13.3,standalone_exact_mw,127be6187b4f42ce503a2e58abe78322609c231565a94a3f55b4bab680d66d05,"{""distance"":7,""physical_error_rate"":0.01}","{""detection_events"":5321996,""detectors_checked"":145152000,""obs_mistake_mask=E"":25}"
    154624,        14,         0,    13.4,standalone_exact_mw,127be6187b4f42ce503a2e58abe78322609c231565a94a3f55b4bab680d66d05,"{""distance"":7,""physical_error_rate"":0.01}","{""detection_events"":4594536,""detectors_checked"":125245440,""obs_mistake_mask=E"":14}"
    123904,        13,         0,    8.96,standalone_exact_mw,127be6187b4f42ce503a2e58abe78322609c231565a94a3f55b4bab680d66d05,"{""distance"":7,""physical_error_rate"":0.01}","{""detection_events"":3685648,""detectors_checked"":100362240,""obs_mistake_mask=E"":13}"
     38912,         2,         0,    11.5,standalone_exact_mw,127be6187b4f42ce503a2e58abe78322609c231565a94a3f55b4bab680d66d05,"{""distance"":7,""physical_error_rate"":0.01}","{""detection_events"":1157225,""detectors_checked"":31518720,""obs_mistake_mask=E"":2}"
    151552,        16,         0,    13.9,standalone_exact_mw,127be6187b4f42ce503a2e58abe78322609c231565a94a3f55b4bab680d66d05,"{""distance"":7,""physical_error_rate"":0.01}","{""detection_events"":4497676,""detectors_checked"":122757120,""obs_mistake_mask=E"":16}"
     84992,         6,         0,    11.7,standalone_exact_mw,127be6187b4f42ce503a2e58abe78322609c231565a94a3f55b4bab680d66d05,"{""distance"":7,""physical_error_rate"":0.01}","{""detection_events"":2527639,""detectors_checked"":68843520,""obs_mistake_mask=E"":6}"
     69632,        11,         0,    16.3,standalone_exact_mw,127be6187b4f42ce503a2e58abe78322609c231565a94a3f55b4bab680d66d05,"{""distance"":7,""physical_error_rate"":0.01}","{""detection_events"":2073526,""detectors_checked"":56401920,""obs_mistake_mask=E"":11}"
     57344,         6,         0,    13.1,standalone_exact_mw,127be6187b4f42ce503a2e58abe78322609c231565a94a3f55b4bab680d66d05,"{""distance"":7,""physical_error_rate"":0.01}","{""detection_events"":1705580,""detectors_checked"":46448640,""obs_mistake_mask=E"":6}"
      1024,         0,         0,   0.195,standalone_exact_mw,127be6187b4f42ce503a2e58abe78322609c231565a94a3f55b4bab680d66d05,"{""distance"":7,""physical_error_rate"":0.01}","{""detection_events"":30772,""detectors_checked"":829440}"
     66560,         4,         0,    12.3,standalone_exact_mw,127be6187b4f42ce503a2e58abe78322609c231565a94a3f55b4bab680d66d05,"{""distance"":7,""physical_error_rate"":0.01}","{""detection_events"":1979327,""detectors_checked"":53913600,""obs_mistake_mask=E"":4}"
     73728,         0,         0,    16.5,standalone_exact_mw,9d8ad86e51451842b54dafc7680d1b486ef291963bb72c70f3cdd570d2d8fa34,"{""distance"":7,""physical_error_rate"":0.002}","{""detection_events"":459659,""detectors_checked"":59719680}"
     92160,        16,         0,    13.8,standalone_exact_mw,127be6187b4f42ce503a2e58abe78322609c231565a94a3f55b4bab680d66d05,"{""distance"":7,""physical_error_rate"":0.01}","{""detection_events"":2734770,""detectors_checked"":74649600,""obs_mistake_mask=E"":16}"
     31744,         3,         0,    7.13,standalone_exact_mw,127be6187b4f42ce503a2e58abe78322609c231565a94a3f55b4bab680d66d05,"{""distance"":7,""physical_error_rate"":0.01}","{""detection_events"":943016,""detectors_checked"":25712640,""obs_mistake_mask=E"":3}"
       273,         0,         0,   0.011,standalone_exact_mw,9d8ad86e51451842b54dafc7680d1b486ef291963bb72c70f3cdd570d2d8fa34,"{""distance"":7,""physical_error_rate"":0.002}","{""detection_events"":1745,""detectors_checked"":221130}"
      1024,         0,         0,   0.053,standalone_exact_mw,9d8ad86e51451842b54dafc7680d1b486ef291963bb72c70f3cdd570d2d8fa34,"{""distance"":7,""physical_error_rate"":0.002}","{""detection_events"":6506,""detectors_checked"":829440}"
      1024,         0,         0,   0.048,standalone_exact_mw,9d8ad86e51451842b54dafc7680d1b486ef291963bb72c70f3cdd570d2d8fa34,"{""distance"":7,""physical_error_rate"":0.002}","{""detection_events"":6268,""detectors_checked"":829440}"
      1024,         0,         0,   0.040,standalone_exact_mw,9d8ad86e51451842b54dafc7680d1b486ef291963bb72c70f3cdd570d2d8fa34,"{""distance"":7,""physical_error_rate"":0.002}","{""detection_events"":6277,""detectors_checked"":829440}"
      1024,         0,         0,   0.047,standalone_exact_mw,9d8ad86e51451842b54dafc7680d1b486ef291963bb72c70f3cdd570d2d8fa34,"{""distance"":7,""physical_error_rate"":0.002}","{""detection_events"":6374,""detectors_checked"":829440}"
         1,         0,         0,   0.002,standalone_exact_mw,6a10a1840a7277b64863681e13d5cb65ed80b6c0c130a71789e1f9b9f94c8771,"{""distance"":7,""physical_error_rate"":0.005}","{""detection_events"":16,""detectors_checked"":810}"
      2048,         0,         0,   0.104,standalone_exact_mw,9d8ad86e51451842b54dafc7680d1b486ef291963bb72c70f3cdd570d2d8fa34,"{""distance"":7,""physical_error_rate"":0.002}","{""detection_events"":12888,""detectors_checked"":1658880}"
      1296,         0,         0,   0.093,standalone_exact_mw,6a10a1840a7277b64863681e13d5cb65ed80b6c0c130a71789e1f9b9f94c8771,"{""distance"":7,""physical_error_rate"":0.005}","{""detection_events"":20199,""detectors_checked"":1049760}"
      2048,         0,         0,   0.098,standalone_exact_mw,9d8ad86e51451842b54dafc7680d1b486ef291963bb72c70f3cdd570d2d8fa34,"{""distance"":7,""physical_error_rate"":0.002}","{""detection_events"":12967,""detectors_checked"":1658880}"
         1,         0,         0,   0.015,standalone_exact_mw,9d8ad86e51451842b54dafc7680d1b486ef291963bb72c70f3cdd570d2d8fa34,"{""distance"":7,""physical_error_rate"":0.002}","{""detection_events"":9,""detectors_checked"":810}"
        17,         0,         0,   0.022,standalone_exact_mw,6a10a1840a7277b64863681e13d5cb65ed80b6c0c130a71789e1f9b9f94c8771,"{""distance"":7,""physical_error_rate"":0.005}","{""detection_events"":236,""detectors_checked"":13770}"
       256,         0,         0,   0.027,standalone_exact_mw,6a10a1840a7277b64863681e13d5cb65ed80b6c0c130a71789e1f9b9f94c8771,"{""distance"":7,""physical_error_rate"":0.005}","{""detection_events"":3821,""detectors_checked"":207360}"
      1024,         0,         0,   0.064,standalone_exact_mw,6a10a1840a7277b64863681e13d5cb65ed80b6c0c130a71789e1f9b9f94c8771,"{""distance"":7,""physical_error_rate"":0.005}","{""detection_events"":15594,""detectors_checked"":829440}"
      1296,         0,         0,   0.062,standalone_exact_mw,9d8ad86e51451842b54dafc7680d1b486ef291963bb72c70f3cdd570d2d8fa34,"{""distance"":7,""physical_error_rate"":0.002}","{""detection_events"":8128,""detectors_checked"":1049760}"
      1024,         0,         0,   0.058,standalone_exact_mw,6a10a1840a7277b64863681e13d5cb65ed80b6c0c130a71789e1f9b9f94c8771,"{""distance"":7,""physical_error_rate"":0.005}","{""detection_events"":15506,""detectors_checked"":829440}"
      2048,         0,         0,   0.116,standalone_exact_mw,9d8ad86e51451842b54dafc7680d1b486ef291963bb72c70f3cdd570d2d8fa34,"{""distance"":7,""physical_error_rate"":0.002}","{""detection_events"":12879,""detectors_checked"":1658880}"
      1024,         0,         0,   0.053,standalone_exact_mw,9d8ad86e51451842b54dafc7680d1b486ef291963bb72c70f3cdd570d2d8fa34,"{""distance"":7,""physical_error_rate"":0.002}","{""detection_events"":6389,""detectors_checked"":829440}"
      1024,         0,         0,   0.087,standalone_exact_mw,6a10a1840a7277b64863681e13d5cb65ed80b6c0c130a71789e1f9b9f94c8771,"{""distance"":7,""physical_error_rate"":0.005}","{""detection_events"":15470,""detectors_checked"":829440}"
      1024,         0,         0,   0.069,standalone_exact_mw,6a10a1840a7277b64863681e13d5cb65ed80b6c0c130a71789e1f9b9f94c8771,"{""distance"":7,""physical_error_rate"":0.005}","{""detection_events"":15700,""detectors_checked"":829440}"
      1024,         0,         0,   0.066,standalone_exact_mw,9d8ad86e51451842b54dafc7680d1b486ef291963bb72c70f3cdd570d2d8fa34,"{""distance"":7,""physical_error_rate"":0.002}","{""detection_events"":6331,""detectors_checked"":829440}"
      1024,         0,         0,   0.105,standalone_exact_mw,6a10a1840a7277b64863681e13d5cb65ed80b6c0c130a71789e1f9b9f94c8771,"{""distance"":7,""physical_error_rate"":0.005}","{""detection_events"":15999,""detectors_checked"":829440}"
      1024,         0,         0,   0.053,standalone_exact_mw,9d8ad86e51451842b54dafc7680d1b486ef291963bb72c70f3cdd570d2d8fa34,"{""distance"":7,""physical_error_rate"":0.002}","{""detection_events"":6443,""detectors_checked"":829440}"
      1024,         0,         0,   0.059,standalone_exact_mw,6a10a1840a7277b64863681e13d5cb65ed80b6c0c130a71789e1f9b9f94c8771,"{""distance"":7,""physical_error_rate"":0.005}","{""detection_events"":15656,""detectors_checked"":829440}"
      3072,         0,         0,   0.156,standalone_exact_mw,9d8ad86e51451842b54dafc7680d1b486ef291963bb72c70f3cdd570d2d8fa34,"{""distance"":7,""physical_error_rate"":0.002}","{""detection_events"":19259,""detectors_checked"":2488320}"
      1024,         0,         0,   0.096,standalone_exact_mw,6a10a1840a7277b64863681e13d5cb65ed80b6c0c130a71789e1f9b9f94c8771,"{""distance"":7,""physical_error_rate"":0.005}","{""detection_events"":15574,""detectors_checked"":829440}"
      2048,         0,         0,   0.103,standalone_exact_mw,9d8ad86e51451842b54dafc7680d1b486ef291963bb72c70f3cdd570d2d8fa34,"{""distance"":7,""physical_error_rate"":0.002}","{""detection_events"":12779,""detectors_checked"":1658880}"
      2048,         0,         0,   0.133,standalone_exact_mw,6a10a1840a7277b64863681e13d5cb65ed80b6c0c130a71789e1f9b9f94c8771,"{""distance"":7,""physical_error_rate"":0.005}","{""detection_events"":31570,""detectors_checked"":1658880}"
      1024,         0,         0,   0.105,standalone_exact_mw,6a10a1840a7277b64863681e13d5cb65ed80b6c0c130a71789e1f9b9f94c8771,"{""distance"":7,""physical_error_rate"":0.005}","{""detection_events"":15642,""detectors_checked"":829440}"
      2048,         0,         0,   0.106,standalone_exact_mw,9d8ad86e51451842b54dafc7680d1b486ef291963bb72c70f3cdd570d2d8fa34,"{""distance"":7,""physical_error_rate"":0.002}","{""detection_events"":12881,""detectors_checked"":1658880}"
         1,         0,         0,   0.020,standalone_exact_mw,3bd544bb51e006261b45d3a2c996e28fc0c0449411cee5f7deafcd25d9539ebc,"{""distance"":7,""physical_error_rate"":0.001}","{""detection_events"":2,""detectors_checked"":810}"
      4096,         0,         0,   0.216,standalone_exact_mw,9d8ad86e51451842b54dafc7680d1b486ef291963bb72c70f3cdd570d2d8fa34,"{""distance"":7,""physical_error_rate"":0.002}","{""detection_events"":25853,""detectors_checked"":3317760}"
      1297,         0,         0,   0.035,standalone_exact_mw,e5383d45c2b34399c539563e7789a53fd4b96cd0b38eade39a3cbfe07ba21ab0,"{""distance"":7,""physical_error_rate"":0.0002}","{""detection_events"":818,""detectors_checked"":1050570}"
      2048,         0,         0,   0.135,standalone_exact_mw,6a10a1840a7277b64863681e13d5cb65ed80b6c0c130a71789e1f9b9f94c8771,"{""distance"":7,""physical_error_rate"":0.005}","{""detection_events"":31417,""detectors_checked"":1658880}"
      1024,         0,         0,   0.027,standalone_exact_mw,e5383d45c2b34399c539563e7789a53fd4b96cd0b38eade39a3cbfe07ba21ab0,"{""distance"":7,""physical_error_rate"":0.0002}","{""detection_events"":654,""detectors_checked"":829440}"
      1296,         0,         0,   0.056,standalone_exact_mw,3bd544bb51e006261b45d3a2c996e28fc0c0449411cee5f7deafcd25d9539ebc,"{""distance"":7,""physical_error_rate"":0.001}","{""detection_events"":4017,""detectors_checked"":1049760}"
      1024,         0,         0,   0.087,standalone_exact_mw,6a10a1840a7277b64863681e13d5cb65ed80b6c0c130a71789e1f9b9f94c8771,"{""distance"":7,""physical_error_rate"":0.005}","{""detection_events"":15840,""detectors_checked"":829440}"
      1024,         0,         0,   0.027,standalone_exact_mw,e5383d45c2b34399c539563e7789a53fd4b96cd0b38eade39a3cbfe07ba21ab0,"{""distance"":7,""physical_error_rate"":0.0002}","{""detection_events"":634,""detectors_checked"":829440}"
      2048,         0,         0,   0.106,standalone_exact_mw,9d8ad86e51451842b54dafc7680d1b486ef291963bb72c70f3cdd570d2d8fa34,"{""distance"":7,""physical_error_rate"":0.002}","{""detection_events"":12383,""detectors_checked"":1658880}"
      1024,         0,         0,   0.036,standalone_exact_mw,3bd544bb51e006261b45d3a2c996e28fc0c0449411cee5f7deafcd25d9539ebc,"{""distance"":7,""physical_error_rate"":0.001}","{""detection_events"":3176,""detectors_checked"":829440}"
      2048,         0,         0,   0.055,standalone_exact_mw,e5383d45c2b34399c539563e7789a53fd4b96cd0b38eade39a3cbfe07ba21ab0,"{""distance"":7,""physical_error_rate"":0.0002}","{""detection_events"":1319,""detectors_checked"":1658880}"
      1024,         0,         0,   0.036,standalone_exact_mw,3bd544bb51e006261b45d3a2c996e28fc0c0449411cee5f7deafcd25d9539ebc,"{""distance"":7,""physical_error_rate"":0.001}","{""detection_events"":3322,""detectors_checked"":829440}"
      1297,         0,         0,   0.035,standalone_exact_mw,e5383d45c2b34399c539563e7789a53fd4b96cd0b38eade39a3cbfe07ba21ab0,"{""distance"":7,""physical_error_rate"":0.0002}","{""detection_events"":825,""detectors_checked"":1050570}"
       273,         0,         0,   0.051,standalone_exact_mw,9d8ad86e51451842b54dafc7680d1b486ef291963bb72c70f3cdd570d2d8fa34,"{""distance"":7,""physical_error_rate"":0.002}","{""detection_events"":1720,""detectors_checked"":221130}"
         1,         0,         0,   0.002,standalone_exact_mw,ba5ada56442ed2ba457be44e3218b165c8a19e21146c9941e841199e65961aae,"{""distance"":7,""physical_error_rate"":0.0005}","{""detection_events"":2,""detectors_checked"":810}"
      1024,         0,         0,   0.015,standalone_exact_mw,e5383d45c2b34399c539563e7789a53fd4b96cd0b38eade39a3cbfe07ba21ab0,"{""distance"":7,""physical_error_rate"":0.0002}","{""detection_events"":658,""detectors_checked"":829440}"
      2048,         0,         0,   0.054,standalone_exact_mw,e5383d45c2b34399c539563e7789a53fd4b96cd0b38eade39a3cbfe07ba21ab0,"{""distance"":7,""physical_error_rate"":0.0002}","{""detection_events"":1268,""detectors_checked"":1658880}"
      1024,         0,         0,   0.027,standalone_exact_mw,e5383d45c2b34399c539563e7789a53fd4b96cd0b38eade39a3cbfe07ba21ab0,"{""distance"":7,""physical_error_rate"":0.0002}","{""detection_events"":676,""detectors_checked"":829440}"
     88064,         0,         0,    16.7,standalone_exact_mw,9d8ad86e51451842b54dafc7680d1b486ef291963bb72c70f3cdd570d2d8fa34,"{""distance"":7,""physical_error_rate"":0.002}","{""detection_events"":546633,""detectors_checked"":71331840}"
      3072,         0,         0,   0.189,standalone_exact_mw,6a10a1840a7277b64863681e13d5cb65ed80b6c0c130a71789e1f9b9f94c8771,"{""distance"":7,""physical_error_rate"":0.005}","{""detection_events"":46780,""detectors_checked"":2488320}"
      2048,         0,         0,   0.089,standalone_exact_mw,3bd544bb51e006261b45d3a2c996e28fc0c0449411cee5f7deafcd25d9539ebc,"{""distance"":7,""physical_error_rate"":0.001}","{""detection_events"":6578,""detectors_checked"":1658880}"
      1296,         0,         0,   0.051,standalone_exact_mw,ba5ada56442ed2ba457be44e3218b165c8a19e21146c9941e841199e65961aae,"{""distance"":7,""physical_error_rate"":0.0005}","{""detection_events"":2038,""detectors_checked"":1049760}"
      3072,         0,         0,   0.158,standalone_exact_mw,9d8ad86e51451842b54dafc7680d1b486ef291963bb72c70f3cdd570d2d8fa34,"{""distance"":7,""physical_error_rate"":0.002}","{""detection_events"":18718,""detectors_checked"":2488320}"
      2048,         0,         0,   0.054,standalone_exact_mw,e5383d45c2b34399c539563e7789a53fd4b96cd0b38eade39a3cbfe07ba21ab0,"{""distance"":7,""physical_error_rate"":0.0002}","{""detection_events"":1284,""detectors_checked"":1658880}"
      2048,         0,         0,   0.192,standalone_exact_mw,6a10a1840a7277b64863681e13d5cb65ed80b6c0c130a71789e1f9b9f94c8771,"{""distance"":7,""physical_error_rate"":0.005}","{""detection_events"":31276,""detectors_checked"":1658880}"
      1024,         0,         0,   0.031,standalone_exact_mw,ba5ada56442ed2ba457be44e3218b165c8a19e21146c9941e841199e65961aae,"{""distance"":7,""physical_error_rate"":0.0005}","{""detection_events"":1609,""detectors_checked"":829440}"
      1024,         0,         0,   0.042,standalone_exact_mw,e5383d45c2b34399c539563e7789a53fd4b96cd0b38eade39a3cbfe07ba21ab0,"{""distance"":7,""physical_error_rate"":0.0002}","{""detection_events"":713,""detectors_checked"":829440}"
      1024,         0,         0,   0.030,standalone_exact_mw,ba5ada56442ed2ba457be44e3218b165c8a19e21146c9941e841199e65961aae,"{""distance"":7,""physical_error_rate"":0.0005}","{""detection_events"":1515,""detectors_checked"":829440}"
      1024,         0,         0,   0.049,standalone_exact_mw,e5383d45c2b34399c539563e7789a53fd4b96cd0b38eade39a3cbfe07ba21ab0,"{""distance"":7,""physical_error_rate"":0.0002}","{""detection_events"":701,""detectors_checked"":829440}"
      2048,         0,         0,   0.083,standalone_exact_mw,3bd544bb51e006261b45d3a2c996e28fc0c0449411cee5f7deafcd25d9539ebc,"{""distance"":7,""physical_error_rate"":0.001}","{""detection_events"":6343,""detectors_checked"":1658880}"
       273,         0,         0,   0.030,standalone_exact_mw,6a10a1840a7277b64863681e13d5cb65ed80b6c0c130a71789e1f9b9f94c8771,"{""distance"":7,""physical_error_rate"":0.005}","{""detection_events"":4066,""detectors_checked"":221130}"
      1024,         0,         0,   0.148,standalone_exact_mw,9d8ad86e51451842b54dafc7680d1b486ef291963bb72c70f3cdd570d2d8fa34,"{""distance"":7,""physical_error_rate"":0.002}","{""detection_events"":6695,""detectors_checked"":829440}"
      3072,         0,         0,   0.078,standalone_exact_mw,e5383d45c2b34399c539563e7789a53fd4b96cd0b38eade39a3cbfe07ba21ab0,"{""distance"":7,""physical_error_rate"":0.0002}","{""detection_events"":1857,""detectors_checked"":2488320}"
      6144,         0,         0,   0.327,standalone_exact_mw,9d8ad86e51451842b54dafc7680d1b486ef291963bb72c70f3cdd570d2d8fa34,"{""distance"":7,""physical_error_rate"":0.002}","{""detection_events"":37838,""detectors_checked"":4976640}"
      1024,         0,         0,   0.031,standalone_exact_mw,ba5ada56442ed2ba457be44e3218b165c8a19e21146c9941e841199e65961aae,"{""distance"":7,""physical_error_rate"":0.0005}","{""detection_events"":1584,""detectors_checked"":829440}"
      2048,         0,         0,   0.083,standalone_exact_mw,e5383d45c2b34399c539563e7789a53fd4b96cd0b38eade39a3cbfe07ba21ab0,"{""distance"":7,""physical_error_rate"":0.0002}","{""detection_events"":1289,""detectors_checked"":1658880}"
      2048,         0,         0,   0.084,standalone_exact_mw,3bd544bb51e006261b45d3a2c996e28fc0c0449411cee5f7deafcd25d9539ebc,"{""distance"":7,""physical_error_rate"":0.001}","{""detection_events"":6335,""detectors_checked"":1658880}"
      2048,         0,         0,   0.067,standalone_exact_mw,ba5ada56442ed2ba457be44e3218b165c8a19e21146c9941e841199e65961aae,"{""distance"":7,""physical_error_rate"":0.0005}","{""detection_events"":3200,""detectors_checked"":1658880}"
      1024,         0,         0,   0.087,standalone_exact_mw,6a10a1840a7277b64863681e13d5cb65ed80b6c0c130a71789e1f9b9f94c8771,"{""distance"":7,""physical_error_rate"":0.005}","{""detection_events"":15692,""detectors_checked"":829440}"
      4096,         0,         0,   0.109,standalone_exact_mw,e5383d45c2b34399c539563e7789a53fd4b96cd0b38eade39a3cbfe07ba21ab0,"{""distance"":7,""physical_error_rate"":0.0002}","{""detection_events"":2636,""detectors_checked"":3317760}"
      2048,         0,         0,   0.192,standalone_exact_mw,6a10a1840a7277b64863681e13d5cb65ed80b6c0c130a71789e1f9b9f94c8771,"{""distance"":7,""physical_error_rate"":0.005}","{""detection_events"":31030,""detectors_checked"":1658880}"
      4096,         0,         0,   0.212,standalone_exact_mw,9d8ad86e51451842b54dafc7680d1b486ef291963bb72c70f3cdd570d2d8fa34,"{""distance"":7,""physical_error_rate"":0.002}","{""detection_events"":25339,""detectors_checked"":3317760}"
      2048,         0,         0,   0.080,standalone_exact_mw,e5383d45c2b34399c539563e7789a53fd4b96cd0b38eade39a3cbfe07ba21ab0,"{""distance"":7,""physical_error_rate"":0.0002}","{""detection_events"":1333,""detectors_checked"":1658880}"
      1024,         0,         0,   0.156,standalone_exact_mw,9d8ad86e51451842b54dafc7680d1b486ef291963bb72c70f3cdd570d2d8fa34,"{""distance"":7,""physical_error_rate"":0.002}","{""detection_events"":6186,""detectors_checked"":829440}"
      4096,         0,         0,   0.262,standalone_exact_mw,6a10a1840a7277b64863681e13d5cb65ed80b6c0c130a71789e1f9b9f94c8771,"{""distance"":7,""physical_error_rate"":0.005}","{""detection_events"":62849,""detectors_checked"":3317760}"
      1024,         0,         0,   0.086,standalone_exact_mw,6a10a1840a7277b64863681e13d5cb65ed80b6c0c130a71789e1f9b9f94c8771,"{""distance"":7,""physical_error_rate"":0.005}","{""detection_events"":15943,""detectors_checked"":829440}"
      3072,         0,         0,   0.113,standalone_exact_mw,ba5ada56442ed2ba457be44e3218b165c8a19e21146c9941e841199e65961aae,"{""distance"":7,""physical_error_rate"":0.0005}","{""detection_events"":4862,""detectors_checked"":2488320}"
      1024,         0,         0,   0.034,standalone_exact_mw,6a10a1840a7277b64863681e13d5cb65ed80b6c0c130a71789e1f9b9f94c8771,"{""distance"":7,""physical_error_rate"":0.005}","{""detection_events"":15669,""detectors_checked"":829440}"
      3072,         0,         0,   0.146,standalone_exact_mw,3bd544bb51e006261b45d3a2c996e28fc0c0449411cee5f7deafcd25d9539ebc,"{""distance"":7,""physical_error_rate"":0.001}","{""detection_events"":9675,""detectors_checked"":2488320}"
     95232,         0,         0,    16.4,standalone_exact_mw,6a10a1840a7277b64863681e13d5cb65ed80b6c0c130a71789e1f9b9f94c8771,"{""distance"":7,""physical_error_rate"":0.005}","{""detection_events"":1455746,""detectors_checked"":77137920}"
         1,         0,         0,   0.003,standalone_exact_mw,3bd544bb51e006261b45d3a2c996e28fc0c0449411cee5f7deafcd25d9539ebc,"{""distance"":7,""physical_error_rate"":0.001}","{""detection_events"":10,""detectors_checked"":810}"
        17,         0,         0,   0.026,standalone_exact_mw,e5383d45c2b34399c539563e7789a53fd4b96cd0b38eade39a3cbfe07ba21ab0,"{""distance"":7,""physical_error_rate"":0.0002}","{""detection_events"":13,""detectors_checked"":13770}"
       256,         0,         0,   0.005,standalone_exact_mw,e5383d45c2b34399c539563e7789a53fd4b96cd0b38eade39a3cbfe07ba21ab0,"{""distance"":7,""physical_error_rate"":0.0002}","{""detection_events"":143,""detectors_checked"":207360}"
      4096,         0,         0,   0.174,standalone_exact_mw,e5383d45c2b34399c539563e7789a53fd4b96cd0b38eade39a3cbfe07ba21ab0,"{""distance"":7,""physical_error_rate"":0.0002}","{""detection_events"":2531,""detectors_checked"":3317760}"
      2048,         0,         0,   0.069,standalone_exact_mw,6a10a1840a7277b64863681e13d5cb65ed80b6c0c130a71789e1f9b9f94c8771,"{""distance"":7,""physical_error_rate"":0.005}","{""detection_events"":31626,""detectors_checked"":1658880}"
      2048,         0,         0,   0.129,standalone_exact_mw,e5383d45c2b34399c539563e7789a53fd4b96cd0b38eade39a3cbfe07ba21ab0,"{""distance"":7,""physical_error_rate"":0.0002}","{""detection_events"":1356,""detectors_checked"":1658880}"
        16,         0,         0,   0.027,standalone_exact_mw,3bd544bb51e006261b45d3a2c996e28fc0c0449411cee5f7deafcd25d9539ebc,"{""distance"":7,""physical_error_rate"":0.001}","{""detection_events"":69,""detectors_checked"":12960}"
      4096,         0,         0,   0.136,standalone_exact_mw,ba5ada56442ed2ba457be44e3218b165c8a19e21146c9941e841199e65961aae,"{""distance"":7,""physical_error_rate"":0.0005}","{""detection_events"":6384,""detectors_checked"":3317760}"
       256,         0,         0,   0.035,standalone_exact_mw,3bd544bb51e006261b45d3a2c996e28fc0c0449411cee5f7deafcd25d9539ebc,"{""distance"":7,""physical_error_rate"":0.001}","{""detection_events"":719,""detectors_checked"":207360}"
      1024,         0,         0,   0.050,standalone_exact_mw,e5383d45c2b34399c539563e7789a53fd4b96cd0b38eade39a3cbfe07ba21ab0,"{""distance"":7,""physical_error_rate"":0.0002}","{""detection_events"":661,""detectors_checked"":829440}"
      1024,         0,         0,   0.197,standalone_exact_mw,9d8ad86e51451842b54dafc7680d1b486ef291963bb72c70f3cdd570d2d8fa34,"{""distance"":7,""physical_error_rate"":0.002}","{""detection_events"":6498,""detectors_checked"":829440}"
      1024,         0,         0,   0.063,standalone_exact_mw,6a10a1840a7277b64863681e13d5cb65ed80b6c0c130a71789e1f9b9f94c8771,"{""distance"":7,""physical_error_rate"":0.005}","{""detection_events"":15611,""detectors_checked"":829440}"
      4096,         0,         0,   0.165,standalone_exact_mw,3bd544bb51e006261b45d3a2c996e28fc0c0449411cee5f7deafcd25d9539ebc,"{""distance"":7,""physical_error_rate"":0.001}","{""detection_events"":12677,""detectors_checked"":3317760}"
      1024,         0,         0,   0.057,standalone_exact_mw,e5383d45c2b34399c539563e7789a53fd4b96cd0b38eade39a3cbfe07ba21ab0,"{""distance"":7,""physical_error_rate"":0.0002}","{""detection_events"":695,""detectors_checked"":829440}"
      3072,         0,         0,   0.278,standalone_exact_mw,6a10a1840a7277b64863681e13d5cb65ed80b6c0c130a71789e1f9b9f94c8771,"{""distance"":7,""physical_error_rate"":0.005}","{""detection_events"":47398,""detectors_checked"":2488320}"
      8192,         0,         0,   0.436,standalone_exact_mw,9d8ad86e51451842b54dafc7680d1b486ef291963bb72c70f3cdd570d2d8fa34,"{""distance"":7,""physical_error_rate"":0.002}","{""detection_events"":51091,""detectors_checked"":6635520}"
      6144,         0,         0,   0.316,standalone_exact_mw,9d8ad86e51451842b54dafc7680d1b486ef291963bb72c70f3cdd570d2d8fa34,"{""distance"":7,""physical_error_rate"":0.002}","{""detection_events"":38392,""detectors_checked"":4976640}"
      1024,         0,         0,   0.057,standalone_exact_mw,e5383d45c2b34399c539563e7789a53fd4b96cd0b38eade39a3cbfe07ba21ab0,"{""distance"":7,""physical_error_rate"":0.0002}","{""detection_events"":598,""detectors_checked"":829440}"
      2048,         0,         0,   0.085,standalone_exact_mw,6a10a1840a7277b64863681e13d5cb65ed80b6c0c130a71789e1f9b9f94c8771,"{""distance"":7,""physical_error_rate"":0.005}","{""detection_events"":31388,""detectors_checked"":1658880}"
      3072,         0,         0,   0.171,standalone_exact_mw,e5383d45c2b34399c539563e7789a53fd4b96cd0b38eade39a3cbfe07ba21ab0,"{""distance"":7,""physical_error_rate"":0.0002}","{""detection_events"":1964,""detectors_checked"":2488320}"
      4096,         0,         0,   0.136,standalone_exact_mw,ba5ada56442ed2ba457be44e3218b165c8a19e21146c9941e841199e65961aae,"{""distance"":7,""physical_error_rate"":0.0005}","{""detection_events"":6567,""detectors_checked"":3317760}"
      1024,         0,         0,   0.150,standalone_exact_mw,3bd544bb51e006261b45d3a2c996e28fc0c0449411cee5f7deafcd25d9539ebc,"{""distance"":7,""physical_error_rate"":0.001}","{""detection_events"":3273,""detectors_checked"":829440}"
      5120,         0,         0,   0.334,standalone_exact_mw,6a10a1840a7277b64863681e13d5cb65ed80b6c0c130a71789e1f9b9f94c8771,"{""distance"":7,""physical_error_rate"":0.005}","{""detection_events"":78227,""detectors_checked"":4147200}"
      1024,         0,         0,   0.057,standalone_exact_mw,e5383d45c2b34399c539563e7789a53fd4b96cd0b38eade39a3cbfe07ba21ab0,"{""distance"":7,""physical_error_rate"":0.0002}","{""detection_events"":587,""detectors_checked"":829440}"
      1024,         0,         0,   0.197,standalone_exact_mw,9d8ad86e51451842b54dafc7680d1b486ef291963bb72c70f3cdd570d2d8fa34,"{""distance"":7,""physical_error_rate"":0.002}","{""detection_events"":6261,""detectors_checked"":829440}"
      6144,         0,         0,   0.258,standalone_exact_mw,e5383d45c2b34399c539563e7789a53fd4b96cd0b38eade39a3cbfe07ba21ab0,"{""distance"":7,""physical_error_rate"":0.0002}","{""detection_events"":3894,""detectors_checked"":4976640}"
      3072,         0,         0,   0.113,standalone_exact_mw,6a10a1840a7277b64863681e13d5cb65ed80b6c0c130a71789e1f9b9f94c8771,"{""distance"":7,""physical_error_rate"":0.005}","{""detection_events"":47219,""detectors_checked"":2488320}"
      1297,         0,         0,   0.035,standalone_exact_mw,e5383d45c2b34399c539563e7789a53fd4b96cd0b38eade39a3cbfe07ba21ab0,"{""distance"":7,""physical_error_rate"":0.0002}","{""detection_events"":796,""detectors_checked"":1050570}"
      1024,         0,         0,   0.058,standalone_exact_mw,e5383d45c2b34399c539563e7789a53fd4b96cd0b38eade39a3cbfe07ba21ab0,"{""distance"":7,""physical_error_rate"":0.0002}","{""detection_events"":644,""detectors_checked"":829440}"
      5120,         0,         0,   0.228,standalone_exact_mw,3bd544bb51e006261b45d3a2c996e28fc0c0449411cee5f7deafcd25d9539ebc,"{""distance"":7,""physical_error_rate"":0.001}","{""detection_events"":16062,""detectors_checked"":4147200}"
      1024,         0,         0,   0.027,standalone_exact_mw,e5383d45c2b34399c539563e7789a53fd4b96cd0b38eade39a3cbfe07ba21ab0,"{""distance"":7,""physical_error_rate"":0.0002}","{""detection_events"":624,""detectors_checked"":829440}"
      1024,         0,         0,   0.024,standalone_exact_mw,e5383d45c2b34399c539563e7789a53fd4b96cd0b38eade39a3cbfe07ba21ab0,"{""distance"":7,""physical_error_rate"":0.0002}","{""detection_events"":649,""detectors_checked"":829440}"
      1024,         0,         0,   0.136,standalone_exact_mw,9d8ad86e51451842b54dafc7680d1b486ef291963bb72c70f3cdd570d2d8fa34,"{""distance"":7,""physical_error_rate"":0.002}","{""detection_events"":6178,""detectors_checked"":829440}"
      6144,         0,         0,   0.212,standalone_exact_mw,ba5ada56442ed2ba457be44e3218b165c8a19e21146c9941e841199e65961aae,"{""distance"":7,""physical_error_rate"":0.0005}","{""detection_events"":9737,""detectors_checked"":4976640}"
      2048,         0,         0,   0.114,standalone_exact_mw,e5383d45c2b34399c539563e7789a53fd4b96cd0b38eade39a3cbfe07ba21ab0,"{""distance"":7,""physical_error_rate"":0.0002}","{""detection_events"":1380,""detectors_checked"":1658880}"
      1024,         0,         0,   0.052,standalone_exact_mw,e5383d45c2b34399c539563e7789a53fd4b96cd0b38eade39a3cbfe07ba21ab0,"{""distance"":7,""physical_error_rate"":0.0002}","{""detection_events"":616,""detectors_checked"":829440}"
      4096,         0,         0,   0.246,standalone_exact_mw,e5383d45c2b34399c539563e7789a53fd4b96cd0b38eade39a3cbfe07ba21ab0,"{""distance"":7,""physical_error_rate"":0.0002}","{""detection_events"":2646,""detectors_checked"":3317760}"
      3072,         0,         0,   0.301,standalone_exact_mw,6a10a1840a7277b64863681e13d5cb65ed80b6c0c130a71789e1f9b9f94c8771,"{""distance"":7,""physical_error_rate"":0.005}","{""detection_events"":46822,""detectors_checked"":2488320}"
      1024,         0,         0,   0.225,standalone_exact_mw,3bd544bb51e006261b45d3a2c996e28fc0c0449411cee5f7deafcd25d9539ebc,"{""distance"":7,""physical_error_rate"":0.001}","{""detection_events"":3181,""detectors_checked"":829440}"
      1024,         0,         0,   0.082,standalone_exact_mw,9d8ad86e51451842b54dafc7680d1b486ef291963bb72c70f3cdd570d2d8fa34,"{""distance"":7,""physical_error_rate"":0.002}","{""detection_events"":6215,""detectors_checked"":829440}"
      1024,         0,         0,   0.067,standalone_exact_mw,e5383d45c2b34399c539563e7789a53fd4b96cd0b38eade39a3cbfe07ba21ab0,"{""distance"":7,""physical_error_rate"":0.0002}","{""detection_events"":592,""detectors_checked"":829440}"
      2048,         0,         0,   0.218,standalone_exact_mw,6a10a1840a7277b64863681e13d5cb65ed80b6c0c130a71789e1f9b9f94c8771,"{""distance"":7,""physical_error_rate"":0.005}","{""detection_events"":30958,""detectors_checked"":1658880}"
      1024,         0,         0,   0.103,standalone_exact_mw,3bd544bb51e006261b45d3a2c996e28fc0c0449411cee5f7deafcd25d9539ebc,"{""distance"":7,""physical_error_rate"":0.001}","{""detection_events"":3070,""detectors_checked"":829440}"
      2048,         0,         0,   0.056,standalone_exact_mw,e5383d45c2b34399c539563e7789a53fd4b96cd0b38eade39a3cbfe07ba21ab0,"{""distance"":7,""physical_error_rate"":0.0002}","{""detection_events"":1243,""detectors_checked"":1658880}"
      2048,         0,         0,   0.140,standalone_exact_mw,e5383d45c2b34399c539563e7789a53fd4b96cd0b38eade39a3cbfe07ba21ab0,"{""distance"":7,""physical_error_rate"":0.0002}","{""detection_events"":1380,""detectors_checked"":1658880}"
      7168,         0,         0,   0.308,standalone_exact_mw,e5383d45c2b34399c539563e7789a53fd4b96cd0b38eade39a3cbfe07ba21ab0,"{""distance"":7,""physical_error_rate"":0.0002}","{""detection_events"":4602,""detectors_checked"":5806080}"
      8192,         0,         0,   0.436,standalone_exact_mw,9d8ad86e51451842b54dafc7680d1b486ef291963bb72c70f3cdd570d2d8fa34,"{""distance"":7,""physical_error_rate"":0.002}","{""detection_events"":51022,""detectors_checked"":6635520}"
      7168,         0,         0,   0.304,standalone_exact_mw,3bd544bb51e006261b45d3a2c996e28fc0c0449411cee5f7deafcd25d9539ebc,"{""distance"":7,""physical_error_rate"":0.001}","{""detection_events"":22312,""detectors_checked"":5806080}"
      3072,         0,         0,   0.096,standalone_exact_mw,e5383d45c2b34399c539563e7789a53fd4b96cd0b38eade39a3cbfe07ba21ab0,"{""distance"":7,""physical_error_rate"":0.0002}","{""detection_events"":1873,""detectors_checked"":2488320}"
      7168,         0,         0,   0.457,standalone_exact_mw,6a10a1840a7277b64863681e13d5cb65ed80b6c0c130a71789e1f9b9f94c8771,"{""distance"":7,""physical_error_rate"":0.005}","{""detection_events"":109004,""detectors_checked"":5806080}"
      1024,         0,         0,   0.123,standalone_exact_mw,3bd544bb51e006261b45d3a2c996e28fc0c0449411cee5f7deafcd25d9539ebc,"{""distance"":7,""physical_error_rate"":0.001}","{""detection_events"":3278,""detectors_checked"":829440}"
      2048,         0,         0,   0.205,standalone_exact_mw,9d8ad86e51451842b54dafc7680d1b486ef291963bb72c70f3cdd570d2d8fa34,"{""distance"":7,""physical_error_rate"":0.002}","{""detection_events"":12730,""detectors_checked"":1658880}"
      9216,         0,         0,   0.315,standalone_exact_mw,ba5ada56442ed2ba457be44e3218b165c8a19e21146c9941e841199e65961aae,"{""distance"":7,""physical_error_rate"":0.0005}","{""detection_events"":14380,""detectors_checked"":7464960}"
     11264,         0,         0,   0.579,standalone_exact_mw,9d8ad86e51451842b54dafc7680d1b486ef291963bb72c70f3cdd570d2d8fa34,"{""distance"":7,""physical_error_rate"":0.002}","{""detection_events"":68915,""detectors_checked"":9123840}"
         1,         0,         0,   0.001,standalone_exact_mw,e5383d45c2b34399c539563e7789a53fd4b96cd0b38eade39a3cbfe07ba21ab0,"{""distance"":7,""physical_error_rate"":0.0002}","{""detectors_checked"":810}"
         1,         0,         0,   0.003,standalone_exact_mw,ba5ada56442ed2ba457be44e3218b165c8a19e21146c9941e841199e65961aae,"{""distance"":7,""physical_error_rate"":0.0005}","{""detection_events"":4,""detectors_checked"":810}"
       272,         0,         0,   0.027,standalone_exact_mw,e5383d45c2b34399c539563e7789a53fd4b96cd0b38eade39a3cbfe07ba21ab0,"{""distance"":7,""physical_error_rate"":0.0002}","{""detection_events"":170,""detectors_checked"":220320}"
      4096,         0,         0,   0.123,standalone_exact_mw,e5383d45c2b34399c539563e7789a53fd4b96cd0b38eade39a3cbfe07ba21ab0,"{""distance"":7,""physical_error_rate"":0.0002}","{""detection_events"":2551,""detectors_checked"":3317760}"
      5120,         0,         0,   0.352,standalone_exact_mw,e5383d45c2b34399c539563e7789a53fd4b96cd0b38eade39a3cbfe07ba21ab0,"{""distance"":7,""physical_error_rate"":0.0002}","{""detection_events"":3215,""detectors_checked"":4147200}"
      3072,         0,         0,   0.223,standalone_exact_mw,e5383d45c2b34399c539563e7789a53fd4b96cd0b38eade39a3cbfe07ba21ab0,"{""distance"":7,""physical_error_rate"":0.0002}","{""detection_events"":1937,""detectors_checked"":2488320}"
      1296,         0,         0,   0.060,standalone_exact_mw,ba5ada56442ed2ba457be44e3218b165c8a19e21146c9941e841199e65961aae,"{""distance"":7,""physical_error_rate"":0.0005}","{""detection_events"":2022,""detectors_checked"":1049760}"
      2048,         0,         0,   0.323,standalone_exact_mw,6a10a1840a7277b64863681e13d5cb65ed80b6c0c130a71789e1f9b9f94c8771,"{""distance"":7,""physical_error_rate"":0.005}","{""detection_events"":31531,""detectors_checked"":1658880}"
      1024,         0,         0,   0.075,standalone_exact_mw,e5383d45c2b34399c539563e7789a53fd4b96cd0b38eade39a3cbfe07ba21ab0,"{""distance"":7,""physical_error_rate"":0.0002}","{""detection_events"":643,""detectors_checked"":829440}"
      1024,         0,         0,   0.054,standalone_exact_mw,ba5ada56442ed2ba457be44e3218b165c8a19e21146c9941e841199e65961aae,"{""distance"":7,""physical_error_rate"":0.0005}","{""detection_events"":1603,""detectors_checked"":829440}"
         1,         0,         0,   0.001,standalone_exact_mw,3bd544bb51e006261b45d3a2c996e28fc0c0449411cee5f7deafcd25d9539ebc,"{""distance"":7,""physical_error_rate"":0.001}","{""detectors_checked"":810}"
      2048,         0,         0,   0.226,standalone_exact_mw,3bd544bb51e006261b45d3a2c996e28fc0c0449411cee5f7deafcd25d9539ebc,"{""distance"":7,""physical_error_rate"":0.001}","{""detection_events"":6477,""detectors_checked"":1658880}"
       272,         0,         0,   0.030,standalone_exact_mw,3bd544bb51e006261b45d3a2c996e28fc0c0449411cee5f7deafcd25d9539ebc,"{""distance"":7,""physical_error_rate"":0.001}","{""detection_events"":895,""detectors_checked"":220320}"
      1024,         0,         0,   0.075,standalone_exact_mw,e5383d45c2b34399c539563e7789a53fd4b96cd0b38eade39a3cbfe07ba21ab0,"{""distance"":7,""physical_error_rate"":0.0002}","{""detection_events"":634,""detectors_checked"":829440}"
      5120,         0,         0,   0.154,standalone_exact_mw,e5383d45c2b34399c539563e7789a53fd4b96cd0b38eade39a3cbfe07ba21ab0,"{""distance"":7,""physical_error_rate"":0.0002}","{""detection_events"":3161,""detectors_checked"":4147200}"
      5120,         0,         0,   0.501,standalone_exact_mw,6a10a1840a7277b64863681e13d5cb65ed80b6c0c130a71789e1f9b9f94c8771,"{""distance"":7,""physical_error_rate"":0.005}","{""detection_events"":78160,""detectors_checked"":4147200}"
      1024,         0,         0,   0.064,standalone_exact_mw,ba5ada56442ed2ba457be44e3218b165c8a19e21146c9941e841199e65961aae,"{""distance"":7,""physical_error_rate"":0.0005}","{""detection_events"":1598,""detectors_checked"":829440}"
      2048,         0,         0,   0.215,standalone_exact_mw,9d8ad86e51451842b54dafc7680d1b486ef291963bb72c70f3cdd570d2d8fa34,"{""distance"":7,""physical_error_rate"":0.002}","{""detection_events"":12771,""detectors_checked"":1658880}"
      1024,         0,         0,   0.061,standalone_exact_mw,3bd544bb51e006261b45d3a2c996e28fc0c0449411cee5f7deafcd25d9539ebc,"{""distance"":7,""physical_error_rate"":0.001}","{""detection_events"":3367,""detectors_checked"":829440}"
      1024,         0,         0,   0.059,standalone_exact_mw,e5383d45c2b34399c539563e7789a53fd4b96cd0b38eade39a3cbfe07ba21ab0,"{""distance"":7,""physical_error_rate"":0.0002}","{""detection_events"":651,""detectors_checked"":829440}"
     10240,         0,         0,   0.433,standalone_exact_mw,e5383d45c2b34399c539563e7789a53fd4b96cd0b38eade39a3cbfe07ba21ab0,"{""distance"":7,""physical_error_rate"":0.0002}","{""detection_events"":6452,""detectors_checked"":8294400}"
      1024,         0,         0,   0.061,standalone_exact_mw,ba5ada56442ed2ba457be44e3218b165c8a19e21146c9941e841199e65961aae,"{""distance"":7,""physical_error_rate"":0.0005}","{""detection_events"":1669,""detectors_checked"":829440}"
      1024,         0,         0,   0.077,standalone_exact_mw,3bd544bb51e006261b45d3a2c996e28fc0c0449411cee5f7deafcd25d9539ebc,"{""distance"":7,""physical_error_rate"":0.001}","{""detection_events"":3196,""detectors_checked"":829440}"
      1024,         0,         0,   0.075,standalone_exact_mw,e5383d45c2b34399c539563e7789a53fd4b96cd0b38eade39a3cbfe07ba21ab0,"{""distance"":7,""physical_error_rate"":0.0002}","{""detection_events"":590,""detectors_checked"":829440}"
     10240,         0,         0,   0.448,standalone_exact_mw,3bd544bb51e006261b45d3a2c996e28fc0c0449411cee5f7deafcd25d9539ebc,"{""distance"":7,""physical_error_rate"":0.001}","{""detection_events"":32387,""detectors_checked"":8294400}"
      4096,         0,         0,   0.301,standalone_exact_mw,e5383d45c2b34399c539563e7789a53fd4b96cd0b38eade39a3cbfe07ba21ab0,"{""distance"":7,""physical_error_rate"":0.0002}","{""detection_events"":2688,""detectors_checked"":3317760}"
      1024,         0,         0,   0.077,standalone_exact_mw,ba5ada56442ed2ba457be44e3218b165c8a19e21146c9941e841199e65961aae,"{""distance"":7,""physical_error_rate"":0.0005}","{""detection_events"":1653,""detectors_checked"":829440}"
      2048,         0,         0,   0.226,standalone_exact_mw,3bd544bb51e006261b45d3a2c996e28fc0c0449411cee5f7deafcd25d9539ebc,"{""distance"":7,""physical_error_rate"":0.001}","{""detection_events"":6372,""detectors_checked"":1658880}"
      1024,         0,         0,   0.059,standalone_exact_mw,3bd544bb51e006261b45d3a2c996e28fc0c0449411cee5f7deafcd25d9539ebc,"{""distance"":7,""physical_error_rate"":0.001}","{""detection_events"":3169,""detectors_checked"":829440}"
     12288,         0,         0,   0.408,standalone_exact_mw,ba5ada56442ed2ba457be44e3218b165c8a19e21146c9941e841199e65961aae,"{""distance"":7,""physical_error_rate"":0.0005}","{""detection_events"":19327,""detectors_checked"":9953280}"
      7168,         0,         0,   0.195,standalone_exact_mw,e5383d45c2b34399c539563e7789a53fd4b96cd0b38eade39a3cbfe07ba21ab0,"{""distance"":7,""physical_error_rate"":0.0002}","{""detection_events"":4452,""detectors_checked"":5806080}"
    166912,         0,         0,    16.3,standalone_exact_mw,6a10a1840a7277b64863681e13d5cb65ed80b6c0c130a71789e1f9b9f94c8771,"{""distance"":7,""physical_error_rate"":0.005}","{""detection_events"":2550729,""detectors_checked"":135198720}"
      2048,         0,         0,   0.329,standalone_exact_mw,6a10a1840a7277b64863681e13d5cb65ed80b6c0c130a71789e1f9b9f94c8771,"{""distance"":7,""physical_error_rate"":0.005}","{""detection_events"":31712,""detectors_checked"":1658880}"
     11264,         0,         0,   0.596,standalone_exact_mw,9d8ad86e51451842b54dafc7680d1b486ef291963bb72c70f3cdd570d2d8fa34,"{""distance"":7,""physical_error_rate"":0.002}","{""detection_events"":69859,""detectors_checked"":9123840}"
      1024,         0,         0,   0.077,standalone_exact_mw,3bd544bb51e006261b45d3a2c996e28fc0c0449411cee5f7deafcd25d9539ebc,"{""distance"":7,""physical_error_rate"":0.001}","{""detection_events"":3218,""detectors_checked"":829440}"
      6144,         0,         0,   0.426,standalone_exact_mw,e5383d45c2b34399c539563e7789a53fd4b96cd0b38eade39a3cbfe07ba21ab0,"{""distance"":7,""physical_error_rate"":0.0002}","{""detection_events"":3907,""detectors_checked"":4976640}"
      2048,         0,         0,   0.108,standalone_exact_mw,ba5ada56442ed2ba457be44e3218b165c8a19e21146c9941e841199e65961aae,"{""distance"":7,""physical_error_rate"":0.0005}","{""detection_events"":3177,""detectors_checked"":1658880}"
      2048,         0,         0,   0.254,standalone_exact_mw,9d8ad86e51451842b54dafc7680d1b486ef291963bb72c70f3cdd570d2d8fa34,"{""distance"":7,""physical_error_rate"":0.002}","{""detection_events"":12416,""detectors_checked"":1658880}"
      2048,         0,         0,   0.150,standalone_exact_mw,e5383d45c2b34399c539563e7789a53fd4b96cd0b38eade39a3cbfe07ba21ab0,"{""distance"":7,""physical_error_rate"":0.0002}","{""detection_events"":1229,""detectors_checked"":1658880}"
      6144,         1,         0,   0.584,standalone_exact_mw,6a10a1840a7277b64863681e13d5cb65ed80b6c0c130a71789e1f9b9f94c8771,"{""distance"":7,""physical_error_rate"":0.005}","{""detection_events"":93662,""detectors_checked"":4976640,""obs_mistake_mask=E"":1}"
      2048,         0,         0,   0.108,standalone_exact_mw,ba5ada56442ed2ba457be44e3218b165c8a19e21146c9941e841199e65961aae,"{""distance"":7,""physical_error_rate"":0.0005}","{""detection_events"":3181,""detectors_checked"":1658880}"
      2048,         0,         0,   0.241,standalone_exact_mw,3bd544bb51e006261b45d3a2c996e28fc0c0449411cee5f7deafcd25d9539ebc,"{""distance"":7,""physical_error_rate"":0.001}","{""detection_events"":6506,""detectors_checked"":1658880}"
      2048,         0,         0,   0.134,standalone_exact_mw,e5383d45c2b34399c539563e7789a53fd4b96cd0b38eade39a3cbfe07ba21ab0,"{""distance"":7,""physical_error_rate"":0.0002}","{""detection_events"":1300,""detectors_checked"":1658880}"
      2048,         0,         0,   0.167,standalone_exact_mw,3bd544bb51e006261b45d3a2c996e28fc0c0449411cee5f7deafcd25d9539ebc,"{""distance"":7,""physical_error_rate"":0.001}","{""detection_events"":6381,""detectors_checked"":1658880}"
        17,         0,         0,   0.004,standalone_exact_mw,ba5ada56442ed2ba457be44e3218b165c8a19e21146c9941e841199e65961aae,"{""distance"":7,""physical_error_rate"":0.0005}","{""detection_events"":17,""detectors_checked"":13770}"
       256,         0,         0,   0.005,standalone_exact_mw,ba5ada56442ed2ba457be44e3218b165c8a19e21146c9941e841199e65961aae,"{""distance"":7,""physical_error_rate"":0.0005}","{""detection_events"":434,""detectors_checked"":207360}"
     14336,         0,         0,   0.303,standalone_exact_mw,e5383d45c2b34399c539563e7789a53fd4b96cd0b38eade39a3cbfe07ba21ab0,"{""distance"":7,""physical_error_rate"":0.0002}","{""detection_events"":9186,""detectors_checked"":11612160}"
      3072,         0,         0,   0.163,standalone_exact_mw,ba5ada56442ed2ba457be44e3218b165c8a19e21146c9941e841199e65961aae,"{""distance"":7,""physical_error_rate"":0.0005}","{""detection_events"":4913,""detectors_checked"":2488320}"
      6144,         0,         0,   0.405,standalone_exact_mw,e5383d45c2b34399c539563e7789a53fd4b96cd0b38eade39a3cbfe07ba21ab0,"{""distance"":7,""physical_error_rate"":0.0002}","{""detection_events"":4005,""detectors_checked"":4976640}"
      1024,         0,         0,   0.083,standalone_exact_mw,ba5ada56442ed2ba457be44e3218b165c8a19e21146c9941e841199e65961aae,"{""distance"":7,""physical_error_rate"":0.0005}","{""detection_events"":1609,""detectors_checked"":829440}"
     16384,         0,         0,   0.783,standalone_exact_mw,9d8ad86e51451842b54dafc7680d1b486ef291963bb72c70f3cdd570d2d8fa34,"{""distance"":7,""physical_error_rate"":0.002}","{""detection_events"":102109,""detectors_checked"":13271040}"
      5120,         0,         0,   0.580,standalone_exact_mw,6a10a1840a7277b64863681e13d5cb65ed80b6c0c130a71789e1f9b9f94c8771,"{""distance"":7,""physical_error_rate"":0.005}","{""detection_events"":77912,""detectors_checked"":4147200}"
      3072,         0,         0,   0.175,standalone_exact_mw,e5383d45c2b34399c539563e7789a53fd4b96cd0b38eade39a3cbfe07ba21ab0,"{""distance"":7,""physical_error_rate"":0.0002}","{""detection_events"":1984,""detectors_checked"":2488320}"
      4096,         0,         0,   0.336,standalone_exact_mw,9d8ad86e51451842b54dafc7680d1b486ef291963bb72c70f3cdd570d2d8fa34,"{""distance"":7,""physical_error_rate"":0.002}","{""detection_events"":26007,""detectors_checked"":3317760}"
      1024,         0,         0,   0.060,standalone_exact_mw,ba5ada56442ed2ba457be44e3218b165c8a19e21146c9941e841199e65961aae,"{""distance"":7,""physical_error_rate"":0.0005}","{""detection_events"":1558,""detectors_checked"":829440}"
     14336,         0,         0,   0.589,standalone_exact_mw,e5383d45c2b34399c539563e7789a53fd4b96cd0b38eade39a3cbfe07ba21ab0,"{""distance"":7,""physical_error_rate"":0.0002}","{""detection_events"":8914,""detectors_checked"":11612160}"
      2048,         0,         0,   0.229,standalone_exact_mw,3bd544bb51e006261b45d3a2c996e28fc0c0449411cee5f7deafcd25d9539ebc,"{""distance"":7,""physical_error_rate"":0.001}","{""detection_events"":6546,""detectors_checked"":1658880}"
      3072,         0,         0,   0.479,standalone_exact_mw,6a10a1840a7277b64863681e13d5cb65ed80b6c0c130a71789e1f9b9f94c8771,"{""distance"":7,""physical_error_rate"":0.005}","{""detection_events"":47102,""detectors_checked"":2488320}"
     13312,         0,         0,   0.575,standalone_exact_mw,3bd544bb51e006261b45d3a2c996e28fc0c0449411cee5f7deafcd25d9539ebc,"{""distance"":7,""physical_error_rate"":0.001}","{""detection_events"":41397,""detectors_checked"":10782720}"
      1024,         0,         0,   0.081,standalone_exact_mw,ba5ada56442ed2ba457be44e3218b165c8a19e21146c9941e841199e65961aae,"{""distance"":7,""physical_error_rate"":0.0005}","{""detection_events"":1623,""detectors_checked"":829440}"
      3072,         0,         0,   0.329,standalone_exact_mw,3bd544bb51e006261b45d3a2c996e28fc0c0449411cee5f7deafcd25d9539ebc,"{""distance"":7,""physical_error_rate"":0.001}","{""detection_events"":9493,""detectors_checked"":2488320}"
      6144,         0,         0,   0.219,standalone_exact_mw,ba5ada56442ed2ba457be44e3218b165c8a19e21146c9941e841199e65961aae,"{""distance"":7,""physical_error_rate"":0.0005}","{""detection_events"":9584,""detectors_checked"":4976640}"
      1024,         0,         0,   0.060,standalone_exact_mw,ba5ada56442ed2ba457be44e3218b165c8a19e21146c9941e841199e65961aae,"{""distance"":7,""physical_error_rate"":0.0005}","{""detection_events"":1634,""detectors_checked"":829440}"
     16384,         0,         0,   0.575,standalone_exact_mw,ba5ada56442ed2ba457be44e3218b165c8a19e21146c9941e841199e65961aae,"{""distance"":7,""physical_error_rate"":0.0005}","{""detection_events"":25791,""detectors_checked"":13271040}"
      2048,         0,         0,   0.151,standalone_exact_mw,3bd544bb51e006261b45d3a2c996e28fc0c0449411cee5f7deafcd25d9539ebc,"{""distance"":7,""physical_error_rate"":0.001}","{""detection_events"":6419,""detectors_checked"":1658880}"
      8192,         0,         0,   0.577,standalone_exact_mw,e5383d45c2b34399c539563e7789a53fd4b96cd0b38eade39a3cbfe07ba21ab0,"{""distance"":7,""physical_error_rate"":0.0002}","{""detection_events"":4895,""detectors_checked"":6635520}"
      1024,         0,         0,   0.081,standalone_exact_mw,ba5ada56442ed2ba457be44e3218b165c8a19e21146c9941e841199e65961aae,"{""distance"":7,""physical_error_rate"":0.0005}","{""detection_events"":1580,""detectors_checked"":829440}"
      4096,         0,         0,   0.269,standalone_exact_mw,e5383d45c2b34399c539563e7789a53fd4b96cd0b38eade39a3cbfe07ba21ab0,"{""distance"":7,""physical_error_rate"":0.0002}","{""detection_events"":2639,""detectors_checked"":3317760}"
      9216,         0,         0,   0.419,standalone_exact_mw,e5383d45c2b34399c539563e7789a53fd4b96cd0b38eade39a3cbfe07ba21ab0,"{""distance"":7,""physical_error_rate"":0.0002}","{""detection_events"":5845,""detectors_checked"":7464960}"
      2048,         0,         0,   0.141,standalone_exact_mw,ba5ada56442ed2ba457be44e3218b165c8a19e21146c9941e841199e65961aae,"{""distance"":7,""physical_error_rate"":0.0005}","{""detection_events"":3325,""detectors_checked"":1658880}"
     15360,         0,         0,   0.803,standalone_exact_mw,9d8ad86e51451842b54dafc7680d1b486ef291963bb72c70f3cdd570d2d8fa34,"{""distance"":7,""physical_error_rate"":0.002}","{""detection_events"":94644,""detectors_checked"":12441600}"
      9216,         0,         0,   0.331,standalone_exact_mw,ba5ada56442ed2ba457be44e3218b165c8a19e21146c9941e841199e65961aae,"{""distance"":7,""physical_error_rate"":0.0005}","{""detection_events"":14685,""detectors_checked"":7464960}"
      4096,         0,         0,   0.274,standalone_exact_mw,3bd544bb51e006261b45d3a2c996e28fc0c0449411cee5f7deafcd25d9539ebc,"{""distance"":7,""physical_error_rate"":0.001}","{""detection_events"":12696,""detectors_checked"":3317760}"
      2048,         0,         0,   0.140,standalone_exact_mw,ba5ada56442ed2ba457be44e3218b165c8a19e21146c9941e841199e65961aae,"{""distance"":7,""physical_error_rate"":0.0005}","{""detection_events"":3177,""detectors_checked"":1658880}"
      4096,         0,         0,   0.292,standalone_exact_mw,e5383d45c2b34399c539563e7789a53fd4b96cd0b38eade39a3cbfe07ba21ab0,"{""distance"":7,""physical_error_rate"":0.0002}","{""detection_events"":2659,""detectors_checked"":3317760}"
      8192,         0,         0,   0.593,standalone_exact_mw,e5383d45c2b34399c539563e7789a53fd4b96cd0b38eade39a3cbfe07ba21ab0,"{""distance"":7,""physical_error_rate"":0.0002}","{""detection_events"":5390,""detectors_checked"":6635520}"
      5120,         0,         0,   0.560,standalone_exact_mw,9d8ad86e51451842b54dafc7680d1b486ef291963bb72c70f3cdd570d2d8fa34,"{""distance"":7,""physical_error_rate"":0.002}","{""detection_events"":31795,""detectors_checked"":4147200}"
      4096,         0,         0,   0.451,standalone_exact_mw,3bd544bb51e006261b45d3a2c996e28fc0c0449411cee5f7deafcd25d9539ebc,"{""distance"":7,""physical_error_rate"":0.001}","{""detection_events"":12604,""detectors_checked"":3317760}"
      9216,         0,         0,   0.650,standalone_exact_mw,6a10a1840a7277b64863681e13d5cb65ed80b6c0c130a71789e1f9b9f94c8771,"{""distance"":7,""physical_error_rate"":0.005}","{""detection_events"":141246,""detectors_checked"":7464960}"
      4096,         0,         0,   0.295,standalone_exact_mw,3bd544bb51e006261b45d3a2c996e28fc0c0449411cee5f7deafcd25d9539ebc,"{""distance"":7,""physical_error_rate"":0.001}","{""detection_events"":12602,""detectors_checked"":3317760}"
      5120,         0,         0,    1.10,standalone_exact_mw,6a10a1840a7277b64863681e13d5cb65ed80b6c0c130a71789e1f9b9f94c8771,"{""distance"":7,""physical_error_rate"":0.005}","{""detection_events"":78363,""detectors_checked"":4147200}"
      8192,         0,         0,   0.831,standalone_exact_mw,6a10a1840a7277b64863681e13d5cb65ed80b6c0c130a71789e1f9b9f94c8771,"{""distance"":7,""physical_error_rate"":0.005}","{""detection_events"":125634,""detectors_checked"":6635520}"
      4096,         0,         0,   0.281,standalone_exact_mw,ba5ada56442ed2ba457be44e3218b165c8a19e21146c9941e841199e65961aae,"{""distance"":7,""physical_error_rate"":0.0005}","{""detection_events"":6435,""detectors_checked"":3317760}"
     23552,         0,         0,   0.812,standalone_exact_mw,e5383d45c2b34399c539563e7789a53fd4b96cd0b38eade39a3cbfe07ba21ab0,"{""distance"":7,""physical_error_rate"":0.0002}","{""detection_events"":14604,""detectors_checked"":19077120}"
     24576,         0,         0,   0.575,standalone_exact_mw,e5383d45c2b34399c539563e7789a53fd4b96cd0b38eade39a3cbfe07ba21ab0,"{""distance"":7,""physical_error_rate"":0.0002}","{""detection_events"":15583,""detectors_checked"":19906560}"
     12288,         0,         0,   0.421,standalone_exact_mw,ba5ada56442ed2ba457be44e3218b165c8a19e21146c9941e841199e65961aae,"{""distance"":7,""physical_error_rate"":0.0005}","{""detection_events"":18977,""detectors_checked"":9953280}"
     18432,         0,         0,   0.805,standalone_exact_mw,3bd544bb51e006261b45d3a2c996e28fc0c0449411cee5f7deafcd25d9539ebc,"{""distance"":7,""physical_error_rate"":0.001}","{""detection_events"":57032,""detectors_checked"":14929920}"
      6144,         0,         0,   0.411,standalone_exact_mw,e5383d45c2b34399c539563e7789a53fd4b96cd0b38eade39a3cbfe07ba21ab0,"{""distance"":7,""physical_error_rate"":0.0002}","{""detection_events"":3865,""detectors_checked"":4976640}"
     23552,         0,         0,   0.816,standalone_exact_mw,ba5ada56442ed2ba457be44e3218b165c8a19e21146c9941e841199e65961aae,"{""distance"":7,""physical_error_rate"":0.0005}","{""detection_events"":37406,""detectors_checked"":19077120}"
     11264,         0,         0,   0.797,standalone_exact_mw,e5383d45c2b34399c539563e7789a53fd4b96cd0b38eade39a3cbfe07ba21ab0,"{""distance"":7,""physical_error_rate"":0.0002}","{""detection_events"":7039,""detectors_checked"":9123840}"
         1,         0,         0,   0.063,standalone_exact_mw,6a10a1840a7277b64863681e13d5cb65ed80b6c0c130a71789e1f9b9f94c8771,"{""distance"":7,""physical_error_rate"":0.005}","{""detection_events"":16,""detectors_checked"":810}"
     24576,         0,         0,    1.12,standalone_exact_mw,9d8ad86e51451842b54dafc7680d1b486ef291963bb72c70f3cdd570d2d8fa34,"{""distance"":7,""physical_error_rate"":0.002}","{""detection_events"":153796,""detectors_checked"":19906560}"
      6144,         0,         0,   0.554,standalone_exact_mw,3bd544bb51e006261b45d3a2c996e28fc0c0449411cee5f7deafcd25d9539ebc,"{""distance"":7,""physical_error_rate"":0.001}","{""detection_events"":19623,""detectors_checked"":4976640}"
      5120,         0,         0,   0.364,standalone_exact_mw,ba5ada56442ed2ba457be44e3218b165c8a19e21146c9941e841199e65961aae,"{""distance"":7,""physical_error_rate"":0.0005}","{""detection_events"":8205,""detectors_checked"":4147200}"
       136,         0,         0,   0.187,standalone_exact_mw,6a10a1840a7277b64863681e13d5cb65ed80b6c0c130a71789e1f9b9f94c8771,"{""distance"":7,""physical_error_rate"":0.005}","{""detection_events"":2162,""detectors_checked"":110160}"
      6144,         0,         0,   0.677,standalone_exact_mw,9d8ad86e51451842b54dafc7680d1b486ef291963bb72c70f3cdd570d2d8fa34,"{""distance"":7,""physical_error_rate"":0.002}","{""detection_events"":37841,""detectors_checked"":4976640}"
       256,         0,         0,   0.098,standalone_exact_mw,6a10a1840a7277b64863681e13d5cb65ed80b6c0c130a71789e1f9b9f94c8771,"{""distance"":7,""physical_error_rate"":0.005}","{""detection_events"":3936,""detectors_checked"":207360}"
      3072,         0,         0,   0.565,standalone_exact_mw,3bd544bb51e006261b45d3a2c996e28fc0c0449411cee5f7deafcd25d9539ebc,"{""distance"":7,""physical_error_rate"":0.001}","{""detection_events"":9351,""detectors_checked"":2488320}"
     12288,         0,         0,   0.817,standalone_exact_mw,e5383d45c2b34399c539563e7789a53fd4b96cd0b38eade39a3cbfe07ba21ab0,"{""distance"":7,""physical_error_rate"":0.0002}","{""detection_events"":7892,""detectors_checked"":9953280}"
      1024,         0,         0,   0.088,standalone_exact_mw,6a10a1840a7277b64863681e13d5cb65ed80b6c0c130a71789e1f9b9f94c8771,"{""distance"":7,""physical_error_rate"":0.005}","{""detection_events"":15954,""detectors_checked"":829440}"
     16384,         0,         0,   0.578,standalone_exact_mw,ba5ada56442ed2ba457be44e3218b165c8a19e21146c9941e841199e65961aae,"{""distance"":7,""physical_error_rate"":0.0005}","{""detection_events"":25723,""detectors_checked"":13271040}"
      6144,         0,         0,   0.599,standalone_exact_mw,e5383d45c2b34399c539563e7789a53fd4b96cd0b38eade39a3cbfe07ba21ab0,"{""distance"":7,""physical_error_rate"":0.0002}","{""detection_events"":4011,""detectors_checked"":4976640}"
      6144,         0,         0,   0.812,standalone_exact_mw,6a10a1840a7277b64863681e13d5cb65ed80b6c0c130a71789e1f9b9f94c8771,"{""distance"":7,""physical_error_rate"":0.005}","{""detection_events"":93103,""detectors_checked"":4976640}"
     10240,         0,         0,    1.15,standalone_exact_mw,9d8ad86e51451842b54dafc7680d1b486ef291963bb72c70f3cdd570d2d8fa34,"{""distance"":7,""physical_error_rate"":0.002}","{""detection_events"":63679,""detectors_checked"":8294400}"
         1,         0,         0,   0.003,standalone_exact_mw,9d8ad86e51451842b54dafc7680d1b486ef291963bb72c70f3cdd570d2d8fa34,"{""distance"":7,""physical_error_rate"":0.002}","{""detection_events"":18,""detectors_checked"":810}"
    286720,         0,         0,    22.9,standalone_exact_mw,3bd544bb51e006261b45d3a2c996e28fc0c0449411cee5f7deafcd25d9539ebc,"{""distance"":7,""physical_error_rate"":0.001}","{""detection_events"":896713,""detectors_checked"":232243200}"
      3072,         0,         0,   0.419,standalone_exact_mw,ba5ada56442ed2ba457be44e3218b165c8a19e21146c9941e841199e65961aae,"{""distance"":7,""physical_error_rate"":0.0005}","{""detection_events"":4812,""detectors_checked"":2488320}"
        16,         0,         0,   0.027,standalone_exact_mw,9d8ad86e51451842b54dafc7680d1b486ef291963bb72c70f3cdd570d2d8fa34,"{""distance"":7,""physical_error_rate"":0.002}","{""detection_events"":88,""detectors_checked"":12960}"
    206848,         0,         0,    22.8,standalone_exact_mw,ba5ada56442ed2ba457be44e3218b165c8a19e21146c9941e841199e65961aae,"{""distance"":7,""physical_error_rate"":0.0005}","{""detection_events"":324138,""detectors_checked"":167546880}"
       256,         0,         0,   0.033,standalone_exact_mw,9d8ad86e51451842b54dafc7680d1b486ef291963bb72c70f3cdd570d2d8fa34,"{""distance"":7,""physical_error_rate"":0.002}","{""detection_events"":1570,""detectors_checked"":207360}"
     24576,         0,         0,   0.814,standalone_exact_mw,e5383d45c2b34399c539563e7789a53fd4b96cd0b38eade39a3cbfe07ba21ab0,"{""distance"":7,""physical_error_rate"":0.0002}","{""detection_events"":15530,""detectors_checked"":19906560}"
    179200,         0,         0,    22.9,standalone_exact_mw,ba5ada56442ed2ba457be44e3218b165c8a19e21146c9941e841199e65961aae,"{""distance"":7,""physical_error_rate"":0.0005}","{""detection_events"":280827,""detectors_checked"":145152000}"
    349184,         3,         0,    22.9,standalone_exact_mw,6a10a1840a7277b64863681e13d5cb65ed80b6c0c130a71789e1f9b9f94c8771,"{""distance"":7,""physical_error_rate"":0.005}","{""detection_events"":5333073,""detectors_checked"":282839040,""obs_mistake_mask=E"":3}"
     17408,         0,         0,    1.17,standalone_exact_mw,6a10a1840a7277b64863681e13d5cb65ed80b6c0c130a71789e1f9b9f94c8771,"{""distance"":7,""physical_error_rate"":0.005}","{""detection_events"":265287,""detectors_checked"":14100480}"
     39936,         0,         0,    1.12,standalone_exact_mw,e5383d45c2b34399c539563e7789a53fd4b96cd0b38eade39a3cbfe07ba21ab0,"{""distance"":7,""physical_error_rate"":0.0002}","{""detection_events"":25575,""detectors_checked"":32348160}"
     12288,         0,         0,   0.815,standalone_exact_mw,3bd544bb51e006261b45d3a2c996e28fc0c0449411cee5f7deafcd25d9539ebc,"{""distance"":7,""physical_error_rate"":0.001}","{""detection_events"":38511,""detectors_checked"":9953280}"
     25600,         0,         0,    1.12,standalone_exact_mw,3bd544bb51e006261b45d3a2c996e28fc0c0449411cee5f7deafcd25d9539ebc,"{""distance"":7,""physical_error_rate"":0.001}","{""detection_events"":80620,""detectors_checked"":20736000}"
      1024,         0,         0,   0.371,standalone_exact_mw,9d8ad86e51451842b54dafc7680d1b486ef291963bb72c70f3cdd570d2d8fa34,"{""distance"":7,""physical_error_rate"":0.002}","{""detection_events"":6456,""detectors_checked"":829440}"
      8192,         0,         0,   0.871,standalone_exact_mw,9d8ad86e51451842b54dafc7680d1b486ef291963bb72c70f3cdd570d2d8fa34,"{""distance"":7,""physical_error_rate"":0.002}","{""detection_events"":50225,""detectors_checked"":6635520}"
      2048,         0,         0,   0.779,standalone_exact_mw,3bd544bb51e006261b45d3a2c996e28fc0c0449411cee5f7deafcd25d9539ebc,"{""distance"":7,""physical_error_rate"":0.001}","{""detection_events"":6402,""detectors_checked"":1658880}"
     32768,         0,         0,    1.14,standalone_exact_mw,ba5ada56442ed2ba457be44e3218b165c8a19e21146c9941e841199e65961aae,"{""distance"":7,""physical_error_rate"":0.0005}","{""detection_events"":51351,""detectors_checked"":26542080}"
      1024,         0,         0,   0.717,standalone_exact_mw,6a10a1840a7277b64863681e13d5cb65ed80b6c0c130a71789e1f9b9f94c8771,"{""distance"":7,""physical_error_rate"":0.005}","{""detection_events"":15747,""detectors_checked"":829440}"
     23552,         0,         0,    1.12,standalone_exact_mw,e5383d45c2b34399c539563e7789a53fd4b96cd0b38eade39a3cbfe07ba21ab0,"{""distance"":7,""physical_error_rate"":0.0002}","{""detection_events"":14778,""detectors_checked"":19077120}"
      8192,         0,         0,    1.37,standalone_exact_mw,6a10a1840a7277b64863681e13d5cb65ed80b6c0c130a71789e1f9b9f94c8771,"{""distance"":7,""physical_error_rate"":0.005}","{""detection_events"":124973,""detectors_checked"":6635520}"
      1024,         0,         0,   0.147,standalone_exact_mw,9d8ad86e51451842b54dafc7680d1b486ef291963bb72c70f3cdd570d2d8fa34,"{""distance"":7,""physical_error_rate"":0.002}","{""detection_events"":6404,""detectors_checked"":829440}"
      8192,         0,         0,   0.580,standalone_exact_mw,ba5ada56442ed2ba457be44e3218b165c8a19e21146c9941e841199e65961aae,"{""distance"":7,""physical_error_rate"":0.0005}","{""detection_events"":12834,""detectors_checked"":6635520}"
    134144,         0,         0,    23.0,standalone_exact_mw,9d8ad86e51451842b54dafc7680d1b486ef291963bb72c70f3cdd570d2d8fa34,"{""distance"":7,""physical_error_rate"":0.002}","{""detection_events"":834129,""detectors_checked"":108656640}"
     22528,         0,         0,   0.785,standalone_exact_mw,ba5ada56442ed2ba457be44e3218b165c8a19e21146c9941e841199e65961aae,"{""distance"":7,""physical_error_rate"":0.0005}","{""detection_events"":35412,""detectors_checked"":18247680}"
      1024,         0,         0,   0.115,standalone_exact_mw,9d8ad86e51451842b54dafc7680d1b486ef291963bb72c70f3cdd570d2d8fa34,"{""distance"":7,""physical_error_rate"":0.002}","{""detection_events"":6258,""detectors_checked"":829440}"
    164864,         0,         0,    22.9,standalone_exact_mw,6a10a1840a7277b64863681e13d5cb65ed80b6c0c130a71789e1f9b9f94c8771,"{""distance"":7,""physical_error_rate"":0.005}","{""detection_events"":2517616,""detectors_checked"":133539840}"
    372736,         0,         0,    22.8,standalone_exact_mw,e5383d45c2b34399c539563e7789a53fd4b96cd0b38eade39a3cbfe07ba21ab0,"{""distance"":7,""physical_error_rate"":0.0002}","{""detection_events"":234459,""detectors_checked"":301916160}"
      1024,         0,         0,   0.114,standalone_exact_mw,9d8ad86e51451842b54dafc7680d1b486ef291963bb72c70f3cdd570d2d8fa34,"{""distance"":7,""physical_error_rate"":0.002}","{""detection_events"":6272,""detectors_checked"":829440}"
    140288,         0,         0,    22.9,standalone_exact_mw,9d8ad86e51451842b54dafc7680d1b486ef291963bb72c70f3cdd570d2d8fa34,"{""distance"":7,""physical_error_rate"":0.002}","{""detection_events"":873871,""detectors_checked"":113633280}"
     26624,         0,         0,    1.14,standalone_exact_mw,e5383d45c2b34399c539563e7789a53fd4b96cd0b38eade39a3cbfe07ba21ab0,"{""distance"":7,""physical_error_rate"":0.0002}","{""detection_events"":16829,""detectors_checked"":21565440}"
      3072,         0,         0,   0.972,standalone_exact_mw,e5383d45c2b34399c539563e7789a53fd4b96cd0b38eade39a3cbfe07ba21ab0,"{""distance"":7,""physical_error_rate"":0.0002}","{""detection_events"":1964,""detectors_checked"":2488320}"
      1024,         0,         0,   0.113,standalone_exact_mw,9d8ad86e51451842b54dafc7680d1b486ef291963bb72c70f3cdd570d2d8fa34,"{""distance"":7,""physical_error_rate"":0.002}","{""detection_events"":6474,""detectors_checked"":829440}"
     24576,         0,         0,    1.59,standalone_exact_mw,9d8ad86e51451842b54dafc7680d1b486ef291963bb72c70f3cdd570d2d8fa34,"{""distance"":7,""physical_error_rate"":0.002}","{""detection_events"":153304,""detectors_checked"":19906560}"
     10240,         0,         0,    1.16,standalone_exact_mw,6a10a1840a7277b64863681e13d5cb65ed80b6c0c130a71789e1f9b9f94c8771,"{""distance"":7,""physical_error_rate"":0.005}","{""detection_events"":156991,""detectors_checked"":8294400}"
      2048,         0,         0,   0.231,standalone_exact_mw,9d8ad86e51451842b54dafc7680d1b486ef291963bb72c70f3cdd570d2d8fa34,"{""distance"":7,""physical_error_rate"":0.002}","{""detection_events"":12846,""detectors_checked"":1658880}"
     36864,         0,         0,    1.12,standalone_exact_mw,e5383d45c2b34399c539563e7789a53fd4b96cd0b38eade39a3cbfe07ba21ab0,"{""distance"":7,""physical_error_rate"":0.0002}","{""detection_events"":23312,""detectors_checked"":29859840}"
      1024,         0,         0,   0.814,standalone_exact_mw,6a10a1840a7277b64863681e13d5cb65ed80b6c0c130a71789e1f9b9f94c8771,"{""distance"":7,""physical_error_rate"":0.005}","{""detection_events"":15620,""detectors_checked"":829440}"
    157696,         0,         0,    23.2,standalone_exact_mw,3bd544bb51e006261b45d3a2c996e28fc0c0449411cee5f7deafcd25d9539ebc,"{""distance"":7,""physical_error_rate"":0.001}","{""detection_events"":492787,""detectors_checked"":127733760}"
      7168,         0,         0,   0.823,standalone_exact_mw,ba5ada56442ed2ba457be44e3218b165c8a19e21146c9941e841199e65961aae,"{""distance"":7,""physical_error_rate"":0.0005}","{""detection_events"":11451,""detectors_checked"":5806080}"
    438272,         0,         0,    22.9,standalone_exact_mw,ba5ada56442ed2ba457be44e3218b165c8a19e21146c9941e841199e65961aae,"{""distance"":7,""physical_error_rate"":0.0005}","{""detection_events"":687446,""detectors_checked"":355000320}"
     13312,         0,         0,    1.57,standalone_exact_mw,9d8ad86e51451842b54dafc7680d1b486ef291963bb72c70f3cdd570d2d8fa34,"{""distance"":7,""physical_error_rate"":0.002}","{""detection_events"":82751,""detectors_checked"":10782720}"
      1024,         0,         0,   0.389,standalone_exact_mw,9d8ad86e51451842b54dafc7680d1b486ef291963bb72c70f3cdd570d2d8fa34,"{""distance"":7,""physical_error_rate"":0.002}","{""detection_events"":6444,""detectors_checked"":829440}"
      2048,         0,         0,    1.08,standalone_exact_mw,3bd544bb51e006261b45d3a2c996e28fc0c0449411cee5f7deafcd25d9539ebc,"{""distance"":7,""physical_error_rate"":0.001}","{""detection_events"":6277,""detectors_checked"":1658880}"
    568320,         0,         0,    22.9,standalone_exact_mw,e5383d45c2b34399c539563e7789a53fd4b96cd0b38eade39a3cbfe07ba21ab0,"{""distance"":7,""physical_error_rate"":0.0002}","{""detection_events"":356127,""detectors_checked"":460339200}"
     13312,         0,         0,    1.12,standalone_exact_mw,9d8ad86e51451842b54dafc7680d1b486ef291963bb72c70f3cdd570d2d8fa34,"{""distance"":7,""physical_error_rate"":0.002}","{""detection_events"":81992,""detectors_checked"":10782720}"
    145408,         0,         0,    23.0,standalone_exact_mw,ba5ada56442ed2ba457be44e3218b165c8a19e21146c9941e841199e65961aae,"{""distance"":7,""physical_error_rate"":0.0005}","{""detection_events"":228545,""detectors_checked"":117780480}"
    241664,         0,         0,    23.0,standalone_exact_mw,3bd544bb51e006261b45d3a2c996e28fc0c0449411cee5f7deafcd25d9539ebc,"{""distance"":7,""physical_error_rate"":0.001}","{""detection_events"":754565,""detectors_checked"":195747840}"
    131072,         0,         0,    23.4,standalone_exact_mw,3bd544bb51e006261b45d3a2c996e28fc0c0449411cee5f7deafcd25d9539ebc,"{""distance"":7,""physical_error_rate"":0.001}","{""detection_events"":407870,""detectors_checked"":106168320}"
     31744,         0,         0,    1.11,standalone_exact_mw,ba5ada56442ed2ba457be44e3218b165c8a19e21146c9941e841199e65961aae,"{""distance"":7,""physical_error_rate"":0.0005}","{""detection_events"":49716,""detectors_checked"":25712640}"
    330752,         0,         0,    22.9,standalone_exact_mw,ba5ada56442ed2ba457be44e3218b165c8a19e21146c9941e841199e65961aae,"{""distance"":7,""physical_error_rate"":0.0005}","{""detection_events"":518107,""detectors_checked"":267909120}"
     56320,         0,         0,    1.55,standalone_exact_mw,e5383d45c2b34399c539563e7789a53fd4b96cd0b38eade39a3cbfe07ba21ab0,"{""distance"":7,""physical_error_rate"":0.0002}","{""detection_events"":35037,""detectors_checked"":45619200}"
    427008,         0,         0,    22.9,standalone_exact_mw,9d8ad86e51451842b54dafc7680d1b486ef291963bb72c70f3cdd570d2d8fa34,"{""distance"":7,""physical_error_rate"":0.002}","{""detection_events"":2648123,""detectors_checked"":345876480}"
      6144,         0,         0,    1.47,standalone_exact_mw,3bd544bb51e006261b45d3a2c996e28fc0c0449411cee5f7deafcd25d9539ebc,"{""distance"":7,""physical_error_rate"":0.001}","{""detection_events"":19124,""detectors_checked"":4976640}"
     24576,         0,         0,    1.57,standalone_exact_mw,6a10a1840a7277b64863681e13d5cb65ed80b6c0c130a71789e1f9b9f94c8771,"{""distance"":7,""physical_error_rate"":0.005}","{""detection_events"":376517,""detectors_checked"":19906560}"
     36864,         0,         0,    1.58,standalone_exact_mw,3bd544bb51e006261b45d3a2c996e28fc0c0449411cee5f7deafcd25d9539ebc,"{""distance"":7,""physical_error_rate"":0.001}","{""detection_events"":114898,""detectors_checked"":29859840}"
     11264,         0,         0,    1.10,standalone_exact_mw,e5383d45c2b34399c539563e7789a53fd4b96cd0b38eade39a3cbfe07ba21ab0,"{""distance"":7,""physical_error_rate"":0.0002}","{""detection_events"":7062,""detectors_checked"":9123840}"
    785408,         0,         0,    22.9,standalone_exact_mw,e5383d45c2b34399c539563e7789a53fd4b96cd0b38eade39a3cbfe07ba21ab0,"{""distance"":7,""physical_error_rate"":0.0002}","{""detection_events"":493708,""detectors_checked"":636180480}"
    609280,         0,         0,    22.9,standalone_exact_mw,ba5ada56442ed2ba457be44e3218b165c8a19e21146c9941e841199e65961aae,"{""distance"":7,""physical_error_rate"":0.0005}","{""detection_events"":955845,""detectors_checked"":493516800}"
     45056,         0,         0,    1.56,standalone_exact_mw,ba5ada56442ed2ba457be44e3218b165c8a19e21146c9941e841199e65961aae,"{""distance"":7,""physical_error_rate"":0.0005}","{""detection_events"":70200,""detectors_checked"":36495360}"
    819200,         0,         0,    22.9,standalone_exact_mw,e5383d45c2b34399c539563e7789a53fd4b96cd0b38eade39a3cbfe07ba21ab0,"{""distance"":7,""physical_error_rate"":0.0002}","{""detection_events"":515218,""detectors_checked"":663552000}"
      1024,         0,         0,   0.727,standalone_exact_mw,6a10a1840a7277b64863681e13d5cb65ed80b6c0c130a71789e1f9b9f94c8771,"{""distance"":7,""physical_error_rate"":0.005}","{""detection_events"":15887,""detectors_checked"":829440}"
        17,         0,         0,   0.036,standalone_exact_mw,ba5ada56442ed2ba457be44e3218b165c8a19e21146c9941e841199e65961aae,"{""distance"":7,""physical_error_rate"":0.0005}","{""detection_events"":24,""detectors_checked"":13770}"
       256,         0,         0,   0.024,standalone_exact_mw,ba5ada56442ed2ba457be44e3218b165c8a19e21146c9941e841199e65961aae,"{""distance"":7,""physical_error_rate"":0.0005}","{""detection_events"":349,""detectors_checked"":207360}"
     24576,         0,         0,    1.61,standalone_exact_mw,e5383d45c2b34399c539563e7789a53fd4b96cd0b38eade39a3cbfe07ba21ab0,"{""distance"":7,""physical_error_rate"":0.0002}","{""detection_events"":15589,""detectors_checked"":19906560}"
      2048,         0,         0,   0.606,standalone_exact_mw,9d8ad86e51451842b54dafc7680d1b486ef291963bb72c70f3cdd570d2d8fa34,"{""distance"":7,""physical_error_rate"":0.002}","{""detection_events"":12564,""detectors_checked"":1658880}"
      1024,         0,         0,   0.110,standalone_exact_mw,6a10a1840a7277b64863681e13d5cb65ed80b6c0c130a71789e1f9b9f94c8771,"{""distance"":7,""physical_error_rate"":0.005}","{""detection_events"":15749,""detectors_checked"":829440}"
    531456,         0,         0,    22.9,standalone_exact_mw,3bd544bb51e006261b45d3a2c996e28fc0c0449411cee5f7deafcd25d9539ebc,"{""distance"":7,""physical_error_rate"":0.001}","{""detection_events"":1661892,""detectors_checked"":430479360}"
      1024,         0,         0,   0.055,standalone_exact_mw,ba5ada56442ed2ba457be44e3218b165c8a19e21146c9941e841199e65961aae,"{""distance"":7,""physical_error_rate"":0.0005}","{""detection_events"":1725,""detectors_checked"":829440}"
      1024,         0,         0,   0.054,standalone_exact_mw,ba5ada56442ed2ba457be44e3218b165c8a19e21146c9941e841199e65961aae,"{""distance"":7,""physical_error_rate"":0.0005}","{""detection_events"":1671,""detectors_checked"":829440}"
    143360,         0,         0,    23.0,standalone_exact_mw,9d8ad86e51451842b54dafc7680d1b486ef291963bb72c70f3cdd570d2d8fa34,"{""distance"":7,""physical_error_rate"":0.002}","{""detection_events"":890976,""detectors_checked"":116121600}"
      1024,         0,         0,   0.054,standalone_exact_mw,ba5ada56442ed2ba457be44e3218b165c8a19e21146c9941e841199e65961aae,"{""distance"":7,""physical_error_rate"":0.0005}","{""detection_events"":1735,""detectors_checked"":829440}"
    147456,         0,         0,    23.0,standalone_exact_mw,9d8ad86e51451842b54dafc7680d1b486ef291963bb72c70f3cdd570d2d8fa34,"{""distance"":7,""physical_error_rate"":0.002}","{""detection_events"":916765,""detectors_checked"":119439360}"
    649216,         0,         0,    22.9,standalone_exact_mw,ba5ada56442ed2ba457be44e3218b165c8a19e21146c9941e841199e65961aae,"{""distance"":7,""physical_error_rate"":0.0005}","{""detection_events"":1017454,""detectors_checked"":525864960}"
      2048,         0,         0,   0.193,standalone_exact_mw,6a10a1840a7277b64863681e13d5cb65ed80b6c0c130a71789e1f9b9f94c8771,"{""distance"":7,""physical_error_rate"":0.005}","{""detection_events"":31352,""detectors_checked"":1658880}"
      2048,         0,         0,   0.095,standalone_exact_mw,ba5ada56442ed2ba457be44e3218b165c8a19e21146c9941e841199e65961aae,"{""distance"":7,""physical_error_rate"":0.0005}","{""detection_events"":3097,""detectors_checked"":1658880}"
      6144,         0,         0,    1.83,standalone_exact_mw,6a10a1840a7277b64863681e13d5cb65ed80b6c0c130a71789e1f9b9f94c8771,"{""distance"":7,""physical_error_rate"":0.005}","{""detection_events"":94377,""detectors_checked"":4976640}"
    350208,         1,         0,    22.9,standalone_exact_mw,6a10a1840a7277b64863681e13d5cb65ed80b6c0c130a71789e1f9b9f94c8771,"{""distance"":7,""physical_error_rate"":0.005}","{""detection_events"":5348515,""detectors_checked"":283668480,""obs_mistake_mask=E"":1}"
    199680,         0,         0,    22.8,standalone_exact_mw,e5383d45c2b34399c539563e7789a53fd4b96cd0b38eade39a3cbfe07ba21ab0,"{""distance"":7,""physical_error_rate"":0.0002}","{""detection_events"":125384,""detectors_checked"":161740800}"
    244736,         0,         0,    22.9,standalone_exact_mw,ba5ada56442ed2ba457be44e3218b165c8a19e21146c9941e841199e65961aae,"{""distance"":7,""physical_error_rate"":0.0005}","{""detection_events"":386056,""detectors_checked"":198236160}"
     24576,         0,         0,    1.12,standalone_exact_mw,ba5ada56442ed2ba457be44e3218b165c8a19e21146c9941e841199e65961aae,"{""distance"":7,""physical_error_rate"":0.0005}","{""detection_events"":39433,""detectors_checked"":19906560}"
      2048,         0,         0,   0.134,standalone_exact_mw,ba5ada56442ed2ba457be44e3218b165c8a19e21146c9941e841199e65961aae,"{""distance"":7,""physical_error_rate"":0.0005}","{""detection_events"":3250,""detectors_checked"":1658880}"
    279552,         0,         0,    23.0,standalone_exact_mw,3bd544bb51e006261b45d3a2c996e28fc0c0449411cee5f7deafcd25d9539ebc,"{""distance"":7,""physical_error_rate"":0.001}","{""detection_events"":874624,""detectors_checked"":226437120}"
      2048,         0,         0,   0.211,standalone_exact_mw,6a10a1840a7277b64863681e13d5cb65ed80b6c0c130a71789e1f9b9f94c8771,"{""distance"":7,""physical_error_rate"":0.005}","{""detection_events"":31606,""detectors_checked"":1658880}"
     27648,         0,         0,    1.73,standalone_exact_mw,e5383d45c2b34399c539563e7789a53fd4b96cd0b38eade39a3cbfe07ba21ab0,"{""distance"":7,""physical_error_rate"":0.0002}","{""detection_events"":17581,""detectors_checked"":22394880}"
    136192,         0,         0,    23.2,standalone_exact_mw,3bd544bb51e006261b45d3a2c996e28fc0c0449411cee5f7deafcd25d9539ebc,"{""distance"":7,""physical_error_rate"":0.001}","{""detection_events"":425759,""detectors_checked"":110315520}"
    135168,         0,         0,    23.0,standalone_exact_mw,6a10a1840a7277b64863681e13d5cb65ed80b6c0c130a71789e1f9b9f94c8771,"{""distance"":7,""physical_error_rate"":0.005}","{""detection_events"":2065339,""detectors_checked"":109486080}"
    332800,         0,         0,    23.0,standalone_exact_mw,e5383d45c2b34399c539563e7789a53fd4b96cd0b38eade39a3cbfe07ba21ab0,"{""distance"":7,""physical_error_rate"":0.0002}","{""detection_events"":207796,""detectors_checked"":269568000}"
      2048,         0,         0,   0.095,standalone_exact_mw,ba5ada56442ed2ba457be44e3218b165c8a19e21146c9941e841199e65961aae,"{""distance"":7,""physical_error_rate"":0.0005}","{""detection_events"":3224,""detectors_checked"":1658880}"
     16384,         0,         0,    1.62,standalone_exact_mw,6a10a1840a7277b64863681e13d5cb65ed80b6c0c130a71789e1f9b9f94c8771,"{""distance"":7,""physical_error_rate"":0.005}","{""detection_events"":251630,""detectors_checked"":13271040}"
    461824,         0,         0,    22.9,standalone_exact_mw,e5383d45c2b34399c539563e7789a53fd4b96cd0b38eade39a3cbfe07ba21ab0,"{""distance"":7,""physical_error_rate"":0.0002}","{""detection_events"":289265,""detectors_checked"":374077440}"
     45056,         0,         0,    1.59,standalone_exact_mw,e5383d45c2b34399c539563e7789a53fd4b96cd0b38eade39a3cbfe07ba21ab0,"{""distance"":7,""physical_error_rate"":0.0002}","{""detection_events"":28344,""detectors_checked"":36495360}"
    254976,         2,         0,    22.9,standalone_exact_mw,6a10a1840a7277b64863681e13d5cb65ed80b6c0c130a71789e1f9b9f94c8771,"{""distance"":7,""physical_error_rate"":0.005}","{""detection_events"":3897882,""detectors_checked"":206530560,""obs_mistake_mask=E"":2}"
      3072,         0,         0,   0.174,standalone_exact_mw,ba5ada56442ed2ba457be44e3218b165c8a19e21146c9941e841199e65961aae,"{""distance"":7,""physical_error_rate"":0.0005}","{""detection_events"":4874,""detectors_checked"":2488320}"
      3072,         0,         0,   0.310,standalone_exact_mw,6a10a1840a7277b64863681e13d5cb65ed80b6c0c130a71789e1f9b9f94c8771,"{""distance"":7,""physical_error_rate"":0.005}","{""detection_events"":46200,""detectors_checked"":2488320}"
    308224,         0,         0,    22.9,standalone_exact_mw,3bd544bb51e006261b45d3a2c996e28fc0c0449411cee5f7deafcd25d9539ebc,"{""distance"":7,""physical_error_rate"":0.001}","{""detection_events"":963648,""detectors_checked"":249661440}"
    149504,         0,         0,    22.9,standalone_exact_mw,9d8ad86e51451842b54dafc7680d1b486ef291963bb72c70f3cdd570d2d8fa34,"{""distance"":7,""physical_error_rate"":0.002}","{""detection_events"":930083,""detectors_checked"":121098240}"
    132096,         0,         0,    23.5,standalone_exact_mw,9d8ad86e51451842b54dafc7680d1b486ef291963bb72c70f3cdd570d2d8fa34,"{""distance"":7,""physical_error_rate"":0.002}","{""detection_events"":819624,""detectors_checked"":106997760}"
      5120,         0,         0,    1.46,standalone_exact_mw,3bd544bb51e006261b45d3a2c996e28fc0c0449411cee5f7deafcd25d9539ebc,"{""distance"":7,""physical_error_rate"":0.001}","{""detection_events"":16072,""detectors_checked"":4147200}"
      2048,         0,         0,   0.831,standalone_exact_mw,9d8ad86e51451842b54dafc7680d1b486ef291963bb72c70f3cdd570d2d8fa34,"{""distance"":7,""physical_error_rate"":0.002}","{""detection_events"":12531,""detectors_checked"":1658880}"
      3072,         0,         0,   0.263,standalone_exact_mw,ba5ada56442ed2ba457be44e3218b165c8a19e21146c9941e841199e65961aae,"{""distance"":7,""physical_error_rate"":0.0005}","{""detection_events"":4741,""detectors_checked"":2488320}"
     21504,         0,         0,    1.57,standalone_exact_mw,9d8ad86e51451842b54dafc7680d1b486ef291963bb72c70f3cdd570d2d8fa34,"{""distance"":7,""physical_error_rate"":0.002}","{""detection_events"":133523,""detectors_checked"":17418240}"
    307200,         0,         0,    22.8,standalone_exact_mw,9d8ad86e51451842b54dafc7680d1b486ef291963bb72c70f3cdd570d2d8fa34,"{""distance"":7,""physical_error_rate"":0.002}","{""detection_events"":1908157,""detectors_checked"":248832000}"
    164864,         0,         0,    22.9,standalone_exact_mw,9d8ad86e51451842b54dafc7680d1b486ef291963bb72c70f3cdd570d2d8fa34,"{""distance"":7,""physical_error_rate"":0.002}","{""detection_events"":1024057,""detectors_checked"":133539840}"
     41984,         0,         0,    2.19,standalone_exact_mw,9d8ad86e51451842b54dafc7680d1b486ef291963bb72c70f3cdd570d2d8fa34,"{""distance"":7,""physical_error_rate"":0.002}","{""detection_events"":261506,""detectors_checked"":34007040}"
    362496,         0,         0,    22.9,standalone_exact_mw,e5383d45c2b34399c539563e7789a53fd4b96cd0b38eade39a3cbfe07ba21ab0,"{""distance"":7,""physical_error_rate"":0.0002}","{""detection_events"":228070,""detectors_checked"":293621760}"
      3072,         0,         0,   0.416,standalone_exact_mw,6a10a1840a7277b64863681e13d5cb65ed80b6c0c130a71789e1f9b9f94c8771,"{""distance"":7,""physical_error_rate"":0.005}","{""detection_events"":47274,""detectors_checked"":2488320}"
    504832,         0,         0,    22.9,standalone_exact_mw,3bd544bb51e006261b45d3a2c996e28fc0c0449411cee5f7deafcd25d9539ebc,"{""distance"":7,""physical_error_rate"":0.001}","{""detection_events"":1579583,""detectors_checked"":408913920}"
     45056,         0,         0,    1.57,standalone_exact_mw,ba5ada56442ed2ba457be44e3218b165c8a19e21146c9941e841199e65961aae,"{""distance"":7,""physical_error_rate"":0.0005}","{""detection_events"":70606,""detectors_checked"":36495360}"
         1,         0,         0,   0.086,standalone_exact_mw,3bd544bb51e006261b45d3a2c996e28fc0c0449411cee5f7deafcd25d9539ebc,"{""distance"":7,""physical_error_rate"":0.001}","{""detection_events"":2,""detectors_checked"":810}"
      4096,         0,         0,   0.315,standalone_exact_mw,ba5ada56442ed2ba457be44e3218b165c8a19e21146c9941e841199e65961aae,"{""distance"":7,""physical_error_rate"":0.0005}","{""detection_events"":6413,""detectors_checked"":3317760}"
        68,         0,         0,   0.088,standalone_exact_mw,3bd544bb51e006261b45d3a2c996e28fc0c0449411cee5f7deafcd25d9539ebc,"{""distance"":7,""physical_error_rate"":0.001}","{""detection_events"":215,""detectors_checked"":55080}"
     19456,         0,         0,    1.55,standalone_exact_mw,3bd544bb51e006261b45d3a2c996e28fc0c0449411cee5f7deafcd25d9539ebc,"{""distance"":7,""physical_error_rate"":0.001}","{""detection_events"":60580,""detectors_checked"":15759360}"
    150528,         0,         0,    23.0,standalone_exact_mw,3bd544bb51e006261b45d3a2c996e28fc0c0449411cee5f7deafcd25d9539ebc,"{""distance"":7,""physical_error_rate"":0.001}","{""detection_events"":470205,""detectors_checked"":121927680}"
      2048,         0,         0,   0.502,standalone_exact_mw,9d8ad86e51451842b54dafc7680d1b486ef291963bb72c70f3cdd570d2d8fa34,"{""distance"":7,""physical_error_rate"":0.002}","{""detection_events"":12848,""detectors_checked"":1658880}"
    303104,         0,         0,    23.0,standalone_exact_mw,ba5ada56442ed2ba457be44e3218b165c8a19e21146c9941e841199e65961aae,"{""distance"":7,""physical_error_rate"":0.0005}","{""detection_events"":473622,""detectors_checked"":245514240}"
    191488,         1,         0,    22.9,standalone_exact_mw,6a10a1840a7277b64863681e13d5cb65ed80b6c0c130a71789e1f9b9f94c8771,"{""distance"":7,""physical_error_rate"":0.005}","{""detection_events"":2920845,""detectors_checked"":155105280,""obs_mistake_mask=E"":1}"
       256,         0,         0,   0.182,standalone_exact_mw,3bd544bb51e006261b45d3a2c996e28fc0c0449411cee5f7deafcd25d9539ebc,"{""distance"":7,""physical_error_rate"":0.001}","{""detection_events"":846,""detectors_checked"":207360}"
      6144,         0,         0,    1.70,standalone_exact_mw,e5383d45c2b34399c539563e7789a53fd4b96cd0b38eade39a3cbfe07ba21ab0,"{""distance"":7,""physical_error_rate"":0.0002}","{""detection_events"":3944,""detectors_checked"":4976640}"
     38912,         0,         0,    2.22,standalone_exact_mw,9d8ad86e51451842b54dafc7680d1b486ef291963bb72c70f3cdd570d2d8fa34,"{""distance"":7,""physical_error_rate"":0.002}","{""detection_events"":242803,""detectors_checked"":31518720}"
       512,         0,         0,   0.105,standalone_exact_mw,3bd544bb51e006261b45d3a2c996e28fc0c0449411cee5f7deafcd25d9539ebc,"{""distance"":7,""physical_error_rate"":0.001}","{""detection_events"":1602,""detectors_checked"":414720}"
      1024,         0,         0,   0.046,standalone_exact_mw,3bd544bb51e006261b45d3a2c996e28fc0c0449411cee5f7deafcd25d9539ebc,"{""distance"":7,""physical_error_rate"":0.001}","{""detection_events"":3178,""detectors_checked"":829440}"
    141312,         0,         0,    23.0,standalone_exact_mw,6a10a1840a7277b64863681e13d5cb65ed80b6c0c130a71789e1f9b9f94c8771,"{""distance"":7,""physical_error_rate"":0.005}","{""detection_events"":2156356,""detectors_checked"":114462720}"
      4096,         0,         0,   0.529,standalone_exact_mw,ba5ada56442ed2ba457be44e3218b165c8a19e21146c9941e841199e65961aae,"{""distance"":7,""physical_error_rate"":0.0005}","{""detection_events"":6518,""detectors_checked"":3317760}"
      6144,         0,         0,   0.657,standalone_exact_mw,6a10a1840a7277b64863681e13d5cb65ed80b6c0c130a71789e1f9b9f94c8771,"{""distance"":7,""physical_error_rate"":0.005}","{""detection_events"":93748,""detectors_checked"":4976640}"
    707584,         0,         0,    22.9,standalone_exact_mw,e5383d45c2b34399c539563e7789a53fd4b96cd0b38eade39a3cbfe07ba21ab0,"{""distance"":7,""physical_error_rate"":0.0002}","{""detection_events"":445749,""detectors_checked"":573143040}"
      2048,         0,         0,   0.283,standalone_exact_mw,3bd544bb51e006261b45d3a2c996e28fc0c0449411cee5f7deafcd25d9539ebc,"{""distance"":7,""physical_error_rate"":0.001}","{""detection_events"":6329,""detectors_checked"":1658880}"
     78848,         0,         0,    2.18,standalone_exact_mw,e5383d45c2b34399c539563e7789a53fd4b96cd0b38eade39a3cbfe07ba21ab0,"{""distance"":7,""physical_error_rate"":0.0002}","{""detection_events"":49647,""detectors_checked"":63866880}"
     45056,         0,         0,    1.56,standalone_exact_mw,ba5ada56442ed2ba457be44e3218b165c8a19e21146c9941e841199e65961aae,"{""distance"":7,""physical_error_rate"":0.0005}","{""detection_events"":70856,""detectors_checked"":36495360}"
     50176,         0,         0,    2.18,standalone_exact_mw,3bd544bb51e006261b45d3a2c996e28fc0c0449411cee5f7deafcd25d9539ebc,"{""distance"":7,""physical_error_rate"":0.001}","{""detection_events"":157624,""detectors_checked"":40642560}"
     21504,         0,         0,    2.28,standalone_exact_mw,6a10a1840a7277b64863681e13d5cb65ed80b6c0c130a71789e1f9b9f94c8771,"{""distance"":7,""physical_error_rate"":0.005}","{""detection_events"":327491,""detectors_checked"":17418240}"
    628736,         0,         0,    23.0,standalone_exact_mw,e5383d45c2b34399c539563e7789a53fd4b96cd0b38eade39a3cbfe07ba21ab0,"{""distance"":7,""physical_error_rate"":0.0002}","{""detection_events"":395003,""detectors_checked"":509276160}"
    189440,         0,         0,    23.1,standalone_exact_mw,ba5ada56442ed2ba457be44e3218b165c8a19e21146c9941e841199e65961aae,"{""distance"":7,""physical_error_rate"":0.0005}","{""detection_events"":297348,""detectors_checked"":153446400}"
     63488,         0,         0,    2.18,standalone_exact_mw,ba5ada56442ed2ba457be44e3218b165c8a19e21146c9941e841199e65961aae,"{""distance"":7,""physical_error_rate"":0.0005}","{""detection_events"":99198,""detectors_checked"":51425280}"
    159744,         0,         0,    22.9,standalone_exact_mw,9d8ad86e51451842b54dafc7680d1b486ef291963bb72c70f3cdd570d2d8fa34,"{""distance"":7,""physical_error_rate"":0.002}","{""detection_events"":992579,""detectors_checked"":129392640}"
     72704,         0,         0,    23.0,standalone_exact_mw,6a10a1840a7277b64863681e13d5cb65ed80b6c0c130a71789e1f9b9f94c8771,"{""distance"":7,""physical_error_rate"":0.005}","{""detection_events"":1109286,""detectors_checked"":58890240}"
      2048,         0,         0,   0.882,standalone_exact_mw,9d8ad86e51451842b54dafc7680d1b486ef291963bb72c70f3cdd570d2d8fa34,"{""distance"":7,""physical_error_rate"":0.002}","{""detection_events"":12565,""detectors_checked"":1658880}"
    119808,         0,         0,    23.1,standalone_exact_mw,6a10a1840a7277b64863681e13d5cb65ed80b6c0c130a71789e1f9b9f94c8771,"{""distance"":7,""physical_error_rate"":0.005}","{""detection_events"":1831337,""detectors_checked"":97044480}"
    722944,         0,         0,    22.9,standalone_exact_mw,e5383d45c2b34399c539563e7789a53fd4b96cd0b38eade39a3cbfe07ba21ab0,"{""distance"":7,""physical_error_rate"":0.0002}","{""detection_events"":453604,""detectors_checked"":585584640}"
      1024,         0,         0,   0.409,standalone_exact_mw,3bd544bb51e006261b45d3a2c996e28fc0c0449411cee5f7deafcd25d9539ebc,"{""distance"":7,""physical_error_rate"":0.001}","{""detection_events"":3318,""detectors_checked"":829440}"
     40960,         0,         0,    2.38,standalone_exact_mw,e5383d45c2b34399c539563e7789a53fd4b96cd0b38eade39a3cbfe07ba21ab0,"{""distance"":7,""physical_error_rate"":0.0002}","{""detection_events"":25829,""detectors_checked"":33177600}"
      2048,         0,         0,   0.615,standalone_exact_mw,ba5ada56442ed2ba457be44e3218b165c8a19e21146c9941e841199e65961aae,"{""distance"":7,""physical_error_rate"":0.0005}","{""detection_events"":3101,""detectors_checked"":1658880}"
    346112,         5,         0,    22.9,standalone_exact_mw,6a10a1840a7277b64863681e13d5cb65ed80b6c0c130a71789e1f9b9f94c8771,"{""distance"":7,""physical_error_rate"":0.005}","{""detection_events"":5287512,""detectors_checked"":280350720,""obs_mistake_mask=E"":5}"
    304128,         0,         0,    22.8,standalone_exact_mw,9d8ad86e51451842b54dafc7680d1b486ef291963bb72c70f3cdd570d2d8fa34,"{""distance"":7,""physical_error_rate"":0.002}","{""detection_events"":1889626,""detectors_checked"":246343680}"
     10240,         0,         0,    2.23,standalone_exact_mw,6a10a1840a7277b64863681e13d5cb65ed80b6c0c130a71789e1f9b9f94c8771,"{""distance"":7,""physical_error_rate"":0.005}","{""detection_events"":156496,""detectors_checked"":8294400}"
      6144,         0,         0,    1.64,standalone_exact_mw,3bd544bb51e006261b45d3a2c996e28fc0c0449411cee5f7deafcd25d9539ebc,"{""distance"":7,""physical_error_rate"":0.001}","{""detection_events"":19129,""detectors_checked"":4976640}"
      1024,         0,         0,   0.323,standalone_exact_mw,3bd544bb51e006261b45d3a2c996e28fc0c0449411cee5f7deafcd25d9539ebc,"{""distance"":7,""physical_error_rate"":0.001}","{""detection_events"":3158,""detectors_checked"":829440}"
     21504,         0,         0,    2.20,standalone_exact_mw,e5383d45c2b34399c539563e7789a53fd4b96cd0b38eade39a3cbfe07ba21ab0,"{""distance"":7,""physical_error_rate"":0.0002}","{""detection_events"":13708,""detectors_checked"":17418240}"
      6144,         0,         0,   0.894,standalone_exact_mw,6a10a1840a7277b64863681e13d5cb65ed80b6c0c130a71789e1f9b9f94c8771,"{""distance"":7,""physical_error_rate"":0.005}","{""detection_events"":94021,""detectors_checked"":4976640}"
     26624,         0,         0,    2.20,standalone_exact_mw,6a10a1840a7277b64863681e13d5cb65ed80b6c0c130a71789e1f9b9f94c8771,"{""distance"":7,""physical_error_rate"":0.005}","{""detection_events"":407454,""detectors_checked"":21565440}"
    110592,         0,         0,    23.0,standalone_exact_mw,6a10a1840a7277b64863681e13d5cb65ed80b6c0c130a71789e1f9b9f94c8771,"{""distance"":7,""physical_error_rate"":0.005}","{""detection_events"":1690587,""detectors_checked"":89579520}"
     40960,         0,         0,    2.20,standalone_exact_mw,e5383d45c2b34399c539563e7789a53fd4b96cd0b38eade39a3cbfe07ba21ab0,"{""distance"":7,""physical_error_rate"":0.0002}","{""detection_events"":25869,""detectors_checked"":33177600}"
      1024,         0,         0,   0.227,standalone_exact_mw,3bd544bb51e006261b45d3a2c996e28fc0c0449411cee5f7deafcd25d9539ebc,"{""distance"":7,""physical_error_rate"":0.001}","{""detection_events"":3082,""detectors_checked"":829440}"
    223232,         0,         0,    22.9,standalone_exact_mw,ba5ada56442ed2ba457be44e3218b165c8a19e21146c9941e841199e65961aae,"{""distance"":7,""physical_error_rate"":0.0005}","{""detection_events"":350555,""detectors_checked"":180817920}"
    347136,         2,         0,    23.0,standalone_exact_mw,6a10a1840a7277b64863681e13d5cb65ed80b6c0c130a71789e1f9b9f94c8771,"{""distance"":7,""physical_error_rate"":0.005}","{""detection_events"":5296848,""detectors_checked"":281180160,""obs_mistake_mask=E"":2}"
      1024,         0,         0,   0.207,standalone_exact_mw,3bd544bb51e006261b45d3a2c996e28fc0c0449411cee5f7deafcd25d9539ebc,"{""distance"":7,""physical_error_rate"":0.001}","{""detection_events"":3145,""detectors_checked"":829440}"
    228352,         0,         0,    22.9,standalone_exact_mw,3bd544bb51e006261b45d3a2c996e28fc0c0449411cee5f7deafcd25d9539ebc,"{""distance"":7,""physical_error_rate"":0.001}","{""detection_events"":712126,""detectors_checked"":184965120}"
    516096,         0,         0,    22.9,standalone_exact_mw,3bd544bb51e006261b45d3a2c996e28fc0c0449411cee5f7deafcd25d9539ebc,"{""distance"":7,""physical_error_rate"":0.001}","{""detection_events"":1610421,""detectors_checked"":418037760}"
    179200,         0,         0,    23.1,standalone_exact_mw,9d8ad86e51451842b54dafc7680d1b486ef291963bb72c70f3cdd570d2d8fa34,"{""distance"":7,""physical_error_rate"":0.002}","{""detection_events"":1113455,""detectors_checked"":145152000}"
     34816,         0,         0,    2.21,standalone_exact_mw,9d8ad86e51451842b54dafc7680d1b486ef291963bb72c70f3cdd570d2d8fa34,"{""distance"":7,""physical_error_rate"":0.002}","{""detection_events"":216078,""detectors_checked"":28200960}"
      5120,         0,         0,   0.891,standalone_exact_mw,ba5ada56442ed2ba457be44e3218b165c8a19e21146c9941e841199e65961aae,"{""distance"":7,""physical_error_rate"":0.0005}","{""detection_events"":8246,""detectors_checked"":4147200}"
     62464,         0,         0,    2.19,standalone_exact_mw,ba5ada56442ed2ba457be44e3218b165c8a19e21146c9941e841199e65961aae,"{""distance"":7,""physical_error_rate"":0.0005}","{""detection_events"":98371,""detectors_checked"":50595840}"
      7168,         0,         0,    1.16,standalone_exact_mw,9d8ad86e51451842b54dafc7680d1b486ef291963bb72c70f3cdd570d2d8fa34,"{""distance"":7,""physical_error_rate"":0.002}","{""detection_events"":44430,""detectors_checked"":5806080}"
    356352,         0,         0,    22.9,standalone_exact_mw,e5383d45c2b34399c539563e7789a53fd4b96cd0b38eade39a3cbfe07ba21ab0,"{""distance"":7,""physical_error_rate"":0.0002}","{""detection_events"":223860,""detectors_checked"":288645120}"
      2048,         0,         0,   0.365,standalone_exact_mw,3bd544bb51e006261b45d3a2c996e28fc0c0449411cee5f7deafcd25d9539ebc,"{""distance"":7,""physical_error_rate"":0.001}","{""detection_events"":6467,""detectors_checked"":1658880}"
    396288,         0,         0,    22.8,standalone_exact_mw,ba5ada56442ed2ba457be44e3218b165c8a19e21146c9941e841199e65961aae,"{""distance"":7,""physical_error_rate"":0.0005}","{""detection_events"":619840,""detectors_checked"":320993280}"
     37888,         0,         0,    2.18,standalone_exact_mw,3bd544bb51e006261b45d3a2c996e28fc0c0449411cee5f7deafcd25d9539ebc,"{""distance"":7,""physical_error_rate"":0.001}","{""detection_events"":117926,""detectors_checked"":30689280}"
    443392,         0,         0,    23.0,standalone_exact_mw,ba5ada56442ed2ba457be44e3218b165c8a19e21146c9941e841199e65961aae,"{""distance"":7,""physical_error_rate"":0.0005}","{""detection_events"":696515,""detectors_checked"":359147520}"
    125952,         1,         0,    22.9,standalone_exact_mw,6a10a1840a7277b64863681e13d5cb65ed80b6c0c130a71789e1f9b9f94c8771,"{""distance"":7,""physical_error_rate"":0.005}","{""detection_events"":1920372,""detectors_checked"":102021120,""obs_mistake_mask=E"":1}"
     22528,         0,         0,    2.34,standalone_exact_mw,e5383d45c2b34399c539563e7789a53fd4b96cd0b38eade39a3cbfe07ba21ab0,"{""distance"":7,""physical_error_rate"":0.0002}","{""detection_events"":13994,""detectors_checked"":18247680}"
    530432,         0,         0,    22.9,standalone_exact_mw,e5383d45c2b34399c539563e7789a53fd4b96cd0b38eade39a3cbfe07ba21ab0,"{""distance"":7,""physical_error_rate"":0.0002}","{""detection_events"":333204,""detectors_checked"":429649920}"
      7168,         0,         0,    1.25,standalone_exact_mw,6a10a1840a7277b64863681e13d5cb65ed80b6c0c130a71789e1f9b9f94c8771,"{""distance"":7,""physical_error_rate"":0.005}","{""detection_events"":109052,""detectors_checked"":5806080}"
      2048,         0,         0,   0.514,standalone_exact_mw,3bd544bb51e006261b45d3a2c996e28fc0c0449411cee5f7deafcd25d9539ebc,"{""distance"":7,""physical_error_rate"":0.001}","{""detection_events"":6784,""detectors_checked"":1658880}"
    218112,         0,         0,    23.0,standalone_exact_mw,9d8ad86e51451842b54dafc7680d1b486ef291963bb72c70f3cdd570d2d8fa34,"{""distance"":7,""physical_error_rate"":0.002}","{""detection_events"":1356587,""detectors_checked"":176670720}"
    271360,         0,         0,    22.9,standalone_exact_mw,ba5ada56442ed2ba457be44e3218b165c8a19e21146c9941e841199e65961aae,"{""distance"":7,""physical_error_rate"":0.0005}","{""detection_events"":425543,""detectors_checked"":219801600}"
     63488,         0,         0,    2.18,standalone_exact_mw,ba5ada56442ed2ba457be44e3218b165c8a19e21146c9941e841199e65961aae,"{""distance"":7,""physical_error_rate"":0.0005}","{""detection_events"":99086,""detectors_checked"":51425280}"
     57344,         0,         0,    3.12,standalone_exact_mw,9d8ad86e51451842b54dafc7680d1b486ef291963bb72c70f3cdd570d2d8fa34,"{""distance"":7,""physical_error_rate"":0.002}","{""detection_events"":356060,""detectors_checked"":46448640}"
     11264,         0,         0,    1.10,standalone_exact_mw,ba5ada56442ed2ba457be44e3218b165c8a19e21146c9941e841199e65961aae,"{""distance"":7,""physical_error_rate"":0.0005}","{""detection_events"":18038,""detectors_checked"":9123840}"
    202752,         0,         0,    22.9,standalone_exact_mw,9d8ad86e51451842b54dafc7680d1b486ef291963bb72c70f3cdd570d2d8fa34,"{""distance"":7,""physical_error_rate"":0.002}","{""detection_events"":1260801,""detectors_checked"":164229120}"
     21504,         0,         0,    3.08,standalone_exact_mw,9d8ad86e51451842b54dafc7680d1b486ef291963bb72c70f3cdd570d2d8fa34,"{""distance"":7,""physical_error_rate"":0.002}","{""detection_events"":133526,""detectors_checked"":17418240}"
      5120,         0,         0,   0.719,standalone_exact_mw,3bd544bb51e006261b45d3a2c996e28fc0c0449411cee5f7deafcd25d9539ebc,"{""distance"":7,""physical_error_rate"":0.001}","{""detection_events"":16003,""detectors_checked"":4147200}"
     20480,         0,         0,    2.18,standalone_exact_mw,3bd544bb51e006261b45d3a2c996e28fc0c0449411cee5f7deafcd25d9539ebc,"{""distance"":7,""physical_error_rate"":0.001}","{""detection_events"":64055,""detectors_checked"":16588800}"
    109568,         0,         0,    3.03,standalone_exact_mw,e5383d45c2b34399c539563e7789a53fd4b96cd0b38eade39a3cbfe07ba21ab0,"{""distance"":7,""physical_error_rate"":0.0002}","{""detection_events"":69038,""detectors_checked"":88750080}"
     70656,         0,         0,    3.06,standalone_exact_mw,3bd544bb51e006261b45d3a2c996e28fc0c0449411cee5f7deafcd25d9539ebc,"{""distance"":7,""physical_error_rate"":0.001}","{""detection_events"":221017,""detectors_checked"":57231360}"
     10240,         0,         0,    1.65,standalone_exact_mw,9d8ad86e51451842b54dafc7680d1b486ef291963bb72c70f3cdd570d2d8fa34,"{""distance"":7,""physical_error_rate"":0.002}","{""detection_events"":63873,""detectors_checked"":8294400}"
     24576,         0,         0,    3.09,standalone_exact_mw,6a10a1840a7277b64863681e13d5cb65ed80b6c0c130a71789e1f9b9f94c8771,"{""distance"":7,""physical_error_rate"":0.005}","{""detection_events"":375267,""detectors_checked"":19906560}"
     88064,         0,         0,    3.03,standalone_exact_mw,ba5ada56442ed2ba457be44e3218b165c8a19e21146c9941e841199e65961aae,"{""distance"":7,""physical_error_rate"":0.0005}","{""detection_events"":136904,""detectors_checked"":71331840}"
    375808,         0,         0,    22.9,standalone_exact_mw,ba5ada56442ed2ba457be44e3218b165c8a19e21146c9941e841199e65961aae,"{""distance"":7,""physical_error_rate"":0.0005}","{""detection_events"":589502,""detectors_checked"":304404480}"
    256000,         0,         0,    22.8,standalone_exact_mw,e5383d45c2b34399c539563e7789a53fd4b96cd0b38eade39a3cbfe07ba21ab0,"{""distance"":7,""physical_error_rate"":0.0002}","{""detection_events"":161324,""detectors_checked"":207360000}"
     64512,         0,         0,    3.15,standalone_exact_mw,e5383d45c2b34399c539563e7789a53fd4b96cd0b38eade39a3cbfe07ba21ab0,"{""distance"":7,""physical_error_rate"":0.0002}","{""detection_events"":40682,""detectors_checked"":52254720}"
      4096,         0,         0,   0.835,standalone_exact_mw,3bd544bb51e006261b45d3a2c996e28fc0c0449411cee5f7deafcd25d9539ebc,"{""distance"":7,""physical_error_rate"":0.001}","{""detection_events"":13040,""detectors_checked"":3317760}"
     33792,         1,         0,    3.05,standalone_exact_mw,6a10a1840a7277b64863681e13d5cb65ed80b6c0c130a71789e1f9b9f94c8771,"{""distance"":7,""physical_error_rate"":0.005}","{""detection_events"":517315,""detectors_checked"":27371520,""obs_mistake_mask=E"":1}"
    770048,         0,         0,    22.9,standalone_exact_mw,e5383d45c2b34399c539563e7789a53fd4b96cd0b38eade39a3cbfe07ba21ab0,"{""distance"":7,""physical_error_rate"":0.0002}","{""detection_events"":484745,""detectors_checked"":623738880}"
     46080,         0,         0,    3.06,standalone_exact_mw,e5383d45c2b34399c539563e7789a53fd4b96cd0b38eade39a3cbfe07ba21ab0,"{""distance"":7,""physical_error_rate"":0.0002}","{""detection_events"":28968,""detectors_checked"":37324800}"
      5120,         0,         0,    1.83,standalone_exact_mw,6a10a1840a7277b64863681e13d5cb65ed80b6c0c130a71789e1f9b9f94c8771,"{""distance"":7,""physical_error_rate"":0.005}","{""detection_events"":77644,""detectors_checked"":4147200}"
    348160,         0,         0,    23.2,standalone_exact_mw,ba5ada56442ed2ba457be44e3218b165c8a19e21146c9941e841199e65961aae,"{""distance"":7,""physical_error_rate"":0.0005}","{""detection_events"":543172,""detectors_checked"":282009600}"
    348160,         0,         0,    23.0,standalone_exact_mw,6a10a1840a7277b64863681e13d5cb65ed80b6c0c130a71789e1f9b9f94c8771,"{""distance"":7,""physical_error_rate"":0.005}","{""detection_events"":5316717,""detectors_checked"":282009600}"
     23552,         0,         0,    3.08,standalone_exact_mw,6a10a1840a7277b64863681e13d5cb65ed80b6c0c130a71789e1f9b9f94c8771,"{""distance"":7,""physical_error_rate"":0.005}","{""detection_events"":360295,""detectors_checked"":19077120}"
     58368,         0,         0,    3.02,standalone_exact_mw,e5383d45c2b34399c539563e7789a53fd4b96cd0b38eade39a3cbfe07ba21ab0,"{""distance"":7,""physical_error_rate"":0.0002}","{""detection_events"":36961,""detectors_checked"":47278080}"
     91136,         1,         0,    23.1,standalone_exact_mw,6a10a1840a7277b64863681e13d5cb65ed80b6c0c130a71789e1f9b9f94c8771,"{""distance"":7,""physical_error_rate"":0.005}","{""detection_events"":1390588,""detectors_checked"":73820160,""obs_mistake_mask=E"":1}"
    593920,         0,         0,    22.8,standalone_exact_mw,e5383d45c2b34399c539563e7789a53fd4b96cd0b38eade39a3cbfe07ba21ab0,"{""distance"":7,""physical_error_rate"":0.0002}","{""detection_events"":372851,""detectors_checked"":481075200}"
     12288,         0,         0,    1.62,standalone_exact_mw,ba5ada56442ed2ba457be44e3218b165c8a19e21146c9941e841199e65961aae,"{""distance"":7,""physical_error_rate"":0.0005}","{""detection_events"":19730,""detectors_checked"":9953280}"
    164864,         0,         0,    23.0,standalone_exact_mw,3bd544bb51e006261b45d3a2c996e28fc0c0449411cee5f7deafcd25d9539ebc,"{""distance"":7,""physical_error_rate"":0.001}","{""detection_events"":517060,""detectors_checked"":133539840}"
    152576,         0,         0,    22.9,standalone_exact_mw,9d8ad86e51451842b54dafc7680d1b486ef291963bb72c70f3cdd570d2d8fa34,"{""distance"":7,""physical_error_rate"":0.002}","{""detection_events"":946174,""detectors_checked"":123586560}"
     38912,         0,         0,    3.06,standalone_exact_mw,9d8ad86e51451842b54dafc7680d1b486ef291963bb72c70f3cdd570d2d8fa34,"{""distance"":7,""physical_error_rate"":0.002}","{""detection_events"":241954,""detectors_checked"":31518720}"
    467968,         0,         0,    22.9,standalone_exact_mw,e5383d45c2b34399c539563e7789a53fd4b96cd0b38eade39a3cbfe07ba21ab0,"{""distance"":7,""physical_error_rate"":0.0002}","{""detection_events"":293230,""detectors_checked"":379054080}"
     87040,         0,         0,    3.04,standalone_exact_mw,ba5ada56442ed2ba457be44e3218b165c8a19e21146c9941e841199e65961aae,"{""distance"":7,""physical_error_rate"":0.0005}","{""detection_events"":137003,""detectors_checked"":70502400}"
    291840,         0,         0,    23.0,standalone_exact_mw,9d8ad86e51451842b54dafc7680d1b486ef291963bb72c70f3cdd570d2d8fa34,"{""distance"":7,""physical_error_rate"":0.002}","{""detection_events"":1811170,""detectors_checked"":236390400}"
     97280,         0,         0,    23.3,standalone_exact_mw,6a10a1840a7277b64863681e13d5cb65ed80b6c0c130a71789e1f9b9f94c8771,"{""distance"":7,""physical_error_rate"":0.005}","{""detection_events"":1487737,""detectors_checked"":78796800}"
     32768,         0,         0,    3.03,standalone_exact_mw,3bd544bb51e006261b45d3a2c996e28fc0c0449411cee5f7deafcd25d9539ebc,"{""distance"":7,""physical_error_rate"":0.001}","{""detection_events"":102610,""detectors_checked"":26542080}"
    284672,         0,         0,    22.9,standalone_exact_mw,3bd544bb51e006261b45d3a2c996e28fc0c0449411cee5f7deafcd25d9539ebc,"{""distance"":7,""physical_error_rate"":0.001}","{""detection_events"":887232,""detectors_checked"":230584320}"
     10240,         0,         0,    1.20,standalone_exact_mw,3bd544bb51e006261b45d3a2c996e28fc0c0449411cee5f7deafcd25d9539ebc,"{""distance"":7,""physical_error_rate"":0.001}","{""detection_events"":31547,""detectors_checked"":8294400}"
    182272,         0,         0,    23.0,standalone_exact_mw,3bd544bb51e006261b45d3a2c996e28fc0c0449411cee5f7deafcd25d9539ebc,"{""distance"":7,""physical_error_rate"":0.001}","{""detection_events"":568527,""detectors_checked"":147640320}"
    357376,         5,         0,    22.9,standalone_exact_mw,6a10a1840a7277b64863681e13d5cb65ed80b6c0c130a71789e1f9b9f94c8771,"{""distance"":7,""physical_error_rate"":0.005}","{""detection_events"":5459979,""detectors_checked"":289474560,""obs_mistake_mask=E"":5}"
     23552,         0,         0,    3.08,standalone_exact_mw,e5383d45c2b34399c539563e7789a53fd4b96cd0b38eade39a3cbfe07ba21ab0,"{""distance"":7,""physical_error_rate"":0.0002}","{""detection_events"":15048,""detectors_checked"":19077120}"
    136192,         0,         0,    22.9,standalone_exact_mw,3bd544bb51e006261b45d3a2c996e28fc0c0449411cee5f7deafcd25d9539ebc,"{""distance"":7,""physical_error_rate"":0.001}","{""detection_events"":425914,""detectors_checked"":110315520}"
     86016,         0,         0,    3.01,standalone_exact_mw,ba5ada56442ed2ba457be44e3218b165c8a19e21146c9941e841199e65961aae,"{""distance"":7,""physical_error_rate"":0.0005}","{""detection_events"":134914,""detectors_checked"":69672960}"
    332800,         0,         0,    22.9,standalone_exact_mw,ba5ada56442ed2ba457be44e3218b165c8a19e21146c9941e841199e65961aae,"{""distance"":7,""physical_error_rate"":0.0005}","{""detection_events"":522858,""detectors_checked"":269568000}"
    633856,         0,         0,    22.9,standalone_exact_mw,ba5ada56442ed2ba457be44e3218b165c8a19e21146c9941e841199e65961aae,"{""distance"":7,""physical_error_rate"":0.0005}","{""detection_events"":992745,""detectors_checked"":513423360}"
    243712,         0,         0,    22.9,standalone_exact_mw,3bd544bb51e006261b45d3a2c996e28fc0c0449411cee5f7deafcd25d9539ebc,"{""distance"":7,""physical_error_rate"":0.001}","{""detection_events"":762192,""detectors_checked"":197406720}"
    144384,         0,         0,    22.9,standalone_exact_mw,9d8ad86e51451842b54dafc7680d1b486ef291963bb72c70f3cdd570d2d8fa34,"{""distance"":7,""physical_error_rate"":0.002}","{""detection_events"":897485,""detectors_checked"":116951040}"
     31744,         0,         0,    2.48,standalone_exact_mw,9d8ad86e51451842b54dafc7680d1b486ef291963bb72c70f3cdd570d2d8fa34,"{""distance"":7,""physical_error_rate"":0.002}","{""detection_events"":196947,""detectors_checked"":25712640}"
     93184,         0,         0,    23.0,standalone_exact_mw,6a10a1840a7277b64863681e13d5cb65ed80b6c0c130a71789e1f9b9f94c8771,"{""distance"":7,""physical_error_rate"":0.005}","{""detection_events"":1423097,""detectors_checked"":75479040}"
    196608,         0,         0,    23.0,standalone_exact_mw,3bd544bb51e006261b45d3a2c996e28fc0c0449411cee5f7deafcd25d9539ebc,"{""distance"":7,""physical_error_rate"":0.001}","{""detection_events"":615203,""detectors_checked"":159252480}"
    251904,         1,         0,    22.9,standalone_exact_mw,6a10a1840a7277b64863681e13d5cb65ed80b6c0c130a71789e1f9b9f94c8771,"{""distance"":7,""physical_error_rate"":0.005}","{""detection_events"":3846044,""detectors_checked"":204042240,""obs_mistake_mask=E"":1}"
     11264,         0,         0,    2.19,standalone_exact_mw,6a10a1840a7277b64863681e13d5cb65ed80b6c0c130a71789e1f9b9f94c8771,"{""distance"":7,""physical_error_rate"":0.005}","{""detection_events"":171421,""detectors_checked"":9123840}"
     26624,         0,         0,    3.31,standalone_exact_mw,3bd544bb51e006261b45d3a2c996e28fc0c0449411cee5f7deafcd25d9539ebc,"{""distance"":7,""physical_error_rate"":0.001}","{""detection_events"":83835,""detectors_checked"":21565440}"
    320512,         0,         0,    22.9,standalone_exact_mw,e5383d45c2b34399c539563e7789a53fd4b96cd0b38eade39a3cbfe07ba21ab0,"{""distance"":7,""physical_error_rate"":0.0002}","{""detection_events"":201449,""detectors_checked"":259614720}"
     10240,         0,         0,    2.24,standalone_exact_mw,ba5ada56442ed2ba457be44e3218b165c8a19e21146c9941e841199e65961aae,"{""distance"":7,""physical_error_rate"":0.0005}","{""detection_events"":16128,""detectors_checked"":8294400}"
     22528,         0,         0,    1.58,standalone_exact_mw,3bd544bb51e006261b45d3a2c996e28fc0c0449411cee5f7deafcd25d9539ebc,"{""distance"":7,""physical_error_rate"":0.001}","{""detection_events"":69466,""detectors_checked"":18247680}"
     77824,         0,         0,    4.27,standalone_exact_mw,9d8ad86e51451842b54dafc7680d1b486ef291963bb72c70f3cdd570d2d8fa34,"{""distance"":7,""physical_error_rate"":0.002}","{""detection_events"":482273,""detectors_checked"":63037440}"
     80896,         0,         0,    4.26,standalone_exact_mw,9d8ad86e51451842b54dafc7680d1b486ef291963bb72c70f3cdd570d2d8fa34,"{""distance"":7,""physical_error_rate"":0.002}","{""detection_events"":502602,""detectors_checked"":65525760}"
    153600,         0,         0,    4.27,standalone_exact_mw,e5383d45c2b34399c539563e7789a53fd4b96cd0b38eade39a3cbfe07ba21ab0,"{""distance"":7,""physical_error_rate"":0.0002}","{""detection_events"":97728,""detectors_checked"":124416000}"
     98304,         0,         0,    4.25,standalone_exact_mw,3bd544bb51e006261b45d3a2c996e28fc0c0449411cee5f7deafcd25d9539ebc,"{""distance"":7,""physical_error_rate"":0.001}","{""detection_events"":307008,""detectors_checked"":79626240}"
    122880,         0,         0,    4.27,standalone_exact_mw,ba5ada56442ed2ba457be44e3218b165c8a19e21146c9941e841199e65961aae,"{""distance"":7,""physical_error_rate"":0.0005}","{""detection_events"":192348,""detectors_checked"":99532800}"
     21504,         1,         0,    4.26,standalone_exact_mw,6a10a1840a7277b64863681e13d5cb65ed80b6c0c130a71789e1f9b9f94c8771,"{""distance"":7,""physical_error_rate"":0.005}","{""detection_events"":329043,""detectors_checked"":17418240,""obs_mistake_mask=E"":1}"
     54272,         0,         0,    4.28,standalone_exact_mw,e5383d45c2b34399c539563e7789a53fd4b96cd0b38eade39a3cbfe07ba21ab0,"{""distance"":7,""physical_error_rate"":0.0002}","{""detection_events"":33743,""detectors_checked"":43960320}"
     66560,         1,         0,    4.25,standalone_exact_mw,6a10a1840a7277b64863681e13d5cb65ed80b6c0c130a71789e1f9b9f94c8771,"{""distance"":7,""physical_error_rate"":0.005}","{""detection_events"":1017028,""detectors_checked"":53913600,""obs_mistake_mask=E"":1}"
    160768,         0,         0,    23.0,standalone_exact_mw,9d8ad86e51451842b54dafc7680d1b486ef291963bb72c70f3cdd570d2d8fa34,"{""distance"":7,""physical_error_rate"":0.002}","{""detection_events"":997684,""detectors_checked"":130222080}"
     65536,         0,         0,    4.25,standalone_exact_mw,e5383d45c2b34399c539563e7789a53fd4b96cd0b38eade39a3cbfe07ba21ab0,"{""distance"":7,""physical_error_rate"":0.0002}","{""detection_events"":40935,""detectors_checked"":53084160}"
     53248,         0,         0,    4.27,standalone_exact_mw,6a10a1840a7277b64863681e13d5cb65ed80b6c0c130a71789e1f9b9f94c8771,"{""distance"":7,""physical_error_rate"":0.005}","{""detection_events"":812334,""detectors_checked"":43130880}"
     68608,         0,         0,    4.28,standalone_exact_mw,e5383d45c2b34399c539563e7789a53fd4b96cd0b38eade39a3cbfe07ba21ab0,"{""distance"":7,""physical_error_rate"":0.0002}","{""detection_events"":42789,""detectors_checked"":55572480}"
     25600,         0,         0,    2.21,standalone_exact_mw,3bd544bb51e006261b45d3a2c996e28fc0c0449411cee5f7deafcd25d9539ebc,"{""distance"":7,""physical_error_rate"":0.001}","{""detection_events"":79528,""detectors_checked"":20736000}"
     14336,         0,         0,    3.11,standalone_exact_mw,9d8ad86e51451842b54dafc7680d1b486ef291963bb72c70f3cdd570d2d8fa34,"{""distance"":7,""physical_error_rate"":0.002}","{""detection_events"":89899,""detectors_checked"":11612160}"
    109568,         0,         0,    4.29,standalone_exact_mw,ba5ada56442ed2ba457be44e3218b165c8a19e21146c9941e841199e65961aae,"{""distance"":7,""physical_error_rate"":0.0005}","{""detection_events"":170928,""detectors_checked"":88750080}"
     62464,         0,         0,    4.52,standalone_exact_mw,9d8ad86e51451842b54dafc7680d1b486ef291963bb72c70f3cdd570d2d8fa34,"{""distance"":7,""physical_error_rate"":0.002}","{""detection_events"":388332,""detectors_checked"":50595840}"
     26624,         0,         0,    4.32,standalone_exact_mw,3bd544bb51e006261b45d3a2c996e28fc0c0449411cee5f7deafcd25d9539ebc,"{""distance"":7,""physical_error_rate"":0.001}","{""detection_events"":83271,""detectors_checked"":21565440}"
    592896,         0,         0,    22.9,standalone_exact_mw,ba5ada56442ed2ba457be44e3218b165c8a19e21146c9941e841199e65961aae,"{""distance"":7,""physical_error_rate"":0.0005}","{""detection_events"":930434,""detectors_checked"":480245760}"
     17408,         0,         0,    3.16,standalone_exact_mw,6a10a1840a7277b64863681e13d5cb65ed80b6c0c130a71789e1f9b9f94c8771,"{""distance"":7,""physical_error_rate"":0.005}","{""detection_events"":266036,""detectors_checked"":14100480}"
     21504,         0,         0,    3.00,standalone_exact_mw,ba5ada56442ed2ba457be44e3218b165c8a19e21146c9941e841199e65961aae,"{""distance"":7,""physical_error_rate"":0.0005}","{""detection_events"":33871,""detectors_checked"":17418240}"
     26624,         0,         0,    4.29,standalone_exact_mw,e5383d45c2b34399c539563e7789a53fd4b96cd0b38eade39a3cbfe07ba21ab0,"{""distance"":7,""physical_error_rate"":0.0002}","{""detection_events"":16668,""detectors_checked"":21565440}"
    118784,         0,         0,    4.22,standalone_exact_mw,ba5ada56442ed2ba457be44e3218b165c8a19e21146c9941e841199e65961aae,"{""distance"":7,""physical_error_rate"":0.0005}","{""detection_events"":186326,""detectors_checked"":96215040}"
    553984,         0,         0,    22.9,standalone_exact_mw,e5383d45c2b34399c539563e7789a53fd4b96cd0b38eade39a3cbfe07ba21ab0,"{""distance"":7,""physical_error_rate"":0.0002}","{""detection_events"":347493,""detectors_checked"":448727040}"
    202752,         0,         0,    22.8,standalone_exact_mw,3bd544bb51e006261b45d3a2c996e28fc0c0449411cee5f7deafcd25d9539ebc,"{""distance"":7,""physical_error_rate"":0.001}","{""detection_events"":633620,""detectors_checked"":164229120}"
     35840,         0,         0,    4.37,standalone_exact_mw,3bd544bb51e006261b45d3a2c996e28fc0c0449411cee5f7deafcd25d9539ebc,"{""distance"":7,""physical_error_rate"":0.001}","{""detection_events"":112297,""detectors_checked"":29030400}"
    373760,         0,         0,    22.9,standalone_exact_mw,ba5ada56442ed2ba457be44e3218b165c8a19e21146c9941e841199e65961aae,"{""distance"":7,""physical_error_rate"":0.0005}","{""detection_events"":585190,""detectors_checked"":302745600}"
    180224,         0,         0,    22.8,standalone_exact_mw,3bd544bb51e006261b45d3a2c996e28fc0c0449411cee5f7deafcd25d9539ebc,"{""distance"":7,""physical_error_rate"":0.001}","{""detection_events"":562359,""detectors_checked"":145981440}"
    228352,         0,         0,    22.9,standalone_exact_mw,3bd544bb51e006261b45d3a2c996e28fc0c0449411cee5f7deafcd25d9539ebc,"{""distance"":7,""physical_error_rate"":0.001}","{""detection_events"":714449,""detectors_checked"":184965120}"
    198656,         0,         0,    23.2,standalone_exact_mw,9d8ad86e51451842b54dafc7680d1b486ef291963bb72c70f3cdd570d2d8fa34,"{""distance"":7,""physical_error_rate"":0.002}","{""detection_events"":1231932,""detectors_checked"":160911360}"
    143360,         0,         0,    23.0,standalone_exact_mw,3bd544bb51e006261b45d3a2c996e28fc0c0449411cee5f7deafcd25d9539ebc,"{""distance"":7,""physical_error_rate"":0.001}","{""detection_events"":448201,""detectors_checked"":116121600}"
    349184,         0,         0,    22.9,standalone_exact_mw,9d8ad86e51451842b54dafc7680d1b486ef291963bb72c70f3cdd570d2d8fa34,"{""distance"":7,""physical_error_rate"":0.002}","{""detection_events"":2170738,""detectors_checked"":282839040}"
    314368,         0,         0,    22.8,standalone_exact_mw,ba5ada56442ed2ba457be44e3218b165c8a19e21146c9941e841199e65961aae,"{""distance"":7,""physical_error_rate"":0.0005}","{""detection_events"":492614,""detectors_checked"":254638080}"
    495616,         0,         0,    22.9,standalone_exact_mw,e5383d45c2b34399c539563e7789a53fd4b96cd0b38eade39a3cbfe07ba21ab0,"{""distance"":7,""physical_error_rate"":0.0002}","{""detection_events"":311779,""detectors_checked"":401448960}"
    349184,         0,         0,    22.9,standalone_exact_mw,e5383d45c2b34399c539563e7789a53fd4b96cd0b38eade39a3cbfe07ba21ab0,"{""distance"":7,""physical_error_rate"":0.0002}","{""detection_events"":220537,""detectors_checked"":282839040}"
     38912,         0,         0,    3.10,standalone_exact_mw,3bd544bb51e006261b45d3a2c996e28fc0c0449411cee5f7deafcd25d9539ebc,"{""distance"":7,""physical_error_rate"":0.001}","{""detection_events"":121452,""detectors_checked"":31518720}"
    230400,         0,         0,    22.9,standalone_exact_mw,9d8ad86e51451842b54dafc7680d1b486ef291963bb72c70f3cdd570d2d8fa34,"{""distance"":7,""physical_error_rate"":0.002}","{""detection_events"":1431307,""detectors_checked"":186624000}"
    109568,         0,         0,    5.98,standalone_exact_mw,9d8ad86e51451842b54dafc7680d1b486ef291963bb72c70f3cdd570d2d8fa34,"{""distance"":7,""physical_error_rate"":0.002}","{""detection_events"":680253,""detectors_checked"":88750080}"
    112640,         0,         0,    6.02,standalone_exact_mw,9d8ad86e51451842b54dafc7680d1b486ef291963bb72c70f3cdd570d2d8fa34,"{""distance"":7,""physical_error_rate"":0.002}","{""detection_events"":699299,""detectors_checked"":91238400}"
     36864,         0,         0,    4.30,standalone_exact_mw,9d8ad86e51451842b54dafc7680d1b486ef291963bb72c70f3cdd570d2d8fa34,"{""distance"":7,""physical_error_rate"":0.002}","{""detection_events"":228240,""detectors_checked"":29859840}"
    215040,         0,         0,    5.95,standalone_exact_mw,e5383d45c2b34399c539563e7789a53fd4b96cd0b38eade39a3cbfe07ba21ab0,"{""distance"":7,""physical_error_rate"":0.0002}","{""detection_events"":134763,""detectors_checked"":174182400}"
    121856,         0,         0,    5.96,standalone_exact_mw,3bd544bb51e006261b45d3a2c996e28fc0c0449411cee5f7deafcd25d9539ebc,"{""distance"":7,""physical_error_rate"":0.001}","{""detection_events"":382635,""detectors_checked"":98703360}"
    155648,         0,         0,    5.97,standalone_exact_mw,ba5ada56442ed2ba457be44e3218b165c8a19e21146c9941e841199e65961aae,"{""distance"":7,""physical_error_rate"":0.0005}","{""detection_events"":243053,""detectors_checked"":126074880}"
     92160,         0,         0,    5.99,standalone_exact_mw,6a10a1840a7277b64863681e13d5cb65ed80b6c0c130a71789e1f9b9f94c8771,"{""distance"":7,""physical_error_rate"":0.005}","{""detection_events"":1406618,""detectors_checked"":74649600}"
     41984,         1,         0,    4.38,standalone_exact_mw,6a10a1840a7277b64863681e13d5cb65ed80b6c0c130a71789e1f9b9f94c8771,"{""distance"":7,""physical_error_rate"":0.005}","{""detection_events"":642060,""detectors_checked"":34007040,""obs_mistake_mask=E"":1}"
    140288,         0,         0,    5.96,standalone_exact_mw,e5383d45c2b34399c539563e7789a53fd4b96cd0b38eade39a3cbfe07ba21ab0,"{""distance"":7,""physical_error_rate"":0.0002}","{""detection_events"":87547,""detectors_checked"":113633280}"
     26624,         0,         0,    4.40,standalone_exact_mw,ba5ada56442ed2ba457be44e3218b165c8a19e21146c9941e841199e65961aae,"{""distance"":7,""physical_error_rate"":0.0005}","{""detection_events"":41667,""detectors_checked"":21565440}"
     94208,         0,         0,    6.02,standalone_exact_mw,6a10a1840a7277b64863681e13d5cb65ed80b6c0c130a71789e1f9b9f94c8771,"{""distance"":7,""physical_error_rate"":0.005}","{""detection_events"":1442373,""detectors_checked"":76308480}"
    147456,         0,         0,    5.99,standalone_exact_mw,e5383d45c2b34399c539563e7789a53fd4b96cd0b38eade39a3cbfe07ba21ab0,"{""distance"":7,""physical_error_rate"":0.0002}","{""detection_events"":92624,""detectors_checked"":119439360}"
     79872,         0,         0,    5.99,standalone_exact_mw,6a10a1840a7277b64863681e13d5cb65ed80b6c0c130a71789e1f9b9f94c8771,"{""distance"":7,""physical_error_rate"":0.005}","{""detection_events"":1220195,""detectors_checked"":64696320}"
     77824,         0,         0,    6.09,standalone_exact_mw,e5383d45c2b34399c539563e7789a53fd4b96cd0b38eade39a3cbfe07ba21ab0,"{""distance"":7,""physical_error_rate"":0.0002}","{""detection_events"":48509,""detectors_checked"":63037440}"
     96256,         0,         0,    5.97,standalone_exact_mw,ba5ada56442ed2ba457be44e3218b165c8a19e21146c9941e841199e65961aae,"{""distance"":7,""physical_error_rate"":0.0005}","{""detection_events"":150872,""detectors_checked"":77967360}"
     38912,         0,         0,    6.02,standalone_exact_mw,3bd544bb51e006261b45d3a2c996e28fc0c0449411cee5f7deafcd25d9539ebc,"{""distance"":7,""physical_error_rate"":0.001}","{""detection_events"":122901,""detectors_checked"":31518720}"
     58368,         0,         0,    6.10,standalone_exact_mw,9d8ad86e51451842b54dafc7680d1b486ef291963bb72c70f3cdd570d2d8fa34,"{""distance"":7,""physical_error_rate"":0.002}","{""detection_events"":362706,""detectors_checked"":47278080}"
    122880,         0,         0,    22.9,standalone_exact_mw,9d8ad86e51451842b54dafc7680d1b486ef291963bb72c70f3cdd570d2d8fa34,"{""distance"":7,""physical_error_rate"":0.002}","{""detection_events"":763085,""detectors_checked"":99532800}"
     63488,         0,         0,    6.04,standalone_exact_mw,e5383d45c2b34399c539563e7789a53fd4b96cd0b38eade39a3cbfe07ba21ab0,"{""distance"":7,""physical_error_rate"":0.0002}","{""detection_events"":39473,""detectors_checked"":51425280}"
    172032,         0,         0,    5.97,standalone_exact_mw,ba5ada56442ed2ba457be44e3218b165c8a19e21146c9941e841199e65961aae,"{""distance"":7,""physical_error_rate"":0.0005}","{""detection_events"":269040,""detectors_checked"":139345920}"
    206848,         0,         0,    22.9,standalone_exact_mw,6a10a1840a7277b64863681e13d5cb65ed80b6c0c130a71789e1f9b9f94c8771,"{""distance"":7,""physical_error_rate"":0.005}","{""detection_events"":3157556,""detectors_checked"":167546880}"
     24576,         0,         0,    4.28,standalone_exact_mw,3bd544bb51e006261b45d3a2c996e28fc0c0449411cee5f7deafcd25d9539ebc,"{""distance"":7,""physical_error_rate"":0.001}","{""detection_events"":77429,""detectors_checked"":19906560}"
     44032,         0,         0,    6.04,standalone_exact_mw,3bd544bb51e006261b45d3a2c996e28fc0c0449411cee5f7deafcd25d9539ebc,"{""distance"":7,""physical_error_rate"":0.001}","{""detection_events"":138813,""detectors_checked"":35665920}"
    158720,         3,         0,    23.1,standalone_exact_mw,6a10a1840a7277b64863681e13d5cb65ed80b6c0c130a71789e1f9b9f94c8771,"{""distance"":7,""physical_error_rate"":0.005}","{""detection_events"":2427868,""detectors_checked"":128563200,""obs_mistake_mask=E"":3}"
     48128,         0,         0,    6.03,standalone_exact_mw,9d8ad86e51451842b54dafc7680d1b486ef291963bb72c70f3cdd570d2d8fa34,"{""distance"":7,""physical_error_rate"":0.002}","{""detection_events"":300481,""detectors_checked"":38983680}"
     25600,         0,         0,    5.97,standalone_exact_mw,6a10a1840a7277b64863681e13d5cb65ed80b6c0c130a71789e1f9b9f94c8771,"{""distance"":7,""physical_error_rate"":0.005}","{""detection_events"":390004,""detectors_checked"":20736000}"
     36864,         0,         0,    6.00,standalone_exact_mw,ba5ada56442ed2ba457be44e3218b165c8a19e21146c9941e841199e65961aae,"{""distance"":7,""physical_error_rate"":0.0005}","{""detection_events"":58067,""detectors_checked"":29859840}"
    134144,         0,         0,    8.36,standalone_exact_mw,9d8ad86e51451842b54dafc7680d1b486ef291963bb72c70f3cdd570d2d8fa34,"{""distance"":7,""physical_error_rate"":0.002}","{""detection_events"":833527,""detectors_checked"":108656640}"
    107520,         0,         0,    8.37,standalone_exact_mw,9d8ad86e51451842b54dafc7680d1b486ef291963bb72c70f3cdd570d2d8fa34,"{""distance"":7,""physical_error_rate"":0.002}","{""detection_events"":666332,""detectors_checked"":87091200}"
    427008,         0,         0,    8.35,standalone_exact_mw,e5383d45c2b34399c539563e7789a53fd4b96cd0b38eade39a3cbfe07ba21ab0,"{""distance"":7,""physical_error_rate"":0.0002}","{""detection_events"":267498,""detectors_checked"":345876480}"
    198656,         0,         0,    8.34,standalone_exact_mw,3bd544bb51e006261b45d3a2c996e28fc0c0449411cee5f7deafcd25d9539ebc,"{""distance"":7,""physical_error_rate"":0.001}","{""detection_events"":620575,""detectors_checked"":160911360}"
    241664,         0,         0,    8.37,standalone_exact_mw,ba5ada56442ed2ba457be44e3218b165c8a19e21146c9941e841199e65961aae,"{""distance"":7,""physical_error_rate"":0.0005}","{""detection_events"":376210,""detectors_checked"":195747840}"
     25600,         0,         0,    8.46,standalone_exact_mw,6a10a1840a7277b64863681e13d5cb65ed80b6c0c130a71789e1f9b9f94c8771,"{""distance"":7,""physical_error_rate"":0.005}","{""detection_events"":391053,""detectors_checked"":20736000}"
     29696,         0,         0,    5.98,standalone_exact_mw,3bd544bb51e006261b45d3a2c996e28fc0c0449411cee5f7deafcd25d9539ebc,"{""distance"":7,""physical_error_rate"":0.001}","{""detection_events"":92912,""detectors_checked"":24053760}"
    234496,         0,         0,    8.36,standalone_exact_mw,e5383d45c2b34399c539563e7789a53fd4b96cd0b38eade39a3cbfe07ba21ab0,"{""distance"":7,""physical_error_rate"":0.0002}","{""detection_events"":147823,""detectors_checked"":189941760}"
    130048,         1,         0,    8.38,standalone_exact_mw,6a10a1840a7277b64863681e13d5cb65ed80b6c0c130a71789e1f9b9f94c8771,"{""distance"":7,""physical_error_rate"":0.005}","{""detection_events"":1984261,""detectors_checked"":105338880,""obs_mistake_mask=E"":1}"
    190464,         0,         0,    8.35,standalone_exact_mw,e5383d45c2b34399c539563e7789a53fd4b96cd0b38eade39a3cbfe07ba21ab0,"{""distance"":7,""physical_error_rate"":0.0002}","{""detection_events"":119775,""detectors_checked"":154275840}"
    109568,         0,         0,    8.39,standalone_exact_mw,6a10a1840a7277b64863681e13d5cb65ed80b6c0c130a71789e1f9b9f94c8771,"{""distance"":7,""physical_error_rate"":0.005}","{""detection_events"":1672821,""detectors_checked"":88750080}"
     93184,         0,         0,    8.37,standalone_exact_mw,e5383d45c2b34399c539563e7789a53fd4b96cd0b38eade39a3cbfe07ba21ab0,"{""distance"":7,""physical_error_rate"":0.0002}","{""detection_events"":58225,""detectors_checked"":75479040}"
    139264,         0,         0,    8.40,standalone_exact_mw,ba5ada56442ed2ba457be44e3218b165c8a19e21146c9941e841199e65961aae,"{""distance"":7,""physical_error_rate"":0.0005}","{""detection_events"":219150,""detectors_checked"":112803840}"
    104448,         0,         0,    8.38,standalone_exact_mw,9d8ad86e51451842b54dafc7680d1b486ef291963bb72c70f3cdd570d2d8fa34,"{""distance"":7,""physical_error_rate"":0.002}","{""detection_events"":650850,""detectors_checked"":84602880}"
     67584,         0,         0,    8.72,standalone_exact_mw,3bd544bb51e006261b45d3a2c996e28fc0c0449411cee5f7deafcd25d9539ebc,"{""distance"":7,""physical_error_rate"":0.001}","{""detection_events"":211746,""detectors_checked"":54743040}"
    240640,         0,         0,    8.34,standalone_exact_mw,ba5ada56442ed2ba457be44e3218b165c8a19e21146c9941e841199e65961aae,"{""distance"":7,""physical_error_rate"":0.0005}","{""detection_events"":377122,""detectors_checked"":194918400}"
     59392,         0,         0,    8.51,standalone_exact_mw,e5383d45c2b34399c539563e7789a53fd4b96cd0b38eade39a3cbfe07ba21ab0,"{""distance"":7,""physical_error_rate"":0.0002}","{""detection_events"":37415,""detectors_checked"":48107520}"
     66560,         0,         0,    8.40,standalone_exact_mw,3bd544bb51e006261b45d3a2c996e28fc0c0449411cee5f7deafcd25d9539ebc,"{""distance"":7,""physical_error_rate"":0.001}","{""detection_events"":208056,""detectors_checked"":53913600}"
     64512,         0,         0,    8.70,standalone_exact_mw,9d8ad86e51451842b54dafc7680d1b486ef291963bb72c70f3cdd570d2d8fa34,"{""distance"":7,""physical_error_rate"":0.002}","{""detection_events"":400855,""detectors_checked"":52254720}"
     45056,         0,         0,    8.39,standalone_exact_mw,6a10a1840a7277b64863681e13d5cb65ed80b6c0c130a71789e1f9b9f94c8771,"{""distance"":7,""physical_error_rate"":0.005}","{""detection_events"":686126,""detectors_checked"":36495360}"
    273408,         1,         0,    32.0,standalone_exact_mw,3bd544bb51e006261b45d3a2c996e28fc0c0449411cee5f7deafcd25d9539ebc,"{""distance"":7,""physical_error_rate"":0.001}","{""detection_events"":855694,""detectors_checked"":221460480,""obs_mistake_mask=E"":1}"
    273408,         0,         0,    32.1,standalone_exact_mw,ba5ada56442ed2ba457be44e3218b165c8a19e21146c9941e841199e65961aae,"{""distance"":7,""physical_error_rate"":0.0005}","{""detection_events"":427191,""detectors_checked"":221460480}"
    487424,         0,         0,    32.0,standalone_exact_mw,ba5ada56442ed2ba457be44e3218b165c8a19e21146c9941e841199e65961aae,"{""distance"":7,""physical_error_rate"":0.0005}","{""detection_events"":763616,""detectors_checked"":394813440}"
    374784,         5,         0,    32.1,standalone_exact_mw,6a10a1840a7277b64863681e13d5cb65ed80b6c0c130a71789e1f9b9f94c8771,"{""distance"":7,""physical_error_rate"":0.005}","{""detection_events"":5724098,""detectors_checked"":303575040,""obs_mistake_mask=E"":5}"
     84992,         0,         0,    8.48,standalone_exact_mw,ba5ada56442ed2ba457be44e3218b165c8a19e21146c9941e841199e65961aae,"{""distance"":7,""physical_error_rate"":0.0005}","{""detection_events"":133570,""detectors_checked"":68843520}"
    183296,         2,         0,    32.0,standalone_exact_mw,6a10a1840a7277b64863681e13d5cb65ed80b6c0c130a71789e1f9b9f94c8771,"{""distance"":7,""physical_error_rate"":0.005}","{""detection_events"":2802390,""detectors_checked"":148469760,""obs_mistake_mask=E"":2}"
    449536,         0,         0,    31.9,standalone_exact_mw,e5383d45c2b34399c539563e7789a53fd4b96cd0b38eade39a3cbfe07ba21ab0,"{""distance"":7,""physical_error_rate"":0.0002}","{""detection_events"":280814,""detectors_checked"":364124160}"
    175104,         0,         0,    32.5,standalone_exact_mw,9d8ad86e51451842b54dafc7680d1b486ef291963bb72c70f3cdd570d2d8fa34,"{""distance"":7,""physical_error_rate"":0.002}","{""detection_events"":1087692,""detectors_checked"":141834240}"
    136192,         0,         0,    32.2,standalone_exact_mw,9d8ad86e51451842b54dafc7680d1b486ef291963bb72c70f3cdd570d2d8fa34,"{""distance"":7,""physical_error_rate"":0.002}","{""detection_events"":846646,""detectors_checked"":110315520}"
    227328,         0,         0,    32.1,standalone_exact_mw,3bd544bb51e006261b45d3a2c996e28fc0c0449411cee5f7deafcd25d9539ebc,"{""distance"":7,""physical_error_rate"":0.001}","{""detection_events"":710552,""detectors_checked"":184135680}"
    769024,         0,         0,    32.1,standalone_exact_mw,ba5ada56442ed2ba457be44e3218b165c8a19e21146c9941e841199e65961aae,"{""distance"":7,""physical_error_rate"":0.0005}","{""detection_events"":1206028,""detectors_checked"":622909440}"
    862208,         0,         0,    32.1,standalone_exact_mw,e5383d45c2b34399c539563e7789a53fd4b96cd0b38eade39a3cbfe07ba21ab0,"{""distance"":7,""physical_error_rate"":0.0002}","{""detection_events"":541295,""detectors_checked"":698388480}"
    312320,         0,         0,    32.0,standalone_exact_mw,ba5ada56442ed2ba457be44e3218b165c8a19e21146c9941e841199e65961aae,"{""distance"":7,""physical_error_rate"":0.0005}","{""detection_events"":490307,""detectors_checked"":252979200}"
    396288,         0,         0,    32.1,standalone_exact_mw,3bd544bb51e006261b45d3a2c996e28fc0c0449411cee5f7deafcd25d9539ebc,"{""distance"":7,""physical_error_rate"":0.001}","{""detection_events"":1237393,""detectors_checked"":320993280}"
    263168,         0,         0,    32.0,standalone_exact_mw,3bd544bb51e006261b45d3a2c996e28fc0c0449411cee5f7deafcd25d9539ebc,"{""distance"":7,""physical_error_rate"":0.001}","{""detection_events"":821214,""detectors_checked"":213166080}"
    717824,         0,         0,    32.0,standalone_exact_mw,ba5ada56442ed2ba457be44e3218b165c8a19e21146c9941e841199e65961aae,"{""distance"":7,""physical_error_rate"":0.0005}","{""detection_events"":1125195,""detectors_checked"":581437440}"
    658432,         0,         0,    32.1,standalone_exact_mw,9d8ad86e51451842b54dafc7680d1b486ef291963bb72c70f3cdd570d2d8fa34,"{""distance"":7,""physical_error_rate"":0.002}","{""detection_events"":4093369,""detectors_checked"":533329920}"
    901120,         0,         0,    32.1,standalone_exact_mw,ba5ada56442ed2ba457be44e3218b165c8a19e21146c9941e841199e65961aae,"{""distance"":7,""physical_error_rate"":0.0005}","{""detection_events"":1411946,""detectors_checked"":729907200}"
    986112,         0,         0,    32.0,standalone_exact_mw,e5383d45c2b34399c539563e7789a53fd4b96cd0b38eade39a3cbfe07ba21ab0,"{""distance"":7,""physical_error_rate"":0.0002}","{""detection_events"":616189,""detectors_checked"":798750720}"
   1104896,         0,         0,    32.1,standalone_exact_mw,e5383d45c2b34399c539563e7789a53fd4b96cd0b38eade39a3cbfe07ba21ab0,"{""distance"":7,""physical_error_rate"":0.0002}","{""detection_events"":693887,""detectors_checked"":894965760}"
    716800,         0,         0,    32.1,standalone_exact_mw,3bd544bb51e006261b45d3a2c996e28fc0c0449411cee5f7deafcd25d9539ebc,"{""distance"":7,""physical_error_rate"":0.001}","{""detection_events"":2241214,""detectors_checked"":580608000}"
    261120,         0,         0,    32.0,standalone_exact_mw,9d8ad86e51451842b54dafc7680d1b486ef291963bb72c70f3cdd570d2d8fa34,"{""distance"":7,""physical_error_rate"":0.002}","{""detection_events"":1624882,""detectors_checked"":211507200}"
    955392,         0,         0,    32.1,standalone_exact_mw,ba5ada56442ed2ba457be44e3218b165c8a19e21146c9941e841199e65961aae,"{""distance"":7,""physical_error_rate"":0.0005}","{""detection_events"":1497895,""detectors_checked"":773867520}"
    226304,         0,         0,    32.0,standalone_exact_mw,9d8ad86e51451842b54dafc7680d1b486ef291963bb72c70f3cdd570d2d8fa34,"{""distance"":7,""physical_error_rate"":0.002}","{""detection_events"":1405940,""detectors_checked"":183306240}"
    503808,         1,         0,    32.1,standalone_exact_mw,6a10a1840a7277b64863681e13d5cb65ed80b6c0c130a71789e1f9b9f94c8771,"{""distance"":7,""physical_error_rate"":0.005}","{""detection_events"":7694999,""detectors_checked"":408084480,""obs_mistake_mask=E"":1}"
    419840,         0,         0,    31.9,standalone_exact_mw,e5383d45c2b34399c539563e7789a53fd4b96cd0b38eade39a3cbfe07ba21ab0,"{""distance"":7,""physical_error_rate"":0.0002}","{""detection_events"":263631,""detectors_checked"":340070400}"
    435200,         0,         0,    32.0,standalone_exact_mw,ba5ada56442ed2ba457be44e3218b165c8a19e21146c9941e841199e65961aae,"{""distance"":7,""physical_error_rate"":0.0005}","{""detection_events"":683138,""detectors_checked"":352512000}"
     51200,         0,         0,    8.44,standalone_exact_mw,3bd544bb51e006261b45d3a2c996e28fc0c0449411cee5f7deafcd25d9539ebc,"{""distance"":7,""physical_error_rate"":0.001}","{""detection_events"":159309,""detectors_checked"":41472000}"
    218112,         0,         0,    32.1,standalone_exact_mw,3bd544bb51e006261b45d3a2c996e28fc0c0449411cee5f7deafcd25d9539ebc,"{""distance"":7,""physical_error_rate"":0.001}","{""detection_events"":680919,""detectors_checked"":176670720}"
    839680,         0,         0,    32.0,standalone_exact_mw,e5383d45c2b34399c539563e7789a53fd4b96cd0b38eade39a3cbfe07ba21ab0,"{""distance"":7,""physical_error_rate"":0.0002}","{""detection_events"":525517,""detectors_checked"":680140800}"
    421888,         0,         0,    32.2,standalone_exact_mw,3bd544bb51e006261b45d3a2c996e28fc0c0449411cee5f7deafcd25d9539ebc,"{""distance"":7,""physical_error_rate"":0.001}","{""detection_events"":1320823,""detectors_checked"":341729280}"
    215040,         2,         0,    32.2,standalone_exact_mw,6a10a1840a7277b64863681e13d5cb65ed80b6c0c130a71789e1f9b9f94c8771,"{""distance"":7,""physical_error_rate"":0.005}","{""detection_events"":3281494,""detectors_checked"":174182400,""obs_mistake_mask=E"":2}"
    898048,         0,         0,    32.0,standalone_exact_mw,e5383d45c2b34399c539563e7789a53fd4b96cd0b38eade39a3cbfe07ba21ab0,"{""distance"":7,""physical_error_rate"":0.0002}","{""detection_events"":565059,""detectors_checked"":727418880}"
    342016,         2,         0,    32.2,standalone_exact_mw,6a10a1840a7277b64863681e13d5cb65ed80b6c0c130a71789e1f9b9f94c8771,"{""distance"":7,""physical_error_rate"":0.005}","{""detection_events"":5222905,""detectors_checked"":277032960,""obs_mistake_mask=E"":2}"
    241664,         0,         0,    32.1,standalone_exact_mw,3bd544bb51e006261b45d3a2c996e28fc0c0449411cee5f7deafcd25d9539ebc,"{""distance"":7,""physical_error_rate"":0.001}","{""detection_events"":754569,""detectors_checked"":195747840}"
    160768,         0,         0,    32.3,standalone_exact_mw,9d8ad86e51451842b54dafc7680d1b486ef291963bb72c70f3cdd570d2d8fa34,"{""distance"":7,""physical_error_rate"":0.002}","{""detection_events"":1000333,""detectors_checked"":130222080}"
    386048,         0,         0,    32.1,standalone_exact_mw,9d8ad86e51451842b54dafc7680d1b486ef291963bb72c70f3cdd570d2d8fa34,"{""distance"":7,""physical_error_rate"":0.002}","{""detection_events"":2397546,""detectors_checked"":312698880}"
    378880,         0,         0,    32.2,standalone_exact_mw,9d8ad86e51451842b54dafc7680d1b486ef291963bb72c70f3cdd570d2d8fa34,"{""distance"":7,""physical_error_rate"":0.002}","{""detection_events"":2353390,""detectors_checked"":306892800}"
    388096,         0,         0,    32.1,standalone_exact_mw,e5383d45c2b34399c539563e7789a53fd4b96cd0b38eade39a3cbfe07ba21ab0,"{""distance"":7,""physical_error_rate"":0.0002}","{""detection_events"":244114,""detectors_checked"":314357760}"
    310272,         0,         0,    32.6,standalone_exact_mw,9d8ad86e51451842b54dafc7680d1b486ef291963bb72c70f3cdd570d2d8fa34,"{""distance"":7,""physical_error_rate"":0.002}","{""detection_events"":1926502,""detectors_checked"":251320320}"
    528384,         0,         0,    32.1,standalone_exact_mw,ba5ada56442ed2ba457be44e3218b165c8a19e21146c9941e841199e65961aae,"{""distance"":7,""physical_error_rate"":0.0005}","{""detection_events"":828560,""detectors_checked"":427991040}"
    306176,         0,         0,    32.4,standalone_exact_mw,3bd544bb51e006261b45d3a2c996e28fc0c0449411cee5f7deafcd25d9539ebc,"{""distance"":7,""physical_error_rate"":0.001}","{""detection_events"":956654,""detectors_checked"":248002560}"
    297984,         0,         0,    32.4,standalone_exact_mw,3bd544bb51e006261b45d3a2c996e28fc0c0449411cee5f7deafcd25d9539ebc,"{""distance"":7,""physical_error_rate"":0.001}","{""detection_events"":932446,""detectors_checked"":241367040}"
    159744,         2,         0,    32.3,standalone_exact_mw,6a10a1840a7277b64863681e13d5cb65ed80b6c0c130a71789e1f9b9f94c8771,"{""distance"":7,""physical_error_rate"":0.005}","{""detection_events"":2442246,""detectors_checked"":129392640,""obs_mistake_mask=E"":2}"
    122880,         0,         0,    32.2,standalone_exact_mw,6a10a1840a7277b64863681e13d5cb65ed80b6c0c130a71789e1f9b9f94c8771,"{""distance"":7,""physical_error_rate"":0.005}","{""detection_events"":1879927,""detectors_checked"":99532800}"
    893952,         0,         0,    32.0,standalone_exact_mw,e5383d45c2b34399c539563e7789a53fd4b96cd0b38eade39a3cbfe07ba21ab0,"{""distance"":7,""physical_error_rate"":0.0002}","{""detection_events"":561629,""detectors_checked"":724101120}"
    366592,         0,         0,    32.2,standalone_exact_mw,e5383d45c2b34399c539563e7789a53fd4b96cd0b38eade39a3cbfe07ba21ab0,"{""distance"":7,""physical_error_rate"":0.0002}","{""detection_events"":229108,""detectors_checked"":296939520}"
    269312,         0,         0,    32.2,standalone_exact_mw,ba5ada56442ed2ba457be44e3218b165c8a19e21146c9941e841199e65961aae,"{""distance"":7,""physical_error_rate"":0.0005}","{""detection_events"":421137,""detectors_checked"":218142720}"
    142336,         1,         0,    32.1,standalone_exact_mw,6a10a1840a7277b64863681e13d5cb65ed80b6c0c130a71789e1f9b9f94c8771,"{""distance"":7,""physical_error_rate"":0.005}","{""detection_events"":2174968,""detectors_checked"":115292160,""obs_mistake_mask=E"":1}"
    474112,         0,         0,    32.1,standalone_exact_mw,e5383d45c2b34399c539563e7789a53fd4b96cd0b38eade39a3cbfe07ba21ab0,"{""distance"":7,""physical_error_rate"":0.0002}","{""detection_events"":297113,""detectors_checked"":384030720}"
    198656,         0,         0,    32.3,standalone_exact_mw,9d8ad86e51451842b54dafc7680d1b486ef291963bb72c70f3cdd570d2d8fa34,"{""distance"":7,""physical_error_rate"":0.002}","{""detection_events"":1236512,""detectors_checked"":160911360}"
    164864,         4,         0,    32.2,standalone_exact_mw,6a10a1840a7277b64863681e13d5cb65ed80b6c0c130a71789e1f9b9f94c8771,"{""distance"":7,""physical_error_rate"":0.005}","{""detection_events"":2516515,""detectors_checked"":133539840,""obs_mistake_mask=E"":4}"
    235520,         4,         0,    32.1,standalone_exact_mw,6a10a1840a7277b64863681e13d5cb65ed80b6c0c130a71789e1f9b9f94c8771,"{""distance"":7,""physical_error_rate"":0.005}","{""detection_events"":3596087,""detectors_checked"":190771200,""obs_mistake_mask=E"":4}"
    221184,         0,         0,    11.7,standalone_exact_mw,9d8ad86e51451842b54dafc7680d1b486ef291963bb72c70f3cdd570d2d8fa34,"{""distance"":7,""physical_error_rate"":0.002}","{""detection_events"":1375141,""detectors_checked"":179159040}"
    450560,         0,         0,    32.1,standalone_exact_mw,9d8ad86e51451842b54dafc7680d1b486ef291963bb72c70f3cdd570d2d8fa34,"{""distance"":7,""physical_error_rate"":0.002}","{""detection_events"":2799211,""detectors_checked"":364953600}"
    157696,         1,         0,    32.2,standalone_exact_mw,6a10a1840a7277b64863681e13d5cb65ed80b6c0c130a71789e1f9b9f94c8771,"{""distance"":7,""physical_error_rate"":0.005}","{""detection_events"":2415330,""detectors_checked"":127733760,""obs_mistake_mask=E"":1}"
     67584,         0,         0,    11.8,standalone_exact_mw,9d8ad86e51451842b54dafc7680d1b486ef291963bb72c70f3cdd570d2d8fa34,"{""distance"":7,""physical_error_rate"":0.002}","{""detection_events"":420192,""detectors_checked"":54743040}"
    497664,         5,         0,    32.1,standalone_exact_mw,6a10a1840a7277b64863681e13d5cb65ed80b6c0c130a71789e1f9b9f94c8771,"{""distance"":7,""physical_error_rate"":0.005}","{""detection_events"":7600433,""detectors_checked"":403107840,""obs_mistake_mask=E"":5}"
    702464,         0,         0,    32.1,standalone_exact_mw,3bd544bb51e006261b45d3a2c996e28fc0c0449411cee5f7deafcd25d9539ebc,"{""distance"":7,""physical_error_rate"":0.001}","{""detection_events"":2193631,""detectors_checked"":568995840}"
    392192,         0,         0,    11.7,standalone_exact_mw,e5383d45c2b34399c539563e7789a53fd4b96cd0b38eade39a3cbfe07ba21ab0,"{""distance"":7,""physical_error_rate"":0.0002}","{""detection_events"":246858,""detectors_checked"":317675520}"
    233472,         0,         0,    32.2,standalone_exact_mw,ba5ada56442ed2ba457be44e3218b165c8a19e21146c9941e841199e65961aae,"{""distance"":7,""physical_error_rate"":0.0005}","{""detection_events"":368044,""detectors_checked"":189112320}"
    215040,         0,         0,    32.1,standalone_exact_mw,9d8ad86e51451842b54dafc7680d1b486ef291963bb72c70f3cdd570d2d8fa34,"{""distance"":7,""physical_error_rate"":0.002}","{""detection_events"":1334158,""detectors_checked"":174182400}"
    366592,         0,         0,    32.3,standalone_exact_mw,3bd544bb51e006261b45d3a2c996e28fc0c0449411cee5f7deafcd25d9539ebc,"{""distance"":7,""physical_error_rate"":0.001}","{""detection_events"":1147411,""detectors_checked"":296939520}"
    251904,         0,         0,    11.7,standalone_exact_mw,3bd544bb51e006261b45d3a2c996e28fc0c0449411cee5f7deafcd25d9539ebc,"{""distance"":7,""physical_error_rate"":0.001}","{""detection_events"":787046,""detectors_checked"":204042240}"
    305152,         0,         0,    11.7,standalone_exact_mw,ba5ada56442ed2ba457be44e3218b165c8a19e21146c9941e841199e65961aae,"{""distance"":7,""physical_error_rate"":0.0005}","{""detection_events"":478573,""detectors_checked"":247173120}"
    340992,         0,         0,    32.1,standalone_exact_mw,ba5ada56442ed2ba457be44e3218b165c8a19e21146c9941e841199e65961aae,"{""distance"":7,""physical_error_rate"":0.0005}","{""detection_events"":534049,""detectors_checked"":276203520}"
    329728,         0,         0,    32.1,standalone_exact_mw,e5383d45c2b34399c539563e7789a53fd4b96cd0b38eade39a3cbfe07ba21ab0,"{""distance"":7,""physical_error_rate"":0.0002}","{""detection_events"":207663,""detectors_checked"":267079680}"
    340992,         0,         0,    32.2,standalone_exact_mw,ba5ada56442ed2ba457be44e3218b165c8a19e21146c9941e841199e65961aae,"{""distance"":7,""physical_error_rate"":0.0005}","{""detection_events"":534335,""detectors_checked"":276203520}"
     65536,         0,         0,    11.9,standalone_exact_mw,6a10a1840a7277b64863681e13d5cb65ed80b6c0c130a71789e1f9b9f94c8771,"{""distance"":7,""physical_error_rate"":0.005}","{""detection_events"":999954,""detectors_checked"":53084160}"
    420864,         0,         0,    11.6,standalone_exact_mw,e5383d45c2b34399c539563e7789a53fd4b96cd0b38eade39a3cbfe07ba21ab0,"{""distance"":7,""physical_error_rate"":0.0002}","{""detection_events"":266077,""detectors_checked"":340899840}"
    178176,         2,         0,    32.1,standalone_exact_mw,6a10a1840a7277b64863681e13d5cb65ed80b6c0c130a71789e1f9b9f94c8771,"{""distance"":7,""physical_error_rate"":0.005}","{""detection_events"":2722044,""detectors_checked"":144322560,""obs_mistake_mask=E"":2}"
    184320,         2,         0,    11.7,standalone_exact_mw,6a10a1840a7277b64863681e13d5cb65ed80b6c0c130a71789e1f9b9f94c8771,"{""distance"":7,""physical_error_rate"":0.005}","{""detection_events"":2814173,""detectors_checked"":149299200,""obs_mistake_mask=E"":2}"
    821248,         0,         0,    32.1,standalone_exact_mw,e5383d45c2b34399c539563e7789a53fd4b96cd0b38eade39a3cbfe07ba21ab0,"{""distance"":7,""physical_error_rate"":0.0002}","{""detection_events"":515403,""detectors_checked"":665210880}"
    309248,         0,         0,    11.6,standalone_exact_mw,e5383d45c2b34399c539563e7789a53fd4b96cd0b38eade39a3cbfe07ba21ab0,"{""distance"":7,""physical_error_rate"":0.0002}","{""detection_events"":193342,""detectors_checked"":250490880}"
    317440,         0,         0,    32.1,standalone_exact_mw,9d8ad86e51451842b54dafc7680d1b486ef291963bb72c70f3cdd570d2d8fa34,"{""distance"":7,""physical_error_rate"":0.002}","{""detection_events"":1972433,""detectors_checked"":257126400}"
    676864,         0,         0,    32.1,standalone_exact_mw,ba5ada56442ed2ba457be44e3218b165c8a19e21146c9941e841199e65961aae,"{""distance"":7,""physical_error_rate"":0.0005}","{""detection_events"":1059361,""detectors_checked"":548259840}"
    164864,         1,         0,    11.8,standalone_exact_mw,6a10a1840a7277b64863681e13d5cb65ed80b6c0c130a71789e1f9b9f94c8771,"{""distance"":7,""physical_error_rate"":0.005}","{""detection_events"":2518393,""detectors_checked"":133539840,""obs_mistake_mask=E"":1}"
    176128,         0,         0,    11.6,standalone_exact_mw,e5383d45c2b34399c539563e7789a53fd4b96cd0b38eade39a3cbfe07ba21ab0,"{""distance"":7,""physical_error_rate"":0.0002}","{""detection_events"":109921,""detectors_checked"":142663680}"
    308224,         0,         0,    32.0,standalone_exact_mw,9d8ad86e51451842b54dafc7680d1b486ef291963bb72c70f3cdd570d2d8fa34,"{""distance"":7,""physical_error_rate"":0.002}","{""detection_events"":1915137,""detectors_checked"":249661440}"
    146432,         0,         0,    11.8,standalone_exact_mw,ba5ada56442ed2ba457be44e3218b165c8a19e21146c9941e841199e65961aae,"{""distance"":7,""physical_error_rate"":0.0005}","{""detection_events"":228572,""detectors_checked"":118609920}"
     90112,         0,         0,    11.9,standalone_exact_mw,9d8ad86e51451842b54dafc7680d1b486ef291963bb72c70f3cdd570d2d8fa34,"{""distance"":7,""physical_error_rate"":0.002}","{""detection_events"":559394,""detectors_checked"":72990720}"
     55296,         0,         0,    11.8,standalone_exact_mw,3bd544bb51e006261b45d3a2c996e28fc0c0449411cee5f7deafcd25d9539ebc,"{""distance"":7,""physical_error_rate"":0.001}","{""detection_events"":173877,""detectors_checked"":44789760}"
    409600,         0,         0,    31.9,standalone_exact_mw,ba5ada56442ed2ba457be44e3218b165c8a19e21146c9941e841199e65961aae,"{""distance"":7,""physical_error_rate"":0.0005}","{""detection_events"":641869,""detectors_checked"":331776000}"
    335872,         0,         0,    11.7,standalone_exact_mw,ba5ada56442ed2ba457be44e3218b165c8a19e21146c9941e841199e65961aae,"{""distance"":7,""physical_error_rate"":0.0005}","{""detection_events"":527098,""detectors_checked"":272056320}"
    364544,         0,         0,    32.0,standalone_exact_mw,e5383d45c2b34399c539563e7789a53fd4b96cd0b38eade39a3cbfe07ba21ab0,"{""distance"":7,""physical_error_rate"":0.0002}","{""detection_events"":228548,""detectors_checked"":295280640}"
    107520,         0,         0,    11.8,standalone_exact_mw,e5383d45c2b34399c539563e7789a53fd4b96cd0b38eade39a3cbfe07ba21ab0,"{""distance"":7,""physical_error_rate"":0.0002}","{""detection_events"":68132,""detectors_checked"":87091200}"
   1000448,         0,         0,    32.0,standalone_exact_mw,e5383d45c2b34399c539563e7789a53fd4b96cd0b38eade39a3cbfe07ba21ab0,"{""distance"":7,""physical_error_rate"":0.0002}","{""detection_events"":628657,""detectors_checked"":810362880}"
    234496,         0,         0,    32.0,standalone_exact_mw,ba5ada56442ed2ba457be44e3218b165c8a19e21146c9941e841199e65961aae,"{""distance"":7,""physical_error_rate"":0.0005}","{""detection_events"":366315,""detectors_checked"":189941760}"
    483328,         2,         0,    32.2,standalone_exact_mw,6a10a1840a7277b64863681e13d5cb65ed80b6c0c130a71789e1f9b9f94c8771,"{""distance"":7,""physical_error_rate"":0.005}","{""detection_events"":7381454,""detectors_checked"":391495680,""obs_mistake_mask=E"":2}"
    498688,         0,         0,    32.1,standalone_exact_mw,e5383d45c2b34399c539563e7789a53fd4b96cd0b38eade39a3cbfe07ba21ab0,"{""distance"":7,""physical_error_rate"":0.0002}","{""detection_events"":312690,""detectors_checked"":403937280}"
    165888,         0,         0,    31.9,standalone_exact_mw,3bd544bb51e006261b45d3a2c996e28fc0c0449411cee5f7deafcd25d9539ebc,"{""distance"":7,""physical_error_rate"":0.001}","{""detection_events"":518696,""detectors_checked"":134369280}"
    120832,         0,         0,    32.5,standalone_exact_mw,6a10a1840a7277b64863681e13d5cb65ed80b6c0c130a71789e1f9b9f94c8771,"{""distance"":7,""physical_error_rate"":0.005}","{""detection_events"":1847736,""detectors_checked"":97873920}"
    761856,         0,         0,    32.1,standalone_exact_mw,e5383d45c2b34399c539563e7789a53fd4b96cd0b38eade39a3cbfe07ba21ab0,"{""distance"":7,""physical_error_rate"":0.0002}","{""detection_events"":477212,""detectors_checked"":617103360}"
    542720,         0,         0,    32.2,standalone_exact_mw,9d8ad86e51451842b54dafc7680d1b486ef291963bb72c70f3cdd570d2d8fa34,"{""distance"":7,""physical_error_rate"":0.002}","{""detection_events"":3370681,""detectors_checked"":439603200}"
     77824,         0,         0,    11.8,standalone_exact_mw,3bd544bb51e006261b45d3a2c996e28fc0c0449411cee5f7deafcd25d9539ebc,"{""distance"":7,""physical_error_rate"":0.001}","{""detection_events"":242196,""detectors_checked"":63037440}"
    362496,         0,         0,    32.0,standalone_exact_mw,3bd544bb51e006261b45d3a2c996e28fc0c0449411cee5f7deafcd25d9539ebc,"{""distance"":7,""physical_error_rate"":0.001}","{""detection_events"":1133972,""detectors_checked"":293621760}"
    472064,         3,         0,    32.1,standalone_exact_mw,6a10a1840a7277b64863681e13d5cb65ed80b6c0c130a71789e1f9b9f94c8771,"{""distance"":7,""physical_error_rate"":0.005}","{""detection_events"":7210719,""detectors_checked"":382371840,""obs_mistake_mask=E"":3}"
    194560,         0,         0,    32.6,standalone_exact_mw,9d8ad86e51451842b54dafc7680d1b486ef291963bb72c70f3cdd570d2d8fa34,"{""distance"":7,""physical_error_rate"":0.002}","{""detection_events"":1209565,""detectors_checked"":157593600}"
     88064,         0,         0,    32.5,standalone_exact_mw,6a10a1840a7277b64863681e13d5cb65ed80b6c0c130a71789e1f9b9f94c8771,"{""distance"":7,""physical_error_rate"":0.005}","{""detection_events"":1345323,""detectors_checked"":71331840}"
    193536,         0,         0,    32.1,standalone_exact_mw,3bd544bb51e006261b45d3a2c996e28fc0c0449411cee5f7deafcd25d9539ebc,"{""distance"":7,""physical_error_rate"":0.001}","{""detection_events"":604023,""detectors_checked"":156764160}"
    207872,         0,         0,    32.4,standalone_exact_mw,3bd544bb51e006261b45d3a2c996e28fc0c0449411cee5f7deafcd25d9539ebc,"{""distance"":7,""physical_error_rate"":0.001}","{""detection_events"":650370,""detectors_checked"":168376320}"
    718848,         0,         0,    32.1,standalone_exact_mw,ba5ada56442ed2ba457be44e3218b165c8a19e21146c9941e841199e65961aae,"{""distance"":7,""physical_error_rate"":0.0005}","{""detection_events"":1125342,""detectors_checked"":582266880}"
    747520,         0,         0,    32.0,standalone_exact_mw,ba5ada56442ed2ba457be44e3218b165c8a19e21146c9941e841199e65961aae,"{""distance"":7,""physical_error_rate"":0.0005}","{""detection_events"":1172563,""detectors_checked"":605491200}"
    271360,         0,         0,    32.1,standalone_exact_mw,3bd544bb51e006261b45d3a2c996e28fc0c0449411cee5f7deafcd25d9539ebc,"{""distance"":7,""physical_error_rate"":0.001}","{""detection_events"":848037,""detectors_checked"":219801600}"
    222208,         0,         0,    32.1,standalone_exact_mw,9d8ad86e51451842b54dafc7680d1b486ef291963bb72c70f3cdd570d2d8fa34,"{""distance"":7,""physical_error_rate"":0.002}","{""detection_events"":1379049,""detectors_checked"":179988480}"
    136192,         0,         0,    32.0,standalone_exact_mw,6a10a1840a7277b64863681e13d5cb65ed80b6c0c130a71789e1f9b9f94c8771,"{""distance"":7,""physical_error_rate"":0.005}","{""detection_events"":2078527,""detectors_checked"":110315520}"
    245760,         0,         0,    32.2,standalone_exact_mw,3bd544bb51e006261b45d3a2c996e28fc0c0449411cee5f7deafcd25d9539ebc,"{""distance"":7,""physical_error_rate"":0.001}","{""detection_events"":766580,""detectors_checked"":199065600}"
    201728,         1,         0,    32.2,standalone_exact_mw,6a10a1840a7277b64863681e13d5cb65ed80b6c0c130a71789e1f9b9f94c8771,"{""distance"":7,""physical_error_rate"":0.005}","{""detection_events"":3078232,""detectors_checked"":163399680,""obs_mistake_mask=E"":1}"
    348160,         0,         0,    32.1,standalone_exact_mw,e5383d45c2b34399c539563e7789a53fd4b96cd0b38eade39a3cbfe07ba21ab0,"{""distance"":7,""physical_error_rate"":0.0002}","{""detection_events"":217740,""detectors_checked"":282009600}"
     49152,         0,         0,    11.7,standalone_exact_mw,9d8ad86e51451842b54dafc7680d1b486ef291963bb72c70f3cdd570d2d8fa34,"{""distance"":7,""physical_error_rate"":0.002}","{""detection_events"":305085,""detectors_checked"":39813120}"
     86016,         0,         0,    11.7,standalone_exact_mw,6a10a1840a7277b64863681e13d5cb65ed80b6c0c130a71789e1f9b9f94c8771,"{""distance"":7,""physical_error_rate"":0.005}","{""detection_events"":1312760,""detectors_checked"":69672960}"
     69632,         0,         0,    11.9,standalone_exact_mw,ba5ada56442ed2ba457be44e3218b165c8a19e21146c9941e841199e65961aae,"{""distance"":7,""physical_error_rate"":0.0005}","{""detection_events"":109805,""detectors_checked"":56401920}"
    182272,         0,         0,    32.3,standalone_exact_mw,9d8ad86e51451842b54dafc7680d1b486ef291963bb72c70f3cdd570d2d8fa34,"{""distance"":7,""physical_error_rate"":0.002}","{""detection_events"":1129777,""detectors_checked"":147640320}"
    944128,         0,         0,    32.0,standalone_exact_mw,ba5ada56442ed2ba457be44e3218b165c8a19e21146c9941e841199e65961aae,"{""distance"":7,""physical_error_rate"":0.0005}","{""detection_events"":1481495,""detectors_checked"":764743680}"
     63488,         0,         0,    11.7,standalone_exact_mw,3bd544bb51e006261b45d3a2c996e28fc0c0449411cee5f7deafcd25d9539ebc,"{""distance"":7,""physical_error_rate"":0.001}","{""detection_events"":197401,""detectors_checked"":51425280}"
    948224,         0,         0,    32.1,standalone_exact_mw,e5383d45c2b34399c539563e7789a53fd4b96cd0b38eade39a3cbfe07ba21ab0,"{""distance"":7,""physical_error_rate"":0.0002}","{""detection_events"":595937,""detectors_checked"":768061440}"
    312320,         0,         0,    32.2,standalone_exact_mw,3bd544bb51e006261b45d3a2c996e28fc0c0449411cee5f7deafcd25d9539ebc,"{""distance"":7,""physical_error_rate"":0.001}","{""detection_events"":974918,""detectors_checked"":252979200}"
    479232,         0,         0,    32.1,standalone_exact_mw,ba5ada56442ed2ba457be44e3218b165c8a19e21146c9941e841199e65961aae,"{""distance"":7,""physical_error_rate"":0.0005}","{""detection_events"":749259,""detectors_checked"":388177920}"
    258048,         0,         0,    32.2,standalone_exact_mw,3bd544bb51e006261b45d3a2c996e28fc0c0449411cee5f7deafcd25d9539ebc,"{""distance"":7,""physical_error_rate"":0.001}","{""detection_events"":806754,""detectors_checked"":209018880}"
    178176,         0,         0,    32.3,standalone_exact_mw,3bd544bb51e006261b45d3a2c996e28fc0c0449411cee5f7deafcd25d9539ebc,"{""distance"":7,""physical_error_rate"":0.001}","{""detection_events"":555757,""detectors_checked"":144322560}"
    552960,         0,         0,    32.1,standalone_exact_mw,9d8ad86e51451842b54dafc7680d1b486ef291963bb72c70f3cdd570d2d8fa34,"{""distance"":7,""physical_error_rate"":0.002}","{""detection_events"":3437896,""detectors_checked"":447897600}"
    202752,         0,         0,    32.1,standalone_exact_mw,3bd544bb51e006261b45d3a2c996e28fc0c0449411cee5f7deafcd25d9539ebc,"{""distance"":7,""physical_error_rate"":0.001}","{""detection_events"":633960,""detectors_checked"":164229120}"
    247808,         0,         0,    32.3,standalone_exact_mw,9d8ad86e51451842b54dafc7680d1b486ef291963bb72c70f3cdd570d2d8fa34,"{""distance"":7,""physical_error_rate"":0.002}","{""detection_events"":1539555,""detectors_checked"":200724480}"
    452608,         0,         0,    32.0,standalone_exact_mw,ba5ada56442ed2ba457be44e3218b165c8a19e21146c9941e841199e65961aae,"{""distance"":7,""physical_error_rate"":0.0005}","{""detection_events"":709985,""detectors_checked"":366612480}"
    564224,         0,         0,    32.1,standalone_exact_mw,e5383d45c2b34399c539563e7789a53fd4b96cd0b38eade39a3cbfe07ba21ab0,"{""distance"":7,""physical_error_rate"":0.0002}","{""detection_events"":353371,""detectors_checked"":457021440}"
    519168,         0,         0,    32.1,standalone_exact_mw,e5383d45c2b34399c539563e7789a53fd4b96cd0b38eade39a3cbfe07ba21ab0,"{""distance"":7,""physical_error_rate"":0.0002}","{""detection_events"":326300,""detectors_checked"":420526080}"
    271360,         0,         0,    32.1,standalone_exact_mw,9d8ad86e51451842b54dafc7680d1b486ef291963bb72c70f3cdd570d2d8fa34,"{""distance"":7,""physical_error_rate"":0.002}","{""detection_events"":1687125,""detectors_checked"":219801600}"
    154624,         0,         0,    32.1,standalone_exact_mw,9d8ad86e51451842b54dafc7680d1b486ef291963bb72c70f3cdd570d2d8fa34,"{""distance"":7,""physical_error_rate"":0.002}","{""detection_events"":961570,""detectors_checked"":125245440}"
    422912,         2,         0,    32.1,standalone_exact_mw,6a10a1840a7277b64863681e13d5cb65ed80b6c0c130a71789e1f9b9f94c8771,"{""distance"":7,""physical_error_rate"":0.005}","{""detection_events"":6462629,""detectors_checked"":342558720,""obs_mistake_mask=E"":2}"
    367616,         0,         0,    16.4,standalone_exact_mw,9d8ad86e51451842b54dafc7680d1b486ef291963bb72c70f3cdd570d2d8fa34,"{""distance"":7,""physical_error_rate"":0.002}","{""detection_events"":2282942,""detectors_checked"":297768960}"
    123904,         1,         0,    32.1,standalone_exact_mw,6a10a1840a7277b64863681e13d5cb65ed80b6c0c130a71789e1f9b9f94c8771,"{""distance"":7,""physical_error_rate"":0.005}","{""detection_events"":1892131,""detectors_checked"":100362240,""obs_mistake_mask=E"":1}"
    122880,         0,         0,    16.4,standalone_exact_mw,9d8ad86e51451842b54dafc7680d1b486ef291963bb72c70f3cdd570d2d8fa34,"{""distance"":7,""physical_error_rate"":0.002}","{""detection_events"":765616,""detectors_checked"":99532800}"
    808960,         0,         0,    16.3,standalone_exact_mw,e5383d45c2b34399c539563e7789a53fd4b96cd0b38eade39a3cbfe07ba21ab0,"{""distance"":7,""physical_error_rate"":0.0002}","{""detection_events"":507049,""detectors_checked"":655257600}"
    391168,         0,         0,    16.3,standalone_exact_mw,3bd544bb51e006261b45d3a2c996e28fc0c0449411cee5f7deafcd25d9539ebc,"{""distance"":7,""physical_error_rate"":0.001}","{""detection_events"":1223352,""detectors_checked"":316846080}"
    465920,         0,         0,    16.4,standalone_exact_mw,ba5ada56442ed2ba457be44e3218b165c8a19e21146c9941e841199e65961aae,"{""distance"":7,""physical_error_rate"":0.0005}","{""detection_events"":730445,""detectors_checked"":377395200}"
    547840,         0,         0,    16.4,standalone_exact_mw,e5383d45c2b34399c539563e7789a53fd4b96cd0b38eade39a3cbfe07ba21ab0,"{""distance"":7,""physical_error_rate"":0.0002}","{""detection_events"":344737,""detectors_checked"":443750400}"
     90112,         0,         0,    16.5,standalone_exact_mw,6a10a1840a7277b64863681e13d5cb65ed80b6c0c130a71789e1f9b9f94c8771,"{""distance"":7,""physical_error_rate"":0.005}","{""detection_events"":1378349,""detectors_checked"":72990720}"
    258048,         0,         0,    16.4,standalone_exact_mw,6a10a1840a7277b64863681e13d5cb65ed80b6c0c130a71789e1f9b9f94c8771,"{""distance"":7,""physical_error_rate"":0.005}","{""detection_events"":3941066,""detectors_checked"":209018880}"
    359424,         0,         0,    16.3,standalone_exact_mw,e5383d45c2b34399c539563e7789a53fd4b96cd0b38eade39a3cbfe07ba21ab0,"{""distance"":7,""physical_error_rate"":0.0002}","{""detection_events"":225662,""detectors_checked"":291133440}"
    209920,         1,         0,    16.4,standalone_exact_mw,6a10a1840a7277b64863681e13d5cb65ed80b6c0c130a71789e1f9b9f94c8771,"{""distance"":7,""physical_error_rate"":0.005}","{""detection_events"":3203199,""detectors_checked"":170035200,""obs_mistake_mask=E"":1}"
    390144,         0,         0,    16.4,standalone_exact_mw,e5383d45c2b34399c539563e7789a53fd4b96cd0b38eade39a3cbfe07ba21ab0,"{""distance"":7,""physical_error_rate"":0.0002}","{""detection_events"":244986,""detectors_checked"":316016640}"
    179200,         0,         0,    16.3,standalone_exact_mw,9d8ad86e51451842b54dafc7680d1b486ef291963bb72c70f3cdd570d2d8fa34,"{""distance"":7,""physical_error_rate"":0.002}","{""detection_events"":1115152,""detectors_checked"":145152000}"
    126976,         0,         0,    16.8,standalone_exact_mw,ba5ada56442ed2ba457be44e3218b165c8a19e21146c9941e841199e65961aae,"{""distance"":7,""physical_error_rate"":0.0005}","{""detection_events"":198694,""detectors_checked"":102850560}"
    110592,         0,         0,    16.3,standalone_exact_mw,3bd544bb51e006261b45d3a2c996e28fc0c0449411cee5f7deafcd25d9539ebc,"{""distance"":7,""physical_error_rate"":0.001}","{""detection_events"":345866,""detectors_checked"":89579520}"
    444416,         0,         0,    16.4,standalone_exact_mw,ba5ada56442ed2ba457be44e3218b165c8a19e21146c9941e841199e65961aae,"{""distance"":7,""physical_error_rate"":0.0005}","{""detection_events"":697679,""detectors_checked"":359976960}"
    243712,         0,         0,    16.7,standalone_exact_mw,e5383d45c2b34399c539563e7789a53fd4b96cd0b38eade39a3cbfe07ba21ab0,"{""distance"":7,""physical_error_rate"":0.0002}","{""detection_events"":153858,""detectors_checked"":197406720}"
    114688,         0,         0,    16.5,standalone_exact_mw,3bd544bb51e006261b45d3a2c996e28fc0c0449411cee5f7deafcd25d9539ebc,"{""distance"":7,""physical_error_rate"":0.001}","{""detection_events"":356375,""detectors_checked"":92897280}"
     77824,         0,         0,    16.4,standalone_exact_mw,9d8ad86e51451842b54dafc7680d1b486ef291963bb72c70f3cdd570d2d8fa34,"{""distance"":7,""physical_error_rate"":0.002}","{""detection_events"":483726,""detectors_checked"":63037440}"
     67584,         0,         0,    16.4,standalone_exact_mw,6a10a1840a7277b64863681e13d5cb65ed80b6c0c130a71789e1f9b9f94c8771,"{""distance"":7,""physical_error_rate"":0.005}","{""detection_events"":1032532,""detectors_checked"":54743040}"
    103424,         0,         0,    16.5,standalone_exact_mw,ba5ada56442ed2ba457be44e3218b165c8a19e21146c9941e841199e65961aae,"{""distance"":7,""physical_error_rate"":0.0005}","{""detection_events"":162920,""detectors_checked"":83773440}"
     74752,         0,         0,    16.6,standalone_exact_mw,3bd544bb51e006261b45d3a2c996e28fc0c0449411cee5f7deafcd25d9539ebc,"{""distance"":7,""physical_error_rate"":0.001}","{""detection_events"":233642,""detectors_checked"":60549120}"
    431104,         0,         0,    22.9,standalone_exact_mw,9d8ad86e51451842b54dafc7680d1b486ef291963bb72c70f3cdd570d2d8fa34,"{""distance"":7,""physical_error_rate"":0.002}","{""detection_events"":2678863,""detectors_checked"":349194240}"
    247808,         0,         0,    22.9,standalone_exact_mw,9d8ad86e51451842b54dafc7680d1b486ef291963bb72c70f3cdd570d2d8fa34,"{""distance"":7,""physical_error_rate"":0.002}","{""detection_events"":1542504,""detectors_checked"":200724480}"
    957440,         0,         0,    22.9,standalone_exact_mw,e5383d45c2b34399c539563e7789a53fd4b96cd0b38eade39a3cbfe07ba21ab0,"{""distance"":7,""physical_error_rate"":0.0002}","{""detection_events"":602406,""detectors_checked"":775526400}"
    523264,         0,         0,    22.9,standalone_exact_mw,3bd544bb51e006261b45d3a2c996e28fc0c0449411cee5f7deafcd25d9539ebc,"{""distance"":7,""physical_error_rate"":0.001}","{""detection_events"":1635437,""detectors_checked"":423843840}"
    666624,         1,         0,    22.9,standalone_exact_mw,ba5ada56442ed2ba457be44e3218b165c8a19e21146c9941e841199e65961aae,"{""distance"":7,""physical_error_rate"":0.0005}","{""detection_events"":1046751,""detectors_checked"":539965440,""obs_mistake_mask=E"":1}"
    851968,         0,         0,    44.9,standalone_exact_mw,3bd544bb51e006261b45d3a2c996e28fc0c0449411cee5f7deafcd25d9539ebc,"{""distance"":7,""physical_error_rate"":0.001}","{""detection_events"":2663478,""detectors_checked"":690094080}"
    388096,         0,         0,    45.0,standalone_exact_mw,ba5ada56442ed2ba457be44e3218b165c8a19e21146c9941e841199e65961aae,"{""distance"":7,""physical_error_rate"":0.0005}","{""detection_events"":606663,""detectors_checked"":314357760}"
    946176,         0,         0,    44.8,standalone_exact_mw,ba5ada56442ed2ba457be44e3218b165c8a19e21146c9941e841199e65961aae,"{""distance"":7,""physical_error_rate"":0.0005}","{""detection_events"":1484643,""detectors_checked"":766402560}"
    388096,         0,         0,    22.7,standalone_exact_mw,e5383d45c2b34399c539563e7789a53fd4b96cd0b38eade39a3cbfe07ba21ab0,"{""distance"":7,""physical_error_rate"":0.0002}","{""detection_events"":242668,""detectors_checked"":314357760}"
    223232,         3,         0,    45.0,standalone_exact_mw,6a10a1840a7277b64863681e13d5cb65ed80b6c0c130a71789e1f9b9f94c8771,"{""distance"":7,""physical_error_rate"":0.005}","{""detection_events"":3410474,""detectors_checked"":180817920,""obs_mistake_mask=E"":3}"
    360448,         3,         0,    23.0,standalone_exact_mw,6a10a1840a7277b64863681e13d5cb65ed80b6c0c130a71789e1f9b9f94c8771,"{""distance"":7,""physical_error_rate"":0.005}","{""detection_events"":5501295,""detectors_checked"":291962880,""obs_mistake_mask=E"":3}"
    176128,         0,         0,    22.9,standalone_exact_mw,e5383d45c2b34399c539563e7789a53fd4b96cd0b38eade39a3cbfe07ba21ab0,"{""distance"":7,""physical_error_rate"":0.0002}","{""detection_events"":110314,""detectors_checked"":142663680}"
    161792,         0,         0,    23.2,standalone_exact_mw,6a10a1840a7277b64863681e13d5cb65ed80b6c0c130a71789e1f9b9f94c8771,"{""distance"":7,""physical_error_rate"":0.005}","{""detection_events"":2472361,""detectors_checked"":131051520}"
    391168,         4,         0,    44.9,standalone_exact_mw,6a10a1840a7277b64863681e13d5cb65ed80b6c0c130a71789e1f9b9f94c8771,"{""distance"":7,""physical_error_rate"":0.005}","{""detection_events"":5976690,""detectors_checked"":316846080,""obs_mistake_mask=E"":4}"
    709632,         0,         0,    44.9,standalone_exact_mw,e5383d45c2b34399c539563e7789a53fd4b96cd0b38eade39a3cbfe07ba21ab0,"{""distance"":7,""physical_error_rate"":0.0002}","{""detection_events"":446846,""detectors_checked"":574801920}"
    353280,         3,         0,    22.9,standalone_exact_mw,6a10a1840a7277b64863681e13d5cb65ed80b6c0c130a71789e1f9b9f94c8771,"{""distance"":7,""physical_error_rate"":0.005}","{""detection_events"":5393210,""detectors_checked"":286156800,""obs_mistake_mask=E"":3}"
    611328,         0,         0,    22.9,standalone_exact_mw,e5383d45c2b34399c539563e7789a53fd4b96cd0b38eade39a3cbfe07ba21ab0,"{""distance"":7,""physical_error_rate"":0.0002}","{""detection_events"":383617,""detectors_checked"":495175680}"
    207872,         0,         0,    44.9,standalone_exact_mw,9d8ad86e51451842b54dafc7680d1b486ef291963bb72c70f3cdd570d2d8fa34,"{""distance"":7,""physical_error_rate"":0.002}","{""detection_events"":1292678,""detectors_checked"":168376320}"
    346112,         0,         0,    45.0,standalone_exact_mw,9d8ad86e51451842b54dafc7680d1b486ef291963bb72c70f3cdd570d2d8fa34,"{""distance"":7,""physical_error_rate"":0.002}","{""detection_events"":2149284,""detectors_checked"":280350720}"
    287744,         0,         0,    45.1,standalone_exact_mw,3bd544bb51e006261b45d3a2c996e28fc0c0449411cee5f7deafcd25d9539ebc,"{""distance"":7,""physical_error_rate"":0.001}","{""detection_events"":897163,""detectors_checked"":233072640}"
   1164288,         0,         0,    44.9,standalone_exact_mw,ba5ada56442ed2ba457be44e3218b165c8a19e21146c9941e841199e65961aae,"{""distance"":7,""physical_error_rate"":0.0005}","{""detection_events"":1820958,""detectors_checked"":943073280}"
   1320960,         0,         0,    44.8,standalone_exact_mw,e5383d45c2b34399c539563e7789a53fd4b96cd0b38eade39a3cbfe07ba21ab0,"{""distance"":7,""physical_error_rate"":0.0002}","{""detection_events"":829178,""detectors_checked"":1069977600}"
   1283072,         0,         0,    44.9,standalone_exact_mw,ba5ada56442ed2ba457be44e3218b165c8a19e21146c9941e841199e65961aae,"{""distance"":7,""physical_error_rate"":0.0005}","{""detection_events"":2011138,""detectors_checked"":1039288320}"
    207872,         0,         0,    23.0,standalone_exact_mw,9d8ad86e51451842b54dafc7680d1b486ef291963bb72c70f3cdd570d2d8fa34,"{""distance"":7,""physical_error_rate"":0.002}","{""detection_events"":1290798,""detectors_checked"":168376320}"
    191488,         0,         0,    22.8,standalone_exact_mw,ba5ada56442ed2ba457be44e3218b165c8a19e21146c9941e841199e65961aae,"{""distance"":7,""physical_error_rate"":0.0005}","{""detection_events"":299713,""detectors_checked"":155105280}"
    524288,         0,         0,    44.8,standalone_exact_mw,3bd544bb51e006261b45d3a2c996e28fc0c0449411cee5f7deafcd25d9539ebc,"{""distance"":7,""physical_error_rate"":0.001}","{""detection_events"":1636327,""detectors_checked"":424673280}"
    491520,         0,         0,    44.9,standalone_exact_mw,3bd544bb51e006261b45d3a2c996e28fc0c0449411cee5f7deafcd25d9539ebc,"{""distance"":7,""physical_error_rate"":0.001}","{""detection_events"":1539796,""detectors_checked"":398131200}"
    837632,         0,         0,    44.9,standalone_exact_mw,9d8ad86e51451842b54dafc7680d1b486ef291963bb72c70f3cdd570d2d8fa34,"{""distance"":7,""physical_error_rate"":0.002}","{""detection_events"":5209875,""detectors_checked"":678481920}"
    117760,         0,         0,    22.8,standalone_exact_mw,3bd544bb51e006261b45d3a2c996e28fc0c0449411cee5f7deafcd25d9539ebc,"{""distance"":7,""physical_error_rate"":0.001}","{""detection_events"":368009,""detectors_checked"":95385600}"
    661504,         0,         0,    22.9,standalone_exact_mw,ba5ada56442ed2ba457be44e3218b165c8a19e21146c9941e841199e65961aae,"{""distance"":7,""physical_error_rate"":0.0005}","{""detection_events"":1037228,""detectors_checked"":535818240}"
   1641472,         0,         0,    44.8,standalone_exact_mw,e5383d45c2b34399c539563e7789a53fd4b96cd0b38eade39a3cbfe07ba21ab0,"{""distance"":7,""physical_error_rate"":0.0002}","{""detection_events"":1028975,""detectors_checked"":1329592320}"
   1472512,         0,         0,    44.9,standalone_exact_mw,ba5ada56442ed2ba457be44e3218b165c8a19e21146c9941e841199e65961aae,"{""distance"":7,""physical_error_rate"":0.0005}","{""detection_events"":2307255,""detectors_checked"":1192734720}"
   1867776,         0,         0,    44.9,standalone_exact_mw,e5383d45c2b34399c539563e7789a53fd4b96cd0b38eade39a3cbfe07ba21ab0,"{""distance"":7,""physical_error_rate"":0.0002}","{""detection_events"":1171829,""detectors_checked"":1512898560}"
    578560,         0,         0,    44.9,standalone_exact_mw,ba5ada56442ed2ba457be44e3218b165c8a19e21146c9941e841199e65961aae,"{""distance"":7,""physical_error_rate"":0.0005}","{""detection_events"":910080,""detectors_checked"":468633600}"
   1045504,         0,         0,    44.9,standalone_exact_mw,3bd544bb51e006261b45d3a2c996e28fc0c0449411cee5f7deafcd25d9539ebc,"{""distance"":7,""physical_error_rate"":0.001}","{""detection_events"":3268294,""detectors_checked"":846858240}"
   1258496,         0,         0,    44.9,standalone_exact_mw,ba5ada56442ed2ba457be44e3218b165c8a19e21146c9941e841199e65961aae,"{""distance"":7,""physical_error_rate"":0.0005}","{""detection_events"":1975274,""detectors_checked"":1019381760}"
    367616,         0,         0,    44.9,standalone_exact_mw,9d8ad86e51451842b54dafc7680d1b486ef291963bb72c70f3cdd570d2d8fa34,"{""distance"":7,""physical_error_rate"":0.002}","{""detection_events"":2284224,""detectors_checked"":297768960}"
    245760,         0,         0,    45.0,standalone_exact_mw,9d8ad86e51451842b54dafc7680d1b486ef291963bb72c70f3cdd570d2d8fa34,"{""distance"":7,""physical_error_rate"":0.002}","{""detection_events"":1526266,""detectors_checked"":199065600}"
    926720,         0,         0,    44.9,standalone_exact_mw,ba5ada56442ed2ba457be44e3218b165c8a19e21146c9941e841199e65961aae,"{""distance"":7,""physical_error_rate"":0.0005}","{""detection_events"":1451363,""detectors_checked"":750643200}"
    706560,         6,         0,    44.9,standalone_exact_mw,6a10a1840a7277b64863681e13d5cb65ed80b6c0c130a71789e1f9b9f94c8771,"{""distance"":7,""physical_error_rate"":0.005}","{""detection_events"":10787455,""detectors_checked"":572313600,""obs_mistake_mask=E"":6}"
    348160,         0,         0,    44.8,standalone_exact_mw,e5383d45c2b34399c539563e7789a53fd4b96cd0b38eade39a3cbfe07ba21ab0,"{""distance"":7,""physical_error_rate"":0.0002}","{""detection_events"":217336,""detectors_checked"":282009600}"
   1318912,         0,         0,    44.9,standalone_exact_mw,e5383d45c2b34399c539563e7789a53fd4b96cd0b38eade39a3cbfe07ba21ab0,"{""distance"":7,""physical_error_rate"":0.0002}","{""detection_events"":826798,""detectors_checked"":1068318720}"
    185344,         0,         0,    23.2,standalone_exact_mw,e5383d45c2b34399c539563e7789a53fd4b96cd0b38eade39a3cbfe07ba21ab0,"{""distance"":7,""physical_error_rate"":0.0002}","{""detection_events"":115887,""detectors_checked"":150128640}"
    553984,         0,         0,    44.9,standalone_exact_mw,3bd544bb51e006261b45d3a2c996e28fc0c0449411cee5f7deafcd25d9539ebc,"{""distance"":7,""physical_error_rate"":0.001}","{""detection_events"":1729095,""detectors_checked"":448727040}"
    330752,         0,         0,    45.0,standalone_exact_mw,3bd544bb51e006261b45d3a2c996e28fc0c0449411cee5f7deafcd25d9539ebc,"{""distance"":7,""physical_error_rate"":0.001}","{""detection_events"":1032026,""detectors_checked"":267909120}"
    362496,         4,         0,    44.9,standalone_exact_mw,6a10a1840a7277b64863681e13d5cb65ed80b6c0c130a71789e1f9b9f94c8771,"{""distance"":7,""physical_error_rate"":0.005}","{""detection_events"":5540359,""detectors_checked"":293621760,""obs_mistake_mask=E"":4}"
   1576960,         0,         0,    44.9,standalone_exact_mw,e5383d45c2b34399c539563e7789a53fd4b96cd0b38eade39a3cbfe07ba21ab0,"{""distance"":7,""physical_error_rate"":0.0002}","{""detection_events"":992479,""detectors_checked"":1277337600}"
    384000,         2,         0,    45.0,standalone_exact_mw,6a10a1840a7277b64863681e13d5cb65ed80b6c0c130a71789e1f9b9f94c8771,"{""distance"":7,""physical_error_rate"":0.005}","{""detection_events"":5868288,""detectors_checked"":311040000,""obs_mistake_mask=E"":2}"
    308224,         0,         0,    44.9,standalone_exact_mw,3bd544bb51e006261b45d3a2c996e28fc0c0449411cee5f7deafcd25d9539ebc,"{""distance"":7,""physical_error_rate"":0.001}","{""detection_events"":962854,""detectors_checked"":249661440}"
    109568,         0,         0,    22.9,standalone_exact_mw,3bd544bb51e006261b45d3a2c996e28fc0c0449411cee5f7deafcd25d9539ebc,"{""distance"":7,""physical_error_rate"":0.001}","{""detection_events"":342356,""detectors_checked"":88750080}"
    202752,         0,         0,    44.8,standalone_exact_mw,9d8ad86e51451842b54dafc7680d1b486ef291963bb72c70f3cdd570d2d8fa34,"{""distance"":7,""physical_error_rate"":0.002}","{""detection_events"":1260938,""detectors_checked"":164229120}"
    498688,         0,         0,    44.7,standalone_exact_mw,e5383d45c2b34399c539563e7789a53fd4b96cd0b38eade39a3cbfe07ba21ab0,"{""distance"":7,""physical_error_rate"":0.0002}","{""detection_events"":311336,""detectors_checked"":403937280}"
    515072,         0,         0,    45.0,standalone_exact_mw,9d8ad86e51451842b54dafc7680d1b486ef291963bb72c70f3cdd570d2d8fa34,"{""distance"":7,""physical_error_rate"":0.002}","{""detection_events"":3202877,""detectors_checked"":417208320}"
    235520,         0,         0,    44.9,standalone_exact_mw,9d8ad86e51451842b54dafc7680d1b486ef291963bb72c70f3cdd570d2d8fa34,"{""distance"":7,""physical_error_rate"":0.002}","{""detection_events"":1461750,""detectors_checked"":190771200}"
    693248,         0,         0,    44.9,standalone_exact_mw,9d8ad86e51451842b54dafc7680d1b486ef291963bb72c70f3cdd570d2d8fa34,"{""distance"":7,""physical_error_rate"":0.002}","{""detection_events"":4310045,""detectors_checked"":561530880}"
    556032,         0,         0,    44.8,standalone_exact_mw,ba5ada56442ed2ba457be44e3218b165c8a19e21146c9941e841199e65961aae,"{""distance"":7,""physical_error_rate"":0.0005}","{""detection_events"":869322,""detectors_checked"":450385920}"
    509952,         0,         0,    44.8,standalone_exact_mw,3bd544bb51e006261b45d3a2c996e28fc0c0449411cee5f7deafcd25d9539ebc,"{""distance"":7,""physical_error_rate"":0.001}","{""detection_events"":1592861,""detectors_checked"":413061120}"
    249856,         0,         0,    45.0,standalone_exact_mw,3bd544bb51e006261b45d3a2c996e28fc0c0449411cee5f7deafcd25d9539ebc,"{""distance"":7,""physical_error_rate"":0.001}","{""detection_events"":778625,""detectors_checked"":202383360}"
    207872,         0,         0,    45.0,standalone_exact_mw,6a10a1840a7277b64863681e13d5cb65ed80b6c0c130a71789e1f9b9f94c8771,"{""distance"":7,""physical_error_rate"":0.005}","{""detection_events"":3176139,""detectors_checked"":168376320}"
   1351680,         0,         0,    44.9,standalone_exact_mw,e5383d45c2b34399c539563e7789a53fd4b96cd0b38eade39a3cbfe07ba21ab0,"{""distance"":7,""physical_error_rate"":0.0002}","{""detection_events"":850077,""detectors_checked"":1094860800}"
    445440,         0,         0,    44.8,standalone_exact_mw,e5383d45c2b34399c539563e7789a53fd4b96cd0b38eade39a3cbfe07ba21ab0,"{""distance"":7,""physical_error_rate"":0.0002}","{""detection_events"":279725,""detectors_checked"":360806400}"
    307200,         2,         0,    45.1,standalone_exact_mw,6a10a1840a7277b64863681e13d5cb65ed80b6c0c130a71789e1f9b9f94c8771,"{""distance"":7,""physical_error_rate"":0.005}","{""detection_events"":4695152,""detectors_checked"":248832000,""obs_mistake_mask=E"":2}"
    235520,         0,         0,    44.9,standalone_exact_mw,6a10a1840a7277b64863681e13d5cb65ed80b6c0c130a71789e1f9b9f94c8771,"{""distance"":7,""physical_error_rate"":0.005}","{""detection_events"":3594925,""detectors_checked"":190771200}"
    367616,         0,         0,    44.8,standalone_exact_mw,ba5ada56442ed2ba457be44e3218b165c8a19e21146c9941e841199e65961aae,"{""distance"":7,""physical_error_rate"":0.0005}","{""detection_events"":576872,""detectors_checked"":297768960}"
    489472,         0,         0,    44.9,standalone_exact_mw,e5383d45c2b34399c539563e7789a53fd4b96cd0b38eade39a3cbfe07ba21ab0,"{""distance"":7,""physical_error_rate"":0.0002}","{""detection_events"":306915,""detectors_checked"":396472320}"
    179200,         0,         0,    44.8,standalone_exact_mw,6a10a1840a7277b64863681e13d5cb65ed80b6c0c130a71789e1f9b9f94c8771,"{""distance"":7,""physical_error_rate"":0.005}","{""detection_events"":2736298,""detectors_checked"":145152000}"
    252928,         0,         0,    45.0,standalone_exact_mw,9d8ad86e51451842b54dafc7680d1b486ef291963bb72c70f3cdd570d2d8fa34,"{""distance"":7,""physical_error_rate"":0.002}","{""detection_events"":1570902,""detectors_checked"":204871680}"
    731136,         0,         0,    45.0,standalone_exact_mw,9d8ad86e51451842b54dafc7680d1b486ef291963bb72c70f3cdd570d2d8fa34,"{""distance"":7,""physical_error_rate"":0.002}","{""detection_events"":4545552,""detectors_checked"":592220160}"
    221184,         2,         0,    45.1,standalone_exact_mw,6a10a1840a7277b64863681e13d5cb65ed80b6c0c130a71789e1f9b9f94c8771,"{""distance"":7,""physical_error_rate"":0.005}","{""detection_events"":3379366,""detectors_checked"":179159040,""obs_mistake_mask=E"":2}"
    786432,         5,         0,    44.9,standalone_exact_mw,6a10a1840a7277b64863681e13d5cb65ed80b6c0c130a71789e1f9b9f94c8771,"{""distance"":7,""physical_error_rate"":0.005}","{""detection_events"":12000637,""detectors_checked"":637009920,""obs_mistake_mask=E"":5}"
   1085440,         0,         0,    44.9,standalone_exact_mw,3bd544bb51e006261b45d3a2c996e28fc0c0449411cee5f7deafcd25d9539ebc,"{""distance"":7,""physical_error_rate"":0.001}","{""detection_events"":3397316,""detectors_checked"":879206400}"
    148480,         0,         0,    45.2,standalone_exact_mw,6a10a1840a7277b64863681e13d5cb65ed80b6c0c130a71789e1f9b9f94c8771,"{""distance"":7,""physical_error_rate"":0.005}","{""detection_events"":2265742,""detectors_checked"":120268800}"
    332800,         0,         0,    44.8,standalone_exact_mw,ba5ada56442ed2ba457be44e3218b165c8a19e21146c9941e841199e65961aae,"{""distance"":7,""physical_error_rate"":0.0005}","{""detection_events"":521304,""detectors_checked"":269568000}"
    181248,         0,         0,    45.0,standalone_exact_mw,9d8ad86e51451842b54dafc7680d1b486ef291963bb72c70f3cdd570d2d8fa34,"{""distance"":7,""physical_error_rate"":0.002}","{""detection_events"":1126428,""detectors_checked"":146810880}"
    419840,         0,         0,    45.0,standalone_exact_mw,3bd544bb51e006261b45d3a2c996e28fc0c0449411cee5f7deafcd25d9539ebc,"{""distance"":7,""physical_error_rate"":0.001}","{""detection_events"":1308947,""detectors_checked"":340070400}"
   1277952,         0,         0,    44.9,standalone_exact_mw,e5383d45c2b34399c539563e7789a53fd4b96cd0b38eade39a3cbfe07ba21ab0,"{""distance"":7,""physical_error_rate"":0.0002}","{""detection_events"":800937,""detectors_checked"":1035141120}"
    515072,         0,         0,    44.9,standalone_exact_mw,ba5ada56442ed2ba457be44e3218b165c8a19e21146c9941e841199e65961aae,"{""distance"":7,""physical_error_rate"":0.0005}","{""detection_events"":806089,""detectors_checked"":417208320}"
    326656,         0,         0,    44.9,standalone_exact_mw,ba5ada56442ed2ba457be44e3218b165c8a19e21146c9941e841199e65961aae,"{""distance"":7,""physical_error_rate"":0.0005}","{""detection_events"":511367,""detectors_checked"":264591360}"
    261120,         2,         0,    44.8,standalone_exact_mw,6a10a1840a7277b64863681e13d5cb65ed80b6c0c130a71789e1f9b9f94c8771,"{""distance"":7,""physical_error_rate"":0.005}","{""detection_events"":3991468,""detectors_checked"":211507200,""obs_mistake_mask=E"":2}"
    138240,         0,         0,    23.0,standalone_exact_mw,9d8ad86e51451842b54dafc7680d1b486ef291963bb72c70f3cdd570d2d8fa34,"{""distance"":7,""physical_error_rate"":0.002}","{""detection_events"":858584,""detectors_checked"":111974400}"
    901120,         0,         0,    44.8,standalone_exact_mw,e5383d45c2b34399c539563e7789a53fd4b96cd0b38eade39a3cbfe07ba21ab0,"{""distance"":7,""physical_error_rate"":0.0002}","{""detection_events"":566767,""detectors_checked"":729907200}"
    408576,         0,         0,    44.9,standalone_exact_mw,9d8ad86e51451842b54dafc7680d1b486ef291963bb72c70f3cdd570d2d8fa34,"{""distance"":7,""physical_error_rate"":0.002}","{""detection_events"":2534292,""detectors_checked"":330946560}"
    640000,         0,         0,    44.8,standalone_exact_mw,ba5ada56442ed2ba457be44e3218b165c8a19e21146c9941e841199e65961aae,"{""distance"":7,""physical_error_rate"":0.0005}","{""detection_events"":1002383,""detectors_checked"":518400000}"
     83968,         0,         0,    23.4,standalone_exact_mw,6a10a1840a7277b64863681e13d5cb65ed80b6c0c130a71789e1f9b9f94c8771,"{""distance"":7,""physical_error_rate"":0.005}","{""detection_events"":1280178,""detectors_checked"":68014080}"
    293888,         0,         0,    44.9,standalone_exact_mw,9d8ad86e51451842b54dafc7680d1b486ef291963bb72c70f3cdd570d2d8fa34,"{""distance"":7,""physical_error_rate"":0.002}","{""detection_events"":1829466,""detectors_checked"":238049280}"
    208896,         0,         0,    22.9,standalone_exact_mw,ba5ada56442ed2ba457be44e3218b165c8a19e21146c9941e841199e65961aae,"{""distance"":7,""physical_error_rate"":0.0005}","{""detection_events"":327594,""detectors_checked"":169205760}"
    423936,         0,         0,    44.9,standalone_exact_mw,ba5ada56442ed2ba457be44e3218b165c8a19e21146c9941e841199e65961aae,"{""distance"":7,""physical_error_rate"":0.0005}","{""detection_events"":662488,""detectors_checked"":343388160}"
    916480,         0,         0,    44.9,standalone_exact_mw,e5383d45c2b34399c539563e7789a53fd4b96cd0b38eade39a3cbfe07ba21ab0,"{""distance"":7,""physical_error_rate"":0.0002}","{""detection_events"":575617,""detectors_checked"":742348800}"
   1534976,         0,         0,    44.9,standalone_exact_mw,e5383d45c2b34399c539563e7789a53fd4b96cd0b38eade39a3cbfe07ba21ab0,"{""distance"":7,""physical_error_rate"":0.0002}","{""detection_events"":963016,""detectors_checked"":1243330560}"
    697344,         5,         0,    44.9,standalone_exact_mw,6a10a1840a7277b64863681e13d5cb65ed80b6c0c130a71789e1f9b9f94c8771,"{""distance"":7,""physical_error_rate"":0.005}","{""detection_events"":10647421,""detectors_checked"":564848640,""obs_mistake_mask=E"":5}"
    560128,         0,         0,    44.8,standalone_exact_mw,ba5ada56442ed2ba457be44e3218b165c8a19e21146c9941e841199e65961aae,"{""distance"":7,""physical_error_rate"":0.0005}","{""detection_events"":874170,""detectors_checked"":453703680}"
   1169408,         0,         0,    44.8,standalone_exact_mw,e5383d45c2b34399c539563e7789a53fd4b96cd0b38eade39a3cbfe07ba21ab0,"{""distance"":7,""physical_error_rate"":0.0002}","{""detection_events"":734141,""detectors_checked"":947220480}"
    297984,         0,         0,    44.9,standalone_exact_mw,3bd544bb51e006261b45d3a2c996e28fc0c0449411cee5f7deafcd25d9539ebc,"{""distance"":7,""physical_error_rate"":0.001}","{""detection_events"":931450,""detectors_checked"":241367040}"
    205824,         0,         0,    44.9,standalone_exact_mw,6a10a1840a7277b64863681e13d5cb65ed80b6c0c130a71789e1f9b9f94c8771,"{""distance"":7,""physical_error_rate"":0.005}","{""detection_events"":3147565,""detectors_checked"":166717440}"
   1064960,         0,         0,    44.9,standalone_exact_mw,e5383d45c2b34399c539563e7789a53fd4b96cd0b38eade39a3cbfe07ba21ab0,"{""distance"":7,""physical_error_rate"":0.0002}","{""detection_events"":668632,""detectors_checked"":862617600}"
    407552,         0,         0,    44.8,standalone_exact_mw,9d8ad86e51451842b54dafc7680d1b486ef291963bb72c70f3cdd570d2d8fa34,"{""distance"":7,""physical_error_rate"":0.002}","{""detection_events"":2537239,""detectors_checked"":330117120}"
    256000,         0,         0,    22.9,standalone_exact_mw,3bd544bb51e006261b45d3a2c996e28fc0c0449411cee5f7deafcd25d9539ebc,"{""distance"":7,""physical_error_rate"":0.001}","{""detection_events"":798386,""detectors_checked"":207360000}"
    708608,         9,         0,    45.0,standalone_exact_mw,6a10a1840a7277b64863681e13d5cb65ed80b6c0c130a71789e1f9b9f94c8771,"{""distance"":7,""physical_error_rate"":0.005}","{""detection_events"":10822765,""detectors_checked"":573972480,""obs_mistake_mask=E"":9}"
    579584,        10,         0,    44.9,standalone_exact_mw,6a10a1840a7277b64863681e13d5cb65ed80b6c0c130a71789e1f9b9f94c8771,"{""distance"":7,""physical_error_rate"":0.005}","{""detection_events"":8849005,""detectors_checked"":469463040,""obs_mistake_mask=E"":10}"
    352256,         0,         0,    45.2,standalone_exact_mw,3bd544bb51e006261b45d3a2c996e28fc0c0449411cee5f7deafcd25d9539ebc,"{""distance"":7,""physical_error_rate"":0.001}","{""detection_events"":1100324,""detectors_checked"":285327360}"
    292864,         0,         0,    44.9,standalone_exact_mw,9d8ad86e51451842b54dafc7680d1b486ef291963bb72c70f3cdd570d2d8fa34,"{""distance"":7,""physical_error_rate"":0.002}","{""detection_events"":1822064,""detectors_checked"":237219840}"
    243712,         0,         0,    44.7,standalone_exact_mw,3bd544bb51e006261b45d3a2c996e28fc0c0449411cee5f7deafcd25d9539ebc,"{""distance"":7,""physical_error_rate"":0.001}","{""detection_events"":763873,""detectors_checked"":197406720}"
    317440,         0,         0,    45.1,standalone_exact_mw,3bd544bb51e006261b45d3a2c996e28fc0c0449411cee5f7deafcd25d9539ebc,"{""distance"":7,""physical_error_rate"":0.001}","{""detection_events"":993898,""detectors_checked"":257126400}"
    736256,         0,         0,    44.9,standalone_exact_mw,ba5ada56442ed2ba457be44e3218b165c8a19e21146c9941e841199e65961aae,"{""distance"":7,""physical_error_rate"":0.0005}","{""detection_events"":1154292,""detectors_checked"":596367360}"
    788480,         0,         0,    44.9,standalone_exact_mw,ba5ada56442ed2ba457be44e3218b165c8a19e21146c9941e841199e65961aae,"{""distance"":7,""physical_error_rate"":0.0005}","{""detection_events"":1238023,""detectors_checked"":638668800}"
    649216,         0,         0,    45.0,standalone_exact_mw,3bd544bb51e006261b45d3a2c996e28fc0c0449411cee5f7deafcd25d9539ebc,"{""distance"":7,""physical_error_rate"":0.001}","{""detection_events"":2029846,""detectors_checked"":525864960}"
    418816,         2,         0,    44.9,standalone_exact_mw,6a10a1840a7277b64863681e13d5cb65ed80b6c0c130a71789e1f9b9f94c8771,"{""distance"":7,""physical_error_rate"":0.005}","{""detection_events"":6402433,""detectors_checked"":339240960,""obs_mistake_mask=E"":2}"
    289792,         0,         0,    44.8,standalone_exact_mw,3bd544bb51e006261b45d3a2c996e28fc0c0449411cee5f7deafcd25d9539ebc,"{""distance"":7,""physical_error_rate"":0.001}","{""detection_events"":905516,""detectors_checked"":234731520}"
    241664,         0,         0,    45.4,standalone_exact_mw,9d8ad86e51451842b54dafc7680d1b486ef291963bb72c70f3cdd570d2d8fa34,"{""distance"":7,""physical_error_rate"":0.002}","{""detection_events"":1503483,""detectors_checked"":195747840}"
    437248,         0,         0,    44.8,standalone_exact_mw,e5383d45c2b34399c539563e7789a53fd4b96cd0b38eade39a3cbfe07ba21ab0,"{""distance"":7,""physical_error_rate"":0.0002}","{""detection_events"":273159,""detectors_checked"":354170880}"
    156672,         1,         0,    45.1,standalone_exact_mw,6a10a1840a7277b64863681e13d5cb65ed80b6c0c130a71789e1f9b9f94c8771,"{""distance"":7,""physical_error_rate"":0.005}","{""detection_events"":2392934,""detectors_checked"":126904320,""obs_mistake_mask=E"":1}"
    243712,         0,         0,    45.1,standalone_exact_mw,9d8ad86e51451842b54dafc7680d1b486ef291963bb72c70f3cdd570d2d8fa34,"{""distance"":7,""physical_error_rate"":0.002}","{""detection_events"":1513373,""detectors_checked"":197406720}"
   1230848,         0,         0,    44.8,standalone_exact_mw,ba5ada56442ed2ba457be44e3218b165c8a19e21146c9941e841199e65961aae,"{""distance"":7,""physical_error_rate"":0.0005}","{""detection_events"":1929761,""detectors_checked"":996986880}"
   1238016,         0,         0,    44.9,standalone_exact_mw,e5383d45c2b34399c539563e7789a53fd4b96cd0b38eade39a3cbfe07ba21ab0,"{""distance"":7,""physical_error_rate"":0.0002}","{""detection_events"":777783,""detectors_checked"":1002792960}"
    292864,         0,         0,    44.9,standalone_exact_mw,3bd544bb51e006261b45d3a2c996e28fc0c0449411cee5f7deafcd25d9539ebc,"{""distance"":7,""physical_error_rate"":0.001}","{""detection_events"":913661,""detectors_checked"":237219840}"
   1106944,         0,         0,    44.8,standalone_exact_mw,ba5ada56442ed2ba457be44e3218b165c8a19e21146c9941e841199e65961aae,"{""distance"":7,""physical_error_rate"":0.0005}","{""detection_events"":1739339,""detectors_checked"":896624640}"
    670720,         0,         0,    44.9,standalone_exact_mw,3bd544bb51e006261b45d3a2c996e28fc0c0449411cee5f7deafcd25d9539ebc,"{""distance"":7,""physical_error_rate"":0.001}","{""detection_events"":2095904,""detectors_checked"":543283200}"
    549888,         2,         0,    44.9,standalone_exact_mw,9d8ad86e51451842b54dafc7680d1b486ef291963bb72c70f3cdd570d2d8fa34,"{""distance"":7,""physical_error_rate"":0.002}","{""detection_events"":3418830,""detectors_checked"":445409280,""obs_mistake_mask=E"":2}"
    336896,         0,         0,    45.1,standalone_exact_mw,3bd544bb51e006261b45d3a2c996e28fc0c0449411cee5f7deafcd25d9539ebc,"{""distance"":7,""physical_error_rate"":0.001}","{""detection_events"":1047834,""detectors_checked"":272885760}"
   1203200,         0,         0,    44.8,standalone_exact_mw,e5383d45c2b34399c539563e7789a53fd4b96cd0b38eade39a3cbfe07ba21ab0,"{""distance"":7,""physical_error_rate"":0.0002}","{""detection_events"":757888,""detectors_checked"":974592000}"
    540672,         0,         0,    45.0,standalone_exact_mw,ba5ada56442ed2ba457be44e3218b165c8a19e21146c9941e841199e65961aae,"{""distance"":7,""physical_error_rate"":0.0005}","{""detection_events"":848567,""detectors_checked"":437944320}"
    224256,         0,         0,    45.3,standalone_exact_mw,3bd544bb51e006261b45d3a2c996e28fc0c0449411cee5f7deafcd25d9539ebc,"{""distance"":7,""physical_error_rate"":0.001}","{""detection_events"":700392,""detectors_checked"":181647360}"
    218112,         0,         0,    45.3,standalone_exact_mw,9d8ad86e51451842b54dafc7680d1b486ef291963bb72c70f3cdd570d2d8fa34,"{""distance"":7,""physical_error_rate"":0.002}","{""detection_events"":1355516,""detectors_checked"":176670720}"
    617472,         0,         0,    44.9,standalone_exact_mw,e5383d45c2b34399c539563e7789a53fd4b96cd0b38eade39a3cbfe07ba21ab0,"{""distance"":7,""physical_error_rate"":0.0002}","{""detection_events"":388461,""detectors_checked"":500152320}"
    606208,         0,         0,    44.9,standalone_exact_mw,9d8ad86e51451842b54dafc7680d1b486ef291963bb72c70f3cdd570d2d8fa34,"{""distance"":7,""physical_error_rate"":0.002}","{""detection_events"":3767078,""detectors_checked"":491028480}"
    208896,         0,         0,    44.9,standalone_exact_mw,9d8ad86e51451842b54dafc7680d1b486ef291963bb72c70f3cdd570d2d8fa34,"{""distance"":7,""physical_error_rate"":0.002}","{""detection_events"":1296384,""detectors_checked"":169205760}"
    309248,         0,         0,    45.0,standalone_exact_mw,6a10a1840a7277b64863681e13d5cb65ed80b6c0c130a71789e1f9b9f94c8771,"{""distance"":7,""physical_error_rate"":0.005}","{""detection_events"":4726210,""detectors_checked"":250490880}"
    394240,         3,         0,    44.9,standalone_exact_mw,6a10a1840a7277b64863681e13d5cb65ed80b6c0c130a71789e1f9b9f94c8771,"{""distance"":7,""physical_error_rate"":0.005}","{""detection_events"":6021305,""detectors_checked"":319334400,""obs_mistake_mask=E"":3}"
    541696,         0,         0,    32.1,standalone_exact_mw,9d8ad86e51451842b54dafc7680d1b486ef291963bb72c70f3cdd570d2d8fa34,"{""distance"":7,""physical_error_rate"":0.002}","{""detection_events"":3365071,""detectors_checked"":438773760}"
    419840,         1,         0,    32.0,standalone_exact_mw,9d8ad86e51451842b54dafc7680d1b486ef291963bb72c70f3cdd570d2d8fa34,"{""distance"":7,""physical_error_rate"":0.002}","{""detection_events"":2609514,""detectors_checked"":340070400,""obs_mistake_mask=E"":1}"
   1130496,         0,         0,    32.0,standalone_exact_mw,e5383d45c2b34399c539563e7789a53fd4b96cd0b38eade39a3cbfe07ba21ab0,"{""distance"":7,""physical_error_rate"":0.0002}","{""detection_events"":711852,""detectors_checked"":915701760}"
    718848,         0,         0,    32.1,standalone_exact_mw,3bd544bb51e006261b45d3a2c996e28fc0c0449411cee5f7deafcd25d9539ebc,"{""distance"":7,""physical_error_rate"":0.001}","{""detection_events"":2249463,""detectors_checked"":582266880}"
    858112,         0,         0,    32.1,standalone_exact_mw,ba5ada56442ed2ba457be44e3218b165c8a19e21146c9941e841199e65961aae,"{""distance"":7,""physical_error_rate"":0.0005}","{""detection_events"":1343608,""detectors_checked"":695070720}"
    495616,         0,         0,    32.0,standalone_exact_mw,e5383d45c2b34399c539563e7789a53fd4b96cd0b38eade39a3cbfe07ba21ab0,"{""distance"":7,""physical_error_rate"":0.0002}","{""detection_events"":309914,""detectors_checked"":401448960}"
    412672,         3,         0,    32.1,standalone_exact_mw,6a10a1840a7277b64863681e13d5cb65ed80b6c0c130a71789e1f9b9f94c8771,"{""distance"":7,""physical_error_rate"":0.005}","{""detection_events"":6296587,""detectors_checked"":334264320,""obs_mistake_mask=E"":3}"
    378880,         0,         0,    32.0,standalone_exact_mw,e5383d45c2b34399c539563e7789a53fd4b96cd0b38eade39a3cbfe07ba21ab0,"{""distance"":7,""physical_error_rate"":0.0002}","{""detection_events"":237869,""detectors_checked"":306892800}"
    391168,         0,         0,    32.1,standalone_exact_mw,6a10a1840a7277b64863681e13d5cb65ed80b6c0c130a71789e1f9b9f94c8771,"{""distance"":7,""physical_error_rate"":0.005}","{""detection_events"":5970769,""detectors_checked"":316846080}"
    410624,         3,         0,    32.1,standalone_exact_mw,6a10a1840a7277b64863681e13d5cb65ed80b6c0c130a71789e1f9b9f94c8771,"{""distance"":7,""physical_error_rate"":0.005}","{""detection_events"":6277976,""detectors_checked"":332605440,""obs_mistake_mask=E"":3}"
    893952,         0,         0,    32.1,standalone_exact_mw,e5383d45c2b34399c539563e7789a53fd4b96cd0b38eade39a3cbfe07ba21ab0,"{""distance"":7,""physical_error_rate"":0.0002}","{""detection_events"":559529,""detectors_checked"":724101120}"
    148480,         0,         0,    32.1,standalone_exact_mw,9d8ad86e51451842b54dafc7680d1b486ef291963bb72c70f3cdd570d2d8fa34,"{""distance"":7,""physical_error_rate"":0.002}","{""detection_events"":922856,""detectors_checked"":120268800}"
    477184,         0,         0,    32.1,standalone_exact_mw,ba5ada56442ed2ba457be44e3218b165c8a19e21146c9941e841199e65961aae,"{""distance"":7,""physical_error_rate"":0.0005}","{""detection_events"":748820,""detectors_checked"":386519040}"
    161792,         0,         0,    32.0,standalone_exact_mw,3bd544bb51e006261b45d3a2c996e28fc0c0449411cee5f7deafcd25d9539ebc,"{""distance"":7,""physical_error_rate"":0.001}","{""detection_events"":503418,""detectors_checked"":131051520}"
    496640,         0,         0,    32.2,standalone_exact_mw,ba5ada56442ed2ba457be44e3218b165c8a19e21146c9941e841199e65961aae,"{""distance"":7,""physical_error_rate"":0.0005}","{""detection_events"":779731,""detectors_checked"":402278400}"
    326656,         0,         0,    32.0,standalone_exact_mw,e5383d45c2b34399c539563e7789a53fd4b96cd0b38eade39a3cbfe07ba21ab0,"{""distance"":7,""physical_error_rate"":0.0002}","{""detection_events"":205542,""detectors_checked"":264591360}"
    274432,         0,         0,    32.1,standalone_exact_mw,3bd544bb51e006261b45d3a2c996e28fc0c0449411cee5f7deafcd25d9539ebc,"{""distance"":7,""physical_error_rate"":0.001}","{""detection_events"":859858,""detectors_checked"":222289920}"
    227328,         0,         0,    32.1,standalone_exact_mw,9d8ad86e51451842b54dafc7680d1b486ef291963bb72c70f3cdd570d2d8fa34,"{""distance"":7,""physical_error_rate"":0.002}","{""detection_events"":1413982,""detectors_checked"":184135680}"
    257024,         0,         0,    32.0,standalone_exact_mw,ba5ada56442ed2ba457be44e3218b165c8a19e21146c9941e841199e65961aae,"{""distance"":7,""physical_error_rate"":0.0005}","{""detection_events"":401038,""detectors_checked"":208189440}"
    129024,         1,         0,    32.4,standalone_exact_mw,6a10a1840a7277b64863681e13d5cb65ed80b6c0c130a71789e1f9b9f94c8771,"{""distance"":7,""physical_error_rate"":0.005}","{""detection_events"":1976227,""detectors_checked"":104509440,""obs_mistake_mask=E"":1}"
    707584,         0,         0,    32.1,standalone_exact_mw,3bd544bb51e006261b45d3a2c996e28fc0c0449411cee5f7deafcd25d9539ebc,"{""distance"":7,""physical_error_rate"":0.001}","{""detection_events"":2211109,""detectors_checked"":573143040}"
    796672,         0,         0,    62.8,standalone_exact_mw,3bd544bb51e006261b45d3a2c996e28fc0c0449411cee5f7deafcd25d9539ebc,"{""distance"":7,""physical_error_rate"":0.001}","{""detection_events"":2493057,""detectors_checked"":645304320}"
   1187840,         0,         0,    62.8,standalone_exact_mw,ba5ada56442ed2ba457be44e3218b165c8a19e21146c9941e841199e65961aae,"{""distance"":7,""physical_error_rate"":0.0005}","{""detection_events"":1863298,""detectors_checked"":962150400}"
    460800,         0,         0,    63.0,standalone_exact_mw,ba5ada56442ed2ba457be44e3218b165c8a19e21146c9941e841199e65961aae,"{""distance"":7,""physical_error_rate"":0.0005}","{""detection_events"":722806,""detectors_checked"":373248000}"
    271360,         1,         0,    63.2,standalone_exact_mw,6a10a1840a7277b64863681e13d5cb65ed80b6c0c130a71789e1f9b9f94c8771,"{""distance"":7,""physical_error_rate"":0.005}","{""detection_events"":4140848,""detectors_checked"":219801600,""obs_mistake_mask=E"":1}"
    530432,         4,         0,    63.0,standalone_exact_mw,6a10a1840a7277b64863681e13d5cb65ed80b6c0c130a71789e1f9b9f94c8771,"{""distance"":7,""physical_error_rate"":0.005}","{""detection_events"":8101724,""detectors_checked"":429649920,""obs_mistake_mask=E"":4}"
   1867776,         0,         0,    62.9,standalone_exact_mw,e5383d45c2b34399c539563e7789a53fd4b96cd0b38eade39a3cbfe07ba21ab0,"{""distance"":7,""physical_error_rate"":0.0002}","{""detection_events"":1170286,""detectors_checked"":1512898560}"
    337920,         0,         0,    62.8,standalone_exact_mw,9d8ad86e51451842b54dafc7680d1b486ef291963bb72c70f3cdd570d2d8fa34,"{""distance"":7,""physical_error_rate"":0.002}","{""detection_events"":2102804,""detectors_checked"":273715200}"
    776192,         0,         0,    62.9,standalone_exact_mw,9d8ad86e51451842b54dafc7680d1b486ef291963bb72c70f3cdd570d2d8fa34,"{""distance"":7,""physical_error_rate"":0.002}","{""detection_events"":4826207,""detectors_checked"":628715520}"
    431104,         0,         0,    62.7,standalone_exact_mw,3bd544bb51e006261b45d3a2c996e28fc0c0449411cee5f7deafcd25d9539ebc,"{""distance"":7,""physical_error_rate"":0.001}","{""detection_events"":1346129,""detectors_checked"":349194240}"
   1699840,         0,         0,    62.8,standalone_exact_mw,ba5ada56442ed2ba457be44e3218b165c8a19e21146c9941e841199e65961aae,"{""distance"":7,""physical_error_rate"":0.0005}","{""detection_events"":2665065,""detectors_checked"":1376870400}"
   1696768,         0,         0,    62.7,standalone_exact_mw,e5383d45c2b34399c539563e7789a53fd4b96cd0b38eade39a3cbfe07ba21ab0,"{""distance"":7,""physical_error_rate"":0.0002}","{""detection_events"":1063852,""detectors_checked"":1374382080}"
   1625088,         0,         0,    62.9,standalone_exact_mw,ba5ada56442ed2ba457be44e3218b165c8a19e21146c9941e841199e65961aae,"{""distance"":7,""physical_error_rate"":0.0005}","{""detection_events"":2547392,""detectors_checked"":1316321280}"
   1024000,         0,         0,    62.9,standalone_exact_mw,3bd544bb51e006261b45d3a2c996e28fc0c0449411cee5f7deafcd25d9539ebc,"{""distance"":7,""physical_error_rate"":0.001}","{""detection_events"":3200945,""detectors_checked"":829440000}"
   1088512,         0,         0,    62.9,standalone_exact_mw,9d8ad86e51451842b54dafc7680d1b486ef291963bb72c70f3cdd570d2d8fa34,"{""distance"":7,""physical_error_rate"":0.002}","{""detection_events"":6760822,""detectors_checked"":881694720}"
    848896,         0,         0,    62.8,standalone_exact_mw,3bd544bb51e006261b45d3a2c996e28fc0c0449411cee5f7deafcd25d9539ebc,"{""distance"":7,""physical_error_rate"":0.001}","{""detection_events"":2651450,""detectors_checked"":687605760}"
   2086912,         0,         0,    62.8,standalone_exact_mw,e5383d45c2b34399c539563e7789a53fd4b96cd0b38eade39a3cbfe07ba21ab0,"{""distance"":7,""physical_error_rate"":0.0002}","{""detection_events"":1308675,""detectors_checked"":1690398720}"
   2076672,         0,         0,    62.8,standalone_exact_mw,e5383d45c2b34399c539563e7789a53fd4b96cd0b38eade39a3cbfe07ba21ab0,"{""distance"":7,""physical_error_rate"":0.0002}","{""detection_events"":1304259,""detectors_checked"":1682104320}"
   1654784,         0,         0,    62.8,standalone_exact_mw,ba5ada56442ed2ba457be44e3218b165c8a19e21146c9941e841199e65961aae,"{""distance"":7,""physical_error_rate"":0.0005}","{""detection_events"":2590893,""detectors_checked"":1340375040}"
    417792,         0,         0,    62.9,standalone_exact_mw,ba5ada56442ed2ba457be44e3218b165c8a19e21146c9941e841199e65961aae,"{""distance"":7,""physical_error_rate"":0.0005}","{""detection_events"":653768,""detectors_checked"":338411520}"
   1369088,         0,         0,    62.9,standalone_exact_mw,3bd544bb51e006261b45d3a2c996e28fc0c0449411cee5f7deafcd25d9539ebc,"{""distance"":7,""physical_error_rate"":0.001}","{""detection_events"":4277985,""detectors_checked"":1108961280}"
   1636352,         0,         0,    62.8,standalone_exact_mw,ba5ada56442ed2ba457be44e3218b165c8a19e21146c9941e841199e65961aae,"{""distance"":7,""physical_error_rate"":0.0005}","{""detection_events"":2569049,""detectors_checked"":1325445120}"
    606208,         0,         0,    62.9,standalone_exact_mw,9d8ad86e51451842b54dafc7680d1b486ef291963bb72c70f3cdd570d2d8fa34,"{""distance"":7,""physical_error_rate"":0.002}","{""detection_events"":3762698,""detectors_checked"":491028480}"
    618496,         0,         0,    62.7,standalone_exact_mw,e5383d45c2b34399c539563e7789a53fd4b96cd0b38eade39a3cbfe07ba21ab0,"{""distance"":7,""physical_error_rate"":0.0002}","{""detection_events"":389058,""detectors_checked"":500981760}"
   1417216,         0,         0,    62.9,standalone_exact_mw,ba5ada56442ed2ba457be44e3218b165c8a19e21146c9941e841199e65961aae,"{""distance"":7,""physical_error_rate"":0.0005}","{""detection_events"":2217972,""detectors_checked"":1147944960}"
    911360,         4,         0,    63.0,standalone_exact_mw,6a10a1840a7277b64863681e13d5cb65ed80b6c0c130a71789e1f9b9f94c8771,"{""distance"":7,""physical_error_rate"":0.005}","{""detection_events"":13924420,""detectors_checked"":738201600,""obs_mistake_mask=E"":4}"
   1709056,         0,         0,    62.8,standalone_exact_mw,e5383d45c2b34399c539563e7789a53fd4b96cd0b38eade39a3cbfe07ba21ab0,"{""distance"":7,""physical_error_rate"":0.0002}","{""detection_events"":1072260,""detectors_checked"":1384335360}"
    316416,         0,         0,    63.2,standalone_exact_mw,9d8ad86e51451842b54dafc7680d1b486ef291963bb72c70f3cdd570d2d8fa34,"{""distance"":7,""physical_error_rate"":0.002}","{""detection_events"":1965094,""detectors_checked"":256296960}"
    803840,         0,         0,    62.8,standalone_exact_mw,3bd544bb51e006261b45d3a2c996e28fc0c0449411cee5f7deafcd25d9539ebc,"{""distance"":7,""physical_error_rate"":0.001}","{""detection_events"":2513222,""detectors_checked"":651110400}"
    365568,         0,         0,    62.8,standalone_exact_mw,3bd544bb51e006261b45d3a2c996e28fc0c0449411cee5f7deafcd25d9539ebc,"{""distance"":7,""physical_error_rate"":0.001}","{""detection_events"":1141618,""detectors_checked"":296110080}"
   1184768,         0,         0,    62.7,standalone_exact_mw,e5383d45c2b34399c539563e7789a53fd4b96cd0b38eade39a3cbfe07ba21ab0,"{""distance"":7,""physical_error_rate"":0.0002}","{""detection_events"":744171,""detectors_checked"":959662080}"
    508928,         6,         0,    62.9,standalone_exact_mw,6a10a1840a7277b64863681e13d5cb65ed80b6c0c130a71789e1f9b9f94c8771,"{""distance"":7,""physical_error_rate"":0.005}","{""detection_events"":7777760,""detectors_checked"":412231680,""obs_mistake_mask=E"":6}"
    646144,         5,         0,    63.0,standalone_exact_mw,6a10a1840a7277b64863681e13d5cb65ed80b6c0c130a71789e1f9b9f94c8771,"{""distance"":7,""physical_error_rate"":0.005}","{""detection_events"":9874213,""detectors_checked"":523376640,""obs_mistake_mask=E"":5}"
    562176,         0,         0,    62.8,standalone_exact_mw,e5383d45c2b34399c539563e7789a53fd4b96cd0b38eade39a3cbfe07ba21ab0,"{""distance"":7,""physical_error_rate"":0.0002}","{""detection_events"":353863,""detectors_checked"":455362560}"
    430080,         0,         0,    62.9,standalone_exact_mw,3bd544bb51e006261b45d3a2c996e28fc0c0449411cee5f7deafcd25d9539ebc,"{""distance"":7,""physical_error_rate"":0.001}","{""detection_events"":1344172,""detectors_checked"":348364800}"
    787456,         0,         0,    62.9,standalone_exact_mw,9d8ad86e51451842b54dafc7680d1b486ef291963bb72c70f3cdd570d2d8fa34,"{""distance"":7,""physical_error_rate"":0.002}","{""detection_events"":4890073,""detectors_checked"":637839360}"
    328704,         0,         0,    63.0,standalone_exact_mw,9d8ad86e51451842b54dafc7680d1b486ef291963bb72c70f3cdd570d2d8fa34,"{""distance"":7,""physical_error_rate"":0.002}","{""detection_events"":2043892,""detectors_checked"":266250240}"
    287744,         0,         0,    63.3,standalone_exact_mw,9d8ad86e51451842b54dafc7680d1b486ef291963bb72c70f3cdd570d2d8fa34,"{""distance"":7,""physical_error_rate"":0.002}","{""detection_events"":1787173,""detectors_checked"":233072640}"
    408576,         0,         0,    62.9,standalone_exact_mw,9d8ad86e51451842b54dafc7680d1b486ef291963bb72c70f3cdd570d2d8fa34,"{""distance"":7,""physical_error_rate"":0.002}","{""detection_events"":2540604,""detectors_checked"":330946560}"
   1309696,         0,         0,    62.8,standalone_exact_mw,ba5ada56442ed2ba457be44e3218b165c8a19e21146c9941e841199e65961aae,"{""distance"":7,""physical_error_rate"":0.0005}","{""detection_events"":2050578,""detectors_checked"":1060853760}"
    913408,         0,         0,    62.8,standalone_exact_mw,3bd544bb51e006261b45d3a2c996e28fc0c0449411cee5f7deafcd25d9539ebc,"{""distance"":7,""physical_error_rate"":0.001}","{""detection_events"":2861879,""detectors_checked"":739860480}"
    524288,         0,         0,    62.9,standalone_exact_mw,3bd544bb51e006261b45d3a2c996e28fc0c0449411cee5f7deafcd25d9539ebc,"{""distance"":7,""physical_error_rate"":0.001}","{""detection_events"":1636312,""detectors_checked"":424673280}"
    563200,         4,         0,    62.8,standalone_exact_mw,6a10a1840a7277b64863681e13d5cb65ed80b6c0c130a71789e1f9b9f94c8771,"{""distance"":7,""physical_error_rate"":0.005}","{""detection_events"":8602170,""detectors_checked"":456192000,""obs_mistake_mask=E"":4}"
   1008640,         0,         0,    62.7,standalone_exact_mw,e5383d45c2b34399c539563e7789a53fd4b96cd0b38eade39a3cbfe07ba21ab0,"{""distance"":7,""physical_error_rate"":0.0002}","{""detection_events"":633763,""detectors_checked"":816998400}"
    619520,         9,         0,    62.9,standalone_exact_mw,6a10a1840a7277b64863681e13d5cb65ed80b6c0c130a71789e1f9b9f94c8771,"{""distance"":7,""physical_error_rate"":0.005}","{""detection_events"":9467598,""detectors_checked"":501811200,""obs_mistake_mask=E"":9}"
    495616,         3,         0,    63.1,standalone_exact_mw,6a10a1840a7277b64863681e13d5cb65ed80b6c0c130a71789e1f9b9f94c8771,"{""distance"":7,""physical_error_rate"":0.005}","{""detection_events"":7577219,""detectors_checked"":401448960,""obs_mistake_mask=E"":3}"
    606208,         0,         0,    62.9,standalone_exact_mw,e5383d45c2b34399c539563e7789a53fd4b96cd0b38eade39a3cbfe07ba21ab0,"{""distance"":7,""physical_error_rate"":0.0002}","{""detection_events"":378794,""detectors_checked"":491028480}"
    534528,         0,         0,    62.8,standalone_exact_mw,ba5ada56442ed2ba457be44e3218b165c8a19e21146c9941e841199e65961aae,"{""distance"":7,""physical_error_rate"":0.0005}","{""detection_events"":837074,""detectors_checked"":432967680}"
    705536,         0,         0,    62.9,standalone_exact_mw,e5383d45c2b34399c539563e7789a53fd4b96cd0b38eade39a3cbfe07ba21ab0,"{""distance"":7,""physical_error_rate"":0.0002}","{""detection_events"":443334,""detectors_checked"":571484160}"
    365568,         0,         0,    63.0,standalone_exact_mw,9d8ad86e51451842b54dafc7680d1b486ef291963bb72c70f3cdd570d2d8fa34,"{""distance"":7,""physical_error_rate"":0.002}","{""detection_events"":2272352,""detectors_checked"":296110080}"
    220160,         3,         0,    63.1,standalone_exact_mw,6a10a1840a7277b64863681e13d5cb65ed80b6c0c130a71789e1f9b9f94c8771,"{""distance"":7,""physical_error_rate"":0.005}","{""detection_events"":3368071,""detectors_checked"":178329600,""obs_mistake_mask=E"":3}"
   1086464,         0,         0,    62.9,standalone_exact_mw,9d8ad86e51451842b54dafc7680d1b486ef291963bb72c70f3cdd570d2d8fa34,"{""distance"":7,""physical_error_rate"":0.002}","{""detection_events"":6754668,""detectors_checked"":880035840}"
    211968,         1,         0,    63.1,standalone_exact_mw,6a10a1840a7277b64863681e13d5cb65ed80b6c0c130a71789e1f9b9f94c8771,"{""distance"":7,""physical_error_rate"":0.005}","{""detection_events"":3235065,""detectors_checked"":171694080,""obs_mistake_mask=E"":1}"
   1257472,         0,         0,    62.8,standalone_exact_mw,3bd544bb51e006261b45d3a2c996e28fc0c0449411cee5f7deafcd25d9539ebc,"{""distance"":7,""physical_error_rate"":0.001}","{""detection_events"":3933202,""detectors_checked"":1018552320}"
    908288,         4,         0,    62.9,standalone_exact_mw,6a10a1840a7277b64863681e13d5cb65ed80b6c0c130a71789e1f9b9f94c8771,"{""distance"":7,""physical_error_rate"":0.005}","{""detection_events"":13874978,""detectors_checked"":735713280,""obs_mistake_mask=E"":4}"
    480256,         0,         0,    62.9,standalone_exact_mw,ba5ada56442ed2ba457be44e3218b165c8a19e21146c9941e841199e65961aae,"{""distance"":7,""physical_error_rate"":0.0005}","{""detection_events"":750716,""detectors_checked"":389007360}"
    280576,         1,         0,    62.9,standalone_exact_mw,6a10a1840a7277b64863681e13d5cb65ed80b6c0c130a71789e1f9b9f94c8771,"{""distance"":7,""physical_error_rate"":0.005}","{""detection_events"":4283139,""detectors_checked"":227266560,""obs_mistake_mask=E"":1}"
    321536,         0,         0,    62.9,standalone_exact_mw,9d8ad86e51451842b54dafc7680d1b486ef291963bb72c70f3cdd570d2d8fa34,"{""distance"":7,""physical_error_rate"":0.002}","{""detection_events"":1999413,""detectors_checked"":260444160}"
    626688,         0,         0,    62.9,standalone_exact_mw,3bd544bb51e006261b45d3a2c996e28fc0c0449411cee5f7deafcd25d9539ebc,"{""distance"":7,""physical_error_rate"":0.001}","{""detection_events"":1962544,""detectors_checked"":507617280}"
   1347584,         0,         0,    62.7,standalone_exact_mw,e5383d45c2b34399c539563e7789a53fd4b96cd0b38eade39a3cbfe07ba21ab0,"{""distance"":7,""physical_error_rate"":0.0002}","{""detection_events"":844529,""detectors_checked"":1091543040}"
    937984,         0,         0,    62.7,standalone_exact_mw,ba5ada56442ed2ba457be44e3218b165c8a19e21146c9941e841199e65961aae,"{""distance"":7,""physical_error_rate"":0.0005}","{""detection_events"":1469930,""detectors_checked"":759767040}"
    606208,         0,         0,    62.8,standalone_exact_mw,ba5ada56442ed2ba457be44e3218b165c8a19e21146c9941e841199e65961aae,"{""distance"":7,""physical_error_rate"":0.0005}","{""detection_events"":952121,""detectors_checked"":491028480}"
   1400832,         0,         0,    62.8,standalone_exact_mw,e5383d45c2b34399c539563e7789a53fd4b96cd0b38eade39a3cbfe07ba21ab0,"{""distance"":7,""physical_error_rate"":0.0002}","{""detection_events"":880397,""detectors_checked"":1134673920}"
   1118208,         0,         0,    62.7,standalone_exact_mw,ba5ada56442ed2ba457be44e3218b165c8a19e21146c9941e841199e65961aae,"{""distance"":7,""physical_error_rate"":0.0005}","{""detection_events"":1754389,""detectors_checked"":905748480}"
    548864,         0,         0,    63.0,standalone_exact_mw,9d8ad86e51451842b54dafc7680d1b486ef291963bb72c70f3cdd570d2d8fa34,"{""distance"":7,""physical_error_rate"":0.002}","{""detection_events"":3407772,""detectors_checked"":444579840}"
    312320,         1,         0,    63.2,standalone_exact_mw,6a10a1840a7277b64863681e13d5cb65ed80b6c0c130a71789e1f9b9f94c8771,"{""distance"":7,""physical_error_rate"":0.005}","{""detection_events"":4770147,""detectors_checked"":252979200,""obs_mistake_mask=E"":1}"
    433152,         0,         0,    62.8,standalone_exact_mw,9d8ad86e51451842b54dafc7680d1b486ef291963bb72c70f3cdd570d2d8fa34,"{""distance"":7,""physical_error_rate"":0.002}","{""detection_events"":2695386,""detectors_checked"":350853120}"
    418816,         0,         0,    62.7,standalone_exact_mw,ba5ada56442ed2ba457be44e3218b165c8a19e21146c9941e841199e65961aae,"{""distance"":7,""physical_error_rate"":0.0005}","{""detection_events"":657840,""detectors_checked"":339240960}"
    802816,         0,         0,    62.8,standalone_exact_mw,e5383d45c2b34399c539563e7789a53fd4b96cd0b38eade39a3cbfe07ba21ab0,"{""distance"":7,""physical_error_rate"":0.0002}","{""detection_events"":504660,""detectors_checked"":650280960}"
   1185792,         0,         0,    62.7,standalone_exact_mw,e5383d45c2b34399c539563e7789a53fd4b96cd0b38eade39a3cbfe07ba21ab0,"{""distance"":7,""physical_error_rate"":0.0002}","{""detection_events"":746122,""detectors_checked"":960491520}"
    924672,         9,         0,    62.8,standalone_exact_mw,6a10a1840a7277b64863681e13d5cb65ed80b6c0c130a71789e1f9b9f94c8771,"{""distance"":7,""physical_error_rate"":0.005}","{""detection_events"":14123947,""detectors_checked"":748984320,""obs_mistake_mask=E"":9}"
   1317888,         0,         0,    62.7,standalone_exact_mw,ba5ada56442ed2ba457be44e3218b165c8a19e21146c9941e841199e65961aae,"{""distance"":7,""physical_error_rate"":0.0005}","{""detection_events"":2066276,""detectors_checked"":1067489280}"
   1985536,         0,         0,    62.8,standalone_exact_mw,e5383d45c2b34399c539563e7789a53fd4b96cd0b38eade39a3cbfe07ba21ab0,"{""distance"":7,""physical_error_rate"":0.0002}","{""detection_events"":1247362,""detectors_checked"":1608284160}"
    344064,         0,         0,    62.7,standalone_exact_mw,3bd544bb51e006261b45d3a2c996e28fc0c0449411cee5f7deafcd25d9539ebc,"{""distance"":7,""physical_error_rate"":0.001}","{""detection_events"":1075645,""detectors_checked"":278691840}"
    253952,         2,         0,    62.8,standalone_exact_mw,6a10a1840a7277b64863681e13d5cb65ed80b6c0c130a71789e1f9b9f94c8771,"{""distance"":7,""physical_error_rate"":0.005}","{""detection_events"":3879402,""detectors_checked"":205701120,""obs_mistake_mask=E"":2}"
   1350656,         0,         0,    62.9,standalone_exact_mw,e5383d45c2b34399c539563e7789a53fd4b96cd0b38eade39a3cbfe07ba21ab0,"{""distance"":7,""physical_error_rate"":0.0002}","{""detection_events"":849213,""detectors_checked"":1094031360}"
    833536,         0,         0,    62.9,standalone_exact_mw,9d8ad86e51451842b54dafc7680d1b486ef291963bb72c70f3cdd570d2d8fa34,"{""distance"":7,""physical_error_rate"":0.002}","{""detection_events"":5179375,""detectors_checked"":675164160}"
    887808,         4,         0,    62.9,standalone_exact_mw,6a10a1840a7277b64863681e13d5cb65ed80b6c0c130a71789e1f9b9f94c8771,"{""distance"":7,""physical_error_rate"":0.005}","{""detection_events"":13567966,""detectors_checked"":719124480,""obs_mistake_mask=E"":4}"
    388096,         0,         0,    62.9,standalone_exact_mw,3bd544bb51e006261b45d3a2c996e28fc0c0449411cee5f7deafcd25d9539ebc,"{""distance"":7,""physical_error_rate"":0.001}","{""detection_events"":1214319,""detectors_checked"":314357760}"
    827392,         0,         0,    63.0,standalone_exact_mw,9d8ad86e51451842b54dafc7680d1b486ef291963bb72c70f3cdd570d2d8fa34,"{""distance"":7,""physical_error_rate"":0.002}","{""detection_events"":5138471,""detectors_checked"":670187520}"
    458752,         0,         0,    62.8,standalone_exact_mw,3bd544bb51e006261b45d3a2c996e28fc0c0449411cee5f7deafcd25d9539ebc,"{""distance"":7,""physical_error_rate"":0.001}","{""detection_events"":1431257,""detectors_checked"":371589120}"
   1120256,         0,         0,    62.9,standalone_exact_mw,ba5ada56442ed2ba457be44e3218b165c8a19e21146c9941e841199e65961aae,"{""distance"":7,""physical_error_rate"":0.0005}","{""detection_events"":1753859,""detectors_checked"":907407360}"
    284672,         1,         0,    63.3,standalone_exact_mw,6a10a1840a7277b64863681e13d5cb65ed80b6c0c130a71789e1f9b9f94c8771,"{""distance"":7,""physical_error_rate"":0.005}","{""detection_events"":4351355,""detectors_checked"":230584320,""obs_mistake_mask=E"":1}"
    377856,         0,         0,    63.0,standalone_exact_mw,3bd544bb51e006261b45d3a2c996e28fc0c0449411cee5f7deafcd25d9539ebc,"{""distance"":7,""physical_error_rate"":0.001}","{""detection_events"":1180502,""detectors_checked"":306063360}"
    965632,         0,         0,    62.9,standalone_exact_mw,3bd544bb51e006261b45d3a2c996e28fc0c0449411cee5f7deafcd25d9539ebc,"{""distance"":7,""physical_error_rate"":0.001}","{""detection_events"":3014972,""detectors_checked"":782161920}"
    893952,         0,         0,    62.9,standalone_exact_mw,ba5ada56442ed2ba457be44e3218b165c8a19e21146c9941e841199e65961aae,"{""distance"":7,""physical_error_rate"":0.0005}","{""detection_events"":1403327,""detectors_checked"":724101120}"
    734208,         8,         0,    62.9,standalone_exact_mw,6a10a1840a7277b64863681e13d5cb65ed80b6c0c130a71789e1f9b9f94c8771,"{""distance"":7,""physical_error_rate"":0.005}","{""detection_events"":11220072,""detectors_checked"":594708480,""obs_mistake_mask=E"":8}"
    364544,         0,         0,    62.9,standalone_exact_mw,3bd544bb51e006261b45d3a2c996e28fc0c0449411cee5f7deafcd25d9539ebc,"{""distance"":7,""physical_error_rate"":0.001}","{""detection_events"":1142363,""detectors_checked"":295280640}"
    479232,         0,         0,    62.9,standalone_exact_mw,9d8ad86e51451842b54dafc7680d1b486ef291963bb72c70f3cdd570d2d8fa34,"{""distance"":7,""physical_error_rate"":0.002}","{""detection_events"":2978194,""detectors_checked"":388177920}"
    698368,         0,         0,    62.7,standalone_exact_mw,e5383d45c2b34399c539563e7789a53fd4b96cd0b38eade39a3cbfe07ba21ab0,"{""distance"":7,""physical_error_rate"":0.0002}","{""detection_events"":439138,""detectors_checked"":565678080}"
    270336,         2,         0,    62.9,standalone_exact_mw,6a10a1840a7277b64863681e13d5cb65ed80b6c0c130a71789e1f9b9f94c8771,"{""distance"":7,""physical_error_rate"":0.005}","{""detection_events"":4132595,""detectors_checked"":218972160,""obs_mistake_mask=E"":2}"
    291840,         0,         0,    63.0,standalone_exact_mw,9d8ad86e51451842b54dafc7680d1b486ef291963bb72c70f3cdd570d2d8fa34,"{""distance"":7,""physical_error_rate"":0.002}","{""detection_events"":1813967,""detectors_checked"":236390400}"
    673792,         0,         0,    44.9,standalone_exact_mw,9d8ad86e51451842b54dafc7680d1b486ef291963bb72c70f3cdd570d2d8fa34,"{""distance"":7,""physical_error_rate"":0.002}","{""detection_events"":4185966,""detectors_checked"":545771520}"
   1812480,         0,         0,    62.9,standalone_exact_mw,ba5ada56442ed2ba457be44e3218b165c8a19e21146c9941e841199e65961aae,"{""distance"":7,""physical_error_rate"":0.0005}","{""detection_events"":2847890,""detectors_checked"":1468108800}"
    514048,         1,         0,    44.9,standalone_exact_mw,9d8ad86e51451842b54dafc7680d1b486ef291963bb72c70f3cdd570d2d8fa34,"{""distance"":7,""physical_error_rate"":0.002}","{""detection_events"":3195104,""detectors_checked"":416378880,""obs_mistake_mask=E"":1}"
   1514496,         0,         0,    44.9,standalone_exact_mw,e5383d45c2b34399c539563e7789a53fd4b96cd0b38eade39a3cbfe07ba21ab0,"{""distance"":7,""physical_error_rate"":0.0002}","{""detection_events"":950873,""detectors_checked"":1226741760}"
   1008640,         0,         0,    44.9,standalone_exact_mw,3bd544bb51e006261b45d3a2c996e28fc0c0449411cee5f7deafcd25d9539ebc,"{""distance"":7,""physical_error_rate"":0.001}","{""detection_events"":3150251,""detectors_checked"":816998400}"
   1231872,         0,         0,    44.9,standalone_exact_mw,ba5ada56442ed2ba457be44e3218b165c8a19e21146c9941e841199e65961aae,"{""distance"":7,""physical_error_rate"":0.0005}","{""detection_events"":1933412,""detectors_checked"":997816320}"
   1894400,         0,         0,    62.7,standalone_exact_mw,e5383d45c2b34399c539563e7789a53fd4b96cd0b38eade39a3cbfe07ba21ab0,"{""distance"":7,""physical_error_rate"":0.0002}","{""detection_events"":1186878,""detectors_checked"":1534464000}"
    244736,         2,         0,    45.0,standalone_exact_mw,6a10a1840a7277b64863681e13d5cb65ed80b6c0c130a71789e1f9b9f94c8771,"{""distance"":7,""physical_error_rate"":0.005}","{""detection_events"":3736547,""detectors_checked"":198236160,""obs_mistake_mask=E"":2}"
    530432,         0,         0,    44.8,standalone_exact_mw,e5383d45c2b34399c539563e7789a53fd4b96cd0b38eade39a3cbfe07ba21ab0,"{""distance"":7,""physical_error_rate"":0.0002}","{""detection_events"":333990,""detectors_checked"":429649920}"
   1065984,         0,         0,    62.9,standalone_exact_mw,ba5ada56442ed2ba457be44e3218b165c8a19e21146c9941e841199e65961aae,"{""distance"":7,""physical_error_rate"":0.0005}","{""detection_events"":1672350,""detectors_checked"":863447040}"
    402432,         0,         0,    45.0,standalone_exact_mw,e5383d45c2b34399c539563e7789a53fd4b96cd0b38eade39a3cbfe07ba21ab0,"{""distance"":7,""physical_error_rate"":0.0002}","{""detection_events"":252572,""detectors_checked"":325969920}"
    455680,         2,         0,    45.0,standalone_exact_mw,6a10a1840a7277b64863681e13d5cb65ed80b6c0c130a71789e1f9b9f94c8771,"{""distance"":7,""physical_error_rate"":0.005}","{""detection_events"":6958969,""detectors_checked"":369100800,""obs_mistake_mask=E"":2}"
   1409024,         0,         0,    44.9,standalone_exact_mw,e5383d45c2b34399c539563e7789a53fd4b96cd0b38eade39a3cbfe07ba21ab0,"{""distance"":7,""physical_error_rate"":0.0002}","{""detection_events"":883293,""detectors_checked"":1141309440}"
    371712,         0,         0,    63.1,standalone_exact_mw,3bd544bb51e006261b45d3a2c996e28fc0c0449411cee5f7deafcd25d9539ebc,"{""distance"":7,""physical_error_rate"":0.001}","{""detection_events"":1162173,""detectors_checked"":301086720}"
    573440,         2,         0,    45.0,standalone_exact_mw,6a10a1840a7277b64863681e13d5cb65ed80b6c0c130a71789e1f9b9f94c8771,"{""distance"":7,""physical_error_rate"":0.005}","{""detection_events"":8762807,""detectors_checked"":464486400,""obs_mistake_mask=E"":2}"
    785408,         0,         0,    62.7,standalone_exact_mw,3bd544bb51e006261b45d3a2c996e28fc0c0449411cee5f7deafcd25d9539ebc,"{""distance"":7,""physical_error_rate"":0.001}","{""detection_events"":2453908,""detectors_checked"":636180480}"
    972800,         0,         0,    62.8,standalone_exact_mw,9d8ad86e51451842b54dafc7680d1b486ef291963bb72c70f3cdd570d2d8fa34,"{""distance"":7,""physical_error_rate"":0.002}","{""detection_events"":6048423,""detectors_checked"":787968000}"
    449536,         0,         0,    63.0,standalone_exact_mw,3bd544bb51e006261b45d3a2c996e28fc0c0449411cee5f7deafcd25d9539ebc,"{""distance"":7,""physical_error_rate"":0.001}","{""detection_events"":1401657,""detectors_checked"":364124160}"
   2077696,         0,         0,    62.8,standalone_exact_mw,e5383d45c2b34399c539563e7789a53fd4b96cd0b38eade39a3cbfe07ba21ab0,"{""distance"":7,""physical_error_rate"":0.0002}","{""detection_events"":1305457,""detectors_checked"":1682933760}"
    522240,         0,         0,    62.8,standalone_exact_mw,3bd544bb51e006261b45d3a2c996e28fc0c0449411cee5f7deafcd25d9539ebc,"{""distance"":7,""physical_error_rate"":0.001}","{""detection_events"":1636931,""detectors_checked"":423014400}"
    589824,         0,         0,    62.8,standalone_exact_mw,9d8ad86e51451842b54dafc7680d1b486ef291963bb72c70f3cdd570d2d8fa34,"{""distance"":7,""physical_error_rate"":0.002}","{""detection_events"":3671284,""detectors_checked"":477757440}"
    668672,         0,         0,    62.9,standalone_exact_mw,ba5ada56442ed2ba457be44e3218b165c8a19e21146c9941e841199e65961aae,"{""distance"":7,""physical_error_rate"":0.0005}","{""detection_events"":1048062,""detectors_checked"":541624320}"
    877568,         0,         0,    62.7,standalone_exact_mw,e5383d45c2b34399c539563e7789a53fd4b96cd0b38eade39a3cbfe07ba21ab0,"{""distance"":7,""physical_error_rate"":0.0002}","{""detection_events"":551906,""detectors_checked"":710830080}"
    866304,         0,         0,    45.0,standalone_exact_mw,ba5ada56442ed2ba457be44e3218b165c8a19e21146c9941e841199e65961aae,"{""distance"":7,""physical_error_rate"":0.0005}","{""detection_events"":1357664,""detectors_checked"":701706240}"
    244736,         0,         0,    45.1,standalone_exact_mw,9d8ad86e51451842b54dafc7680d1b486ef291963bb72c70f3cdd570d2d8fa34,"{""distance"":7,""physical_error_rate"":0.002}","{""detection_events"":1519754,""detectors_checked"":198236160}"
    293888,         0,         0,    44.9,standalone_exact_mw,3bd544bb51e006261b45d3a2c996e28fc0c0449411cee5f7deafcd25d9539ebc,"{""distance"":7,""physical_error_rate"":0.001}","{""detection_events"":917455,""detectors_checked"":238049280}"
    611328,         0,         0,    62.9,standalone_exact_mw,9d8ad86e51451842b54dafc7680d1b486ef291963bb72c70f3cdd570d2d8fa34,"{""distance"":7,""physical_error_rate"":0.002}","{""detection_events"":3800300,""detectors_checked"":495175680}"
    381952,         0,         0,    44.9,standalone_exact_mw,ba5ada56442ed2ba457be44e3218b165c8a19e21146c9941e841199e65961aae,"{""distance"":7,""physical_error_rate"":0.0005}","{""detection_events"":597998,""detectors_checked"":309381120}"
    687104,         0,         0,    44.8,standalone_exact_mw,e5383d45c2b34399c539563e7789a53fd4b96cd0b38eade39a3cbfe07ba21ab0,"{""distance"":7,""physical_error_rate"":0.0002}","{""detection_events"":430783,""detectors_checked"":556554240}"
    857088,         0,         0,    44.9,standalone_exact_mw,3bd544bb51e006261b45d3a2c996e28fc0c0449411cee5f7deafcd25d9539ebc,"{""distance"":7,""physical_error_rate"":0.001}","{""detection_events"":2677597,""detectors_checked"":694241280}"
    395264,         0,         0,    62.8,standalone_exact_mw,9d8ad86e51451842b54dafc7680d1b486ef291963bb72c70f3cdd570d2d8fa34,"{""distance"":7,""physical_error_rate"":0.002}","{""detection_events"":2455242,""detectors_checked"":320163840}"
    649216,         0,         0,    62.9,standalone_exact_mw,6a10a1840a7277b64863681e13d5cb65ed80b6c0c130a71789e1f9b9f94c8771,"{""distance"":7,""physical_error_rate"":0.005}","{""detection_events"":9916081,""detectors_checked"":525864960}"
    250880,         0,         0,    45.3,standalone_exact_mw,9d8ad86e51451842b54dafc7680d1b486ef291963bb72c70f3cdd570d2d8fa34,"{""distance"":7,""physical_error_rate"":0.002}","{""detection_events"":1556109,""detectors_checked"":203212800}"
    299008,         0,         0,    44.8,standalone_exact_mw,ba5ada56442ed2ba457be44e3218b165c8a19e21146c9941e841199e65961aae,"{""distance"":7,""physical_error_rate"":0.0005}","{""detection_events"":468954,""detectors_checked"":242196480}"
    254976,         0,         0,    44.9,standalone_exact_mw,6a10a1840a7277b64863681e13d5cb65ed80b6c0c130a71789e1f9b9f94c8771,"{""distance"":7,""physical_error_rate"":0.005}","{""detection_events"":3891888,""detectors_checked"":206530560}"
    641024,         6,         0,    62.9,standalone_exact_mw,6a10a1840a7277b64863681e13d5cb65ed80b6c0c130a71789e1f9b9f94c8771,"{""distance"":7,""physical_error_rate"":0.005}","{""detection_events"":9789300,""detectors_checked"":519229440,""obs_mistake_mask=E"":6}"
    700416,         0,         0,    45.0,standalone_exact_mw,3bd544bb51e006261b45d3a2c996e28fc0c0449411cee5f7deafcd25d9539ebc,"{""distance"":7,""physical_error_rate"":0.001}","{""detection_events"":2188123,""detectors_checked"":567336960}"
   1013760,         0,         0,    62.9,standalone_exact_mw,9d8ad86e51451842b54dafc7680d1b486ef291963bb72c70f3cdd570d2d8fa34,"{""distance"":7,""physical_error_rate"":0.002}","{""detection_events"":6306781,""detectors_checked"":821145600}"
    677888,         1,         0,    62.8,standalone_exact_mw,9d8ad86e51451842b54dafc7680d1b486ef291963bb72c70f3cdd570d2d8fa34,"{""distance"":7,""physical_error_rate"":0.002}","{""detection_events"":4213395,""detectors_checked"":549089280,""obs_mistake_mask=E"":1}"
   2021376,         0,         0,    62.8,standalone_exact_mw,e5383d45c2b34399c539563e7789a53fd4b96cd0b38eade39a3cbfe07ba21ab0,"{""distance"":7,""physical_error_rate"":0.0002}","{""detection_events"":1269075,""detectors_checked"":1637314560}"
   1311744,         0,         0,    62.8,standalone_exact_mw,3bd544bb51e006261b45d3a2c996e28fc0c0449411cee5f7deafcd25d9539ebc,"{""distance"":7,""physical_error_rate"":0.001}","{""detection_events"":4100943,""detectors_checked"":1062512640}"
   1631232,         0,         0,    62.8,standalone_exact_mw,ba5ada56442ed2ba457be44e3218b165c8a19e21146c9941e841199e65961aae,"{""distance"":7,""physical_error_rate"":0.0005}","{""detection_events"":2555719,""detectors_checked"":1321297920}"
    512000,         8,         0,    62.9,standalone_exact_mw,6a10a1840a7277b64863681e13d5cb65ed80b6c0c130a71789e1f9b9f94c8771,"{""distance"":7,""physical_error_rate"":0.005}","{""detection_events"":7819999,""detectors_checked"":414720000,""obs_mistake_mask=E"":8}"
    912384,         0,         0,    62.7,standalone_exact_mw,e5383d45c2b34399c539563e7789a53fd4b96cd0b38eade39a3cbfe07ba21ab0,"{""distance"":7,""physical_error_rate"":0.0002}","{""detection_events"":572374,""detectors_checked"":739031040}"
    952320,         0,         0,    62.7,standalone_exact_mw,e5383d45c2b34399c539563e7789a53fd4b96cd0b38eade39a3cbfe07ba21ab0,"{""distance"":7,""physical_error_rate"":0.0002}","{""detection_events"":598015,""detectors_checked"":771379200}"
    558080,         3,         0,    63.0,standalone_exact_mw,6a10a1840a7277b64863681e13d5cb65ed80b6c0c130a71789e1f9b9f94c8771,"{""distance"":7,""physical_error_rate"":0.005}","{""detection_events"":8520199,""detectors_checked"":452044800,""obs_mistake_mask=E"":3}"
   1664000,         0,         0,    62.8,standalone_exact_mw,e5383d45c2b34399c539563e7789a53fd4b96cd0b38eade39a3cbfe07ba21ab0,"{""distance"":7,""physical_error_rate"":0.0002}","{""detection_events"":1045559,""detectors_checked"":1347840000}"
    827392,         6,         0,    62.9,standalone_exact_mw,6a10a1840a7277b64863681e13d5cb65ed80b6c0c130a71789e1f9b9f94c8771,"{""distance"":7,""physical_error_rate"":0.005}","{""detection_events"":12635087,""detectors_checked"":670187520,""obs_mistake_mask=E"":6}"
   1126400,         0,         0,    62.9,standalone_exact_mw,ba5ada56442ed2ba457be44e3218b165c8a19e21146c9941e841199e65961aae,"{""distance"":7,""physical_error_rate"":0.0005}","{""detection_events"":1763121,""detectors_checked"":912384000}"
    962560,         0,         0,    62.4,standalone_exact_mw,ba5ada56442ed2ba457be44e3218b165c8a19e21146c9941e841199e65961aae,"{""distance"":7,""physical_error_rate"":0.0005}","{""detection_events"":1506213,""detectors_checked"":779673600}"
    477184,         0,         0,    63.1,standalone_exact_mw,3bd544bb51e006261b45d3a2c996e28fc0c0449411cee5f7deafcd25d9539ebc,"{""distance"":7,""physical_error_rate"":0.001}","{""detection_events"":1494215,""detectors_checked"":386519040}"
    391168,         0,         0,    63.6,standalone_exact_mw,9d8ad86e51451842b54dafc7680d1b486ef291963bb72c70f3cdd570d2d8fa34,"{""distance"":7,""physical_error_rate"":0.002}","{""detection_events"":2431116,""detectors_checked"":316846080}"
   1652736,         0,         0,    63.0,standalone_exact_mw,e5383d45c2b34399c539563e7789a53fd4b96cd0b38eade39a3cbfe07ba21ab0,"{""distance"":7,""physical_error_rate"":0.0002}","{""detection_events"":1037796,""detectors_checked"":1338716160}"
    949248,         0,         0,    62.8,standalone_exact_mw,3bd544bb51e006261b45d3a2c996e28fc0c0449411cee5f7deafcd25d9539ebc,"{""distance"":7,""physical_error_rate"":0.001}","{""detection_events"":2966930,""detectors_checked"":768890880}"
    265216,         0,         0,    62.9,standalone_exact_mw,9d8ad86e51451842b54dafc7680d1b486ef291963bb72c70f3cdd570d2d8fa34,"{""distance"":7,""physical_error_rate"":0.002}","{""detection_events"":1648016,""detectors_checked"":214824960}"
    622592,         0,         0,    62.9,standalone_exact_mw,ba5ada56442ed2ba457be44e3218b165c8a19e21146c9941e841199e65961aae,"{""distance"":7,""physical_error_rate"":0.0005}","{""detection_events"":973632,""detectors_checked"":504299520}"
    461824,         2,         0,    62.9,standalone_exact_mw,6a10a1840a7277b64863681e13d5cb65ed80b6c0c130a71789e1f9b9f94c8771,"{""distance"":7,""physical_error_rate"":0.005}","{""detection_events"":7053112,""detectors_checked"":374077440,""obs_mistake_mask=E"":2}"
    707584,         0,         0,    62.7,standalone_exact_mw,3bd544bb51e006261b45d3a2c996e28fc0c0449411cee5f7deafcd25d9539ebc,"{""distance"":7,""physical_error_rate"":0.001}","{""detection_events"":2215569,""detectors_checked"":573143040}"
   1500160,         0,         0,    88.0,standalone_exact_mw,3bd544bb51e006261b45d3a2c996e28fc0c0449411cee5f7deafcd25d9539ebc,"{""distance"":7,""physical_error_rate"":0.001}","{""detection_events"":4685129,""detectors_checked"":1215129600}"
   1602560,         0,         0,    88.0,standalone_exact_mw,ba5ada56442ed2ba457be44e3218b165c8a19e21146c9941e841199e65961aae,"{""distance"":7,""physical_error_rate"":0.0005}","{""detection_events"":2514392,""detectors_checked"":1298073600}"
    790528,         0,         0,    88.2,standalone_exact_mw,ba5ada56442ed2ba457be44e3218b165c8a19e21146c9941e841199e65961aae,"{""distance"":7,""physical_error_rate"":0.0005}","{""detection_events"":1238332,""detectors_checked"":640327680}"
    553984,         0,         0,    87.9,standalone_exact_mw,6a10a1840a7277b64863681e13d5cb65ed80b6c0c130a71789e1f9b9f94c8771,"{""distance"":7,""physical_error_rate"":0.005}","{""detection_events"":8460202,""detectors_checked"":448727040}"
    673792,         5,         0,    87.9,standalone_exact_mw,6a10a1840a7277b64863681e13d5cb65ed80b6c0c130a71789e1f9b9f94c8771,"{""distance"":7,""physical_error_rate"":0.005}","{""detection_events"":10291458,""detectors_checked"":545771520,""obs_mistake_mask=E"":5}"
   1634304,         0,         0,    87.7,standalone_exact_mw,e5383d45c2b34399c539563e7789a53fd4b96cd0b38eade39a3cbfe07ba21ab0,"{""distance"":7,""physical_error_rate"":0.0002}","{""detection_events"":1027134,""detectors_checked"":1323786240}"
    381952,         0,         0,    87.9,standalone_exact_mw,9d8ad86e51451842b54dafc7680d1b486ef291963bb72c70f3cdd570d2d8fa34,"{""distance"":7,""physical_error_rate"":0.002}","{""detection_events"":2373165,""detectors_checked"":309381120}"
   1130496,         0,         0,    87.9,standalone_exact_mw,9d8ad86e51451842b54dafc7680d1b486ef291963bb72c70f3cdd570d2d8fa34,"{""distance"":7,""physical_error_rate"":0.002}","{""detection_events"":7026768,""detectors_checked"":915701760}"
   1417216,         0,         0,    87.9,standalone_exact_mw,3bd544bb51e006261b45d3a2c996e28fc0c0449411cee5f7deafcd25d9539ebc,"{""distance"":7,""physical_error_rate"":0.001}","{""detection_events"":4421268,""detectors_checked"":1147944960}"
   2116608,         0,         0,    87.9,standalone_exact_mw,ba5ada56442ed2ba457be44e3218b165c8a19e21146c9941e841199e65961aae,"{""distance"":7,""physical_error_rate"":0.0005}","{""detection_events"":3313715,""detectors_checked"":1714452480}"
   2326528,         0,         0,    87.9,standalone_exact_mw,e5383d45c2b34399c539563e7789a53fd4b96cd0b38eade39a3cbfe07ba21ab0,"{""distance"":7,""physical_error_rate"":0.0002}","{""detection_events"":1461934,""detectors_checked"":1884487680}"
   1321984,         0,         0,    87.8,standalone_exact_mw,ba5ada56442ed2ba457be44e3218b165c8a19e21146c9941e841199e65961aae,"{""distance"":7,""physical_error_rate"":0.0005}","{""detection_events"":2071937,""detectors_checked"":1070807040}"
   1381376,         0,         0,    88.0,standalone_exact_mw,9d8ad86e51451842b54dafc7680d1b486ef291963bb72c70f3cdd570d2d8fa34,"{""distance"":7,""physical_error_rate"":0.002}","{""detection_events"":8581736,""detectors_checked"":1118914560}"
    607232,         0,         0,    87.9,standalone_exact_mw,3bd544bb51e006261b45d3a2c996e28fc0c0449411cee5f7deafcd25d9539ebc,"{""distance"":7,""physical_error_rate"":0.001}","{""detection_events"":1896351,""detectors_checked"":491857920}"
   2809856,         0,         0,    87.9,standalone_exact_mw,e5383d45c2b34399c539563e7789a53fd4b96cd0b38eade39a3cbfe07ba21ab0,"{""distance"":7,""physical_error_rate"":0.0002}","{""detection_events"":1763239,""detectors_checked"":2275983360}"
   2094080,         0,         0,    87.9,standalone_exact_mw,ba5ada56442ed2ba457be44e3218b165c8a19e21146c9941e841199e65961aae,"{""distance"":7,""physical_error_rate"":0.0005}","{""detection_events"":3283248,""detectors_checked"":1696204800}"
   2693120,         0,         0,    87.8,standalone_exact_mw,e5383d45c2b34399c539563e7789a53fd4b96cd0b38eade39a3cbfe07ba21ab0,"{""distance"":7,""physical_error_rate"":0.0002}","{""detection_events"":1688652,""detectors_checked"":2181427200}"
   1789952,         0,         0,    88.0,standalone_exact_mw,ba5ada56442ed2ba457be44e3218b165c8a19e21146c9941e841199e65961aae,"{""distance"":7,""physical_error_rate"":0.0005}","{""detection_events"":2807503,""detectors_checked"":1449861120}"
   1024000,         0,         0,    88.0,standalone_exact_mw,3bd544bb51e006261b45d3a2c996e28fc0c0449411cee5f7deafcd25d9539ebc,"{""distance"":7,""physical_error_rate"":0.001}","{""detection_events"":3202828,""detectors_checked"":829440000}"
   1891328,         0,         0,    88.0,standalone_exact_mw,3bd544bb51e006261b45d3a2c996e28fc0c0449411cee5f7deafcd25d9539ebc,"{""distance"":7,""physical_error_rate"":0.001}","{""detection_events"":5908682,""detectors_checked"":1531975680}"
   2009088,         0,         0,    87.9,standalone_exact_mw,ba5ada56442ed2ba457be44e3218b165c8a19e21146c9941e841199e65961aae,"{""distance"":7,""physical_error_rate"":0.0005}","{""detection_events"":3148354,""detectors_checked"":1627361280}"
    763904,         0,         0,    88.1,standalone_exact_mw,9d8ad86e51451842b54dafc7680d1b486ef291963bb72c70f3cdd570d2d8fa34,"{""distance"":7,""physical_error_rate"":0.002}","{""detection_events"":4753010,""detectors_checked"":618762240}"
   1331200,         0,         0,    88.0,standalone_exact_mw,e5383d45c2b34399c539563e7789a53fd4b96cd0b38eade39a3cbfe07ba21ab0,"{""distance"":7,""physical_error_rate"":0.0002}","{""detection_events"":836309,""detectors_checked"":1078272000}"
   1143808,         2,         0,    88.1,standalone_exact_mw,6a10a1840a7277b64863681e13d5cb65ed80b6c0c130a71789e1f9b9f94c8771,"{""distance"":7,""physical_error_rate"":0.005}","{""detection_events"":17471615,""detectors_checked"":926484480,""obs_mistake_mask=E"":2}"
   1539072,         0,         0,    87.8,standalone_exact_mw,e5383d45c2b34399c539563e7789a53fd4b96cd0b38eade39a3cbfe07ba21ab0,"{""distance"":7,""physical_error_rate"":0.0002}","{""detection_events"":966411,""detectors_checked"":1246648320}"
   1168384,         0,         0,    88.0,standalone_exact_mw,ba5ada56442ed2ba457be44e3218b165c8a19e21146c9941e841199e65961aae,"{""distance"":7,""physical_error_rate"":0.0005}","{""detection_events"":1829332,""detectors_checked"":946391040}"
   1165312,         0,         0,    88.0,standalone_exact_mw,3bd544bb51e006261b45d3a2c996e28fc0c0449411cee5f7deafcd25d9539ebc,"{""distance"":7,""physical_error_rate"":0.001}","{""detection_events"":3642470,""detectors_checked"":943902720}"
   2020352,         0,         0,    87.9,standalone_exact_mw,e5383d45c2b34399c539563e7789a53fd4b96cd0b38eade39a3cbfe07ba21ab0,"{""distance"":7,""physical_error_rate"":0.0002}","{""detection_events"":1266380,""detectors_checked"":1636485120}"
    630784,         0,         0,    87.8,standalone_exact_mw,3bd544bb51e006261b45d3a2c996e28fc0c0449411cee5f7deafcd25d9539ebc,"{""distance"":7,""physical_error_rate"":0.001}","{""detection_events"":1968702,""detectors_checked"":510935040}"
    379904,         2,         0,    88.0,standalone_exact_mw,6a10a1840a7277b64863681e13d5cb65ed80b6c0c130a71789e1f9b9f94c8771,"{""distance"":7,""physical_error_rate"":0.005}","{""detection_events"":5801316,""detectors_checked"":307722240,""obs_mistake_mask=E"":2}"
    874496,         5,         0,    88.1,standalone_exact_mw,6a10a1840a7277b64863681e13d5cb65ed80b6c0c130a71789e1f9b9f94c8771,"{""distance"":7,""physical_error_rate"":0.005}","{""detection_events"":13354309,""detectors_checked"":708341760,""obs_mistake_mask=E"":5}"
    516096,         0,         0,    88.6,standalone_exact_mw,9d8ad86e51451842b54dafc7680d1b486ef291963bb72c70f3cdd570d2d8fa34,"{""distance"":7,""physical_error_rate"":0.002}","{""detection_events"":3207505,""detectors_checked"":418037760}"
   1044480,         0,         0,    88.1,standalone_exact_mw,9d8ad86e51451842b54dafc7680d1b486ef291963bb72c70f3cdd570d2d8fa34,"{""distance"":7,""physical_error_rate"":0.002}","{""detection_events"":6489794,""detectors_checked"":846028800}"
   1199104,         0,         0,    88.0,standalone_exact_mw,e5383d45c2b34399c539563e7789a53fd4b96cd0b38eade39a3cbfe07ba21ab0,"{""distance"":7,""physical_error_rate"":0.0002}","{""detection_events"":755520,""detectors_checked"":971274240}"
    599040,         0,         0,    88.0,standalone_exact_mw,3bd544bb51e006261b45d3a2c996e28fc0c0449411cee5f7deafcd25d9539ebc,"{""distance"":7,""physical_error_rate"":0.001}","{""detection_events"":1875073,""detectors_checked"":485222400}"
    452608,         0,         0,    87.8,standalone_exact_mw,9d8ad86e51451842b54dafc7680d1b486ef291963bb72c70f3cdd570d2d8fa34,"{""distance"":7,""physical_error_rate"":0.002}","{""detection_events"":2813507,""detectors_checked"":366612480}"
    500736,         0,         0,    88.0,standalone_exact_mw,9d8ad86e51451842b54dafc7680d1b486ef291963bb72c70f3cdd570d2d8fa34,"{""distance"":7,""physical_error_rate"":0.002}","{""detection_events"":3108386,""detectors_checked"":405596160}"
    902144,         0,         0,    88.0,standalone_exact_mw,9d8ad86e51451842b54dafc7680d1b486ef291963bb72c70f3cdd570d2d8fa34,"{""distance"":7,""physical_error_rate"":0.002}","{""detection_events"":5610274,""detectors_checked"":730736640}"
   1729536,         0,         0,    87.9,standalone_exact_mw,ba5ada56442ed2ba457be44e3218b165c8a19e21146c9941e841199e65961aae,"{""distance"":7,""physical_error_rate"":0.0005}","{""detection_events"":2713083,""detectors_checked"":1400924160}"
   1370112,         0,         0,    88.0,standalone_exact_mw,3bd544bb51e006261b45d3a2c996e28fc0c0449411cee5f7deafcd25d9539ebc,"{""distance"":7,""physical_error_rate"":0.001}","{""detection_events"":4282468,""detectors_checked"":1109790720}"
   1359872,         0,         0,    87.9,standalone_exact_mw,3bd544bb51e006261b45d3a2c996e28fc0c0449411cee5f7deafcd25d9539ebc,"{""distance"":7,""physical_error_rate"":0.001}","{""detection_events"":4244164,""detectors_checked"":1101496320}"
    928768,         7,         0,    88.0,standalone_exact_mw,6a10a1840a7277b64863681e13d5cb65ed80b6c0c130a71789e1f9b9f94c8771,"{""distance"":7,""physical_error_rate"":0.005}","{""detection_events"":14178126,""detectors_checked"":752302080,""obs_mistake_mask=E"":7}"
   2018304,         0,         0,    87.9,standalone_exact_mw,e5383d45c2b34399c539563e7789a53fd4b96cd0b38eade39a3cbfe07ba21ab0,"{""distance"":7,""physical_error_rate"":0.0002}","{""detection_events"":1267402,""detectors_checked"":1634826240}"
    913408,         5,         0,    88.1,standalone_exact_mw,6a10a1840a7277b64863681e13d5cb65ed80b6c0c130a71789e1f9b9f94c8771,"{""distance"":7,""physical_error_rate"":0.005}","{""detection_events"":13953332,""detectors_checked"":739860480,""obs_mistake_mask=E"":5}"
    868352,         0,         0,    87.7,standalone_exact_mw,e5383d45c2b34399c539563e7789a53fd4b96cd0b38eade39a3cbfe07ba21ab0,"{""distance"":7,""physical_error_rate"":0.0002}","{""detection_events"":546638,""detectors_checked"":703365120}"
    791552,         6,         0,    88.1,standalone_exact_mw,6a10a1840a7277b64863681e13d5cb65ed80b6c0c130a71789e1f9b9f94c8771,"{""distance"":7,""physical_error_rate"":0.005}","{""detection_events"":12087815,""detectors_checked"":641157120,""obs_mistake_mask=E"":6}"
    779264,         0,         0,    87.8,standalone_exact_mw,ba5ada56442ed2ba457be44e3218b165c8a19e21146c9941e841199e65961aae,"{""distance"":7,""physical_error_rate"":0.0005}","{""detection_events"":1219265,""detectors_checked"":631203840}"
    994304,         0,         0,    88.0,standalone_exact_mw,e5383d45c2b34399c539563e7789a53fd4b96cd0b38eade39a3cbfe07ba21ab0,"{""distance"":7,""physical_error_rate"":0.0002}","{""detection_events"":624823,""detectors_checked"":805386240}"
    850944,         0,         0,    87.9,standalone_exact_mw,9d8ad86e51451842b54dafc7680d1b486ef291963bb72c70f3cdd570d2d8fa34,"{""distance"":7,""physical_error_rate"":0.002}","{""detection_events"":5285651,""detectors_checked"":689264640}"
    517120,         3,         0,    88.0,standalone_exact_mw,6a10a1840a7277b64863681e13d5cb65ed80b6c0c130a71789e1f9b9f94c8771,"{""distance"":7,""physical_error_rate"":0.005}","{""detection_events"":7894574,""detectors_checked"":418867200,""obs_mistake_mask=E"":3}"
   1338368,         0,         0,    88.0,standalone_exact_mw,9d8ad86e51451842b54dafc7680d1b486ef291963bb72c70f3cdd570d2d8fa34,"{""distance"":7,""physical_error_rate"":0.002}","{""detection_events"":8314865,""detectors_checked"":1084078080}"
    661504,         4,         0,    88.1,standalone_exact_mw,6a10a1840a7277b64863681e13d5cb65ed80b6c0c130a71789e1f9b9f94c8771,"{""distance"":7,""physical_error_rate"":0.005}","{""detection_events"":10105528,""detectors_checked"":535818240,""obs_mistake_mask=E"":4}"
   1739776,         0,         0,    88.0,standalone_exact_mw,3bd544bb51e006261b45d3a2c996e28fc0c0449411cee5f7deafcd25d9539ebc,"{""distance"":7,""physical_error_rate"":0.001}","{""detection_events"":5429966,""detectors_checked"":1409218560}"
   1202176,         5,         0,    88.1,standalone_exact_mw,6a10a1840a7277b64863681e13d5cb65ed80b6c0c130a71789e1f9b9f94c8771,"{""distance"":7,""physical_error_rate"":0.005}","{""detection_events"":18364414,""detectors_checked"":973762560,""obs_mistake_mask=E"":5}"
    815104,         0,         0,    87.9,standalone_exact_mw,ba5ada56442ed2ba457be44e3218b165c8a19e21146c9941e841199e65961aae,"{""distance"":7,""physical_error_rate"":0.0005}","{""detection_events"":1281563,""detectors_checked"":660234240}"
    393216,         3,         0,    88.1,standalone_exact_mw,6a10a1840a7277b64863681e13d5cb65ed80b6c0c130a71789e1f9b9f94c8771,"{""distance"":7,""physical_error_rate"":0.005}","{""detection_events"":6000053,""detectors_checked"":318504960,""obs_mistake_mask=E"":3}"
    931840,         0,         0,    88.0,standalone_exact_mw,3bd544bb51e006261b45d3a2c996e28fc0c0449411cee5f7deafcd25d9539ebc,"{""distance"":7,""physical_error_rate"":0.001}","{""detection_events"":2913180,""detectors_checked"":754790400}"
    557056,         0,         0,    88.0,standalone_exact_mw,9d8ad86e51451842b54dafc7680d1b486ef291963bb72c70f3cdd570d2d8fa34,"{""distance"":7,""physical_error_rate"":0.002}","{""detection_events"":3463334,""detectors_checked"":451215360}"
   1946624,         0,         0,    87.9,standalone_exact_mw,e5383d45c2b34399c539563e7789a53fd4b96cd0b38eade39a3cbfe07ba21ab0,"{""distance"":7,""physical_error_rate"":0.0002}","{""detection_events"":1223161,""detectors_checked"":1576765440}"
   1651712,         0,         0,    88.0,standalone_exact_mw,ba5ada56442ed2ba457be44e3218b165c8a19e21146c9941e841199e65961aae,"{""distance"":7,""physical_error_rate"":0.0005}","{""detection_events"":2587567,""detectors_checked"":1337886720}"
    878592,         0,         0,    87.6,standalone_exact_mw,ba5ada56442ed2ba457be44e3218b165c8a19e21146c9941e841199e65961aae,"{""distance"":7,""physical_error_rate"":0.0005}","{""detection_events"":1374714,""detectors_checked"":711659520}"
   1854464,         0,         0,    87.9,standalone_exact_mw,e5383d45c2b34399c539563e7789a53fd4b96cd0b38eade39a3cbfe07ba21ab0,"{""distance"":7,""physical_error_rate"":0.0002}","{""detection_events"":1163692,""detectors_checked"":1502115840}"
   1619968,         0,         0,    87.9,standalone_exact_mw,ba5ada56442ed2ba457be44e3218b165c8a19e21146c9941e841199e65961aae,"{""distance"":7,""physical_error_rate"":0.0005}","{""detection_events"":2539866,""detectors_checked"":1312174080}"
    894976,         1,         0,    87.9,standalone_exact_mw,9d8ad86e51451842b54dafc7680d1b486ef291963bb72c70f3cdd570d2d8fa34,"{""distance"":7,""physical_error_rate"":0.002}","{""detection_events"":5562900,""detectors_checked"":724930560,""obs_mistake_mask=E"":1}"
    528384,         3,         0,    88.2,standalone_exact_mw,6a10a1840a7277b64863681e13d5cb65ed80b6c0c130a71789e1f9b9f94c8771,"{""distance"":7,""physical_error_rate"":0.005}","{""detection_events"":8078693,""detectors_checked"":427991040,""obs_mistake_mask=E"":3}"
    787456,         0,         0,    88.0,standalone_exact_mw,9d8ad86e51451842b54dafc7680d1b486ef291963bb72c70f3cdd570d2d8fa34,"{""distance"":7,""physical_error_rate"":0.002}","{""detection_events"":4891352,""detectors_checked"":637839360}"
    983040,         0,         0,    87.8,standalone_exact_mw,ba5ada56442ed2ba457be44e3218b165c8a19e21146c9941e841199e65961aae,"{""distance"":7,""physical_error_rate"":0.0005}","{""detection_events"":1538790,""detectors_checked"":796262400}"
   1064960,         0,         0,    87.6,standalone_exact_mw,e5383d45c2b34399c539563e7789a53fd4b96cd0b38eade39a3cbfe07ba21ab0,"{""distance"":7,""physical_error_rate"":0.0002}","{""detection_events"":668389,""detectors_checked"":862617600}"
   1995776,         0,         0,    87.8,standalone_exact_mw,e5383d45c2b34399c539563e7789a53fd4b96cd0b38eade39a3cbfe07ba21ab0,"{""distance"":7,""physical_error_rate"":0.0002}","{""detection_events"":1251580,""detectors_checked"":1616578560}"
    858112,         0,         0,    87.7,standalone_exact_mw,ba5ada56442ed2ba457be44e3218b165c8a19e21146c9941e841199e65961aae,"{""distance"":7,""physical_error_rate"":0.0005}","{""detection_events"":1345387,""detectors_checked"":695070720}"
   2197504,         0,         0,    88.0,standalone_exact_mw,e5383d45c2b34399c539563e7789a53fd4b96cd0b38eade39a3cbfe07ba21ab0,"{""distance"":7,""physical_error_rate"":0.0002}","{""detection_events"":1380437,""detectors_checked"":1779978240}"
   1161216,         7,         0,    88.1,standalone_exact_mw,6a10a1840a7277b64863681e13d5cb65ed80b6c0c130a71789e1f9b9f94c8771,"{""distance"":7,""physical_error_rate"":0.005}","{""detection_events"":17740444,""detectors_checked"":940584960,""obs_mistake_mask=E"":7}"
    757760,         0,         0,    88.0,standalone_exact_mw,3bd544bb51e006261b45d3a2c996e28fc0c0449411cee5f7deafcd25d9539ebc,"{""distance"":7,""physical_error_rate"":0.001}","{""detection_events"":2369460,""detectors_checked"":613785600}"
    337920,         1,         0,    87.8,standalone_exact_mw,6a10a1840a7277b64863681e13d5cb65ed80b6c0c130a71789e1f9b9f94c8771,"{""distance"":7,""physical_error_rate"":0.005}","{""detection_events"":5163491,""detectors_checked"":273715200,""obs_mistake_mask=E"":1}"
   2211840,         0,         0,    87.9,standalone_exact_mw,e5383d45c2b34399c539563e7789a53fd4b96cd0b38eade39a3cbfe07ba21ab0,"{""distance"":7,""physical_error_rate"":0.0002}","{""detection_events"":1388609,""detectors_checked"":1791590400}"
    433152,         0,         0,    87.9,standalone_exact_mw,9d8ad86e51451842b54dafc7680d1b486ef291963bb72c70f3cdd570d2d8fa34,"{""distance"":7,""physical_error_rate"":0.002}","{""detection_events"":2694072,""detectors_checked"":350853120}"
   1154048,         8,         0,    88.1,standalone_exact_mw,6a10a1840a7277b64863681e13d5cb65ed80b6c0c130a71789e1f9b9f94c8771,"{""distance"":7,""physical_error_rate"":0.005}","{""detection_events"":17620234,""detectors_checked"":934778880,""obs_mistake_mask=E"":8}"
    908288,         0,         0,    87.9,standalone_exact_mw,9d8ad86e51451842b54dafc7680d1b486ef291963bb72c70f3cdd570d2d8fa34,"{""distance"":7,""physical_error_rate"":0.002}","{""detection_events"":5645590,""detectors_checked"":735713280}"
    557056,         0,         0,    88.0,standalone_exact_mw,3bd544bb51e006261b45d3a2c996e28fc0c0449411cee5f7deafcd25d9539ebc,"{""distance"":7,""physical_error_rate"":0.001}","{""detection_events"":1739130,""detectors_checked"":451215360}"
   1257472,         0,         0,    88.0,standalone_exact_mw,3bd544bb51e006261b45d3a2c996e28fc0c0449411cee5f7deafcd25d9539ebc,"{""distance"":7,""physical_error_rate"":0.001}","{""detection_events"":3931833,""detectors_checked"":1018552320}"
   1127424,         0,         0,    87.8,standalone_exact_mw,ba5ada56442ed2ba457be44e3218b165c8a19e21146c9941e841199e65961aae,"{""distance"":7,""physical_error_rate"":0.0005}","{""detection_events"":1765749,""detectors_checked"":913213440}"
    408576,         4,         0,    88.0,standalone_exact_mw,6a10a1840a7277b64863681e13d5cb65ed80b6c0c130a71789e1f9b9f94c8771,"{""distance"":7,""physical_error_rate"":0.005}","{""detection_events"":6244066,""detectors_checked"":330946560,""obs_mistake_mask=E"":4}"
   1099776,         0,         0,    88.0,standalone_exact_mw,3bd544bb51e006261b45d3a2c996e28fc0c0449411cee5f7deafcd25d9539ebc,"{""distance"":7,""physical_error_rate"":0.001}","{""detection_events"":3437509,""detectors_checked"":890818560}"
    627712,         0,         0,    87.8,standalone_exact_mw,3bd544bb51e006261b45d3a2c996e28fc0c0449411cee5f7deafcd25d9539ebc,"{""distance"":7,""physical_error_rate"":0.001}","{""detection_events"":1962531,""detectors_checked"":508446720}"
    878592,         0,         0,    87.9,standalone_exact_mw,ba5ada56442ed2ba457be44e3218b165c8a19e21146c9941e841199e65961aae,"{""distance"":7,""physical_error_rate"":0.0005}","{""detection_events"":1376850,""detectors_checked"":711659520}"
   1131520,         0,         0,    88.0,standalone_exact_mw,3bd544bb51e006261b45d3a2c996e28fc0c0449411cee5f7deafcd25d9539ebc,"{""distance"":7,""physical_error_rate"":0.001}","{""detection_events"":3529998,""detectors_checked"":916531200}"
    743424,         5,         0,    88.2,standalone_exact_mw,6a10a1840a7277b64863681e13d5cb65ed80b6c0c130a71789e1f9b9f94c8771,"{""distance"":7,""physical_error_rate"":0.005}","{""detection_events"":11356794,""detectors_checked"":602173440,""obs_mistake_mask=E"":5}"
    539648,         0,         0,    88.1,standalone_exact_mw,9d8ad86e51451842b54dafc7680d1b486ef291963bb72c70f3cdd570d2d8fa34,"{""distance"":7,""physical_error_rate"":0.002}","{""detection_events"":3351659,""detectors_checked"":437114880}"
   2158592,         0,         0,    87.8,standalone_exact_mw,e5383d45c2b34399c539563e7789a53fd4b96cd0b38eade39a3cbfe07ba21ab0,"{""distance"":7,""physical_error_rate"":0.0002}","{""detection_events"":1357526,""detectors_checked"":1748459520}"
    343040,         2,         0,    88.3,standalone_exact_mw,6a10a1840a7277b64863681e13d5cb65ed80b6c0c130a71789e1f9b9f94c8771,"{""distance"":7,""physical_error_rate"":0.005}","{""detection_events"":5235499,""detectors_checked"":277862400,""obs_mistake_mask=E"":2}"
    431104,         0,         0,    87.8,standalone_exact_mw,9d8ad86e51451842b54dafc7680d1b486ef291963bb72c70f3cdd570d2d8fa34,"{""distance"":7,""physical_error_rate"":0.002}","{""detection_events"":2682775,""detectors_checked"":349194240}"
   2037760,         0,         0,    87.9,standalone_exact_mw,ba5ada56442ed2ba457be44e3218b165c8a19e21146c9941e841199e65961aae,"{""distance"":7,""physical_error_rate"":0.0005}","{""detection_events"":3193734,""detectors_checked"":1650585600}"
   2592768,         0,         0,    87.9,standalone_exact_mw,e5383d45c2b34399c539563e7789a53fd4b96cd0b38eade39a3cbfe07ba21ab0,"{""distance"":7,""physical_error_rate"":0.0002}","{""detection_events"":1627396,""detectors_checked"":2100142080}"
   1292288,         0,         0,    88.0,standalone_exact_mw,ba5ada56442ed2ba457be44e3218b165c8a19e21146c9941e841199e65961aae,"{""distance"":7,""physical_error_rate"":0.0005}","{""detection_events"":2027618,""detectors_checked"":1046753280}"
    734208,         0,         0,    87.7,standalone_exact_mw,3bd544bb51e006261b45d3a2c996e28fc0c0449411cee5f7deafcd25d9539ebc,"{""distance"":7,""physical_error_rate"":0.001}","{""detection_events"":2293154,""detectors_checked"":594708480}"
   1439744,         0,         0,    87.9,standalone_exact_mw,3bd544bb51e006261b45d3a2c996e28fc0c0449411cee5f7deafcd25d9539ebc,"{""distance"":7,""physical_error_rate"":0.001}","{""detection_events"":4502854,""detectors_checked"":1166192640}"
    566272,         0,         0,    88.0,standalone_exact_mw,9d8ad86e51451842b54dafc7680d1b486ef291963bb72c70f3cdd570d2d8fa34,"{""distance"":7,""physical_error_rate"":0.002}","{""detection_events"":3518013,""detectors_checked"":458680320}"
    617472,         0,         0,    88.1,standalone_exact_mw,3bd544bb51e006261b45d3a2c996e28fc0c0449411cee5f7deafcd25d9539ebc,"{""distance"":7,""physical_error_rate"":0.001}","{""detection_events"":1929022,""detectors_checked"":500152320}"
   2305024,         0,         0,    87.9,standalone_exact_mw,e5383d45c2b34399c539563e7789a53fd4b96cd0b38eade39a3cbfe07ba21ab0,"{""distance"":7,""physical_error_rate"":0.0002}","{""detection_events"":1447671,""detectors_checked"":1867069440}"
    766976,         0,         0,    87.9,standalone_exact_mw,9d8ad86e51451842b54dafc7680d1b486ef291963bb72c70f3cdd570d2d8fa34,"{""distance"":7,""physical_error_rate"":0.002}","{""detection_events"":4764515,""detectors_checked"":621250560}"
   1236992,         0,         0,    87.9,standalone_exact_mw,ba5ada56442ed2ba457be44e3218b165c8a19e21146c9941e841199e65961aae,"{""distance"":7,""physical_error_rate"":0.0005}","{""detection_events"":1938107,""detectors_checked"":1001963520}"
    896000,         0,         0,    88.0,standalone_exact_mw,3bd544bb51e006261b45d3a2c996e28fc0c0449411cee5f7deafcd25d9539ebc,"{""distance"":7,""physical_error_rate"":0.001}","{""detection_events"":2805894,""detectors_checked"":725760000}"
   1647616,         0,         0,    87.7,standalone_exact_mw,e5383d45c2b34399c539563e7789a53fd4b96cd0b38eade39a3cbfe07ba21ab0,"{""distance"":7,""physical_error_rate"":0.0002}","{""detection_events"":1036680,""detectors_checked"":1334568960}"
    799744,         0,         0,    87.8,standalone_exact_mw,9d8ad86e51451842b54dafc7680d1b486ef291963bb72c70f3cdd570d2d8fa34,"{""distance"":7,""physical_error_rate"":0.002}","{""detection_events"":4974840,""detectors_checked"":647792640}"
    440320,         0,         0,    87.8,standalone_exact_mw,9d8ad86e51451842b54dafc7680d1b486ef291963bb72c70f3cdd570d2d8fa34,"{""distance"":7,""physical_error_rate"":0.002}","{""detection_events"":2738271,""detectors_checked"":356659200}"
    715776,         4,         0,    88.0,standalone_exact_mw,6a10a1840a7277b64863681e13d5cb65ed80b6c0c130a71789e1f9b9f94c8771,"{""distance"":7,""physical_error_rate"":0.005}","{""detection_events"":10937089,""detectors_checked"":579778560,""obs_mistake_mask=E"":4}"
    590848,         3,         0,    88.0,standalone_exact_mw,6a10a1840a7277b64863681e13d5cb65ed80b6c0c130a71789e1f9b9f94c8771,"{""distance"":7,""physical_error_rate"":0.005}","{""detection_events"":9028938,""detectors_checked"":478586880,""obs_mistake_mask=E"":3}"
   1276928,         0,         0,    88.1,standalone_exact_mw,9d8ad86e51451842b54dafc7680d1b486ef291963bb72c70f3cdd570d2d8fa34,"{""distance"":7,""physical_error_rate"":0.002}","{""detection_events"":7937143,""detectors_checked"":1034311680}"
   1103872,         1,         0,    88.0,standalone_exact_mw,9d8ad86e51451842b54dafc7680d1b486ef291963bb72c70f3cdd570d2d8fa34,"{""distance"":7,""physical_error_rate"":0.002}","{""detection_events"":6859535,""detectors_checked"":894136320,""obs_mistake_mask=E"":1}"
   2611200,         0,         0,    87.9,standalone_exact_mw,e5383d45c2b34399c539563e7789a53fd4b96cd0b38eade39a3cbfe07ba21ab0,"{""distance"":7,""physical_error_rate"":0.0002}","{""detection_events"":1640365,""detectors_checked"":2115072000}"
   1623040,         0,         0,    88.0,standalone_exact_mw,3bd544bb51e006261b45d3a2c996e28fc0c0449411cee5f7deafcd25d9539ebc,"{""distance"":7,""physical_error_rate"":0.001}","{""detection_events"":5070736,""detectors_checked"":1314662400}"
   2231296,         0,         0,    88.0,standalone_exact_mw,ba5ada56442ed2ba457be44e3218b165c8a19e21146c9941e841199e65961aae,"{""distance"":7,""physical_error_rate"":0.0005}","{""detection_events"":3498118,""detectors_checked"":1807349760}"
    751616,         3,         0,    88.0,standalone_exact_mw,6a10a1840a7277b64863681e13d5cb65ed80b6c0c130a71789e1f9b9f94c8771,"{""distance"":7,""physical_error_rate"":0.005}","{""detection_events"":11479846,""detectors_checked"":608808960,""obs_mistake_mask=E"":3}"
   1733632,         0,         0,    87.9,standalone_exact_mw,e5383d45c2b34399c539563e7789a53fd4b96cd0b38eade39a3cbfe07ba21ab0,"{""distance"":7,""physical_error_rate"":0.0002}","{""detection_events"":1084301,""detectors_checked"":1404241920}"
   1949696,         0,         0,    87.9,standalone_exact_mw,e5383d45c2b34399c539563e7789a53fd4b96cd0b38eade39a3cbfe07ba21ab0,"{""distance"":7,""physical_error_rate"":0.0002}","{""detection_events"":1221470,""detectors_checked"":1579253760}"
    692224,         5,         0,    88.1,standalone_exact_mw,6a10a1840a7277b64863681e13d5cb65ed80b6c0c130a71789e1f9b9f94c8771,"{""distance"":7,""physical_error_rate"":0.005}","{""detection_events"":10571059,""detectors_checked"":560701440,""obs_mistake_mask=E"":5}"
   1453056,         0,         0,    87.9,standalone_exact_mw,e5383d45c2b34399c539563e7789a53fd4b96cd0b38eade39a3cbfe07ba21ab0,"{""distance"":7,""physical_error_rate"":0.0002}","{""detection_events"":912719,""detectors_checked"":1176975360}"
    985088,         4,         0,    88.0,standalone_exact_mw,6a10a1840a7277b64863681e13d5cb65ed80b6c0c130a71789e1f9b9f94c8771,"{""distance"":7,""physical_error_rate"":0.005}","{""detection_events"":15046207,""detectors_checked"":797921280,""obs_mistake_mask=E"":4}"
   1305600,         0,         0,    87.9,standalone_exact_mw,ba5ada56442ed2ba457be44e3218b165c8a19e21146c9941e841199e65961aae,"{""distance"":7,""physical_error_rate"":0.0005}","{""detection_events"":2045631,""detectors_checked"":1057536000}"
   1318912,         0,         0,    87.9,standalone_exact_mw,ba5ada56442ed2ba457be44e3218b165c8a19e21146c9941e841199e65961aae,"{""distance"":7,""physical_error_rate"":0.0005}","{""detection_events"":2064571,""detectors_checked"":1068318720}"
    752640,         0,         0,    88.2,standalone_exact_mw,3bd544bb51e006261b45d3a2c996e28fc0c0449411cee5f7deafcd25d9539ebc,"{""distance"":7,""physical_error_rate"":0.001}","{""detection_events"":2352213,""detectors_checked"":609638400}"
    866304,         0,         0,    88.0,standalone_exact_mw,9d8ad86e51451842b54dafc7680d1b486ef291963bb72c70f3cdd570d2d8fa34,"{""distance"":7,""physical_error_rate"":0.002}","{""detection_events"":5379316,""detectors_checked"":701706240}"
   1874944,         0,         0,    87.7,standalone_exact_mw,e5383d45c2b34399c539563e7789a53fd4b96cd0b38eade39a3cbfe07ba21ab0,"{""distance"":7,""physical_error_rate"":0.0002}","{""detection_events"":1178293,""detectors_checked"":1518704640}"
    984064,         0,         0,    87.9,standalone_exact_mw,3bd544bb51e006261b45d3a2c996e28fc0c0449411cee5f7deafcd25d9539ebc,"{""distance"":7,""physical_error_rate"":0.001}","{""detection_events"":3069213,""detectors_checked"":797091840}"
    576512,         0,         0,    87.9,standalone_exact_mw,9d8ad86e51451842b54dafc7680d1b486ef291963bb72c70f3cdd570d2d8fa34,"{""distance"":7,""physical_error_rate"":0.002}","{""detection_events"":3585104,""detectors_checked"":466974720}"
    966656,         0,         0,    88.0,standalone_exact_mw,ba5ada56442ed2ba457be44e3218b165c8a19e21146c9941e841199e65961aae,"{""distance"":7,""physical_error_rate"":0.0005}","{""detection_events"":1513936,""detectors_checked"":782991360}"
    665600,         3,         0,    88.0,standalone_exact_mw,6a10a1840a7277b64863681e13d5cb65ed80b6c0c130a71789e1f9b9f94c8771,"{""distance"":7,""physical_error_rate"":0.005}","{""detection_events"":10165536,""detectors_checked"":539136000,""obs_mistake_mask=E"":3}"
   1161216,         0,         0,    88.1,standalone_exact_mw,3bd544bb51e006261b45d3a2c996e28fc0c0449411cee5f7deafcd25d9539ebc,"{""distance"":7,""physical_error_rate"":0.001}","{""detection_events"":3628780,""detectors_checked"":940584960}"
   1728512,         0,         0,   119.7,standalone_exact_mw,3bd544bb51e006261b45d3a2c996e28fc0c0449411cee5f7deafcd25d9539ebc,"{""distance"":7,""physical_error_rate"":0.001}","{""detection_events"":5403309,""detectors_checked"":1400094720}"
   1436672,         0,         0,   119.6,standalone_exact_mw,ba5ada56442ed2ba457be44e3218b165c8a19e21146c9941e841199e65961aae,"{""distance"":7,""physical_error_rate"":0.0005}","{""detection_events"":2250207,""detectors_checked"":1163704320}"
   1823744,         0,         0,   119.5,standalone_exact_mw,ba5ada56442ed2ba457be44e3218b165c8a19e21146c9941e841199e65961aae,"{""distance"":7,""physical_error_rate"":0.0005}","{""detection_events"":2857751,""detectors_checked"":1477232640}"
   1038336,         2,         0,   119.6,standalone_exact_mw,6a10a1840a7277b64863681e13d5cb65ed80b6c0c130a71789e1f9b9f94c8771,"{""distance"":7,""physical_error_rate"":0.005}","{""detection_events"":15843660,""detectors_checked"":841052160,""obs_mistake_mask=E"":2}"
   1343488,        10,         0,   119.8,standalone_exact_mw,6a10a1840a7277b64863681e13d5cb65ed80b6c0c130a71789e1f9b9f94c8771,"{""distance"":7,""physical_error_rate"":0.005}","{""detection_events"":20518109,""detectors_checked"":1088225280,""obs_mistake_mask=E"":10}"
   1593344,         0,         0,   119.5,standalone_exact_mw,e5383d45c2b34399c539563e7789a53fd4b96cd0b38eade39a3cbfe07ba21ab0,"{""distance"":7,""physical_error_rate"":0.0002}","{""detection_events"":998039,""detectors_checked"":1290608640}"
    762880,         0,         0,   119.8,standalone_exact_mw,9d8ad86e51451842b54dafc7680d1b486ef291963bb72c70f3cdd570d2d8fa34,"{""distance"":7,""physical_error_rate"":0.002}","{""detection_events"":4737082,""detectors_checked"":617932800}"
   1409024,         0,         0,   119.7,standalone_exact_mw,9d8ad86e51451842b54dafc7680d1b486ef291963bb72c70f3cdd570d2d8fa34,"{""distance"":7,""physical_error_rate"":0.002}","{""detection_events"":8748742,""detectors_checked"":1141309440}"
   1429504,         0,         0,   119.6,standalone_exact_mw,3bd544bb51e006261b45d3a2c996e28fc0c0449411cee5f7deafcd25d9539ebc,"{""distance"":7,""physical_error_rate"":0.001}","{""detection_events"":4471010,""detectors_checked"":1157898240}"
   2565120,         0,         0,   119.7,standalone_exact_mw,ba5ada56442ed2ba457be44e3218b165c8a19e21146c9941e841199e65961aae,"{""distance"":7,""physical_error_rate"":0.0005}","{""detection_events"":4017982,""detectors_checked"":2077747200}"
   2677760,         0,         0,   119.5,standalone_exact_mw,e5383d45c2b34399c539563e7789a53fd4b96cd0b38eade39a3cbfe07ba21ab0,"{""distance"":7,""physical_error_rate"":0.0002}","{""detection_events"":1683627,""detectors_checked"":2168985600}"
   1901568,         1,         0,   119.5,standalone_exact_mw,ba5ada56442ed2ba457be44e3218b165c8a19e21146c9941e841199e65961aae,"{""distance"":7,""physical_error_rate"":0.0005}","{""detection_events"":2982519,""detectors_checked"":1540270080,""obs_mistake_mask=E"":1}"
   1002496,         0,         0,   119.7,standalone_exact_mw,3bd544bb51e006261b45d3a2c996e28fc0c0449411cee5f7deafcd25d9539ebc,"{""distance"":7,""physical_error_rate"":0.001}","{""detection_events"":3128145,""detectors_checked"":812021760}"
   1813504,         0,         0,   119.7,standalone_exact_mw,9d8ad86e51451842b54dafc7680d1b486ef291963bb72c70f3cdd570d2d8fa34,"{""distance"":7,""physical_error_rate"":0.002}","{""detection_events"":11270295,""detectors_checked"":1468938240}"
   2688000,         0,         0,   119.6,standalone_exact_mw,ba5ada56442ed2ba457be44e3218b165c8a19e21146c9941e841199e65961aae,"{""distance"":7,""physical_error_rate"":0.0005}","{""detection_events"":4211881,""detectors_checked"":2177280000}"
   3100672,         0,         0,   119.6,standalone_exact_mw,e5383d45c2b34399c539563e7789a53fd4b96cd0b38eade39a3cbfe07ba21ab0,"{""distance"":7,""physical_error_rate"":0.0002}","{""detection_events"":1949842,""detectors_checked"":2511544320}"
   3320832,         0,         0,   119.6,standalone_exact_mw,e5383d45c2b34399c539563e7789a53fd4b96cd0b38eade39a3cbfe07ba21ab0,"{""distance"":7,""physical_error_rate"":0.0002}","{""detection_events"":2085569,""detectors_checked"":2689873920}"
    986112,         0,         0,   119.7,standalone_exact_mw,3bd544bb51e006261b45d3a2c996e28fc0c0449411cee5f7deafcd25d9539ebc,"{""distance"":7,""physical_error_rate"":0.001}","{""detection_events"":3080819,""detectors_checked"":798750720}"
   1892352,         0,         0,   119.7,standalone_exact_mw,ba5ada56442ed2ba457be44e3218b165c8a19e21146c9941e841199e65961aae,"{""distance"":7,""physical_error_rate"":0.0005}","{""detection_events"":2961031,""detectors_checked"":1532805120}"
   2220032,         0,         0,   119.7,standalone_exact_mw,3bd544bb51e006261b45d3a2c996e28fc0c0449411cee5f7deafcd25d9539ebc,"{""distance"":7,""physical_error_rate"":0.001}","{""detection_events"":6940137,""detectors_checked"":1798225920}"
   2582528,         0,         0,   119.7,standalone_exact_mw,ba5ada56442ed2ba457be44e3218b165c8a19e21146c9941e841199e65961aae,"{""distance"":7,""physical_error_rate"":0.0005}","{""detection_events"":4046344,""detectors_checked"":2091847680}"
    760832,         1,         0,   119.7,standalone_exact_mw,9d8ad86e51451842b54dafc7680d1b486ef291963bb72c70f3cdd570d2d8fa34,"{""distance"":7,""physical_error_rate"":0.002}","{""detection_events"":4730553,""detectors_checked"":616273920,""obs_mistake_mask=E"":1}"
   2384896,         0,         0,   119.6,standalone_exact_mw,e5383d45c2b34399c539563e7789a53fd4b96cd0b38eade39a3cbfe07ba21ab0,"{""distance"":7,""physical_error_rate"":0.0002}","{""detection_events"":1495893,""detectors_checked"":1931765760}"
   1472512,        10,         0,   119.7,standalone_exact_mw,6a10a1840a7277b64863681e13d5cb65ed80b6c0c130a71789e1f9b9f94c8771,"{""distance"":7,""physical_error_rate"":0.005}","{""detection_events"":22488535,""detectors_checked"":1192734720,""obs_mistake_mask=E"":10}"
   2515968,         0,         0,   119.5,standalone_exact_mw,e5383d45c2b34399c539563e7789a53fd4b96cd0b38eade39a3cbfe07ba21ab0,"{""distance"":7,""physical_error_rate"":0.0002}","{""detection_events"":1580439,""detectors_checked"":2037934080}"
   1637376,         0,         0,   119.6,standalone_exact_mw,ba5ada56442ed2ba457be44e3218b165c8a19e21146c9941e841199e65961aae,"{""distance"":7,""physical_error_rate"":0.0005}","{""detection_events"":2566525,""detectors_checked"":1326274560}"
   1675264,         0,         0,   119.6,standalone_exact_mw,3bd544bb51e006261b45d3a2c996e28fc0c0449411cee5f7deafcd25d9539ebc,"{""distance"":7,""physical_error_rate"":0.001}","{""detection_events"":5240644,""detectors_checked"":1356963840}"
   2804736,         0,         0,   119.4,standalone_exact_mw,e5383d45c2b34399c539563e7789a53fd4b96cd0b38eade39a3cbfe07ba21ab0,"{""distance"":7,""physical_error_rate"":0.0002}","{""detection_events"":1758370,""detectors_checked"":2271836160}"
    969728,         0,         0,   119.8,standalone_exact_mw,3bd544bb51e006261b45d3a2c996e28fc0c0449411cee5f7deafcd25d9539ebc,"{""distance"":7,""physical_error_rate"":0.001}","{""detection_events"":3029485,""detectors_checked"":785479680}"
   1195008,         7,         0,   119.8,standalone_exact_mw,6a10a1840a7277b64863681e13d5cb65ed80b6c0c130a71789e1f9b9f94c8771,"{""distance"":7,""physical_error_rate"":0.005}","{""detection_events"":18262366,""detectors_checked"":967956480,""obs_mistake_mask=E"":7}"
    583680,         3,         0,   120.1,standalone_exact_mw,6a10a1840a7277b64863681e13d5cb65ed80b6c0c130a71789e1f9b9f94c8771,"{""distance"":7,""physical_error_rate"":0.005}","{""detection_events"":8904633,""detectors_checked"":472780800,""obs_mistake_mask=E"":3}"
    754688,         0,         0,   119.5,standalone_exact_mw,9d8ad86e51451842b54dafc7680d1b486ef291963bb72c70f3cdd570d2d8fa34,"{""distance"":7,""physical_error_rate"":0.002}","{""detection_events"":4686917,""detectors_checked"":611297280}"
   1474560,         0,         0,   119.5,standalone_exact_mw,e5383d45c2b34399c539563e7789a53fd4b96cd0b38eade39a3cbfe07ba21ab0,"{""distance"":7,""physical_error_rate"":0.0002}","{""detection_events"":924893,""detectors_checked"":1194393600}"
   1452032,         0,         0,   119.9,standalone_exact_mw,9d8ad86e51451842b54dafc7680d1b486ef291963bb72c70f3cdd570d2d8fa34,"{""distance"":7,""physical_error_rate"":0.002}","{""detection_events"":9019837,""detectors_checked"":1176145920}"
   1065984,         0,         0,   119.5,standalone_exact_mw,3bd544bb51e006261b45d3a2c996e28fc0c0449411cee5f7deafcd25d9539ebc,"{""distance"":7,""physical_error_rate"":0.001}","{""detection_events"":3328915,""detectors_checked"":863447040}"
    755712,         0,         0,   119.8,standalone_exact_mw,9d8ad86e51451842b54dafc7680d1b486ef291963bb72c70f3cdd570d2d8fa34,"{""distance"":7,""physical_error_rate"":0.002}","{""detection_events"":4694219,""detectors_checked"":612126720}"
    760832,         0,         0,   119.5,standalone_exact_mw,9d8ad86e51451842b54dafc7680d1b486ef291963bb72c70f3cdd570d2d8fa34,"{""distance"":7,""physical_error_rate"":0.002}","{""detection_events"":4736954,""detectors_checked"":616273920}"
   1393664,         0,         0,   119.6,standalone_exact_mw,9d8ad86e51451842b54dafc7680d1b486ef291963bb72c70f3cdd570d2d8fa34,"{""distance"":7,""physical_error_rate"":0.002}","{""detection_events"":8656397,""detectors_checked"":1128867840}"
   1512448,         0,         0,   119.4,standalone_exact_mw,ba5ada56442ed2ba457be44e3218b165c8a19e21146c9941e841199e65961aae,"{""distance"":7,""physical_error_rate"":0.0005}","{""detection_events"":2371313,""detectors_checked"":1225082880}"
   1269760,         0,         0,   119.7,standalone_exact_mw,3bd544bb51e006261b45d3a2c996e28fc0c0449411cee5f7deafcd25d9539ebc,"{""distance"":7,""physical_error_rate"":0.001}","{""detection_events"":3964461,""detectors_checked"":1028505600}"
   1409024,         0,         0,   119.8,standalone_exact_mw,3bd544bb51e006261b45d3a2c996e28fc0c0449411cee5f7deafcd25d9539ebc,"{""distance"":7,""physical_error_rate"":0.001}","{""detection_events"":4403663,""detectors_checked"":1141309440}"
    907264,         7,         0,   119.7,standalone_exact_mw,6a10a1840a7277b64863681e13d5cb65ed80b6c0c130a71789e1f9b9f94c8771,"{""distance"":7,""physical_error_rate"":0.005}","{""detection_events"":13850115,""detectors_checked"":734883840,""obs_mistake_mask=E"":7}"
   2542592,         0,         0,   119.5,standalone_exact_mw,e5383d45c2b34399c539563e7789a53fd4b96cd0b38eade39a3cbfe07ba21ab0,"{""distance"":7,""physical_error_rate"":0.0002}","{""detection_events"":1598187,""detectors_checked"":2059499520}"
    920576,         4,         0,   119.9,standalone_exact_mw,6a10a1840a7277b64863681e13d5cb65ed80b6c0c130a71789e1f9b9f94c8771,"{""distance"":7,""physical_error_rate"":0.005}","{""detection_events"":14058022,""detectors_checked"":745666560,""obs_mistake_mask=E"":4}"
   1988608,         0,         0,   119.5,standalone_exact_mw,ba5ada56442ed2ba457be44e3218b165c8a19e21146c9941e841199e65961aae,"{""distance"":7,""physical_error_rate"":0.0005}","{""detection_events"":3115608,""detectors_checked"":1610772480}"
   1454080,         0,         0,   119.6,standalone_exact_mw,e5383d45c2b34399c539563e7789a53fd4b96cd0b38eade39a3cbfe07ba21ab0,"{""distance"":7,""physical_error_rate"":0.0002}","{""detection_events"":912675,""detectors_checked"":1177804800}"
   1473536,         0,         0,   119.5,standalone_exact_mw,e5383d45c2b34399c539563e7789a53fd4b96cd0b38eade39a3cbfe07ba21ab0,"{""distance"":7,""physical_error_rate"":0.0002}","{""detection_events"":926833,""detectors_checked"":1193564160}"
   1293312,         0,         0,   119.7,standalone_exact_mw,9d8ad86e51451842b54dafc7680d1b486ef291963bb72c70f3cdd570d2d8fa34,"{""distance"":7,""physical_error_rate"":0.002}","{""detection_events"":8039336,""detectors_checked"":1047582720}"
    993280,         3,         0,   120.0,standalone_exact_mw,6a10a1840a7277b64863681e13d5cb65ed80b6c0c130a71789e1f9b9f94c8771,"{""distance"":7,""physical_error_rate"":0.005}","{""detection_events"":15179241,""detectors_checked"":804556800,""obs_mistake_mask=E"":3}"
   1305600,         5,         0,   119.9,standalone_exact_mw,6a10a1840a7277b64863681e13d5cb65ed80b6c0c130a71789e1f9b9f94c8771,"{""distance"":7,""physical_error_rate"":0.005}","{""detection_events"":19942630,""detectors_checked"":1057536000,""obs_mistake_mask=E"":5}"
   1582080,         0,         0,   119.7,standalone_exact_mw,9d8ad86e51451842b54dafc7680d1b486ef291963bb72c70f3cdd570d2d8fa34,"{""distance"":7,""physical_error_rate"":0.002}","{""detection_events"":9828758,""detectors_checked"":1281484800}"
    572416,         3,         0,   119.8,standalone_exact_mw,6a10a1840a7277b64863681e13d5cb65ed80b6c0c130a71789e1f9b9f94c8771,"{""distance"":7,""physical_error_rate"":0.005}","{""detection_events"":8737884,""detectors_checked"":463656960,""obs_mistake_mask=E"":3}"
   1632256,        11,         0,   119.8,standalone_exact_mw,6a10a1840a7277b64863681e13d5cb65ed80b6c0c130a71789e1f9b9f94c8771,"{""distance"":7,""physical_error_rate"":0.005}","{""detection_events"":24934629,""detectors_checked"":1322127360,""obs_mistake_mask=E"":11}"
   2298880,         0,         0,   119.7,standalone_exact_mw,3bd544bb51e006261b45d3a2c996e28fc0c0449411cee5f7deafcd25d9539ebc,"{""distance"":7,""physical_error_rate"":0.001}","{""detection_events"":7187351,""detectors_checked"":1862092800}"
   1875968,         0,         0,   119.4,standalone_exact_mw,ba5ada56442ed2ba457be44e3218b165c8a19e21146c9941e841199e65961aae,"{""distance"":7,""physical_error_rate"":0.0005}","{""detection_events"":2941040,""detectors_checked"":1519534080}"
    573440,         4,         0,   119.8,standalone_exact_mw,6a10a1840a7277b64863681e13d5cb65ed80b6c0c130a71789e1f9b9f94c8771,"{""distance"":7,""physical_error_rate"":0.005}","{""detection_events"":8765187,""detectors_checked"":464486400,""obs_mistake_mask=E"":4}"
   1188864,         0,         0,   119.7,standalone_exact_mw,3bd544bb51e006261b45d3a2c996e28fc0c0449411cee5f7deafcd25d9539ebc,"{""distance"":7,""physical_error_rate"":0.001}","{""detection_events"":3716543,""detectors_checked"":962979840}"
    782336,         0,         0,   119.6,standalone_exact_mw,9d8ad86e51451842b54dafc7680d1b486ef291963bb72c70f3cdd570d2d8fa34,"{""distance"":7,""physical_error_rate"":0.002}","{""detection_events"":4863347,""detectors_checked"":633692160}"
   2234368,         0,         0,   119.6,standalone_exact_mw,e5383d45c2b34399c539563e7789a53fd4b96cd0b38eade39a3cbfe07ba21ab0,"{""distance"":7,""physical_error_rate"":0.0002}","{""detection_events"":1405313,""detectors_checked"":1809838080}"
   1751040,         0,         0,   119.4,standalone_exact_mw,ba5ada56442ed2ba457be44e3218b165c8a19e21146c9941e841199e65961aae,"{""distance"":7,""physical_error_rate"":0.0005}","{""detection_events"":2745235,""detectors_checked"":1418342400}"
   1234944,         0,         0,   119.6,standalone_exact_mw,ba5ada56442ed2ba457be44e3218b165c8a19e21146c9941e841199e65961aae,"{""distance"":7,""physical_error_rate"":0.0005}","{""detection_events"":1935717,""detectors_checked"":1000304640}"
   2512896,         0,         0,   119.5,standalone_exact_mw,e5383d45c2b34399c539563e7789a53fd4b96cd0b38eade39a3cbfe07ba21ab0,"{""distance"":7,""physical_error_rate"":0.0002}","{""detection_events"":1577410,""detectors_checked"":2035445760}"
   2002944,         0,         0,   119.5,standalone_exact_mw,ba5ada56442ed2ba457be44e3218b165c8a19e21146c9941e841199e65961aae,"{""distance"":7,""physical_error_rate"":0.0005}","{""detection_events"":3139681,""detectors_checked"":1622384640}"
   1413120,         0,         0,   119.8,standalone_exact_mw,9d8ad86e51451842b54dafc7680d1b486ef291963bb72c70f3cdd570d2d8fa34,"{""distance"":7,""physical_error_rate"":0.002}","{""detection_events"":8777721,""detectors_checked"":1144627200}"
   1225728,         0,         0,   119.6,standalone_exact_mw,9d8ad86e51451842b54dafc7680d1b486ef291963bb72c70f3cdd570d2d8fa34,"{""distance"":7,""physical_error_rate"":0.002}","{""detection_events"":7620646,""detectors_checked"":992839680}"
   1178624,        10,         0,   119.8,standalone_exact_mw,6a10a1840a7277b64863681e13d5cb65ed80b6c0c130a71789e1f9b9f94c8771,"{""distance"":7,""physical_error_rate"":0.005}","{""detection_events"":17995866,""detectors_checked"":954685440,""obs_mistake_mask=E"":10}"
   1862656,         0,         0,   119.5,standalone_exact_mw,ba5ada56442ed2ba457be44e3218b165c8a19e21146c9941e841199e65961aae,"{""distance"":7,""physical_error_rate"":0.0005}","{""detection_events"":2921146,""detectors_checked"":1508751360}"
   2776064,         0,         0,   119.5,standalone_exact_mw,e5383d45c2b34399c539563e7789a53fd4b96cd0b38eade39a3cbfe07ba21ab0,"{""distance"":7,""physical_error_rate"":0.0002}","{""detection_events"":1744273,""detectors_checked"":2248611840}"
   2523136,         0,         0,   119.5,standalone_exact_mw,e5383d45c2b34399c539563e7789a53fd4b96cd0b38eade39a3cbfe07ba21ab0,"{""distance"":7,""physical_error_rate"":0.0002}","{""detection_events"":1584752,""detectors_checked"":2043740160}"
   1431552,         0,         0,   119.7,standalone_exact_mw,ba5ada56442ed2ba457be44e3218b165c8a19e21146c9941e841199e65961aae,"{""distance"":7,""physical_error_rate"":0.0005}","{""detection_events"":2244742,""detectors_checked"":1159557120}"
   2185216,         0,         0,   119.5,standalone_exact_mw,e5383d45c2b34399c539563e7789a53fd4b96cd0b38eade39a3cbfe07ba21ab0,"{""distance"":7,""physical_error_rate"":0.0002}","{""detection_events"":1372207,""detectors_checked"":1770024960}"
   1522688,        11,         0,   119.9,standalone_exact_mw,6a10a1840a7277b64863681e13d5cb65ed80b6c0c130a71789e1f9b9f94c8771,"{""distance"":7,""physical_error_rate"":0.005}","{""detection_events"":23268401,""detectors_checked"":1233377280,""obs_mistake_mask=E"":11}"
   1155072,         0,         0,   119.8,standalone_exact_mw,3bd544bb51e006261b45d3a2c996e28fc0c0449411cee5f7deafcd25d9539ebc,"{""distance"":7,""physical_error_rate"":0.001}","{""detection_events"":3611588,""detectors_checked"":935608320}"
    705536,         6,         0,   119.8,standalone_exact_mw,6a10a1840a7277b64863681e13d5cb65ed80b6c0c130a71789e1f9b9f94c8771,"{""distance"":7,""physical_error_rate"":0.005}","{""detection_events"":10775753,""detectors_checked"":571484160,""obs_mistake_mask=E"":6}"
   2969600,         0,         0,   119.5,standalone_exact_mw,e5383d45c2b34399c539563e7789a53fd4b96cd0b38eade39a3cbfe07ba21ab0,"{""distance"":7,""physical_error_rate"":0.0002}","{""detection_events"":1866116,""detectors_checked"":2405376000}"
   1046528,         0,         0,   119.7,standalone_exact_mw,9d8ad86e51451842b54dafc7680d1b486ef291963bb72c70f3cdd570d2d8fa34,"{""distance"":7,""physical_error_rate"":0.002}","{""detection_events"":6500476,""detectors_checked"":847687680}"
   1593344,         5,         0,   119.9,standalone_exact_mw,6a10a1840a7277b64863681e13d5cb65ed80b6c0c130a71789e1f9b9f94c8771,"{""distance"":7,""physical_error_rate"":0.005}","{""detection_events"":24339777,""detectors_checked"":1290608640,""obs_mistake_mask=E"":5}"
   1403904,         0,         0,   119.7,standalone_exact_mw,3bd544bb51e006261b45d3a2c996e28fc0c0449411cee5f7deafcd25d9539ebc,"{""distance"":7,""physical_error_rate"":0.001}","{""detection_events"":4388981,""detectors_checked"":1137162240}"
   1010688,         0,         0,   119.8,standalone_exact_mw,3bd544bb51e006261b45d3a2c996e28fc0c0449411cee5f7deafcd25d9539ebc,"{""distance"":7,""physical_error_rate"":0.001}","{""detection_events"":3156899,""detectors_checked"":818657280}"
   1280000,         0,         0,   119.8,standalone_exact_mw,9d8ad86e51451842b54dafc7680d1b486ef291963bb72c70f3cdd570d2d8fa34,"{""distance"":7,""physical_error_rate"":0.002}","{""detection_events"":7956156,""detectors_checked"":1036800000}"
    662528,         5,         0,   119.9,standalone_exact_mw,6a10a1840a7277b64863681e13d5cb65ed80b6c0c130a71789e1f9b9f94c8771,"{""distance"":7,""physical_error_rate"":0.005}","{""detection_events"":10115921,""detectors_checked"":536647680,""obs_mistake_mask=E"":5}"
   1161216,         0,         0,   119.7,standalone_exact_mw,ba5ada56442ed2ba457be44e3218b165c8a19e21146c9941e841199e65961aae,"{""distance"":7,""physical_error_rate"":0.0005}","{""detection_events"":1819875,""detectors_checked"":940584960}"
   1357824,         0,         0,   119.6,standalone_exact_mw,ba5ada56442ed2ba457be44e3218b165c8a19e21146c9941e841199e65961aae,"{""distance"":7,""physical_error_rate"":0.0005}","{""detection_events"":2129425,""detectors_checked"":1099837440}"
    927744,         0,         0,   119.5,standalone_exact_mw,3bd544bb51e006261b45d3a2c996e28fc0c0449411cee5f7deafcd25d9539ebc,"{""distance"":7,""physical_error_rate"":0.001}","{""detection_events"":2897231,""detectors_checked"":751472640}"
   1308672,         0,         0,   119.6,standalone_exact_mw,3bd544bb51e006261b45d3a2c996e28fc0c0449411cee5f7deafcd25d9539ebc,"{""distance"":7,""physical_error_rate"":0.001}","{""detection_events"":4089234,""detectors_checked"":1060024320}"
   1682432,         0,         0,   119.9,standalone_exact_mw,3bd544bb51e006261b45d3a2c996e28fc0c0449411cee5f7deafcd25d9539ebc,"{""distance"":7,""physical_error_rate"":0.001}","{""detection_events"":5262661,""detectors_checked"":1362769920}"
   1006592,         9,         0,   120.0,standalone_exact_mw,6a10a1840a7277b64863681e13d5cb65ed80b6c0c130a71789e1f9b9f94c8771,"{""distance"":7,""physical_error_rate"":0.005}","{""detection_events"":15383535,""detectors_checked"":815339520,""obs_mistake_mask=E"":9}"
    778240,         1,         0,   119.6,standalone_exact_mw,9d8ad86e51451842b54dafc7680d1b486ef291963bb72c70f3cdd570d2d8fa34,"{""distance"":7,""physical_error_rate"":0.002}","{""detection_events"":4833540,""detectors_checked"":630374400,""obs_mistake_mask=E"":1}"
   2523136,         0,         0,   119.3,standalone_exact_mw,e5383d45c2b34399c539563e7789a53fd4b96cd0b38eade39a3cbfe07ba21ab0,"{""distance"":7,""physical_error_rate"":0.0002}","{""detection_events"":1583635,""detectors_checked"":2043740160}"
    575488,         3,         0,   119.8,standalone_exact_mw,6a10a1840a7277b64863681e13d5cb65ed80b6c0c130a71789e1f9b9f94c8771,"{""distance"":7,""physical_error_rate"":0.005}","{""detection_events"":8786001,""detectors_checked"":466145280,""obs_mistake_mask=E"":3}"
    673792,         0,         0,   119.8,standalone_exact_mw,9d8ad86e51451842b54dafc7680d1b486ef291963bb72c70f3cdd570d2d8fa34,"{""distance"":7,""physical_error_rate"":0.002}","{""detection_events"":4185911,""detectors_checked"":545771520}"
   2648064,         0,         0,   119.6,standalone_exact_mw,ba5ada56442ed2ba457be44e3218b165c8a19e21146c9941e841199e65961aae,"{""distance"":7,""physical_error_rate"":0.0005}","{""detection_events"":4151079,""detectors_checked"":2144931840}"
   3140608,         0,         0,   119.5,standalone_exact_mw,e5383d45c2b34399c539563e7789a53fd4b96cd0b38eade39a3cbfe07ba21ab0,"{""distance"":7,""physical_error_rate"":0.0002}","{""detection_events"":1972012,""detectors_checked"":2543892480}"
   1860608,         0,         0,   119.6,standalone_exact_mw,3bd544bb51e006261b45d3a2c996e28fc0c0449411cee5f7deafcd25d9539ebc,"{""distance"":7,""physical_error_rate"":0.001}","{""detection_events"":5821527,""detectors_checked"":1507092480}"
   1059840,         0,         0,   119.8,standalone_exact_mw,ba5ada56442ed2ba457be44e3218b165c8a19e21146c9941e841199e65961aae,"{""distance"":7,""physical_error_rate"":0.0005}","{""detection_events"":1660044,""detectors_checked"":858470400}"
   1577984,         0,         0,   119.9,standalone_exact_mw,3bd544bb51e006261b45d3a2c996e28fc0c0449411cee5f7deafcd25d9539ebc,"{""distance"":7,""physical_error_rate"":0.001}","{""detection_events"":4934184,""detectors_checked"":1278167040}"
    995328,         0,         0,   119.9,standalone_exact_mw,9d8ad86e51451842b54dafc7680d1b486ef291963bb72c70f3cdd570d2d8fa34,"{""distance"":7,""physical_error_rate"":0.002}","{""detection_events"":6184117,""detectors_checked"":806215680}"
   2336768,         0,         0,   119.5,standalone_exact_mw,e5383d45c2b34399c539563e7789a53fd4b96cd0b38eade39a3cbfe07ba21ab0,"{""distance"":7,""physical_error_rate"":0.0002}","{""detection_events"":1463139,""detectors_checked"":1892782080}"
   1085440,         0,         0,   119.8,standalone_exact_mw,3bd544bb51e006261b45d3a2c996e28fc0c0449411cee5f7deafcd25d9539ebc,"{""distance"":7,""physical_error_rate"":0.001}","{""detection_events"":3385691,""detectors_checked"":879206400}"
   1266688,         0,         0,   119.7,standalone_exact_mw,9d8ad86e51451842b54dafc7680d1b486ef291963bb72c70f3cdd570d2d8fa34,"{""distance"":7,""physical_error_rate"":0.002}","{""detection_events"":7874534,""detectors_checked"":1026017280}"
   1550336,         0,         0,   119.8,standalone_exact_mw,3bd544bb51e006261b45d3a2c996e28fc0c0449411cee5f7deafcd25d9539ebc,"{""distance"":7,""physical_error_rate"":0.001}","{""detection_events"":4840365,""detectors_checked"":1255772160}"
   1972224,         0,         0,   119.6,standalone_exact_mw,ba5ada56442ed2ba457be44e3218b165c8a19e21146c9941e841199e65961aae,"{""distance"":7,""physical_error_rate"":0.0005}","{""detection_events"":3090579,""detectors_checked"":1597501440}"
   2485248,         0,         0,   119.4,standalone_exact_mw,e5383d45c2b34399c539563e7789a53fd4b96cd0b38eade39a3cbfe07ba21ab0,"{""distance"":7,""physical_error_rate"":0.0002}","{""detection_events"":1560817,""detectors_checked"":2013050880}"
    924672,         0,         0,   119.6,standalone_exact_mw,9d8ad86e51451842b54dafc7680d1b486ef291963bb72c70f3cdd570d2d8fa34,"{""distance"":7,""physical_error_rate"":0.002}","{""detection_events"":5744470,""detectors_checked"":748984320}"
    720896,         0,         0,   119.8,standalone_exact_mw,9d8ad86e51451842b54dafc7680d1b486ef291963bb72c70f3cdd570d2d8fa34,"{""distance"":7,""physical_error_rate"":0.002}","{""detection_events"":4479771,""detectors_checked"":583925760}"
    992256,         8,         0,   120.1,standalone_exact_mw,6a10a1840a7277b64863681e13d5cb65ed80b6c0c130a71789e1f9b9f94c8771,"{""distance"":7,""physical_error_rate"":0.005}","{""detection_events"":15155912,""detectors_checked"":803727360,""obs_mistake_mask=E"":8}"
   1139712,         5,         0,   119.8,standalone_exact_mw,6a10a1840a7277b64863681e13d5cb65ed80b6c0c130a71789e1f9b9f94c8771,"{""distance"":7,""physical_error_rate"":0.005}","{""detection_events"":17415498,""detectors_checked"":923166720,""obs_mistake_mask=E"":5}"
   1797120,         1,         0,   119.8,standalone_exact_mw,9d8ad86e51451842b54dafc7680d1b486ef291963bb72c70f3cdd570d2d8fa34,"{""distance"":7,""physical_error_rate"":0.002}","{""detection_events"":11169482,""detectors_checked"":1455667200,""obs_mistake_mask=E"":1}"
   1379328,         0,         0,   119.7,standalone_exact_mw,9d8ad86e51451842b54dafc7680d1b486ef291963bb72c70f3cdd570d2d8fa34,"{""distance"":7,""physical_error_rate"":0.002}","{""detection_events"":8577233,""detectors_checked"":1117255680}"
   3987456,         0,         0,   119.7,standalone_exact_mw,e5383d45c2b34399c539563e7789a53fd4b96cd0b38eade39a3cbfe07ba21ab0,"{""distance"":7,""physical_error_rate"":0.0002}","{""detection_events"":2503165,""detectors_checked"":3229839360}"
   2255872,         0,         0,   119.7,standalone_exact_mw,3bd544bb51e006261b45d3a2c996e28fc0c0449411cee5f7deafcd25d9539ebc,"{""distance"":7,""physical_error_rate"":0.001}","{""detection_events"":7049497,""detectors_checked"":1827256320}"
   3030016,         0,         0,   119.7,standalone_exact_mw,ba5ada56442ed2ba457be44e3218b165c8a19e21146c9941e841199e65961aae,"{""distance"":7,""physical_error_rate"":0.0005}","{""detection_events"":4745674,""detectors_checked"":2454312960}"
    667648,         5,         0,   119.8,standalone_exact_mw,6a10a1840a7277b64863681e13d5cb65ed80b6c0c130a71789e1f9b9f94c8771,"{""distance"":7,""physical_error_rate"":0.005}","{""detection_events"":10201527,""detectors_checked"":540794880,""obs_mistake_mask=E"":5}"
   2478080,         0,         0,   119.4,standalone_exact_mw,e5383d45c2b34399c539563e7789a53fd4b96cd0b38eade39a3cbfe07ba21ab0,"{""distance"":7,""physical_error_rate"":0.0002}","{""detection_events"":1556820,""detectors_checked"":2007244800}"
   2388992,         0,         0,   119.5,standalone_exact_mw,e5383d45c2b34399c539563e7789a53fd4b96cd0b38eade39a3cbfe07ba21ab0,"{""distance"":7,""physical_error_rate"":0.0002}","{""detection_events"":1500134,""detectors_checked"":1935083520}"
   3034112,         0,         0,   119.6,standalone_exact_mw,e5383d45c2b34399c539563e7789a53fd4b96cd0b38eade39a3cbfe07ba21ab0,"{""distance"":7,""physical_error_rate"":0.0002}","{""detection_events"":1908699,""detectors_checked"":2457630720}"
   1236992,        10,         0,   119.7,standalone_exact_mw,6a10a1840a7277b64863681e13d5cb65ed80b6c0c130a71789e1f9b9f94c8771,"{""distance"":7,""physical_error_rate"":0.005}","{""detection_events"":18891280,""detectors_checked"":1001963520,""obs_mistake_mask=E"":10}"
   1033216,         4,         0,   119.9,standalone_exact_mw,6a10a1840a7277b64863681e13d5cb65ed80b6c0c130a71789e1f9b9f94c8771,"{""distance"":7,""physical_error_rate"":0.005}","{""detection_events"":15784079,""detectors_checked"":836904960,""obs_mistake_mask=E"":4}"
   1528832,         0,         0,   119.5,standalone_exact_mw,ba5ada56442ed2ba457be44e3218b165c8a19e21146c9941e841199e65961aae,"{""distance"":7,""physical_error_rate"":0.0005}","{""detection_events"":2394497,""detectors_checked"":1238353920}"
   1655808,         0,         0,   119.2,standalone_exact_mw,ba5ada56442ed2ba457be44e3218b165c8a19e21146c9941e841199e65961aae,"{""distance"":7,""physical_error_rate"":0.0005}","{""detection_events"":2592363,""detectors_checked"":1341204480}"
   1046528,         0,         0,   119.8,standalone_exact_mw,9d8ad86e51451842b54dafc7680d1b486ef291963bb72c70f3cdd570d2d8fa34,"{""distance"":7,""physical_error_rate"":0.002}","{""detection_events"":6500948,""detectors_checked"":847687680}"
    937984,         0,         0,   119.9,standalone_exact_mw,3bd544bb51e006261b45d3a2c996e28fc0c0449411cee5f7deafcd25d9539ebc,"{""distance"":7,""physical_error_rate"":0.001}","{""detection_events"":2934673,""detectors_checked"":759767040}"
   2269184,         0,         0,   119.5,standalone_exact_mw,e5383d45c2b34399c539563e7789a53fd4b96cd0b38eade39a3cbfe07ba21ab0,"{""distance"":7,""physical_error_rate"":0.0002}","{""detection_events"":1425212,""detectors_checked"":1838039040}"
   1851392,         0,         0,   119.9,standalone_exact_mw,3bd544bb51e006261b45d3a2c996e28fc0c0449411cee5f7deafcd25d9539ebc,"{""distance"":7,""physical_error_rate"":0.001}","{""detection_events"":5780956,""detectors_checked"":1499627520}"
    714752,         1,         0,   119.7,standalone_exact_mw,9d8ad86e51451842b54dafc7680d1b486ef291963bb72c70f3cdd570d2d8fa34,"{""distance"":7,""physical_error_rate"":0.002}","{""detection_events"":4443223,""detectors_checked"":578949120,""obs_mistake_mask=E"":1}"
   1001472,         8,         0,   119.7,standalone_exact_mw,6a10a1840a7277b64863681e13d5cb65ed80b6c0c130a71789e1f9b9f94c8771,"{""distance"":7,""physical_error_rate"":0.005}","{""detection_events"":15296220,""detectors_checked"":811192320,""obs_mistake_mask=E"":8}"
    969728,         0,         0,   119.4,standalone_exact_mw,ba5ada56442ed2ba457be44e3218b165c8a19e21146c9941e841199e65961aae,"{""distance"":7,""physical_error_rate"":0.0005}","{""detection_events"":1521947,""detectors_checked"":785479680}"
   1591296,         0,         0,   119.7,standalone_exact_mw,3bd544bb51e006261b45d3a2c996e28fc0c0449411cee5f7deafcd25d9539ebc,"{""distance"":7,""physical_error_rate"":0.001}","{""detection_events"":4972917,""detectors_checked"":1288949760}"
   1031168,         0,         0,   119.6,standalone_exact_mw,3bd544bb51e006261b45d3a2c996e28fc0c0449411cee5f7deafcd25d9539ebc,"{""distance"":7,""physical_error_rate"":0.001}","{""detection_events"":3223047,""detectors_checked"":835246080}"
    965632,         0,         0,   119.4,standalone_exact_mw,ba5ada56442ed2ba457be44e3218b165c8a19e21146c9941e841199e65961aae,"{""distance"":7,""physical_error_rate"":0.0005}","{""detection_events"":1517259,""detectors_checked"":782161920}"
   1543168,         0,         0,   119.6,standalone_exact_mw,ba5ada56442ed2ba457be44e3218b165c8a19e21146c9941e841199e65961aae,"{""distance"":7,""physical_error_rate"":0.0005}","{""detection_events"":2415862,""detectors_checked"":1249966080}"
    918528,         7,         0,   119.8,standalone_exact_mw,6a10a1840a7277b64863681e13d5cb65ed80b6c0c130a71789e1f9b9f94c8771,"{""distance"":7,""physical_error_rate"":0.005}","{""detection_events"":14033576,""detectors_checked"":744007680,""obs_mistake_mask=E"":7}"
    791552,         4,         0,   119.8,standalone_exact_mw,6a10a1840a7277b64863681e13d5cb65ed80b6c0c130a71789e1f9b9f94c8771,"{""distance"":7,""physical_error_rate"":0.005}","{""detection_events"":12095317,""detectors_checked"":641157120,""obs_mistake_mask=E"":4}"
   1753088,         0,         0,   119.5,standalone_exact_mw,e5383d45c2b34399c539563e7789a53fd4b96cd0b38eade39a3cbfe07ba21ab0,"{""distance"":7,""physical_error_rate"":0.0002}","{""detection_events"":1100170,""detectors_checked"":1420001280}"
    707584,         0,         0,   119.5,standalone_exact_mw,9d8ad86e51451842b54dafc7680d1b486ef291963bb72c70f3cdd570d2d8fa34,"{""distance"":7,""physical_error_rate"":0.002}","{""detection_events"":4397231,""detectors_checked"":573143040}"
    708608,         0,         0,   119.7,standalone_exact_mw,9d8ad86e51451842b54dafc7680d1b486ef291963bb72c70f3cdd570d2d8fa34,"{""distance"":7,""physical_error_rate"":0.002}","{""detection_events"":4407179,""detectors_checked"":573972480}"
   1298432,         0,         0,   119.5,standalone_exact_mw,3bd544bb51e006261b45d3a2c996e28fc0c0449411cee5f7deafcd25d9539ebc,"{""distance"":7,""physical_error_rate"":0.001}","{""detection_events"":4061925,""detectors_checked"":1051729920}"
   2413568,         0,         0,   119.5,standalone_exact_mw,ba5ada56442ed2ba457be44e3218b165c8a19e21146c9941e841199e65961aae,"{""distance"":7,""physical_error_rate"":0.0005}","{""detection_events"":3782436,""detectors_checked"":1954990080}"
   2827264,         0,         0,   119.4,standalone_exact_mw,e5383d45c2b34399c539563e7789a53fd4b96cd0b38eade39a3cbfe07ba21ab0,"{""distance"":7,""physical_error_rate"":0.0002}","{""detection_events"":1773336,""detectors_checked"":2290083840}"
   1899520,         0,         0,   119.6,standalone_exact_mw,ba5ada56442ed2ba457be44e3218b165c8a19e21146c9941e841199e65961aae,"{""distance"":7,""physical_error_rate"":0.0005}","{""detection_events"":2980144,""detectors_checked"":1538611200}"
   1901568,         0,         0,   119.8,standalone_exact_mw,9d8ad86e51451842b54dafc7680d1b486ef291963bb72c70f3cdd570d2d8fa34,"{""distance"":7,""physical_error_rate"":0.002}","{""detection_events"":11821247,""detectors_checked"":1540270080}"
   2829312,         0,         0,   119.6,standalone_exact_mw,ba5ada56442ed2ba457be44e3218b165c8a19e21146c9941e841199e65961aae,"{""distance"":7,""physical_error_rate"":0.0005}","{""detection_events"":4436522,""detectors_checked"":2291742720}"
   3272704,         0,         0,   119.6,standalone_exact_mw,e5383d45c2b34399c539563e7789a53fd4b96cd0b38eade39a3cbfe07ba21ab0,"{""distance"":7,""physical_error_rate"":0.0002}","{""detection_events"":2056109,""detectors_checked"":2650890240}"
   1406976,         0,         0,   119.7,standalone_exact_mw,3bd544bb51e006261b45d3a2c996e28fc0c0449411cee5f7deafcd25d9539ebc,"{""distance"":7,""physical_error_rate"":0.001}","{""detection_events"":4402327,""detectors_checked"":1139650560}"
   3511296,         0,         0,   119.7,standalone_exact_mw,e5383d45c2b34399c539563e7789a53fd4b96cd0b38eade39a3cbfe07ba21ab0,"{""distance"":7,""physical_error_rate"":0.0002}","{""detection_events"":2201988,""detectors_checked"":2844149760}"
   1802240,         0,         0,   119.8,standalone_exact_mw,3bd544bb51e006261b45d3a2c996e28fc0c0449411cee5f7deafcd25d9539ebc,"{""distance"":7,""physical_error_rate"":0.001}","{""detection_events"":5635288,""detectors_checked"":1459814400}"
   1378304,         0,         0,   119.5,standalone_exact_mw,ba5ada56442ed2ba457be44e3218b165c8a19e21146c9941e841199e65961aae,"{""distance"":7,""physical_error_rate"":0.0005}","{""detection_events"":2162146,""detectors_checked"":1116426240}"
   2430976,         0,         0,   119.7,standalone_exact_mw,3bd544bb51e006261b45d3a2c996e28fc0c0449411cee5f7deafcd25d9539ebc,"{""distance"":7,""physical_error_rate"":0.001}","{""detection_events"":7590751,""detectors_checked"":1969090560}"
   2693120,         0,         0,   119.6,standalone_exact_mw,ba5ada56442ed2ba457be44e3218b165c8a19e21146c9941e841199e65961aae,"{""distance"":7,""physical_error_rate"":0.0005}","{""detection_events"":4218464,""detectors_checked"":2181427200}"
    714752,         0,         0,   119.6,standalone_exact_mw,9d8ad86e51451842b54dafc7680d1b486ef291963bb72c70f3cdd570d2d8fa34,"{""distance"":7,""physical_error_rate"":0.002}","{""detection_events"":4442853,""detectors_checked"":578949120}"
   2753536,         0,         0,   119.5,standalone_exact_mw,e5383d45c2b34399c539563e7789a53fd4b96cd0b38eade39a3cbfe07ba21ab0,"{""distance"":7,""physical_error_rate"":0.0002}","{""detection_events"":1729014,""detectors_checked"":2230364160}"
   1587200,        12,         0,   119.8,standalone_exact_mw,6a10a1840a7277b64863681e13d5cb65ed80b6c0c130a71789e1f9b9f94c8771,"{""distance"":7,""physical_error_rate"":0.005}","{""detection_events"":24238569,""detectors_checked"":1285632000,""obs_mistake_mask=E"":12}"
   2221056,         0,         0,   119.5,standalone_exact_mw,e5383d45c2b34399c539563e7789a53fd4b96cd0b38eade39a3cbfe07ba21ab0,"{""distance"":7,""physical_error_rate"":0.0002}","{""detection_events"":1395277,""detectors_checked"":1799055360}"
   2313216,         0,         0,   119.6,standalone_exact_mw,ba5ada56442ed2ba457be44e3218b165c8a19e21146c9941e841199e65961aae,"{""distance"":7,""physical_error_rate"":0.0005}","{""detection_events"":3622596,""detectors_checked"":1873704960}"
   1569792,         0,         0,   119.5,standalone_exact_mw,e5383d45c2b34399c539563e7789a53fd4b96cd0b38eade39a3cbfe07ba21ab0,"{""distance"":7,""physical_error_rate"":0.0002}","{""detection_events"":986705,""detectors_checked"":1271531520}"
   1979392,         0,         0,   119.6,standalone_exact_mw,3bd544bb51e006261b45d3a2c996e28fc0c0449411cee5f7deafcd25d9539ebc,"{""distance"":7,""physical_error_rate"":0.001}","{""detection_events"":6185643,""detectors_checked"":1603307520}"
    811008,         0,         0,   119.8,standalone_exact_mw,3bd544bb51e006261b45d3a2c996e28fc0c0449411cee5f7deafcd25d9539ebc,"{""distance"":7,""physical_error_rate"":0.001}","{""detection_events"":2536490,""detectors_checked"":656916480}"
   1114112,         8,         0,   119.8,standalone_exact_mw,6a10a1840a7277b64863681e13d5cb65ed80b6c0c130a71789e1f9b9f94c8771,"{""distance"":7,""physical_error_rate"":0.005}","{""detection_events"":17018180,""detectors_checked"":902430720,""obs_mistake_mask=E"":8}"
    824320,         0,         0,   119.7,standalone_exact_mw,9d8ad86e51451842b54dafc7680d1b486ef291963bb72c70f3cdd570d2d8fa34,"{""distance"":7,""physical_error_rate"":0.002}","{""detection_events"":5126244,""detectors_checked"":667699200}"
    536576,         3,         0,   119.6,standalone_exact_mw,6a10a1840a7277b64863681e13d5cb65ed80b6c0c130a71789e1f9b9f94c8771,"{""distance"":7,""physical_error_rate"":0.005}","{""detection_events"":8198309,""detectors_checked"":434626560,""obs_mistake_mask=E"":3}"
   1899520,         0,         0,   119.4,standalone_exact_mw,e5383d45c2b34399c539563e7789a53fd4b96cd0b38eade39a3cbfe07ba21ab0,"{""distance"":7,""physical_error_rate"":0.0002}","{""detection_events"":1193688,""detectors_checked"":1538611200}"
   1484800,         0,         0,   119.7,standalone_exact_mw,9d8ad86e51451842b54dafc7680d1b486ef291963bb72c70f3cdd570d2d8fa34,"{""distance"":7,""physical_error_rate"":0.002}","{""detection_events"":9228779,""detectors_checked"":1202688000}"
    598016,         0,         0,   119.6,standalone_exact_mw,9d8ad86e51451842b54dafc7680d1b486ef291963bb72c70f3cdd570d2d8fa34,"{""distance"":7,""physical_error_rate"":0.002}","{""detection_events"":3713251,""detectors_checked"":484392960}"
    784384,         0,         0,   119.7,standalone_exact_mw,9d8ad86e51451842b54dafc7680d1b486ef291963bb72c70f3cdd570d2d8fa34,"{""distance"":7,""physical_error_rate"":0.002}","{""detection_events"":4879682,""detectors_checked"":635351040}"
    994304,         0,         0,   119.9,standalone_exact_mw,3bd544bb51e006261b45d3a2c996e28fc0c0449411cee5f7deafcd25d9539ebc,"{""distance"":7,""physical_error_rate"":0.001}","{""detection_events"":3109851,""detectors_checked"":805386240}"
   2340864,         0,         0,   119.7,standalone_exact_mw,ba5ada56442ed2ba457be44e3218b165c8a19e21146c9941e841199e65961aae,"{""distance"":7,""physical_error_rate"":0.0005}","{""detection_events"":3668547,""detectors_checked"":1896099840}"
   1122304,         0,         0,   119.8,standalone_exact_mw,9d8ad86e51451842b54dafc7680d1b486ef291963bb72c70f3cdd570d2d8fa34,"{""distance"":7,""physical_error_rate"":0.002}","{""detection_events"":6975287,""detectors_checked"":909066240}"
   1071104,         5,         0,   119.9,standalone_exact_mw,6a10a1840a7277b64863681e13d5cb65ed80b6c0c130a71789e1f9b9f94c8771,"{""distance"":7,""physical_error_rate"":0.005}","{""detection_events"":16350622,""detectors_checked"":867594240,""obs_mistake_mask=E"":5}"
   1405952,         0,         0,   120.0,standalone_exact_mw,3bd544bb51e006261b45d3a2c996e28fc0c0449411cee5f7deafcd25d9539ebc,"{""distance"":7,""physical_error_rate"":0.001}","{""detection_events"":4398647,""detectors_checked"":1138821120}"
   1072128,         0,         0,   119.5,standalone_exact_mw,3bd544bb51e006261b45d3a2c996e28fc0c0449411cee5f7deafcd25d9539ebc,"{""distance"":7,""physical_error_rate"":0.001}","{""detection_events"":3347500,""detectors_checked"":868423680}"
   1406976,         0,         0,   119.3,standalone_exact_mw,e5383d45c2b34399c539563e7789a53fd4b96cd0b38eade39a3cbfe07ba21ab0,"{""distance"":7,""physical_error_rate"":0.0002}","{""detection_events"":883855,""detectors_checked"":1139650560}"
    971776,         8,         0,   119.7,standalone_exact_mw,6a10a1840a7277b64863681e13d5cb65ed80b6c0c130a71789e1f9b9f94c8771,"{""distance"":7,""physical_error_rate"":0.005}","{""detection_events"":14851814,""detectors_checked"":787138560,""obs_mistake_mask=E"":8}"
   1571840,         0,         0,   119.3,standalone_exact_mw,ba5ada56442ed2ba457be44e3218b165c8a19e21146c9941e841199e65961aae,"{""distance"":7,""physical_error_rate"":0.0005}","{""detection_events"":2461191,""detectors_checked"":1273190400}"
   1513472,         0,         0,   119.7,standalone_exact_mw,9d8ad86e51451842b54dafc7680d1b486ef291963bb72c70f3cdd570d2d8fa34,"{""distance"":7,""physical_error_rate"":0.002}","{""detection_events"":9411854,""detectors_checked"":1225912320}"
   1770496,         0,         0,   119.6,standalone_exact_mw,e5383d45c2b34399c539563e7789a53fd4b96cd0b38eade39a3cbfe07ba21ab0,"{""distance"":7,""physical_error_rate"":0.0002}","{""detection_events"":1112747,""detectors_checked"":1434101760}"
   1700864,         0,         0,   119.5,standalone_exact_mw,e5383d45c2b34399c539563e7789a53fd4b96cd0b38eade39a3cbfe07ba21ab0,"{""distance"":7,""physical_error_rate"":0.0002}","{""detection_events"":1068668,""detectors_checked"":1377699840}"
    882688,         5,         0,   119.7,standalone_exact_mw,6a10a1840a7277b64863681e13d5cb65ed80b6c0c130a71789e1f9b9f94c8771,"{""distance"":7,""physical_error_rate"":0.005}","{""detection_events"":13485358,""detectors_checked"":714977280,""obs_mistake_mask=E"":5}"
   1430528,         0,         0,   119.8,standalone_exact_mw,9d8ad86e51451842b54dafc7680d1b486ef291963bb72c70f3cdd570d2d8fa34,"{""distance"":7,""physical_error_rate"":0.002}","{""detection_events"":8882652,""detectors_checked"":1158727680}"
   1267712,         5,         0,   119.7,standalone_exact_mw,6a10a1840a7277b64863681e13d5cb65ed80b6c0c130a71789e1f9b9f94c8771,"{""distance"":7,""physical_error_rate"":0.005}","{""detection_events"":19364101,""detectors_checked"":1026846720,""obs_mistake_mask=E"":5}"
    723968,         2,         0,   119.9,standalone_exact_mw,6a10a1840a7277b64863681e13d5cb65ed80b6c0c130a71789e1f9b9f94c8771,"{""distance"":7,""physical_error_rate"":0.005}","{""detection_events"":11069561,""detectors_checked"":586414080,""obs_mistake_mask=E"":2}"
   1667072,        11,         0,   119.8,standalone_exact_mw,6a10a1840a7277b64863681e13d5cb65ed80b6c0c130a71789e1f9b9f94c8771,"{""distance"":7,""physical_error_rate"":0.005}","{""detection_events"":25450732,""detectors_checked"":1350328320,""obs_mistake_mask=E"":11}"
   1848320,         0,         0,   119.5,standalone_exact_mw,ba5ada56442ed2ba457be44e3218b165c8a19e21146c9941e841199e65961aae,"{""distance"":7,""physical_error_rate"":0.0005}","{""detection_events"":2890961,""detectors_checked"":1497139200}"
   2424832,         0,         0,   119.7,standalone_exact_mw,3bd544bb51e006261b45d3a2c996e28fc0c0449411cee5f7deafcd25d9539ebc,"{""distance"":7,""physical_error_rate"":0.001}","{""detection_events"":7569892,""detectors_checked"":1964113920}"
   1301504,         0,         0,   119.6,standalone_exact_mw,3bd544bb51e006261b45d3a2c996e28fc0c0449411cee5f7deafcd25d9539ebc,"{""distance"":7,""physical_error_rate"":0.001}","{""detection_events"":4069757,""detectors_checked"":1054218240}"
    582656,         3,         0,   119.7,standalone_exact_mw,6a10a1840a7277b64863681e13d5cb65ed80b6c0c130a71789e1f9b9f94c8771,"{""distance"":7,""physical_error_rate"":0.005}","{""detection_events"":8898309,""detectors_checked"":471951360,""obs_mistake_mask=E"":3}"
    751616,         0,         0,   119.8,standalone_exact_mw,9d8ad86e51451842b54dafc7680d1b486ef291963bb72c70f3cdd570d2d8fa34,"{""distance"":7,""physical_error_rate"":0.002}","{""detection_events"":4677098,""detectors_checked"":608808960}"
   1720320,         0,         0,   119.6,standalone_exact_mw,ba5ada56442ed2ba457be44e3218b165c8a19e21146c9941e841199e65961aae,"{""distance"":7,""physical_error_rate"":0.0005}","{""detection_events"":2696010,""detectors_checked"":1393459200}"
   2430976,         0,         0,   119.4,standalone_exact_mw,e5383d45c2b34399c539563e7789a53fd4b96cd0b38eade39a3cbfe07ba21ab0,"{""distance"":7,""physical_error_rate"":0.0002}","{""detection_events"":1526275,""detectors_checked"":1969090560}"
   1180672,         0,         0,   119.1,standalone_exact_mw,ba5ada56442ed2ba457be44e3218b165c8a19e21146c9941e841199e65961aae,"{""distance"":7,""physical_error_rate"":0.0005}","{""detection_events"":1849751,""detectors_checked"":956344320}"
   2184192,         0,         0,   119.5,standalone_exact_mw,e5383d45c2b34399c539563e7789a53fd4b96cd0b38eade39a3cbfe07ba21ab0,"{""distance"":7,""physical_error_rate"":0.0002}","{""detection_events"":1371314,""detectors_checked"":1769195520}"
   2006016,         0,         0,   119.6,standalone_exact_mw,ba5ada56442ed2ba457be44e3218b165c8a19e21146c9941e841199e65961aae,"{""distance"":7,""physical_error_rate"":0.0005}","{""detection_events"":3143191,""detectors_checked"":1624872960}"
   1261568,         0,         0,   120.0,standalone_exact_mw,9d8ad86e51451842b54dafc7680d1b486ef291963bb72c70f3cdd570d2d8fa34,"{""distance"":7,""physical_error_rate"":0.002}","{""detection_events"":7841253,""detectors_checked"":1021870080}"
   1184768,         0,         0,   119.7,standalone_exact_mw,9d8ad86e51451842b54dafc7680d1b486ef291963bb72c70f3cdd570d2d8fa34,"{""distance"":7,""physical_error_rate"":0.002}","{""detection_events"":7361668,""detectors_checked"":959662080}"
    787456,         6,         0,   119.8,standalone_exact_mw,6a10a1840a7277b64863681e13d5cb65ed80b6c0c130a71789e1f9b9f94c8771,"{""distance"":7,""physical_error_rate"":0.005}","{""detection_events"":12033303,""detectors_checked"":637839360,""obs_mistake_mask=E"":6}"
   1818624,         0,         0,   119.6,standalone_exact_mw,ba5ada56442ed2ba457be44e3218b165c8a19e21146c9941e841199e65961aae,"{""distance"":7,""physical_error_rate"":0.0005}","{""detection_events"":2850911,""detectors_checked"":1473085440}"
   3196928,         0,         0,   119.5,standalone_exact_mw,e5383d45c2b34399c539563e7789a53fd4b96cd0b38eade39a3cbfe07ba21ab0,"{""distance"":7,""physical_error_rate"":0.0002}","{""detection_events"":2004702,""detectors_checked"":2589511680}"
   1867776,         0,         0,   119.6,standalone_exact_mw,e5383d45c2b34399c539563e7789a53fd4b96cd0b38eade39a3cbfe07ba21ab0,"{""distance"":7,""physical_error_rate"":0.0002}","{""detection_events"":1173656,""detectors_checked"":1512898560}"
   1666048,         0,         0,   119.7,standalone_exact_mw,ba5ada56442ed2ba457be44e3218b165c8a19e21146c9941e841199e65961aae,"{""distance"":7,""physical_error_rate"":0.0005}","{""detection_events"":2611632,""detectors_checked"":1349498880}"
   3088384,         0,         0,   119.7,standalone_exact_mw,e5383d45c2b34399c539563e7789a53fd4b96cd0b38eade39a3cbfe07ba21ab0,"{""distance"":7,""physical_error_rate"":0.0002}","{""detection_events"":1940853,""detectors_checked"":2501591040}"
   1678336,        11,         0,   119.8,standalone_exact_mw,6a10a1840a7277b64863681e13d5cb65ed80b6c0c130a71789e1f9b9f94c8771,"{""distance"":7,""physical_error_rate"":0.005}","{""detection_events"":25649247,""detectors_checked"":1359452160,""obs_mistake_mask=E"":11}"
   1162240,         0,         0,   119.6,standalone_exact_mw,3bd544bb51e006261b45d3a2c996e28fc0c0449411cee5f7deafcd25d9539ebc,"{""distance"":7,""physical_error_rate"":0.001}","{""detection_events"":3630511,""detectors_checked"":941414400}"
    911360,        10,         0,   119.8,standalone_exact_mw,6a10a1840a7277b64863681e13d5cb65ed80b6c0c130a71789e1f9b9f94c8771,"{""distance"":7,""physical_error_rate"":0.005}","{""detection_events"":13920855,""detectors_checked"":738201600,""obs_mistake_mask=E"":10}"
   2644992,         0,         0,   119.5,standalone_exact_mw,e5383d45c2b34399c539563e7789a53fd4b96cd0b38eade39a3cbfe07ba21ab0,"{""distance"":7,""physical_error_rate"":0.0002}","{""detection_events"":1661772,""detectors_checked"":2142443520}"
   1408000,         0,         0,   119.5,standalone_exact_mw,9d8ad86e51451842b54dafc7680d1b486ef291963bb72c70f3cdd570d2d8fa34,"{""distance"":7,""physical_error_rate"":0.002}","{""detection_events"":8754010,""detectors_checked"":1140480000}"
   1647616,        11,         0,   119.8,standalone_exact_mw,6a10a1840a7277b64863681e13d5cb65ed80b6c0c130a71789e1f9b9f94c8771,"{""distance"":7,""physical_error_rate"":0.005}","{""detection_events"":25168084,""detectors_checked"":1334568960,""obs_mistake_mask=E"":11}"
   1687552,         0,         0,   119.6,standalone_exact_mw,3bd544bb51e006261b45d3a2c996e28fc0c0449411cee5f7deafcd25d9539ebc,"{""distance"":7,""physical_error_rate"":0.001}","{""detection_events"":5274446,""detectors_checked"":1366917120}"
   1028096,         0,         0,   119.7,standalone_exact_mw,3bd544bb51e006261b45d3a2c996e28fc0c0449411cee5f7deafcd25d9539ebc,"{""distance"":7,""physical_error_rate"":0.001}","{""detection_events"":3209102,""detectors_checked"":832757760}"
    928768,         2,         0,   119.8,standalone_exact_mw,9d8ad86e51451842b54dafc7680d1b486ef291963bb72c70f3cdd570d2d8fa34,"{""distance"":7,""physical_error_rate"":0.002}","{""detection_events"":5771275,""detectors_checked"":752302080,""obs_mistake_mask=E"":2}"
    635904,         4,         0,   119.7,standalone_exact_mw,6a10a1840a7277b64863681e13d5cb65ed80b6c0c130a71789e1f9b9f94c8771,"{""distance"":7,""physical_error_rate"":0.005}","{""detection_events"":9711792,""detectors_checked"":515082240,""obs_mistake_mask=E"":4}"
   1127424,         0,         0,   119.7,standalone_exact_mw,ba5ada56442ed2ba457be44e3218b165c8a19e21146c9941e841199e65961aae,"{""distance"":7,""physical_error_rate"":0.0005}","{""detection_events"":1766428,""detectors_checked"":913213440}"
   2000896,         0,         0,   119.6,standalone_exact_mw,ba5ada56442ed2ba457be44e3218b165c8a19e21146c9941e841199e65961aae,"{""distance"":7,""physical_error_rate"":0.0005}","{""detection_events"":3133313,""detectors_checked"":1620725760}"
    867328,         1,         0,   119.7,standalone_exact_mw,3bd544bb51e006261b45d3a2c996e28fc0c0449411cee5f7deafcd25d9539ebc,"{""distance"":7,""physical_error_rate"":0.001}","{""detection_events"":2708598,""detectors_checked"":702535680,""obs_mistake_mask=E"":1}"
   1342464,         0,         0,   119.8,standalone_exact_mw,3bd544bb51e006261b45d3a2c996e28fc0c0449411cee5f7deafcd25d9539ebc,"{""distance"":7,""physical_error_rate"":0.001}","{""detection_events"":4199089,""detectors_checked"":1087395840}"
   1336320,         0,         0,   119.9,standalone_exact_mw,3bd544bb51e006261b45d3a2c996e28fc0c0449411cee5f7deafcd25d9539ebc,"{""distance"":7,""physical_error_rate"":0.001}","{""detection_events"":4179356,""detectors_checked"":1082419200}"
   1062912,         0,         0,   119.7,standalone_exact_mw,9d8ad86e51451842b54dafc7680d1b486ef291963bb72c70f3cdd570d2d8fa34,"{""distance"":7,""physical_error_rate"":0.002}","{""detection_events"":6604461,""detectors_checked"":860958720}"
    687104,         7,         0,   119.8,standalone_exact_mw,6a10a1840a7277b64863681e13d5cb65ed80b6c0c130a71789e1f9b9f94c8771,"{""distance"":7,""physical_error_rate"":0.005}","{""detection_events"":10492546,""detectors_checked"":556554240,""obs_mistake_mask=E"":7}"
   2146304,         0,         0,   119.6,standalone_exact_mw,e5383d45c2b34399c539563e7789a53fd4b96cd0b38eade39a3cbfe07ba21ab0,"{""distance"":7,""physical_error_rate"":0.0002}","{""detection_events"":1351526,""detectors_checked"":1738506240}"
    586752,         4,         0,   119.9,standalone_exact_mw,6a10a1840a7277b64863681e13d5cb65ed80b6c0c130a71789e1f9b9f94c8771,"{""distance"":7,""physical_error_rate"":0.005}","{""detection_events"":8964363,""detectors_checked"":475269120,""obs_mistake_mask=E"":4}"
   1207296,         0,         0,   119.9,standalone_exact_mw,9d8ad86e51451842b54dafc7680d1b486ef291963bb72c70f3cdd570d2d8fa34,"{""distance"":7,""physical_error_rate"":0.002}","{""detection_events"":7505807,""detectors_checked"":977909760}"
   2938880,         0,         0,   119.5,standalone_exact_mw,ba5ada56442ed2ba457be44e3218b165c8a19e21146c9941e841199e65961aae,"{""distance"":7,""physical_error_rate"":0.0005}","{""detection_events"":4607762,""detectors_checked"":2380492800}"
   2809856,         0,         0,   119.5,standalone_exact_mw,e5383d45c2b34399c539563e7789a53fd4b96cd0b38eade39a3cbfe07ba21ab0,"{""distance"":7,""physical_error_rate"":0.0002}","{""detection_events"":1764538,""detectors_checked"":2275983360}"
   1631232,         0,         0,   119.8,standalone_exact_mw,3bd544bb51e006261b45d3a2c996e28fc0c0449411cee5f7deafcd25d9539ebc,"{""distance"":7,""physical_error_rate"":0.001}","{""detection_events"":5092352,""detectors_checked"":1321297920}"
   1061888,         0,         0,   119.6,standalone_exact_mw,3bd544bb51e006261b45d3a2c996e28fc0c0449411cee5f7deafcd25d9539ebc,"{""distance"":7,""physical_error_rate"":0.001}","{""detection_events"":3321803,""detectors_checked"":860129280}"
   1113088,         0,         0,   119.9,standalone_exact_mw,ba5ada56442ed2ba457be44e3218b165c8a19e21146c9941e841199e65961aae,"{""distance"":7,""physical_error_rate"":0.0005}","{""detection_events"":1744636,""detectors_checked"":901601280}"
   1207296,         0,         0,   119.7,standalone_exact_mw,9d8ad86e51451842b54dafc7680d1b486ef291963bb72c70f3cdd570d2d8fa34,"{""distance"":7,""physical_error_rate"":0.002}","{""detection_events"":7496984,""detectors_checked"":977909760}"
   3513344,         0,         0,   119.5,standalone_exact_mw,e5383d45c2b34399c539563e7789a53fd4b96cd0b38eade39a3cbfe07ba21ab0,"{""distance"":7,""physical_error_rate"":0.0002}","{""detection_events"":2207126,""detectors_checked"":2845808640}"
   1112064,         0,         0,   119.5,standalone_exact_mw,3bd544bb51e006261b45d3a2c996e28fc0c0449411cee5f7deafcd25d9539ebc,"{""distance"":7,""physical_error_rate"":0.001}","{""detection_events"":3477969,""detectors_checked"":900771840}"
   1285120,         0,         0,   119.8,standalone_exact_mw,9d8ad86e51451842b54dafc7680d1b486ef291963bb72c70f3cdd570d2d8fa34,"{""distance"":7,""physical_error_rate"":0.002}","{""detection_events"":7979519,""detectors_checked"":1040947200}"
   1811456,         0,         0,   119.7,standalone_exact_mw,ba5ada56442ed2ba457be44e3218b165c8a19e21146c9941e841199e65961aae,"{""distance"":7,""physical_error_rate"":0.0005}","{""detection_events"":2841218,""detectors_checked"":1467279360}"
    900096,         0,         0,   119.6,standalone_exact_mw,3bd544bb51e006261b45d3a2c996e28fc0c0449411cee5f7deafcd25d9539ebc,"{""distance"":7,""physical_error_rate"":0.001}","{""detection_events"":2811173,""detectors_checked"":729077760}"
   2273280,         0,         0,   119.4,standalone_exact_mw,e5383d45c2b34399c539563e7789a53fd4b96cd0b38eade39a3cbfe07ba21ab0,"{""distance"":7,""physical_error_rate"":0.0002}","{""detection_events"":1426032,""detectors_checked"":1841356800}"
   1125376,         0,         0,   120.2,standalone_exact_mw,9d8ad86e51451842b54dafc7680d1b486ef291963bb72c70f3cdd570d2d8fa34,"{""distance"":7,""physical_error_rate"":0.002}","{""detection_events"":6996144,""detectors_checked"":911554560}"
    731136,         0,         0,   119.7,standalone_exact_mw,9d8ad86e51451842b54dafc7680d1b486ef291963bb72c70f3cdd570d2d8fa34,"{""distance"":7,""physical_error_rate"":0.002}","{""detection_events"":4539656,""detectors_checked"":592220160}"
    992256,        10,         0,   119.7,standalone_exact_mw,6a10a1840a7277b64863681e13d5cb65ed80b6c0c130a71789e1f9b9f94c8771,"{""distance"":7,""physical_error_rate"":0.005}","{""detection_events"":15160474,""detectors_checked"":803727360,""obs_mistake_mask=E"":10}"
   1247232,         9,         0,   119.8,standalone_exact_mw,6a10a1840a7277b64863681e13d5cb65ed80b6c0c130a71789e1f9b9f94c8771,"{""distance"":7,""physical_error_rate"":0.005}","{""detection_events"":19040439,""detectors_checked"":1010257920,""obs_mistake_mask=E"":9}"
   2010112,         0,         0,   119.8,standalone_exact_mw,9d8ad86e51451842b54dafc7680d1b486ef291963bb72c70f3cdd570d2d8fa34,"{""distance"":7,""physical_error_rate"":0.002}","{""detection_events"":12486961,""detectors_checked"":1628190720}"
   4572160,         0,         0,   119.6,standalone_exact_mw,e5383d45c2b34399c539563e7789a53fd4b96cd0b38eade39a3cbfe07ba21ab0,"{""distance"":7,""physical_error_rate"":0.0002}","{""detection_events"":2873615,""detectors_checked"":3703449600}"
   2734080,         0,         0,   119.8,standalone_exact_mw,3bd544bb51e006261b45d3a2c996e28fc0c0449411cee5f7deafcd25d9539ebc,"{""distance"":7,""physical_error_rate"":0.001}","{""detection_events"":8543072,""detectors_checked"":2214604800}"
   3571712,         0,         0,   119.7,standalone_exact_mw,ba5ada56442ed2ba457be44e3218b165c8a19e21146c9941e841199e65961aae,"{""distance"":7,""physical_error_rate"":0.0005}","{""detection_events"":5602214,""detectors_checked"":2893086720}"
   1232896,         0,         0,   119.9,standalone_exact_mw,9d8ad86e51451842b54dafc7680d1b486ef291963bb72c70f3cdd570d2d8fa34,"{""distance"":7,""physical_error_rate"":0.002}","{""detection_events"":7666809,""detectors_checked"":998645760}"
   1067008,         9,         0,   119.8,standalone_exact_mw,6a10a1840a7277b64863681e13d5cb65ed80b6c0c130a71789e1f9b9f94c8771,"{""distance"":7,""physical_error_rate"":0.005}","{""detection_events"":16287471,""detectors_checked"":864276480,""obs_mistake_mask=E"":9}"
   2992128,         0,         0,   119.5,standalone_exact_mw,e5383d45c2b34399c539563e7789a53fd4b96cd0b38eade39a3cbfe07ba21ab0,"{""distance"":7,""physical_error_rate"":0.0002}","{""detection_events"":1878499,""detectors_checked"":2423623680}"
   2386944,         0,         0,   119.6,standalone_exact_mw,e5383d45c2b34399c539563e7789a53fd4b96cd0b38eade39a3cbfe07ba21ab0,"{""distance"":7,""physical_error_rate"":0.0002}","{""detection_events"":1500719,""detectors_checked"":1933424640}"
   2399232,         0,         0,   119.7,standalone_exact_mw,e5383d45c2b34399c539563e7789a53fd4b96cd0b38eade39a3cbfe07ba21ab0,"{""distance"":7,""physical_error_rate"":0.0002}","{""detection_events"":1507532,""detectors_checked"":1943377920}"
   1357824,         8,         0,   119.8,standalone_exact_mw,6a10a1840a7277b64863681e13d5cb65ed80b6c0c130a71789e1f9b9f94c8771,"{""distance"":7,""physical_error_rate"":0.005}","{""detection_events"":20738110,""detectors_checked"":1099837440,""obs_mistake_mask=E"":8}"
    769024,         4,         0,   119.7,standalone_exact_mw,6a10a1840a7277b64863681e13d5cb65ed80b6c0c130a71789e1f9b9f94c8771,"{""distance"":7,""physical_error_rate"":0.005}","{""detection_events"":11742803,""detectors_checked"":622909440,""obs_mistake_mask=E"":4}"
   1009664,         0,         0,   119.6,standalone_exact_mw,ba5ada56442ed2ba457be44e3218b165c8a19e21146c9941e841199e65961aae,"{""distance"":7,""physical_error_rate"":0.0005}","{""detection_events"":1582324,""detectors_checked"":817827840}"
   1429504,         0,         0,   119.6,standalone_exact_mw,ba5ada56442ed2ba457be44e3218b165c8a19e21146c9941e841199e65961aae,"{""distance"":7,""physical_error_rate"":0.0005}","{""detection_events"":2239248,""detectors_checked"":1157898240}"
    803840,         0,         0,   119.7,standalone_exact_mw,3bd544bb51e006261b45d3a2c996e28fc0c0449411cee5f7deafcd25d9539ebc,"{""distance"":7,""physical_error_rate"":0.001}","{""detection_events"":2515015,""detectors_checked"":651110400}"
    727040,         0,         0,   119.7,standalone_exact_mw,9d8ad86e51451842b54dafc7680d1b486ef291963bb72c70f3cdd570d2d8fa34,"{""distance"":7,""physical_error_rate"":0.002}","{""detection_events"":4517927,""detectors_checked"":588902400}"
   2867200,         0,         0,   119.3,standalone_exact_mw,e5383d45c2b34399c539563e7789a53fd4b96cd0b38eade39a3cbfe07ba21ab0,"{""distance"":7,""physical_error_rate"":0.0002}","{""detection_events"":1800001,""detectors_checked"":2322432000}"
   2257920,         0,         0,   119.8,standalone_exact_mw,3bd544bb51e006261b45d3a2c996e28fc0c0449411cee5f7deafcd25d9539ebc,"{""distance"":7,""physical_error_rate"":0.001}","{""detection_events"":7052655,""detectors_checked"":1828915200}"
    616448,         1,         0,   119.8,standalone_exact_mw,9d8ad86e51451842b54dafc7680d1b486ef291963bb72c70f3cdd570d2d8fa34,"{""distance"":7,""physical_error_rate"":0.002}","{""detection_events"":3835043,""detectors_checked"":499322880,""obs_mistake_mask=E"":1}"
    950272,         0,         0,   119.6,standalone_exact_mw,ba5ada56442ed2ba457be44e3218b165c8a19e21146c9941e841199e65961aae,"{""distance"":7,""physical_error_rate"":0.0005}","{""detection_events"":1488881,""detectors_checked"":769720320}"
    699392,         2,         0,   120.3,standalone_exact_mw,6a10a1840a7277b64863681e13d5cb65ed80b6c0c130a71789e1f9b9f94c8771,"{""distance"":7,""physical_error_rate"":0.005}","{""detection_events"":10677883,""detectors_checked"":566507520,""obs_mistake_mask=E"":2}"
   1705984,         0,         0,   119.7,standalone_exact_mw,3bd544bb51e006261b45d3a2c996e28fc0c0449411cee5f7deafcd25d9539ebc,"{""distance"":7,""physical_error_rate"":0.001}","{""detection_events"":5331643,""detectors_checked"":1381847040}"
    975872,         0,         0,   119.5,standalone_exact_mw,ba5ada56442ed2ba457be44e3218b165c8a19e21146c9941e841199e65961aae,"{""distance"":7,""physical_error_rate"":0.0005}","{""detection_events"":1532818,""detectors_checked"":790456320}"
    769024,         0,         0,   120.0,standalone_exact_mw,3bd544bb51e006261b45d3a2c996e28fc0c0449411cee5f7deafcd25d9539ebc,"{""distance"":7,""physical_error_rate"":0.001}","{""detection_events"":2404318,""detectors_checked"":622909440}"
   1901568,         0,         0,   119.8,standalone_exact_mw,ba5ada56442ed2ba457be44e3218b165c8a19e21146c9941e841199e65961aae,"{""distance"":7,""physical_error_rate"":0.0005}","{""detection_events"":2984045,""detectors_checked"":1540270080}"
   2221056,         0,         0,   119.4,standalone_exact_mw,e5383d45c2b34399c539563e7789a53fd4b96cd0b38eade39a3cbfe07ba21ab0,"{""distance"":7,""physical_error_rate"":0.0002}","{""detection_events"":1396455,""detectors_checked"":1799055360}"
   1049600,        11,         0,   119.8,standalone_exact_mw,6a10a1840a7277b64863681e13d5cb65ed80b6c0c130a71789e1f9b9f94c8771,"{""distance"":7,""physical_error_rate"":0.005}","{""detection_events"":16032136,""detectors_checked"":850176000,""obs_mistake_mask=E"":11}"
    722944,         3,         0,   120.2,standalone_exact_mw,6a10a1840a7277b64863681e13d5cb65ed80b6c0c130a71789e1f9b9f94c8771,"{""distance"":7,""physical_error_rate"":0.005}","{""detection_events"":11040777,""detectors_checked"":585584640,""obs_mistake_mask=E"":3}"
   1395712,         0,         0,   119.5,standalone_exact_mw,9d8ad86e51451842b54dafc7680d1b486ef291963bb72c70f3cdd570d2d8fa34,"{""distance"":7,""physical_error_rate"":0.002}","{""detection_events"":8670507,""detectors_checked"":1130526720}"
   1685504,         0,         0,   119.7,standalone_exact_mw,9d8ad86e51451842b54dafc7680d1b486ef291963bb72c70f3cdd570d2d8fa34,"{""distance"":7,""physical_error_rate"":0.002}","{""detection_events"":10477648,""detectors_checked"":1365258240}"
   1475584,         0,         0,   119.6,standalone_exact_mw,3bd544bb51e006261b45d3a2c996e28fc0c0449411cee5f7deafcd25d9539ebc,"{""distance"":7,""physical_error_rate"":0.001}","{""detection_events"":4606617,""detectors_checked"":1195223040}"
   2807808,         0,         0,   119.6,standalone_exact_mw,ba5ada56442ed2ba457be44e3218b165c8a19e21146c9941e841199e65961aae,"{""distance"":7,""physical_error_rate"":0.0005}","{""detection_events"":4399769,""detectors_checked"":2274324480}"
   2895872,         0,         0,   119.7,standalone_exact_mw,e5383d45c2b34399c539563e7789a53fd4b96cd0b38eade39a3cbfe07ba21ab0,"{""distance"":7,""physical_error_rate"":0.0002}","{""detection_events"":1815426,""detectors_checked"":2345656320}"
    974848,         0,         0,   119.2,standalone_exact_mw,ba5ada56442ed2ba457be44e3218b165c8a19e21146c9941e841199e65961aae,"{""distance"":7,""physical_error_rate"":0.0005}","{""detection_events"":1527654,""detectors_checked"":789626880}"
   2456576,         0,         0,   119.8,standalone_exact_mw,9d8ad86e51451842b54dafc7680d1b486ef291963bb72c70f3cdd570d2d8fa34,"{""distance"":7,""physical_error_rate"":0.002}","{""detection_events"":15262240,""detectors_checked"":1989826560}"
   4201472,         0,         0,   119.6,standalone_exact_mw,e5383d45c2b34399c539563e7789a53fd4b96cd0b38eade39a3cbfe07ba21ab0,"{""distance"":7,""physical_error_rate"":0.0002}","{""detection_events"":2640147,""detectors_checked"":3403192320}"
   3721216,         0,         0,   119.7,standalone_exact_mw,ba5ada56442ed2ba457be44e3218b165c8a19e21146c9941e841199e65961aae,"{""distance"":7,""physical_error_rate"":0.0005}","{""detection_events"":5827428,""detectors_checked"":3014184960}"
   4293632,         0,         0,   119.7,standalone_exact_mw,e5383d45c2b34399c539563e7789a53fd4b96cd0b38eade39a3cbfe07ba21ab0,"{""distance"":7,""physical_error_rate"":0.0002}","{""detection_events"":2698239,""detectors_checked"":3477841920}"
   1209344,         0,         0,   119.6,standalone_exact_mw,ba5ada56442ed2ba457be44e3218b165c8a19e21146c9941e841199e65961aae,"{""distance"":7,""physical_error_rate"":0.0005}","{""detection_events"":1892362,""detectors_checked"":979568640}"
   1855488,         0,         0,   119.7,standalone_exact_mw,3bd544bb51e006261b45d3a2c996e28fc0c0449411cee5f7deafcd25d9539ebc,"{""distance"":7,""physical_error_rate"":0.001}","{""detection_events"":5801423,""detectors_checked"":1502945280}"
   2856960,         0,         0,   119.8,standalone_exact_mw,3bd544bb51e006261b45d3a2c996e28fc0c0449411cee5f7deafcd25d9539ebc,"{""distance"":7,""physical_error_rate"":0.001}","{""detection_events"":8935773,""detectors_checked"":2314137600}"
   1317888,         0,         0,   119.6,standalone_exact_mw,3bd544bb51e006261b45d3a2c996e28fc0c0449411cee5f7deafcd25d9539ebc,"{""distance"":7,""physical_error_rate"":0.001}","{""detection_events"":4125173,""detectors_checked"":1067489280}"
   3441664,         0,         0,   119.7,standalone_exact_mw,ba5ada56442ed2ba457be44e3218b165c8a19e21146c9941e841199e65961aae,"{""distance"":7,""physical_error_rate"":0.0005}","{""detection_events"":5391304,""detectors_checked"":2787747840}"
   1269760,         0,         0,   119.8,standalone_exact_mw,9d8ad86e51451842b54dafc7680d1b486ef291963bb72c70f3cdd570d2d8fa34,"{""distance"":7,""physical_error_rate"":0.002}","{""detection_events"":7888873,""detectors_checked"":1028505600}"
   1831936,        16,         0,   119.7,standalone_exact_mw,6a10a1840a7277b64863681e13d5cb65ed80b6c0c130a71789e1f9b9f94c8771,"{""distance"":7,""physical_error_rate"":0.005}","{""detection_events"":27983171,""detectors_checked"":1483868160,""obs_mistake_mask=E"":16}"
   2286592,         0,         0,   119.4,standalone_exact_mw,e5383d45c2b34399c539563e7789a53fd4b96cd0b38eade39a3cbfe07ba21ab0,"{""distance"":7,""physical_error_rate"":0.0002}","{""detection_events"":1436993,""detectors_checked"":1852139520}"
   1683456,         0,         0,   119.2,standalone_exact_mw,e5383d45c2b34399c539563e7789a53fd4b96cd0b38eade39a3cbfe07ba21ab0,"{""distance"":7,""physical_error_rate"":0.0002}","{""detection_events"":1059057,""detectors_checked"":1363599360}"
   2227200,         0,         0,   119.7,standalone_exact_mw,ba5ada56442ed2ba457be44e3218b165c8a19e21146c9941e841199e65961aae,"{""distance"":7,""physical_error_rate"":0.0005}","{""detection_events"":3486295,""detectors_checked"":1804032000}"
   2237440,         0,         0,   119.5,standalone_exact_mw,e5383d45c2b34399c539563e7789a53fd4b96cd0b38eade39a3cbfe07ba21ab0,"{""distance"":7,""physical_error_rate"":0.0002}","{""detection_events"":1406091,""detectors_checked"":1812326400}"
   1462272,         0,         0,   119.8,standalone_exact_mw,3bd544bb51e006261b45d3a2c996e28fc0c0449411cee5f7deafcd25d9539ebc,"{""distance"":7,""physical_error_rate"":0.001}","{""detection_events"":4568030,""detectors_checked"":1184440320}"
    756736,         0,         0,   119.6,standalone_exact_mw,3bd544bb51e006261b45d3a2c996e28fc0c0449411cee5f7deafcd25d9539ebc,"{""distance"":7,""physical_error_rate"":0.001}","{""detection_events"":2366235,""detectors_checked"":612956160}"
    637952,         1,         0,   119.8,standalone_exact_mw,9d8ad86e51451842b54dafc7680d1b486ef291963bb72c70f3cdd570d2d8fa34,"{""distance"":7,""physical_error_rate"":0.002}","{""detection_events"":3962997,""detectors_checked"":516741120,""obs_mistake_mask=E"":1}"
   1260544,         6,         0,   119.8,standalone_exact_mw,6a10a1840a7277b64863681e13d5cb65ed80b6c0c130a71789e1f9b9f94c8771,"{""distance"":7,""physical_error_rate"":0.005}","{""detection_events"":19254254,""detectors_checked"":1021040640,""obs_mistake_mask=E"":6}"
    764928,         5,         0,   119.9,standalone_exact_mw,6a10a1840a7277b64863681e13d5cb65ed80b6c0c130a71789e1f9b9f94c8771,"{""distance"":7,""physical_error_rate"":0.005}","{""detection_events"":11685706,""detectors_checked"":619591680,""obs_mistake_mask=E"":5}"
   1622016,         0,         0,   119.8,standalone_exact_mw,9d8ad86e51451842b54dafc7680d1b486ef291963bb72c70f3cdd570d2d8fa34,"{""distance"":7,""physical_error_rate"":0.002}","{""detection_events"":10075067,""detectors_checked"":1313832960}"
   1254400,         0,         0,   119.2,standalone_exact_mw,e5383d45c2b34399c539563e7789a53fd4b96cd0b38eade39a3cbfe07ba21ab0,"{""distance"":7,""physical_error_rate"":0.0002}","{""detection_events"":788676,""detectors_checked"":1016064000}"
    714752,         0,         0,   119.7,standalone_exact_mw,9d8ad86e51451842b54dafc7680d1b486ef291963bb72c70f3cdd570d2d8fa34,"{""distance"":7,""physical_error_rate"":0.002}","{""detection_events"":4445872,""detectors_checked"":578949120}"
    976896,         0,         0,   119.7,standalone_exact_mw,ba5ada56442ed2ba457be44e3218b165c8a19e21146c9941e841199e65961aae,"{""distance"":7,""physical_error_rate"":0.0005}","{""detection_events"":1530683,""detectors_checked"":791285760}"
    671744,         0,         0,   119.7,standalone_exact_mw,9d8ad86e51451842b54dafc7680d1b486ef291963bb72c70f3cdd570d2d8fa34,"{""distance"":7,""physical_error_rate"":0.002}","{""detection_events"":4174078,""detectors_checked"":544112640}"
    663552,         0,         0,   120.1,standalone_exact_mw,9d8ad86e51451842b54dafc7680d1b486ef291963bb72c70f3cdd570d2d8fa34,"{""distance"":7,""physical_error_rate"":0.002}","{""detection_events"":4122668,""detectors_checked"":537477120}"
   1665024,         0,         0,   120.0,standalone_exact_mw,3bd544bb51e006261b45d3a2c996e28fc0c0449411cee5f7deafcd25d9539ebc,"{""distance"":7,""physical_error_rate"":0.001}","{""detection_events"":5204042,""detectors_checked"":1348669440}"
   1168384,         0,         0,   119.4,standalone_exact_mw,3bd544bb51e006261b45d3a2c996e28fc0c0449411cee5f7deafcd25d9539ebc,"{""distance"":7,""physical_error_rate"":0.001}","{""detection_events"":3650144,""detectors_checked"":946391040}"
   1268736,         7,         0,   120.0,standalone_exact_mw,6a10a1840a7277b64863681e13d5cb65ed80b6c0c130a71789e1f9b9f94c8771,"{""distance"":7,""physical_error_rate"":0.005}","{""detection_events"":19374143,""detectors_checked"":1027676160,""obs_mistake_mask=E"":7}"
    960512,         0,         0,   119.9,standalone_exact_mw,3bd544bb51e006261b45d3a2c996e28fc0c0449411cee5f7deafcd25d9539ebc,"{""distance"":7,""physical_error_rate"":0.001}","{""detection_events"":3002606,""detectors_checked"":778014720}"
   1264640,         0,         0,   119.6,standalone_exact_mw,e5383d45c2b34399c539563e7789a53fd4b96cd0b38eade39a3cbfe07ba21ab0,"{""distance"":7,""physical_error_rate"":0.0002}","{""detection_events"":792865,""detectors_checked"":1024358400}"
    663552,         2,         0,   119.7,standalone_exact_mw,6a10a1840a7277b64863681e13d5cb65ed80b6c0c130a71789e1f9b9f94c8771,"{""distance"":7,""physical_error_rate"":0.005}","{""detection_events"":10137864,""detectors_checked"":537477120,""obs_mistake_mask=E"":2}"
   1361920,         0,         0,   119.5,standalone_exact_mw,ba5ada56442ed2ba457be44e3218b165c8a19e21146c9941e841199e65961aae,"{""distance"":7,""physical_error_rate"":0.0005}","{""detection_events"":2135869,""detectors_checked"":1103155200}"
   1342464,         0,         0,   119.4,standalone_exact_mw,e5383d45c2b34399c539563e7789a53fd4b96cd0b38eade39a3cbfe07ba21ab0,"{""distance"":7,""physical_error_rate"":0.0002}","{""detection_events"":840533,""detectors_checked"":1087395840}"
   2573312,         0,         0,   119.3,standalone_exact_mw,e5383d45c2b34399c539563e7789a53fd4b96cd0b38eade39a3cbfe07ba21ab0,"{""distance"":7,""physical_error_rate"":0.0002}","{""detection_events"":1616560,""detectors_checked"":2084382720}"
   1360896,         0,         0,   119.7,standalone_exact_mw,9d8ad86e51451842b54dafc7680d1b486ef291963bb72c70f3cdd570d2d8fa34,"{""distance"":7,""physical_error_rate"":0.002}","{""detection_events"":8461844,""detectors_checked"":1102325760}"
   1818624,         1,         0,   119.7,standalone_exact_mw,9d8ad86e51451842b54dafc7680d1b486ef291963bb72c70f3cdd570d2d8fa34,"{""distance"":7,""physical_error_rate"":0.002}","{""detection_events"":11304949,""detectors_checked"":1473085440,""obs_mistake_mask=E"":1}"
    884736,         6,         0,   119.8,standalone_exact_mw,6a10a1840a7277b64863681e13d5cb65ed80b6c0c130a71789e1f9b9f94c8771,"{""distance"":7,""physical_error_rate"":0.005}","{""detection_events"":13513257,""detectors_checked"":716636160,""obs_mistake_mask=E"":6}"
   1029120,         8,         0,   120.0,standalone_exact_mw,6a10a1840a7277b64863681e13d5cb65ed80b6c0c130a71789e1f9b9f94c8771,"{""distance"":7,""physical_error_rate"":0.005}","{""detection_events"":15733939,""detectors_checked"":833587200,""obs_mistake_mask=E"":8}"
   1554432,         9,         0,   119.9,standalone_exact_mw,6a10a1840a7277b64863681e13d5cb65ed80b6c0c130a71789e1f9b9f94c8771,"{""distance"":7,""physical_error_rate"":0.005}","{""detection_events"":23733060,""detectors_checked"":1259089920,""obs_mistake_mask=E"":9}"
   1892352,        12,         0,   119.8,standalone_exact_mw,6a10a1840a7277b64863681e13d5cb65ed80b6c0c130a71789e1f9b9f94c8771,"{""distance"":7,""physical_error_rate"":0.005}","{""detection_events"":28897223,""detectors_checked"":1532805120,""obs_mistake_mask=E"":12}"
   2795520,         0,         0,   119.7,standalone_exact_mw,3bd544bb51e006261b45d3a2c996e28fc0c0449411cee5f7deafcd25d9539ebc,"{""distance"":7,""physical_error_rate"":0.001}","{""detection_events"":8736135,""detectors_checked"":2264371200}"
    974848,         0,         0,   119.6,standalone_exact_mw,ba5ada56442ed2ba457be44e3218b165c8a19e21146c9941e841199e65961aae,"{""distance"":7,""physical_error_rate"":0.0005}","{""detection_events"":1527603,""detectors_checked"":789626880}"
    934912,         6,         0,   119.7,standalone_exact_mw,6a10a1840a7277b64863681e13d5cb65ed80b6c0c130a71789e1f9b9f94c8771,"{""distance"":7,""physical_error_rate"":0.005}","{""detection_events"":14272108,""detectors_checked"":757278720,""obs_mistake_mask=E"":6}"
   1319936,         0,         0,   119.8,standalone_exact_mw,3bd544bb51e006261b45d3a2c996e28fc0c0449411cee5f7deafcd25d9539ebc,"{""distance"":7,""physical_error_rate"":0.001}","{""detection_events"":4122878,""detectors_checked"":1069148160}"
   2406400,         0,         0,   119.4,standalone_exact_mw,ba5ada56442ed2ba457be44e3218b165c8a19e21146c9941e841199e65961aae,"{""distance"":7,""physical_error_rate"":0.0005}","{""detection_events"":3769778,""detectors_checked"":1949184000}"
   2021376,         0,         0,   119.7,standalone_exact_mw,e5383d45c2b34399c539563e7789a53fd4b96cd0b38eade39a3cbfe07ba21ab0,"{""distance"":7,""physical_error_rate"":0.0002}","{""detection_events"":1268820,""detectors_checked"":1637314560}"
    621568,         0,         0,   120.1,standalone_exact_mw,9d8ad86e51451842b54dafc7680d1b486ef291963bb72c70f3cdd570d2d8fa34,"{""distance"":7,""physical_error_rate"":0.002}","{""detection_events"":3861240,""detectors_checked"":503470080}"
   1259520,         0,         0,   119.6,standalone_exact_mw,ba5ada56442ed2ba457be44e3218b165c8a19e21146c9941e841199e65961aae,"{""distance"":7,""physical_error_rate"":0.0005}","{""detection_events"":1973816,""detectors_checked"":1020211200}"
   2251776,         0,         0,   119.6,standalone_exact_mw,e5383d45c2b34399c539563e7789a53fd4b96cd0b38eade39a3cbfe07ba21ab0,"{""distance"":7,""physical_error_rate"":0.0002}","{""detection_events"":1409919,""detectors_checked"":1823938560}"
    948224,         0,         0,   119.6,standalone_exact_mw,ba5ada56442ed2ba457be44e3218b165c8a19e21146c9941e841199e65961aae,"{""distance"":7,""physical_error_rate"":0.0005}","{""detection_events"":1484624,""detectors_checked"":768061440}"
   1069056,         1,         0,   119.9,standalone_exact_mw,9d8ad86e51451842b54dafc7680d1b486ef291963bb72c70f3cdd570d2d8fa34,"{""distance"":7,""physical_error_rate"":0.002}","{""detection_events"":6642381,""detectors_checked"":865935360,""obs_mistake_mask=E"":1}"
    990208,         0,         0,   119.7,standalone_exact_mw,9d8ad86e51451842b54dafc7680d1b486ef291963bb72c70f3cdd570d2d8fa34,"{""distance"":7,""physical_error_rate"":0.002}","{""detection_events"":6159457,""detectors_checked"":802068480}"
    657408,         4,         0,   119.7,standalone_exact_mw,6a10a1840a7277b64863681e13d5cb65ed80b6c0c130a71789e1f9b9f94c8771,"{""distance"":7,""physical_error_rate"":0.005}","{""detection_events"":10035521,""detectors_checked"":532500480,""obs_mistake_mask=E"":4}"
   4016128,         0,         0,   119.6,standalone_exact_mw,e5383d45c2b34399c539563e7789a53fd4b96cd0b38eade39a3cbfe07ba21ab0,"{""distance"":7,""physical_error_rate"":0.0002}","{""detection_events"":2517662,""detectors_checked"":3253063680}"
   1377280,         0,         0,   119.8,standalone_exact_mw,ba5ada56442ed2ba457be44e3218b165c8a19e21146c9941e841199e65961aae,"{""distance"":7,""physical_error_rate"":0.0005}","{""detection_events"":2157425,""detectors_checked"":1115596800}"
   1736704,         0,         0,   119.5,standalone_exact_mw,e5383d45c2b34399c539563e7789a53fd4b96cd0b38eade39a3cbfe07ba21ab0,"{""distance"":7,""physical_error_rate"":0.0002}","{""detection_events"":1090502,""detectors_checked"":1406730240}"
   2555904,         0,         0,   119.5,standalone_exact_mw,ba5ada56442ed2ba457be44e3218b165c8a19e21146c9941e841199e65961aae,"{""distance"":7,""physical_error_rate"":0.0005}","{""detection_events"":4006850,""detectors_checked"":2070282240}"
   2649088,         0,         0,   119.5,standalone_exact_mw,e5383d45c2b34399c539563e7789a53fd4b96cd0b38eade39a3cbfe07ba21ab0,"{""distance"":7,""physical_error_rate"":0.0002}","{""detection_events"":1663857,""detectors_checked"":2145761280}"
   1927168,        10,         0,   119.8,standalone_exact_mw,6a10a1840a7277b64863681e13d5cb65ed80b6c0c130a71789e1f9b9f94c8771,"{""distance"":7,""physical_error_rate"":0.005}","{""detection_events"":29454508,""detectors_checked"":1561006080,""obs_mistake_mask=E"":10}"
   1870848,         0,         0,   119.6,standalone_exact_mw,3bd544bb51e006261b45d3a2c996e28fc0c0449411cee5f7deafcd25d9539ebc,"{""distance"":7,""physical_error_rate"":0.001}","{""detection_events"":5848601,""detectors_checked"":1515386880}"
   2403328,         0,         0,   119.6,standalone_exact_mw,e5383d45c2b34399c539563e7789a53fd4b96cd0b38eade39a3cbfe07ba21ab0,"{""distance"":7,""physical_error_rate"":0.0002}","{""detection_events"":1512672,""detectors_checked"":1946695680}"
    657408,         1,         0,   119.7,standalone_exact_mw,6a10a1840a7277b64863681e13d5cb65ed80b6c0c130a71789e1f9b9f94c8771,"{""distance"":7,""physical_error_rate"":0.005}","{""detection_events"":10044767,""detectors_checked"":532500480,""obs_mistake_mask=E"":1}"
   1957888,        13,         0,   119.8,standalone_exact_mw,6a10a1840a7277b64863681e13d5cb65ed80b6c0c130a71789e1f9b9f94c8771,"{""distance"":7,""physical_error_rate"":0.005}","{""detection_events"":29907852,""detectors_checked"":1585889280,""obs_mistake_mask=E"":13}"
    843776,         0,         0,   119.7,standalone_exact_mw,3bd544bb51e006261b45d3a2c996e28fc0c0449411cee5f7deafcd25d9539ebc,"{""distance"":7,""physical_error_rate"":0.001}","{""detection_events"":2639858,""detectors_checked"":683458560}"
    856064,         0,         0,   120.1,standalone_exact_mw,3bd544bb51e006261b45d3a2c996e28fc0c0449411cee5f7deafcd25d9539ebc,"{""distance"":7,""physical_error_rate"":0.001}","{""detection_events"":2676719,""detectors_checked"":693411840}"
    719872,         0,         0,   120.2,standalone_exact_mw,9d8ad86e51451842b54dafc7680d1b486ef291963bb72c70f3cdd570d2d8fa34,"{""distance"":7,""physical_error_rate"":0.002}","{""detection_events"":4473439,""detectors_checked"":583096320}"
   1085440,         0,         0,   119.6,standalone_exact_mw,ba5ada56442ed2ba457be44e3218b165c8a19e21146c9941e841199e65961aae,"{""distance"":7,""physical_error_rate"":0.0005}","{""detection_events"":1701975,""detectors_checked"":879206400}"
    579584,         4,         0,   119.8,standalone_exact_mw,6a10a1840a7277b64863681e13d5cb65ed80b6c0c130a71789e1f9b9f94c8771,"{""distance"":7,""physical_error_rate"":0.005}","{""detection_events"":8856490,""detectors_checked"":469463040,""obs_mistake_mask=E"":4}"
   1003520,         0,         0,   119.3,standalone_exact_mw,ba5ada56442ed2ba457be44e3218b165c8a19e21146c9941e841199e65961aae,"{""distance"":7,""physical_error_rate"":0.0005}","{""detection_events"":1577579,""detectors_checked"":812851200}"
   1368064,         0,         0,   119.6,standalone_exact_mw,3bd544bb51e006261b45d3a2c996e28fc0c0449411cee5f7deafcd25d9539ebc,"{""distance"":7,""physical_error_rate"":0.001}","{""detection_events"":4270285,""detectors_checked"":1108131840}"
    899072,         0,         0,   120.6,standalone_exact_mw,9d8ad86e51451842b54dafc7680d1b486ef291963bb72c70f3cdd570d2d8fa34,"{""distance"":7,""physical_error_rate"":0.002}","{""detection_events"":5579423,""detectors_checked"":728248320}"
    735232,         0,         0,   119.6,standalone_exact_mw,3bd544bb51e006261b45d3a2c996e28fc0c0449411cee5f7deafcd25d9539ebc,"{""distance"":7,""physical_error_rate"":0.001}","{""detection_events"":2297832,""detectors_checked"":595537920}"
   1189888,         0,         0,   119.6,standalone_exact_mw,3bd544bb51e006261b45d3a2c996e28fc0c0449411cee5f7deafcd25d9539ebc,"{""distance"":7,""physical_error_rate"":0.001}","{""detection_events"":3720262,""detectors_checked"":963809280}"
    984064,         9,         0,   119.8,standalone_exact_mw,6a10a1840a7277b64863681e13d5cb65ed80b6c0c130a71789e1f9b9f94c8771,"{""distance"":7,""physical_error_rate"":0.005}","{""detection_events"":15032465,""detectors_checked"":797091840,""obs_mistake_mask=E"":9}"
    738304,         1,         0,   119.6,standalone_exact_mw,9d8ad86e51451842b54dafc7680d1b486ef291963bb72c70f3cdd570d2d8fa34,"{""distance"":7,""physical_error_rate"":0.002}","{""detection_events"":4586208,""detectors_checked"":598026240,""obs_mistake_mask=E"":1}"
   3348480,         0,         0,   119.5,standalone_exact_mw,e5383d45c2b34399c539563e7789a53fd4b96cd0b38eade39a3cbfe07ba21ab0,"{""distance"":7,""physical_error_rate"":0.0002}","{""detection_events"":2105318,""detectors_checked"":2712268800}"
    497664,         1,         0,   120.0,standalone_exact_mw,6a10a1840a7277b64863681e13d5cb65ed80b6c0c130a71789e1f9b9f94c8771,"{""distance"":7,""physical_error_rate"":0.005}","{""detection_events"":7598953,""detectors_checked"":403107840,""obs_mistake_mask=E"":1}"
   1440768,         0,         0,   119.6,standalone_exact_mw,9d8ad86e51451842b54dafc7680d1b486ef291963bb72c70f3cdd570d2d8fa34,"{""distance"":7,""physical_error_rate"":0.002}","{""detection_events"":8954817,""detectors_checked"":1167022080}"
   3476480,         0,         0,   119.7,standalone_exact_mw,ba5ada56442ed2ba457be44e3218b165c8a19e21146c9941e841199e65961aae,"{""distance"":7,""physical_error_rate"":0.0005}","{""detection_events"":5452171,""detectors_checked"":2815948800}"
   3442688,         0,         0,   119.6,standalone_exact_mw,e5383d45c2b34399c539563e7789a53fd4b96cd0b38eade39a3cbfe07ba21ab0,"{""distance"":7,""physical_error_rate"":0.0002}","{""detection_events"":2160770,""detectors_checked"":2788577280}"
   1319936,         0,         0,   119.7,standalone_exact_mw,3bd544bb51e006261b45d3a2c996e28fc0c0449411cee5f7deafcd25d9539ebc,"{""distance"":7,""physical_error_rate"":0.001}","{""detection_events"":4121985,""detectors_checked"":1069148160}"
    872448,         0,         0,   119.6,standalone_exact_mw,3bd544bb51e006261b45d3a2c996e28fc0c0449411cee5f7deafcd25d9539ebc,"{""distance"":7,""physical_error_rate"":0.001}","{""detection_events"":2727177,""detectors_checked"":706682880}"
   1065984,         0,         0,   119.6,standalone_exact_mw,ba5ada56442ed2ba457be44e3218b165c8a19e21146c9941e841199e65961aae,"{""distance"":7,""physical_error_rate"":0.0005}","{""detection_events"":1666851,""detectors_checked"":863447040}"
   1799168,         0,         0,   119.8,standalone_exact_mw,9d8ad86e51451842b54dafc7680d1b486ef291963bb72c70f3cdd570d2d8fa34,"{""distance"":7,""physical_error_rate"":0.002}","{""detection_events"":11182445,""detectors_checked"":1457326080}"
   2883584,         0,         0,   119.7,standalone_exact_mw,e5383d45c2b34399c539563e7789a53fd4b96cd0b38eade39a3cbfe07ba21ab0,"{""distance"":7,""physical_error_rate"":0.0002}","{""detection_events"":1813046,""detectors_checked"":2335703040}"
    941056,         0,         0,   119.5,standalone_exact_mw,3bd544bb51e006261b45d3a2c996e28fc0c0449411cee5f7deafcd25d9539ebc,"{""distance"":7,""physical_error_rate"":0.001}","{""detection_events"":2944916,""detectors_checked"":762255360}"
   1000448,         0,         0,   119.7,standalone_exact_mw,9d8ad86e51451842b54dafc7680d1b486ef291963bb72c70f3cdd570d2d8fa34,"{""distance"":7,""physical_error_rate"":0.002}","{""detection_events"":6213454,""detectors_checked"":810362880}"
   1530880,         0,         0,   119.6,standalone_exact_mw,ba5ada56442ed2ba457be44e3218b165c8a19e21146c9941e841199e65961aae,"{""distance"":7,""physical_error_rate"":0.0005}","{""detection_events"":2394484,""detectors_checked"":1240012800}"
    728064,         0,         0,   119.4,standalone_exact_mw,3bd544bb51e006261b45d3a2c996e28fc0c0449411cee5f7deafcd25d9539ebc,"{""distance"":7,""physical_error_rate"":0.001}","{""detection_events"":2277435,""detectors_checked"":589731840}"
   1734656,         0,         0,   119.5,standalone_exact_mw,e5383d45c2b34399c539563e7789a53fd4b96cd0b38eade39a3cbfe07ba21ab0,"{""distance"":7,""physical_error_rate"":0.0002}","{""detection_events"":1088455,""detectors_checked"":1405071360}"
    731136,         0,         0,   119.9,standalone_exact_mw,9d8ad86e51451842b54dafc7680d1b486ef291963bb72c70f3cdd570d2d8fa34,"{""distance"":7,""physical_error_rate"":0.002}","{""detection_events"":4544011,""detectors_checked"":592220160}"
   1330176,         0,         0,   119.7,standalone_exact_mw,9d8ad86e51451842b54dafc7680d1b486ef291963bb72c70f3cdd570d2d8fa34,"{""distance"":7,""physical_error_rate"":0.002}","{""detection_events"":8260337,""detectors_checked"":1077442560}"
    760832,         5,         0,   119.9,standalone_exact_mw,6a10a1840a7277b64863681e13d5cb65ed80b6c0c130a71789e1f9b9f94c8771,"{""distance"":7,""physical_error_rate"":0.005}","{""detection_events"":11625588,""detectors_checked"":616273920,""obs_mistake_mask=E"":5}"
    802816,         8,         0,   119.8,standalone_exact_mw,6a10a1840a7277b64863681e13d5cb65ed80b6c0c130a71789e1f9b9f94c8771,"{""distance"":7,""physical_error_rate"":0.005}","{""detection_events"":12259898,""detectors_checked"":650280960,""obs_mistake_mask=E"":8}"
   2073600,         2,         0,   119.7,standalone_exact_mw,9d8ad86e51451842b54dafc7680d1b486ef291963bb72c70f3cdd570d2d8fa34,"{""distance"":7,""physical_error_rate"":0.002}","{""detection_events"":12884596,""detectors_checked"":1679616000,""obs_mistake_mask=E"":2}"
   4187136,         0,         0,   119.6,standalone_exact_mw,e5383d45c2b34399c539563e7789a53fd4b96cd0b38eade39a3cbfe07ba21ab0,"{""distance"":7,""physical_error_rate"":0.0002}","{""detection_events"":2627121,""detectors_checked"":3391580160}"
   2522112,         0,         0,   119.6,standalone_exact_mw,3bd544bb51e006261b45d3a2c996e28fc0c0449411cee5f7deafcd25d9539ebc,"{""distance"":7,""physical_error_rate"":0.001}","{""detection_events"":7884593,""detectors_checked"":2042910720}"
   1016832,         0,         0,   119.7,standalone_exact_mw,9d8ad86e51451842b54dafc7680d1b486ef291963bb72c70f3cdd570d2d8fa34,"{""distance"":7,""physical_error_rate"":0.002}","{""detection_events"":6311407,""detectors_checked"":823633920}"
   3458048,         0,         0,   119.8,standalone_exact_mw,ba5ada56442ed2ba457be44e3218b165c8a19e21146c9941e841199e65961aae,"{""distance"":7,""physical_error_rate"":0.0005}","{""detection_events"":5422622,""detectors_checked"":2801018880}"
    680960,         2,         0,   119.7,standalone_exact_mw,6a10a1840a7277b64863681e13d5cb65ed80b6c0c130a71789e1f9b9f94c8771,"{""distance"":7,""physical_error_rate"":0.005}","{""detection_events"":10393914,""detectors_checked"":551577600,""obs_mistake_mask=E"":2}"
   3020800,         0,         0,   119.5,standalone_exact_mw,e5383d45c2b34399c539563e7789a53fd4b96cd0b38eade39a3cbfe07ba21ab0,"{""distance"":7,""physical_error_rate"":0.0002}","{""detection_events"":1898914,""detectors_checked"":2446848000}"
   2839552,         0,         0,   119.7,standalone_exact_mw,e5383d45c2b34399c539563e7789a53fd4b96cd0b38eade39a3cbfe07ba21ab0,"{""distance"":7,""physical_error_rate"":0.0002}","{""detection_events"":1781741,""detectors_checked"":2300037120}"
   1559552,         9,         0,   119.9,standalone_exact_mw,6a10a1840a7277b64863681e13d5cb65ed80b6c0c130a71789e1f9b9f94c8771,"{""distance"":7,""physical_error_rate"":0.005}","{""detection_events"":23817177,""detectors_checked"":1263237120,""obs_mistake_mask=E"":9}"
   1898496,         0,         0,   119.7,standalone_exact_mw,e5383d45c2b34399c539563e7789a53fd4b96cd0b38eade39a3cbfe07ba21ab0,"{""distance"":7,""physical_error_rate"":0.0002}","{""detection_events"":1192489,""detectors_checked"":1537781760}"
    759808,         5,         0,   119.8,standalone_exact_mw,6a10a1840a7277b64863681e13d5cb65ed80b6c0c130a71789e1f9b9f94c8771,"{""distance"":7,""physical_error_rate"":0.005}","{""detection_events"":11597685,""detectors_checked"":615444480,""obs_mistake_mask=E"":5}"
   1050624,         0,         0,   119.6,standalone_exact_mw,ba5ada56442ed2ba457be44e3218b165c8a19e21146c9941e841199e65961aae,"{""distance"":7,""physical_error_rate"":0.0005}","{""detection_events"":1645202,""detectors_checked"":851005440}"
   1002496,         0,         0,   119.7,standalone_exact_mw,ba5ada56442ed2ba457be44e3218b165c8a19e21146c9941e841199e65961aae,"{""distance"":7,""physical_error_rate"":0.0005}","{""detection_events"":1570218,""detectors_checked"":812021760}"
   1308672,         0,         0,   119.8,standalone_exact_mw,3bd544bb51e006261b45d3a2c996e28fc0c0449411cee5f7deafcd25d9539ebc,"{""distance"":7,""physical_error_rate"":0.001}","{""detection_events"":4087097,""detectors_checked"":1060024320}"
    675840,         0,         0,   119.7,standalone_exact_mw,9d8ad86e51451842b54dafc7680d1b486ef291963bb72c70f3cdd570d2d8fa34,"{""distance"":7,""physical_error_rate"":0.002}","{""detection_events"":4196502,""detectors_checked"":547430400}"
   2109440,         0,         0,   119.7,standalone_exact_mw,e5383d45c2b34399c539563e7789a53fd4b96cd0b38eade39a3cbfe07ba21ab0,"{""distance"":7,""physical_error_rate"":0.0002}","{""detection_events"":1322324,""detectors_checked"":1708646400}"
    974848,         0,         0,   119.5,standalone_exact_mw,3bd544bb51e006261b45d3a2c996e28fc0c0449411cee5f7deafcd25d9539ebc,"{""distance"":7,""physical_error_rate"":0.001}","{""detection_events"":3051619,""detectors_checked"":789626880}"
    614400,         0,         0,   119.8,standalone_exact_mw,9d8ad86e51451842b54dafc7680d1b486ef291963bb72c70f3cdd570d2d8fa34,"{""distance"":7,""physical_error_rate"":0.002}","{""detection_events"":3820439,""detectors_checked"":497664000}"
   1544192,         0,         0,   119.5,standalone_exact_mw,ba5ada56442ed2ba457be44e3218b165c8a19e21146c9941e841199e65961aae,"{""distance"":7,""physical_error_rate"":0.0005}","{""detection_events"":2426046,""detectors_checked"":1250795520}"
    924672,         6,         0,   119.9,standalone_exact_mw,6a10a1840a7277b64863681e13d5cb65ed80b6c0c130a71789e1f9b9f94c8771,"{""distance"":7,""physical_error_rate"":0.005}","{""detection_events"":14129139,""detectors_checked"":748984320,""obs_mistake_mask=E"":6}"
   1912832,         0,         0,   119.6,standalone_exact_mw,3bd544bb51e006261b45d3a2c996e28fc0c0449411cee5f7deafcd25d9539ebc,"{""distance"":7,""physical_error_rate"":0.001}","{""detection_events"":5972452,""detectors_checked"":1549393920}"
   2104320,         0,         0,   119.7,standalone_exact_mw,ba5ada56442ed2ba457be44e3218b165c8a19e21146c9941e841199e65961aae,"{""distance"":7,""physical_error_rate"":0.0005}","{""detection_events"":3295628,""detectors_checked"":1704499200}"
    652288,         0,         0,   119.4,standalone_exact_mw,3bd544bb51e006261b45d3a2c996e28fc0c0449411cee5f7deafcd25d9539ebc,"{""distance"":7,""physical_error_rate"":0.001}","{""detection_events"":2039338,""detectors_checked"":528353280}"
   1816576,         0,         0,   119.7,standalone_exact_mw,ba5ada56442ed2ba457be44e3218b165c8a19e21146c9941e841199e65961aae,"{""distance"":7,""physical_error_rate"":0.0005}","{""detection_events"":2846621,""detectors_checked"":1471426560}"
   2287616,         0,         0,   119.4,standalone_exact_mw,e5383d45c2b34399c539563e7789a53fd4b96cd0b38eade39a3cbfe07ba21ab0,"{""distance"":7,""physical_error_rate"":0.0002}","{""detection_events"":1435399,""detectors_checked"":1852968960}"
   1073152,         8,         0,   119.9,standalone_exact_mw,6a10a1840a7277b64863681e13d5cb65ed80b6c0c130a71789e1f9b9f94c8771,"{""distance"":7,""physical_error_rate"":0.005}","{""detection_events"":16392883,""detectors_checked"":869253120,""obs_mistake_mask=E"":8}"
    940032,         2,         0,   119.8,standalone_exact_mw,6a10a1840a7277b64863681e13d5cb65ed80b6c0c130a71789e1f9b9f94c8771,"{""distance"":7,""physical_error_rate"":0.005}","{""detection_events"":14356844,""detectors_checked"":761425920,""obs_mistake_mask=E"":2}"
    707584,         0,         0,   119.7,standalone_exact_mw,9d8ad86e51451842b54dafc7680d1b486ef291963bb72c70f3cdd570d2d8fa34,"{""distance"":7,""physical_error_rate"":0.002}","{""detection_events"":4398776,""detectors_checked"":573143040}"
    724992,         0,         0,   119.9,standalone_exact_mw,9d8ad86e51451842b54dafc7680d1b486ef291963bb72c70f3cdd570d2d8fa34,"{""distance"":7,""physical_error_rate"":0.002}","{""detection_events"":4503562,""detectors_checked"":587243520}"
   1942528,         0,         0,   119.7,standalone_exact_mw,3bd544bb51e006261b45d3a2c996e28fc0c0449411cee5f7deafcd25d9539ebc,"{""distance"":7,""physical_error_rate"":0.001}","{""detection_events"":6067329,""detectors_checked"":1573447680}"
   3120128,         0,         0,   119.6,standalone_exact_mw,ba5ada56442ed2ba457be44e3218b165c8a19e21146c9941e841199e65961aae,"{""distance"":7,""physical_error_rate"":0.0005}","{""detection_events"":4889174,""detectors_checked"":2527303680}"
   3049472,         0,         0,   119.4,standalone_exact_mw,e5383d45c2b34399c539563e7789a53fd4b96cd0b38eade39a3cbfe07ba21ab0,"{""distance"":7,""physical_error_rate"":0.0002}","{""detection_events"":1911926,""detectors_checked"":2470072320}"
   2337792,         0,         0,   119.5,standalone_exact_mw,ba5ada56442ed2ba457be44e3218b165c8a19e21146c9941e841199e65961aae,"{""distance"":7,""physical_error_rate"":0.0005}","{""detection_events"":3661253,""detectors_checked"":1893611520}"
   3251200,         0,         0,   119.6,standalone_exact_mw,ba5ada56442ed2ba457be44e3218b165c8a19e21146c9941e841199e65961aae,"{""distance"":7,""physical_error_rate"":0.0005}","{""detection_events"":5093883,""detectors_checked"":2633472000}"
   3983360,         0,         0,   119.7,standalone_exact_mw,e5383d45c2b34399c539563e7789a53fd4b96cd0b38eade39a3cbfe07ba21ab0,"{""distance"":7,""physical_error_rate"":0.0002}","{""detection_events"":2497257,""detectors_checked"":3226521600}"
   3801088,         0,         0,   119.4,standalone_exact_mw,e5383d45c2b34399c539563e7789a53fd4b96cd0b38eade39a3cbfe07ba21ab0,"{""distance"":7,""physical_error_rate"":0.0002}","{""detection_events"":2387021,""detectors_checked"":3078881280}"
   2192384,         1,         0,   119.8,standalone_exact_mw,9d8ad86e51451842b54dafc7680d1b486ef291963bb72c70f3cdd570d2d8fa34,"{""distance"":7,""physical_error_rate"":0.002}","{""detection_events"":13624801,""detectors_checked"":1775831040,""obs_mistake_mask=E"":1}"
    891904,         0,         0,   119.6,standalone_exact_mw,3bd544bb51e006261b45d3a2c996e28fc0c0449411cee5f7deafcd25d9539ebc,"{""distance"":7,""physical_error_rate"":0.001}","{""detection_events"":2786373,""detectors_checked"":722442240}"
   1003520,         0,         0,   119.6,standalone_exact_mw,ba5ada56442ed2ba457be44e3218b165c8a19e21146c9941e841199e65961aae,"{""distance"":7,""physical_error_rate"":0.0005}","{""detection_events"":1571003,""detectors_checked"":812851200}"
   2706432,         0,         0,   119.7,standalone_exact_mw,3bd544bb51e006261b45d3a2c996e28fc0c0449411cee5f7deafcd25d9539ebc,"{""distance"":7,""physical_error_rate"":0.001}","{""detection_events"":8449730,""detectors_checked"":2192209920}"
    966656,         0,         0,   119.5,standalone_exact_mw,3bd544bb51e006261b45d3a2c996e28fc0c0449411cee5f7deafcd25d9539ebc,"{""distance"":7,""physical_error_rate"":0.001}","{""detection_events"":3020363,""detectors_checked"":782991360}"
   2944000,         0,         0,   119.7,standalone_exact_mw,ba5ada56442ed2ba457be44e3218b165c8a19e21146c9941e841199e65961aae,"{""distance"":7,""physical_error_rate"":0.0005}","{""detection_events"":4618779,""detectors_checked"":2384640000}"
    687104,         0,         0,   119.7,standalone_exact_mw,9d8ad86e51451842b54dafc7680d1b486ef291963bb72c70f3cdd570d2d8fa34,"{""distance"":7,""physical_error_rate"":0.002}","{""detection_events"":4270292,""detectors_checked"":556554240}"
   1755136,        13,         0,   119.8,standalone_exact_mw,6a10a1840a7277b64863681e13d5cb65ed80b6c0c130a71789e1f9b9f94c8771,"{""distance"":7,""physical_error_rate"":0.005}","{""detection_events"":26797093,""detectors_checked"":1421660160,""obs_mistake_mask=E"":13}"
   1602560,         0,         0,   119.4,standalone_exact_mw,e5383d45c2b34399c539563e7789a53fd4b96cd0b38eade39a3cbfe07ba21ab0,"{""distance"":7,""physical_error_rate"":0.0002}","{""detection_events"":1005953,""detectors_checked"":1298073600}"
   1708032,         0,         0,   119.4,standalone_exact_mw,e5383d45c2b34399c539563e7789a53fd4b96cd0b38eade39a3cbfe07ba21ab0,"{""distance"":7,""physical_error_rate"":0.0002}","{""detection_events"":1072555,""detectors_checked"":1383505920}"
   2097152,         0,         0,   119.4,standalone_exact_mw,ba5ada56442ed2ba457be44e3218b165c8a19e21146c9941e841199e65961aae,"{""distance"":7,""physical_error_rate"":0.0005}","{""detection_events"":3287566,""detectors_checked"":1698693120}"
   2122752,         0,         0,   119.6,standalone_exact_mw,e5383d45c2b34399c539563e7789a53fd4b96cd0b38eade39a3cbfe07ba21ab0,"{""distance"":7,""physical_error_rate"":0.0002}","{""detection_events"":1335672,""detectors_checked"":1719429120}"
   1438720,         0,         0,   119.6,standalone_exact_mw,3bd544bb51e006261b45d3a2c996e28fc0c0449411cee5f7deafcd25d9539ebc,"{""distance"":7,""physical_error_rate"":0.001}","{""detection_events"":4500903,""detectors_checked"":1165363200}"
    831488,         0,         0,   119.5,standalone_exact_mw,3bd544bb51e006261b45d3a2c996e28fc0c0449411cee5f7deafcd25d9539ebc,"{""distance"":7,""physical_error_rate"":0.001}","{""detection_events"":2597019,""detectors_checked"":673505280}"
   1219584,         4,         0,   119.8,standalone_exact_mw,6a10a1840a7277b64863681e13d5cb65ed80b6c0c130a71789e1f9b9f94c8771,"{""distance"":7,""physical_error_rate"":0.005}","{""detection_events"":18632838,""detectors_checked"":987863040,""obs_mistake_mask=E"":4}"
    651264,         5,         0,   119.9,standalone_exact_mw,6a10a1840a7277b64863681e13d5cb65ed80b6c0c130a71789e1f9b9f94c8771,"{""distance"":7,""physical_error_rate"":0.005}","{""detection_events"":9946510,""detectors_checked"":527523840,""obs_mistake_mask=E"":5}"
   1128448,         0,         0,   119.8,standalone_exact_mw,9d8ad86e51451842b54dafc7680d1b486ef291963bb72c70f3cdd570d2d8fa34,"{""distance"":7,""physical_error_rate"":0.002}","{""detection_events"":7021185,""detectors_checked"":914042880}"
   1581056,         0,         0,   119.7,standalone_exact_mw,9d8ad86e51451842b54dafc7680d1b486ef291963bb72c70f3cdd570d2d8fa34,"{""distance"":7,""physical_error_rate"":0.002}","{""detection_events"":9828790,""detectors_checked"":1280655360}"
   1958912,         0,         0,   119.5,standalone_exact_mw,e5383d45c2b34399c539563e7789a53fd4b96cd0b38eade39a3cbfe07ba21ab0,"{""distance"":7,""physical_error_rate"":0.0002}","{""detection_events"":1229407,""detectors_checked"":1586718720}"
    579584,         0,         0,   119.9,standalone_exact_mw,9d8ad86e51451842b54dafc7680d1b486ef291963bb72c70f3cdd570d2d8fa34,"{""distance"":7,""physical_error_rate"":0.002}","{""detection_events"":3603781,""detectors_checked"":469463040}"
   1422336,         0,         0,   119.3,standalone_exact_mw,ba5ada56442ed2ba457be44e3218b165c8a19e21146c9941e841199e65961aae,"{""distance"":7,""physical_error_rate"":0.0005}","{""detection_events"":2225348,""detectors_checked"":1152092160}"
    939008,         0,         0,   120.0,standalone_exact_mw,9d8ad86e51451842b54dafc7680d1b486ef291963bb72c70f3cdd570d2d8fa34,"{""distance"":7,""physical_error_rate"":0.002}","{""detection_events"":5841816,""detectors_checked"":760596480}"
   1445888,         0,         0,   119.7,standalone_exact_mw,3bd544bb51e006261b45d3a2c996e28fc0c0449411cee5f7deafcd25d9539ebc,"{""distance"":7,""physical_error_rate"":0.001}","{""detection_events"":4516634,""detectors_checked"":1171169280}"
   1209344,         0,         0,   119.8,standalone_exact_mw,9d8ad86e51451842b54dafc7680d1b486ef291963bb72c70f3cdd570d2d8fa34,"{""distance"":7,""physical_error_rate"":0.002}","{""detection_events"":7509921,""detectors_checked"":979568640}"
    978944,         0,         0,   119.6,standalone_exact_mw,3bd544bb51e006261b45d3a2c996e28fc0c0449411cee5f7deafcd25d9539ebc,"{""distance"":7,""physical_error_rate"":0.001}","{""detection_events"":3062124,""detectors_checked"":792944640}"
    848896,         5,         0,   119.8,standalone_exact_mw,6a10a1840a7277b64863681e13d5cb65ed80b6c0c130a71789e1f9b9f94c8771,"{""distance"":7,""physical_error_rate"":0.005}","{""detection_events"":12965073,""detectors_checked"":687605760,""obs_mistake_mask=E"":5}"
   1323008,         0,         0,   119.4,standalone_exact_mw,e5383d45c2b34399c539563e7789a53fd4b96cd0b38eade39a3cbfe07ba21ab0,"{""distance"":7,""physical_error_rate"":0.0002}","{""detection_events"":829825,""detectors_checked"":1071636480}"
   1008640,         4,         0,   119.6,standalone_exact_mw,6a10a1840a7277b64863681e13d5cb65ed80b6c0c130a71789e1f9b9f94c8771,"{""distance"":7,""physical_error_rate"":0.005}","{""detection_events"":15401560,""detectors_checked"":816998400,""obs_mistake_mask=E"":4}"
   1370112,         0,         0,   119.7,standalone_exact_mw,ba5ada56442ed2ba457be44e3218b165c8a19e21146c9941e841199e65961aae,"{""distance"":7,""physical_error_rate"":0.0005}","{""detection_events"":2146615,""detectors_checked"":1109790720}"
   1276928,         0,         0,   119.2,standalone_exact_mw,e5383d45c2b34399c539563e7789a53fd4b96cd0b38eade39a3cbfe07ba21ab0,"{""distance"":7,""physical_error_rate"":0.0002}","{""detection_events"":802472,""detectors_checked"":1034311680}"
    745472,         0,         0,   119.6,standalone_exact_mw,9d8ad86e51451842b54dafc7680d1b486ef291963bb72c70f3cdd570d2d8fa34,"{""distance"":7,""physical_error_rate"":0.002}","{""detection_events"":4627397,""detectors_checked"":603832320}"
   2063360,         1,         0,   119.7,standalone_exact_mw,9d8ad86e51451842b54dafc7680d1b486ef291963bb72c70f3cdd570d2d8fa34,"{""distance"":7,""physical_error_rate"":0.002}","{""detection_events"":12832301,""detectors_checked"":1671321600,""obs_mistake_mask=E"":1}"
   2219008,         0,         0,   119.5,standalone_exact_mw,e5383d45c2b34399c539563e7789a53fd4b96cd0b38eade39a3cbfe07ba21ab0,"{""distance"":7,""physical_error_rate"":0.0002}","{""detection_events"":1392042,""detectors_checked"":1797396480}"
   1490944,         0,         0,   119.9,standalone_exact_mw,3bd544bb51e006261b45d3a2c996e28fc0c0449411cee5f7deafcd25d9539ebc,"{""distance"":7,""physical_error_rate"":0.001}","{""detection_events"":4656335,""detectors_checked"":1207664640}"
    784384,         8,         0,   119.8,standalone_exact_mw,6a10a1840a7277b64863681e13d5cb65ed80b6c0c130a71789e1f9b9f94c8771,"{""distance"":7,""physical_error_rate"":0.005}","{""detection_events"":11982465,""detectors_checked"":635351040,""obs_mistake_mask=E"":8}"
    516096,         5,         0,   120.0,standalone_exact_mw,6a10a1840a7277b64863681e13d5cb65ed80b6c0c130a71789e1f9b9f94c8771,"{""distance"":7,""physical_error_rate"":0.005}","{""detection_events"":7876350,""detectors_checked"":418037760,""obs_mistake_mask=E"":5}"
   1779712,        12,         0,   119.9,standalone_exact_mw,6a10a1840a7277b64863681e13d5cb65ed80b6c0c130a71789e1f9b9f94c8771,"{""distance"":7,""physical_error_rate"":0.005}","{""detection_events"":27190378,""detectors_checked"":1441566720,""obs_mistake_mask=E"":12}"
   2471936,         0,         0,   119.8,standalone_exact_mw,3bd544bb51e006261b45d3a2c996e28fc0c0449411cee5f7deafcd25d9539ebc,"{""distance"":7,""physical_error_rate"":0.001}","{""detection_events"":7725678,""detectors_checked"":2002268160}"
   1300480,         0,         0,   119.6,standalone_exact_mw,ba5ada56442ed2ba457be44e3218b165c8a19e21146c9941e841199e65961aae,"{""distance"":7,""physical_error_rate"":0.0005}","{""detection_events"":2038995,""detectors_checked"":1053388800}"
    613376,         5,         0,   120.0,standalone_exact_mw,6a10a1840a7277b64863681e13d5cb65ed80b6c0c130a71789e1f9b9f94c8771,"{""distance"":7,""physical_error_rate"":0.005}","{""detection_events"":9374036,""detectors_checked"":496834560,""obs_mistake_mask=E"":5}"
   1848320,         0,         0,   119.3,standalone_exact_mw,ba5ada56442ed2ba457be44e3218b165c8a19e21146c9941e841199e65961aae,"{""distance"":7,""physical_error_rate"":0.0005}","{""detection_events"":2897760,""detectors_checked"":1497139200}"
    911360,         5,         0,   119.9,standalone_exact_mw,6a10a1840a7277b64863681e13d5cb65ed80b6c0c130a71789e1f9b9f94c8771,"{""distance"":7,""physical_error_rate"":0.005}","{""detection_events"":13923407,""detectors_checked"":738201600,""obs_mistake_mask=E"":5}"
   1204224,         0,         0,   119.9,standalone_exact_mw,3bd544bb51e006261b45d3a2c996e28fc0c0449411cee5f7deafcd25d9539ebc,"{""distance"":7,""physical_error_rate"":0.001}","{""detection_events"":3762832,""detectors_checked"":975421440}"
   1467392,         0,         0,   119.6,standalone_exact_mw,e5383d45c2b34399c539563e7789a53fd4b96cd0b38eade39a3cbfe07ba21ab0,"{""distance"":7,""physical_error_rate"":0.0002}","{""detection_events"":919346,""detectors_checked"":1188587520}"
    663552,         0,         0,   119.8,standalone_exact_mw,9d8ad86e51451842b54dafc7680d1b486ef291963bb72c70f3cdd570d2d8fa34,"{""distance"":7,""physical_error_rate"":0.002}","{""detection_events"":4127099,""detectors_checked"":537477120}"
   1927168,         0,         0,   119.7,standalone_exact_mw,ba5ada56442ed2ba457be44e3218b165c8a19e21146c9941e841199e65961aae,"{""distance"":7,""physical_error_rate"":0.0005}","{""detection_events"":3021224,""detectors_checked"":1561006080}"
   2114560,         0,         0,   119.7,standalone_exact_mw,e5383d45c2b34399c539563e7789a53fd4b96cd0b38eade39a3cbfe07ba21ab0,"{""distance"":7,""physical_error_rate"":0.0002}","{""detection_events"":1328021,""detectors_checked"":1712793600}"
   1209344,         0,         0,   119.6,standalone_exact_mw,ba5ada56442ed2ba457be44e3218b165c8a19e21146c9941e841199e65961aae,"{""distance"":7,""physical_error_rate"":0.0005}","{""detection_events"":1894565,""detectors_checked"":979568640}"
    980992,         0,         0,   119.8,standalone_exact_mw,9d8ad86e51451842b54dafc7680d1b486ef291963bb72c70f3cdd570d2d8fa34,"{""distance"":7,""physical_error_rate"":0.002}","{""detection_events"":6092683,""detectors_checked"":794603520}"
   1031168,         1,         0,   119.8,standalone_exact_mw,9d8ad86e51451842b54dafc7680d1b486ef291963bb72c70f3cdd570d2d8fa34,"{""distance"":7,""physical_error_rate"":0.002}","{""detection_events"":6405761,""detectors_checked"":835246080,""obs_mistake_mask=E"":1}"
    697344,         6,         0,   119.8,standalone_exact_mw,6a10a1840a7277b64863681e13d5cb65ed80b6c0c130a71789e1f9b9f94c8771,"{""distance"":7,""physical_error_rate"":0.005}","{""detection_events"":10652322,""detectors_checked"":564848640,""obs_mistake_mask=E"":6}"
   2880512,         0,         0,   119.5,standalone_exact_mw,e5383d45c2b34399c539563e7789a53fd4b96cd0b38eade39a3cbfe07ba21ab0,"{""distance"":7,""physical_error_rate"":0.0002}","{""detection_events"":1811927,""detectors_checked"":2333214720}"
   2369536,         0,         0,   119.6,standalone_exact_mw,ba5ada56442ed2ba457be44e3218b165c8a19e21146c9941e841199e65961aae,"{""distance"":7,""physical_error_rate"":0.0005}","{""detection_events"":3716703,""detectors_checked"":1919324160}"
   2633728,         0,         0,   119.5,standalone_exact_mw,e5383d45c2b34399c539563e7789a53fd4b96cd0b38eade39a3cbfe07ba21ab0,"{""distance"":7,""physical_error_rate"":0.0002}","{""detection_events"":1650889,""detectors_checked"":2133319680}"
   3414016,         0,         0,   119.5,standalone_exact_mw,e5383d45c2b34399c539563e7789a53fd4b96cd0b38eade39a3cbfe07ba21ab0,"{""distance"":7,""physical_error_rate"":0.0002}","{""detection_events"":2142368,""detectors_checked"":2765352960}"
   2250752,         0,         0,   119.6,standalone_exact_mw,ba5ada56442ed2ba457be44e3218b165c8a19e21146c9941e841199e65961aae,"{""distance"":7,""physical_error_rate"":0.0005}","{""detection_events"":3529237,""detectors_checked"":1823109120}"
   1672192,        13,         0,   119.8,standalone_exact_mw,6a10a1840a7277b64863681e13d5cb65ed80b6c0c130a71789e1f9b9f94c8771,"{""distance"":7,""physical_error_rate"":0.005}","{""detection_events"":25539775,""detectors_checked"":1354475520,""obs_mistake_mask=E"":13}"
    878592,         3,         0,   118.1,standalone_exact_mw,6a10a1840a7277b64863681e13d5cb65ed80b6c0c130a71789e1f9b9f94c8771,"{""distance"":7,""physical_error_rate"":0.005}","{""detection_events"":13418438,""detectors_checked"":711659520,""obs_mistake_mask=E"":3}"
    802816,         4,         0,    50.0,standalone_exact_mw,6a10a1840a7277b64863681e13d5cb65ed80b6c0c130a71789e1f9b9f94c8771,"{""distance"":7,""physical_error_rate"":0.005}","{""detection_events"":12255833,""detectors_checked"":650280960,""obs_mistake_mask=E"":4}"
   1274880,         8,         0,   119.2,standalone_exact_mw,6a10a1840a7277b64863681e13d5cb65ed80b6c0c130a71789e1f9b9f94c8771,"{""distance"":7,""physical_error_rate"":0.005}","{""detection_events"":19475022,""detectors_checked"":1032652800,""obs_mistake_mask=E"":8}"
    978944,         7,         0,   116.9,standalone_exact_mw,6a10a1840a7277b64863681e13d5cb65ed80b6c0c130a71789e1f9b9f94c8771,"{""distance"":7,""physical_error_rate"":0.005}","{""detection_events"":14957804,""detectors_checked"":792944640,""obs_mistake_mask=E"":7}"
      5120,         0,         0,    1.12,standalone_exact_mw,6a10a1840a7277b64863681e13d5cb65ed80b6c0c130a71789e1f9b9f94c8771,"{""distance"":7,""physical_error_rate"":0.005}","{""detection_events"":78463,""detectors_checked"":4147200}"
    203776,         1,         0,    49.7,standalone_exact_mw,6a10a1840a7277b64863681e13d5cb65ed80b6c0c130a71789e1f9b9f94c8771,"{""distance"":7,""physical_error_rate"":0.005}","{""detection_events"":3112707,""detectors_checked"":165058560,""obs_mistake_mask=E"":1}"
    107520,         2,         0,    6.97,standalone_exact_mw,6a10a1840a7277b64863681e13d5cb65ed80b6c0c130a71789e1f9b9f94c8771,"{""distance"":7,""physical_error_rate"":0.005}","{""detection_events"":1641186,""detectors_checked"":87091200,""obs_mistake_mask=E"":2}"
     41984,         0,         0,    2.75,standalone_exact_mw,6a10a1840a7277b64863681e13d5cb65ed80b6c0c130a71789e1f9b9f94c8771,"{""distance"":7,""physical_error_rate"":0.005}","{""detection_events"":641829,""detectors_checked"":34007040}"
    196608,         3,         0,    43.3,standalone_exact_mw,6a10a1840a7277b64863681e13d5cb65ed80b6c0c130a71789e1f9b9f94c8771,"{""distance"":7,""physical_error_rate"":0.005}","{""detection_events"":3004555,""detectors_checked"":159252480,""obs_mistake_mask=E"":3}"
     55296,         1,         0,    4.89,standalone_exact_mw,6a10a1840a7277b64863681e13d5cb65ed80b6c0c130a71789e1f9b9f94c8771,"{""distance"":7,""physical_error_rate"":0.005}","{""detection_events"":843159,""detectors_checked"":44789760,""obs_mistake_mask=E"":1}"
   1611776,        13,         0,   118.9,standalone_exact_mw,6a10a1840a7277b64863681e13d5cb65ed80b6c0c130a71789e1f9b9f94c8771,"{""distance"":7,""physical_error_rate"":0.005}","{""detection_events"":24607790,""detectors_checked"":1305538560,""obs_mistake_mask=E"":13}"
      8192,         0,         0,    2.49,standalone_exact_mw,6a10a1840a7277b64863681e13d5cb65ed80b6c0c130a71789e1f9b9f94c8771,"{""distance"":7,""physical_error_rate"":0.005}","{""detection_events"":125182,""detectors_checked"":6635520}"
    509952,         3,         0,    50.4,standalone_exact_mw,6a10a1840a7277b64863681e13d5cb65ed80b6c0c130a71789e1f9b9f94c8771,"{""distance"":7,""physical_error_rate"":0.005}","{""detection_events"":7785814,""detectors_checked"":413061120,""obs_mistake_mask=E"":3}"
      1024,         0,         0,   0.059,standalone_exact_mw,6a10a1840a7277b64863681e13d5cb65ed80b6c0c130a71789e1f9b9f94c8771,"{""distance"":7,""physical_error_rate"":0.005}","{""detection_events"":15793,""detectors_checked"":829440}"
   1121280,         4,         0,   117.7,standalone_exact_mw,6a10a1840a7277b64863681e13d5cb65ed80b6c0c130a71789e1f9b9f94c8771,"{""distance"":7,""physical_error_rate"":0.005}","{""detection_events"":17135278,""detectors_checked"":908236800,""obs_mistake_mask=E"":4}"
     84992,         0,         0,    5.59,standalone_exact_mw,6a10a1840a7277b64863681e13d5cb65ed80b6c0c130a71789e1f9b9f94c8771,"{""distance"":7,""physical_error_rate"":0.005}","{""detection_events"":1298092,""detectors_checked"":68843520}"
     20480,         0,         0,    3.87,standalone_exact_mw,6a10a1840a7277b64863681e13d5cb65ed80b6c0c130a71789e1f9b9f94c8771,"{""distance"":7,""physical_error_rate"":0.005}","{""detection_events"":313307,""detectors_checked"":16588800}"
     29696,         0,         0,    5.02,standalone_exact_mw,6a10a1840a7277b64863681e13d5cb65ed80b6c0c130a71789e1f9b9f94c8771,"{""distance"":7,""physical_error_rate"":0.005}","{""detection_events"":454509,""detectors_checked"":24053760}"
     11264,         0,         0,    3.11,standalone_exact_mw,6a10a1840a7277b64863681e13d5cb65ed80b6c0c130a71789e1f9b9f94c8771,"{""distance"":7,""physical_error_rate"":0.005}","{""detection_events"":171575,""detectors_checked"":9123840}"
    514048,         5,         0,   107.7,standalone_exact_mw,6a10a1840a7277b64863681e13d5cb65ed80b6c0c130a71789e1f9b9f94c8771,"{""distance"":7,""physical_error_rate"":0.005}","{""detection_events"":7849739,""detectors_checked"":416378880,""obs_mistake_mask=E"":5}"
     68608,         0,         0,    7.26,standalone_exact_mw,6a10a1840a7277b64863681e13d5cb65ed80b6c0c130a71789e1f9b9f94c8771,"{""distance"":7,""physical_error_rate"":0.005}","{""detection_events"":1048651,""detectors_checked"":55572480}"
     17408,         0,         0,    3.75,standalone_exact_mw,6a10a1840a7277b64863681e13d5cb65ed80b6c0c130a71789e1f9b9f94c8771,"{""distance"":7,""physical_error_rate"":0.005}","{""detection_events"":265975,""detectors_checked"":14100480}"
   1260544,         4,         0,   106.9,standalone_exact_mw,6a10a1840a7277b64863681e13d5cb65ed80b6c0c130a71789e1f9b9f94c8771,"{""distance"":7,""physical_error_rate"":0.005}","{""detection_events"":19258787,""detectors_checked"":1021040640,""obs_mistake_mask=E"":4}"
   1240064,         0,         0,   119.7,standalone_exact_mw,3bd544bb51e006261b45d3a2c996e28fc0c0449411cee5f7deafcd25d9539ebc,"{""distance"":7,""physical_error_rate"":0.001}","{""detection_events"":3875009,""detectors_checked"":1004451840}"
      9216,         0,         0,    2.99,standalone_exact_mw,6a10a1840a7277b64863681e13d5cb65ed80b6c0c130a71789e1f9b9f94c8771,"{""distance"":7,""physical_error_rate"":0.005}","{""detection_events"":141835,""detectors_checked"":7464960}"
      9216,         0,         0,    3.69,standalone_exact_mw,6a10a1840a7277b64863681e13d5cb65ed80b6c0c130a71789e1f9b9f94c8771,"{""distance"":7,""physical_error_rate"":0.005}","{""detection_events"":141699,""detectors_checked"":7464960}"
   2311168,         0,         0,   119.7,standalone_exact_mw,e5383d45c2b34399c539563e7789a53fd4b96cd0b38eade39a3cbfe07ba21ab0,"{""distance"":7,""physical_error_rate"":0.0002}","{""detection_events"":1449489,""detectors_checked"":1872046080}"
    902144,         0,         0,   119.8,standalone_exact_mw,3bd544bb51e006261b45d3a2c996e28fc0c0449411cee5f7deafcd25d9539ebc,"{""distance"":7,""physical_error_rate"":0.001}","{""detection_events"":2822090,""detectors_checked"":730736640}"
   1018880,         0,         0,   119.7,standalone_exact_mw,3bd544bb51e006261b45d3a2c996e28fc0c0449411cee5f7deafcd25d9539ebc,"{""distance"":7,""physical_error_rate"":0.001}","{""detection_events"":3184597,""detectors_checked"":825292800}"
   1888256,         0,         0,   119.5,standalone_exact_mw,ba5ada56442ed2ba457be44e3218b165c8a19e21146c9941e841199e65961aae,"{""distance"":7,""physical_error_rate"":0.0005}","{""detection_events"":2962850,""detectors_checked"":1529487360}"
   1360896,         0,         0,   119.8,standalone_exact_mw,9d8ad86e51451842b54dafc7680d1b486ef291963bb72c70f3cdd570d2d8fa34,"{""distance"":7,""physical_error_rate"":0.002}","{""detection_events"":8460534,""detectors_checked"":1102325760}"
   1328128,         0,         0,   119.5,standalone_exact_mw,ba5ada56442ed2ba457be44e3218b165c8a19e21146c9941e841199e65961aae,"{""distance"":7,""physical_error_rate"":0.0005}","{""detection_events"":2078768,""detectors_checked"":1075783680}"
    641024,         0,         0,   119.6,standalone_exact_mw,9d8ad86e51451842b54dafc7680d1b486ef291963bb72c70f3cdd570d2d8fa34,"{""distance"":7,""physical_error_rate"":0.002}","{""detection_events"":3987581,""detectors_checked"":519229440}"
    891904,         0,         0,   119.7,standalone_exact_mw,3bd544bb51e006261b45d3a2c996e28fc0c0449411cee5f7deafcd25d9539ebc,"{""distance"":7,""physical_error_rate"":0.001}","{""detection_events"":2789947,""detectors_checked"":722442240}"
   1337344,         0,         0,   119.6,standalone_exact_mw,3bd544bb51e006261b45d3a2c996e28fc0c0449411cee5f7deafcd25d9539ebc,"{""distance"":7,""physical_error_rate"":0.001}","{""detection_events"":4180325,""detectors_checked"":1083248640}"
    764928,         0,         0,   119.8,standalone_exact_mw,3bd544bb51e006261b45d3a2c996e28fc0c0449411cee5f7deafcd25d9539ebc,"{""distance"":7,""physical_error_rate"":0.001}","{""detection_events"":2395725,""detectors_checked"":619591680}"
   1002496,         0,         0,   119.8,standalone_exact_mw,9d8ad86e51451842b54dafc7680d1b486ef291963bb72c70f3cdd570d2d8fa34,"{""distance"":7,""physical_error_rate"":0.002}","{""detection_events"":6232631,""detectors_checked"":812021760}"
   2118656,         0,         0,   119.6,standalone_exact_mw,e5383d45c2b34399c539563e7789a53fd4b96cd0b38eade39a3cbfe07ba21ab0,"{""distance"":7,""physical_error_rate"":0.0002}","{""detection_events"":1333823,""detectors_checked"":1716111360}"
      1297,         0,         0,   0.052,standalone_exact_mw,ba5ada56442ed2ba457be44e3218b165c8a19e21146c9941e841199e65961aae,"{""distance"":7,""physical_error_rate"":0.0005}","{""detection_events"":1927,""detectors_checked"":1050570}"
      1024,         0,         0,   0.031,standalone_exact_mw,ba5ada56442ed2ba457be44e3218b165c8a19e21146c9941e841199e65961aae,"{""distance"":7,""physical_error_rate"":0.0005}","{""detection_events"":1562,""detectors_checked"":829440}"
      1024,         0,         0,   0.031,standalone_exact_mw,ba5ada56442ed2ba457be44e3218b165c8a19e21146c9941e841199e65961aae,"{""distance"":7,""physical_error_rate"":0.0005}","{""detection_events"":1635,""detectors_checked"":829440}"
      1024,         0,         0,   0.031,standalone_exact_mw,ba5ada56442ed2ba457be44e3218b165c8a19e21146c9941e841199e65961aae,"{""distance"":7,""physical_error_rate"":0.0005}","{""detection_events"":1590,""detectors_checked"":829440}"
      1024,         0,         0,   0.044,standalone_exact_mw,ba5ada56442ed2ba457be44e3218b165c8a19e21146c9941e841199e65961aae,"{""distance"":7,""physical_error_rate"":0.0005}","{""detection_events"":1567,""detectors_checked"":829440}"
      2048,         0,         0,   0.061,standalone_exact_mw,ba5ada56442ed2ba457be44e3218b165c8a19e21146c9941e841199e65961aae,"{""distance"":7,""physical_error_rate"":0.0005}","{""detection_events"":3309,""detectors_checked"":1658880}"
      3072,         0,         0,   0.092,standalone_exact_mw,ba5ada56442ed2ba457be44e3218b165c8a19e21146c9941e841199e65961aae,"{""distance"":7,""physical_error_rate"":0.0005}","{""detection_events"":4776,""detectors_checked"":2488320}"
         1,         0,         0,   0.002,standalone_exact_mw,9d8ad86e51451842b54dafc7680d1b486ef291963bb72c70f3cdd570d2d8fa34,"{""distance"":7,""physical_error_rate"":0.002}","{""detection_events"":9,""detectors_checked"":810}"
      1296,         0,         0,   0.062,standalone_exact_mw,9d8ad86e51451842b54dafc7680d1b486ef291963bb72c70f3cdd570d2d8fa34,"{""distance"":7,""physical_error_rate"":0.002}","{""detection_events"":8070,""detectors_checked"":1049760}"
      3072,         0,         0,   0.124,standalone_exact_mw,ba5ada56442ed2ba457be44e3218b165c8a19e21146c9941e841199e65961aae,"{""distance"":7,""physical_error_rate"":0.0005}","{""detection_events"":4857,""detectors_checked"":2488320}"
      1024,         0,         0,   0.053,standalone_exact_mw,9d8ad86e51451842b54dafc7680d1b486ef291963bb72c70f3cdd570d2d8fa34,"{""distance"":7,""physical_error_rate"":0.002}","{""detection_events"":6310,""detectors_checked"":829440}"
         1,         0,         0,   0.001,standalone_exact_mw,e5383d45c2b34399c539563e7789a53fd4b96cd0b38eade39a3cbfe07ba21ab0,"{""distance"":7,""physical_error_rate"":0.0002}","{""detectors_checked"":810}"
      1024,         0,         0,   0.048,standalone_exact_mw,9d8ad86e51451842b54dafc7680d1b486ef291963bb72c70f3cdd570d2d8fa34,"{""distance"":7,""physical_error_rate"":0.002}","{""detection_events"":6333,""detectors_checked"":829440}"
      1296,         0,         0,   0.033,standalone_exact_mw,e5383d45c2b34399c539563e7789a53fd4b96cd0b38eade39a3cbfe07ba21ab0,"{""distance"":7,""physical_error_rate"":0.0002}","{""detection_events"":778,""detectors_checked"":1049760}"
      1024,         0,         0,   0.053,standalone_exact_mw,9d8ad86e51451842b54dafc7680d1b486ef291963bb72c70f3cdd570d2d8fa34,"{""distance"":7,""physical_error_rate"":0.002}","{""detection_events"":6466,""detectors_checked"":829440}"
      1024,         0,         0,   0.027,standalone_exact_mw,e5383d45c2b34399c539563e7789a53fd4b96cd0b38eade39a3cbfe07ba21ab0,"{""distance"":7,""physical_error_rate"":0.0002}","{""detection_events"":614,""detectors_checked"":829440}"
       273,         0,         0,   0.021,standalone_exact_mw,e5383d45c2b34399c539563e7789a53fd4b96cd0b38eade39a3cbfe07ba21ab0,"{""distance"":7,""physical_error_rate"":0.0002}","{""detection_events"":205,""detectors_checked"":221130}"
      1024,         0,         0,   0.028,standalone_exact_mw,e5383d45c2b34399c539563e7789a53fd4b96cd0b38eade39a3cbfe07ba21ab0,"{""distance"":7,""physical_error_rate"":0.0002}","{""detection_events"":592,""detectors_checked"":829440}"
      1024,         0,         0,   0.027,standalone_exact_mw,e5383d45c2b34399c539563e7789a53fd4b96cd0b38eade39a3cbfe07ba21ab0,"{""distance"":7,""physical_error_rate"":0.0002}","{""detection_events"":616,""detectors_checked"":829440}"
      3072,         0,         0,   0.125,standalone_exact_mw,ba5ada56442ed2ba457be44e3218b165c8a19e21146c9941e841199e65961aae,"{""distance"":7,""physical_error_rate"":0.0005}","{""detection_events"":4866,""detectors_checked"":2488320}"
      1024,         0,         0,   0.028,standalone_exact_mw,e5383d45c2b34399c539563e7789a53fd4b96cd0b38eade39a3cbfe07ba21ab0,"{""distance"":7,""physical_error_rate"":0.0002}","{""detection_events"":721,""detectors_checked"":829440}"
      1024,         0,         0,   0.027,standalone_exact_mw,e5383d45c2b34399c539563e7789a53fd4b96cd0b38eade39a3cbfe07ba21ab0,"{""distance"":7,""physical_error_rate"":0.0002}","{""detection_events"":631,""detectors_checked"":829440}"
      2048,         0,         0,   0.106,standalone_exact_mw,9d8ad86e51451842b54dafc7680d1b486ef291963bb72c70f3cdd570d2d8fa34,"{""distance"":7,""physical_error_rate"":0.002}","{""detection_events"":12534,""detectors_checked"":1658880}"
      1024,         0,         0,   0.027,standalone_exact_mw,e5383d45c2b34399c539563e7789a53fd4b96cd0b38eade39a3cbfe07ba21ab0,"{""distance"":7,""physical_error_rate"":0.0002}","{""detection_events"":657,""detectors_checked"":829440}"
         1,         0,         0,   0.003,standalone_exact_mw,9d8ad86e51451842b54dafc7680d1b486ef291963bb72c70f3cdd570d2d8fa34,"{""distance"":7,""physical_error_rate"":0.002}","{""detection_events"":12,""detectors_checked"":810}"
      2048,         0,         0,   0.054,standalone_exact_mw,e5383d45c2b34399c539563e7789a53fd4b96cd0b38eade39a3cbfe07ba21ab0,"{""distance"":7,""physical_error_rate"":0.0002}","{""detection_events"":1304,""detectors_checked"":1658880}"
       273,         0,         0,   0.015,standalone_exact_mw,9d8ad86e51451842b54dafc7680d1b486ef291963bb72c70f3cdd570d2d8fa34,"{""distance"":7,""physical_error_rate"":0.002}","{""detection_events"":1585,""detectors_checked"":221130}"
      2048,         0,         0,   0.055,standalone_exact_mw,e5383d45c2b34399c539563e7789a53fd4b96cd0b38eade39a3cbfe07ba21ab0,"{""distance"":7,""physical_error_rate"":0.0002}","{""detection_events"":1319,""detectors_checked"":1658880}"
      1296,         0,         0,   0.069,standalone_exact_mw,9d8ad86e51451842b54dafc7680d1b486ef291963bb72c70f3cdd570d2d8fa34,"{""distance"":7,""physical_error_rate"":0.002}","{""detection_events"":8159,""detectors_checked"":1049760}"
      3072,         0,         0,   0.076,standalone_exact_mw,e5383d45c2b34399c539563e7789a53fd4b96cd0b38eade39a3cbfe07ba21ab0,"{""distance"":7,""physical_error_rate"":0.0002}","{""detection_events"":2030,""detectors_checked"":2488320}"
      2048,         0,         0,   0.094,standalone_exact_mw,9d8ad86e51451842b54dafc7680d1b486ef291963bb72c70f3cdd570d2d8fa34,"{""distance"":7,""physical_error_rate"":0.002}","{""detection_events"":12683,""detectors_checked"":1658880}"
       273,         0,         0,   0.011,standalone_exact_mw,9d8ad86e51451842b54dafc7680d1b486ef291963bb72c70f3cdd570d2d8fa34,"{""distance"":7,""physical_error_rate"":0.002}","{""detection_events"":1619,""detectors_checked"":221130}"
      2048,         0,         0,   0.047,standalone_exact_mw,e5383d45c2b34399c539563e7789a53fd4b96cd0b38eade39a3cbfe07ba21ab0,"{""distance"":7,""physical_error_rate"":0.0002}","{""detection_events"":1293,""detectors_checked"":1658880}"
      1024,         0,         0,   0.053,standalone_exact_mw,9d8ad86e51451842b54dafc7680d1b486ef291963bb72c70f3cdd570d2d8fa34,"{""distance"":7,""physical_error_rate"":0.002}","{""detection_events"":6123,""detectors_checked"":829440}"
      1024,         0,         0,   0.054,standalone_exact_mw,9d8ad86e51451842b54dafc7680d1b486ef291963bb72c70f3cdd570d2d8fa34,"{""distance"":7,""physical_error_rate"":0.002}","{""detection_events"":6440,""detectors_checked"":829440}"
      4096,         0,         0,   0.197,standalone_exact_mw,ba5ada56442ed2ba457be44e3218b165c8a19e21146c9941e841199e65961aae,"{""distance"":7,""physical_error_rate"":0.0005}","{""detection_events"":6593,""detectors_checked"":3317760}"
      1024,         0,         0,   0.054,standalone_exact_mw,9d8ad86e51451842b54dafc7680d1b486ef291963bb72c70f3cdd570d2d8fa34,"{""distance"":7,""physical_error_rate"":0.002}","{""detection_events"":6341,""detectors_checked"":829440}"
      1297,         0,         0,   0.052,standalone_exact_mw,ba5ada56442ed2ba457be44e3218b165c8a19e21146c9941e841199e65961aae,"{""distance"":7,""physical_error_rate"":0.0005}","{""detection_events"":2030,""detectors_checked"":1050570}"
      1024,         0,         0,   0.053,standalone_exact_mw,9d8ad86e51451842b54dafc7680d1b486ef291963bb72c70f3cdd570d2d8fa34,"{""distance"":7,""physical_error_rate"":0.002}","{""detection_events"":6465,""detectors_checked"":829440}"
      1024,         0,         0,   0.053,standalone_exact_mw,9d8ad86e51451842b54dafc7680d1b486ef291963bb72c70f3cdd570d2d8fa34,"{""distance"":7,""physical_error_rate"":0.002}","{""detection_events"":6145,""detectors_checked"":829440}"
      2048,         0,         0,   0.072,standalone_exact_mw,e5383d45c2b34399c539563e7789a53fd4b96cd0b38eade39a3cbfe07ba21ab0,"{""distance"":7,""physical_error_rate"":0.0002}","{""detection_events"":1173,""detectors_checked"":1658880}"
      1024,         0,         0,   0.031,standalone_exact_mw,ba5ada56442ed2ba457be44e3218b165c8a19e21146c9941e841199e65961aae,"{""distance"":7,""physical_error_rate"":0.0005}","{""detection_events"":1609,""detectors_checked"":829440}"
      2048,         0,         0,   0.107,standalone_exact_mw,9d8ad86e51451842b54dafc7680d1b486ef291963bb72c70f3cdd570d2d8fa34,"{""distance"":7,""physical_error_rate"":0.002}","{""detection_events"":12904,""detectors_checked"":1658880}"
      4096,         0,         0,   0.108,standalone_exact_mw,e5383d45c2b34399c539563e7789a53fd4b96cd0b38eade39a3cbfe07ba21ab0,"{""distance"":7,""physical_error_rate"":0.0002}","{""detection_events"":2515,""detectors_checked"":3317760}"
      1024,         0,         0,   0.050,standalone_exact_mw,9d8ad86e51451842b54dafc7680d1b486ef291963bb72c70f3cdd570d2d8fa34,"{""distance"":7,""physical_error_rate"":0.002}","{""detection_events"":6213,""detectors_checked"":829440}"
      1024,         0,         0,   0.030,standalone_exact_mw,ba5ada56442ed2ba457be44e3218b165c8a19e21146c9941e841199e65961aae,"{""distance"":7,""physical_error_rate"":0.0005}","{""detection_events"":1538,""detectors_checked"":829440}"
      1024,         0,         0,   0.041,standalone_exact_mw,9d8ad86e51451842b54dafc7680d1b486ef291963bb72c70f3cdd570d2d8fa34,"{""distance"":7,""physical_error_rate"":0.002}","{""detection_events"":6625,""detectors_checked"":829440}"
      1024,         0,         0,   0.067,standalone_exact_mw,9d8ad86e51451842b54dafc7680d1b486ef291963bb72c70f3cdd570d2d8fa34,"{""distance"":7,""physical_error_rate"":0.002}","{""detection_events"":6445,""detectors_checked"":829440}"
      1024,         0,         0,   0.030,standalone_exact_mw,ba5ada56442ed2ba457be44e3218b165c8a19e21146c9941e841199e65961aae,"{""distance"":7,""physical_error_rate"":0.0005}","{""detection_events"":1623,""detectors_checked"":829440}"
      1024,         0,         0,   0.054,standalone_exact_mw,9d8ad86e51451842b54dafc7680d1b486ef291963bb72c70f3cdd570d2d8fa34,"{""distance"":7,""physical_error_rate"":0.002}","{""detection_events"":6582,""detectors_checked"":829440}"
      1024,         0,         0,   0.053,standalone_exact_mw,9d8ad86e51451842b54dafc7680d1b486ef291963bb72c70f3cdd570d2d8fa34,"{""distance"":7,""physical_error_rate"":0.002}","{""detection_events"":6182,""detectors_checked"":829440}"
      1024,         0,         0,   0.067,standalone_exact_mw,9d8ad86e51451842b54dafc7680d1b486ef291963bb72c70f3cdd570d2d8fa34,"{""distance"":7,""physical_error_rate"":0.002}","{""detection_events"":6447,""detectors_checked"":829440}"
      3072,         0,         0,   0.110,standalone_exact_mw,e5383d45c2b34399c539563e7789a53fd4b96cd0b38eade39a3cbfe07ba21ab0,"{""distance"":7,""physical_error_rate"":0.0002}","{""detection_events"":1865,""detectors_checked"":2488320}"
      1024,         0,         0,   0.044,standalone_exact_mw,ba5ada56442ed2ba457be44e3218b165c8a19e21146c9941e841199e65961aae,"{""distance"":7,""physical_error_rate"":0.0005}","{""detection_events"":1716,""detectors_checked"":829440}"
         1,         0,         0,   0.002,standalone_exact_mw,3bd544bb51e006261b45d3a2c996e28fc0c0449411cee5f7deafcd25d9539ebc,"{""distance"":7,""physical_error_rate"":0.001}","{""detection_events"":5,""detectors_checked"":810}"
      1024,         0,         0,   0.041,standalone_exact_mw,9d8ad86e51451842b54dafc7680d1b486ef291963bb72c70f3cdd570d2d8fa34,"{""distance"":7,""physical_error_rate"":0.002}","{""detection_events"":6376,""detectors_checked"":829440}"
      1024,         0,         0,   0.053,standalone_exact_mw,9d8ad86e51451842b54dafc7680d1b486ef291963bb72c70f3cdd570d2d8fa34,"{""distance"":7,""physical_error_rate"":0.002}","{""detection_events"":6553,""detectors_checked"":829440}"
        17,         0,         0,   0.017,standalone_exact_mw,e5383d45c2b34399c539563e7789a53fd4b96cd0b38eade39a3cbfe07ba21ab0,"{""distance"":7,""physical_error_rate"":0.0002}","{""detection_events"":16,""detectors_checked"":13770}"
      3072,         0,         0,   0.160,standalone_exact_mw,9d8ad86e51451842b54dafc7680d1b486ef291963bb72c70f3cdd570d2d8fa34,"{""distance"":7,""physical_error_rate"":0.002}","{""detection_events"":18851,""detectors_checked"":2488320}"
      2048,         0,         0,   0.061,standalone_exact_mw,ba5ada56442ed2ba457be44e3218b165c8a19e21146c9941e841199e65961aae,"{""distance"":7,""physical_error_rate"":0.0005}","{""detection_events"":3221,""detectors_checked"":1658880}"
      6144,         0,         0,   0.163,standalone_exact_mw,e5383d45c2b34399c539563e7789a53fd4b96cd0b38eade39a3cbfe07ba21ab0,"{""distance"":7,""physical_error_rate"":0.0002}","{""detection_events"":3806,""detectors_checked"":4976640}"
      1296,         0,         0,   0.056,standalone_exact_mw,3bd544bb51e006261b45d3a2c996e28fc0c0449411cee5f7deafcd25d9539ebc,"{""distance"":7,""physical_error_rate"":0.001}","{""detection_events"":4104,""detectors_checked"":1049760}"
      2048,         0,         0,   0.107,standalone_exact_mw,9d8ad86e51451842b54dafc7680d1b486ef291963bb72c70f3cdd570d2d8fa34,"{""distance"":7,""physical_error_rate"":0.002}","{""detection_events"":12623,""detectors_checked"":1658880}"
      1280,         0,         0,   0.025,standalone_exact_mw,e5383d45c2b34399c539563e7789a53fd4b96cd0b38eade39a3cbfe07ba21ab0,"{""distance"":7,""physical_error_rate"":0.0002}","{""detection_events"":759,""detectors_checked"":1036800}"
      2048,         0,         0,   0.081,standalone_exact_mw,9d8ad86e51451842b54dafc7680d1b486ef291963bb72c70f3cdd570d2d8fa34,"{""distance"":7,""physical_error_rate"":0.002}","{""detection_events"":12568,""detectors_checked"":1658880}"
      1024,         0,         0,   0.035,standalone_exact_mw,3bd544bb51e006261b45d3a2c996e28fc0c0449411cee5f7deafcd25d9539ebc,"{""distance"":7,""physical_error_rate"":0.001}","{""detection_events"":3322,""detectors_checked"":829440}"
      1024,         0,         0,   0.033,standalone_exact_mw,e5383d45c2b34399c539563e7789a53fd4b96cd0b38eade39a3cbfe07ba21ab0,"{""distance"":7,""physical_error_rate"":0.0002}","{""detection_events"":674,""detectors_checked"":829440}"
      2048,         0,         0,   0.106,standalone_exact_mw,9d8ad86e51451842b54dafc7680d1b486ef291963bb72c70f3cdd570d2d8fa34,"{""distance"":7,""physical_error_rate"":0.002}","{""detection_events"":12963,""detectors_checked"":1658880}"
      5120,         0,         0,   0.137,standalone_exact_mw,e5383d45c2b34399c539563e7789a53fd4b96cd0b38eade39a3cbfe07ba21ab0,"{""distance"":7,""physical_error_rate"":0.0002}","{""detection_events"":3174,""detectors_checked"":4147200}"
      6144,         0,         0,   0.305,standalone_exact_mw,ba5ada56442ed2ba457be44e3218b165c8a19e21146c9941e841199e65961aae,"{""distance"":7,""physical_error_rate"":0.0005}","{""detection_events"":9685,""detectors_checked"":4976640}"
      2048,         0,         0,   0.081,standalone_exact_mw,ba5ada56442ed2ba457be44e3218b165c8a19e21146c9941e841199e65961aae,"{""distance"":7,""physical_error_rate"":0.0005}","{""detection_events"":3176,""detectors_checked"":1658880}"
      1024,         0,         0,   0.048,standalone_exact_mw,3bd544bb51e006261b45d3a2c996e28fc0c0449411cee5f7deafcd25d9539ebc,"{""distance"":7,""physical_error_rate"":0.001}","{""detection_events"":3254,""detectors_checked"":829440}"
       273,         0,         0,   0.028,standalone_exact_mw,3bd544bb51e006261b45d3a2c996e28fc0c0449411cee5f7deafcd25d9539ebc,"{""distance"":7,""physical_error_rate"":0.001}","{""detection_events"":888,""detectors_checked"":221130}"
      3072,         0,         0,   0.082,standalone_exact_mw,9d8ad86e51451842b54dafc7680d1b486ef291963bb72c70f3cdd570d2d8fa34,"{""distance"":7,""physical_error_rate"":0.002}","{""detection_events"":18940,""detectors_checked"":2488320}"
      1024,         0,         0,   0.051,standalone_exact_mw,e5383d45c2b34399c539563e7789a53fd4b96cd0b38eade39a3cbfe07ba21ab0,"{""distance"":7,""physical_error_rate"":0.0002}","{""detection_events"":621,""detectors_checked"":829440}"
      1024,         0,         0,   0.049,standalone_exact_mw,3bd544bb51e006261b45d3a2c996e28fc0c0449411cee5f7deafcd25d9539ebc,"{""distance"":7,""physical_error_rate"":0.001}","{""detection_events"":3175,""detectors_checked"":829440}"
      1024,         0,         0,   0.058,standalone_exact_mw,3bd544bb51e006261b45d3a2c996e28fc0c0449411cee5f7deafcd25d9539ebc,"{""distance"":7,""physical_error_rate"":0.001}","{""detection_events"":3081,""detectors_checked"":829440}"
      2048,         0,         0,   0.106,standalone_exact_mw,9d8ad86e51451842b54dafc7680d1b486ef291963bb72c70f3cdd570d2d8fa34,"{""distance"":7,""physical_error_rate"":0.002}","{""detection_events"":12741,""detectors_checked"":1658880}"
      3072,         0,         0,   0.161,standalone_exact_mw,9d8ad86e51451842b54dafc7680d1b486ef291963bb72c70f3cdd570d2d8fa34,"{""distance"":7,""physical_error_rate"":0.002}","{""detection_events"":19155,""detectors_checked"":2488320}"
      2048,         0,         0,   0.107,standalone_exact_mw,ba5ada56442ed2ba457be44e3218b165c8a19e21146c9941e841199e65961aae,"{""distance"":7,""physical_error_rate"":0.0005}","{""detection_events"":3061,""detectors_checked"":1658880}"
      2048,         0,         0,   0.083,standalone_exact_mw,e5383d45c2b34399c539563e7789a53fd4b96cd0b38eade39a3cbfe07ba21ab0,"{""distance"":7,""physical_error_rate"":0.0002}","{""detection_events"":1261,""detectors_checked"":1658880}"
      1024,         0,         0,   0.058,standalone_exact_mw,3bd544bb51e006261b45d3a2c996e28fc0c0449411cee5f7deafcd25d9539ebc,"{""distance"":7,""physical_error_rate"":0.001}","{""detection_events"":3168,""detectors_checked"":829440}"
      8192,         0,         0,   0.216,standalone_exact_mw,e5383d45c2b34399c539563e7789a53fd4b96cd0b38eade39a3cbfe07ba21ab0,"{""distance"":7,""physical_error_rate"":0.0002}","{""detection_events"":5004,""detectors_checked"":6635520}"
      1024,         0,         0,   0.076,standalone_exact_mw,3bd544bb51e006261b45d3a2c996e28fc0c0449411cee5f7deafcd25d9539ebc,"{""distance"":7,""physical_error_rate"":0.001}","{""detection_events"":3253,""detectors_checked"":829440}"
      4096,         0,         0,   0.110,standalone_exact_mw,9d8ad86e51451842b54dafc7680d1b486ef291963bb72c70f3cdd570d2d8fa34,"{""distance"":7,""physical_error_rate"":0.002}","{""detection_events"":25573,""detectors_checked"":3317760}"
      3072,         0,         0,   0.235,standalone_exact_mw,9d8ad86e51451842b54dafc7680d1b486ef291963bb72c70f3cdd570d2d8fa34,"{""distance"":7,""physical_error_rate"":0.002}","{""detection_events"":18982,""detectors_checked"":2488320}"
      2048,         0,         0,   0.073,standalone_exact_mw,e5383d45c2b34399c539563e7789a53fd4b96cd0b38eade39a3cbfe07ba21ab0,"{""distance"":7,""physical_error_rate"":0.0002}","{""detection_events"":1226,""detectors_checked"":1658880}"
      7168,         0,         0,   0.208,standalone_exact_mw,e5383d45c2b34399c539563e7789a53fd4b96cd0b38eade39a3cbfe07ba21ab0,"{""distance"":7,""physical_error_rate"":0.0002}","{""detection_events"":4404,""detectors_checked"":5806080}"
      1024,         0,         0,   0.076,standalone_exact_mw,3bd544bb51e006261b45d3a2c996e28fc0c0449411cee5f7deafcd25d9539ebc,"{""distance"":7,""physical_error_rate"":0.001}","{""detection_events"":3290,""detectors_checked"":829440}"
      1024,         0,         0,   0.058,standalone_exact_mw,3bd544bb51e006261b45d3a2c996e28fc0c0449411cee5f7deafcd25d9539ebc,"{""distance"":7,""physical_error_rate"":0.001}","{""detection_events"":3078,""detectors_checked"":829440}"
      3072,         0,         0,   0.159,standalone_exact_mw,9d8ad86e51451842b54dafc7680d1b486ef291963bb72c70f3cdd570d2d8fa34,"{""distance"":7,""physical_error_rate"":0.002}","{""detection_events"":18603,""detectors_checked"":2488320}"
      3072,         0,         0,   0.082,standalone_exact_mw,e5383d45c2b34399c539563e7789a53fd4b96cd0b38eade39a3cbfe07ba21ab0,"{""distance"":7,""physical_error_rate"":0.0002}","{""detection_events"":1907,""detectors_checked"":2488320}"
      3072,         0,         0,   0.162,standalone_exact_mw,ba5ada56442ed2ba457be44e3218b165c8a19e21146c9941e841199e65961aae,"{""distance"":7,""physical_error_rate"":0.0005}","{""detection_events"":4919,""detectors_checked"":2488320}"
      3072,         0,         0,   0.171,standalone_exact_mw,9d8ad86e51451842b54dafc7680d1b486ef291963bb72c70f3cdd570d2d8fa34,"{""distance"":7,""physical_error_rate"":0.002}","{""detection_events"":19149,""detectors_checked"":2488320}"
      1024,         0,         0,   0.057,standalone_exact_mw,3bd544bb51e006261b45d3a2c996e28fc0c0449411cee5f7deafcd25d9539ebc,"{""distance"":7,""physical_error_rate"":0.001}","{""detection_events"":3115,""detectors_checked"":829440}"
         1,         0,         0,   0.002,standalone_exact_mw,3bd544bb51e006261b45d3a2c996e28fc0c0449411cee5f7deafcd25d9539ebc,"{""distance"":7,""physical_error_rate"":0.001}","{""detection_events"":2,""detectors_checked"":810}"
      3072,         0,         0,   0.161,standalone_exact_mw,9d8ad86e51451842b54dafc7680d1b486ef291963bb72c70f3cdd570d2d8fa34,"{""distance"":7,""physical_error_rate"":0.002}","{""detection_events"":19047,""detectors_checked"":2488320}"
      2048,         0,         0,   0.122,standalone_exact_mw,3bd544bb51e006261b45d3a2c996e28fc0c0449411cee5f7deafcd25d9539ebc,"{""distance"":7,""physical_error_rate"":0.001}","{""detection_events"":6582,""detectors_checked"":1658880}"
      1024,         0,         0,   0.076,standalone_exact_mw,3bd544bb51e006261b45d3a2c996e28fc0c0449411cee5f7deafcd25d9539ebc,"{""distance"":7,""physical_error_rate"":0.001}","{""detection_events"":3233,""detectors_checked"":829440}"
      1296,         0,         0,   0.075,standalone_exact_mw,3bd544bb51e006261b45d3a2c996e28fc0c0449411cee5f7deafcd25d9539ebc,"{""distance"":7,""physical_error_rate"":0.001}","{""detection_events"":4101,""detectors_checked"":1049760}"
      4096,         0,         0,   0.123,standalone_exact_mw,e5383d45c2b34399c539563e7789a53fd4b96cd0b38eade39a3cbfe07ba21ab0,"{""distance"":7,""physical_error_rate"":0.0002}","{""detection_events"":2585,""detectors_checked"":3317760}"
      8192,         0,         0,   0.430,standalone_exact_mw,ba5ada56442ed2ba457be44e3218b165c8a19e21146c9941e841199e65961aae,"{""distance"":7,""physical_error_rate"":0.0005}","{""detection_events"":12720,""detectors_checked"":6635520}"
     11264,         0,         0,   0.298,standalone_exact_mw,e5383d45c2b34399c539563e7789a53fd4b96cd0b38eade39a3cbfe07ba21ab0,"{""distance"":7,""physical_error_rate"":0.0002}","{""detection_events"":7098,""detectors_checked"":9123840}"
         1,         0,         0,   0.019,standalone_exact_mw,3bd544bb51e006261b45d3a2c996e28fc0c0449411cee5f7deafcd25d9539ebc,"{""distance"":7,""physical_error_rate"":0.001}","{""detectors_checked"":810}"
      4096,         0,         0,   0.292,standalone_exact_mw,9d8ad86e51451842b54dafc7680d1b486ef291963bb72c70f3cdd570d2d8fa34,"{""distance"":7,""physical_error_rate"":0.002}","{""detection_events"":25495,""detectors_checked"":3317760}"
      4096,         0,         0,   0.220,standalone_exact_mw,9d8ad86e51451842b54dafc7680d1b486ef291963bb72c70f3cdd570d2d8fa34,"{""distance"":7,""physical_error_rate"":0.002}","{""detection_events"":25456,""detectors_checked"":3317760}"
      1024,         0,         0,   0.079,standalone_exact_mw,3bd544bb51e006261b45d3a2c996e28fc0c0449411cee5f7deafcd25d9539ebc,"{""distance"":7,""physical_error_rate"":0.001}","{""detection_events"":3252,""detectors_checked"":829440}"
      4096,         0,         0,   0.209,standalone_exact_mw,ba5ada56442ed2ba457be44e3218b165c8a19e21146c9941e841199e65961aae,"{""distance"":7,""physical_error_rate"":0.0005}","{""detection_events"":6523,""detectors_checked"":3317760}"
       272,         0,         0,   0.019,standalone_exact_mw,3bd544bb51e006261b45d3a2c996e28fc0c0449411cee5f7deafcd25d9539ebc,"{""distance"":7,""physical_error_rate"":0.001}","{""detection_events"":918,""detectors_checked"":220320}"
      4096,         0,         0,   0.214,standalone_exact_mw,9d8ad86e51451842b54dafc7680d1b486ef291963bb72c70f3cdd570d2d8fa34,"{""distance"":7,""physical_error_rate"":0.002}","{""detection_events"":25960,""detectors_checked"":3317760}"
      2048,         0,         0,   0.134,standalone_exact_mw,3bd544bb51e006261b45d3a2c996e28fc0c0449411cee5f7deafcd25d9539ebc,"{""distance"":7,""physical_error_rate"":0.001}","{""detection_events"":6585,""detectors_checked"":1658880}"
     11264,         0,         0,   0.312,standalone_exact_mw,e5383d45c2b34399c539563e7789a53fd4b96cd0b38eade39a3cbfe07ba21ab0,"{""distance"":7,""physical_error_rate"":0.0002}","{""detection_events"":7082,""detectors_checked"":9123840}"
      4096,         0,         0,   0.165,standalone_exact_mw,3bd544bb51e006261b45d3a2c996e28fc0c0449411cee5f7deafcd25d9539ebc,"{""distance"":7,""physical_error_rate"":0.001}","{""detection_events"":12773,""detectors_checked"":3317760}"
      1024,         0,         0,   0.035,standalone_exact_mw,3bd544bb51e006261b45d3a2c996e28fc0c0449411cee5f7deafcd25d9539ebc,"{""distance"":7,""physical_error_rate"":0.001}","{""detection_events"":3061,""detectors_checked"":829440}"
      4096,         0,         0,   0.215,standalone_exact_mw,9d8ad86e51451842b54dafc7680d1b486ef291963bb72c70f3cdd570d2d8fa34,"{""distance"":7,""physical_error_rate"":0.002}","{""detection_events"":25504,""detectors_checked"":3317760}"
      6144,         0,         0,   0.153,standalone_exact_mw,e5383d45c2b34399c539563e7789a53fd4b96cd0b38eade39a3cbfe07ba21ab0,"{""distance"":7,""physical_error_rate"":0.0002}","{""detection_events"":3951,""detectors_checked"":4976640}"
      1024,         0,         0,   0.035,standalone_exact_mw,3bd544bb51e006261b45d3a2c996e28fc0c0449411cee5f7deafcd25d9539ebc,"{""distance"":7,""physical_error_rate"":0.001}","{""detection_events"":3211,""detectors_checked"":829440}"
      1024,         0,         0,   0.099,standalone_exact_mw,3bd544bb51e006261b45d3a2c996e28fc0c0449411cee5f7deafcd25d9539ebc,"{""distance"":7,""physical_error_rate"":0.001}","{""detection_events"":3241,""detectors_checked"":829440}"
      2048,         0,         0,   0.106,standalone_exact_mw,3bd544bb51e006261b45d3a2c996e28fc0c0449411cee5f7deafcd25d9539ebc,"{""distance"":7,""physical_error_rate"":0.001}","{""detection_events"":6345,""detectors_checked"":1658880}"
      1024,         0,         0,   0.046,standalone_exact_mw,3bd544bb51e006261b45d3a2c996e28fc0c0449411cee5f7deafcd25d9539ebc,"{""distance"":7,""physical_error_rate"":0.001}","{""detection_events"":3239,""detectors_checked"":829440}"
      1024,         0,         0,   0.103,standalone_exact_mw,3bd544bb51e006261b45d3a2c996e28fc0c0449411cee5f7deafcd25d9539ebc,"{""distance"":7,""physical_error_rate"":0.001}","{""detection_events"":3110,""detectors_checked"":829440}"
      1024,         0,         0,   0.050,standalone_exact_mw,3bd544bb51e006261b45d3a2c996e28fc0c0449411cee5f7deafcd25d9539ebc,"{""distance"":7,""physical_error_rate"":0.001}","{""detection_events"":3108,""detectors_checked"":829440}"
      5120,         0,         0,   0.214,standalone_exact_mw,3bd544bb51e006261b45d3a2c996e28fc0c0449411cee5f7deafcd25d9539ebc,"{""distance"":7,""physical_error_rate"":0.001}","{""detection_events"":16170,""detectors_checked"":4147200}"
      7168,         0,         0,   0.215,standalone_exact_mw,e5383d45c2b34399c539563e7789a53fd4b96cd0b38eade39a3cbfe07ba21ab0,"{""distance"":7,""physical_error_rate"":0.0002}","{""detection_events"":4566,""detectors_checked"":5806080}"
      6144,         0,         0,   0.315,standalone_exact_mw,9d8ad86e51451842b54dafc7680d1b486ef291963bb72c70f3cdd570d2d8fa34,"{""distance"":7,""physical_error_rate"":0.002}","{""detection_events"":38228,""detectors_checked"":4976640}"
      7168,         0,         0,   0.318,standalone_exact_mw,ba5ada56442ed2ba457be44e3218b165c8a19e21146c9941e841199e65961aae,"{""distance"":7,""physical_error_rate"":0.0005}","{""detection_events"":11135,""detectors_checked"":5806080}"
      3072,         0,         0,   0.184,standalone_exact_mw,3bd544bb51e006261b45d3a2c996e28fc0c0449411cee5f7deafcd25d9539ebc,"{""distance"":7,""physical_error_rate"":0.001}","{""detection_events"":9469,""detectors_checked"":2488320}"
      4096,         0,         0,   0.319,standalone_exact_mw,9d8ad86e51451842b54dafc7680d1b486ef291963bb72c70f3cdd570d2d8fa34,"{""distance"":7,""physical_error_rate"":0.002}","{""detection_events"":25347,""detectors_checked"":3317760}"
      1024,         0,         0,   0.139,standalone_exact_mw,3bd544bb51e006261b45d3a2c996e28fc0c0449411cee5f7deafcd25d9539ebc,"{""distance"":7,""physical_error_rate"":0.001}","{""detection_events"":3247,""detectors_checked"":829440}"
      1024,         0,         0,   0.153,standalone_exact_mw,3bd544bb51e006261b45d3a2c996e28fc0c0449411cee5f7deafcd25d9539ebc,"{""distance"":7,""physical_error_rate"":0.001}","{""detection_events"":3167,""detectors_checked"":829440}"
      6144,         0,         0,   0.309,standalone_exact_mw,9d8ad86e51451842b54dafc7680d1b486ef291963bb72c70f3cdd570d2d8fa34,"{""distance"":7,""physical_error_rate"":0.002}","{""detection_events"":38578,""detectors_checked"":4976640}"
      8192,         0,         0,   0.444,standalone_exact_mw,9d8ad86e51451842b54dafc7680d1b486ef291963bb72c70f3cdd570d2d8fa34,"{""distance"":7,""physical_error_rate"":0.002}","{""detection_events"":50856,""detectors_checked"":6635520}"
     15360,         0,         0,   0.408,standalone_exact_mw,e5383d45c2b34399c539563e7789a53fd4b96cd0b38eade39a3cbfe07ba21ab0,"{""distance"":7,""physical_error_rate"":0.0002}","{""detection_events"":9573,""detectors_checked"":12441600}"
      6144,         0,         0,   0.446,standalone_exact_mw,e5383d45c2b34399c539563e7789a53fd4b96cd0b38eade39a3cbfe07ba21ab0,"{""distance"":7,""physical_error_rate"":0.0002}","{""detection_events"":3888,""detectors_checked"":4976640}"
      1024,         0,         0,   0.138,standalone_exact_mw,3bd544bb51e006261b45d3a2c996e28fc0c0449411cee5f7deafcd25d9539ebc,"{""distance"":7,""physical_error_rate"":0.001}","{""detection_events"":3134,""detectors_checked"":829440}"
      1024,         0,         0,   0.143,standalone_exact_mw,3bd544bb51e006261b45d3a2c996e28fc0c0449411cee5f7deafcd25d9539ebc,"{""distance"":7,""physical_error_rate"":0.001}","{""detection_events"":3098,""detectors_checked"":829440}"
     10240,         0,         0,   0.578,standalone_exact_mw,ba5ada56442ed2ba457be44e3218b165c8a19e21146c9941e841199e65961aae,"{""distance"":7,""physical_error_rate"":0.0005}","{""detection_events"":16067,""detectors_checked"":8294400}"
      3072,         0,         0,   0.211,standalone_exact_mw,3bd544bb51e006261b45d3a2c996e28fc0c0449411cee5f7deafcd25d9539ebc,"{""distance"":7,""physical_error_rate"":0.001}","{""detection_events"":9613,""detectors_checked"":2488320}"
      7168,         0,         0,   0.294,standalone_exact_mw,3bd544bb51e006261b45d3a2c996e28fc0c0449411cee5f7deafcd25d9539ebc,"{""distance"":7,""physical_error_rate"":0.001}","{""detection_events"":22315,""detectors_checked"":5806080}"
     10240,         0,         0,   0.289,standalone_exact_mw,e5383d45c2b34399c539563e7789a53fd4b96cd0b38eade39a3cbfe07ba21ab0,"{""distance"":7,""physical_error_rate"":0.0002}","{""detection_events"":6525,""detectors_checked"":8294400}"
      1024,         0,         0,   0.145,standalone_exact_mw,3bd544bb51e006261b45d3a2c996e28fc0c0449411cee5f7deafcd25d9539ebc,"{""distance"":7,""physical_error_rate"":0.001}","{""detection_events"":3211,""detectors_checked"":829440}"
      8192,         0,         0,   0.437,standalone_exact_mw,9d8ad86e51451842b54dafc7680d1b486ef291963bb72c70f3cdd570d2d8fa34,"{""distance"":7,""physical_error_rate"":0.002}","{""detection_events"":50891,""detectors_checked"":6635520}"
      9216,         0,         0,   0.438,standalone_exact_mw,ba5ada56442ed2ba457be44e3218b165c8a19e21146c9941e841199e65961aae,"{""distance"":7,""physical_error_rate"":0.0005}","{""detection_events"":14722,""detectors_checked"":7464960}"
      5120,         0,         0,   0.409,standalone_exact_mw,9d8ad86e51451842b54dafc7680d1b486ef291963bb72c70f3cdd570d2d8fa34,"{""distance"":7,""physical_error_rate"":0.002}","{""detection_events"":31731,""detectors_checked"":4147200}"
      2048,         0,         0,   0.298,standalone_exact_mw,3bd544bb51e006261b45d3a2c996e28fc0c0449411cee5f7deafcd25d9539ebc,"{""distance"":7,""physical_error_rate"":0.001}","{""detection_events"":6367,""detectors_checked"":1658880}"
   1224704,         0,         0,   119.8,standalone_exact_mw,9d8ad86e51451842b54dafc7680d1b486ef291963bb72c70f3cdd570d2d8fa34,"{""distance"":7,""physical_error_rate"":0.002}","{""detection_events"":7614078,""detectors_checked"":992010240}"
      8192,         0,         0,   0.456,standalone_exact_mw,9d8ad86e51451842b54dafc7680d1b486ef291963bb72c70f3cdd570d2d8fa34,"{""distance"":7,""physical_error_rate"":0.002}","{""detection_events"":51381,""detectors_checked"":6635520}"
      5120,         0,         0,   0.324,standalone_exact_mw,3bd544bb51e006261b45d3a2c996e28fc0c0449411cee5f7deafcd25d9539ebc,"{""distance"":7,""physical_error_rate"":0.001}","{""detection_events"":15759,""detectors_checked"":4147200}"
         1,         0,         0,   0.001,standalone_exact_mw,e5383d45c2b34399c539563e7789a53fd4b96cd0b38eade39a3cbfe07ba21ab0,"{""distance"":7,""physical_error_rate"":0.0002}","{""detectors_checked"":810}"
      1296,         0,         0,   0.034,standalone_exact_mw,e5383d45c2b34399c539563e7789a53fd4b96cd0b38eade39a3cbfe07ba21ab0,"{""distance"":7,""physical_error_rate"":0.0002}","{""detection_events"":797,""detectors_checked"":1049760}"
   3058688,         0,         0,   119.6,standalone_exact_mw,ba5ada56442ed2ba457be44e3218b165c8a19e21146c9941e841199e65961aae,"{""distance"":7,""physical_error_rate"":0.0005}","{""detection_events"":4794797,""detectors_checked"":2477537280}"
      9216,         0,         0,   0.393,standalone_exact_mw,3bd544bb51e006261b45d3a2c996e28fc0c0449411cee5f7deafcd25d9539ebc,"{""distance"":7,""physical_error_rate"":0.001}","{""detection_events"":28520,""detectors_checked"":7464960}"
      2048,         0,         0,   0.333,standalone_exact_mw,3bd544bb51e006261b45d3a2c996e28fc0c0449411cee5f7deafcd25d9539ebc,"{""distance"":7,""physical_error_rate"":0.001}","{""detection_events"":6534,""detectors_checked"":1658880}"
      1024,         0,         0,   0.027,standalone_exact_mw,e5383d45c2b34399c539563e7789a53fd4b96cd0b38eade39a3cbfe07ba21ab0,"{""distance"":7,""physical_error_rate"":0.0002}","{""detection_events"":648,""detectors_checked"":829440}"
     13312,         0,         0,   0.547,standalone_exact_mw,e5383d45c2b34399c539563e7789a53fd4b96cd0b38eade39a3cbfe07ba21ab0,"{""distance"":7,""physical_error_rate"":0.0002}","{""detection_events"":8510,""detectors_checked"":10782720}"
     15360,         0,         0,   0.415,standalone_exact_mw,e5383d45c2b34399c539563e7789a53fd4b96cd0b38eade39a3cbfe07ba21ab0,"{""distance"":7,""physical_error_rate"":0.0002}","{""detection_events"":9859,""detectors_checked"":12441600}"
     11264,         0,         0,   0.598,standalone_exact_mw,9d8ad86e51451842b54dafc7680d1b486ef291963bb72c70f3cdd570d2d8fa34,"{""distance"":7,""physical_error_rate"":0.002}","{""detection_events"":69364,""detectors_checked"":9123840}"
      2048,         0,         0,   0.054,standalone_exact_mw,e5383d45c2b34399c539563e7789a53fd4b96cd0b38eade39a3cbfe07ba21ab0,"{""distance"":7,""physical_error_rate"":0.0002}","{""detection_events"":1269,""detectors_checked"":1658880}"
     14336,         0,         0,   0.598,standalone_exact_mw,e5383d45c2b34399c539563e7789a53fd4b96cd0b38eade39a3cbfe07ba21ab0,"{""distance"":7,""physical_error_rate"":0.0002}","{""detection_events"":8919,""detectors_checked"":11612160}"
      2048,         0,         0,   0.302,standalone_exact_mw,3bd544bb51e006261b45d3a2c996e28fc0c0449411cee5f7deafcd25d9539ebc,"{""distance"":7,""physical_error_rate"":0.001}","{""detection_events"":6533,""detectors_checked"":1658880}"
      2048,         0,         0,   0.054,standalone_exact_mw,e5383d45c2b34399c539563e7789a53fd4b96cd0b38eade39a3cbfe07ba21ab0,"{""distance"":7,""physical_error_rate"":0.0002}","{""detection_events"":1304,""detectors_checked"":1658880}"
      2048,         0,         0,   0.054,standalone_exact_mw,e5383d45c2b34399c539563e7789a53fd4b96cd0b38eade39a3cbfe07ba21ab0,"{""distance"":7,""physical_error_rate"":0.0002}","{""detection_events"":1390,""detectors_checked"":1658880}"
        17,         0,         0,   0.032,standalone_exact_mw,ba5ada56442ed2ba457be44e3218b165c8a19e21146c9941e841199e65961aae,"{""distance"":7,""physical_error_rate"":0.0005}","{""detection_events"":27,""detectors_checked"":13770}"
       256,         0,         0,   0.033,standalone_exact_mw,ba5ada56442ed2ba457be44e3218b165c8a19e21146c9941e841199e65961aae,"{""distance"":7,""physical_error_rate"":0.0005}","{""detection_events"":399,""detectors_checked"":207360}"
      3072,         0,         0,   0.082,standalone_exact_mw,e5383d45c2b34399c539563e7789a53fd4b96cd0b38eade39a3cbfe07ba21ab0,"{""distance"":7,""physical_error_rate"":0.0002}","{""detection_events"":1968,""detectors_checked"":2488320}"
      1024,         0,         0,   0.135,standalone_exact_mw,ba5ada56442ed2ba457be44e3218b165c8a19e21146c9941e841199e65961aae,"{""distance"":7,""physical_error_rate"":0.0005}","{""detection_events"":1482,""detectors_checked"":829440}"
      7168,         0,         0,   0.457,standalone_exact_mw,3bd544bb51e006261b45d3a2c996e28fc0c0449411cee5f7deafcd25d9539ebc,"{""distance"":7,""physical_error_rate"":0.001}","{""detection_events"":22309,""detectors_checked"":5806080}"
     11264,         0,         0,   0.572,standalone_exact_mw,ba5ada56442ed2ba457be44e3218b165c8a19e21146c9941e841199e65961aae,"{""distance"":7,""physical_error_rate"":0.0005}","{""detection_events"":17652,""detectors_checked"":9123840}"
      2048,         0,         0,   0.383,standalone_exact_mw,3bd544bb51e006261b45d3a2c996e28fc0c0449411cee5f7deafcd25d9539ebc,"{""distance"":7,""physical_error_rate"":0.001}","{""detection_events"":6413,""detectors_checked"":1658880}"
      4096,         0,         0,   0.111,standalone_exact_mw,e5383d45c2b34399c539563e7789a53fd4b96cd0b38eade39a3cbfe07ba21ab0,"{""distance"":7,""physical_error_rate"":0.0002}","{""detection_events"":2513,""detectors_checked"":3317760}"
     16384,         0,         0,   0.782,standalone_exact_mw,ba5ada56442ed2ba457be44e3218b165c8a19e21146c9941e841199e65961aae,"{""distance"":7,""physical_error_rate"":0.0005}","{""detection_events"":25759,""detectors_checked"":13271040}"
      3072,         0,         0,   0.612,standalone_exact_mw,9d8ad86e51451842b54dafc7680d1b486ef291963bb72c70f3cdd570d2d8fa34,"{""distance"":7,""physical_error_rate"":0.002}","{""detection_events"":18936,""detectors_checked"":2488320}"
      5120,         0,         0,   0.343,standalone_exact_mw,3bd544bb51e006261b45d3a2c996e28fc0c0449411cee5f7deafcd25d9539ebc,"{""distance"":7,""physical_error_rate"":0.001}","{""detection_events"":15513,""detectors_checked"":4147200}"
      7168,         0,         0,   0.677,standalone_exact_mw,9d8ad86e51451842b54dafc7680d1b486ef291963bb72c70f3cdd570d2d8fa34,"{""distance"":7,""physical_error_rate"":0.002}","{""detection_events"":45071,""detectors_checked"":5806080}"
     11264,         0,         0,   0.603,standalone_exact_mw,9d8ad86e51451842b54dafc7680d1b486ef291963bb72c70f3cdd570d2d8fa34,"{""distance"":7,""physical_error_rate"":0.002}","{""detection_events"":69762,""detectors_checked"":9123840}"
      1024,         0,         0,   0.134,standalone_exact_mw,ba5ada56442ed2ba457be44e3218b165c8a19e21146c9941e841199e65961aae,"{""distance"":7,""physical_error_rate"":0.0005}","{""detection_events"":1535,""detectors_checked"":829440}"
      6144,         0,         0,   0.152,standalone_exact_mw,e5383d45c2b34399c539563e7789a53fd4b96cd0b38eade39a3cbfe07ba21ab0,"{""distance"":7,""physical_error_rate"":0.0002}","{""detection_events"":3881,""detectors_checked"":4976640}"
         1,         0,         0,   0.020,standalone_exact_mw,3bd544bb51e006261b45d3a2c996e28fc0c0449411cee5f7deafcd25d9539ebc,"{""distance"":7,""physical_error_rate"":0.001}","{""detection_events"":6,""detectors_checked"":810}"
        16,         0,         0,   0.002,standalone_exact_mw,3bd544bb51e006261b45d3a2c996e28fc0c0449411cee5f7deafcd25d9539ebc,"{""distance"":7,""physical_error_rate"":0.001}","{""detection_events"":64,""detectors_checked"":12960}"
     13312,         0,         0,   0.562,standalone_exact_mw,3bd544bb51e006261b45d3a2c996e28fc0c0449411cee5f7deafcd25d9539ebc,"{""distance"":7,""physical_error_rate"":0.001}","{""detection_events"":41316,""detectors_checked"":10782720}"
        17,         0,         0,   0.024,standalone_exact_mw,9d8ad86e51451842b54dafc7680d1b486ef291963bb72c70f3cdd570d2d8fa34,"{""distance"":7,""physical_error_rate"":0.002}","{""detection_events"":90,""detectors_checked"":13770}"
     20480,         0,         0,   0.570,standalone_exact_mw,e5383d45c2b34399c539563e7789a53fd4b96cd0b38eade39a3cbfe07ba21ab0,"{""distance"":7,""physical_error_rate"":0.0002}","{""detection_events"":12709,""detectors_checked"":16588800}"
      1280,         0,         0,   0.083,standalone_exact_mw,3bd544bb51e006261b45d3a2c996e28fc0c0449411cee5f7deafcd25d9539ebc,"{""distance"":7,""physical_error_rate"":0.001}","{""detection_events"":4051,""detectors_checked"":1036800}"
       256,         0,         0,   0.048,standalone_exact_mw,9d8ad86e51451842b54dafc7680d1b486ef291963bb72c70f3cdd570d2d8fa34,"{""distance"":7,""physical_error_rate"":0.002}","{""detection_events"":1613,""detectors_checked"":207360}"
      1024,         0,         0,   0.202,standalone_exact_mw,ba5ada56442ed2ba457be44e3218b165c8a19e21146c9941e841199e65961aae,"{""distance"":7,""physical_error_rate"":0.0005}","{""detection_events"":1609,""detectors_checked"":829440}"
      1024,         0,         0,   0.075,standalone_exact_mw,3bd544bb51e006261b45d3a2c996e28fc0c0449411cee5f7deafcd25d9539ebc,"{""distance"":7,""physical_error_rate"":0.001}","{""detection_events"":3089,""detectors_checked"":829440}"
      1024,         0,         0,   0.100,standalone_exact_mw,9d8ad86e51451842b54dafc7680d1b486ef291963bb72c70f3cdd570d2d8fa34,"{""distance"":7,""physical_error_rate"":0.002}","{""detection_events"":6396,""detectors_checked"":829440}"
      5120,         0,         0,   0.205,standalone_exact_mw,e5383d45c2b34399c539563e7789a53fd4b96cd0b38eade39a3cbfe07ba21ab0,"{""distance"":7,""physical_error_rate"":0.0002}","{""detection_events"":3236,""detectors_checked"":4147200}"
      2048,         0,         0,   0.398,standalone_exact_mw,3bd544bb51e006261b45d3a2c996e28fc0c0449411cee5f7deafcd25d9539ebc,"{""distance"":7,""physical_error_rate"":0.001}","{""detection_events"":6333,""detectors_checked"":1658880}"
      1024,         0,         0,   0.060,standalone_exact_mw,3bd544bb51e006261b45d3a2c996e28fc0c0449411cee5f7deafcd25d9539ebc,"{""distance"":7,""physical_error_rate"":0.001}","{""detection_events"":3266,""detectors_checked"":829440}"
      1024,         0,         0,   0.093,standalone_exact_mw,ba5ada56442ed2ba457be44e3218b165c8a19e21146c9941e841199e65961aae,"{""distance"":7,""physical_error_rate"":0.0005}","{""detection_events"":1577,""detectors_checked"":829440}"
      1024,         0,         0,   0.062,standalone_exact_mw,9d8ad86e51451842b54dafc7680d1b486ef291963bb72c70f3cdd570d2d8fa34,"{""distance"":7,""physical_error_rate"":0.002}","{""detection_events"":6121,""detectors_checked"":829440}"
     24576,         0,         0,   0.809,standalone_exact_mw,e5383d45c2b34399c539563e7789a53fd4b96cd0b38eade39a3cbfe07ba21ab0,"{""distance"":7,""physical_error_rate"":0.0002}","{""detection_events"":15500,""detectors_checked"":19906560}"
      1024,         0,         0,   0.057,standalone_exact_mw,3bd544bb51e006261b45d3a2c996e28fc0c0449411cee5f7deafcd25d9539ebc,"{""distance"":7,""physical_error_rate"":0.001}","{""detection_events"":3217,""detectors_checked"":829440}"
     15360,         0,         0,   0.814,standalone_exact_mw,9d8ad86e51451842b54dafc7680d1b486ef291963bb72c70f3cdd570d2d8fa34,"{""distance"":7,""physical_error_rate"":0.002}","{""detection_events"":95093,""detectors_checked"":12441600}"
      1024,         0,         0,   0.054,standalone_exact_mw,9d8ad86e51451842b54dafc7680d1b486ef291963bb72c70f3cdd570d2d8fa34,"{""distance"":7,""physical_error_rate"":0.002}","{""detection_events"":6397,""detectors_checked"":829440}"
     24576,         0,         0,   0.810,standalone_exact_mw,e5383d45c2b34399c539563e7789a53fd4b96cd0b38eade39a3cbfe07ba21ab0,"{""distance"":7,""physical_error_rate"":0.0002}","{""detection_events"":15341,""detectors_checked"":19906560}"
      6144,         0,         0,   0.440,standalone_exact_mw,3bd544bb51e006261b45d3a2c996e28fc0c0449411cee5f7deafcd25d9539ebc,"{""distance"":7,""physical_error_rate"":0.001}","{""detection_events"":18952,""detectors_checked"":4976640}"
      1024,         0,         0,   0.062,standalone_exact_mw,ba5ada56442ed2ba457be44e3218b165c8a19e21146c9941e841199e65961aae,"{""distance"":7,""physical_error_rate"":0.0005}","{""detection_events"":1674,""detectors_checked"":829440}"
        17,         0,         0,   0.024,standalone_exact_mw,ba5ada56442ed2ba457be44e3218b165c8a19e21146c9941e841199e65961aae,"{""distance"":7,""physical_error_rate"":0.0005}","{""detection_events"":18,""detectors_checked"":13770}"
       256,         0,         0,   0.025,standalone_exact_mw,ba5ada56442ed2ba457be44e3218b165c8a19e21146c9941e841199e65961aae,"{""distance"":7,""physical_error_rate"":0.0005}","{""detection_events"":388,""detectors_checked"":207360}"
      9216,         0,         0,   0.565,standalone_exact_mw,3bd544bb51e006261b45d3a2c996e28fc0c0449411cee5f7deafcd25d9539ebc,"{""distance"":7,""physical_error_rate"":0.001}","{""detection_events"":28480,""detectors_checked"":7464960}"
      1024,         0,         0,   0.072,standalone_exact_mw,9d8ad86e51451842b54dafc7680d1b486ef291963bb72c70f3cdd570d2d8fa34,"{""distance"":7,""physical_error_rate"":0.002}","{""detection_events"":6222,""detectors_checked"":829440}"
      1024,         0,         0,   0.085,standalone_exact_mw,3bd544bb51e006261b45d3a2c996e28fc0c0449411cee5f7deafcd25d9539ebc,"{""distance"":7,""physical_error_rate"":0.001}","{""detection_events"":3222,""detectors_checked"":829440}"
      1024,         0,         0,   0.095,standalone_exact_mw,ba5ada56442ed2ba457be44e3218b165c8a19e21146c9941e841199e65961aae,"{""distance"":7,""physical_error_rate"":0.0005}","{""detection_events"":1599,""detectors_checked"":829440}"
      2048,         0,         0,   0.141,standalone_exact_mw,ba5ada56442ed2ba457be44e3218b165c8a19e21146c9941e841199e65961aae,"{""distance"":7,""physical_error_rate"":0.0005}","{""detection_events"":3157,""detectors_checked"":1658880}"
      1024,         0,         0,   0.110,standalone_exact_mw,9d8ad86e51451842b54dafc7680d1b486ef291963bb72c70f3cdd570d2d8fa34,"{""distance"":7,""physical_error_rate"":0.002}","{""detection_events"":6506,""detectors_checked"":829440}"
      1024,         0,         0,   0.078,standalone_exact_mw,ba5ada56442ed2ba457be44e3218b165c8a19e21146c9941e841199e65961aae,"{""distance"":7,""physical_error_rate"":0.0005}","{""detection_events"":1556,""detectors_checked"":829440}"
     10240,         0,         0,   0.377,standalone_exact_mw,e5383d45c2b34399c539563e7789a53fd4b96cd0b38eade39a3cbfe07ba21ab0,"{""distance"":7,""physical_error_rate"":0.0002}","{""detection_events"":6642,""detectors_checked"":8294400}"
      2048,         0,         0,   0.170,standalone_exact_mw,3bd544bb51e006261b45d3a2c996e28fc0c0449411cee5f7deafcd25d9539ebc,"{""distance"":7,""physical_error_rate"":0.001}","{""detection_events"":6358,""detectors_checked"":1658880}"
        17,         0,         0,   0.076,standalone_exact_mw,ba5ada56442ed2ba457be44e3218b165c8a19e21146c9941e841199e65961aae,"{""distance"":7,""physical_error_rate"":0.0005}","{""detection_events"":37,""detectors_checked"":13770}"
     15360,         0,         0,   0.796,standalone_exact_mw,ba5ada56442ed2ba457be44e3218b165c8a19e21146c9941e841199e65961aae,"{""distance"":7,""physical_error_rate"":0.0005}","{""detection_events"":24303,""detectors_checked"":12441600}"
      2048,         0,         0,   0.124,standalone_exact_mw,9d8ad86e51451842b54dafc7680d1b486ef291963bb72c70f3cdd570d2d8fa34,"{""distance"":7,""physical_error_rate"":0.002}","{""detection_events"":12871,""detectors_checked"":1658880}"
      1024,         0,         0,   0.098,standalone_exact_mw,ba5ada56442ed2ba457be44e3218b165c8a19e21146c9941e841199e65961aae,"{""distance"":7,""physical_error_rate"":0.0005}","{""detection_events"":1639,""detectors_checked"":829440}"
       128,         0,         0,   0.075,standalone_exact_mw,ba5ada56442ed2ba457be44e3218b165c8a19e21146c9941e841199e65961aae,"{""distance"":7,""physical_error_rate"":0.0005}","{""detection_events"":187,""detectors_checked"":103680}"
   3962880,         0,         0,   119.6,standalone_exact_mw,e5383d45c2b34399c539563e7789a53fd4b96cd0b38eade39a3cbfe07ba21ab0,"{""distance"":7,""physical_error_rate"":0.0002}","{""detection_events"":2492913,""detectors_checked"":3209932800}"
      3072,         0,         0,   0.221,standalone_exact_mw,ba5ada56442ed2ba457be44e3218b165c8a19e21146c9941e841199e65961aae,"{""distance"":7,""physical_error_rate"":0.0005}","{""detection_events"":4757,""detectors_checked"":2488320}"
     15360,         0,         0,   0.829,standalone_exact_mw,9d8ad86e51451842b54dafc7680d1b486ef291963bb72c70f3cdd570d2d8fa34,"{""distance"":7,""physical_error_rate"":0.002}","{""detection_events"":95366,""detectors_checked"":12441600}"
      1024,         0,         0,   0.109,standalone_exact_mw,ba5ada56442ed2ba457be44e3218b165c8a19e21146c9941e841199e65961aae,"{""distance"":7,""physical_error_rate"":0.0005}","{""detection_events"":1569,""detectors_checked"":829440}"
      2048,         0,         0,   0.192,standalone_exact_mw,3bd544bb51e006261b45d3a2c996e28fc0c0449411cee5f7deafcd25d9539ebc,"{""distance"":7,""physical_error_rate"":0.001}","{""detection_events"":6361,""detectors_checked"":1658880}"
      6144,         0,         0,   0.884,standalone_exact_mw,9d8ad86e51451842b54dafc7680d1b486ef291963bb72c70f3cdd570d2d8fa34,"{""distance"":7,""physical_error_rate"":0.002}","{""detection_events"":38492,""detectors_checked"":4976640}"
     18432,         0,         0,   0.793,standalone_exact_mw,3bd544bb51e006261b45d3a2c996e28fc0c0449411cee5f7deafcd25d9539ebc,"{""distance"":7,""physical_error_rate"":0.001}","{""detection_events"":57723,""detectors_checked"":14929920}"
      3072,         0,         0,   0.178,standalone_exact_mw,9d8ad86e51451842b54dafc7680d1b486ef291963bb72c70f3cdd570d2d8fa34,"{""distance"":7,""physical_error_rate"":0.002}","{""detection_events"":18781,""detectors_checked"":2488320}"
      3072,         0,         0,   0.554,standalone_exact_mw,3bd544bb51e006261b45d3a2c996e28fc0c0449411cee5f7deafcd25d9539ebc,"{""distance"":7,""physical_error_rate"":0.001}","{""detection_events"":9627,""detectors_checked"":2488320}"
      4096,         0,         0,   0.963,standalone_exact_mw,9d8ad86e51451842b54dafc7680d1b486ef291963bb72c70f3cdd570d2d8fa34,"{""distance"":7,""physical_error_rate"":0.002}","{""detection_events"":25666,""detectors_checked"":3317760}"
      1024,         0,         0,   0.119,standalone_exact_mw,ba5ada56442ed2ba457be44e3218b165c8a19e21146c9941e841199e65961aae,"{""distance"":7,""physical_error_rate"":0.0005}","{""detection_events"":1712,""detectors_checked"":829440}"
     28672,         0,         0,   0.809,standalone_exact_mw,e5383d45c2b34399c539563e7789a53fd4b96cd0b38eade39a3cbfe07ba21ab0,"{""distance"":7,""physical_error_rate"":0.0002}","{""detection_events"":17807,""detectors_checked"":23224320}"
      3072,         0,         0,   0.222,standalone_exact_mw,ba5ada56442ed2ba457be44e3218b165c8a19e21146c9941e841199e65961aae,"{""distance"":7,""physical_error_rate"":0.0005}","{""detection_events"":4974,""detectors_checked"":2488320}"
     21504,         0,         0,    1.10,standalone_exact_mw,ba5ada56442ed2ba457be44e3218b165c8a19e21146c9941e841199e65961aae,"{""distance"":7,""physical_error_rate"":0.0005}","{""detection_events"":34042,""detectors_checked"":17418240}"
      3072,         0,         0,   0.257,standalone_exact_mw,3bd544bb51e006261b45d3a2c996e28fc0c0449411cee5f7deafcd25d9539ebc,"{""distance"":7,""physical_error_rate"":0.001}","{""detection_events"":9586,""detectors_checked"":2488320}"
      1024,         0,         0,   0.309,standalone_exact_mw,ba5ada56442ed2ba457be44e3218b165c8a19e21146c9941e841199e65961aae,"{""distance"":7,""physical_error_rate"":0.0005}","{""detection_events"":1542,""detectors_checked"":829440}"
         1,         0,         0,   0.022,standalone_exact_mw,e5383d45c2b34399c539563e7789a53fd4b96cd0b38eade39a3cbfe07ba21ab0,"{""distance"":7,""physical_error_rate"":0.0002}","{""detection_events"":2,""detectors_checked"":810}"
       272,         0,         0,   0.026,standalone_exact_mw,e5383d45c2b34399c539563e7789a53fd4b96cd0b38eade39a3cbfe07ba21ab0,"{""distance"":7,""physical_error_rate"":0.0002}","{""detection_events"":147,""detectors_checked"":220320}"
      2048,         0,         0,   0.216,standalone_exact_mw,ba5ada56442ed2ba457be44e3218b165c8a19e21146c9941e841199e65961aae,"{""distance"":7,""physical_error_rate"":0.0005}","{""detection_events"":3243,""detectors_checked"":1658880}"
      4096,         0,         0,   0.295,standalone_exact_mw,9d8ad86e51451842b54dafc7680d1b486ef291963bb72c70f3cdd570d2d8fa34,"{""distance"":7,""physical_error_rate"":0.002}","{""detection_events"":25327,""detectors_checked"":3317760}"
      5120,         0,         0,   0.777,standalone_exact_mw,3bd544bb51e006261b45d3a2c996e28fc0c0449411cee5f7deafcd25d9539ebc,"{""distance"":7,""physical_error_rate"":0.001}","{""detection_events"":16296,""detectors_checked"":4147200}"
      3072,         0,         0,   0.542,standalone_exact_mw,e5383d45c2b34399c539563e7789a53fd4b96cd0b38eade39a3cbfe07ba21ab0,"{""distance"":7,""physical_error_rate"":0.0002}","{""detection_events"":1894,""detectors_checked"":2488320}"
      1024,         0,         0,   0.075,standalone_exact_mw,e5383d45c2b34399c539563e7789a53fd4b96cd0b38eade39a3cbfe07ba21ab0,"{""distance"":7,""physical_error_rate"":0.0002}","{""detection_events"":634,""detectors_checked"":829440}"
      1024,         0,         0,   0.183,standalone_exact_mw,ba5ada56442ed2ba457be44e3218b165c8a19e21146c9941e841199e65961aae,"{""distance"":7,""physical_error_rate"":0.0005}","{""detection_events"":1621,""detectors_checked"":829440}"
     13312,         0,         0,   0.854,standalone_exact_mw,3bd544bb51e006261b45d3a2c996e28fc0c0449411cee5f7deafcd25d9539ebc,"{""distance"":7,""physical_error_rate"":0.001}","{""detection_events"":41222,""detectors_checked"":10782720}"
      1024,         0,         0,   0.055,standalone_exact_mw,e5383d45c2b34399c539563e7789a53fd4b96cd0b38eade39a3cbfe07ba21ab0,"{""distance"":7,""physical_error_rate"":0.0002}","{""detection_events"":638,""detectors_checked"":829440}"
      5120,         0,         0,   0.364,standalone_exact_mw,ba5ada56442ed2ba457be44e3218b165c8a19e21146c9941e841199e65961aae,"{""distance"":7,""physical_error_rate"":0.0005}","{""detection_events"":8200,""detectors_checked"":4147200}"
      3072,         0,         0,   0.227,standalone_exact_mw,ba5ada56442ed2ba457be44e3218b165c8a19e21146c9941e841199e65961aae,"{""distance"":7,""physical_error_rate"":0.0005}","{""detection_events"":4829,""detectors_checked"":2488320}"
   1084416,         0,         0,   119.7,standalone_exact_mw,3bd544bb51e006261b45d3a2c996e28fc0c0449411cee5f7deafcd25d9539ebc,"{""distance"":7,""physical_error_rate"":0.001}","{""detection_events"":3397020,""detectors_checked"":878376960}"
   1247232,         0,         0,   119.7,standalone_exact_mw,3bd544bb51e006261b45d3a2c996e28fc0c0449411cee5f7deafcd25d9539ebc,"{""distance"":7,""physical_error_rate"":0.001}","{""detection_events"":3896563,""detectors_checked"":1010257920}"
      4096,         0,         0,   0.365,standalone_exact_mw,3bd544bb51e006261b45d3a2c996e28fc0c0449411cee5f7deafcd25d9539ebc,"{""distance"":7,""physical_error_rate"":0.001}","{""detection_events"":12919,""detectors_checked"":3317760}"
      1024,         0,         0,   0.191,standalone_exact_mw,ba5ada56442ed2ba457be44e3218b165c8a19e21146c9941e841199e65961aae,"{""distance"":7,""physical_error_rate"":0.0005}","{""detection_events"":1628,""detectors_checked"":829440}"
      4096,         0,         0,   0.314,standalone_exact_mw,9d8ad86e51451842b54dafc7680d1b486ef291963bb72c70f3cdd570d2d8fa34,"{""distance"":7,""physical_error_rate"":0.002}","{""detection_events"":25559,""detectors_checked"":3317760}"
     75776,         0,         0,    1.11,standalone_exact_mw,e5383d45c2b34399c539563e7789a53fd4b96cd0b38eade39a3cbfe07ba21ab0,"{""distance"":7,""physical_error_rate"":0.0002}","{""detection_events"":47768,""detectors_checked"":61378560}"
     41984,         0,         0,    1.13,standalone_exact_mw,9d8ad86e51451842b54dafc7680d1b486ef291963bb72c70f3cdd570d2d8fa34,"{""distance"":7,""physical_error_rate"":0.002}","{""detection_events"":261558,""detectors_checked"":34007040}"
      2048,         0,         0,   0.667,standalone_exact_mw,3bd544bb51e006261b45d3a2c996e28fc0c0449411cee5f7deafcd25d9539ebc,"{""distance"":7,""physical_error_rate"":0.001}","{""detection_events"":6698,""detectors_checked"":1658880}"
   1311744,         0,         0,   119.3,standalone_exact_mw,ba5ada56442ed2ba457be44e3218b165c8a19e21146c9941e841199e65961aae,"{""distance"":7,""physical_error_rate"":0.0005}","{""detection_events"":2057699,""detectors_checked"":1062512640}"
     11264,         0,         0,    1.23,standalone_exact_mw,e5383d45c2b34399c539563e7789a53fd4b96cd0b38eade39a3cbfe07ba21ab0,"{""distance"":7,""physical_error_rate"":0.0002}","{""detection_events"":7386,""detectors_checked"":9123840}"
      4096,         0,         0,   0.217,standalone_exact_mw,ba5ada56442ed2ba457be44e3218b165c8a19e21146c9941e841199e65961aae,"{""distance"":7,""physical_error_rate"":0.0005}","{""detection_events"":6433,""detectors_checked"":3317760}"
      1024,         0,         0,   0.260,standalone_exact_mw,e5383d45c2b34399c539563e7789a53fd4b96cd0b38eade39a3cbfe07ba21ab0,"{""distance"":7,""physical_error_rate"":0.0002}","{""detection_events"":585,""detectors_checked"":829440}"
   1122304,         0,         0,   119.8,standalone_exact_mw,9d8ad86e51451842b54dafc7680d1b486ef291963bb72c70f3cdd570d2d8fa34,"{""distance"":7,""physical_error_rate"":0.002}","{""detection_events"":6972913,""detectors_checked"":909066240}"
      4096,         0,         0,   0.581,standalone_exact_mw,e5383d45c2b34399c539563e7789a53fd4b96cd0b38eade39a3cbfe07ba21ab0,"{""distance"":7,""physical_error_rate"":0.0002}","{""detection_events"":2486,""detectors_checked"":3317760}"
   3782656,         0,         0,   119.6,standalone_exact_mw,e5383d45c2b34399c539563e7789a53fd4b96cd0b38eade39a3cbfe07ba21ab0,"{""distance"":7,""physical_error_rate"":0.0002}","{""detection_events"":2379257,""detectors_checked"":3063951360}"
      6144,         0,         0,   0.423,standalone_exact_mw,ba5ada56442ed2ba457be44e3218b165c8a19e21146c9941e841199e65961aae,"{""distance"":7,""physical_error_rate"":0.0005}","{""detection_events"":9806,""detectors_checked"":4976640}"
     22528,         0,         0,    1.16,standalone_exact_mw,ba5ada56442ed2ba457be44e3218b165c8a19e21146c9941e841199e65961aae,"{""distance"":7,""physical_error_rate"":0.0005}","{""detection_events"":35422,""detectors_checked"":18247680}"
      5120,         0,         0,   0.448,standalone_exact_mw,3bd544bb51e006261b45d3a2c996e28fc0c0449411cee5f7deafcd25d9539ebc,"{""distance"":7,""physical_error_rate"":0.001}","{""detection_events"":15989,""detectors_checked"":4147200}"
      1024,         0,         0,   0.251,standalone_exact_mw,e5383d45c2b34399c539563e7789a53fd4b96cd0b38eade39a3cbfe07ba21ab0,"{""distance"":7,""physical_error_rate"":0.0002}","{""detection_events"":599,""detectors_checked"":829440}"
    986112,         0,         0,   119.7,standalone_exact_mw,9d8ad86e51451842b54dafc7680d1b486ef291963bb72c70f3cdd570d2d8fa34,"{""distance"":7,""physical_error_rate"":0.002}","{""detection_events"":6127453,""detectors_checked"":798750720}"
      7168,         0,         0,   0.473,standalone_exact_mw,9d8ad86e51451842b54dafc7680d1b486ef291963bb72c70f3cdd570d2d8fa34,"{""distance"":7,""physical_error_rate"":0.002}","{""detection_events"":44717,""detectors_checked"":5806080}"
      1024,         0,         0,   0.489,standalone_exact_mw,ba5ada56442ed2ba457be44e3218b165c8a19e21146c9941e841199e65961aae,"{""distance"":7,""physical_error_rate"":0.0005}","{""detection_events"":1533,""detectors_checked"":829440}"
     21504,         0,         0,    1.16,standalone_exact_mw,9d8ad86e51451842b54dafc7680d1b486ef291963bb72c70f3cdd570d2d8fa34,"{""distance"":7,""physical_error_rate"":0.002}","{""detection_events"":133628,""detectors_checked"":17418240}"
   1196032,         0,         0,   119.9,standalone_exact_mw,3bd544bb51e006261b45d3a2c996e28fc0c0449411cee5f7deafcd25d9539ebc,"{""distance"":7,""physical_error_rate"":0.001}","{""detection_events"":3737394,""detectors_checked"":968785920}"
   1649664,         0,         0,   119.5,standalone_exact_mw,ba5ada56442ed2ba457be44e3218b165c8a19e21146c9941e841199e65961aae,"{""distance"":7,""physical_error_rate"":0.0005}","{""detection_events"":2583877,""detectors_checked"":1336227840}"
      6144,         0,         0,   0.360,standalone_exact_mw,ba5ada56442ed2ba457be44e3218b165c8a19e21146c9941e841199e65961aae,"{""distance"":7,""physical_error_rate"":0.0005}","{""detection_events"":9597,""detectors_checked"":4976640}"
     26624,         0,         0,    1.14,standalone_exact_mw,3bd544bb51e006261b45d3a2c996e28fc0c0449411cee5f7deafcd25d9539ebc,"{""distance"":7,""physical_error_rate"":0.001}","{""detection_events"":83505,""detectors_checked"":21565440}"
     11264,         0,         0,    1.19,standalone_exact_mw,9d8ad86e51451842b54dafc7680d1b486ef291963bb72c70f3cdd570d2d8fa34,"{""distance"":7,""physical_error_rate"":0.002}","{""detection_events"":69959,""detectors_checked"":9123840}"
   1800192,         0,         0,   119.4,standalone_exact_mw,e5383d45c2b34399c539563e7789a53fd4b96cd0b38eade39a3cbfe07ba21ab0,"{""distance"":7,""physical_error_rate"":0.0002}","{""detection_events"":1130369,""detectors_checked"":1458155520}"
      3072,         0,         0,   0.888,standalone_exact_mw,3bd544bb51e006261b45d3a2c996e28fc0c0449411cee5f7deafcd25d9539ebc,"{""distance"":7,""physical_error_rate"":0.001}","{""detection_events"":9374,""detectors_checked"":2488320}"
     40960,         0,         0,    1.14,standalone_exact_mw,e5383d45c2b34399c539563e7789a53fd4b96cd0b38eade39a3cbfe07ba21ab0,"{""distance"":7,""physical_error_rate"":0.0002}","{""detection_events"":26060,""detectors_checked"":33177600}"
      1024,         0,         0,   0.248,standalone_exact_mw,e5383d45c2b34399c539563e7789a53fd4b96cd0b38eade39a3cbfe07ba21ab0,"{""distance"":7,""physical_error_rate"":0.0002}","{""detection_events"":584,""detectors_checked"":829440}"
      1024,         0,         0,   0.307,standalone_exact_mw,ba5ada56442ed2ba457be44e3218b165c8a19e21146c9941e841199e65961aae,"{""distance"":7,""physical_error_rate"":0.0005}","{""detection_events"":1627,""detectors_checked"":829440}"
   1797120,         0,         0,   119.9,standalone_exact_mw,3bd544bb51e006261b45d3a2c996e28fc0c0449411cee5f7deafcd25d9539ebc,"{""distance"":7,""physical_error_rate"":0.001}","{""detection_events"":5609635,""detectors_checked"":1455667200}"
      9216,         0,         0,    1.49,standalone_exact_mw,9d8ad86e51451842b54dafc7680d1b486ef291963bb72c70f3cdd570d2d8fa34,"{""distance"":7,""physical_error_rate"":0.002}","{""detection_events"":56517,""detectors_checked"":7464960}"
     12288,         0,         0,   0.595,standalone_exact_mw,ba5ada56442ed2ba457be44e3218b165c8a19e21146c9941e841199e65961aae,"{""distance"":7,""physical_error_rate"":0.0005}","{""detection_events"":19182,""detectors_checked"":9953280}"
      1024,         0,         0,   0.114,standalone_exact_mw,ba5ada56442ed2ba457be44e3218b165c8a19e21146c9941e841199e65961aae,"{""distance"":7,""physical_error_rate"":0.0005}","{""detection_events"":1608,""detectors_checked"":829440}"
      1024,         0,         0,   0.314,standalone_exact_mw,e5383d45c2b34399c539563e7789a53fd4b96cd0b38eade39a3cbfe07ba21ab0,"{""distance"":7,""physical_error_rate"":0.0002}","{""detection_events"":647,""detectors_checked"":829440}"
     18432,         0,         0,    1.17,standalone_exact_mw,3bd544bb51e006261b45d3a2c996e28fc0c0449411cee5f7deafcd25d9539ebc,"{""distance"":7,""physical_error_rate"":0.001}","{""detection_events"":57398,""detectors_checked"":14929920}"
      8192,         0,         0,   0.594,standalone_exact_mw,3bd544bb51e006261b45d3a2c996e28fc0c0449411cee5f7deafcd25d9539ebc,"{""distance"":7,""physical_error_rate"":0.001}","{""detection_events"":25636,""detectors_checked"":6635520}"
      3072,         0,         0,   0.978,standalone_exact_mw,3bd544bb51e006261b45d3a2c996e28fc0c0449411cee5f7deafcd25d9539ebc,"{""distance"":7,""physical_error_rate"":0.001}","{""detection_events"":9780,""detectors_checked"":2488320}"
      4096,         0,         0,   0.562,standalone_exact_mw,ba5ada56442ed2ba457be44e3218b165c8a19e21146c9941e841199e65961aae,"{""distance"":7,""physical_error_rate"":0.0005}","{""detection_events"":6400,""detectors_checked"":3317760}"
     29696,         0,         0,    1.57,standalone_exact_mw,ba5ada56442ed2ba457be44e3218b165c8a19e21146c9941e841199e65961aae,"{""distance"":7,""physical_error_rate"":0.0005}","{""detection_events"":46571,""detectors_checked"":24053760}"
     11264,         0,         0,   0.593,standalone_exact_mw,9d8ad86e51451842b54dafc7680d1b486ef291963bb72c70f3cdd570d2d8fa34,"{""distance"":7,""physical_error_rate"":0.002}","{""detection_events"":69691,""detectors_checked"":9123840}"
     25600,         0,         0,   0.802,standalone_exact_mw,e5383d45c2b34399c539563e7789a53fd4b96cd0b38eade39a3cbfe07ba21ab0,"{""distance"":7,""physical_error_rate"":0.0002}","{""detection_events"":16194,""detectors_checked"":20736000}"
      1024,         0,         0,   0.167,standalone_exact_mw,e5383d45c2b34399c539563e7789a53fd4b96cd0b38eade39a3cbfe07ba21ab0,"{""distance"":7,""physical_error_rate"":0.0002}","{""detection_events"":636,""detectors_checked"":829440}"
      1024,         0,         0,   0.309,standalone_exact_mw,ba5ada56442ed2ba457be44e3218b165c8a19e21146c9941e841199e65961aae,"{""distance"":7,""physical_error_rate"":0.0005}","{""detection_events"":1604,""detectors_checked"":829440}"
      2048,         0,         0,   0.279,standalone_exact_mw,e5383d45c2b34399c539563e7789a53fd4b96cd0b38eade39a3cbfe07ba21ab0,"{""distance"":7,""physical_error_rate"":0.0002}","{""detection_events"":1298,""detectors_checked"":1658880}"
      1024,         0,         0,   0.253,standalone_exact_mw,ba5ada56442ed2ba457be44e3218b165c8a19e21146c9941e841199e65961aae,"{""distance"":7,""physical_error_rate"":0.0005}","{""detection_events"":1641,""detectors_checked"":829440}"
   1397760,         0,         0,   119.6,standalone_exact_mw,9d8ad86e51451842b54dafc7680d1b486ef291963bb72c70f3cdd570d2d8fa34,"{""distance"":7,""physical_error_rate"":0.002}","{""detection_events"":8683403,""detectors_checked"":1132185600}"
    113664,         0,         0,    1.56,standalone_exact_mw,e5383d45c2b34399c539563e7789a53fd4b96cd0b38eade39a3cbfe07ba21ab0,"{""distance"":7,""physical_error_rate"":0.0002}","{""detection_events"":71277,""detectors_checked"":92067840}"
     57344,         0,         0,    1.58,standalone_exact_mw,9d8ad86e51451842b54dafc7680d1b486ef291963bb72c70f3cdd570d2d8fa34,"{""distance"":7,""physical_error_rate"":0.002}","{""detection_events"":357577,""detectors_checked"":46448640}"
     23552,         0,         0,   0.817,standalone_exact_mw,ba5ada56442ed2ba457be44e3218b165c8a19e21146c9941e841199e65961aae,"{""distance"":7,""physical_error_rate"":0.0005}","{""detection_events"":37244,""detectors_checked"":19077120}"
     29696,         0,         0,    1.65,standalone_exact_mw,e5383d45c2b34399c539563e7789a53fd4b96cd0b38eade39a3cbfe07ba21ab0,"{""distance"":7,""physical_error_rate"":0.0002}","{""detection_events"":18441,""detectors_checked"":24053760}"
      4096,         0,         0,   0.648,standalone_exact_mw,ba5ada56442ed2ba457be44e3218b165c8a19e21146c9941e841199e65961aae,"{""distance"":7,""physical_error_rate"":0.0005}","{""detection_events"":6386,""detectors_checked"":3317760}"
      9216,         0,         0,    1.23,standalone_exact_mw,3bd544bb51e006261b45d3a2c996e28fc0c0449411cee5f7deafcd25d9539ebc,"{""distance"":7,""physical_error_rate"":0.001}","{""detection_events"":28669,""detectors_checked"":7464960}"
     12288,         0,         0,   0.808,standalone_exact_mw,3bd544bb51e006261b45d3a2c996e28fc0c0449411cee5f7deafcd25d9539ebc,"{""distance"":7,""physical_error_rate"":0.001}","{""detection_events"":38751,""detectors_checked"":9953280}"
      2048,         0,         0,   0.320,standalone_exact_mw,ba5ada56442ed2ba457be44e3218b165c8a19e21146c9941e841199e65961aae,"{""distance"":7,""physical_error_rate"":0.0005}","{""detection_events"":3241,""detectors_checked"":1658880}"
      2048,         0,         0,   0.402,standalone_exact_mw,e5383d45c2b34399c539563e7789a53fd4b96cd0b38eade39a3cbfe07ba21ab0,"{""distance"":7,""physical_error_rate"":0.0002}","{""detection_events"":1267,""detectors_checked"":1658880}"
     30720,         0,         0,    1.59,standalone_exact_mw,ba5ada56442ed2ba457be44e3218b165c8a19e21146c9941e841199e65961aae,"{""distance"":7,""physical_error_rate"":0.0005}","{""detection_events"":48232,""detectors_checked"":24883200}"
     12288,         0,         0,   0.897,standalone_exact_mw,9d8ad86e51451842b54dafc7680d1b486ef291963bb72c70f3cdd570d2d8fa34,"{""distance"":7,""physical_error_rate"":0.002}","{""detection_events"":76054,""detectors_checked"":9953280}"
     29696,         0,         0,    1.60,standalone_exact_mw,9d8ad86e51451842b54dafc7680d1b486ef291963bb72c70f3cdd570d2d8fa34,"{""distance"":7,""physical_error_rate"":0.002}","{""detection_events"":184502,""detectors_checked"":24053760}"
     36864,         0,         0,    1.57,standalone_exact_mw,3bd544bb51e006261b45d3a2c996e28fc0c0449411cee5f7deafcd25d9539ebc,"{""distance"":7,""physical_error_rate"":0.001}","{""detection_events"":114771,""detectors_checked"":29859840}"
     19456,         0,         0,    1.57,standalone_exact_mw,9d8ad86e51451842b54dafc7680d1b486ef291963bb72c70f3cdd570d2d8fa34,"{""distance"":7,""physical_error_rate"":0.002}","{""detection_events"":121377,""detectors_checked"":15759360}"
     55296,         0,         0,    1.55,standalone_exact_mw,e5383d45c2b34399c539563e7789a53fd4b96cd0b38eade39a3cbfe07ba21ab0,"{""distance"":7,""physical_error_rate"":0.0002}","{""detection_events"":34426,""detectors_checked"":44789760}"
     10240,         0,         0,    1.16,standalone_exact_mw,3bd544bb51e006261b45d3a2c996e28fc0c0449411cee5f7deafcd25d9539ebc,"{""distance"":7,""physical_error_rate"":0.001}","{""detection_events"":32186,""detectors_checked"":8294400}"
     27648,         0,         0,    1.08,standalone_exact_mw,e5383d45c2b34399c539563e7789a53fd4b96cd0b38eade39a3cbfe07ba21ab0,"{""distance"":7,""physical_error_rate"":0.0002}","{""detection_events"":17321,""detectors_checked"":22394880}"
         1,         0,         0,   0.001,standalone_exact_mw,ba5ada56442ed2ba457be44e3218b165c8a19e21146c9941e841199e65961aae,"{""distance"":7,""physical_error_rate"":0.0005}","{""detectors_checked"":810}"
      1296,         0,         0,   0.062,standalone_exact_mw,ba5ada56442ed2ba457be44e3218b165c8a19e21146c9941e841199e65961aae,"{""distance"":7,""physical_error_rate"":0.0005}","{""detection_events"":1993,""detectors_checked"":1049760}"
      2048,         0,         0,   0.454,standalone_exact_mw,ba5ada56442ed2ba457be44e3218b165c8a19e21146c9941e841199e65961aae,"{""distance"":7,""physical_error_rate"":0.0005}","{""detection_events"":3425,""detectors_checked"":1658880}"
      1024,         0,         0,   0.036,standalone_exact_mw,ba5ada56442ed2ba457be44e3218b165c8a19e21146c9941e841199e65961aae,"{""distance"":7,""physical_error_rate"":0.0005}","{""detection_events"":1565,""detectors_checked"":829440}"
      1024,         0,         0,   0.061,standalone_exact_mw,ba5ada56442ed2ba457be44e3218b165c8a19e21146c9941e841199e65961aae,"{""distance"":7,""physical_error_rate"":0.0005}","{""detection_events"":1691,""detectors_checked"":829440}"
     11264,         0,         0,   0.568,standalone_exact_mw,e5383d45c2b34399c539563e7789a53fd4b96cd0b38eade39a3cbfe07ba21ab0,"{""distance"":7,""physical_error_rate"":0.0002}","{""detection_events"":7070,""detectors_checked"":9123840}"
      1024,         0,         0,   0.054,standalone_exact_mw,ba5ada56442ed2ba457be44e3218b165c8a19e21146c9941e841199e65961aae,"{""distance"":7,""physical_error_rate"":0.0005}","{""detection_events"":1629,""detectors_checked"":829440}"
      5120,         0,         0,    1.60,standalone_exact_mw,9d8ad86e51451842b54dafc7680d1b486ef291963bb72c70f3cdd570d2d8fa34,"{""distance"":7,""physical_error_rate"":0.002}","{""detection_events"":31694,""detectors_checked"":4147200}"
      1024,         0,         0,   0.054,standalone_exact_mw,ba5ada56442ed2ba457be44e3218b165c8a19e21146c9941e841199e65961aae,"{""distance"":7,""physical_error_rate"":0.0005}","{""detection_events"":1623,""detectors_checked"":829440}"
     32768,         0,         0,    1.60,standalone_exact_mw,3bd544bb51e006261b45d3a2c996e28fc0c0449411cee5f7deafcd25d9539ebc,"{""distance"":7,""physical_error_rate"":0.001}","{""detection_events"":101808,""detectors_checked"":26542080}"
      2048,         0,         0,   0.100,standalone_exact_mw,ba5ada56442ed2ba457be44e3218b165c8a19e21146c9941e841199e65961aae,"{""distance"":7,""physical_error_rate"":0.0005}","{""detection_events"":3359,""detectors_checked"":1658880}"
      3072,         0,         0,   0.830,standalone_exact_mw,ba5ada56442ed2ba457be44e3218b165c8a19e21146c9941e841199e65961aae,"{""distance"":7,""physical_error_rate"":0.0005}","{""detection_events"":4719,""detectors_checked"":2488320}"
      2048,         0,         0,   0.147,standalone_exact_mw,ba5ada56442ed2ba457be44e3218b165c8a19e21146c9941e841199e65961aae,"{""distance"":7,""physical_error_rate"":0.0005}","{""detection_events"":3342,""detectors_checked"":1658880}"
      2048,         0,         0,   0.157,standalone_exact_mw,ba5ada56442ed2ba457be44e3218b165c8a19e21146c9941e841199e65961aae,"{""distance"":7,""physical_error_rate"":0.0005}","{""detection_events"":3424,""detectors_checked"":1658880}"
      3072,         0,         0,   0.624,standalone_exact_mw,ba5ada56442ed2ba457be44e3218b165c8a19e21146c9941e841199e65961aae,"{""distance"":7,""physical_error_rate"":0.0005}","{""detection_events"":4784,""detectors_checked"":2488320}"
     20480,         0,         0,    1.14,standalone_exact_mw,3bd544bb51e006261b45d3a2c996e28fc0c0449411cee5f7deafcd25d9539ebc,"{""distance"":7,""physical_error_rate"":0.001}","{""detection_events"":63758,""detectors_checked"":16588800}"
     21504,         0,         0,    1.26,standalone_exact_mw,ba5ada56442ed2ba457be44e3218b165c8a19e21146c9941e841199e65961aae,"{""distance"":7,""physical_error_rate"":0.0005}","{""detection_events"":33880,""detectors_checked"":17418240}"
      4096,         0,         0,   0.736,standalone_exact_mw,e5383d45c2b34399c539563e7789a53fd4b96cd0b38eade39a3cbfe07ba21ab0,"{""distance"":7,""physical_error_rate"":0.0002}","{""detection_events"":2685,""detectors_checked"":3317760}"
     18432,         0,         0,    1.22,standalone_exact_mw,9d8ad86e51451842b54dafc7680d1b486ef291963bb72c70f3cdd570d2d8fa34,"{""distance"":7,""physical_error_rate"":0.002}","{""detection_events"":114081,""detectors_checked"":14929920}"
      5120,         0,         0,   0.293,standalone_exact_mw,ba5ada56442ed2ba457be44e3218b165c8a19e21146c9941e841199e65961aae,"{""distance"":7,""physical_error_rate"":0.0005}","{""detection_events"":8175,""detectors_checked"":4147200}"
     47104,         0,         0,    2.20,standalone_exact_mw,ba5ada56442ed2ba457be44e3218b165c8a19e21146c9941e841199e65961aae,"{""distance"":7,""physical_error_rate"":0.0005}","{""detection_events"":74426,""detectors_checked"":38154240}"
        17,         0,         0,   0.029,standalone_exact_mw,e5383d45c2b34399c539563e7789a53fd4b96cd0b38eade39a3cbfe07ba21ab0,"{""distance"":7,""physical_error_rate"":0.0002}","{""detection_events"":14,""detectors_checked"":13770}"
       256,         0,         0,   0.024,standalone_exact_mw,e5383d45c2b34399c539563e7789a53fd4b96cd0b38eade39a3cbfe07ba21ab0,"{""distance"":7,""physical_error_rate"":0.0002}","{""detection_events"":119,""detectors_checked"":207360}"
     14336,         0,         0,    1.65,standalone_exact_mw,3bd544bb51e006261b45d3a2c996e28fc0c0449411cee5f7deafcd25d9539ebc,"{""distance"":7,""physical_error_rate"":0.001}","{""detection_events"":44582,""detectors_checked"":11612160}"
      7168,         0,         0,   0.291,standalone_exact_mw,ba5ada56442ed2ba457be44e3218b165c8a19e21146c9941e841199e65961aae,"{""distance"":7,""physical_error_rate"":0.0005}","{""detection_events"":11403,""detectors_checked"":5806080}"
      1024,         0,         0,   0.165,standalone_exact_mw,e5383d45c2b34399c539563e7789a53fd4b96cd0b38eade39a3cbfe07ba21ab0,"{""distance"":7,""physical_error_rate"":0.0002}","{""detection_events"":649,""detectors_checked"":829440}"
        17,         0,         0,   0.017,standalone_exact_mw,ba5ada56442ed2ba457be44e3218b165c8a19e21146c9941e841199e65961aae,"{""distance"":7,""physical_error_rate"":0.0005}","{""detection_events"":19,""detectors_checked"":13770}"
     33792,         0,         0,    1.54,standalone_exact_mw,3bd544bb51e006261b45d3a2c996e28fc0c0449411cee5f7deafcd25d9539ebc,"{""distance"":7,""physical_error_rate"":0.001}","{""detection_events"":105838,""detectors_checked"":27371520}"
     34816,         0,         0,    1.54,standalone_exact_mw,e5383d45c2b34399c539563e7789a53fd4b96cd0b38eade39a3cbfe07ba21ab0,"{""distance"":7,""physical_error_rate"":0.0002}","{""detection_events"":21839,""detectors_checked"":28200960}"
      1280,         0,         0,   0.036,standalone_exact_mw,ba5ada56442ed2ba457be44e3218b165c8a19e21146c9941e841199e65961aae,"{""distance"":7,""physical_error_rate"":0.0005}","{""detection_events"":2028,""detectors_checked"":1036800}"
      1024,         0,         0,   0.127,standalone_exact_mw,e5383d45c2b34399c539563e7789a53fd4b96cd0b38eade39a3cbfe07ba21ab0,"{""distance"":7,""physical_error_rate"":0.0002}","{""detection_events"":627,""detectors_checked"":829440}"
     67584,         0,         0,    2.19,standalone_exact_mw,e5383d45c2b34399c539563e7789a53fd4b96cd0b38eade39a3cbfe07ba21ab0,"{""distance"":7,""physical_error_rate"":0.0002}","{""detection_events"":41756,""detectors_checked"":54743040}"
      1024,         0,         0,   0.045,standalone_exact_mw,ba5ada56442ed2ba457be44e3218b165c8a19e21146c9941e841199e65961aae,"{""distance"":7,""physical_error_rate"":0.0005}","{""detection_events"":1643,""detectors_checked"":829440}"
     57344,         0,         0,    2.21,standalone_exact_mw,9d8ad86e51451842b54dafc7680d1b486ef291963bb72c70f3cdd570d2d8fa34,"{""distance"":7,""physical_error_rate"":0.002}","{""detection_events"":357777,""detectors_checked"":46448640}"
      5120,         0,         0,    1.26,standalone_exact_mw,ba5ada56442ed2ba457be44e3218b165c8a19e21146c9941e841199e65961aae,"{""distance"":7,""physical_error_rate"":0.0005}","{""detection_events"":8054,""detectors_checked"":4147200}"
      1024,         0,         0,   0.127,standalone_exact_mw,e5383d45c2b34399c539563e7789a53fd4b96cd0b38eade39a3cbfe07ba21ab0,"{""distance"":7,""physical_error_rate"":0.0002}","{""detection_events"":640,""detectors_checked"":829440}"
     12288,         0,         0,   0.426,standalone_exact_mw,ba5ada56442ed2ba457be44e3218b165c8a19e21146c9941e841199e65961aae,"{""distance"":7,""physical_error_rate"":0.0005}","{""detection_events"":19226,""detectors_checked"":9953280}"
      5120,         0,         0,   0.803,standalone_exact_mw,e5383d45c2b34399c539563e7789a53fd4b96cd0b38eade39a3cbfe07ba21ab0,"{""distance"":7,""physical_error_rate"":0.0002}","{""detection_events"":3221,""detectors_checked"":4147200}"
     33792,         0,         0,    2.23,standalone_exact_mw,e5383d45c2b34399c539563e7789a53fd4b96cd0b38eade39a3cbfe07ba21ab0,"{""distance"":7,""physical_error_rate"":0.0002}","{""detection_events"":21396,""detectors_checked"":27371520}"
      1024,         0,         0,   0.127,standalone_exact_mw,e5383d45c2b34399c539563e7789a53fd4b96cd0b38eade39a3cbfe07ba21ab0,"{""distance"":7,""physical_error_rate"":0.0002}","{""detection_events"":676,""detectors_checked"":829440}"
      4096,         0,         0,    1.09,standalone_exact_mw,ba5ada56442ed2ba457be44e3218b165c8a19e21146c9941e841199e65961aae,"{""distance"":7,""physical_error_rate"":0.0005}","{""detection_events"":6485,""detectors_checked"":3317760}"
      1024,         0,         0,   0.255,standalone_exact_mw,ba5ada56442ed2ba457be44e3218b165c8a19e21146c9941e841199e65961aae,"{""distance"":7,""physical_error_rate"":0.0005}","{""detection_events"":1627,""detectors_checked"":829440}"
      1024,         0,         0,   0.098,standalone_exact_mw,e5383d45c2b34399c539563e7789a53fd4b96cd0b38eade39a3cbfe07ba21ab0,"{""distance"":7,""physical_error_rate"":0.0002}","{""detection_events"":615,""detectors_checked"":829440}"
     49152,         0,         0,    2.20,standalone_exact_mw,ba5ada56442ed2ba457be44e3218b165c8a19e21146c9941e841199e65961aae,"{""distance"":7,""physical_error_rate"":0.0005}","{""detection_events"":77064,""detectors_checked"":39813120}"
      1024,         0,         0,   0.139,standalone_exact_mw,ba5ada56442ed2ba457be44e3218b165c8a19e21146c9941e841199e65961aae,"{""distance"":7,""physical_error_rate"":0.0005}","{""detection_events"":1664,""detectors_checked"":829440}"
      1024,         0,         0,   0.127,standalone_exact_mw,e5383d45c2b34399c539563e7789a53fd4b96cd0b38eade39a3cbfe07ba21ab0,"{""distance"":7,""physical_error_rate"":0.0002}","{""detection_events"":622,""detectors_checked"":829440}"
     38912,         0,         0,    2.19,standalone_exact_mw,9d8ad86e51451842b54dafc7680d1b486ef291963bb72c70f3cdd570d2d8fa34,"{""distance"":7,""physical_error_rate"":0.002}","{""detection_events"":241354,""detectors_checked"":31518720}"
     30720,         0,         0,    2.17,standalone_exact_mw,9d8ad86e51451842b54dafc7680d1b486ef291963bb72c70f3cdd570d2d8fa34,"{""distance"":7,""physical_error_rate"":0.002}","{""detection_events"":191710,""detectors_checked"":24883200}"
     40960,         0,         0,    2.21,standalone_exact_mw,3bd544bb51e006261b45d3a2c996e28fc0c0449411cee5f7deafcd25d9539ebc,"{""distance"":7,""physical_error_rate"":0.001}","{""detection_events"":129009,""detectors_checked"":33177600}"
     69632,         0,         0,    2.20,standalone_exact_mw,e5383d45c2b34399c539563e7789a53fd4b96cd0b38eade39a3cbfe07ba21ab0,"{""distance"":7,""physical_error_rate"":0.0002}","{""detection_events"":43639,""detectors_checked"":56401920}"
      1024,         0,         0,   0.244,standalone_exact_mw,ba5ada56442ed2ba457be44e3218b165c8a19e21146c9941e841199e65961aae,"{""distance"":7,""physical_error_rate"":0.0005}","{""detection_events"":1596,""detectors_checked"":829440}"
      2048,         0,         0,   0.225,standalone_exact_mw,e5383d45c2b34399c539563e7789a53fd4b96cd0b38eade39a3cbfe07ba21ab0,"{""distance"":7,""physical_error_rate"":0.0002}","{""detection_events"":1229,""detectors_checked"":1658880}"
   1021952,         0,         0,   119.9,standalone_exact_mw,9d8ad86e51451842b54dafc7680d1b486ef291963bb72c70f3cdd570d2d8fa34,"{""distance"":7,""physical_error_rate"":0.002}","{""detection_events"":6352824,""detectors_checked"":827781120}"
     11264,         0,         0,    1.56,standalone_exact_mw,ba5ada56442ed2ba457be44e3218b165c8a19e21146c9941e841199e65961aae,"{""distance"":7,""physical_error_rate"":0.0005}","{""detection_events"":17727,""detectors_checked"":9123840}"
     25600,         0,         0,    1.56,standalone_exact_mw,3bd544bb51e006261b45d3a2c996e28fc0c0449411cee5f7deafcd25d9539ebc,"{""distance"":7,""physical_error_rate"":0.001}","{""detection_events"":80896,""detectors_checked"":20736000}"
     13312,         0,         0,   0.628,standalone_exact_mw,ba5ada56442ed2ba457be44e3218b165c8a19e21146c9941e841199e65961aae,"{""distance"":7,""physical_error_rate"":0.0005}","{""detection_events"":20998,""detectors_checked"":10782720}"
        17,         0,         0,   0.024,standalone_exact_mw,3bd544bb51e006261b45d3a2c996e28fc0c0449411cee5f7deafcd25d9539ebc,"{""distance"":7,""physical_error_rate"":0.001}","{""detection_events"":56,""detectors_checked"":13770}"
      1024,         0,         0,   0.163,standalone_exact_mw,ba5ada56442ed2ba457be44e3218b165c8a19e21146c9941e841199e65961aae,"{""distance"":7,""physical_error_rate"":0.0005}","{""detection_events"":1494,""detectors_checked"":829440}"
       256,         0,         0,   0.026,standalone_exact_mw,3bd544bb51e006261b45d3a2c996e28fc0c0449411cee5f7deafcd25d9539ebc,"{""distance"":7,""physical_error_rate"":0.001}","{""detection_events"":769,""detectors_checked"":207360}"
      2048,         0,         0,   0.251,standalone_exact_mw,e5383d45c2b34399c539563e7789a53fd4b96cd0b38eade39a3cbfe07ba21ab0,"{""distance"":7,""physical_error_rate"":0.0002}","{""detection_events"":1357,""detectors_checked"":1658880}"
      9216,         0,         0,    2.24,standalone_exact_mw,9d8ad86e51451842b54dafc7680d1b486ef291963bb72c70f3cdd570d2d8fa34,"{""distance"":7,""physical_error_rate"":0.002}","{""detection_events"":56396,""detectors_checked"":7464960}"
      1024,         0,         0,   0.124,standalone_exact_mw,3bd544bb51e006261b45d3a2c996e28fc0c0449411cee5f7deafcd25d9539ebc,"{""distance"":7,""physical_error_rate"":0.001}","{""detection_events"":3110,""detectors_checked"":829440}"
      1024,         0,         0,   0.163,standalone_exact_mw,ba5ada56442ed2ba457be44e3218b165c8a19e21146c9941e841199e65961aae,"{""distance"":7,""physical_error_rate"":0.0005}","{""detection_events"":1695,""detectors_checked"":829440}"
     40960,         0,         0,    2.22,standalone_exact_mw,3bd544bb51e006261b45d3a2c996e28fc0c0449411cee5f7deafcd25d9539ebc,"{""distance"":7,""physical_error_rate"":0.001}","{""detection_events"":128449,""detectors_checked"":33177600}"
      1024,         0,         0,   0.104,standalone_exact_mw,3bd544bb51e006261b45d3a2c996e28fc0c0449411cee5f7deafcd25d9539ebc,"{""distance"":7,""physical_error_rate"":0.001}","{""detection_events"":3123,""detectors_checked"":829440}"
      5120,         0,         0,    1.68,standalone_exact_mw,9d8ad86e51451842b54dafc7680d1b486ef291963bb72c70f3cdd570d2d8fa34,"{""distance"":7,""physical_error_rate"":0.002}","{""detection_events"":31481,""detectors_checked"":4147200}"
      1024,         0,         0,   0.103,standalone_exact_mw,3bd544bb51e006261b45d3a2c996e28fc0c0449411cee5f7deafcd25d9539ebc,"{""distance"":7,""physical_error_rate"":0.001}","{""detection_events"":3330,""detectors_checked"":829440}"
      3072,         0,         0,   0.297,standalone_exact_mw,e5383d45c2b34399c539563e7789a53fd4b96cd0b38eade39a3cbfe07ba21ab0,"{""distance"":7,""physical_error_rate"":0.0002}","{""detection_events"":1988,""detectors_checked"":2488320}"
      1024,         0,         0,   0.098,standalone_exact_mw,3bd544bb51e006261b45d3a2c996e28fc0c0449411cee5f7deafcd25d9539ebc,"{""distance"":7,""physical_error_rate"":0.001}","{""detection_events"":3148,""detectors_checked"":829440}"
      1024,         0,         0,   0.275,standalone_exact_mw,ba5ada56442ed2ba457be44e3218b165c8a19e21146c9941e841199e65961aae,"{""distance"":7,""physical_error_rate"":0.0005}","{""detection_events"":1597,""detectors_checked"":829440}"
     13312,         0,         0,    1.10,standalone_exact_mw,e5383d45c2b34399c539563e7789a53fd4b96cd0b38eade39a3cbfe07ba21ab0,"{""distance"":7,""physical_error_rate"":0.0002}","{""detection_events"":8386,""detectors_checked"":10782720}"
      1024,         0,         0,   0.085,standalone_exact_mw,3bd544bb51e006261b45d3a2c996e28fc0c0449411cee5f7deafcd25d9539ebc,"{""distance"":7,""physical_error_rate"":0.001}","{""detection_events"":3175,""detectors_checked"":829440}"
      6144,         0,         0,   0.210,standalone_exact_mw,ba5ada56442ed2ba457be44e3218b165c8a19e21146c9941e841199e65961aae,"{""distance"":7,""physical_error_rate"":0.0005}","{""detection_events"":9708,""detectors_checked"":4976640}"
      2048,         0,         0,   0.171,standalone_exact_mw,3bd544bb51e006261b45d3a2c996e28fc0c0449411cee5f7deafcd25d9539ebc,"{""distance"":7,""physical_error_rate"":0.001}","{""detection_events"":6397,""detectors_checked"":1658880}"
      6144,         0,         0,    1.33,standalone_exact_mw,ba5ada56442ed2ba457be44e3218b165c8a19e21146c9941e841199e65961aae,"{""distance"":7,""physical_error_rate"":0.0005}","{""detection_events"":9541,""detectors_checked"":4976640}"
     15360,         0,         0,   0.802,standalone_exact_mw,ba5ada56442ed2ba457be44e3218b165c8a19e21146c9941e841199e65961aae,"{""distance"":7,""physical_error_rate"":0.0005}","{""detection_events"":24284,""detectors_checked"":12441600}"
      5120,         0,         0,   0.501,standalone_exact_mw,e5383d45c2b34399c539563e7789a53fd4b96cd0b38eade39a3cbfe07ba21ab0,"{""distance"":7,""physical_error_rate"":0.0002}","{""detection_events"":3196,""detectors_checked"":4147200}"
      2048,         0,         0,   0.192,standalone_exact_mw,3bd544bb51e006261b45d3a2c996e28fc0c0449411cee5f7deafcd25d9539ebc,"{""distance"":7,""physical_error_rate"":0.001}","{""detection_events"":6437,""detectors_checked"":1658880}"
      7168,         0,         0,    1.67,standalone_exact_mw,ba5ada56442ed2ba457be44e3218b165c8a19e21146c9941e841199e65961aae,"{""distance"":7,""physical_error_rate"":0.0005}","{""detection_events"":11409,""detectors_checked"":5806080}"
      9216,         0,         0,   0.307,standalone_exact_mw,ba5ada56442ed2ba457be44e3218b165c8a19e21146c9941e841199e65961aae,"{""distance"":7,""physical_error_rate"":0.0005}","{""detection_events"":14341,""detectors_checked"":7464960}"
     13312,         0,         0,    2.34,standalone_exact_mw,3bd544bb51e006261b45d3a2c996e28fc0c0449411cee5f7deafcd25d9539ebc,"{""distance"":7,""physical_error_rate"":0.001}","{""detection_events"":41286,""detectors_checked"":10782720}"
      3072,         0,         0,   0.298,standalone_exact_mw,3bd544bb51e006261b45d3a2c996e28fc0c0449411cee5f7deafcd25d9539ebc,"{""distance"":7,""physical_error_rate"":0.001}","{""detection_events"":9858,""detectors_checked"":2488320}"
     68608,         0,         0,    2.17,standalone_exact_mw,e5383d45c2b34399c539563e7789a53fd4b96cd0b38eade39a3cbfe07ba21ab0,"{""distance"":7,""physical_error_rate"":0.0002}","{""detection_events"":42645,""detectors_checked"":55572480}"
     50176,         0,         0,    2.18,standalone_exact_mw,3bd544bb51e006261b45d3a2c996e28fc0c0449411cee5f7deafcd25d9539ebc,"{""distance"":7,""physical_error_rate"":0.001}","{""detection_events"":156832,""detectors_checked"":40642560}"
         1,         0,         0,   0.003,standalone_exact_mw,9d8ad86e51451842b54dafc7680d1b486ef291963bb72c70f3cdd570d2d8fa34,"{""distance"":7,""physical_error_rate"":0.002}","{""detection_events"":7,""detectors_checked"":810}"
       272,         0,         0,   0.030,standalone_exact_mw,9d8ad86e51451842b54dafc7680d1b486ef291963bb72c70f3cdd570d2d8fa34,"{""distance"":7,""physical_error_rate"":0.002}","{""detection_events"":1629,""detectors_checked"":220320}"
      4096,         0,         0,   0.464,standalone_exact_mw,ba5ada56442ed2ba457be44e3218b165c8a19e21146c9941e841199e65961aae,"{""distance"":7,""physical_error_rate"":0.0005}","{""detection_events"":6566,""detectors_checked"":3317760}"
      3072,         0,         0,   0.642,standalone_exact_mw,e5383d45c2b34399c539563e7789a53fd4b96cd0b38eade39a3cbfe07ba21ab0,"{""distance"":7,""physical_error_rate"":0.0002}","{""detection_events"":1949,""detectors_checked"":2488320}"
      1024,         0,         0,   0.145,standalone_exact_mw,9d8ad86e51451842b54dafc7680d1b486ef291963bb72c70f3cdd570d2d8fa34,"{""distance"":7,""physical_error_rate"":0.002}","{""detection_events"":6274,""detectors_checked"":829440}"
      3072,         0,         0,   0.367,standalone_exact_mw,3bd544bb51e006261b45d3a2c996e28fc0c0449411cee5f7deafcd25d9539ebc,"{""distance"":7,""physical_error_rate"":0.001}","{""detection_events"":9307,""detectors_checked"":2488320}"
      1024,         0,         0,   0.081,standalone_exact_mw,9d8ad86e51451842b54dafc7680d1b486ef291963bb72c70f3cdd570d2d8fa34,"{""distance"":7,""physical_error_rate"":0.002}","{""detection_events"":6327,""detectors_checked"":829440}"
      1024,         0,         0,   0.075,standalone_exact_mw,9d8ad86e51451842b54dafc7680d1b486ef291963bb72c70f3cdd570d2d8fa34,"{""distance"":7,""physical_error_rate"":0.002}","{""detection_events"":6373,""detectors_checked"":829440}"
     83968,         0,         0,    3.09,standalone_exact_mw,ba5ada56442ed2ba457be44e3218b165c8a19e21146c9941e841199e65961aae,"{""distance"":7,""physical_error_rate"":0.0005}","{""detection_events"":132562,""detectors_checked"":68014080}"
      1024,         0,         0,   0.089,standalone_exact_mw,9d8ad86e51451842b54dafc7680d1b486ef291963bb72c70f3cdd570d2d8fa34,"{""distance"":7,""physical_error_rate"":0.002}","{""detection_events"":6274,""detectors_checked"":829440}"
      1024,         0,         0,   0.086,standalone_exact_mw,9d8ad86e51451842b54dafc7680d1b486ef291963bb72c70f3cdd570d2d8fa34,"{""distance"":7,""physical_error_rate"":0.002}","{""detection_events"":6433,""detectors_checked"":829440}"
     12288,         0,         0,    1.25,standalone_exact_mw,ba5ada56442ed2ba457be44e3218b165c8a19e21146c9941e841199e65961aae,"{""distance"":7,""physical_error_rate"":0.0005}","{""detection_events"":19129,""detectors_checked"":9953280}"
      2048,         0,         0,   0.115,standalone_exact_mw,9d8ad86e51451842b54dafc7680d1b486ef291963bb72c70f3cdd570d2d8fa34,"{""distance"":7,""physical_error_rate"":0.002}","{""detection_events"":12723,""detectors_checked"":1658880}"
      3072,         0,         0,   0.418,standalone_exact_mw,3bd544bb51e006261b45d3a2c996e28fc0c0449411cee5f7deafcd25d9539ebc,"{""distance"":7,""physical_error_rate"":0.001}","{""detection_events"":9629,""detectors_checked"":2488320}"
     20480,         0,         0,    1.58,standalone_exact_mw,e5383d45c2b34399c539563e7789a53fd4b96cd0b38eade39a3cbfe07ba21ab0,"{""distance"":7,""physical_error_rate"":0.0002}","{""detection_events"":12853,""detectors_checked"":16588800}"
     30720,         0,         0,    2.17,standalone_exact_mw,ba5ada56442ed2ba457be44e3218b165c8a19e21146c9941e841199e65961aae,"{""distance"":7,""physical_error_rate"":0.0005}","{""detection_events"":48093,""detectors_checked"":24883200}"
      6144,         0,         0,   0.668,standalone_exact_mw,ba5ada56442ed2ba457be44e3218b165c8a19e21146c9941e841199e65961aae,"{""distance"":7,""physical_error_rate"":0.0005}","{""detection_events"":9520,""detectors_checked"":4976640}"
     33792,         0,         0,    2.19,standalone_exact_mw,3bd544bb51e006261b45d3a2c996e28fc0c0449411cee5f7deafcd25d9539ebc,"{""distance"":7,""physical_error_rate"":0.001}","{""detection_events"":105783,""detectors_checked"":27371520}"
      2048,         0,         0,   0.160,standalone_exact_mw,9d8ad86e51451842b54dafc7680d1b486ef291963bb72c70f3cdd570d2d8fa34,"{""distance"":7,""physical_error_rate"":0.002}","{""detection_events"":12871,""detectors_checked"":1658880}"
    167936,         0,         0,    3.04,standalone_exact_mw,e5383d45c2b34399c539563e7789a53fd4b96cd0b38eade39a3cbfe07ba21ab0,"{""distance"":7,""physical_error_rate"":0.0002}","{""detection_events"":105213,""detectors_checked"":136028160}"
     57344,         0,         0,    3.06,standalone_exact_mw,9d8ad86e51451842b54dafc7680d1b486ef291963bb72c70f3cdd570d2d8fa34,"{""distance"":7,""physical_error_rate"":0.002}","{""detection_events"":356460,""detectors_checked"":46448640}"
     12288,         0,         0,    1.57,standalone_exact_mw,ba5ada56442ed2ba457be44e3218b165c8a19e21146c9941e841199e65961aae,"{""distance"":7,""physical_error_rate"":0.0005}","{""detection_events"":19539,""detectors_checked"":9953280}"
      3072,         0,         0,   0.244,standalone_exact_mw,9d8ad86e51451842b54dafc7680d1b486ef291963bb72c70f3cdd570d2d8fa34,"{""distance"":7,""physical_error_rate"":0.002}","{""detection_events"":19506,""detectors_checked"":2488320}"
      4096,         0,         0,   0.920,standalone_exact_mw,e5383d45c2b34399c539563e7789a53fd4b96cd0b38eade39a3cbfe07ba21ab0,"{""distance"":7,""physical_error_rate"":0.0002}","{""detection_events"":2615,""detectors_checked"":3317760}"
     14336,         0,         0,    2.23,standalone_exact_mw,9d8ad86e51451842b54dafc7680d1b486ef291963bb72c70f3cdd570d2d8fa34,"{""distance"":7,""physical_error_rate"":0.002}","{""detection_events"":88397,""detectors_checked"":11612160}"
     66560,         0,         0,    3.03,standalone_exact_mw,ba5ada56442ed2ba457be44e3218b165c8a19e21146c9941e841199e65961aae,"{""distance"":7,""physical_error_rate"":0.0005}","{""detection_events"":104104,""detectors_checked"":53913600}"
      5120,         0,         0,   0.660,standalone_exact_mw,3bd544bb51e006261b45d3a2c996e28fc0c0449411cee5f7deafcd25d9539ebc,"{""distance"":7,""physical_error_rate"":0.001}","{""detection_events"":16133,""detectors_checked"":4147200}"
     56320,         0,         0,    3.05,standalone_exact_mw,9d8ad86e51451842b54dafc7680d1b486ef291963bb72c70f3cdd570d2d8fa34,"{""distance"":7,""physical_error_rate"":0.002}","{""detection_events"":349923,""detectors_checked"":45619200}"
      3072,         0,         0,   0.305,standalone_exact_mw,9d8ad86e51451842b54dafc7680d1b486ef291963bb72c70f3cdd570d2d8fa34,"{""distance"":7,""physical_error_rate"":0.002}","{""detection_events"":19545,""detectors_checked"":2488320}"
     57344,         0,         0,    3.36,standalone_exact_mw,e5383d45c2b34399c539563e7789a53fd4b96cd0b38eade39a3cbfe07ba21ab0,"{""distance"":7,""physical_error_rate"":0.0002}","{""detection_events"":36376,""detectors_checked"":46448640}"
     22528,         0,         0,    3.06,standalone_exact_mw,9d8ad86e51451842b54dafc7680d1b486ef291963bb72c70f3cdd570d2d8fa34,"{""distance"":7,""physical_error_rate"":0.002}","{""detection_events"":138788,""detectors_checked"":18247680}"
     71680,         0,         0,    3.09,standalone_exact_mw,3bd544bb51e006261b45d3a2c996e28fc0c0449411cee5f7deafcd25d9539ebc,"{""distance"":7,""physical_error_rate"":0.001}","{""detection_events"":223877,""detectors_checked"":58060800}"
     34816,         0,         0,    3.00,standalone_exact_mw,e5383d45c2b34399c539563e7789a53fd4b96cd0b38eade39a3cbfe07ba21ab0,"{""distance"":7,""physical_error_rate"":0.0002}","{""detection_events"":22123,""detectors_checked"":28200960}"
      5120,         0,         0,   0.999,standalone_exact_mw,ba5ada56442ed2ba457be44e3218b165c8a19e21146c9941e841199e65961aae,"{""distance"":7,""physical_error_rate"":0.0005}","{""detection_events"":8060,""detectors_checked"":4147200}"
     14336,         0,         0,    3.07,standalone_exact_mw,9d8ad86e51451842b54dafc7680d1b486ef291963bb72c70f3cdd570d2d8fa34,"{""distance"":7,""physical_error_rate"":0.002}","{""detection_events"":88742,""detectors_checked"":11612160}"
      4096,         0,         0,   0.447,standalone_exact_mw,9d8ad86e51451842b54dafc7680d1b486ef291963bb72c70f3cdd570d2d8fa34,"{""distance"":7,""physical_error_rate"":0.002}","{""detection_events"":25792,""detectors_checked"":3317760}"
     19456,         0,         0,    2.27,standalone_exact_mw,ba5ada56442ed2ba457be44e3218b165c8a19e21146c9941e841199e65961aae,"{""distance"":7,""physical_error_rate"":0.0005}","{""detection_events"":30410,""detectors_checked"":15759360}"
     48128,         0,         0,    3.07,standalone_exact_mw,3bd544bb51e006261b45d3a2c996e28fc0c0449411cee5f7deafcd25d9539ebc,"{""distance"":7,""physical_error_rate"":0.001}","{""detection_events"":149505,""detectors_checked"":38983680}"
      6144,         0,         0,    1.56,standalone_exact_mw,ba5ada56442ed2ba457be44e3218b165c8a19e21146c9941e841199e65961aae,"{""distance"":7,""physical_error_rate"":0.0005}","{""detection_events"":9734,""detectors_checked"":4976640}"
      6144,         0,         0,   0.920,standalone_exact_mw,3bd544bb51e006261b45d3a2c996e28fc0c0449411cee5f7deafcd25d9539ebc,"{""distance"":7,""physical_error_rate"":0.001}","{""detection_events"":18850,""detectors_checked"":4976640}"
     16384,         0,         0,    1.28,standalone_exact_mw,e5383d45c2b34399c539563e7789a53fd4b96cd0b38eade39a3cbfe07ba21ab0,"{""distance"":7,""physical_error_rate"":0.0002}","{""detection_events"":10511,""detectors_checked"":13271040}"
      4096,         0,         0,   0.717,standalone_exact_mw,9d8ad86e51451842b54dafc7680d1b486ef291963bb72c70f3cdd570d2d8fa34,"{""distance"":7,""physical_error_rate"":0.002}","{""detection_events"":25359,""detectors_checked"":3317760}"
     12288,         0,         0,    1.14,standalone_exact_mw,ba5ada56442ed2ba457be44e3218b165c8a19e21146c9941e841199e65961aae,"{""distance"":7,""physical_error_rate"":0.0005}","{""detection_events"":19089,""detectors_checked"":9953280}"
     25600,         0,         0,    2.28,standalone_exact_mw,e5383d45c2b34399c539563e7789a53fd4b96cd0b38eade39a3cbfe07ba21ab0,"{""distance"":7,""physical_error_rate"":0.0002}","{""detection_events"":15817,""detectors_checked"":20736000}"
    108544,         0,         0,    3.05,standalone_exact_mw,e5383d45c2b34399c539563e7789a53fd4b96cd0b38eade39a3cbfe07ba21ab0,"{""distance"":7,""physical_error_rate"":0.0002}","{""detection_events"":68230,""detectors_checked"":87920640}"
     70656,         0,         0,    3.05,standalone_exact_mw,3bd544bb51e006261b45d3a2c996e28fc0c0449411cee5f7deafcd25d9539ebc,"{""distance"":7,""physical_error_rate"":0.001}","{""detection_events"":221225,""detectors_checked"":57231360}"
     12288,         0,         0,    3.20,standalone_exact_mw,3bd544bb51e006261b45d3a2c996e28fc0c0449411cee5f7deafcd25d9539ebc,"{""distance"":7,""physical_error_rate"":0.001}","{""detection_events"":38387,""detectors_checked"":9953280}"
     18432,         0,         0,    2.24,standalone_exact_mw,ba5ada56442ed2ba457be44e3218b165c8a19e21146c9941e841199e65961aae,"{""distance"":7,""physical_error_rate"":0.0005}","{""detection_events"":28950,""detectors_checked"":14929920}"
      5120,         0,         0,   0.845,standalone_exact_mw,9d8ad86e51451842b54dafc7680d1b486ef291963bb72c70f3cdd570d2d8fa34,"{""distance"":7,""physical_error_rate"":0.002}","{""detection_events"":32062,""detectors_checked"":4147200}"
      4096,         0,         0,    1.16,standalone_exact_mw,3bd544bb51e006261b45d3a2c996e28fc0c0449411cee5f7deafcd25d9539ebc,"{""distance"":7,""physical_error_rate"":0.001}","{""detection_events"":12852,""detectors_checked"":3317760}"
     38912,         0,         0,    3.07,standalone_exact_mw,3bd544bb51e006261b45d3a2c996e28fc0c0449411cee5f7deafcd25d9539ebc,"{""distance"":7,""physical_error_rate"":0.001}","{""detection_events"":121700,""detectors_checked"":31518720}"
      5120,         0,         0,    1.62,standalone_exact_mw,e5383d45c2b34399c539563e7789a53fd4b96cd0b38eade39a3cbfe07ba21ab0,"{""distance"":7,""physical_error_rate"":0.0002}","{""detection_events"":3193,""detectors_checked"":4147200}"
     26624,         0,         0,    3.17,standalone_exact_mw,ba5ada56442ed2ba457be44e3218b165c8a19e21146c9941e841199e65961aae,"{""distance"":7,""physical_error_rate"":0.0005}","{""detection_events"":42135,""detectors_checked"":21565440}"
      6144,         0,         0,    2.26,standalone_exact_mw,ba5ada56442ed2ba457be44e3218b165c8a19e21146c9941e841199e65961aae,"{""distance"":7,""physical_error_rate"":0.0005}","{""detection_events"":9773,""detectors_checked"":4976640}"
     17408,         0,         0,    1.56,standalone_exact_mw,ba5ada56442ed2ba457be44e3218b165c8a19e21146c9941e841199e65961aae,"{""distance"":7,""physical_error_rate"":0.0005}","{""detection_events"":27254,""detectors_checked"":14100480}"
     11264,         0,         0,    1.21,standalone_exact_mw,9d8ad86e51451842b54dafc7680d1b486ef291963bb72c70f3cdd570d2d8fa34,"{""distance"":7,""physical_error_rate"":0.002}","{""detection_events"":70136,""detectors_checked"":9123840}"
     12288,         0,         0,    3.50,standalone_exact_mw,9d8ad86e51451842b54dafc7680d1b486ef291963bb72c70f3cdd570d2d8fa34,"{""distance"":7,""physical_error_rate"":0.002}","{""detection_events"":77144,""detectors_checked"":9953280}"
    126976,         0,         0,    4.30,standalone_exact_mw,ba5ada56442ed2ba457be44e3218b165c8a19e21146c9941e841199e65961aae,"{""distance"":7,""physical_error_rate"":0.0005}","{""detection_events"":198268,""detectors_checked"":102850560}"
     10240,         0,         0,    3.07,standalone_exact_mw,ba5ada56442ed2ba457be44e3218b165c8a19e21146c9941e841199e65961aae,"{""distance"":7,""physical_error_rate"":0.0005}","{""detection_events"":15961,""detectors_checked"":8294400}"
      5120,         0,         0,    1.57,standalone_exact_mw,3bd544bb51e006261b45d3a2c996e28fc0c0449411cee5f7deafcd25d9539ebc,"{""distance"":7,""physical_error_rate"":0.001}","{""detection_events"":16232,""detectors_checked"":4147200}"
    264192,         0,         0,    4.28,standalone_exact_mw,e5383d45c2b34399c539563e7789a53fd4b96cd0b38eade39a3cbfe07ba21ab0,"{""distance"":7,""physical_error_rate"":0.0002}","{""detection_events"":166698,""detectors_checked"":213995520}"
     80896,         0,         0,    4.30,standalone_exact_mw,9d8ad86e51451842b54dafc7680d1b486ef291963bb72c70f3cdd570d2d8fa34,"{""distance"":7,""physical_error_rate"":0.002}","{""detection_events"":501307,""detectors_checked"":65525760}"
     51200,         0,         0,    4.26,standalone_exact_mw,ba5ada56442ed2ba457be44e3218b165c8a19e21146c9941e841199e65961aae,"{""distance"":7,""physical_error_rate"":0.0005}","{""detection_events"":80625,""detectors_checked"":41472000}"
     81920,         0,         0,    4.29,standalone_exact_mw,9d8ad86e51451842b54dafc7680d1b486ef291963bb72c70f3cdd570d2d8fa34,"{""distance"":7,""physical_error_rate"":0.002}","{""detection_events"":508649,""detectors_checked"":66355200}"
     23552,         0,         0,    4.21,standalone_exact_mw,9d8ad86e51451842b54dafc7680d1b486ef291963bb72c70f3cdd570d2d8fa34,"{""distance"":7,""physical_error_rate"":0.002}","{""detection_events"":146314,""detectors_checked"":19077120}"
     30720,         0,         0,    4.35,standalone_exact_mw,e5383d45c2b34399c539563e7789a53fd4b96cd0b38eade39a3cbfe07ba21ab0,"{""distance"":7,""physical_error_rate"":0.0002}","{""detection_events"":19162,""detectors_checked"":24883200}"
     87040,         0,         0,    4.27,standalone_exact_mw,3bd544bb51e006261b45d3a2c996e28fc0c0449411cee5f7deafcd25d9539ebc,"{""distance"":7,""physical_error_rate"":0.001}","{""detection_events"":272426,""detectors_checked"":70502400}"
     43008,         0,         0,    4.34,standalone_exact_mw,e5383d45c2b34399c539563e7789a53fd4b96cd0b38eade39a3cbfe07ba21ab0,"{""distance"":7,""physical_error_rate"":0.0002}","{""detection_events"":27077,""detectors_checked"":34836480}"
     18432,         0,         0,    3.05,standalone_exact_mw,e5383d45c2b34399c539563e7789a53fd4b96cd0b38eade39a3cbfe07ba21ab0,"{""distance"":7,""physical_error_rate"":0.0002}","{""detection_events"":11593,""detectors_checked"":14929920}"
     53248,         0,         0,    4.30,standalone_exact_mw,9d8ad86e51451842b54dafc7680d1b486ef291963bb72c70f3cdd570d2d8fa34,"{""distance"":7,""physical_error_rate"":0.002}","{""detection_events"":329303,""detectors_checked"":43130880}"
     74752,         0,         0,    4.26,standalone_exact_mw,3bd544bb51e006261b45d3a2c996e28fc0c0449411cee5f7deafcd25d9539ebc,"{""distance"":7,""physical_error_rate"":0.001}","{""detection_events"":233918,""detectors_checked"":60549120}"
     10240,         0,         0,    1.61,standalone_exact_mw,9d8ad86e51451842b54dafc7680d1b486ef291963bb72c70f3cdd570d2d8fa34,"{""distance"":7,""physical_error_rate"":0.002}","{""detection_events"":63710,""detectors_checked"":8294400}"
     12288,         0,         0,    2.23,standalone_exact_mw,e5383d45c2b34399c539563e7789a53fd4b96cd0b38eade39a3cbfe07ba21ab0,"{""distance"":7,""physical_error_rate"":0.0002}","{""detection_events"":7612,""detectors_checked"":9953280}"
     16384,         0,         0,    3.05,standalone_exact_mw,ba5ada56442ed2ba457be44e3218b165c8a19e21146c9941e841199e65961aae,"{""distance"":7,""physical_error_rate"":0.0005}","{""detection_events"":25525,""detectors_checked"":13271040}"
     10240,         0,         0,    2.48,standalone_exact_mw,ba5ada56442ed2ba457be44e3218b165c8a19e21146c9941e841199e65961aae,"{""distance"":7,""physical_error_rate"":0.0005}","{""detection_events"":16209,""detectors_checked"":8294400}"
      5120,         0,         0,    2.21,standalone_exact_mw,3bd544bb51e006261b45d3a2c996e28fc0c0449411cee5f7deafcd25d9539ebc,"{""distance"":7,""physical_error_rate"":0.001}","{""detection_events"":15580,""detectors_checked"":4147200}"
     91136,         0,         0,    4.24,standalone_exact_mw,3bd544bb51e006261b45d3a2c996e28fc0c0449411cee5f7deafcd25d9539ebc,"{""distance"":7,""physical_error_rate"":0.001}","{""detection_events"":284010,""detectors_checked"":73820160}"
    131072,         0,         0,    4.28,standalone_exact_mw,e5383d45c2b34399c539563e7789a53fd4b96cd0b38eade39a3cbfe07ba21ab0,"{""distance"":7,""physical_error_rate"":0.0002}","{""detection_events"":82510,""detectors_checked"":106168320}"
     11264,         0,         0,    3.09,standalone_exact_mw,ba5ada56442ed2ba457be44e3218b165c8a19e21146c9941e841199e65961aae,"{""distance"":7,""physical_error_rate"":0.0005}","{""detection_events"":17631,""detectors_checked"":9123840}"
     28672,         0,         0,    4.65,standalone_exact_mw,3bd544bb51e006261b45d3a2c996e28fc0c0449411cee5f7deafcd25d9539ebc,"{""distance"":7,""physical_error_rate"":0.001}","{""detection_events"":89947,""detectors_checked"":23224320}"
     66560,         0,         0,    4.27,standalone_exact_mw,3bd544bb51e006261b45d3a2c996e28fc0c0449411cee5f7deafcd25d9539ebc,"{""distance"":7,""physical_error_rate"":0.001}","{""detection_events"":208426,""detectors_checked"":53913600}"
     45056,         0,         0,    4.29,standalone_exact_mw,ba5ada56442ed2ba457be44e3218b165c8a19e21146c9941e841199e65961aae,"{""distance"":7,""physical_error_rate"":0.0005}","{""detection_events"":70162,""detectors_checked"":36495360}"
     12288,         0,         0,    2.20,standalone_exact_mw,9d8ad86e51451842b54dafc7680d1b486ef291963bb72c70f3cdd570d2d8fa34,"{""distance"":7,""physical_error_rate"":0.002}","{""detection_events"":76312,""detectors_checked"":9953280}"
     30720,         0,         0,    4.30,standalone_exact_mw,9d8ad86e51451842b54dafc7680d1b486ef291963bb72c70f3cdd570d2d8fa34,"{""distance"":7,""physical_error_rate"":0.002}","{""detection_events"":191101,""detectors_checked"":24883200}"
     33792,         0,         0,    3.05,standalone_exact_mw,e5383d45c2b34399c539563e7789a53fd4b96cd0b38eade39a3cbfe07ba21ab0,"{""distance"":7,""physical_error_rate"":0.0002}","{""detection_events"":21262,""detectors_checked"":27371520}"
     21504,         0,         0,    4.40,standalone_exact_mw,ba5ada56442ed2ba457be44e3218b165c8a19e21146c9941e841199e65961aae,"{""distance"":7,""physical_error_rate"":0.0005}","{""detection_events"":33321,""detectors_checked"":17418240}"
     34816,         0,         0,    3.13,standalone_exact_mw,ba5ada56442ed2ba457be44e3218b165c8a19e21146c9941e841199e65961aae,"{""distance"":7,""physical_error_rate"":0.0005}","{""detection_events"":54412,""detectors_checked"":28200960}"
     14336,         0,         0,    3.08,standalone_exact_mw,3bd544bb51e006261b45d3a2c996e28fc0c0449411cee5f7deafcd25d9539ebc,"{""distance"":7,""physical_error_rate"":0.001}","{""detection_events"":45264,""detectors_checked"":11612160}"
     30720,         0,         0,    4.35,standalone_exact_mw,e5383d45c2b34399c539563e7789a53fd4b96cd0b38eade39a3cbfe07ba21ab0,"{""distance"":7,""physical_error_rate"":0.0002}","{""detection_events"":19336,""detectors_checked"":24883200}"
     61440,         0,         0,    4.34,standalone_exact_mw,ba5ada56442ed2ba457be44e3218b165c8a19e21146c9941e841199e65961aae,"{""distance"":7,""physical_error_rate"":0.0005}","{""detection_events"":96110,""detectors_checked"":49766400}"
    198656,         0,         0,    5.96,standalone_exact_mw,ba5ada56442ed2ba457be44e3218b165c8a19e21146c9941e841199e65961aae,"{""distance"":7,""physical_error_rate"":0.0005}","{""detection_events"":311123,""detectors_checked"":160911360}"
    210944,         0,         0,    5.98,standalone_exact_mw,e5383d45c2b34399c539563e7789a53fd4b96cd0b38eade39a3cbfe07ba21ab0,"{""distance"":7,""physical_error_rate"":0.0002}","{""detection_events"":133031,""detectors_checked"":170864640}"
     89088,         0,         0,    6.00,standalone_exact_mw,9d8ad86e51451842b54dafc7680d1b486ef291963bb72c70f3cdd570d2d8fa34,"{""distance"":7,""physical_error_rate"":0.002}","{""detection_events"":552443,""detectors_checked"":72161280}"
    168960,         0,         0,    5.98,standalone_exact_mw,ba5ada56442ed2ba457be44e3218b165c8a19e21146c9941e841199e65961aae,"{""distance"":7,""physical_error_rate"":0.0005}","{""detection_events"":266220,""detectors_checked"":136857600}"
     16384,         0,         0,    3.19,standalone_exact_mw,9d8ad86e51451842b54dafc7680d1b486ef291963bb72c70f3cdd570d2d8fa34,"{""distance"":7,""physical_error_rate"":0.002}","{""detection_events"":101778,""detectors_checked"":13271040}"
    115712,         0,         0,    5.98,standalone_exact_mw,9d8ad86e51451842b54dafc7680d1b486ef291963bb72c70f3cdd570d2d8fa34,"{""distance"":7,""physical_error_rate"":0.002}","{""detection_events"":719320,""detectors_checked"":93726720}"
     89088,         0,         0,    6.03,standalone_exact_mw,9d8ad86e51451842b54dafc7680d1b486ef291963bb72c70f3cdd570d2d8fa34,"{""distance"":7,""physical_error_rate"":0.002}","{""detection_events"":554059,""detectors_checked"":72161280}"
    137216,         0,         0,    5.97,standalone_exact_mw,3bd544bb51e006261b45d3a2c996e28fc0c0449411cee5f7deafcd25d9539ebc,"{""distance"":7,""physical_error_rate"":0.001}","{""detection_events"":427345,""detectors_checked"":111144960}"
     71680,         0,         0,    5.99,standalone_exact_mw,e5383d45c2b34399c539563e7789a53fd4b96cd0b38eade39a3cbfe07ba21ab0,"{""distance"":7,""physical_error_rate"":0.0002}","{""detection_events"":45147,""detectors_checked"":58060800}"
     53248,         0,         0,    6.03,standalone_exact_mw,e5383d45c2b34399c539563e7789a53fd4b96cd0b38eade39a3cbfe07ba21ab0,"{""distance"":7,""physical_error_rate"":0.0002}","{""detection_events"":33778,""detectors_checked"":43130880}"
     33792,         0,         0,    4.38,standalone_exact_mw,ba5ada56442ed2ba457be44e3218b165c8a19e21146c9941e841199e65961aae,"{""distance"":7,""physical_error_rate"":0.0005}","{""detection_events"":53107,""detectors_checked"":27371520}"
     80896,         0,         0,    5.96,standalone_exact_mw,9d8ad86e51451842b54dafc7680d1b486ef291963bb72c70f3cdd570d2d8fa34,"{""distance"":7,""physical_error_rate"":0.002}","{""detection_events"":504117,""detectors_checked"":65525760}"
     69632,         0,         0,    5.99,standalone_exact_mw,3bd544bb51e006261b45d3a2c996e28fc0c0449411cee5f7deafcd25d9539ebc,"{""distance"":7,""physical_error_rate"":0.001}","{""detection_events"":218585,""detectors_checked"":56401920}"
     70656,         0,         0,    5.96,standalone_exact_mw,3bd544bb51e006261b45d3a2c996e28fc0c0449411cee5f7deafcd25d9539ebc,"{""distance"":7,""physical_error_rate"":0.001}","{""detection_events"":220201,""detectors_checked"":57231360}"
     78848,         0,         0,    6.13,standalone_exact_mw,e5383d45c2b34399c539563e7789a53fd4b96cd0b38eade39a3cbfe07ba21ab0,"{""distance"":7,""physical_error_rate"":0.0002}","{""detection_events"":49482,""detectors_checked"":63866880}"
     36864,         0,         0,    4.36,standalone_exact_mw,e5383d45c2b34399c539563e7789a53fd4b96cd0b38eade39a3cbfe07ba21ab0,"{""distance"":7,""physical_error_rate"":0.0002}","{""detection_events"":23217,""detectors_checked"":29859840}"
     23552,         0,         0,    6.09,standalone_exact_mw,3bd544bb51e006261b45d3a2c996e28fc0c0449411cee5f7deafcd25d9539ebc,"{""distance"":7,""physical_error_rate"":0.001}","{""detection_events"":73813,""detectors_checked"":19077120}"
    106496,         0,         0,    6.02,standalone_exact_mw,3bd544bb51e006261b45d3a2c996e28fc0c0449411cee5f7deafcd25d9539ebc,"{""distance"":7,""physical_error_rate"":0.001}","{""detection_events"":333743,""detectors_checked"":86261760}"
     86016,         0,         0,    6.03,standalone_exact_mw,ba5ada56442ed2ba457be44e3218b165c8a19e21146c9941e841199e65961aae,"{""distance"":7,""physical_error_rate"":0.0005}","{""detection_events"":134595,""detectors_checked"":69672960}"
     19456,         0,         0,    4.34,standalone_exact_mw,ba5ada56442ed2ba457be44e3218b165c8a19e21146c9941e841199e65961aae,"{""distance"":7,""physical_error_rate"":0.0005}","{""detection_events"":30914,""detectors_checked"":15759360}"
     39936,         0,         0,    4.32,standalone_exact_mw,3bd544bb51e006261b45d3a2c996e28fc0c0449411cee5f7deafcd25d9539ebc,"{""distance"":7,""physical_error_rate"":0.001}","{""detection_events"":124743,""detectors_checked"":32348160}"
     88064,         0,         0,    5.97,standalone_exact_mw,9d8ad86e51451842b54dafc7680d1b486ef291963bb72c70f3cdd570d2d8fa34,"{""distance"":7,""physical_error_rate"":0.002}","{""detection_events"":546826,""detectors_checked"":71331840}"
     49152,         0,         0,    6.06,standalone_exact_mw,ba5ada56442ed2ba457be44e3218b165c8a19e21146c9941e841199e65961aae,"{""distance"":7,""physical_error_rate"":0.0005}","{""detection_events"":77332,""detectors_checked"":39813120}"
     22528,         0,         0,    4.24,standalone_exact_mw,9d8ad86e51451842b54dafc7680d1b486ef291963bb72c70f3cdd570d2d8fa34,"{""distance"":7,""physical_error_rate"":0.002}","{""detection_events"":140164,""detectors_checked"":18247680}"
     89088,         0,         0,    5.97,standalone_exact_mw,e5383d45c2b34399c539563e7789a53fd4b96cd0b38eade39a3cbfe07ba21ab0,"{""distance"":7,""physical_error_rate"":0.0002}","{""detection_events"":55901,""detectors_checked"":72161280}"
     33792,         0,         0,    6.18,standalone_exact_mw,ba5ada56442ed2ba457be44e3218b165c8a19e21146c9941e841199e65961aae,"{""distance"":7,""physical_error_rate"":0.0005}","{""detection_events"":53451,""detectors_checked"":27371520}"
     41984,         0,         0,    6.34,standalone_exact_mw,ba5ada56442ed2ba457be44e3218b165c8a19e21146c9941e841199e65961aae,"{""distance"":7,""physical_error_rate"":0.0005}","{""detection_events"":65550,""detectors_checked"":34007040}"
    288768,         0,         0,    8.35,standalone_exact_mw,ba5ada56442ed2ba457be44e3218b165c8a19e21146c9941e841199e65961aae,"{""distance"":7,""physical_error_rate"":0.0005}","{""detection_events"":453297,""detectors_checked"":233902080}"
    346112,         0,         0,    8.34,standalone_exact_mw,e5383d45c2b34399c539563e7789a53fd4b96cd0b38eade39a3cbfe07ba21ab0,"{""distance"":7,""physical_error_rate"":0.0002}","{""detection_events"":217305,""detectors_checked"":280350720}"
    165888,         0,         0,    8.36,standalone_exact_mw,9d8ad86e51451842b54dafc7680d1b486ef291963bb72c70f3cdd570d2d8fa34,"{""distance"":7,""physical_error_rate"":0.002}","{""detection_events"":1032251,""detectors_checked"":134369280}"
     37888,         0,         0,    6.03,standalone_exact_mw,e5383d45c2b34399c539563e7789a53fd4b96cd0b38eade39a3cbfe07ba21ab0,"{""distance"":7,""physical_error_rate"":0.0002}","{""detection_events"":24041,""detectors_checked"":30689280}"
    186368,         0,         0,    8.35,standalone_exact_mw,9d8ad86e51451842b54dafc7680d1b486ef291963bb72c70f3cdd570d2d8fa34,"{""distance"":7,""physical_error_rate"":0.002}","{""detection_events"":1158012,""detectors_checked"":150958080}"
    209920,         0,         0,    8.43,standalone_exact_mw,ba5ada56442ed2ba457be44e3218b165c8a19e21146c9941e841199e65961aae,"{""distance"":7,""physical_error_rate"":0.0005}","{""detection_events"":328022,""detectors_checked"":170035200}"
    148480,         0,         0,    8.38,standalone_exact_mw,9d8ad86e51451842b54dafc7680d1b486ef291963bb72c70f3cdd570d2d8fa34,"{""distance"":7,""physical_error_rate"":0.002}","{""detection_events"":922785,""detectors_checked"":120268800}"
    225280,         0,         0,    8.36,standalone_exact_mw,3bd544bb51e006261b45d3a2c996e28fc0c0449411cee5f7deafcd25d9539ebc,"{""distance"":7,""physical_error_rate"":0.001}","{""detection_events"":704942,""detectors_checked"":182476800}"
    198656,         0,         0,    8.29,standalone_exact_mw,e5383d45c2b34399c539563e7789a53fd4b96cd0b38eade39a3cbfe07ba21ab0,"{""distance"":7,""physical_error_rate"":0.0002}","{""detection_events"":123571,""detectors_checked"":160911360}"
     46080,         0,         0,    8.56,standalone_exact_mw,e5383d45c2b34399c539563e7789a53fd4b96cd0b38eade39a3cbfe07ba21ab0,"{""distance"":7,""physical_error_rate"":0.0002}","{""detection_events"":28796,""detectors_checked"":37324800}"
     51200,         0,         0,    5.99,standalone_exact_mw,ba5ada56442ed2ba457be44e3218b165c8a19e21146c9941e841199e65961aae,"{""distance"":7,""physical_error_rate"":0.0005}","{""detection_events"":80588,""detectors_checked"":41472000}"
     57344,         0,         0,    8.36,standalone_exact_mw,9d8ad86e51451842b54dafc7680d1b486ef291963bb72c70f3cdd570d2d8fa34,"{""distance"":7,""physical_error_rate"":0.002}","{""detection_events"":356719,""detectors_checked"":46448640}"
    102400,         0,         0,    8.40,standalone_exact_mw,3bd544bb51e006261b45d3a2c996e28fc0c0449411cee5f7deafcd25d9539ebc,"{""distance"":7,""physical_error_rate"":0.001}","{""detection_events"":319054,""detectors_checked"":82944000}"
     20480,         0,         0,    6.16,standalone_exact_mw,3bd544bb51e006261b45d3a2c996e28fc0c0449411cee5f7deafcd25d9539ebc,"{""distance"":7,""physical_error_rate"":0.001}","{""detection_events"":64277,""detectors_checked"":16588800}"
     92160,         0,         0,    8.42,standalone_exact_mw,3bd544bb51e006261b45d3a2c996e28fc0c0449411cee5f7deafcd25d9539ebc,"{""distance"":7,""physical_error_rate"":0.001}","{""detection_events"":288334,""detectors_checked"":74649600}"
     50176,         0,         0,    8.34,standalone_exact_mw,e5383d45c2b34399c539563e7789a53fd4b96cd0b38eade39a3cbfe07ba21ab0,"{""distance"":7,""physical_error_rate"":0.0002}","{""detection_events"":31468,""detectors_checked"":40642560}"
     46080,         0,         0,    5.98,standalone_exact_mw,9d8ad86e51451842b54dafc7680d1b486ef291963bb72c70f3cdd570d2d8fa34,"{""distance"":7,""physical_error_rate"":0.002}","{""detection_events"":285890,""detectors_checked"":37324800}"
     69632,         0,         0,    8.35,standalone_exact_mw,3bd544bb51e006261b45d3a2c996e28fc0c0449411cee5f7deafcd25d9539ebc,"{""distance"":7,""physical_error_rate"":0.001}","{""detection_events"":218579,""detectors_checked"":56401920}"
     73728,         0,         0,    8.37,standalone_exact_mw,3bd544bb51e006261b45d3a2c996e28fc0c0449411cee5f7deafcd25d9539ebc,"{""distance"":7,""physical_error_rate"":0.001}","{""detection_events"":230051,""detectors_checked"":59719680}"
    138240,         0,         0,    8.37,standalone_exact_mw,ba5ada56442ed2ba457be44e3218b165c8a19e21146c9941e841199e65961aae,"{""distance"":7,""physical_error_rate"":0.0005}","{""detection_events"":218038,""detectors_checked"":111974400}"
     78848,         0,         0,    8.50,standalone_exact_mw,9d8ad86e51451842b54dafc7680d1b486ef291963bb72c70f3cdd570d2d8fa34,"{""distance"":7,""physical_error_rate"":0.002}","{""detection_events"":492119,""detectors_checked"":63866880}"
     39936,         0,         0,    8.38,standalone_exact_mw,ba5ada56442ed2ba457be44e3218b165c8a19e21146c9941e841199e65961aae,"{""distance"":7,""physical_error_rate"":0.0005}","{""detection_events"":62813,""detectors_checked"":32348160}"
     81920,         0,         0,    8.41,standalone_exact_mw,e5383d45c2b34399c539563e7789a53fd4b96cd0b38eade39a3cbfe07ba21ab0,"{""distance"":7,""physical_error_rate"":0.0002}","{""detection_events"":51833,""detectors_checked"":66355200}"
     59392,         0,         0,    8.66,standalone_exact_mw,ba5ada56442ed2ba457be44e3218b165c8a19e21146c9941e841199e65961aae,"{""distance"":7,""physical_error_rate"":0.0005}","{""detection_events"":93103,""detectors_checked"":48107520}"
     72704,         0,         0,    8.47,standalone_exact_mw,ba5ada56442ed2ba457be44e3218b165c8a19e21146c9941e841199e65961aae,"{""distance"":7,""physical_error_rate"":0.0005}","{""detection_events"":114196,""detectors_checked"":58890240}"
    107520,         0,         0,    8.31,standalone_exact_mw,e5383d45c2b34399c539563e7789a53fd4b96cd0b38eade39a3cbfe07ba21ab0,"{""distance"":7,""physical_error_rate"":0.0002}","{""detection_events"":67490,""detectors_checked"":87091200}"
     87040,         0,         0,    8.42,standalone_exact_mw,ba5ada56442ed2ba457be44e3218b165c8a19e21146c9941e841199e65961aae,"{""distance"":7,""physical_error_rate"":0.0005}","{""detection_events"":137261,""detectors_checked"":70502400}"
     62464,         0,         0,    8.33,standalone_exact_mw,3bd544bb51e006261b45d3a2c996e28fc0c0449411cee5f7deafcd25d9539ebc,"{""distance"":7,""physical_error_rate"":0.001}","{""detection_events"":195276,""detectors_checked"":50595840}"
     33792,         0,         0,    8.56,standalone_exact_mw,9d8ad86e51451842b54dafc7680d1b486ef291963bb72c70f3cdd570d2d8fa34,"{""distance"":7,""physical_error_rate"":0.002}","{""detection_events"":209651,""detectors_checked"":27371520}"
    317440,         0,         0,    11.7,standalone_exact_mw,ba5ada56442ed2ba457be44e3218b165c8a19e21146c9941e841199e65961aae,"{""distance"":7,""physical_error_rate"":0.0005}","{""detection_events"":495015,""detectors_checked"":257126400}"
    401408,         0,         0,    11.7,standalone_exact_mw,e5383d45c2b34399c539563e7789a53fd4b96cd0b38eade39a3cbfe07ba21ab0,"{""distance"":7,""physical_error_rate"":0.0002}","{""detection_events"":252183,""detectors_checked"":325140480}"
    251904,         0,         0,    11.7,standalone_exact_mw,9d8ad86e51451842b54dafc7680d1b486ef291963bb72c70f3cdd570d2d8fa34,"{""distance"":7,""physical_error_rate"":0.002}","{""detection_events"":1567685,""detectors_checked"":204042240}"
    332800,         0,         0,    11.7,standalone_exact_mw,ba5ada56442ed2ba457be44e3218b165c8a19e21146c9941e841199e65961aae,"{""distance"":7,""physical_error_rate"":0.0005}","{""detection_events"":521513,""detectors_checked"":269568000}"
    223232,         0,         0,    11.7,standalone_exact_mw,9d8ad86e51451842b54dafc7680d1b486ef291963bb72c70f3cdd570d2d8fa34,"{""distance"":7,""physical_error_rate"":0.002}","{""detection_events"":1386300,""detectors_checked"":180817920}"
    138240,         0,         0,    11.7,standalone_exact_mw,9d8ad86e51451842b54dafc7680d1b486ef291963bb72c70f3cdd570d2d8fa34,"{""distance"":7,""physical_error_rate"":0.002}","{""detection_events"":860384,""detectors_checked"":111974400}"
    265216,         0,         0,    11.7,standalone_exact_mw,3bd544bb51e006261b45d3a2c996e28fc0c0449411cee5f7deafcd25d9539ebc,"{""distance"":7,""physical_error_rate"":0.001}","{""detection_events"":829692,""detectors_checked"":214824960}"
    202752,         0,         0,    11.8,standalone_exact_mw,e5383d45c2b34399c539563e7789a53fd4b96cd0b38eade39a3cbfe07ba21ab0,"{""distance"":7,""physical_error_rate"":0.0002}","{""detection_events"":128124,""detectors_checked"":164229120}"
    195584,         0,         0,    11.7,standalone_exact_mw,e5383d45c2b34399c539563e7789a53fd4b96cd0b38eade39a3cbfe07ba21ab0,"{""distance"":7,""physical_error_rate"":0.0002}","{""detection_events"":122027,""detectors_checked"":158423040}"
    162816,         0,         0,    11.8,standalone_exact_mw,9d8ad86e51451842b54dafc7680d1b486ef291963bb72c70f3cdd570d2d8fa34,"{""distance"":7,""physical_error_rate"":0.002}","{""detection_events"":1013578,""detectors_checked"":131880960}"
    135168,         0,         0,    11.8,standalone_exact_mw,3bd544bb51e006261b45d3a2c996e28fc0c0449411cee5f7deafcd25d9539ebc,"{""distance"":7,""physical_error_rate"":0.001}","{""detection_events"":424154,""detectors_checked"":109486080}"
    110592,         0,         0,    11.7,standalone_exact_mw,3bd544bb51e006261b45d3a2c996e28fc0c0449411cee5f7deafcd25d9539ebc,"{""distance"":7,""physical_error_rate"":0.001}","{""detection_events"":344743,""detectors_checked"":89579520}"
    182272,         0,         0,    11.7,standalone_exact_mw,e5383d45c2b34399c539563e7789a53fd4b96cd0b38eade39a3cbfe07ba21ab0,"{""distance"":7,""physical_error_rate"":0.0002}","{""detection_events"":114080,""detectors_checked"":147640320}"
     96256,         0,         0,    11.8,standalone_exact_mw,3bd544bb51e006261b45d3a2c996e28fc0c0449411cee5f7deafcd25d9539ebc,"{""distance"":7,""physical_error_rate"":0.001}","{""detection_events"":300803,""detectors_checked"":77967360}"
    149504,         0,         0,    11.7,standalone_exact_mw,3bd544bb51e006261b45d3a2c996e28fc0c0449411cee5f7deafcd25d9539ebc,"{""distance"":7,""physical_error_rate"":0.001}","{""detection_events"":467800,""detectors_checked"":121098240}"
    129024,         0,         0,    11.8,standalone_exact_mw,ba5ada56442ed2ba457be44e3218b165c8a19e21146c9941e841199e65961aae,"{""distance"":7,""physical_error_rate"":0.0005}","{""detection_events"":201911,""detectors_checked"":104509440}"
    113664,         0,         0,    11.7,standalone_exact_mw,9d8ad86e51451842b54dafc7680d1b486ef291963bb72c70f3cdd570d2d8fa34,"{""distance"":7,""physical_error_rate"":0.002}","{""detection_events"":705315,""detectors_checked"":92067840}"
    118784,         0,         0,    11.7,standalone_exact_mw,ba5ada56442ed2ba457be44e3218b165c8a19e21146c9941e841199e65961aae,"{""distance"":7,""physical_error_rate"":0.0005}","{""detection_events"":187584,""detectors_checked"":96215040}"
    104448,         0,         0,    11.7,standalone_exact_mw,e5383d45c2b34399c539563e7789a53fd4b96cd0b38eade39a3cbfe07ba21ab0,"{""distance"":7,""physical_error_rate"":0.0002}","{""detection_events"":65777,""detectors_checked"":84602880}"
     63488,         0,         0,    11.7,standalone_exact_mw,ba5ada56442ed2ba457be44e3218b165c8a19e21146c9941e841199e65961aae,"{""distance"":7,""physical_error_rate"":0.0005}","{""detection_events"":100378,""detectors_checked"":51425280}"
    119808,         0,         0,    11.7,standalone_exact_mw,ba5ada56442ed2ba457be44e3218b165c8a19e21146c9941e841199e65961aae,"{""distance"":7,""physical_error_rate"":0.0005}","{""detection_events"":188564,""detectors_checked"":97044480}"
    109568,         0,         0,    11.9,standalone_exact_mw,e5383d45c2b34399c539563e7789a53fd4b96cd0b38eade39a3cbfe07ba21ab0,"{""distance"":7,""physical_error_rate"":0.0002}","{""detection_events"":68205,""detectors_checked"":88750080}"
    131072,         0,         0,    12.0,standalone_exact_mw,ba5ada56442ed2ba457be44e3218b165c8a19e21146c9941e841199e65961aae,"{""distance"":7,""physical_error_rate"":0.0005}","{""detection_events"":205450,""detectors_checked"":106168320}"
     75776,         0,         0,    11.9,standalone_exact_mw,3bd544bb51e006261b45d3a2c996e28fc0c0449411cee5f7deafcd25d9539ebc,"{""distance"":7,""physical_error_rate"":0.001}","{""detection_events"":236130,""detectors_checked"":61378560}"
     81920,         0,         0,    11.8,standalone_exact_mw,9d8ad86e51451842b54dafc7680d1b486ef291963bb72c70f3cdd570d2d8fa34,"{""distance"":7,""physical_error_rate"":0.002}","{""detection_events"":508926,""detectors_checked"":66355200}"
    411648,         0,         0,    16.4,standalone_exact_mw,ba5ada56442ed2ba457be44e3218b165c8a19e21146c9941e841199e65961aae,"{""distance"":7,""physical_error_rate"":0.0005}","{""detection_events"":643814,""detectors_checked"":333434880}"
    503808,         0,         0,    16.3,standalone_exact_mw,e5383d45c2b34399c539563e7789a53fd4b96cd0b38eade39a3cbfe07ba21ab0,"{""distance"":7,""physical_error_rate"":0.0002}","{""detection_events"":316265,""detectors_checked"":408084480}"
    310272,         0,         0,    16.4,standalone_exact_mw,9d8ad86e51451842b54dafc7680d1b486ef291963bb72c70f3cdd570d2d8fa34,"{""distance"":7,""physical_error_rate"":0.002}","{""detection_events"":1928372,""detectors_checked"":251320320}"
    476160,         0,         0,    16.4,standalone_exact_mw,ba5ada56442ed2ba457be44e3218b165c8a19e21146c9941e841199e65961aae,"{""distance"":7,""physical_error_rate"":0.0005}","{""detection_events"":747383,""detectors_checked"":385689600}"
    307200,         0,         0,    16.3,standalone_exact_mw,9d8ad86e51451842b54dafc7680d1b486ef291963bb72c70f3cdd570d2d8fa34,"{""distance"":7,""physical_error_rate"":0.002}","{""detection_events"":1905575,""detectors_checked"":248832000}"
    379904,         0,         0,    16.3,standalone_exact_mw,3bd544bb51e006261b45d3a2c996e28fc0c0449411cee5f7deafcd25d9539ebc,"{""distance"":7,""physical_error_rate"":0.001}","{""detection_events"":1187897,""detectors_checked"":307722240}"
    107520,         0,         0,    16.3,standalone_exact_mw,9d8ad86e51451842b54dafc7680d1b486ef291963bb72c70f3cdd570d2d8fa34,"{""distance"":7,""physical_error_rate"":0.002}","{""detection_events"":667277,""detectors_checked"":87091200}"
    291840,         0,         0,    16.3,standalone_exact_mw,e5383d45c2b34399c539563e7789a53fd4b96cd0b38eade39a3cbfe07ba21ab0,"{""distance"":7,""physical_error_rate"":0.0002}","{""detection_events"":183896,""detectors_checked"":236390400}"
    203776,         0,         0,    16.4,standalone_exact_mw,e5383d45c2b34399c539563e7789a53fd4b96cd0b38eade39a3cbfe07ba21ab0,"{""distance"":7,""physical_error_rate"":0.0002}","{""detection_events"":128486,""detectors_checked"":165058560}"
    146432,         0,         0,    16.4,standalone_exact_mw,9d8ad86e51451842b54dafc7680d1b486ef291963bb72c70f3cdd570d2d8fa34,"{""distance"":7,""physical_error_rate"":0.002}","{""detection_events"":912342,""detectors_checked"":118609920}"
    265216,         0,         0,    16.4,standalone_exact_mw,3bd544bb51e006261b45d3a2c996e28fc0c0449411cee5f7deafcd25d9539ebc,"{""distance"":7,""physical_error_rate"":0.001}","{""detection_events"":828407,""detectors_checked"":214824960}"
    141312,         0,         0,    16.3,standalone_exact_mw,3bd544bb51e006261b45d3a2c996e28fc0c0449411cee5f7deafcd25d9539ebc,"{""distance"":7,""physical_error_rate"":0.001}","{""detection_events"":441090,""detectors_checked"":114462720}"
    149504,         0,         0,    16.4,standalone_exact_mw,e5383d45c2b34399c539563e7789a53fd4b96cd0b38eade39a3cbfe07ba21ab0,"{""distance"":7,""physical_error_rate"":0.0002}","{""detection_events"":93975,""detectors_checked"":121098240}"
    130048,         0,         0,    16.4,standalone_exact_mw,3bd544bb51e006261b45d3a2c996e28fc0c0449411cee5f7deafcd25d9539ebc,"{""distance"":7,""physical_error_rate"":0.001}","{""detection_events"":405906,""detectors_checked"":105338880}"
    144384,         0,         0,    16.3,standalone_exact_mw,3bd544bb51e006261b45d3a2c996e28fc0c0449411cee5f7deafcd25d9539ebc,"{""distance"":7,""physical_error_rate"":0.001}","{""detection_events"":448649,""detectors_checked"":116951040}"
    140288,         0,         0,    16.5,standalone_exact_mw,ba5ada56442ed2ba457be44e3218b165c8a19e21146c9941e841199e65961aae,"{""distance"":7,""physical_error_rate"":0.0005}","{""detection_events"":220131,""detectors_checked"":113633280}"
    135168,         0,         0,    16.4,standalone_exact_mw,9d8ad86e51451842b54dafc7680d1b486ef291963bb72c70f3cdd570d2d8fa34,"{""distance"":7,""physical_error_rate"":0.002}","{""detection_events"":841162,""detectors_checked"":109486080}"
    171008,         0,         0,    16.5,standalone_exact_mw,ba5ada56442ed2ba457be44e3218b165c8a19e21146c9941e841199e65961aae,"{""distance"":7,""physical_error_rate"":0.0005}","{""detection_events"":268755,""detectors_checked"":138516480}"
    174080,         0,         0,    16.4,standalone_exact_mw,e5383d45c2b34399c539563e7789a53fd4b96cd0b38eade39a3cbfe07ba21ab0,"{""distance"":7,""physical_error_rate"":0.0002}","{""detection_events"":108381,""detectors_checked"":141004800}"
    142336,         0,         0,    16.4,standalone_exact_mw,ba5ada56442ed2ba457be44e3218b165c8a19e21146c9941e841199e65961aae,"{""distance"":7,""physical_error_rate"":0.0005}","{""detection_events"":224132,""detectors_checked"":115292160}"
    116736,         0,         0,    16.4,standalone_exact_mw,ba5ada56442ed2ba457be44e3218b165c8a19e21146c9941e841199e65961aae,"{""distance"":7,""physical_error_rate"":0.0005}","{""detection_events"":182993,""detectors_checked"":94556160}"
   2128896,         0,         0,   119.7,standalone_exact_mw,9d8ad86e51451842b54dafc7680d1b486ef291963bb72c70f3cdd570d2d8fa34,"{""distance"":7,""physical_error_rate"":0.002}","{""detection_events"":13233219,""detectors_checked"":1724405760}"
   4319232,         0,         0,   119.6,standalone_exact_mw,e5383d45c2b34399c539563e7789a53fd4b96cd0b38eade39a3cbfe07ba21ab0,"{""distance"":7,""physical_error_rate"":0.0002}","{""detection_events"":2710102,""detectors_checked"":3498577920}"
   2681856,         0,         0,   119.8,standalone_exact_mw,3bd544bb51e006261b45d3a2c996e28fc0c0449411cee5f7deafcd25d9539ebc,"{""distance"":7,""physical_error_rate"":0.001}","{""detection_events"":8380789,""detectors_checked"":2172303360}"
   3377152,         0,         0,   119.7,standalone_exact_mw,ba5ada56442ed2ba457be44e3218b165c8a19e21146c9941e841199e65961aae,"{""distance"":7,""physical_error_rate"":0.0005}","{""detection_events"":5289990,""detectors_checked"":2735493120}"
   1134592,         0,         0,   119.7,standalone_exact_mw,9d8ad86e51451842b54dafc7680d1b486ef291963bb72c70f3cdd570d2d8fa34,"{""distance"":7,""physical_error_rate"":0.002}","{""detection_events"":7051980,""detectors_checked"":919019520}"
    142336,         0,         0,    16.3,standalone_exact_mw,e5383d45c2b34399c539563e7789a53fd4b96cd0b38eade39a3cbfe07ba21ab0,"{""distance"":7,""physical_error_rate"":0.0002}","{""detection_events"":89844,""detectors_checked"":115292160}"
   1225728,         0,         0,   119.3,standalone_exact_mw,e5383d45c2b34399c539563e7789a53fd4b96cd0b38eade39a3cbfe07ba21ab0,"{""distance"":7,""physical_error_rate"":0.0002}","{""detection_events"":768724,""detectors_checked"":992839680}"
   3083264,         0,         0,   119.5,standalone_exact_mw,e5383d45c2b34399c539563e7789a53fd4b96cd0b38eade39a3cbfe07ba21ab0,"{""distance"":7,""physical_error_rate"":0.0002}","{""detection_events"":1932955,""detectors_checked"":2497443840}"
   1208320,         0,         0,   119.4,standalone_exact_mw,e5383d45c2b34399c539563e7789a53fd4b96cd0b38eade39a3cbfe07ba21ab0,"{""distance"":7,""physical_error_rate"":0.0002}","{""detection_events"":761547,""detectors_checked"":978739200}"
    185344,         0,         0,    16.3,standalone_exact_mw,ba5ada56442ed2ba457be44e3218b165c8a19e21146c9941e841199e65961aae,"{""distance"":7,""physical_error_rate"":0.0005}","{""detection_events"":289525,""detectors_checked"":150128640}"
     75776,         0,         0,    16.3,standalone_exact_mw,3bd544bb51e006261b45d3a2c996e28fc0c0449411cee5f7deafcd25d9539ebc,"{""distance"":7,""physical_error_rate"":0.001}","{""detection_events"":236797,""detectors_checked"":61378560}"
   1207296,         0,         0,   119.3,standalone_exact_mw,ba5ada56442ed2ba457be44e3218b165c8a19e21146c9941e841199e65961aae,"{""distance"":7,""physical_error_rate"":0.0005}","{""detection_events"":1890115,""detectors_checked"":977909760}"
   2312192,         0,         0,   119.5,standalone_exact_mw,ba5ada56442ed2ba457be44e3218b165c8a19e21146c9941e841199e65961aae,"{""distance"":7,""physical_error_rate"":0.0005}","{""detection_events"":3620224,""detectors_checked"":1872875520}"
    610304,         0,         0,   119.7,standalone_exact_mw,9d8ad86e51451842b54dafc7680d1b486ef291963bb72c70f3cdd570d2d8fa34,"{""distance"":7,""physical_error_rate"":0.002}","{""detection_events"":3793922,""detectors_checked"":494346240}"
   1245184,         0,         0,   119.8,standalone_exact_mw,3bd544bb51e006261b45d3a2c996e28fc0c0449411cee5f7deafcd25d9539ebc,"{""distance"":7,""physical_error_rate"":0.001}","{""detection_events"":3895785,""detectors_checked"":1008599040}"
   2247680,         0,         0,   119.6,standalone_exact_mw,e5383d45c2b34399c539563e7789a53fd4b96cd0b38eade39a3cbfe07ba21ab0,"{""distance"":7,""physical_error_rate"":0.0002}","{""detection_events"":1411653,""detectors_checked"":1820620800}"
     93184,         0,         0,    16.6,standalone_exact_mw,9d8ad86e51451842b54dafc7680d1b486ef291963bb72c70f3cdd570d2d8fa34,"{""distance"":7,""physical_error_rate"":0.002}","{""detection_events"":577040,""detectors_checked"":75479040}"
    908288,         0,         0,   119.7,standalone_exact_mw,3bd544bb51e006261b45d3a2c996e28fc0c0449411cee5f7deafcd25d9539ebc,"{""distance"":7,""physical_error_rate"":0.001}","{""detection_events"":2844058,""detectors_checked"":735713280}"
    633856,         0,         0,   119.7,standalone_exact_mw,9d8ad86e51451842b54dafc7680d1b486ef291963bb72c70f3cdd570d2d8fa34,"{""distance"":7,""physical_error_rate"":0.002}","{""detection_events"":3937306,""detectors_checked"":513423360}"
    788480,         0,         0,   119.6,standalone_exact_mw,ba5ada56442ed2ba457be44e3218b165c8a19e21146c9941e841199e65961aae,"{""distance"":7,""physical_error_rate"":0.0005}","{""detection_events"":1237380,""detectors_checked"":638668800}"
   1240064,         0,         0,   119.7,standalone_exact_mw,3bd544bb51e006261b45d3a2c996e28fc0c0449411cee5f7deafcd25d9539ebc,"{""distance"":7,""physical_error_rate"":0.001}","{""detection_events"":3878887,""detectors_checked"":1004451840}"
    533504,         0,         0,    22.9,standalone_exact_mw,ba5ada56442ed2ba457be44e3218b165c8a19e21146c9941e841199e65961aae,"{""distance"":7,""physical_error_rate"":0.0005}","{""detection_events"":838741,""detectors_checked"":432138240}"
   1045504,         0,         0,    22.9,standalone_exact_mw,e5383d45c2b34399c539563e7789a53fd4b96cd0b38eade39a3cbfe07ba21ab0,"{""distance"":7,""physical_error_rate"":0.0002}","{""detection_events"":654759,""detectors_checked"":846858240}"
    512000,         0,         0,    22.9,standalone_exact_mw,9d8ad86e51451842b54dafc7680d1b486ef291963bb72c70f3cdd570d2d8fa34,"{""distance"":7,""physical_error_rate"":0.002}","{""detection_events"":3185338,""detectors_checked"":414720000}"
    629760,         0,         0,    22.9,standalone_exact_mw,ba5ada56442ed2ba457be44e3218b165c8a19e21146c9941e841199e65961aae,"{""distance"":7,""physical_error_rate"":0.0005}","{""detection_events"":986998,""detectors_checked"":510105600}"
    461824,         0,         0,    22.9,standalone_exact_mw,9d8ad86e51451842b54dafc7680d1b486ef291963bb72c70f3cdd570d2d8fa34,"{""distance"":7,""physical_error_rate"":0.002}","{""detection_events"":2872230,""detectors_checked"":374077440}"
    558080,         0,         0,    22.9,standalone_exact_mw,3bd544bb51e006261b45d3a2c996e28fc0c0449411cee5f7deafcd25d9539ebc,"{""distance"":7,""physical_error_rate"":0.001}","{""detection_events"":1745395,""detectors_checked"":452044800}"
    133120,         0,         0,    23.0,standalone_exact_mw,9d8ad86e51451842b54dafc7680d1b486ef291963bb72c70f3cdd570d2d8fa34,"{""distance"":7,""physical_error_rate"":0.002}","{""detection_events"":827303,""detectors_checked"":107827200}"
    309248,         0,         0,    22.8,standalone_exact_mw,e5383d45c2b34399c539563e7789a53fd4b96cd0b38eade39a3cbfe07ba21ab0,"{""distance"":7,""physical_error_rate"":0.0002}","{""detection_events"":194326,""detectors_checked"":250490880}"
    261120,         0,         0,    22.9,standalone_exact_mw,e5383d45c2b34399c539563e7789a53fd4b96cd0b38eade39a3cbfe07ba21ab0,"{""distance"":7,""physical_error_rate"":0.0002}","{""detection_events"":163156,""detectors_checked"":211507200}"
    369664,         0,         0,    22.9,standalone_exact_mw,3bd544bb51e006261b45d3a2c996e28fc0c0449411cee5f7deafcd25d9539ebc,"{""distance"":7,""physical_error_rate"":0.001}","{""detection_events"":1153209,""detectors_checked"":299427840}"
    132096,         0,         0,    22.9,standalone_exact_mw,9d8ad86e51451842b54dafc7680d1b486ef291963bb72c70f3cdd570d2d8fa34,"{""distance"":7,""physical_error_rate"":0.002}","{""detection_events"":821907,""detectors_checked"":106997760}"
    116736,         0,         0,    22.9,standalone_exact_mw,3bd544bb51e006261b45d3a2c996e28fc0c0449411cee5f7deafcd25d9539ebc,"{""distance"":7,""physical_error_rate"":0.001}","{""detection_events"":366104,""detectors_checked"":94556160}"
    347136,         0,         0,    22.8,standalone_exact_mw,e5383d45c2b34399c539563e7789a53fd4b96cd0b38eade39a3cbfe07ba21ab0,"{""distance"":7,""physical_error_rate"":0.0002}","{""detection_events"":218062,""detectors_checked"":281180160}"
    125952,         0,         0,    23.0,standalone_exact_mw,3bd544bb51e006261b45d3a2c996e28fc0c0449411cee5f7deafcd25d9539ebc,"{""distance"":7,""physical_error_rate"":0.001}","{""detection_events"":395487,""detectors_checked"":102021120}"
    346112,         0,         0,    23.0,standalone_exact_mw,3bd544bb51e006261b45d3a2c996e28fc0c0449411cee5f7deafcd25d9539ebc,"{""distance"":7,""physical_error_rate"":0.001}","{""detection_events"":1079335,""detectors_checked"":280350720}"
    201728,         0,         0,    23.0,standalone_exact_mw,ba5ada56442ed2ba457be44e3218b165c8a19e21146c9941e841199e65961aae,"{""distance"":7,""physical_error_rate"":0.0005}","{""detection_events"":317270,""detectors_checked"":163399680}"
    100352,         0,         0,    23.1,standalone_exact_mw,9d8ad86e51451842b54dafc7680d1b486ef291963bb72c70f3cdd570d2d8fa34,"{""distance"":7,""physical_error_rate"":0.002}","{""detection_events"":620543,""detectors_checked"":81285120}"
    177152,         0,         0,    22.9,standalone_exact_mw,ba5ada56442ed2ba457be44e3218b165c8a19e21146c9941e841199e65961aae,"{""distance"":7,""physical_error_rate"":0.0005}","{""detection_events"":276195,""detectors_checked"":143493120}"
    249856,         0,         0,    23.0,standalone_exact_mw,e5383d45c2b34399c539563e7789a53fd4b96cd0b38eade39a3cbfe07ba21ab0,"{""distance"":7,""physical_error_rate"":0.0002}","{""detection_events"":157218,""detectors_checked"":202383360}"
    217088,         0,         0,    23.0,standalone_exact_mw,ba5ada56442ed2ba457be44e3218b165c8a19e21146c9941e841199e65961aae,"{""distance"":7,""physical_error_rate"":0.0005}","{""detection_events"":339920,""detectors_checked"":175841280}"
    186368,         0,         0,    23.0,standalone_exact_mw,ba5ada56442ed2ba457be44e3218b165c8a19e21146c9941e841199e65961aae,"{""distance"":7,""physical_error_rate"":0.0005}","{""detection_events"":291515,""detectors_checked"":150958080}"
    188416,         0,         0,    23.0,standalone_exact_mw,e5383d45c2b34399c539563e7789a53fd4b96cd0b38eade39a3cbfe07ba21ab0,"{""distance"":7,""physical_error_rate"":0.0002}","{""detection_events"":119044,""detectors_checked"":152616960}"
    421888,         0,         0,    23.0,standalone_exact_mw,ba5ada56442ed2ba457be44e3218b165c8a19e21146c9941e841199e65961aae,"{""distance"":7,""physical_error_rate"":0.0005}","{""detection_events"":662035,""detectors_checked"":341729280}"
    135168,         0,         0,    23.0,standalone_exact_mw,3bd544bb51e006261b45d3a2c996e28fc0c0449411cee5f7deafcd25d9539ebc,"{""distance"":7,""physical_error_rate"":0.001}","{""detection_events"":423475,""detectors_checked"":109486080}"
    173056,         0,         0,    22.9,standalone_exact_mw,9d8ad86e51451842b54dafc7680d1b486ef291963bb72c70f3cdd570d2d8fa34,"{""distance"":7,""physical_error_rate"":0.002}","{""detection_events"":1079008,""detectors_checked"":140175360}"
    742400,         0,         0,   119.6,standalone_exact_mw,3bd544bb51e006261b45d3a2c996e28fc0c0449411cee5f7deafcd25d9539ebc,"{""distance"":7,""physical_error_rate"":0.001}","{""detection_events"":2321899,""detectors_checked"":601344000}"
   3250176,         0,         0,   119.7,standalone_exact_mw,ba5ada56442ed2ba457be44e3218b165c8a19e21146c9941e841199e65961aae,"{""distance"":7,""physical_error_rate"":0.0005}","{""detection_events"":5092825,""detectors_checked"":2632642560}"
    905216,         0,         0,   120.0,standalone_exact_mw,ba5ada56442ed2ba457be44e3218b165c8a19e21146c9941e841199e65961aae,"{""distance"":7,""physical_error_rate"":0.0005}","{""detection_events"":1419481,""detectors_checked"":733224960}"
   1297408,         0,         0,   119.7,standalone_exact_mw,e5383d45c2b34399c539563e7789a53fd4b96cd0b38eade39a3cbfe07ba21ab0,"{""distance"":7,""physical_error_rate"":0.0002}","{""detection_events"":814348,""detectors_checked"":1050900480}"
    708608,         0,         0,   119.4,standalone_exact_mw,9d8ad86e51451842b54dafc7680d1b486ef291963bb72c70f3cdd570d2d8fa34,"{""distance"":7,""physical_error_rate"":0.002}","{""detection_events"":4402528,""detectors_checked"":573972480}"
    721920,         0,         0,   119.7,standalone_exact_mw,9d8ad86e51451842b54dafc7680d1b486ef291963bb72c70f3cdd570d2d8fa34,"{""distance"":7,""physical_error_rate"":0.002}","{""detection_events"":4487086,""detectors_checked"":584755200}"
   2979840,         0,         0,   119.6,standalone_exact_mw,ba5ada56442ed2ba457be44e3218b165c8a19e21146c9941e841199e65961aae,"{""distance"":7,""physical_error_rate"":0.0005}","{""detection_events"":4671474,""detectors_checked"":2413670400}"
   1838080,         0,         0,   119.8,standalone_exact_mw,3bd544bb51e006261b45d3a2c996e28fc0c0449411cee5f7deafcd25d9539ebc,"{""distance"":7,""physical_error_rate"":0.001}","{""detection_events"":5743059,""detectors_checked"":1488844800}"
   3074048,         0,         0,   119.5,standalone_exact_mw,e5383d45c2b34399c539563e7789a53fd4b96cd0b38eade39a3cbfe07ba21ab0,"{""distance"":7,""physical_error_rate"":0.0002}","{""detection_events"":1931954,""detectors_checked"":2489978880}"
    875520,         0,         0,   119.1,standalone_exact_mw,ba5ada56442ed2ba457be44e3218b165c8a19e21146c9941e841199e65961aae,"{""distance"":7,""physical_error_rate"":0.0005}","{""detection_events"":1374506,""detectors_checked"":709171200}"
   4308992,         0,         0,   119.5,standalone_exact_mw,e5383d45c2b34399c539563e7789a53fd4b96cd0b38eade39a3cbfe07ba21ab0,"{""distance"":7,""physical_error_rate"":0.0002}","{""detection_events"":2712741,""detectors_checked"":3490283520}"
   3377152,         0,         0,   119.7,standalone_exact_mw,ba5ada56442ed2ba457be44e3218b165c8a19e21146c9941e841199e65961aae,"{""distance"":7,""physical_error_rate"":0.0005}","{""detection_events"":5293698,""detectors_checked"":2735493120}"
   4570112,         0,         0,   119.6,standalone_exact_mw,e5383d45c2b34399c539563e7789a53fd4b96cd0b38eade39a3cbfe07ba21ab0,"{""distance"":7,""physical_error_rate"":0.0002}","{""detection_events"":2868723,""detectors_checked"":3701790720}"
   2341888,         1,         0,   119.8,standalone_exact_mw,9d8ad86e51451842b54dafc7680d1b486ef291963bb72c70f3cdd570d2d8fa34,"{""distance"":7,""physical_error_rate"":0.002}","{""detection_events"":14541791,""detectors_checked"":1896929280,""obs_mistake_mask=E"":1}"
    784384,         0,         0,   119.6,standalone_exact_mw,3bd544bb51e006261b45d3a2c996e28fc0c0449411cee5f7deafcd25d9539ebc,"{""distance"":7,""physical_error_rate"":0.001}","{""detection_events"":2451276,""detectors_checked"":635351040}"
   2948096,         0,         0,   119.7,standalone_exact_mw,3bd544bb51e006261b45d3a2c996e28fc0c0449411cee5f7deafcd25d9539ebc,"{""distance"":7,""physical_error_rate"":0.001}","{""detection_events"":9208844,""detectors_checked"":2387957760}"
    967680,         0,         0,   119.5,standalone_exact_mw,ba5ada56442ed2ba457be44e3218b165c8a19e21146c9941e841199e65961aae,"{""distance"":7,""physical_error_rate"":0.0005}","{""detection_events"":1524799,""detectors_checked"":783820800}"
    993280,         0,         0,   119.8,standalone_exact_mw,3bd544bb51e006261b45d3a2c996e28fc0c0449411cee5f7deafcd25d9539ebc,"{""distance"":7,""physical_error_rate"":0.001}","{""detection_events"":3105204,""detectors_checked"":804556800}"
   3236864,         0,         0,   119.7,standalone_exact_mw,ba5ada56442ed2ba457be44e3218b165c8a19e21146c9941e841199e65961aae,"{""distance"":7,""physical_error_rate"":0.0005}","{""detection_events"":5077725,""detectors_checked"":2621859840}"
   1008640,         0,         0,   119.7,standalone_exact_mw,9d8ad86e51451842b54dafc7680d1b486ef291963bb72c70f3cdd570d2d8fa34,"{""distance"":7,""physical_error_rate"":0.002}","{""detection_events"":6270887,""detectors_checked"":816998400}"
   1902592,         0,         0,   119.4,standalone_exact_mw,e5383d45c2b34399c539563e7789a53fd4b96cd0b38eade39a3cbfe07ba21ab0,"{""distance"":7,""physical_error_rate"":0.0002}","{""detection_events"":1195003,""detectors_checked"":1541099520}"
   2595840,         0,         0,   119.8,standalone_exact_mw,e5383d45c2b34399c539563e7789a53fd4b96cd0b38eade39a3cbfe07ba21ab0,"{""distance"":7,""physical_error_rate"":0.0002}","{""detection_events"":1632240,""detectors_checked"":2102630400}"
   2150400,         0,         0,   119.6,standalone_exact_mw,ba5ada56442ed2ba457be44e3218b165c8a19e21146c9941e841199e65961aae,"{""distance"":7,""physical_error_rate"":0.0005}","{""detection_events"":3370793,""detectors_checked"":1741824000}"
   1142784,         0,         0,   119.5,standalone_exact_mw,e5383d45c2b34399c539563e7789a53fd4b96cd0b38eade39a3cbfe07ba21ab0,"{""distance"":7,""physical_error_rate"":0.0002}","{""detection_events"":718687,""detectors_checked"":925655040}"
   1190912,         0,         0,   119.8,standalone_exact_mw,3bd544bb51e006261b45d3a2c996e28fc0c0449411cee5f7deafcd25d9539ebc,"{""distance"":7,""physical_error_rate"":0.001}","{""detection_events"":3725397,""detectors_checked"":964638720}"
    955392,         0,         0,   119.8,standalone_exact_mw,3bd544bb51e006261b45d3a2c996e28fc0c0449411cee5f7deafcd25d9539ebc,"{""distance"":7,""physical_error_rate"":0.001}","{""detection_events"":2986582,""detectors_checked"":773867520}"
    843776,         0,         0,   119.6,standalone_exact_mw,9d8ad86e51451842b54dafc7680d1b486ef291963bb72c70f3cdd570d2d8fa34,"{""distance"":7,""physical_error_rate"":0.002}","{""detection_events"":5241588,""detectors_checked"":683458560}"
   1651712,         0,         0,   119.7,standalone_exact_mw,9d8ad86e51451842b54dafc7680d1b486ef291963bb72c70f3cdd570d2d8fa34,"{""distance"":7,""physical_error_rate"":0.002}","{""detection_events"":10264324,""detectors_checked"":1337886720}"
    800768,         0,         0,    32.1,standalone_exact_mw,ba5ada56442ed2ba457be44e3218b165c8a19e21146c9941e841199e65961aae,"{""distance"":7,""physical_error_rate"":0.0005}","{""detection_events"":1256964,""detectors_checked"":648622080}"
    999424,         0,         0,   119.5,standalone_exact_mw,ba5ada56442ed2ba457be44e3218b165c8a19e21146c9941e841199e65961aae,"{""distance"":7,""physical_error_rate"":0.0005}","{""detection_events"":1566098,""detectors_checked"":809533440}"
   1335296,         0,         0,   119.7,standalone_exact_mw,e5383d45c2b34399c539563e7789a53fd4b96cd0b38eade39a3cbfe07ba21ab0,"{""distance"":7,""physical_error_rate"":0.0002}","{""detection_events"":836327,""detectors_checked"":1081589760}"
    984064,         0,         0,   119.8,standalone_exact_mw,9d8ad86e51451842b54dafc7680d1b486ef291963bb72c70f3cdd570d2d8fa34,"{""distance"":7,""physical_error_rate"":0.002}","{""detection_events"":6114839,""detectors_checked"":797091840}"
   1045504,         0,         0,    32.1,standalone_exact_mw,e5383d45c2b34399c539563e7789a53fd4b96cd0b38eade39a3cbfe07ba21ab0,"{""distance"":7,""physical_error_rate"":0.0002}","{""detection_events"":656548,""detectors_checked"":846858240}"
   1532928,         0,         0,   119.7,standalone_exact_mw,9d8ad86e51451842b54dafc7680d1b486ef291963bb72c70f3cdd570d2d8fa34,"{""distance"":7,""physical_error_rate"":0.002}","{""detection_events"":9527057,""detectors_checked"":1241671680}"
    756736,         0,         0,   119.8,standalone_exact_mw,9d8ad86e51451842b54dafc7680d1b486ef291963bb72c70f3cdd570d2d8fa34,"{""distance"":7,""physical_error_rate"":0.002}","{""detection_events"":4704899,""detectors_checked"":612956160}"
   1269760,         0,         0,   119.8,standalone_exact_mw,3bd544bb51e006261b45d3a2c996e28fc0c0449411cee5f7deafcd25d9539ebc,"{""distance"":7,""physical_error_rate"":0.001}","{""detection_events"":3966834,""detectors_checked"":1028505600}"
   1203200,         0,         0,   119.8,standalone_exact_mw,3bd544bb51e006261b45d3a2c996e28fc0c0449411cee5f7deafcd25d9539ebc,"{""distance"":7,""physical_error_rate"":0.001}","{""detection_events"":3759592,""detectors_checked"":974592000}"
    618496,         0,         0,    32.1,standalone_exact_mw,9d8ad86e51451842b54dafc7680d1b486ef291963bb72c70f3cdd570d2d8fa34,"{""distance"":7,""physical_error_rate"":0.002}","{""detection_events"":3839553,""detectors_checked"":500981760}"
   1046528,         0,         0,   119.7,standalone_exact_mw,e5383d45c2b34399c539563e7789a53fd4b96cd0b38eade39a3cbfe07ba21ab0,"{""distance"":7,""physical_error_rate"":0.0002}","{""detection_events"":656632,""detectors_checked"":847687680}"
    889856,         0,         0,    32.0,standalone_exact_mw,ba5ada56442ed2ba457be44e3218b165c8a19e21146c9941e841199e65961aae,"{""distance"":7,""physical_error_rate"":0.0005}","{""detection_events"":1395008,""detectors_checked"":720783360}"
    592896,         0,         0,    32.2,standalone_exact_mw,9d8ad86e51451842b54dafc7680d1b486ef291963bb72c70f3cdd570d2d8fa34,"{""distance"":7,""physical_error_rate"":0.002}","{""detection_events"":3681763,""detectors_checked"":480245760}"
   1953792,         0,         0,   119.5,standalone_exact_mw,ba5ada56442ed2ba457be44e3218b165c8a19e21146c9941e841199e65961aae,"{""distance"":7,""physical_error_rate"":0.0005}","{""detection_events"":3062019,""detectors_checked"":1582571520}"
    772096,         0,         0,    32.1,standalone_exact_mw,3bd544bb51e006261b45d3a2c996e28fc0c0449411cee5f7deafcd25d9539ebc,"{""distance"":7,""physical_error_rate"":0.001}","{""detection_events"":2414115,""detectors_checked"":625397760}"
   1523712,         0,         0,   119.6,standalone_exact_mw,e5383d45c2b34399c539563e7789a53fd4b96cd0b38eade39a3cbfe07ba21ab0,"{""distance"":7,""physical_error_rate"":0.0002}","{""detection_events"":958276,""detectors_checked"":1234206720}"
   1937408,         0,         0,   119.7,standalone_exact_mw,9d8ad86e51451842b54dafc7680d1b486ef291963bb72c70f3cdd570d2d8fa34,"{""distance"":7,""physical_error_rate"":0.002}","{""detection_events"":12044057,""detectors_checked"":1569300480}"
   1072128,         0,         0,   119.7,standalone_exact_mw,9d8ad86e51451842b54dafc7680d1b486ef291963bb72c70f3cdd570d2d8fa34,"{""distance"":7,""physical_error_rate"":0.002}","{""detection_events"":6664928,""detectors_checked"":868423680}"
    143360,         0,         0,    32.0,standalone_exact_mw,9d8ad86e51451842b54dafc7680d1b486ef291963bb72c70f3cdd570d2d8fa34,"{""distance"":7,""physical_error_rate"":0.002}","{""detection_events"":891195,""detectors_checked"":116121600}"
    431104,         0,         0,    32.0,standalone_exact_mw,e5383d45c2b34399c539563e7789a53fd4b96cd0b38eade39a3cbfe07ba21ab0,"{""distance"":7,""physical_error_rate"":0.0002}","{""detection_events"":270768,""detectors_checked"":349194240}"
   2096128,         0,         0,   119.8,standalone_exact_mw,e5383d45c2b34399c539563e7789a53fd4b96cd0b38eade39a3cbfe07ba21ab0,"{""distance"":7,""physical_error_rate"":0.0002}","{""detection_events"":1319780,""detectors_checked"":1697863680}"
   1154048,         0,         0,   119.7,standalone_exact_mw,3bd544bb51e006261b45d3a2c996e28fc0c0449411cee5f7deafcd25d9539ebc,"{""distance"":7,""physical_error_rate"":0.001}","{""detection_events"":3613888,""detectors_checked"":934778880}"
    271360,         0,         0,    32.0,standalone_exact_mw,e5383d45c2b34399c539563e7789a53fd4b96cd0b38eade39a3cbfe07ba21ab0,"{""distance"":7,""physical_error_rate"":0.0002}","{""detection_events"":170218,""detectors_checked"":219801600}"
    553984,         0,         0,    32.1,standalone_exact_mw,3bd544bb51e006261b45d3a2c996e28fc0c0449411cee5f7deafcd25d9539ebc,"{""distance"":7,""physical_error_rate"":0.001}","{""detection_events"":1736669,""detectors_checked"":448727040}"
    162816,         0,         0,    32.2,standalone_exact_mw,9d8ad86e51451842b54dafc7680d1b486ef291963bb72c70f3cdd570d2d8fa34,"{""distance"":7,""physical_error_rate"":0.002}","{""detection_events"":1013673,""detectors_checked"":131880960}"
   2710528,         0,         0,   119.6,standalone_exact_mw,3bd544bb51e006261b45d3a2c996e28fc0c0449411cee5f7deafcd25d9539ebc,"{""distance"":7,""physical_error_rate"":0.001}","{""detection_events"":8470282,""detectors_checked"":2195527680}"
   1715200,         0,         0,   119.5,standalone_exact_mw,ba5ada56442ed2ba457be44e3218b165c8a19e21146c9941e841199e65961aae,"{""distance"":7,""physical_error_rate"":0.0005}","{""detection_events"":2686603,""detectors_checked"":1389312000}"
   2419712,         0,         0,   119.5,standalone_exact_mw,ba5ada56442ed2ba457be44e3218b165c8a19e21146c9941e841199e65961aae,"{""distance"":7,""physical_error_rate"":0.0005}","{""detection_events"":3797152,""detectors_checked"":1959966720}"
   1558528,         0,         0,   119.3,standalone_exact_mw,e5383d45c2b34399c539563e7789a53fd4b96cd0b38eade39a3cbfe07ba21ab0,"{""distance"":7,""physical_error_rate"":0.0002}","{""detection_events"":979239,""detectors_checked"":1262407680}"
   1417216,         0,         0,   119.7,standalone_exact_mw,9d8ad86e51451842b54dafc7680d1b486ef291963bb72c70f3cdd570d2d8fa34,"{""distance"":7,""physical_error_rate"":0.002}","{""detection_events"":8804224,""detectors_checked"":1147944960}"
   1192960,         0,         0,   119.9,standalone_exact_mw,3bd544bb51e006261b45d3a2c996e28fc0c0449411cee5f7deafcd25d9539ebc,"{""distance"":7,""physical_error_rate"":0.001}","{""detection_events"":3728568,""detectors_checked"":966297600}"
   1213440,         0,         0,   119.7,standalone_exact_mw,ba5ada56442ed2ba457be44e3218b165c8a19e21146c9941e841199e65961aae,"{""distance"":7,""physical_error_rate"":0.0005}","{""detection_events"":1901875,""detectors_checked"":982886400}"
    229376,         0,         0,    32.3,standalone_exact_mw,3bd544bb51e006261b45d3a2c996e28fc0c0449411cee5f7deafcd25d9539ebc,"{""distance"":7,""physical_error_rate"":0.001}","{""detection_events"":716867,""detectors_checked"":185794560}"
   1931264,         0,         0,   119.6,standalone_exact_mw,e5383d45c2b34399c539563e7789a53fd4b96cd0b38eade39a3cbfe07ba21ab0,"{""distance"":7,""physical_error_rate"":0.0002}","{""detection_events"":1214274,""detectors_checked"":1564323840}"
    711680,         0,         0,    32.0,standalone_exact_mw,e5383d45c2b34399c539563e7789a53fd4b96cd0b38eade39a3cbfe07ba21ab0,"{""distance"":7,""physical_error_rate"":0.0002}","{""detection_events"":445459,""detectors_checked"":576460800}"
   2251776,         0,         0,   119.7,standalone_exact_mw,ba5ada56442ed2ba457be44e3218b165c8a19e21146c9941e841199e65961aae,"{""distance"":7,""physical_error_rate"":0.0005}","{""detection_events"":3532320,""detectors_checked"":1823938560}"
    982016,         0,         0,   119.9,standalone_exact_mw,9d8ad86e51451842b54dafc7680d1b486ef291963bb72c70f3cdd570d2d8fa34,"{""distance"":7,""physical_error_rate"":0.002}","{""detection_events"":6096226,""detectors_checked"":795432960}"
    976896,         0,         0,   119.8,standalone_exact_mw,9d8ad86e51451842b54dafc7680d1b486ef291963bb72c70f3cdd570d2d8fa34,"{""distance"":7,""physical_error_rate"":0.002}","{""detection_events"":6069613,""detectors_checked"":791285760}"
    163840,         0,         0,    32.2,standalone_exact_mw,3bd544bb51e006261b45d3a2c996e28fc0c0449411cee5f7deafcd25d9539ebc,"{""distance"":7,""physical_error_rate"":0.001}","{""detection_events"":512406,""detectors_checked"":132710400}"
    314368,         0,         0,    32.2,standalone_exact_mw,3bd544bb51e006261b45d3a2c996e28fc0c0449411cee5f7deafcd25d9539ebc,"{""distance"":7,""physical_error_rate"":0.001}","{""detection_events"":979256,""detectors_checked"":254638080}"
    369664,         0,         0,    32.0,standalone_exact_mw,ba5ada56442ed2ba457be44e3218b165c8a19e21146c9941e841199e65961aae,"{""distance"":7,""physical_error_rate"":0.0005}","{""detection_events"":579412,""detectors_checked"":299427840}"
   1915904,         0,         0,   119.4,standalone_exact_mw,e5383d45c2b34399c539563e7789a53fd4b96cd0b38eade39a3cbfe07ba21ab0,"{""distance"":7,""physical_error_rate"":0.0002}","{""detection_events"":1202038,""detectors_checked"":1551882240}"
   1821696,         0,         0,   119.4,standalone_exact_mw,ba5ada56442ed2ba457be44e3218b165c8a19e21146c9941e841199e65961aae,"{""distance"":7,""physical_error_rate"":0.0005}","{""detection_events"":2853731,""detectors_checked"":1475573760}"
   2368512,         0,         0,   119.6,standalone_exact_mw,e5383d45c2b34399c539563e7789a53fd4b96cd0b38eade39a3cbfe07ba21ab0,"{""distance"":7,""physical_error_rate"":0.0002}","{""detection_events"":1485351,""detectors_checked"":1918494720}"
   3026944,         0,         0,   119.7,standalone_exact_mw,e5383d45c2b34399c539563e7789a53fd4b96cd0b38eade39a3cbfe07ba21ab0,"{""distance"":7,""physical_error_rate"":0.0002}","{""detection_events"":1902689,""detectors_checked"":2451824640}"
    180224,         0,         0,    32.1,standalone_exact_mw,9d8ad86e51451842b54dafc7680d1b486ef291963bb72c70f3cdd570d2d8fa34,"{""distance"":7,""physical_error_rate"":0.002}","{""detection_events"":1119330,""detectors_checked"":145981440}"
    955392,         0,         0,   119.9,standalone_exact_mw,ba5ada56442ed2ba457be44e3218b165c8a19e21146c9941e841199e65961aae,"{""distance"":7,""physical_error_rate"":0.0005}","{""detection_events"":1498350,""detectors_checked"":773867520}"
    681984,         0,         0,   119.6,standalone_exact_mw,3bd544bb51e006261b45d3a2c996e28fc0c0449411cee5f7deafcd25d9539ebc,"{""distance"":7,""physical_error_rate"":0.001}","{""detection_events"":2131462,""detectors_checked"":552407040}"
   2083840,         0,         0,   119.5,standalone_exact_mw,e5383d45c2b34399c539563e7789a53fd4b96cd0b38eade39a3cbfe07ba21ab0,"{""distance"":7,""physical_error_rate"":0.0002}","{""detection_events"":1307069,""detectors_checked"":1687910400}"
    320512,         0,         0,    32.4,standalone_exact_mw,ba5ada56442ed2ba457be44e3218b165c8a19e21146c9941e841199e65961aae,"{""distance"":7,""physical_error_rate"":0.0005}","{""detection_events"":504034,""detectors_checked"":259614720}"
    913408,         0,         0,   119.7,standalone_exact_mw,3bd544bb51e006261b45d3a2c996e28fc0c0449411cee5f7deafcd25d9539ebc,"{""distance"":7,""physical_error_rate"":0.001}","{""detection_events"":2853662,""detectors_checked"":739860480}"
    368640,         0,         0,    32.1,standalone_exact_mw,e5383d45c2b34399c539563e7789a53fd4b96cd0b38eade39a3cbfe07ba21ab0,"{""distance"":7,""physical_error_rate"":0.0002}","{""detection_events"":231526,""detectors_checked"":298598400}"
   2065408,         0,         0,   119.7,standalone_exact_mw,3bd544bb51e006261b45d3a2c996e28fc0c0449411cee5f7deafcd25d9539ebc,"{""distance"":7,""physical_error_rate"":0.001}","{""detection_events"":6453943,""detectors_checked"":1672980480}"
   2900992,         0,         0,   119.7,standalone_exact_mw,ba5ada56442ed2ba457be44e3218b165c8a19e21146c9941e841199e65961aae,"{""distance"":7,""physical_error_rate"":0.0005}","{""detection_events"":4547630,""detectors_checked"":2349803520}"
   1728512,         0,         0,   119.6,standalone_exact_mw,9d8ad86e51451842b54dafc7680d1b486ef291963bb72c70f3cdd570d2d8fa34,"{""distance"":7,""physical_error_rate"":0.002}","{""detection_events"":10730226,""detectors_checked"":1400094720}"
   2537472,         0,         0,   119.7,standalone_exact_mw,ba5ada56442ed2ba457be44e3218b165c8a19e21146c9941e841199e65961aae,"{""distance"":7,""physical_error_rate"":0.0005}","{""detection_events"":3977147,""detectors_checked"":2055352320}"
   1273856,         0,         0,   119.5,standalone_exact_mw,9d8ad86e51451842b54dafc7680d1b486ef291963bb72c70f3cdd570d2d8fa34,"{""distance"":7,""physical_error_rate"":0.002}","{""detection_events"":7922637,""detectors_checked"":1031823360}"
   2534400,         0,         0,   119.7,standalone_exact_mw,3bd544bb51e006261b45d3a2c996e28fc0c0449411cee5f7deafcd25d9539ebc,"{""distance"":7,""physical_error_rate"":0.001}","{""detection_events"":7930907,""detectors_checked"":2052864000}"
    722944,         0,         0,   119.5,standalone_exact_mw,3bd544bb51e006261b45d3a2c996e28fc0c0449411cee5f7deafcd25d9539ebc,"{""distance"":7,""physical_error_rate"":0.001}","{""detection_events"":2264478,""detectors_checked"":585584640}"
   1320960,         0,         0,   119.8,standalone_exact_mw,3bd544bb51e006261b45d3a2c996e28fc0c0449411cee5f7deafcd25d9539ebc,"{""distance"":7,""physical_error_rate"":0.001}","{""detection_events"":4127297,""detectors_checked"":1069977600}"
    206848,         0,         0,    32.1,standalone_exact_mw,ba5ada56442ed2ba457be44e3218b165c8a19e21146c9941e841199e65961aae,"{""distance"":7,""physical_error_rate"":0.0005}","{""detection_events"":322976,""detectors_checked"":167546880}"
   1603584,         0,         0,   119.7,standalone_exact_mw,9d8ad86e51451842b54dafc7680d1b486ef291963bb72c70f3cdd570d2d8fa34,"{""distance"":7,""physical_error_rate"":0.002}","{""detection_events"":9960068,""detectors_checked"":1298903040}"
   3184640,         0,         0,   119.6,standalone_exact_mw,e5383d45c2b34399c539563e7789a53fd4b96cd0b38eade39a3cbfe07ba21ab0,"{""distance"":7,""physical_error_rate"":0.0002}","{""detection_events"":1996344,""detectors_checked"":2579558400}"
    193536,         0,         0,    32.2,standalone_exact_mw,ba5ada56442ed2ba457be44e3218b165c8a19e21146c9941e841199e65961aae,"{""distance"":7,""physical_error_rate"":0.0005}","{""detection_events"":303578,""detectors_checked"":156764160}"
    316416,         0,         0,    31.9,standalone_exact_mw,e5383d45c2b34399c539563e7789a53fd4b96cd0b38eade39a3cbfe07ba21ab0,"{""distance"":7,""physical_error_rate"":0.0002}","{""detection_events"":198494,""detectors_checked"":256296960}"
   1077248,         0,         0,   119.6,standalone_exact_mw,9d8ad86e51451842b54dafc7680d1b486ef291963bb72c70f3cdd570d2d8fa34,"{""distance"":7,""physical_error_rate"":0.002}","{""detection_events"":6699552,""detectors_checked"":872570880}"
   3536896,         0,         0,   119.6,standalone_exact_mw,ba5ada56442ed2ba457be44e3218b165c8a19e21146c9941e841199e65961aae,"{""distance"":7,""physical_error_rate"":0.0005}","{""detection_events"":5541749,""detectors_checked"":2864885760}"
    249856,         0,         0,    32.0,standalone_exact_mw,ba5ada56442ed2ba457be44e3218b165c8a19e21146c9941e841199e65961aae,"{""distance"":7,""physical_error_rate"":0.0005}","{""detection_events"":392285,""detectors_checked"":202383360}"
    185344,         0,         0,    32.2,standalone_exact_mw,3bd544bb51e006261b45d3a2c996e28fc0c0449411cee5f7deafcd25d9539ebc,"{""distance"":7,""physical_error_rate"":0.001}","{""detection_events"":580404,""detectors_checked"":150128640}"
   3686400,         0,         0,   119.7,standalone_exact_mw,e5383d45c2b34399c539563e7789a53fd4b96cd0b38eade39a3cbfe07ba21ab0,"{""distance"":7,""physical_error_rate"":0.0002}","{""detection_events"":2317732,""detectors_checked"":2985984000}"
    860160,         0,         0,   119.5,standalone_exact_mw,3bd544bb51e006261b45d3a2c996e28fc0c0449411cee5f7deafcd25d9539ebc,"{""distance"":7,""physical_error_rate"":0.001}","{""detection_events"":2686564,""detectors_checked"":696729600}"
   1346560,         0,         0,   119.7,standalone_exact_mw,3bd544bb51e006261b45d3a2c996e28fc0c0449411cee5f7deafcd25d9539ebc,"{""distance"":7,""physical_error_rate"":0.001}","{""detection_events"":4209301,""detectors_checked"":1090713600}"
   1244160,         0,         0,   119.3,standalone_exact_mw,ba5ada56442ed2ba457be44e3218b165c8a19e21146c9941e841199e65961aae,"{""distance"":7,""physical_error_rate"":0.0005}","{""detection_events"":1948487,""detectors_checked"":1007769600}"
    267264,         0,         0,    32.1,standalone_exact_mw,9d8ad86e51451842b54dafc7680d1b486ef291963bb72c70f3cdd570d2d8fa34,"{""distance"":7,""physical_error_rate"":0.002}","{""detection_events"":1665083,""detectors_checked"":216483840}"
    972800,         0,         0,   119.7,standalone_exact_mw,9d8ad86e51451842b54dafc7680d1b486ef291963bb72c70f3cdd570d2d8fa34,"{""distance"":7,""physical_error_rate"":0.002}","{""detection_events"":6041644,""detectors_checked"":787968000}"
   3763200,         0,         0,   119.6,standalone_exact_mw,e5383d45c2b34399c539563e7789a53fd4b96cd0b38eade39a3cbfe07ba21ab0,"{""distance"":7,""physical_error_rate"":0.0002}","{""detection_events"":2356426,""detectors_checked"":3048192000}"
    873472,         1,         0,   119.7,standalone_exact_mw,9d8ad86e51451842b54dafc7680d1b486ef291963bb72c70f3cdd570d2d8fa34,"{""distance"":7,""physical_error_rate"":0.002}","{""detection_events"":5426357,""detectors_checked"":707512320,""obs_mistake_mask=E"":1}"
   1775616,         0,         0,   119.8,standalone_exact_mw,3bd544bb51e006261b45d3a2c996e28fc0c0449411cee5f7deafcd25d9539ebc,"{""distance"":7,""physical_error_rate"":0.001}","{""detection_events"":5549636,""detectors_checked"":1438248960}"
   1789952,         0,         0,   119.5,standalone_exact_mw,e5383d45c2b34399c539563e7789a53fd4b96cd0b38eade39a3cbfe07ba21ab0,"{""distance"":7,""physical_error_rate"":0.0002}","{""detection_events"":1123224,""detectors_checked"":1449861120}"
   1515520,         0,         0,   119.6,standalone_exact_mw,ba5ada56442ed2ba457be44e3218b165c8a19e21146c9941e841199e65961aae,"{""distance"":7,""physical_error_rate"":0.0005}","{""detection_events"":2374671,""detectors_checked"":1227571200}"
   1326080,         0,         0,   119.6,standalone_exact_mw,3bd544bb51e006261b45d3a2c996e28fc0c0449411cee5f7deafcd25d9539ebc,"{""distance"":7,""physical_error_rate"":0.001}","{""detection_events"":4146066,""detectors_checked"":1074124800}"
    551936,         0,         0,   120.2,standalone_exact_mw,9d8ad86e51451842b54dafc7680d1b486ef291963bb72c70f3cdd570d2d8fa34,"{""distance"":7,""physical_error_rate"":0.002}","{""detection_events"":3428216,""detectors_checked"":447068160}"
    753664,         0,         0,   119.8,standalone_exact_mw,9d8ad86e51451842b54dafc7680d1b486ef291963bb72c70f3cdd570d2d8fa34,"{""distance"":7,""physical_error_rate"":0.002}","{""detection_events"":4682927,""detectors_checked"":610467840}"
   1144832,         0,         0,    44.9,standalone_exact_mw,ba5ada56442ed2ba457be44e3218b165c8a19e21146c9941e841199e65961aae,"{""distance"":7,""physical_error_rate"":0.0005}","{""detection_events"":1795590,""detectors_checked"":927313920}"
   1721344,         0,         0,    44.9,standalone_exact_mw,e5383d45c2b34399c539563e7789a53fd4b96cd0b38eade39a3cbfe07ba21ab0,"{""distance"":7,""physical_error_rate"":0.0002}","{""detection_events"":1080526,""detectors_checked"":1394288640}"
    828416,         0,         0,    44.9,standalone_exact_mw,9d8ad86e51451842b54dafc7680d1b486ef291963bb72c70f3cdd570d2d8fa34,"{""distance"":7,""physical_error_rate"":0.002}","{""detection_events"":5153422,""detectors_checked"":671016960}"
   1228800,         0,         0,    44.9,standalone_exact_mw,ba5ada56442ed2ba457be44e3218b165c8a19e21146c9941e841199e65961aae,"{""distance"":7,""physical_error_rate"":0.0005}","{""detection_events"":1927004,""detectors_checked"":995328000}"
    814080,         1,         0,    44.9,standalone_exact_mw,9d8ad86e51451842b54dafc7680d1b486ef291963bb72c70f3cdd570d2d8fa34,"{""distance"":7,""physical_error_rate"":0.002}","{""detection_events"":5062769,""detectors_checked"":659404800,""obs_mistake_mask=E"":1}"
   1139712,         0,         0,    45.0,standalone_exact_mw,3bd544bb51e006261b45d3a2c996e28fc0c0449411cee5f7deafcd25d9539ebc,"{""distance"":7,""physical_error_rate"":0.001}","{""detection_events"":3560024,""detectors_checked"":923166720}"
    472064,         0,         0,    44.8,standalone_exact_mw,9d8ad86e51451842b54dafc7680d1b486ef291963bb72c70f3cdd570d2d8fa34,"{""distance"":7,""physical_error_rate"":0.002}","{""detection_events"":2934086,""detectors_checked"":382371840}"
    971776,         0,         0,    44.7,standalone_exact_mw,e5383d45c2b34399c539563e7789a53fd4b96cd0b38eade39a3cbfe07ba21ab0,"{""distance"":7,""physical_error_rate"":0.0002}","{""detection_events"":611181,""detectors_checked"":787138560}"
    930816,         0,         0,    45.0,standalone_exact_mw,e5383d45c2b34399c539563e7789a53fd4b96cd0b38eade39a3cbfe07ba21ab0,"{""distance"":7,""physical_error_rate"":0.0002}","{""detection_events"":585058,""detectors_checked"":753960960}"
    699392,         0,         0,    44.9,standalone_exact_mw,3bd544bb51e006261b45d3a2c996e28fc0c0449411cee5f7deafcd25d9539ebc,"{""distance"":7,""physical_error_rate"":0.001}","{""detection_events"":2189041,""detectors_checked"":566507520}"
    231424,         0,         0,    45.4,standalone_exact_mw,9d8ad86e51451842b54dafc7680d1b486ef291963bb72c70f3cdd570d2d8fa34,"{""distance"":7,""physical_error_rate"":0.002}","{""detection_events"":1438676,""detectors_checked"":187453440}"
    677888,         0,         0,    44.8,standalone_exact_mw,e5383d45c2b34399c539563e7789a53fd4b96cd0b38eade39a3cbfe07ba21ab0,"{""distance"":7,""physical_error_rate"":0.0002}","{""detection_events"":425249,""detectors_checked"":549089280}"
    186368,         0,         0,    45.1,standalone_exact_mw,3bd544bb51e006261b45d3a2c996e28fc0c0449411cee5f7deafcd25d9539ebc,"{""distance"":7,""physical_error_rate"":0.001}","{""detection_events"":581521,""detectors_checked"":150958080}"
    330752,         0,         0,    44.9,standalone_exact_mw,3bd544bb51e006261b45d3a2c996e28fc0c0449411cee5f7deafcd25d9539ebc,"{""distance"":7,""physical_error_rate"":0.001}","{""detection_events"":1033649,""detectors_checked"":267909120}"
    252928,         0,         0,    45.3,standalone_exact_mw,3bd544bb51e006261b45d3a2c996e28fc0c0449411cee5f7deafcd25d9539ebc,"{""distance"":7,""physical_error_rate"":0.001}","{""detection_events"":790323,""detectors_checked"":204871680}"
    598016,         0,         0,    44.9,standalone_exact_mw,ba5ada56442ed2ba457be44e3218b165c8a19e21146c9941e841199e65961aae,"{""distance"":7,""physical_error_rate"":0.0005}","{""detection_events"":937140,""detectors_checked"":484392960}"
    234496,         0,         0,    44.8,standalone_exact_mw,9d8ad86e51451842b54dafc7680d1b486ef291963bb72c70f3cdd570d2d8fa34,"{""distance"":7,""physical_error_rate"":0.002}","{""detection_events"":1460163,""detectors_checked"":189941760}"
    401408,         0,         0,    44.8,standalone_exact_mw,ba5ada56442ed2ba457be44e3218b165c8a19e21146c9941e841199e65961aae,"{""distance"":7,""physical_error_rate"":0.0005}","{""detection_events"":630090,""detectors_checked"":325140480}"
    342016,         0,         0,    44.8,standalone_exact_mw,e5383d45c2b34399c539563e7789a53fd4b96cd0b38eade39a3cbfe07ba21ab0,"{""distance"":7,""physical_error_rate"":0.0002}","{""detection_events"":214917,""detectors_checked"":277032960}"
    267264,         0,         0,    45.0,standalone_exact_mw,ba5ada56442ed2ba457be44e3218b165c8a19e21146c9941e841199e65961aae,"{""distance"":7,""physical_error_rate"":0.0005}","{""detection_events"":419078,""detectors_checked"":216483840}"
    322560,         0,         0,    44.9,standalone_exact_mw,ba5ada56442ed2ba457be44e3218b165c8a19e21146c9941e841199e65961aae,"{""distance"":7,""physical_error_rate"":0.0005}","{""detection_events"":505884,""detectors_checked"":261273600}"
    389120,         0,         0,    44.8,standalone_exact_mw,e5383d45c2b34399c539563e7789a53fd4b96cd0b38eade39a3cbfe07ba21ab0,"{""distance"":7,""physical_error_rate"":0.0002}","{""detection_events"":244713,""detectors_checked"":315187200}"
    284672,         0,         0,    44.9,standalone_exact_mw,ba5ada56442ed2ba457be44e3218b165c8a19e21146c9941e841199e65961aae,"{""distance"":7,""physical_error_rate"":0.0005}","{""detection_events"":448400,""detectors_checked"":230584320}"
    238592,         0,         0,    44.9,standalone_exact_mw,3bd544bb51e006261b45d3a2c996e28fc0c0449411cee5f7deafcd25d9539ebc,"{""distance"":7,""physical_error_rate"":0.001}","{""detection_events"":744709,""detectors_checked"":193259520}"
    636928,         0,         0,    44.9,standalone_exact_mw,9d8ad86e51451842b54dafc7680d1b486ef291963bb72c70f3cdd570d2d8fa34,"{""distance"":7,""physical_error_rate"":0.002}","{""detection_events"":3953108,""detectors_checked"":515911680}"
   2122752,         0,         0,   119.7,standalone_exact_mw,9d8ad86e51451842b54dafc7680d1b486ef291963bb72c70f3cdd570d2d8fa34,"{""distance"":7,""physical_error_rate"":0.002}","{""detection_events"":13199119,""detectors_checked"":1719429120}"
   4644864,         0,         0,   119.7,standalone_exact_mw,e5383d45c2b34399c539563e7789a53fd4b96cd0b38eade39a3cbfe07ba21ab0,"{""distance"":7,""physical_error_rate"":0.0002}","{""detection_events"":2918493,""detectors_checked"":3762339840}"
   2824192,         0,         0,   119.7,standalone_exact_mw,3bd544bb51e006261b45d3a2c996e28fc0c0449411cee5f7deafcd25d9539ebc,"{""distance"":7,""physical_error_rate"":0.001}","{""detection_events"":8823955,""detectors_checked"":2287595520}"
   3567616,         0,         0,   119.6,standalone_exact_mw,ba5ada56442ed2ba457be44e3218b165c8a19e21146c9941e841199e65961aae,"{""distance"":7,""physical_error_rate"":0.0005}","{""detection_events"":5591422,""detectors_checked"":2889768960}"
   1106944,         0,         0,   119.6,standalone_exact_mw,9d8ad86e51451842b54dafc7680d1b486ef291963bb72c70f3cdd570d2d8fa34,"{""distance"":7,""physical_error_rate"":0.002}","{""detection_events"":6879938,""detectors_checked"":896624640}"
   1402880,         0,         0,   119.4,standalone_exact_mw,e5383d45c2b34399c539563e7789a53fd4b96cd0b38eade39a3cbfe07ba21ab0,"{""distance"":7,""physical_error_rate"":0.0002}","{""detection_events"":882311,""detectors_checked"":1136332800}"
   3539968,         0,         0,   119.6,standalone_exact_mw,e5383d45c2b34399c539563e7789a53fd4b96cd0b38eade39a3cbfe07ba21ab0,"{""distance"":7,""physical_error_rate"":0.0002}","{""detection_events"":2223833,""detectors_checked"":2867374080}"
   1014784,         0,         0,   119.7,standalone_exact_mw,e5383d45c2b34399c539563e7789a53fd4b96cd0b38eade39a3cbfe07ba21ab0,"{""distance"":7,""physical_error_rate"":0.0002}","{""detection_events"":638155,""detectors_checked"":821975040}"
   1510400,         0,         0,   119.6,standalone_exact_mw,ba5ada56442ed2ba457be44e3218b165c8a19e21146c9941e841199e65961aae,"{""distance"":7,""physical_error_rate"":0.0005}","{""detection_events"":2366728,""detectors_checked"":1223424000}"
   2759680,         0,         0,   119.7,standalone_exact_mw,ba5ada56442ed2ba457be44e3218b165c8a19e21146c9941e841199e65961aae,"{""distance"":7,""physical_error_rate"":0.0005}","{""detection_events"":4328617,""detectors_checked"":2235340800}"
   1209344,         0,         0,   119.9,standalone_exact_mw,9d8ad86e51451842b54dafc7680d1b486ef291963bb72c70f3cdd570d2d8fa34,"{""distance"":7,""physical_error_rate"":0.002}","{""detection_events"":7520901,""detectors_checked"":979568640}"
    636928,         0,         0,   119.7,standalone_exact_mw,3bd544bb51e006261b45d3a2c996e28fc0c0449411cee5f7deafcd25d9539ebc,"{""distance"":7,""physical_error_rate"":0.001}","{""detection_events"":1991708,""detectors_checked"":515911680}"
   1673216,         0,         0,   119.6,standalone_exact_mw,e5383d45c2b34399c539563e7789a53fd4b96cd0b38eade39a3cbfe07ba21ab0,"{""distance"":7,""physical_error_rate"":0.0002}","{""detection_events"":1051163,""detectors_checked"":1355304960}"
   1161216,         0,         0,   119.3,standalone_exact_mw,3bd544bb51e006261b45d3a2c996e28fc0c0449411cee5f7deafcd25d9539ebc,"{""distance"":7,""physical_error_rate"":0.001}","{""detection_events"":3624839,""detectors_checked"":940584960}"
    531456,         1,         0,   119.8,standalone_exact_mw,9d8ad86e51451842b54dafc7680d1b486ef291963bb72c70f3cdd570d2d8fa34,"{""distance"":7,""physical_error_rate"":0.002}","{""detection_events"":3303706,""detectors_checked"":430479360,""obs_mistake_mask=E"":1}"
   2460672,         0,         0,   119.6,standalone_exact_mw,ba5ada56442ed2ba457be44e3218b165c8a19e21146c9941e841199e65961aae,"{""distance"":7,""physical_error_rate"":0.0005}","{""detection_events"":3851984,""detectors_checked"":1993144320}"
    617472,         0,         0,   119.9,standalone_exact_mw,3bd544bb51e006261b45d3a2c996e28fc0c0449411cee5f7deafcd25d9539ebc,"{""distance"":7,""physical_error_rate"":0.001}","{""detection_events"":1926514,""detectors_checked"":500152320}"
   1761280,         0,         0,    62.8,standalone_exact_mw,ba5ada56442ed2ba457be44e3218b165c8a19e21146c9941e841199e65961aae,"{""distance"":7,""physical_error_rate"":0.0005}","{""detection_events"":2762741,""detectors_checked"":1426636800}"
   2452480,         0,         0,    62.8,standalone_exact_mw,e5383d45c2b34399c539563e7789a53fd4b96cd0b38eade39a3cbfe07ba21ab0,"{""distance"":7,""physical_error_rate"":0.0002}","{""detection_events"":1541772,""detectors_checked"":1986508800}"
   1164288,         0,         0,    62.9,standalone_exact_mw,9d8ad86e51451842b54dafc7680d1b486ef291963bb72c70f3cdd570d2d8fa34,"{""distance"":7,""physical_error_rate"":0.002}","{""detection_events"":7238542,""detectors_checked"":943073280}"
   1396736,         0,         0,    62.9,standalone_exact_mw,9d8ad86e51451842b54dafc7680d1b486ef291963bb72c70f3cdd570d2d8fa34,"{""distance"":7,""physical_error_rate"":0.002}","{""detection_events"":8673927,""detectors_checked"":1131356160}"
   1094656,         0,         0,    62.7,standalone_exact_mw,ba5ada56442ed2ba457be44e3218b165c8a19e21146c9941e841199e65961aae,"{""distance"":7,""physical_error_rate"":0.0005}","{""detection_events"":1717690,""detectors_checked"":886671360}"
   1686528,         0,         0,    62.9,standalone_exact_mw,3bd544bb51e006261b45d3a2c996e28fc0c0449411cee5f7deafcd25d9539ebc,"{""distance"":7,""physical_error_rate"":0.001}","{""detection_events"":5273452,""detectors_checked"":1366087680}"
    649216,         0,         0,    63.1,standalone_exact_mw,9d8ad86e51451842b54dafc7680d1b486ef291963bb72c70f3cdd570d2d8fa34,"{""distance"":7,""physical_error_rate"":0.002}","{""detection_events"":4035056,""detectors_checked"":525864960}"
    567296,         0,         0,    62.4,standalone_exact_mw,e5383d45c2b34399c539563e7789a53fd4b96cd0b38eade39a3cbfe07ba21ab0,"{""distance"":7,""physical_error_rate"":0.0002}","{""detection_events"":356988,""detectors_checked"":459509760}"
    782336,         0,         0,    62.7,standalone_exact_mw,e5383d45c2b34399c539563e7789a53fd4b96cd0b38eade39a3cbfe07ba21ab0,"{""distance"":7,""physical_error_rate"":0.0002}","{""detection_events"":493044,""detectors_checked"":633692160}"
   1208320,         0,         0,    62.8,standalone_exact_mw,3bd544bb51e006261b45d3a2c996e28fc0c0449411cee5f7deafcd25d9539ebc,"{""distance"":7,""physical_error_rate"":0.001}","{""detection_events"":3776014,""detectors_checked"":978739200}"
    283648,         0,         0,    62.8,standalone_exact_mw,9d8ad86e51451842b54dafc7680d1b486ef291963bb72c70f3cdd570d2d8fa34,"{""distance"":7,""physical_error_rate"":0.002}","{""detection_events"":1762740,""detectors_checked"":229754880}"
   1156096,         0,         0,    62.8,standalone_exact_mw,e5383d45c2b34399c539563e7789a53fd4b96cd0b38eade39a3cbfe07ba21ab0,"{""distance"":7,""physical_error_rate"":0.0002}","{""detection_events"":726198,""detectors_checked"":936437760}"
    207872,         0,         0,    62.7,standalone_exact_mw,3bd544bb51e006261b45d3a2c996e28fc0c0449411cee5f7deafcd25d9539ebc,"{""distance"":7,""physical_error_rate"":0.001}","{""detection_events"":649499,""detectors_checked"":168376320}"
    364544,         0,         0,    63.0,standalone_exact_mw,3bd544bb51e006261b45d3a2c996e28fc0c0449411cee5f7deafcd25d9539ebc,"{""distance"":7,""physical_error_rate"":0.001}","{""detection_events"":1139163,""detectors_checked"":295280640}"
    432128,         0,         0,    62.8,standalone_exact_mw,ba5ada56442ed2ba457be44e3218b165c8a19e21146c9941e841199e65961aae,"{""distance"":7,""physical_error_rate"":0.0005}","{""detection_events"":680530,""detectors_checked"":350023680}"
    545792,         0,         0,    63.0,standalone_exact_mw,3bd544bb51e006261b45d3a2c996e28fc0c0449411cee5f7deafcd25d9539ebc,"{""distance"":7,""physical_error_rate"":0.001}","{""detection_events"":1705534,""detectors_checked"":442091520}"
    999424,         0,         0,    62.8,standalone_exact_mw,9d8ad86e51451842b54dafc7680d1b486ef291963bb72c70f3cdd570d2d8fa34,"{""distance"":7,""physical_error_rate"":0.002}","{""detection_events"":6202304,""detectors_checked"":809533440}"
    388096,         0,         0,    62.9,standalone_exact_mw,ba5ada56442ed2ba457be44e3218b165c8a19e21146c9941e841199e65961aae,"{""distance"":7,""physical_error_rate"":0.0005}","{""detection_events"":608558,""detectors_checked"":314357760}"
    993280,         0,         0,    62.8,standalone_exact_mw,e5383d45c2b34399c539563e7789a53fd4b96cd0b38eade39a3cbfe07ba21ab0,"{""distance"":7,""physical_error_rate"":0.0002}","{""detection_events"":624777,""detectors_checked"":804556800}"
    447488,         0,         0,    62.7,standalone_exact_mw,ba5ada56442ed2ba457be44e3218b165c8a19e21146c9941e841199e65961aae,"{""distance"":7,""physical_error_rate"":0.0005}","{""detection_events"":701890,""detectors_checked"":362465280}"
    514048,         0,         0,    62.9,standalone_exact_mw,ba5ada56442ed2ba457be44e3218b165c8a19e21146c9941e841199e65961aae,"{""distance"":7,""physical_error_rate"":0.0005}","{""detection_events"":804601,""detectors_checked"":416378880}"
    585728,         0,         0,   119.4,standalone_exact_mw,3bd544bb51e006261b45d3a2c996e28fc0c0449411cee5f7deafcd25d9539ebc,"{""distance"":7,""physical_error_rate"":0.001}","{""detection_events"":1832030,""detectors_checked"":474439680}"
   2074624,         0,         0,   119.6,standalone_exact_mw,ba5ada56442ed2ba457be44e3218b165c8a19e21146c9941e841199e65961aae,"{""distance"":7,""physical_error_rate"":0.0005}","{""detection_events"":3255768,""detectors_checked"":1680445440}"
   1579008,         0,         0,   119.7,standalone_exact_mw,ba5ada56442ed2ba457be44e3218b165c8a19e21146c9941e841199e65961aae,"{""distance"":7,""physical_error_rate"":0.0005}","{""detection_events"":2476883,""detectors_checked"":1278996480}"
   2019328,         0,         0,   119.5,standalone_exact_mw,e5383d45c2b34399c539563e7789a53fd4b96cd0b38eade39a3cbfe07ba21ab0,"{""distance"":7,""physical_error_rate"":0.0002}","{""detection_events"":1268812,""detectors_checked"":1635655680}"
    624640,         0,         0,    62.7,standalone_exact_mw,e5383d45c2b34399c539563e7789a53fd4b96cd0b38eade39a3cbfe07ba21ab0,"{""distance"":7,""physical_error_rate"":0.0002}","{""detection_events"":391795,""detectors_checked"":505958400}"
   1992704,         0,         0,   119.7,standalone_exact_mw,9d8ad86e51451842b54dafc7680d1b486ef291963bb72c70f3cdd570d2d8fa34,"{""distance"":7,""physical_error_rate"":0.002}","{""detection_events"":12384990,""detectors_checked"":1614090240}"
   3173376,         0,         0,   119.5,standalone_exact_mw,ba5ada56442ed2ba457be44e3218b165c8a19e21146c9941e841199e65961aae,"{""distance"":7,""physical_error_rate"":0.0005}","{""detection_events"":4977592,""detectors_checked"":2570434560}"
   2059264,         0,         0,   119.7,standalone_exact_mw,3bd544bb51e006261b45d3a2c996e28fc0c0449411cee5f7deafcd25d9539ebc,"{""distance"":7,""physical_error_rate"":0.001}","{""detection_events"":6434025,""detectors_checked"":1668003840}"
   3211264,         0,         0,   119.7,standalone_exact_mw,e5383d45c2b34399c539563e7789a53fd4b96cd0b38eade39a3cbfe07ba21ab0,"{""distance"":7,""physical_error_rate"":0.0002}","{""detection_events"":2018881,""detectors_checked"":2601123840}"
   3479552,         0,         0,   119.6,standalone_exact_mw,ba5ada56442ed2ba457be44e3218b165c8a19e21146c9941e841199e65961aae,"{""distance"":7,""physical_error_rate"":0.0005}","{""detection_events"":5448438,""detectors_checked"":2818437120}"
   1113088,         0,         0,   119.5,standalone_exact_mw,ba5ada56442ed2ba457be44e3218b165c8a19e21146c9941e841199e65961aae,"{""distance"":7,""physical_error_rate"":0.0005}","{""detection_events"":1743612,""detectors_checked"":901601280}"
   4276224,         0,         0,   119.6,standalone_exact_mw,e5383d45c2b34399c539563e7789a53fd4b96cd0b38eade39a3cbfe07ba21ab0,"{""distance"":7,""physical_error_rate"":0.0002}","{""detection_events"":2684699,""detectors_checked"":3463741440}"
   4359168,         0,         0,   119.6,standalone_exact_mw,e5383d45c2b34399c539563e7789a53fd4b96cd0b38eade39a3cbfe07ba21ab0,"{""distance"":7,""physical_error_rate"":0.0002}","{""detection_events"":2742534,""detectors_checked"":3530926080}"
    701440,         0,         0,   120.1,standalone_exact_mw,9d8ad86e51451842b54dafc7680d1b486ef291963bb72c70f3cdd570d2d8fa34,"{""distance"":7,""physical_error_rate"":0.002}","{""detection_events"":4362437,""detectors_checked"":568166400}"
    431104,         0,         0,    63.1,standalone_exact_mw,ba5ada56442ed2ba457be44e3218b165c8a19e21146c9941e841199e65961aae,"{""distance"":7,""physical_error_rate"":0.0005}","{""detection_events"":674623,""detectors_checked"":349194240}"
   2441216,         0,         0,   119.8,standalone_exact_mw,9d8ad86e51451842b54dafc7680d1b486ef291963bb72c70f3cdd570d2d8fa34,"{""distance"":7,""physical_error_rate"":0.002}","{""detection_events"":15173673,""detectors_checked"":1977384960}"
   2905088,         0,         0,   119.7,standalone_exact_mw,3bd544bb51e006261b45d3a2c996e28fc0c0449411cee5f7deafcd25d9539ebc,"{""distance"":7,""physical_error_rate"":0.001}","{""detection_events"":9074963,""detectors_checked"":2353121280}"
   1197056,         0,         0,   119.6,standalone_exact_mw,ba5ada56442ed2ba457be44e3218b165c8a19e21146c9941e841199e65961aae,"{""distance"":7,""physical_error_rate"":0.0005}","{""detection_events"":1872153,""detectors_checked"":969615360}"
   1538048,         0,         0,   119.6,standalone_exact_mw,3bd544bb51e006261b45d3a2c996e28fc0c0449411cee5f7deafcd25d9539ebc,"{""distance"":7,""physical_error_rate"":0.001}","{""detection_events"":4805069,""detectors_checked"":1245818880}"
    318464,         0,         0,    63.0,standalone_exact_mw,3bd544bb51e006261b45d3a2c996e28fc0c0449411cee5f7deafcd25d9539ebc,"{""distance"":7,""physical_error_rate"":0.001}","{""detection_events"":994654,""detectors_checked"":257955840}"
   3170304,         0,         0,   119.6,standalone_exact_mw,ba5ada56442ed2ba457be44e3218b165c8a19e21146c9941e841199e65961aae,"{""distance"":7,""physical_error_rate"":0.0005}","{""detection_events"":4971773,""detectors_checked"":2567946240}"
    796672,         0,         0,   119.9,standalone_exact_mw,3bd544bb51e006261b45d3a2c996e28fc0c0449411cee5f7deafcd25d9539ebc,"{""distance"":7,""physical_error_rate"":0.001}","{""detection_events"":2492707,""detectors_checked"":645304320}"
    859136,         1,         0,   119.7,standalone_exact_mw,9d8ad86e51451842b54dafc7680d1b486ef291963bb72c70f3cdd570d2d8fa34,"{""distance"":7,""physical_error_rate"":0.002}","{""detection_events"":5336659,""detectors_checked"":695900160,""obs_mistake_mask=E"":1}"
   1057792,         0,         0,   119.5,standalone_exact_mw,e5383d45c2b34399c539563e7789a53fd4b96cd0b38eade39a3cbfe07ba21ab0,"{""distance"":7,""physical_error_rate"":0.0002}","{""detection_events"":663980,""detectors_checked"":856811520}"
   1102848,         0,         0,   119.4,standalone_exact_mw,e5383d45c2b34399c539563e7789a53fd4b96cd0b38eade39a3cbfe07ba21ab0,"{""distance"":7,""physical_error_rate"":0.0002}","{""detection_events"":693112,""detectors_checked"":893306880}"
    967680,         0,         0,   119.7,standalone_exact_mw,ba5ada56442ed2ba457be44e3218b165c8a19e21146c9941e841199e65961aae,"{""distance"":7,""physical_error_rate"":0.0005}","{""detection_events"":1518030,""detectors_checked"":783820800}"
   1171456,         0,         0,   119.5,standalone_exact_mw,e5383d45c2b34399c539563e7789a53fd4b96cd0b38eade39a3cbfe07ba21ab0,"{""distance"":7,""physical_error_rate"":0.0002}","{""detection_events"":737177,""detectors_checked"":948879360}"
   1258496,         0,         0,   119.7,standalone_exact_mw,3bd544bb51e006261b45d3a2c996e28fc0c0449411cee5f7deafcd25d9539ebc,"{""distance"":7,""physical_error_rate"":0.001}","{""detection_events"":3935475,""detectors_checked"":1019381760}"
    801792,         0,         0,   119.4,standalone_exact_mw,3bd544bb51e006261b45d3a2c996e28fc0c0449411cee5f7deafcd25d9539ebc,"{""distance"":7,""physical_error_rate"":0.001}","{""detection_events"":2503679,""detectors_checked"":649451520}"
   1597440,         0,         0,   119.8,standalone_exact_mw,9d8ad86e51451842b54dafc7680d1b486ef291963bb72c70f3cdd570d2d8fa34,"{""distance"":7,""physical_error_rate"":0.002}","{""detection_events"":9929059,""detectors_checked"":1293926400}"
   1636352,         1,         0,   119.6,standalone_exact_mw,9d8ad86e51451842b54dafc7680d1b486ef291963bb72c70f3cdd570d2d8fa34,"{""distance"":7,""physical_error_rate"":0.002}","{""detection_events"":10164710,""detectors_checked"":1325445120,""obs_mistake_mask=E"":1}"
   1034240,         0,         0,    63.0,standalone_exact_mw,9d8ad86e51451842b54dafc7680d1b486ef291963bb72c70f3cdd570d2d8fa34,"{""distance"":7,""physical_error_rate"":0.002}","{""detection_events"":6430073,""detectors_checked"":837734400}"
    751616,         0,         0,   119.7,standalone_exact_mw,ba5ada56442ed2ba457be44e3218b165c8a19e21146c9941e841199e65961aae,"{""distance"":7,""physical_error_rate"":0.0005}","{""detection_events"":1176677,""detectors_checked"":608808960}"
   3650560,         0,         0,   119.5,standalone_exact_mw,e5383d45c2b34399c539563e7789a53fd4b96cd0b38eade39a3cbfe07ba21ab0,"{""distance"":7,""physical_error_rate"":0.0002}","{""detection_events"":2289268,""detectors_checked"":2956953600}"
    464896,         0,         0,   119.6,standalone_exact_mw,9d8ad86e51451842b54dafc7680d1b486ef291963bb72c70f3cdd570d2d8fa34,"{""distance"":7,""physical_error_rate"":0.002}","{""detection_events"":2894455,""detectors_checked"":376565760}"
   1033216,         0,         0,   119.6,standalone_exact_mw,9d8ad86e51451842b54dafc7680d1b486ef291963bb72c70f3cdd570d2d8fa34,"{""distance"":7,""physical_error_rate"":0.002}","{""detection_events"":6424382,""detectors_checked"":836904960}"
   1734656,         0,         0,   119.7,standalone_exact_mw,3bd544bb51e006261b45d3a2c996e28fc0c0449411cee5f7deafcd25d9539ebc,"{""distance"":7,""physical_error_rate"":0.001}","{""detection_events"":5424645,""detectors_checked"":1405071360}"
    954368,         2,         0,   119.9,standalone_exact_mw,9d8ad86e51451842b54dafc7680d1b486ef291963bb72c70f3cdd570d2d8fa34,"{""distance"":7,""physical_error_rate"":0.002}","{""detection_events"":5933446,""detectors_checked"":773038080,""obs_mistake_mask=E"":2}"
   1855488,         0,         0,   119.7,standalone_exact_mw,3bd544bb51e006261b45d3a2c996e28fc0c0449411cee5f7deafcd25d9539ebc,"{""distance"":7,""physical_error_rate"":0.001}","{""detection_events"":5796559,""detectors_checked"":1502945280}"
   1159168,         0,         0,   119.4,standalone_exact_mw,e5383d45c2b34399c539563e7789a53fd4b96cd0b38eade39a3cbfe07ba21ab0,"{""distance"":7,""physical_error_rate"":0.0002}","{""detection_events"":727035,""detectors_checked"":938926080}"
   1117184,         0,         0,   119.5,standalone_exact_mw,ba5ada56442ed2ba457be44e3218b165c8a19e21146c9941e841199e65961aae,"{""distance"":7,""physical_error_rate"":0.0005}","{""detection_events"":1748545,""detectors_checked"":904919040}"
   1371136,         0,         0,   119.4,standalone_exact_mw,e5383d45c2b34399c539563e7789a53fd4b96cd0b38eade39a3cbfe07ba21ab0,"{""distance"":7,""physical_error_rate"":0.0002}","{""detection_events"":858667,""detectors_checked"":1110620160}"
   1327104,         0,         0,   119.8,standalone_exact_mw,9d8ad86e51451842b54dafc7680d1b486ef291963bb72c70f3cdd570d2d8fa34,"{""distance"":7,""physical_error_rate"":0.002}","{""detection_events"":8249372,""detectors_checked"":1074954240}"
   2048000,         0,         0,   119.8,standalone_exact_mw,9d8ad86e51451842b54dafc7680d1b486ef291963bb72c70f3cdd570d2d8fa34,"{""distance"":7,""physical_error_rate"":0.002}","{""detection_events"":12740861,""detectors_checked"":1658880000}"
   1559552,         0,         0,   119.6,standalone_exact_mw,3bd544bb51e006261b45d3a2c996e28fc0c0449411cee5f7deafcd25d9539ebc,"{""distance"":7,""physical_error_rate"":0.001}","{""detection_events"":4880932,""detectors_checked"":1263237120}"
   1206272,         0,         0,   119.3,standalone_exact_mw,e5383d45c2b34399c539563e7789a53fd4b96cd0b38eade39a3cbfe07ba21ab0,"{""distance"":7,""physical_error_rate"":0.0002}","{""detection_events"":758687,""detectors_checked"":977080320}"
   2870272,         0,         0,   119.7,standalone_exact_mw,3bd544bb51e006261b45d3a2c996e28fc0c0449411cee5f7deafcd25d9539ebc,"{""distance"":7,""physical_error_rate"":0.001}","{""detection_events"":8975448,""detectors_checked"":2324920320}"
    878592,         0,         0,   119.6,standalone_exact_mw,ba5ada56442ed2ba457be44e3218b165c8a19e21146c9941e841199e65961aae,"{""distance"":7,""physical_error_rate"":0.0005}","{""detection_events"":1377991,""detectors_checked"":711659520}"
   1354752,         0,         0,   119.2,standalone_exact_mw,e5383d45c2b34399c539563e7789a53fd4b96cd0b38eade39a3cbfe07ba21ab0,"{""distance"":7,""physical_error_rate"":0.0002}","{""detection_events"":852307,""detectors_checked"":1097349120}"
    940032,         0,         0,   119.9,standalone_exact_mw,ba5ada56442ed2ba457be44e3218b165c8a19e21146c9941e841199e65961aae,"{""distance"":7,""physical_error_rate"":0.0005}","{""detection_events"":1472966,""detectors_checked"":761425920}"
   1463296,         0,         0,   119.8,standalone_exact_mw,3bd544bb51e006261b45d3a2c996e28fc0c0449411cee5f7deafcd25d9539ebc,"{""distance"":7,""physical_error_rate"":0.001}","{""detection_events"":4576447,""detectors_checked"":1185269760}"
   2129920,         0,         0,   119.6,standalone_exact_mw,ba5ada56442ed2ba457be44e3218b165c8a19e21146c9941e841199e65961aae,"{""distance"":7,""physical_error_rate"":0.0005}","{""detection_events"":3340282,""detectors_checked"":1725235200}"
   1364992,         0,         0,   120.1,standalone_exact_mw,9d8ad86e51451842b54dafc7680d1b486ef291963bb72c70f3cdd570d2d8fa34,"{""distance"":7,""physical_error_rate"":0.002}","{""detection_events"":8484887,""detectors_checked"":1105643520}"
   2376704,         0,         0,   119.5,standalone_exact_mw,e5383d45c2b34399c539563e7789a53fd4b96cd0b38eade39a3cbfe07ba21ab0,"{""distance"":7,""physical_error_rate"":0.0002}","{""detection_events"":1489570,""detectors_checked"":1925130240}"
   1003520,         0,         0,   119.4,standalone_exact_mw,ba5ada56442ed2ba457be44e3218b165c8a19e21146c9941e841199e65961aae,"{""distance"":7,""physical_error_rate"":0.0005}","{""detection_events"":1574571,""detectors_checked"":812851200}"
    873472,         1,         0,   119.6,standalone_exact_mw,9d8ad86e51451842b54dafc7680d1b486ef291963bb72c70f3cdd570d2d8fa34,"{""distance"":7,""physical_error_rate"":0.002}","{""detection_events"":5426718,""detectors_checked"":707512320,""obs_mistake_mask=E"":1}"
    809984,         0,         0,   119.9,standalone_exact_mw,9d8ad86e51451842b54dafc7680d1b486ef291963bb72c70f3cdd570d2d8fa34,"{""distance"":7,""physical_error_rate"":0.002}","{""detection_events"":5037420,""detectors_checked"":656087040}"
   1336320,         0,         0,   119.2,standalone_exact_mw,e5383d45c2b34399c539563e7789a53fd4b96cd0b38eade39a3cbfe07ba21ab0,"{""distance"":7,""physical_error_rate"":0.0002}","{""detection_events"":838876,""detectors_checked"":1082419200}"
   2580480,         0,         0,   119.6,standalone_exact_mw,ba5ada56442ed2ba457be44e3218b165c8a19e21146c9941e841199e65961aae,"{""distance"":7,""physical_error_rate"":0.0005}","{""detection_events"":4037559,""detectors_checked"":2090188800}"
   2872320,         0,         0,   119.4,standalone_exact_mw,e5383d45c2b34399c539563e7789a53fd4b96cd0b38eade39a3cbfe07ba21ab0,"{""distance"":7,""physical_error_rate"":0.0002}","{""detection_events"":1806657,""detectors_checked"":2326579200}"
   4220928,         0,         0,   119.6,standalone_exact_mw,e5383d45c2b34399c539563e7789a53fd4b96cd0b38eade39a3cbfe07ba21ab0,"{""distance"":7,""physical_error_rate"":0.0002}","{""detection_events"":2648982,""detectors_checked"":3418951680}"
    592896,         0,         0,   119.7,standalone_exact_mw,3bd544bb51e006261b45d3a2c996e28fc0c0449411cee5f7deafcd25d9539ebc,"{""distance"":7,""physical_error_rate"":0.001}","{""detection_events"":1855956,""detectors_checked"":480245760}"
   1035264,         0,         0,   119.8,standalone_exact_mw,ba5ada56442ed2ba457be44e3218b165c8a19e21146c9941e841199e65961aae,"{""distance"":7,""physical_error_rate"":0.0005}","{""detection_events"":1622975,""detectors_checked"":838563840}"
   2356224,         0,         0,   119.5,standalone_exact_mw,e5383d45c2b34399c539563e7789a53fd4b96cd0b38eade39a3cbfe07ba21ab0,"{""distance"":7,""physical_error_rate"":0.0002}","{""detection_events"":1479671,""detectors_checked"":1908541440}"
   1179648,         0,         0,   119.8,standalone_exact_mw,3bd544bb51e006261b45d3a2c996e28fc0c0449411cee5f7deafcd25d9539ebc,"{""distance"":7,""physical_error_rate"":0.001}","{""detection_events"":3683434,""detectors_checked"":955514880}"
   1784832,         0,         0,   119.8,standalone_exact_mw,3bd544bb51e006261b45d3a2c996e28fc0c0449411cee5f7deafcd25d9539ebc,"{""distance"":7,""physical_error_rate"":0.001}","{""detection_events"":5573176,""detectors_checked"":1445713920}"
   1574912,         0,         0,   119.7,standalone_exact_mw,9d8ad86e51451842b54dafc7680d1b486ef291963bb72c70f3cdd570d2d8fa34,"{""distance"":7,""physical_error_rate"":0.002}","{""detection_events"":9791776,""detectors_checked"":1275678720}"
   1995776,         0,         0,   119.4,standalone_exact_mw,ba5ada56442ed2ba457be44e3218b165c8a19e21146c9941e841199e65961aae,"{""distance"":7,""physical_error_rate"":0.0005}","{""detection_events"":3126284,""detectors_checked"":1616578560}"
   2194432,         0,         0,   119.8,standalone_exact_mw,ba5ada56442ed2ba457be44e3218b165c8a19e21146c9941e841199e65961aae,"{""distance"":7,""physical_error_rate"":0.0005}","{""detection_events"":3440941,""detectors_checked"":1777489920}"
   1971200,         0,         0,   119.8,standalone_exact_mw,9d8ad86e51451842b54dafc7680d1b486ef291963bb72c70f3cdd570d2d8fa34,"{""distance"":7,""physical_error_rate"":0.002}","{""detection_events"":12238851,""detectors_checked"":1596672000}"
    623616,         0,         0,   119.6,standalone_exact_mw,3bd544bb51e006261b45d3a2c996e28fc0c0449411cee5f7deafcd25d9539ebc,"{""distance"":7,""physical_error_rate"":0.001}","{""detection_events"":1948569,""detectors_checked"":505128960}"
   2011136,         0,         0,   119.7,standalone_exact_mw,3bd544bb51e006261b45d3a2c996e28fc0c0449411cee5f7deafcd25d9539ebc,"{""distance"":7,""physical_error_rate"":0.001}","{""detection_events"":6287261,""detectors_checked"":1629020160}"
   1024000,         0,         0,   119.7,standalone_exact_mw,9d8ad86e51451842b54dafc7680d1b486ef291963bb72c70f3cdd570d2d8fa34,"{""distance"":7,""physical_error_rate"":0.002}","{""detection_events"":6360242,""detectors_checked"":829440000}"
    742400,         0,         0,   120.1,standalone_exact_mw,3bd544bb51e006261b45d3a2c996e28fc0c0449411cee5f7deafcd25d9539ebc,"{""distance"":7,""physical_error_rate"":0.001}","{""detection_events"":2314596,""detectors_checked"":601344000}"
   1818624,         0,         0,   119.4,standalone_exact_mw,e5383d45c2b34399c539563e7789a53fd4b96cd0b38eade39a3cbfe07ba21ab0,"{""distance"":7,""physical_error_rate"":0.0002}","{""detection_events"":1138947,""detectors_checked"":1473085440}"
   3539968,         0,         0,   119.8,standalone_exact_mw,ba5ada56442ed2ba457be44e3218b165c8a19e21146c9941e841199e65961aae,"{""distance"":7,""physical_error_rate"":0.0005}","{""detection_events"":5547455,""detectors_checked"":2867374080}"
    579584,         0,         0,   119.3,standalone_exact_mw,9d8ad86e51451842b54dafc7680d1b486ef291963bb72c70f3cdd570d2d8fa34,"{""distance"":7,""physical_error_rate"":0.002}","{""detection_events"":3600547,""detectors_checked"":469463040}"
   3901440,         0,         0,   119.6,standalone_exact_mw,e5383d45c2b34399c539563e7789a53fd4b96cd0b38eade39a3cbfe07ba21ab0,"{""distance"":7,""physical_error_rate"":0.0002}","{""detection_events"":2449474,""detectors_checked"":3160166400}"
   1253376,         0,         0,   119.5,standalone_exact_mw,3bd544bb51e006261b45d3a2c996e28fc0c0449411cee5f7deafcd25d9539ebc,"{""distance"":7,""physical_error_rate"":0.001}","{""detection_events"":3920554,""detectors_checked"":1015234560}"
   1117184,         0,         0,   119.6,standalone_exact_mw,3bd544bb51e006261b45d3a2c996e28fc0c0449411cee5f7deafcd25d9539ebc,"{""distance"":7,""physical_error_rate"":0.001}","{""detection_events"":3489249,""detectors_checked"":904919040}"
   2688000,         0,         0,   119.5,standalone_exact_mw,ba5ada56442ed2ba457be44e3218b165c8a19e21146c9941e841199e65961aae,"{""distance"":7,""physical_error_rate"":0.0005}","{""detection_events"":4212848,""detectors_checked"":2177280000}"
   4398080,         0,         0,   119.6,standalone_exact_mw,e5383d45c2b34399c539563e7789a53fd4b96cd0b38eade39a3cbfe07ba21ab0,"{""distance"":7,""physical_error_rate"":0.0002}","{""detection_events"":2764872,""detectors_checked"":3562444800}"
    491520,         0,         0,   119.8,standalone_exact_mw,9d8ad86e51451842b54dafc7680d1b486ef291963bb72c70f3cdd570d2d8fa34,"{""distance"":7,""physical_error_rate"":0.002}","{""detection_events"":3050042,""detectors_checked"":398131200}"
   1627136,         0,         0,   119.5,standalone_exact_mw,e5383d45c2b34399c539563e7789a53fd4b96cd0b38eade39a3cbfe07ba21ab0,"{""distance"":7,""physical_error_rate"":0.0002}","{""detection_events"":1022106,""detectors_checked"":1317980160}"
   1042432,         0,         0,   119.6,standalone_exact_mw,3bd544bb51e006261b45d3a2c996e28fc0c0449411cee5f7deafcd25d9539ebc,"{""distance"":7,""physical_error_rate"":0.001}","{""detection_events"":3262290,""detectors_checked"":844369920}"
   1244160,         0,         0,   119.7,standalone_exact_mw,ba5ada56442ed2ba457be44e3218b165c8a19e21146c9941e841199e65961aae,"{""distance"":7,""physical_error_rate"":0.0005}","{""detection_events"":1952519,""detectors_checked"":1007769600}"
    976896,         0,         0,   119.9,standalone_exact_mw,9d8ad86e51451842b54dafc7680d1b486ef291963bb72c70f3cdd570d2d8fa34,"{""distance"":7,""physical_error_rate"":0.002}","{""detection_events"":6076227,""detectors_checked"":791285760}"
    850944,         0,         0,   119.7,standalone_exact_mw,3bd544bb51e006261b45d3a2c996e28fc0c0449411cee5f7deafcd25d9539ebc,"{""distance"":7,""physical_error_rate"":0.001}","{""detection_events"":2663289,""detectors_checked"":689264640}"
   1063936,         2,         0,   119.8,standalone_exact_mw,9d8ad86e51451842b54dafc7680d1b486ef291963bb72c70f3cdd570d2d8fa34,"{""distance"":7,""physical_error_rate"":0.002}","{""detection_events"":6611465,""detectors_checked"":861788160,""obs_mistake_mask=E"":2}"
    720896,         0,         0,   119.8,standalone_exact_mw,9d8ad86e51451842b54dafc7680d1b486ef291963bb72c70f3cdd570d2d8fa34,"{""distance"":7,""physical_error_rate"":0.002}","{""detection_events"":4477300,""detectors_checked"":583925760}"
   2310144,         2,         0,   119.8,standalone_exact_mw,9d8ad86e51451842b54dafc7680d1b486ef291963bb72c70f3cdd570d2d8fa34,"{""distance"":7,""physical_error_rate"":0.002}","{""detection_events"":14342364,""detectors_checked"":1871216640,""obs_mistake_mask=E"":2}"
   4748288,         0,         0,   119.7,standalone_exact_mw,e5383d45c2b34399c539563e7789a53fd4b96cd0b38eade39a3cbfe07ba21ab0,"{""distance"":7,""physical_error_rate"":0.0002}","{""detection_events"":2980827,""detectors_checked"":3846113280}"
   3012608,         1,         0,   119.7,standalone_exact_mw,3bd544bb51e006261b45d3a2c996e28fc0c0449411cee5f7deafcd25d9539ebc,"{""distance"":7,""physical_error_rate"":0.001}","{""detection_events"":9420227,""detectors_checked"":2440212480,""obs_mistake_mask=E"":1}"
   3950592,         0,         0,   119.6,standalone_exact_mw,ba5ada56442ed2ba457be44e3218b165c8a19e21146c9941e841199e65961aae,"{""distance"":7,""physical_error_rate"":0.0005}","{""detection_events"":6188833,""detectors_checked"":3199979520}"
    863232,         0,         0,   119.8,standalone_exact_mw,9d8ad86e51451842b54dafc7680d1b486ef291963bb72c70f3cdd570d2d8fa34,"{""distance"":7,""physical_error_rate"":0.002}","{""detection_events"":5364991,""detectors_checked"":699217920}"
   1005568,         0,         0,   119.5,standalone_exact_mw,e5383d45c2b34399c539563e7789a53fd4b96cd0b38eade39a3cbfe07ba21ab0,"{""distance"":7,""physical_error_rate"":0.0002}","{""detection_events"":632291,""detectors_checked"":814510080}"
   3592192,         0,         0,   119.6,standalone_exact_mw,e5383d45c2b34399c539563e7789a53fd4b96cd0b38eade39a3cbfe07ba21ab0,"{""distance"":7,""physical_error_rate"":0.0002}","{""detection_events"":2258378,""detectors_checked"":2909675520}"
    945152,         0,         0,   119.3,standalone_exact_mw,e5383d45c2b34399c539563e7789a53fd4b96cd0b38eade39a3cbfe07ba21ab0,"{""distance"":7,""physical_error_rate"":0.0002}","{""detection_events"":591821,""detectors_checked"":765573120}"
   1208320,         0,         0,   119.6,standalone_exact_mw,ba5ada56442ed2ba457be44e3218b165c8a19e21146c9941e841199e65961aae,"{""distance"":7,""physical_error_rate"":0.0005}","{""detection_events"":1894215,""detectors_checked"":978739200}"
   1155072,         0,         0,   119.2,standalone_exact_mw,ba5ada56442ed2ba457be44e3218b165c8a19e21146c9941e841199e65961aae,"{""distance"":7,""physical_error_rate"":0.0005}","{""detection_events"":1809198,""detectors_checked"":935608320}"
   2440192,         0,         0,    88.0,standalone_exact_mw,ba5ada56442ed2ba457be44e3218b165c8a19e21146c9941e841199e65961aae,"{""distance"":7,""physical_error_rate"":0.0005}","{""detection_events"":3819675,""detectors_checked"":1976555520}"
    572416,         0,         0,   119.8,standalone_exact_mw,9d8ad86e51451842b54dafc7680d1b486ef291963bb72c70f3cdd570d2d8fa34,"{""distance"":7,""physical_error_rate"":0.002}","{""detection_events"":3556212,""detectors_checked"":463656960}"
    783360,         0,         0,   119.8,standalone_exact_mw,3bd544bb51e006261b45d3a2c996e28fc0c0449411cee5f7deafcd25d9539ebc,"{""distance"":7,""physical_error_rate"":0.001}","{""detection_events"":2445506,""detectors_checked"":634521600}"
   1162240,         0,         0,   119.2,standalone_exact_mw,e5383d45c2b34399c539563e7789a53fd4b96cd0b38eade39a3cbfe07ba21ab0,"{""distance"":7,""physical_error_rate"":0.0002}","{""detection_events"":729271,""detectors_checked"":941414400}"
   3607552,         0,         0,    87.9,standalone_exact_mw,e5383d45c2b34399c539563e7789a53fd4b96cd0b38eade39a3cbfe07ba21ab0,"{""distance"":7,""physical_error_rate"":0.0002}","{""detection_events"":2271138,""detectors_checked"":2922117120}"
   1797120,         1,         0,    88.0,standalone_exact_mw,9d8ad86e51451842b54dafc7680d1b486ef291963bb72c70f3cdd570d2d8fa34,"{""distance"":7,""physical_error_rate"":0.002}","{""detection_events"":11166397,""detectors_checked"":1455667200,""obs_mistake_mask=E"":1}"
   1949696,         1,         0,    88.0,standalone_exact_mw,9d8ad86e51451842b54dafc7680d1b486ef291963bb72c70f3cdd570d2d8fa34,"{""distance"":7,""physical_error_rate"":0.002}","{""detection_events"":12119973,""detectors_checked"":1579253760,""obs_mistake_mask=E"":1}"
   1071104,         0,         0,   119.8,standalone_exact_mw,3bd544bb51e006261b45d3a2c996e28fc0c0449411cee5f7deafcd25d9539ebc,"{""distance"":7,""physical_error_rate"":0.001}","{""detection_events"":3347206,""detectors_checked"":867594240}"
    614400,         0,         0,    87.7,standalone_exact_mw,ba5ada56442ed2ba457be44e3218b165c8a19e21146c9941e841199e65961aae,"{""distance"":7,""physical_error_rate"":0.0005}","{""detection_events"":962799,""detectors_checked"":497664000}"
   2276352,         0,         0,    88.0,standalone_exact_mw,3bd544bb51e006261b45d3a2c996e28fc0c0449411cee5f7deafcd25d9539ebc,"{""distance"":7,""physical_error_rate"":0.001}","{""detection_events"":7117635,""detectors_checked"":1843845120}"
    798720,         0,         0,    88.1,standalone_exact_mw,e5383d45c2b34399c539563e7789a53fd4b96cd0b38eade39a3cbfe07ba21ab0,"{""distance"":7,""physical_error_rate"":0.0002}","{""detection_events"":499976,""detectors_checked"":646963200}"
    542720,         0,         0,    88.2,standalone_exact_mw,9d8ad86e51451842b54dafc7680d1b486ef291963bb72c70f3cdd570d2d8fa34,"{""distance"":7,""physical_error_rate"":0.002}","{""detection_events"":3372417,""detectors_checked"":439603200}"
    763904,         0,         0,    87.9,standalone_exact_mw,e5383d45c2b34399c539563e7789a53fd4b96cd0b38eade39a3cbfe07ba21ab0,"{""distance"":7,""physical_error_rate"":0.0002}","{""detection_events"":478509,""detectors_checked"":618762240}"
   1498112,         0,         0,    87.9,standalone_exact_mw,3bd544bb51e006261b45d3a2c996e28fc0c0449411cee5f7deafcd25d9539ebc,"{""distance"":7,""physical_error_rate"":0.001}","{""detection_events"":4684593,""detectors_checked"":1213470720}"
   1418240,         1,         0,    88.1,standalone_exact_mw,9d8ad86e51451842b54dafc7680d1b486ef291963bb72c70f3cdd570d2d8fa34,"{""distance"":7,""physical_error_rate"":0.002}","{""detection_events"":8811758,""detectors_checked"":1148774400,""obs_mistake_mask=E"":1}"
   1268736,         0,         0,    88.0,standalone_exact_mw,3bd544bb51e006261b45d3a2c996e28fc0c0449411cee5f7deafcd25d9539ebc,"{""distance"":7,""physical_error_rate"":0.001}","{""detection_events"":3961963,""detectors_checked"":1027676160}"
    756736,         0,         0,    87.9,standalone_exact_mw,e5383d45c2b34399c539563e7789a53fd4b96cd0b38eade39a3cbfe07ba21ab0,"{""distance"":7,""physical_error_rate"":0.0002}","{""detection_events"":476998,""detectors_checked"":612956160}"
    467968,         0,         0,    88.0,standalone_exact_mw,3bd544bb51e006261b45d3a2c996e28fc0c0449411cee5f7deafcd25d9539ebc,"{""distance"":7,""physical_error_rate"":0.001}","{""detection_events"":1466133,""detectors_checked"":379054080}"
   1591296,         1,         0,   119.7,standalone_exact_mw,9d8ad86e51451842b54dafc7680d1b486ef291963bb72c70f3cdd570d2d8fa34,"{""distance"":7,""physical_error_rate"":0.002}","{""detection_events"":9882438,""detectors_checked"":1288949760,""obs_mistake_mask=E"":1}"
    834560,         0,         0,    87.9,standalone_exact_mw,ba5ada56442ed2ba457be44e3218b165c8a19e21146c9941e841199e65961aae,"{""distance"":7,""physical_error_rate"":0.0005}","{""detection_events"":1310499,""detectors_checked"":675993600}"
   1457152,         0,         0,    88.0,standalone_exact_mw,3bd544bb51e006261b45d3a2c996e28fc0c0449411cee5f7deafcd25d9539ebc,"{""distance"":7,""physical_error_rate"":0.001}","{""detection_events"":4553363,""detectors_checked"":1180293120}"
    873472,         0,         0,    88.1,standalone_exact_mw,9d8ad86e51451842b54dafc7680d1b486ef291963bb72c70f3cdd570d2d8fa34,"{""distance"":7,""physical_error_rate"":0.002}","{""detection_events"":5425755,""detectors_checked"":707512320}"
   1406976,         0,         0,   119.6,standalone_exact_mw,ba5ada56442ed2ba457be44e3218b165c8a19e21146c9941e841199e65961aae,"{""distance"":7,""physical_error_rate"":0.0005}","{""detection_events"":2200158,""detectors_checked"":1139650560}"
    651264,         0,         0,    87.8,standalone_exact_mw,ba5ada56442ed2ba457be44e3218b165c8a19e21146c9941e841199e65961aae,"{""distance"":7,""physical_error_rate"":0.0005}","{""detection_events"":1020124,""detectors_checked"":527523840}"
   2226176,         0,         0,    87.8,standalone_exact_mw,e5383d45c2b34399c539563e7789a53fd4b96cd0b38eade39a3cbfe07ba21ab0,"{""distance"":7,""physical_error_rate"":0.0002}","{""detection_events"":1396894,""detectors_checked"":1803202560}"
    719872,         0,         0,    88.2,standalone_exact_mw,ba5ada56442ed2ba457be44e3218b165c8a19e21146c9941e841199e65961aae,"{""distance"":7,""physical_error_rate"":0.0005}","{""detection_events"":1127536,""detectors_checked"":583096320}"
   1063936,         0,         0,   119.7,standalone_exact_mw,3bd544bb51e006261b45d3a2c996e28fc0c0449411cee5f7deafcd25d9539ebc,"{""distance"":7,""physical_error_rate"":0.001}","{""detection_events"":3328951,""detectors_checked"":861788160}"
    607232,         0,         0,    87.8,standalone_exact_mw,ba5ada56442ed2ba457be44e3218b165c8a19e21146c9941e841199e65961aae,"{""distance"":7,""physical_error_rate"":0.0005}","{""detection_events"":951891,""detectors_checked"":491857920}"
   1938432,         0,         0,    87.7,standalone_exact_mw,e5383d45c2b34399c539563e7789a53fd4b96cd0b38eade39a3cbfe07ba21ab0,"{""distance"":7,""physical_error_rate"":0.0002}","{""detection_events"":1217702,""detectors_checked"":1570129920}"
    688128,         0,         0,    87.7,standalone_exact_mw,ba5ada56442ed2ba457be44e3218b165c8a19e21146c9941e841199e65961aae,"{""distance"":7,""physical_error_rate"":0.0005}","{""detection_events"":1076916,""detectors_checked"":557383680}"
    431104,         0,         0,    87.8,standalone_exact_mw,3bd544bb51e006261b45d3a2c996e28fc0c0449411cee5f7deafcd25d9539ebc,"{""distance"":7,""physical_error_rate"":0.001}","{""detection_events"":1347486,""detectors_checked"":349194240}"
    961536,         0,         0,    88.1,standalone_exact_mw,9d8ad86e51451842b54dafc7680d1b486ef291963bb72c70f3cdd570d2d8fa34,"{""distance"":7,""physical_error_rate"":0.002}","{""detection_events"":5972199,""detectors_checked"":778844160}"
   1207296,         0,         0,   119.7,standalone_exact_mw,ba5ada56442ed2ba457be44e3218b165c8a19e21146c9941e841199e65961aae,"{""distance"":7,""physical_error_rate"":0.0005}","{""detection_events"":1890575,""detectors_checked"":977909760}"
   1855488,         0,         0,   119.5,standalone_exact_mw,e5383d45c2b34399c539563e7789a53fd4b96cd0b38eade39a3cbfe07ba21ab0,"{""distance"":7,""physical_error_rate"":0.0002}","{""detection_events"":1164372,""detectors_checked"":1502945280}"
    723968,         0,         0,   120.2,standalone_exact_mw,3bd544bb51e006261b45d3a2c996e28fc0c0449411cee5f7deafcd25d9539ebc,"{""distance"":7,""physical_error_rate"":0.001}","{""detection_events"":2262225,""detectors_checked"":586414080}"
   1609728,         0,         0,   120.1,standalone_exact_mw,ba5ada56442ed2ba457be44e3218b165c8a19e21146c9941e841199e65961aae,"{""distance"":7,""physical_error_rate"":0.0005}","{""detection_events"":2524557,""detectors_checked"":1303879680}"
   1952768,         0,         0,   119.7,standalone_exact_mw,9d8ad86e51451842b54dafc7680d1b486ef291963bb72c70f3cdd570d2d8fa34,"{""distance"":7,""physical_error_rate"":0.002}","{""detection_events"":12132437,""detectors_checked"":1581742080}"
   3265536,         0,         0,   119.8,standalone_exact_mw,ba5ada56442ed2ba457be44e3218b165c8a19e21146c9941e841199e65961aae,"{""distance"":7,""physical_error_rate"":0.0005}","{""detection_events"":5113538,""detectors_checked"":2645084160}"
   2462720,         0,         0,   119.8,standalone_exact_mw,3bd544bb51e006261b45d3a2c996e28fc0c0449411cee5f7deafcd25d9539ebc,"{""distance"":7,""physical_error_rate"":0.001}","{""detection_events"":7697204,""detectors_checked"":1994803200}"
   3202048,         0,         0,   119.7,standalone_exact_mw,e5383d45c2b34399c539563e7789a53fd4b96cd0b38eade39a3cbfe07ba21ab0,"{""distance"":7,""physical_error_rate"":0.0002}","{""detection_events"":2011090,""detectors_checked"":2593658880}"
   3729408,         0,         0,   119.6,standalone_exact_mw,ba5ada56442ed2ba457be44e3218b165c8a19e21146c9941e841199e65961aae,"{""distance"":7,""physical_error_rate"":0.0005}","{""detection_events"":5837228,""detectors_checked"":3020820480}"
   4563968,         0,         0,   119.6,standalone_exact_mw,e5383d45c2b34399c539563e7789a53fd4b96cd0b38eade39a3cbfe07ba21ab0,"{""distance"":7,""physical_error_rate"":0.0002}","{""detection_events"":2862608,""detectors_checked"":3696814080}"
   2449408,         0,         0,   119.7,standalone_exact_mw,ba5ada56442ed2ba457be44e3218b165c8a19e21146c9941e841199e65961aae,"{""distance"":7,""physical_error_rate"":0.0005}","{""detection_events"":3838181,""detectors_checked"":1984020480}"
   4383744,         0,         0,   119.6,standalone_exact_mw,e5383d45c2b34399c539563e7789a53fd4b96cd0b38eade39a3cbfe07ba21ab0,"{""distance"":7,""physical_error_rate"":0.0002}","{""detection_events"":2750920,""detectors_checked"":3550832640}"
   2635776,         1,         0,   119.8,standalone_exact_mw,9d8ad86e51451842b54dafc7680d1b486ef291963bb72c70f3cdd570d2d8fa34,"{""distance"":7,""physical_error_rate"":0.002}","{""detection_events"":16369633,""detectors_checked"":2134978560,""obs_mistake_mask=E"":1}"
    553984,         0,         0,   119.7,standalone_exact_mw,9d8ad86e51451842b54dafc7680d1b486ef291963bb72c70f3cdd570d2d8fa34,"{""distance"":7,""physical_error_rate"":0.002}","{""detection_events"":3445242,""detectors_checked"":448727040}"
   2973696,         0,         0,   119.7,standalone_exact_mw,3bd544bb51e006261b45d3a2c996e28fc0c0449411cee5f7deafcd25d9539ebc,"{""distance"":7,""physical_error_rate"":0.001}","{""detection_events"":9296547,""detectors_checked"":2408693760}"
   1181696,         0,         0,   119.4,standalone_exact_mw,ba5ada56442ed2ba457be44e3218b165c8a19e21146c9941e841199e65961aae,"{""distance"":7,""physical_error_rate"":0.0005}","{""detection_events"":1852905,""detectors_checked"":957173760}"
    797696,         0,         0,   119.7,standalone_exact_mw,3bd544bb51e006261b45d3a2c996e28fc0c0449411cee5f7deafcd25d9539ebc,"{""distance"":7,""physical_error_rate"":0.001}","{""detection_events"":2497763,""detectors_checked"":646133760}"
   3526656,         0,         0,   119.6,standalone_exact_mw,ba5ada56442ed2ba457be44e3218b165c8a19e21146c9941e841199e65961aae,"{""distance"":7,""physical_error_rate"":0.0005}","{""detection_events"":5521562,""detectors_checked"":2856591360}"
    684032,         0,         0,   119.8,standalone_exact_mw,3bd544bb51e006261b45d3a2c996e28fc0c0449411cee5f7deafcd25d9539ebc,"{""distance"":7,""physical_error_rate"":0.001}","{""detection_events"":2136833,""detectors_checked"":554065920}"
    772096,         0,         0,   119.7,standalone_exact_mw,9d8ad86e51451842b54dafc7680d1b486ef291963bb72c70f3cdd570d2d8fa34,"{""distance"":7,""physical_error_rate"":0.002}","{""detection_events"":4800409,""detectors_checked"":625397760}"
   1070080,         0,         0,   119.2,standalone_exact_mw,e5383d45c2b34399c539563e7789a53fd4b96cd0b38eade39a3cbfe07ba21ab0,"{""distance"":7,""physical_error_rate"":0.0002}","{""detection_events"":673665,""detectors_checked"":866764800}"
   1763328,         0,         0,   119.4,standalone_exact_mw,e5383d45c2b34399c539563e7789a53fd4b96cd0b38eade39a3cbfe07ba21ab0,"{""distance"":7,""physical_error_rate"":0.0002}","{""detection_events"":1104169,""detectors_checked"":1428295680}"
    839680,         0,         0,   119.5,standalone_exact_mw,ba5ada56442ed2ba457be44e3218b165c8a19e21146c9941e841199e65961aae,"{""distance"":7,""physical_error_rate"":0.0005}","{""detection_events"":1313933,""detectors_checked"":680140800}"
   1326080,         0,         0,   119.6,standalone_exact_mw,3bd544bb51e006261b45d3a2c996e28fc0c0449411cee5f7deafcd25d9539ebc,"{""distance"":7,""physical_error_rate"":0.001}","{""detection_events"":4142818,""detectors_checked"":1074124800}"
   1518592,         0,         0,   119.6,standalone_exact_mw,e5383d45c2b34399c539563e7789a53fd4b96cd0b38eade39a3cbfe07ba21ab0,"{""distance"":7,""physical_error_rate"":0.0002}","{""detection_events"":953093,""detectors_checked"":1230059520}"
   1209344,         0,         0,   119.7,standalone_exact_mw,3bd544bb51e006261b45d3a2c996e28fc0c0449411cee5f7deafcd25d9539ebc,"{""distance"":7,""physical_error_rate"":0.001}","{""detection_events"":3776279,""detectors_checked"":979568640}"
   1575936,         0,         0,   119.9,standalone_exact_mw,9d8ad86e51451842b54dafc7680d1b486ef291963bb72c70f3cdd570d2d8fa34,"{""distance"":7,""physical_error_rate"":0.002}","{""detection_events"":9794584,""detectors_checked"":1276508160}"
   1690624,         1,         0,   119.7,standalone_exact_mw,9d8ad86e51451842b54dafc7680d1b486ef291963bb72c70f3cdd570d2d8fa34,"{""distance"":7,""physical_error_rate"":0.002}","{""detection_events"":10497901,""detectors_checked"":1369405440,""obs_mistake_mask=E"":1}"
    998400,         0,         0,   119.7,standalone_exact_mw,ba5ada56442ed2ba457be44e3218b165c8a19e21146c9941e841199e65961aae,"{""distance"":7,""physical_error_rate"":0.0005}","{""detection_events"":1563989,""detectors_checked"":808704000}"
   2520064,         0,         0,   119.4,standalone_exact_mw,e5383d45c2b34399c539563e7789a53fd4b96cd0b38eade39a3cbfe07ba21ab0,"{""distance"":7,""physical_error_rate"":0.0002}","{""detection_events"":1581859,""detectors_checked"":2041251840}"
    627712,         0,         0,   119.7,standalone_exact_mw,9d8ad86e51451842b54dafc7680d1b486ef291963bb72c70f3cdd570d2d8fa34,"{""distance"":7,""physical_error_rate"":0.002}","{""detection_events"":3907484,""detectors_checked"":508446720}"
   1371136,         0,         0,   119.8,standalone_exact_mw,9d8ad86e51451842b54dafc7680d1b486ef291963bb72c70f3cdd570d2d8fa34,"{""distance"":7,""physical_error_rate"":0.002}","{""detection_events"":8522491,""detectors_checked"":1110620160}"
   2057216,         0,         0,   119.8,standalone_exact_mw,3bd544bb51e006261b45d3a2c996e28fc0c0449411cee5f7deafcd25d9539ebc,"{""distance"":7,""physical_error_rate"":0.001}","{""detection_events"":6428810,""detectors_checked"":1666344960}"
   1091584,         0,         0,   119.7,standalone_exact_mw,9d8ad86e51451842b54dafc7680d1b486ef291963bb72c70f3cdd570d2d8fa34,"{""distance"":7,""physical_error_rate"":0.002}","{""detection_events"":6784433,""detectors_checked"":884183040}"
    911360,         0,         0,   119.8,standalone_exact_mw,3bd544bb51e006261b45d3a2c996e28fc0c0449411cee5f7deafcd25d9539ebc,"{""distance"":7,""physical_error_rate"":0.001}","{""detection_events"":2844543,""detectors_checked"":738201600}"
   1828864,         0,         0,   119.4,standalone_exact_mw,e5383d45c2b34399c539563e7789a53fd4b96cd0b38eade39a3cbfe07ba21ab0,"{""distance"":7,""physical_error_rate"":0.0002}","{""detection_events"":1146701,""detectors_checked"":1481379840}"
   1133568,         1,         0,   119.7,standalone_exact_mw,9d8ad86e51451842b54dafc7680d1b486ef291963bb72c70f3cdd570d2d8fa34,"{""distance"":7,""physical_error_rate"":0.002}","{""detection_events"":7040879,""detectors_checked"":918190080,""obs_mistake_mask=E"":1}"
   2077696,         0,         0,   119.7,standalone_exact_mw,9d8ad86e51451842b54dafc7680d1b486ef291963bb72c70f3cdd570d2d8fa34,"{""distance"":7,""physical_error_rate"":0.002}","{""detection_events"":12919434,""detectors_checked"":1682933760}"
    800768,         0,         0,   119.5,standalone_exact_mw,ba5ada56442ed2ba457be44e3218b165c8a19e21146c9941e841199e65961aae,"{""distance"":7,""physical_error_rate"":0.0005}","{""detection_events"":1255502,""detectors_checked"":648622080}"
    996352,         0,         0,   119.5,standalone_exact_mw,3bd544bb51e006261b45d3a2c996e28fc0c0449411cee5f7deafcd25d9539ebc,"{""distance"":7,""physical_error_rate"":0.001}","{""detection_events"":3114296,""detectors_checked"":807045120}"
   1961984,         0,         0,   120.0,standalone_exact_mw,e5383d45c2b34399c539563e7789a53fd4b96cd0b38eade39a3cbfe07ba21ab0,"{""distance"":7,""physical_error_rate"":0.0002}","{""detection_events"":1231486,""detectors_checked"":1589207040}"
   1010688,         0,         0,   119.2,standalone_exact_mw,e5383d45c2b34399c539563e7789a53fd4b96cd0b38eade39a3cbfe07ba21ab0,"{""distance"":7,""physical_error_rate"":0.0002}","{""detection_events"":635000,""detectors_checked"":818657280}"
   2906112,         0,         0,   119.7,standalone_exact_mw,3bd544bb51e006261b45d3a2c996e28fc0c0449411cee5f7deafcd25d9539ebc,"{""distance"":7,""physical_error_rate"":0.001}","{""detection_events"":9079129,""detectors_checked"":2353950720}"
   1198080,         0,         0,   119.6,standalone_exact_mw,ba5ada56442ed2ba457be44e3218b165c8a19e21146c9941e841199e65961aae,"{""distance"":7,""physical_error_rate"":0.0005}","{""detection_events"":1878100,""detectors_checked"":970444800}"
   1288192,         0,         0,   119.5,standalone_exact_mw,e5383d45c2b34399c539563e7789a53fd4b96cd0b38eade39a3cbfe07ba21ab0,"{""distance"":7,""physical_error_rate"":0.0002}","{""detection_events"":810784,""detectors_checked"":1043435520}"
    978944,         0,         0,   119.5,standalone_exact_mw,ba5ada56442ed2ba457be44e3218b165c8a19e21146c9941e841199e65961aae,"{""distance"":7,""physical_error_rate"":0.0005}","{""detection_events"":1537162,""detectors_checked"":792944640}"
   1325056,         0,         0,   119.8,standalone_exact_mw,3bd544bb51e006261b45d3a2c996e28fc0c0449411cee5f7deafcd25d9539ebc,"{""distance"":7,""physical_error_rate"":0.001}","{""detection_events"":4140788,""detectors_checked"":1073295360}"
    736256,         0,         0,   119.7,standalone_exact_mw,9d8ad86e51451842b54dafc7680d1b486ef291963bb72c70f3cdd570d2d8fa34,"{""distance"":7,""physical_error_rate"":0.002}","{""detection_events"":4576712,""detectors_checked"":596367360}"
   1753088,         0,         0,   119.7,standalone_exact_mw,ba5ada56442ed2ba457be44e3218b165c8a19e21146c9941e841199e65961aae,"{""distance"":7,""physical_error_rate"":0.0005}","{""detection_events"":2750189,""detectors_checked"":1420001280}"
   2019328,         0,         0,   119.5,standalone_exact_mw,e5383d45c2b34399c539563e7789a53fd4b96cd0b38eade39a3cbfe07ba21ab0,"{""distance"":7,""physical_error_rate"":0.0002}","{""detection_events"":1273281,""detectors_checked"":1635655680}"
    886784,         0,         0,   119.5,standalone_exact_mw,ba5ada56442ed2ba457be44e3218b165c8a19e21146c9941e841199e65961aae,"{""distance"":7,""physical_error_rate"":0.0005}","{""detection_events"":1390401,""detectors_checked"":718295040}"
    959488,         0,         0,   119.7,standalone_exact_mw,9d8ad86e51451842b54dafc7680d1b486ef291963bb72c70f3cdd570d2d8fa34,"{""distance"":7,""physical_error_rate"":0.002}","{""detection_events"":5962728,""detectors_checked"":777185280}"
    812032,         0,         0,   119.7,standalone_exact_mw,9d8ad86e51451842b54dafc7680d1b486ef291963bb72c70f3cdd570d2d8fa34,"{""distance"":7,""physical_error_rate"":0.002}","{""detection_events"":5045696,""detectors_checked"":657745920}"
   2583552,         0,         0,   119.6,standalone_exact_mw,e5383d45c2b34399c539563e7789a53fd4b96cd0b38eade39a3cbfe07ba21ab0,"{""distance"":7,""physical_error_rate"":0.0002}","{""detection_events"":1619615,""detectors_checked"":2092677120}"
   1916928,         0,         0,   119.6,standalone_exact_mw,ba5ada56442ed2ba457be44e3218b165c8a19e21146c9941e841199e65961aae,"{""distance"":7,""physical_error_rate"":0.0005}","{""detection_events"":3004396,""detectors_checked"":1552711680}"
   3792896,         0,         0,   119.6,standalone_exact_mw,e5383d45c2b34399c539563e7789a53fd4b96cd0b38eade39a3cbfe07ba21ab0,"{""distance"":7,""physical_error_rate"":0.0002}","{""detection_events"":2381561,""detectors_checked"":3072245760}"
   3516416,         0,         0,   119.6,standalone_exact_mw,e5383d45c2b34399c539563e7789a53fd4b96cd0b38eade39a3cbfe07ba21ab0,"{""distance"":7,""physical_error_rate"":0.0002}","{""detection_events"":2206527,""detectors_checked"":2848296960}"
   1529856,         0,         0,   119.5,standalone_exact_mw,ba5ada56442ed2ba457be44e3218b165c8a19e21146c9941e841199e65961aae,"{""distance"":7,""physical_error_rate"":0.0005}","{""detection_events"":2393844,""detectors_checked"":1239183360}"
   1485824,         0,         0,   119.6,standalone_exact_mw,3bd544bb51e006261b45d3a2c996e28fc0c0449411cee5f7deafcd25d9539ebc,"{""distance"":7,""physical_error_rate"":0.001}","{""detection_events"":4641124,""detectors_checked"":1203517440}"
   2082816,         0,         0,   119.5,standalone_exact_mw,e5383d45c2b34399c539563e7789a53fd4b96cd0b38eade39a3cbfe07ba21ab0,"{""distance"":7,""physical_error_rate"":0.0002}","{""detection_events"":1306747,""detectors_checked"":1687080960}"
   2308096,         0,         0,   119.7,standalone_exact_mw,3bd544bb51e006261b45d3a2c996e28fc0c0449411cee5f7deafcd25d9539ebc,"{""distance"":7,""physical_error_rate"":0.001}","{""detection_events"":7214576,""detectors_checked"":1869557760}"
    817152,         0,         0,   119.7,standalone_exact_mw,3bd544bb51e006261b45d3a2c996e28fc0c0449411cee5f7deafcd25d9539ebc,"{""distance"":7,""physical_error_rate"":0.001}","{""detection_events"":2551533,""detectors_checked"":661893120}"
   1311744,         0,         0,   119.7,standalone_exact_mw,9d8ad86e51451842b54dafc7680d1b486ef291963bb72c70f3cdd570d2d8fa34,"{""distance"":7,""physical_error_rate"":0.002}","{""detection_events"":8150935,""detectors_checked"":1062512640}"
   1099776,         0,         0,   119.4,standalone_exact_mw,ba5ada56442ed2ba457be44e3218b165c8a19e21146c9941e841199e65961aae,"{""distance"":7,""physical_error_rate"":0.0005}","{""detection_events"":1724744,""detectors_checked"":890818560}"
   1164288,         0,         0,   119.8,standalone_exact_mw,9d8ad86e51451842b54dafc7680d1b486ef291963bb72c70f3cdd570d2d8fa34,"{""distance"":7,""physical_error_rate"":0.002}","{""detection_events"":7237229,""detectors_checked"":943073280}"
    704512,         0,         0,   119.5,standalone_exact_mw,3bd544bb51e006261b45d3a2c996e28fc0c0449411cee5f7deafcd25d9539ebc,"{""distance"":7,""physical_error_rate"":0.001}","{""detection_events"":2202440,""detectors_checked"":570654720}"
    851968,         0,         0,   120.0,standalone_exact_mw,ba5ada56442ed2ba457be44e3218b165c8a19e21146c9941e841199e65961aae,"{""distance"":7,""physical_error_rate"":0.0005}","{""detection_events"":1334417,""detectors_checked"":690094080}"
    753664,         0,         0,   119.7,standalone_exact_mw,9d8ad86e51451842b54dafc7680d1b486ef291963bb72c70f3cdd570d2d8fa34,"{""distance"":7,""physical_error_rate"":0.002}","{""detection_events"":4682745,""detectors_checked"":610467840}"
   1923072,         0,         0,   120.0,standalone_exact_mw,3bd544bb51e006261b45d3a2c996e28fc0c0449411cee5f7deafcd25d9539ebc,"{""distance"":7,""physical_error_rate"":0.001}","{""detection_events"":6004579,""detectors_checked"":1557688320}"
   1611776,         0,         0,   119.5,standalone_exact_mw,3bd544bb51e006261b45d3a2c996e28fc0c0449411cee5f7deafcd25d9539ebc,"{""distance"":7,""physical_error_rate"":0.001}","{""detection_events"":5040535,""detectors_checked"":1305538560}"
   2860032,         0,         0,   119.4,standalone_exact_mw,e5383d45c2b34399c539563e7789a53fd4b96cd0b38eade39a3cbfe07ba21ab0,"{""distance"":7,""physical_error_rate"":0.0002}","{""detection_events"":1797331,""detectors_checked"":2316625920}"
   3397632,         0,         0,   119.7,standalone_exact_mw,ba5ada56442ed2ba457be44e3218b165c8a19e21146c9941e841199e65961aae,"{""distance"":7,""physical_error_rate"":0.0005}","{""detection_events"":5325690,""detectors_checked"":2752081920}"
   1292288,         0,         0,   119.6,standalone_exact_mw,9d8ad86e51451842b54dafc7680d1b486ef291963bb72c70f3cdd570d2d8fa34,"{""distance"":7,""physical_error_rate"":0.002}","{""detection_events"":8038140,""detectors_checked"":1046753280}"
   3992576,         0,         0,   119.7,standalone_exact_mw,e5383d45c2b34399c539563e7789a53fd4b96cd0b38eade39a3cbfe07ba21ab0,"{""distance"":7,""physical_error_rate"":0.0002}","{""detection_events"":2505962,""detectors_checked"":3233986560}"
   1285120,         0,         0,   119.6,standalone_exact_mw,3bd544bb51e006261b45d3a2c996e28fc0c0449411cee5f7deafcd25d9539ebc,"{""distance"":7,""physical_error_rate"":0.001}","{""detection_events"":4018890,""detectors_checked"":1040947200}"
   1311744,         0,         0,   119.6,standalone_exact_mw,3bd544bb51e006261b45d3a2c996e28fc0c0449411cee5f7deafcd25d9539ebc,"{""distance"":7,""physical_error_rate"":0.001}","{""detection_events"":4098594,""detectors_checked"":1062512640}"
   1132544,         0,         0,   119.7,standalone_exact_mw,ba5ada56442ed2ba457be44e3218b165c8a19e21146c9941e841199e65961aae,"{""distance"":7,""physical_error_rate"":0.0005}","{""detection_events"":1772195,""detectors_checked"":917360640}"
   3953664,         0,         0,   119.6,standalone_exact_mw,e5383d45c2b34399c539563e7789a53fd4b96cd0b38eade39a3cbfe07ba21ab0,"{""distance"":7,""physical_error_rate"":0.0002}","{""detection_events"":2486845,""detectors_checked"":3202467840}"
    708608,         0,         0,   119.9,standalone_exact_mw,9d8ad86e51451842b54dafc7680d1b486ef291963bb72c70f3cdd570d2d8fa34,"{""distance"":7,""physical_error_rate"":0.002}","{""detection_events"":4401393,""detectors_checked"":573972480}"
   1671168,         0,         0,   119.4,standalone_exact_mw,e5383d45c2b34399c539563e7789a53fd4b96cd0b38eade39a3cbfe07ba21ab0,"{""distance"":7,""physical_error_rate"":0.0002}","{""detection_events"":1049699,""detectors_checked"":1353646080}"
   1386496,         0,         0,   119.7,standalone_exact_mw,ba5ada56442ed2ba457be44e3218b165c8a19e21146c9941e841199e65961aae,"{""distance"":7,""physical_error_rate"":0.0005}","{""detection_events"":2173382,""detectors_checked"":1123061760}"
    551936,         0,         0,   119.5,standalone_exact_mw,9d8ad86e51451842b54dafc7680d1b486ef291963bb72c70f3cdd570d2d8fa34,"{""distance"":7,""physical_error_rate"":0.002}","{""detection_events"":3429580,""detectors_checked"":447068160}"
   1200128,         0,         0,   119.6,standalone_exact_mw,3bd544bb51e006261b45d3a2c996e28fc0c0449411cee5f7deafcd25d9539ebc,"{""distance"":7,""physical_error_rate"":0.001}","{""detection_events"":3746637,""detectors_checked"":972103680}"
    695296,         0,         0,   119.7,standalone_exact_mw,3bd544bb51e006261b45d3a2c996e28fc0c0449411cee5f7deafcd25d9539ebc,"{""distance"":7,""physical_error_rate"":0.001}","{""detection_events"":2174865,""detectors_checked"":563189760}"
    540672,         0,         0,   119.4,standalone_exact_mw,9d8ad86e51451842b54dafc7680d1b486ef291963bb72c70f3cdd570d2d8fa34,"{""distance"":7,""physical_error_rate"":0.002}","{""detection_events"":3359766,""detectors_checked"":437944320}"
   1266688,         0,         0,   119.6,standalone_exact_mw,9d8ad86e51451842b54dafc7680d1b486ef291963bb72c70f3cdd570d2d8fa34,"{""distance"":7,""physical_error_rate"":0.002}","{""detection_events"":7876725,""detectors_checked"":1026017280}"
   2189312,         0,         0,   119.8,standalone_exact_mw,9d8ad86e51451842b54dafc7680d1b486ef291963bb72c70f3cdd570d2d8fa34,"{""distance"":7,""physical_error_rate"":0.002}","{""detection_events"":13613783,""detectors_checked"":1773342720}"
   4182016,         0,         0,   119.6,standalone_exact_mw,e5383d45c2b34399c539563e7789a53fd4b96cd0b38eade39a3cbfe07ba21ab0,"{""distance"":7,""physical_error_rate"":0.0002}","{""detection_events"":2626796,""detectors_checked"":3387432960}"
   2648064,         0,         0,   119.7,standalone_exact_mw,3bd544bb51e006261b45d3a2c996e28fc0c0449411cee5f7deafcd25d9539ebc,"{""distance"":7,""physical_error_rate"":0.001}","{""detection_events"":8278903,""detectors_checked"":2144931840}"
   3384320,         0,         0,   119.8,standalone_exact_mw,ba5ada56442ed2ba457be44e3218b165c8a19e21146c9941e841199e65961aae,"{""distance"":7,""physical_error_rate"":0.0005}","{""detection_events"":5298334,""detectors_checked"":2741299200}"
   1329152,         0,         0,   119.7,standalone_exact_mw,9d8ad86e51451842b54dafc7680d1b486ef291963bb72c70f3cdd570d2d8fa34,"{""distance"":7,""physical_error_rate"":0.002}","{""detection_events"":8263440,""detectors_checked"":1076613120}"
   1258496,         0,         0,   119.3,standalone_exact_mw,e5383d45c2b34399c539563e7789a53fd4b96cd0b38eade39a3cbfe07ba21ab0,"{""distance"":7,""physical_error_rate"":0.0002}","{""detection_events"":790429,""detectors_checked"":1019381760}"
   2855936,         0,         0,   119.5,standalone_exact_mw,e5383d45c2b34399c539563e7789a53fd4b96cd0b38eade39a3cbfe07ba21ab0,"{""distance"":7,""physical_error_rate"":0.0002}","{""detection_events"":1796906,""detectors_checked"":2313308160}"
   2392064,         0,         0,   119.7,standalone_exact_mw,e5383d45c2b34399c539563e7789a53fd4b96cd0b38eade39a3cbfe07ba21ab0,"{""distance"":7,""physical_error_rate"":0.0002}","{""detection_events"":1500490,""detectors_checked"":1937571840}"
   1376256,         0,         0,   119.6,standalone_exact_mw,ba5ada56442ed2ba457be44e3218b165c8a19e21146c9941e841199e65961aae,"{""distance"":7,""physical_error_rate"":0.0005}","{""detection_events"":2153000,""detectors_checked"":1114767360}"
   1382400,         0,         0,   119.5,standalone_exact_mw,ba5ada56442ed2ba457be44e3218b165c8a19e21146c9941e841199e65961aae,"{""distance"":7,""physical_error_rate"":0.0005}","{""detection_events"":2165424,""detectors_checked"":1119744000}"
   2454528,         0,         0,   119.7,standalone_exact_mw,ba5ada56442ed2ba457be44e3218b165c8a19e21146c9941e841199e65961aae,"{""distance"":7,""physical_error_rate"":0.0005}","{""detection_events"":3845556,""detectors_checked"":1988167680}"
   1241088,         0,         0,   119.9,standalone_exact_mw,9d8ad86e51451842b54dafc7680d1b486ef291963bb72c70f3cdd570d2d8fa34,"{""distance"":7,""physical_error_rate"":0.002}","{""detection_events"":7709782,""detectors_checked"":1005281280}"
    867328,         0,         0,   119.6,standalone_exact_mw,3bd544bb51e006261b45d3a2c996e28fc0c0449411cee5f7deafcd25d9539ebc,"{""distance"":7,""physical_error_rate"":0.001}","{""detection_events"":2712777,""detectors_checked"":702535680}"
   1887232,         0,         0,   119.6,standalone_exact_mw,e5383d45c2b34399c539563e7789a53fd4b96cd0b38eade39a3cbfe07ba21ab0,"{""distance"":7,""physical_error_rate"":0.0002}","{""detection_events"":1185933,""detectors_checked"":1528657920}"
   3510272,         0,         0,   119.7,standalone_exact_mw,e5383d45c2b34399c539563e7789a53fd4b96cd0b38eade39a3cbfe07ba21ab0,"{""distance"":7,""physical_error_rate"":0.0002}","{""detection_events"":2205730,""detectors_checked"":2843320320}"
   2084864,         1,         0,   119.7,standalone_exact_mw,9d8ad86e51451842b54dafc7680d1b486ef291963bb72c70f3cdd570d2d8fa34,"{""distance"":7,""physical_error_rate"":0.002}","{""detection_events"":12962363,""detectors_checked"":1688739840,""obs_mistake_mask=E"":1}"
   2100224,         1,         0,   119.8,standalone_exact_mw,9d8ad86e51451842b54dafc7680d1b486ef291963bb72c70f3cdd570d2d8fa34,"{""distance"":7,""physical_error_rate"":0.002}","{""detection_events"":13050093,""detectors_checked"":1701181440,""obs_mistake_mask=E"":1}"
   1929216,         0,         0,   119.6,standalone_exact_mw,3bd544bb51e006261b45d3a2c996e28fc0c0449411cee5f7deafcd25d9539ebc,"{""distance"":7,""physical_error_rate"":0.001}","{""detection_events"":6028029,""detectors_checked"":1562664960}"
   2698240,         0,         0,   119.6,standalone_exact_mw,3bd544bb51e006261b45d3a2c996e28fc0c0449411cee5f7deafcd25d9539ebc,"{""distance"":7,""physical_error_rate"":0.001}","{""detection_events"":8434386,""detectors_checked"":2185574400}"
   1087488,         0,         0,   119.7,standalone_exact_mw,ba5ada56442ed2ba457be44e3218b165c8a19e21146c9941e841199e65961aae,"{""distance"":7,""physical_error_rate"":0.0005}","{""detection_events"":1703901,""detectors_checked"":880865280}"
   1150976,         0,         0,   119.7,standalone_exact_mw,9d8ad86e51451842b54dafc7680d1b486ef291963bb72c70f3cdd570d2d8fa34,"{""distance"":7,""physical_error_rate"":0.002}","{""detection_events"":7154888,""detectors_checked"":932290560}"
   1975296,         0,         0,   119.6,standalone_exact_mw,3bd544bb51e006261b45d3a2c996e28fc0c0449411cee5f7deafcd25d9539ebc,"{""distance"":7,""physical_error_rate"":0.001}","{""detection_events"":6175350,""detectors_checked"":1599989760}"
   1169408,         0,         0,   119.4,standalone_exact_mw,e5383d45c2b34399c539563e7789a53fd4b96cd0b38eade39a3cbfe07ba21ab0,"{""distance"":7,""physical_error_rate"":0.0002}","{""detection_events"":733702,""detectors_checked"":947220480}"
   1934336,         0,         0,   119.4,standalone_exact_mw,e5383d45c2b34399c539563e7789a53fd4b96cd0b38eade39a3cbfe07ba21ab0,"{""distance"":7,""physical_error_rate"":0.0002}","{""detection_events"":1218534,""detectors_checked"":1566812160}"
    681984,         1,         0,   119.9,standalone_exact_mw,9d8ad86e51451842b54dafc7680d1b486ef291963bb72c70f3cdd570d2d8fa34,"{""distance"":7,""physical_error_rate"":0.002}","{""detection_events"":4237346,""detectors_checked"":552407040,""obs_mistake_mask=E"":1}"
   2379776,         0,         0,   119.4,standalone_exact_mw,e5383d45c2b34399c539563e7789a53fd4b96cd0b38eade39a3cbfe07ba21ab0,"{""distance"":7,""physical_error_rate"":0.0002}","{""detection_events"":1491006,""detectors_checked"":1927618560}"
   1221632,         0,         0,   119.6,standalone_exact_mw,3bd544bb51e006261b45d3a2c996e28fc0c0449411cee5f7deafcd25d9539ebc,"{""distance"":7,""physical_error_rate"":0.001}","{""detection_events"":3823212,""detectors_checked"":989521920}"
   1412096,         0,         0,   119.4,standalone_exact_mw,3bd544bb51e006261b45d3a2c996e28fc0c0449411cee5f7deafcd25d9539ebc,"{""distance"":7,""physical_error_rate"":0.001}","{""detection_events"":4416912,""detectors_checked"":1143797760}"
   1912832,         0,         0,   119.6,standalone_exact_mw,ba5ada56442ed2ba457be44e3218b165c8a19e21146c9941e841199e65961aae,"{""distance"":7,""physical_error_rate"":0.0005}","{""detection_events"":2993055,""detectors_checked"":1549393920}"
   1395712,         0,         0,   119.8,standalone_exact_mw,9d8ad86e51451842b54dafc7680d1b486ef291963bb72c70f3cdd570d2d8fa34,"{""distance"":7,""physical_error_rate"":0.002}","{""detection_events"":8671618,""detectors_checked"":1130526720}"
   1410048,         0,         0,   119.6,standalone_exact_mw,3bd544bb51e006261b45d3a2c996e28fc0c0449411cee5f7deafcd25d9539ebc,"{""distance"":7,""physical_error_rate"":0.001}","{""detection_events"":4412061,""detectors_checked"":1142138880}"
    616448,         0,         0,   119.8,standalone_exact_mw,9d8ad86e51451842b54dafc7680d1b486ef291963bb72c70f3cdd570d2d8fa34,"{""distance"":7,""physical_error_rate"":0.002}","{""detection_events"":3831212,""detectors_checked"":499322880}"
   1163264,         0,         0,   119.8,standalone_exact_mw,ba5ada56442ed2ba457be44e3218b165c8a19e21146c9941e841199e65961aae,"{""distance"":7,""physical_error_rate"":0.0005}","{""detection_events"":1824661,""detectors_checked"":942243840}"
   1161216,         0,         0,   119.6,standalone_exact_mw,ba5ada56442ed2ba457be44e3218b165c8a19e21146c9941e841199e65961aae,"{""distance"":7,""physical_error_rate"":0.0005}","{""detection_events"":1818556,""detectors_checked"":940584960}"
   2476032,         0,         0,   119.4,standalone_exact_mw,e5383d45c2b34399c539563e7789a53fd4b96cd0b38eade39a3cbfe07ba21ab0,"{""distance"":7,""physical_error_rate"":0.0002}","{""detection_events"":1554633,""detectors_checked"":2005585920}"
   1123328,         0,         0,   119.3,standalone_exact_mw,ba5ada56442ed2ba457be44e3218b165c8a19e21146c9941e841199e65961aae,"{""distance"":7,""physical_error_rate"":0.0005}","{""detection_events"":1760159,""detectors_checked"":909895680}"
    776192,         0,         0,   119.5,standalone_exact_mw,3bd544bb51e006261b45d3a2c996e28fc0c0449411cee5f7deafcd25d9539ebc,"{""distance"":7,""physical_error_rate"":0.001}","{""detection_events"":2427042,""detectors_checked"":628715520}"
   1840128,         0,         0,   119.5,standalone_exact_mw,ba5ada56442ed2ba457be44e3218b165c8a19e21146c9941e841199e65961aae,"{""distance"":7,""physical_error_rate"":0.0005}","{""detection_events"":2883743,""detectors_checked"":1490503680}"
   2202624,         0,         0,   119.5,standalone_exact_mw,e5383d45c2b34399c539563e7789a53fd4b96cd0b38eade39a3cbfe07ba21ab0,"{""distance"":7,""physical_error_rate"":0.0002}","{""detection_events"":1384157,""detectors_checked"":1784125440}"
   2613843,         0,         0,    73.7,standalone_exact_mw,e5383d45c2b34399c539563e7789a53fd4b96cd0b38eade39a3cbfe07ba21ab0,"{""distance"":7,""physical_error_rate"":0.0002}","{""detection_events"":1638901,""detectors_checked"":2117212830}"
   1380352,         0,         0,   119.3,standalone_exact_mw,ba5ada56442ed2ba457be44e3218b165c8a19e21146c9941e841199e65961aae,"{""distance"":7,""physical_error_rate"":0.0005}","{""detection_events"":2163622,""detectors_checked"":1118085120}"
    799744,         0,         0,   119.7,standalone_exact_mw,3bd544bb51e006261b45d3a2c996e28fc0c0449411cee5f7deafcd25d9539ebc,"{""distance"":7,""physical_error_rate"":0.001}","{""detection_events"":2499827,""detectors_checked"":647792640}"
   1101824,         0,         0,   119.9,standalone_exact_mw,9d8ad86e51451842b54dafc7680d1b486ef291963bb72c70f3cdd570d2d8fa34,"{""distance"":7,""physical_error_rate"":0.002}","{""detection_events"":6843601,""detectors_checked"":892477440}"
   1829888,         0,         0,   119.5,standalone_exact_mw,ba5ada56442ed2ba457be44e3218b165c8a19e21146c9941e841199e65961aae,"{""distance"":7,""physical_error_rate"":0.0005}","{""detection_events"":2865931,""detectors_checked"":1482209280}"
   2720768,         0,         0,   119.5,standalone_exact_mw,e5383d45c2b34399c539563e7789a53fd4b96cd0b38eade39a3cbfe07ba21ab0,"{""distance"":7,""physical_error_rate"":0.0002}","{""detection_events"":1711231,""detectors_checked"":2203822080}"
   1420288,         0,         0,   119.8,standalone_exact_mw,3bd544bb51e006261b45d3a2c996e28fc0c0449411cee5f7deafcd25d9539ebc,"{""distance"":7,""physical_error_rate"":0.001}","{""detection_events"":4437941,""detectors_checked"":1150433280}"
   1102848,         0,         0,   119.7,standalone_exact_mw,ba5ada56442ed2ba457be44e3218b165c8a19e21146c9941e841199e65961aae,"{""distance"":7,""physical_error_rate"":0.0005}","{""detection_events"":1728271,""detectors_checked"":893306880}"
    671744,         0,         0,   119.7,standalone_exact_mw,9d8ad86e51451842b54dafc7680d1b486ef291963bb72c70f3cdd570d2d8fa34,"{""distance"":7,""physical_error_rate"":0.002}","{""detection_events"":4175133,""detectors_checked"":544112640}"
   2588672,         0,         0,   119.6,standalone_exact_mw,ba5ada56442ed2ba457be44e3218b165c8a19e21146c9941e841199e65961aae,"{""distance"":7,""physical_error_rate"":0.0005}","{""detection_events"":4054526,""detectors_checked"":2096824320}"
   2905088,         0,         0,   119.5,standalone_exact_mw,e5383d45c2b34399c539563e7789a53fd4b96cd0b38eade39a3cbfe07ba21ab0,"{""distance"":7,""physical_error_rate"":0.0002}","{""detection_events"":1822636,""detectors_checked"":2353121280}"
   1794048,         0,         0,   119.7,standalone_exact_mw,3bd544bb51e006261b45d3a2c996e28fc0c0449411cee5f7deafcd25d9539ebc,"{""distance"":7,""physical_error_rate"":0.001}","{""detection_events"":5612875,""detectors_checked"":1453178880}"
   2938880,         0,         0,   119.6,standalone_exact_mw,ba5ada56442ed2ba457be44e3218b165c8a19e21146c9941e841199e65961aae,"{""distance"":7,""physical_error_rate"":0.0005}","{""detection_events"":4604260,""detectors_checked"":2380492800}"
   3735552,         0,         0,   119.6,standalone_exact_mw,e5383d45c2b34399c539563e7789a53fd4b96cd0b38eade39a3cbfe07ba21ab0,"{""distance"":7,""physical_error_rate"":0.0002}","{""detection_events"":2344103,""detectors_checked"":3025797120}"
   1894400,         0,         0,   119.7,standalone_exact_mw,ba5ada56442ed2ba457be44e3218b165c8a19e21146c9941e841199e65961aae,"{""distance"":7,""physical_error_rate"":0.0005}","{""detection_events"":2968397,""detectors_checked"":1534464000}"
   3486720,         0,         0,   119.7,standalone_exact_mw,e5383d45c2b34399c539563e7789a53fd4b96cd0b38eade39a3cbfe07ba21ab0,"{""distance"":7,""physical_error_rate"":0.0002}","{""detection_events"":2186285,""detectors_checked"":2824243200}"
   2034688,         1,         0,   119.8,standalone_exact_mw,9d8ad86e51451842b54dafc7680d1b486ef291963bb72c70f3cdd570d2d8fa34,"{""distance"":7,""physical_error_rate"":0.002}","{""detection_events"":12655610,""detectors_checked"":1648097280,""obs_mistake_mask=E"":1}"
   2387968,         0,         0,   119.7,standalone_exact_mw,3bd544bb51e006261b45d3a2c996e28fc0c0449411cee5f7deafcd25d9539ebc,"{""distance"":7,""physical_error_rate"":0.001}","{""detection_events"":7460273,""detectors_checked"":1934254080}"
   1228800,         0,         0,   119.6,standalone_exact_mw,3bd544bb51e006261b45d3a2c996e28fc0c0449411cee5f7deafcd25d9539ebc,"{""distance"":7,""physical_error_rate"":0.001}","{""detection_events"":3839029,""detectors_checked"":995328000}"
   1017856,         0,         0,   119.5,standalone_exact_mw,ba5ada56442ed2ba457be44e3218b165c8a19e21146c9941e841199e65961aae,"{""distance"":7,""physical_error_rate"":0.0005}","{""detection_events"":1598629,""detectors_checked"":824463360}"
    551936,         1,         0,   120.0,standalone_exact_mw,9d8ad86e51451842b54dafc7680d1b486ef291963bb72c70f3cdd570d2d8fa34,"{""distance"":7,""physical_error_rate"":0.002}","{""detection_events"":3426396,""detectors_checked"":447068160,""obs_mistake_mask=E"":1}"
   2690048,         0,         0,   119.8,standalone_exact_mw,ba5ada56442ed2ba457be44e3218b165c8a19e21146c9941e841199e65961aae,"{""distance"":7,""physical_error_rate"":0.0005}","{""detection_events"":4212116,""detectors_checked"":2178938880}"
   1754112,         0,         0,   119.8,standalone_exact_mw,3bd544bb51e006261b45d3a2c996e28fc0c0449411cee5f7deafcd25d9539ebc,"{""distance"":7,""physical_error_rate"":0.001}","{""detection_events"":5477730,""detectors_checked"":1420830720}"
   1091584,         0,         0,   119.8,standalone_exact_mw,9d8ad86e51451842b54dafc7680d1b486ef291963bb72c70f3cdd570d2d8fa34,"{""distance"":7,""physical_error_rate"":0.002}","{""detection_events"":6779112,""detectors_checked"":884183040}"
   1305600,         0,         0,   119.4,standalone_exact_mw,e5383d45c2b34399c539563e7789a53fd4b96cd0b38eade39a3cbfe07ba21ab0,"{""distance"":7,""physical_error_rate"":0.0002}","{""detection_events"":820439,""detectors_checked"":1057536000}"
   2372608,         0,         0,   119.3,standalone_exact_mw,e5383d45c2b34399c539563e7789a53fd4b96cd0b38eade39a3cbfe07ba21ab0,"{""distance"":7,""physical_error_rate"":0.0002}","{""detection_events"":1489328,""detectors_checked"":1921812480}"
   1504256,         0,         0,   119.7,standalone_exact_mw,3bd544bb51e006261b45d3a2c996e28fc0c0449411cee5f7deafcd25d9539ebc,"{""distance"":7,""physical_error_rate"":0.001}","{""detection_events"":4698335,""detectors_checked"":1218447360}"
   1935360,         0,         0,   119.6,standalone_exact_mw,e5383d45c2b34399c539563e7789a53fd4b96cd0b38eade39a3cbfe07ba21ab0,"{""distance"":7,""physical_error_rate"":0.0002}","{""detection_events"":1214824,""detectors_checked"":1567641600}"
    980992,         0,         0,   119.9,standalone_exact_mw,ba5ada56442ed2ba457be44e3218b165c8a19e21146c9941e841199e65961aae,"{""distance"":7,""physical_error_rate"":0.0005}","{""detection_events"":1539767,""detectors_checked"":794603520}"
   2040832,         0,         0,   119.6,standalone_exact_mw,3bd544bb51e006261b45d3a2c996e28fc0c0449411cee5f7deafcd25d9539ebc,"{""distance"":7,""physical_error_rate"":0.001}","{""detection_events"":6387929,""detectors_checked"":1653073920}"
   1288192,         0,         0,   119.6,standalone_exact_mw,9d8ad86e51451842b54dafc7680d1b486ef291963bb72c70f3cdd570d2d8fa34,"{""distance"":7,""physical_error_rate"":0.002}","{""detection_events"":7997984,""detectors_checked"":1043435520}"
   1671168,         1,         0,   119.7,standalone_exact_mw,9d8ad86e51451842b54dafc7680d1b486ef291963bb72c70f3cdd570d2d8fa34,"{""distance"":7,""physical_error_rate"":0.002}","{""detection_events"":10390724,""detectors_checked"":1353646080,""obs_mistake_mask=E"":1}"
   1880064,         0,         0,   119.6,standalone_exact_mw,ba5ada56442ed2ba457be44e3218b165c8a19e21146c9941e841199e65961aae,"{""distance"":7,""physical_error_rate"":0.0005}","{""detection_events"":2947722,""detectors_checked"":1522851840}"
   2194432,         0,         0,   119.5,standalone_exact_mw,e5383d45c2b34399c539563e7789a53fd4b96cd0b38eade39a3cbfe07ba21ab0,"{""distance"":7,""physical_error_rate"":0.0002}","{""detection_events"":1376805,""detectors_checked"":1777489920}"
   1437696,         0,         0,   119.8,standalone_exact_mw,9d8ad86e51451842b54dafc7680d1b486ef291963bb72c70f3cdd570d2d8fa34,"{""distance"":7,""physical_error_rate"":0.002}","{""detection_events"":8939542,""detectors_checked"":1164533760}"
   1711104,         0,         0,   119.7,standalone_exact_mw,3bd544bb51e006261b45d3a2c996e28fc0c0449411cee5f7deafcd25d9539ebc,"{""distance"":7,""physical_error_rate"":0.001}","{""detection_events"":5348258,""detectors_checked"":1385994240}"
    712704,         0,         0,   119.7,standalone_exact_mw,9d8ad86e51451842b54dafc7680d1b486ef291963bb72c70f3cdd570d2d8fa34,"{""distance"":7,""physical_error_rate"":0.002}","{""detection_events"":4431197,""detectors_checked"":577290240}"
   1602560,         0,         0,   120.3,standalone_exact_mw,9d8ad86e51451842b54dafc7680d1b486ef291963bb72c70f3cdd570d2d8fa34,"{""distance"":7,""physical_error_rate"":0.002}","{""detection_events"":9952068,""detectors_checked"":1298073600}"
   1671168,         0,         0,   119.7,standalone_exact_mw,3bd544bb51e006261b45d3a2c996e28fc0c0449411cee5f7deafcd25d9539ebc,"{""distance"":7,""physical_error_rate"":0.001}","{""detection_events"":5222961,""detectors_checked"":1353646080}"
   1997824,         0,         0,   119.5,standalone_exact_mw,e5383d45c2b34399c539563e7789a53fd4b96cd0b38eade39a3cbfe07ba21ab0,"{""distance"":7,""physical_error_rate"":0.0002}","{""detection_events"":1252665,""detectors_checked"":1618237440}"
   1646592,         1,         0,   119.7,standalone_exact_mw,9d8ad86e51451842b54dafc7680d1b486ef291963bb72c70f3cdd570d2d8fa34,"{""distance"":7,""physical_error_rate"":0.002}","{""detection_events"":10230782,""detectors_checked"":1333739520,""obs_mistake_mask=E"":1}"
   1036288,         0,         0,   119.7,standalone_exact_mw,9d8ad86e51451842b54dafc7680d1b486ef291963bb72c70f3cdd570d2d8fa34,"{""distance"":7,""physical_error_rate"":0.002}","{""detection_events"":6432495,""detectors_checked"":839393280}"
   1055744,         0,         0,   119.6,standalone_exact_mw,ba5ada56442ed2ba457be44e3218b165c8a19e21146c9941e841199e65961aae,"{""distance"":7,""physical_error_rate"":0.0005}","{""detection_events"":1650441,""detectors_checked"":855152640}"
   1566720,         0,         0,   119.8,standalone_exact_mw,3bd544bb51e006261b45d3a2c996e28fc0c0449411cee5f7deafcd25d9539ebc,"{""distance"":7,""physical_error_rate"":0.001}","{""detection_events"":4888336,""detectors_checked"":1269043200}"
   1903616,         0,         0,   119.6,standalone_exact_mw,e5383d45c2b34399c539563e7789a53fd4b96cd0b38eade39a3cbfe07ba21ab0,"{""distance"":7,""physical_error_rate"":0.0002}","{""detection_events"":1196361,""detectors_checked"":1541928960}"
   2116608,         0,         0,   119.6,standalone_exact_mw,e5383d45c2b34399c539563e7789a53fd4b96cd0b38eade39a3cbfe07ba21ab0,"{""distance"":7,""physical_error_rate"":0.0002}","{""detection_events"":1327101,""detectors_checked"":1714452480}"
   2566144,         0,         0,   119.6,standalone_exact_mw,3bd544bb51e006261b45d3a2c996e28fc0c0449411cee5f7deafcd25d9539ebc,"{""distance"":7,""physical_error_rate"":0.001}","{""detection_events"":8025772,""detectors_checked"":2078576640}"
   1588224,         0,         0,   119.5,standalone_exact_mw,ba5ada56442ed2ba457be44e3218b165c8a19e21146c9941e841199e65961aae,"{""distance"":7,""physical_error_rate"":0.0005}","{""detection_events"":2492308,""detectors_checked"":1286461440}"
   1673216,         0,         0,   119.5,standalone_exact_mw,ba5ada56442ed2ba457be44e3218b165c8a19e21146c9941e841199e65961aae,"{""distance"":7,""physical_error_rate"":0.0005}","{""detection_events"":2620236,""detectors_checked"":1355304960}"
   1051648,         0,         0,   119.5,standalone_exact_mw,e5383d45c2b34399c539563e7789a53fd4b96cd0b38eade39a3cbfe07ba21ab0,"{""distance"":7,""physical_error_rate"":0.0002}","{""detection_events"":660222,""detectors_checked"":851834880}"
   1353728,         0,         0,   119.8,standalone_exact_mw,3bd544bb51e006261b45d3a2c996e28fc0c0449411cee5f7deafcd25d9539ebc,"{""distance"":7,""physical_error_rate"":0.001}","{""detection_events"":4235970,""detectors_checked"":1096519680}"
    985088,         0,         0,   119.3,standalone_exact_mw,ba5ada56442ed2ba457be44e3218b165c8a19e21146c9941e841199e65961aae,"{""distance"":7,""physical_error_rate"":0.0005}","{""detection_events"":1542368,""detectors_checked"":797921280}"
   1257472,         0,         0,   119.8,standalone_exact_mw,9d8ad86e51451842b54dafc7680d1b486ef291963bb72c70f3cdd570d2d8fa34,"{""distance"":7,""physical_error_rate"":0.002}","{""detection_events"":7812282,""detectors_checked"":1018552320}"
   2505728,         0,         0,   119.5,standalone_exact_mw,e5383d45c2b34399c539563e7789a53fd4b96cd0b38eade39a3cbfe07ba21ab0,"{""distance"":7,""physical_error_rate"":0.0002}","{""detection_events"":1573198,""detectors_checked"":2029639680}"
   1659904,         0,         0,   119.6,standalone_exact_mw,ba5ada56442ed2ba457be44e3218b165c8a19e21146c9941e841199e65961aae,"{""distance"":7,""physical_error_rate"":0.0005}","{""detection_events"":2602281,""detectors_checked"":1344522240}"
   1116160,         1,         0,   119.7,standalone_exact_mw,9d8ad86e51451842b54dafc7680d1b486ef291963bb72c70f3cdd570d2d8fa34,"{""distance"":7,""physical_error_rate"":0.002}","{""detection_events"":6936064,""detectors_checked"":904089600,""obs_mistake_mask=E"":1}"
    960512,         0,         0,   119.7,standalone_exact_mw,9d8ad86e51451842b54dafc7680d1b486ef291963bb72c70f3cdd570d2d8fa34,"{""distance"":7,""physical_error_rate"":0.002}","{""detection_events"":5968586,""detectors_checked"":778014720}"
   1309696,         0,         0,   119.6,standalone_exact_mw,e5383d45c2b34399c539563e7789a53fd4b96cd0b38eade39a3cbfe07ba21ab0,"{""distance"":7,""physical_error_rate"":0.0002}","{""detection_events"":823221,""detectors_checked"":1060853760}"
   1608704,         0,         0,   119.5,standalone_exact_mw,ba5ada56442ed2ba457be44e3218b165c8a19e21146c9941e841199e65961aae,"{""distance"":7,""physical_error_rate"":0.0005}","{""detection_events"":2522928,""detectors_checked"":1303050240}"
   2899968,         0,         0,   119.6,standalone_exact_mw,e5383d45c2b34399c539563e7789a53fd4b96cd0b38eade39a3cbfe07ba21ab0,"{""distance"":7,""physical_error_rate"":0.0002}","{""detection_events"":1823834,""detectors_checked"":2348974080}"
   3581952,         0,         0,   119.6,standalone_exact_mw,e5383d45c2b34399c539563e7789a53fd4b96cd0b38eade39a3cbfe07ba21ab0,"{""distance"":7,""physical_error_rate"":0.0002}","{""detection_events"":2248766,""detectors_checked"":2901381120}"
   1005568,         0,         0,   119.4,standalone_exact_mw,ba5ada56442ed2ba457be44e3218b165c8a19e21146c9941e841199e65961aae,"{""distance"":7,""physical_error_rate"":0.0005}","{""detection_events"":1575790,""detectors_checked"":814510080}"
   2756608,         0,         0,   119.7,standalone_exact_mw,e5383d45c2b34399c539563e7789a53fd4b96cd0b38eade39a3cbfe07ba21ab0,"{""distance"":7,""physical_error_rate"":0.0002}","{""detection_events"":1728587,""detectors_checked"":2232852480}"
    714752,         0,         0,   120.0,standalone_exact_mw,3bd544bb51e006261b45d3a2c996e28fc0c0449411cee5f7deafcd25d9539ebc,"{""distance"":7,""physical_error_rate"":0.001}","{""detection_events"":2232340,""detectors_checked"":578949120}"
   1442816,         0,         0,   119.8,standalone_exact_mw,3bd544bb51e006261b45d3a2c996e28fc0c0449411cee5f7deafcd25d9539ebc,"{""distance"":7,""physical_error_rate"":0.001}","{""detection_events"":4508510,""detectors_checked"":1168680960}"
   1803264,         0,         0,   119.6,standalone_exact_mw,3bd544bb51e006261b45d3a2c996e28fc0c0449411cee5f7deafcd25d9539ebc,"{""distance"":7,""physical_error_rate"":0.001}","{""detection_events"":5637109,""detectors_checked"":1460643840}"
   1370112,         0,         0,   119.7,standalone_exact_mw,9d8ad86e51451842b54dafc7680d1b486ef291963bb72c70f3cdd570d2d8fa34,"{""distance"":7,""physical_error_rate"":0.002}","{""detection_events"":8509789,""detectors_checked"":1109790720}"
    793600,         0,         0,   119.7,standalone_exact_mw,3bd544bb51e006261b45d3a2c996e28fc0c0449411cee5f7deafcd25d9539ebc,"{""distance"":7,""physical_error_rate"":0.001}","{""detection_events"":2478568,""detectors_checked"":642816000}"
    700416,         0,         0,   119.5,standalone_exact_mw,9d8ad86e51451842b54dafc7680d1b486ef291963bb72c70f3cdd570d2d8fa34,"{""distance"":7,""physical_error_rate"":0.002}","{""detection_events"":4353931,""detectors_checked"":567336960}"
   1882112,         0,         0,   119.6,standalone_exact_mw,ba5ada56442ed2ba457be44e3218b165c8a19e21146c9941e841199e65961aae,"{""distance"":7,""physical_error_rate"":0.0005}","{""detection_events"":2948321,""detectors_checked"":1524510720}"
    966656,         0,         0,   119.6,standalone_exact_mw,ba5ada56442ed2ba457be44e3218b165c8a19e21146c9941e841199e65961aae,"{""distance"":7,""physical_error_rate"":0.0005}","{""detection_events"":1515365,""detectors_checked"":782991360}"
    753664,         0,         0,   119.4,standalone_exact_mw,3bd544bb51e006261b45d3a2c996e28fc0c0449411cee5f7deafcd25d9539ebc,"{""distance"":7,""physical_error_rate"":0.001}","{""detection_events"":2354891,""detectors_checked"":610467840}"
   1391616,         0,         0,   119.7,standalone_exact_mw,9d8ad86e51451842b54dafc7680d1b486ef291963bb72c70f3cdd570d2d8fa34,"{""distance"":7,""physical_error_rate"":0.002}","{""detection_events"":8652119,""detectors_checked"":1127208960}"
    836608,         0,         0,   119.3,standalone_exact_mw,3bd544bb51e006261b45d3a2c996e28fc0c0449411cee5f7deafcd25d9539ebc,"{""distance"":7,""physical_error_rate"":0.001}","{""detection_events"":2611927,""detectors_checked"":677652480}"
   2783232,         0,         0,   119.2,standalone_exact_mw,e5383d45c2b34399c539563e7789a53fd4b96cd0b38eade39a3cbfe07ba21ab0,"{""distance"":7,""physical_error_rate"":0.0002}","{""detection_events"":1752183,""detectors_checked"":2254417920}"
   3028992,         0,         0,   119.7,standalone_exact_mw,ba5ada56442ed2ba457be44e3218b165c8a19e21146c9941e841199e65961aae,"{""distance"":7,""physical_error_rate"":0.0005}","{""detection_events"":4745675,""detectors_checked"":2453483520}"
   1138688,         0,         0,   119.8,standalone_exact_mw,9d8ad86e51451842b54dafc7680d1b486ef291963bb72c70f3cdd570d2d8fa34,"{""distance"":7,""physical_error_rate"":0.002}","{""detection_events"":7076527,""detectors_checked"":922337280}"
   3039232,         0,         0,   119.6,standalone_exact_mw,e5383d45c2b34399c539563e7789a53fd4b96cd0b38eade39a3cbfe07ba21ab0,"{""distance"":7,""physical_error_rate"":0.0002}","{""detection_events"":1910986,""detectors_checked"":2461777920}"
   1646592,         0,         0,   119.6,standalone_exact_mw,3bd544bb51e006261b45d3a2c996e28fc0c0449411cee5f7deafcd25d9539ebc,"{""distance"":7,""physical_error_rate"":0.001}","{""detection_events"":5143392,""detectors_checked"":1333739520}"
    989184,         0,         0,   119.6,standalone_exact_mw,3bd544bb51e006261b45d3a2c996e28fc0c0449411cee5f7deafcd25d9539ebc,"{""distance"":7,""physical_error_rate"":0.001}","{""detection_events"":3091216,""detectors_checked"":801239040}"
   1033216,         0,         0,   119.3,standalone_exact_mw,ba5ada56442ed2ba457be44e3218b165c8a19e21146c9941e841199e65961aae,"{""distance"":7,""physical_error_rate"":0.0005}","{""detection_events"":1621520,""detectors_checked"":836904960}"
   1156096,         0,         0,   119.7,standalone_exact_mw,9d8ad86e51451842b54dafc7680d1b486ef291963bb72c70f3cdd570d2d8fa34,"{""distance"":7,""physical_error_rate"":0.002}","{""detection_events"":7188707,""detectors_checked"":936437760}"
   1894400,         0,         0,   119.4,standalone_exact_mw,e5383d45c2b34399c539563e7789a53fd4b96cd0b38eade39a3cbfe07ba21ab0,"{""distance"":7,""physical_error_rate"":0.0002}","{""detection_events"":1188412,""detectors_checked"":1534464000}"
   1542144,         0,         0,   119.6,standalone_exact_mw,ba5ada56442ed2ba457be44e3218b165c8a19e21146c9941e841199e65961aae,"{""distance"":7,""physical_error_rate"":0.0005}","{""detection_events"":2416922,""detectors_checked"":1249136640}"
   1265664,         0,         0,   119.8,standalone_exact_mw,9d8ad86e51451842b54dafc7680d1b486ef291963bb72c70f3cdd570d2d8fa34,"{""distance"":7,""physical_error_rate"":0.002}","{""detection_events"":7863603,""detectors_checked"":1025187840}"
   1593344,         0,         0,   119.6,standalone_exact_mw,3bd544bb51e006261b45d3a2c996e28fc0c0449411cee5f7deafcd25d9539ebc,"{""distance"":7,""physical_error_rate"":0.001}","{""detection_events"":4975257,""detectors_checked"":1290608640}"
    910336,         0,         0,   120.0,standalone_exact_mw,3bd544bb51e006261b45d3a2c996e28fc0c0449411cee5f7deafcd25d9539ebc,"{""distance"":7,""physical_error_rate"":0.001}","{""detection_events"":2842377,""detectors_checked"":737372160}"
    802816,         0,         0,   119.7,standalone_exact_mw,9d8ad86e51451842b54dafc7680d1b486ef291963bb72c70f3cdd570d2d8fa34,"{""distance"":7,""physical_error_rate"":0.002}","{""detection_events"":4985144,""detectors_checked"":650280960}"
   1606656,         0,         0,   119.7,standalone_exact_mw,9d8ad86e51451842b54dafc7680d1b486ef291963bb72c70f3cdd570d2d8fa34,"{""distance"":7,""physical_error_rate"":0.002}","{""detection_events"":9981741,""detectors_checked"":1301391360}"
   1946624,         0,         0,   119.8,standalone_exact_mw,9d8ad86e51451842b54dafc7680d1b486ef291963bb72c70f3cdd570d2d8fa34,"{""distance"":7,""physical_error_rate"":0.002}","{""detection_events"":12098273,""detectors_checked"":1576765440}"
   4322304,         0,         0,   119.6,standalone_exact_mw,e5383d45c2b34399c539563e7789a53fd4b96cd0b38eade39a3cbfe07ba21ab0,"{""distance"":7,""physical_error_rate"":0.0002}","{""detection_events"":2714255,""detectors_checked"":3501066240}"
   2652160,         0,         0,   119.8,standalone_exact_mw,3bd544bb51e006261b45d3a2c996e28fc0c0449411cee5f7deafcd25d9539ebc,"{""distance"":7,""physical_error_rate"":0.001}","{""detection_events"":8291299,""detectors_checked"":2148249600}"
   3269632,         0,         0,   119.7,standalone_exact_mw,ba5ada56442ed2ba457be44e3218b165c8a19e21146c9941e841199e65961aae,"{""distance"":7,""physical_error_rate"":0.0005}","{""detection_events"":5125220,""detectors_checked"":2648401920}"
    884736,         0,         0,   119.7,standalone_exact_mw,9d8ad86e51451842b54dafc7680d1b486ef291963bb72c70f3cdd570d2d8fa34,"{""distance"":7,""physical_error_rate"":0.002}","{""detection_events"":5501707,""detectors_checked"":716636160}"
   1120256,         0,         0,   119.7,standalone_exact_mw,e5383d45c2b34399c539563e7789a53fd4b96cd0b38eade39a3cbfe07ba21ab0,"{""distance"":7,""physical_error_rate"":0.0002}","{""detection_events"":704851,""detectors_checked"":907407360}"
   3450880,         0,         0,   119.4,standalone_exact_mw,e5383d45c2b34399c539563e7789a53fd4b96cd0b38eade39a3cbfe07ba21ab0,"{""distance"":7,""physical_error_rate"":0.0002}","{""detection_events"":2167890,""detectors_checked"":2795212800}"
   2202624,         0,         0,   119.7,standalone_exact_mw,e5383d45c2b34399c539563e7789a53fd4b96cd0b38eade39a3cbfe07ba21ab0,"{""distance"":7,""physical_error_rate"":0.0002}","{""detection_events"":1383122,""detectors_checked"":1784125440}"
   2721792,         0,         0,   119.8,standalone_exact_mw,ba5ada56442ed2ba457be44e3218b165c8a19e21146c9941e841199e65961aae,"{""distance"":7,""physical_error_rate"":0.0005}","{""detection_events"":4261675,""detectors_checked"":2204651520}"
   1463296,         0,         0,   119.7,standalone_exact_mw,ba5ada56442ed2ba457be44e3218b165c8a19e21146c9941e841199e65961aae,"{""distance"":7,""physical_error_rate"":0.0005}","{""detection_events"":2294392,""detectors_checked"":1185269760}"
   2596864,         0,         0,   119.6,standalone_exact_mw,ba5ada56442ed2ba457be44e3218b165c8a19e21146c9941e841199e65961aae,"{""distance"":7,""physical_error_rate"":0.0005}","{""detection_events"":4069310,""detectors_checked"":2103459840}"
    923648,         0,         0,   119.7,standalone_exact_mw,9d8ad86e51451842b54dafc7680d1b486ef291963bb72c70f3cdd570d2d8fa34,"{""distance"":7,""physical_error_rate"":0.002}","{""detection_events"":5736081,""detectors_checked"":748154880}"
   2003968,         0,         0,   119.3,standalone_exact_mw,e5383d45c2b34399c539563e7789a53fd4b96cd0b38eade39a3cbfe07ba21ab0,"{""distance"":7,""physical_error_rate"":0.0002}","{""detection_events"":1260240,""detectors_checked"":1623214080}"
   1436672,         1,         0,   119.8,standalone_exact_mw,3bd544bb51e006261b45d3a2c996e28fc0c0449411cee5f7deafcd25d9539ebc,"{""distance"":7,""physical_error_rate"":0.001}","{""detection_events"":4486433,""detectors_checked"":1163704320,""obs_mistake_mask=E"":1}"
   3795968,         0,         0,   119.6,standalone_exact_mw,e5383d45c2b34399c539563e7789a53fd4b96cd0b38eade39a3cbfe07ba21ab0,"{""distance"":7,""physical_error_rate"":0.0002}","{""detection_events"":2386050,""detectors_checked"":3074734080}"
   2139136,         1,         0,   119.8,standalone_exact_mw,9d8ad86e51451842b54dafc7680d1b486ef291963bb72c70f3cdd570d2d8fa34,"{""distance"":7,""physical_error_rate"":0.002}","{""detection_events"":13304415,""detectors_checked"":1732700160,""obs_mistake_mask=E"":1}"
   2152448,         1,         0,   119.8,standalone_exact_mw,9d8ad86e51451842b54dafc7680d1b486ef291963bb72c70f3cdd570d2d8fa34,"{""distance"":7,""physical_error_rate"":0.002}","{""detection_events"":13370347,""detectors_checked"":1743482880,""obs_mistake_mask=E"":1}"
   1756160,         0,         0,   119.8,standalone_exact_mw,3bd544bb51e006261b45d3a2c996e28fc0c0449411cee5f7deafcd25d9539ebc,"{""distance"":7,""physical_error_rate"":0.001}","{""detection_events"":5491549,""detectors_checked"":1422489600}"
   2755584,         0,         0,   119.7,standalone_exact_mw,3bd544bb51e006261b45d3a2c996e28fc0c0449411cee5f7deafcd25d9539ebc,"{""distance"":7,""physical_error_rate"":0.001}","{""detection_events"":8614433,""detectors_checked"":2232023040}"
    949248,         0,         0,   119.8,standalone_exact_mw,ba5ada56442ed2ba457be44e3218b165c8a19e21146c9941e841199e65961aae,"{""distance"":7,""physical_error_rate"":0.0005}","{""detection_events"":1489202,""detectors_checked"":768890880}"
   1848320,         0,         0,   119.7,standalone_exact_mw,3bd544bb51e006261b45d3a2c996e28fc0c0449411cee5f7deafcd25d9539ebc,"{""distance"":7,""physical_error_rate"":0.001}","{""detection_events"":5780520,""detectors_checked"":1497139200}"
   1341440,         0,         0,   119.6,standalone_exact_mw,e5383d45c2b34399c539563e7789a53fd4b96cd0b38eade39a3cbfe07ba21ab0,"{""distance"":7,""physical_error_rate"":0.0002}","{""detection_events"":843142,""detectors_checked"":1086566400}"
   1135616,         0,         0,   119.7,standalone_exact_mw,9d8ad86e51451842b54dafc7680d1b486ef291963bb72c70f3cdd570d2d8fa34,"{""distance"":7,""physical_error_rate"":0.002}","{""detection_events"":7061058,""detectors_checked"":919848960}"
   1146880,         0,         0,   119.3,standalone_exact_mw,e5383d45c2b34399c539563e7789a53fd4b96cd0b38eade39a3cbfe07ba21ab0,"{""distance"":7,""physical_error_rate"":0.0002}","{""detection_events"":719364,""detectors_checked"":928972800}"
    718848,         0,         0,   119.7,standalone_exact_mw,9d8ad86e51451842b54dafc7680d1b486ef291963bb72c70f3cdd570d2d8fa34,"{""distance"":7,""physical_error_rate"":0.002}","{""detection_events"":4467846,""detectors_checked"":582266880}"
   1306624,         0,         0,   119.3,standalone_exact_mw,e5383d45c2b34399c539563e7789a53fd4b96cd0b38eade39a3cbfe07ba21ab0,"{""distance"":7,""physical_error_rate"":0.0002}","{""detection_events"":821054,""detectors_checked"":1058365440}"
   1243136,         0,         0,   119.6,standalone_exact_mw,3bd544bb51e006261b45d3a2c996e28fc0c0449411cee5f7deafcd25d9539ebc,"{""distance"":7,""physical_error_rate"":0.001}","{""detection_events"":3889233,""detectors_checked"":1006940160}"
   2199552,         0,         0,   119.5,standalone_exact_mw,ba5ada56442ed2ba457be44e3218b165c8a19e21146c9941e841199e65961aae,"{""distance"":7,""physical_error_rate"":0.0005}","{""detection_events"":3447910,""detectors_checked"":1781637120}"
    979968,         0,         0,   119.9,standalone_exact_mw,3bd544bb51e006261b45d3a2c996e28fc0c0449411cee5f7deafcd25d9539ebc,"{""distance"":7,""physical_error_rate"":0.001}","{""detection_events"":3064036,""detectors_checked"":793774080}"
   1208320,         0,         0,   119.7,standalone_exact_mw,9d8ad86e51451842b54dafc7680d1b486ef291963bb72c70f3cdd570d2d8fa34,"{""distance"":7,""physical_error_rate"":0.002}","{""detection_events"":7509601,""detectors_checked"":978739200}"
   1016832,         0,         0,   119.8,standalone_exact_mw,3bd544bb51e006261b45d3a2c996e28fc0c0449411cee5f7deafcd25d9539ebc,"{""distance"":7,""physical_error_rate"":0.001}","{""detection_events"":3174906,""detectors_checked"":823633920}"
    591872,         0,         0,   119.9,standalone_exact_mw,9d8ad86e51451842b54dafc7680d1b486ef291963bb72c70f3cdd570d2d8fa34,"{""distance"":7,""physical_error_rate"":0.002}","{""detection_events"":3676713,""detectors_checked"":479416320}"
   1201152,         0,         0,   119.6,standalone_exact_mw,ba5ada56442ed2ba457be44e3218b165c8a19e21146c9941e841199e65961aae,"{""distance"":7,""physical_error_rate"":0.0005}","{""detection_events"":1879476,""detectors_checked"":972933120}"
    886784,         0,         0,   119.4,standalone_exact_mw,ba5ada56442ed2ba457be44e3218b165c8a19e21146c9941e841199e65961aae,"{""distance"":7,""physical_error_rate"":0.0005}","{""detection_events"":1390249,""detectors_checked"":718295040}"
   2038784,         0,         0,   119.5,standalone_exact_mw,e5383d45c2b34399c539563e7789a53fd4b96cd0b38eade39a3cbfe07ba21ab0,"{""distance"":7,""physical_error_rate"":0.0002}","{""detection_events"":1277521,""detectors_checked"":1651415040}"
    976896,         0,         0,   119.3,standalone_exact_mw,ba5ada56442ed2ba457be44e3218b165c8a19e21146c9941e841199e65961aae,"{""distance"":7,""physical_error_rate"":0.0005}","{""detection_events"":1531979,""detectors_checked"":791285760}"
    867328,         0,         0,   119.8,standalone_exact_mw,3bd544bb51e006261b45d3a2c996e28fc0c0449411cee5f7deafcd25d9539ebc,"{""distance"":7,""physical_error_rate"":0.001}","{""detection_events"":2709290,""detectors_checked"":702535680}"
   2168832,         0,         0,   119.6,standalone_exact_mw,ba5ada56442ed2ba457be44e3218b165c8a19e21146c9941e841199e65961aae,"{""distance"":7,""physical_error_rate"":0.0005}","{""detection_events"":3401985,""detectors_checked"":1756753920}"
   2558976,         0,         0,   119.5,standalone_exact_mw,e5383d45c2b34399c539563e7789a53fd4b96cd0b38eade39a3cbfe07ba21ab0,"{""distance"":7,""physical_error_rate"":0.0002}","{""detection_events"":1603034,""detectors_checked"":2072770560}"
   4019200,         0,         0,   119.6,standalone_exact_mw,e5383d45c2b34399c539563e7789a53fd4b96cd0b38eade39a3cbfe07ba21ab0,"{""distance"":7,""physical_error_rate"":0.0002}","{""detection_events"":2526956,""detectors_checked"":3255552000}"
   1097728,         0,         0,   119.5,standalone_exact_mw,ba5ada56442ed2ba457be44e3218b165c8a19e21146c9941e841199e65961aae,"{""distance"":7,""physical_error_rate"":0.0005}","{""detection_events"":1721620,""detectors_checked"":889159680}"
    822272,         0,         0,   119.7,standalone_exact_mw,3bd544bb51e006261b45d3a2c996e28fc0c0449411cee5f7deafcd25d9539ebc,"{""distance"":7,""physical_error_rate"":0.001}","{""detection_events"":2568836,""detectors_checked"":666040320}"
   1763328,         0,         0,   119.7,standalone_exact_mw,9d8ad86e51451842b54dafc7680d1b486ef291963bb72c70f3cdd570d2d8fa34,"{""distance"":7,""physical_error_rate"":0.002}","{""detection_events"":10957650,""detectors_checked"":1428295680}"
   2016256,         0,         0,   119.4,standalone_exact_mw,ba5ada56442ed2ba457be44e3218b165c8a19e21146c9941e841199e65961aae,"{""distance"":7,""physical_error_rate"":0.0005}","{""detection_events"":3159464,""detectors_checked"":1633167360}"
   2885632,         0,         0,   119.5,standalone_exact_mw,e5383d45c2b34399c539563e7789a53fd4b96cd0b38eade39a3cbfe07ba21ab0,"{""distance"":7,""physical_error_rate"":0.0002}","{""detection_events"":1814806,""detectors_checked"":2337361920}"
   1726464,         0,         0,   119.7,standalone_exact_mw,3bd544bb51e006261b45d3a2c996e28fc0c0449411cee5f7deafcd25d9539ebc,"{""distance"":7,""physical_error_rate"":0.001}","{""detection_events"":5404523,""detectors_checked"":1398435840}"
   1092608,         0,         0,   119.7,standalone_exact_mw,ba5ada56442ed2ba457be44e3218b165c8a19e21146c9941e841199e65961aae,"{""distance"":7,""physical_error_rate"":0.0005}","{""detection_events"":1710116,""detectors_checked"":885012480}"
   1243136,         0,         0,   119.8,standalone_exact_mw,9d8ad86e51451842b54dafc7680d1b486ef291963bb72c70f3cdd570d2d8fa34,"{""distance"":7,""physical_error_rate"":0.002}","{""detection_events"":7732730,""detectors_checked"":1006940160}"
   3069952,         0,         0,   119.7,standalone_exact_mw,ba5ada56442ed2ba457be44e3218b165c8a19e21146c9941e841199e65961aae,"{""distance"":7,""physical_error_rate"":0.0005}","{""detection_events"":4813262,""detectors_checked"":2486661120}"
   2875392,         0,         0,   119.5,standalone_exact_mw,e5383d45c2b34399c539563e7789a53fd4b96cd0b38eade39a3cbfe07ba21ab0,"{""distance"":7,""physical_error_rate"":0.0002}","{""detection_events"":1806194,""detectors_checked"":2329067520}"
   1445888,         0,         0,   119.6,standalone_exact_mw,3bd544bb51e006261b45d3a2c996e28fc0c0449411cee5f7deafcd25d9539ebc,"{""distance"":7,""physical_error_rate"":0.001}","{""detection_events"":4510339,""detectors_checked"":1171169280}"
   3677184,         0,         0,   119.7,standalone_exact_mw,ba5ada56442ed2ba457be44e3218b165c8a19e21146c9941e841199e65961aae,"{""distance"":7,""physical_error_rate"":0.0005}","{""detection_events"":5760667,""detectors_checked"":2978519040}"
   4958208,         0,         0,   119.6,standalone_exact_mw,e5383d45c2b34399c539563e7789a53fd4b96cd0b38eade39a3cbfe07ba21ab0,"{""distance"":7,""physical_error_rate"":0.0002}","{""detection_events"":3112050,""detectors_checked"":4016148480}"
   4521984,         0,         0,   119.6,standalone_exact_mw,e5383d45c2b34399c539563e7789a53fd4b96cd0b38eade39a3cbfe07ba21ab0,"{""distance"":7,""physical_error_rate"":0.0002}","{""detection_events"":2839012,""detectors_checked"":3662807040}"
   2801664,         0,         0,   119.8,standalone_exact_mw,9d8ad86e51451842b54dafc7680d1b486ef291963bb72c70f3cdd570d2d8fa34,"{""distance"":7,""physical_error_rate"":0.002}","{""detection_events"":17401957,""detectors_checked"":2269347840}"
   3178496,         0,         0,   119.7,standalone_exact_mw,ba5ada56442ed2ba457be44e3218b165c8a19e21146c9941e841199e65961aae,"{""distance"":7,""physical_error_rate"":0.0005}","{""detection_events"":4979395,""detectors_checked"":2574581760}"
   3051520,         0,         0,   119.8,standalone_exact_mw,3bd544bb51e006261b45d3a2c996e28fc0c0449411cee5f7deafcd25d9539ebc,"{""distance"":7,""physical_error_rate"":0.001}","{""detection_events"":9531903,""detectors_checked"":2471731200}"
    622592,         0,         0,   119.8,standalone_exact_mw,3bd544bb51e006261b45d3a2c996e28fc0c0449411cee5f7deafcd25d9539ebc,"{""distance"":7,""physical_error_rate"":0.001}","{""detection_events"":1948926,""detectors_checked"":504299520}"
   1239040,         0,         0,   119.5,standalone_exact_mw,ba5ada56442ed2ba457be44e3218b165c8a19e21146c9941e841199e65961aae,"{""distance"":7,""physical_error_rate"":0.0005}","{""detection_events"":1943561,""detectors_checked"":1003622400}"
   3442688,         0,         0,   119.6,standalone_exact_mw,ba5ada56442ed2ba457be44e3218b165c8a19e21146c9941e841199e65961aae,"{""distance"":7,""physical_error_rate"":0.0005}","{""detection_events"":5388093,""detectors_checked"":2788577280}"
    613376,         1,         0,   119.8,standalone_exact_mw,9d8ad86e51451842b54dafc7680d1b486ef291963bb72c70f3cdd570d2d8fa34,"{""distance"":7,""physical_error_rate"":0.002}","{""detection_events"":3813997,""detectors_checked"":496834560,""obs_mistake_mask=E"":1}"
   2358272,         0,         0,   119.7,standalone_exact_mw,3bd544bb51e006261b45d3a2c996e28fc0c0449411cee5f7deafcd25d9539ebc,"{""distance"":7,""physical_error_rate"":0.001}","{""detection_events"":7373357,""detectors_checked"":1910200320}"
   1003520,         0,         0,   119.7,standalone_exact_mw,9d8ad86e51451842b54dafc7680d1b486ef291963bb72c70f3cdd570d2d8fa34,"{""distance"":7,""physical_error_rate"":0.002}","{""detection_events"":6241379,""detectors_checked"":812851200}"
   2118656,         0,         0,   119.3,standalone_exact_mw,e5383d45c2b34399c539563e7789a53fd4b96cd0b38eade39a3cbfe07ba21ab0,"{""distance"":7,""physical_error_rate"":0.0002}","{""detection_events"":1332436,""detectors_checked"":1716111360}"
   1916928,         0,         0,   119.6,standalone_exact_mw,e5383d45c2b34399c539563e7789a53fd4b96cd0b38eade39a3cbfe07ba21ab0,"{""distance"":7,""physical_error_rate"":0.0002}","{""detection_events"":1203923,""detectors_checked"":1552711680}"
   1135616,         0,         0,   119.5,standalone_exact_mw,3bd544bb51e006261b45d3a2c996e28fc0c0449411cee5f7deafcd25d9539ebc,"{""distance"":7,""physical_error_rate"":0.001}","{""detection_events"":3553909,""detectors_checked"":919848960}"
   1895424,         0,         0,   119.3,standalone_exact_mw,e5383d45c2b34399c539563e7789a53fd4b96cd0b38eade39a3cbfe07ba21ab0,"{""distance"":7,""physical_error_rate"":0.0002}","{""detection_events"":1193411,""detectors_checked"":1535293440}"
    776192,         0,         0,   119.6,standalone_exact_mw,ba5ada56442ed2ba457be44e3218b165c8a19e21146c9941e841199e65961aae,"{""distance"":7,""physical_error_rate"":0.0005}","{""detection_events"":1216636,""detectors_checked"":628715520}"
   1099776,         0,         0,   119.8,standalone_exact_mw,3bd544bb51e006261b45d3a2c996e28fc0c0449411cee5f7deafcd25d9539ebc,"{""distance"":7,""physical_error_rate"":0.001}","{""detection_events"":3439278,""detectors_checked"":890818560}"
    773120,         0,         0,   119.7,standalone_exact_mw,9d8ad86e51451842b54dafc7680d1b486ef291963bb72c70f3cdd570d2d8fa34,"{""distance"":7,""physical_error_rate"":0.002}","{""detection_events"":4804952,""detectors_checked"":626227200}"
   1669120,         0,         0,   119.7,standalone_exact_mw,9d8ad86e51451842b54dafc7680d1b486ef291963bb72c70f3cdd570d2d8fa34,"{""distance"":7,""physical_error_rate"":0.002}","{""detection_events"":10372615,""detectors_checked"":1351987200}"
   1026048,         0,         0,   119.4,standalone_exact_mw,ba5ada56442ed2ba457be44e3218b165c8a19e21146c9941e841199e65961aae,"{""distance"":7,""physical_error_rate"":0.0005}","{""detection_events"":1607251,""detectors_checked"":831098880}"
   3758080,         0,         0,   119.6,standalone_exact_mw,e5383d45c2b34399c539563e7789a53fd4b96cd0b38eade39a3cbfe07ba21ab0,"{""distance"":7,""physical_error_rate"":0.0002}","{""detection_events"":2361344,""detectors_checked"":3044044800}"
    664576,         0,         0,   119.7,standalone_exact_mw,3bd544bb51e006261b45d3a2c996e28fc0c0449411cee5f7deafcd25d9539ebc,"{""distance"":7,""physical_error_rate"":0.001}","{""detection_events"":2074517,""detectors_checked"":538306560}"
    794624,         0,         0,   119.7,standalone_exact_mw,9d8ad86e51451842b54dafc7680d1b486ef291963bb72c70f3cdd570d2d8fa34,"{""distance"":7,""physical_error_rate"":0.002}","{""detection_events"":4942118,""detectors_checked"":643645440}"
   1427456,         0,         0,   119.9,standalone_exact_mw,9d8ad86e51451842b54dafc7680d1b486ef291963bb72c70f3cdd570d2d8fa34,"{""distance"":7,""physical_error_rate"":0.002}","{""detection_events"":8870867,""detectors_checked"":1156239360}"
   1152000,         1,         0,   119.8,standalone_exact_mw,9d8ad86e51451842b54dafc7680d1b486ef291963bb72c70f3cdd570d2d8fa34,"{""distance"":7,""physical_error_rate"":0.002}","{""detection_events"":7155289,""detectors_checked"":933120000,""obs_mistake_mask=E"":1}"
    832512,         0,         0,   119.6,standalone_exact_mw,3bd544bb51e006261b45d3a2c996e28fc0c0449411cee5f7deafcd25d9539ebc,"{""distance"":7,""physical_error_rate"":0.001}","{""detection_events"":2603933,""detectors_checked"":674334720}"
   1171456,         0,         0,   119.7,standalone_exact_mw,e5383d45c2b34399c539563e7789a53fd4b96cd0b38eade39a3cbfe07ba21ab0,"{""distance"":7,""physical_error_rate"":0.0002}","{""detection_events"":734383,""detectors_checked"":948879360}"
   1831936,         3,         0,   119.7,standalone_exact_mw,9d8ad86e51451842b54dafc7680d1b486ef291963bb72c70f3cdd570d2d8fa34,"{""distance"":7,""physical_error_rate"":0.002}","{""detection_events"":11381454,""detectors_checked"":1483868160,""obs_mistake_mask=E"":3}"
   3373056,         0,         0,   119.5,standalone_exact_mw,e5383d45c2b34399c539563e7789a53fd4b96cd0b38eade39a3cbfe07ba21ab0,"{""distance"":7,""physical_error_rate"":0.0002}","{""detection_events"":2115847,""detectors_checked"":2732175360}"
    945152,         0,         0,   119.4,standalone_exact_mw,ba5ada56442ed2ba457be44e3218b165c8a19e21146c9941e841199e65961aae,"{""distance"":7,""physical_error_rate"":0.0005}","{""detection_events"":1482659,""detectors_checked"":765573120}"
   1272832,         0,         0,   119.4,standalone_exact_mw,e5383d45c2b34399c539563e7789a53fd4b96cd0b38eade39a3cbfe07ba21ab0,"{""distance"":7,""physical_error_rate"":0.0002}","{""detection_events"":800628,""detectors_checked"":1030993920}"
    750592,         0,         0,   119.4,standalone_exact_mw,3bd544bb51e006261b45d3a2c996e28fc0c0449411cee5f7deafcd25d9539ebc,"{""distance"":7,""physical_error_rate"":0.001}","{""detection_events"":2346640,""detectors_checked"":607979520}"
   1207296,         0,         0,   120.1,standalone_exact_mw,9d8ad86e51451842b54dafc7680d1b486ef291963bb72c70f3cdd570d2d8fa34,"{""distance"":7,""physical_error_rate"":0.002}","{""detection_events"":7502308,""detectors_checked"":977909760}"
   3422208,         0,         0,   119.7,standalone_exact_mw,3bd544bb51e006261b45d3a2c996e28fc0c0449411cee5f7deafcd25d9539ebc,"{""distance"":7,""physical_error_rate"":0.001}","{""detection_events"":10705578,""detectors_checked"":2771988480}"
   2861056,         0,         0,   119.7,standalone_exact_mw,ba5ada56442ed2ba457be44e3218b165c8a19e21146c9941e841199e65961aae,"{""distance"":7,""physical_error_rate"":0.0005}","{""detection_events"":4484782,""detectors_checked"":2317455360}"
   1077248,         0,         0,   119.3,standalone_exact_mw,ba5ada56442ed2ba457be44e3218b165c8a19e21146c9941e841199e65961aae,"{""distance"":7,""physical_error_rate"":0.0005}","{""detection_events"":1689305,""detectors_checked"":872570880}"
   1431552,         0,         0,   119.5,standalone_exact_mw,ba5ada56442ed2ba457be44e3218b165c8a19e21146c9941e841199e65961aae,"{""distance"":7,""physical_error_rate"":0.0005}","{""detection_events"":2243727,""detectors_checked"":1159557120}"
   1538048,         0,         0,   119.7,standalone_exact_mw,e5383d45c2b34399c539563e7789a53fd4b96cd0b38eade39a3cbfe07ba21ab0,"{""distance"":7,""physical_error_rate"":0.0002}","{""detection_events"":965911,""detectors_checked"":1245818880}"
   1330176,         0,         0,   119.8,standalone_exact_mw,3bd544bb51e006261b45d3a2c996e28fc0c0449411cee5f7deafcd25d9539ebc,"{""distance"":7,""physical_error_rate"":0.001}","{""detection_events"":4157410,""detectors_checked"":1077442560}"
    708608,         0,         0,   119.7,standalone_exact_mw,9d8ad86e51451842b54dafc7680d1b486ef291963bb72c70f3cdd570d2d8fa34,"{""distance"":7,""physical_error_rate"":0.002}","{""detection_events"":4405887,""detectors_checked"":573972480}"
   1964032,         0,         0,   119.4,standalone_exact_mw,e5383d45c2b34399c539563e7789a53fd4b96cd0b38eade39a3cbfe07ba21ab0,"{""distance"":7,""physical_error_rate"":0.0002}","{""detection_events"":1228968,""detectors_checked"":1590865920}"
    923648,         0,         0,   119.8,standalone_exact_mw,9d8ad86e51451842b54dafc7680d1b486ef291963bb72c70f3cdd570d2d8fa34,"{""distance"":7,""physical_error_rate"":0.002}","{""detection_events"":5741123,""detectors_checked"":748154880}"
    782336,         0,         0,   120.1,standalone_exact_mw,ba5ada56442ed2ba457be44e3218b165c8a19e21146c9941e841199e65961aae,"{""distance"":7,""physical_error_rate"":0.0005}","{""detection_events"":1230199,""detectors_checked"":633692160}"
    932864,         0,         0,   119.7,standalone_exact_mw,9d8ad86e51451842b54dafc7680d1b486ef291963bb72c70f3cdd570d2d8fa34,"{""distance"":7,""physical_error_rate"":0.002}","{""detection_events"":5801727,""detectors_checked"":755619840}"
   1191936,         0,         0,   119.7,standalone_exact_mw,e5383d45c2b34399c539563e7789a53fd4b96cd0b38eade39a3cbfe07ba21ab0,"{""distance"":7,""physical_error_rate"":0.0002}","{""detection_events"":746055,""detectors_checked"":965468160}"
   1186816,         0,         0,   119.6,standalone_exact_mw,ba5ada56442ed2ba457be44e3218b165c8a19e21146c9941e841199e65961aae,"{""distance"":7,""physical_error_rate"":0.0005}","{""detection_events"":1860157,""detectors_checked"":961320960}"
   2050048,         0,         0,   119.3,standalone_exact_mw,e5383d45c2b34399c539563e7789a53fd4b96cd0b38eade39a3cbfe07ba21ab0,"{""distance"":7,""physical_error_rate"":0.0002}","{""detection_events"":1287018,""detectors_checked"":1660538880}"
   3520512,         0,         0,   119.7,standalone_exact_mw,e5383d45c2b34399c539563e7789a53fd4b96cd0b38eade39a3cbfe07ba21ab0,"{""distance"":7,""physical_error_rate"":0.0002}","{""detection_events"":2208553,""detectors_checked"":2851614720}"
   1331200,         0,         0,   119.7,standalone_exact_mw,ba5ada56442ed2ba457be44e3218b165c8a19e21146c9941e841199e65961aae,"{""distance"":7,""physical_error_rate"":0.0005}","{""detection_events"":2087880,""detectors_checked"":1078272000}"
   1897472,         0,         0,   119.6,standalone_exact_mw,e5383d45c2b34399c539563e7789a53fd4b96cd0b38eade39a3cbfe07ba21ab0,"{""distance"":7,""physical_error_rate"":0.0002}","{""detection_events"":1192126,""detectors_checked"":1536952320}"
    765952,         0,         0,   119.7,standalone_exact_mw,3bd544bb51e006261b45d3a2c996e28fc0c0449411cee5f7deafcd25d9539ebc,"{""distance"":7,""physical_error_rate"":0.001}","{""detection_events"":2394753,""detectors_checked"":620421120}"
    900096,         0,         0,   119.7,standalone_exact_mw,3bd544bb51e006261b45d3a2c996e28fc0c0449411cee5f7deafcd25d9539ebc,"{""distance"":7,""physical_error_rate"":0.001}","{""detection_events"":2814898,""detectors_checked"":729077760}"
   1369088,         1,         0,   119.5,standalone_exact_mw,3bd544bb51e006261b45d3a2c996e28fc0c0449411cee5f7deafcd25d9539ebc,"{""distance"":7,""physical_error_rate"":0.001}","{""detection_events"":4284231,""detectors_checked"":1108961280,""obs_mistake_mask=E"":1}"
    968704,         0,         0,   119.6,standalone_exact_mw,9d8ad86e51451842b54dafc7680d1b486ef291963bb72c70f3cdd570d2d8fa34,"{""distance"":7,""physical_error_rate"":0.002}","{""detection_events"":6018025,""detectors_checked"":784650240}"
   2065408,         0,         0,   119.6,standalone_exact_mw,ba5ada56442ed2ba457be44e3218b165c8a19e21146c9941e841199e65961aae,"{""distance"":7,""physical_error_rate"":0.0005}","{""detection_events"":3239341,""detectors_checked"":1672980480}"
    727040,         0,         0,   120.0,standalone_exact_mw,3bd544bb51e006261b45d3a2c996e28fc0c0449411cee5f7deafcd25d9539ebc,"{""distance"":7,""physical_error_rate"":0.001}","{""detection_events"":2273237,""detectors_checked"":588902400}"
   1133568,         0,         0,   119.7,standalone_exact_mw,9d8ad86e51451842b54dafc7680d1b486ef291963bb72c70f3cdd570d2d8fa34,"{""distance"":7,""physical_error_rate"":0.002}","{""detection_events"":7048267,""detectors_checked"":918190080}"
    658432,         0,         0,   119.8,standalone_exact_mw,3bd544bb51e006261b45d3a2c996e28fc0c0449411cee5f7deafcd25d9539ebc,"{""distance"":7,""physical_error_rate"":0.001}","{""detection_events"":2059852,""detectors_checked"":533329920}"
    784384,         0,         0,   120.1,standalone_exact_mw,9d8ad86e51451842b54dafc7680d1b486ef291963bb72c70f3cdd570d2d8fa34,"{""distance"":7,""physical_error_rate"":0.002}","{""detection_events"":4875757,""detectors_checked"":635351040}"
   1041408,         0,         0,   119.5,standalone_exact_mw,3bd544bb51e006261b45d3a2c996e28fc0c0449411cee5f7deafcd25d9539ebc,"{""distance"":7,""physical_error_rate"":0.001}","{""detection_events"":3255541,""detectors_checked"":843540480}"
   1072128,         0,         0,   120.2,standalone_exact_mw,ba5ada56442ed2ba457be44e3218b165c8a19e21146c9941e841199e65961aae,"{""distance"":7,""physical_error_rate"":0.0005}","{""detection_events"":1680614,""detectors_checked"":868423680}"
   3272704,         0,         0,   119.6,standalone_exact_mw,e5383d45c2b34399c539563e7789a53fd4b96cd0b38eade39a3cbfe07ba21ab0,"{""distance"":7,""physical_error_rate"":0.0002}","{""detection_events"":2054847,""detectors_checked"":2650890240}"
   4083712,         0,         0,   119.7,standalone_exact_mw,ba5ada56442ed2ba457be44e3218b165c8a19e21146c9941e841199e65961aae,"{""distance"":7,""physical_error_rate"":0.0005}","{""detection_events"":6404255,""detectors_checked"":3307806720}"
    550912,         0,         0,   119.9,standalone_exact_mw,9d8ad86e51451842b54dafc7680d1b486ef291963bb72c70f3cdd570d2d8fa34,"{""distance"":7,""physical_error_rate"":0.002}","{""detection_events"":3419880,""detectors_checked"":446238720}"
   3814400,         0,         0,   119.6,standalone_exact_mw,e5383d45c2b34399c539563e7789a53fd4b96cd0b38eade39a3cbfe07ba21ab0,"{""distance"":7,""physical_error_rate"":0.0002}","{""detection_events"":2395925,""detectors_checked"":3089664000}"
    831488,         0,         0,   119.6,standalone_exact_mw,3bd544bb51e006261b45d3a2c996e28fc0c0449411cee5f7deafcd25d9539ebc,"{""distance"":7,""physical_error_rate"":0.001}","{""detection_events"":2598017,""detectors_checked"":673505280}"
   1712128,         0,         0,   119.6,standalone_exact_mw,ba5ada56442ed2ba457be44e3218b165c8a19e21146c9941e841199e65961aae,"{""distance"":7,""physical_error_rate"":0.0005}","{""detection_events"":2684085,""detectors_checked"":1386823680}"
    854016,         0,         0,   119.9,standalone_exact_mw,3bd544bb51e006261b45d3a2c996e28fc0c0449411cee5f7deafcd25d9539ebc,"{""distance"":7,""physical_error_rate"":0.001}","{""detection_events"":2676182,""detectors_checked"":691752960}"
    899072,         0,         0,   119.6,standalone_exact_mw,9d8ad86e51451842b54dafc7680d1b486ef291963bb72c70f3cdd570d2d8fa34,"{""distance"":7,""physical_error_rate"":0.002}","{""detection_events"":5584279,""detectors_checked"":728248320}"
   1645568,         0,         0,   119.4,standalone_exact_mw,e5383d45c2b34399c539563e7789a53fd4b96cd0b38eade39a3cbfe07ba21ab0,"{""distance"":7,""physical_error_rate"":0.0002}","{""detection_events"":1033712,""detectors_checked"":1332910080}"
    619520,         1,         0,   119.6,standalone_exact_mw,9d8ad86e51451842b54dafc7680d1b486ef291963bb72c70f3cdd570d2d8fa34,"{""distance"":7,""physical_error_rate"":0.002}","{""detection_events"":3853033,""detectors_checked"":501811200,""obs_mistake_mask=E"":1}"
   1342464,         0,         0,   119.6,standalone_exact_mw,ba5ada56442ed2ba457be44e3218b165c8a19e21146c9941e841199e65961aae,"{""distance"":7,""physical_error_rate"":0.0005}","{""detection_events"":2106574,""detectors_checked"":1087395840}"
   1700864,         0,         0,   119.7,standalone_exact_mw,3bd544bb51e006261b45d3a2c996e28fc0c0449411cee5f7deafcd25d9539ebc,"{""distance"":7,""physical_error_rate"":0.001}","{""detection_events"":5312268,""detectors_checked"":1377699840}"
    923648,         0,         0,   120.0,standalone_exact_mw,3bd544bb51e006261b45d3a2c996e28fc0c0449411cee5f7deafcd25d9539ebc,"{""distance"":7,""physical_error_rate"":0.001}","{""detection_events"":2884079,""detectors_checked"":748154880}"
   1011712,         0,         0,   119.9,standalone_exact_mw,9d8ad86e51451842b54dafc7680d1b486ef291963bb72c70f3cdd570d2d8fa34,"{""distance"":7,""physical_error_rate"":0.002}","{""detection_events"":6288645,""detectors_checked"":819486720}"
   1396736,         0,         0,   119.7,standalone_exact_mw,9d8ad86e51451842b54dafc7680d1b486ef291963bb72c70f3cdd570d2d8fa34,"{""distance"":7,""physical_error_rate"":0.002}","{""detection_events"":8678915,""detectors_checked"":1131356160}"
   1489421,         0,         0,    34.4,standalone_exact_mw,e5383d45c2b34399c539563e7789a53fd4b96cd0b38eade39a3cbfe07ba21ab0,"{""distance"":7,""physical_error_rate"":0.0002}","{""detection_events"":934656,""detectors_checked"":1206431010}"
   1368351,         0,         0,    41.4,standalone_exact_mw,ba5ada56442ed2ba457be44e3218b165c8a19e21146c9941e841199e65961aae,"{""distance"":7,""physical_error_rate"":0.0005}","{""detection_events"":2143758,""detectors_checked"":1108364310}"
   2921472,         1,         0,   119.8,standalone_exact_mw,9d8ad86e51451842b54dafc7680d1b486ef291963bb72c70f3cdd570d2d8fa34,"{""distance"":7,""physical_error_rate"":0.002}","{""detection_events"":18153330,""detectors_checked"":2366392320,""obs_mistake_mask=E"":1}"
   5600256,         0,         0,   119.7,standalone_exact_mw,e5383d45c2b34399c539563e7789a53fd4b96cd0b38eade39a3cbfe07ba21ab0,"{""distance"":7,""physical_error_rate"":0.0002}","{""detection_events"":3517993,""detectors_checked"":4536207360}"
   3834880,         0,         0,   119.8,standalone_exact_mw,3bd544bb51e006261b45d3a2c996e28fc0c0449411cee5f7deafcd25d9539ebc,"{""distance"":7,""physical_error_rate"":0.001}","{""detection_events"":11986118,""detectors_checked"":3106252800}"
   4724736,         0,         0,   119.7,standalone_exact_mw,ba5ada56442ed2ba457be44e3218b165c8a19e21146c9941e841199e65961aae,"{""distance"":7,""physical_error_rate"":0.0005}","{""detection_events"":7403288,""detectors_checked"":3827036160}"
    701440,         0,         0,   119.6,standalone_exact_mw,9d8ad86e51451842b54dafc7680d1b486ef291963bb72c70f3cdd570d2d8fa34,"{""distance"":7,""physical_error_rate"":0.002}","{""detection_events"":4353378,""detectors_checked"":568166400}"
   2131968,         0,         0,   119.2,standalone_exact_mw,e5383d45c2b34399c539563e7789a53fd4b96cd0b38eade39a3cbfe07ba21ab0,"{""distance"":7,""physical_error_rate"":0.0002}","{""detection_events"":1337777,""detectors_checked"":1726894080}"
   3258368,         0,         0,   119.5,standalone_exact_mw,e5383d45c2b34399c539563e7789a53fd4b96cd0b38eade39a3cbfe07ba21ab0,"{""distance"":7,""physical_error_rate"":0.0002}","{""detection_events"":2043276,""detectors_checked"":2639278080}"
   1361920,         0,         0,   119.5,standalone_exact_mw,e5383d45c2b34399c539563e7789a53fd4b96cd0b38eade39a3cbfe07ba21ab0,"{""distance"":7,""physical_error_rate"":0.0002}","{""detection_events"":856060,""detectors_checked"":1103155200}"
    926720,         0,         0,   119.6,standalone_exact_mw,ba5ada56442ed2ba457be44e3218b165c8a19e21146c9941e841199e65961aae,"{""distance"":7,""physical_error_rate"":0.0005}","{""detection_events"":1451524,""detectors_checked"":750643200}"
    889856,         0,         0,   119.3,standalone_exact_mw,ba5ada56442ed2ba457be44e3218b165c8a19e21146c9941e841199e65961aae,"{""distance"":7,""physical_error_rate"":0.0005}","{""detection_events"":1393964,""detectors_checked"":720783360}"
   3340288,         0,         0,   119.8,standalone_exact_mw,ba5ada56442ed2ba457be44e3218b165c8a19e21146c9941e841199e65961aae,"{""distance"":7,""physical_error_rate"":0.0005}","{""detection_events"":5237297,""detectors_checked"":2705633280}"
    560128,         0,         0,   119.6,standalone_exact_mw,9d8ad86e51451842b54dafc7680d1b486ef291963bb72c70f3cdd570d2d8fa34,"{""distance"":7,""physical_error_rate"":0.002}","{""detection_events"":3480234,""detectors_checked"":453703680}"
   1687552,         0,         0,   119.3,standalone_exact_mw,e5383d45c2b34399c539563e7789a53fd4b96cd0b38eade39a3cbfe07ba21ab0,"{""distance"":7,""physical_error_rate"":0.0002}","{""detection_events"":1061865,""detectors_checked"":1366917120}"
   6033408,         0,         0,   119.7,standalone_exact_mw,e5383d45c2b34399c539563e7789a53fd4b96cd0b38eade39a3cbfe07ba21ab0,"{""distance"":7,""physical_error_rate"":0.0002}","{""detection_events"":3790705,""detectors_checked"":4887060480}"
    712704,         0,         0,   119.6,standalone_exact_mw,3bd544bb51e006261b45d3a2c996e28fc0c0449411cee5f7deafcd25d9539ebc,"{""distance"":7,""physical_error_rate"":0.001}","{""detection_events"":2224962,""detectors_checked"":577290240}"
   2572288,         0,         0,   119.8,standalone_exact_mw,9d8ad86e51451842b54dafc7680d1b486ef291963bb72c70f3cdd570d2d8fa34,"{""distance"":7,""physical_error_rate"":0.002}","{""detection_events"":15977087,""detectors_checked"":2083553280}"
   3026944,         0,         0,   119.8,standalone_exact_mw,9d8ad86e51451842b54dafc7680d1b486ef291963bb72c70f3cdd570d2d8fa34,"{""distance"":7,""physical_error_rate"":0.002}","{""detection_events"":18810728,""detectors_checked"":2451824640}"
    922624,         0,         0,   119.5,standalone_exact_mw,3bd544bb51e006261b45d3a2c996e28fc0c0449411cee5f7deafcd25d9539ebc,"{""distance"":7,""physical_error_rate"":0.001}","{""detection_events"":2888337,""detectors_checked"":747325440}"
   3646464,         0,         0,   119.8,standalone_exact_mw,3bd544bb51e006261b45d3a2c996e28fc0c0449411cee5f7deafcd25d9539ebc,"{""distance"":7,""physical_error_rate"":0.001}","{""detection_events"":11398570,""detectors_checked"":2953635840}"
   1552384,         0,         0,   119.7,standalone_exact_mw,ba5ada56442ed2ba457be44e3218b165c8a19e21146c9941e841199e65961aae,"{""distance"":7,""physical_error_rate"":0.0005}","{""detection_events"":2431220,""detectors_checked"":1257431040}"
   1949696,         0,         0,   119.7,standalone_exact_mw,3bd544bb51e006261b45d3a2c996e28fc0c0449411cee5f7deafcd25d9539ebc,"{""distance"":7,""physical_error_rate"":0.001}","{""detection_events"":6096137,""detectors_checked"":1579253760}"
   1318912,         0,         0,   119.3,standalone_exact_mw,e5383d45c2b34399c539563e7789a53fd4b96cd0b38eade39a3cbfe07ba21ab0,"{""distance"":7,""physical_error_rate"":0.0002}","{""detection_events"":829805,""detectors_checked"":1068318720}"
   2288640,         0,         0,   119.5,standalone_exact_mw,e5383d45c2b34399c539563e7789a53fd4b96cd0b38eade39a3cbfe07ba21ab0,"{""distance"":7,""physical_error_rate"":0.0002}","{""detection_events"":1436309,""detectors_checked"":1853798400}"
   1058816,         0,         0,   119.9,standalone_exact_mw,9d8ad86e51451842b54dafc7680d1b486ef291963bb72c70f3cdd570d2d8fa34,"{""distance"":7,""physical_error_rate"":0.002}","{""detection_events"":6579598,""detectors_checked"":857640960}"
     58012,         0,         0,    1.98,standalone_exact_mw,e5383d45c2b34399c539563e7789a53fd4b96cd0b38eade39a3cbfe07ba21ab0,"{""distance"":7,""physical_error_rate"":0.0002}","{""detection_events"":36136,""detectors_checked"":46989720}"
    540672,         0,         0,   120.0,standalone_exact_mw,9d8ad86e51451842b54dafc7680d1b486ef291963bb72c70f3cdd570d2d8fa34,"{""distance"":7,""physical_error_rate"":0.002}","{""detection_events"":3365685,""detectors_checked"":437944320}"
   1173504,         0,         0,   119.7,standalone_exact_mw,e5383d45c2b34399c539563e7789a53fd4b96cd0b38eade39a3cbfe07ba21ab0,"{""distance"":7,""physical_error_rate"":0.0002}","{""detection_events"":736783,""detectors_checked"":950538240}"
   1162240,         0,         0,   119.6,standalone_exact_mw,3bd544bb51e006261b45d3a2c996e28fc0c0449411cee5f7deafcd25d9539ebc,"{""distance"":7,""physical_error_rate"":0.001}","{""detection_events"":3637503,""detectors_checked"":941414400}"
   1048576,         0,         0,   119.6,standalone_exact_mw,ba5ada56442ed2ba457be44e3218b165c8a19e21146c9941e841199e65961aae,"{""distance"":7,""physical_error_rate"":0.0005}","{""detection_events"":1644693,""detectors_checked"":849346560}"
   2022400,         0,         0,   119.9,standalone_exact_mw,9d8ad86e51451842b54dafc7680d1b486ef291963bb72c70f3cdd570d2d8fa34,"{""distance"":7,""physical_error_rate"":0.002}","{""detection_events"":12571957,""detectors_checked"":1638144000}"
    971776,         0,         0,   119.6,standalone_exact_mw,3bd544bb51e006261b45d3a2c996e28fc0c0449411cee5f7deafcd25d9539ebc,"{""distance"":7,""physical_error_rate"":0.001}","{""detection_events"":3034949,""detectors_checked"":787138560}"
    673792,         0,         0,   119.9,standalone_exact_mw,3bd544bb51e006261b45d3a2c996e28fc0c0449411cee5f7deafcd25d9539ebc,"{""distance"":7,""physical_error_rate"":0.001}","{""detection_events"":2105229,""detectors_checked"":545771520}"
   1054720,         0,         0,   119.6,standalone_exact_mw,9d8ad86e51451842b54dafc7680d1b486ef291963bb72c70f3cdd570d2d8fa34,"{""distance"":7,""physical_error_rate"":0.002}","{""detection_events"":6549050,""detectors_checked"":854323200}"
   1273856,         0,         0,   119.6,standalone_exact_mw,ba5ada56442ed2ba457be44e3218b165c8a19e21146c9941e841199e65961aae,"{""distance"":7,""physical_error_rate"":0.0005}","{""detection_events"":1996390,""detectors_checked"":1031823360}"
    866304,         0,         0,   119.6,standalone_exact_mw,ba5ada56442ed2ba457be44e3218b165c8a19e21146c9941e841199e65961aae,"{""distance"":7,""physical_error_rate"":0.0005}","{""detection_events"":1356475,""detectors_checked"":701706240}"
   2435072,         0,         0,   119.4,standalone_exact_mw,e5383d45c2b34399c539563e7789a53fd4b96cd0b38eade39a3cbfe07ba21ab0,"{""distance"":7,""physical_error_rate"":0.0002}","{""detection_events"":1529423,""detectors_checked"":1972408320}"
    978944,         0,         0,   119.4,standalone_exact_mw,ba5ada56442ed2ba457be44e3218b165c8a19e21146c9941e841199e65961aae,"{""distance"":7,""physical_error_rate"":0.0005}","{""detection_events"":1538296,""detectors_checked"":792944640}"
    590848,         0,         0,   119.6,standalone_exact_mw,3bd544bb51e006261b45d3a2c996e28fc0c0449411cee5f7deafcd25d9539ebc,"{""distance"":7,""physical_error_rate"":0.001}","{""detection_events"":1846000,""detectors_checked"":478586880}"
   1993728,         0,         0,   119.4,standalone_exact_mw,ba5ada56442ed2ba457be44e3218b165c8a19e21146c9941e841199e65961aae,"{""distance"":7,""physical_error_rate"":0.0005}","{""detection_events"":3124585,""detectors_checked"":1614919680}"
   1690624,         0,         0,   119.6,standalone_exact_mw,e5383d45c2b34399c539563e7789a53fd4b96cd0b38eade39a3cbfe07ba21ab0,"{""distance"":7,""physical_error_rate"":0.0002}","{""detection_events"":1059672,""detectors_checked"":1369405440}"
   3771392,         0,         0,   119.7,standalone_exact_mw,e5383d45c2b34399c539563e7789a53fd4b96cd0b38eade39a3cbfe07ba21ab0,"{""distance"":7,""physical_error_rate"":0.0002}","{""detection_events"":2366024,""detectors_checked"":3054827520}"
    817152,         0,         0,   119.6,standalone_exact_mw,ba5ada56442ed2ba457be44e3218b165c8a19e21146c9941e841199e65961aae,"{""distance"":7,""physical_error_rate"":0.0005}","{""detection_events"":1278476,""detectors_checked"":661893120}"
    665600,         0,         0,   119.8,standalone_exact_mw,3bd544bb51e006261b45d3a2c996e28fc0c0449411cee5f7deafcd25d9539ebc,"{""distance"":7,""physical_error_rate"":0.001}","{""detection_events"":2083140,""detectors_checked"":539136000}"
   1124352,         0,         0,   119.9,standalone_exact_mw,9d8ad86e51451842b54dafc7680d1b486ef291963bb72c70f3cdd570d2d8fa34,"{""distance"":7,""physical_error_rate"":0.002}","{""detection_events"":6986691,""detectors_checked"":910725120}"
    780288,         0,         0,   119.7,standalone_exact_mw,ba5ada56442ed2ba457be44e3218b165c8a19e21146c9941e841199e65961aae,"{""distance"":7,""physical_error_rate"":0.0005}","{""detection_events"":1223763,""detectors_checked"":632033280}"
   3992576,         0,         0,   119.5,standalone_exact_mw,e5383d45c2b34399c539563e7789a53fd4b96cd0b38eade39a3cbfe07ba21ab0,"{""distance"":7,""physical_error_rate"":0.0002}","{""detection_events"":2508396,""detectors_checked"":3233986560}"
   1947648,         0,         0,   119.7,standalone_exact_mw,3bd544bb51e006261b45d3a2c996e28fc0c0449411cee5f7deafcd25d9539ebc,"{""distance"":7,""physical_error_rate"":0.001}","{""detection_events"":6086779,""detectors_checked"":1577594880}"
    779264,         0,         0,   119.7,standalone_exact_mw,ba5ada56442ed2ba457be44e3218b165c8a19e21146c9941e841199e65961aae,"{""distance"":7,""physical_error_rate"":0.0005}","{""detection_events"":1220658,""detectors_checked"":631203840}"
   1201152,         0,         0,   119.6,standalone_exact_mw,9d8ad86e51451842b54dafc7680d1b486ef291963bb72c70f3cdd570d2d8fa34,"{""distance"":7,""physical_error_rate"":0.002}","{""detection_events"":7457560,""detectors_checked"":972933120}"
   3275776,         0,         0,   119.6,standalone_exact_mw,ba5ada56442ed2ba457be44e3218b165c8a19e21146c9941e841199e65961aae,"{""distance"":7,""physical_error_rate"":0.0005}","{""detection_events"":5135431,""detectors_checked"":2653378560}"
   3104768,         0,         0,   119.5,standalone_exact_mw,e5383d45c2b34399c539563e7789a53fd4b96cd0b38eade39a3cbfe07ba21ab0,"{""distance"":7,""physical_error_rate"":0.0002}","{""detection_events"":1949066,""detectors_checked"":2514862080}"
    640000,         0,         0,   119.7,standalone_exact_mw,3bd544bb51e006261b45d3a2c996e28fc0c0449411cee5f7deafcd25d9539ebc,"{""distance"":7,""physical_error_rate"":0.001}","{""detection_events"":1998014,""detectors_checked"":518400000}"
   4043776,         0,         0,   119.6,standalone_exact_mw,ba5ada56442ed2ba457be44e3218b165c8a19e21146c9941e841199e65961aae,"{""distance"":7,""physical_error_rate"":0.0005}","{""detection_events"":6341220,""detectors_checked"":3275458560}"
   4930560,         0,         0,   119.6,standalone_exact_mw,e5383d45c2b34399c539563e7789a53fd4b96cd0b38eade39a3cbfe07ba21ab0,"{""distance"":7,""physical_error_rate"":0.0002}","{""detection_events"":3092360,""detectors_checked"":3993753600}"
   2682880,         1,         0,   119.8,standalone_exact_mw,9d8ad86e51451842b54dafc7680d1b486ef291963bb72c70f3cdd570d2d8fa34,"{""distance"":7,""physical_error_rate"":0.002}","{""detection_events"":16678526,""detectors_checked"":2173132800,""obs_mistake_mask=E"":1}"
    959488,         0,         0,   119.4,standalone_exact_mw,ba5ada56442ed2ba457be44e3218b165c8a19e21146c9941e841199e65961aae,"{""distance"":7,""physical_error_rate"":0.0005}","{""detection_events"":1502717,""detectors_checked"":777185280}"
   3256320,         0,         0,   119.7,standalone_exact_mw,3bd544bb51e006261b45d3a2c996e28fc0c0449411cee5f7deafcd25d9539ebc,"{""distance"":7,""physical_error_rate"":0.001}","{""detection_events"":10183358,""detectors_checked"":2637619200}"
    737280,         0,         0,   119.6,standalone_exact_mw,3bd544bb51e006261b45d3a2c996e28fc0c0449411cee5f7deafcd25d9539ebc,"{""distance"":7,""physical_error_rate"":0.001}","{""detection_events"":2303199,""detectors_checked"":597196800}"
   2001920,         0,         0,   119.6,standalone_exact_mw,ba5ada56442ed2ba457be44e3218b165c8a19e21146c9941e841199e65961aae,"{""distance"":7,""physical_error_rate"":0.0005}","{""detection_events"":3136819,""detectors_checked"":1621555200}"
   3714048,         0,         0,   119.6,standalone_exact_mw,ba5ada56442ed2ba457be44e3218b165c8a19e21146c9941e841199e65961aae,"{""distance"":7,""physical_error_rate"":0.0005}","{""detection_events"":5817225,""detectors_checked"":3008378880}"
    891904,         1,         0,   119.7,standalone_exact_mw,9d8ad86e51451842b54dafc7680d1b486ef291963bb72c70f3cdd570d2d8fa34,"{""distance"":7,""physical_error_rate"":0.002}","{""detection_events"":5545163,""detectors_checked"":722442240,""obs_mistake_mask=E"":1}"
   1725440,         0,         0,   119.7,standalone_exact_mw,3bd544bb51e006261b45d3a2c996e28fc0c0449411cee5f7deafcd25d9539ebc,"{""distance"":7,""physical_error_rate"":0.001}","{""detection_events"":5394462,""detectors_checked"":1397606400}"
   1867776,         0,         0,   119.4,standalone_exact_mw,e5383d45c2b34399c539563e7789a53fd4b96cd0b38eade39a3cbfe07ba21ab0,"{""distance"":7,""physical_error_rate"":0.0002}","{""detection_events"":1172647,""detectors_checked"":1512898560}"
    621568,         0,         0,   119.9,standalone_exact_mw,9d8ad86e51451842b54dafc7680d1b486ef291963bb72c70f3cdd570d2d8fa34,"{""distance"":7,""physical_error_rate"":0.002}","{""detection_events"":3859285,""detectors_checked"":503470080}"
   1715200,         0,         0,   119.6,standalone_exact_mw,e5383d45c2b34399c539563e7789a53fd4b96cd0b38eade39a3cbfe07ba21ab0,"{""distance"":7,""physical_error_rate"":0.0002}","{""detection_events"":1075831,""detectors_checked"":1389312000}"
   1012736,         0,         0,   119.7,standalone_exact_mw,3bd544bb51e006261b45d3a2c996e28fc0c0449411cee5f7deafcd25d9539ebc,"{""distance"":7,""physical_error_rate"":0.001}","{""detection_events"":3169377,""detectors_checked"":820316160}"
   1247232,         0,         0,   119.3,standalone_exact_mw,e5383d45c2b34399c539563e7789a53fd4b96cd0b38eade39a3cbfe07ba21ab0,"{""distance"":7,""physical_error_rate"":0.0002}","{""detection_events"":782058,""detectors_checked"":1010257920}"
   1283072,         0,         0,   119.5,standalone_exact_mw,3bd544bb51e006261b45d3a2c996e28fc0c0449411cee5f7deafcd25d9539ebc,"{""distance"":7,""physical_error_rate"":0.001}","{""detection_events"":4005921,""detectors_checked"":1039288320}"
   1684480,         0,         0,   119.8,standalone_exact_mw,9d8ad86e51451842b54dafc7680d1b486ef291963bb72c70f3cdd570d2d8fa34,"{""distance"":7,""physical_error_rate"":0.002}","{""detection_events"":10469772,""detectors_checked"":1364428800}"
    490496,         0,         0,   119.7,standalone_exact_mw,9d8ad86e51451842b54dafc7680d1b486ef291963bb72c70f3cdd570d2d8fa34,"{""distance"":7,""physical_error_rate"":0.002}","{""detection_events"":3047155,""detectors_checked"":397301760}"
    974848,         0,         0,   119.5,standalone_exact_mw,ba5ada56442ed2ba457be44e3218b165c8a19e21146c9941e841199e65961aae,"{""distance"":7,""physical_error_rate"":0.0005}","{""detection_events"":1528908,""detectors_checked"":789626880}"
   1162240,         0,         0,   119.6,standalone_exact_mw,e5383d45c2b34399c539563e7789a53fd4b96cd0b38eade39a3cbfe07ba21ab0,"{""distance"":7,""physical_error_rate"":0.0002}","{""detection_events"":730239,""detectors_checked"":941414400}"
   1254400,         0,         0,   120.0,standalone_exact_mw,ba5ada56442ed2ba457be44e3218b165c8a19e21146c9941e841199e65961aae,"{""distance"":7,""physical_error_rate"":0.0005}","{""detection_events"":1968793,""detectors_checked"":1016064000}"
   1898496,         0,         0,   119.7,standalone_exact_mw,9d8ad86e51451842b54dafc7680d1b486ef291963bb72c70f3cdd570d2d8fa34,"{""distance"":7,""physical_error_rate"":0.002}","{""detection_events"":11790272,""detectors_checked"":1537781760}"
    912384,         0,         0,   119.7,standalone_exact_mw,3bd544bb51e006261b45d3a2c996e28fc0c0449411cee5f7deafcd25d9539ebc,"{""distance"":7,""physical_error_rate"":0.001}","{""detection_events"":2844540,""detectors_checked"":739031040}"
    472064,         0,         0,   119.7,standalone_exact_mw,9d8ad86e51451842b54dafc7680d1b486ef291963bb72c70f3cdd570d2d8fa34,"{""distance"":7,""physical_error_rate"":0.002}","{""detection_events"":2935155,""detectors_checked"":382371840}"
   1571840,         0,         0,   119.7,standalone_exact_mw,9d8ad86e51451842b54dafc7680d1b486ef291963bb72c70f3cdd570d2d8fa34,"{""distance"":7,""physical_error_rate"":0.002}","{""detection_events"":9768547,""detectors_checked"":1273190400}"
    681984,         0,         0,   119.5,standalone_exact_mw,3bd544bb51e006261b45d3a2c996e28fc0c0449411cee5f7deafcd25d9539ebc,"{""distance"":7,""physical_error_rate"":0.001}","{""detection_events"":2132921,""detectors_checked"":552407040}"
   2850816,         0,         0,   119.7,standalone_exact_mw,e5383d45c2b34399c539563e7789a53fd4b96cd0b38eade39a3cbfe07ba21ab0,"{""distance"":7,""physical_error_rate"":0.0002}","{""detection_events"":1792873,""detectors_checked"":2309160960}"
   2106368,         0,         0,   119.8,standalone_exact_mw,9d8ad86e51451842b54dafc7680d1b486ef291963bb72c70f3cdd570d2d8fa34,"{""distance"":7,""physical_error_rate"":0.002}","{""detection_events"":13091000,""detectors_checked"":1706158080}"
   2155520,         0,         0,   119.6,standalone_exact_mw,3bd544bb51e006261b45d3a2c996e28fc0c0449411cee5f7deafcd25d9539ebc,"{""distance"":7,""physical_error_rate"":0.001}","{""detection_events"":6730758,""detectors_checked"":1745971200}"
   1218560,         0,         0,   119.3,standalone_exact_mw,e5383d45c2b34399c539563e7789a53fd4b96cd0b38eade39a3cbfe07ba21ab0,"{""distance"":7,""physical_error_rate"":0.0002}","{""detection_events"":764791,""detectors_checked"":987033600}"
   1270784,         0,         0,   119.7,standalone_exact_mw,9d8ad86e51451842b54dafc7680d1b486ef291963bb72c70f3cdd570d2d8fa34,"{""distance"":7,""physical_error_rate"":0.002}","{""detection_events"":7893581,""detectors_checked"":1029335040}"
   1338368,         0,         0,   119.5,standalone_exact_mw,e5383d45c2b34399c539563e7789a53fd4b96cd0b38eade39a3cbfe07ba21ab0,"{""distance"":7,""physical_error_rate"":0.0002}","{""detection_events"":840508,""detectors_checked"":1084078080}"
    800768,         0,         0,   119.8,standalone_exact_mw,ba5ada56442ed2ba457be44e3218b165c8a19e21146c9941e841199e65961aae,"{""distance"":7,""physical_error_rate"":0.0005}","{""detection_events"":1254996,""detectors_checked"":648622080}"
   3795968,         0,         0,   119.8,standalone_exact_mw,3bd544bb51e006261b45d3a2c996e28fc0c0449411cee5f7deafcd25d9539ebc,"{""distance"":7,""physical_error_rate"":0.001}","{""detection_events"":11867429,""detectors_checked"":3074734080}"
   1630208,         0,         0,   119.7,standalone_exact_mw,ba5ada56442ed2ba457be44e3218b165c8a19e21146c9941e841199e65961aae,"{""distance"":7,""physical_error_rate"":0.0005}","{""detection_events"":2560081,""detectors_checked"":1320468480}"
   1268736,         0,         0,   119.6,standalone_exact_mw,ba5ada56442ed2ba457be44e3218b165c8a19e21146c9941e841199e65961aae,"{""distance"":7,""physical_error_rate"":0.0005}","{""detection_events"":1989865,""detectors_checked"":1027676160}"
   1036288,         0,         0,   119.3,standalone_exact_mw,e5383d45c2b34399c539563e7789a53fd4b96cd0b38eade39a3cbfe07ba21ab0,"{""distance"":7,""physical_error_rate"":0.0002}","{""detection_events"":651600,""detectors_checked"":839393280}"
   1270784,         0,         0,   119.7,standalone_exact_mw,3bd544bb51e006261b45d3a2c996e28fc0c0449411cee5f7deafcd25d9539ebc,"{""distance"":7,""physical_error_rate"":0.001}","{""detection_events"":3972888,""detectors_checked"":1029335040}"
    658432,         1,         0,   119.6,standalone_exact_mw,9d8ad86e51451842b54dafc7680d1b486ef291963bb72c70f3cdd570d2d8fa34,"{""distance"":7,""physical_error_rate"":0.002}","{""detection_events"":4089932,""detectors_checked"":533329920,""obs_mistake_mask=E"":1}"
   1429504,         0,         0,   119.5,standalone_exact_mw,ba5ada56442ed2ba457be44e3218b165c8a19e21146c9941e841199e65961aae,"{""distance"":7,""physical_error_rate"":0.0005}","{""detection_events"":2240600,""detectors_checked"":1157898240}"
   2121728,         0,         0,   119.5,standalone_exact_mw,e5383d45c2b34399c539563e7789a53fd4b96cd0b38eade39a3cbfe07ba21ab0,"{""distance"":7,""physical_error_rate"":0.0002}","{""detection_events"":1329044,""detectors_checked"":1718599680}"
    824320,         0,         0,   119.7,standalone_exact_mw,9d8ad86e51451842b54dafc7680d1b486ef291963bb72c70f3cdd570d2d8fa34,"{""distance"":7,""physical_error_rate"":0.002}","{""detection_events"":5122640,""detectors_checked"":667699200}"
    841728,         1,         0,   119.8,standalone_exact_mw,9d8ad86e51451842b54dafc7680d1b486ef291963bb72c70f3cdd570d2d8fa34,"{""distance"":7,""physical_error_rate"":0.002}","{""detection_events"":5225857,""detectors_checked"":681799680,""obs_mistake_mask=E"":1}"
    845824,         0,         0,   119.6,standalone_exact_mw,ba5ada56442ed2ba457be44e3218b165c8a19e21146c9941e841199e65961aae,"{""distance"":7,""physical_error_rate"":0.0005}","{""detection_events"":1323845,""detectors_checked"":685117440}"
   2250752,         0,         0,   119.6,standalone_exact_mw,ba5ada56442ed2ba457be44e3218b165c8a19e21146c9941e841199e65961aae,"{""distance"":7,""physical_error_rate"":0.0005}","{""detection_events"":3527094,""detectors_checked"":1823109120}"
   3780608,         0,         0,   119.7,standalone_exact_mw,e5383d45c2b34399c539563e7789a53fd4b96cd0b38eade39a3cbfe07ba21ab0,"{""distance"":7,""physical_error_rate"":0.0002}","{""detection_events"":2373788,""detectors_checked"":3062292480}"
   1130496,         0,         0,   120.0,standalone_exact_mw,e5383d45c2b34399c539563e7789a53fd4b96cd0b38eade39a3cbfe07ba21ab0,"{""distance"":7,""physical_error_rate"":0.0002}","{""detection_events"":711941,""detectors_checked"":915701760}"
   1619968,         0,         0,   119.5,standalone_exact_mw,e5383d45c2b34399c539563e7789a53fd4b96cd0b38eade39a3cbfe07ba21ab0,"{""distance"":7,""physical_error_rate"":0.0002}","{""detection_events"":1015502,""detectors_checked"":1312174080}"
   1116160,         0,         0,   119.7,standalone_exact_mw,ba5ada56442ed2ba457be44e3218b165c8a19e21146c9941e841199e65961aae,"{""distance"":7,""physical_error_rate"":0.0005}","{""detection_events"":1749979,""detectors_checked"":904089600}"
   1733632,         0,         0,   119.6,standalone_exact_mw,e5383d45c2b34399c539563e7789a53fd4b96cd0b38eade39a3cbfe07ba21ab0,"{""distance"":7,""physical_error_rate"":0.0002}","{""detection_events"":1089717,""detectors_checked"":1404241920}"
   1457152,         0,         0,   119.8,standalone_exact_mw,3bd544bb51e006261b45d3a2c996e28fc0c0449411cee5f7deafcd25d9539ebc,"{""distance"":7,""physical_error_rate"":0.001}","{""detection_events"":4556667,""detectors_checked"":1180293120}"
   1061888,         0,         0,   119.7,standalone_exact_mw,3bd544bb51e006261b45d3a2c996e28fc0c0449411cee5f7deafcd25d9539ebc,"{""distance"":7,""physical_error_rate"":0.001}","{""detection_events"":3320638,""detectors_checked"":860129280}"
   1748992,         0,         0,   119.9,standalone_exact_mw,3bd544bb51e006261b45d3a2c996e28fc0c0449411cee5f7deafcd25d9539ebc,"{""distance"":7,""physical_error_rate"":0.001}","{""detection_events"":5470829,""detectors_checked"":1416683520}"
    636928,         0,         0,   119.9,standalone_exact_mw,9d8ad86e51451842b54dafc7680d1b486ef291963bb72c70f3cdd570d2d8fa34,"{""distance"":7,""physical_error_rate"":0.002}","{""detection_events"":3960097,""detectors_checked"":515911680}"
    807936,         0,         0,   119.4,standalone_exact_mw,3bd544bb51e006261b45d3a2c996e28fc0c0449411cee5f7deafcd25d9539ebc,"{""distance"":7,""physical_error_rate"":0.001}","{""detection_events"":2525710,""detectors_checked"":654428160}"
   1685504,         0,         0,   119.7,standalone_exact_mw,ba5ada56442ed2ba457be44e3218b165c8a19e21146c9941e841199e65961aae,"{""distance"":7,""physical_error_rate"":0.0005}","{""detection_events"":2641125,""detectors_checked"":1365258240}"
    627712,         0,         0,   119.6,standalone_exact_mw,9d8ad86e51451842b54dafc7680d1b486ef291963bb72c70f3cdd570d2d8fa34,"{""distance"":7,""physical_error_rate"":0.002}","{""detection_events"":3905304,""detectors_checked"":508446720}"
   1807360,         0,         0,   119.6,standalone_exact_mw,3bd544bb51e006261b45d3a2c996e28fc0c0449411cee5f7deafcd25d9539ebc,"{""distance"":7,""physical_error_rate"":0.001}","{""detection_events"":5651311,""detectors_checked"":1463961600}"
    606208,         0,         0,   120.0,standalone_exact_mw,9d8ad86e51451842b54dafc7680d1b486ef291963bb72c70f3cdd570d2d8fa34,"{""distance"":7,""physical_error_rate"":0.002}","{""detection_events"":3769530,""detectors_checked"":491028480}"
   1207296,         0,         0,   119.6,standalone_exact_mw,ba5ada56442ed2ba457be44e3218b165c8a19e21146c9941e841199e65961aae,"{""distance"":7,""physical_error_rate"":0.0005}","{""detection_events"":1890830,""detectors_checked"":977909760}"
    841728,         0,         0,   119.9,standalone_exact_mw,3bd544bb51e006261b45d3a2c996e28fc0c0449411cee5f7deafcd25d9539ebc,"{""distance"":7,""physical_error_rate"":0.001}","{""detection_events"":2632165,""detectors_checked"":681799680}"
   3364864,         0,         0,   119.5,standalone_exact_mw,e5383d45c2b34399c539563e7789a53fd4b96cd0b38eade39a3cbfe07ba21ab0,"{""distance"":7,""physical_error_rate"":0.0002}","{""detection_events"":2111885,""detectors_checked"":2725539840}"
    967680,         0,         0,   119.7,standalone_exact_mw,9d8ad86e51451842b54dafc7680d1b486ef291963bb72c70f3cdd570d2d8fa34,"{""distance"":7,""physical_error_rate"":0.002}","{""detection_events"":6019062,""detectors_checked"":783820800}"
    419016,         0,         0,    12.3,standalone_exact_mw,e5383d45c2b34399c539563e7789a53fd4b96cd0b38eade39a3cbfe07ba21ab0,"{""distance"":7,""physical_error_rate"":0.0002}","{""detection_events"":263257,""detectors_checked"":339402960}"
   4032512,         0,         0,    97.5,standalone_exact_mw,e5383d45c2b34399c539563e7789a53fd4b96cd0b38eade39a3cbfe07ba21ab0,"{""distance"":7,""physical_error_rate"":0.0002}","{""detection_events"":2531270,""detectors_checked"":3266334720}"
   3636224,         0,         0,   119.5,standalone_exact_mw,e5383d45c2b34399c539563e7789a53fd4b96cd0b38eade39a3cbfe07ba21ab0,"{""distance"":7,""physical_error_rate"":0.0002}","{""detection_events"":2283860,""detectors_checked"":2945341440}"
   1121280,         0,         0,   119.7,standalone_exact_mw,3bd544bb51e006261b45d3a2c996e28fc0c0449411cee5f7deafcd25d9539ebc,"{""distance"":7,""physical_error_rate"":0.001}","{""detection_events"":3501956,""detectors_checked"":908236800}"
    666624,         0,         0,   119.7,standalone_exact_mw,3bd544bb51e006261b45d3a2c996e28fc0c0449411cee5f7deafcd25d9539ebc,"{""distance"":7,""physical_error_rate"":0.001}","{""detection_events"":2085002,""detectors_checked"":539965440}"
   1723392,         0,         0,   119.8,standalone_exact_mw,ba5ada56442ed2ba457be44e3218b165c8a19e21146c9941e841199e65961aae,"{""distance"":7,""physical_error_rate"":0.0005}","{""detection_events"":2706722,""detectors_checked"":1395947520}"
   1572864,         0,         0,   119.5,standalone_exact_mw,e5383d45c2b34399c539563e7789a53fd4b96cd0b38eade39a3cbfe07ba21ab0,"{""distance"":7,""physical_error_rate"":0.0002}","{""detection_events"":988210,""detectors_checked"":1274019840}"
    707584,         0,         0,   119.8,standalone_exact_mw,9d8ad86e51451842b54dafc7680d1b486ef291963bb72c70f3cdd570d2d8fa34,"{""distance"":7,""physical_error_rate"":0.002}","{""detection_events"":4397765,""detectors_checked"":573143040}"
   1344512,         0,         0,   119.6,standalone_exact_mw,ba5ada56442ed2ba457be44e3218b165c8a19e21146c9941e841199e65961aae,"{""distance"":7,""physical_error_rate"":0.0005}","{""detection_events"":2106915,""detectors_checked"":1089054720}"
    962560,         0,         0,   119.9,standalone_exact_mw,9d8ad86e51451842b54dafc7680d1b486ef291963bb72c70f3cdd570d2d8fa34,"{""distance"":7,""physical_error_rate"":0.002}","{""detection_events"":5983638,""detectors_checked"":779673600}"
   1003520,         0,         0,   119.6,standalone_exact_mw,3bd544bb51e006261b45d3a2c996e28fc0c0449411cee5f7deafcd25d9539ebc,"{""distance"":7,""physical_error_rate"":0.001}","{""detection_events"":3137110,""detectors_checked"":812851200}"
    802816,         0,         0,   119.8,standalone_exact_mw,3bd544bb51e006261b45d3a2c996e28fc0c0449411cee5f7deafcd25d9539ebc,"{""distance"":7,""physical_error_rate"":0.001}","{""detection_events"":2509601,""detectors_checked"":650280960}"
    771072,         0,         0,   119.6,standalone_exact_mw,9d8ad86e51451842b54dafc7680d1b486ef291963bb72c70f3cdd570d2d8fa34,"{""distance"":7,""physical_error_rate"":0.002}","{""detection_events"":4792807,""detectors_checked"":624568320}"
   1118208,         0,         0,   119.7,standalone_exact_mw,9d8ad86e51451842b54dafc7680d1b486ef291963bb72c70f3cdd570d2d8fa34,"{""distance"":7,""physical_error_rate"":0.002}","{""detection_events"":6941866,""detectors_checked"":905748480}"
   3858785,         0,         0,    69.8,standalone_exact_mw,e5383d45c2b34399c539563e7789a53fd4b96cd0b38eade39a3cbfe07ba21ab0,"{""distance"":7,""physical_error_rate"":0.0002}","{""detection_events"":2417914,""detectors_checked"":3125615850}"
   3449398,         0,         0,    81.2,standalone_exact_mw,e5383d45c2b34399c539563e7789a53fd4b96cd0b38eade39a3cbfe07ba21ab0,"{""distance"":7,""physical_error_rate"":0.0002}","{""detection_events"":2168467,""detectors_checked"":2794012380}"
   4511744,         0,         0,   119.7,standalone_exact_mw,ba5ada56442ed2ba457be44e3218b165c8a19e21146c9941e841199e65961aae,"{""distance"":7,""physical_error_rate"":0.0005}","{""detection_events"":7072284,""detectors_checked"":3654512640}"
   3341605,         0,         0,   112.4,standalone_exact_mw,e5383d45c2b34399c539563e7789a53fd4b96cd0b38eade39a3cbfe07ba21ab0,"{""distance"":7,""physical_error_rate"":0.0002}","{""detection_events"":2093517,""detectors_checked"":2706700050}"
   2511872,         0,         0,   119.8,standalone_exact_mw,9d8ad86e51451842b54dafc7680d1b486ef291963bb72c70f3cdd570d2d8fa34,"{""distance"":7,""physical_error_rate"":0.002}","{""detection_events"":15614116,""detectors_checked"":2034616320}"
   3827712,         0,         0,   119.7,standalone_exact_mw,3bd544bb51e006261b45d3a2c996e28fc0c0449411cee5f7deafcd25d9539ebc,"{""distance"":7,""physical_error_rate"":0.001}","{""detection_events"":11956163,""detectors_checked"":3100446720}"
   3914752,         0,         0,   119.7,standalone_exact_mw,ba5ada56442ed2ba457be44e3218b165c8a19e21146c9941e841199e65961aae,"{""distance"":7,""physical_error_rate"":0.0005}","{""detection_events"":6125329,""detectors_checked"":3170949120}"
    564224,         0,         0,   119.9,standalone_exact_mw,9d8ad86e51451842b54dafc7680d1b486ef291963bb72c70f3cdd570d2d8fa34,"{""distance"":7,""physical_error_rate"":0.002}","{""detection_events"":3503294,""detectors_checked"":457021440}"
   1790976,         0,         0,   119.3,standalone_exact_mw,e5383d45c2b34399c539563e7789a53fd4b96cd0b38eade39a3cbfe07ba21ab0,"{""distance"":7,""physical_error_rate"":0.0002}","{""detection_events"":1123369,""detectors_checked"":1450690560}"
   2890752,         0,         0,   119.6,standalone_exact_mw,e5383d45c2b34399c539563e7789a53fd4b96cd0b38eade39a3cbfe07ba21ab0,"{""distance"":7,""physical_error_rate"":0.0002}","{""detection_events"":1815005,""detectors_checked"":2341509120}"
   1366016,         0,         0,   119.0,standalone_exact_mw,e5383d45c2b34399c539563e7789a53fd4b96cd0b38eade39a3cbfe07ba21ab0,"{""distance"":7,""physical_error_rate"":0.0002}","{""detection_events"":857422,""detectors_checked"":1106472960}"
    809984,         0,         0,   119.8,standalone_exact_mw,ba5ada56442ed2ba457be44e3218b165c8a19e21146c9941e841199e65961aae,"{""distance"":7,""physical_error_rate"":0.0005}","{""detection_events"":1267949,""detectors_checked"":656087040}"
   2957312,         0,         0,   119.7,standalone_exact_mw,ba5ada56442ed2ba457be44e3218b165c8a19e21146c9941e841199e65961aae,"{""distance"":7,""physical_error_rate"":0.0005}","{""detection_events"":4632522,""detectors_checked"":2395422720}"
    827392,         0,         0,   119.6,standalone_exact_mw,ba5ada56442ed2ba457be44e3218b165c8a19e21146c9941e841199e65961aae,"{""distance"":7,""physical_error_rate"":0.0005}","{""detection_events"":1297203,""detectors_checked"":670187520}"
    744448,         0,         0,   119.9,standalone_exact_mw,9d8ad86e51451842b54dafc7680d1b486ef291963bb72c70f3cdd570d2d8fa34,"{""distance"":7,""physical_error_rate"":0.002}","{""detection_events"":4625435,""detectors_checked"":603002880}"
   1255424,         0,         0,   119.3,standalone_exact_mw,e5383d45c2b34399c539563e7789a53fd4b96cd0b38eade39a3cbfe07ba21ab0,"{""distance"":7,""physical_error_rate"":0.0002}","{""detection_events"":789448,""detectors_checked"":1016893440}"
   3237179,         0,         0,   110.4,standalone_exact_mw,e5383d45c2b34399c539563e7789a53fd4b96cd0b38eade39a3cbfe07ba21ab0,"{""distance"":7,""physical_error_rate"":0.0002}","{""detection_events"":2032053,""detectors_checked"":2622114990}"
   2979840,         0,         0,   114.1,standalone_exact_mw,e5383d45c2b34399c539563e7789a53fd4b96cd0b38eade39a3cbfe07ba21ab0,"{""distance"":7,""physical_error_rate"":0.0002}","{""detection_events"":1870678,""detectors_checked"":2413670400}"
   1827840,         0,         0,   119.7,standalone_exact_mw,3bd544bb51e006261b45d3a2c996e28fc0c0449411cee5f7deafcd25d9539ebc,"{""distance"":7,""physical_error_rate"":0.001}","{""detection_events"":5709801,""detectors_checked"":1480550400}"
   2513920,         0,         0,   119.8,standalone_exact_mw,9d8ad86e51451842b54dafc7680d1b486ef291963bb72c70f3cdd570d2d8fa34,"{""distance"":7,""physical_error_rate"":0.002}","{""detection_events"":15619209,""detectors_checked"":2036275200}"
   2994176,         1,         0,   119.8,standalone_exact_mw,9d8ad86e51451842b54dafc7680d1b486ef291963bb72c70f3cdd570d2d8fa34,"{""distance"":7,""physical_error_rate"":0.002}","{""detection_events"":18606081,""detectors_checked"":2425282560,""obs_mistake_mask=E"":1}"
   1508352,         0,         0,   119.7,standalone_exact_mw,3bd544bb51e006261b45d3a2c996e28fc0c0449411cee5f7deafcd25d9539ebc,"{""distance"":7,""physical_error_rate"":0.001}","{""detection_events"":4710447,""detectors_checked"":1221765120}"
   3602432,         0,         0,   119.8,standalone_exact_mw,3bd544bb51e006261b45d3a2c996e28fc0c0449411cee5f7deafcd25d9539ebc,"{""distance"":7,""physical_error_rate"":0.001}","{""detection_events"":11262290,""detectors_checked"":2917969920}"
   1790976,         0,         0,   119.4,standalone_exact_mw,ba5ada56442ed2ba457be44e3218b165c8a19e21146c9941e841199e65961aae,"{""distance"":7,""physical_error_rate"":0.0005}","{""detection_events"":2803993,""detectors_checked"":1450690560}"
   2151424,         0,         0,   119.6,standalone_exact_mw,3bd544bb51e006261b45d3a2c996e28fc0c0449411cee5f7deafcd25d9539ebc,"{""distance"":7,""physical_error_rate"":0.001}","{""detection_events"":6722223,""detectors_checked"":1742653440}"
   1084416,         0,         0,   118.9,standalone_exact_mw,e5383d45c2b34399c539563e7789a53fd4b96cd0b38eade39a3cbfe07ba21ab0,"{""distance"":7,""physical_error_rate"":0.0002}","{""detection_events"":681953,""detectors_checked"":878376960}"
    598016,         0,         0,   119.7,standalone_exact_mw,9d8ad86e51451842b54dafc7680d1b486ef291963bb72c70f3cdd570d2d8fa34,"{""distance"":7,""physical_error_rate"":0.002}","{""detection_events"":3719033,""detectors_checked"":484392960}"
    979968,         0,         0,   119.7,standalone_exact_mw,9d8ad86e51451842b54dafc7680d1b486ef291963bb72c70f3cdd570d2d8fa34,"{""distance"":7,""physical_error_rate"":0.002}","{""detection_events"":6087926,""detectors_checked"":793774080}"
   1216512,         0,         0,   119.5,standalone_exact_mw,e5383d45c2b34399c539563e7789a53fd4b96cd0b38eade39a3cbfe07ba21ab0,"{""distance"":7,""physical_error_rate"":0.0002}","{""detection_events"":763943,""detectors_checked"":985374720}"
   1357824,         0,         0,   119.6,standalone_exact_mw,3bd544bb51e006261b45d3a2c996e28fc0c0449411cee5f7deafcd25d9539ebc,"{""distance"":7,""physical_error_rate"":0.001}","{""detection_events"":4250028,""detectors_checked"":1099837440}"
   1221632,         0,         0,   119.8,standalone_exact_mw,9d8ad86e51451842b54dafc7680d1b486ef291963bb72c70f3cdd570d2d8fa34,"{""distance"":7,""physical_error_rate"":0.002}","{""detection_events"":7597055,""detectors_checked"":989521920}"
   1958912,         0,         0,   119.6,standalone_exact_mw,ba5ada56442ed2ba457be44e3218b165c8a19e21146c9941e841199e65961aae,"{""distance"":7,""physical_error_rate"":0.0005}","{""detection_events"":3071258,""detectors_checked"":1586718720}"
   1408000,         0,         0,   119.8,standalone_exact_mw,3bd544bb51e006261b45d3a2c996e28fc0c0449411cee5f7deafcd25d9539ebc,"{""distance"":7,""physical_error_rate"":0.001}","{""detection_events"":4399297,""detectors_checked"":1140480000}"
   1412096,         0,         0,   119.6,standalone_exact_mw,3bd544bb51e006261b45d3a2c996e28fc0c0449411cee5f7deafcd25d9539ebc,"{""distance"":7,""physical_error_rate"":0.001}","{""detection_events"":4408211,""detectors_checked"":1143797760}"
   1112064,         0,         0,   119.7,standalone_exact_mw,9d8ad86e51451842b54dafc7680d1b486ef291963bb72c70f3cdd570d2d8fa34,"{""distance"":7,""physical_error_rate"":0.002}","{""detection_events"":6908200,""detectors_checked"":900771840}"
   1103872,         0,         0,   119.6,standalone_exact_mw,ba5ada56442ed2ba457be44e3218b165c8a19e21146c9941e841199e65961aae,"{""distance"":7,""physical_error_rate"":0.0005}","{""detection_events"":1728944,""detectors_checked"":894136320}"
    825344,         0,         0,   119.6,standalone_exact_mw,ba5ada56442ed2ba457be44e3218b165c8a19e21146c9941e841199e65961aae,"{""distance"":7,""physical_error_rate"":0.0005}","{""detection_events"":1294187,""detectors_checked"":668528640}"
   1602560,         0,         0,   119.3,standalone_exact_mw,ba5ada56442ed2ba457be44e3218b165c8a19e21146c9941e841199e65961aae,"{""distance"":7,""physical_error_rate"":0.0005}","{""detection_events"":2510729,""detectors_checked"":1298073600}"
    679936,         0,         0,   119.1,standalone_exact_mw,3bd544bb51e006261b45d3a2c996e28fc0c0449411cee5f7deafcd25d9539ebc,"{""distance"":7,""physical_error_rate"":0.001}","{""detection_events"":2124655,""detectors_checked"":550748160}"
   1808384,         0,         0,   119.5,standalone_exact_mw,ba5ada56442ed2ba457be44e3218b165c8a19e21146c9941e841199e65961aae,"{""distance"":7,""physical_error_rate"":0.0005}","{""detection_events"":2828519,""detectors_checked"":1464791040}"
   2354176,         0,         0,   119.7,standalone_exact_mw,e5383d45c2b34399c539563e7789a53fd4b96cd0b38eade39a3cbfe07ba21ab0,"{""distance"":7,""physical_error_rate"":0.0002}","{""detection_events"":1475993,""detectors_checked"":1906882560}"
    918528,         0,         0,   119.4,standalone_exact_mw,ba5ada56442ed2ba457be44e3218b165c8a19e21146c9941e841199e65961aae,"{""distance"":7,""physical_error_rate"":0.0005}","{""detection_events"":1440429,""detectors_checked"":744007680}"
   2907794,         0,         0,    76.1,standalone_exact_mw,e5383d45c2b34399c539563e7789a53fd4b96cd0b38eade39a3cbfe07ba21ab0,"{""distance"":7,""physical_error_rate"":0.0002}","{""detection_events"":1824469,""detectors_checked"":2355313140}"
   2591744,         0,         0,    76.1,standalone_exact_mw,e5383d45c2b34399c539563e7789a53fd4b96cd0b38eade39a3cbfe07ba21ab0,"{""distance"":7,""physical_error_rate"":0.0002}","{""detection_events"":1627440,""detectors_checked"":2099312640}"
    769024,         0,         0,   119.8,standalone_exact_mw,3bd544bb51e006261b45d3a2c996e28fc0c0449411cee5f7deafcd25d9539ebc,"{""distance"":7,""physical_error_rate"":0.001}","{""detection_events"":2407144,""detectors_checked"":622909440}"
   2578333,         0,         0,    83.7,standalone_exact_mw,e5383d45c2b34399c539563e7789a53fd4b96cd0b38eade39a3cbfe07ba21ab0,"{""distance"":7,""physical_error_rate"":0.0002}","{""detection_events"":1620163,""detectors_checked"":2088449730}"
   2514944,         0,         0,    65.2,standalone_exact_mw,e5383d45c2b34399c539563e7789a53fd4b96cd0b38eade39a3cbfe07ba21ab0,"{""distance"":7,""physical_error_rate"":0.0002}","{""detection_events"":1581070,""detectors_checked"":2037104640}"
   2456576,         0,         0,    90.1,standalone_exact_mw,e5383d45c2b34399c539563e7789a53fd4b96cd0b38eade39a3cbfe07ba21ab0,"{""distance"":7,""physical_error_rate"":0.0002}","{""detection_events"":1543600,""detectors_checked"":1989826560}"
   2416768,         0,         0,    89.1,standalone_exact_mw,e5383d45c2b34399c539563e7789a53fd4b96cd0b38eade39a3cbfe07ba21ab0,"{""distance"":7,""physical_error_rate"":0.0002}","{""detection_events"":1518456,""detectors_checked"":1957582080}"
   2380800,         0,         0,    77.4,standalone_exact_mw,e5383d45c2b34399c539563e7789a53fd4b96cd0b38eade39a3cbfe07ba21ab0,"{""distance"":7,""physical_error_rate"":0.0002}","{""detection_events"":1493704,""detectors_checked"":1928448000}"
   2207744,         0,         0,    83.6,standalone_exact_mw,e5383d45c2b34399c539563e7789a53fd4b96cd0b38eade39a3cbfe07ba21ab0,"{""distance"":7,""physical_error_rate"":0.0002}","{""detection_events"":1389980,""detectors_checked"":1788272640}"
   2197504,         0,         0,    88.7,standalone_exact_mw,e5383d45c2b34399c539563e7789a53fd4b96cd0b38eade39a3cbfe07ba21ab0,"{""distance"":7,""physical_error_rate"":0.0002}","{""detection_events"":1378443,""detectors_checked"":1779978240}"
   2192384,         0,         0,    86.9,standalone_exact_mw,e5383d45c2b34399c539563e7789a53fd4b96cd0b38eade39a3cbfe07ba21ab0,"{""distance"":7,""physical_error_rate"":0.0002}","{""detection_events"":1377235,""detectors_checked"":1775831040}"
    520192,         1,         0,   120.0,standalone_exact_mw,9d8ad86e51451842b54dafc7680d1b486ef291963bb72c70f3cdd570d2d8fa34,"{""distance"":7,""physical_error_rate"":0.002}","{""detection_events"":3229710,""detectors_checked"":421355520,""obs_mistake_mask=E"":1}"
   2185884,         0,         0,    94.6,standalone_exact_mw,e5383d45c2b34399c539563e7789a53fd4b96cd0b38eade39a3cbfe07ba21ab0,"{""distance"":7,""physical_error_rate"":0.0002}","{""detection_events"":1373318,""detectors_checked"":1770566040}"
   2171904,         0,         0,    57.6,standalone_exact_mw,e5383d45c2b34399c539563e7789a53fd4b96cd0b38eade39a3cbfe07ba21ab0,"{""distance"":7,""physical_error_rate"":0.0002}","{""detection_events"":1362788,""detectors_checked"":1759242240}"
   2129920,         0,         0,    90.3,standalone_exact_mw,e5383d45c2b34399c539563e7789a53fd4b96cd0b38eade39a3cbfe07ba21ab0,"{""distance"":7,""physical_error_rate"":0.0002}","{""detection_events"":1339957,""detectors_checked"":1725235200}"
   1906688,         0,         0,    96.0,standalone_exact_mw,e5383d45c2b34399c539563e7789a53fd4b96cd0b38eade39a3cbfe07ba21ab0,"{""distance"":7,""physical_error_rate"":0.0002}","{""detection_events"":1200940,""detectors_checked"":1544417280}"
   1836999,         0,         0,    98.0,standalone_exact_mw,e5383d45c2b34399c539563e7789a53fd4b96cd0b38eade39a3cbfe07ba21ab0,"{""distance"":7,""physical_error_rate"":0.0002}","{""detection_events"":1155516,""detectors_checked"":1487969190}"
    998400,         0,         0,   119.7,standalone_exact_mw,ba5ada56442ed2ba457be44e3218b165c8a19e21146c9941e841199e65961aae,"{""distance"":7,""physical_error_rate"":0.0005}","{""detection_events"":1562414,""detectors_checked"":808704000}"
   1284096,         0,         0,   119.5,standalone_exact_mw,e5383d45c2b34399c539563e7789a53fd4b96cd0b38eade39a3cbfe07ba21ab0,"{""distance"":7,""physical_error_rate"":0.0002}","{""detection_events"":806265,""detectors_checked"":1040117760}"
    888832,         0,         0,   119.5,standalone_exact_mw,ba5ada56442ed2ba457be44e3218b165c8a19e21146c9941e841199e65961aae,"{""distance"":7,""physical_error_rate"":0.0005}","{""detection_events"":1391180,""detectors_checked"":719953920}"
    610304,         0,         0,   119.8,standalone_exact_mw,3bd544bb51e006261b45d3a2c996e28fc0c0449411cee5f7deafcd25d9539ebc,"{""distance"":7,""physical_error_rate"":0.001}","{""detection_events"":1909017,""detectors_checked"":494346240}"
    571392,         0,         0,   119.6,standalone_exact_mw,9d8ad86e51451842b54dafc7680d1b486ef291963bb72c70f3cdd570d2d8fa34,"{""distance"":7,""physical_error_rate"":0.002}","{""detection_events"":3553445,""detectors_checked"":462827520}"
   3091456,         0,         0,   119.7,standalone_exact_mw,ba5ada56442ed2ba457be44e3218b165c8a19e21146c9941e841199e65961aae,"{""distance"":7,""physical_error_rate"":0.0005}","{""detection_events"":4844914,""detectors_checked"":2504079360}"
   1282048,         0,         0,   119.4,standalone_exact_mw,3bd544bb51e006261b45d3a2c996e28fc0c0449411cee5f7deafcd25d9539ebc,"{""distance"":7,""physical_error_rate"":0.001}","{""detection_events"":4006951,""detectors_checked"":1038458880}"
   3432448,         0,         0,   119.6,standalone_exact_mw,ba5ada56442ed2ba457be44e3218b165c8a19e21146c9941e841199e65961aae,"{""distance"":7,""physical_error_rate"":0.0005}","{""detection_events"":5378696,""detectors_checked"":2780282880}"
   2327552,         0,         0,   119.8,standalone_exact_mw,9d8ad86e51451842b54dafc7680d1b486ef291963bb72c70f3cdd570d2d8fa34,"{""distance"":7,""physical_error_rate"":0.002}","{""detection_events"":14473496,""detectors_checked"":1885317120}"
   1591296,         0,         0,   119.5,standalone_exact_mw,ba5ada56442ed2ba457be44e3218b165c8a19e21146c9941e841199e65961aae,"{""distance"":7,""physical_error_rate"":0.0005}","{""detection_events"":2484905,""detectors_checked"":1288949760}"
   2840576,         0,         0,   119.7,standalone_exact_mw,3bd544bb51e006261b45d3a2c996e28fc0c0449411cee5f7deafcd25d9539ebc,"{""distance"":7,""physical_error_rate"":0.001}","{""detection_events"":8871311,""detectors_checked"":2300866560}"
   3256320,         0,         0,   119.6,standalone_exact_mw,ba5ada56442ed2ba457be44e3218b165c8a19e21146c9941e841199e65961aae,"{""distance"":7,""physical_error_rate"":0.0005}","{""detection_events"":5102767,""detectors_checked"":2637619200}"
   3259392,         0,         0,   119.6,standalone_exact_mw,ba5ada56442ed2ba457be44e3218b165c8a19e21146c9941e841199e65961aae,"{""distance"":7,""physical_error_rate"":0.0005}","{""detection_events"":5107767,""detectors_checked"":2640107520}"
   1512448,         0,         0,   119.6,standalone_exact_mw,3bd544bb51e006261b45d3a2c996e28fc0c0449411cee5f7deafcd25d9539ebc,"{""distance"":7,""physical_error_rate"":0.001}","{""detection_events"":4730185,""detectors_checked"":1225082880}"
   1201152,         0,         0,   119.9,standalone_exact_mw,9d8ad86e51451842b54dafc7680d1b486ef291963bb72c70f3cdd570d2d8fa34,"{""distance"":7,""physical_error_rate"":0.002}","{""detection_events"":7463889,""detectors_checked"":972933120}"
   1118208,         0,         0,   119.9,standalone_exact_mw,3bd544bb51e006261b45d3a2c996e28fc0c0449411cee5f7deafcd25d9539ebc,"{""distance"":7,""physical_error_rate"":0.001}","{""detection_events"":3493239,""detectors_checked"":905748480}"
   1479680,         2,         0,   119.7,standalone_exact_mw,9d8ad86e51451842b54dafc7680d1b486ef291963bb72c70f3cdd570d2d8fa34,"{""distance"":7,""physical_error_rate"":0.002}","{""detection_events"":9203493,""detectors_checked"":1198540800,""obs_mistake_mask=E"":2}"
   1101824,         0,         0,   118.9,standalone_exact_mw,e5383d45c2b34399c539563e7789a53fd4b96cd0b38eade39a3cbfe07ba21ab0,"{""distance"":7,""physical_error_rate"":0.0002}","{""detection_events"":690190,""detectors_checked"":892477440}"
   1245184,         0,         0,   119.8,standalone_exact_mw,3bd544bb51e006261b45d3a2c996e28fc0c0449411cee5f7deafcd25d9539ebc,"{""distance"":7,""physical_error_rate"":0.001}","{""detection_events"":3893797,""detectors_checked"":1008599040}"
   1899520,         0,         0,   119.7,standalone_exact_mw,9d8ad86e51451842b54dafc7680d1b486ef291963bb72c70f3cdd570d2d8fa34,"{""distance"":7,""physical_error_rate"":0.002}","{""detection_events"":11808808,""detectors_checked"":1538611200}"
    668672,         0,         0,   119.6,standalone_exact_mw,3bd544bb51e006261b45d3a2c996e28fc0c0449411cee5f7deafcd25d9539ebc,"{""distance"":7,""physical_error_rate"":0.001}","{""detection_events"":2088517,""detectors_checked"":541624320}"
    528384,         0,         0,   119.7,standalone_exact_mw,9d8ad86e51451842b54dafc7680d1b486ef291963bb72c70f3cdd570d2d8fa34,"{""distance"":7,""physical_error_rate"":0.002}","{""detection_events"":3280172,""detectors_checked"":427991040}"
   1260544,         0,         0,   119.6,standalone_exact_mw,ba5ada56442ed2ba457be44e3218b165c8a19e21146c9941e841199e65961aae,"{""distance"":7,""physical_error_rate"":0.0005}","{""detection_events"":1977396,""detectors_checked"":1021040640}"
   1607680,         0,         0,   119.6,standalone_exact_mw,ba5ada56442ed2ba457be44e3218b165c8a19e21146c9941e841199e65961aae,"{""distance"":7,""physical_error_rate"":0.0005}","{""detection_events"":2521567,""detectors_checked"":1302220800}"
   1088512,         0,         0,   119.4,standalone_exact_mw,e5383d45c2b34399c539563e7789a53fd4b96cd0b38eade39a3cbfe07ba21ab0,"{""distance"":7,""physical_error_rate"":0.0002}","{""detection_events"":683764,""detectors_checked"":881694720}"
   1585577,         0,         0,    43.5,standalone_exact_mw,e5383d45c2b34399c539563e7789a53fd4b96cd0b38eade39a3cbfe07ba21ab0,"{""distance"":7,""physical_error_rate"":0.0002}","{""detection_events"":996375,""detectors_checked"":1284317370}"
   1373184,         1,         0,   119.8,standalone_exact_mw,9d8ad86e51451842b54dafc7680d1b486ef291963bb72c70f3cdd570d2d8fa34,"{""distance"":7,""physical_error_rate"":0.002}","{""detection_events"":8537143,""detectors_checked"":1112279040,""obs_mistake_mask=E"":1}"
    534528,         0,         0,   119.5,standalone_exact_mw,9d8ad86e51451842b54dafc7680d1b486ef291963bb72c70f3cdd570d2d8fa34,"{""distance"":7,""physical_error_rate"":0.002}","{""detection_events"":3321289,""detectors_checked"":432967680}"
    572416,         1,         0,   119.8,standalone_exact_mw,9d8ad86e51451842b54dafc7680d1b486ef291963bb72c70f3cdd570d2d8fa34,"{""distance"":7,""physical_error_rate"":0.002}","{""detection_events"":3556202,""detectors_checked"":463656960,""obs_mistake_mask=E"":1}"
   1008640,         0,         0,   119.7,standalone_exact_mw,3bd544bb51e006261b45d3a2c996e28fc0c0449411cee5f7deafcd25d9539ebc,"{""distance"":7,""physical_error_rate"":0.001}","{""detection_events"":3151858,""detectors_checked"":816998400}"
    757760,         0,         0,   119.9,standalone_exact_mw,3bd544bb51e006261b45d3a2c996e28fc0c0449411cee5f7deafcd25d9539ebc,"{""distance"":7,""physical_error_rate"":0.001}","{""detection_events"":2368616,""detectors_checked"":613785600}"
   1384448,         0,         0,   119.2,standalone_exact_mw,e5383d45c2b34399c539563e7789a53fd4b96cd0b38eade39a3cbfe07ba21ab0,"{""distance"":7,""physical_error_rate"":0.0002}","{""detection_events"":870034,""detectors_checked"":1121402880}"
   1964032,         0,         0,   119.7,standalone_exact_mw,9d8ad86e51451842b54dafc7680d1b486ef291963bb72c70f3cdd570d2d8fa34,"{""distance"":7,""physical_error_rate"":0.002}","{""detection_events"":12216048,""detectors_checked"":1590865920}"
   1547264,         0,         0,   119.7,standalone_exact_mw,3bd544bb51e006261b45d3a2c996e28fc0c0449411cee5f7deafcd25d9539ebc,"{""distance"":7,""physical_error_rate"":0.001}","{""detection_events"":4836247,""detectors_checked"":1253283840}"
   1427452,         0,         0,   118.4,standalone_exact_mw,e5383d45c2b34399c539563e7789a53fd4b96cd0b38eade39a3cbfe07ba21ab0,"{""distance"":7,""physical_error_rate"":0.0002}","{""detection_events"":895842,""detectors_checked"":1156236120}"
   1347584,         0,         0,    46.8,standalone_exact_mw,e5383d45c2b34399c539563e7789a53fd4b96cd0b38eade39a3cbfe07ba21ab0,"{""distance"":7,""physical_error_rate"":0.0002}","{""detection_events"":847340,""detectors_checked"":1091543040}"
   1344512,         0,         0,   108.6,standalone_exact_mw,e5383d45c2b34399c539563e7789a53fd4b96cd0b38eade39a3cbfe07ba21ab0,"{""distance"":7,""physical_error_rate"":0.0002}","{""detection_events"":846239,""detectors_checked"":1089054720}"
   1363968,         0,         0,    50.4,standalone_exact_mw,e5383d45c2b34399c539563e7789a53fd4b96cd0b38eade39a3cbfe07ba21ab0,"{""distance"":7,""physical_error_rate"":0.0002}","{""detection_events"":856506,""detectors_checked"":1104814080}"
    742400,         0,         0,   119.6,standalone_exact_mw,ba5ada56442ed2ba457be44e3218b165c8a19e21146c9941e841199e65961aae,"{""distance"":7,""physical_error_rate"":0.0005}","{""detection_events"":1161443,""detectors_checked"":601344000}"
    703488,         0,         0,   119.9,standalone_exact_mw,9d8ad86e51451842b54dafc7680d1b486ef291963bb72c70f3cdd570d2d8fa34,"{""distance"":7,""physical_error_rate"":0.002}","{""detection_events"":4376539,""detectors_checked"":569825280}"
   2868224,         0,         0,   119.7,standalone_exact_mw,3bd544bb51e006261b45d3a2c996e28fc0c0449411cee5f7deafcd25d9539ebc,"{""distance"":7,""physical_error_rate"":0.001}","{""detection_events"":8962410,""detectors_checked"":2323261440}"
   1021952,         0,         0,   119.7,standalone_exact_mw,ba5ada56442ed2ba457be44e3218b165c8a19e21146c9941e841199e65961aae,"{""distance"":7,""physical_error_rate"":0.0005}","{""detection_events"":1598494,""detectors_checked"":827781120}"
   1339580,         0,         0,    45.3,standalone_exact_mw,e5383d45c2b34399c539563e7789a53fd4b96cd0b38eade39a3cbfe07ba21ab0,"{""distance"":7,""physical_error_rate"":0.0002}","{""detection_events"":840088,""detectors_checked"":1085059800}"
   1177600,         0,         0,    33.4,standalone_exact_mw,e5383d45c2b34399c539563e7789a53fd4b96cd0b38eade39a3cbfe07ba21ab0,"{""distance"":7,""physical_error_rate"":0.0002}","{""detection_events"":740707,""detectors_checked"":953856000}"
   1188864,         0,         0,    34.8,standalone_exact_mw,e5383d45c2b34399c539563e7789a53fd4b96cd0b38eade39a3cbfe07ba21ab0,"{""distance"":7,""physical_error_rate"":0.0002}","{""detection_events"":748444,""detectors_checked"":962979840}"
   1188864,         0,         0,    33.3,standalone_exact_mw,e5383d45c2b34399c539563e7789a53fd4b96cd0b38eade39a3cbfe07ba21ab0,"{""distance"":7,""physical_error_rate"":0.0002}","{""detection_events"":745498,""detectors_checked"":962979840}"
   1263616,         0,         0,   117.1,standalone_exact_mw,e5383d45c2b34399c539563e7789a53fd4b96cd0b38eade39a3cbfe07ba21ab0,"{""distance"":7,""physical_error_rate"":0.0002}","{""detection_events"":794205,""detectors_checked"":1023528960}"
    993280,         0,         0,   119.7,standalone_exact_mw,ba5ada56442ed2ba457be44e3218b165c8a19e21146c9941e841199e65961aae,"{""distance"":7,""physical_error_rate"":0.0005}","{""detection_events"":1555754,""detectors_checked"":804556800}"
    944128,         0,         0,   119.5,standalone_exact_mw,ba5ada56442ed2ba457be44e3218b165c8a19e21146c9941e841199e65961aae,"{""distance"":7,""physical_error_rate"":0.0005}","{""detection_events"":1479142,""detectors_checked"":764743680}"
   1499136,         0,         0,   119.8,standalone_exact_mw,9d8ad86e51451842b54dafc7680d1b486ef291963bb72c70f3cdd570d2d8fa34,"{""distance"":7,""physical_error_rate"":0.002}","{""detection_events"":9320343,""detectors_checked"":1214300160}"
   1537024,         0,         0,   119.7,standalone_exact_mw,3bd544bb51e006261b45d3a2c996e28fc0c0449411cee5f7deafcd25d9539ebc,"{""distance"":7,""physical_error_rate"":0.001}","{""detection_events"":4803958,""detectors_checked"":1244989440}"
   1170966,         0,         0,    35.9,standalone_exact_mw,e5383d45c2b34399c539563e7789a53fd4b96cd0b38eade39a3cbfe07ba21ab0,"{""distance"":7,""physical_error_rate"":0.0002}","{""detection_events"":736830,""detectors_checked"":948482460}"
   1111040,         0,         0,    34.3,standalone_exact_mw,e5383d45c2b34399c539563e7789a53fd4b96cd0b38eade39a3cbfe07ba21ab0,"{""distance"":7,""physical_error_rate"":0.0002}","{""detection_events"":695714,""detectors_checked"":899942400}"
   1152000,         0,         0,    47.8,standalone_exact_mw,e5383d45c2b34399c539563e7789a53fd4b96cd0b38eade39a3cbfe07ba21ab0,"{""distance"":7,""physical_error_rate"":0.0002}","{""detection_events"":724576,""detectors_checked"":933120000}"
   1136640,         0,         0,    46.5,standalone_exact_mw,e5383d45c2b34399c539563e7789a53fd4b96cd0b38eade39a3cbfe07ba21ab0,"{""distance"":7,""physical_error_rate"":0.0002}","{""detection_events"":715163,""detectors_checked"":920678400}"
    946176,         1,         0,   119.6,standalone_exact_mw,9d8ad86e51451842b54dafc7680d1b486ef291963bb72c70f3cdd570d2d8fa34,"{""distance"":7,""physical_error_rate"":0.002}","{""detection_events"":5878545,""detectors_checked"":766402560,""obs_mistake_mask=E"":1}"
   1091584,         0,         0,    34.7,standalone_exact_mw,e5383d45c2b34399c539563e7789a53fd4b96cd0b38eade39a3cbfe07ba21ab0,"{""distance"":7,""physical_error_rate"":0.0002}","{""detection_events"":688171,""detectors_checked"":884183040}"
    846848,         1,         0,   119.6,standalone_exact_mw,9d8ad86e51451842b54dafc7680d1b486ef291963bb72c70f3cdd570d2d8fa34,"{""distance"":7,""physical_error_rate"":0.002}","{""detection_events"":5263522,""detectors_checked"":685946880,""obs_mistake_mask=E"":1}"
   2502656,         0,         0,   119.6,standalone_exact_mw,ba5ada56442ed2ba457be44e3218b165c8a19e21146c9941e841199e65961aae,"{""distance"":7,""physical_error_rate"":0.0005}","{""detection_events"":3917585,""detectors_checked"":2027151360}"
   1026048,         0,         0,   119.8,standalone_exact_mw,ba5ada56442ed2ba457be44e3218b165c8a19e21146c9941e841199e65961aae,"{""distance"":7,""physical_error_rate"":0.0005}","{""detection_events"":1608179,""detectors_checked"":831098880}"
    983781,         0,         0,    45.3,standalone_exact_mw,e5383d45c2b34399c539563e7789a53fd4b96cd0b38eade39a3cbfe07ba21ab0,"{""distance"":7,""physical_error_rate"":0.0002}","{""detection_events"":616526,""detectors_checked"":796862610}"
    969728,         0,         0,    36.3,standalone_exact_mw,e5383d45c2b34399c539563e7789a53fd4b96cd0b38eade39a3cbfe07ba21ab0,"{""distance"":7,""physical_error_rate"":0.0002}","{""detection_events"":608697,""detectors_checked"":785479680}"
    891904,         0,         0,    27.0,standalone_exact_mw,e5383d45c2b34399c539563e7789a53fd4b96cd0b38eade39a3cbfe07ba21ab0,"{""distance"":7,""physical_error_rate"":0.0002}","{""detection_events"":559113,""detectors_checked"":722442240}"
    970752,         0,         0,    36.1,standalone_exact_mw,e5383d45c2b34399c539563e7789a53fd4b96cd0b38eade39a3cbfe07ba21ab0,"{""distance"":7,""physical_error_rate"":0.0002}","{""detection_events"":611310,""detectors_checked"":786309120}"
   1047552,         0,         0,   119.7,standalone_exact_mw,ba5ada56442ed2ba457be44e3218b165c8a19e21146c9941e841199e65961aae,"{""distance"":7,""physical_error_rate"":0.0005}","{""detection_events"":1642789,""detectors_checked"":848517120}"
   2048000,         0,         0,   119.8,standalone_exact_mw,3bd544bb51e006261b45d3a2c996e28fc0c0449411cee5f7deafcd25d9539ebc,"{""distance"":7,""physical_error_rate"":0.001}","{""detection_events"":6399777,""detectors_checked"":1658880000}"
    713728,         0,         0,   119.6,standalone_exact_mw,3bd544bb51e006261b45d3a2c996e28fc0c0449411cee5f7deafcd25d9539ebc,"{""distance"":7,""physical_error_rate"":0.001}","{""detection_events"":2227470,""detectors_checked"":578119680}"
   1848320,         0,         0,   119.7,standalone_exact_mw,3bd544bb51e006261b45d3a2c996e28fc0c0449411cee5f7deafcd25d9539ebc,"{""distance"":7,""physical_error_rate"":0.001}","{""detection_events"":5774031,""detectors_checked"":1497139200}"
    651264,         0,         0,   119.6,standalone_exact_mw,9d8ad86e51451842b54dafc7680d1b486ef291963bb72c70f3cdd570d2d8fa34,"{""distance"":7,""physical_error_rate"":0.002}","{""detection_events"":4046431,""detectors_checked"":527523840}"
    791552,         0,         0,   119.6,standalone_exact_mw,3bd544bb51e006261b45d3a2c996e28fc0c0449411cee5f7deafcd25d9539ebc,"{""distance"":7,""physical_error_rate"":0.001}","{""detection_events"":2467890,""detectors_checked"":641157120}"
   2931712,         0,         0,   119.7,standalone_exact_mw,ba5ada56442ed2ba457be44e3218b165c8a19e21146c9941e841199e65961aae,"{""distance"":7,""physical_error_rate"":0.0005}","{""detection_events"":4592679,""detectors_checked"":2374686720}"
    954368,         1,         0,   119.6,standalone_exact_mw,9d8ad86e51451842b54dafc7680d1b486ef291963bb72c70f3cdd570d2d8fa34,"{""distance"":7,""physical_error_rate"":0.002}","{""detection_events"":5923560,""detectors_checked"":773038080,""obs_mistake_mask=E"":1}"
   1716224,         1,         0,   119.7,standalone_exact_mw,9d8ad86e51451842b54dafc7680d1b486ef291963bb72c70f3cdd570d2d8fa34,"{""distance"":7,""physical_error_rate"":0.002}","{""detection_events"":10664407,""detectors_checked"":1390141440,""obs_mistake_mask=E"":1}"
   1340416,         0,         0,   119.3,standalone_exact_mw,ba5ada56442ed2ba457be44e3218b165c8a19e21146c9941e841199e65961aae,"{""distance"":7,""physical_error_rate"":0.0005}","{""detection_events"":2104895,""detectors_checked"":1085736960}"
    801792,         0,         0,   120.1,standalone_exact_mw,3bd544bb51e006261b45d3a2c996e28fc0c0449411cee5f7deafcd25d9539ebc,"{""distance"":7,""physical_error_rate"":0.001}","{""detection_events"":2505641,""detectors_checked"":649451520}"
    654336,         0,         0,   119.9,standalone_exact_mw,3bd544bb51e006261b45d3a2c996e28fc0c0449411cee5f7deafcd25d9539ebc,"{""distance"":7,""physical_error_rate"":0.001}","{""detection_events"":2040183,""detectors_checked"":530012160}"
    857088,         0,         0,   119.9,standalone_exact_mw,9d8ad86e51451842b54dafc7680d1b486ef291963bb72c70f3cdd570d2d8fa34,"{""distance"":7,""physical_error_rate"":0.002}","{""detection_events"":5328513,""detectors_checked"":694241280}"
   1641472,         0,         0,   119.7,standalone_exact_mw,3bd544bb51e006261b45d3a2c996e28fc0c0449411cee5f7deafcd25d9539ebc,"{""distance"":7,""physical_error_rate"":0.001}","{""detection_events"":5129004,""detectors_checked"":1329592320}"
    744448,         0,         0,   119.8,standalone_exact_mw,3bd544bb51e006261b45d3a2c996e28fc0c0449411cee5f7deafcd25d9539ebc,"{""distance"":7,""physical_error_rate"":0.001}","{""detection_events"":2327934,""detectors_checked"":603002880}"
    942080,         0,         0,   119.5,standalone_exact_mw,ba5ada56442ed2ba457be44e3218b165c8a19e21146c9941e841199e65961aae,"{""distance"":7,""physical_error_rate"":0.0005}","{""detection_events"":1479650,""detectors_checked"":763084800}"
    559104,         0,         0,   119.9,standalone_exact_mw,9d8ad86e51451842b54dafc7680d1b486ef291963bb72c70f3cdd570d2d8fa34,"{""distance"":7,""physical_error_rate"":0.002}","{""detection_events"":3477624,""detectors_checked"":452874240}"
   1283072,         0,         0,   119.4,standalone_exact_mw,ba5ada56442ed2ba457be44e3218b165c8a19e21146c9941e841199e65961aae,"{""distance"":7,""physical_error_rate"":0.0005}","{""detection_events"":2014438,""detectors_checked"":1039288320}"
   1046528,         0,         0,   119.5,standalone_exact_mw,3bd544bb51e006261b45d3a2c996e28fc0c0449411cee5f7deafcd25d9539ebc,"{""distance"":7,""physical_error_rate"":0.001}","{""detection_events"":3273865,""detectors_checked"":847687680}"
    586752,         2,         0,   119.9,standalone_exact_mw,9d8ad86e51451842b54dafc7680d1b486ef291963bb72c70f3cdd570d2d8fa34,"{""distance"":7,""physical_error_rate"":0.002}","{""detection_events"":3649241,""detectors_checked"":475269120,""obs_mistake_mask=E"":2}"
    766976,         0,         0,   119.6,standalone_exact_mw,3bd544bb51e006261b45d3a2c996e28fc0c0449411cee5f7deafcd25d9539ebc,"{""distance"":7,""physical_error_rate"":0.001}","{""detection_events"":2391487,""detectors_checked"":621250560}"
   1241088,         0,         0,   119.8,standalone_exact_mw,9d8ad86e51451842b54dafc7680d1b486ef291963bb72c70f3cdd570d2d8fa34,"{""distance"":7,""physical_error_rate"":0.002}","{""detection_events"":7716053,""detectors_checked"":1005281280}"
    656558,         0,         0,    12.8,standalone_exact_mw,e5383d45c2b34399c539563e7789a53fd4b96cd0b38eade39a3cbfe07ba21ab0,"{""distance"":7,""physical_error_rate"":0.0002}","{""detection_events"":412567,""detectors_checked"":531811980}"
    745472,         0,         0,    31.4,standalone_exact_mw,e5383d45c2b34399c539563e7789a53fd4b96cd0b38eade39a3cbfe07ba21ab0,"{""distance"":7,""physical_error_rate"":0.0002}","{""detection_events"":468777,""detectors_checked"":603832320}"
    803840,         0,         0,    46.1,standalone_exact_mw,e5383d45c2b34399c539563e7789a53fd4b96cd0b38eade39a3cbfe07ba21ab0,"{""distance"":7,""physical_error_rate"":0.0002}","{""detection_events"":505685,""detectors_checked"":651110400}"
    727040,         0,         0,    37.0,standalone_exact_mw,e5383d45c2b34399c539563e7789a53fd4b96cd0b38eade39a3cbfe07ba21ab0,"{""distance"":7,""physical_error_rate"":0.0002}","{""detection_events"":454255,""detectors_checked"":588902400}"
    803840,         0,         0,   119.9,standalone_exact_mw,9d8ad86e51451842b54dafc7680d1b486ef291963bb72c70f3cdd570d2d8fa34,"{""distance"":7,""physical_error_rate"":0.002}","{""detection_events"":4998742,""detectors_checked"":651110400}"
    703657,         0,         0,    49.7,standalone_exact_mw,e5383d45c2b34399c539563e7789a53fd4b96cd0b38eade39a3cbfe07ba21ab0,"{""distance"":7,""physical_error_rate"":0.0002}","{""detection_events"":443681,""detectors_checked"":569962170}"
    623616,         0,         0,    17.5,standalone_exact_mw,e5383d45c2b34399c539563e7789a53fd4b96cd0b38eade39a3cbfe07ba21ab0,"{""distance"":7,""physical_error_rate"":0.0002}","{""detection_events"":390586,""detectors_checked"":505128960}"
    611328,         0,         0,    16.7,standalone_exact_mw,e5383d45c2b34399c539563e7789a53fd4b96cd0b38eade39a3cbfe07ba21ab0,"{""distance"":7,""physical_error_rate"":0.0002}","{""detection_events"":382736,""detectors_checked"":495175680}"
    631808,         0,         0,    60.7,standalone_exact_mw,e5383d45c2b34399c539563e7789a53fd4b96cd0b38eade39a3cbfe07ba21ab0,"{""distance"":7,""physical_error_rate"":0.0002}","{""detection_events"":396536,""detectors_checked"":511764480}"
    610531,         0,         0,    17.3,standalone_exact_mw,e5383d45c2b34399c539563e7789a53fd4b96cd0b38eade39a3cbfe07ba21ab0,"{""distance"":7,""physical_error_rate"":0.0002}","{""detection_events"":383376,""detectors_checked"":494530110}"
    592896,         0,         0,    19.2,standalone_exact_mw,e5383d45c2b34399c539563e7789a53fd4b96cd0b38eade39a3cbfe07ba21ab0,"{""distance"":7,""physical_error_rate"":0.0002}","{""detection_events"":371438,""detectors_checked"":480245760}"
    580608,         0,         0,    16.3,standalone_exact_mw,e5383d45c2b34399c539563e7789a53fd4b96cd0b38eade39a3cbfe07ba21ab0,"{""distance"":7,""physical_error_rate"":0.0002}","{""detection_events"":362167,""detectors_checked"":470292480}"
    584704,         0,         0,    16.2,standalone_exact_mw,e5383d45c2b34399c539563e7789a53fd4b96cd0b38eade39a3cbfe07ba21ab0,"{""distance"":7,""physical_error_rate"":0.0002}","{""detection_events"":367530,""detectors_checked"":473610240}"
    565248,         0,         0,    14.5,standalone_exact_mw,e5383d45c2b34399c539563e7789a53fd4b96cd0b38eade39a3cbfe07ba21ab0,"{""distance"":7,""physical_error_rate"":0.0002}","{""detection_events"":354838,""detectors_checked"":457850880}"
    549888,         0,         0,    16.2,standalone_exact_mw,e5383d45c2b34399c539563e7789a53fd4b96cd0b38eade39a3cbfe07ba21ab0,"{""distance"":7,""physical_error_rate"":0.0002}","{""detection_events"":347555,""detectors_checked"":445409280}"
    610304,         0,         0,    64.9,standalone_exact_mw,e5383d45c2b34399c539563e7789a53fd4b96cd0b38eade39a3cbfe07ba21ab0,"{""distance"":7,""physical_error_rate"":0.0002}","{""detection_events"":383113,""detectors_checked"":494346240}"
    526314,         0,         0,    15.2,standalone_exact_mw,e5383d45c2b34399c539563e7789a53fd4b96cd0b38eade39a3cbfe07ba21ab0,"{""distance"":7,""physical_error_rate"":0.0002}","{""detection_events"":331566,""detectors_checked"":426314340}"
    444416,         0,         0,    15.2,standalone_exact_mw,e5383d45c2b34399c539563e7789a53fd4b96cd0b38eade39a3cbfe07ba21ab0,"{""distance"":7,""physical_error_rate"":0.0002}","{""detection_events"":278130,""detectors_checked"":359976960}"
    515072,         0,         0,    18.7,standalone_exact_mw,e5383d45c2b34399c539563e7789a53fd4b96cd0b38eade39a3cbfe07ba21ab0,"{""distance"":7,""physical_error_rate"":0.0002}","{""detection_events"":324683,""detectors_checked"":417208320}"
    424960,         0,         0,    42.0,standalone_exact_mw,e5383d45c2b34399c539563e7789a53fd4b96cd0b38eade39a3cbfe07ba21ab0,"{""distance"":7,""physical_error_rate"":0.0002}","{""detection_events"":264809,""detectors_checked"":344217600}"
    508928,         0,         0,    16.9,standalone_exact_mw,e5383d45c2b34399c539563e7789a53fd4b96cd0b38eade39a3cbfe07ba21ab0,"{""distance"":7,""physical_error_rate"":0.0002}","{""detection_events"":320172,""detectors_checked"":412231680}"
    458752,         0,         0,    42.0,standalone_exact_mw,e5383d45c2b34399c539563e7789a53fd4b96cd0b38eade39a3cbfe07ba21ab0,"{""distance"":7,""physical_error_rate"":0.0002}","{""detection_events"":289594,""detectors_checked"":371589120}"
    427008,         0,         0,    54.1,standalone_exact_mw,e5383d45c2b34399c539563e7789a53fd4b96cd0b38eade39a3cbfe07ba21ab0,"{""distance"":7,""physical_error_rate"":0.0002}","{""detection_events"":267786,""detectors_checked"":345876480}"
    407805,         0,         0,    23.6,standalone_exact_mw,e5383d45c2b34399c539563e7789a53fd4b96cd0b38eade39a3cbfe07ba21ab0,"{""distance"":7,""physical_error_rate"":0.0002}","{""detection_events"":257056,""detectors_checked"":330322050}"
    337920,         0,         0,    20.8,standalone_exact_mw,e5383d45c2b34399c539563e7789a53fd4b96cd0b38eade39a3cbfe07ba21ab0,"{""distance"":7,""physical_error_rate"":0.0002}","{""detection_events"":212805,""detectors_checked"":273715200}"
    325632,         0,         0,    19.7,standalone_exact_mw,e5383d45c2b34399c539563e7789a53fd4b96cd0b38eade39a3cbfe07ba21ab0,"{""distance"":7,""physical_error_rate"":0.0002}","{""detection_events"":205332,""detectors_checked"":263761920}"
    308213,         0,         0,    8.89,standalone_exact_mw,e5383d45c2b34399c539563e7789a53fd4b96cd0b38eade39a3cbfe07ba21ab0,"{""distance"":7,""physical_error_rate"":0.0002}","{""detection_events"":192929,""detectors_checked"":249652530}"
    290816,         0,         0,    18.9,standalone_exact_mw,e5383d45c2b34399c539563e7789a53fd4b96cd0b38eade39a3cbfe07ba21ab0,"{""distance"":7,""physical_error_rate"":0.0002}","{""detection_events"":182022,""detectors_checked"":235560960}"
    279552,         0,         0,    8.87,standalone_exact_mw,e5383d45c2b34399c539563e7789a53fd4b96cd0b38eade39a3cbfe07ba21ab0,"{""distance"":7,""physical_error_rate"":0.0002}","{""detection_events"":176393,""detectors_checked"":226437120}"
    277846,         0,         0,    22.9,standalone_exact_mw,e5383d45c2b34399c539563e7789a53fd4b96cd0b38eade39a3cbfe07ba21ab0,"{""distance"":7,""physical_error_rate"":0.0002}","{""detection_events"":174861,""detectors_checked"":225055260}"
    251339,         0,         0,    9.54,standalone_exact_mw,e5383d45c2b34399c539563e7789a53fd4b96cd0b38eade39a3cbfe07ba21ab0,"{""distance"":7,""physical_error_rate"":0.0002}","{""detection_events"":157700,""detectors_checked"":203584590}"
    259072,         0,         0,    23.1,standalone_exact_mw,e5383d45c2b34399c539563e7789a53fd4b96cd0b38eade39a3cbfe07ba21ab0,"{""distance"":7,""physical_error_rate"":0.0002}","{""detection_events"":162530,""detectors_checked"":209848320}"
    243484,         0,         0,    6.74,standalone_exact_mw,e5383d45c2b34399c539563e7789a53fd4b96cd0b38eade39a3cbfe07ba21ab0,"{""distance"":7,""physical_error_rate"":0.0002}","{""detection_events"":153468,""detectors_checked"":197222040}"
    243712,         0,         0,    28.4,standalone_exact_mw,e5383d45c2b34399c539563e7789a53fd4b96cd0b38eade39a3cbfe07ba21ab0,"{""distance"":7,""physical_error_rate"":0.0002}","{""detection_events"":152039,""detectors_checked"":197406720}"
    241664,         0,         0,    6.79,standalone_exact_mw,e5383d45c2b34399c539563e7789a53fd4b96cd0b38eade39a3cbfe07ba21ab0,"{""distance"":7,""physical_error_rate"":0.0002}","{""detection_events"":151740,""detectors_checked"":195747840}"
    241664,         0,         0,    25.3,standalone_exact_mw,e5383d45c2b34399c539563e7789a53fd4b96cd0b38eade39a3cbfe07ba21ab0,"{""distance"":7,""physical_error_rate"":0.0002}","{""detection_events"":150704,""detectors_checked"":195747840}"
    227780,         0,         0,    11.1,standalone_exact_mw,e5383d45c2b34399c539563e7789a53fd4b96cd0b38eade39a3cbfe07ba21ab0,"{""distance"":7,""physical_error_rate"":0.0002}","{""detection_events"":143828,""detectors_checked"":184501800}"
    217088,         0,         0,    6.57,standalone_exact_mw,e5383d45c2b34399c539563e7789a53fd4b96cd0b38eade39a3cbfe07ba21ab0,"{""distance"":7,""physical_error_rate"":0.0002}","{""detection_events"":136448,""detectors_checked"":175841280}"
    220160,         0,         0,    6.60,standalone_exact_mw,e5383d45c2b34399c539563e7789a53fd4b96cd0b38eade39a3cbfe07ba21ab0,"{""distance"":7,""physical_error_rate"":0.0002}","{""detection_events"":138112,""detectors_checked"":178329600}"
    211968,         0,         0,    6.59,standalone_exact_mw,e5383d45c2b34399c539563e7789a53fd4b96cd0b38eade39a3cbfe07ba21ab0,"{""distance"":7,""physical_error_rate"":0.0002}","{""detection_events"":132648,""detectors_checked"":171694080}"
    216064,         0,         0,    6.57,standalone_exact_mw,e5383d45c2b34399c539563e7789a53fd4b96cd0b38eade39a3cbfe07ba21ab0,"{""distance"":7,""physical_error_rate"":0.0002}","{""detection_events"":135996,""detectors_checked"":175011840}"
    217088,         0,         0,    6.68,standalone_exact_mw,e5383d45c2b34399c539563e7789a53fd4b96cd0b38eade39a3cbfe07ba21ab0,"{""distance"":7,""physical_error_rate"":0.0002}","{""detection_events"":135690,""detectors_checked"":175841280}"
    210944,         0,         0,    6.02,standalone_exact_mw,e5383d45c2b34399c539563e7789a53fd4b96cd0b38eade39a3cbfe07ba21ab0,"{""distance"":7,""physical_error_rate"":0.0002}","{""detection_events"":132652,""detectors_checked"":170864640}"
    197941,         0,         0,    6.67,standalone_exact_mw,e5383d45c2b34399c539563e7789a53fd4b96cd0b38eade39a3cbfe07ba21ab0,"{""distance"":7,""physical_error_rate"":0.0002}","{""detection_events"":125204,""detectors_checked"":160332210}"
    176128,         0,         0,    6.06,standalone_exact_mw,e5383d45c2b34399c539563e7789a53fd4b96cd0b38eade39a3cbfe07ba21ab0,"{""distance"":7,""physical_error_rate"":0.0002}","{""detection_events"":110754,""detectors_checked"":142663680}"
    163840,         0,         0,    6.10,standalone_exact_mw,e5383d45c2b34399c539563e7789a53fd4b96cd0b38eade39a3cbfe07ba21ab0,"{""distance"":7,""physical_error_rate"":0.0002}","{""detection_events"":103931,""detectors_checked"":132710400}"
    204800,         0,         0,    23.9,standalone_exact_mw,e5383d45c2b34399c539563e7789a53fd4b96cd0b38eade39a3cbfe07ba21ab0,"{""distance"":7,""physical_error_rate"":0.0002}","{""detection_events"":128902,""detectors_checked"":165888000}"
    154624,         0,         0,    6.14,standalone_exact_mw,e5383d45c2b34399c539563e7789a53fd4b96cd0b38eade39a3cbfe07ba21ab0,"{""distance"":7,""physical_error_rate"":0.0002}","{""detection_events"":97144,""detectors_checked"":125245440}"
    202752,         0,         0,    25.1,standalone_exact_mw,e5383d45c2b34399c539563e7789a53fd4b96cd0b38eade39a3cbfe07ba21ab0,"{""distance"":7,""physical_error_rate"":0.0002}","{""detection_events"":127886,""detectors_checked"":164229120}"
     71394,         0,         0,    2.05,standalone_exact_mw,e5383d45c2b34399c539563e7789a53fd4b96cd0b38eade39a3cbfe07ba21ab0,"{""distance"":7,""physical_error_rate"":0.0002}","{""detection_events"":44781,""detectors_checked"":57829140}"
    137216,         0,         0,    5.23,standalone_exact_mw,e5383d45c2b34399c539563e7789a53fd4b96cd0b38eade39a3cbfe07ba21ab0,"{""distance"":7,""physical_error_rate"":0.0002}","{""detection_events"":86222,""detectors_checked"":111144960}"
    123904,         0,         0,    4.34,standalone_exact_mw,e5383d45c2b34399c539563e7789a53fd4b96cd0b38eade39a3cbfe07ba21ab0,"{""distance"":7,""physical_error_rate"":0.0002}","{""detection_events"":77940,""detectors_checked"":100362240}"
    147456,         0,         0,    5.22,standalone_exact_mw,e5383d45c2b34399c539563e7789a53fd4b96cd0b38eade39a3cbfe07ba21ab0,"{""distance"":7,""physical_error_rate"":0.0002}","{""detection_events"":92878,""detectors_checked"":119439360}"
    147456,         0,         0,    8.74,standalone_exact_mw,e5383d45c2b34399c539563e7789a53fd4b96cd0b38eade39a3cbfe07ba21ab0,"{""distance"":7,""physical_error_rate"":0.0002}","{""detection_events"":92607,""detectors_checked"":119439360}"
     89378,         0,         0,    2.49,standalone_exact_mw,e5383d45c2b34399c539563e7789a53fd4b96cd0b38eade39a3cbfe07ba21ab0,"{""distance"":7,""physical_error_rate"":0.0002}","{""detection_events"":56250,""detectors_checked"":72396180}"
    107520,         0,         0,    2.98,standalone_exact_mw,e5383d45c2b34399c539563e7789a53fd4b96cd0b38eade39a3cbfe07ba21ab0,"{""distance"":7,""physical_error_rate"":0.0002}","{""detection_events"":67903,""detectors_checked"":87091200}"
    100748,         0,         0,    2.99,standalone_exact_mw,e5383d45c2b34399c539563e7789a53fd4b96cd0b38eade39a3cbfe07ba21ab0,"{""distance"":7,""physical_error_rate"":0.0002}","{""detection_events"":63079,""detectors_checked"":81605880}"
     96256,         0,         0,    2.45,standalone_exact_mw,e5383d45c2b34399c539563e7789a53fd4b96cd0b38eade39a3cbfe07ba21ab0,"{""distance"":7,""physical_error_rate"":0.0002}","{""detection_events"":60755,""detectors_checked"":77967360}"
     94239,         0,         0,    2.58,standalone_exact_mw,e5383d45c2b34399c539563e7789a53fd4b96cd0b38eade39a3cbfe07ba21ab0,"{""distance"":7,""physical_error_rate"":0.0002}","{""detection_events"":59602,""detectors_checked"":76333590}"
     97280,         0,         0,    8.52,standalone_exact_mw,e5383d45c2b34399c539563e7789a53fd4b96cd0b38eade39a3cbfe07ba21ab0,"{""distance"":7,""physical_error_rate"":0.0002}","{""detection_events"":60633,""detectors_checked"":78796800}"
     94208,         0,         0,    4.78,standalone_exact_mw,e5383d45c2b34399c539563e7789a53fd4b96cd0b38eade39a3cbfe07ba21ab0,"{""distance"":7,""physical_error_rate"":0.0002}","{""detection_events"":58870,""detectors_checked"":76308480}"
     91136,         0,         0,    8.64,standalone_exact_mw,e5383d45c2b34399c539563e7789a53fd4b96cd0b38eade39a3cbfe07ba21ab0,"{""distance"":7,""physical_error_rate"":0.0002}","{""detection_events"":57522,""detectors_checked"":73820160}"
     88286,         0,         0,    2.70,standalone_exact_mw,e5383d45c2b34399c539563e7789a53fd4b96cd0b38eade39a3cbfe07ba21ab0,"{""distance"":7,""physical_error_rate"":0.0002}","{""detection_events"":55829,""detectors_checked"":71511660}"
     83968,         0,         0,    10.0,standalone_exact_mw,e5383d45c2b34399c539563e7789a53fd4b96cd0b38eade39a3cbfe07ba21ab0,"{""distance"":7,""physical_error_rate"":0.0002}","{""detection_events"":53055,""detectors_checked"":68014080}"
     86016,         0,         0,    5.00,standalone_exact_mw,e5383d45c2b34399c539563e7789a53fd4b96cd0b38eade39a3cbfe07ba21ab0,"{""distance"":7,""physical_error_rate"":0.0002}","{""detection_events"":54452,""detectors_checked"":69672960}"
     76695,         0,         0,    2.67,standalone_exact_mw,e5383d45c2b34399c539563e7789a53fd4b96cd0b38eade39a3cbfe07ba21ab0,"{""distance"":7,""physical_error_rate"":0.0002}","{""detection_events"":48092,""detectors_checked"":62122950}"
     76695,         0,         0,    2.81,standalone_exact_mw,e5383d45c2b34399c539563e7789a53fd4b96cd0b38eade39a3cbfe07ba21ab0,"{""distance"":7,""physical_error_rate"":0.0002}","{""detection_events"":47918,""detectors_checked"":62122950}"
     68987,         0,         0,    2.70,standalone_exact_mw,e5383d45c2b34399c539563e7789a53fd4b96cd0b38eade39a3cbfe07ba21ab0,"{""distance"":7,""physical_error_rate"":0.0002}","{""detection_events"":43888,""detectors_checked"":55879470}"
     68608,         0,         0,    4.48,standalone_exact_mw,e5383d45c2b34399c539563e7789a53fd4b96cd0b38eade39a3cbfe07ba21ab0,"{""distance"":7,""physical_error_rate"":0.0002}","{""detection_events"":42786,""detectors_checked"":55572480}"
     81920,         0,         0,    9.99,standalone_exact_mw,e5383d45c2b34399c539563e7789a53fd4b96cd0b38eade39a3cbfe07ba21ab0,"{""distance"":7,""physical_error_rate"":0.0002}","{""detection_events"":51524,""detectors_checked"":66355200}"
     64434,         0,         0,    8.99,standalone_exact_mw,e5383d45c2b34399c539563e7789a53fd4b96cd0b38eade39a3cbfe07ba21ab0,"{""distance"":7,""physical_error_rate"":0.0002}","{""detection_events"":40461,""detectors_checked"":52191540}"
     60416,         0,         0,    4.78,standalone_exact_mw,e5383d45c2b34399c539563e7789a53fd4b96cd0b38eade39a3cbfe07ba21ab0,"{""distance"":7,""physical_error_rate"":0.0002}","{""detection_events"":37658,""detectors_checked"":48936960}"
     64512,         0,         0,    6.33,standalone_exact_mw,e5383d45c2b34399c539563e7789a53fd4b96cd0b38eade39a3cbfe07ba21ab0,"{""distance"":7,""physical_error_rate"":0.0002}","{""detection_events"":40738,""detectors_checked"":52254720}"
     57717,         0,         0,    1.58,standalone_exact_mw,e5383d45c2b34399c539563e7789a53fd4b96cd0b38eade39a3cbfe07ba21ab0,"{""distance"":7,""physical_error_rate"":0.0002}","{""detection_events"":36184,""detectors_checked"":46750770}"
     57717,         0,         0,    1.64,standalone_exact_mw,e5383d45c2b34399c539563e7789a53fd4b96cd0b38eade39a3cbfe07ba21ab0,"{""distance"":7,""physical_error_rate"":0.0002}","{""detection_events"":35935,""detectors_checked"":46750770}"
     52009,         0,         0,    1.69,standalone_exact_mw,e5383d45c2b34399c539563e7789a53fd4b96cd0b38eade39a3cbfe07ba21ab0,"{""distance"":7,""physical_error_rate"":0.0002}","{""detection_events"":32632,""detectors_checked"":42127290}"
     50176,         0,         0,    4.23,standalone_exact_mw,e5383d45c2b34399c539563e7789a53fd4b96cd0b38eade39a3cbfe07ba21ab0,"{""distance"":7,""physical_error_rate"":0.0002}","{""detection_events"":31492,""detectors_checked"":40642560}"
     48580,         0,         0,    1.36,standalone_exact_mw,e5383d45c2b34399c539563e7789a53fd4b96cd0b38eade39a3cbfe07ba21ab0,"{""distance"":7,""physical_error_rate"":0.0002}","{""detection_events"":30517,""detectors_checked"":39349800}"
     47104,         0,         0,    1.29,standalone_exact_mw,e5383d45c2b34399c539563e7789a53fd4b96cd0b38eade39a3cbfe07ba21ab0,"{""distance"":7,""physical_error_rate"":0.0002}","{""detection_events"":29215,""detectors_checked"":38154240}"
     45494,         0,         0,    3.99,standalone_exact_mw,e5383d45c2b34399c539563e7789a53fd4b96cd0b38eade39a3cbfe07ba21ab0,"{""distance"":7,""physical_error_rate"":0.0002}","{""detection_events"":28589,""detectors_checked"":36850140}"
     43008,         0,         0,    3.91,standalone_exact_mw,e5383d45c2b34399c539563e7789a53fd4b96cd0b38eade39a3cbfe07ba21ab0,"{""distance"":7,""physical_error_rate"":0.0002}","{""detection_events"":27240,""detectors_checked"":34836480}"
     44032,         0,         0,    5.60,standalone_exact_mw,e5383d45c2b34399c539563e7789a53fd4b96cd0b38eade39a3cbfe07ba21ab0,"{""distance"":7,""physical_error_rate"":0.0002}","{""detection_events"":27698,""detectors_checked"":35665920}"
     42600,         0,         0,    1.51,standalone_exact_mw,e5383d45c2b34399c539563e7789a53fd4b96cd0b38eade39a3cbfe07ba21ab0,"{""distance"":7,""physical_error_rate"":0.0002}","{""detection_events"":26547,""detectors_checked"":34506000}"
     40960,         0,         0,    1.51,standalone_exact_mw,e5383d45c2b34399c539563e7789a53fd4b96cd0b38eade39a3cbfe07ba21ab0,"{""distance"":7,""physical_error_rate"":0.0002}","{""detection_events"":25567,""detectors_checked"":33177600}"
     42600,         0,         0,    1.35,standalone_exact_mw,e5383d45c2b34399c539563e7789a53fd4b96cd0b38eade39a3cbfe07ba21ab0,"{""distance"":7,""physical_error_rate"":0.0002}","{""detection_events"":26513,""detectors_checked"":34506000}"
     38912,         0,         0,    1.62,standalone_exact_mw,e5383d45c2b34399c539563e7789a53fd4b96cd0b38eade39a3cbfe07ba21ab0,"{""distance"":7,""physical_error_rate"":0.0002}","{""detection_events"":23892,""detectors_checked"":31518720}"
     39936,         0,         0,    1.46,standalone_exact_mw,e5383d45c2b34399c539563e7789a53fd4b96cd0b38eade39a3cbfe07ba21ab0,"{""distance"":7,""physical_error_rate"":0.0002}","{""detection_events"":25283,""detectors_checked"":32348160}"
     39936,         0,         0,    4.45,standalone_exact_mw,e5383d45c2b34399c539563e7789a53fd4b96cd0b38eade39a3cbfe07ba21ab0,"{""distance"":7,""physical_error_rate"":0.0002}","{""detection_events"":24989,""detectors_checked"":32348160}"
     36864,         0,         0,    4.21,standalone_exact_mw,e5383d45c2b34399c539563e7789a53fd4b96cd0b38eade39a3cbfe07ba21ab0,"{""distance"":7,""physical_error_rate"":0.0002}","{""detection_events"":23187,""detectors_checked"":29859840}"
     38549,         0,         0,    4.13,standalone_exact_mw,e5383d45c2b34399c539563e7789a53fd4b96cd0b38eade39a3cbfe07ba21ab0,"{""distance"":7,""physical_error_rate"":0.0002}","{""detection_events"":23940,""detectors_checked"":31224690}"
     38549,         0,         0,    1.36,standalone_exact_mw,e5383d45c2b34399c539563e7789a53fd4b96cd0b38eade39a3cbfe07ba21ab0,"{""distance"":7,""physical_error_rate"":0.0002}","{""detection_events"":24131,""detectors_checked"":31224690}"
     34816,         0,         0,    1.39,standalone_exact_mw,e5383d45c2b34399c539563e7789a53fd4b96cd0b38eade39a3cbfe07ba21ab0,"{""distance"":7,""physical_error_rate"":0.0002}","{""detection_events"":21864,""detectors_checked"":28200960}"
     30720,         0,         0,    1.57,standalone_exact_mw,e5383d45c2b34399c539563e7789a53fd4b96cd0b38eade39a3cbfe07ba21ab0,"{""distance"":7,""physical_error_rate"":0.0002}","{""detection_events"":19435,""detectors_checked"":24883200}"
     37888,         0,         0,    1.96,standalone_exact_mw,e5383d45c2b34399c539563e7789a53fd4b96cd0b38eade39a3cbfe07ba21ab0,"{""distance"":7,""physical_error_rate"":0.0002}","{""detection_events"":23625,""detectors_checked"":30689280}"
     30720,         0,         0,    1.37,standalone_exact_mw,e5383d45c2b34399c539563e7789a53fd4b96cd0b38eade39a3cbfe07ba21ab0,"{""distance"":7,""physical_error_rate"":0.0002}","{""detection_events"":19245,""detectors_checked"":24883200}"
     35938,         0,         0,    1.43,standalone_exact_mw,e5383d45c2b34399c539563e7789a53fd4b96cd0b38eade39a3cbfe07ba21ab0,"{""distance"":7,""physical_error_rate"":0.0002}","{""detection_events"":22297,""detectors_checked"":29109780}"
     30720,         0,         0,    2.13,standalone_exact_mw,e5383d45c2b34399c539563e7789a53fd4b96cd0b38eade39a3cbfe07ba21ab0,"{""distance"":7,""physical_error_rate"":0.0002}","{""detection_events"":18919,""detectors_checked"":24883200}"
     24576,         0,         0,    1.65,standalone_exact_mw,e5383d45c2b34399c539563e7789a53fd4b96cd0b38eade39a3cbfe07ba21ab0,"{""distance"":7,""physical_error_rate"":0.0002}","{""detection_events"":15549,""detectors_checked"":19906560}"
     23349,         0,         0,   0.613,standalone_exact_mw,e5383d45c2b34399c539563e7789a53fd4b96cd0b38eade39a3cbfe07ba21ab0,"{""distance"":7,""physical_error_rate"":0.0002}","{""detection_events"":14743,""detectors_checked"":18912690}"
     29869,         0,         0,    4.28,standalone_exact_mw,e5383d45c2b34399c539563e7789a53fd4b96cd0b38eade39a3cbfe07ba21ab0,"{""distance"":7,""physical_error_rate"":0.0002}","{""detection_events"":18741,""detectors_checked"":24193890}"
     20892,         0,         0,    1.50,standalone_exact_mw,e5383d45c2b34399c539563e7789a53fd4b96cd0b38eade39a3cbfe07ba21ab0,"{""distance"":7,""physical_error_rate"":0.0002}","{""detection_events"":12958,""detectors_checked"":16922520}"
     19958,         0,         0,   0.615,standalone_exact_mw,e5383d45c2b34399c539563e7789a53fd4b96cd0b38eade39a3cbfe07ba21ab0,"{""distance"":7,""physical_error_rate"":0.0002}","{""detection_events"":12436,""detectors_checked"":16165980}"
     19456,         0,         0,   0.697,standalone_exact_mw,e5383d45c2b34399c539563e7789a53fd4b96cd0b38eade39a3cbfe07ba21ab0,"{""distance"":7,""physical_error_rate"":0.0002}","{""detection_events"":12188,""detectors_checked"":15759360}"
     18682,         0,         0,   0.498,standalone_exact_mw,e5383d45c2b34399c539563e7789a53fd4b96cd0b38eade39a3cbfe07ba21ab0,"{""distance"":7,""physical_error_rate"":0.0002}","{""detection_events"":11771,""detectors_checked"":15132420}"
     17623,         0,         0,   0.307,standalone_exact_mw,e5383d45c2b34399c539563e7789a53fd4b96cd0b38eade39a3cbfe07ba21ab0,"{""distance"":7,""physical_error_rate"":0.0002}","{""detection_events"":11246,""detectors_checked"":14274630}"
     18682,         0,         0,   0.586,standalone_exact_mw,e5383d45c2b34399c539563e7789a53fd4b96cd0b38eade39a3cbfe07ba21ab0,"{""distance"":7,""physical_error_rate"":0.0002}","{""detection_events"":11695,""detectors_checked"":15132420}"
     18432,         0,         0,    1.27,standalone_exact_mw,e5383d45c2b34399c539563e7789a53fd4b96cd0b38eade39a3cbfe07ba21ab0,"{""distance"":7,""physical_error_rate"":0.0002}","{""detection_events"":11376,""detectors_checked"":14929920}"
     16384,         0,         0,    1.39,standalone_exact_mw,e5383d45c2b34399c539563e7789a53fd4b96cd0b38eade39a3cbfe07ba21ab0,"{""distance"":7,""physical_error_rate"":0.0002}","{""detection_events"":10396,""detectors_checked"":13271040}"
     16384,         0,         0,   0.676,standalone_exact_mw,e5383d45c2b34399c539563e7789a53fd4b96cd0b38eade39a3cbfe07ba21ab0,"{""distance"":7,""physical_error_rate"":0.0002}","{""detection_events"":10025,""detectors_checked"":13271040}"
     16355,         0,         0,   0.448,standalone_exact_mw,e5383d45c2b34399c539563e7789a53fd4b96cd0b38eade39a3cbfe07ba21ab0,"{""distance"":7,""physical_error_rate"":0.0002}","{""detection_events"":10156,""detectors_checked"":13247550}"
     14336,         0,         0,   0.561,standalone_exact_mw,e5383d45c2b34399c539563e7789a53fd4b96cd0b38eade39a3cbfe07ba21ab0,"{""distance"":7,""physical_error_rate"":0.0002}","{""detection_events"":9009,""detectors_checked"":11612160}"
     14244,         0,         0,   0.618,standalone_exact_mw,e5383d45c2b34399c539563e7789a53fd4b96cd0b38eade39a3cbfe07ba21ab0,"{""distance"":7,""physical_error_rate"":0.0002}","{""detection_events"":9022,""detectors_checked"":11537640}"
     13351,         0,         0,   0.514,standalone_exact_mw,e5383d45c2b34399c539563e7789a53fd4b96cd0b38eade39a3cbfe07ba21ab0,"{""distance"":7,""physical_error_rate"":0.0002}","{""detection_events"":8405,""detectors_checked"":10814310}"
     13351,         0,         0,   0.457,standalone_exact_mw,e5383d45c2b34399c539563e7789a53fd4b96cd0b38eade39a3cbfe07ba21ab0,"{""distance"":7,""physical_error_rate"":0.0002}","{""detection_events"":8352,""detectors_checked"":10814310}"
     14244,         0,         0,   0.494,standalone_exact_mw,e5383d45c2b34399c539563e7789a53fd4b96cd0b38eade39a3cbfe07ba21ab0,"{""distance"":7,""physical_error_rate"":0.0002}","{""detection_events"":9122,""detectors_checked"":11537640}"
     14244,         0,         0,   0.537,standalone_exact_mw,e5383d45c2b34399c539563e7789a53fd4b96cd0b38eade39a3cbfe07ba21ab0,"{""distance"":7,""physical_error_rate"":0.0002}","{""detection_events"":9103,""detectors_checked"":11537640}"
     17408,         0,         0,    1.91,standalone_exact_mw,e5383d45c2b34399c539563e7789a53fd4b96cd0b38eade39a3cbfe07ba21ab0,"{""distance"":7,""physical_error_rate"":0.0002}","{""detection_events"":11002,""detectors_checked"":14100480}"
     13312,         0,         0,   0.451,standalone_exact_mw,e5383d45c2b34399c539563e7789a53fd4b96cd0b38eade39a3cbfe07ba21ab0,"{""distance"":7,""physical_error_rate"":0.0002}","{""detection_events"":8229,""detectors_checked"":10782720}"
     13351,         0,         0,   0.523,standalone_exact_mw,e5383d45c2b34399c539563e7789a53fd4b96cd0b38eade39a3cbfe07ba21ab0,"{""distance"":7,""physical_error_rate"":0.0002}","{""detection_events"":8227,""detectors_checked"":10814310}"
     12934,         0,         0,   0.355,standalone_exact_mw,e5383d45c2b34399c539563e7789a53fd4b96cd0b38eade39a3cbfe07ba21ab0,"{""distance"":7,""physical_error_rate"":0.0002}","{""detection_events"":8304,""detectors_checked"":10476540}"
     14336,         0,         0,    1.65,standalone_exact_mw,e5383d45c2b34399c539563e7789a53fd4b96cd0b38eade39a3cbfe07ba21ab0,"{""distance"":7,""physical_error_rate"":0.0002}","{""detection_events"":8956,""detectors_checked"":11612160}"
     10666,         0,         0,   0.303,standalone_exact_mw,e5383d45c2b34399c539563e7789a53fd4b96cd0b38eade39a3cbfe07ba21ab0,"{""distance"":7,""physical_error_rate"":0.0002}","{""detection_events"":6591,""detectors_checked"":8639460}"
     13312,         0,         0,   0.498,standalone_exact_mw,e5383d45c2b34399c539563e7789a53fd4b96cd0b38eade39a3cbfe07ba21ab0,"{""distance"":7,""physical_error_rate"":0.0002}","{""detection_events"":8399,""detectors_checked"":10782720}"
      1274,         0,         0,   0.027,standalone_exact_mw,e5383d45c2b34399c539563e7789a53fd4b96cd0b38eade39a3cbfe07ba21ab0,"{""distance"":7,""physical_error_rate"":0.0002}","{""detection_events"":740,""detectors_checked"":1031940}"
       433,         0,         0,   0.007,standalone_exact_mw,e5383d45c2b34399c539563e7789a53fd4b96cd0b38eade39a3cbfe07ba21ab0,"{""distance"":7,""physical_error_rate"":0.0002}","{""detection_events"":274,""detectors_checked"":350730}"
        14,         0,         0,   0.001,standalone_exact_mw,e5383d45c2b34399c539563e7789a53fd4b96cd0b38eade39a3cbfe07ba21ab0,"{""distance"":7,""physical_error_rate"":0.0002}","{""detection_events"":3,""detectors_checked"":11340}"
     12517,         0,         0,   0.598,standalone_exact_mw,e5383d45c2b34399c539563e7789a53fd4b96cd0b38eade39a3cbfe07ba21ab0,"{""distance"":7,""physical_error_rate"":0.0002}","{""detection_events"":7600,""detectors_checked"":10138770}"
     13312,         0,         0,   0.541,standalone_exact_mw,e5383d45c2b34399c539563e7789a53fd4b96cd0b38eade39a3cbfe07ba21ab0,"{""distance"":7,""physical_error_rate"":0.0002}","{""detection_events"":8201,""detectors_checked"":10782720}"
      9216,         0,         0,   0.291,standalone_exact_mw,e5383d45c2b34399c539563e7789a53fd4b96cd0b38eade39a3cbfe07ba21ab0,"{""distance"":7,""physical_error_rate"":0.0002}","{""detection_events"":5560,""detectors_checked"":7464960}"
       932,         0,         0,   0.022,standalone_exact_mw,e5383d45c2b34399c539563e7789a53fd4b96cd0b38eade39a3cbfe07ba21ab0,"{""distance"":7,""physical_error_rate"":0.0002}","{""detection_events"":586,""detectors_checked"":754920}"
     13312,         0,         0,   0.604,standalone_exact_mw,e5383d45c2b34399c539563e7789a53fd4b96cd0b38eade39a3cbfe07ba21ab0,"{""distance"":7,""physical_error_rate"":0.0002}","{""detection_events"":8436,""detectors_checked"":10782720}"
      2111,         0,         0,   0.058,standalone_exact_mw,e5383d45c2b34399c539563e7789a53fd4b96cd0b38eade39a3cbfe07ba21ab0,"{""distance"":7,""physical_error_rate"":0.0002}","{""detection_events"":1337,""detectors_checked"":1709910}"
       873,         0,         0,   0.013,standalone_exact_mw,e5383d45c2b34399c539563e7789a53fd4b96cd0b38eade39a3cbfe07ba21ab0,"{""distance"":7,""physical_error_rate"":0.0002}","{""detection_events"":611,""detectors_checked"":707130}"
      1500,         0,         0,   0.035,standalone_exact_mw,e5383d45c2b34399c539563e7789a53fd4b96cd0b38eade39a3cbfe07ba21ab0,"{""distance"":7,""physical_error_rate"":0.0002}","{""detection_events"":937,""detectors_checked"":1215000}"
     10249,         0,         0,   0.346,standalone_exact_mw,e5383d45c2b34399c539563e7789a53fd4b96cd0b38eade39a3cbfe07ba21ab0,"{""distance"":7,""physical_error_rate"":0.0002}","{""detection_events"":6638,""detectors_checked"":8301690}"
      1279,         0,         0,   0.043,standalone_exact_mw,e5383d45c2b34399c539563e7789a53fd4b96cd0b38eade39a3cbfe07ba21ab0,"{""distance"":7,""physical_error_rate"":0.0002}","{""detection_events"":824,""detectors_checked"":1035990}"
      2695,         0,         0,   0.077,standalone_exact_mw,e5383d45c2b34399c539563e7789a53fd4b96cd0b38eade39a3cbfe07ba21ab0,"{""distance"":7,""physical_error_rate"":0.0002}","{""detection_events"":1735,""detectors_checked"":2182950}"
      2679,         0,         0,   0.079,standalone_exact_mw,e5383d45c2b34399c539563e7789a53fd4b96cd0b38eade39a3cbfe07ba21ab0,"{""distance"":7,""physical_error_rate"":0.0002}","{""detection_events"":1733,""detectors_checked"":2169990}"
     14336,         0,         0,    1.82,standalone_exact_mw,e5383d45c2b34399c539563e7789a53fd4b96cd0b38eade39a3cbfe07ba21ab0,"{""distance"":7,""physical_error_rate"":0.0002}","{""detection_events"":9152,""detectors_checked"":11612160}"
     10249,         0,         0,   0.369,standalone_exact_mw,e5383d45c2b34399c539563e7789a53fd4b96cd0b38eade39a3cbfe07ba21ab0,"{""distance"":7,""physical_error_rate"":0.0002}","{""detection_events"":6450,""detectors_checked"":8301690}"
       788,         0,         0,   0.012,standalone_exact_mw,e5383d45c2b34399c539563e7789a53fd4b96cd0b38eade39a3cbfe07ba21ab0,"{""distance"":7,""physical_error_rate"":0.0002}","{""detection_events"":486,""detectors_checked"":638280}"
     10240,         0,         0,   0.608,standalone_exact_mw,e5383d45c2b34399c539563e7789a53fd4b96cd0b38eade39a3cbfe07ba21ab0,"{""distance"":7,""physical_error_rate"":0.0002}","{""detection_events"":6396,""detectors_checked"":8294400}"
       275,         0,         0,   0.005,standalone_exact_mw,e5383d45c2b34399c539563e7789a53fd4b96cd0b38eade39a3cbfe07ba21ab0,"{""distance"":7,""physical_error_rate"":0.0002}","{""detection_events"":139,""detectors_checked"":222750}"
        39,         0,         0,   0.002,standalone_exact_mw,e5383d45c2b34399c539563e7789a53fd4b96cd0b38eade39a3cbfe07ba21ab0,"{""distance"":7,""physical_error_rate"":0.0002}","{""detection_events"":24,""detectors_checked"":31590}"
        57,         0,         0,   0.002,standalone_exact_mw,e5383d45c2b34399c539563e7789a53fd4b96cd0b38eade39a3cbfe07ba21ab0,"{""distance"":7,""physical_error_rate"":0.0002}","{""detection_events"":26,""detectors_checked"":46170}"
      9064,         0,         0,   0.286,standalone_exact_mw,e5383d45c2b34399c539563e7789a53fd4b96cd0b38eade39a3cbfe07ba21ab0,"{""distance"":7,""physical_error_rate"":0.0002}","{""detection_events"":5777,""detectors_checked"":7341840}"
      9216,         0,         0,   0.475,standalone_exact_mw,e5383d45c2b34399c539563e7789a53fd4b96cd0b38eade39a3cbfe07ba21ab0,"{""distance"":7,""physical_error_rate"":0.0002}","{""detection_events"":5833,""detectors_checked"":7464960}"
      1933,         0,         0,   0.038,standalone_exact_mw,e5383d45c2b34399c539563e7789a53fd4b96cd0b38eade39a3cbfe07ba21ab0,"{""distance"":7,""physical_error_rate"":0.0002}","{""detection_events"":1209,""detectors_checked"":1565730}"
      9216,         0,         0,   0.265,standalone_exact_mw,e5383d45c2b34399c539563e7789a53fd4b96cd0b38eade39a3cbfe07ba21ab0,"{""distance"":7,""physical_error_rate"":0.0002}","{""detection_events"":5968,""detectors_checked"":7464960}"
      2019,         0,         0,   0.054,standalone_exact_mw,e5383d45c2b34399c539563e7789a53fd4b96cd0b38eade39a3cbfe07ba21ab0,"{""distance"":7,""physical_error_rate"":0.0002}","{""detection_events"":1378,""detectors_checked"":1635390}"
      1727,         0,         0,   0.056,standalone_exact_mw,e5383d45c2b34399c539563e7789a53fd4b96cd0b38eade39a3cbfe07ba21ab0,"{""distance"":7,""physical_error_rate"":0.0002}","{""detection_events"":1137,""detectors_checked"":1398870}"
      4537,         0,         0,   0.155,standalone_exact_mw,e5383d45c2b34399c539563e7789a53fd4b96cd0b38eade39a3cbfe07ba21ab0,"{""distance"":7,""physical_error_rate"":0.0002}","{""detection_events"":2732,""detectors_checked"":3674970}"
      5617,         0,         0,   0.214,standalone_exact_mw,e5383d45c2b34399c539563e7789a53fd4b96cd0b38eade39a3cbfe07ba21ab0,"{""distance"":7,""physical_error_rate"":0.0002}","{""detection_events"":3511,""detectors_checked"":4549770}"
      9216,         0,         0,   0.650,standalone_exact_mw,e5383d45c2b34399c539563e7789a53fd4b96cd0b38eade39a3cbfe07ba21ab0,"{""distance"":7,""physical_error_rate"":0.0002}","{""detection_events"":5855,""detectors_checked"":7464960}"
      1727,         0,         0,   0.060,standalone_exact_mw,e5383d45c2b34399c539563e7789a53fd4b96cd0b38eade39a3cbfe07ba21ab0,"{""distance"":7,""physical_error_rate"":0.0002}","{""detection_events"":1157,""detectors_checked"":1398870}"
      2277,         0,         0,   0.054,standalone_exact_mw,e5383d45c2b34399c539563e7789a53fd4b96cd0b38eade39a3cbfe07ba21ab0,"{""distance"":7,""physical_error_rate"":0.0002}","{""detection_events"":1495,""detectors_checked"":1844370}"
      7470,         0,         0,   0.528,standalone_exact_mw,e5383d45c2b34399c539563e7789a53fd4b96cd0b38eade39a3cbfe07ba21ab0,"{""distance"":7,""physical_error_rate"":0.0002}","{""detection_events"":4644,""detectors_checked"":6050700}"
      3102,         0,         0,   0.097,standalone_exact_mw,e5383d45c2b34399c539563e7789a53fd4b96cd0b38eade39a3cbfe07ba21ab0,"{""distance"":7,""physical_error_rate"":0.0002}","{""detection_events"":2027,""detectors_checked"":2512620}"
        70,         0,         0,   0.002,standalone_exact_mw,e5383d45c2b34399c539563e7789a53fd4b96cd0b38eade39a3cbfe07ba21ab0,"{""distance"":7,""physical_error_rate"":0.0002}","{""detection_events"":47,""detectors_checked"":56700}"
        69,         0,         0,   0.002,standalone_exact_mw,e5383d45c2b34399c539563e7789a53fd4b96cd0b38eade39a3cbfe07ba21ab0,"{""distance"":7,""physical_error_rate"":0.0002}","{""detection_events"":59,""detectors_checked"":55890}"
      8192,         0,         0,   0.728,standalone_exact_mw,e5383d45c2b34399c539563e7789a53fd4b96cd0b38eade39a3cbfe07ba21ab0,"{""distance"":7,""physical_error_rate"":0.0002}","{""detection_events"":5375,""detectors_checked"":6635520}"
      2019,         0,         0,   0.193,standalone_exact_mw,e5383d45c2b34399c539563e7789a53fd4b96cd0b38eade39a3cbfe07ba21ab0,"{""distance"":7,""physical_error_rate"":0.0002}","{""detection_events"":1246,""detectors_checked"":1635390}"
      6593,         0,         0,   0.346,standalone_exact_mw,e5383d45c2b34399c539563e7789a53fd4b96cd0b38eade39a3cbfe07ba21ab0,"{""distance"":7,""physical_error_rate"":0.0002}","{""detection_events"":3937,""detectors_checked"":5340330}"
      5937,         0,         0,   0.218,standalone_exact_mw,e5383d45c2b34399c539563e7789a53fd4b96cd0b38eade39a3cbfe07ba21ab0,"{""distance"":7,""physical_error_rate"":0.0002}","{""detection_events"":3648,""detectors_checked"":4808970}"
       351,         0,         0,   0.006,standalone_exact_mw,e5383d45c2b34399c539563e7789a53fd4b96cd0b38eade39a3cbfe07ba21ab0,"{""distance"":7,""physical_error_rate"":0.0002}","{""detection_events"":215,""detectors_checked"":284310}"
       551,         0,         0,   0.014,standalone_exact_mw,e5383d45c2b34399c539563e7789a53fd4b96cd0b38eade39a3cbfe07ba21ab0,"{""distance"":7,""physical_error_rate"":0.0002}","{""detection_events"":376,""detectors_checked"":446310}"
       288,         0,         0,   0.005,standalone_exact_mw,e5383d45c2b34399c539563e7789a53fd4b96cd0b38eade39a3cbfe07ba21ab0,"{""distance"":7,""physical_error_rate"":0.0002}","{""detection_events"":168,""detectors_checked"":233280}"
       376,         0,         0,   0.006,standalone_exact_mw,e5383d45c2b34399c539563e7789a53fd4b96cd0b38eade39a3cbfe07ba21ab0,"{""distance"":7,""physical_error_rate"":0.0002}","{""detection_events"":230,""detectors_checked"":304560}"
        86,         0,         0,   0.002,standalone_exact_mw,e5383d45c2b34399c539563e7789a53fd4b96cd0b38eade39a3cbfe07ba21ab0,"{""distance"":7,""physical_error_rate"":0.0002}","{""detection_events"":52,""detectors_checked"":69660}"
      7470,         0,         0,   0.333,standalone_exact_mw,e5383d45c2b34399c539563e7789a53fd4b96cd0b38eade39a3cbfe07ba21ab0,"{""distance"":7,""physical_error_rate"":0.0002}","{""detection_events"":4656,""detectors_checked"":6050700}"
        23,         0,         0,   0.001,standalone_exact_mw,e5383d45c2b34399c539563e7789a53fd4b96cd0b38eade39a3cbfe07ba21ab0,"{""distance"":7,""physical_error_rate"":0.0002}","{""detection_events"":17,""detectors_checked"":18630}"
      1033,         0,         0,   0.021,standalone_exact_mw,e5383d45c2b34399c539563e7789a53fd4b96cd0b38eade39a3cbfe07ba21ab0,"{""distance"":7,""physical_error_rate"":0.0002}","{""detection_events"":669,""detectors_checked"":836730}"
      5120,         0,         0,   0.404,standalone_exact_mw,e5383d45c2b34399c539563e7789a53fd4b96cd0b38eade39a3cbfe07ba21ab0,"{""distance"":7,""physical_error_rate"":0.0002}","{""detection_events"":3239,""detectors_checked"":4147200}"
      2856,         0,         0,   0.118,standalone_exact_mw,e5383d45c2b34399c539563e7789a53fd4b96cd0b38eade39a3cbfe07ba21ab0,"{""distance"":7,""physical_error_rate"":0.0002}","{""detection_events"":1803,""detectors_checked"":2313360}"
      8192,         0,         0,   0.979,standalone_exact_mw,e5383d45c2b34399c539563e7789a53fd4b96cd0b38eade39a3cbfe07ba21ab0,"{""distance"":7,""physical_error_rate"":0.0002}","{""detection_events"":5172,""detectors_checked"":6635520}"
      2163,         0,         0,   0.057,standalone_exact_mw,e5383d45c2b34399c539563e7789a53fd4b96cd0b38eade39a3cbfe07ba21ab0,"{""distance"":7,""physical_error_rate"":0.0002}","{""detection_events"":1392,""detectors_checked"":1752030}"
      1866,         0,         0,   0.069,standalone_exact_mw,e5383d45c2b34399c539563e7789a53fd4b96cd0b38eade39a3cbfe07ba21ab0,"{""distance"":7,""physical_error_rate"":0.0002}","{""detection_events"":1227,""detectors_checked"":1511460}"
        11,         0,         0,   0.001,standalone_exact_mw,e5383d45c2b34399c539563e7789a53fd4b96cd0b38eade39a3cbfe07ba21ab0,"{""distance"":7,""physical_error_rate"":0.0002}","{""detection_events"":6,""detectors_checked"":8910}"
       361,         0,         0,   0.006,standalone_exact_mw,e5383d45c2b34399c539563e7789a53fd4b96cd0b38eade39a3cbfe07ba21ab0,"{""distance"":7,""physical_error_rate"":0.0002}","{""detection_events"":206,""detectors_checked"":292410}"
      1653,         0,         0,   0.042,standalone_exact_mw,e5383d45c2b34399c539563e7789a53fd4b96cd0b38eade39a3cbfe07ba21ab0,"{""distance"":7,""physical_error_rate"":0.0002}","{""detection_events"":983,""detectors_checked"":1338930}"
      2048,         0,         0,   0.070,standalone_exact_mw,e5383d45c2b34399c539563e7789a53fd4b96cd0b38eade39a3cbfe07ba21ab0,"{""distance"":7,""physical_error_rate"":0.0002}","{""detection_events"":1223,""detectors_checked"":1658880}"
       121,         0,         0,   0.002,standalone_exact_mw,e5383d45c2b34399c539563e7789a53fd4b96cd0b38eade39a3cbfe07ba21ab0,"{""distance"":7,""physical_error_rate"":0.0002}","{""detection_events"":74,""detectors_checked"":98010}"
       212,         0,         0,   0.004,standalone_exact_mw,e5383d45c2b34399c539563e7789a53fd4b96cd0b38eade39a3cbfe07ba21ab0,"{""distance"":7,""physical_error_rate"":0.0002}","{""detection_events"":138,""detectors_checked"":171720}"
       114,         0,         0,   0.002,standalone_exact_mw,e5383d45c2b34399c539563e7789a53fd4b96cd0b38eade39a3cbfe07ba21ab0,"{""distance"":7,""physical_error_rate"":0.0002}","{""detection_events"":52,""detectors_checked"":92340}"
      2048,         0,         0,   0.073,standalone_exact_mw,e5383d45c2b34399c539563e7789a53fd4b96cd0b38eade39a3cbfe07ba21ab0,"{""distance"":7,""physical_error_rate"":0.0002}","{""detection_events"":1331,""detectors_checked"":1658880}"
       256,         0,         0,   0.004,standalone_exact_mw,e5383d45c2b34399c539563e7789a53fd4b96cd0b38eade39a3cbfe07ba21ab0,"{""distance"":7,""physical_error_rate"":0.0002}","{""detection_events"":178,""detectors_checked"":207360}"
       256,         0,         0,   0.004,standalone_exact_mw,e5383d45c2b34399c539563e7789a53fd4b96cd0b38eade39a3cbfe07ba21ab0,"{""distance"":7,""physical_error_rate"":0.0002}","{""detection_events"":136,""detectors_checked"":207360}"
       256,         0,         0,   0.006,standalone_exact_mw,e5383d45c2b34399c539563e7789a53fd4b96cd0b38eade39a3cbfe07ba21ab0,"{""distance"":7,""physical_error_rate"":0.0002}","{""detection_events"":167,""detectors_checked"":207360}"
       169,         0,         0,   0.003,standalone_exact_mw,e5383d45c2b34399c539563e7789a53fd4b96cd0b38eade39a3cbfe07ba21ab0,"{""distance"":7,""physical_error_rate"":0.0002}","{""detection_events"":119,""detectors_checked"":136890}"
         9,         0,         0,   0.001,standalone_exact_mw,e5383d45c2b34399c539563e7789a53fd4b96cd0b38eade39a3cbfe07ba21ab0,"{""distance"":7,""physical_error_rate"":0.0002}","{""detection_events"":10,""detectors_checked"":7290}"
      2048,         0,         0,   0.092,standalone_exact_mw,e5383d45c2b34399c539563e7789a53fd4b96cd0b38eade39a3cbfe07ba21ab0,"{""distance"":7,""physical_error_rate"":0.0002}","{""detection_events"":1209,""detectors_checked"":1658880}"
      2048,         0,         0,   0.087,standalone_exact_mw,e5383d45c2b34399c539563e7789a53fd4b96cd0b38eade39a3cbfe07ba21ab0,"{""distance"":7,""physical_error_rate"":0.0002}","{""detection_events"":1302,""detectors_checked"":1658880}"
       256,         0,         0,   0.004,standalone_exact_mw,e5383d45c2b34399c539563e7789a53fd4b96cd0b38eade39a3cbfe07ba21ab0,"{""distance"":7,""physical_error_rate"":0.0002}","{""detection_events"":144,""detectors_checked"":207360}"
       400,         0,         0,   0.007,standalone_exact_mw,e5383d45c2b34399c539563e7789a53fd4b96cd0b38eade39a3cbfe07ba21ab0,"{""distance"":7,""physical_error_rate"":0.0002}","{""detection_events"":277,""detectors_checked"":324000}"
        16,         0,         0,   0.001,standalone_exact_mw,e5383d45c2b34399c539563e7789a53fd4b96cd0b38eade39a3cbfe07ba21ab0,"{""distance"":7,""physical_error_rate"":0.0002}","{""detection_events"":8,""detectors_checked"":12960}"
       400,         0,         0,   0.007,standalone_exact_mw,e5383d45c2b34399c539563e7789a53fd4b96cd0b38eade39a3cbfe07ba21ab0,"{""distance"":7,""physical_error_rate"":0.0002}","{""detection_events"":258,""detectors_checked"":324000}"
      5592,         0,         0,   0.362,standalone_exact_mw,e5383d45c2b34399c539563e7789a53fd4b96cd0b38eade39a3cbfe07ba21ab0,"{""distance"":7,""physical_error_rate"":0.0002}","{""detection_events"":3482,""detectors_checked"":4529520}"
      4096,         0,         0,   0.180,standalone_exact_mw,e5383d45c2b34399c539563e7789a53fd4b96cd0b38eade39a3cbfe07ba21ab0,"{""distance"":7,""physical_error_rate"":0.0002}","{""detection_events"":2554,""detectors_checked"":3317760}"
      1200,         0,         0,   0.030,standalone_exact_mw,e5383d45c2b34399c539563e7789a53fd4b96cd0b38eade39a3cbfe07ba21ab0,"{""distance"":7,""physical_error_rate"":0.0002}","{""detection_events"":749,""detectors_checked"":972000}"
      2448,         0,         0,   0.214,standalone_exact_mw,e5383d45c2b34399c539563e7789a53fd4b96cd0b38eade39a3cbfe07ba21ab0,"{""distance"":7,""physical_error_rate"":0.0002}","{""detection_events"":1558,""detectors_checked"":1982880}"
       389,         0,         0,   0.012,standalone_exact_mw,e5383d45c2b34399c539563e7789a53fd4b96cd0b38eade39a3cbfe07ba21ab0,"{""distance"":7,""physical_error_rate"":0.0002}","{""detection_events"":245,""detectors_checked"":315090}"
       264,         0,         0,   0.005,standalone_exact_mw,e5383d45c2b34399c539563e7789a53fd4b96cd0b38eade39a3cbfe07ba21ab0,"{""distance"":7,""physical_error_rate"":0.0002}","{""detection_events"":166,""detectors_checked"":213840}"
       182,         0,         0,   0.003,standalone_exact_mw,e5383d45c2b34399c539563e7789a53fd4b96cd0b38eade39a3cbfe07ba21ab0,"{""distance"":7,""physical_error_rate"":0.0002}","{""detection_events"":128,""detectors_checked"":147420}"
        57,         0,         0,   0.002,standalone_exact_mw,e5383d45c2b34399c539563e7789a53fd4b96cd0b38eade39a3cbfe07ba21ab0,"{""distance"":7,""physical_error_rate"":0.0002}","{""detection_events"":32,""detectors_checked"":46170}"
      5617,         0,         0,   0.916,standalone_exact_mw,e5383d45c2b34399c539563e7789a53fd4b96cd0b38eade39a3cbfe07ba21ab0,"{""distance"":7,""physical_error_rate"":0.0002}","{""detection_events"":3469,""detectors_checked"":4549770}"
      1361,         0,         0,   0.043,standalone_exact_mw,e5383d45c2b34399c539563e7789a53fd4b96cd0b38eade39a3cbfe07ba21ab0,"{""distance"":7,""physical_error_rate"":0.0002}","{""detection_events"":831,""detectors_checked"":1102410}"
        12,         0,         0,   0.001,standalone_exact_mw,e5383d45c2b34399c539563e7789a53fd4b96cd0b38eade39a3cbfe07ba21ab0,"{""distance"":7,""physical_error_rate"":0.0002}","{""detection_events"":6,""detectors_checked"":9720}"
       138,         0,         0,   0.003,standalone_exact_mw,e5383d45c2b34399c539563e7789a53fd4b96cd0b38eade39a3cbfe07ba21ab0,"{""distance"":7,""physical_error_rate"":0.0002}","{""detection_events"":104,""detectors_checked"":111780}"
      1103,         0,         0,   0.038,standalone_exact_mw,e5383d45c2b34399c539563e7789a53fd4b96cd0b38eade39a3cbfe07ba21ab0,"{""distance"":7,""physical_error_rate"":0.0002}","{""detection_events"":764,""detectors_checked"":893430}"
       126,         0,         0,   0.002,standalone_exact_mw,e5383d45c2b34399c539563e7789a53fd4b96cd0b38eade39a3cbfe07ba21ab0,"{""distance"":7,""physical_error_rate"":0.0002}","{""detection_events"":66,""detectors_checked"":102060}"
       138,         0,         0,   0.003,standalone_exact_mw,e5383d45c2b34399c539563e7789a53fd4b96cd0b38eade39a3cbfe07ba21ab0,"{""distance"":7,""physical_error_rate"":0.0002}","{""detection_events"":84,""detectors_checked"":111780}"
        72,         0,         0,   0.002,standalone_exact_mw,e5383d45c2b34399c539563e7789a53fd4b96cd0b38eade39a3cbfe07ba21ab0,"{""distance"":7,""physical_error_rate"":0.0002}","{""detection_events"":43,""detectors_checked"":58320}"
      1487,         0,         0,   0.063,standalone_exact_mw,e5383d45c2b34399c539563e7789a53fd4b96cd0b38eade39a3cbfe07ba21ab0,"{""distance"":7,""physical_error_rate"":0.0002}","{""detection_events"":1121,""detectors_checked"":1204470}"
      1024,         0,         0,   0.024,standalone_exact_mw,e5383d45c2b34399c539563e7789a53fd4b96cd0b38eade39a3cbfe07ba21ab0,"{""distance"":7,""physical_error_rate"":0.0002}","{""detection_events"":681,""detectors_checked"":829440}"
      1557,         0,         0,   0.060,standalone_exact_mw,e5383d45c2b34399c539563e7789a53fd4b96cd0b38eade39a3cbfe07ba21ab0,"{""distance"":7,""physical_error_rate"":0.0002}","{""detection_events"":905,""detectors_checked"":1261170}"
      1499,         0,         0,   0.078,standalone_exact_mw,e5383d45c2b34399c539563e7789a53fd4b96cd0b38eade39a3cbfe07ba21ab0,"{""distance"":7,""physical_error_rate"":0.0002}","{""detection_events"":970,""detectors_checked"":1214190}"
        68,         0,         0,   0.002,standalone_exact_mw,e5383d45c2b34399c539563e7789a53fd4b96cd0b38eade39a3cbfe07ba21ab0,"{""distance"":7,""physical_error_rate"":0.0002}","{""detection_events"":59,""detectors_checked"":55080}"
      1487,         0,         0,   0.075,standalone_exact_mw,e5383d45c2b34399c539563e7789a53fd4b96cd0b38eade39a3cbfe07ba21ab0,"{""distance"":7,""physical_error_rate"":0.0002}","{""detection_events"":958,""detectors_checked"":1204470}"
        79,         0,         0,   0.002,standalone_exact_mw,e5383d45c2b34399c539563e7789a53fd4b96cd0b38eade39a3cbfe07ba21ab0,"{""distance"":7,""physical_error_rate"":0.0002}","{""detection_events"":40,""detectors_checked"":63990}"
        12,         0,         0,   0.001,standalone_exact_mw,e5383d45c2b34399c539563e7789a53fd4b96cd0b38eade39a3cbfe07ba21ab0,"{""distance"":7,""physical_error_rate"":0.0002}","{""detection_events"":6,""detectors_checked"":9720}"
       138,         0,         0,   0.003,standalone_exact_mw,e5383d45c2b34399c539563e7789a53fd4b96cd0b38eade39a3cbfe07ba21ab0,"{""distance"":7,""physical_error_rate"":0.0002}","{""detection_events"":94,""detectors_checked"":111780}"
      1487,         0,         0,   0.102,standalone_exact_mw,e5383d45c2b34399c539563e7789a53fd4b96cd0b38eade39a3cbfe07ba21ab0,"{""distance"":7,""physical_error_rate"":0.0002}","{""detection_events"":853,""detectors_checked"":1204470}"
      2048,         0,         0,   0.188,standalone_exact_mw,e5383d45c2b34399c539563e7789a53fd4b96cd0b38eade39a3cbfe07ba21ab0,"{""distance"":7,""physical_error_rate"":0.0002}","{""detection_events"":1302,""detectors_checked"":1658880}"
        50,         0,         0,   0.002,standalone_exact_mw,e5383d45c2b34399c539563e7789a53fd4b96cd0b38eade39a3cbfe07ba21ab0,"{""distance"":7,""physical_error_rate"":0.0002}","{""detection_events"":20,""detectors_checked"":40500}"
        50,         0,         0,   0.002,standalone_exact_mw,e5383d45c2b34399c539563e7789a53fd4b96cd0b38eade39a3cbfe07ba21ab0,"{""distance"":7,""physical_error_rate"":0.0002}","{""detection_events"":15,""detectors_checked"":40500}"
        50,         0,         0,   0.002,standalone_exact_mw,e5383d45c2b34399c539563e7789a53fd4b96cd0b38eade39a3cbfe07ba21ab0,"{""distance"":7,""physical_error_rate"":0.0002}","{""detection_events"":34,""detectors_checked"":40500}"
        50,         0,         0,   0.002,standalone_exact_mw,e5383d45c2b34399c539563e7789a53fd4b96cd0b38eade39a3cbfe07ba21ab0,"{""distance"":7,""physical_error_rate"":0.0002}","{""detection_events"":40,""detectors_checked"":40500}"
        50,         0,         0,   0.002,standalone_exact_mw,e5383d45c2b34399c539563e7789a53fd4b96cd0b38eade39a3cbfe07ba21ab0,"{""distance"":7,""physical_error_rate"":0.0002}","{""detection_events"":20,""detectors_checked"":40500}"
        50,         0,         0,   0.002,standalone_exact_mw,e5383d45c2b34399c539563e7789a53fd4b96cd0b38eade39a3cbfe07ba21ab0,"{""distance"":7,""physical_error_rate"":0.0002}","{""detection_events"":39,""detectors_checked"":40500}"
        50,         0,         0,   0.002,standalone_exact_mw,e5383d45c2b34399c539563e7789a53fd4b96cd0b38eade39a3cbfe07ba21ab0,"{""distance"":7,""physical_error_rate"":0.0002}","{""detection_events"":33,""detectors_checked"":40500}"
        49,         0,         0,   0.002,standalone_exact_mw,e5383d45c2b34399c539563e7789a53fd4b96cd0b38eade39a3cbfe07ba21ab0,"{""distance"":7,""physical_error_rate"":0.0002}","{""detection_events"":23,""detectors_checked"":39690}"
        41,         0,         0,   0.002,standalone_exact_mw,e5383d45c2b34399c539563e7789a53fd4b96cd0b38eade39a3cbfe07ba21ab0,"{""distance"":7,""physical_error_rate"":0.0002}","{""detection_events"":25,""detectors_checked"":33210}"
        49,         0,         0,   0.002,standalone_exact_mw,e5383d45c2b34399c539563e7789a53fd4b96cd0b38eade39a3cbfe07ba21ab0,"{""distance"":7,""physical_error_rate"":0.0002}","{""detection_events"":26,""detectors_checked"":39690}"
        49,         0,         0,   0.002,standalone_exact_mw,e5383d45c2b34399c539563e7789a53fd4b96cd0b38eade39a3cbfe07ba21ab0,"{""distance"":7,""physical_error_rate"":0.0002}","{""detection_events"":19,""detectors_checked"":39690}"
        49,         0,         0,   0.002,standalone_exact_mw,e5383d45c2b34399c539563e7789a53fd4b96cd0b38eade39a3cbfe07ba21ab0,"{""distance"":7,""physical_error_rate"":0.0002}","{""detection_events"":37,""detectors_checked"":39690}"
        49,         0,         0,   0.002,standalone_exact_mw,e5383d45c2b34399c539563e7789a53fd4b96cd0b38eade39a3cbfe07ba21ab0,"{""distance"":7,""physical_error_rate"":0.0002}","{""detection_events"":34,""detectors_checked"":39690}"
        49,         0,         0,   0.002,standalone_exact_mw,e5383d45c2b34399c539563e7789a53fd4b96cd0b38eade39a3cbfe07ba21ab0,"{""distance"":7,""physical_error_rate"":0.0002}","{""detection_events"":13,""detectors_checked"":39690}"
        49,         0,         0,   0.002,standalone_exact_mw,e5383d45c2b34399c539563e7789a53fd4b96cd0b38eade39a3cbfe07ba21ab0,"{""distance"":7,""physical_error_rate"":0.0002}","{""detection_events"":22,""detectors_checked"":39690}"
         1,         0,         0,   0.001,standalone_exact_mw,e5383d45c2b34399c539563e7789a53fd4b96cd0b38eade39a3cbfe07ba21ab0,"{""distance"":7,""physical_error_rate"":0.0002}","{""detectors_checked"":810}"
         1,         0,         0,   0.001,standalone_exact_mw,e5383d45c2b34399c539563e7789a53fd4b96cd0b38eade39a3cbfe07ba21ab0,"{""distance"":7,""physical_error_rate"":0.0002}","{""detectors_checked"":810}"
         1,         0,         0,   0.001,standalone_exact_mw,e5383d45c2b34399c539563e7789a53fd4b96cd0b38eade39a3cbfe07ba21ab0,"{""distance"":7,""physical_error_rate"":0.0002}","{""detectors_checked"":810}"
         1,         0,         0,   0.001,standalone_exact_mw,e5383d45c2b34399c539563e7789a53fd4b96cd0b38eade39a3cbfe07ba21ab0,"{""distance"":7,""physical_error_rate"":0.0002}","{""detectors_checked"":810}"
         1,         0,         0,   0.001,standalone_exact_mw,e5383d45c2b34399c539563e7789a53fd4b96cd0b38eade39a3cbfe07ba21ab0,"{""distance"":7,""physical_error_rate"":0.0002}","{""detectors_checked"":810}"
         1,         0,         0,   0.001,standalone_exact_mw,e5383d45c2b34399c539563e7789a53fd4b96cd0b38eade39a3cbfe07ba21ab0,"{""distance"":7,""physical_error_rate"":0.0002}","{""detectors_checked"":810}"
         1,         0,         0,   0.001,standalone_exact_mw,e5383d45c2b34399c539563e7789a53fd4b96cd0b38eade39a3cbfe07ba21ab0,"{""distance"":7,""physical_error_rate"":0.0002}","{""detection_events"":4,""detectors_checked"":810}"
         1,         0,         0,   0.001,standalone_exact_mw,e5383d45c2b34399c539563e7789a53fd4b96cd0b38eade39a3cbfe07ba21ab0,"{""distance"":7,""physical_error_rate"":0.0002}","{""detectors_checked"":810}"
        49,         0,         0,   0.002,standalone_exact_mw,e5383d45c2b34399c539563e7789a53fd4b96cd0b38eade39a3cbfe07ba21ab0,"{""distance"":7,""physical_error_rate"":0.0002}","{""detection_events"":28,""detectors_checked"":39690}"
       800,         0,         0,   0.115,standalone_exact_mw,e5383d45c2b34399c539563e7789a53fd4b96cd0b38eade39a3cbfe07ba21ab0,"{""distance"":7,""physical_error_rate"":0.0002}","{""detection_events"":555,""detectors_checked"":648000}"
         1,         0,         0,   0.001,standalone_exact_mw,e5383d45c2b34399c539563e7789a53fd4b96cd0b38eade39a3cbfe07ba21ab0,"{""distance"":7,""physical_error_rate"":0.0002}","{""detection_events"":3,""detectors_checked"":810}"
       273,         0,         0,   0.011,standalone_exact_mw,9d8ad86e51451842b54dafc7680d1b486ef291963bb72c70f3cdd570d2d8fa34,"{""distance"":7,""physical_error_rate"":0.002}","{""detection_events"":1693,""detectors_checked"":221130}"
      1024,         0,         0,   0.027,standalone_exact_mw,9d8ad86e51451842b54dafc7680d1b486ef291963bb72c70f3cdd570d2d8fa34,"{""distance"":7,""physical_error_rate"":0.002}","{""detection_events"":6308,""detectors_checked"":829440}"
      1024,         0,         0,   0.027,standalone_exact_mw,9d8ad86e51451842b54dafc7680d1b486ef291963bb72c70f3cdd570d2d8fa34,"{""distance"":7,""physical_error_rate"":0.002}","{""detection_events"":6244,""detectors_checked"":829440}"
      2048,         0,         0,   0.053,standalone_exact_mw,9d8ad86e51451842b54dafc7680d1b486ef291963bb72c70f3cdd570d2d8fa34,"{""distance"":7,""physical_error_rate"":0.002}","{""detection_events"":12349,""detectors_checked"":1658880}"
      2048,         0,         0,   0.054,standalone_exact_mw,9d8ad86e51451842b54dafc7680d1b486ef291963bb72c70f3cdd570d2d8fa34,"{""distance"":7,""physical_error_rate"":0.002}","{""detection_events"":12672,""detectors_checked"":1658880}"
      1297,         0,         0,   0.052,standalone_exact_mw,ba5ada56442ed2ba457be44e3218b165c8a19e21146c9941e841199e65961aae,"{""distance"":7,""physical_error_rate"":0.0005}","{""detection_events"":2008,""detectors_checked"":1050570}"
      2048,         0,         0,   0.055,standalone_exact_mw,9d8ad86e51451842b54dafc7680d1b486ef291963bb72c70f3cdd570d2d8fa34,"{""distance"":7,""physical_error_rate"":0.002}","{""detection_events"":12741,""detectors_checked"":1658880}"
      1024,         0,         0,   0.030,standalone_exact_mw,ba5ada56442ed2ba457be44e3218b165c8a19e21146c9941e841199e65961aae,"{""distance"":7,""physical_error_rate"":0.0005}","{""detection_events"":1480,""detectors_checked"":829440}"
      1024,         0,         0,   0.031,standalone_exact_mw,ba5ada56442ed2ba457be44e3218b165c8a19e21146c9941e841199e65961aae,"{""distance"":7,""physical_error_rate"":0.0005}","{""detection_events"":1651,""detectors_checked"":829440}"
      1024,         0,         0,   0.031,standalone_exact_mw,ba5ada56442ed2ba457be44e3218b165c8a19e21146c9941e841199e65961aae,"{""distance"":7,""physical_error_rate"":0.0005}","{""detection_events"":1612,""detectors_checked"":829440}"
        17,         0,         0,   0.004,standalone_exact_mw,ba5ada56442ed2ba457be44e3218b165c8a19e21146c9941e841199e65961aae,"{""distance"":7,""physical_error_rate"":0.0005}","{""detection_events"":39,""detectors_checked"":13770}"
      2048,         0,         0,   0.111,standalone_exact_mw,9d8ad86e51451842b54dafc7680d1b486ef291963bb72c70f3cdd570d2d8fa34,"{""distance"":7,""physical_error_rate"":0.002}","{""detection_events"":12676,""detectors_checked"":1658880}"
       273,         0,         0,   0.011,standalone_exact_mw,9d8ad86e51451842b54dafc7680d1b486ef291963bb72c70f3cdd570d2d8fa34,"{""distance"":7,""physical_error_rate"":0.002}","{""detection_events"":1669,""detectors_checked"":221130}"
       256,         0,         0,   0.029,standalone_exact_mw,ba5ada56442ed2ba457be44e3218b165c8a19e21146c9941e841199e65961aae,"{""distance"":7,""physical_error_rate"":0.0005}","{""detection_events"":413,""detectors_checked"":207360}"
      1024,         0,         0,   0.049,standalone_exact_mw,9d8ad86e51451842b54dafc7680d1b486ef291963bb72c70f3cdd570d2d8fa34,"{""distance"":7,""physical_error_rate"":0.002}","{""detection_events"":6484,""detectors_checked"":829440}"
      2048,         0,         0,   0.070,standalone_exact_mw,ba5ada56442ed2ba457be44e3218b165c8a19e21146c9941e841199e65961aae,"{""distance"":7,""physical_error_rate"":0.0005}","{""detection_events"":3311,""detectors_checked"":1658880}"
      2048,         0,         0,   0.100,standalone_exact_mw,9d8ad86e51451842b54dafc7680d1b486ef291963bb72c70f3cdd570d2d8fa34,"{""distance"":7,""physical_error_rate"":0.002}","{""detection_events"":12626,""detectors_checked"":1658880}"
         1,         0,         0,   0.002,standalone_exact_mw,3bd544bb51e006261b45d3a2c996e28fc0c0449411cee5f7deafcd25d9539ebc,"{""distance"":7,""physical_error_rate"":0.001}","{""detection_events"":5,""detectors_checked"":810}"
      2048,         0,         0,   0.074,standalone_exact_mw,ba5ada56442ed2ba457be44e3218b165c8a19e21146c9941e841199e65961aae,"{""distance"":7,""physical_error_rate"":0.0005}","{""detection_events"":3284,""detectors_checked"":1658880}"
      1024,         0,         0,   0.081,standalone_exact_mw,9d8ad86e51451842b54dafc7680d1b486ef291963bb72c70f3cdd570d2d8fa34,"{""distance"":7,""physical_error_rate"":0.002}","{""detection_events"":6455,""detectors_checked"":829440}"
      1024,         0,         0,   0.102,standalone_exact_mw,ba5ada56442ed2ba457be44e3218b165c8a19e21146c9941e841199e65961aae,"{""distance"":7,""physical_error_rate"":0.0005}","{""detection_events"":1617,""detectors_checked"":829440}"
       273,         0,         0,   0.031,standalone_exact_mw,9d8ad86e51451842b54dafc7680d1b486ef291963bb72c70f3cdd570d2d8fa34,"{""distance"":7,""physical_error_rate"":0.002}","{""detection_events"":1779,""detectors_checked"":221130}"
      1296,         0,         0,   0.062,standalone_exact_mw,3bd544bb51e006261b45d3a2c996e28fc0c0449411cee5f7deafcd25d9539ebc,"{""distance"":7,""physical_error_rate"":0.001}","{""detection_events"":4055,""detectors_checked"":1049760}"
        17,         0,         0,   0.017,standalone_exact_mw,9d8ad86e51451842b54dafc7680d1b486ef291963bb72c70f3cdd570d2d8fa34,"{""distance"":7,""physical_error_rate"":0.002}","{""detection_events"":106,""detectors_checked"":13770}"
      1024,         0,         0,   0.081,standalone_exact_mw,9d8ad86e51451842b54dafc7680d1b486ef291963bb72c70f3cdd570d2d8fa34,"{""distance"":7,""physical_error_rate"":0.002}","{""detection_events"":6534,""detectors_checked"":829440}"
      2048,         0,         0,   0.094,standalone_exact_mw,ba5ada56442ed2ba457be44e3218b165c8a19e21146c9941e841199e65961aae,"{""distance"":7,""physical_error_rate"":0.0005}","{""detection_events"":3399,""detectors_checked"":1658880}"
      1024,         0,         0,   0.056,standalone_exact_mw,3bd544bb51e006261b45d3a2c996e28fc0c0449411cee5f7deafcd25d9539ebc,"{""distance"":7,""physical_error_rate"":0.001}","{""detection_events"":3102,""detectors_checked"":829440}"
      1280,         0,         0,   0.060,standalone_exact_mw,9d8ad86e51451842b54dafc7680d1b486ef291963bb72c70f3cdd570d2d8fa34,"{""distance"":7,""physical_error_rate"":0.002}","{""detection_events"":7843,""detectors_checked"":1036800}"
      1024,         0,         0,   0.116,standalone_exact_mw,ba5ada56442ed2ba457be44e3218b165c8a19e21146c9941e841199e65961aae,"{""distance"":7,""physical_error_rate"":0.0005}","{""detection_events"":1577,""detectors_checked"":829440}"
      5120,         0,         0,   0.159,standalone_exact_mw,9d8ad86e51451842b54dafc7680d1b486ef291963bb72c70f3cdd570d2d8fa34,"{""distance"":7,""physical_error_rate"":0.002}","{""detection_events"":32266,""detectors_checked"":4147200}"
      1024,         0,         0,   0.058,standalone_exact_mw,3bd544bb51e006261b45d3a2c996e28fc0c0449411cee5f7deafcd25d9539ebc,"{""distance"":7,""physical_error_rate"":0.001}","{""detection_events"":3215,""detectors_checked"":829440}"
      1024,         0,         0,   0.083,standalone_exact_mw,9d8ad86e51451842b54dafc7680d1b486ef291963bb72c70f3cdd570d2d8fa34,"{""distance"":7,""physical_error_rate"":0.002}","{""detection_events"":6539,""detectors_checked"":829440}"
      1024,         0,         0,   0.052,standalone_exact_mw,9d8ad86e51451842b54dafc7680d1b486ef291963bb72c70f3cdd570d2d8fa34,"{""distance"":7,""physical_error_rate"":0.002}","{""detection_events"":6414,""detectors_checked"":829440}"
      1024,         0,         0,   0.156,standalone_exact_mw,9d8ad86e51451842b54dafc7680d1b486ef291963bb72c70f3cdd570d2d8fa34,"{""distance"":7,""physical_error_rate"":0.002}","{""detection_events"":6253,""detectors_checked"":829440}"
      1024,         0,         0,   0.054,standalone_exact_mw,ba5ada56442ed2ba457be44e3218b165c8a19e21146c9941e841199e65961aae,"{""distance"":7,""physical_error_rate"":0.0005}","{""detection_events"":1521,""detectors_checked"":829440}"
      2048,         0,         0,   0.108,standalone_exact_mw,ba5ada56442ed2ba457be44e3218b165c8a19e21146c9941e841199e65961aae,"{""distance"":7,""physical_error_rate"":0.0005}","{""detection_events"":3166,""detectors_checked"":1658880}"
      1024,         0,         0,   0.054,standalone_exact_mw,ba5ada56442ed2ba457be44e3218b165c8a19e21146c9941e841199e65961aae,"{""distance"":7,""physical_error_rate"":0.0005}","{""detection_events"":1640,""detectors_checked"":829440}"
      1024,         0,         0,   0.076,standalone_exact_mw,3bd544bb51e006261b45d3a2c996e28fc0c0449411cee5f7deafcd25d9539ebc,"{""distance"":7,""physical_error_rate"":0.001}","{""detection_events"":3214,""detectors_checked"":829440}"
      1024,         0,         0,   0.066,standalone_exact_mw,9d8ad86e51451842b54dafc7680d1b486ef291963bb72c70f3cdd570d2d8fa34,"{""distance"":7,""physical_error_rate"":0.002}","{""detection_events"":6402,""detectors_checked"":829440}"
        17,         0,         0,   0.022,standalone_exact_mw,ba5ada56442ed2ba457be44e3218b165c8a19e21146c9941e841199e65961aae,"{""distance"":7,""physical_error_rate"":0.0005}","{""detection_events"":20,""detectors_checked"":13770}"
         1,         0,         0,   0.015,standalone_exact_mw,9d8ad86e51451842b54dafc7680d1b486ef291963bb72c70f3cdd570d2d8fa34,"{""distance"":7,""physical_error_rate"":0.002}","{""detection_events"":11,""detectors_checked"":810}"
      1024,         0,         0,   0.081,standalone_exact_mw,9d8ad86e51451842b54dafc7680d1b486ef291963bb72c70f3cdd570d2d8fa34,"{""distance"":7,""physical_error_rate"":0.002}","{""detection_events"":6335,""detectors_checked"":829440}"
      1024,         0,         0,   0.053,standalone_exact_mw,9d8ad86e51451842b54dafc7680d1b486ef291963bb72c70f3cdd570d2d8fa34,"{""distance"":7,""physical_error_rate"":0.002}","{""detection_events"":6292,""detectors_checked"":829440}"
      1024,         0,         0,   0.058,standalone_exact_mw,3bd544bb51e006261b45d3a2c996e28fc0c0449411cee5f7deafcd25d9539ebc,"{""distance"":7,""physical_error_rate"":0.001}","{""detection_events"":3145,""detectors_checked"":829440}"
      1280,         0,         0,   0.059,standalone_exact_mw,ba5ada56442ed2ba457be44e3218b165c8a19e21146c9941e841199e65961aae,"{""distance"":7,""physical_error_rate"":0.0005}","{""detection_events"":1918,""detectors_checked"":1036800}"
      1296,         0,         0,   0.061,standalone_exact_mw,9d8ad86e51451842b54dafc7680d1b486ef291963bb72c70f3cdd570d2d8fa34,"{""distance"":7,""physical_error_rate"":0.002}","{""detection_events"":7850,""detectors_checked"":1049760}"
       273,         0,         0,   0.023,standalone_exact_mw,3bd544bb51e006261b45d3a2c996e28fc0c0449411cee5f7deafcd25d9539ebc,"{""distance"":7,""physical_error_rate"":0.001}","{""detection_events"":836,""detectors_checked"":221130}"
      1024,         0,         0,   0.081,standalone_exact_mw,9d8ad86e51451842b54dafc7680d1b486ef291963bb72c70f3cdd570d2d8fa34,"{""distance"":7,""physical_error_rate"":0.002}","{""detection_events"":6342,""detectors_checked"":829440}"
      2048,         0,         0,   0.108,standalone_exact_mw,ba5ada56442ed2ba457be44e3218b165c8a19e21146c9941e841199e65961aae,"{""distance"":7,""physical_error_rate"":0.0005}","{""detection_events"":3237,""detectors_checked"":1658880}"
      1024,         0,         0,   0.036,standalone_exact_mw,3bd544bb51e006261b45d3a2c996e28fc0c0449411cee5f7deafcd25d9539ebc,"{""distance"":7,""physical_error_rate"":0.001}","{""detection_events"":3422,""detectors_checked"":829440}"
      3072,         0,         0,   0.162,standalone_exact_mw,ba5ada56442ed2ba457be44e3218b165c8a19e21146c9941e841199e65961aae,"{""distance"":7,""physical_error_rate"":0.0005}","{""detection_events"":4857,""detectors_checked"":2488320}"
      1024,         0,         0,   0.054,standalone_exact_mw,ba5ada56442ed2ba457be44e3218b165c8a19e21146c9941e841199e65961aae,"{""distance"":7,""physical_error_rate"":0.0005}","{""detection_events"":1663,""detectors_checked"":829440}"
      8192,         0,         0,   0.224,standalone_exact_mw,9d8ad86e51451842b54dafc7680d1b486ef291963bb72c70f3cdd570d2d8fa34,"{""distance"":7,""physical_error_rate"":0.002}","{""detection_events"":51024,""detectors_checked"":6635520}"
      1024,         0,         0,   0.053,standalone_exact_mw,9d8ad86e51451842b54dafc7680d1b486ef291963bb72c70f3cdd570d2d8fa34,"{""distance"":7,""physical_error_rate"":0.002}","{""detection_events"":6295,""detectors_checked"":829440}"
      2048,         0,         0,   0.106,standalone_exact_mw,9d8ad86e51451842b54dafc7680d1b486ef291963bb72c70f3cdd570d2d8fa34,"{""distance"":7,""physical_error_rate"":0.002}","{""detection_events"":12694,""detectors_checked"":1658880}"
        17,         0,         0,   0.017,standalone_exact_mw,3bd544bb51e006261b45d3a2c996e28fc0c0449411cee5f7deafcd25d9539ebc,"{""distance"":7,""physical_error_rate"":0.001}","{""detection_events"":57,""detectors_checked"":13770}"
      1024,         0,         0,   0.048,standalone_exact_mw,ba5ada56442ed2ba457be44e3218b165c8a19e21146c9941e841199e65961aae,"{""distance"":7,""physical_error_rate"":0.0005}","{""detection_events"":1711,""detectors_checked"":829440}"
      1024,         0,         0,   0.053,standalone_exact_mw,9d8ad86e51451842b54dafc7680d1b486ef291963bb72c70f3cdd570d2d8fa34,"{""distance"":7,""physical_error_rate"":0.002}","{""detection_events"":6179,""detectors_checked"":829440}"
      1024,         0,         0,   0.067,standalone_exact_mw,3bd544bb51e006261b45d3a2c996e28fc0c0449411cee5f7deafcd25d9539ebc,"{""distance"":7,""physical_error_rate"":0.001}","{""detection_events"":3236,""detectors_checked"":829440}"
      1024,         0,         0,   0.252,standalone_exact_mw,9d8ad86e51451842b54dafc7680d1b486ef291963bb72c70f3cdd570d2d8fa34,"{""distance"":7,""physical_error_rate"":0.002}","{""detection_events"":6361,""detectors_checked"":829440}"
      2048,         0,         0,   0.134,standalone_exact_mw,3bd544bb51e006261b45d3a2c996e28fc0c0449411cee5f7deafcd25d9539ebc,"{""distance"":7,""physical_error_rate"":0.001}","{""detection_events"":6594,""detectors_checked"":1658880}"
      2048,         0,         0,   0.106,standalone_exact_mw,ba5ada56442ed2ba457be44e3218b165c8a19e21146c9941e841199e65961aae,"{""distance"":7,""physical_error_rate"":0.0005}","{""detection_events"":3306,""detectors_checked"":1658880}"
       273,         0,         0,   0.032,standalone_exact_mw,9d8ad86e51451842b54dafc7680d1b486ef291963bb72c70f3cdd570d2d8fa34,"{""distance"":7,""physical_error_rate"":0.002}","{""detection_events"":1648,""detectors_checked"":221130}"
         1,         0,         0,   0.002,standalone_exact_mw,3bd544bb51e006261b45d3a2c996e28fc0c0449411cee5f7deafcd25d9539ebc,"{""distance"":7,""physical_error_rate"":0.001}","{""detection_events"":4,""detectors_checked"":810}"
       273,         0,         0,   0.029,standalone_exact_mw,9d8ad86e51451842b54dafc7680d1b486ef291963bb72c70f3cdd570d2d8fa34,"{""distance"":7,""physical_error_rate"":0.002}","{""detection_events"":1621,""detectors_checked"":221130}"
      1024,         0,         0,   0.048,standalone_exact_mw,ba5ada56442ed2ba457be44e3218b165c8a19e21146c9941e841199e65961aae,"{""distance"":7,""physical_error_rate"":0.0005}","{""detection_events"":1646,""detectors_checked"":829440}"
      1280,         0,         0,   0.054,standalone_exact_mw,3bd544bb51e006261b45d3a2c996e28fc0c0449411cee5f7deafcd25d9539ebc,"{""distance"":7,""physical_error_rate"":0.001}","{""detection_events"":3909,""detectors_checked"":1036800}"
      1024,         0,         0,   0.053,standalone_exact_mw,9d8ad86e51451842b54dafc7680d1b486ef291963bb72c70f3cdd570d2d8fa34,"{""distance"":7,""physical_error_rate"":0.002}","{""detection_events"":6336,""detectors_checked"":829440}"
      2048,         0,         0,   0.155,standalone_exact_mw,9d8ad86e51451842b54dafc7680d1b486ef291963bb72c70f3cdd570d2d8fa34,"{""distance"":7,""physical_error_rate"":0.002}","{""detection_events"":12470,""detectors_checked"":1658880}"
      1024,         0,         0,   0.030,standalone_exact_mw,3bd544bb51e006261b45d3a2c996e28fc0c0449411cee5f7deafcd25d9539ebc,"{""distance"":7,""physical_error_rate"":0.001}","{""detection_events"":3205,""detectors_checked"":829440}"
      1024,         0,         0,   0.067,standalone_exact_mw,3bd544bb51e006261b45d3a2c996e28fc0c0449411cee5f7deafcd25d9539ebc,"{""distance"":7,""physical_error_rate"":0.001}","{""detection_events"":3256,""detectors_checked"":829440}"
      1024,         0,         0,   0.053,standalone_exact_mw,9d8ad86e51451842b54dafc7680d1b486ef291963bb72c70f3cdd570d2d8fa34,"{""distance"":7,""physical_error_rate"":0.002}","{""detection_events"":6290,""detectors_checked"":829440}"
      2048,         0,         0,   0.096,standalone_exact_mw,9d8ad86e51451842b54dafc7680d1b486ef291963bb72c70f3cdd570d2d8fa34,"{""distance"":7,""physical_error_rate"":0.002}","{""detection_events"":12696,""detectors_checked"":1658880}"
      1296,         0,         0,   0.056,standalone_exact_mw,3bd544bb51e006261b45d3a2c996e28fc0c0449411cee5f7deafcd25d9539ebc,"{""distance"":7,""physical_error_rate"":0.001}","{""detection_events"":3925,""detectors_checked"":1049760}"
      1024,         0,         0,   0.057,standalone_exact_mw,ba5ada56442ed2ba457be44e3218b165c8a19e21146c9941e841199e65961aae,"{""distance"":7,""physical_error_rate"":0.0005}","{""detection_events"":1620,""detectors_checked"":829440}"
        17,         0,         0,   0.022,standalone_exact_mw,3bd544bb51e006261b45d3a2c996e28fc0c0449411cee5f7deafcd25d9539ebc,"{""distance"":7,""physical_error_rate"":0.001}","{""detection_events"":55,""detectors_checked"":13770}"
      1024,         0,         0,   0.035,standalone_exact_mw,3bd544bb51e006261b45d3a2c996e28fc0c0449411cee5f7deafcd25d9539ebc,"{""distance"":7,""physical_error_rate"":0.001}","{""detection_events"":3052,""detectors_checked"":829440}"
      1024,         0,         0,   0.038,standalone_exact_mw,3bd544bb51e006261b45d3a2c996e28fc0c0449411cee5f7deafcd25d9539ebc,"{""distance"":7,""physical_error_rate"":0.001}","{""detection_events"":3192,""detectors_checked"":829440}"
      1024,         0,         0,   0.053,standalone_exact_mw,3bd544bb51e006261b45d3a2c996e28fc0c0449411cee5f7deafcd25d9539ebc,"{""distance"":7,""physical_error_rate"":0.001}","{""detection_events"":3055,""detectors_checked"":829440}"
      1024,         0,         0,   0.053,standalone_exact_mw,9d8ad86e51451842b54dafc7680d1b486ef291963bb72c70f3cdd570d2d8fa34,"{""distance"":7,""physical_error_rate"":0.002}","{""detection_events"":6242,""detectors_checked"":829440}"
      2048,         0,         0,   0.132,standalone_exact_mw,3bd544bb51e006261b45d3a2c996e28fc0c0449411cee5f7deafcd25d9539ebc,"{""distance"":7,""physical_error_rate"":0.001}","{""detection_events"":6363,""detectors_checked"":1658880}"
      4096,         0,         0,   0.207,standalone_exact_mw,ba5ada56442ed2ba457be44e3218b165c8a19e21146c9941e841199e65961aae,"{""distance"":7,""physical_error_rate"":0.0005}","{""detection_events"":6480,""detectors_checked"":3317760}"
      2048,         0,         0,   0.107,standalone_exact_mw,9d8ad86e51451842b54dafc7680d1b486ef291963bb72c70f3cdd570d2d8fa34,"{""distance"":7,""physical_error_rate"":0.002}","{""detection_events"":12616,""detectors_checked"":1658880}"
      1024,         0,         0,   0.048,standalone_exact_mw,3bd544bb51e006261b45d3a2c996e28fc0c0449411cee5f7deafcd25d9539ebc,"{""distance"":7,""physical_error_rate"":0.001}","{""detection_events"":3245,""detectors_checked"":829440}"
         1,         0,         0,   0.001,standalone_exact_mw,3bd544bb51e006261b45d3a2c996e28fc0c0449411cee5f7deafcd25d9539ebc,"{""distance"":7,""physical_error_rate"":0.001}","{""detectors_checked"":810}"
      2048,         0,         0,   0.080,standalone_exact_mw,ba5ada56442ed2ba457be44e3218b165c8a19e21146c9941e841199e65961aae,"{""distance"":7,""physical_error_rate"":0.0005}","{""detection_events"":3226,""detectors_checked"":1658880}"
      1024,         0,         0,   0.049,standalone_exact_mw,3bd544bb51e006261b45d3a2c996e28fc0c0449411cee5f7deafcd25d9539ebc,"{""distance"":7,""physical_error_rate"":0.001}","{""detection_events"":3216,""detectors_checked"":829440}"
      1024,         0,         0,   0.054,standalone_exact_mw,9d8ad86e51451842b54dafc7680d1b486ef291963bb72c70f3cdd570d2d8fa34,"{""distance"":7,""physical_error_rate"":0.002}","{""detection_events"":6327,""detectors_checked"":829440}"
       272,         0,         0,   0.027,standalone_exact_mw,3bd544bb51e006261b45d3a2c996e28fc0c0449411cee5f7deafcd25d9539ebc,"{""distance"":7,""physical_error_rate"":0.001}","{""detection_events"":915,""detectors_checked"":220320}"
         1,         0,         0,   0.002,standalone_exact_mw,9d8ad86e51451842b54dafc7680d1b486ef291963bb72c70f3cdd570d2d8fa34,"{""distance"":7,""physical_error_rate"":0.002}","{""detection_events"":5,""detectors_checked"":810}"
      1280,         0,         0,   0.080,standalone_exact_mw,3bd544bb51e006261b45d3a2c996e28fc0c0449411cee5f7deafcd25d9539ebc,"{""distance"":7,""physical_error_rate"":0.001}","{""detection_events"":3950,""detectors_checked"":1036800}"
      1024,         0,         0,   0.149,standalone_exact_mw,9d8ad86e51451842b54dafc7680d1b486ef291963bb72c70f3cdd570d2d8fa34,"{""distance"":7,""physical_error_rate"":0.002}","{""detection_events"":6329,""detectors_checked"":829440}"
      2048,         0,         0,   0.100,standalone_exact_mw,9d8ad86e51451842b54dafc7680d1b486ef291963bb72c70f3cdd570d2d8fa34,"{""distance"":7,""physical_error_rate"":0.002}","{""detection_events"":12650,""detectors_checked"":1658880}"
       272,         0,         0,   0.023,standalone_exact_mw,9d8ad86e51451842b54dafc7680d1b486ef291963bb72c70f3cdd570d2d8fa34,"{""distance"":7,""physical_error_rate"":0.002}","{""detection_events"":1675,""detectors_checked"":220320}"
      2048,         0,         0,   0.083,standalone_exact_mw,3bd544bb51e006261b45d3a2c996e28fc0c0449411cee5f7deafcd25d9539ebc,"{""distance"":7,""physical_error_rate"":0.001}","{""detection_events"":6194,""detectors_checked"":1658880}"
      4096,         0,         0,   0.188,standalone_exact_mw,ba5ada56442ed2ba457be44e3218b165c8a19e21146c9941e841199e65961aae,"{""distance"":7,""physical_error_rate"":0.0005}","{""detection_events"":6321,""detectors_checked"":3317760}"
      2048,         0,         0,   0.162,standalone_exact_mw,9d8ad86e51451842b54dafc7680d1b486ef291963bb72c70f3cdd570d2d8fa34,"{""distance"":7,""physical_error_rate"":0.002}","{""detection_events"":12683,""detectors_checked"":1658880}"
      1024,         0,         0,   0.053,standalone_exact_mw,3bd544bb51e006261b45d3a2c996e28fc0c0449411cee5f7deafcd25d9539ebc,"{""distance"":7,""physical_error_rate"":0.001}","{""detection_events"":3083,""detectors_checked"":829440}"
      1024,         0,         0,   0.041,standalone_exact_mw,9d8ad86e51451842b54dafc7680d1b486ef291963bb72c70f3cdd570d2d8fa34,"{""distance"":7,""physical_error_rate"":0.002}","{""detection_events"":6383,""detectors_checked"":829440}"
      2048,         0,         0,   0.083,standalone_exact_mw,3bd544bb51e006261b45d3a2c996e28fc0c0449411cee5f7deafcd25d9539ebc,"{""distance"":7,""physical_error_rate"":0.001}","{""detection_events"":6495,""detectors_checked"":1658880}"
      1024,         0,         0,   0.058,standalone_exact_mw,3bd544bb51e006261b45d3a2c996e28fc0c0449411cee5f7deafcd25d9539ebc,"{""distance"":7,""physical_error_rate"":0.001}","{""detection_events"":3142,""detectors_checked"":829440}"
     11264,         0,         0,   0.310,standalone_exact_mw,9d8ad86e51451842b54dafc7680d1b486ef291963bb72c70f3cdd570d2d8fa34,"{""distance"":7,""physical_error_rate"":0.002}","{""detection_events"":69555,""detectors_checked"":9123840}"
      1024,         0,         0,   0.058,standalone_exact_mw,3bd544bb51e006261b45d3a2c996e28fc0c0449411cee5f7deafcd25d9539ebc,"{""distance"":7,""physical_error_rate"":0.001}","{""detection_events"":3170,""detectors_checked"":829440}"
      1024,         0,         0,   0.252,standalone_exact_mw,9d8ad86e51451842b54dafc7680d1b486ef291963bb72c70f3cdd570d2d8fa34,"{""distance"":7,""physical_error_rate"":0.002}","{""detection_events"":6447,""detectors_checked"":829440}"
      2048,         0,         0,   0.106,standalone_exact_mw,9d8ad86e51451842b54dafc7680d1b486ef291963bb72c70f3cdd570d2d8fa34,"{""distance"":7,""physical_error_rate"":0.002}","{""detection_events"":12633,""detectors_checked"":1658880}"
      3072,         0,         0,   0.107,standalone_exact_mw,ba5ada56442ed2ba457be44e3218b165c8a19e21146c9941e841199e65961aae,"{""distance"":7,""physical_error_rate"":0.0005}","{""detection_events"":4894,""detectors_checked"":2488320}"
      3072,         0,         0,   0.065,standalone_exact_mw,3bd544bb51e006261b45d3a2c996e28fc0c0449411cee5f7deafcd25d9539ebc,"{""distance"":7,""physical_error_rate"":0.001}","{""detection_events"":9153,""detectors_checked"":2488320}"
      1024,         0,         0,   0.105,standalone_exact_mw,9d8ad86e51451842b54dafc7680d1b486ef291963bb72c70f3cdd570d2d8fa34,"{""distance"":7,""physical_error_rate"":0.002}","{""detection_events"":6566,""detectors_checked"":829440}"
        17,         0,         0,   0.025,standalone_exact_mw,ba5ada56442ed2ba457be44e3218b165c8a19e21146c9941e841199e65961aae,"{""distance"":7,""physical_error_rate"":0.0005}","{""detection_events"":27,""detectors_checked"":13770}"
      2048,         0,         0,   0.096,standalone_exact_mw,3bd544bb51e006261b45d3a2c996e28fc0c0449411cee5f7deafcd25d9539ebc,"{""distance"":7,""physical_error_rate"":0.001}","{""detection_events"":6359,""detectors_checked"":1658880}"
      1024,         0,         0,   0.111,standalone_exact_mw,9d8ad86e51451842b54dafc7680d1b486ef291963bb72c70f3cdd570d2d8fa34,"{""distance"":7,""physical_error_rate"":0.002}","{""detection_events"":6390,""detectors_checked"":829440}"
      1024,         0,         0,   0.080,standalone_exact_mw,3bd544bb51e006261b45d3a2c996e28fc0c0449411cee5f7deafcd25d9539ebc,"{""distance"":7,""physical_error_rate"":0.001}","{""detection_events"":3209,""detectors_checked"":829440}"
      1024,         0,         0,   0.077,standalone_exact_mw,3bd544bb51e006261b45d3a2c996e28fc0c0449411cee5f7deafcd25d9539ebc,"{""distance"":7,""physical_error_rate"":0.001}","{""detection_events"":3293,""detectors_checked"":829440}"
      3072,         0,         0,   0.194,standalone_exact_mw,3bd544bb51e006261b45d3a2c996e28fc0c0449411cee5f7deafcd25d9539ebc,"{""distance"":7,""physical_error_rate"":0.001}","{""detection_events"":9610,""detectors_checked"":2488320}"
      2048,         0,         0,   0.106,standalone_exact_mw,9d8ad86e51451842b54dafc7680d1b486ef291963bb72c70f3cdd570d2d8fa34,"{""distance"":7,""physical_error_rate"":0.002}","{""detection_events"":12704,""detectors_checked"":1658880}"
      2048,         0,         0,   0.096,standalone_exact_mw,3bd544bb51e006261b45d3a2c996e28fc0c0449411cee5f7deafcd25d9539ebc,"{""distance"":7,""physical_error_rate"":0.001}","{""detection_events"":6295,""detectors_checked"":1658880}"
      3072,         0,         0,   0.156,standalone_exact_mw,9d8ad86e51451842b54dafc7680d1b486ef291963bb72c70f3cdd570d2d8fa34,"{""distance"":7,""physical_error_rate"":0.002}","{""detection_events"":19572,""detectors_checked"":2488320}"
      2048,         0,         0,   0.106,standalone_exact_mw,9d8ad86e51451842b54dafc7680d1b486ef291963bb72c70f3cdd570d2d8fa34,"{""distance"":7,""physical_error_rate"":0.002}","{""detection_events"":12389,""detectors_checked"":1658880}"
      1024,         0,         0,   0.058,standalone_exact_mw,3bd544bb51e006261b45d3a2c996e28fc0c0449411cee5f7deafcd25d9539ebc,"{""distance"":7,""physical_error_rate"":0.001}","{""detection_events"":3235,""detectors_checked"":829440}"
      1280,         0,         0,   0.082,standalone_exact_mw,ba5ada56442ed2ba457be44e3218b165c8a19e21146c9941e841199e65961aae,"{""distance"":7,""physical_error_rate"":0.0005}","{""detection_events"":1963,""detectors_checked"":1036800}"
      1024,         0,         0,   0.090,standalone_exact_mw,9d8ad86e51451842b54dafc7680d1b486ef291963bb72c70f3cdd570d2d8fa34,"{""distance"":7,""physical_error_rate"":0.002}","{""detection_events"":6391,""detectors_checked"":829440}"
      4096,         0,         0,   0.105,standalone_exact_mw,3bd544bb51e006261b45d3a2c996e28fc0c0449411cee5f7deafcd25d9539ebc,"{""distance"":7,""physical_error_rate"":0.001}","{""detection_events"":12880,""detectors_checked"":3317760}"
      2048,         0,         0,   0.083,standalone_exact_mw,3bd544bb51e006261b45d3a2c996e28fc0c0449411cee5f7deafcd25d9539ebc,"{""distance"":7,""physical_error_rate"":0.001}","{""detection_events"":6345,""detectors_checked"":1658880}"
      4096,         0,         0,   0.150,standalone_exact_mw,ba5ada56442ed2ba457be44e3218b165c8a19e21146c9941e841199e65961aae,"{""distance"":7,""physical_error_rate"":0.0005}","{""detection_events"":6285,""detectors_checked"":3317760}"
      4096,         0,         0,   0.216,standalone_exact_mw,ba5ada56442ed2ba457be44e3218b165c8a19e21146c9941e841199e65961aae,"{""distance"":7,""physical_error_rate"":0.0005}","{""detection_events"":6755,""detectors_checked"":3317760}"
      2048,         0,         0,   0.120,standalone_exact_mw,9d8ad86e51451842b54dafc7680d1b486ef291963bb72c70f3cdd570d2d8fa34,"{""distance"":7,""physical_error_rate"":0.002}","{""detection_events"":12603,""detectors_checked"":1658880}"
      3072,         0,         0,   0.133,standalone_exact_mw,3bd544bb51e006261b45d3a2c996e28fc0c0449411cee5f7deafcd25d9539ebc,"{""distance"":7,""physical_error_rate"":0.001}","{""detection_events"":9573,""detectors_checked"":2488320}"
      1024,         0,         0,   0.112,standalone_exact_mw,9d8ad86e51451842b54dafc7680d1b486ef291963bb72c70f3cdd570d2d8fa34,"{""distance"":7,""physical_error_rate"":0.002}","{""detection_events"":6734,""detectors_checked"":829440}"
      1024,         0,         0,   0.075,standalone_exact_mw,3bd544bb51e006261b45d3a2c996e28fc0c0449411cee5f7deafcd25d9539ebc,"{""distance"":7,""physical_error_rate"":0.001}","{""detection_events"":3200,""detectors_checked"":829440}"
      3072,         0,         0,   0.243,standalone_exact_mw,9d8ad86e51451842b54dafc7680d1b486ef291963bb72c70f3cdd570d2d8fa34,"{""distance"":7,""physical_error_rate"":0.002}","{""detection_events"":19025,""detectors_checked"":2488320}"
      6144,         0,         0,   0.325,standalone_exact_mw,ba5ada56442ed2ba457be44e3218b165c8a19e21146c9941e841199e65961aae,"{""distance"":7,""physical_error_rate"":0.0005}","{""detection_events"":9477,""detectors_checked"":4976640}"
      3072,         0,         0,   0.131,standalone_exact_mw,3bd544bb51e006261b45d3a2c996e28fc0c0449411cee5f7deafcd25d9539ebc,"{""distance"":7,""physical_error_rate"":0.001}","{""detection_events"":9573,""detectors_checked"":2488320}"
      1024,         0,         0,   0.097,standalone_exact_mw,ba5ada56442ed2ba457be44e3218b165c8a19e21146c9941e841199e65961aae,"{""distance"":7,""physical_error_rate"":0.0005}","{""detection_events"":1634,""detectors_checked"":829440}"
      2048,         0,         0,   0.083,standalone_exact_mw,3bd544bb51e006261b45d3a2c996e28fc0c0449411cee5f7deafcd25d9539ebc,"{""distance"":7,""physical_error_rate"":0.001}","{""detection_events"":6673,""detectors_checked"":1658880}"
      2048,         0,         0,   0.097,standalone_exact_mw,3bd544bb51e006261b45d3a2c996e28fc0c0449411cee5f7deafcd25d9539ebc,"{""distance"":7,""physical_error_rate"":0.001}","{""detection_events"":6478,""detectors_checked"":1658880}"
      1024,         0,         0,   0.123,standalone_exact_mw,9d8ad86e51451842b54dafc7680d1b486ef291963bb72c70f3cdd570d2d8fa34,"{""distance"":7,""physical_error_rate"":0.002}","{""detection_events"":6476,""detectors_checked"":829440}"
      3072,         0,         0,   0.159,standalone_exact_mw,9d8ad86e51451842b54dafc7680d1b486ef291963bb72c70f3cdd570d2d8fa34,"{""distance"":7,""physical_error_rate"":0.002}","{""detection_events"":19021,""detectors_checked"":2488320}"
      1024,         0,         0,   0.252,standalone_exact_mw,9d8ad86e51451842b54dafc7680d1b486ef291963bb72c70f3cdd570d2d8fa34,"{""distance"":7,""physical_error_rate"":0.002}","{""detection_events"":6538,""detectors_checked"":829440}"
      1024,         0,         0,   0.090,standalone_exact_mw,9d8ad86e51451842b54dafc7680d1b486ef291963bb72c70f3cdd570d2d8fa34,"{""distance"":7,""physical_error_rate"":0.002}","{""detection_events"":6201,""detectors_checked"":829440}"
      2048,         0,         0,   0.106,standalone_exact_mw,9d8ad86e51451842b54dafc7680d1b486ef291963bb72c70f3cdd570d2d8fa34,"{""distance"":7,""physical_error_rate"":0.002}","{""detection_events"":12926,""detectors_checked"":1658880}"
      1024,         0,         0,   0.078,standalone_exact_mw,ba5ada56442ed2ba457be44e3218b165c8a19e21146c9941e841199e65961aae,"{""distance"":7,""physical_error_rate"":0.0005}","{""detection_events"":1494,""detectors_checked"":829440}"
      4096,         0,         0,   0.213,standalone_exact_mw,9d8ad86e51451842b54dafc7680d1b486ef291963bb72c70f3cdd570d2d8fa34,"{""distance"":7,""physical_error_rate"":0.002}","{""detection_events"":25490,""detectors_checked"":3317760}"
      2048,         0,         0,   0.081,standalone_exact_mw,3bd544bb51e006261b45d3a2c996e28fc0c0449411cee5f7deafcd25d9539ebc,"{""distance"":7,""physical_error_rate"":0.001}","{""detection_events"":6291,""detectors_checked"":1658880}"
      2048,         0,         0,   0.135,standalone_exact_mw,3bd544bb51e006261b45d3a2c996e28fc0c0449411cee5f7deafcd25d9539ebc,"{""distance"":7,""physical_error_rate"":0.001}","{""detection_events"":6324,""detectors_checked"":1658880}"
      4096,         0,         0,   0.270,standalone_exact_mw,3bd544bb51e006261b45d3a2c996e28fc0c0449411cee5f7deafcd25d9539ebc,"{""distance"":7,""physical_error_rate"":0.001}","{""detection_events"":13016,""detectors_checked"":3317760}"
      4096,         0,         0,   0.154,standalone_exact_mw,3bd544bb51e006261b45d3a2c996e28fc0c0449411cee5f7deafcd25d9539ebc,"{""distance"":7,""physical_error_rate"":0.001}","{""detection_events"":12705,""detectors_checked"":3317760}"
      1024,         0,         0,   0.084,standalone_exact_mw,9d8ad86e51451842b54dafc7680d1b486ef291963bb72c70f3cdd570d2d8fa34,"{""distance"":7,""physical_error_rate"":0.002}","{""detection_events"":6398,""detectors_checked"":829440}"
      1024,         0,         0,   0.112,standalone_exact_mw,9d8ad86e51451842b54dafc7680d1b486ef291963bb72c70f3cdd570d2d8fa34,"{""distance"":7,""physical_error_rate"":0.002}","{""detection_events"":6466,""detectors_checked"":829440}"
      6144,         0,         0,   0.211,standalone_exact_mw,ba5ada56442ed2ba457be44e3218b165c8a19e21146c9941e841199e65961aae,"{""distance"":7,""physical_error_rate"":0.0005}","{""detection_events"":9505,""detectors_checked"":4976640}"
      4096,         0,         0,   0.167,standalone_exact_mw,3bd544bb51e006261b45d3a2c996e28fc0c0449411cee5f7deafcd25d9539ebc,"{""distance"":7,""physical_error_rate"":0.001}","{""detection_events"":12981,""detectors_checked"":3317760}"
      1024,         0,         0,   0.111,standalone_exact_mw,9d8ad86e51451842b54dafc7680d1b486ef291963bb72c70f3cdd570d2d8fa34,"{""distance"":7,""physical_error_rate"":0.002}","{""detection_events"":6258,""detectors_checked"":829440}"
      1024,         0,         0,   0.078,standalone_exact_mw,ba5ada56442ed2ba457be44e3218b165c8a19e21146c9941e841199e65961aae,"{""distance"":7,""physical_error_rate"":0.0005}","{""detection_events"":1605,""detectors_checked"":829440}"
      1024,         0,         0,   0.082,standalone_exact_mw,9d8ad86e51451842b54dafc7680d1b486ef291963bb72c70f3cdd570d2d8fa34,"{""distance"":7,""physical_error_rate"":0.002}","{""detection_events"":6328,""detectors_checked"":829440}"
      2048,         0,         0,   0.116,standalone_exact_mw,3bd544bb51e006261b45d3a2c996e28fc0c0449411cee5f7deafcd25d9539ebc,"{""distance"":7,""physical_error_rate"":0.001}","{""detection_events"":6197,""detectors_checked"":1658880}"
      3072,         0,         0,   0.146,standalone_exact_mw,9d8ad86e51451842b54dafc7680d1b486ef291963bb72c70f3cdd570d2d8fa34,"{""distance"":7,""physical_error_rate"":0.002}","{""detection_events"":19010,""detectors_checked"":2488320}"
      3072,         0,         0,   0.131,standalone_exact_mw,3bd544bb51e006261b45d3a2c996e28fc0c0449411cee5f7deafcd25d9539ebc,"{""distance"":7,""physical_error_rate"":0.001}","{""detection_events"":9516,""detectors_checked"":2488320}"
     13312,         0,         0,   0.482,standalone_exact_mw,9d8ad86e51451842b54dafc7680d1b486ef291963bb72c70f3cdd570d2d8fa34,"{""distance"":7,""physical_error_rate"":0.002}","{""detection_events"":82550,""detectors_checked"":10782720}"
      4096,         0,         0,   0.227,standalone_exact_mw,3bd544bb51e006261b45d3a2c996e28fc0c0449411cee5f7deafcd25d9539ebc,"{""distance"":7,""physical_error_rate"":0.001}","{""detection_events"":12758,""detectors_checked"":3317760}"
      1024,         0,         0,   0.112,standalone_exact_mw,9d8ad86e51451842b54dafc7680d1b486ef291963bb72c70f3cdd570d2d8fa34,"{""distance"":7,""physical_error_rate"":0.002}","{""detection_events"":6508,""detectors_checked"":829440}"
      4096,         0,         0,   0.225,standalone_exact_mw,9d8ad86e51451842b54dafc7680d1b486ef291963bb72c70f3cdd570d2d8fa34,"{""distance"":7,""physical_error_rate"":0.002}","{""detection_events"":25718,""detectors_checked"":3317760}"
      6144,         0,         0,   0.304,standalone_exact_mw,ba5ada56442ed2ba457be44e3218b165c8a19e21146c9941e841199e65961aae,"{""distance"":7,""physical_error_rate"":0.0005}","{""detection_events"":9626,""detectors_checked"":4976640}"
      1024,         0,         0,   0.098,standalone_exact_mw,ba5ada56442ed2ba457be44e3218b165c8a19e21146c9941e841199e65961aae,"{""distance"":7,""physical_error_rate"":0.0005}","{""detection_events"":1511,""detectors_checked"":829440}"
      1024,         0,         0,   0.111,standalone_exact_mw,9d8ad86e51451842b54dafc7680d1b486ef291963bb72c70f3cdd570d2d8fa34,"{""distance"":7,""physical_error_rate"":0.002}","{""detection_events"":6469,""detectors_checked"":829440}"
       273,         0,         0,   0.010,standalone_exact_mw,3bd544bb51e006261b45d3a2c996e28fc0c0449411cee5f7deafcd25d9539ebc,"{""distance"":7,""physical_error_rate"":0.001}","{""detection_events"":840,""detectors_checked"":221130}"
      4096,         0,         0,   0.307,standalone_exact_mw,9d8ad86e51451842b54dafc7680d1b486ef291963bb72c70f3cdd570d2d8fa34,"{""distance"":7,""physical_error_rate"":0.002}","{""detection_events"":25297,""detectors_checked"":3317760}"
      5120,         0,         0,   0.228,standalone_exact_mw,3bd544bb51e006261b45d3a2c996e28fc0c0449411cee5f7deafcd25d9539ebc,"{""distance"":7,""physical_error_rate"":0.001}","{""detection_events"":16303,""detectors_checked"":4147200}"
      1024,         0,         0,   0.079,standalone_exact_mw,ba5ada56442ed2ba457be44e3218b165c8a19e21146c9941e841199e65961aae,"{""distance"":7,""physical_error_rate"":0.0005}","{""detection_events"":1543,""detectors_checked"":829440}"
      1024,         0,         0,   0.111,standalone_exact_mw,9d8ad86e51451842b54dafc7680d1b486ef291963bb72c70f3cdd570d2d8fa34,"{""distance"":7,""physical_error_rate"":0.002}","{""detection_events"":6158,""detectors_checked"":829440}"
        17,         0,         0,   0.024,standalone_exact_mw,ba5ada56442ed2ba457be44e3218b165c8a19e21146c9941e841199e65961aae,"{""distance"":7,""physical_error_rate"":0.0005}","{""detection_events"":25,""detectors_checked"":13770}"
      2048,         0,         0,   0.154,standalone_exact_mw,3bd544bb51e006261b45d3a2c996e28fc0c0449411cee5f7deafcd25d9539ebc,"{""distance"":7,""physical_error_rate"":0.001}","{""detection_events"":6613,""detectors_checked"":1658880}"
      5120,         0,         0,   0.223,standalone_exact_mw,3bd544bb51e006261b45d3a2c996e28fc0c0449411cee5f7deafcd25d9539ebc,"{""distance"":7,""physical_error_rate"":0.001}","{""detection_events"":15912,""detectors_checked"":4147200}"
      1024,         0,         0,   0.111,standalone_exact_mw,9d8ad86e51451842b54dafc7680d1b486ef291963bb72c70f3cdd570d2d8fa34,"{""distance"":7,""physical_error_rate"":0.002}","{""detection_events"":6473,""detectors_checked"":829440}"
       256,         0,         0,   0.025,standalone_exact_mw,ba5ada56442ed2ba457be44e3218b165c8a19e21146c9941e841199e65961aae,"{""distance"":7,""physical_error_rate"":0.0005}","{""detection_events"":398,""detectors_checked"":207360}"
      4096,         0,         0,   0.166,standalone_exact_mw,3bd544bb51e006261b45d3a2c996e28fc0c0449411cee5f7deafcd25d9539ebc,"{""distance"":7,""physical_error_rate"":0.001}","{""detection_events"":12648,""detectors_checked"":3317760}"
      6144,         0,         0,   0.320,standalone_exact_mw,9d8ad86e51451842b54dafc7680d1b486ef291963bb72c70f3cdd570d2d8fa34,"{""distance"":7,""physical_error_rate"":0.002}","{""detection_events"":38267,""detectors_checked"":4976640}"
      8192,         0,         0,   0.436,standalone_exact_mw,ba5ada56442ed2ba457be44e3218b165c8a19e21146c9941e841199e65961aae,"{""distance"":7,""physical_error_rate"":0.0005}","{""detection_events"":12803,""detectors_checked"":6635520}"
      5120,         0,         0,   0.319,standalone_exact_mw,3bd544bb51e006261b45d3a2c996e28fc0c0449411cee5f7deafcd25d9539ebc,"{""distance"":7,""physical_error_rate"":0.001}","{""detection_events"":15849,""detectors_checked"":4147200}"
      9216,         0,         0,   0.318,standalone_exact_mw,ba5ada56442ed2ba457be44e3218b165c8a19e21146c9941e841199e65961aae,"{""distance"":7,""physical_error_rate"":0.0005}","{""detection_events"":14553,""detectors_checked"":7464960}"
      1024,         0,         0,   0.124,standalone_exact_mw,3bd544bb51e006261b45d3a2c996e28fc0c0449411cee5f7deafcd25d9539ebc,"{""distance"":7,""physical_error_rate"":0.001}","{""detection_events"":3201,""detectors_checked"":829440}"
      2048,         0,         0,   0.265,standalone_exact_mw,9d8ad86e51451842b54dafc7680d1b486ef291963bb72c70f3cdd570d2d8fa34,"{""distance"":7,""physical_error_rate"":0.002}","{""detection_events"":12826,""detectors_checked"":1658880}"
      4096,         0,         0,   0.235,standalone_exact_mw,3bd544bb51e006261b45d3a2c996e28fc0c0449411cee5f7deafcd25d9539ebc,"{""distance"":7,""physical_error_rate"":0.001}","{""detection_events"":12979,""detectors_checked"":3317760}"
      4096,         0,         0,   0.268,standalone_exact_mw,9d8ad86e51451842b54dafc7680d1b486ef291963bb72c70f3cdd570d2d8fa34,"{""distance"":7,""physical_error_rate"":0.002}","{""detection_events"":25767,""detectors_checked"":3317760}"
      1024,         0,         0,   0.109,standalone_exact_mw,ba5ada56442ed2ba457be44e3218b165c8a19e21146c9941e841199e65961aae,"{""distance"":7,""physical_error_rate"":0.0005}","{""detection_events"":1728,""detectors_checked"":829440}"
      2048,         0,         0,   0.197,standalone_exact_mw,ba5ada56442ed2ba457be44e3218b165c8a19e21146c9941e841199e65961aae,"{""distance"":7,""physical_error_rate"":0.0005}","{""detection_events"":3218,""detectors_checked"":1658880}"
       273,         0,         0,   0.027,standalone_exact_mw,ba5ada56442ed2ba457be44e3218b165c8a19e21146c9941e841199e65961aae,"{""distance"":7,""physical_error_rate"":0.0005}","{""detection_events"":475,""detectors_checked"":221130}"
      2048,         0,         0,   0.225,standalone_exact_mw,9d8ad86e51451842b54dafc7680d1b486ef291963bb72c70f3cdd570d2d8fa34,"{""distance"":7,""physical_error_rate"":0.002}","{""detection_events"":12512,""detectors_checked"":1658880}"
      6144,         0,         0,   0.318,standalone_exact_mw,9d8ad86e51451842b54dafc7680d1b486ef291963bb72c70f3cdd570d2d8fa34,"{""distance"":7,""physical_error_rate"":0.002}","{""detection_events"":37877,""detectors_checked"":4976640}"
      1024,         0,         0,   0.121,standalone_exact_mw,3bd544bb51e006261b45d3a2c996e28fc0c0449411cee5f7deafcd25d9539ebc,"{""distance"":7,""physical_error_rate"":0.001}","{""detection_events"":3119,""detectors_checked"":829440}"
         1,         0,         0,   0.001,standalone_exact_mw,ba5ada56442ed2ba457be44e3218b165c8a19e21146c9941e841199e65961aae,"{""distance"":7,""physical_error_rate"":0.0005}","{""detectors_checked"":810}"
      1024,         0,         0,   0.054,standalone_exact_mw,ba5ada56442ed2ba457be44e3218b165c8a19e21146c9941e841199e65961aae,"{""distance"":7,""physical_error_rate"":0.0005}","{""detection_events"":1715,""detectors_checked"":829440}"
      2048,         0,         0,   0.225,standalone_exact_mw,9d8ad86e51451842b54dafc7680d1b486ef291963bb72c70f3cdd570d2d8fa34,"{""distance"":7,""physical_error_rate"":0.002}","{""detection_events"":12816,""detectors_checked"":1658880}"
      5120,         0,         0,   0.220,standalone_exact_mw,3bd544bb51e006261b45d3a2c996e28fc0c0449411cee5f7deafcd25d9539ebc,"{""distance"":7,""physical_error_rate"":0.001}","{""detection_events"":15989,""detectors_checked"":4147200}"
       272,         0,         0,   0.026,standalone_exact_mw,ba5ada56442ed2ba457be44e3218b165c8a19e21146c9941e841199e65961aae,"{""distance"":7,""physical_error_rate"":0.0005}","{""detection_events"":382,""detectors_checked"":220320}"
      1024,         0,         0,   0.039,standalone_exact_mw,3bd544bb51e006261b45d3a2c996e28fc0c0449411cee5f7deafcd25d9539ebc,"{""distance"":7,""physical_error_rate"":0.001}","{""detection_events"":3216,""detectors_checked"":829440}"
      1024,         0,         0,   0.033,standalone_exact_mw,ba5ada56442ed2ba457be44e3218b165c8a19e21146c9941e841199e65961aae,"{""distance"":7,""physical_error_rate"":0.0005}","{""detection_events"":1579,""detectors_checked"":829440}"
      1024,         0,         0,   0.133,standalone_exact_mw,ba5ada56442ed2ba457be44e3218b165c8a19e21146c9941e841199e65961aae,"{""distance"":7,""physical_error_rate"":0.0005}","{""detection_events"":1555,""detectors_checked"":829440}"
      4096,         0,         0,   0.268,standalone_exact_mw,3bd544bb51e006261b45d3a2c996e28fc0c0449411cee5f7deafcd25d9539ebc,"{""distance"":7,""physical_error_rate"":0.001}","{""detection_events"":12852,""detectors_checked"":3317760}"
      7168,         0,         0,   0.316,standalone_exact_mw,3bd544bb51e006261b45d3a2c996e28fc0c0449411cee5f7deafcd25d9539ebc,"{""distance"":7,""physical_error_rate"":0.001}","{""detection_events"":22247,""detectors_checked"":5806080}"
      1024,         0,         0,   0.035,standalone_exact_mw,3bd544bb51e006261b45d3a2c996e28fc0c0449411cee5f7deafcd25d9539ebc,"{""distance"":7,""physical_error_rate"":0.001}","{""detection_events"":3135,""detectors_checked"":829440}"
      1024,         0,         0,   0.044,standalone_exact_mw,ba5ada56442ed2ba457be44e3218b165c8a19e21146c9941e841199e65961aae,"{""distance"":7,""physical_error_rate"":0.0005}","{""detection_events"":1569,""detectors_checked"":829440}"
      1024,         0,         0,   0.047,standalone_exact_mw,ba5ada56442ed2ba457be44e3218b165c8a19e21146c9941e841199e65961aae,"{""distance"":7,""physical_error_rate"":0.0005}","{""detection_events"":1644,""detectors_checked"":829440}"
      7168,         0,         0,   0.311,standalone_exact_mw,3bd544bb51e006261b45d3a2c996e28fc0c0449411cee5f7deafcd25d9539ebc,"{""distance"":7,""physical_error_rate"":0.001}","{""detection_events"":22709,""detectors_checked"":5806080}"
      9216,         0,         0,   0.440,standalone_exact_mw,ba5ada56442ed2ba457be44e3218b165c8a19e21146c9941e841199e65961aae,"{""distance"":7,""physical_error_rate"":0.0005}","{""detection_events"":14298,""detectors_checked"":7464960}"
         1,         0,         0,   0.001,standalone_exact_mw,3bd544bb51e006261b45d3a2c996e28fc0c0449411cee5f7deafcd25d9539ebc,"{""distance"":7,""physical_error_rate"":0.001}","{""detectors_checked"":810}"
      2048,         0,         0,   0.222,standalone_exact_mw,9d8ad86e51451842b54dafc7680d1b486ef291963bb72c70f3cdd570d2d8fa34,"{""distance"":7,""physical_error_rate"":0.002}","{""detection_events"":13203,""detectors_checked"":1658880}"
       272,         0,         0,   0.027,standalone_exact_mw,3bd544bb51e006261b45d3a2c996e28fc0c0449411cee5f7deafcd25d9539ebc,"{""distance"":7,""physical_error_rate"":0.001}","{""detection_events"":850,""detectors_checked"":220320}"
      2048,         0,         0,   0.061,standalone_exact_mw,ba5ada56442ed2ba457be44e3218b165c8a19e21146c9941e841199e65961aae,"{""distance"":7,""physical_error_rate"":0.0005}","{""detection_events"":3235,""detectors_checked"":1658880}"
      2048,         0,         0,   0.423,standalone_exact_mw,9d8ad86e51451842b54dafc7680d1b486ef291963bb72c70f3cdd570d2d8fa34,"{""distance"":7,""physical_error_rate"":0.002}","{""detection_events"":12320,""detectors_checked"":1658880}"
      1024,         0,         0,   0.059,standalone_exact_mw,ba5ada56442ed2ba457be44e3218b165c8a19e21146c9941e841199e65961aae,"{""distance"":7,""physical_error_rate"":0.0005}","{""detection_events"":1541,""detectors_checked"":829440}"
      1024,         0,         0,   0.086,standalone_exact_mw,3bd544bb51e006261b45d3a2c996e28fc0c0449411cee5f7deafcd25d9539ebc,"{""distance"":7,""physical_error_rate"":0.001}","{""detection_events"":3050,""detectors_checked"":829440}"
      3072,         0,         0,   0.223,standalone_exact_mw,ba5ada56442ed2ba457be44e3218b165c8a19e21146c9941e841199e65961aae,"{""distance"":7,""physical_error_rate"":0.0005}","{""detection_events"":4657,""detectors_checked"":2488320}"
      9216,         0,         0,   0.300,standalone_exact_mw,3bd544bb51e006261b45d3a2c996e28fc0c0449411cee5f7deafcd25d9539ebc,"{""distance"":7,""physical_error_rate"":0.001}","{""detection_events"":29259,""detectors_checked"":7464960}"
      1024,         0,         0,   0.143,standalone_exact_mw,ba5ada56442ed2ba457be44e3218b165c8a19e21146c9941e841199e65961aae,"{""distance"":7,""physical_error_rate"":0.0005}","{""detection_events"":1641,""detectors_checked"":829440}"
      4096,         0,         0,   0.295,standalone_exact_mw,9d8ad86e51451842b54dafc7680d1b486ef291963bb72c70f3cdd570d2d8fa34,"{""distance"":7,""physical_error_rate"":0.002}","{""detection_events"":25251,""detectors_checked"":3317760}"
      1024,         0,         0,   0.059,standalone_exact_mw,3bd544bb51e006261b45d3a2c996e28fc0c0449411cee5f7deafcd25d9539ebc,"{""distance"":7,""physical_error_rate"":0.001}","{""detection_events"":3368,""detectors_checked"":829440}"
      2048,         0,         0,   0.221,standalone_exact_mw,9d8ad86e51451842b54dafc7680d1b486ef291963bb72c70f3cdd570d2d8fa34,"{""distance"":7,""physical_error_rate"":0.002}","{""detection_events"":12745,""detectors_checked"":1658880}"
      1024,         0,         0,   0.082,standalone_exact_mw,ba5ada56442ed2ba457be44e3218b165c8a19e21146c9941e841199e65961aae,"{""distance"":7,""physical_error_rate"":0.0005}","{""detection_events"":1463,""detectors_checked"":829440}"
     14336,         0,         0,   0.591,standalone_exact_mw,9d8ad86e51451842b54dafc7680d1b486ef291963bb72c70f3cdd570d2d8fa34,"{""distance"":7,""physical_error_rate"":0.002}","{""detection_events"":89012,""detectors_checked"":11612160}"
      2048,         0,         0,   0.221,standalone_exact_mw,9d8ad86e51451842b54dafc7680d1b486ef291963bb72c70f3cdd570d2d8fa34,"{""distance"":7,""physical_error_rate"":0.002}","{""detection_events"":12627,""detectors_checked"":1658880}"
      2048,         0,         0,   0.075,standalone_exact_mw,ba5ada56442ed2ba457be44e3218b165c8a19e21146c9941e841199e65961aae,"{""distance"":7,""physical_error_rate"":0.0005}","{""detection_events"":3358,""detectors_checked"":1658880}"
      8192,         0,         0,   0.437,standalone_exact_mw,9d8ad86e51451842b54dafc7680d1b486ef291963bb72c70f3cdd570d2d8fa34,"{""distance"":7,""physical_error_rate"":0.002}","{""detection_events"":51400,""detectors_checked"":6635520}"
      1024,         0,         0,   0.076,standalone_exact_mw,3bd544bb51e006261b45d3a2c996e28fc0c0449411cee5f7deafcd25d9539ebc,"{""distance"":7,""physical_error_rate"":0.001}","{""detection_events"":3216,""detectors_checked"":829440}"
     12288,         0,         0,   0.430,standalone_exact_mw,ba5ada56442ed2ba457be44e3218b165c8a19e21146c9941e841199e65961aae,"{""distance"":7,""physical_error_rate"":0.0005}","{""detection_events"":19397,""detectors_checked"":9953280}"
      7168,         0,         0,   0.458,standalone_exact_mw,3bd544bb51e006261b45d3a2c996e28fc0c0449411cee5f7deafcd25d9539ebc,"{""distance"":7,""physical_error_rate"":0.001}","{""detection_events"":22352,""detectors_checked"":5806080}"
      1024,         0,         0,   0.136,standalone_exact_mw,ba5ada56442ed2ba457be44e3218b165c8a19e21146c9941e841199e65961aae,"{""distance"":7,""physical_error_rate"":0.0005}","{""detection_events"":1599,""detectors_checked"":829440}"
      2048,         0,         0,   0.093,standalone_exact_mw,ba5ada56442ed2ba457be44e3218b165c8a19e21146c9941e841199e65961aae,"{""distance"":7,""physical_error_rate"":0.0005}","{""detection_events"":3229,""detectors_checked"":1658880}"
      1024,         0,         0,   0.059,standalone_exact_mw,3bd544bb51e006261b45d3a2c996e28fc0c0449411cee5f7deafcd25d9539ebc,"{""distance"":7,""physical_error_rate"":0.001}","{""detection_events"":3374,""detectors_checked"":829440}"
      7168,         0,         0,   0.299,standalone_exact_mw,3bd544bb51e006261b45d3a2c996e28fc0c0449411cee5f7deafcd25d9539ebc,"{""distance"":7,""physical_error_rate"":0.001}","{""detection_events"":22664,""detectors_checked"":5806080}"
      2048,         0,         0,   0.141,standalone_exact_mw,ba5ada56442ed2ba457be44e3218b165c8a19e21146c9941e841199e65961aae,"{""distance"":7,""physical_error_rate"":0.0005}","{""detection_events"":3288,""detectors_checked"":1658880}"
      5120,         0,         0,   0.327,standalone_exact_mw,3bd544bb51e006261b45d3a2c996e28fc0c0449411cee5f7deafcd25d9539ebc,"{""distance"":7,""physical_error_rate"":0.001}","{""detection_events"":15808,""detectors_checked"":4147200}"
      2048,         0,         0,   0.241,standalone_exact_mw,9d8ad86e51451842b54dafc7680d1b486ef291963bb72c70f3cdd570d2d8fa34,"{""distance"":7,""physical_error_rate"":0.002}","{""detection_events"":12772,""detectors_checked"":1658880}"
      1024,         0,         0,   0.219,standalone_exact_mw,3bd544bb51e006261b45d3a2c996e28fc0c0449411cee5f7deafcd25d9539ebc,"{""distance"":7,""physical_error_rate"":0.001}","{""detection_events"":3275,""detectors_checked"":829440}"
      1024,         0,         0,   0.076,standalone_exact_mw,ba5ada56442ed2ba457be44e3218b165c8a19e21146c9941e841199e65961aae,"{""distance"":7,""physical_error_rate"":0.0005}","{""detection_events"":1637,""detectors_checked"":829440}"
      1024,         0,         0,   0.076,standalone_exact_mw,3bd544bb51e006261b45d3a2c996e28fc0c0449411cee5f7deafcd25d9539ebc,"{""distance"":7,""physical_error_rate"":0.001}","{""detection_events"":2957,""detectors_checked"":829440}"
     11264,         0,         0,   0.587,standalone_exact_mw,ba5ada56442ed2ba457be44e3218b165c8a19e21146c9941e841199e65961aae,"{""distance"":7,""physical_error_rate"":0.0005}","{""detection_events"":17611,""detectors_checked"":9123840}"
      8192,         0,         0,   0.428,standalone_exact_mw,9d8ad86e51451842b54dafc7680d1b486ef291963bb72c70f3cdd570d2d8fa34,"{""distance"":7,""physical_error_rate"":0.002}","{""detection_events"":50502,""detectors_checked"":6635520}"
      1024,         0,         0,   0.115,standalone_exact_mw,ba5ada56442ed2ba457be44e3218b165c8a19e21146c9941e841199e65961aae,"{""distance"":7,""physical_error_rate"":0.0005}","{""detection_events"":1608,""detectors_checked"":829440}"
     10240,         0,         0,   0.432,standalone_exact_mw,3bd544bb51e006261b45d3a2c996e28fc0c0449411cee5f7deafcd25d9539ebc,"{""distance"":7,""physical_error_rate"":0.001}","{""detection_events"":31893,""detectors_checked"":8294400}"
      3072,         0,         0,   0.306,standalone_exact_mw,9d8ad86e51451842b54dafc7680d1b486ef291963bb72c70f3cdd570d2d8fa34,"{""distance"":7,""physical_error_rate"":0.002}","{""detection_events"":19577,""detectors_checked"":2488320}"
      2048,         0,         0,   0.141,standalone_exact_mw,ba5ada56442ed2ba457be44e3218b165c8a19e21146c9941e841199e65961aae,"{""distance"":7,""physical_error_rate"":0.0005}","{""detection_events"":3256,""detectors_checked"":1658880}"
      2048,         0,         0,   0.125,standalone_exact_mw,3bd544bb51e006261b45d3a2c996e28fc0c0449411cee5f7deafcd25d9539ebc,"{""distance"":7,""physical_error_rate"":0.001}","{""detection_events"":6298,""detectors_checked"":1658880}"
      3072,         0,         0,   0.374,standalone_exact_mw,ba5ada56442ed2ba457be44e3218b165c8a19e21146c9941e841199e65961aae,"{""distance"":7,""physical_error_rate"":0.0005}","{""detection_events"":4890,""detectors_checked"":2488320}"
      2048,         0,         0,   0.134,standalone_exact_mw,3bd544bb51e006261b45d3a2c996e28fc0c0449411cee5f7deafcd25d9539ebc,"{""distance"":7,""physical_error_rate"":0.001}","{""detection_events"":6376,""detectors_checked"":1658880}"
      2048,         0,         0,   0.141,standalone_exact_mw,ba5ada56442ed2ba457be44e3218b165c8a19e21146c9941e841199e65961aae,"{""distance"":7,""physical_error_rate"":0.0005}","{""detection_events"":3226,""detectors_checked"":1658880}"
      7168,         0,         0,   0.463,standalone_exact_mw,3bd544bb51e006261b45d3a2c996e28fc0c0449411cee5f7deafcd25d9539ebc,"{""distance"":7,""physical_error_rate"":0.001}","{""detection_events"":22245,""detectors_checked"":5806080}"
      1024,         0,         0,   0.139,standalone_exact_mw,ba5ada56442ed2ba457be44e3218b165c8a19e21146c9941e841199e65961aae,"{""distance"":7,""physical_error_rate"":0.0005}","{""detection_events"":1737,""detectors_checked"":829440}"
      3072,         0,         0,   0.346,standalone_exact_mw,9d8ad86e51451842b54dafc7680d1b486ef291963bb72c70f3cdd570d2d8fa34,"{""distance"":7,""physical_error_rate"":0.002}","{""detection_events"":18891,""detectors_checked"":2488320}"
      4096,         0,         0,   0.441,standalone_exact_mw,9d8ad86e51451842b54dafc7680d1b486ef291963bb72c70f3cdd570d2d8fa34,"{""distance"":7,""physical_error_rate"":0.002}","{""detection_events"":25559,""detectors_checked"":3317760}"
      2048,         0,         0,   0.134,standalone_exact_mw,3bd544bb51e006261b45d3a2c996e28fc0c0449411cee5f7deafcd25d9539ebc,"{""distance"":7,""physical_error_rate"":0.001}","{""detection_events"":6367,""detectors_checked"":1658880}"
     13312,         0,         0,   0.579,standalone_exact_mw,ba5ada56442ed2ba457be44e3218b165c8a19e21146c9941e841199e65961aae,"{""distance"":7,""physical_error_rate"":0.0005}","{""detection_events"":20836,""detectors_checked"":10782720}"
      2048,         0,         0,   0.193,standalone_exact_mw,3bd544bb51e006261b45d3a2c996e28fc0c0449411cee5f7deafcd25d9539ebc,"{""distance"":7,""physical_error_rate"":0.001}","{""detection_events"":6467,""detectors_checked"":1658880}"
      9216,         0,         0,   0.407,standalone_exact_mw,3bd544bb51e006261b45d3a2c996e28fc0c0449411cee5f7deafcd25d9539ebc,"{""distance"":7,""physical_error_rate"":0.001}","{""detection_events"":29147,""detectors_checked"":7464960}"
      2048,         0,         0,   0.222,standalone_exact_mw,ba5ada56442ed2ba457be44e3218b165c8a19e21146c9941e841199e65961aae,"{""distance"":7,""physical_error_rate"":0.0005}","{""detection_events"":3165,""detectors_checked"":1658880}"
      9216,         0,         0,   0.598,standalone_exact_mw,3bd544bb51e006261b45d3a2c996e28fc0c0449411cee5f7deafcd25d9539ebc,"{""distance"":7,""physical_error_rate"":0.001}","{""detection_events"":28429,""detectors_checked"":7464960}"
      6144,         0,         0,   0.405,standalone_exact_mw,3bd544bb51e006261b45d3a2c996e28fc0c0449411cee5f7deafcd25d9539ebc,"{""distance"":7,""physical_error_rate"":0.001}","{""detection_events"":19331,""detectors_checked"":4976640}"
      2048,         0,         0,   0.253,standalone_exact_mw,ba5ada56442ed2ba457be44e3218b165c8a19e21146c9941e841199e65961aae,"{""distance"":7,""physical_error_rate"":0.0005}","{""detection_events"":3232,""detectors_checked"":1658880}"
      3072,         0,         0,   0.325,standalone_exact_mw,ba5ada56442ed2ba457be44e3218b165c8a19e21146c9941e841199e65961aae,"{""distance"":7,""physical_error_rate"":0.0005}","{""detection_events"":4699,""detectors_checked"":2488320}"
     11264,         0,         0,   0.609,standalone_exact_mw,9d8ad86e51451842b54dafc7680d1b486ef291963bb72c70f3cdd570d2d8fa34,"{""distance"":7,""physical_error_rate"":0.002}","{""detection_events"":70365,""detectors_checked"":9123840}"
      3072,         0,         0,   0.193,standalone_exact_mw,3bd544bb51e006261b45d3a2c996e28fc0c0449411cee5f7deafcd25d9539ebc,"{""distance"":7,""physical_error_rate"":0.001}","{""detection_events"":9569,""detectors_checked"":2488320}"
      2048,         0,         0,   0.515,standalone_exact_mw,9d8ad86e51451842b54dafc7680d1b486ef291963bb72c70f3cdd570d2d8fa34,"{""distance"":7,""physical_error_rate"":0.002}","{""detection_events"":12799,""detectors_checked"":1658880}"
     16384,         0,         0,   0.578,standalone_exact_mw,ba5ada56442ed2ba457be44e3218b165c8a19e21146c9941e841199e65961aae,"{""distance"":7,""physical_error_rate"":0.0005}","{""detection_events"":25951,""detectors_checked"":13271040}"
      3072,         0,         0,   0.331,standalone_exact_mw,ba5ada56442ed2ba457be44e3218b165c8a19e21146c9941e841199e65961aae,"{""distance"":7,""physical_error_rate"":0.0005}","{""detection_events"":4841,""detectors_checked"":2488320}"
      3072,         0,         0,   0.757,standalone_exact_mw,9d8ad86e51451842b54dafc7680d1b486ef291963bb72c70f3cdd570d2d8fa34,"{""distance"":7,""physical_error_rate"":0.002}","{""detection_events"":19025,""detectors_checked"":2488320}"
      9216,         0,         0,   0.593,standalone_exact_mw,3bd544bb51e006261b45d3a2c996e28fc0c0449411cee5f7deafcd25d9539ebc,"{""distance"":7,""physical_error_rate"":0.001}","{""detection_events"":28543,""detectors_checked"":7464960}"
      8192,         0,         0,   0.423,standalone_exact_mw,9d8ad86e51451842b54dafc7680d1b486ef291963bb72c70f3cdd570d2d8fa34,"{""distance"":7,""physical_error_rate"":0.002}","{""detection_events"":50483,""detectors_checked"":6635520}"
      2048,         0,         0,   0.279,standalone_exact_mw,3bd544bb51e006261b45d3a2c996e28fc0c0449411cee5f7deafcd25d9539ebc,"{""distance"":7,""physical_error_rate"":0.001}","{""detection_events"":6360,""detectors_checked"":1658880}"
      3072,         0,         0,   0.428,standalone_exact_mw,9d8ad86e51451842b54dafc7680d1b486ef291963bb72c70f3cdd570d2d8fa34,"{""distance"":7,""physical_error_rate"":0.002}","{""detection_events"":19190,""detectors_checked"":2488320}"
     11264,         0,         0,   0.595,standalone_exact_mw,9d8ad86e51451842b54dafc7680d1b486ef291963bb72c70f3cdd570d2d8fa34,"{""distance"":7,""physical_error_rate"":0.002}","{""detection_events"":69112,""detectors_checked"":9123840}"
     13312,         0,         0,   0.575,standalone_exact_mw,3bd544bb51e006261b45d3a2c996e28fc0c0449411cee5f7deafcd25d9539ebc,"{""distance"":7,""physical_error_rate"":0.001}","{""detection_events"":41325,""detectors_checked"":10782720}"
      3072,         0,         0,   0.198,standalone_exact_mw,3bd544bb51e006261b45d3a2c996e28fc0c0449411cee5f7deafcd25d9539ebc,"{""distance"":7,""physical_error_rate"":0.001}","{""detection_events"":9663,""detectors_checked"":2488320}"
     20480,         0,         0,   0.866,standalone_exact_mw,9d8ad86e51451842b54dafc7680d1b486ef291963bb72c70f3cdd570d2d8fa34,"{""distance"":7,""physical_error_rate"":0.002}","{""detection_events"":127071,""detectors_checked"":16588800}"
      2048,         0,         0,   0.273,standalone_exact_mw,ba5ada56442ed2ba457be44e3218b165c8a19e21146c9941e841199e65961aae,"{""distance"":7,""physical_error_rate"":0.0005}","{""detection_events"":3329,""detectors_checked"":1658880}"
      9216,         0,         0,   0.592,standalone_exact_mw,3bd544bb51e006261b45d3a2c996e28fc0c0449411cee5f7deafcd25d9539ebc,"{""distance"":7,""physical_error_rate"":0.001}","{""detection_events"":28675,""detectors_checked"":7464960}"
      1024,         0,         0,   0.348,standalone_exact_mw,ba5ada56442ed2ba457be44e3218b165c8a19e21146c9941e841199e65961aae,"{""distance"":7,""physical_error_rate"":0.0005}","{""detection_events"":1511,""detectors_checked"":829440}"
      5120,         0,         0,   0.567,standalone_exact_mw,9d8ad86e51451842b54dafc7680d1b486ef291963bb72c70f3cdd570d2d8fa34,"{""distance"":7,""physical_error_rate"":0.002}","{""detection_events"":31958,""detectors_checked"":4147200}"
     15360,         0,         0,   0.815,standalone_exact_mw,ba5ada56442ed2ba457be44e3218b165c8a19e21146c9941e841199e65961aae,"{""distance"":7,""physical_error_rate"":0.0005}","{""detection_events"":24119,""detectors_checked"":12441600}"
      7168,         0,         0,   0.298,standalone_exact_mw,3bd544bb51e006261b45d3a2c996e28fc0c0449411cee5f7deafcd25d9539ebc,"{""distance"":7,""physical_error_rate"":0.001}","{""detection_events"":22153,""detectors_checked"":5806080}"
      2048,         0,         0,   0.533,standalone_exact_mw,ba5ada56442ed2ba457be44e3218b165c8a19e21146c9941e841199e65961aae,"{""distance"":7,""physical_error_rate"":0.0005}","{""detection_events"":3072,""detectors_checked"":1658880}"
      4096,         0,         0,   0.419,standalone_exact_mw,ba5ada56442ed2ba457be44e3218b165c8a19e21146c9941e841199e65961aae,"{""distance"":7,""physical_error_rate"":0.0005}","{""detection_events"":6432,""detectors_checked"":3317760}"
       273,         0,         0,   0.031,standalone_exact_mw,3bd544bb51e006261b45d3a2c996e28fc0c0449411cee5f7deafcd25d9539ebc,"{""distance"":7,""physical_error_rate"":0.001}","{""detection_events"":862,""detectors_checked"":221130}"
      4096,         0,         0,   0.423,standalone_exact_mw,9d8ad86e51451842b54dafc7680d1b486ef291963bb72c70f3cdd570d2d8fa34,"{""distance"":7,""physical_error_rate"":0.002}","{""detection_events"":25427,""detectors_checked"":3317760}"
     14336,         0,         0,   0.601,standalone_exact_mw,3bd544bb51e006261b45d3a2c996e28fc0c0449411cee5f7deafcd25d9539ebc,"{""distance"":7,""physical_error_rate"":0.001}","{""detection_events"":44778,""detectors_checked"":11612160}"
      9216,         0,         0,   0.591,standalone_exact_mw,3bd544bb51e006261b45d3a2c996e28fc0c0449411cee5f7deafcd25d9539ebc,"{""distance"":7,""physical_error_rate"":0.001}","{""detection_events"":28742,""detectors_checked"":7464960}"
      1024,         0,         0,   0.078,standalone_exact_mw,3bd544bb51e006261b45d3a2c996e28fc0c0449411cee5f7deafcd25d9539ebc,"{""distance"":7,""physical_error_rate"":0.001}","{""detection_events"":3131,""detectors_checked"":829440}"
      5120,         0,         0,   0.327,standalone_exact_mw,3bd544bb51e006261b45d3a2c996e28fc0c0449411cee5f7deafcd25d9539ebc,"{""distance"":7,""physical_error_rate"":0.001}","{""detection_events"":15852,""detectors_checked"":4147200}"
      4096,         0,         0,   0.292,standalone_exact_mw,ba5ada56442ed2ba457be44e3218b165c8a19e21146c9941e841199e65961aae,"{""distance"":7,""physical_error_rate"":0.0005}","{""detection_events"":6182,""detectors_checked"":3317760}"
      1024,         0,         0,   0.085,standalone_exact_mw,3bd544bb51e006261b45d3a2c996e28fc0c0449411cee5f7deafcd25d9539ebc,"{""distance"":7,""physical_error_rate"":0.001}","{""detection_events"":3255,""detectors_checked"":829440}"
      2048,         0,         0,   0.318,standalone_exact_mw,ba5ada56442ed2ba457be44e3218b165c8a19e21146c9941e841199e65961aae,"{""distance"":7,""physical_error_rate"":0.0005}","{""detection_events"":3210,""detectors_checked"":1658880}"
      3072,         0,         0,   0.729,standalone_exact_mw,3bd544bb51e006261b45d3a2c996e28fc0c0449411cee5f7deafcd25d9539ebc,"{""distance"":7,""physical_error_rate"":0.001}","{""detection_events"":9698,""detectors_checked"":2488320}"
     13312,         0,         0,   0.825,standalone_exact_mw,ba5ada56442ed2ba457be44e3218b165c8a19e21146c9941e841199e65961aae,"{""distance"":7,""physical_error_rate"":0.0005}","{""detection_events"":20992,""detectors_checked"":10782720}"
     11264,         0,         0,   0.581,standalone_exact_mw,9d8ad86e51451842b54dafc7680d1b486ef291963bb72c70f3cdd570d2d8fa34,"{""distance"":7,""physical_error_rate"":0.002}","{""detection_events"":70293,""detectors_checked"":9123840}"
      1024,         0,         0,   0.085,standalone_exact_mw,3bd544bb51e006261b45d3a2c996e28fc0c0449411cee5f7deafcd25d9539ebc,"{""distance"":7,""physical_error_rate"":0.001}","{""detection_events"":3195,""detectors_checked"":829440}"
      2048,         0,         0,   0.572,standalone_exact_mw,9d8ad86e51451842b54dafc7680d1b486ef291963bb72c70f3cdd570d2d8fa34,"{""distance"":7,""physical_error_rate"":0.002}","{""detection_events"":12925,""detectors_checked"":1658880}"
      1024,         0,         0,   0.085,standalone_exact_mw,3bd544bb51e006261b45d3a2c996e28fc0c0449411cee5f7deafcd25d9539ebc,"{""distance"":7,""physical_error_rate"":0.001}","{""detection_events"":3383,""detectors_checked"":829440}"
     15360,         0,         0,   0.812,standalone_exact_mw,9d8ad86e51451842b54dafc7680d1b486ef291963bb72c70f3cdd570d2d8fa34,"{""distance"":7,""physical_error_rate"":0.002}","{""detection_events"":95393,""detectors_checked"":12441600}"
     23552,         0,         0,   0.821,standalone_exact_mw,ba5ada56442ed2ba457be44e3218b165c8a19e21146c9941e841199e65961aae,"{""distance"":7,""physical_error_rate"":0.0005}","{""detection_events"":37240,""detectors_checked"":19077120}"
      1024,         0,         0,   0.085,standalone_exact_mw,3bd544bb51e006261b45d3a2c996e28fc0c0449411cee5f7deafcd25d9539ebc,"{""distance"":7,""physical_error_rate"":0.001}","{""detection_events"":3186,""detectors_checked"":829440}"
     13312,         0,         0,   0.850,standalone_exact_mw,3bd544bb51e006261b45d3a2c996e28fc0c0449411cee5f7deafcd25d9539ebc,"{""distance"":7,""physical_error_rate"":0.001}","{""detection_events"":41328,""detectors_checked"":10782720}"
      7168,         0,         0,   0.471,standalone_exact_mw,3bd544bb51e006261b45d3a2c996e28fc0c0449411cee5f7deafcd25d9539ebc,"{""distance"":7,""physical_error_rate"":0.001}","{""detection_events"":22599,""detectors_checked"":5806080}"
      6144,         0,         0,   0.405,standalone_exact_mw,3bd544bb51e006261b45d3a2c996e28fc0c0449411cee5f7deafcd25d9539ebc,"{""distance"":7,""physical_error_rate"":0.001}","{""detection_events"":19503,""detectors_checked"":4976640}"
      1024,         0,         0,   0.085,standalone_exact_mw,3bd544bb51e006261b45d3a2c996e28fc0c0449411cee5f7deafcd25d9539ebc,"{""distance"":7,""physical_error_rate"":0.001}","{""detection_events"":3281,""detectors_checked"":829440}"
     15360,         0,         0,   0.811,standalone_exact_mw,9d8ad86e51451842b54dafc7680d1b486ef291963bb72c70f3cdd570d2d8fa34,"{""distance"":7,""physical_error_rate"":0.002}","{""detection_events"":96013,""detectors_checked"":12441600}"
      6144,         0,         0,   0.424,standalone_exact_mw,ba5ada56442ed2ba457be44e3218b165c8a19e21146c9941e841199e65961aae,"{""distance"":7,""physical_error_rate"":0.0005}","{""detection_events"":9613,""detectors_checked"":4976640}"
     18432,         0,         0,   0.788,standalone_exact_mw,3bd544bb51e006261b45d3a2c996e28fc0c0449411cee5f7deafcd25d9539ebc,"{""distance"":7,""physical_error_rate"":0.001}","{""detection_events"":57561,""detectors_checked"":14929920}"
        17,         0,         0,   0.025,standalone_exact_mw,ba5ada56442ed2ba457be44e3218b165c8a19e21146c9941e841199e65961aae,"{""distance"":7,""physical_error_rate"":0.0005}","{""detection_events"":10,""detectors_checked"":13770}"
      8192,         0,         0,   0.411,standalone_exact_mw,ba5ada56442ed2ba457be44e3218b165c8a19e21146c9941e841199e65961aae,"{""distance"":7,""physical_error_rate"":0.0005}","{""detection_events"":12739,""detectors_checked"":6635520}"
      5120,         0,         0,    1.01,standalone_exact_mw,9d8ad86e51451842b54dafc7680d1b486ef291963bb72c70f3cdd570d2d8fa34,"{""distance"":7,""physical_error_rate"":0.002}","{""detection_events"":31724,""detectors_checked"":4147200}"
     10240,         0,         0,   0.606,standalone_exact_mw,9d8ad86e51451842b54dafc7680d1b486ef291963bb72c70f3cdd570d2d8fa34,"{""distance"":7,""physical_error_rate"":0.002}","{""detection_events"":63427,""detectors_checked"":8294400}"
      2048,         0,         0,   0.646,standalone_exact_mw,ba5ada56442ed2ba457be44e3218b165c8a19e21146c9941e841199e65961aae,"{""distance"":7,""physical_error_rate"":0.0005}","{""detection_events"":3238,""detectors_checked"":1658880}"
      6144,         0,         0,   0.655,standalone_exact_mw,ba5ada56442ed2ba457be44e3218b165c8a19e21146c9941e841199e65961aae,"{""distance"":7,""physical_error_rate"":0.0005}","{""detection_events"":9573,""detectors_checked"":4976640}"
     12288,         0,         0,   0.819,standalone_exact_mw,3bd544bb51e006261b45d3a2c996e28fc0c0449411cee5f7deafcd25d9539ebc,"{""distance"":7,""physical_error_rate"":0.001}","{""detection_events"":39054,""detectors_checked"":9953280}"
      1280,         0,         0,   0.105,standalone_exact_mw,ba5ada56442ed2ba457be44e3218b165c8a19e21146c9941e841199e65961aae,"{""distance"":7,""physical_error_rate"":0.0005}","{""detection_events"":2043,""detectors_checked"":1036800}"
      2048,         0,         0,   0.191,standalone_exact_mw,3bd544bb51e006261b45d3a2c996e28fc0c0449411cee5f7deafcd25d9539ebc,"{""distance"":7,""physical_error_rate"":0.001}","{""detection_events"":6362,""detectors_checked"":1658880}"
      8192,         0,         0,   0.851,standalone_exact_mw,9d8ad86e51451842b54dafc7680d1b486ef291963bb72c70f3cdd570d2d8fa34,"{""distance"":7,""physical_error_rate"":0.002}","{""detection_events"":50195,""detectors_checked"":6635520}"
      1024,         0,         0,   0.095,standalone_exact_mw,ba5ada56442ed2ba457be44e3218b165c8a19e21146c9941e841199e65961aae,"{""distance"":7,""physical_error_rate"":0.0005}","{""detection_events"":1713,""detectors_checked"":829440}"
     18432,         0,         0,   0.787,standalone_exact_mw,3bd544bb51e006261b45d3a2c996e28fc0c0449411cee5f7deafcd25d9539ebc,"{""distance"":7,""physical_error_rate"":0.001}","{""detection_events"":57954,""detectors_checked"":14929920}"
      2048,         0,         0,   0.171,standalone_exact_mw,3bd544bb51e006261b45d3a2c996e28fc0c0449411cee5f7deafcd25d9539ebc,"{""distance"":7,""physical_error_rate"":0.001}","{""detection_events"":6597,""detectors_checked"":1658880}"
     14336,         0,         0,   0.816,standalone_exact_mw,3bd544bb51e006261b45d3a2c996e28fc0c0449411cee5f7deafcd25d9539ebc,"{""distance"":7,""physical_error_rate"":0.001}","{""detection_events"":44722,""detectors_checked"":11612160}"
      1024,         0,         0,   0.117,standalone_exact_mw,ba5ada56442ed2ba457be44e3218b165c8a19e21146c9941e841199e65961aae,"{""distance"":7,""physical_error_rate"":0.0005}","{""detection_events"":1490,""detectors_checked"":829440}"
         1,         0,         0,   0.023,standalone_exact_mw,3bd544bb51e006261b45d3a2c996e28fc0c0449411cee5f7deafcd25d9539ebc,"{""distance"":7,""physical_error_rate"":0.001}","{""detection_events"":2,""detectors_checked"":810}"
       272,         0,         0,   0.029,standalone_exact_mw,3bd544bb51e006261b45d3a2c996e28fc0c0449411cee5f7deafcd25d9539ebc,"{""distance"":7,""physical_error_rate"":0.001}","{""detection_events"":825,""detectors_checked"":220320}"
      1024,         0,         0,   0.095,standalone_exact_mw,ba5ada56442ed2ba457be44e3218b165c8a19e21146c9941e841199e65961aae,"{""distance"":7,""physical_error_rate"":0.0005}","{""detection_events"":1580,""detectors_checked"":829440}"
     15360,         0,         0,   0.817,standalone_exact_mw,9d8ad86e51451842b54dafc7680d1b486ef291963bb72c70f3cdd570d2d8fa34,"{""distance"":7,""physical_error_rate"":0.002}","{""detection_events"":95791,""detectors_checked"":12441600}"
     18432,         0,         0,    1.13,standalone_exact_mw,ba5ada56442ed2ba457be44e3218b165c8a19e21146c9941e841199e65961aae,"{""distance"":7,""physical_error_rate"":0.0005}","{""detection_events"":29073,""detectors_checked"":14929920}"
        17,         0,         0,   0.030,standalone_exact_mw,ba5ada56442ed2ba457be44e3218b165c8a19e21146c9941e841199e65961aae,"{""distance"":7,""physical_error_rate"":0.0005}","{""detection_events"":10,""detectors_checked"":13770}"
     10240,         0,         0,   0.864,standalone_exact_mw,3bd544bb51e006261b45d3a2c996e28fc0c0449411cee5f7deafcd25d9539ebc,"{""distance"":7,""physical_error_rate"":0.001}","{""detection_events"":31938,""detectors_checked"":8294400}"
     14336,         0,         0,    1.28,standalone_exact_mw,9d8ad86e51451842b54dafc7680d1b486ef291963bb72c70f3cdd570d2d8fa34,"{""distance"":7,""physical_error_rate"":0.002}","{""detection_events"":88995,""detectors_checked"":11612160}"
      3072,         0,         0,   0.811,standalone_exact_mw,9d8ad86e51451842b54dafc7680d1b486ef291963bb72c70f3cdd570d2d8fa34,"{""distance"":7,""physical_error_rate"":0.002}","{""detection_events"":19190,""detectors_checked"":2488320}"
      5120,         0,         0,   0.549,standalone_exact_mw,3bd544bb51e006261b45d3a2c996e28fc0c0449411cee5f7deafcd25d9539ebc,"{""distance"":7,""physical_error_rate"":0.001}","{""detection_events"":16288,""detectors_checked"":4147200}"
      1024,         0,         0,   0.086,standalone_exact_mw,3bd544bb51e006261b45d3a2c996e28fc0c0449411cee5f7deafcd25d9539ebc,"{""distance"":7,""physical_error_rate"":0.001}","{""detection_events"":3270,""detectors_checked"":829440}"
       256,         0,         0,   0.030,standalone_exact_mw,ba5ada56442ed2ba457be44e3218b165c8a19e21146c9941e841199e65961aae,"{""distance"":7,""physical_error_rate"":0.0005}","{""detection_events"":368,""detectors_checked"":207360}"
      7168,         0,         0,   0.669,standalone_exact_mw,3bd544bb51e006261b45d3a2c996e28fc0c0449411cee5f7deafcd25d9539ebc,"{""distance"":7,""physical_error_rate"":0.001}","{""detection_events"":22211,""detectors_checked"":5806080}"
      8192,         0,         0,   0.568,standalone_exact_mw,ba5ada56442ed2ba457be44e3218b165c8a19e21146c9941e841199e65961aae,"{""distance"":7,""physical_error_rate"":0.0005}","{""detection_events"":13155,""detectors_checked"":6635520}"
      1024,         0,         0,   0.083,standalone_exact_mw,ba5ada56442ed2ba457be44e3218b165c8a19e21146c9941e841199e65961aae,"{""distance"":7,""physical_error_rate"":0.0005}","{""detection_events"":1522,""detectors_checked"":829440}"
      3072,         0,         0,   0.279,standalone_exact_mw,3bd544bb51e006261b45d3a2c996e28fc0c0449411cee5f7deafcd25d9539ebc,"{""distance"":7,""physical_error_rate"":0.001}","{""detection_events"":9490,""detectors_checked"":2488320}"
      1024,         0,         0,   0.085,standalone_exact_mw,3bd544bb51e006261b45d3a2c996e28fc0c0449411cee5f7deafcd25d9539ebc,"{""distance"":7,""physical_error_rate"":0.001}","{""detection_events"":3081,""detectors_checked"":829440}"
     10240,         0,         0,   0.563,standalone_exact_mw,ba5ada56442ed2ba457be44e3218b165c8a19e21146c9941e841199e65961aae,"{""distance"":7,""physical_error_rate"":0.0005}","{""detection_events"":15956,""detectors_checked"":8294400}"
       273,         0,         0,   0.029,standalone_exact_mw,9d8ad86e51451842b54dafc7680d1b486ef291963bb72c70f3cdd570d2d8fa34,"{""distance"":7,""physical_error_rate"":0.002}","{""detection_events"":1659,""detectors_checked"":221130}"
      1024,         0,         0,   0.107,standalone_exact_mw,3bd544bb51e006261b45d3a2c996e28fc0c0449411cee5f7deafcd25d9539ebc,"{""distance"":7,""physical_error_rate"":0.001}","{""detection_events"":3166,""detectors_checked"":829440}"
      2048,         0,         0,   0.667,standalone_exact_mw,ba5ada56442ed2ba457be44e3218b165c8a19e21146c9941e841199e65961aae,"{""distance"":7,""physical_error_rate"":0.0005}","{""detection_events"":3315,""detectors_checked"":1658880}"
      1024,         0,         0,   0.081,standalone_exact_mw,9d8ad86e51451842b54dafc7680d1b486ef291963bb72c70f3cdd570d2d8fa34,"{""distance"":7,""physical_error_rate"":0.002}","{""detection_events"":6488,""detectors_checked"":829440}"
     24576,         0,         0,    1.13,standalone_exact_mw,ba5ada56442ed2ba457be44e3218b165c8a19e21146c9941e841199e65961aae,"{""distance"":7,""physical_error_rate"":0.0005}","{""detection_events"":38801,""detectors_checked"":19906560}"
      1024,         0,         0,   0.081,standalone_exact_mw,3bd544bb51e006261b45d3a2c996e28fc0c0449411cee5f7deafcd25d9539ebc,"{""distance"":7,""physical_error_rate"":0.001}","{""detection_events"":3164,""detectors_checked"":829440}"
      1024,         0,         0,   0.277,standalone_exact_mw,ba5ada56442ed2ba457be44e3218b165c8a19e21146c9941e841199e65961aae,"{""distance"":7,""physical_error_rate"":0.0005}","{""detection_events"":1519,""detectors_checked"":829440}"
      1024,         0,         0,   0.105,standalone_exact_mw,9d8ad86e51451842b54dafc7680d1b486ef291963bb72c70f3cdd570d2d8fa34,"{""distance"":7,""physical_error_rate"":0.002}","{""detection_events"":6188,""detectors_checked"":829440}"
      1024,         0,         0,   0.313,standalone_exact_mw,ba5ada56442ed2ba457be44e3218b165c8a19e21146c9941e841199e65961aae,"{""distance"":7,""physical_error_rate"":0.0005}","{""detection_events"":1628,""detectors_checked"":829440}"
     15360,         0,         0,   0.842,standalone_exact_mw,9d8ad86e51451842b54dafc7680d1b486ef291963bb72c70f3cdd570d2d8fa34,"{""distance"":7,""physical_error_rate"":0.002}","{""detection_events"":96188,""detectors_checked"":12441600}"
      1024,         0,         0,   0.123,standalone_exact_mw,3bd544bb51e006261b45d3a2c996e28fc0c0449411cee5f7deafcd25d9539ebc,"{""distance"":7,""physical_error_rate"":0.001}","{""detection_events"":3122,""detectors_checked"":829440}"
     21504,         0,         0,    1.14,standalone_exact_mw,9d8ad86e51451842b54dafc7680d1b486ef291963bb72c70f3cdd570d2d8fa34,"{""distance"":7,""physical_error_rate"":0.002}","{""detection_events"":133771,""detectors_checked"":17418240}"
      9216,         0,         0,   0.853,standalone_exact_mw,ba5ada56442ed2ba457be44e3218b165c8a19e21146c9941e841199e65961aae,"{""distance"":7,""physical_error_rate"":0.0005}","{""detection_events"":14385,""detectors_checked"":7464960}"
     10240,         0,         0,    1.12,standalone_exact_mw,ba5ada56442ed2ba457be44e3218b165c8a19e21146c9941e841199e65961aae,"{""distance"":7,""physical_error_rate"":0.0005}","{""detection_events"":15750,""detectors_checked"":8294400}"
      1024,         0,         0,   0.193,standalone_exact_mw,ba5ada56442ed2ba457be44e3218b165c8a19e21146c9941e841199e65961aae,"{""distance"":7,""physical_error_rate"":0.0005}","{""detection_events"":1646,""detectors_checked"":829440}"
      4096,         0,         0,   0.434,standalone_exact_mw,3bd544bb51e006261b45d3a2c996e28fc0c0449411cee5f7deafcd25d9539ebc,"{""distance"":7,""physical_error_rate"":0.001}","{""detection_events"":12919,""detectors_checked"":3317760}"
      1024,         0,         0,   0.123,standalone_exact_mw,3bd544bb51e006261b45d3a2c996e28fc0c0449411cee5f7deafcd25d9539ebc,"{""distance"":7,""physical_error_rate"":0.001}","{""detection_events"":3201,""detectors_checked"":829440}"
       273,         0,         0,   0.029,standalone_exact_mw,ba5ada56442ed2ba457be44e3218b165c8a19e21146c9941e841199e65961aae,"{""distance"":7,""physical_error_rate"":0.0005}","{""detection_events"":420,""detectors_checked"":221130}"
      1024,         0,         0,   0.149,standalone_exact_mw,ba5ada56442ed2ba457be44e3218b165c8a19e21146c9941e841199e65961aae,"{""distance"":7,""physical_error_rate"":0.0005}","{""detection_events"":1527,""detectors_checked"":829440}"
     13312,         0,         0,    1.20,standalone_exact_mw,3bd544bb51e006261b45d3a2c996e28fc0c0449411cee5f7deafcd25d9539ebc,"{""distance"":7,""physical_error_rate"":0.001}","{""detection_events"":41110,""detectors_checked"":10782720}"
     21504,         0,         0,    1.13,standalone_exact_mw,9d8ad86e51451842b54dafc7680d1b486ef291963bb72c70f3cdd570d2d8fa34,"{""distance"":7,""physical_error_rate"":0.002}","{""detection_events"":133064,""detectors_checked"":17418240}"
      1024,         0,         0,   0.258,standalone_exact_mw,9d8ad86e51451842b54dafc7680d1b486ef291963bb72c70f3cdd570d2d8fa34,"{""distance"":7,""physical_error_rate"":0.002}","{""detection_events"":6277,""detectors_checked"":829440}"
      1024,         0,         0,   0.119,standalone_exact_mw,ba5ada56442ed2ba457be44e3218b165c8a19e21146c9941e841199e65961aae,"{""distance"":7,""physical_error_rate"":0.0005}","{""detection_events"":1721,""detectors_checked"":829440}"
     26624,         0,         0,    1.14,standalone_exact_mw,3bd544bb51e006261b45d3a2c996e28fc0c0449411cee5f7deafcd25d9539ebc,"{""distance"":7,""physical_error_rate"":0.001}","{""detection_events"":83427,""detectors_checked"":21565440}"
      1024,         0,         0,   0.099,standalone_exact_mw,ba5ada56442ed2ba457be44e3218b165c8a19e21146c9941e841199e65961aae,"{""distance"":7,""physical_error_rate"":0.0005}","{""detection_events"":1541,""detectors_checked"":829440}"
      7168,         0,         0,    1.13,standalone_exact_mw,9d8ad86e51451842b54dafc7680d1b486ef291963bb72c70f3cdd570d2d8fa34,"{""distance"":7,""physical_error_rate"":0.002}","{""detection_events"":44605,""detectors_checked"":5806080}"
      1024,         0,         0,   0.041,standalone_exact_mw,ba5ada56442ed2ba457be44e3218b165c8a19e21146c9941e841199e65961aae,"{""distance"":7,""physical_error_rate"":0.0005}","{""detection_events"":1596,""detectors_checked"":829440}"
      1024,         0,         0,   0.125,standalone_exact_mw,9d8ad86e51451842b54dafc7680d1b486ef291963bb72c70f3cdd570d2d8fa34,"{""distance"":7,""physical_error_rate"":0.002}","{""detection_events"":6558,""detectors_checked"":829440}"
      1024,         0,         0,   0.118,standalone_exact_mw,ba5ada56442ed2ba457be44e3218b165c8a19e21146c9941e841199e65961aae,"{""distance"":7,""physical_error_rate"":0.0005}","{""detection_events"":1570,""detectors_checked"":829440}"
         1,         0,         0,   0.002,standalone_exact_mw,ba5ada56442ed2ba457be44e3218b165c8a19e21146c9941e841199e65961aae,"{""distance"":7,""physical_error_rate"":0.0005}","{""detection_events"":1,""detectors_checked"":810}"
     10240,         0,         0,    1.12,standalone_exact_mw,3bd544bb51e006261b45d3a2c996e28fc0c0449411cee5f7deafcd25d9539ebc,"{""distance"":7,""physical_error_rate"":0.001}","{""detection_events"":31748,""detectors_checked"":8294400}"
      2048,         0,         0,   0.230,standalone_exact_mw,3bd544bb51e006261b45d3a2c996e28fc0c0449411cee5f7deafcd25d9539ebc,"{""distance"":7,""physical_error_rate"":0.001}","{""detection_events"":6518,""detectors_checked"":1658880}"
      2048,         0,         0,   0.215,standalone_exact_mw,ba5ada56442ed2ba457be44e3218b165c8a19e21146c9941e841199e65961aae,"{""distance"":7,""physical_error_rate"":0.0005}","{""detection_events"":3175,""detectors_checked"":1658880}"
      1024,         0,         0,   0.069,standalone_exact_mw,ba5ada56442ed2ba457be44e3218b165c8a19e21146c9941e841199e65961aae,"{""distance"":7,""physical_error_rate"":0.0005}","{""detection_events"":1634,""detectors_checked"":829440}"
     13312,         0,         0,    1.12,standalone_exact_mw,9d8ad86e51451842b54dafc7680d1b486ef291963bb72c70f3cdd570d2d8fa34,"{""distance"":7,""physical_error_rate"":0.002}","{""detection_events"":82179,""detectors_checked"":10782720}"
      1296,         0,         0,   0.071,standalone_exact_mw,ba5ada56442ed2ba457be44e3218b165c8a19e21146c9941e841199e65961aae,"{""distance"":7,""physical_error_rate"":0.0005}","{""detection_events"":2103,""detectors_checked"":1049760}"
      1024,         0,         0,   0.105,standalone_exact_mw,ba5ada56442ed2ba457be44e3218b165c8a19e21146c9941e841199e65961aae,"{""distance"":7,""physical_error_rate"":0.0005}","{""detection_events"":1585,""detectors_checked"":829440}"
     11264,         0,         0,   0.814,standalone_exact_mw,ba5ada56442ed2ba457be44e3218b165c8a19e21146c9941e841199e65961aae,"{""distance"":7,""physical_error_rate"":0.0005}","{""detection_events"":17426,""detectors_checked"":9123840}"
     43008,         0,         0,    1.11,standalone_exact_mw,3bd544bb51e006261b45d3a2c996e28fc0c0449411cee5f7deafcd25d9539ebc,"{""distance"":7,""physical_error_rate"":0.001}","{""detection_events"":135434,""detectors_checked"":34836480}"
      1024,         0,         0,   0.061,standalone_exact_mw,ba5ada56442ed2ba457be44e3218b165c8a19e21146c9941e841199e65961aae,"{""distance"":7,""physical_error_rate"":0.0005}","{""detection_events"":1603,""detectors_checked"":829440}"
      1024,         0,         0,   0.125,standalone_exact_mw,ba5ada56442ed2ba457be44e3218b165c8a19e21146c9941e841199e65961aae,"{""distance"":7,""physical_error_rate"":0.0005}","{""detection_events"":1616,""detectors_checked"":829440}"
      1024,         0,         0,   0.155,standalone_exact_mw,9d8ad86e51451842b54dafc7680d1b486ef291963bb72c70f3cdd570d2d8fa34,"{""distance"":7,""physical_error_rate"":0.002}","{""detection_events"":6418,""detectors_checked"":829440}"
      4096,         0,         0,   0.882,standalone_exact_mw,3bd544bb51e006261b45d3a2c996e28fc0c0449411cee5f7deafcd25d9539ebc,"{""distance"":7,""physical_error_rate"":0.001}","{""detection_events"":12900,""detectors_checked"":3317760}"
      4096,         0,         0,   0.676,standalone_exact_mw,ba5ada56442ed2ba457be44e3218b165c8a19e21146c9941e841199e65961aae,"{""distance"":7,""physical_error_rate"":0.0005}","{""detection_events"":6474,""detectors_checked"":3317760}"
     25600,         0,         0,    1.11,standalone_exact_mw,3bd544bb51e006261b45d3a2c996e28fc0c0449411cee5f7deafcd25d9539ebc,"{""distance"":7,""physical_error_rate"":0.001}","{""detection_events"":79888,""detectors_checked"":20736000}"
     13312,         0,         0,   0.846,standalone_exact_mw,ba5ada56442ed2ba457be44e3218b165c8a19e21146c9941e841199e65961aae,"{""distance"":7,""physical_error_rate"":0.0005}","{""detection_events"":21081,""detectors_checked"":10782720}"
      1024,         0,         0,   0.117,standalone_exact_mw,ba5ada56442ed2ba457be44e3218b165c8a19e21146c9941e841199e65961aae,"{""distance"":7,""physical_error_rate"":0.0005}","{""detection_events"":1595,""detectors_checked"":829440}"
      3072,         0,         0,   0.213,standalone_exact_mw,3bd544bb51e006261b45d3a2c996e28fc0c0449411cee5f7deafcd25d9539ebc,"{""distance"":7,""physical_error_rate"":0.001}","{""detection_events"":9469,""detectors_checked"":2488320}"
      1024,         0,         0,   0.089,standalone_exact_mw,ba5ada56442ed2ba457be44e3218b165c8a19e21146c9941e841199e65961aae,"{""distance"":7,""physical_error_rate"":0.0005}","{""detection_events"":1710,""detectors_checked"":829440}"
      5120,         0,         0,   0.975,standalone_exact_mw,3bd544bb51e006261b45d3a2c996e28fc0c0449411cee5f7deafcd25d9539ebc,"{""distance"":7,""physical_error_rate"":0.001}","{""detection_events"":16016,""detectors_checked"":4147200}"
      6144,         0,         0,   0.482,standalone_exact_mw,3bd544bb51e006261b45d3a2c996e28fc0c0449411cee5f7deafcd25d9539ebc,"{""distance"":7,""physical_error_rate"":0.001}","{""detection_events"":19118,""detectors_checked"":4976640}"
      1024,         0,         0,   0.098,standalone_exact_mw,ba5ada56442ed2ba457be44e3218b165c8a19e21146c9941e841199e65961aae,"{""distance"":7,""physical_error_rate"":0.0005}","{""detection_events"":1538,""detectors_checked"":829440}"
      2048,         0,         0,   0.246,standalone_exact_mw,ba5ada56442ed2ba457be44e3218b165c8a19e21146c9941e841199e65961aae,"{""distance"":7,""physical_error_rate"":0.0005}","{""detection_events"":3233,""detectors_checked"":1658880}"
      1024,         0,         0,   0.077,standalone_exact_mw,ba5ada56442ed2ba457be44e3218b165c8a19e21146c9941e841199e65961aae,"{""distance"":7,""physical_error_rate"":0.0005}","{""detection_events"":1654,""detectors_checked"":829440}"
     17408,         0,         0,    1.13,standalone_exact_mw,9d8ad86e51451842b54dafc7680d1b486ef291963bb72c70f3cdd570d2d8fa34,"{""distance"":7,""physical_error_rate"":0.002}","{""detection_events"":107333,""detectors_checked"":14100480}"
      1024,         0,         0,   0.179,standalone_exact_mw,9d8ad86e51451842b54dafc7680d1b486ef291963bb72c70f3cdd570d2d8fa34,"{""distance"":7,""physical_error_rate"":0.002}","{""detection_events"":6318,""detectors_checked"":829440}"
      1024,         0,         0,   0.078,standalone_exact_mw,ba5ada56442ed2ba457be44e3218b165c8a19e21146c9941e841199e65961aae,"{""distance"":7,""physical_error_rate"":0.0005}","{""detection_events"":1567,""detectors_checked"":829440}"
      1024,         0,         0,   0.102,standalone_exact_mw,ba5ada56442ed2ba457be44e3218b165c8a19e21146c9941e841199e65961aae,"{""distance"":7,""physical_error_rate"":0.0005}","{""detection_events"":1563,""detectors_checked"":829440}"
     13312,         0,         0,    1.19,standalone_exact_mw,3bd544bb51e006261b45d3a2c996e28fc0c0449411cee5f7deafcd25d9539ebc,"{""distance"":7,""physical_error_rate"":0.001}","{""detection_events"":41560,""detectors_checked"":10782720}"
      2048,         0,         0,   0.212,standalone_exact_mw,ba5ada56442ed2ba457be44e3218b165c8a19e21146c9941e841199e65961aae,"{""distance"":7,""physical_error_rate"":0.0005}","{""detection_events"":3318,""detectors_checked"":1658880}"
      7168,         0,         0,    1.19,standalone_exact_mw,9d8ad86e51451842b54dafc7680d1b486ef291963bb72c70f3cdd570d2d8fa34,"{""distance"":7,""physical_error_rate"":0.002}","{""detection_events"":44358,""detectors_checked"":5806080}"
      1024,         0,         0,   0.145,standalone_exact_mw,9d8ad86e51451842b54dafc7680d1b486ef291963bb72c70f3cdd570d2d8fa34,"{""distance"":7,""physical_error_rate"":0.002}","{""detection_events"":6236,""detectors_checked"":829440}"
      1024,         0,         0,   0.080,standalone_exact_mw,ba5ada56442ed2ba457be44e3218b165c8a19e21146c9941e841199e65961aae,"{""distance"":7,""physical_error_rate"":0.0005}","{""detection_events"":1547,""detectors_checked"":829440}"
      2048,         0,         0,   0.177,standalone_exact_mw,ba5ada56442ed2ba457be44e3218b165c8a19e21146c9941e841199e65961aae,"{""distance"":7,""physical_error_rate"":0.0005}","{""detection_events"":3226,""detectors_checked"":1658880}"
      7168,         0,         0,   0.311,standalone_exact_mw,3bd544bb51e006261b45d3a2c996e28fc0c0449411cee5f7deafcd25d9539ebc,"{""distance"":7,""physical_error_rate"":0.001}","{""detection_events"":22618,""detectors_checked"":5806080}"
      1024,         0,         0,   0.150,standalone_exact_mw,ba5ada56442ed2ba457be44e3218b165c8a19e21146c9941e841199e65961aae,"{""distance"":7,""physical_error_rate"":0.0005}","{""detection_events"":1566,""detectors_checked"":829440}"
      2048,         0,         0,   0.177,standalone_exact_mw,ba5ada56442ed2ba457be44e3218b165c8a19e21146c9941e841199e65961aae,"{""distance"":7,""physical_error_rate"":0.0005}","{""detection_events"":3262,""detectors_checked"":1658880}"
      3072,         0,         0,   0.472,standalone_exact_mw,ba5ada56442ed2ba457be44e3218b165c8a19e21146c9941e841199e65961aae,"{""distance"":7,""physical_error_rate"":0.0005}","{""detection_events"":4797,""detectors_checked"":2488320}"
      1024,         0,         0,   0.264,standalone_exact_mw,9d8ad86e51451842b54dafc7680d1b486ef291963bb72c70f3cdd570d2d8fa34,"{""distance"":7,""physical_error_rate"":0.002}","{""detection_events"":6341,""detectors_checked"":829440}"
     26624,         0,         0,    1.56,standalone_exact_mw,9d8ad86e51451842b54dafc7680d1b486ef291963bb72c70f3cdd570d2d8fa34,"{""distance"":7,""physical_error_rate"":0.002}","{""detection_events"":165596,""detectors_checked"":21565440}"
     14336,         0,         0,    1.16,standalone_exact_mw,9d8ad86e51451842b54dafc7680d1b486ef291963bb72c70f3cdd570d2d8fa34,"{""distance"":7,""physical_error_rate"":0.002}","{""detection_events"":88839,""detectors_checked"":11612160}"
     29696,         0,         0,    1.58,standalone_exact_mw,ba5ada56442ed2ba457be44e3218b165c8a19e21146c9941e841199e65961aae,"{""distance"":7,""physical_error_rate"":0.0005}","{""detection_events"":47112,""detectors_checked"":24053760}"
      9216,         0,         0,    1.11,standalone_exact_mw,ba5ada56442ed2ba457be44e3218b165c8a19e21146c9941e841199e65961aae,"{""distance"":7,""physical_error_rate"":0.0005}","{""detection_events"":14436,""detectors_checked"":7464960}"
      1024,         0,         0,   0.170,standalone_exact_mw,ba5ada56442ed2ba457be44e3218b165c8a19e21146c9941e841199e65961aae,"{""distance"":7,""physical_error_rate"":0.0005}","{""detection_events"":1614,""detectors_checked"":829440}"
      7168,         0,         0,   0.616,standalone_exact_mw,3bd544bb51e006261b45d3a2c996e28fc0c0449411cee5f7deafcd25d9539ebc,"{""distance"":7,""physical_error_rate"":0.001}","{""detection_events"":22322,""detectors_checked"":5806080}"
      9216,         0,         0,   0.407,standalone_exact_mw,3bd544bb51e006261b45d3a2c996e28fc0c0449411cee5f7deafcd25d9539ebc,"{""distance"":7,""physical_error_rate"":0.001}","{""detection_events"":28816,""detectors_checked"":7464960}"
      2048,         0,         0,   0.526,standalone_exact_mw,ba5ada56442ed2ba457be44e3218b165c8a19e21146c9941e841199e65961aae,"{""distance"":7,""physical_error_rate"":0.0005}","{""detection_events"":3240,""detectors_checked"":1658880}"
      3072,         0,         0,   0.295,standalone_exact_mw,ba5ada56442ed2ba457be44e3218b165c8a19e21146c9941e841199e65961aae,"{""distance"":7,""physical_error_rate"":0.0005}","{""detection_events"":4941,""detectors_checked"":2488320}"
      1024,         0,         0,   0.175,standalone_exact_mw,ba5ada56442ed2ba457be44e3218b165c8a19e21146c9941e841199e65961aae,"{""distance"":7,""physical_error_rate"":0.0005}","{""detection_events"":1621,""detectors_checked"":829440}"
      2048,         0,         0,   0.321,standalone_exact_mw,9d8ad86e51451842b54dafc7680d1b486ef291963bb72c70f3cdd570d2d8fa34,"{""distance"":7,""physical_error_rate"":0.002}","{""detection_events"":12773,""detectors_checked"":1658880}"
     27648,         0,         0,    1.57,standalone_exact_mw,ba5ada56442ed2ba457be44e3218b165c8a19e21146c9941e841199e65961aae,"{""distance"":7,""physical_error_rate"":0.0005}","{""detection_events"":43577,""detectors_checked"":22394880}"
      6144,         0,         0,   0.928,standalone_exact_mw,ba5ada56442ed2ba457be44e3218b165c8a19e21146c9941e841199e65961aae,"{""distance"":7,""physical_error_rate"":0.0005}","{""detection_events"":9780,""detectors_checked"":4976640}"
     29696,         1,         0,    1.56,standalone_exact_mw,9d8ad86e51451842b54dafc7680d1b486ef291963bb72c70f3cdd570d2d8fa34,"{""distance"":7,""physical_error_rate"":0.002}","{""detection_events"":183957,""detectors_checked"":24053760,""obs_mistake_mask=E"":1}"
     16384,         0,         0,    1.18,standalone_exact_mw,ba5ada56442ed2ba457be44e3218b165c8a19e21146c9941e841199e65961aae,"{""distance"":7,""physical_error_rate"":0.0005}","{""detection_events"":25512,""detectors_checked"":13271040}"
         1,         0,         0,   0.031,standalone_exact_mw,9d8ad86e51451842b54dafc7680d1b486ef291963bb72c70f3cdd570d2d8fa34,"{""distance"":7,""physical_error_rate"":0.002}","{""detection_events"":6,""detectors_checked"":810}"
      3072,         0,         0,   0.585,standalone_exact_mw,ba5ada56442ed2ba457be44e3218b165c8a19e21146c9941e841199e65961aae,"{""distance"":7,""physical_error_rate"":0.0005}","{""detection_events"":4817,""detectors_checked"":2488320}"
     18432,         0,         0,    1.63,standalone_exact_mw,ba5ada56442ed2ba457be44e3218b165c8a19e21146c9941e841199e65961aae,"{""distance"":7,""physical_error_rate"":0.0005}","{""detection_events"":28947,""detectors_checked"":14929920}"
     19456,         0,         0,    1.13,standalone_exact_mw,ba5ada56442ed2ba457be44e3218b165c8a19e21146c9941e841199e65961aae,"{""distance"":7,""physical_error_rate"":0.0005}","{""detection_events"":30303,""detectors_checked"":15759360}"
      5120,         0,         0,   0.341,standalone_exact_mw,ba5ada56442ed2ba457be44e3218b165c8a19e21146c9941e841199e65961aae,"{""distance"":7,""physical_error_rate"":0.0005}","{""detection_events"":8075,""detectors_checked"":4147200}"
      3072,         0,         0,    1.13,standalone_exact_mw,3bd544bb51e006261b45d3a2c996e28fc0c0449411cee5f7deafcd25d9539ebc,"{""distance"":7,""physical_error_rate"":0.001}","{""detection_events"":9600,""detectors_checked"":2488320}"
       272,         0,         0,   0.065,standalone_exact_mw,9d8ad86e51451842b54dafc7680d1b486ef291963bb72c70f3cdd570d2d8fa34,"{""distance"":7,""physical_error_rate"":0.002}","{""detection_events"":1626,""detectors_checked"":220320}"
      9216,         0,         0,    1.21,standalone_exact_mw,3bd544bb51e006261b45d3a2c996e28fc0c0449411cee5f7deafcd25d9539ebc,"{""distance"":7,""physical_error_rate"":0.001}","{""detection_events"":28553,""detectors_checked"":7464960}"
     29696,         0,         0,    1.56,standalone_exact_mw,9d8ad86e51451842b54dafc7680d1b486ef291963bb72c70f3cdd570d2d8fa34,"{""distance"":7,""physical_error_rate"":0.002}","{""detection_events"":184375,""detectors_checked"":24053760}"
      2048,         0,         0,   0.345,standalone_exact_mw,ba5ada56442ed2ba457be44e3218b165c8a19e21146c9941e841199e65961aae,"{""distance"":7,""physical_error_rate"":0.0005}","{""detection_events"":3184,""detectors_checked"":1658880}"
     57344,         0,         0,    1.54,standalone_exact_mw,3bd544bb51e006261b45d3a2c996e28fc0c0449411cee5f7deafcd25d9539ebc,"{""distance"":7,""physical_error_rate"":0.001}","{""detection_events"":178975,""detectors_checked"":46448640}"
     12288,         0,         0,    1.69,standalone_exact_mw,3bd544bb51e006261b45d3a2c996e28fc0c0449411cee5f7deafcd25d9539ebc,"{""distance"":7,""physical_error_rate"":0.001}","{""detection_events"":38184,""detectors_checked"":9953280}"
     12288,         0,         0,   0.568,standalone_exact_mw,3bd544bb51e006261b45d3a2c996e28fc0c0449411cee5f7deafcd25d9539ebc,"{""distance"":7,""physical_error_rate"":0.001}","{""detection_events"":38697,""detectors_checked"":9953280}"
      2048,         0,         0,   0.437,standalone_exact_mw,9d8ad86e51451842b54dafc7680d1b486ef291963bb72c70f3cdd570d2d8fa34,"{""distance"":7,""physical_error_rate"":0.002}","{""detection_events"":13063,""detectors_checked"":1658880}"
     18432,         0,         0,    1.61,standalone_exact_mw,9d8ad86e51451842b54dafc7680d1b486ef291963bb72c70f3cdd570d2d8fa34,"{""distance"":7,""physical_error_rate"":0.002}","{""detection_events"":115510,""detectors_checked"":14929920}"
      2048,         0,         0,   0.616,standalone_exact_mw,ba5ada56442ed2ba457be44e3218b165c8a19e21146c9941e841199e65961aae,"{""distance"":7,""physical_error_rate"":0.0005}","{""detection_events"":3212,""detectors_checked"":1658880}"
      1024,         0,         0,   0.225,standalone_exact_mw,9d8ad86e51451842b54dafc7680d1b486ef291963bb72c70f3cdd570d2d8fa34,"{""distance"":7,""physical_error_rate"":0.002}","{""detection_events"":6537,""detectors_checked"":829440}"
     11264,         0,         0,    1.59,standalone_exact_mw,3bd544bb51e006261b45d3a2c996e28fc0c0449411cee5f7deafcd25d9539ebc,"{""distance"":7,""physical_error_rate"":0.001}","{""detection_events"":35282,""detectors_checked"":9123840}"
     18432,         0,         0,    1.59,standalone_exact_mw,9d8ad86e51451842b54dafc7680d1b486ef291963bb72c70f3cdd570d2d8fa34,"{""distance"":7,""physical_error_rate"":0.002}","{""detection_events"":114088,""detectors_checked"":14929920}"
      8192,         0,         0,   0.812,standalone_exact_mw,3bd544bb51e006261b45d3a2c996e28fc0c0449411cee5f7deafcd25d9539ebc,"{""distance"":7,""physical_error_rate"":0.001}","{""detection_events"":24944,""detectors_checked"":6635520}"
     65536,         0,         0,    1.58,standalone_exact_mw,3bd544bb51e006261b45d3a2c996e28fc0c0449411cee5f7deafcd25d9539ebc,"{""distance"":7,""physical_error_rate"":0.001}","{""detection_events"":205306,""detectors_checked"":53084160}"
     36864,         0,         0,    1.59,standalone_exact_mw,3bd544bb51e006261b45d3a2c996e28fc0c0449411cee5f7deafcd25d9539ebc,"{""distance"":7,""physical_error_rate"":0.001}","{""detection_events"":115206,""detectors_checked"":29859840}"
      6144,         0,         0,   0.443,standalone_exact_mw,ba5ada56442ed2ba457be44e3218b165c8a19e21146c9941e841199e65961aae,"{""distance"":7,""physical_error_rate"":0.0005}","{""detection_events"":9557,""detectors_checked"":4976640}"
     11264,         0,         0,   0.400,standalone_exact_mw,ba5ada56442ed2ba457be44e3218b165c8a19e21146c9941e841199e65961aae,"{""distance"":7,""physical_error_rate"":0.0005}","{""detection_events"":17823,""detectors_checked"":9123840}"
      1024,         0,         0,   0.220,standalone_exact_mw,9d8ad86e51451842b54dafc7680d1b486ef291963bb72c70f3cdd570d2d8fa34,"{""distance"":7,""physical_error_rate"":0.002}","{""detection_events"":6468,""detectors_checked"":829440}"
     16384,         0,         0,    1.58,standalone_exact_mw,9d8ad86e51451842b54dafc7680d1b486ef291963bb72c70f3cdd570d2d8fa34,"{""distance"":7,""physical_error_rate"":0.002}","{""detection_events"":102238,""detectors_checked"":13271040}"
     20480,         0,         0,    1.59,standalone_exact_mw,3bd544bb51e006261b45d3a2c996e28fc0c0449411cee5f7deafcd25d9539ebc,"{""distance"":7,""physical_error_rate"":0.001}","{""detection_events"":63859,""detectors_checked"":16588800}"
     15360,         0,         0,    1.58,standalone_exact_mw,9d8ad86e51451842b54dafc7680d1b486ef291963bb72c70f3cdd570d2d8fa34,"{""distance"":7,""physical_error_rate"":0.002}","{""detection_events"":95669,""detectors_checked"":12441600}"
      4096,         0,         0,   0.766,standalone_exact_mw,ba5ada56442ed2ba457be44e3218b165c8a19e21146c9941e841199e65961aae,"{""distance"":7,""physical_error_rate"":0.0005}","{""detection_events"":6461,""detectors_checked"":3317760}"
      1024,         0,         0,   0.253,standalone_exact_mw,9d8ad86e51451842b54dafc7680d1b486ef291963bb72c70f3cdd570d2d8fa34,"{""distance"":7,""physical_error_rate"":0.002}","{""detection_events"":6372,""detectors_checked"":829440}"
      3072,         0,         0,   0.582,standalone_exact_mw,ba5ada56442ed2ba457be44e3218b165c8a19e21146c9941e841199e65961aae,"{""distance"":7,""physical_error_rate"":0.0005}","{""detection_events"":4663,""detectors_checked"":2488320}"
      9216,         0,         0,    1.12,standalone_exact_mw,ba5ada56442ed2ba457be44e3218b165c8a19e21146c9941e841199e65961aae,"{""distance"":7,""physical_error_rate"":0.0005}","{""detection_events"":14501,""detectors_checked"":7464960}"
      2048,         0,         0,   0.694,standalone_exact_mw,9d8ad86e51451842b54dafc7680d1b486ef291963bb72c70f3cdd570d2d8fa34,"{""distance"":7,""physical_error_rate"":0.002}","{""detection_events"":12665,""detectors_checked"":1658880}"
     18432,         0,         0,   0.803,standalone_exact_mw,3bd544bb51e006261b45d3a2c996e28fc0c0449411cee5f7deafcd25d9539ebc,"{""distance"":7,""physical_error_rate"":0.001}","{""detection_events"":57417,""detectors_checked"":14929920}"
      6144,         0,         0,   0.552,standalone_exact_mw,ba5ada56442ed2ba457be44e3218b165c8a19e21146c9941e841199e65961aae,"{""distance"":7,""physical_error_rate"":0.0005}","{""detection_events"":9772,""detectors_checked"":4976640}"
      1024,         0,         0,   0.253,standalone_exact_mw,9d8ad86e51451842b54dafc7680d1b486ef291963bb72c70f3cdd570d2d8fa34,"{""distance"":7,""physical_error_rate"":0.002}","{""detection_events"":6357,""detectors_checked"":829440}"
     13312,         0,         0,   0.555,standalone_exact_mw,ba5ada56442ed2ba457be44e3218b165c8a19e21146c9941e841199e65961aae,"{""distance"":7,""physical_error_rate"":0.0005}","{""detection_events"":21106,""detectors_checked"":10782720}"
     17408,         0,         0,    1.64,standalone_exact_mw,9d8ad86e51451842b54dafc7680d1b486ef291963bb72c70f3cdd570d2d8fa34,"{""distance"":7,""physical_error_rate"":0.002}","{""detection_events"":108002,""detectors_checked"":14100480}"
     13312,         0,         0,    1.69,standalone_exact_mw,ba5ada56442ed2ba457be44e3218b165c8a19e21146c9941e841199e65961aae,"{""distance"":7,""physical_error_rate"":0.0005}","{""detection_events"":20865,""detectors_checked"":10782720}"
      1024,         0,         0,   0.286,standalone_exact_mw,9d8ad86e51451842b54dafc7680d1b486ef291963bb72c70f3cdd570d2d8fa34,"{""distance"":7,""physical_error_rate"":0.002}","{""detection_events"":6542,""detectors_checked"":829440}"
       273,         0,         0,   0.050,standalone_exact_mw,3bd544bb51e006261b45d3a2c996e28fc0c0449411cee5f7deafcd25d9539ebc,"{""distance"":7,""physical_error_rate"":0.001}","{""detection_events"":949,""detectors_checked"":221130}"
      3072,         0,         0,   0.615,standalone_exact_mw,9d8ad86e51451842b54dafc7680d1b486ef291963bb72c70f3cdd570d2d8fa34,"{""distance"":7,""physical_error_rate"":0.002}","{""detection_events"":19371,""detectors_checked"":2488320}"
      9216,         0,         0,    1.20,standalone_exact_mw,3bd544bb51e006261b45d3a2c996e28fc0c0449411cee5f7deafcd25d9539ebc,"{""distance"":7,""physical_error_rate"":0.001}","{""detection_events"":28447,""detectors_checked"":7464960}"
      1024,         0,         0,   0.103,standalone_exact_mw,3bd544bb51e006261b45d3a2c996e28fc0c0449411cee5f7deafcd25d9539ebc,"{""distance"":7,""physical_error_rate"":0.001}","{""detection_events"":3220,""detectors_checked"":829440}"
     34816,         0,         0,    1.61,standalone_exact_mw,ba5ada56442ed2ba457be44e3218b165c8a19e21146c9941e841199e65961aae,"{""distance"":7,""physical_error_rate"":0.0005}","{""detection_events"":54620,""detectors_checked"":28200960}"
     16384,         0,         0,    1.63,standalone_exact_mw,ba5ada56442ed2ba457be44e3218b165c8a19e21146c9941e841199e65961aae,"{""distance"":7,""physical_error_rate"":0.0005}","{""detection_events"":25736,""detectors_checked"":13271040}"
      9216,         0,         0,    1.60,standalone_exact_mw,3bd544bb51e006261b45d3a2c996e28fc0c0449411cee5f7deafcd25d9539ebc,"{""distance"":7,""physical_error_rate"":0.001}","{""detection_events"":28762,""detectors_checked"":7464960}"
     17408,         0,         0,    1.60,standalone_exact_mw,3bd544bb51e006261b45d3a2c996e28fc0c0449411cee5f7deafcd25d9539ebc,"{""distance"":7,""physical_error_rate"":0.001}","{""detection_events"":54795,""detectors_checked"":14100480}"
     40960,         0,         0,    2.21,standalone_exact_mw,9d8ad86e51451842b54dafc7680d1b486ef291963bb72c70f3cdd570d2d8fa34,"{""distance"":7,""physical_error_rate"":0.002}","{""detection_events"":255092,""detectors_checked"":33177600}"
      1024,         0,         0,   0.123,standalone_exact_mw,3bd544bb51e006261b45d3a2c996e28fc0c0449411cee5f7deafcd25d9539ebc,"{""distance"":7,""physical_error_rate"":0.001}","{""detection_events"":3183,""detectors_checked"":829440}"
      4096,         0,         0,   0.874,standalone_exact_mw,ba5ada56442ed2ba457be44e3218b165c8a19e21146c9941e841199e65961aae,"{""distance"":7,""physical_error_rate"":0.0005}","{""detection_events"":6472,""detectors_checked"":3317760}"
     59392,         0,         0,    2.23,standalone_exact_mw,ba5ada56442ed2ba457be44e3218b165c8a19e21146c9941e841199e65961aae,"{""distance"":7,""physical_error_rate"":0.0005}","{""detection_events"":92347,""detectors_checked"":48107520}"
      1024,         0,         0,   0.103,standalone_exact_mw,3bd544bb51e006261b45d3a2c996e28fc0c0449411cee5f7deafcd25d9539ebc,"{""distance"":7,""physical_error_rate"":0.001}","{""detection_events"":3303,""detectors_checked"":829440}"
      4096,         0,         0,    1.09,standalone_exact_mw,ba5ada56442ed2ba457be44e3218b165c8a19e21146c9941e841199e65961aae,"{""distance"":7,""physical_error_rate"":0.0005}","{""detection_events"":6438,""detectors_checked"":3317760}"
      9216,         0,         0,   0.833,standalone_exact_mw,ba5ada56442ed2ba457be44e3218b165c8a19e21146c9941e841199e65961aae,"{""distance"":7,""physical_error_rate"":0.0005}","{""detection_events"":14472,""detectors_checked"":7464960}"
      1024,         0,         0,   0.134,standalone_exact_mw,3bd544bb51e006261b45d3a2c996e28fc0c0449411cee5f7deafcd25d9539ebc,"{""distance"":7,""physical_error_rate"":0.001}","{""detection_events"":3312,""detectors_checked"":829440}"
      1024,         0,         0,   0.624,standalone_exact_mw,9d8ad86e51451842b54dafc7680d1b486ef291963bb72c70f3cdd570d2d8fa34,"{""distance"":7,""physical_error_rate"":0.002}","{""detection_events"":6405,""detectors_checked"":829440}"
     41984,         0,         0,    2.20,standalone_exact_mw,ba5ada56442ed2ba457be44e3218b165c8a19e21146c9941e841199e65961aae,"{""distance"":7,""physical_error_rate"":0.0005}","{""detection_events"":65977,""detectors_checked"":34007040}"
      1024,         0,         0,   0.126,standalone_exact_mw,3bd544bb51e006261b45d3a2c996e28fc0c0449411cee5f7deafcd25d9539ebc,"{""distance"":7,""physical_error_rate"":0.001}","{""detection_events"":3329,""detectors_checked"":829440}"
     11264,         0,         0,   0.928,standalone_exact_mw,ba5ada56442ed2ba457be44e3218b165c8a19e21146c9941e841199e65961aae,"{""distance"":7,""physical_error_rate"":0.0005}","{""detection_events"":18085,""detectors_checked"":9123840}"
     22528,         0,         0,    1.11,standalone_exact_mw,3bd544bb51e006261b45d3a2c996e28fc0c0449411cee5f7deafcd25d9539ebc,"{""distance"":7,""physical_error_rate"":0.001}","{""detection_events"":70306,""detectors_checked"":18247680}"
      1024,         0,         0,   0.103,standalone_exact_mw,3bd544bb51e006261b45d3a2c996e28fc0c0449411cee5f7deafcd25d9539ebc,"{""distance"":7,""physical_error_rate"":0.001}","{""detection_events"":3207,""detectors_checked"":829440}"
     41984,         0,         0,    2.21,standalone_exact_mw,9d8ad86e51451842b54dafc7680d1b486ef291963bb72c70f3cdd570d2d8fa34,"{""distance"":7,""physical_error_rate"":0.002}","{""detection_events"":261193,""detectors_checked"":34007040}"
      1024,         0,         0,   0.233,standalone_exact_mw,9d8ad86e51451842b54dafc7680d1b486ef291963bb72c70f3cdd570d2d8fa34,"{""distance"":7,""physical_error_rate"":0.002}","{""detection_events"":6455,""detectors_checked"":829440}"
     31744,         0,         0,    2.25,standalone_exact_mw,ba5ada56442ed2ba457be44e3218b165c8a19e21146c9941e841199e65961aae,"{""distance"":7,""physical_error_rate"":0.0005}","{""detection_events"":49486,""detectors_checked"":25712640}"
     40960,         0,         0,    2.18,standalone_exact_mw,9d8ad86e51451842b54dafc7680d1b486ef291963bb72c70f3cdd570d2d8fa34,"{""distance"":7,""physical_error_rate"":0.002}","{""detection_events"":255233,""detectors_checked"":33177600}"
      1024,         0,         0,   0.122,standalone_exact_mw,3bd544bb51e006261b45d3a2c996e28fc0c0449411cee5f7deafcd25d9539ebc,"{""distance"":7,""physical_error_rate"":0.001}","{""detection_events"":3233,""detectors_checked"":829440}"
     78848,         0,         0,    2.19,standalone_exact_mw,3bd544bb51e006261b45d3a2c996e28fc0c0449411cee5f7deafcd25d9539ebc,"{""distance"":7,""physical_error_rate"":0.001}","{""detection_events"":246744,""detectors_checked"":63866880}"
     26624,         0,         0,    2.20,standalone_exact_mw,9d8ad86e51451842b54dafc7680d1b486ef291963bb72c70f3cdd570d2d8fa34,"{""distance"":7,""physical_error_rate"":0.002}","{""detection_events"":166328,""detectors_checked"":21565440}"
     46080,         0,         0,    2.19,standalone_exact_mw,9d8ad86e51451842b54dafc7680d1b486ef291963bb72c70f3cdd570d2d8fa34,"{""distance"":7,""physical_error_rate"":0.002}","{""detection_events"":286685,""detectors_checked"":37324800}"
      2048,         0,         0,   0.226,standalone_exact_mw,3bd544bb51e006261b45d3a2c996e28fc0c0449411cee5f7deafcd25d9539ebc,"{""distance"":7,""physical_error_rate"":0.001}","{""detection_events"":6360,""detectors_checked"":1658880}"
      5120,         0,         0,   0.967,standalone_exact_mw,9d8ad86e51451842b54dafc7680d1b486ef291963bb72c70f3cdd570d2d8fa34,"{""distance"":7,""physical_error_rate"":0.002}","{""detection_events"":31652,""detectors_checked"":4147200}"
     16384,         0,         0,    2.23,standalone_exact_mw,3bd544bb51e006261b45d3a2c996e28fc0c0449411cee5f7deafcd25d9539ebc,"{""distance"":7,""physical_error_rate"":0.001}","{""detection_events"":50862,""detectors_checked"":13271040}"
      2048,         0,         0,   0.331,standalone_exact_mw,9d8ad86e51451842b54dafc7680d1b486ef291963bb72c70f3cdd570d2d8fa34,"{""distance"":7,""physical_error_rate"":0.002}","{""detection_events"":12785,""detectors_checked"":1658880}"
     19456,         0,         0,    2.37,standalone_exact_mw,3bd544bb51e006261b45d3a2c996e28fc0c0449411cee5f7deafcd25d9539ebc,"{""distance"":7,""physical_error_rate"":0.001}","{""detection_events"":60458,""detectors_checked"":15759360}"
     51200,         0,         0,    2.17,standalone_exact_mw,3bd544bb51e006261b45d3a2c996e28fc0c0449411cee5f7deafcd25d9539ebc,"{""distance"":7,""physical_error_rate"":0.001}","{""detection_events"":159553,""detectors_checked"":41472000}"
     47104,         0,         0,    2.20,standalone_exact_mw,3bd544bb51e006261b45d3a2c996e28fc0c0449411cee5f7deafcd25d9539ebc,"{""distance"":7,""physical_error_rate"":0.001}","{""detection_events"":147284,""detectors_checked"":38154240}"
      9216,         0,         0,    1.82,standalone_exact_mw,ba5ada56442ed2ba457be44e3218b165c8a19e21146c9941e841199e65961aae,"{""distance"":7,""physical_error_rate"":0.0005}","{""detection_events"":14430,""detectors_checked"":7464960}"
      3072,         0,         0,    1.07,standalone_exact_mw,ba5ada56442ed2ba457be44e3218b165c8a19e21146c9941e841199e65961aae,"{""distance"":7,""physical_error_rate"":0.0005}","{""detection_events"":4902,""detectors_checked"":2488320}"
      2048,         0,         0,   0.270,standalone_exact_mw,3bd544bb51e006261b45d3a2c996e28fc0c0449411cee5f7deafcd25d9539ebc,"{""distance"":7,""physical_error_rate"":0.001}","{""detection_events"":6484,""detectors_checked"":1658880}"
     25600,         0,         0,    2.25,standalone_exact_mw,9d8ad86e51451842b54dafc7680d1b486ef291963bb72c70f3cdd570d2d8fa34,"{""distance"":7,""physical_error_rate"":0.002}","{""detection_events"":159057,""detectors_checked"":20736000}"
      2048,         0,         0,   0.370,standalone_exact_mw,9d8ad86e51451842b54dafc7680d1b486ef291963bb72c70f3cdd570d2d8fa34,"{""distance"":7,""physical_error_rate"":0.002}","{""detection_events"":12604,""detectors_checked"":1658880}"
     39936,         0,         0,    2.20,standalone_exact_mw,3bd544bb51e006261b45d3a2c996e28fc0c0449411cee5f7deafcd25d9539ebc,"{""distance"":7,""physical_error_rate"":0.001}","{""detection_events"":124898,""detectors_checked"":32348160}"
     17408,         0,         0,    2.18,standalone_exact_mw,9d8ad86e51451842b54dafc7680d1b486ef291963bb72c70f3cdd570d2d8fa34,"{""distance"":7,""physical_error_rate"":0.002}","{""detection_events"":108377,""detectors_checked"":14100480}"
      5120,         0,         0,    1.12,standalone_exact_mw,ba5ada56442ed2ba457be44e3218b165c8a19e21146c9941e841199e65961aae,"{""distance"":7,""physical_error_rate"":0.0005}","{""detection_events"":8098,""detectors_checked"":4147200}"
     11264,         0,         0,    1.20,standalone_exact_mw,ba5ada56442ed2ba457be44e3218b165c8a19e21146c9941e841199e65961aae,"{""distance"":7,""physical_error_rate"":0.0005}","{""detection_events"":17617,""detectors_checked"":9123840}"
      2048,         0,         0,   0.344,standalone_exact_mw,3bd544bb51e006261b45d3a2c996e28fc0c0449411cee5f7deafcd25d9539ebc,"{""distance"":7,""physical_error_rate"":0.001}","{""detection_events"":6522,""detectors_checked"":1658880}"
     13312,         0,         0,    1.57,standalone_exact_mw,3bd544bb51e006261b45d3a2c996e28fc0c0449411cee5f7deafcd25d9539ebc,"{""distance"":7,""physical_error_rate"":0.001}","{""detection_events"":41439,""detectors_checked"":10782720}"
      7168,         0,         0,    1.14,standalone_exact_mw,ba5ada56442ed2ba457be44e3218b165c8a19e21146c9941e841199e65961aae,"{""distance"":7,""physical_error_rate"":0.0005}","{""detection_events"":11011,""detectors_checked"":5806080}"
     25600,         0,         0,    2.16,standalone_exact_mw,ba5ada56442ed2ba457be44e3218b165c8a19e21146c9941e841199e65961aae,"{""distance"":7,""physical_error_rate"":0.0005}","{""detection_events"":39880,""detectors_checked"":20736000}"
      2048,         0,         0,   0.577,standalone_exact_mw,9d8ad86e51451842b54dafc7680d1b486ef291963bb72c70f3cdd570d2d8fa34,"{""distance"":7,""physical_error_rate"":0.002}","{""detection_events"":12787,""detectors_checked"":1658880}"
     12288,         0,         0,    2.49,standalone_exact_mw,9d8ad86e51451842b54dafc7680d1b486ef291963bb72c70f3cdd570d2d8fa34,"{""distance"":7,""physical_error_rate"":0.002}","{""detection_events"":76839,""detectors_checked"":9953280}"
      4096,         0,         0,   0.540,standalone_exact_mw,3bd544bb51e006261b45d3a2c996e28fc0c0449411cee5f7deafcd25d9539ebc,"{""distance"":7,""physical_error_rate"":0.001}","{""detection_events"":13076,""detectors_checked"":3317760}"
     27648,         0,         0,    1.59,standalone_exact_mw,3bd544bb51e006261b45d3a2c996e28fc0c0449411cee5f7deafcd25d9539ebc,"{""distance"":7,""physical_error_rate"":0.001}","{""detection_events"":86606,""detectors_checked"":22394880}"
      9216,         0,         0,    2.17,standalone_exact_mw,ba5ada56442ed2ba457be44e3218b165c8a19e21146c9941e841199e65961aae,"{""distance"":7,""physical_error_rate"":0.0005}","{""detection_events"":14398,""detectors_checked"":7464960}"
      2048,         0,         0,    1.34,standalone_exact_mw,9d8ad86e51451842b54dafc7680d1b486ef291963bb72c70f3cdd570d2d8fa34,"{""distance"":7,""physical_error_rate"":0.002}","{""detection_events"":12639,""detectors_checked"":1658880}"
     21504,         0,         0,    2.19,standalone_exact_mw,3bd544bb51e006261b45d3a2c996e28fc0c0449411cee5f7deafcd25d9539ebc,"{""distance"":7,""physical_error_rate"":0.001}","{""detection_events"":66756,""detectors_checked"":17418240}"
     23552,         0,         0,    2.24,standalone_exact_mw,ba5ada56442ed2ba457be44e3218b165c8a19e21146c9941e841199e65961aae,"{""distance"":7,""physical_error_rate"":0.0005}","{""detection_events"":36936,""detectors_checked"":19077120}"
      6144,         0,         0,    1.15,standalone_exact_mw,ba5ada56442ed2ba457be44e3218b165c8a19e21146c9941e841199e65961aae,"{""distance"":7,""physical_error_rate"":0.0005}","{""detection_events"":9498,""detectors_checked"":4976640}"
     32768,         0,         0,    2.32,standalone_exact_mw,3bd544bb51e006261b45d3a2c996e28fc0c0449411cee5f7deafcd25d9539ebc,"{""distance"":7,""physical_error_rate"":0.001}","{""detection_events"":102576,""detectors_checked"":26542080}"
      3072,         0,         0,   0.592,standalone_exact_mw,9d8ad86e51451842b54dafc7680d1b486ef291963bb72c70f3cdd570d2d8fa34,"{""distance"":7,""physical_error_rate"":0.002}","{""detection_events"":19214,""detectors_checked"":2488320}"
      5120,         0,         0,   0.773,standalone_exact_mw,3bd544bb51e006261b45d3a2c996e28fc0c0449411cee5f7deafcd25d9539ebc,"{""distance"":7,""physical_error_rate"":0.001}","{""detection_events"":15828,""detectors_checked"":4147200}"
     13312,         0,         0,    1.58,standalone_exact_mw,ba5ada56442ed2ba457be44e3218b165c8a19e21146c9941e841199e65961aae,"{""distance"":7,""physical_error_rate"":0.0005}","{""detection_events"":21004,""detectors_checked"":10782720}"
     69632,         0,         0,    3.06,standalone_exact_mw,9d8ad86e51451842b54dafc7680d1b486ef291963bb72c70f3cdd570d2d8fa34,"{""distance"":7,""physical_error_rate"":0.002}","{""detection_events"":432331,""detectors_checked"":56401920}"
     70656,         0,         0,    3.06,standalone_exact_mw,ba5ada56442ed2ba457be44e3218b165c8a19e21146c9941e841199e65961aae,"{""distance"":7,""physical_error_rate"":0.0005}","{""detection_events"":111184,""detectors_checked"":57231360}"
     10240,         0,         0,    1.59,standalone_exact_mw,ba5ada56442ed2ba457be44e3218b165c8a19e21146c9941e841199e65961aae,"{""distance"":7,""physical_error_rate"":0.0005}","{""detection_events"":16242,""detectors_checked"":8294400}"
      6144,         0,         0,    1.79,standalone_exact_mw,ba5ada56442ed2ba457be44e3218b165c8a19e21146c9941e841199e65961aae,"{""distance"":7,""physical_error_rate"":0.0005}","{""detection_events"":9325,""detectors_checked"":4976640}"
      6144,         0,         0,    2.20,standalone_exact_mw,ba5ada56442ed2ba457be44e3218b165c8a19e21146c9941e841199e65961aae,"{""distance"":7,""physical_error_rate"":0.0005}","{""detection_events"":9678,""detectors_checked"":4976640}"
      5120,         0,         0,   0.989,standalone_exact_mw,9d8ad86e51451842b54dafc7680d1b486ef291963bb72c70f3cdd570d2d8fa34,"{""distance"":7,""physical_error_rate"":0.002}","{""detection_events"":32202,""detectors_checked"":4147200}"
     59392,         0,         0,    3.09,standalone_exact_mw,ba5ada56442ed2ba457be44e3218b165c8a19e21146c9941e841199e65961aae,"{""distance"":7,""physical_error_rate"":0.0005}","{""detection_events"":93604,""detectors_checked"":48107520}"
     87040,         0,         0,    3.05,standalone_exact_mw,9d8ad86e51451842b54dafc7680d1b486ef291963bb72c70f3cdd570d2d8fa34,"{""distance"":7,""physical_error_rate"":0.002}","{""detection_events"":540505,""detectors_checked"":70502400}"
      7168,         0,         0,   0.812,standalone_exact_mw,3bd544bb51e006261b45d3a2c996e28fc0c0449411cee5f7deafcd25d9539ebc,"{""distance"":7,""physical_error_rate"":0.001}","{""detection_events"":22472,""detectors_checked"":5806080}"
     48128,         0,         0,    3.06,standalone_exact_mw,ba5ada56442ed2ba457be44e3218b165c8a19e21146c9941e841199e65961aae,"{""distance"":7,""physical_error_rate"":0.0005}","{""detection_events"":76309,""detectors_checked"":38983680}"
     56320,         0,         0,    3.07,standalone_exact_mw,9d8ad86e51451842b54dafc7680d1b486ef291963bb72c70f3cdd570d2d8fa34,"{""distance"":7,""physical_error_rate"":0.002}","{""detection_events"":349079,""detectors_checked"":45619200}"
     71680,         0,         0,    3.07,standalone_exact_mw,3bd544bb51e006261b45d3a2c996e28fc0c0449411cee5f7deafcd25d9539ebc,"{""distance"":7,""physical_error_rate"":0.001}","{""detection_events"":224826,""detectors_checked"":58060800}"
     16384,         0,         0,    2.29,standalone_exact_mw,3bd544bb51e006261b45d3a2c996e28fc0c0449411cee5f7deafcd25d9539ebc,"{""distance"":7,""physical_error_rate"":0.001}","{""detection_events"":50765,""detectors_checked"":13271040}"
      5120,         0,         0,    1.57,standalone_exact_mw,9d8ad86e51451842b54dafc7680d1b486ef291963bb72c70f3cdd570d2d8fa34,"{""distance"":7,""physical_error_rate"":0.002}","{""detection_events"":31860,""detectors_checked"":4147200}"
     49152,         0,         0,    3.08,standalone_exact_mw,9d8ad86e51451842b54dafc7680d1b486ef291963bb72c70f3cdd570d2d8fa34,"{""distance"":7,""physical_error_rate"":0.002}","{""detection_events"":305162,""detectors_checked"":39813120}"
     65536,         0,         0,    3.07,standalone_exact_mw,9d8ad86e51451842b54dafc7680d1b486ef291963bb72c70f3cdd570d2d8fa34,"{""distance"":7,""physical_error_rate"":0.002}","{""detection_events"":406203,""detectors_checked"":53084160}"
      8192,         0,         0,    1.71,standalone_exact_mw,ba5ada56442ed2ba457be44e3218b165c8a19e21146c9941e841199e65961aae,"{""distance"":7,""physical_error_rate"":0.0005}","{""detection_events"":12922,""detectors_checked"":6635520}"
     70656,         0,         0,    3.05,standalone_exact_mw,3bd544bb51e006261b45d3a2c996e28fc0c0449411cee5f7deafcd25d9539ebc,"{""distance"":7,""physical_error_rate"":0.001}","{""detection_events"":220982,""detectors_checked"":57231360}"
     24576,         0,         0,    3.17,standalone_exact_mw,3bd544bb51e006261b45d3a2c996e28fc0c0449411cee5f7deafcd25d9539ebc,"{""distance"":7,""physical_error_rate"":0.001}","{""detection_events"":76822,""detectors_checked"":19906560}"
     12288,         0,         0,    3.24,standalone_exact_mw,3bd544bb51e006261b45d3a2c996e28fc0c0449411cee5f7deafcd25d9539ebc,"{""distance"":7,""physical_error_rate"":0.001}","{""detection_events"":38184,""detectors_checked"":9953280}"
     71680,         0,         0,    3.05,standalone_exact_mw,3bd544bb51e006261b45d3a2c996e28fc0c0449411cee5f7deafcd25d9539ebc,"{""distance"":7,""physical_error_rate"":0.001}","{""detection_events"":223599,""detectors_checked"":58060800}"
     33792,         0,         0,    2.22,standalone_exact_mw,3bd544bb51e006261b45d3a2c996e28fc0c0449411cee5f7deafcd25d9539ebc,"{""distance"":7,""physical_error_rate"":0.001}","{""detection_events"":104949,""detectors_checked"":27371520}"
     27648,         0,         0,    3.05,standalone_exact_mw,9d8ad86e51451842b54dafc7680d1b486ef291963bb72c70f3cdd570d2d8fa34,"{""distance"":7,""physical_error_rate"":0.002}","{""detection_events"":170686,""detectors_checked"":22394880}"
     44032,         0,         0,    3.07,standalone_exact_mw,3bd544bb51e006261b45d3a2c996e28fc0c0449411cee5f7deafcd25d9539ebc,"{""distance"":7,""physical_error_rate"":0.001}","{""detection_events"":137721,""detectors_checked"":35665920}"
      6144,         0,         0,    1.18,standalone_exact_mw,9d8ad86e51451842b54dafc7680d1b486ef291963bb72c70f3cdd570d2d8fa34,"{""distance"":7,""physical_error_rate"":0.002}","{""detection_events"":38121,""detectors_checked"":4976640}"
      9216,         0,         0,    3.38,standalone_exact_mw,9d8ad86e51451842b54dafc7680d1b486ef291963bb72c70f3cdd570d2d8fa34,"{""distance"":7,""physical_error_rate"":0.002}","{""detection_events"":57061,""detectors_checked"":7464960}"
     11264,         0,         0,    1.13,standalone_exact_mw,3bd544bb51e006261b45d3a2c996e28fc0c0449411cee5f7deafcd25d9539ebc,"{""distance"":7,""physical_error_rate"":0.001}","{""detection_events"":34868,""detectors_checked"":9123840}"
     37888,         0,         0,    3.11,standalone_exact_mw,ba5ada56442ed2ba457be44e3218b165c8a19e21146c9941e841199e65961aae,"{""distance"":7,""physical_error_rate"":0.0005}","{""detection_events"":58754,""detectors_checked"":30689280}"
     13312,         0,         0,    2.26,standalone_exact_mw,ba5ada56442ed2ba457be44e3218b165c8a19e21146c9941e841199e65961aae,"{""distance"":7,""physical_error_rate"":0.0005}","{""detection_events"":20658,""detectors_checked"":10782720}"
     12288,         0,         0,    3.23,standalone_exact_mw,9d8ad86e51451842b54dafc7680d1b486ef291963bb72c70f3cdd570d2d8fa34,"{""distance"":7,""physical_error_rate"":0.002}","{""detection_events"":76943,""detectors_checked"":9953280}"
     29696,         0,         0,    3.07,standalone_exact_mw,ba5ada56442ed2ba457be44e3218b165c8a19e21146c9941e841199e65961aae,"{""distance"":7,""physical_error_rate"":0.0005}","{""detection_events"":47277,""detectors_checked"":24053760}"
     13312,         0,         0,    3.11,standalone_exact_mw,3bd544bb51e006261b45d3a2c996e28fc0c0449411cee5f7deafcd25d9539ebc,"{""distance"":7,""physical_error_rate"":0.001}","{""detection_events"":41169,""detectors_checked"":10782720}"
     13312,         0,         0,    2.14,standalone_exact_mw,ba5ada56442ed2ba457be44e3218b165c8a19e21146c9941e841199e65961aae,"{""distance"":7,""physical_error_rate"":0.0005}","{""detection_events"":20724,""detectors_checked"":10782720}"
     13312,         0,         0,    3.27,standalone_exact_mw,ba5ada56442ed2ba457be44e3218b165c8a19e21146c9941e841199e65961aae,"{""distance"":7,""physical_error_rate"":0.0005}","{""detection_events"":21002,""detectors_checked"":10782720}"
     59392,         0,         0,    3.09,standalone_exact_mw,3bd544bb51e006261b45d3a2c996e28fc0c0449411cee5f7deafcd25d9539ebc,"{""distance"":7,""physical_error_rate"":0.001}","{""detection_events"":185709,""detectors_checked"":48107520}"
      8192,         0,         0,    2.31,standalone_exact_mw,ba5ada56442ed2ba457be44e3218b165c8a19e21146c9941e841199e65961aae,"{""distance"":7,""physical_error_rate"":0.0005}","{""detection_events"":12837,""detectors_checked"":6635520}"
     16384,         0,         0,    2.24,standalone_exact_mw,9d8ad86e51451842b54dafc7680d1b486ef291963bb72c70f3cdd570d2d8fa34,"{""distance"":7,""physical_error_rate"":0.002}","{""detection_events"":101749,""detectors_checked"":13271040}"
      4096,         0,         0,    1.57,standalone_exact_mw,9d8ad86e51451842b54dafc7680d1b486ef291963bb72c70f3cdd570d2d8fa34,"{""distance"":7,""physical_error_rate"":0.002}","{""detection_events"":25477,""detectors_checked"":3317760}"
     18432,         0,         0,    2.20,standalone_exact_mw,ba5ada56442ed2ba457be44e3218b165c8a19e21146c9941e841199e65961aae,"{""distance"":7,""physical_error_rate"":0.0005}","{""detection_events"":28774,""detectors_checked"":14929920}"
     27648,         0,         0,    1.60,standalone_exact_mw,3bd544bb51e006261b45d3a2c996e28fc0c0449411cee5f7deafcd25d9539ebc,"{""distance"":7,""physical_error_rate"":0.001}","{""detection_events"":85606,""detectors_checked"":22394880}"
     11264,         0,         0,    3.29,standalone_exact_mw,ba5ada56442ed2ba457be44e3218b165c8a19e21146c9941e841199e65961aae,"{""distance"":7,""physical_error_rate"":0.0005}","{""detection_events"":17819,""detectors_checked"":9123840}"
     27648,         0,         0,    3.06,standalone_exact_mw,3bd544bb51e006261b45d3a2c996e28fc0c0449411cee5f7deafcd25d9539ebc,"{""distance"":7,""physical_error_rate"":0.001}","{""detection_events"":86928,""detectors_checked"":22394880}"
     80896,         0,         0,    4.27,standalone_exact_mw,ba5ada56442ed2ba457be44e3218b165c8a19e21146c9941e841199e65961aae,"{""distance"":7,""physical_error_rate"":0.0005}","{""detection_events"":126606,""detectors_checked"":65525760}"
     70656,         0,         0,    4.29,standalone_exact_mw,9d8ad86e51451842b54dafc7680d1b486ef291963bb72c70f3cdd570d2d8fa34,"{""distance"":7,""physical_error_rate"":0.002}","{""detection_events"":440026,""detectors_checked"":57231360}"
     47104,         0,         0,    3.07,standalone_exact_mw,3bd544bb51e006261b45d3a2c996e28fc0c0449411cee5f7deafcd25d9539ebc,"{""distance"":7,""physical_error_rate"":0.001}","{""detection_events"":148484,""detectors_checked"":38154240}"
    100352,         0,         0,    4.27,standalone_exact_mw,ba5ada56442ed2ba457be44e3218b165c8a19e21146c9941e841199e65961aae,"{""distance"":7,""physical_error_rate"":0.0005}","{""detection_events"":157488,""detectors_checked"":81285120}"
    118784,         0,         0,    4.25,standalone_exact_mw,9d8ad86e51451842b54dafc7680d1b486ef291963bb72c70f3cdd570d2d8fa34,"{""distance"":7,""physical_error_rate"":0.002}","{""detection_events"":738027,""detectors_checked"":96215040}"
     26624,         0,         0,    4.24,standalone_exact_mw,ba5ada56442ed2ba457be44e3218b165c8a19e21146c9941e841199e65961aae,"{""distance"":7,""physical_error_rate"":0.0005}","{""detection_events"":41454,""detectors_checked"":21565440}"
     80896,         0,         0,    4.27,standalone_exact_mw,9d8ad86e51451842b54dafc7680d1b486ef291963bb72c70f3cdd570d2d8fa34,"{""distance"":7,""physical_error_rate"":0.002}","{""detection_events"":502095,""detectors_checked"":65525760}"
    115712,         0,         0,    4.27,standalone_exact_mw,3bd544bb51e006261b45d3a2c996e28fc0c0449411cee5f7deafcd25d9539ebc,"{""distance"":7,""physical_error_rate"":0.001}","{""detection_events"":360436,""detectors_checked"":93726720}"
     65536,         0,         0,    4.24,standalone_exact_mw,9d8ad86e51451842b54dafc7680d1b486ef291963bb72c70f3cdd570d2d8fa34,"{""distance"":7,""physical_error_rate"":0.002}","{""detection_events"":407987,""detectors_checked"":53084160}"
     61440,         0,         0,    4.30,standalone_exact_mw,9d8ad86e51451842b54dafc7680d1b486ef291963bb72c70f3cdd570d2d8fa34,"{""distance"":7,""physical_error_rate"":0.002}","{""detection_events"":381294,""detectors_checked"":49766400}"
    140288,         0,         0,    4.27,standalone_exact_mw,3bd544bb51e006261b45d3a2c996e28fc0c0449411cee5f7deafcd25d9539ebc,"{""distance"":7,""physical_error_rate"":0.001}","{""detection_events"":437475,""detectors_checked"":113633280}"
     30720,         0,         0,    3.16,standalone_exact_mw,ba5ada56442ed2ba457be44e3218b165c8a19e21146c9941e841199e65961aae,"{""distance"":7,""physical_error_rate"":0.0005}","{""detection_events"":48573,""detectors_checked"":24883200}"
      7168,         0,         0,    2.19,standalone_exact_mw,9d8ad86e51451842b54dafc7680d1b486ef291963bb72c70f3cdd570d2d8fa34,"{""distance"":7,""physical_error_rate"":0.002}","{""detection_events"":45000,""detectors_checked"":5806080}"
     99328,         0,         0,    4.26,standalone_exact_mw,3bd544bb51e006261b45d3a2c996e28fc0c0449411cee5f7deafcd25d9539ebc,"{""distance"":7,""physical_error_rate"":0.001}","{""detection_events"":311166,""detectors_checked"":80455680}"
     68608,         0,         0,    4.30,standalone_exact_mw,3bd544bb51e006261b45d3a2c996e28fc0c0449411cee5f7deafcd25d9539ebc,"{""distance"":7,""physical_error_rate"":0.001}","{""detection_events"":213757,""detectors_checked"":55572480}"
     24576,         0,         0,    3.08,standalone_exact_mw,ba5ada56442ed2ba457be44e3218b165c8a19e21146c9941e841199e65961aae,"{""distance"":7,""physical_error_rate"":0.0005}","{""detection_events"":38456,""detectors_checked"":19906560}"
     26624,         0,         0,    4.39,standalone_exact_mw,3bd544bb51e006261b45d3a2c996e28fc0c0449411cee5f7deafcd25d9539ebc,"{""distance"":7,""physical_error_rate"":0.001}","{""detection_events"":83215,""detectors_checked"":21565440}"
     25600,         0,         0,    2.18,standalone_exact_mw,3bd544bb51e006261b45d3a2c996e28fc0c0449411cee5f7deafcd25d9539ebc,"{""distance"":7,""physical_error_rate"":0.001}","{""detection_events"":79508,""detectors_checked"":20736000}"
     19456,         0,         0,    3.06,standalone_exact_mw,ba5ada56442ed2ba457be44e3218b165c8a19e21146c9941e841199e65961aae,"{""distance"":7,""physical_error_rate"":0.0005}","{""detection_events"":30140,""detectors_checked"":15759360}"
     49152,         0,         0,    4.30,standalone_exact_mw,3bd544bb51e006261b45d3a2c996e28fc0c0449411cee5f7deafcd25d9539ebc,"{""distance"":7,""physical_error_rate"":0.001}","{""detection_events"":152432,""detectors_checked"":39813120}"
     18432,         0,         0,    4.31,standalone_exact_mw,9d8ad86e51451842b54dafc7680d1b486ef291963bb72c70f3cdd570d2d8fa34,"{""distance"":7,""physical_error_rate"":0.002}","{""detection_events"":114787,""detectors_checked"":14929920}"
     21504,         0,         0,    4.43,standalone_exact_mw,9d8ad86e51451842b54dafc7680d1b486ef291963bb72c70f3cdd570d2d8fa34,"{""distance"":7,""physical_error_rate"":0.002}","{""detection_events"":133243,""detectors_checked"":17418240}"
     17408,         0,         0,    3.12,standalone_exact_mw,9d8ad86e51451842b54dafc7680d1b486ef291963bb72c70f3cdd570d2d8fa34,"{""distance"":7,""physical_error_rate"":0.002}","{""detection_events"":108646,""detectors_checked"":14100480}"
     31744,         0,         0,    4.39,standalone_exact_mw,ba5ada56442ed2ba457be44e3218b165c8a19e21146c9941e841199e65961aae,"{""distance"":7,""physical_error_rate"":0.0005}","{""detection_events"":49990,""detectors_checked"":25712640}"
   3522560,         0,         0,   119.6,standalone_exact_mw,ba5ada56442ed2ba457be44e3218b165c8a19e21146c9941e841199e65961aae,"{""distance"":7,""physical_error_rate"":0.0005}","{""detection_events"":5527936,""detectors_checked"":2853273600}"
     21504,         0,         0,    3.01,standalone_exact_mw,ba5ada56442ed2ba457be44e3218b165c8a19e21146c9941e841199e65961aae,"{""distance"":7,""physical_error_rate"":0.0005}","{""detection_events"":33310,""detectors_checked"":17418240}"
     40960,         0,         0,    4.24,standalone_exact_mw,ba5ada56442ed2ba457be44e3218b165c8a19e21146c9941e841199e65961aae,"{""distance"":7,""physical_error_rate"":0.0005}","{""detection_events"":64056,""detectors_checked"":33177600}"
     12288,         0,         0,    4.52,standalone_exact_mw,9d8ad86e51451842b54dafc7680d1b486ef291963bb72c70f3cdd570d2d8fa34,"{""distance"":7,""physical_error_rate"":0.002}","{""detection_events"":75870,""detectors_checked"":9953280}"
     38912,         0,         0,    4.39,standalone_exact_mw,3bd544bb51e006261b45d3a2c996e28fc0c0449411cee5f7deafcd25d9539ebc,"{""distance"":7,""physical_error_rate"":0.001}","{""detection_events"":121786,""detectors_checked"":31518720}"
     25600,         0,         0,    4.30,standalone_exact_mw,ba5ada56442ed2ba457be44e3218b165c8a19e21146c9941e841199e65961aae,"{""distance"":7,""physical_error_rate"":0.0005}","{""detection_events"":40293,""detectors_checked"":20736000}"
     22528,         0,         0,    4.48,standalone_exact_mw,3bd544bb51e006261b45d3a2c996e28fc0c0449411cee5f7deafcd25d9539ebc,"{""distance"":7,""physical_error_rate"":0.001}","{""detection_events"":70422,""detectors_checked"":18247680}"
     29696,         0,         0,    4.33,standalone_exact_mw,ba5ada56442ed2ba457be44e3218b165c8a19e21146c9941e841199e65961aae,"{""distance"":7,""physical_error_rate"":0.0005}","{""detection_events"":45997,""detectors_checked"":24053760}"
     29696,         0,         0,    4.33,standalone_exact_mw,3bd544bb51e006261b45d3a2c996e28fc0c0449411cee5f7deafcd25d9539ebc,"{""distance"":7,""physical_error_rate"":0.001}","{""detection_events"":92263,""detectors_checked"":24053760}"
     16384,         0,         0,    3.18,standalone_exact_mw,9d8ad86e51451842b54dafc7680d1b486ef291963bb72c70f3cdd570d2d8fa34,"{""distance"":7,""physical_error_rate"":0.002}","{""detection_events"":101793,""detectors_checked"":13271040}"
     70656,         0,         0,    4.29,standalone_exact_mw,3bd544bb51e006261b45d3a2c996e28fc0c0449411cee5f7deafcd25d9539ebc,"{""distance"":7,""physical_error_rate"":0.001}","{""detection_events"":220992,""detectors_checked"":57231360}"
     18432,         0,         0,    3.27,standalone_exact_mw,3bd544bb51e006261b45d3a2c996e28fc0c0449411cee5f7deafcd25d9539ebc,"{""distance"":7,""physical_error_rate"":0.001}","{""detection_events"":57921,""detectors_checked"":14929920}"
     34816,         0,         0,    4.39,standalone_exact_mw,ba5ada56442ed2ba457be44e3218b165c8a19e21146c9941e841199e65961aae,"{""distance"":7,""physical_error_rate"":0.0005}","{""detection_events"":54795,""detectors_checked"":28200960}"
     73728,         0,         0,    4.31,standalone_exact_mw,ba5ada56442ed2ba457be44e3218b165c8a19e21146c9941e841199e65961aae,"{""distance"":7,""physical_error_rate"":0.0005}","{""detection_events"":114798,""detectors_checked"":59719680}"
     25600,         0,         0,    4.46,standalone_exact_mw,ba5ada56442ed2ba457be44e3218b165c8a19e21146c9941e841199e65961aae,"{""distance"":7,""physical_error_rate"":0.0005}","{""detection_events"":40454,""detectors_checked"":20736000}"
    136192,         0,         0,    5.97,standalone_exact_mw,9d8ad86e51451842b54dafc7680d1b486ef291963bb72c70f3cdd570d2d8fa34,"{""distance"":7,""physical_error_rate"":0.002}","{""detection_events"":845313,""detectors_checked"":110315520}"
    135168,         0,         0,    5.93,standalone_exact_mw,ba5ada56442ed2ba457be44e3218b165c8a19e21146c9941e841199e65961aae,"{""distance"":7,""physical_error_rate"":0.0005}","{""detection_events"":212379,""detectors_checked"":109486080}"
     16384,         0,         0,    4.25,standalone_exact_mw,9d8ad86e51451842b54dafc7680d1b486ef291963bb72c70f3cdd570d2d8fa34,"{""distance"":7,""physical_error_rate"":0.002}","{""detection_events"":102286,""detectors_checked"":13271040}"
    103424,         0,         0,    4.26,standalone_exact_mw,ba5ada56442ed2ba457be44e3218b165c8a19e21146c9941e841199e65961aae,"{""distance"":7,""physical_error_rate"":0.0005}","{""detection_events"":162348,""detectors_checked"":83773440}"
    156672,         0,         0,    5.99,standalone_exact_mw,ba5ada56442ed2ba457be44e3218b165c8a19e21146c9941e841199e65961aae,"{""distance"":7,""physical_error_rate"":0.0005}","{""detection_events"":246573,""detectors_checked"":126904320}"
    151552,         0,         0,    5.96,standalone_exact_mw,9d8ad86e51451842b54dafc7680d1b486ef291963bb72c70f3cdd570d2d8fa34,"{""distance"":7,""physical_error_rate"":0.002}","{""detection_events"":942091,""detectors_checked"":122757120}"
     93184,         0,         0,    5.96,standalone_exact_mw,ba5ada56442ed2ba457be44e3218b165c8a19e21146c9941e841199e65961aae,"{""distance"":7,""physical_error_rate"":0.0005}","{""detection_events"":145076,""detectors_checked"":75479040}"
    102400,         0,         0,    5.99,standalone_exact_mw,9d8ad86e51451842b54dafc7680d1b486ef291963bb72c70f3cdd570d2d8fa34,"{""distance"":7,""physical_error_rate"":0.002}","{""detection_events"":636322,""detectors_checked"":82944000}"
    121856,         0,         0,    5.98,standalone_exact_mw,3bd544bb51e006261b45d3a2c996e28fc0c0449411cee5f7deafcd25d9539ebc,"{""distance"":7,""physical_error_rate"":0.001}","{""detection_events"":382426,""detectors_checked"":98703360}"
     94208,         0,         0,    5.96,standalone_exact_mw,9d8ad86e51451842b54dafc7680d1b486ef291963bb72c70f3cdd570d2d8fa34,"{""distance"":7,""physical_error_rate"":0.002}","{""detection_events"":585287,""detectors_checked"":76308480}"
    145408,         0,         0,    5.97,standalone_exact_mw,3bd544bb51e006261b45d3a2c996e28fc0c0449411cee5f7deafcd25d9539ebc,"{""distance"":7,""physical_error_rate"":0.001}","{""detection_events"":454837,""detectors_checked"":117780480}"
    132096,         0,         0,    6.01,standalone_exact_mw,9d8ad86e51451842b54dafc7680d1b486ef291963bb72c70f3cdd570d2d8fa34,"{""distance"":7,""physical_error_rate"":0.002}","{""detection_events"":822292,""detectors_checked"":106997760}"
    139264,         0,         0,    5.98,standalone_exact_mw,3bd544bb51e006261b45d3a2c996e28fc0c0449411cee5f7deafcd25d9539ebc,"{""distance"":7,""physical_error_rate"":0.001}","{""detection_events"":436568,""detectors_checked"":112803840}"
    128000,         0,         0,    5.98,standalone_exact_mw,3bd544bb51e006261b45d3a2c996e28fc0c0449411cee5f7deafcd25d9539ebc,"{""distance"":7,""physical_error_rate"":0.001}","{""detection_events"":399040,""detectors_checked"":103680000}"
     50176,         0,         0,    6.03,standalone_exact_mw,3bd544bb51e006261b45d3a2c996e28fc0c0449411cee5f7deafcd25d9539ebc,"{""distance"":7,""physical_error_rate"":0.001}","{""detection_events"":156715,""detectors_checked"":40642560}"
     47104,         0,         0,    5.97,standalone_exact_mw,9d8ad86e51451842b54dafc7680d1b486ef291963bb72c70f3cdd570d2d8fa34,"{""distance"":7,""physical_error_rate"":0.002}","{""detection_events"":292946,""detectors_checked"":38154240}"
     95232,         0,         0,    6.01,standalone_exact_mw,3bd544bb51e006261b45d3a2c996e28fc0c0449411cee5f7deafcd25d9539ebc,"{""distance"":7,""physical_error_rate"":0.001}","{""detection_events"":296647,""detectors_checked"":77137920}"
     68608,         0,         0,    5.98,standalone_exact_mw,9d8ad86e51451842b54dafc7680d1b486ef291963bb72c70f3cdd570d2d8fa34,"{""distance"":7,""physical_error_rate"":0.002}","{""detection_events"":426081,""detectors_checked"":55572480}"
     33792,         0,         0,    6.02,standalone_exact_mw,ba5ada56442ed2ba457be44e3218b165c8a19e21146c9941e841199e65961aae,"{""distance"":7,""physical_error_rate"":0.0005}","{""detection_events"":52977,""detectors_checked"":27371520}"
     40960,         0,         0,    6.02,standalone_exact_mw,ba5ada56442ed2ba457be44e3218b165c8a19e21146c9941e841199e65961aae,"{""distance"":7,""physical_error_rate"":0.0005}","{""detection_events"":63909,""detectors_checked"":33177600}"
     33792,         0,         0,    6.03,standalone_exact_mw,ba5ada56442ed2ba457be44e3218b165c8a19e21146c9941e841199e65961aae,"{""distance"":7,""physical_error_rate"":0.0005}","{""detection_events"":52433,""detectors_checked"":27371520}"
     30720,         0,         0,    5.99,standalone_exact_mw,9d8ad86e51451842b54dafc7680d1b486ef291963bb72c70f3cdd570d2d8fa34,"{""distance"":7,""physical_error_rate"":0.002}","{""detection_events"":190608,""detectors_checked"":24883200}"
     47104,         0,         0,    6.06,standalone_exact_mw,3bd544bb51e006261b45d3a2c996e28fc0c0449411cee5f7deafcd25d9539ebc,"{""distance"":7,""physical_error_rate"":0.001}","{""detection_events"":147122,""detectors_checked"":38154240}"
     30720,         0,         0,    5.99,standalone_exact_mw,3bd544bb51e006261b45d3a2c996e28fc0c0449411cee5f7deafcd25d9539ebc,"{""distance"":7,""physical_error_rate"":0.001}","{""detection_events"":96606,""detectors_checked"":24883200}"
     24576,         0,         0,    4.41,standalone_exact_mw,9d8ad86e51451842b54dafc7680d1b486ef291963bb72c70f3cdd570d2d8fa34,"{""distance"":7,""physical_error_rate"":0.002}","{""detection_events"":152164,""detectors_checked"":19906560}"
     37888,         0,         0,    4.24,standalone_exact_mw,3bd544bb51e006261b45d3a2c996e28fc0c0449411cee5f7deafcd25d9539ebc,"{""distance"":7,""physical_error_rate"":0.001}","{""detection_events"":117838,""detectors_checked"":30689280}"
     37888,         0,         0,    6.18,standalone_exact_mw,ba5ada56442ed2ba457be44e3218b165c8a19e21146c9941e841199e65961aae,"{""distance"":7,""physical_error_rate"":0.0005}","{""detection_events"":59518,""detectors_checked"":30689280}"
     41984,         0,         0,    6.06,standalone_exact_mw,3bd544bb51e006261b45d3a2c996e28fc0c0449411cee5f7deafcd25d9539ebc,"{""distance"":7,""physical_error_rate"":0.001}","{""detection_events"":131904,""detectors_checked"":34007040}"
    138240,         0,         0,    5.98,standalone_exact_mw,3bd544bb51e006261b45d3a2c996e28fc0c0449411cee5f7deafcd25d9539ebc,"{""distance"":7,""physical_error_rate"":0.001}","{""detection_events"":431106,""detectors_checked"":111974400}"
     41984,         0,         0,    6.05,standalone_exact_mw,ba5ada56442ed2ba457be44e3218b165c8a19e21146c9941e841199e65961aae,"{""distance"":7,""physical_error_rate"":0.0005}","{""detection_events"":66474,""detectors_checked"":34007040}"
     77824,         0,         0,    5.95,standalone_exact_mw,ba5ada56442ed2ba457be44e3218b165c8a19e21146c9941e841199e65961aae,"{""distance"":7,""physical_error_rate"":0.0005}","{""detection_events"":121619,""detectors_checked"":63037440}"
     46080,         0,         0,    6.04,standalone_exact_mw,ba5ada56442ed2ba457be44e3218b165c8a19e21146c9941e841199e65961aae,"{""distance"":7,""physical_error_rate"":0.0005}","{""detection_events"":72075,""detectors_checked"":37324800}"
     32768,         0,         0,    5.95,standalone_exact_mw,9d8ad86e51451842b54dafc7680d1b486ef291963bb72c70f3cdd570d2d8fa34,"{""distance"":7,""physical_error_rate"":0.002}","{""detection_events"":203900,""detectors_checked"":26542080}"
     83968,         0,         0,    6.01,standalone_exact_mw,ba5ada56442ed2ba457be44e3218b165c8a19e21146c9941e841199e65961aae,"{""distance"":7,""physical_error_rate"":0.0005}","{""detection_events"":131124,""detectors_checked"":68014080}"
    163840,         0,         0,    8.38,standalone_exact_mw,9d8ad86e51451842b54dafc7680d1b486ef291963bb72c70f3cdd570d2d8fa34,"{""distance"":7,""physical_error_rate"":0.002}","{""detection_events"":1019550,""detectors_checked"":132710400}"
    222208,         0,         0,    8.36,standalone_exact_mw,ba5ada56442ed2ba457be44e3218b165c8a19e21146c9941e841199e65961aae,"{""distance"":7,""physical_error_rate"":0.0005}","{""detection_events"":347665,""detectors_checked"":179988480}"
    162816,         0,         0,    8.36,standalone_exact_mw,ba5ada56442ed2ba457be44e3218b165c8a19e21146c9941e841199e65961aae,"{""distance"":7,""physical_error_rate"":0.0005}","{""detection_events"":256758,""detectors_checked"":131880960}"
     38912,         0,         0,    6.06,standalone_exact_mw,9d8ad86e51451842b54dafc7680d1b486ef291963bb72c70f3cdd570d2d8fa34,"{""distance"":7,""physical_error_rate"":0.002}","{""detection_events"":242404,""detectors_checked"":31518720}"
    176128,         0,         0,    8.41,standalone_exact_mw,9d8ad86e51451842b54dafc7680d1b486ef291963bb72c70f3cdd570d2d8fa34,"{""distance"":7,""physical_error_rate"":0.002}","{""detection_events"":1093576,""detectors_checked"":142663680}"
    103424,         0,         0,    8.31,standalone_exact_mw,ba5ada56442ed2ba457be44e3218b165c8a19e21146c9941e841199e65961aae,"{""distance"":7,""physical_error_rate"":0.0005}","{""detection_events"":162045,""detectors_checked"":83773440}"
     22528,         0,         0,    6.27,standalone_exact_mw,3bd544bb51e006261b45d3a2c996e28fc0c0449411cee5f7deafcd25d9539ebc,"{""distance"":7,""physical_error_rate"":0.001}","{""detection_events"":70625,""detectors_checked"":18247680}"
    158720,         0,         0,    8.35,standalone_exact_mw,9d8ad86e51451842b54dafc7680d1b486ef291963bb72c70f3cdd570d2d8fa34,"{""distance"":7,""physical_error_rate"":0.002}","{""detection_events"":985427,""detectors_checked"":128563200}"
    196608,         0,         0,    8.36,standalone_exact_mw,3bd544bb51e006261b45d3a2c996e28fc0c0449411cee5f7deafcd25d9539ebc,"{""distance"":7,""physical_error_rate"":0.001}","{""detection_events"":613851,""detectors_checked"":159252480}"
    119808,         0,         0,    8.40,standalone_exact_mw,9d8ad86e51451842b54dafc7680d1b486ef291963bb72c70f3cdd570d2d8fa34,"{""distance"":7,""physical_error_rate"":0.002}","{""detection_events"":742868,""detectors_checked"":97044480}"
    140288,         0,         0,    8.39,standalone_exact_mw,9d8ad86e51451842b54dafc7680d1b486ef291963bb72c70f3cdd570d2d8fa34,"{""distance"":7,""physical_error_rate"":0.002}","{""detection_events"":872010,""detectors_checked"":113633280}"
    234496,         0,         0,    8.40,standalone_exact_mw,3bd544bb51e006261b45d3a2c996e28fc0c0449411cee5f7deafcd25d9539ebc,"{""distance"":7,""physical_error_rate"":0.001}","{""detection_events"":735276,""detectors_checked"":189941760}"
    184320,         0,         0,    8.38,standalone_exact_mw,3bd544bb51e006261b45d3a2c996e28fc0c0449411cee5f7deafcd25d9539ebc,"{""distance"":7,""physical_error_rate"":0.001}","{""detection_events"":576704,""detectors_checked"":149299200}"
    195584,         0,         0,    8.38,standalone_exact_mw,3bd544bb51e006261b45d3a2c996e28fc0c0449411cee5f7deafcd25d9539ebc,"{""distance"":7,""physical_error_rate"":0.001}","{""detection_events"":611597,""detectors_checked"":158423040}"
     94208,         0,         0,    8.39,standalone_exact_mw,3bd544bb51e006261b45d3a2c996e28fc0c0449411cee5f7deafcd25d9539ebc,"{""distance"":7,""physical_error_rate"":0.001}","{""detection_events"":294098,""detectors_checked"":76308480}"
     52224,         0,         0,    8.40,standalone_exact_mw,9d8ad86e51451842b54dafc7680d1b486ef291963bb72c70f3cdd570d2d8fa34,"{""distance"":7,""physical_error_rate"":0.002}","{""detection_events"":324769,""detectors_checked"":42301440}"
    148480,         0,         0,    8.43,standalone_exact_mw,3bd544bb51e006261b45d3a2c996e28fc0c0449411cee5f7deafcd25d9539ebc,"{""distance"":7,""physical_error_rate"":0.001}","{""detection_events"":465575,""detectors_checked"":120268800}"
     75776,         0,         0,    8.36,standalone_exact_mw,9d8ad86e51451842b54dafc7680d1b486ef291963bb72c70f3cdd570d2d8fa34,"{""distance"":7,""physical_error_rate"":0.002}","{""detection_events"":469822,""detectors_checked"":61378560}"
    115712,         0,         0,    8.31,standalone_exact_mw,ba5ada56442ed2ba457be44e3218b165c8a19e21146c9941e841199e65961aae,"{""distance"":7,""physical_error_rate"":0.0005}","{""detection_events"":180645,""detectors_checked"":93726720}"
     91136,         0,         0,    8.37,standalone_exact_mw,9d8ad86e51451842b54dafc7680d1b486ef291963bb72c70f3cdd570d2d8fa34,"{""distance"":7,""physical_error_rate"":0.002}","{""detection_events"":566172,""detectors_checked"":73820160}"
     84992,         0,         0,    8.34,standalone_exact_mw,3bd544bb51e006261b45d3a2c996e28fc0c0449411cee5f7deafcd25d9539ebc,"{""distance"":7,""physical_error_rate"":0.001}","{""detection_events"":264499,""detectors_checked"":68843520}"
     41984,         0,         0,    8.56,standalone_exact_mw,ba5ada56442ed2ba457be44e3218b165c8a19e21146c9941e841199e65961aae,"{""distance"":7,""physical_error_rate"":0.0005}","{""detection_events"":65537,""detectors_checked"":34007040}"
     73728,         0,         0,    8.44,standalone_exact_mw,ba5ada56442ed2ba457be44e3218b165c8a19e21146c9941e841199e65961aae,"{""distance"":7,""physical_error_rate"":0.0005}","{""detection_events"":115860,""detectors_checked"":59719680}"
     34816,         0,         0,    8.37,standalone_exact_mw,3bd544bb51e006261b45d3a2c996e28fc0c0449411cee5f7deafcd25d9539ebc,"{""distance"":7,""physical_error_rate"":0.001}","{""detection_events"":108435,""detectors_checked"":28200960}"
     44032,         0,         0,    8.36,standalone_exact_mw,ba5ada56442ed2ba457be44e3218b165c8a19e21146c9941e841199e65961aae,"{""distance"":7,""physical_error_rate"":0.0005}","{""detection_events"":68653,""detectors_checked"":35665920}"
     66560,         0,         0,    8.38,standalone_exact_mw,3bd544bb51e006261b45d3a2c996e28fc0c0449411cee5f7deafcd25d9539ebc,"{""distance"":7,""physical_error_rate"":0.001}","{""detection_events"":207247,""detectors_checked"":53913600}"
    171008,         0,         0,    8.38,standalone_exact_mw,3bd544bb51e006261b45d3a2c996e28fc0c0449411cee5f7deafcd25d9539ebc,"{""distance"":7,""physical_error_rate"":0.001}","{""detection_events"":532771,""detectors_checked"":138516480}"
     36864,         0,         0,    8.45,standalone_exact_mw,ba5ada56442ed2ba457be44e3218b165c8a19e21146c9941e841199e65961aae,"{""distance"":7,""physical_error_rate"":0.0005}","{""detection_events"":58062,""detectors_checked"":29859840}"
     68608,         0,         0,    8.39,standalone_exact_mw,ba5ada56442ed2ba457be44e3218b165c8a19e21146c9941e841199e65961aae,"{""distance"":7,""physical_error_rate"":0.0005}","{""detection_events"":108124,""detectors_checked"":55572480}"
     94208,         0,         0,    8.37,standalone_exact_mw,ba5ada56442ed2ba457be44e3218b165c8a19e21146c9941e841199e65961aae,"{""distance"":7,""physical_error_rate"":0.0005}","{""detection_events"":148041,""detectors_checked"":76308480}"
     41984,         0,         0,    8.36,standalone_exact_mw,9d8ad86e51451842b54dafc7680d1b486ef291963bb72c70f3cdd570d2d8fa34,"{""distance"":7,""physical_error_rate"":0.002}","{""detection_events"":260818,""detectors_checked"":34007040}"
    103424,         0,         0,    8.40,standalone_exact_mw,ba5ada56442ed2ba457be44e3218b165c8a19e21146c9941e841199e65961aae,"{""distance"":7,""physical_error_rate"":0.0005}","{""detection_events"":162159,""detectors_checked"":83773440}"
     39936,         0,         0,    8.37,standalone_exact_mw,9d8ad86e51451842b54dafc7680d1b486ef291963bb72c70f3cdd570d2d8fa34,"{""distance"":7,""physical_error_rate"":0.002}","{""detection_events"":248643,""detectors_checked"":32348160}"
   2255872,         0,         0,   119.8,standalone_exact_mw,9d8ad86e51451842b54dafc7680d1b486ef291963bb72c70f3cdd570d2d8fa34,"{""distance"":7,""physical_error_rate"":0.002}","{""detection_events"":14017766,""detectors_checked"":1827256320}"
     33792,         0,         0,    8.46,standalone_exact_mw,3bd544bb51e006261b45d3a2c996e28fc0c0449411cee5f7deafcd25d9539ebc,"{""distance"":7,""physical_error_rate"":0.001}","{""detection_events"":105805,""detectors_checked"":27371520}"
   2804736,         0,         0,   119.7,standalone_exact_mw,3bd544bb51e006261b45d3a2c996e28fc0c0449411cee5f7deafcd25d9539ebc,"{""distance"":7,""physical_error_rate"":0.001}","{""detection_events"":8767409,""detectors_checked"":2271836160}"
   3843072,         0,         0,   119.7,standalone_exact_mw,ba5ada56442ed2ba457be44e3218b165c8a19e21146c9941e841199e65961aae,"{""distance"":7,""physical_error_rate"":0.0005}","{""detection_events"":6021541,""detectors_checked"":3112888320}"
    845824,         0,         0,   119.8,standalone_exact_mw,9d8ad86e51451842b54dafc7680d1b486ef291963bb72c70f3cdd570d2d8fa34,"{""distance"":7,""physical_error_rate"":0.002}","{""detection_events"":5260405,""detectors_checked"":685117440}"
    284672,         0,         0,    11.7,standalone_exact_mw,ba5ada56442ed2ba457be44e3218b165c8a19e21146c9941e841199e65961aae,"{""distance"":7,""physical_error_rate"":0.0005}","{""detection_events"":443799,""detectors_checked"":230584320}"
    236544,         0,         0,    11.7,standalone_exact_mw,9d8ad86e51451842b54dafc7680d1b486ef291963bb72c70f3cdd570d2d8fa34,"{""distance"":7,""physical_error_rate"":0.002}","{""detection_events"":1467530,""detectors_checked"":191600640}"
    286720,         0,         0,    11.7,standalone_exact_mw,ba5ada56442ed2ba457be44e3218b165c8a19e21146c9941e841199e65961aae,"{""distance"":7,""physical_error_rate"":0.0005}","{""detection_events"":449226,""detectors_checked"":232243200}"
    277504,         0,         0,    11.7,standalone_exact_mw,9d8ad86e51451842b54dafc7680d1b486ef291963bb72c70f3cdd570d2d8fa34,"{""distance"":7,""physical_error_rate"":0.002}","{""detection_events"":1722876,""detectors_checked"":224778240}"
    161792,         0,         0,    11.8,standalone_exact_mw,ba5ada56442ed2ba457be44e3218b165c8a19e21146c9941e841199e65961aae,"{""distance"":7,""physical_error_rate"":0.0005}","{""detection_events"":253751,""detectors_checked"":131051520}"
    221184,         0,         0,    11.7,standalone_exact_mw,9d8ad86e51451842b54dafc7680d1b486ef291963bb72c70f3cdd570d2d8fa34,"{""distance"":7,""physical_error_rate"":0.002}","{""detection_events"":1375076,""detectors_checked"":179159040}"
    305152,         0,         0,    11.8,standalone_exact_mw,3bd544bb51e006261b45d3a2c996e28fc0c0449411cee5f7deafcd25d9539ebc,"{""distance"":7,""physical_error_rate"":0.001}","{""detection_events"":953568,""detectors_checked"":247173120}"
    167936,         0,         0,    11.8,standalone_exact_mw,9d8ad86e51451842b54dafc7680d1b486ef291963bb72c70f3cdd570d2d8fa34,"{""distance"":7,""physical_error_rate"":0.002}","{""detection_events"":1045802,""detectors_checked"":136028160}"
   1017856,         0,         0,   119.7,standalone_exact_mw,ba5ada56442ed2ba457be44e3218b165c8a19e21146c9941e841199e65961aae,"{""distance"":7,""physical_error_rate"":0.0005}","{""detection_events"":1592754,""detectors_checked"":824463360}"
    195584,         0,         0,    11.7,standalone_exact_mw,9d8ad86e51451842b54dafc7680d1b486ef291963bb72c70f3cdd570d2d8fa34,"{""distance"":7,""physical_error_rate"":0.002}","{""detection_events"":1217748,""detectors_checked"":158423040}"
    272384,         0,         0,    11.7,standalone_exact_mw,3bd544bb51e006261b45d3a2c996e28fc0c0449411cee5f7deafcd25d9539ebc,"{""distance"":7,""physical_error_rate"":0.001}","{""detection_events"":850110,""detectors_checked"":220631040}"
   1501184,         0,         0,   119.7,standalone_exact_mw,ba5ada56442ed2ba457be44e3218b165c8a19e21146c9941e841199e65961aae,"{""distance"":7,""physical_error_rate"":0.0005}","{""detection_events"":2359098,""detectors_checked"":1215959040}"
   2947072,         0,         0,   119.8,standalone_exact_mw,ba5ada56442ed2ba457be44e3218b165c8a19e21146c9941e841199e65961aae,"{""distance"":7,""physical_error_rate"":0.0005}","{""detection_events"":4622799,""detectors_checked"":2387128320}"
    273408,         0,         0,    11.7,standalone_exact_mw,3bd544bb51e006261b45d3a2c996e28fc0c0449411cee5f7deafcd25d9539ebc,"{""distance"":7,""physical_error_rate"":0.001}","{""detection_events"":853954,""detectors_checked"":221460480}"
    257024,         0,         0,    11.7,standalone_exact_mw,3bd544bb51e006261b45d3a2c996e28fc0c0449411cee5f7deafcd25d9539ebc,"{""distance"":7,""physical_error_rate"":0.001}","{""detection_events"":802411,""detectors_checked"":208189440}"
    116736,         0,         0,    11.8,standalone_exact_mw,3bd544bb51e006261b45d3a2c996e28fc0c0449411cee5f7deafcd25d9539ebc,"{""distance"":7,""physical_error_rate"":0.001}","{""detection_events"":363600,""detectors_checked"":94556160}"
    109568,         0,         0,    11.8,standalone_exact_mw,9d8ad86e51451842b54dafc7680d1b486ef291963bb72c70f3cdd570d2d8fa34,"{""distance"":7,""physical_error_rate"":0.002}","{""detection_events"":681361,""detectors_checked"":88750080}"
    182272,         0,         0,    11.7,standalone_exact_mw,3bd544bb51e006261b45d3a2c996e28fc0c0449411cee5f7deafcd25d9539ebc,"{""distance"":7,""physical_error_rate"":0.001}","{""detection_events"":568040,""detectors_checked"":147640320}"
   1087488,         0,         0,   119.8,standalone_exact_mw,3bd544bb51e006261b45d3a2c996e28fc0c0449411cee5f7deafcd25d9539ebc,"{""distance"":7,""physical_error_rate"":0.001}","{""detection_events"":3396384,""detectors_checked"":880865280}"
    545792,         0,         0,   119.7,standalone_exact_mw,9d8ad86e51451842b54dafc7680d1b486ef291963bb72c70f3cdd570d2d8fa34,"{""distance"":7,""physical_error_rate"":0.002}","{""detection_events"":3392599,""detectors_checked"":442091520}"
   2395136,         0,         0,   119.7,standalone_exact_mw,9d8ad86e51451842b54dafc7680d1b486ef291963bb72c70f3cdd570d2d8fa34,"{""distance"":7,""physical_error_rate"":0.002}","{""detection_events"":14876243,""detectors_checked"":1940060160}"
    101376,         0,         0,    11.7,standalone_exact_mw,9d8ad86e51451842b54dafc7680d1b486ef291963bb72c70f3cdd570d2d8fa34,"{""distance"":7,""physical_error_rate"":0.002}","{""detection_events"":629682,""detectors_checked"":82114560}"
   2539520,         0,         0,   119.7,standalone_exact_mw,9d8ad86e51451842b54dafc7680d1b486ef291963bb72c70f3cdd570d2d8fa34,"{""distance"":7,""physical_error_rate"":0.002}","{""detection_events"":15793578,""detectors_checked"":2057011200}"
    112640,         0,         0,    11.7,standalone_exact_mw,ba5ada56442ed2ba457be44e3218b165c8a19e21146c9941e841199e65961aae,"{""distance"":7,""physical_error_rate"":0.0005}","{""detection_events"":176415,""detectors_checked"":91238400}"
   2941952,         0,         0,   119.8,standalone_exact_mw,3bd544bb51e006261b45d3a2c996e28fc0c0449411cee5f7deafcd25d9539ebc,"{""distance"":7,""physical_error_rate"":0.001}","{""detection_events"":9194057,""detectors_checked"":2382981120}"
   1276928,         0,         0,   119.7,standalone_exact_mw,3bd544bb51e006261b45d3a2c996e28fc0c0449411cee5f7deafcd25d9539ebc,"{""distance"":7,""physical_error_rate"":0.001}","{""detection_events"":3991387,""detectors_checked"":1034311680}"
   2920448,         0,         0,   119.7,standalone_exact_mw,ba5ada56442ed2ba457be44e3218b165c8a19e21146c9941e841199e65961aae,"{""distance"":7,""physical_error_rate"":0.0005}","{""detection_events"":4576278,""detectors_checked"":2365562880}"
    107520,         0,         0,    11.7,standalone_exact_mw,9d8ad86e51451842b54dafc7680d1b486ef291963bb72c70f3cdd570d2d8fa34,"{""distance"":7,""physical_error_rate"":0.002}","{""detection_events"":670862,""detectors_checked"":87091200}"
    113664,         0,         0,    11.7,standalone_exact_mw,3bd544bb51e006261b45d3a2c996e28fc0c0449411cee5f7deafcd25d9539ebc,"{""distance"":7,""physical_error_rate"":0.001}","{""detection_events"":354666,""detectors_checked"":92067840}"
     73728,         0,         0,    11.8,standalone_exact_mw,ba5ada56442ed2ba457be44e3218b165c8a19e21146c9941e841199e65961aae,"{""distance"":7,""physical_error_rate"":0.0005}","{""detection_events"":115264,""detectors_checked"":59719680}"
    120832,         0,         0,    11.6,standalone_exact_mw,3bd544bb51e006261b45d3a2c996e28fc0c0449411cee5f7deafcd25d9539ebc,"{""distance"":7,""physical_error_rate"":0.001}","{""detection_events"":378317,""detectors_checked"":97873920}"
   2123776,         0,         0,   119.7,standalone_exact_mw,3bd544bb51e006261b45d3a2c996e28fc0c0449411cee5f7deafcd25d9539ebc,"{""distance"":7,""physical_error_rate"":0.001}","{""detection_events"":6643750,""detectors_checked"":1720258560}"
     53248,         0,         0,    12.0,standalone_exact_mw,ba5ada56442ed2ba457be44e3218b165c8a19e21146c9941e841199e65961aae,"{""distance"":7,""physical_error_rate"":0.0005}","{""detection_events"":83136,""detectors_checked"":43130880}"
   1501184,         0,         0,   119.8,standalone_exact_mw,9d8ad86e51451842b54dafc7680d1b486ef291963bb72c70f3cdd570d2d8fa34,"{""distance"":7,""physical_error_rate"":0.002}","{""detection_events"":9327575,""detectors_checked"":1215959040}"
    802816,         0,         0,   120.3,standalone_exact_mw,9d8ad86e51451842b54dafc7680d1b486ef291963bb72c70f3cdd570d2d8fa34,"{""distance"":7,""physical_error_rate"":0.002}","{""detection_events"":4988713,""detectors_checked"":650280960}"
     55296,         0,         0,    11.7,standalone_exact_mw,ba5ada56442ed2ba457be44e3218b165c8a19e21146c9941e841199e65961aae,"{""distance"":7,""physical_error_rate"":0.0005}","{""detection_events"":87466,""detectors_checked"":44789760}"
    103424,         0,         0,    11.7,standalone_exact_mw,3bd544bb51e006261b45d3a2c996e28fc0c0449411cee5f7deafcd25d9539ebc,"{""distance"":7,""physical_error_rate"":0.001}","{""detection_events"":322838,""detectors_checked"":83773440}"
   1764352,         0,         0,   119.5,standalone_exact_mw,3bd544bb51e006261b45d3a2c996e28fc0c0449411cee5f7deafcd25d9539ebc,"{""distance"":7,""physical_error_rate"":0.001}","{""detection_events"":5516517,""detectors_checked"":1429125120}"
    200704,         0,         0,    11.8,standalone_exact_mw,3bd544bb51e006261b45d3a2c996e28fc0c0449411cee5f7deafcd25d9539ebc,"{""distance"":7,""physical_error_rate"":0.001}","{""detection_events"":627090,""detectors_checked"":162570240}"
   1063936,         0,         0,   119.4,standalone_exact_mw,ba5ada56442ed2ba457be44e3218b165c8a19e21146c9941e841199e65961aae,"{""distance"":7,""physical_error_rate"":0.0005}","{""detection_events"":1669526,""detectors_checked"":861788160}"
    470016,         0,         0,   119.7,standalone_exact_mw,9d8ad86e51451842b54dafc7680d1b486ef291963bb72c70f3cdd570d2d8fa34,"{""distance"":7,""physical_error_rate"":0.002}","{""detection_events"":2927046,""detectors_checked"":380712960}"
   2280448,         0,         0,   119.7,standalone_exact_mw,3bd544bb51e006261b45d3a2c996e28fc0c0449411cee5f7deafcd25d9539ebc,"{""distance"":7,""physical_error_rate"":0.001}","{""detection_events"":7128966,""detectors_checked"":1847162880}"
    940032,         0,         0,   119.7,standalone_exact_mw,3bd544bb51e006261b45d3a2c996e28fc0c0449411cee5f7deafcd25d9539ebc,"{""distance"":7,""physical_error_rate"":0.001}","{""detection_events"":2933078,""detectors_checked"":761425920}"
     81920,         0,         0,    11.6,standalone_exact_mw,ba5ada56442ed2ba457be44e3218b165c8a19e21146c9941e841199e65961aae,"{""distance"":7,""physical_error_rate"":0.0005}","{""detection_events"":128241,""detectors_checked"":66355200}"
     92160,         0,         0,    11.7,standalone_exact_mw,ba5ada56442ed2ba457be44e3218b165c8a19e21146c9941e841199e65961aae,"{""distance"":7,""physical_error_rate"":0.0005}","{""detection_events"":144397,""detectors_checked"":74649600}"
    121856,         0,         0,    11.6,standalone_exact_mw,ba5ada56442ed2ba457be44e3218b165c8a19e21146c9941e841199e65961aae,"{""distance"":7,""physical_error_rate"":0.0005}","{""detection_events"":191137,""detectors_checked"":98703360}"
   1333248,         0,         0,   119.8,standalone_exact_mw,9d8ad86e51451842b54dafc7680d1b486ef291963bb72c70f3cdd570d2d8fa34,"{""distance"":7,""physical_error_rate"":0.002}","{""detection_events"":8283997,""detectors_checked"":1079930880}"
     65536,         0,         0,    11.7,standalone_exact_mw,9d8ad86e51451842b54dafc7680d1b486ef291963bb72c70f3cdd570d2d8fa34,"{""distance"":7,""physical_error_rate"":0.002}","{""detection_events"":406149,""detectors_checked"":53084160}"
    863232,         0,         0,   119.7,standalone_exact_mw,ba5ada56442ed2ba457be44e3218b165c8a19e21146c9941e841199e65961aae,"{""distance"":7,""physical_error_rate"":0.0005}","{""detection_events"":1354856,""detectors_checked"":699217920}"
    224256,         0,         0,    11.7,standalone_exact_mw,ba5ada56442ed2ba457be44e3218b165c8a19e21146c9941e841199e65961aae,"{""distance"":7,""physical_error_rate"":0.0005}","{""detection_events"":351759,""detectors_checked"":181647360}"
   1513472,         0,         0,   119.7,standalone_exact_mw,ba5ada56442ed2ba457be44e3218b165c8a19e21146c9941e841199e65961aae,"{""distance"":7,""physical_error_rate"":0.0005}","{""detection_events"":2373351,""detectors_checked"":1225912320}"
   1753088,         0,         0,   119.7,standalone_exact_mw,ba5ada56442ed2ba457be44e3218b165c8a19e21146c9941e841199e65961aae,"{""distance"":7,""physical_error_rate"":0.0005}","{""detection_events"":2748919,""detectors_checked"":1420001280}"
   1980416,         0,         0,   119.7,standalone_exact_mw,3bd544bb51e006261b45d3a2c996e28fc0c0449411cee5f7deafcd25d9539ebc,"{""distance"":7,""physical_error_rate"":0.001}","{""detection_events"":6187927,""detectors_checked"":1604136960}"
     76800,         0,         0,    11.9,standalone_exact_mw,9d8ad86e51451842b54dafc7680d1b486ef291963bb72c70f3cdd570d2d8fa34,"{""distance"":7,""physical_error_rate"":0.002}","{""detection_events"":477689,""detectors_checked"":62208000}"
    884736,         0,         0,   119.5,standalone_exact_mw,ba5ada56442ed2ba457be44e3218b165c8a19e21146c9941e841199e65961aae,"{""distance"":7,""physical_error_rate"":0.0005}","{""detection_events"":1383642,""detectors_checked"":716636160}"
     80896,         0,         0,    11.8,standalone_exact_mw,3bd544bb51e006261b45d3a2c996e28fc0c0449411cee5f7deafcd25d9539ebc,"{""distance"":7,""physical_error_rate"":0.001}","{""detection_events"":253404,""detectors_checked"":65525760}"
    945152,         0,         0,   119.3,standalone_exact_mw,ba5ada56442ed2ba457be44e3218b165c8a19e21146c9941e841199e65961aae,"{""distance"":7,""physical_error_rate"":0.0005}","{""detection_events"":1481985,""detectors_checked"":765573120}"
    720896,         0,         0,   119.7,standalone_exact_mw,3bd544bb51e006261b45d3a2c996e28fc0c0449411cee5f7deafcd25d9539ebc,"{""distance"":7,""physical_error_rate"":0.001}","{""detection_events"":2249750,""detectors_checked"":583925760}"
    584704,         0,         0,   119.6,standalone_exact_mw,9d8ad86e51451842b54dafc7680d1b486ef291963bb72c70f3cdd570d2d8fa34,"{""distance"":7,""physical_error_rate"":0.002}","{""detection_events"":3632004,""detectors_checked"":473610240}"
    344064,         0,         0,    16.4,standalone_exact_mw,ba5ada56442ed2ba457be44e3218b165c8a19e21146c9941e841199e65961aae,"{""distance"":7,""physical_error_rate"":0.0005}","{""detection_events"":537522,""detectors_checked"":278691840}"
    271360,         0,         0,    16.4,standalone_exact_mw,9d8ad86e51451842b54dafc7680d1b486ef291963bb72c70f3cdd570d2d8fa34,"{""distance"":7,""physical_error_rate"":0.002}","{""detection_events"":1684281,""detectors_checked"":219801600}"
    385024,         0,         0,    16.3,standalone_exact_mw,ba5ada56442ed2ba457be44e3218b165c8a19e21146c9941e841199e65961aae,"{""distance"":7,""physical_error_rate"":0.0005}","{""detection_events"":604633,""detectors_checked"":311869440}"
    316416,         0,         0,    16.4,standalone_exact_mw,9d8ad86e51451842b54dafc7680d1b486ef291963bb72c70f3cdd570d2d8fa34,"{""distance"":7,""physical_error_rate"":0.002}","{""detection_events"":1964525,""detectors_checked"":256296960}"
    371712,         0,         0,    16.4,standalone_exact_mw,ba5ada56442ed2ba457be44e3218b165c8a19e21146c9941e841199e65961aae,"{""distance"":7,""physical_error_rate"":0.0005}","{""detection_events"":583343,""detectors_checked"":301086720}"
    452608,         0,         0,    16.4,standalone_exact_mw,9d8ad86e51451842b54dafc7680d1b486ef291963bb72c70f3cdd570d2d8fa34,"{""distance"":7,""physical_error_rate"":0.002}","{""detection_events"":2813855,""detectors_checked"":366612480}"
    404480,         0,         0,    16.4,standalone_exact_mw,3bd544bb51e006261b45d3a2c996e28fc0c0449411cee5f7deafcd25d9539ebc,"{""distance"":7,""physical_error_rate"":0.001}","{""detection_events"":1265087,""detectors_checked"":327628800}"
    299008,         0,         0,    16.3,standalone_exact_mw,9d8ad86e51451842b54dafc7680d1b486ef291963bb72c70f3cdd570d2d8fa34,"{""distance"":7,""physical_error_rate"":0.002}","{""detection_events"":1855960,""detectors_checked"":242196480}"
    413696,         0,         0,    16.4,standalone_exact_mw,3bd544bb51e006261b45d3a2c996e28fc0c0449411cee5f7deafcd25d9539ebc,"{""distance"":7,""physical_error_rate"":0.001}","{""detection_events"":1293419,""detectors_checked"":335093760}"
    251904,         0,         0,    16.4,standalone_exact_mw,9d8ad86e51451842b54dafc7680d1b486ef291963bb72c70f3cdd570d2d8fa34,"{""distance"":7,""physical_error_rate"":0.002}","{""detection_events"":1565713,""detectors_checked"":204042240}"
    300032,         0,         0,    16.4,standalone_exact_mw,3bd544bb51e006261b45d3a2c996e28fc0c0449411cee5f7deafcd25d9539ebc,"{""distance"":7,""physical_error_rate"":0.001}","{""detection_events"":938790,""detectors_checked"":243025920}"
    379904,         0,         0,    16.3,standalone_exact_mw,3bd544bb51e006261b45d3a2c996e28fc0c0449411cee5f7deafcd25d9539ebc,"{""distance"":7,""physical_error_rate"":0.001}","{""detection_events"":1186730,""detectors_checked"":307722240}"
    333824,         0,         0,    16.4,standalone_exact_mw,3bd544bb51e006261b45d3a2c996e28fc0c0449411cee5f7deafcd25d9539ebc,"{""distance"":7,""physical_error_rate"":0.001}","{""detection_events"":1041013,""detectors_checked"":270397440}"
    139264,         0,         0,    16.4,standalone_exact_mw,9d8ad86e51451842b54dafc7680d1b486ef291963bb72c70f3cdd570d2d8fa34,"{""distance"":7,""physical_error_rate"":0.002}","{""detection_events"":862065,""detectors_checked"":112803840}"
    239616,         0,         0,    16.4,standalone_exact_mw,3bd544bb51e006261b45d3a2c996e28fc0c0449411cee5f7deafcd25d9539ebc,"{""distance"":7,""physical_error_rate"":0.001}","{""detection_events"":750476,""detectors_checked"":194088960}"
    180224,         0,         0,    16.3,standalone_exact_mw,9d8ad86e51451842b54dafc7680d1b486ef291963bb72c70f3cdd570d2d8fa34,"{""distance"":7,""physical_error_rate"":0.002}","{""detection_events"":1121173,""detectors_checked"":145981440}"
    215040,         0,         0,    16.4,standalone_exact_mw,ba5ada56442ed2ba457be44e3218b165c8a19e21146c9941e841199e65961aae,"{""distance"":7,""physical_error_rate"":0.0005}","{""detection_events"":337943,""detectors_checked"":174182400}"
    176128,         0,         0,    16.4,standalone_exact_mw,3bd544bb51e006261b45d3a2c996e28fc0c0449411cee5f7deafcd25d9539ebc,"{""distance"":7,""physical_error_rate"":0.001}","{""detection_events"":549896,""detectors_checked"":142663680}"
    194560,         0,         0,    16.4,standalone_exact_mw,9d8ad86e51451842b54dafc7680d1b486ef291963bb72c70f3cdd570d2d8fa34,"{""distance"":7,""physical_error_rate"":0.002}","{""detection_events"":1211363,""detectors_checked"":157593600}"
    108544,         0,         0,    16.4,standalone_exact_mw,ba5ada56442ed2ba457be44e3218b165c8a19e21146c9941e841199e65961aae,"{""distance"":7,""physical_error_rate"":0.0005}","{""detection_events"":170605,""detectors_checked"":87920640}"
     86016,         0,         0,    16.6,standalone_exact_mw,3bd544bb51e006261b45d3a2c996e28fc0c0449411cee5f7deafcd25d9539ebc,"{""distance"":7,""physical_error_rate"":0.001}","{""detection_events"":268655,""detectors_checked"":69672960}"
    123904,         0,         0,    16.4,standalone_exact_mw,ba5ada56442ed2ba457be44e3218b165c8a19e21146c9941e841199e65961aae,"{""distance"":7,""physical_error_rate"":0.0005}","{""detection_events"":192956,""detectors_checked"":100362240}"
     98304,         0,         0,    16.5,standalone_exact_mw,ba5ada56442ed2ba457be44e3218b165c8a19e21146c9941e841199e65961aae,"{""distance"":7,""physical_error_rate"":0.0005}","{""detection_events"":154793,""detectors_checked"":79626240}"
    151552,         0,         0,    16.5,standalone_exact_mw,3bd544bb51e006261b45d3a2c996e28fc0c0449411cee5f7deafcd25d9539ebc,"{""distance"":7,""physical_error_rate"":0.001}","{""detection_events"":474472,""detectors_checked"":122757120}"
    308224,         0,         0,    16.4,standalone_exact_mw,3bd544bb51e006261b45d3a2c996e28fc0c0449411cee5f7deafcd25d9539ebc,"{""distance"":7,""physical_error_rate"":0.001}","{""detection_events"":964457,""detectors_checked"":249661440}"
    141312,         0,         0,    16.4,standalone_exact_mw,ba5ada56442ed2ba457be44e3218b165c8a19e21146c9941e841199e65961aae,"{""distance"":7,""physical_error_rate"":0.0005}","{""detection_events"":220782,""detectors_checked"":114462720}"
    132096,         0,         0,    16.3,standalone_exact_mw,ba5ada56442ed2ba457be44e3218b165c8a19e21146c9941e841199e65961aae,"{""distance"":7,""physical_error_rate"":0.0005}","{""detection_events"":207011,""detectors_checked"":106997760}"
    197632,         0,         0,    16.3,standalone_exact_mw,ba5ada56442ed2ba457be44e3218b165c8a19e21146c9941e841199e65961aae,"{""distance"":7,""physical_error_rate"":0.0005}","{""detection_events"":308879,""detectors_checked"":160081920}"
    302080,         0,         0,    16.4,standalone_exact_mw,ba5ada56442ed2ba457be44e3218b165c8a19e21146c9941e841199e65961aae,"{""distance"":7,""physical_error_rate"":0.0005}","{""detection_events"":473355,""detectors_checked"":244684800}"
    105472,         0,         0,    16.7,standalone_exact_mw,9d8ad86e51451842b54dafc7680d1b486ef291963bb72c70f3cdd570d2d8fa34,"{""distance"":7,""physical_error_rate"":0.002}","{""detection_events"":656888,""detectors_checked"":85432320}"
     54272,         0,         0,    16.5,standalone_exact_mw,9d8ad86e51451842b54dafc7680d1b486ef291963bb72c70f3cdd570d2d8fa34,"{""distance"":7,""physical_error_rate"":0.002}","{""detection_events"":337159,""detectors_checked"":43960320}"
     76800,         0,         0,    16.5,standalone_exact_mw,3bd544bb51e006261b45d3a2c996e28fc0c0449411cee5f7deafcd25d9539ebc,"{""distance"":7,""physical_error_rate"":0.001}","{""detection_events"":239829,""detectors_checked"":62208000}"
    535552,         0,         0,    23.0,standalone_exact_mw,ba5ada56442ed2ba457be44e3218b165c8a19e21146c9941e841199e65961aae,"{""distance"":7,""physical_error_rate"":0.0005}","{""detection_events"":839776,""detectors_checked"":433797120}"
    358400,         0,         0,    22.9,standalone_exact_mw,9d8ad86e51451842b54dafc7680d1b486ef291963bb72c70f3cdd570d2d8fa34,"{""distance"":7,""physical_error_rate"":0.002}","{""detection_events"":2230925,""detectors_checked"":290304000}"
    434176,         0,         0,    22.9,standalone_exact_mw,ba5ada56442ed2ba457be44e3218b165c8a19e21146c9941e841199e65961aae,"{""distance"":7,""physical_error_rate"":0.0005}","{""detection_events"":681331,""detectors_checked"":351682560}"
    467968,         0,         0,    22.9,standalone_exact_mw,9d8ad86e51451842b54dafc7680d1b486ef291963bb72c70f3cdd570d2d8fa34,"{""distance"":7,""physical_error_rate"":0.002}","{""detection_events"":2905177,""detectors_checked"":379054080}"
    655360,         0,         0,    22.9,standalone_exact_mw,ba5ada56442ed2ba457be44e3218b165c8a19e21146c9941e841199e65961aae,"{""distance"":7,""physical_error_rate"":0.0005}","{""detection_events"":1025910,""detectors_checked"":530841600}"
    432128,         0,         0,    22.9,standalone_exact_mw,9d8ad86e51451842b54dafc7680d1b486ef291963bb72c70f3cdd570d2d8fa34,"{""distance"":7,""physical_error_rate"":0.002}","{""detection_events"":2688871,""detectors_checked"":350023680}"
    596992,         0,         0,    22.9,standalone_exact_mw,3bd544bb51e006261b45d3a2c996e28fc0c0449411cee5f7deafcd25d9539ebc,"{""distance"":7,""physical_error_rate"":0.001}","{""detection_events"":1863919,""detectors_checked"":483563520}"
    437248,         0,         0,    22.9,standalone_exact_mw,9d8ad86e51451842b54dafc7680d1b486ef291963bb72c70f3cdd570d2d8fa34,"{""distance"":7,""physical_error_rate"":0.002}","{""detection_events"":2714122,""detectors_checked"":354170880}"
    550912,         0,         0,    22.9,standalone_exact_mw,3bd544bb51e006261b45d3a2c996e28fc0c0449411cee5f7deafcd25d9539ebc,"{""distance"":7,""physical_error_rate"":0.001}","{""detection_events"":1720544,""detectors_checked"":446238720}"
    330752,         0,         0,    22.9,standalone_exact_mw,9d8ad86e51451842b54dafc7680d1b486ef291963bb72c70f3cdd570d2d8fa34,"{""distance"":7,""physical_error_rate"":0.002}","{""detection_events"":2054291,""detectors_checked"":267909120}"
    528384,         0,         0,    23.0,standalone_exact_mw,3bd544bb51e006261b45d3a2c996e28fc0c0449411cee5f7deafcd25d9539ebc,"{""distance"":7,""physical_error_rate"":0.001}","{""detection_events"":1650086,""detectors_checked"":427991040}"
    193536,         0,         0,    23.1,standalone_exact_mw,3bd544bb51e006261b45d3a2c996e28fc0c0449411cee5f7deafcd25d9539ebc,"{""distance"":7,""physical_error_rate"":0.001}","{""detection_events"":604119,""detectors_checked"":156764160}"
    537600,         0,         0,    22.9,standalone_exact_mw,3bd544bb51e006261b45d3a2c996e28fc0c0449411cee5f7deafcd25d9539ebc,"{""distance"":7,""physical_error_rate"":0.001}","{""detection_events"":1678754,""detectors_checked"":435456000}"
    177152,         0,         0,    22.8,standalone_exact_mw,9d8ad86e51451842b54dafc7680d1b486ef291963bb72c70f3cdd570d2d8fa34,"{""distance"":7,""physical_error_rate"":0.002}","{""detection_events"":1100260,""detectors_checked"":143493120}"
    310272,         0,         0,    22.9,standalone_exact_mw,3bd544bb51e006261b45d3a2c996e28fc0c0449411cee5f7deafcd25d9539ebc,"{""distance"":7,""physical_error_rate"":0.001}","{""detection_events"":973162,""detectors_checked"":251320320}"
    181248,         0,         0,    23.0,standalone_exact_mw,9d8ad86e51451842b54dafc7680d1b486ef291963bb72c70f3cdd570d2d8fa34,"{""distance"":7,""physical_error_rate"":0.002}","{""detection_events"":1122987,""detectors_checked"":146810880}"
    348160,         0,         0,    22.9,standalone_exact_mw,ba5ada56442ed2ba457be44e3218b165c8a19e21146c9941e841199e65961aae,"{""distance"":7,""physical_error_rate"":0.0005}","{""detection_events"":546705,""detectors_checked"":282009600}"
    235520,         0,         0,    22.9,standalone_exact_mw,3bd544bb51e006261b45d3a2c996e28fc0c0449411cee5f7deafcd25d9539ebc,"{""distance"":7,""physical_error_rate"":0.001}","{""detection_events"":734711,""detectors_checked"":190771200}"
    296960,         0,         0,    22.9,standalone_exact_mw,9d8ad86e51451842b54dafc7680d1b486ef291963bb72c70f3cdd570d2d8fa34,"{""distance"":7,""physical_error_rate"":0.002}","{""detection_events"":1843264,""detectors_checked"":240537600}"
   1119232,         0,         0,   119.5,standalone_exact_mw,ba5ada56442ed2ba457be44e3218b165c8a19e21146c9941e841199e65961aae,"{""distance"":7,""physical_error_rate"":0.0005}","{""detection_events"":1753783,""detectors_checked"":906577920}"
    159744,         0,         0,    22.8,standalone_exact_mw,3bd544bb51e006261b45d3a2c996e28fc0c0449411cee5f7deafcd25d9539ebc,"{""distance"":7,""physical_error_rate"":0.001}","{""detection_events"":498341,""detectors_checked"":129392640}"
    134144,         0,         0,    23.2,standalone_exact_mw,ba5ada56442ed2ba457be44e3218b165c8a19e21146c9941e841199e65961aae,"{""distance"":7,""physical_error_rate"":0.0005}","{""detection_events"":210096,""detectors_checked"":108656640}"
    183296,         0,         0,    23.0,standalone_exact_mw,ba5ada56442ed2ba457be44e3218b165c8a19e21146c9941e841199e65961aae,"{""distance"":7,""physical_error_rate"":0.0005}","{""detection_events"":288193,""detectors_checked"":148469760}"
   1210368,         0,         0,   119.7,standalone_exact_mw,3bd544bb51e006261b45d3a2c996e28fc0c0449411cee5f7deafcd25d9539ebc,"{""distance"":7,""physical_error_rate"":0.001}","{""detection_events"":3785725,""detectors_checked"":980398080}"
    911360,         0,         0,   119.8,standalone_exact_mw,ba5ada56442ed2ba457be44e3218b165c8a19e21146c9941e841199e65961aae,"{""distance"":7,""physical_error_rate"":0.0005}","{""detection_events"":1429404,""detectors_checked"":738201600}"
   2974720,         0,         0,   119.6,standalone_exact_mw,ba5ada56442ed2ba457be44e3218b165c8a19e21146c9941e841199e65961aae,"{""distance"":7,""physical_error_rate"":0.0005}","{""detection_events"":4664068,""detectors_checked"":2409523200}"
    497664,         0,         0,   119.9,standalone_exact_mw,9d8ad86e51451842b54dafc7680d1b486ef291963bb72c70f3cdd570d2d8fa34,"{""distance"":7,""physical_error_rate"":0.002}","{""detection_events"":3096954,""detectors_checked"":403107840}"
   3477504,         0,         0,   119.7,standalone_exact_mw,ba5ada56442ed2ba457be44e3218b165c8a19e21146c9941e841199e65961aae,"{""distance"":7,""physical_error_rate"":0.0005}","{""detection_events"":5453771,""detectors_checked"":2816778240}"
   1046528,         0,         0,   119.7,standalone_exact_mw,3bd544bb51e006261b45d3a2c996e28fc0c0449411cee5f7deafcd25d9539ebc,"{""distance"":7,""physical_error_rate"":0.001}","{""detection_events"":3268555,""detectors_checked"":847687680}"
   2504704,         0,         0,   119.8,standalone_exact_mw,9d8ad86e51451842b54dafc7680d1b486ef291963bb72c70f3cdd570d2d8fa34,"{""distance"":7,""physical_error_rate"":0.002}","{""detection_events"":15568081,""detectors_checked"":2028810240}"
   2859008,         0,         0,   119.7,standalone_exact_mw,3bd544bb51e006261b45d3a2c996e28fc0c0449411cee5f7deafcd25d9539ebc,"{""distance"":7,""physical_error_rate"":0.001}","{""detection_events"":8932371,""detectors_checked"":2315796480}"
   1153024,         0,         0,   119.6,standalone_exact_mw,ba5ada56442ed2ba457be44e3218b165c8a19e21146c9941e841199e65961aae,"{""distance"":7,""physical_error_rate"":0.0005}","{""detection_events"":1808223,""detectors_checked"":933949440}"
    184320,         0,         0,    23.0,standalone_exact_mw,ba5ada56442ed2ba457be44e3218b165c8a19e21146c9941e841199e65961aae,"{""distance"":7,""physical_error_rate"":0.0005}","{""detection_events"":288883,""detectors_checked"":149299200}"
    276480,         0,         0,    22.9,standalone_exact_mw,3bd544bb51e006261b45d3a2c996e28fc0c0449411cee5f7deafcd25d9539ebc,"{""distance"":7,""physical_error_rate"":0.001}","{""detection_events"":864552,""detectors_checked"":223948800}"
   3598336,         0,         0,   119.7,standalone_exact_mw,ba5ada56442ed2ba457be44e3218b165c8a19e21146c9941e841199e65961aae,"{""distance"":7,""physical_error_rate"":0.0005}","{""detection_events"":5641809,""detectors_checked"":2914652160}"
   2298880,         0,         0,   119.5,standalone_exact_mw,ba5ada56442ed2ba457be44e3218b165c8a19e21146c9941e841199e65961aae,"{""distance"":7,""physical_error_rate"":0.0005}","{""detection_events"":3601185,""detectors_checked"":1862092800}"
    828416,         0,         0,   119.5,standalone_exact_mw,3bd544bb51e006261b45d3a2c996e28fc0c0449411cee5f7deafcd25d9539ebc,"{""distance"":7,""physical_error_rate"":0.001}","{""detection_events"":2591117,""detectors_checked"":671016960}"
   2006016,         0,         0,   119.7,standalone_exact_mw,3bd544bb51e006261b45d3a2c996e28fc0c0449411cee5f7deafcd25d9539ebc,"{""distance"":7,""physical_error_rate"":0.001}","{""detection_events"":6267925,""detectors_checked"":1624872960}"
   1283072,         1,         0,   119.6,standalone_exact_mw,9d8ad86e51451842b54dafc7680d1b486ef291963bb72c70f3cdd570d2d8fa34,"{""distance"":7,""physical_error_rate"":0.002}","{""detection_events"":7970529,""detectors_checked"":1039288320,""obs_mistake_mask=E"":1}"
    389120,         0,         0,    23.0,standalone_exact_mw,3bd544bb51e006261b45d3a2c996e28fc0c0449411cee5f7deafcd25d9539ebc,"{""distance"":7,""physical_error_rate"":0.001}","{""detection_events"":1219741,""detectors_checked"":315187200}"
    904704,         0,         0,   119.5,standalone_exact_mw,9d8ad86e51451842b54dafc7680d1b486ef291963bb72c70f3cdd570d2d8fa34,"{""distance"":7,""physical_error_rate"":0.002}","{""detection_events"":5619119,""detectors_checked"":732810240}"
   1232896,         0,         0,   119.8,standalone_exact_mw,3bd544bb51e006261b45d3a2c996e28fc0c0449411cee5f7deafcd25d9539ebc,"{""distance"":7,""physical_error_rate"":0.001}","{""detection_events"":3858878,""detectors_checked"":998645760}"
   1657856,         2,         0,   119.7,standalone_exact_mw,9d8ad86e51451842b54dafc7680d1b486ef291963bb72c70f3cdd570d2d8fa34,"{""distance"":7,""physical_error_rate"":0.002}","{""detection_events"":10301795,""detectors_checked"":1342863360,""obs_mistake_mask=E"":2}"
   1104896,         0,         0,   119.9,standalone_exact_mw,9d8ad86e51451842b54dafc7680d1b486ef291963bb72c70f3cdd570d2d8fa34,"{""distance"":7,""physical_error_rate"":0.002}","{""detection_events"":6869990,""detectors_checked"":894965760}"
   1571840,         0,         0,   119.7,standalone_exact_mw,3bd544bb51e006261b45d3a2c996e28fc0c0449411cee5f7deafcd25d9539ebc,"{""distance"":7,""physical_error_rate"":0.001}","{""detection_events"":4915188,""detectors_checked"":1273190400}"
   2241536,         0,         0,   119.7,standalone_exact_mw,ba5ada56442ed2ba457be44e3218b165c8a19e21146c9941e841199e65961aae,"{""distance"":7,""physical_error_rate"":0.0005}","{""detection_events"":3511944,""detectors_checked"":1815644160}"
    183296,         0,         0,    22.9,standalone_exact_mw,ba5ada56442ed2ba457be44e3218b165c8a19e21146c9941e841199e65961aae,"{""distance"":7,""physical_error_rate"":0.0005}","{""detection_events"":286647,""detectors_checked"":148469760}"
   1534976,         0,         0,   119.7,standalone_exact_mw,ba5ada56442ed2ba457be44e3218b165c8a19e21146c9941e841199e65961aae,"{""distance"":7,""physical_error_rate"":0.0005}","{""detection_events"":2402999,""detectors_checked"":1243330560}"
    141312,         0,         0,    23.1,standalone_exact_mw,ba5ada56442ed2ba457be44e3218b165c8a19e21146c9941e841199e65961aae,"{""distance"":7,""physical_error_rate"":0.0005}","{""detection_events"":222983,""detectors_checked"":114462720}"
    117760,         0,         0,    22.9,standalone_exact_mw,ba5ada56442ed2ba457be44e3218b165c8a19e21146c9941e841199e65961aae,"{""distance"":7,""physical_error_rate"":0.0005}","{""detection_events"":183571,""detectors_checked"":95385600}"
   1092608,         0,         0,   119.8,standalone_exact_mw,9d8ad86e51451842b54dafc7680d1b486ef291963bb72c70f3cdd570d2d8fa34,"{""distance"":7,""physical_error_rate"":0.002}","{""detection_events"":6790708,""detectors_checked"":885012480}"
    305152,         0,         0,    22.9,standalone_exact_mw,ba5ada56442ed2ba457be44e3218b165c8a19e21146c9941e841199e65961aae,"{""distance"":7,""physical_error_rate"":0.0005}","{""detection_events"":477893,""detectors_checked"":247173120}"
    487424,         0,         0,   120.2,standalone_exact_mw,9d8ad86e51451842b54dafc7680d1b486ef291963bb72c70f3cdd570d2d8fa34,"{""distance"":7,""physical_error_rate"":0.002}","{""detection_events"":3024425,""detectors_checked"":394813440}"
   1182720,         0,         0,   119.7,standalone_exact_mw,3bd544bb51e006261b45d3a2c996e28fc0c0449411cee5f7deafcd25d9539ebc,"{""distance"":7,""physical_error_rate"":0.001}","{""detection_events"":3694158,""detectors_checked"":958003200}"
    789504,         0,         0,   119.6,standalone_exact_mw,3bd544bb51e006261b45d3a2c996e28fc0c0449411cee5f7deafcd25d9539ebc,"{""distance"":7,""physical_error_rate"":0.001}","{""detection_events"":2468229,""detectors_checked"":639498240}"
    563200,         0,         0,   120.1,standalone_exact_mw,9d8ad86e51451842b54dafc7680d1b486ef291963bb72c70f3cdd570d2d8fa34,"{""distance"":7,""physical_error_rate"":0.002}","{""detection_events"":3498545,""detectors_checked"":456192000}"
   2002944,         1,         0,   119.6,standalone_exact_mw,9d8ad86e51451842b54dafc7680d1b486ef291963bb72c70f3cdd570d2d8fa34,"{""distance"":7,""physical_error_rate"":0.002}","{""detection_events"":12453896,""detectors_checked"":1622384640,""obs_mistake_mask=E"":1}"
   1417216,         0,         0,   119.5,standalone_exact_mw,ba5ada56442ed2ba457be44e3218b165c8a19e21146c9941e841199e65961aae,"{""distance"":7,""physical_error_rate"":0.0005}","{""detection_events"":2222259,""detectors_checked"":1147944960}"
     80896,         0,         0,    23.5,standalone_exact_mw,9d8ad86e51451842b54dafc7680d1b486ef291963bb72c70f3cdd570d2d8fa34,"{""distance"":7,""physical_error_rate"":0.002}","{""detection_events"":502069,""detectors_checked"":65525760}"
    716800,         0,         0,   120.1,standalone_exact_mw,3bd544bb51e006261b45d3a2c996e28fc0c0449411cee5f7deafcd25d9539ebc,"{""distance"":7,""physical_error_rate"":0.001}","{""detection_events"":2243207,""detectors_checked"":580608000}"
   2829312,         0,         0,   119.7,standalone_exact_mw,3bd544bb51e006261b45d3a2c996e28fc0c0449411cee5f7deafcd25d9539ebc,"{""distance"":7,""physical_error_rate"":0.001}","{""detection_events"":8835670,""detectors_checked"":2291742720}"
    619520,         0,         0,   119.9,standalone_exact_mw,9d8ad86e51451842b54dafc7680d1b486ef291963bb72c70f3cdd570d2d8fa34,"{""distance"":7,""physical_error_rate"":0.002}","{""detection_events"":3850008,""detectors_checked"":501811200}"
   1872896,         0,         0,   119.5,standalone_exact_mw,ba5ada56442ed2ba457be44e3218b165c8a19e21146c9941e841199e65961aae,"{""distance"":7,""physical_error_rate"":0.0005}","{""detection_events"":2933615,""detectors_checked"":1517045760}"
   1225728,         0,         0,   119.6,standalone_exact_mw,ba5ada56442ed2ba457be44e3218b165c8a19e21146c9941e841199e65961aae,"{""distance"":7,""physical_error_rate"":0.0005}","{""detection_events"":1918949,""detectors_checked"":992839680}"
    871424,         0,         0,   119.4,standalone_exact_mw,ba5ada56442ed2ba457be44e3218b165c8a19e21146c9941e841199e65961aae,"{""distance"":7,""physical_error_rate"":0.0005}","{""detection_events"":1365009,""detectors_checked"":705853440}"
   1324032,         0,         0,   119.9,standalone_exact_mw,3bd544bb51e006261b45d3a2c996e28fc0c0449411cee5f7deafcd25d9539ebc,"{""distance"":7,""physical_error_rate"":0.001}","{""detection_events"":4134187,""detectors_checked"":1072465920}"
    596992,         0,         0,   120.0,standalone_exact_mw,9d8ad86e51451842b54dafc7680d1b486ef291963bb72c70f3cdd570d2d8fa34,"{""distance"":7,""physical_error_rate"":0.002}","{""detection_events"":3711983,""detectors_checked"":483563520}"
    974848,         0,         0,   119.8,standalone_exact_mw,9d8ad86e51451842b54dafc7680d1b486ef291963bb72c70f3cdd570d2d8fa34,"{""distance"":7,""physical_error_rate"":0.002}","{""detection_events"":6060273,""detectors_checked"":789626880}"
    946176,         0,         0,   119.8,standalone_exact_mw,9d8ad86e51451842b54dafc7680d1b486ef291963bb72c70f3cdd570d2d8fa34,"{""distance"":7,""physical_error_rate"":0.002}","{""detection_events"":5877084,""detectors_checked"":766402560}"
   1301504,         0,         0,   119.5,standalone_exact_mw,ba5ada56442ed2ba457be44e3218b165c8a19e21146c9941e841199e65961aae,"{""distance"":7,""physical_error_rate"":0.0005}","{""detection_events"":2039208,""detectors_checked"":1054218240}"
    105472,         0,         0,    23.1,standalone_exact_mw,9d8ad86e51451842b54dafc7680d1b486ef291963bb72c70f3cdd570d2d8fa34,"{""distance"":7,""physical_error_rate"":0.002}","{""detection_events"":656529,""detectors_checked"":85432320}"
    167936,         0,         0,    22.9,standalone_exact_mw,3bd544bb51e006261b45d3a2c996e28fc0c0449411cee5f7deafcd25d9539ebc,"{""distance"":7,""physical_error_rate"":0.001}","{""detection_events"":525894,""detectors_checked"":136028160}"
   1113088,         0,         0,   119.8,standalone_exact_mw,ba5ada56442ed2ba457be44e3218b165c8a19e21146c9941e841199e65961aae,"{""distance"":7,""physical_error_rate"":0.0005}","{""detection_events"":1743508,""detectors_checked"":901601280}"
   1224704,         0,         0,   119.5,standalone_exact_mw,ba5ada56442ed2ba457be44e3218b165c8a19e21146c9941e841199e65961aae,"{""distance"":7,""physical_error_rate"":0.0005}","{""detection_events"":1918366,""detectors_checked"":992010240}"
   1602560,         0,         0,   119.6,standalone_exact_mw,3bd544bb51e006261b45d3a2c996e28fc0c0449411cee5f7deafcd25d9539ebc,"{""distance"":7,""physical_error_rate"":0.001}","{""detection_events"":5003228,""detectors_checked"":1298073600}"
    630784,         0,         0,   119.9,standalone_exact_mw,3bd544bb51e006261b45d3a2c996e28fc0c0449411cee5f7deafcd25d9539ebc,"{""distance"":7,""physical_error_rate"":0.001}","{""detection_events"":1971772,""detectors_checked"":510935040}"
   1346560,         0,         0,   120.0,standalone_exact_mw,3bd544bb51e006261b45d3a2c996e28fc0c0449411cee5f7deafcd25d9539ebc,"{""distance"":7,""physical_error_rate"":0.001}","{""detection_events"":4210153,""detectors_checked"":1090713600}"
   1623040,         0,         0,   119.8,standalone_exact_mw,9d8ad86e51451842b54dafc7680d1b486ef291963bb72c70f3cdd570d2d8fa34,"{""distance"":7,""physical_error_rate"":0.002}","{""detection_events"":10091362,""detectors_checked"":1314662400}"
    815104,         0,         0,   119.4,standalone_exact_mw,3bd544bb51e006261b45d3a2c996e28fc0c0449411cee5f7deafcd25d9539ebc,"{""distance"":7,""physical_error_rate"":0.001}","{""detection_events"":2548905,""detectors_checked"":660234240}"
   2537472,         0,         0,   119.7,standalone_exact_mw,ba5ada56442ed2ba457be44e3218b165c8a19e21146c9941e841199e65961aae,"{""distance"":7,""physical_error_rate"":0.0005}","{""detection_events"":3978910,""detectors_checked"":2055352320}"
   1068032,         0,         0,   120.0,standalone_exact_mw,9d8ad86e51451842b54dafc7680d1b486ef291963bb72c70f3cdd570d2d8fa34,"{""distance"":7,""physical_error_rate"":0.002}","{""detection_events"":6635172,""detectors_checked"":865105920}"
    881664,         1,         0,   119.7,standalone_exact_mw,9d8ad86e51451842b54dafc7680d1b486ef291963bb72c70f3cdd570d2d8fa34,"{""distance"":7,""physical_error_rate"":0.002}","{""detection_events"":5477418,""detectors_checked"":714147840,""obs_mistake_mask=E"":1}"
   1615872,         0,         0,   119.8,standalone_exact_mw,ba5ada56442ed2ba457be44e3218b165c8a19e21146c9941e841199e65961aae,"{""distance"":7,""physical_error_rate"":0.0005}","{""detection_events"":2530835,""detectors_checked"":1308856320}"
   1570816,         0,         0,   119.5,standalone_exact_mw,3bd544bb51e006261b45d3a2c996e28fc0c0449411cee5f7deafcd25d9539ebc,"{""distance"":7,""physical_error_rate"":0.001}","{""detection_events"":4907946,""detectors_checked"":1272360960}"
    712704,         0,         0,   119.7,standalone_exact_mw,3bd544bb51e006261b45d3a2c996e28fc0c0449411cee5f7deafcd25d9539ebc,"{""distance"":7,""physical_error_rate"":0.001}","{""detection_events"":2225772,""detectors_checked"":577290240}"
    889856,         2,         0,   119.8,standalone_exact_mw,9d8ad86e51451842b54dafc7680d1b486ef291963bb72c70f3cdd570d2d8fa34,"{""distance"":7,""physical_error_rate"":0.002}","{""detection_events"":5533182,""detectors_checked"":720783360,""obs_mistake_mask=E"":2}"
   1306624,         0,         0,   119.5,standalone_exact_mw,3bd544bb51e006261b45d3a2c996e28fc0c0449411cee5f7deafcd25d9539ebc,"{""distance"":7,""physical_error_rate"":0.001}","{""detection_events"":4082277,""detectors_checked"":1058365440}"
   1405952,         0,         0,   119.6,standalone_exact_mw,3bd544bb51e006261b45d3a2c996e28fc0c0449411cee5f7deafcd25d9539ebc,"{""distance"":7,""physical_error_rate"":0.001}","{""detection_events"":4396504,""detectors_checked"":1138821120}"
   1106944,         0,         0,   119.6,standalone_exact_mw,ba5ada56442ed2ba457be44e3218b165c8a19e21146c9941e841199e65961aae,"{""distance"":7,""physical_error_rate"":0.0005}","{""detection_events"":1733584,""detectors_checked"":896624640}"
   1422336,         0,         0,   119.5,standalone_exact_mw,ba5ada56442ed2ba457be44e3218b165c8a19e21146c9941e841199e65961aae,"{""distance"":7,""physical_error_rate"":0.0005}","{""detection_events"":2231641,""detectors_checked"":1152092160}"
    620544,         0,         0,   119.8,standalone_exact_mw,9d8ad86e51451842b54dafc7680d1b486ef291963bb72c70f3cdd570d2d8fa34,"{""distance"":7,""physical_error_rate"":0.002}","{""detection_events"":3857278,""detectors_checked"":502640640}"
    909312,         0,         0,   119.6,standalone_exact_mw,3bd544bb51e006261b45d3a2c996e28fc0c0449411cee5f7deafcd25d9539ebc,"{""distance"":7,""physical_error_rate"":0.001}","{""detection_events"":2839422,""detectors_checked"":736542720}"
    805888,         0,         0,   119.8,standalone_exact_mw,9d8ad86e51451842b54dafc7680d1b486ef291963bb72c70f3cdd570d2d8fa34,"{""distance"":7,""physical_error_rate"":0.002}","{""detection_events"":5005008,""detectors_checked"":652769280}"
    616448,         0,         0,   119.6,standalone_exact_mw,3bd544bb51e006261b45d3a2c996e28fc0c0449411cee5f7deafcd25d9539ebc,"{""distance"":7,""physical_error_rate"":0.001}","{""detection_events"":1928074,""detectors_checked"":499322880}"
   1701888,         0,         0,   120.1,standalone_exact_mw,9d8ad86e51451842b54dafc7680d1b486ef291963bb72c70f3cdd570d2d8fa34,"{""distance"":7,""physical_error_rate"":0.002}","{""detection_events"":10584044,""detectors_checked"":1378529280}"
    468992,         0,         0,   119.8,standalone_exact_mw,9d8ad86e51451842b54dafc7680d1b486ef291963bb72c70f3cdd570d2d8fa34,"{""distance"":7,""physical_error_rate"":0.002}","{""detection_events"":2915284,""detectors_checked"":379883520}"
    432128,         0,         0,    32.0,standalone_exact_mw,9d8ad86e51451842b54dafc7680d1b486ef291963bb72c70f3cdd570d2d8fa34,"{""distance"":7,""physical_error_rate"":0.002}","{""detection_events"":2683303,""detectors_checked"":350023680}"
    660480,         0,         0,    32.1,standalone_exact_mw,ba5ada56442ed2ba457be44e3218b165c8a19e21146c9941e841199e65961aae,"{""distance"":7,""physical_error_rate"":0.0005}","{""detection_events"":1035609,""detectors_checked"":534988800}"
    668672,         0,         0,    32.0,standalone_exact_mw,ba5ada56442ed2ba457be44e3218b165c8a19e21146c9941e841199e65961aae,"{""distance"":7,""physical_error_rate"":0.0005}","{""detection_events"":1048525,""detectors_checked"":541624320}"
    700416,         0,         0,    32.1,standalone_exact_mw,9d8ad86e51451842b54dafc7680d1b486ef291963bb72c70f3cdd570d2d8fa34,"{""distance"":7,""physical_error_rate"":0.002}","{""detection_events"":4352790,""detectors_checked"":567336960}"
    786432,         0,         0,    32.0,standalone_exact_mw,ba5ada56442ed2ba457be44e3218b165c8a19e21146c9941e841199e65961aae,"{""distance"":7,""physical_error_rate"":0.0005}","{""detection_events"":1229571,""detectors_checked"":637009920}"
    617472,         1,         0,    32.1,standalone_exact_mw,9d8ad86e51451842b54dafc7680d1b486ef291963bb72c70f3cdd570d2d8fa34,"{""distance"":7,""physical_error_rate"":0.002}","{""detection_events"":3836896,""detectors_checked"":500152320,""obs_mistake_mask=E"":1}"
    708608,         0,         0,    32.0,standalone_exact_mw,3bd544bb51e006261b45d3a2c996e28fc0c0449411cee5f7deafcd25d9539ebc,"{""distance"":7,""physical_error_rate"":0.001}","{""detection_events"":2215056,""detectors_checked"":573972480}"
    345088,         0,         0,    32.1,standalone_exact_mw,9d8ad86e51451842b54dafc7680d1b486ef291963bb72c70f3cdd570d2d8fa34,"{""distance"":7,""physical_error_rate"":0.002}","{""detection_events"":2148386,""detectors_checked"":279521280}"
    830464,         0,         0,    32.1,standalone_exact_mw,3bd544bb51e006261b45d3a2c996e28fc0c0449411cee5f7deafcd25d9539ebc,"{""distance"":7,""physical_error_rate"":0.001}","{""detection_events"":2594521,""detectors_checked"":672675840}"
    378880,         0,         0,    32.2,standalone_exact_mw,9d8ad86e51451842b54dafc7680d1b486ef291963bb72c70f3cdd570d2d8fa34,"{""distance"":7,""physical_error_rate"":0.002}","{""detection_events"":2351979,""detectors_checked"":306892800}"
    652288,         0,         0,    32.2,standalone_exact_mw,3bd544bb51e006261b45d3a2c996e28fc0c0449411cee5f7deafcd25d9539ebc,"{""distance"":7,""physical_error_rate"":0.001}","{""detection_events"":2038526,""detectors_checked"":528353280}"
    169984,         0,         0,    32.1,standalone_exact_mw,3bd544bb51e006261b45d3a2c996e28fc0c0449411cee5f7deafcd25d9539ebc,"{""distance"":7,""physical_error_rate"":0.001}","{""detection_events"":531993,""detectors_checked"":137687040}"
    741376,         0,         0,    32.1,standalone_exact_mw,3bd544bb51e006261b45d3a2c996e28fc0c0449411cee5f7deafcd25d9539ebc,"{""distance"":7,""physical_error_rate"":0.001}","{""detection_events"":2317901,""detectors_checked"":600514560}"
    374784,         0,         0,    32.0,standalone_exact_mw,3bd544bb51e006261b45d3a2c996e28fc0c0449411cee5f7deafcd25d9539ebc,"{""distance"":7,""physical_error_rate"":0.001}","{""detection_events"":1170691,""detectors_checked"":303575040}"
    325632,         0,         0,    32.0,standalone_exact_mw,9d8ad86e51451842b54dafc7680d1b486ef291963bb72c70f3cdd570d2d8fa34,"{""distance"":7,""physical_error_rate"":0.002}","{""detection_events"":2020910,""detectors_checked"":263761920}"
    556032,         0,         0,    32.1,standalone_exact_mw,9d8ad86e51451842b54dafc7680d1b486ef291963bb72c70f3cdd570d2d8fa34,"{""distance"":7,""physical_error_rate"":0.002}","{""detection_events"":3456747,""detectors_checked"":450385920}"
    393216,         0,         0,    32.1,standalone_exact_mw,ba5ada56442ed2ba457be44e3218b165c8a19e21146c9941e841199e65961aae,"{""distance"":7,""physical_error_rate"":0.0005}","{""detection_events"":614768,""detectors_checked"":318504960}"
    387072,         0,         0,    32.1,standalone_exact_mw,3bd544bb51e006261b45d3a2c996e28fc0c0449411cee5f7deafcd25d9539ebc,"{""distance"":7,""physical_error_rate"":0.001}","{""detection_events"":1205738,""detectors_checked"":313528320}"
    338944,         0,         0,    32.1,standalone_exact_mw,9d8ad86e51451842b54dafc7680d1b486ef291963bb72c70f3cdd570d2d8fa34,"{""distance"":7,""physical_error_rate"":0.002}","{""detection_events"":2105040,""detectors_checked"":274544640}"
    600064,         0,         0,    32.0,standalone_exact_mw,3bd544bb51e006261b45d3a2c996e28fc0c0449411cee5f7deafcd25d9539ebc,"{""distance"":7,""physical_error_rate"":0.001}","{""detection_events"":1879462,""detectors_checked"":486051840}"
    206848,         0,         0,    32.1,standalone_exact_mw,ba5ada56442ed2ba457be44e3218b165c8a19e21146c9941e841199e65961aae,"{""distance"":7,""physical_error_rate"":0.0005}","{""detection_events"":324724,""detectors_checked"":167546880}"
    290816,         0,         0,    32.1,standalone_exact_mw,ba5ada56442ed2ba457be44e3218b165c8a19e21146c9941e841199e65961aae,"{""distance"":7,""physical_error_rate"":0.0005}","{""detection_events"":455135,""detectors_checked"":235560960}"
    353280,         0,         0,    32.0,standalone_exact_mw,3bd544bb51e006261b45d3a2c996e28fc0c0449411cee5f7deafcd25d9539ebc,"{""distance"":7,""physical_error_rate"":0.001}","{""detection_events"":1102773,""detectors_checked"":286156800}"
    325632,         0,         0,    32.1,standalone_exact_mw,ba5ada56442ed2ba457be44e3218b165c8a19e21146c9941e841199e65961aae,"{""distance"":7,""physical_error_rate"":0.0005}","{""detection_events"":509016,""detectors_checked"":263761920}"
    467968,         0,         0,    32.0,standalone_exact_mw,3bd544bb51e006261b45d3a2c996e28fc0c0449411cee5f7deafcd25d9539ebc,"{""distance"":7,""physical_error_rate"":0.001}","{""detection_events"":1459685,""detectors_checked"":379054080}"
    711680,         0,         0,    32.1,standalone_exact_mw,ba5ada56442ed2ba457be44e3218b165c8a19e21146c9941e841199e65961aae,"{""distance"":7,""physical_error_rate"":0.0005}","{""detection_events"":1114017,""detectors_checked"":576460800}"
    222208,         0,         0,    32.2,standalone_exact_mw,ba5ada56442ed2ba457be44e3218b165c8a19e21146c9941e841199e65961aae,"{""distance"":7,""physical_error_rate"":0.0005}","{""detection_events"":348833,""detectors_checked"":179988480}"
    206848,         0,         0,    32.2,standalone_exact_mw,ba5ada56442ed2ba457be44e3218b165c8a19e21146c9941e841199e65961aae,"{""distance"":7,""physical_error_rate"":0.0005}","{""detection_events"":323446,""detectors_checked"":167546880}"
    845824,         0,         0,    32.0,standalone_exact_mw,ba5ada56442ed2ba457be44e3218b165c8a19e21146c9941e841199e65961aae,"{""distance"":7,""physical_error_rate"":0.0005}","{""detection_events"":1326855,""detectors_checked"":685117440}"
    175104,         0,         0,    32.3,standalone_exact_mw,9d8ad86e51451842b54dafc7680d1b486ef291963bb72c70f3cdd570d2d8fa34,"{""distance"":7,""physical_error_rate"":0.002}","{""detection_events"":1090203,""detectors_checked"":141834240}"
    139264,         0,         0,    32.2,standalone_exact_mw,9d8ad86e51451842b54dafc7680d1b486ef291963bb72c70f3cdd570d2d8fa34,"{""distance"":7,""physical_error_rate"":0.002}","{""detection_events"":863426,""detectors_checked"":112803840}"
    164864,         0,         0,    32.2,standalone_exact_mw,3bd544bb51e006261b45d3a2c996e28fc0c0449411cee5f7deafcd25d9539ebc,"{""distance"":7,""physical_error_rate"":0.001}","{""detection_events"":514287,""detectors_checked"":133539840}"
   3200976,         0,         0,    91.3,standalone_exact_mw,ba5ada56442ed2ba457be44e3218b165c8a19e21146c9941e841199e65961aae,"{""distance"":7,""physical_error_rate"":0.0005}","{""detection_events"":5010535,""detectors_checked"":2592790560}"
   3514368,         0,         0,   119.7,standalone_exact_mw,ba5ada56442ed2ba457be44e3218b165c8a19e21146c9941e841199e65961aae,"{""distance"":7,""physical_error_rate"":0.0005}","{""detection_events"":5506363,""detectors_checked"":2846638080}"
    737280,         1,         0,    44.9,standalone_exact_mw,9d8ad86e51451842b54dafc7680d1b486ef291963bb72c70f3cdd570d2d8fa34,"{""distance"":7,""physical_error_rate"":0.002}","{""detection_events"":4582975,""detectors_checked"":597196800,""obs_mistake_mask=E"":1}"
   1188864,         0,         0,    44.8,standalone_exact_mw,ba5ada56442ed2ba457be44e3218b165c8a19e21146c9941e841199e65961aae,"{""distance"":7,""physical_error_rate"":0.0005}","{""detection_events"":1864896,""detectors_checked"":962979840}"
    868352,         0,         0,    44.8,standalone_exact_mw,ba5ada56442ed2ba457be44e3218b165c8a19e21146c9941e841199e65961aae,"{""distance"":7,""physical_error_rate"":0.0005}","{""detection_events"":1359939,""detectors_checked"":703365120}"
    946176,         0,         0,    44.9,standalone_exact_mw,9d8ad86e51451842b54dafc7680d1b486ef291963bb72c70f3cdd570d2d8fa34,"{""distance"":7,""physical_error_rate"":0.002}","{""detection_events"":5879090,""detectors_checked"":766402560}"
    710656,         0,         0,    44.8,standalone_exact_mw,ba5ada56442ed2ba457be44e3218b165c8a19e21146c9941e841199e65961aae,"{""distance"":7,""physical_error_rate"":0.0005}","{""detection_events"":1114021,""detectors_checked"":575631360}"
    928768,         0,         0,    45.0,standalone_exact_mw,9d8ad86e51451842b54dafc7680d1b486ef291963bb72c70f3cdd570d2d8fa34,"{""distance"":7,""physical_error_rate"":0.002}","{""detection_events"":5771344,""detectors_checked"":752302080}"
   1110016,         0,         0,    44.9,standalone_exact_mw,3bd544bb51e006261b45d3a2c996e28fc0c0449411cee5f7deafcd25d9539ebc,"{""distance"":7,""physical_error_rate"":0.001}","{""detection_events"":3465413,""detectors_checked"":899112960}"
   2485248,         0,         0,   119.8,standalone_exact_mw,9d8ad86e51451842b54dafc7680d1b486ef291963bb72c70f3cdd570d2d8fa34,"{""distance"":7,""physical_error_rate"":0.002}","{""detection_events"":15438491,""detectors_checked"":2013050880}"
    455680,         0,         0,    45.0,standalone_exact_mw,9d8ad86e51451842b54dafc7680d1b486ef291963bb72c70f3cdd570d2d8fa34,"{""distance"":7,""physical_error_rate"":0.002}","{""detection_events"":2829188,""detectors_checked"":369100800}"
   1093632,         0,         0,    44.9,standalone_exact_mw,3bd544bb51e006261b45d3a2c996e28fc0c0449411cee5f7deafcd25d9539ebc,"{""distance"":7,""physical_error_rate"":0.001}","{""detection_events"":3421932,""detectors_checked"":885841920}"
    263168,         0,         0,    44.8,standalone_exact_mw,3bd544bb51e006261b45d3a2c996e28fc0c0449411cee5f7deafcd25d9539ebc,"{""distance"":7,""physical_error_rate"":0.001}","{""detection_events"":823307,""detectors_checked"":213166080}"
    686080,         0,         0,    45.1,standalone_exact_mw,9d8ad86e51451842b54dafc7680d1b486ef291963bb72c70f3cdd570d2d8fa34,"{""distance"":7,""physical_error_rate"":0.002}","{""detection_events"":4265215,""detectors_checked"":555724800}"
    526336,         0,         0,    44.9,standalone_exact_mw,3bd544bb51e006261b45d3a2c996e28fc0c0449411cee5f7deafcd25d9539ebc,"{""distance"":7,""physical_error_rate"":0.001}","{""detection_events"":1643634,""detectors_checked"":426332160}"
    967680,         0,         0,    45.0,standalone_exact_mw,3bd544bb51e006261b45d3a2c996e28fc0c0449411cee5f7deafcd25d9539ebc,"{""distance"":7,""physical_error_rate"":0.001}","{""detection_events"":3025010,""detectors_checked"":783820800}"
    427008,         0,         0,    45.0,standalone_exact_mw,9d8ad86e51451842b54dafc7680d1b486ef291963bb72c70f3cdd570d2d8fa34,"{""distance"":7,""physical_error_rate"":0.002}","{""detection_events"":2654881,""detectors_checked"":345876480}"
    678912,         0,         0,    45.0,standalone_exact_mw,3bd544bb51e006261b45d3a2c996e28fc0c0449411cee5f7deafcd25d9539ebc,"{""distance"":7,""physical_error_rate"":0.001}","{""detection_events"":2122973,""detectors_checked"":549918720}"
   3054592,         0,         0,   119.8,standalone_exact_mw,3bd544bb51e006261b45d3a2c996e28fc0c0449411cee5f7deafcd25d9539ebc,"{""distance"":7,""physical_error_rate"":0.001}","{""detection_events"":9538455,""detectors_checked"":2474219520}"
    492544,         0,         0,    45.0,standalone_exact_mw,9d8ad86e51451842b54dafc7680d1b486ef291963bb72c70f3cdd570d2d8fa34,"{""distance"":7,""physical_error_rate"":0.002}","{""detection_events"":3061462,""detectors_checked"":398960640}"
    625664,         0,         0,    44.8,standalone_exact_mw,ba5ada56442ed2ba457be44e3218b165c8a19e21146c9941e841199e65961aae,"{""distance"":7,""physical_error_rate"":0.0005}","{""detection_events"":978427,""detectors_checked"":506787840}"
    775168,         1,         0,   119.8,standalone_exact_mw,9d8ad86e51451842b54dafc7680d1b486ef291963bb72c70f3cdd570d2d8fa34,"{""distance"":7,""physical_error_rate"":0.002}","{""detection_events"":4814172,""detectors_checked"":627886080,""obs_mistake_mask=E"":1}"
    382976,         0,         0,    44.8,standalone_exact_mw,9d8ad86e51451842b54dafc7680d1b486ef291963bb72c70f3cdd570d2d8fa34,"{""distance"":7,""physical_error_rate"":0.002}","{""detection_events"":2380717,""detectors_checked"":310210560}"
    527360,         0,         0,    45.1,standalone_exact_mw,3bd544bb51e006261b45d3a2c996e28fc0c0449411cee5f7deafcd25d9539ebc,"{""distance"":7,""physical_error_rate"":0.001}","{""detection_events"":1646585,""detectors_checked"":427161600}"
    321536,         0,         0,    45.0,standalone_exact_mw,ba5ada56442ed2ba457be44e3218b165c8a19e21146c9941e841199e65961aae,"{""distance"":7,""physical_error_rate"":0.0005}","{""detection_events"":503802,""detectors_checked"":260444160}"
    512000,         0,         0,    45.0,standalone_exact_mw,3bd544bb51e006261b45d3a2c996e28fc0c0449411cee5f7deafcd25d9539ebc,"{""distance"":7,""physical_error_rate"":0.001}","{""detection_events"":1601183,""detectors_checked"":414720000}"
    321536,         0,         0,    44.9,standalone_exact_mw,ba5ada56442ed2ba457be44e3218b165c8a19e21146c9941e841199e65961aae,"{""distance"":7,""physical_error_rate"":0.0005}","{""detection_events"":503402,""detectors_checked"":260444160}"
    435200,         0,         0,    44.9,standalone_exact_mw,3bd544bb51e006261b45d3a2c996e28fc0c0449411cee5f7deafcd25d9539ebc,"{""distance"":7,""physical_error_rate"":0.001}","{""detection_events"":1359597,""detectors_checked"":352512000}"
    395264,         0,         0,    45.1,standalone_exact_mw,ba5ada56442ed2ba457be44e3218b165c8a19e21146c9941e841199e65961aae,"{""distance"":7,""physical_error_rate"":0.0005}","{""detection_events"":620568,""detectors_checked"":320163840}"
   1408000,         0,         0,   119.5,standalone_exact_mw,ba5ada56442ed2ba457be44e3218b165c8a19e21146c9941e841199e65961aae,"{""distance"":7,""physical_error_rate"":0.0005}","{""detection_events"":2205286,""detectors_checked"":1140480000}"
   2224128,         0,         0,   119.7,standalone_exact_mw,ba5ada56442ed2ba457be44e3218b165c8a19e21146c9941e841199e65961aae,"{""distance"":7,""physical_error_rate"":0.0005}","{""detection_events"":3484943,""detectors_checked"":1801543680}"
   3000320,         0,         0,   119.5,standalone_exact_mw,ba5ada56442ed2ba457be44e3218b165c8a19e21146c9941e841199e65961aae,"{""distance"":7,""physical_error_rate"":0.0005}","{""detection_events"":4704881,""detectors_checked"":2430259200}"
    352256,         0,         0,    45.1,standalone_exact_mw,3bd544bb51e006261b45d3a2c996e28fc0c0449411cee5f7deafcd25d9539ebc,"{""distance"":7,""physical_error_rate"":0.001}","{""detection_events"":1100826,""detectors_checked"":285327360}"
    700416,         0,         0,   119.5,standalone_exact_mw,3bd544bb51e006261b45d3a2c996e28fc0c0449411cee5f7deafcd25d9539ebc,"{""distance"":7,""physical_error_rate"":0.001}","{""detection_events"":2185722,""detectors_checked"":567336960}"
    566272,         0,         0,   119.8,standalone_exact_mw,9d8ad86e51451842b54dafc7680d1b486ef291963bb72c70f3cdd570d2d8fa34,"{""distance"":7,""physical_error_rate"":0.002}","{""detection_events"":3522506,""detectors_checked"":458680320}"
   2402304,         0,         0,   119.8,standalone_exact_mw,9d8ad86e51451842b54dafc7680d1b486ef291963bb72c70f3cdd570d2d8fa34,"{""distance"":7,""physical_error_rate"":0.002}","{""detection_events"":14938050,""detectors_checked"":1945866240}"
   2477056,         1,         0,   119.7,standalone_exact_mw,9d8ad86e51451842b54dafc7680d1b486ef291963bb72c70f3cdd570d2d8fa34,"{""distance"":7,""physical_error_rate"":0.002}","{""detection_events"":15406073,""detectors_checked"":2006415360,""obs_mistake_mask=E"":1}"
   3023872,         0,         0,   119.7,standalone_exact_mw,3bd544bb51e006261b45d3a2c996e28fc0c0449411cee5f7deafcd25d9539ebc,"{""distance"":7,""physical_error_rate"":0.001}","{""detection_events"":9453817,""detectors_checked"":2449336320}"
    834560,         0,         0,   119.3,standalone_exact_mw,3bd544bb51e006261b45d3a2c996e28fc0c0449411cee5f7deafcd25d9539ebc,"{""distance"":7,""physical_error_rate"":0.001}","{""detection_events"":2610817,""detectors_checked"":675993600}"
    765952,         0,         0,    44.8,standalone_exact_mw,ba5ada56442ed2ba457be44e3218b165c8a19e21146c9941e841199e65961aae,"{""distance"":7,""physical_error_rate"":0.0005}","{""detection_events"":1200303,""detectors_checked"":620421120}"
   2850816,         0,         0,   119.8,standalone_exact_mw,ba5ada56442ed2ba457be44e3218b165c8a19e21146c9941e841199e65961aae,"{""distance"":7,""physical_error_rate"":0.0005}","{""detection_events"":4462898,""detectors_checked"":2309160960}"
    492544,         0,         0,    44.9,standalone_exact_mw,ba5ada56442ed2ba457be44e3218b165c8a19e21146c9941e841199e65961aae,"{""distance"":7,""physical_error_rate"":0.0005}","{""detection_events"":771359,""detectors_checked"":398960640}"
    350208,         0,         0,    44.8,standalone_exact_mw,ba5ada56442ed2ba457be44e3218b165c8a19e21146c9941e841199e65961aae,"{""distance"":7,""physical_error_rate"":0.0005}","{""detection_events"":549126,""detectors_checked"":283668480}"
   1968128,         0,         0,   119.8,standalone_exact_mw,3bd544bb51e006261b45d3a2c996e28fc0c0449411cee5f7deafcd25d9539ebc,"{""distance"":7,""physical_error_rate"":0.001}","{""detection_events"":6151158,""detectors_checked"":1594183680}"
   1072128,         0,         0,    44.9,standalone_exact_mw,ba5ada56442ed2ba457be44e3218b165c8a19e21146c9941e841199e65961aae,"{""distance"":7,""physical_error_rate"":0.0005}","{""detection_events"":1679519,""detectors_checked"":868423680}"
    648192,         0,         0,   119.7,standalone_exact_mw,9d8ad86e51451842b54dafc7680d1b486ef291963bb72c70f3cdd570d2d8fa34,"{""distance"":7,""physical_error_rate"":0.002}","{""detection_events"":4026121,""detectors_checked"":525035520}"
    515072,         0,         0,   120.0,standalone_exact_mw,9d8ad86e51451842b54dafc7680d1b486ef291963bb72c70f3cdd570d2d8fa34,"{""distance"":7,""physical_error_rate"":0.002}","{""detection_events"":3201426,""detectors_checked"":417208320}"
    268288,         0,         0,    45.2,standalone_exact_mw,9d8ad86e51451842b54dafc7680d1b486ef291963bb72c70f3cdd570d2d8fa34,"{""distance"":7,""physical_error_rate"":0.002}","{""detection_events"":1667579,""detectors_checked"":217313280}"
    838656,         0,         0,   119.6,standalone_exact_mw,3bd544bb51e006261b45d3a2c996e28fc0c0449411cee5f7deafcd25d9539ebc,"{""distance"":7,""physical_error_rate"":0.001}","{""detection_events"":2621293,""detectors_checked"":679311360}"
    622592,         0,         0,   119.7,standalone_exact_mw,9d8ad86e51451842b54dafc7680d1b486ef291963bb72c70f3cdd570d2d8fa34,"{""distance"":7,""physical_error_rate"":0.002}","{""detection_events"":3878656,""detectors_checked"":504299520}"
   1206272,         0,         0,   119.7,standalone_exact_mw,3bd544bb51e006261b45d3a2c996e28fc0c0449411cee5f7deafcd25d9539ebc,"{""distance"":7,""physical_error_rate"":0.001}","{""detection_events"":3767632,""detectors_checked"":977080320}"
   1371136,         0,         0,   119.7,standalone_exact_mw,3bd544bb51e006261b45d3a2c996e28fc0c0449411cee5f7deafcd25d9539ebc,"{""distance"":7,""physical_error_rate"":0.001}","{""detection_events"":4286850,""detectors_checked"":1110620160}"
    980992,         0,         0,   119.9,standalone_exact_mw,ba5ada56442ed2ba457be44e3218b165c8a19e21146c9941e841199e65961aae,"{""distance"":7,""physical_error_rate"":0.0005}","{""detection_events"":1538979,""detectors_checked"":794603520}"
    177152,         0,         0,    45.0,standalone_exact_mw,9d8ad86e51451842b54dafc7680d1b486ef291963bb72c70f3cdd570d2d8fa34,"{""distance"":7,""physical_error_rate"":0.002}","{""detection_events"":1099932,""detectors_checked"":143493120}"
   1462272,         0,         0,   119.7,standalone_exact_mw,9d8ad86e51451842b54dafc7680d1b486ef291963bb72c70f3cdd570d2d8fa34,"{""distance"":7,""physical_error_rate"":0.002}","{""detection_events"":9085806,""detectors_checked"":1184440320}"
   2100224,         0,         0,   119.7,standalone_exact_mw,ba5ada56442ed2ba457be44e3218b165c8a19e21146c9941e841199e65961aae,"{""distance"":7,""physical_error_rate"":0.0005}","{""detection_events"":3289914,""detectors_checked"":1701181440}"
    258048,         0,         0,    45.2,standalone_exact_mw,3bd544bb51e006261b45d3a2c996e28fc0c0449411cee5f7deafcd25d9539ebc,"{""distance"":7,""physical_error_rate"":0.001}","{""detection_events"":806598,""detectors_checked"":209018880}"
   2754560,         0,         0,   119.6,standalone_exact_mw,ba5ada56442ed2ba457be44e3218b165c8a19e21146c9941e841199e65961aae,"{""distance"":7,""physical_error_rate"":0.0005}","{""detection_events"":4320389,""detectors_checked"":2231193600}"
   1391616,         0,         0,   119.4,standalone_exact_mw,ba5ada56442ed2ba457be44e3218b165c8a19e21146c9941e841199e65961aae,"{""distance"":7,""physical_error_rate"":0.0005}","{""detection_events"":2181411,""detectors_checked"":1127208960}"
   1460224,         0,         0,   119.8,standalone_exact_mw,3bd544bb51e006261b45d3a2c996e28fc0c0449411cee5f7deafcd25d9539ebc,"{""distance"":7,""physical_error_rate"":0.001}","{""detection_events"":4561167,""detectors_checked"":1182781440}"
    893952,         0,         0,   119.6,standalone_exact_mw,ba5ada56442ed2ba457be44e3218b165c8a19e21146c9941e841199e65961aae,"{""distance"":7,""physical_error_rate"":0.0005}","{""detection_events"":1399307,""detectors_checked"":724101120}"
    992256,         0,         0,   119.8,standalone_exact_mw,ba5ada56442ed2ba457be44e3218b165c8a19e21146c9941e841199e65961aae,"{""distance"":7,""physical_error_rate"":0.0005}","{""detection_events"":1555037,""detectors_checked"":803727360}"
   1231872,         0,         0,   120.0,standalone_exact_mw,3bd544bb51e006261b45d3a2c996e28fc0c0449411cee5f7deafcd25d9539ebc,"{""distance"":7,""physical_error_rate"":0.001}","{""detection_events"":3850452,""detectors_checked"":997816320}"
    743424,         0,         0,   120.0,standalone_exact_mw,9d8ad86e51451842b54dafc7680d1b486ef291963bb72c70f3cdd570d2d8fa34,"{""distance"":7,""physical_error_rate"":0.002}","{""detection_events"":4616279,""detectors_checked"":602173440}"
   1730610,         0,         0,    44.2,standalone_exact_mw,ba5ada56442ed2ba457be44e3218b165c8a19e21146c9941e841199e65961aae,"{""distance"":7,""physical_error_rate"":0.0005}","{""detection_events"":2714703,""detectors_checked"":1401794100}"
    837632,         0,         0,   119.5,standalone_exact_mw,ba5ada56442ed2ba457be44e3218b165c8a19e21146c9941e841199e65961aae,"{""distance"":7,""physical_error_rate"":0.0005}","{""detection_events"":1315104,""detectors_checked"":678481920}"
   2139136,         0,         0,   119.8,standalone_exact_mw,3bd544bb51e006261b45d3a2c996e28fc0c0449411cee5f7deafcd25d9539ebc,"{""distance"":7,""physical_error_rate"":0.001}","{""detection_events"":6687564,""detectors_checked"":1732700160}"
   3282944,         0,         0,   119.6,standalone_exact_mw,ba5ada56442ed2ba457be44e3218b165c8a19e21146c9941e841199e65961aae,"{""distance"":7,""physical_error_rate"":0.0005}","{""detection_events"":5149158,""detectors_checked"":2659184640}"
    969728,         0,         0,   120.1,standalone_exact_mw,ba5ada56442ed2ba457be44e3218b165c8a19e21146c9941e841199e65961aae,"{""distance"":7,""physical_error_rate"":0.0005}","{""detection_events"":1518819,""detectors_checked"":785479680}"
   3406848,         0,         0,   119.6,standalone_exact_mw,ba5ada56442ed2ba457be44e3218b165c8a19e21146c9941e841199e65961aae,"{""distance"":7,""physical_error_rate"":0.0005}","{""detection_events"":5339249,""detectors_checked"":2759546880}"
   1029120,         0,         0,   120.0,standalone_exact_mw,9d8ad86e51451842b54dafc7680d1b486ef291963bb72c70f3cdd570d2d8fa34,"{""distance"":7,""physical_error_rate"":0.002}","{""detection_events"":6400435,""detectors_checked"":833587200}"
   2566144,         0,         0,   119.8,standalone_exact_mw,9d8ad86e51451842b54dafc7680d1b486ef291963bb72c70f3cdd570d2d8fa34,"{""distance"":7,""physical_error_rate"":0.002}","{""detection_events"":15956829,""detectors_checked"":2078576640}"
   3014656,         0,         0,   119.8,standalone_exact_mw,3bd544bb51e006261b45d3a2c996e28fc0c0449411cee5f7deafcd25d9539ebc,"{""distance"":7,""physical_error_rate"":0.001}","{""detection_events"":9430411,""detectors_checked"":2441871360}"
   1598464,         0,         0,   119.7,standalone_exact_mw,ba5ada56442ed2ba457be44e3218b165c8a19e21146c9941e841199e65961aae,"{""distance"":7,""physical_error_rate"":0.0005}","{""detection_events"":2504218,""detectors_checked"":1294755840}"
   1342464,         0,         0,   120.0,standalone_exact_mw,3bd544bb51e006261b45d3a2c996e28fc0c0449411cee5f7deafcd25d9539ebc,"{""distance"":7,""physical_error_rate"":0.001}","{""detection_events"":4196935,""detectors_checked"":1087395840}"
   3785728,         0,         0,   119.6,standalone_exact_mw,ba5ada56442ed2ba457be44e3218b165c8a19e21146c9941e841199e65961aae,"{""distance"":7,""physical_error_rate"":0.0005}","{""detection_events"":5942179,""detectors_checked"":3066439680}"
   2945024,         0,         0,   119.7,standalone_exact_mw,ba5ada56442ed2ba457be44e3218b165c8a19e21146c9941e841199e65961aae,"{""distance"":7,""physical_error_rate"":0.0005}","{""detection_events"":4618562,""detectors_checked"":2385469440}"
    684032,         0,         0,   119.7,standalone_exact_mw,3bd544bb51e006261b45d3a2c996e28fc0c0449411cee5f7deafcd25d9539ebc,"{""distance"":7,""physical_error_rate"":0.001}","{""detection_events"":2140122,""detectors_checked"":554065920}"
    501760,         0,         0,   119.6,standalone_exact_mw,9d8ad86e51451842b54dafc7680d1b486ef291963bb72c70f3cdd570d2d8fa34,"{""distance"":7,""physical_error_rate"":0.002}","{""detection_events"":3114287,""detectors_checked"":406425600}"
   1256448,         0,         0,   119.9,standalone_exact_mw,3bd544bb51e006261b45d3a2c996e28fc0c0449411cee5f7deafcd25d9539ebc,"{""distance"":7,""physical_error_rate"":0.001}","{""detection_events"":3931352,""detectors_checked"":1017722880}"
   1475584,         1,         0,   119.8,standalone_exact_mw,9d8ad86e51451842b54dafc7680d1b486ef291963bb72c70f3cdd570d2d8fa34,"{""distance"":7,""physical_error_rate"":0.002}","{""detection_events"":9169463,""detectors_checked"":1195223040,""obs_mistake_mask=E"":1}"
   1242112,         0,         0,   119.7,standalone_exact_mw,3bd544bb51e006261b45d3a2c996e28fc0c0449411cee5f7deafcd25d9539ebc,"{""distance"":7,""physical_error_rate"":0.001}","{""detection_events"":3879934,""detectors_checked"":1006110720}"
   1669120,         2,         0,   119.7,standalone_exact_mw,9d8ad86e51451842b54dafc7680d1b486ef291963bb72c70f3cdd570d2d8fa34,"{""distance"":7,""physical_error_rate"":0.002}","{""detection_events"":10381877,""detectors_checked"":1351987200,""obs_mistake_mask=E"":2}"
    530432,         0,         0,   119.6,standalone_exact_mw,9d8ad86e51451842b54dafc7680d1b486ef291963bb72c70f3cdd570d2d8fa34,"{""distance"":7,""physical_error_rate"":0.002}","{""detection_events"":3298496,""detectors_checked"":429649920}"
   2334720,         0,         0,   119.6,standalone_exact_mw,ba5ada56442ed2ba457be44e3218b165c8a19e21146c9941e841199e65961aae,"{""distance"":7,""physical_error_rate"":0.0005}","{""detection_events"":3656906,""detectors_checked"":1891123200}"
   1062912,         0,         0,   119.8,standalone_exact_mw,3bd544bb51e006261b45d3a2c996e28fc0c0449411cee5f7deafcd25d9539ebc,"{""distance"":7,""physical_error_rate"":0.001}","{""detection_events"":3329494,""detectors_checked"":860958720}"
   1385472,         0,         0,   119.7,standalone_exact_mw,ba5ada56442ed2ba457be44e3218b165c8a19e21146c9941e841199e65961aae,"{""distance"":7,""physical_error_rate"":0.0005}","{""detection_events"":2167092,""detectors_checked"":1122232320}"
   1270784,         0,         0,   119.7,standalone_exact_mw,9d8ad86e51451842b54dafc7680d1b486ef291963bb72c70f3cdd570d2d8fa34,"{""distance"":7,""physical_error_rate"":0.002}","{""detection_events"":7900182,""detectors_checked"":1029335040}"
    493568,         0,         0,   119.7,standalone_exact_mw,9d8ad86e51451842b54dafc7680d1b486ef291963bb72c70f3cdd570d2d8fa34,"{""distance"":7,""physical_error_rate"":0.002}","{""detection_events"":3064023,""detectors_checked"":399790080}"
    870400,         0,         0,   119.7,standalone_exact_mw,3bd544bb51e006261b45d3a2c996e28fc0c0449411cee5f7deafcd25d9539ebc,"{""distance"":7,""physical_error_rate"":0.001}","{""detection_events"":2723014,""detectors_checked"":705024000}"
    642048,         0,         0,   119.4,standalone_exact_mw,9d8ad86e51451842b54dafc7680d1b486ef291963bb72c70f3cdd570d2d8fa34,"{""distance"":7,""physical_error_rate"":0.002}","{""detection_events"":3985946,""detectors_checked"":520058880}"
   1695744,         0,         0,   119.6,standalone_exact_mw,3bd544bb51e006261b45d3a2c996e28fc0c0449411cee5f7deafcd25d9539ebc,"{""distance"":7,""physical_error_rate"":0.001}","{""detection_events"":5303611,""detectors_checked"":1373552640}"
   2012160,         0,         0,   119.8,standalone_exact_mw,9d8ad86e51451842b54dafc7680d1b486ef291963bb72c70f3cdd570d2d8fa34,"{""distance"":7,""physical_error_rate"":0.002}","{""detection_events"":12504194,""detectors_checked"":1629849600}"
    844800,         0,         0,   119.6,standalone_exact_mw,ba5ada56442ed2ba457be44e3218b165c8a19e21146c9941e841199e65961aae,"{""distance"":7,""physical_error_rate"":0.0005}","{""detection_events"":1323624,""detectors_checked"":684288000}"
   2999296,         0,         0,   119.8,standalone_exact_mw,3bd544bb51e006261b45d3a2c996e28fc0c0449411cee5f7deafcd25d9539ebc,"{""distance"":7,""physical_error_rate"":0.001}","{""detection_events"":9376991,""detectors_checked"":2429429760}"
    626688,         0,         0,   119.8,standalone_exact_mw,9d8ad86e51451842b54dafc7680d1b486ef291963bb72c70f3cdd570d2d8fa34,"{""distance"":7,""physical_error_rate"":0.002}","{""detection_events"":3895611,""detectors_checked"":507617280}"
   1060864,         0,         0,   119.5,standalone_exact_mw,ba5ada56442ed2ba457be44e3218b165c8a19e21146c9941e841199e65961aae,"{""distance"":7,""physical_error_rate"":0.0005}","{""detection_events"":1664096,""detectors_checked"":859299840}"
    561152,         0,         0,   120.2,standalone_exact_mw,3bd544bb51e006261b45d3a2c996e28fc0c0449411cee5f7deafcd25d9539ebc,"{""distance"":7,""physical_error_rate"":0.001}","{""detection_events"":1754464,""detectors_checked"":454533120}"
   1841152,         0,         0,   119.5,standalone_exact_mw,ba5ada56442ed2ba457be44e3218b165c8a19e21146c9941e841199e65961aae,"{""distance"":7,""physical_error_rate"":0.0005}","{""detection_events"":2885309,""detectors_checked"":1491333120}"
   1019904,         0,         0,   119.5,standalone_exact_mw,ba5ada56442ed2ba457be44e3218b165c8a19e21146c9941e841199e65961aae,"{""distance"":7,""physical_error_rate"":0.0005}","{""detection_events"":1594516,""detectors_checked"":826122240}"
   1498112,         0,         0,   119.6,standalone_exact_mw,3bd544bb51e006261b45d3a2c996e28fc0c0449411cee5f7deafcd25d9539ebc,"{""distance"":7,""physical_error_rate"":0.001}","{""detection_events"":4685817,""detectors_checked"":1213470720}"
    507904,         0,         0,   119.9,standalone_exact_mw,9d8ad86e51451842b54dafc7680d1b486ef291963bb72c70f3cdd570d2d8fa34,"{""distance"":7,""physical_error_rate"":0.002}","{""detection_events"":3153039,""detectors_checked"":411402240}"
   1004544,         2,         0,   119.9,standalone_exact_mw,9d8ad86e51451842b54dafc7680d1b486ef291963bb72c70f3cdd570d2d8fa34,"{""distance"":7,""physical_error_rate"":0.002}","{""detection_events"":6246149,""detectors_checked"":813680640,""obs_mistake_mask=E"":2}"
   1754112,         0,         0,   119.7,standalone_exact_mw,ba5ada56442ed2ba457be44e3218b165c8a19e21146c9941e841199e65961aae,"{""distance"":7,""physical_error_rate"":0.0005}","{""detection_events"":2751432,""detectors_checked"":1420830720}"
    890880,         0,         0,   119.9,standalone_exact_mw,9d8ad86e51451842b54dafc7680d1b486ef291963bb72c70f3cdd570d2d8fa34,"{""distance"":7,""physical_error_rate"":0.002}","{""detection_events"":5530758,""detectors_checked"":721612800}"
   1662976,         0,         0,   119.4,standalone_exact_mw,ba5ada56442ed2ba457be44e3218b165c8a19e21146c9941e841199e65961aae,"{""distance"":7,""physical_error_rate"":0.0005}","{""detection_events"":2609166,""detectors_checked"":1347010560}"
    970752,         0,         0,   119.5,standalone_exact_mw,ba5ada56442ed2ba457be44e3218b165c8a19e21146c9941e841199e65961aae,"{""distance"":7,""physical_error_rate"":0.0005}","{""detection_events"":1520451,""detectors_checked"":786309120}"
    837632,         0,         0,   119.5,standalone_exact_mw,3bd544bb51e006261b45d3a2c996e28fc0c0449411cee5f7deafcd25d9539ebc,"{""distance"":7,""physical_error_rate"":0.001}","{""detection_events"":2618231,""detectors_checked"":678481920}"
    762880,         0,         0,   119.4,standalone_exact_mw,3bd544bb51e006261b45d3a2c996e28fc0c0449411cee5f7deafcd25d9539ebc,"{""distance"":7,""physical_error_rate"":0.001}","{""detection_events"":2384459,""detectors_checked"":617932800}"
   2180096,         0,         0,   119.7,standalone_exact_mw,3bd544bb51e006261b45d3a2c996e28fc0c0449411cee5f7deafcd25d9539ebc,"{""distance"":7,""physical_error_rate"":0.001}","{""detection_events"":6811626,""detectors_checked"":1765877760}"
   1668096,         0,         0,   119.7,standalone_exact_mw,9d8ad86e51451842b54dafc7680d1b486ef291963bb72c70f3cdd570d2d8fa34,"{""distance"":7,""physical_error_rate"":0.002}","{""detection_events"":10372458,""detectors_checked"":1351157760}"
   1416192,         0,         0,   119.5,standalone_exact_mw,3bd544bb51e006261b45d3a2c996e28fc0c0449411cee5f7deafcd25d9539ebc,"{""distance"":7,""physical_error_rate"":0.001}","{""detection_events"":4428142,""detectors_checked"":1147115520}"
   1789952,         0,         0,   119.6,standalone_exact_mw,ba5ada56442ed2ba457be44e3218b165c8a19e21146c9941e841199e65961aae,"{""distance"":7,""physical_error_rate"":0.0005}","{""detection_events"":2802592,""detectors_checked"":1449861120}"
    930816,         0,         0,   119.8,standalone_exact_mw,9d8ad86e51451842b54dafc7680d1b486ef291963bb72c70f3cdd570d2d8fa34,"{""distance"":7,""physical_error_rate"":0.002}","{""detection_events"":5782475,""detectors_checked"":753960960}"
    631808,         0,         0,   119.9,standalone_exact_mw,9d8ad86e51451842b54dafc7680d1b486ef291963bb72c70f3cdd570d2d8fa34,"{""distance"":7,""physical_error_rate"":0.002}","{""detection_events"":3925224,""detectors_checked"":511764480}"
   2344960,         0,         0,   119.5,standalone_exact_mw,ba5ada56442ed2ba457be44e3218b165c8a19e21146c9941e841199e65961aae,"{""distance"":7,""physical_error_rate"":0.0005}","{""detection_events"":3668527,""detectors_checked"":1899417600}"
   2689024,         0,         0,   119.6,standalone_exact_mw,3bd544bb51e006261b45d3a2c996e28fc0c0449411cee5f7deafcd25d9539ebc,"{""distance"":7,""physical_error_rate"":0.001}","{""detection_events"":8403178,""detectors_checked"":2178109440}"
    678912,         0,         0,   119.4,standalone_exact_mw,3bd544bb51e006261b45d3a2c996e28fc0c0449411cee5f7deafcd25d9539ebc,"{""distance"":7,""physical_error_rate"":0.001}","{""detection_events"":2124311,""detectors_checked"":549918720}"
    870400,         1,         0,   119.8,standalone_exact_mw,9d8ad86e51451842b54dafc7680d1b486ef291963bb72c70f3cdd570d2d8fa34,"{""distance"":7,""physical_error_rate"":0.002}","{""detection_events"":5410005,""detectors_checked"":705024000,""obs_mistake_mask=E"":1}"
    626688,         0,         0,   119.9,standalone_exact_mw,3bd544bb51e006261b45d3a2c996e28fc0c0449411cee5f7deafcd25d9539ebc,"{""distance"":7,""physical_error_rate"":0.001}","{""detection_events"":1957746,""detectors_checked"":507617280}"
   1481728,         0,         0,   119.6,standalone_exact_mw,3bd544bb51e006261b45d3a2c996e28fc0c0449411cee5f7deafcd25d9539ebc,"{""distance"":7,""physical_error_rate"":0.001}","{""detection_events"":4628929,""detectors_checked"":1200199680}"
    907264,         0,         0,   119.8,standalone_exact_mw,ba5ada56442ed2ba457be44e3218b165c8a19e21146c9941e841199e65961aae,"{""distance"":7,""physical_error_rate"":0.0005}","{""detection_events"":1421712,""detectors_checked"":734883840}"
   1490944,         1,         0,   119.8,standalone_exact_mw,9d8ad86e51451842b54dafc7680d1b486ef291963bb72c70f3cdd570d2d8fa34,"{""distance"":7,""physical_error_rate"":0.002}","{""detection_events"":9271949,""detectors_checked"":1207664640,""obs_mistake_mask=E"":1}"
   1403904,         0,         0,   119.6,standalone_exact_mw,ba5ada56442ed2ba457be44e3218b165c8a19e21146c9941e841199e65961aae,"{""distance"":7,""physical_error_rate"":0.0005}","{""detection_events"":2197780,""detectors_checked"":1137162240}"
    765952,         0,         0,   120.0,standalone_exact_mw,3bd544bb51e006261b45d3a2c996e28fc0c0449411cee5f7deafcd25d9539ebc,"{""distance"":7,""physical_error_rate"":0.001}","{""detection_events"":2387541,""detectors_checked"":620421120}"
    989184,         0,         0,   119.7,standalone_exact_mw,3bd544bb51e006261b45d3a2c996e28fc0c0449411cee5f7deafcd25d9539ebc,"{""distance"":7,""physical_error_rate"":0.001}","{""detection_events"":3091760,""detectors_checked"":801239040}"
    616448,         0,         0,   120.0,standalone_exact_mw,9d8ad86e51451842b54dafc7680d1b486ef291963bb72c70f3cdd570d2d8fa34,"{""distance"":7,""physical_error_rate"":0.002}","{""detection_events"":3831702,""detectors_checked"":499322880}"
   1339392,         0,         0,   119.8,standalone_exact_mw,9d8ad86e51451842b54dafc7680d1b486ef291963bb72c70f3cdd570d2d8fa34,"{""distance"":7,""physical_error_rate"":0.002}","{""detection_events"":8319904,""detectors_checked"":1084907520}"
   1867776,         0,         0,    62.7,standalone_exact_mw,ba5ada56442ed2ba457be44e3218b165c8a19e21146c9941e841199e65961aae,"{""distance"":7,""physical_error_rate"":0.0005}","{""detection_events"":2927584,""detectors_checked"":1512898560}"
   1091584,         0,         0,    63.0,standalone_exact_mw,9d8ad86e51451842b54dafc7680d1b486ef291963bb72c70f3cdd570d2d8fa34,"{""distance"":7,""physical_error_rate"":0.002}","{""detection_events"":6777927,""detectors_checked"":884183040}"
   1526784,         0,         0,    62.9,standalone_exact_mw,ba5ada56442ed2ba457be44e3218b165c8a19e21146c9941e841199e65961aae,"{""distance"":7,""physical_error_rate"":0.0005}","{""detection_events"":2391776,""detectors_checked"":1236695040}"
   1457152,         0,         0,    62.9,standalone_exact_mw,9d8ad86e51451842b54dafc7680d1b486ef291963bb72c70f3cdd570d2d8fa34,"{""distance"":7,""physical_error_rate"":0.002}","{""detection_events"":9055829,""detectors_checked"":1180293120}"
    516096,         0,         0,    62.8,standalone_exact_mw,ba5ada56442ed2ba457be44e3218b165c8a19e21146c9941e841199e65961aae,"{""distance"":7,""physical_error_rate"":0.0005}","{""detection_events"":808411,""detectors_checked"":418037760}"
   1201152,         1,         0,    62.9,standalone_exact_mw,9d8ad86e51451842b54dafc7680d1b486ef291963bb72c70f3cdd570d2d8fa34,"{""distance"":7,""physical_error_rate"":0.002}","{""detection_events"":7465894,""detectors_checked"":972933120,""obs_mistake_mask=E"":1}"
   1575936,         0,         0,    62.9,standalone_exact_mw,3bd544bb51e006261b45d3a2c996e28fc0c0449411cee5f7deafcd25d9539ebc,"{""distance"":7,""physical_error_rate"":0.001}","{""detection_events"":4928160,""detectors_checked"":1276508160}"
   1486848,         0,         0,    62.9,standalone_exact_mw,3bd544bb51e006261b45d3a2c996e28fc0c0449411cee5f7deafcd25d9539ebc,"{""distance"":7,""physical_error_rate"":0.001}","{""detection_events"":4638114,""detectors_checked"":1204346880}"
    505856,         0,         0,    62.7,standalone_exact_mw,3bd544bb51e006261b45d3a2c996e28fc0c0449411cee5f7deafcd25d9539ebc,"{""distance"":7,""physical_error_rate"":0.001}","{""detection_events"":1582133,""detectors_checked"":409743360}"
   1058816,         0,         0,    62.9,standalone_exact_mw,9d8ad86e51451842b54dafc7680d1b486ef291963bb72c70f3cdd570d2d8fa34,"{""distance"":7,""physical_error_rate"":0.002}","{""detection_events"":6578609,""detectors_checked"":857640960}"
    668672,         0,         0,    62.8,standalone_exact_mw,3bd544bb51e006261b45d3a2c996e28fc0c0449411cee5f7deafcd25d9539ebc,"{""distance"":7,""physical_error_rate"":0.001}","{""detection_events"":2084329,""detectors_checked"":541624320}"
   1108992,         0,         0,    62.9,standalone_exact_mw,9d8ad86e51451842b54dafc7680d1b486ef291963bb72c70f3cdd570d2d8fa34,"{""distance"":7,""physical_error_rate"":0.002}","{""detection_events"":6895745,""detectors_checked"":898283520}"
    765952,         0,         0,    62.9,standalone_exact_mw,3bd544bb51e006261b45d3a2c996e28fc0c0449411cee5f7deafcd25d9539ebc,"{""distance"":7,""physical_error_rate"":0.001}","{""detection_events"":2391675,""detectors_checked"":620421120}"
   1332224,         0,         0,    62.7,standalone_exact_mw,3bd544bb51e006261b45d3a2c996e28fc0c0449411cee5f7deafcd25d9539ebc,"{""distance"":7,""physical_error_rate"":0.001}","{""detection_events"":4166950,""detectors_checked"":1079101440}"
    794624,         0,         0,    63.6,standalone_exact_mw,9d8ad86e51451842b54dafc7680d1b486ef291963bb72c70f3cdd570d2d8fa34,"{""distance"":7,""physical_error_rate"":0.002}","{""detection_events"":4936591,""detectors_checked"":643645440}"
    521216,         0,         0,   119.8,standalone_exact_mw,9d8ad86e51451842b54dafc7680d1b486ef291963bb72c70f3cdd570d2d8fa34,"{""distance"":7,""physical_error_rate"":0.002}","{""detection_events"":3239044,""detectors_checked"":422184960}"
    311296,         0,         0,    63.0,standalone_exact_mw,9d8ad86e51451842b54dafc7680d1b486ef291963bb72c70f3cdd570d2d8fa34,"{""distance"":7,""physical_error_rate"":0.002}","{""detection_events"":1933272,""detectors_checked"":252149760}"
    749568,         0,         0,    62.8,standalone_exact_mw,ba5ada56442ed2ba457be44e3218b165c8a19e21146c9941e841199e65961aae,"{""distance"":7,""physical_error_rate"":0.0005}","{""detection_events"":1173678,""detectors_checked"":607150080}"
    956416,         0,         0,    62.9,standalone_exact_mw,9d8ad86e51451842b54dafc7680d1b486ef291963bb72c70f3cdd570d2d8fa34,"{""distance"":7,""physical_error_rate"":0.002}","{""detection_events"":5941845,""detectors_checked"":774696960}"
    828416,         0,         0,    62.9,standalone_exact_mw,3bd544bb51e006261b45d3a2c996e28fc0c0449411cee5f7deafcd25d9539ebc,"{""distance"":7,""physical_error_rate"":0.001}","{""detection_events"":2586751,""detectors_checked"":671016960}"
    366592,         0,         0,    62.7,standalone_exact_mw,ba5ada56442ed2ba457be44e3218b165c8a19e21146c9941e841199e65961aae,"{""distance"":7,""physical_error_rate"":0.0005}","{""detection_events"":575164,""detectors_checked"":296939520}"
    425984,         0,         0,    62.9,standalone_exact_mw,3bd544bb51e006261b45d3a2c996e28fc0c0449411cee5f7deafcd25d9539ebc,"{""distance"":7,""physical_error_rate"":0.001}","{""detection_events"":1330499,""detectors_checked"":345047040}"
    518144,         0,         0,    62.6,standalone_exact_mw,ba5ada56442ed2ba457be44e3218b165c8a19e21146c9941e841199e65961aae,"{""distance"":7,""physical_error_rate"":0.0005}","{""detection_events"":810602,""detectors_checked"":419696640}"
    510976,         0,         0,    62.8,standalone_exact_mw,3bd544bb51e006261b45d3a2c996e28fc0c0449411cee5f7deafcd25d9539ebc,"{""distance"":7,""physical_error_rate"":0.001}","{""detection_events"":1595502,""detectors_checked"":413890560}"
    448512,         0,         0,    63.1,standalone_exact_mw,ba5ada56442ed2ba457be44e3218b165c8a19e21146c9941e841199e65961aae,"{""distance"":7,""physical_error_rate"":0.0005}","{""detection_events"":703215,""detectors_checked"":363294720}"
    304128,         0,         0,    62.8,standalone_exact_mw,3bd544bb51e006261b45d3a2c996e28fc0c0449411cee5f7deafcd25d9539ebc,"{""distance"":7,""physical_error_rate"":0.001}","{""detection_events"":948086,""detectors_checked"":246343680}"
   1507328,         0,         0,    62.7,standalone_exact_mw,ba5ada56442ed2ba457be44e3218b165c8a19e21146c9941e841199e65961aae,"{""distance"":7,""physical_error_rate"":0.0005}","{""detection_events"":2366937,""detectors_checked"":1220935680}"
    975872,         0,         0,    62.8,standalone_exact_mw,ba5ada56442ed2ba457be44e3218b165c8a19e21146c9941e841199e65961aae,"{""distance"":7,""physical_error_rate"":0.0005}","{""detection_events"":1527625,""detectors_checked"":790456320}"
    991232,         0,         0,    62.9,standalone_exact_mw,ba5ada56442ed2ba457be44e3218b165c8a19e21146c9941e841199e65961aae,"{""distance"":7,""physical_error_rate"":0.0005}","{""detection_events"":1555354,""detectors_checked"":802897920}"
    979968,         0,         0,    62.9,standalone_exact_mw,ba5ada56442ed2ba457be44e3218b165c8a19e21146c9941e841199e65961aae,"{""distance"":7,""physical_error_rate"":0.0005}","{""detection_events"":1537055,""detectors_checked"":793774080}"
    250880,         0,         0,    63.0,standalone_exact_mw,9d8ad86e51451842b54dafc7680d1b486ef291963bb72c70f3cdd570d2d8fa34,"{""distance"":7,""physical_error_rate"":0.002}","{""detection_events"":1560362,""detectors_checked"":203212800}"
    285696,         0,         0,    62.8,standalone_exact_mw,9d8ad86e51451842b54dafc7680d1b486ef291963bb72c70f3cdd570d2d8fa34,"{""distance"":7,""physical_error_rate"":0.002}","{""detection_events"":1774973,""detectors_checked"":231413760}"
    400384,         0,         0,    62.8,standalone_exact_mw,3bd544bb51e006261b45d3a2c996e28fc0c0449411cee5f7deafcd25d9539ebc,"{""distance"":7,""physical_error_rate"":0.001}","{""detection_events"":1251345,""detectors_checked"":324311040}"
    739376,         0,         0,    28.0,standalone_exact_mw,ba5ada56442ed2ba457be44e3218b165c8a19e21146c9941e841199e65961aae,"{""distance"":7,""physical_error_rate"":0.0005}","{""detection_events"":1158048,""detectors_checked"":598894560}"
   3424303,         0,         0,   116.1,standalone_exact_mw,ba5ada56442ed2ba457be44e3218b165c8a19e21146c9941e841199e65961aae,"{""distance"":7,""physical_error_rate"":0.0005}","{""detection_events"":5371375,""detectors_checked"":2773685430}"
   2042880,         0,         0,   119.7,standalone_exact_mw,9d8ad86e51451842b54dafc7680d1b486ef291963bb72c70f3cdd570d2d8fa34,"{""distance"":7,""physical_error_rate"":0.002}","{""detection_events"":12704792,""detectors_checked"":1654732800}"
   2737152,         0,         0,   119.7,standalone_exact_mw,3bd544bb51e006261b45d3a2c996e28fc0c0449411cee5f7deafcd25d9539ebc,"{""distance"":7,""physical_error_rate"":0.001}","{""detection_events"":8548700,""detectors_checked"":2217093120}"
    773120,         0,         0,   119.6,standalone_exact_mw,9d8ad86e51451842b54dafc7680d1b486ef291963bb72c70f3cdd570d2d8fa34,"{""distance"":7,""physical_error_rate"":0.002}","{""detection_events"":4801189,""detectors_checked"":626227200}"
   2869248,         0,         0,   119.5,standalone_exact_mw,ba5ada56442ed2ba457be44e3218b165c8a19e21146c9941e841199e65961aae,"{""distance"":7,""physical_error_rate"":0.0005}","{""detection_events"":4496646,""detectors_checked"":2324090880}"
   1842176,         0,         0,   119.5,standalone_exact_mw,ba5ada56442ed2ba457be44e3218b165c8a19e21146c9941e841199e65961aae,"{""distance"":7,""physical_error_rate"":0.0005}","{""detection_events"":2885002,""detectors_checked"":1492162560}"
   3195904,         0,         0,   119.5,standalone_exact_mw,ba5ada56442ed2ba457be44e3218b165c8a19e21146c9941e841199e65961aae,"{""distance"":7,""physical_error_rate"":0.0005}","{""detection_events"":5013916,""detectors_checked"":2588682240}"
    774144,         0,         0,   119.4,standalone_exact_mw,3bd544bb51e006261b45d3a2c996e28fc0c0449411cee5f7deafcd25d9539ebc,"{""distance"":7,""physical_error_rate"":0.001}","{""detection_events"":2420931,""detectors_checked"":627056640}"
   2143232,         1,         0,   119.8,standalone_exact_mw,9d8ad86e51451842b54dafc7680d1b486ef291963bb72c70f3cdd570d2d8fa34,"{""distance"":7,""physical_error_rate"":0.002}","{""detection_events"":13320299,""detectors_checked"":1736017920,""obs_mistake_mask=E"":1}"
    661504,         0,         0,   119.7,standalone_exact_mw,9d8ad86e51451842b54dafc7680d1b486ef291963bb72c70f3cdd570d2d8fa34,"{""distance"":7,""physical_error_rate"":0.002}","{""detection_events"":4114336,""detectors_checked"":535818240}"
   2151424,         0,         0,   119.7,standalone_exact_mw,9d8ad86e51451842b54dafc7680d1b486ef291963bb72c70f3cdd570d2d8fa34,"{""distance"":7,""physical_error_rate"":0.002}","{""detection_events"":13375760,""detectors_checked"":1742653440}"
   2821120,         0,         0,   119.7,standalone_exact_mw,3bd544bb51e006261b45d3a2c996e28fc0c0449411cee5f7deafcd25d9539ebc,"{""distance"":7,""physical_error_rate"":0.001}","{""detection_events"":8823830,""detectors_checked"":2285107200}"
    980992,         0,         0,   119.9,standalone_exact_mw,3bd544bb51e006261b45d3a2c996e28fc0c0449411cee5f7deafcd25d9539ebc,"{""distance"":7,""physical_error_rate"":0.001}","{""detection_events"":3063823,""detectors_checked"":794603520}"
   1696768,         0,         0,   119.5,standalone_exact_mw,ba5ada56442ed2ba457be44e3218b165c8a19e21146c9941e841199e65961aae,"{""distance"":7,""physical_error_rate"":0.0005}","{""detection_events"":2659200,""detectors_checked"":1374382080}"
   2000896,         0,         0,   119.8,standalone_exact_mw,3bd544bb51e006261b45d3a2c996e28fc0c0449411cee5f7deafcd25d9539ebc,"{""distance"":7,""physical_error_rate"":0.001}","{""detection_events"":6259850,""detectors_checked"":1620725760}"
    620544,         0,         0,   119.6,standalone_exact_mw,9d8ad86e51451842b54dafc7680d1b486ef291963bb72c70f3cdd570d2d8fa34,"{""distance"":7,""physical_error_rate"":0.002}","{""detection_events"":3858515,""detectors_checked"":502640640}"
    852992,         0,         0,   119.7,standalone_exact_mw,9d8ad86e51451842b54dafc7680d1b486ef291963bb72c70f3cdd570d2d8fa34,"{""distance"":7,""physical_error_rate"":0.002}","{""detection_events"":5300396,""detectors_checked"":690923520}"
    620544,         0,         0,   119.4,standalone_exact_mw,3bd544bb51e006261b45d3a2c996e28fc0c0449411cee5f7deafcd25d9539ebc,"{""distance"":7,""physical_error_rate"":0.001}","{""detection_events"":1940278,""detectors_checked"":502640640}"
    820224,         0,         0,   119.7,standalone_exact_mw,3bd544bb51e006261b45d3a2c996e28fc0c0449411cee5f7deafcd25d9539ebc,"{""distance"":7,""physical_error_rate"":0.001}","{""detection_events"":2563948,""detectors_checked"":664381440}"
    512000,         0,         0,   119.5,standalone_exact_mw,9d8ad86e51451842b54dafc7680d1b486ef291963bb72c70f3cdd570d2d8fa34,"{""distance"":7,""physical_error_rate"":0.002}","{""detection_events"":3182003,""detectors_checked"":414720000}"
   1914880,         0,         0,   119.7,standalone_exact_mw,3bd544bb51e006261b45d3a2c996e28fc0c0449411cee5f7deafcd25d9539ebc,"{""distance"":7,""physical_error_rate"":0.001}","{""detection_events"":5980775,""detectors_checked"":1551052800}"
    944128,         0,         0,   119.6,standalone_exact_mw,ba5ada56442ed2ba457be44e3218b165c8a19e21146c9941e841199e65961aae,"{""distance"":7,""physical_error_rate"":0.0005}","{""detection_events"":1478959,""detectors_checked"":764743680}"
    826368,         1,         0,   119.7,standalone_exact_mw,9d8ad86e51451842b54dafc7680d1b486ef291963bb72c70f3cdd570d2d8fa34,"{""distance"":7,""physical_error_rate"":0.002}","{""detection_events"":5129596,""detectors_checked"":669358080,""obs_mistake_mask=E"":1}"
    148764,         0,         0,    5.14,standalone_exact_mw,ba5ada56442ed2ba457be44e3218b165c8a19e21146c9941e841199e65961aae,"{""distance"":7,""physical_error_rate"":0.0005}","{""detection_events"":233776,""detectors_checked"":120498840}"
   1087488,         0,         0,   119.7,standalone_exact_mw,ba5ada56442ed2ba457be44e3218b165c8a19e21146c9941e841199e65961aae,"{""distance"":7,""physical_error_rate"":0.0005}","{""detection_events"":1703636,""detectors_checked"":880865280}"
   2543616,         0,         0,   119.6,standalone_exact_mw,ba5ada56442ed2ba457be44e3218b165c8a19e21146c9941e841199e65961aae,"{""distance"":7,""physical_error_rate"":0.0005}","{""detection_events"":3990142,""detectors_checked"":2060328960}"
    937984,         0,         0,   119.6,standalone_exact_mw,ba5ada56442ed2ba457be44e3218b165c8a19e21146c9941e841199e65961aae,"{""distance"":7,""physical_error_rate"":0.0005}","{""detection_events"":1470554,""detectors_checked"":759767040}"
   1869824,         0,         0,   119.7,standalone_exact_mw,3bd544bb51e006261b45d3a2c996e28fc0c0449411cee5f7deafcd25d9539ebc,"{""distance"":7,""physical_error_rate"":0.001}","{""detection_events"":5839212,""detectors_checked"":1514557440}"
   1042432,         0,         0,   119.5,standalone_exact_mw,ba5ada56442ed2ba457be44e3218b165c8a19e21146c9941e841199e65961aae,"{""distance"":7,""physical_error_rate"":0.0005}","{""detection_events"":1635298,""detectors_checked"":844369920}"
   1425408,         0,         0,   119.4,standalone_exact_mw,ba5ada56442ed2ba457be44e3218b165c8a19e21146c9941e841199e65961aae,"{""distance"":7,""physical_error_rate"":0.0005}","{""detection_events"":2234876,""detectors_checked"":1154580480}"
    654336,         0,         0,   119.4,standalone_exact_mw,3bd544bb51e006261b45d3a2c996e28fc0c0449411cee5f7deafcd25d9539ebc,"{""distance"":7,""physical_error_rate"":0.001}","{""detection_events"":2046290,""detectors_checked"":530012160}"
    916480,         0,         0,   119.9,standalone_exact_mw,9d8ad86e51451842b54dafc7680d1b486ef291963bb72c70f3cdd570d2d8fa34,"{""distance"":7,""physical_error_rate"":0.002}","{""detection_events"":5696210,""detectors_checked"":742348800}"
   3095901,         0,         0,   118.2,standalone_exact_mw,ba5ada56442ed2ba457be44e3218b165c8a19e21146c9941e841199e65961aae,"{""distance"":7,""physical_error_rate"":0.0005}","{""detection_events"":4850967,""detectors_checked"":2507679810}"
   1521664,         0,         0,    88.0,standalone_exact_mw,9d8ad86e51451842b54dafc7680d1b486ef291963bb72c70f3cdd570d2d8fa34,"{""distance"":7,""physical_error_rate"":0.002}","{""detection_events"":9454052,""detectors_checked"":1232547840}"
   2077696,         0,         0,    87.9,standalone_exact_mw,ba5ada56442ed2ba457be44e3218b165c8a19e21146c9941e841199e65961aae,"{""distance"":7,""physical_error_rate"":0.0005}","{""detection_events"":3257345,""detectors_checked"":1682933760}"
   1463296,         0,         0,    88.0,standalone_exact_mw,9d8ad86e51451842b54dafc7680d1b486ef291963bb72c70f3cdd570d2d8fa34,"{""distance"":7,""physical_error_rate"":0.002}","{""detection_events"":9103149,""detectors_checked"":1185269760}"
   1932288,         0,         0,    87.9,standalone_exact_mw,ba5ada56442ed2ba457be44e3218b165c8a19e21146c9941e841199e65961aae,"{""distance"":7,""physical_error_rate"":0.0005}","{""detection_events"":3029096,""detectors_checked"":1565153280}"
    877568,         0,         0,    87.7,standalone_exact_mw,ba5ada56442ed2ba457be44e3218b165c8a19e21146c9941e841199e65961aae,"{""distance"":7,""physical_error_rate"":0.0005}","{""detection_events"":1378975,""detectors_checked"":710830080}"
   1657856,         0,         0,    87.9,standalone_exact_mw,3bd544bb51e006261b45d3a2c996e28fc0c0449411cee5f7deafcd25d9539ebc,"{""distance"":7,""physical_error_rate"":0.001}","{""detection_events"":5178409,""detectors_checked"":1342863360}"
   1424384,         0,         0,    88.1,standalone_exact_mw,9d8ad86e51451842b54dafc7680d1b486ef291963bb72c70f3cdd570d2d8fa34,"{""distance"":7,""physical_error_rate"":0.002}","{""detection_events"":8847095,""detectors_checked"":1153751040}"
   1795072,         0,         0,    87.9,standalone_exact_mw,3bd544bb51e006261b45d3a2c996e28fc0c0449411cee5f7deafcd25d9539ebc,"{""distance"":7,""physical_error_rate"":0.001}","{""detection_events"":5602446,""detectors_checked"":1454008320}"
   1330176,         0,         0,    88.0,standalone_exact_mw,3bd544bb51e006261b45d3a2c996e28fc0c0449411cee5f7deafcd25d9539ebc,"{""distance"":7,""physical_error_rate"":0.001}","{""detection_events"":4154506,""detectors_checked"":1077442560}"
   1366016,         0,         0,    88.1,standalone_exact_mw,9d8ad86e51451842b54dafc7680d1b486ef291963bb72c70f3cdd570d2d8fa34,"{""distance"":7,""physical_error_rate"":0.002}","{""detection_events"":8493014,""detectors_checked"":1106472960}"
    599040,         0,         0,    88.0,standalone_exact_mw,3bd544bb51e006261b45d3a2c996e28fc0c0449411cee5f7deafcd25d9539ebc,"{""distance"":7,""physical_error_rate"":0.001}","{""detection_events"":1873113,""detectors_checked"":485222400}"
   1181696,         0,         0,    88.0,standalone_exact_mw,9d8ad86e51451842b54dafc7680d1b486ef291963bb72c70f3cdd570d2d8fa34,"{""distance"":7,""physical_error_rate"":0.002}","{""detection_events"":7340776,""detectors_checked"":957173760}"
   1544192,         0,         0,    88.0,standalone_exact_mw,3bd544bb51e006261b45d3a2c996e28fc0c0449411cee5f7deafcd25d9539ebc,"{""distance"":7,""physical_error_rate"":0.001}","{""detection_events"":4820974,""detectors_checked"":1250795520}"
    675840,         0,         0,    88.0,standalone_exact_mw,3bd544bb51e006261b45d3a2c996e28fc0c0449411cee5f7deafcd25d9539ebc,"{""distance"":7,""physical_error_rate"":0.001}","{""detection_events"":2113107,""detectors_checked"":547430400}"
    589824,         0,         0,    88.0,standalone_exact_mw,9d8ad86e51451842b54dafc7680d1b486ef291963bb72c70f3cdd570d2d8fa34,"{""distance"":7,""physical_error_rate"":0.002}","{""detection_events"":3665364,""detectors_checked"":477757440}"
    522240,         0,         0,    88.1,standalone_exact_mw,9d8ad86e51451842b54dafc7680d1b486ef291963bb72c70f3cdd570d2d8fa34,"{""distance"":7,""physical_error_rate"":0.002}","{""detection_events"":3242076,""detectors_checked"":423014400}"
   1480704,         0,         0,    88.0,standalone_exact_mw,ba5ada56442ed2ba457be44e3218b165c8a19e21146c9941e841199e65961aae,"{""distance"":7,""physical_error_rate"":0.0005}","{""detection_events"":2326089,""detectors_checked"":1199370240}"
   1119232,         0,         0,    88.1,standalone_exact_mw,9d8ad86e51451842b54dafc7680d1b486ef291963bb72c70f3cdd570d2d8fa34,"{""distance"":7,""physical_error_rate"":0.002}","{""detection_events"":6952557,""detectors_checked"":906577920}"
   1329152,         0,         0,    88.0,standalone_exact_mw,3bd544bb51e006261b45d3a2c996e28fc0c0449411cee5f7deafcd25d9539ebc,"{""distance"":7,""physical_error_rate"":0.001}","{""detection_events"":4153797,""detectors_checked"":1076613120}"
   1022976,         0,         0,    87.8,standalone_exact_mw,ba5ada56442ed2ba457be44e3218b165c8a19e21146c9941e841199e65961aae,"{""distance"":7,""physical_error_rate"":0.0005}","{""detection_events"":1600315,""detectors_checked"":828610560}"
    869376,         0,         0,    87.9,standalone_exact_mw,3bd544bb51e006261b45d3a2c996e28fc0c0449411cee5f7deafcd25d9539ebc,"{""distance"":7,""physical_error_rate"":0.001}","{""detection_events"":2716997,""detectors_checked"":704194560}"
    899072,         0,         0,    88.0,standalone_exact_mw,ba5ada56442ed2ba457be44e3218b165c8a19e21146c9941e841199e65961aae,"{""distance"":7,""physical_error_rate"":0.0005}","{""detection_events"":1408396,""detectors_checked"":728248320}"
    924672,         0,         0,    87.9,standalone_exact_mw,3bd544bb51e006261b45d3a2c996e28fc0c0449411cee5f7deafcd25d9539ebc,"{""distance"":7,""physical_error_rate"":0.001}","{""detection_events"":2885905,""detectors_checked"":748984320}"
    762880,         0,         0,    87.6,standalone_exact_mw,ba5ada56442ed2ba457be44e3218b165c8a19e21146c9941e841199e65961aae,"{""distance"":7,""physical_error_rate"":0.0005}","{""detection_events"":1194500,""detectors_checked"":617932800}"
    688128,         0,         0,    88.0,standalone_exact_mw,3bd544bb51e006261b45d3a2c996e28fc0c0449411cee5f7deafcd25d9539ebc,"{""distance"":7,""physical_error_rate"":0.001}","{""detection_events"":2152026,""detectors_checked"":557383680}"
   2860254,         0,         0,   109.6,standalone_exact_mw,ba5ada56442ed2ba457be44e3218b165c8a19e21146c9941e841199e65961aae,"{""distance"":7,""physical_error_rate"":0.0005}","{""detection_events"":4485562,""detectors_checked"":2316805740}"
   2633728,         0,         0,   110.0,standalone_exact_mw,ba5ada56442ed2ba457be44e3218b165c8a19e21146c9941e841199e65961aae,"{""distance"":7,""physical_error_rate"":0.0005}","{""detection_events"":4133071,""detectors_checked"":2133319680}"
   1343488,         0,         0,    88.0,standalone_exact_mw,ba5ada56442ed2ba457be44e3218b165c8a19e21146c9941e841199e65961aae,"{""distance"":7,""physical_error_rate"":0.0005}","{""detection_events"":2102616,""detectors_checked"":1088225280}"
   1375232,         0,         0,    87.8,standalone_exact_mw,ba5ada56442ed2ba457be44e3218b165c8a19e21146c9941e841199e65961aae,"{""distance"":7,""physical_error_rate"":0.0005}","{""detection_events"":2154706,""detectors_checked"":1113937920}"
    701440,         0,         0,    87.8,standalone_exact_mw,ba5ada56442ed2ba457be44e3218b165c8a19e21146c9941e841199e65961aae,"{""distance"":7,""physical_error_rate"":0.0005}","{""detection_events"":1099166,""detectors_checked"":568166400}"
   1492992,         0,         0,    87.9,standalone_exact_mw,ba5ada56442ed2ba457be44e3218b165c8a19e21146c9941e841199e65961aae,"{""distance"":7,""physical_error_rate"":0.0005}","{""detection_events"":2340714,""detectors_checked"":1209323520}"
    576512,         0,         0,    88.0,standalone_exact_mw,9d8ad86e51451842b54dafc7680d1b486ef291963bb72c70f3cdd570d2d8fa34,"{""distance"":7,""physical_error_rate"":0.002}","{""detection_events"":3583076,""detectors_checked"":466974720}"
    562176,         0,         0,    87.9,standalone_exact_mw,9d8ad86e51451842b54dafc7680d1b486ef291963bb72c70f3cdd570d2d8fa34,"{""distance"":7,""physical_error_rate"":0.002}","{""detection_events"":3491670,""detectors_checked"":455362560}"
    615424,         0,         0,    88.0,standalone_exact_mw,3bd544bb51e006261b45d3a2c996e28fc0c0449411cee5f7deafcd25d9539ebc,"{""distance"":7,""physical_error_rate"":0.001}","{""detection_events"":1925131,""detectors_checked"":498493440}"
   1393664,         0,         0,   119.4,standalone_exact_mw,ba5ada56442ed2ba457be44e3218b165c8a19e21146c9941e841199e65961aae,"{""distance"":7,""physical_error_rate"":0.0005}","{""detection_events"":2183752,""detectors_checked"":1128867840}"
   1767424,         0,         0,   119.7,standalone_exact_mw,3bd544bb51e006261b45d3a2c996e28fc0c0449411cee5f7deafcd25d9539ebc,"{""distance"":7,""physical_error_rate"":0.001}","{""detection_events"":5530610,""detectors_checked"":1431613440}"
    947200,         0,         0,   119.6,standalone_exact_mw,ba5ada56442ed2ba457be44e3218b165c8a19e21146c9941e841199e65961aae,"{""distance"":7,""physical_error_rate"":0.0005}","{""detection_events"":1487741,""detectors_checked"":767232000}"
    875520,         0,         0,   119.8,standalone_exact_mw,9d8ad86e51451842b54dafc7680d1b486ef291963bb72c70f3cdd570d2d8fa34,"{""distance"":7,""physical_error_rate"":0.002}","{""detection_events"":5445815,""detectors_checked"":709171200}"
   2012160,         1,         0,   119.8,standalone_exact_mw,9d8ad86e51451842b54dafc7680d1b486ef291963bb72c70f3cdd570d2d8fa34,"{""distance"":7,""physical_error_rate"":0.002}","{""detection_events"":12501444,""detectors_checked"":1629849600,""obs_mistake_mask=E"":1}"
   2470912,         0,         0,   119.7,standalone_exact_mw,3bd544bb51e006261b45d3a2c996e28fc0c0449411cee5f7deafcd25d9539ebc,"{""distance"":7,""physical_error_rate"":0.001}","{""detection_events"":7723171,""detectors_checked"":2001438720}"
   1218560,         0,         0,   119.6,standalone_exact_mw,ba5ada56442ed2ba457be44e3218b165c8a19e21146c9941e841199e65961aae,"{""distance"":7,""physical_error_rate"":0.0005}","{""detection_events"":1909152,""detectors_checked"":987033600}"
   1006592,         0,         0,   119.6,standalone_exact_mw,3bd544bb51e006261b45d3a2c996e28fc0c0449411cee5f7deafcd25d9539ebc,"{""distance"":7,""physical_error_rate"":0.001}","{""detection_events"":3145302,""detectors_checked"":815339520}"
   1707008,         0,         0,   119.6,standalone_exact_mw,ba5ada56442ed2ba457be44e3218b165c8a19e21146c9941e841199e65961aae,"{""distance"":7,""physical_error_rate"":0.0005}","{""detection_events"":2675527,""detectors_checked"":1382676480}"
   1103872,         0,         0,   119.6,standalone_exact_mw,3bd544bb51e006261b45d3a2c996e28fc0c0449411cee5f7deafcd25d9539ebc,"{""distance"":7,""physical_error_rate"":0.001}","{""detection_events"":3448197,""detectors_checked"":894136320}"
    905216,         0,         0,   119.7,standalone_exact_mw,3bd544bb51e006261b45d3a2c996e28fc0c0449411cee5f7deafcd25d9539ebc,"{""distance"":7,""physical_error_rate"":0.001}","{""detection_events"":2824666,""detectors_checked"":733224960}"
    879616,         0,         0,   119.9,standalone_exact_mw,9d8ad86e51451842b54dafc7680d1b486ef291963bb72c70f3cdd570d2d8fa34,"{""distance"":7,""physical_error_rate"":0.002}","{""detection_events"":5464620,""detectors_checked"":712488960}"
   1668096,         1,         0,   119.6,standalone_exact_mw,9d8ad86e51451842b54dafc7680d1b486ef291963bb72c70f3cdd570d2d8fa34,"{""distance"":7,""physical_error_rate"":0.002}","{""detection_events"":10367034,""detectors_checked"":1351157760,""obs_mistake_mask=E"":1}"
   1542144,         0,         0,   119.7,standalone_exact_mw,3bd544bb51e006261b45d3a2c996e28fc0c0449411cee5f7deafcd25d9539ebc,"{""distance"":7,""physical_error_rate"":0.001}","{""detection_events"":4820854,""detectors_checked"":1249136640}"
   1515520,         0,         0,   119.7,standalone_exact_mw,9d8ad86e51451842b54dafc7680d1b486ef291963bb72c70f3cdd570d2d8fa34,"{""distance"":7,""physical_error_rate"":0.002}","{""detection_events"":9418857,""detectors_checked"":1227571200}"
    851968,         0,         0,   119.6,standalone_exact_mw,9d8ad86e51451842b54dafc7680d1b486ef291963bb72c70f3cdd570d2d8fa34,"{""distance"":7,""physical_error_rate"":0.002}","{""detection_events"":5293632,""detectors_checked"":690094080}"
   1542144,         0,         0,   119.6,standalone_exact_mw,3bd544bb51e006261b45d3a2c996e28fc0c0449411cee5f7deafcd25d9539ebc,"{""distance"":7,""physical_error_rate"":0.001}","{""detection_events"":4816843,""detectors_checked"":1249136640}"
   1934336,         0,         0,   119.4,standalone_exact_mw,ba5ada56442ed2ba457be44e3218b165c8a19e21146c9941e841199e65961aae,"{""distance"":7,""physical_error_rate"":0.0005}","{""detection_events"":3032592,""detectors_checked"":1566812160}"
   2355200,         0,         0,   119.8,standalone_exact_mw,ba5ada56442ed2ba457be44e3218b165c8a19e21146c9941e841199e65961aae,"{""distance"":7,""physical_error_rate"":0.0005}","{""detection_events"":3693644,""detectors_checked"":1907712000}"
    980992,         0,         0,   119.8,standalone_exact_mw,9d8ad86e51451842b54dafc7680d1b486ef291963bb72c70f3cdd570d2d8fa34,"{""distance"":7,""physical_error_rate"":0.002}","{""detection_events"":6100407,""detectors_checked"":794603520}"
    657408,         0,         0,   119.6,standalone_exact_mw,9d8ad86e51451842b54dafc7680d1b486ef291963bb72c70f3cdd570d2d8fa34,"{""distance"":7,""physical_error_rate"":0.002}","{""detection_events"":4084450,""detectors_checked"":532500480}"
   1177600,         0,         0,   119.5,standalone_exact_mw,3bd544bb51e006261b45d3a2c996e28fc0c0449411cee5f7deafcd25d9539ebc,"{""distance"":7,""physical_error_rate"":0.001}","{""detection_events"":3680694,""detectors_checked"":953856000}"
   1722368,         0,         0,   119.9,standalone_exact_mw,9d8ad86e51451842b54dafc7680d1b486ef291963bb72c70f3cdd570d2d8fa34,"{""distance"":7,""physical_error_rate"":0.002}","{""detection_events"":10708158,""detectors_checked"":1395118080}"
    613376,         0,         0,   119.8,standalone_exact_mw,9d8ad86e51451842b54dafc7680d1b486ef291963bb72c70f3cdd570d2d8fa34,"{""distance"":7,""physical_error_rate"":0.002}","{""detection_events"":3814972,""detectors_checked"":496834560}"
   1405952,         0,         0,   119.8,standalone_exact_mw,3bd544bb51e006261b45d3a2c996e28fc0c0449411cee5f7deafcd25d9539ebc,"{""distance"":7,""physical_error_rate"":0.001}","{""detection_events"":4393948,""detectors_checked"":1138821120}"
    995328,         0,         0,   119.9,standalone_exact_mw,ba5ada56442ed2ba457be44e3218b165c8a19e21146c9941e841199e65961aae,"{""distance"":7,""physical_error_rate"":0.0005}","{""detection_events"":1560107,""detectors_checked"":806215680}"
   2213888,         0,         0,   119.6,standalone_exact_mw,3bd544bb51e006261b45d3a2c996e28fc0c0449411cee5f7deafcd25d9539ebc,"{""distance"":7,""physical_error_rate"":0.001}","{""detection_events"":6912319,""detectors_checked"":1793249280}"
   1803264,         0,         0,   119.3,standalone_exact_mw,ba5ada56442ed2ba457be44e3218b165c8a19e21146c9941e841199e65961aae,"{""distance"":7,""physical_error_rate"":0.0005}","{""detection_events"":2821683,""detectors_checked"":1460643840}"
   1474560,         0,         0,   119.6,standalone_exact_mw,3bd544bb51e006261b45d3a2c996e28fc0c0449411cee5f7deafcd25d9539ebc,"{""distance"":7,""physical_error_rate"":0.001}","{""detection_events"":4606028,""detectors_checked"":1194393600}"
    987136,         0,         0,   119.9,standalone_exact_mw,9d8ad86e51451842b54dafc7680d1b486ef291963bb72c70f3cdd570d2d8fa34,"{""distance"":7,""physical_error_rate"":0.002}","{""detection_events"":6129574,""detectors_checked"":799580160}"
   2214912,         0,         0,   119.7,standalone_exact_mw,ba5ada56442ed2ba457be44e3218b165c8a19e21146c9941e841199e65961aae,"{""distance"":7,""physical_error_rate"":0.0005}","{""detection_events"":3469445,""detectors_checked"":1794078720}"
    915456,         0,         0,   119.5,standalone_exact_mw,ba5ada56442ed2ba457be44e3218b165c8a19e21146c9941e841199e65961aae,"{""distance"":7,""physical_error_rate"":0.0005}","{""detection_events"":1435096,""detectors_checked"":741519360}"
   1211392,         0,         0,   119.7,standalone_exact_mw,3bd544bb51e006261b45d3a2c996e28fc0c0449411cee5f7deafcd25d9539ebc,"{""distance"":7,""physical_error_rate"":0.001}","{""detection_events"":3787376,""detectors_checked"":981227520}"
    912384,         0,         0,   119.7,standalone_exact_mw,9d8ad86e51451842b54dafc7680d1b486ef291963bb72c70f3cdd570d2d8fa34,"{""distance"":7,""physical_error_rate"":0.002}","{""detection_events"":5667354,""detectors_checked"":739031040}"
   1280000,         0,         0,   119.8,standalone_exact_mw,9d8ad86e51451842b54dafc7680d1b486ef291963bb72c70f3cdd570d2d8fa34,"{""distance"":7,""physical_error_rate"":0.002}","{""detection_events"":7955829,""detectors_checked"":1036800000}"
   1032192,         0,         0,   119.8,standalone_exact_mw,9d8ad86e51451842b54dafc7680d1b486ef291963bb72c70f3cdd570d2d8fa34,"{""distance"":7,""physical_error_rate"":0.002}","{""detection_events"":6419272,""detectors_checked"":836075520}"
   1596416,         0,         0,   119.6,standalone_exact_mw,ba5ada56442ed2ba457be44e3218b165c8a19e21146c9941e841199e65961aae,"{""distance"":7,""physical_error_rate"":0.0005}","{""detection_events"":2507424,""detectors_checked"":1293096960}"
   1029120,         0,         0,   119.7,standalone_exact_mw,ba5ada56442ed2ba457be44e3218b165c8a19e21146c9941e841199e65961aae,"{""distance"":7,""physical_error_rate"":0.0005}","{""detection_events"":1611712,""detectors_checked"":833587200}"
   1317888,         0,         0,   119.3,standalone_exact_mw,ba5ada56442ed2ba457be44e3218b165c8a19e21146c9941e841199e65961aae,"{""distance"":7,""physical_error_rate"":0.0005}","{""detection_events"":2063395,""detectors_checked"":1067489280}"
    705536,         0,         0,   119.9,standalone_exact_mw,3bd544bb51e006261b45d3a2c996e28fc0c0449411cee5f7deafcd25d9539ebc,"{""distance"":7,""physical_error_rate"":0.001}","{""detection_events"":2206857,""detectors_checked"":571484160}"
   1592320,         0,         0,   119.5,standalone_exact_mw,3bd544bb51e006261b45d3a2c996e28fc0c0449411cee5f7deafcd25d9539ebc,"{""distance"":7,""physical_error_rate"":0.001}","{""detection_events"":4980883,""detectors_checked"":1289779200}"
   1171456,         0,         0,   120.0,standalone_exact_mw,3bd544bb51e006261b45d3a2c996e28fc0c0449411cee5f7deafcd25d9539ebc,"{""distance"":7,""physical_error_rate"":0.001}","{""detection_events"":3664600,""detectors_checked"":948879360}"
   1680384,         0,         0,   119.7,standalone_exact_mw,9d8ad86e51451842b54dafc7680d1b486ef291963bb72c70f3cdd570d2d8fa34,"{""distance"":7,""physical_error_rate"":0.002}","{""detection_events"":10439418,""detectors_checked"":1361111040}"
   2023424,         0,         0,   119.7,standalone_exact_mw,3bd544bb51e006261b45d3a2c996e28fc0c0449411cee5f7deafcd25d9539ebc,"{""distance"":7,""physical_error_rate"":0.001}","{""detection_events"":6322265,""detectors_checked"":1638973440}"
   1218560,         0,         0,   119.3,standalone_exact_mw,ba5ada56442ed2ba457be44e3218b165c8a19e21146c9941e841199e65961aae,"{""distance"":7,""physical_error_rate"":0.0005}","{""detection_events"":1911141,""detectors_checked"":987033600}"
   1505280,         0,         0,   119.7,standalone_exact_mw,9d8ad86e51451842b54dafc7680d1b486ef291963bb72c70f3cdd570d2d8fa34,"{""distance"":7,""physical_error_rate"":0.002}","{""detection_events"":9364410,""detectors_checked"":1219276800}"
   2277376,         0,         0,   119.5,standalone_exact_mw,ba5ada56442ed2ba457be44e3218b165c8a19e21146c9941e841199e65961aae,"{""distance"":7,""physical_error_rate"":0.0005}","{""detection_events"":3569018,""detectors_checked"":1844674560}"
   1511424,         0,         0,   119.5,standalone_exact_mw,3bd544bb51e006261b45d3a2c996e28fc0c0449411cee5f7deafcd25d9539ebc,"{""distance"":7,""physical_error_rate"":0.001}","{""detection_events"":4722374,""detectors_checked"":1224253440}"
   1249280,         0,         0,   119.8,standalone_exact_mw,9d8ad86e51451842b54dafc7680d1b486ef291963bb72c70f3cdd570d2d8fa34,"{""distance"":7,""physical_error_rate"":0.002}","{""detection_events"":7768514,""detectors_checked"":1011916800}"
   1475584,         0,         0,   119.5,standalone_exact_mw,3bd544bb51e006261b45d3a2c996e28fc0c0449411cee5f7deafcd25d9539ebc,"{""distance"":7,""physical_error_rate"":0.001}","{""detection_events"":4610349,""detectors_checked"":1195223040}"
   1053696,         0,         0,   119.8,standalone_exact_mw,9d8ad86e51451842b54dafc7680d1b486ef291963bb72c70f3cdd570d2d8fa34,"{""distance"":7,""physical_error_rate"":0.002}","{""detection_events"":6547479,""detectors_checked"":853493760}"
   1062912,         0,         0,   119.6,standalone_exact_mw,3bd544bb51e006261b45d3a2c996e28fc0c0449411cee5f7deafcd25d9539ebc,"{""distance"":7,""physical_error_rate"":0.001}","{""detection_events"":3323081,""detectors_checked"":860958720}"
   1915904,         0,         0,   119.7,standalone_exact_mw,3bd544bb51e006261b45d3a2c996e28fc0c0449411cee5f7deafcd25d9539ebc,"{""distance"":7,""physical_error_rate"":0.001}","{""detection_events"":5987299,""detectors_checked"":1551882240}"
   2124800,         0,         0,   119.5,standalone_exact_mw,ba5ada56442ed2ba457be44e3218b165c8a19e21146c9941e841199e65961aae,"{""distance"":7,""physical_error_rate"":0.0005}","{""detection_events"":3327467,""detectors_checked"":1721088000}"
   1718272,         0,         0,   119.6,standalone_exact_mw,ba5ada56442ed2ba457be44e3218b165c8a19e21146c9941e841199e65961aae,"{""distance"":7,""physical_error_rate"":0.0005}","{""detection_events"":2692248,""detectors_checked"":1391800320}"
   1306624,         0,         0,   119.7,standalone_exact_mw,9d8ad86e51451842b54dafc7680d1b486ef291963bb72c70f3cdd570d2d8fa34,"{""distance"":7,""physical_error_rate"":0.002}","{""detection_events"":8120220,""detectors_checked"":1058365440}"
   1207296,         0,         0,   119.7,standalone_exact_mw,3bd544bb51e006261b45d3a2c996e28fc0c0449411cee5f7deafcd25d9539ebc,"{""distance"":7,""physical_error_rate"":0.001}","{""detection_events"":3775557,""detectors_checked"":977909760}"
   1788928,         0,         0,   119.9,standalone_exact_mw,3bd544bb51e006261b45d3a2c996e28fc0c0449411cee5f7deafcd25d9539ebc,"{""distance"":7,""physical_error_rate"":0.001}","{""detection_events"":5591889,""detectors_checked"":1449031680}"
    884736,         0,         0,   119.8,standalone_exact_mw,9d8ad86e51451842b54dafc7680d1b486ef291963bb72c70f3cdd570d2d8fa34,"{""distance"":7,""physical_error_rate"":0.002}","{""detection_events"":5502060,""detectors_checked"":716636160}"
   1255424,         0,         0,   119.8,standalone_exact_mw,9d8ad86e51451842b54dafc7680d1b486ef291963bb72c70f3cdd570d2d8fa34,"{""distance"":7,""physical_error_rate"":0.002}","{""detection_events"":7805696,""detectors_checked"":1016893440}"
    227997,         0,         0,    14.7,standalone_exact_mw,ba5ada56442ed2ba457be44e3218b165c8a19e21146c9941e841199e65961aae,"{""distance"":7,""physical_error_rate"":0.0005}","{""detection_events"":357706,""detectors_checked"":184677570}"
   2140160,         0,         0,    93.3,standalone_exact_mw,ba5ada56442ed2ba457be44e3218b165c8a19e21146c9941e841199e65961aae,"{""distance"":7,""physical_error_rate"":0.0005}","{""detection_events"":3353008,""detectors_checked"":1733529600}"
   2549760,         0,         0,   107.9,standalone_exact_mw,ba5ada56442ed2ba457be44e3218b165c8a19e21146c9941e841199e65961aae,"{""distance"":7,""physical_error_rate"":0.0005}","{""detection_events"":3992524,""detectors_checked"":2065305600}"
   1089536,         0,         0,   119.8,standalone_exact_mw,9d8ad86e51451842b54dafc7680d1b486ef291963bb72c70f3cdd570d2d8fa34,"{""distance"":7,""physical_error_rate"":0.002}","{""detection_events"":6771514,""detectors_checked"":882524160}"
   1729716,         0,         0,    90.9,standalone_exact_mw,3bd544bb51e006261b45d3a2c996e28fc0c0449411cee5f7deafcd25d9539ebc,"{""distance"":7,""physical_error_rate"":0.001}","{""detection_events"":5410716,""detectors_checked"":1401069960}"
   1779889,         0,         0,    75.8,standalone_exact_mw,ba5ada56442ed2ba457be44e3218b165c8a19e21146c9941e841199e65961aae,"{""distance"":7,""physical_error_rate"":0.0005}","{""detection_events"":2788303,""detectors_checked"":1441710090}"
   1637376,         0,         0,    87.8,standalone_exact_mw,ba5ada56442ed2ba457be44e3218b165c8a19e21146c9941e841199e65961aae,"{""distance"":7,""physical_error_rate"":0.0005}","{""detection_events"":2568471,""detectors_checked"":1326274560}"
   1720320,         0,         0,    88.3,standalone_exact_mw,ba5ada56442ed2ba457be44e3218b165c8a19e21146c9941e841199e65961aae,"{""distance"":7,""physical_error_rate"":0.0005}","{""detection_events"":2691827,""detectors_checked"":1393459200}"
   1629429,         0,         0,    98.3,standalone_exact_mw,ba5ada56442ed2ba457be44e3218b165c8a19e21146c9941e841199e65961aae,"{""distance"":7,""physical_error_rate"":0.0005}","{""detection_events"":2552653,""detectors_checked"":1319837490}"
   1513449,         0,         0,    66.8,standalone_exact_mw,ba5ada56442ed2ba457be44e3218b165c8a19e21146c9941e841199e65961aae,"{""distance"":7,""physical_error_rate"":0.0005}","{""detection_events"":2367641,""detectors_checked"":1225893690}"
   1485824,         0,         0,    93.9,standalone_exact_mw,ba5ada56442ed2ba457be44e3218b165c8a19e21146c9941e841199e65961aae,"{""distance"":7,""physical_error_rate"":0.0005}","{""detection_events"":2326390,""detectors_checked"":1203517440}"
   1478253,         0,         0,    90.6,standalone_exact_mw,ba5ada56442ed2ba457be44e3218b165c8a19e21146c9941e841199e65961aae,"{""distance"":7,""physical_error_rate"":0.0005}","{""detection_events"":2315072,""detectors_checked"":1197384930}"
   1409321,         0,         0,    79.9,standalone_exact_mw,ba5ada56442ed2ba457be44e3218b165c8a19e21146c9941e841199e65961aae,"{""distance"":7,""physical_error_rate"":0.0005}","{""detection_events"":2207924,""detectors_checked"":1141550010}"
   1382400,         0,         0,    79.6,standalone_exact_mw,ba5ada56442ed2ba457be44e3218b165c8a19e21146c9941e841199e65961aae,"{""distance"":7,""physical_error_rate"":0.0005}","{""detection_events"":2168649,""detectors_checked"":1119744000}"
   1397760,         0,         0,    78.2,standalone_exact_mw,ba5ada56442ed2ba457be44e3218b165c8a19e21146c9941e841199e65961aae,"{""distance"":7,""physical_error_rate"":0.0005}","{""detection_events"":2189286,""detectors_checked"":1132185600}"
   1466368,         0,         0,   101.5,standalone_exact_mw,ba5ada56442ed2ba457be44e3218b165c8a19e21146c9941e841199e65961aae,"{""distance"":7,""physical_error_rate"":0.0005}","{""detection_events"":2299042,""detectors_checked"":1187758080}"
   1453056,         0,         0,   106.6,standalone_exact_mw,ba5ada56442ed2ba457be44e3218b165c8a19e21146c9941e841199e65961aae,"{""distance"":7,""physical_error_rate"":0.0005}","{""detection_events"":2274104,""detectors_checked"":1176975360}"
   1376546,         0,         0,    76.2,standalone_exact_mw,ba5ada56442ed2ba457be44e3218b165c8a19e21146c9941e841199e65961aae,"{""distance"":7,""physical_error_rate"":0.0005}","{""detection_events"":2153183,""detectors_checked"":1115002260}"
   1248256,         0,         0,    49.5,standalone_exact_mw,ba5ada56442ed2ba457be44e3218b165c8a19e21146c9941e841199e65961aae,"{""distance"":7,""physical_error_rate"":0.0005}","{""detection_events"":1954279,""detectors_checked"":1011087360}"
   1321984,         0,         0,    65.8,standalone_exact_mw,ba5ada56442ed2ba457be44e3218b165c8a19e21146c9941e841199e65961aae,"{""distance"":7,""physical_error_rate"":0.0005}","{""detection_events"":2075368,""detectors_checked"":1070807040}"
   1211985,         0,         0,    68.4,standalone_exact_mw,ba5ada56442ed2ba457be44e3218b165c8a19e21146c9941e841199e65961aae,"{""distance"":7,""physical_error_rate"":0.0005}","{""detection_events"":1900995,""detectors_checked"":981707850}"
   1147904,         0,         0,    63.8,standalone_exact_mw,ba5ada56442ed2ba457be44e3218b165c8a19e21146c9941e841199e65961aae,"{""distance"":7,""physical_error_rate"":0.0005}","{""detection_events"":1802327,""detectors_checked"":929802240}"
   1124352,         0,         0,    58.5,standalone_exact_mw,ba5ada56442ed2ba457be44e3218b165c8a19e21146c9941e841199e65961aae,"{""distance"":7,""physical_error_rate"":0.0005}","{""detection_events"":1759683,""detectors_checked"":910725120}"
   1147904,         0,         0,    98.4,standalone_exact_mw,ba5ada56442ed2ba457be44e3218b165c8a19e21146c9941e841199e65961aae,"{""distance"":7,""physical_error_rate"":0.0005}","{""detection_events"":1801021,""detectors_checked"":929802240}"
   1124026,         0,         0,    62.6,standalone_exact_mw,ba5ada56442ed2ba457be44e3218b165c8a19e21146c9941e841199e65961aae,"{""distance"":7,""physical_error_rate"":0.0005}","{""detection_events"":1762084,""detectors_checked"":910461060}"
   1105920,         0,         0,    53.9,standalone_exact_mw,ba5ada56442ed2ba457be44e3218b165c8a19e21146c9941e841199e65961aae,"{""distance"":7,""physical_error_rate"":0.0005}","{""detection_events"":1732965,""detectors_checked"":895795200}"
   1061888,         0,         0,   103.1,standalone_exact_mw,ba5ada56442ed2ba457be44e3218b165c8a19e21146c9941e841199e65961aae,"{""distance"":7,""physical_error_rate"":0.0005}","{""detection_events"":1660762,""detectors_checked"":860129280}"
   1073152,         0,         0,    51.3,standalone_exact_mw,ba5ada56442ed2ba457be44e3218b165c8a19e21146c9941e841199e65961aae,"{""distance"":7,""physical_error_rate"":0.0005}","{""detection_events"":1680057,""detectors_checked"":869253120}"
   1030144,         0,         0,    77.5,standalone_exact_mw,ba5ada56442ed2ba457be44e3218b165c8a19e21146c9941e841199e65961aae,"{""distance"":7,""physical_error_rate"":0.0005}","{""detection_events"":1614460,""detectors_checked"":834416640}"
   1074176,         0,         0,   108.6,standalone_exact_mw,ba5ada56442ed2ba457be44e3218b165c8a19e21146c9941e841199e65961aae,"{""distance"":7,""physical_error_rate"":0.0005}","{""detection_events"":1680739,""detectors_checked"":870082560}"
   1018347,         0,         0,    81.9,standalone_exact_mw,ba5ada56442ed2ba457be44e3218b165c8a19e21146c9941e841199e65961aae,"{""distance"":7,""physical_error_rate"":0.0005}","{""detection_events"":1596687,""detectors_checked"":824861070}"
    908288,         0,         0,    78.1,standalone_exact_mw,ba5ada56442ed2ba457be44e3218b165c8a19e21146c9941e841199e65961aae,"{""distance"":7,""physical_error_rate"":0.0005}","{""detection_events"":1424700,""detectors_checked"":735713280}"
    918528,         0,         0,    66.0,standalone_exact_mw,ba5ada56442ed2ba457be44e3218b165c8a19e21146c9941e841199e65961aae,"{""distance"":7,""physical_error_rate"":0.0005}","{""detection_events"":1440189,""detectors_checked"":744007680}"
    991232,         0,         0,    65.5,standalone_exact_mw,ba5ada56442ed2ba457be44e3218b165c8a19e21146c9941e841199e65961aae,"{""distance"":7,""physical_error_rate"":0.0005}","{""detection_events"":1551879,""detectors_checked"":802897920}"
   1001472,         0,         0,    79.1,standalone_exact_mw,ba5ada56442ed2ba457be44e3218b165c8a19e21146c9941e841199e65961aae,"{""distance"":7,""physical_error_rate"":0.0005}","{""detection_events"":1570057,""detectors_checked"":811192320}"
    992256,         0,         0,    81.9,standalone_exact_mw,ba5ada56442ed2ba457be44e3218b165c8a19e21146c9941e841199e65961aae,"{""distance"":7,""physical_error_rate"":0.0005}","{""detection_events"":1554865,""detectors_checked"":803727360}"
    880640,         0,         0,    80.4,standalone_exact_mw,ba5ada56442ed2ba457be44e3218b165c8a19e21146c9941e841199e65961aae,"{""distance"":7,""physical_error_rate"":0.0005}","{""detection_events"":1381948,""detectors_checked"":713318400}"
    870356,         0,         0,    79.7,standalone_exact_mw,ba5ada56442ed2ba457be44e3218b165c8a19e21146c9941e841199e65961aae,"{""distance"":7,""physical_error_rate"":0.0005}","{""detection_events"":1360055,""detectors_checked"":704988360}"
    721920,         0,         0,    85.2,standalone_exact_mw,ba5ada56442ed2ba457be44e3218b165c8a19e21146c9941e841199e65961aae,"{""distance"":7,""physical_error_rate"":0.0005}","{""detection_events"":1130245,""detectors_checked"":584755200}"
    735232,         0,         0,    63.5,standalone_exact_mw,ba5ada56442ed2ba457be44e3218b165c8a19e21146c9941e841199e65961aae,"{""distance"":7,""physical_error_rate"":0.0005}","{""detection_events"":1154561,""detectors_checked"":595537920}"
    837632,         0,         0,    56.6,standalone_exact_mw,ba5ada56442ed2ba457be44e3218b165c8a19e21146c9941e841199e65961aae,"{""distance"":7,""physical_error_rate"":0.0005}","{""detection_events"":1312326,""detectors_checked"":678481920}"
    748544,         0,         0,    53.8,standalone_exact_mw,ba5ada56442ed2ba457be44e3218b165c8a19e21146c9941e841199e65961aae,"{""distance"":7,""physical_error_rate"":0.0005}","{""detection_events"":1175974,""detectors_checked"":606320640}"
    734208,         0,         0,    66.1,standalone_exact_mw,ba5ada56442ed2ba457be44e3218b165c8a19e21146c9941e841199e65961aae,"{""distance"":7,""physical_error_rate"":0.0005}","{""detection_events"":1148881,""detectors_checked"":594708480}"
    763904,         0,         0,    64.5,standalone_exact_mw,ba5ada56442ed2ba457be44e3218b165c8a19e21146c9941e841199e65961aae,"{""distance"":7,""physical_error_rate"":0.0005}","{""detection_events"":1196193,""detectors_checked"":618762240}"
    717733,         0,         0,    71.7,standalone_exact_mw,ba5ada56442ed2ba457be44e3218b165c8a19e21146c9941e841199e65961aae,"{""distance"":7,""physical_error_rate"":0.0005}","{""detection_events"":1120254,""detectors_checked"":581363730}"
    669696,         0,         0,    73.9,standalone_exact_mw,ba5ada56442ed2ba457be44e3218b165c8a19e21146c9941e841199e65961aae,"{""distance"":7,""physical_error_rate"":0.0005}","{""detection_events"":1049503,""detectors_checked"":542453760}"
    670720,         0,         0,    65.2,standalone_exact_mw,ba5ada56442ed2ba457be44e3218b165c8a19e21146c9941e841199e65961aae,"{""distance"":7,""physical_error_rate"":0.0005}","{""detection_events"":1051530,""detectors_checked"":543283200}"
    609280,         0,         0,    73.6,standalone_exact_mw,ba5ada56442ed2ba457be44e3218b165c8a19e21146c9941e841199e65961aae,"{""distance"":7,""physical_error_rate"":0.0005}","{""detection_events"":954273,""detectors_checked"":493516800}"
   1745920,         0,         0,   119.7,standalone_exact_mw,9d8ad86e51451842b54dafc7680d1b486ef291963bb72c70f3cdd570d2d8fa34,"{""distance"":7,""physical_error_rate"":0.002}","{""detection_events"":10856078,""detectors_checked"":1414195200}"
   2177024,         0,         0,   119.6,standalone_exact_mw,3bd544bb51e006261b45d3a2c996e28fc0c0449411cee5f7deafcd25d9539ebc,"{""distance"":7,""physical_error_rate"":0.001}","{""detection_events"":6803847,""detectors_checked"":1763389440}"
   1182720,         0,         0,   119.8,standalone_exact_mw,9d8ad86e51451842b54dafc7680d1b486ef291963bb72c70f3cdd570d2d8fa34,"{""distance"":7,""physical_error_rate"":0.002}","{""detection_events"":7353585,""detectors_checked"":958003200}"
    892928,         0,         0,   119.7,standalone_exact_mw,3bd544bb51e006261b45d3a2c996e28fc0c0449411cee5f7deafcd25d9539ebc,"{""distance"":7,""physical_error_rate"":0.001}","{""detection_events"":2791412,""detectors_checked"":723271680}"
   1717248,         1,         0,   119.7,standalone_exact_mw,9d8ad86e51451842b54dafc7680d1b486ef291963bb72c70f3cdd570d2d8fa34,"{""distance"":7,""physical_error_rate"":0.002}","{""detection_events"":10677017,""detectors_checked"":1390970880,""obs_mistake_mask=E"":1}"
   1188864,         0,         0,   119.7,standalone_exact_mw,9d8ad86e51451842b54dafc7680d1b486ef291963bb72c70f3cdd570d2d8fa34,"{""distance"":7,""physical_error_rate"":0.002}","{""detection_events"":7383247,""detectors_checked"":962979840}"
   1790976,         0,         0,   119.9,standalone_exact_mw,9d8ad86e51451842b54dafc7680d1b486ef291963bb72c70f3cdd570d2d8fa34,"{""distance"":7,""physical_error_rate"":0.002}","{""detection_events"":11130042,""detectors_checked"":1450690560}"
   1769472,         0,         0,   119.8,standalone_exact_mw,3bd544bb51e006261b45d3a2c996e28fc0c0449411cee5f7deafcd25d9539ebc,"{""distance"":7,""physical_error_rate"":0.001}","{""detection_events"":5532217,""detectors_checked"":1433272320}"
   1736704,         0,         0,   119.8,standalone_exact_mw,3bd544bb51e006261b45d3a2c996e28fc0c0449411cee5f7deafcd25d9539ebc,"{""distance"":7,""physical_error_rate"":0.001}","{""detection_events"":5429143,""detectors_checked"":1406730240}"
    843776,         0,         0,   119.8,standalone_exact_mw,9d8ad86e51451842b54dafc7680d1b486ef291963bb72c70f3cdd570d2d8fa34,"{""distance"":7,""physical_error_rate"":0.002}","{""detection_events"":5240069,""detectors_checked"":683458560}"
   1120256,         0,         0,   119.7,standalone_exact_mw,9d8ad86e51451842b54dafc7680d1b486ef291963bb72c70f3cdd570d2d8fa34,"{""distance"":7,""physical_error_rate"":0.002}","{""detection_events"":6969108,""detectors_checked"":907407360}"
    818176,         0,         0,   119.4,standalone_exact_mw,3bd544bb51e006261b45d3a2c996e28fc0c0449411cee5f7deafcd25d9539ebc,"{""distance"":7,""physical_error_rate"":0.001}","{""detection_events"":2552999,""detectors_checked"":662722560}"
    595427,         0,         0,    30.4,standalone_exact_mw,ba5ada56442ed2ba457be44e3218b165c8a19e21146c9941e841199e65961aae,"{""distance"":7,""physical_error_rate"":0.0005}","{""detection_events"":933544,""detectors_checked"":482295870}"
    573440,         0,         0,    30.4,standalone_exact_mw,ba5ada56442ed2ba457be44e3218b165c8a19e21146c9941e841199e65961aae,"{""distance"":7,""physical_error_rate"":0.0005}","{""detection_events"":895230,""detectors_checked"":464486400}"
   1693696,         0,         0,   119.6,standalone_exact_mw,3bd544bb51e006261b45d3a2c996e28fc0c0449411cee5f7deafcd25d9539ebc,"{""distance"":7,""physical_error_rate"":0.001}","{""detection_events"":5293575,""detectors_checked"":1371893760}"
   1396736,         0,         0,   119.5,standalone_exact_mw,3bd544bb51e006261b45d3a2c996e28fc0c0449411cee5f7deafcd25d9539ebc,"{""distance"":7,""physical_error_rate"":0.001}","{""detection_events"":4363446,""detectors_checked"":1131356160}"
   1387520,         0,         0,   119.8,standalone_exact_mw,9d8ad86e51451842b54dafc7680d1b486ef291963bb72c70f3cdd570d2d8fa34,"{""distance"":7,""physical_error_rate"":0.002}","{""detection_events"":8630689,""detectors_checked"":1123891200}"
    925696,         0,         0,   119.7,standalone_exact_mw,9d8ad86e51451842b54dafc7680d1b486ef291963bb72c70f3cdd570d2d8fa34,"{""distance"":7,""physical_error_rate"":0.002}","{""detection_events"":5751977,""detectors_checked"":749813760}"
    536238,         0,         0,    27.9,standalone_exact_mw,ba5ada56442ed2ba457be44e3218b165c8a19e21146c9941e841199e65961aae,"{""distance"":7,""physical_error_rate"":0.0005}","{""detection_events"":842764,""detectors_checked"":434352780}"
    510431,         0,         0,    34.1,standalone_exact_mw,ba5ada56442ed2ba457be44e3218b165c8a19e21146c9941e841199e65961aae,"{""distance"":7,""physical_error_rate"":0.0005}","{""detection_events"":799461,""detectors_checked"":413449110}"
   1171456,         0,         0,   119.7,standalone_exact_mw,3bd544bb51e006261b45d3a2c996e28fc0c0449411cee5f7deafcd25d9539ebc,"{""distance"":7,""physical_error_rate"":0.001}","{""detection_events"":3662795,""detectors_checked"":948879360}"
    498561,         0,         0,    18.2,standalone_exact_mw,ba5ada56442ed2ba457be44e3218b165c8a19e21146c9941e841199e65961aae,"{""distance"":7,""physical_error_rate"":0.0005}","{""detection_events"":780565,""detectors_checked"":403834410}"
    497664,         0,         0,    29.3,standalone_exact_mw,ba5ada56442ed2ba457be44e3218b165c8a19e21146c9941e841199e65961aae,"{""distance"":7,""physical_error_rate"":0.0005}","{""detection_events"":779862,""detectors_checked"":403107840}"
    486966,         0,         0,    31.0,standalone_exact_mw,ba5ada56442ed2ba457be44e3218b165c8a19e21146c9941e841199e65961aae,"{""distance"":7,""physical_error_rate"":0.0005}","{""detection_events"":763914,""detectors_checked"":394442460}"
    481280,         0,         0,    23.0,standalone_exact_mw,ba5ada56442ed2ba457be44e3218b165c8a19e21146c9941e841199e65961aae,"{""distance"":7,""physical_error_rate"":0.0005}","{""detection_events"":754159,""detectors_checked"":389836800}"
    464068,         0,         0,    22.3,standalone_exact_mw,ba5ada56442ed2ba457be44e3218b165c8a19e21146c9941e841199e65961aae,"{""distance"":7,""physical_error_rate"":0.0005}","{""detection_events"":726452,""detectors_checked"":375895080}"
    449536,         0,         0,    31.9,standalone_exact_mw,ba5ada56442ed2ba457be44e3218b165c8a19e21146c9941e841199e65961aae,"{""distance"":7,""physical_error_rate"":0.0005}","{""detection_events"":703973,""detectors_checked"":364124160}"
    986112,         0,         0,   119.7,standalone_exact_mw,3bd544bb51e006261b45d3a2c996e28fc0c0449411cee5f7deafcd25d9539ebc,"{""distance"":7,""physical_error_rate"":0.001}","{""detection_events"":3081083,""detectors_checked"":798750720}"
    442083,         0,         0,    22.5,standalone_exact_mw,ba5ada56442ed2ba457be44e3218b165c8a19e21146c9941e841199e65961aae,"{""distance"":7,""physical_error_rate"":0.0005}","{""detection_events"":690623,""detectors_checked"":358087230}"
    421348,         0,         0,    22.6,standalone_exact_mw,ba5ada56442ed2ba457be44e3218b165c8a19e21146c9941e841199e65961aae,"{""distance"":7,""physical_error_rate"":0.0005}","{""detection_events"":659444,""detectors_checked"":341291880}"
    411648,         0,         0,    24.6,standalone_exact_mw,ba5ada56442ed2ba457be44e3218b165c8a19e21146c9941e841199e65961aae,"{""distance"":7,""physical_error_rate"":0.0005}","{""detection_events"":645144,""detectors_checked"":333434880}"
    417792,         0,         0,    23.2,standalone_exact_mw,ba5ada56442ed2ba457be44e3218b165c8a19e21146c9941e841199e65961aae,"{""distance"":7,""physical_error_rate"":0.0005}","{""detection_events"":656454,""detectors_checked"":338411520}"
    963584,         0,         0,   119.7,standalone_exact_mw,9d8ad86e51451842b54dafc7680d1b486ef291963bb72c70f3cdd570d2d8fa34,"{""distance"":7,""physical_error_rate"":0.002}","{""detection_events"":5989968,""detectors_checked"":780503040}"
    411549,         0,         0,    27.8,standalone_exact_mw,ba5ada56442ed2ba457be44e3218b165c8a19e21146c9941e841199e65961aae,"{""distance"":7,""physical_error_rate"":0.0005}","{""detection_events"":643535,""detectors_checked"":333354690}"
    411549,         0,         0,    27.9,standalone_exact_mw,ba5ada56442ed2ba457be44e3218b165c8a19e21146c9941e841199e65961aae,"{""distance"":7,""physical_error_rate"":0.0005}","{""detection_events"":645981,""detectors_checked"":333354690}"
    397312,         0,         0,    27.8,standalone_exact_mw,ba5ada56442ed2ba457be44e3218b165c8a19e21146c9941e841199e65961aae,"{""distance"":7,""physical_error_rate"":0.0005}","{""detection_events"":624169,""detectors_checked"":321822720}"
     42752,         0,         0,    1.87,standalone_exact_mw,ba5ada56442ed2ba457be44e3218b165c8a19e21146c9941e841199e65961aae,"{""distance"":7,""physical_error_rate"":0.0005}","{""detection_events"":66499,""detectors_checked"":34629120}"
    409600,         0,         0,    24.7,standalone_exact_mw,ba5ada56442ed2ba457be44e3218b165c8a19e21146c9941e841199e65961aae,"{""distance"":7,""physical_error_rate"":0.0005}","{""detection_events"":641030,""detectors_checked"":331776000}"
      1949,         0,         0,   0.112,standalone_exact_mw,ba5ada56442ed2ba457be44e3218b165c8a19e21146c9941e841199e65961aae,"{""distance"":7,""physical_error_rate"":0.0005}","{""detection_events"":3082,""detectors_checked"":1578690}"
    382689,         0,         0,    28.6,standalone_exact_mw,ba5ada56442ed2ba457be44e3218b165c8a19e21146c9941e841199e65961aae,"{""distance"":7,""physical_error_rate"":0.0005}","{""detection_events"":598924,""detectors_checked"":309978090}"
    354304,         0,         0,    25.9,standalone_exact_mw,ba5ada56442ed2ba457be44e3218b165c8a19e21146c9941e841199e65961aae,"{""distance"":7,""physical_error_rate"":0.0005}","{""detection_events"":556216,""detectors_checked"":286986240}"
    360448,         0,         0,    27.4,standalone_exact_mw,ba5ada56442ed2ba457be44e3218b165c8a19e21146c9941e841199e65961aae,"{""distance"":7,""physical_error_rate"":0.0005}","{""detection_events"":565127,""detectors_checked"":291962880}"
    356352,         0,         0,    25.6,standalone_exact_mw,ba5ada56442ed2ba457be44e3218b165c8a19e21146c9941e841199e65961aae,"{""distance"":7,""physical_error_rate"":0.0005}","{""detection_events"":558178,""detectors_checked"":288645120}"
    344413,         0,         0,    24.4,standalone_exact_mw,ba5ada56442ed2ba457be44e3218b165c8a19e21146c9941e841199e65961aae,"{""distance"":7,""physical_error_rate"":0.0005}","{""detection_events"":536848,""detectors_checked"":278974530}"
    319488,         0,         0,    24.2,standalone_exact_mw,ba5ada56442ed2ba457be44e3218b165c8a19e21146c9941e841199e65961aae,"{""distance"":7,""physical_error_rate"":0.0005}","{""detection_events"":499813,""detectors_checked"":258785280}"
    325632,         0,         0,    24.4,standalone_exact_mw,ba5ada56442ed2ba457be44e3218b165c8a19e21146c9941e841199e65961aae,"{""distance"":7,""physical_error_rate"":0.0005}","{""detection_events"":510151,""detectors_checked"":263761920}"
    322560,         0,         0,    24.4,standalone_exact_mw,ba5ada56442ed2ba457be44e3218b165c8a19e21146c9941e841199e65961aae,"{""distance"":7,""physical_error_rate"":0.0005}","{""detection_events"":506785,""detectors_checked"":261273600}"
    320512,         0,         0,    25.1,standalone_exact_mw,ba5ada56442ed2ba457be44e3218b165c8a19e21146c9941e841199e65961aae,"{""distance"":7,""physical_error_rate"":0.0005}","{""detection_events"":504382,""detectors_checked"":259614720}"
    331776,         0,         0,    24.3,standalone_exact_mw,ba5ada56442ed2ba457be44e3218b165c8a19e21146c9941e841199e65961aae,"{""distance"":7,""physical_error_rate"":0.0005}","{""detection_events"":516032,""detectors_checked"":268738560}"
    342016,         0,         0,    25.0,standalone_exact_mw,ba5ada56442ed2ba457be44e3218b165c8a19e21146c9941e841199e65961aae,"{""distance"":7,""physical_error_rate"":0.0005}","{""detection_events"":536243,""detectors_checked"":277032960}"
    314368,         0,         0,    27.6,standalone_exact_mw,ba5ada56442ed2ba457be44e3218b165c8a19e21146c9941e841199e65961aae,"{""distance"":7,""physical_error_rate"":0.0005}","{""detection_events"":491188,""detectors_checked"":254638080}"
    311494,         0,         0,    8.82,standalone_exact_mw,ba5ada56442ed2ba457be44e3218b165c8a19e21146c9941e841199e65961aae,"{""distance"":7,""physical_error_rate"":0.0005}","{""detection_events"":487652,""detectors_checked"":252310140}"
    284672,         0,         0,    21.1,standalone_exact_mw,ba5ada56442ed2ba457be44e3218b165c8a19e21146c9941e841199e65961aae,"{""distance"":7,""physical_error_rate"":0.0005}","{""detection_events"":447459,""detectors_checked"":230584320}"
    256000,         0,         0,    13.2,standalone_exact_mw,ba5ada56442ed2ba457be44e3218b165c8a19e21146c9941e841199e65961aae,"{""distance"":7,""physical_error_rate"":0.0005}","{""detection_events"":401675,""detectors_checked"":207360000}"
    303104,         0,         0,    27.0,standalone_exact_mw,ba5ada56442ed2ba457be44e3218b165c8a19e21146c9941e841199e65961aae,"{""distance"":7,""physical_error_rate"":0.0005}","{""detection_events"":476135,""detectors_checked"":245514240}"
    301056,         0,         0,    25.3,standalone_exact_mw,ba5ada56442ed2ba457be44e3218b165c8a19e21146c9941e841199e65961aae,"{""distance"":7,""physical_error_rate"":0.0005}","{""detection_events"":475189,""detectors_checked"":243855360}"
    291840,         0,         0,    24.4,standalone_exact_mw,ba5ada56442ed2ba457be44e3218b165c8a19e21146c9941e841199e65961aae,"{""distance"":7,""physical_error_rate"":0.0005}","{""detection_events"":455110,""detectors_checked"":236390400}"
    301056,         0,         0,    21.3,standalone_exact_mw,ba5ada56442ed2ba457be44e3218b165c8a19e21146c9941e841199e65961aae,"{""distance"":7,""physical_error_rate"":0.0005}","{""detection_events"":471980,""detectors_checked"":243855360}"
    280576,         0,         0,    25.2,standalone_exact_mw,ba5ada56442ed2ba457be44e3218b165c8a19e21146c9941e841199e65961aae,"{""distance"":7,""physical_error_rate"":0.0005}","{""detection_events"":440502,""detectors_checked"":227266560}"
    311296,         0,         0,    25.7,standalone_exact_mw,ba5ada56442ed2ba457be44e3218b165c8a19e21146c9941e841199e65961aae,"{""distance"":7,""physical_error_rate"":0.0005}","{""detection_events"":487418,""detectors_checked"":252149760}"
       198,         0,         0,   0.053,standalone_exact_mw,ba5ada56442ed2ba457be44e3218b165c8a19e21146c9941e841199e65961aae,"{""distance"":7,""physical_error_rate"":0.0005}","{""detection_events"":331,""detectors_checked"":160380}"
    237568,         0,         0,    21.4,standalone_exact_mw,ba5ada56442ed2ba457be44e3218b165c8a19e21146c9941e841199e65961aae,"{""distance"":7,""physical_error_rate"":0.0005}","{""detection_events"":372341,""detectors_checked"":192430080}"
    296960,         0,         0,    25.7,standalone_exact_mw,ba5ada56442ed2ba457be44e3218b165c8a19e21146c9941e841199e65961aae,"{""distance"":7,""physical_error_rate"":0.0005}","{""detection_events"":466218,""detectors_checked"":240537600}"
    273408,         0,         0,    24.7,standalone_exact_mw,ba5ada56442ed2ba457be44e3218b165c8a19e21146c9941e841199e65961aae,"{""distance"":7,""physical_error_rate"":0.0005}","{""detection_events"":430739,""detectors_checked"":221460480}"
    203776,         0,         0,    10.5,standalone_exact_mw,ba5ada56442ed2ba457be44e3218b165c8a19e21146c9941e841199e65961aae,"{""distance"":7,""physical_error_rate"":0.0005}","{""detection_events"":319405,""detectors_checked"":165058560}"
    228352,         0,         0,    7.40,standalone_exact_mw,ba5ada56442ed2ba457be44e3218b165c8a19e21146c9941e841199e65961aae,"{""distance"":7,""physical_error_rate"":0.0005}","{""detection_events"":357838,""detectors_checked"":184965120}"
    232448,         0,         0,    21.5,standalone_exact_mw,ba5ada56442ed2ba457be44e3218b165c8a19e21146c9941e841199e65961aae,"{""distance"":7,""physical_error_rate"":0.0005}","{""detection_events"":363927,""detectors_checked"":188282880}"
    219136,         0,         0,    13.6,standalone_exact_mw,ba5ada56442ed2ba457be44e3218b165c8a19e21146c9941e841199e65961aae,"{""distance"":7,""physical_error_rate"":0.0005}","{""detection_events"":342677,""detectors_checked"":177500160}"
    302080,         0,         0,    27.4,standalone_exact_mw,ba5ada56442ed2ba457be44e3218b165c8a19e21146c9941e841199e65961aae,"{""distance"":7,""physical_error_rate"":0.0005}","{""detection_events"":473172,""detectors_checked"":244684800}"
      9414,         0,         0,   0.799,standalone_exact_mw,ba5ada56442ed2ba457be44e3218b165c8a19e21146c9941e841199e65961aae,"{""distance"":7,""physical_error_rate"":0.0005}","{""detection_events"":14546,""detectors_checked"":7625340}"
    153600,         0,         0,    7.74,standalone_exact_mw,ba5ada56442ed2ba457be44e3218b165c8a19e21146c9941e841199e65961aae,"{""distance"":7,""physical_error_rate"":0.0005}","{""detection_events"":241130,""detectors_checked"":124416000}"
    194560,         0,         0,    10.6,standalone_exact_mw,ba5ada56442ed2ba457be44e3218b165c8a19e21146c9941e841199e65961aae,"{""distance"":7,""physical_error_rate"":0.0005}","{""detection_events"":304864,""detectors_checked"":157593600}"
    184320,         0,         0,    10.1,standalone_exact_mw,ba5ada56442ed2ba457be44e3218b165c8a19e21146c9941e841199e65961aae,"{""distance"":7,""physical_error_rate"":0.0005}","{""detection_events"":289009,""detectors_checked"":149299200}"
    152576,         0,         0,    7.83,standalone_exact_mw,ba5ada56442ed2ba457be44e3218b165c8a19e21146c9941e841199e65961aae,"{""distance"":7,""physical_error_rate"":0.0005}","{""detection_events"":239814,""detectors_checked"":123586560}"
    217088,         0,         0,    26.6,standalone_exact_mw,ba5ada56442ed2ba457be44e3218b165c8a19e21146c9941e841199e65961aae,"{""distance"":7,""physical_error_rate"":0.0005}","{""detection_events"":340876,""detectors_checked"":175841280}"
    120364,         0,         0,    2.80,standalone_exact_mw,ba5ada56442ed2ba457be44e3218b165c8a19e21146c9941e841199e65961aae,"{""distance"":7,""physical_error_rate"":0.0005}","{""detection_events"":189277,""detectors_checked"":97494840}"
    140288,         0,         0,    7.85,standalone_exact_mw,ba5ada56442ed2ba457be44e3218b165c8a19e21146c9941e841199e65961aae,"{""distance"":7,""physical_error_rate"":0.0005}","{""detection_events"":220045,""detectors_checked"":113633280}"
    146432,         0,         0,    9.97,standalone_exact_mw,ba5ada56442ed2ba457be44e3218b165c8a19e21146c9941e841199e65961aae,"{""distance"":7,""physical_error_rate"":0.0005}","{""detection_events"":228922,""detectors_checked"":118609920}"
    126767,         0,         0,    7.88,standalone_exact_mw,ba5ada56442ed2ba457be44e3218b165c8a19e21146c9941e841199e65961aae,"{""distance"":7,""physical_error_rate"":0.0005}","{""detection_events"":198075,""detectors_checked"":102681270}"
    117760,         0,         0,    5.86,standalone_exact_mw,ba5ada56442ed2ba457be44e3218b165c8a19e21146c9941e841199e65961aae,"{""distance"":7,""physical_error_rate"":0.0005}","{""detection_events"":185056,""detectors_checked"":95385600}"
    117151,         0,         0,    8.09,standalone_exact_mw,ba5ada56442ed2ba457be44e3218b165c8a19e21146c9941e841199e65961aae,"{""distance"":7,""physical_error_rate"":0.0005}","{""detection_events"":185018,""detectors_checked"":94892310}"
    111688,         0,         0,    6.71,standalone_exact_mw,ba5ada56442ed2ba457be44e3218b165c8a19e21146c9941e841199e65961aae,"{""distance"":7,""physical_error_rate"":0.0005}","{""detection_events"":175401,""detectors_checked"":90467280}"
    109090,         0,         0,    7.07,standalone_exact_mw,ba5ada56442ed2ba457be44e3218b165c8a19e21146c9941e841199e65961aae,"{""distance"":7,""physical_error_rate"":0.0005}","{""detection_events"":171278,""detectors_checked"":88362900}"
    106553,         0,         0,    5.24,standalone_exact_mw,ba5ada56442ed2ba457be44e3218b165c8a19e21146c9941e841199e65961aae,"{""distance"":7,""physical_error_rate"":0.0005}","{""detection_events"":167252,""detectors_checked"":86307930}"
    104075,         0,         0,    5.10,standalone_exact_mw,ba5ada56442ed2ba457be44e3218b165c8a19e21146c9941e841199e65961aae,"{""distance"":7,""physical_error_rate"":0.0005}","{""detection_events"":163834,""detectors_checked"":84300750}"
    103424,         0,         0,    7.73,standalone_exact_mw,ba5ada56442ed2ba457be44e3218b165c8a19e21146c9941e841199e65961aae,"{""distance"":7,""physical_error_rate"":0.0005}","{""detection_events"":162473,""detectors_checked"":83773440}"
    101655,         0,         0,    5.15,standalone_exact_mw,ba5ada56442ed2ba457be44e3218b165c8a19e21146c9941e841199e65961aae,"{""distance"":7,""physical_error_rate"":0.0005}","{""detection_events"":158554,""detectors_checked"":82340550}"
    101655,         0,         0,    5.53,standalone_exact_mw,ba5ada56442ed2ba457be44e3218b165c8a19e21146c9941e841199e65961aae,"{""distance"":7,""physical_error_rate"":0.0005}","{""detection_events"":159127,""detectors_checked"":82340550}"
     96256,         0,         0,    5.19,standalone_exact_mw,ba5ada56442ed2ba457be44e3218b165c8a19e21146c9941e841199e65961aae,"{""distance"":7,""physical_error_rate"":0.0005}","{""detection_events"":152133,""detectors_checked"":77967360}"
       630,         0,         0,   0.024,standalone_exact_mw,ba5ada56442ed2ba457be44e3218b165c8a19e21146c9941e841199e65961aae,"{""distance"":7,""physical_error_rate"":0.0005}","{""detection_events"":1041,""detectors_checked"":510300}"
     94522,         0,         0,    5.95,standalone_exact_mw,ba5ada56442ed2ba457be44e3218b165c8a19e21146c9941e841199e65961aae,"{""distance"":7,""physical_error_rate"":0.0005}","{""detection_events"":148569,""detectors_checked"":76562820}"
     96886,         0,         0,    3.16,standalone_exact_mw,ba5ada56442ed2ba457be44e3218b165c8a19e21146c9941e841199e65961aae,"{""distance"":7,""physical_error_rate"":0.0005}","{""detection_events"":153134,""detectors_checked"":78477660}"
     94208,         0,         0,    5.97,standalone_exact_mw,ba5ada56442ed2ba457be44e3218b165c8a19e21146c9941e841199e65961aae,"{""distance"":7,""physical_error_rate"":0.0005}","{""detection_events"":147553,""detectors_checked"":76308480}"
     91136,         0,         0,    8.10,standalone_exact_mw,ba5ada56442ed2ba457be44e3218b165c8a19e21146c9941e841199e65961aae,"{""distance"":7,""physical_error_rate"":0.0005}","{""detection_events"":142661,""detectors_checked"":73820160}"
     92160,         0,         0,    7.34,standalone_exact_mw,ba5ada56442ed2ba457be44e3218b165c8a19e21146c9941e841199e65961aae,"{""distance"":7,""physical_error_rate"":0.0005}","{""detection_events"":144471,""detectors_checked"":74649600}"
     93184,         0,         0,    5.87,standalone_exact_mw,ba5ada56442ed2ba457be44e3218b165c8a19e21146c9941e841199e65961aae,"{""distance"":7,""physical_error_rate"":0.0005}","{""detection_events"":146145,""detectors_checked"":75479040}"
     94208,         0,         0,    5.99,standalone_exact_mw,ba5ada56442ed2ba457be44e3218b165c8a19e21146c9941e841199e65961aae,"{""distance"":7,""physical_error_rate"":0.0005}","{""detection_events"":148245,""detectors_checked"":76308480}"
     96256,         0,         0,    5.92,standalone_exact_mw,ba5ada56442ed2ba457be44e3218b165c8a19e21146c9941e841199e65961aae,"{""distance"":7,""physical_error_rate"":0.0005}","{""detection_events"":150872,""detectors_checked"":77967360}"
     95232,         0,         0,    6.06,standalone_exact_mw,ba5ada56442ed2ba457be44e3218b165c8a19e21146c9941e841199e65961aae,"{""distance"":7,""physical_error_rate"":0.0005}","{""detection_events"":149576,""detectors_checked"":77137920}"
     90070,         0,         0,    5.68,standalone_exact_mw,ba5ada56442ed2ba457be44e3218b165c8a19e21146c9941e841199e65961aae,"{""distance"":7,""physical_error_rate"":0.0005}","{""detection_events"":142338,""detectors_checked"":72956700}"
     93184,         0,         0,    5.99,standalone_exact_mw,ba5ada56442ed2ba457be44e3218b165c8a19e21146c9941e841199e65961aae,"{""distance"":7,""physical_error_rate"":0.0005}","{""detection_events"":145893,""detectors_checked"":75479040}"
     87040,         0,         0,    4.80,standalone_exact_mw,ba5ada56442ed2ba457be44e3218b165c8a19e21146c9941e841199e65961aae,"{""distance"":7,""physical_error_rate"":0.0005}","{""detection_events"":137308,""detectors_checked"":70502400}"
     71680,         0,         0,    4.70,standalone_exact_mw,ba5ada56442ed2ba457be44e3218b165c8a19e21146c9941e841199e65961aae,"{""distance"":7,""physical_error_rate"":0.0005}","{""detection_events"":112137,""detectors_checked"":58060800}"
     71680,         0,         0,    6.10,standalone_exact_mw,ba5ada56442ed2ba457be44e3218b165c8a19e21146c9941e841199e65961aae,"{""distance"":7,""physical_error_rate"":0.0005}","{""detection_events"":113002,""detectors_checked"":58060800}"
     88064,         0,         0,    6.09,standalone_exact_mw,ba5ada56442ed2ba457be44e3218b165c8a19e21146c9941e841199e65961aae,"{""distance"":7,""physical_error_rate"":0.0005}","{""detection_events"":138224,""detectors_checked"":71331840}"
     90070,         0,         0,    6.19,standalone_exact_mw,ba5ada56442ed2ba457be44e3218b165c8a19e21146c9941e841199e65961aae,"{""distance"":7,""physical_error_rate"":0.0005}","{""detection_events"":140761,""detectors_checked"":72956700}"
     61440,         0,         0,    2.60,standalone_exact_mw,ba5ada56442ed2ba457be44e3218b165c8a19e21146c9941e841199e65961aae,"{""distance"":7,""physical_error_rate"":0.0005}","{""detection_events"":96360,""detectors_checked"":49766400}"
     67584,         0,         0,    6.18,standalone_exact_mw,ba5ada56442ed2ba457be44e3218b165c8a19e21146c9941e841199e65961aae,"{""distance"":7,""physical_error_rate"":0.0005}","{""detection_events"":106063,""detectors_checked"":54743040}"
     66560,         0,         0,    7.48,standalone_exact_mw,ba5ada56442ed2ba457be44e3218b165c8a19e21146c9941e841199e65961aae,"{""distance"":7,""physical_error_rate"":0.0005}","{""detection_events"":104436,""detectors_checked"":53913600}"
     83968,         0,         0,    7.52,standalone_exact_mw,ba5ada56442ed2ba457be44e3218b165c8a19e21146c9941e841199e65961aae,"{""distance"":7,""physical_error_rate"":0.0005}","{""detection_events"":131427,""detectors_checked"":68014080}"
     73728,         0,         0,    5.79,standalone_exact_mw,ba5ada56442ed2ba457be44e3218b165c8a19e21146c9941e841199e65961aae,"{""distance"":7,""physical_error_rate"":0.0005}","{""detection_events"":115108,""detectors_checked"":59719680}"
     75776,         0,         0,    4.86,standalone_exact_mw,ba5ada56442ed2ba457be44e3218b165c8a19e21146c9941e841199e65961aae,"{""distance"":7,""physical_error_rate"":0.0005}","{""detection_events"":118614,""detectors_checked"":61378560}"
     70458,         0,         0,    7.70,standalone_exact_mw,ba5ada56442ed2ba457be44e3218b165c8a19e21146c9941e841199e65961aae,"{""distance"":7,""physical_error_rate"":0.0005}","{""detection_events"":110405,""detectors_checked"":57070980}"
     59392,         0,         0,    4.81,standalone_exact_mw,ba5ada56442ed2ba457be44e3218b165c8a19e21146c9941e841199e65961aae,"{""distance"":7,""physical_error_rate"":0.0005}","{""detection_events"":92905,""detectors_checked"":48107520}"
     67584,         0,         0,    6.16,standalone_exact_mw,ba5ada56442ed2ba457be44e3218b165c8a19e21146c9941e841199e65961aae,"{""distance"":7,""physical_error_rate"":0.0005}","{""detection_events"":105429,""detectors_checked"":54743040}"
     64512,         0,         0,    5.89,standalone_exact_mw,ba5ada56442ed2ba457be44e3218b165c8a19e21146c9941e841199e65961aae,"{""distance"":7,""physical_error_rate"":0.0005}","{""detection_events"":100482,""detectors_checked"":52254720}"
     66560,         0,         0,    6.15,standalone_exact_mw,ba5ada56442ed2ba457be44e3218b165c8a19e21146c9941e841199e65961aae,"{""distance"":7,""physical_error_rate"":0.0005}","{""detection_events"":104019,""detectors_checked"":53913600}"
     60416,         0,         0,    4.97,standalone_exact_mw,ba5ada56442ed2ba457be44e3218b165c8a19e21146c9941e841199e65961aae,"{""distance"":7,""physical_error_rate"":0.0005}","{""detection_events"":94928,""detectors_checked"":48936960}"
     51200,         0,         0,    2.34,standalone_exact_mw,ba5ada56442ed2ba457be44e3218b165c8a19e21146c9941e841199e65961aae,"{""distance"":7,""physical_error_rate"":0.0005}","{""detection_events"":79525,""detectors_checked"":41472000}"
     49152,         0,         0,    3.32,standalone_exact_mw,ba5ada56442ed2ba457be44e3218b165c8a19e21146c9941e841199e65961aae,"{""distance"":7,""physical_error_rate"":0.0005}","{""detection_events"":77063,""detectors_checked"":39813120}"
     47173,         0,         0,    2.77,standalone_exact_mw,ba5ada56442ed2ba457be44e3218b165c8a19e21146c9941e841199e65961aae,"{""distance"":7,""physical_error_rate"":0.0005}","{""detection_events"":73906,""detectors_checked"":38210130}"
     44032,         0,         0,    3.56,standalone_exact_mw,ba5ada56442ed2ba457be44e3218b165c8a19e21146c9941e841199e65961aae,"{""distance"":7,""physical_error_rate"":0.0005}","{""detection_events"":69183,""detectors_checked"":35665920}"
     67584,         0,         0,    5.01,standalone_exact_mw,ba5ada56442ed2ba457be44e3218b165c8a19e21146c9941e841199e65961aae,"{""distance"":7,""physical_error_rate"":0.0005}","{""detection_events"":105461,""detectors_checked"":54743040}"
     58368,         0,         0,    6.07,standalone_exact_mw,ba5ada56442ed2ba457be44e3218b165c8a19e21146c9941e841199e65961aae,"{""distance"":7,""physical_error_rate"":0.0005}","{""detection_events"":90811,""detectors_checked"":47278080}"
     36336,         0,         0,    2.11,standalone_exact_mw,ba5ada56442ed2ba457be44e3218b165c8a19e21146c9941e841199e65961aae,"{""distance"":7,""physical_error_rate"":0.0005}","{""detection_events"":56089,""detectors_checked"":29432160}"
     56320,         0,         0,    6.31,standalone_exact_mw,ba5ada56442ed2ba457be44e3218b165c8a19e21146c9941e841199e65961aae,"{""distance"":7,""physical_error_rate"":0.0005}","{""detection_events"":87811,""detectors_checked"":45619200}"
     32768,         0,         0,    1.92,standalone_exact_mw,ba5ada56442ed2ba457be44e3218b165c8a19e21146c9941e841199e65961aae,"{""distance"":7,""physical_error_rate"":0.0005}","{""detection_events"":51132,""detectors_checked"":26542080}"
     31538,         0,         0,    1.28,standalone_exact_mw,ba5ada56442ed2ba457be44e3218b165c8a19e21146c9941e841199e65961aae,"{""distance"":7,""physical_error_rate"":0.0005}","{""detection_events"":49553,""detectors_checked"":25545780}"
     30720,         0,         0,    1.59,standalone_exact_mw,ba5ada56442ed2ba457be44e3218b165c8a19e21146c9941e841199e65961aae,"{""distance"":7,""physical_error_rate"":0.0005}","{""detection_events"":48292,""detectors_checked"":24883200}"
     28733,         0,         0,    1.13,standalone_exact_mw,ba5ada56442ed2ba457be44e3218b165c8a19e21146c9941e841199e65961aae,"{""distance"":7,""physical_error_rate"":0.0005}","{""detection_events"":44548,""detectors_checked"":23273730}"
     28672,         0,         0,    1.78,standalone_exact_mw,ba5ada56442ed2ba457be44e3218b165c8a19e21146c9941e841199e65961aae,"{""distance"":7,""physical_error_rate"":0.0005}","{""detection_events"":45682,""detectors_checked"":23224320}"
     27350,         0,         0,    1.71,standalone_exact_mw,ba5ada56442ed2ba457be44e3218b165c8a19e21146c9941e841199e65961aae,"{""distance"":7,""physical_error_rate"":0.0005}","{""detection_events"":42689,""detectors_checked"":22153500}"
     27350,         0,         0,    1.76,standalone_exact_mw,ba5ada56442ed2ba457be44e3218b165c8a19e21146c9941e841199e65961aae,"{""distance"":7,""physical_error_rate"":0.0005}","{""detection_events"":42787,""detectors_checked"":22153500}"
     26047,         0,         0,    1.28,standalone_exact_mw,ba5ada56442ed2ba457be44e3218b165c8a19e21146c9941e841199e65961aae,"{""distance"":7,""physical_error_rate"":0.0005}","{""detection_events"":40650,""detectors_checked"":21098070}"
     26047,         0,         0,    1.79,standalone_exact_mw,ba5ada56442ed2ba457be44e3218b165c8a19e21146c9941e841199e65961aae,"{""distance"":7,""physical_error_rate"":0.0005}","{""detection_events"":41128,""detectors_checked"":21098070}"
     24576,         0,         0,    1.30,standalone_exact_mw,ba5ada56442ed2ba457be44e3218b165c8a19e21146c9941e841199e65961aae,"{""distance"":7,""physical_error_rate"":0.0005}","{""detection_events"":38492,""detectors_checked"":19906560}"
     24806,         0,         0,    1.32,standalone_exact_mw,ba5ada56442ed2ba457be44e3218b165c8a19e21146c9941e841199e65961aae,"{""distance"":7,""physical_error_rate"":0.0005}","{""detection_events"":38982,""detectors_checked"":20092860}"
     24576,         0,         0,    1.27,standalone_exact_mw,ba5ada56442ed2ba457be44e3218b165c8a19e21146c9941e841199e65961aae,"{""distance"":7,""physical_error_rate"":0.0005}","{""detection_events"":38410,""detectors_checked"":19906560}"
     23051,         0,         0,    1.38,standalone_exact_mw,ba5ada56442ed2ba457be44e3218b165c8a19e21146c9941e841199e65961aae,"{""distance"":7,""physical_error_rate"":0.0005}","{""detection_events"":36452,""detectors_checked"":18671310}"
     23552,         0,         0,    1.33,standalone_exact_mw,ba5ada56442ed2ba457be44e3218b165c8a19e21146c9941e841199e65961aae,"{""distance"":7,""physical_error_rate"":0.0005}","{""detection_events"":36584,""detectors_checked"":19077120}"
     22528,         0,         0,    1.16,standalone_exact_mw,ba5ada56442ed2ba457be44e3218b165c8a19e21146c9941e841199e65961aae,"{""distance"":7,""physical_error_rate"":0.0005}","{""detection_events"":35158,""detectors_checked"":18247680}"
     23051,         0,         0,    1.33,standalone_exact_mw,ba5ada56442ed2ba457be44e3218b165c8a19e21146c9941e841199e65961aae,"{""distance"":7,""physical_error_rate"":0.0005}","{""detection_events"":36173,""detectors_checked"":18671310}"
     21944,         0,         0,    1.23,standalone_exact_mw,ba5ada56442ed2ba457be44e3218b165c8a19e21146c9941e841199e65961aae,"{""distance"":7,""physical_error_rate"":0.0005}","{""detection_events"":34656,""detectors_checked"":17774640}"
     21944,         0,         0,    1.45,standalone_exact_mw,ba5ada56442ed2ba457be44e3218b165c8a19e21146c9941e841199e65961aae,"{""distance"":7,""physical_error_rate"":0.0005}","{""detection_events"":34453,""detectors_checked"":17774640}"
     23051,         0,         0,    1.04,standalone_exact_mw,ba5ada56442ed2ba457be44e3218b165c8a19e21146c9941e841199e65961aae,"{""distance"":7,""physical_error_rate"":0.0005}","{""detection_events"":36145,""detectors_checked"":18671310}"
     21944,         0,         0,    1.23,standalone_exact_mw,ba5ada56442ed2ba457be44e3218b165c8a19e21146c9941e841199e65961aae,"{""distance"":7,""physical_error_rate"":0.0005}","{""detection_events"":34361,""detectors_checked"":17774640}"
     21504,         0,         0,    1.25,standalone_exact_mw,ba5ada56442ed2ba457be44e3218b165c8a19e21146c9941e841199e65961aae,"{""distance"":7,""physical_error_rate"":0.0005}","{""detection_events"":33727,""detectors_checked"":17418240}"
     19456,         0,         0,    1.28,standalone_exact_mw,ba5ada56442ed2ba457be44e3218b165c8a19e21146c9941e841199e65961aae,"{""distance"":7,""physical_error_rate"":0.0005}","{""detection_events"":30001,""detectors_checked"":15759360}"
     19456,         0,         0,    1.13,standalone_exact_mw,ba5ada56442ed2ba457be44e3218b165c8a19e21146c9941e841199e65961aae,"{""distance"":7,""physical_error_rate"":0.0005}","{""detection_events"":30264,""detectors_checked"":15759360}"
     20336,         0,         0,   0.678,standalone_exact_mw,ba5ada56442ed2ba457be44e3218b165c8a19e21146c9941e841199e65961aae,"{""distance"":7,""physical_error_rate"":0.0005}","{""detection_events"":31568,""detectors_checked"":16472160}"
     21504,         0,         0,   0.856,standalone_exact_mw,ba5ada56442ed2ba457be44e3218b165c8a19e21146c9941e841199e65961aae,"{""distance"":7,""physical_error_rate"":0.0005}","{""detection_events"":33613,""detectors_checked"":17418240}"
     19826,         0,         0,    1.29,standalone_exact_mw,ba5ada56442ed2ba457be44e3218b165c8a19e21146c9941e841199e65961aae,"{""distance"":7,""physical_error_rate"":0.0005}","{""detection_events"":30990,""detectors_checked"":16059060}"
     20336,         0,         0,    1.46,standalone_exact_mw,ba5ada56442ed2ba457be44e3218b165c8a19e21146c9941e841199e65961aae,"{""distance"":7,""physical_error_rate"":0.0005}","{""detection_events"":32065,""detectors_checked"":16472160}"
     19826,         0,         0,    1.17,standalone_exact_mw,ba5ada56442ed2ba457be44e3218b165c8a19e21146c9941e841199e65961aae,"{""distance"":7,""physical_error_rate"":0.0005}","{""detection_events"":31386,""detectors_checked"":16059060}"
     21504,         0,         0,    1.47,standalone_exact_mw,ba5ada56442ed2ba457be44e3218b165c8a19e21146c9941e841199e65961aae,"{""distance"":7,""physical_error_rate"":0.0005}","{""detection_events"":33336,""detectors_checked"":17418240}"
     18432,         0,         0,    1.30,standalone_exact_mw,ba5ada56442ed2ba457be44e3218b165c8a19e21146c9941e841199e65961aae,"{""distance"":7,""physical_error_rate"":0.0005}","{""detection_events"":29412,""detectors_checked"":14929920}"
     21504,         0,         0,    1.33,standalone_exact_mw,ba5ada56442ed2ba457be44e3218b165c8a19e21146c9941e841199e65961aae,"{""distance"":7,""physical_error_rate"":0.0005}","{""detection_events"":34151,""detectors_checked"":17418240}"
     19315,         0,         0,    1.33,standalone_exact_mw,ba5ada56442ed2ba457be44e3218b165c8a19e21146c9941e841199e65961aae,"{""distance"":7,""physical_error_rate"":0.0005}","{""detection_events"":30162,""detectors_checked"":15645150}"
     20336,         0,         0,    1.42,standalone_exact_mw,ba5ada56442ed2ba457be44e3218b165c8a19e21146c9941e841199e65961aae,"{""distance"":7,""physical_error_rate"":0.0005}","{""detection_events"":31892,""detectors_checked"":16472160}"
     21944,         0,         0,    1.57,standalone_exact_mw,ba5ada56442ed2ba457be44e3218b165c8a19e21146c9941e841199e65961aae,"{""distance"":7,""physical_error_rate"":0.0005}","{""detection_events"":34586,""detectors_checked"":17774640}"
     19315,         0,         0,    1.35,standalone_exact_mw,ba5ada56442ed2ba457be44e3218b165c8a19e21146c9941e841199e65961aae,"{""distance"":7,""physical_error_rate"":0.0005}","{""detection_events"":30253,""detectors_checked"":15645150}"
     20480,         0,         0,    1.53,standalone_exact_mw,ba5ada56442ed2ba457be44e3218b165c8a19e21146c9941e841199e65961aae,"{""distance"":7,""physical_error_rate"":0.0005}","{""detection_events"":31995,""detectors_checked"":16588800}"
       440,         0,         0,   0.009,standalone_exact_mw,ba5ada56442ed2ba457be44e3218b165c8a19e21146c9941e841199e65961aae,"{""distance"":7,""physical_error_rate"":0.0005}","{""detection_events"":756,""detectors_checked"":356400}"
     15360,         0,         0,   0.405,standalone_exact_mw,ba5ada56442ed2ba457be44e3218b165c8a19e21146c9941e841199e65961aae,"{""distance"":7,""physical_error_rate"":0.0005}","{""detection_events"":23543,""detectors_checked"":12441600}"
       191,         0,         0,   0.009,standalone_exact_mw,ba5ada56442ed2ba457be44e3218b165c8a19e21146c9941e841199e65961aae,"{""distance"":7,""physical_error_rate"":0.0005}","{""detection_events"":334,""detectors_checked"":154710}"
       440,         0,         0,   0.009,standalone_exact_mw,ba5ada56442ed2ba457be44e3218b165c8a19e21146c9941e841199e65961aae,"{""distance"":7,""physical_error_rate"":0.0005}","{""detection_events"":739,""detectors_checked"":356400}"
       869,         0,         0,   0.023,standalone_exact_mw,ba5ada56442ed2ba457be44e3218b165c8a19e21146c9941e841199e65961aae,"{""distance"":7,""physical_error_rate"":0.0005}","{""detection_events"":1370,""detectors_checked"":703890}"
       290,         0,         0,   0.006,standalone_exact_mw,ba5ada56442ed2ba457be44e3218b165c8a19e21146c9941e841199e65961aae,"{""distance"":7,""physical_error_rate"":0.0005}","{""detection_events"":446,""detectors_checked"":234900}"
       440,         0,         0,   0.024,standalone_exact_mw,ba5ada56442ed2ba457be44e3218b165c8a19e21146c9941e841199e65961aae,"{""distance"":7,""physical_error_rate"":0.0005}","{""detection_events"":773,""detectors_checked"":356400}"
     15430,         0,         0,    1.41,standalone_exact_mw,ba5ada56442ed2ba457be44e3218b165c8a19e21146c9941e841199e65961aae,"{""distance"":7,""physical_error_rate"":0.0005}","{""detection_events"":23932,""detectors_checked"":12498300}"
       358,         0,         0,   0.007,standalone_exact_mw,ba5ada56442ed2ba457be44e3218b165c8a19e21146c9941e841199e65961aae,"{""distance"":7,""physical_error_rate"":0.0005}","{""detection_events"":556,""detectors_checked"":289980}"
       495,         0,         0,   0.009,standalone_exact_mw,ba5ada56442ed2ba457be44e3218b165c8a19e21146c9941e841199e65961aae,"{""distance"":7,""physical_error_rate"":0.0005}","{""detection_events"":770,""detectors_checked"":400950}"
     18432,         0,         0,    1.59,standalone_exact_mw,ba5ada56442ed2ba457be44e3218b165c8a19e21146c9941e841199e65961aae,"{""distance"":7,""physical_error_rate"":0.0005}","{""detection_events"":28560,""detectors_checked"":14929920}"
     12288,         0,         0,    1.41,standalone_exact_mw,ba5ada56442ed2ba457be44e3218b165c8a19e21146c9941e841199e65961aae,"{""distance"":7,""physical_error_rate"":0.0005}","{""detection_events"":18598,""detectors_checked"":9953280}"
       382,         0,         0,   0.007,standalone_exact_mw,ba5ada56442ed2ba457be44e3218b165c8a19e21146c9941e841199e65961aae,"{""distance"":7,""physical_error_rate"":0.0005}","{""detection_events"":642,""detectors_checked"":309420}"
       165,         0,         0,   0.004,standalone_exact_mw,ba5ada56442ed2ba457be44e3218b165c8a19e21146c9941e841199e65961aae,"{""distance"":7,""physical_error_rate"":0.0005}","{""detection_events"":261,""detectors_checked"":133650}"
     19315,         0,         0,    1.41,standalone_exact_mw,ba5ada56442ed2ba457be44e3218b165c8a19e21146c9941e841199e65961aae,"{""distance"":7,""physical_error_rate"":0.0005}","{""detection_events"":30256,""detectors_checked"":15645150}"
     17408,         0,         0,   0.922,standalone_exact_mw,ba5ada56442ed2ba457be44e3218b165c8a19e21146c9941e841199e65961aae,"{""distance"":7,""physical_error_rate"":0.0005}","{""detection_events"":27610,""detectors_checked"":14100480}"
     16391,         0,         0,    1.04,standalone_exact_mw,ba5ada56442ed2ba457be44e3218b165c8a19e21146c9941e841199e65961aae,"{""distance"":7,""physical_error_rate"":0.0005}","{""detection_events"":26018,""detectors_checked"":13276710}"
     13312,         0,         0,   0.764,standalone_exact_mw,ba5ada56442ed2ba457be44e3218b165c8a19e21146c9941e841199e65961aae,"{""distance"":7,""physical_error_rate"":0.0005}","{""detection_events"":21032,""detectors_checked"":10782720}"
     16384,         0,         0,    1.27,standalone_exact_mw,ba5ada56442ed2ba457be44e3218b165c8a19e21146c9941e841199e65961aae,"{""distance"":7,""physical_error_rate"":0.0005}","{""detection_events"":25958,""detectors_checked"":13271040}"
      1464,         0,         0,   0.081,standalone_exact_mw,ba5ada56442ed2ba457be44e3218b165c8a19e21146c9941e841199e65961aae,"{""distance"":7,""physical_error_rate"":0.0005}","{""detection_events"":2268,""detectors_checked"":1185840}"
       354,         0,         0,   0.014,standalone_exact_mw,ba5ada56442ed2ba457be44e3218b165c8a19e21146c9941e841199e65961aae,"{""distance"":7,""physical_error_rate"":0.0005}","{""detection_events"":518,""detectors_checked"":286740}"
      2715,         0,         0,   0.087,standalone_exact_mw,ba5ada56442ed2ba457be44e3218b165c8a19e21146c9941e841199e65961aae,"{""distance"":7,""physical_error_rate"":0.0005}","{""detection_events"":4182,""detectors_checked"":2199150}"
         7,         0,         0,   0.001,standalone_exact_mw,ba5ada56442ed2ba457be44e3218b165c8a19e21146c9941e841199e65961aae,"{""distance"":7,""physical_error_rate"":0.0005}","{""detection_events"":13,""detectors_checked"":5670}"
      7224,         0,         0,   0.372,standalone_exact_mw,ba5ada56442ed2ba457be44e3218b165c8a19e21146c9941e841199e65961aae,"{""distance"":7,""physical_error_rate"":0.0005}","{""detection_events"":11347,""detectors_checked"":5851440}"
      2629,         0,         0,   0.140,standalone_exact_mw,ba5ada56442ed2ba457be44e3218b165c8a19e21146c9941e841199e65961aae,"{""distance"":7,""physical_error_rate"":0.0005}","{""detection_events"":4333,""detectors_checked"":2129490}"
       861,         0,         0,   0.091,standalone_exact_mw,ba5ada56442ed2ba457be44e3218b165c8a19e21146c9941e841199e65961aae,"{""distance"":7,""physical_error_rate"":0.0005}","{""detection_events"":1375,""detectors_checked"":697410}"
      2939,         0,         0,   0.097,standalone_exact_mw,ba5ada56442ed2ba457be44e3218b165c8a19e21146c9941e841199e65961aae,"{""distance"":7,""physical_error_rate"":0.0005}","{""detection_events"":4997,""detectors_checked"":2380590}"
      8192,         0,         0,   0.408,standalone_exact_mw,ba5ada56442ed2ba457be44e3218b165c8a19e21146c9941e841199e65961aae,"{""distance"":7,""physical_error_rate"":0.0005}","{""detection_events"":13116,""detectors_checked"":6635520}"
     19456,         0,         0,    1.60,standalone_exact_mw,ba5ada56442ed2ba457be44e3218b165c8a19e21146c9941e841199e65961aae,"{""distance"":7,""physical_error_rate"":0.0005}","{""detection_events"":30325,""detectors_checked"":15759360}"
      7168,         0,         0,   0.300,standalone_exact_mw,ba5ada56442ed2ba457be44e3218b165c8a19e21146c9941e841199e65961aae,"{""distance"":7,""physical_error_rate"":0.0005}","{""detection_events"":11163,""detectors_checked"":5806080}"
      9216,         0,         0,   0.546,standalone_exact_mw,ba5ada56442ed2ba457be44e3218b165c8a19e21146c9941e841199e65961aae,"{""distance"":7,""physical_error_rate"":0.0005}","{""detection_events"":14354,""detectors_checked"":7464960}"
        56,         0,         0,   0.002,standalone_exact_mw,ba5ada56442ed2ba457be44e3218b165c8a19e21146c9941e841199e65961aae,"{""distance"":7,""physical_error_rate"":0.0005}","{""detection_events"":68,""detectors_checked"":45360}"
      8192,         0,         0,   0.572,standalone_exact_mw,ba5ada56442ed2ba457be44e3218b165c8a19e21146c9941e841199e65961aae,"{""distance"":7,""physical_error_rate"":0.0005}","{""detection_events"":12700,""detectors_checked"":6635520}"
       614,         0,         0,   0.017,standalone_exact_mw,ba5ada56442ed2ba457be44e3218b165c8a19e21146c9941e841199e65961aae,"{""distance"":7,""physical_error_rate"":0.0005}","{""detection_events"":935,""detectors_checked"":497340}"
      6985,         0,         0,   0.569,standalone_exact_mw,ba5ada56442ed2ba457be44e3218b165c8a19e21146c9941e841199e65961aae,"{""distance"":7,""physical_error_rate"":0.0005}","{""detection_events"":10693,""detectors_checked"":5657850}"
      7168,         0,         0,   0.408,standalone_exact_mw,ba5ada56442ed2ba457be44e3218b165c8a19e21146c9941e841199e65961aae,"{""distance"":7,""physical_error_rate"":0.0005}","{""detection_events"":11200,""detectors_checked"":5806080}"
      3419,         0,         0,   0.214,standalone_exact_mw,ba5ada56442ed2ba457be44e3218b165c8a19e21146c9941e841199e65961aae,"{""distance"":7,""physical_error_rate"":0.0005}","{""detection_events"":5266,""detectors_checked"":2769390}"
      3512,         0,         0,   0.223,standalone_exact_mw,ba5ada56442ed2ba457be44e3218b165c8a19e21146c9941e841199e65961aae,"{""distance"":7,""physical_error_rate"":0.0005}","{""detection_events"":5379,""detectors_checked"":2844720}"
      7168,         0,         0,   0.527,standalone_exact_mw,ba5ada56442ed2ba457be44e3218b165c8a19e21146c9941e841199e65961aae,"{""distance"":7,""physical_error_rate"":0.0005}","{""detection_events"":11474,""detectors_checked"":5806080}"
      5651,         0,         0,   0.190,standalone_exact_mw,ba5ada56442ed2ba457be44e3218b165c8a19e21146c9941e841199e65961aae,"{""distance"":7,""physical_error_rate"":0.0005}","{""detection_events"":8783,""detectors_checked"":4577310}"
      5810,         0,         0,   0.277,standalone_exact_mw,ba5ada56442ed2ba457be44e3218b165c8a19e21146c9941e841199e65961aae,"{""distance"":7,""physical_error_rate"":0.0005}","{""detection_events"":9139,""detectors_checked"":4706100}"
      6985,         0,         0,   0.358,standalone_exact_mw,ba5ada56442ed2ba457be44e3218b165c8a19e21146c9941e841199e65961aae,"{""distance"":7,""physical_error_rate"":0.0005}","{""detection_events"":10865,""detectors_checked"":5657850}"
      5810,         0,         0,   0.291,standalone_exact_mw,ba5ada56442ed2ba457be44e3218b165c8a19e21146c9941e841199e65961aae,"{""distance"":7,""physical_error_rate"":0.0005}","{""detection_events"":9279,""detectors_checked"":4706100}"
       256,         0,         0,   0.005,standalone_exact_mw,ba5ada56442ed2ba457be44e3218b165c8a19e21146c9941e841199e65961aae,"{""distance"":7,""physical_error_rate"":0.0005}","{""detection_events"":359,""detectors_checked"":207360}"
     14957,         0,         0,    1.63,standalone_exact_mw,ba5ada56442ed2ba457be44e3218b165c8a19e21146c9941e841199e65961aae,"{""distance"":7,""physical_error_rate"":0.0005}","{""detection_events"":23454,""detectors_checked"":12115170}"
       130,         0,         0,   0.003,standalone_exact_mw,ba5ada56442ed2ba457be44e3218b165c8a19e21146c9941e841199e65961aae,"{""distance"":7,""physical_error_rate"":0.0005}","{""detection_events"":190,""detectors_checked"":105300}"
      5443,         0,         0,   0.267,standalone_exact_mw,ba5ada56442ed2ba457be44e3218b165c8a19e21146c9941e841199e65961aae,"{""distance"":7,""physical_error_rate"":0.0005}","{""detection_events"":8502,""detectors_checked"":4408830}"
      6144,         0,         0,   0.401,standalone_exact_mw,ba5ada56442ed2ba457be44e3218b165c8a19e21146c9941e841199e65961aae,"{""distance"":7,""physical_error_rate"":0.0005}","{""detection_events"":9822,""detectors_checked"":4976640}"
      1633,         0,         0,   0.070,standalone_exact_mw,ba5ada56442ed2ba457be44e3218b165c8a19e21146c9941e841199e65961aae,"{""distance"":7,""physical_error_rate"":0.0005}","{""detection_events"":2525,""detectors_checked"":1322730}"
      3513,         0,         0,   0.156,standalone_exact_mw,ba5ada56442ed2ba457be44e3218b165c8a19e21146c9941e841199e65961aae,"{""distance"":7,""physical_error_rate"":0.0005}","{""detection_events"":5321,""detectors_checked"":2845530}"
      5120,         0,         0,   0.428,standalone_exact_mw,ba5ada56442ed2ba457be44e3218b165c8a19e21146c9941e841199e65961aae,"{""distance"":7,""physical_error_rate"":0.0005}","{""detection_events"":8190,""detectors_checked"":4147200}"
       367,         0,         0,   0.012,standalone_exact_mw,ba5ada56442ed2ba457be44e3218b165c8a19e21146c9941e841199e65961aae,"{""distance"":7,""physical_error_rate"":0.0005}","{""detection_events"":574,""detectors_checked"":297270}"
      4096,         0,         0,   0.198,standalone_exact_mw,ba5ada56442ed2ba457be44e3218b165c8a19e21146c9941e841199e65961aae,"{""distance"":7,""physical_error_rate"":0.0005}","{""detection_events"":6528,""detectors_checked"":3317760}"
      3939,         0,         0,   0.239,standalone_exact_mw,ba5ada56442ed2ba457be44e3218b165c8a19e21146c9941e841199e65961aae,"{""distance"":7,""physical_error_rate"":0.0005}","{""detection_events"":6094,""detectors_checked"":3190590}"
      5120,         0,         0,   0.331,standalone_exact_mw,ba5ada56442ed2ba457be44e3218b165c8a19e21146c9941e841199e65961aae,"{""distance"":7,""physical_error_rate"":0.0005}","{""detection_events"":8088,""detectors_checked"":4147200}"
      3945,         0,         0,   0.277,standalone_exact_mw,ba5ada56442ed2ba457be44e3218b165c8a19e21146c9941e841199e65961aae,"{""distance"":7,""physical_error_rate"":0.0005}","{""detection_events"":6116,""detectors_checked"":3195450}"
      5120,         0,         0,   0.474,standalone_exact_mw,ba5ada56442ed2ba457be44e3218b165c8a19e21146c9941e841199e65961aae,"{""distance"":7,""physical_error_rate"":0.0005}","{""detection_events"":8251,""detectors_checked"":4147200}"
       781,         0,         0,   0.034,standalone_exact_mw,ba5ada56442ed2ba457be44e3218b165c8a19e21146c9941e841199e65961aae,"{""distance"":7,""physical_error_rate"":0.0005}","{""detection_events"":1316,""detectors_checked"":632610}"
       176,         0,         0,   0.004,standalone_exact_mw,ba5ada56442ed2ba457be44e3218b165c8a19e21146c9941e841199e65961aae,"{""distance"":7,""physical_error_rate"":0.0005}","{""detection_events"":271,""detectors_checked"":142560}"
       150,         0,         0,   0.004,standalone_exact_mw,ba5ada56442ed2ba457be44e3218b165c8a19e21146c9941e841199e65961aae,"{""distance"":7,""physical_error_rate"":0.0005}","{""detection_events"":195,""detectors_checked"":121500}"
        30,         0,         0,   0.002,standalone_exact_mw,ba5ada56442ed2ba457be44e3218b165c8a19e21146c9941e841199e65961aae,"{""distance"":7,""physical_error_rate"":0.0005}","{""detection_events"":38,""detectors_checked"":24300}"
      1175,         0,         0,   0.035,standalone_exact_mw,ba5ada56442ed2ba457be44e3218b165c8a19e21146c9941e841199e65961aae,"{""distance"":7,""physical_error_rate"":0.0005}","{""detection_events"":1833,""detectors_checked"":951750}"
       367,         0,         0,   0.020,standalone_exact_mw,ba5ada56442ed2ba457be44e3218b165c8a19e21146c9941e841199e65961aae,"{""distance"":7,""physical_error_rate"":0.0005}","{""detection_events"":637,""detectors_checked"":297270}"
       367,         0,         0,   0.007,standalone_exact_mw,ba5ada56442ed2ba457be44e3218b165c8a19e21146c9941e841199e65961aae,"{""distance"":7,""physical_error_rate"":0.0005}","{""detection_events"":546,""detectors_checked"":297270}"
        24,         0,         0,   0.002,standalone_exact_mw,ba5ada56442ed2ba457be44e3218b165c8a19e21146c9941e841199e65961aae,"{""distance"":7,""physical_error_rate"":0.0005}","{""detection_events"":24,""detectors_checked"":19440}"
      4096,         0,         0,   0.228,standalone_exact_mw,ba5ada56442ed2ba457be44e3218b165c8a19e21146c9941e841199e65961aae,"{""distance"":7,""physical_error_rate"":0.0005}","{""detection_events"":6477,""detectors_checked"":3317760}"
       125,         0,         0,   0.003,standalone_exact_mw,ba5ada56442ed2ba457be44e3218b165c8a19e21146c9941e841199e65961aae,"{""distance"":7,""physical_error_rate"":0.0005}","{""detection_events"":196,""detectors_checked"":101250}"
       202,         0,         0,   0.004,standalone_exact_mw,ba5ada56442ed2ba457be44e3218b165c8a19e21146c9941e841199e65961aae,"{""distance"":7,""physical_error_rate"":0.0005}","{""detection_events"":317,""detectors_checked"":163620}"
       298,         0,         0,   0.006,standalone_exact_mw,ba5ada56442ed2ba457be44e3218b165c8a19e21146c9941e841199e65961aae,"{""distance"":7,""physical_error_rate"":0.0005}","{""detection_events"":414,""detectors_checked"":241380}"
         7,         0,         0,   0.001,standalone_exact_mw,ba5ada56442ed2ba457be44e3218b165c8a19e21146c9941e841199e65961aae,"{""distance"":7,""physical_error_rate"":0.0005}","{""detection_events"":18,""detectors_checked"":5670}"
      2571,         0,         0,   0.127,standalone_exact_mw,ba5ada56442ed2ba457be44e3218b165c8a19e21146c9941e841199e65961aae,"{""distance"":7,""physical_error_rate"":0.0005}","{""detection_events"":4073,""detectors_checked"":2082510}"
        99,         0,         0,   0.003,standalone_exact_mw,ba5ada56442ed2ba457be44e3218b165c8a19e21146c9941e841199e65961aae,"{""distance"":7,""physical_error_rate"":0.0005}","{""detection_events"":173,""detectors_checked"":80190}"
      4817,         0,         0,   0.169,standalone_exact_mw,ba5ada56442ed2ba457be44e3218b165c8a19e21146c9941e841199e65961aae,"{""distance"":7,""physical_error_rate"":0.0005}","{""detection_events"":7830,""detectors_checked"":3901770}"
      1175,         0,         0,   0.078,standalone_exact_mw,ba5ada56442ed2ba457be44e3218b165c8a19e21146c9941e841199e65961aae,"{""distance"":7,""physical_error_rate"":0.0005}","{""detection_events"":1812,""detectors_checked"":951750}"
       323,         0,         0,   0.021,standalone_exact_mw,ba5ada56442ed2ba457be44e3218b165c8a19e21146c9941e841199e65961aae,"{""distance"":7,""physical_error_rate"":0.0005}","{""detection_events"":546,""detectors_checked"":261630}"
      2946,         0,         0,   0.123,standalone_exact_mw,ba5ada56442ed2ba457be44e3218b165c8a19e21146c9941e841199e65961aae,"{""distance"":7,""physical_error_rate"":0.0005}","{""detection_events"":4778,""detectors_checked"":2386260}"
        95,         0,         0,   0.003,standalone_exact_mw,ba5ada56442ed2ba457be44e3218b165c8a19e21146c9941e841199e65961aae,"{""distance"":7,""physical_error_rate"":0.0005}","{""detection_events"":126,""detectors_checked"":76950}"
      1567,         0,         0,   0.092,standalone_exact_mw,ba5ada56442ed2ba457be44e3218b165c8a19e21146c9941e841199e65961aae,"{""distance"":7,""physical_error_rate"":0.0005}","{""detection_events"":2435,""detectors_checked"":1269270}"
      1865,         0,         0,   0.046,standalone_exact_mw,ba5ada56442ed2ba457be44e3218b165c8a19e21146c9941e841199e65961aae,"{""distance"":7,""physical_error_rate"":0.0005}","{""detection_events"":3037,""detectors_checked"":1510650}"
      5120,         0,         0,   0.344,standalone_exact_mw,ba5ada56442ed2ba457be44e3218b165c8a19e21146c9941e841199e65961aae,"{""distance"":7,""physical_error_rate"":0.0005}","{""detection_events"":7961,""detectors_checked"":4147200}"
       614,         0,         0,   0.018,standalone_exact_mw,ba5ada56442ed2ba457be44e3218b165c8a19e21146c9941e841199e65961aae,"{""distance"":7,""physical_error_rate"":0.0005}","{""detection_events"":927,""detectors_checked"":497340}"
      3519,         0,         0,   0.143,standalone_exact_mw,ba5ada56442ed2ba457be44e3218b165c8a19e21146c9941e841199e65961aae,"{""distance"":7,""physical_error_rate"":0.0005}","{""detection_events"":5736,""detectors_checked"":2850390}"
      3758,         0,         0,   0.268,standalone_exact_mw,ba5ada56442ed2ba457be44e3218b165c8a19e21146c9941e841199e65961aae,"{""distance"":7,""physical_error_rate"":0.0005}","{""detection_events"":5729,""detectors_checked"":3043980}"
       511,         0,         0,   0.011,standalone_exact_mw,ba5ada56442ed2ba457be44e3218b165c8a19e21146c9941e841199e65961aae,"{""distance"":7,""physical_error_rate"":0.0005}","{""detection_events"":791,""detectors_checked"":413910}"
      4096,         0,         0,   0.275,standalone_exact_mw,ba5ada56442ed2ba457be44e3218b165c8a19e21146c9941e841199e65961aae,"{""distance"":7,""physical_error_rate"":0.0005}","{""detection_events"":6290,""detectors_checked"":3317760}"
       841,         0,         0,   0.059,standalone_exact_mw,ba5ada56442ed2ba457be44e3218b165c8a19e21146c9941e841199e65961aae,"{""distance"":7,""physical_error_rate"":0.0005}","{""detection_events"":1262,""detectors_checked"":681210}"
      3324,         0,         0,   0.167,standalone_exact_mw,ba5ada56442ed2ba457be44e3218b165c8a19e21146c9941e841199e65961aae,"{""distance"":7,""physical_error_rate"":0.0005}","{""detection_events"":5139,""detectors_checked"":2692440}"
      5120,         0,         0,   0.342,standalone_exact_mw,ba5ada56442ed2ba457be44e3218b165c8a19e21146c9941e841199e65961aae,"{""distance"":7,""physical_error_rate"":0.0005}","{""detection_events"":8109,""detectors_checked"":4147200}"
      5120,         0,         0,   0.330,standalone_exact_mw,ba5ada56442ed2ba457be44e3218b165c8a19e21146c9941e841199e65961aae,"{""distance"":7,""physical_error_rate"":0.0005}","{""detection_events"":8007,""detectors_checked"":4147200}"
      1750,         0,         0,   0.097,standalone_exact_mw,ba5ada56442ed2ba457be44e3218b165c8a19e21146c9941e841199e65961aae,"{""distance"":7,""physical_error_rate"":0.0005}","{""detection_events"":2797,""detectors_checked"":1417500}"
      1000,         0,         0,   0.025,standalone_exact_mw,ba5ada56442ed2ba457be44e3218b165c8a19e21146c9941e841199e65961aae,"{""distance"":7,""physical_error_rate"":0.0005}","{""detection_events"":1603,""detectors_checked"":810000}"
       156,         0,         0,   0.004,standalone_exact_mw,ba5ada56442ed2ba457be44e3218b165c8a19e21146c9941e841199e65961aae,"{""distance"":7,""physical_error_rate"":0.0005}","{""detection_events"":238,""detectors_checked"":126360}"
      5120,         0,         0,   0.359,standalone_exact_mw,ba5ada56442ed2ba457be44e3218b165c8a19e21146c9941e841199e65961aae,"{""distance"":7,""physical_error_rate"":0.0005}","{""detection_events"":8239,""detectors_checked"":4147200}"
        15,         0,         0,   0.001,standalone_exact_mw,ba5ada56442ed2ba457be44e3218b165c8a19e21146c9941e841199e65961aae,"{""distance"":7,""physical_error_rate"":0.0005}","{""detection_events"":15,""detectors_checked"":12150}"
       706,         0,         0,   0.014,standalone_exact_mw,ba5ada56442ed2ba457be44e3218b165c8a19e21146c9941e841199e65961aae,"{""distance"":7,""physical_error_rate"":0.0005}","{""detection_events"":1114,""detectors_checked"":571860}"
      5120,         0,         0,   0.615,standalone_exact_mw,ba5ada56442ed2ba457be44e3218b165c8a19e21146c9941e841199e65961aae,"{""distance"":7,""physical_error_rate"":0.0005}","{""detection_events"":8021,""detectors_checked"":4147200}"
       323,         0,         0,   0.007,standalone_exact_mw,ba5ada56442ed2ba457be44e3218b165c8a19e21146c9941e841199e65961aae,"{""distance"":7,""physical_error_rate"":0.0005}","{""detection_events"":492,""detectors_checked"":261630}"
      1925,         0,         0,   0.080,standalone_exact_mw,ba5ada56442ed2ba457be44e3218b165c8a19e21146c9941e841199e65961aae,"{""distance"":7,""physical_error_rate"":0.0005}","{""detection_events"":3078,""detectors_checked"":1559250}"
      1148,         0,         0,   0.070,standalone_exact_mw,ba5ada56442ed2ba457be44e3218b165c8a19e21146c9941e841199e65961aae,"{""distance"":7,""physical_error_rate"":0.0005}","{""detection_events"":1833,""detectors_checked"":929880}"
       208,         0,         0,   0.004,standalone_exact_mw,ba5ada56442ed2ba457be44e3218b165c8a19e21146c9941e841199e65961aae,"{""distance"":7,""physical_error_rate"":0.0005}","{""detection_events"":314,""detectors_checked"":168480}"
        25,         0,         0,   0.002,standalone_exact_mw,ba5ada56442ed2ba457be44e3218b165c8a19e21146c9941e841199e65961aae,"{""distance"":7,""physical_error_rate"":0.0005}","{""detection_events"":45,""detectors_checked"":20250}"
      3072,         0,         0,   0.163,standalone_exact_mw,ba5ada56442ed2ba457be44e3218b165c8a19e21146c9941e841199e65961aae,"{""distance"":7,""physical_error_rate"":0.0005}","{""detection_events"":4888,""detectors_checked"":2488320}"
        44,         0,         0,   0.002,standalone_exact_mw,ba5ada56442ed2ba457be44e3218b165c8a19e21146c9941e841199e65961aae,"{""distance"":7,""physical_error_rate"":0.0005}","{""detection_events"":80,""detectors_checked"":35640}"
       325,         0,         0,   0.012,standalone_exact_mw,ba5ada56442ed2ba457be44e3218b165c8a19e21146c9941e841199e65961aae,"{""distance"":7,""physical_error_rate"":0.0005}","{""detection_events"":548,""detectors_checked"":263250}"
       367,         0,         0,   0.007,standalone_exact_mw,ba5ada56442ed2ba457be44e3218b165c8a19e21146c9941e841199e65961aae,"{""distance"":7,""physical_error_rate"":0.0005}","{""detection_events"":530,""detectors_checked"":297270}"
      4096,         0,         0,   0.299,standalone_exact_mw,ba5ada56442ed2ba457be44e3218b165c8a19e21146c9941e841199e65961aae,"{""distance"":7,""physical_error_rate"":0.0005}","{""detection_events"":6373,""detectors_checked"":3317760}"
      1343,         0,         0,   0.092,standalone_exact_mw,ba5ada56442ed2ba457be44e3218b165c8a19e21146c9941e841199e65961aae,"{""distance"":7,""physical_error_rate"":0.0005}","{""detection_events"":2194,""detectors_checked"":1087830}"
       880,         0,         0,   0.214,standalone_exact_mw,ba5ada56442ed2ba457be44e3218b165c8a19e21146c9941e841199e65961aae,"{""distance"":7,""physical_error_rate"":0.0005}","{""detection_events"":1454,""detectors_checked"":712800}"
       447,         0,         0,   0.008,standalone_exact_mw,ba5ada56442ed2ba457be44e3218b165c8a19e21146c9941e841199e65961aae,"{""distance"":7,""physical_error_rate"":0.0005}","{""detection_events"":655,""detectors_checked"":362070}"
        14,         0,         0,   0.002,standalone_exact_mw,ba5ada56442ed2ba457be44e3218b165c8a19e21146c9941e841199e65961aae,"{""distance"":7,""physical_error_rate"":0.0005}","{""detection_events"":19,""detectors_checked"":11340}"
       690,         0,         0,   0.026,standalone_exact_mw,ba5ada56442ed2ba457be44e3218b165c8a19e21146c9941e841199e65961aae,"{""distance"":7,""physical_error_rate"":0.0005}","{""detection_events"":1079,""detectors_checked"":558900}"
      1333,         0,         0,   0.024,standalone_exact_mw,ba5ada56442ed2ba457be44e3218b165c8a19e21146c9941e841199e65961aae,"{""distance"":7,""physical_error_rate"":0.0005}","{""detection_events"":2044,""detectors_checked"":1079730}"
      2752,         0,         0,   0.185,standalone_exact_mw,ba5ada56442ed2ba457be44e3218b165c8a19e21146c9941e841199e65961aae,"{""distance"":7,""physical_error_rate"":0.0005}","{""detection_events"":4217,""detectors_checked"":2229120}"
      2971,         0,         0,   0.176,standalone_exact_mw,ba5ada56442ed2ba457be44e3218b165c8a19e21146c9941e841199e65961aae,"{""distance"":7,""physical_error_rate"":0.0005}","{""detection_events"":4666,""detectors_checked"":2406510}"
        16,         0,         0,   0.001,standalone_exact_mw,ba5ada56442ed2ba457be44e3218b165c8a19e21146c9941e841199e65961aae,"{""distance"":7,""physical_error_rate"":0.0005}","{""detection_events"":32,""detectors_checked"":12960}"
       690,         0,         0,   0.025,standalone_exact_mw,ba5ada56442ed2ba457be44e3218b165c8a19e21146c9941e841199e65961aae,"{""distance"":7,""physical_error_rate"":0.0005}","{""detection_events"":1157,""detectors_checked"":558900}"
        14,         0,         0,   0.001,standalone_exact_mw,ba5ada56442ed2ba457be44e3218b165c8a19e21146c9941e841199e65961aae,"{""distance"":7,""physical_error_rate"":0.0005}","{""detection_events"":20,""detectors_checked"":11340}"
        73,         0,         0,   0.002,standalone_exact_mw,ba5ada56442ed2ba457be44e3218b165c8a19e21146c9941e841199e65961aae,"{""distance"":7,""physical_error_rate"":0.0005}","{""detection_events"":123,""detectors_checked"":59130}"
       323,         0,         0,   0.023,standalone_exact_mw,ba5ada56442ed2ba457be44e3218b165c8a19e21146c9941e841199e65961aae,"{""distance"":7,""physical_error_rate"":0.0005}","{""detection_events"":526,""detectors_checked"":261630}"
      2319,         0,         0,   0.076,standalone_exact_mw,ba5ada56442ed2ba457be44e3218b165c8a19e21146c9941e841199e65961aae,"{""distance"":7,""physical_error_rate"":0.0005}","{""detection_events"":3412,""detectors_checked"":1878390}"
      4096,         0,         0,   0.352,standalone_exact_mw,ba5ada56442ed2ba457be44e3218b165c8a19e21146c9941e841199e65961aae,"{""distance"":7,""physical_error_rate"":0.0005}","{""detection_events"":6601,""detectors_checked"":3317760}"
      1865,         0,         0,   0.121,standalone_exact_mw,ba5ada56442ed2ba457be44e3218b165c8a19e21146c9941e841199e65961aae,"{""distance"":7,""physical_error_rate"":0.0005}","{""detection_events"":3033,""detectors_checked"":1510650}"
      1066,         0,         0,   0.022,standalone_exact_mw,ba5ada56442ed2ba457be44e3218b165c8a19e21146c9941e841199e65961aae,"{""distance"":7,""physical_error_rate"":0.0005}","{""detection_events"":1649,""detectors_checked"":863460}"
      3072,         0,         0,   0.339,standalone_exact_mw,ba5ada56442ed2ba457be44e3218b165c8a19e21146c9941e841199e65961aae,"{""distance"":7,""physical_error_rate"":0.0005}","{""detection_events"":4888,""detectors_checked"":2488320}"
       119,         0,         0,   0.003,standalone_exact_mw,ba5ada56442ed2ba457be44e3218b165c8a19e21146c9941e841199e65961aae,"{""distance"":7,""physical_error_rate"":0.0005}","{""detection_events"":228,""detectors_checked"":96390}"
        20,         0,         0,   0.001,standalone_exact_mw,ba5ada56442ed2ba457be44e3218b165c8a19e21146c9941e841199e65961aae,"{""distance"":7,""physical_error_rate"":0.0005}","{""detection_events"":36,""detectors_checked"":16200}"
      1024,         0,         0,   0.054,standalone_exact_mw,ba5ada56442ed2ba457be44e3218b165c8a19e21146c9941e841199e65961aae,"{""distance"":7,""physical_error_rate"":0.0005}","{""detection_events"":1648,""detectors_checked"":829440}"
       647,         0,         0,   0.013,standalone_exact_mw,ba5ada56442ed2ba457be44e3218b165c8a19e21146c9941e841199e65961aae,"{""distance"":7,""physical_error_rate"":0.0005}","{""detection_events"":964,""detectors_checked"":524070}"
       493,         0,         0,   0.031,standalone_exact_mw,ba5ada56442ed2ba457be44e3218b165c8a19e21146c9941e841199e65961aae,"{""distance"":7,""physical_error_rate"":0.0005}","{""detection_events"":813,""detectors_checked"":399330}"
        44,         0,         0,   0.002,standalone_exact_mw,ba5ada56442ed2ba457be44e3218b165c8a19e21146c9941e841199e65961aae,"{""distance"":7,""physical_error_rate"":0.0005}","{""detection_events"":98,""detectors_checked"":35640}"
       237,         0,         0,   0.064,standalone_exact_mw,ba5ada56442ed2ba457be44e3218b165c8a19e21146c9941e841199e65961aae,"{""distance"":7,""physical_error_rate"":0.0005}","{""detection_events"":407,""detectors_checked"":191970}"
       131,         0,         0,   0.003,standalone_exact_mw,ba5ada56442ed2ba457be44e3218b165c8a19e21146c9941e841199e65961aae,"{""distance"":7,""physical_error_rate"":0.0005}","{""detection_events"":210,""detectors_checked"":106110}"
       656,         0,         0,   0.020,standalone_exact_mw,ba5ada56442ed2ba457be44e3218b165c8a19e21146c9941e841199e65961aae,"{""distance"":7,""physical_error_rate"":0.0005}","{""detection_events"":977,""detectors_checked"":531360}"
         3,         0,         0,   0.001,standalone_exact_mw,ba5ada56442ed2ba457be44e3218b165c8a19e21146c9941e841199e65961aae,"{""distance"":7,""physical_error_rate"":0.0005}","{""detection_events"":7,""detectors_checked"":2430}"
         3,         0,         0,   0.001,standalone_exact_mw,ba5ada56442ed2ba457be44e3218b165c8a19e21146c9941e841199e65961aae,"{""distance"":7,""physical_error_rate"":0.0005}","{""detection_events"":3,""detectors_checked"":2430}"
         3,         0,         0,   0.001,standalone_exact_mw,ba5ada56442ed2ba457be44e3218b165c8a19e21146c9941e841199e65961aae,"{""distance"":7,""physical_error_rate"":0.0005}","{""detection_events"":5,""detectors_checked"":2430}"
       557,         0,         0,   0.011,standalone_exact_mw,ba5ada56442ed2ba457be44e3218b165c8a19e21146c9941e841199e65961aae,"{""distance"":7,""physical_error_rate"":0.0005}","{""detection_events"":876,""detectors_checked"":451170}"
      3324,         0,         0,   0.285,standalone_exact_mw,ba5ada56442ed2ba457be44e3218b165c8a19e21146c9941e841199e65961aae,"{""distance"":7,""physical_error_rate"":0.0005}","{""detection_events"":5127,""detectors_checked"":2692440}"
       557,         0,         0,   0.012,standalone_exact_mw,ba5ada56442ed2ba457be44e3218b165c8a19e21146c9941e841199e65961aae,"{""distance"":7,""physical_error_rate"":0.0005}","{""detection_events"":842,""detectors_checked"":451170}"
       362,         0,         0,   0.020,standalone_exact_mw,ba5ada56442ed2ba457be44e3218b165c8a19e21146c9941e841199e65961aae,"{""distance"":7,""physical_error_rate"":0.0005}","{""detection_events"":623,""detectors_checked"":293220}"
       391,         0,         0,   0.008,standalone_exact_mw,ba5ada56442ed2ba457be44e3218b165c8a19e21146c9941e841199e65961aae,"{""distance"":7,""physical_error_rate"":0.0005}","{""detection_events"":570,""detectors_checked"":316710}"
         1,         0,         0,   0.001,standalone_exact_mw,ba5ada56442ed2ba457be44e3218b165c8a19e21146c9941e841199e65961aae,"{""distance"":7,""physical_error_rate"":0.0005}","{""detectors_checked"":810}"
         1,         0,         0,   0.001,standalone_exact_mw,ba5ada56442ed2ba457be44e3218b165c8a19e21146c9941e841199e65961aae,"{""distance"":7,""physical_error_rate"":0.0005}","{""detection_events"":2,""detectors_checked"":810}"
        77,         0,         0,   0.002,standalone_exact_mw,ba5ada56442ed2ba457be44e3218b165c8a19e21146c9941e841199e65961aae,"{""distance"":7,""physical_error_rate"":0.0005}","{""detection_events"":110,""detectors_checked"":62370}"
       481,         0,         0,   0.009,standalone_exact_mw,ba5ada56442ed2ba457be44e3218b165c8a19e21146c9941e841199e65961aae,"{""distance"":7,""physical_error_rate"":0.0005}","{""detection_events"":737,""detectors_checked"":389610}"
       481,         0,         0,   0.009,standalone_exact_mw,ba5ada56442ed2ba457be44e3218b165c8a19e21146c9941e841199e65961aae,"{""distance"":7,""physical_error_rate"":0.0005}","{""detection_events"":821,""detectors_checked"":389610}"
        31,         0,         0,   0.002,standalone_exact_mw,ba5ada56442ed2ba457be44e3218b165c8a19e21146c9941e841199e65961aae,"{""distance"":7,""physical_error_rate"":0.0005}","{""detection_events"":43,""detectors_checked"":25110}"
         3,         0,         0,   0.001,standalone_exact_mw,ba5ada56442ed2ba457be44e3218b165c8a19e21146c9941e841199e65961aae,"{""distance"":7,""physical_error_rate"":0.0005}","{""detectors_checked"":2430}"
       557,         0,         0,   0.014,standalone_exact_mw,ba5ada56442ed2ba457be44e3218b165c8a19e21146c9941e841199e65961aae,"{""distance"":7,""physical_error_rate"":0.0005}","{""detection_events"":859,""detectors_checked"":451170}"
       557,         0,         0,   0.022,standalone_exact_mw,ba5ada56442ed2ba457be44e3218b165c8a19e21146c9941e841199e65961aae,"{""distance"":7,""physical_error_rate"":0.0005}","{""detection_events"":889,""detectors_checked"":451170}"
       993,         0,         0,   0.215,standalone_exact_mw,ba5ada56442ed2ba457be44e3218b165c8a19e21146c9941e841199e65961aae,"{""distance"":7,""physical_error_rate"":0.0005}","{""detection_events"":1566,""detectors_checked"":804330}"
      4030,         0,         0,   0.483,standalone_exact_mw,ba5ada56442ed2ba457be44e3218b165c8a19e21146c9941e841199e65961aae,"{""distance"":7,""physical_error_rate"":0.0005}","{""detection_events"":6315,""detectors_checked"":3264300}"
      3901,         0,         0,   0.616,standalone_exact_mw,ba5ada56442ed2ba457be44e3218b165c8a19e21146c9941e841199e65961aae,"{""distance"":7,""physical_error_rate"":0.0005}","{""detection_events"":6174,""detectors_checked"":3159810}"
      4096,         0,         0,   0.581,standalone_exact_mw,ba5ada56442ed2ba457be44e3218b165c8a19e21146c9941e841199e65961aae,"{""distance"":7,""physical_error_rate"":0.0005}","{""detection_events"":6447,""detectors_checked"":3317760}"
         7,         0,         0,   0.001,standalone_exact_mw,ba5ada56442ed2ba457be44e3218b165c8a19e21146c9941e841199e65961aae,"{""distance"":7,""physical_error_rate"":0.0005}","{""detection_events"":6,""detectors_checked"":5670}"
         7,         0,         0,   0.001,standalone_exact_mw,ba5ada56442ed2ba457be44e3218b165c8a19e21146c9941e841199e65961aae,"{""distance"":7,""physical_error_rate"":0.0005}","{""detection_events"":15,""detectors_checked"":5670}"
         7,         0,         0,   0.001,standalone_exact_mw,ba5ada56442ed2ba457be44e3218b165c8a19e21146c9941e841199e65961aae,"{""distance"":7,""physical_error_rate"":0.0005}","{""detection_events"":4,""detectors_checked"":5670}"
         7,         0,         0,   0.001,standalone_exact_mw,ba5ada56442ed2ba457be44e3218b165c8a19e21146c9941e841199e65961aae,"{""distance"":7,""physical_error_rate"":0.0005}","{""detection_events"":9,""detectors_checked"":5670}"
         7,         0,         0,   0.001,standalone_exact_mw,ba5ada56442ed2ba457be44e3218b165c8a19e21146c9941e841199e65961aae,"{""distance"":7,""physical_error_rate"":0.0005}","{""detection_events"":18,""detectors_checked"":5670}"
         7,         0,         0,   0.001,standalone_exact_mw,ba5ada56442ed2ba457be44e3218b165c8a19e21146c9941e841199e65961aae,"{""distance"":7,""physical_error_rate"":0.0005}","{""detection_events"":2,""detectors_checked"":5670}"
         7,         0,         0,   0.001,standalone_exact_mw,ba5ada56442ed2ba457be44e3218b165c8a19e21146c9941e841199e65961aae,"{""distance"":7,""physical_error_rate"":0.0005}","{""detection_events"":15,""detectors_checked"":5670}"
         7,         0,         0,   0.001,standalone_exact_mw,ba5ada56442ed2ba457be44e3218b165c8a19e21146c9941e841199e65961aae,"{""distance"":7,""physical_error_rate"":0.0005}","{""detection_events"":14,""detectors_checked"":5670}"
         7,         0,         0,   0.001,standalone_exact_mw,ba5ada56442ed2ba457be44e3218b165c8a19e21146c9941e841199e65961aae,"{""distance"":7,""physical_error_rate"":0.0005}","{""detection_events"":18,""detectors_checked"":5670}"
         6,         0,         0,   0.001,standalone_exact_mw,ba5ada56442ed2ba457be44e3218b165c8a19e21146c9941e841199e65961aae,"{""distance"":7,""physical_error_rate"":0.0005}","{""detection_events"":19,""detectors_checked"":4860}"
         6,         0,         0,   0.001,standalone_exact_mw,ba5ada56442ed2ba457be44e3218b165c8a19e21146c9941e841199e65961aae,"{""distance"":7,""physical_error_rate"":0.0005}","{""detection_events"":12,""detectors_checked"":4860}"
         6,         0,         0,   0.001,standalone_exact_mw,ba5ada56442ed2ba457be44e3218b165c8a19e21146c9941e841199e65961aae,"{""distance"":7,""physical_error_rate"":0.0005}","{""detection_events"":10,""detectors_checked"":4860}"
         6,         0,         0,   0.001,standalone_exact_mw,ba5ada56442ed2ba457be44e3218b165c8a19e21146c9941e841199e65961aae,"{""distance"":7,""physical_error_rate"":0.0005}","{""detection_events"":13,""detectors_checked"":4860}"
         6,         0,         0,   0.001,standalone_exact_mw,ba5ada56442ed2ba457be44e3218b165c8a19e21146c9941e841199e65961aae,"{""distance"":7,""physical_error_rate"":0.0005}","{""detection_events"":9,""detectors_checked"":4860}"
         6,         0,         0,   0.001,standalone_exact_mw,ba5ada56442ed2ba457be44e3218b165c8a19e21146c9941e841199e65961aae,"{""distance"":7,""physical_error_rate"":0.0005}","{""detection_events"":4,""detectors_checked"":4860}"
         6,         0,         0,   0.001,standalone_exact_mw,ba5ada56442ed2ba457be44e3218b165c8a19e21146c9941e841199e65961aae,"{""distance"":7,""physical_error_rate"":0.0005}","{""detection_events"":10,""detectors_checked"":4860}"
         6,         0,         0,   0.001,standalone_exact_mw,ba5ada56442ed2ba457be44e3218b165c8a19e21146c9941e841199e65961aae,"{""distance"":7,""physical_error_rate"":0.0005}","{""detection_events"":5,""detectors_checked"":4860}"
         6,         0,         0,   0.001,standalone_exact_mw,ba5ada56442ed2ba457be44e3218b165c8a19e21146c9941e841199e65961aae,"{""distance"":7,""physical_error_rate"":0.0005}","{""detection_events"":4,""detectors_checked"":4860}"
         6,         0,         0,   0.001,standalone_exact_mw,ba5ada56442ed2ba457be44e3218b165c8a19e21146c9941e841199e65961aae,"{""distance"":7,""physical_error_rate"":0.0005}","{""detection_events"":9,""detectors_checked"":4860}"
         6,         0,         0,   0.001,standalone_exact_mw,ba5ada56442ed2ba457be44e3218b165c8a19e21146c9941e841199e65961aae,"{""distance"":7,""physical_error_rate"":0.0005}","{""detection_events"":16,""detectors_checked"":4860}"
         6,         0,         0,   0.001,standalone_exact_mw,ba5ada56442ed2ba457be44e3218b165c8a19e21146c9941e841199e65961aae,"{""distance"":7,""physical_error_rate"":0.0005}","{""detection_events"":7,""detectors_checked"":4860}"
         6,         0,         0,   0.001,standalone_exact_mw,ba5ada56442ed2ba457be44e3218b165c8a19e21146c9941e841199e65961aae,"{""distance"":7,""physical_error_rate"":0.0005}","{""detection_events"":9,""detectors_checked"":4860}"
         6,         0,         0,   0.001,standalone_exact_mw,ba5ada56442ed2ba457be44e3218b165c8a19e21146c9941e841199e65961aae,"{""distance"":7,""physical_error_rate"":0.0005}","{""detection_events"":10,""detectors_checked"":4860}"
         6,         0,         0,   0.001,standalone_exact_mw,ba5ada56442ed2ba457be44e3218b165c8a19e21146c9941e841199e65961aae,"{""distance"":7,""physical_error_rate"":0.0005}","{""detection_events"":19,""detectors_checked"":4860}"
         6,         0,         0,   0.001,standalone_exact_mw,ba5ada56442ed2ba457be44e3218b165c8a19e21146c9941e841199e65961aae,"{""distance"":7,""physical_error_rate"":0.0005}","{""detection_events"":8,""detectors_checked"":4860}"
         6,         0,         0,   0.001,standalone_exact_mw,ba5ada56442ed2ba457be44e3218b165c8a19e21146c9941e841199e65961aae,"{""distance"":7,""physical_error_rate"":0.0005}","{""detection_events"":6,""detectors_checked"":4860}"
         6,         0,         0,   0.001,standalone_exact_mw,ba5ada56442ed2ba457be44e3218b165c8a19e21146c9941e841199e65961aae,"{""distance"":7,""physical_error_rate"":0.0005}","{""detection_events"":4,""detectors_checked"":4860}"
         6,         0,         0,   0.001,standalone_exact_mw,ba5ada56442ed2ba457be44e3218b165c8a19e21146c9941e841199e65961aae,"{""distance"":7,""physical_error_rate"":0.0005}","{""detection_events"":2,""detectors_checked"":4860}"
         6,         0,         0,   0.001,standalone_exact_mw,ba5ada56442ed2ba457be44e3218b165c8a19e21146c9941e841199e65961aae,"{""distance"":7,""physical_error_rate"":0.0005}","{""detection_events"":6,""detectors_checked"":4860}"
         6,         0,         0,   0.001,standalone_exact_mw,ba5ada56442ed2ba457be44e3218b165c8a19e21146c9941e841199e65961aae,"{""distance"":7,""physical_error_rate"":0.0005}","{""detection_events"":15,""detectors_checked"":4860}"
         6,         0,         0,   0.001,standalone_exact_mw,ba5ada56442ed2ba457be44e3218b165c8a19e21146c9941e841199e65961aae,"{""distance"":7,""physical_error_rate"":0.0005}","{""detection_events"":8,""detectors_checked"":4860}"
         6,         0,         0,   0.001,standalone_exact_mw,ba5ada56442ed2ba457be44e3218b165c8a19e21146c9941e841199e65961aae,"{""distance"":7,""physical_error_rate"":0.0005}","{""detection_events"":8,""detectors_checked"":4860}"
         2,         0,         0,   0.001,standalone_exact_mw,ba5ada56442ed2ba457be44e3218b165c8a19e21146c9941e841199e65961aae,"{""distance"":7,""physical_error_rate"":0.0005}","{""detection_events"":5,""detectors_checked"":1620}"
         6,         0,         0,   0.001,standalone_exact_mw,ba5ada56442ed2ba457be44e3218b165c8a19e21146c9941e841199e65961aae,"{""distance"":7,""physical_error_rate"":0.0005}","{""detection_events"":8,""detectors_checked"":4860}"
         1,         0,         0,   0.001,standalone_exact_mw,ba5ada56442ed2ba457be44e3218b165c8a19e21146c9941e841199e65961aae,"{""distance"":7,""physical_error_rate"":0.0005}","{""detection_events"":4,""detectors_checked"":810}"
         1,         0,         0,   0.001,standalone_exact_mw,ba5ada56442ed2ba457be44e3218b165c8a19e21146c9941e841199e65961aae,"{""distance"":7,""physical_error_rate"":0.0005}","{""detection_events"":2,""detectors_checked"":810}"
         6,         0,         0,   0.001,standalone_exact_mw,ba5ada56442ed2ba457be44e3218b165c8a19e21146c9941e841199e65961aae,"{""distance"":7,""physical_error_rate"":0.0005}","{""detection_events"":6,""detectors_checked"":4860}"
         6,         0,         0,   0.001,standalone_exact_mw,ba5ada56442ed2ba457be44e3218b165c8a19e21146c9941e841199e65961aae,"{""distance"":7,""physical_error_rate"":0.0005}","{""detection_events"":12,""detectors_checked"":4860}"
         6,         0,         0,   0.001,standalone_exact_mw,ba5ada56442ed2ba457be44e3218b165c8a19e21146c9941e841199e65961aae,"{""distance"":7,""physical_error_rate"":0.0005}","{""detection_events"":6,""detectors_checked"":4860}"
         1,         0,         0,   0.001,standalone_exact_mw,ba5ada56442ed2ba457be44e3218b165c8a19e21146c9941e841199e65961aae,"{""distance"":7,""physical_error_rate"":0.0005}","{""detection_events"":2,""detectors_checked"":810}"
         6,         0,         0,   0.001,standalone_exact_mw,ba5ada56442ed2ba457be44e3218b165c8a19e21146c9941e841199e65961aae,"{""distance"":7,""physical_error_rate"":0.0005}","{""detection_events"":9,""detectors_checked"":4860}"
         6,         0,         0,   0.001,standalone_exact_mw,ba5ada56442ed2ba457be44e3218b165c8a19e21146c9941e841199e65961aae,"{""distance"":7,""physical_error_rate"":0.0005}","{""detection_events"":9,""detectors_checked"":4860}"
         1,         0,         0,   0.001,standalone_exact_mw,ba5ada56442ed2ba457be44e3218b165c8a19e21146c9941e841199e65961aae,"{""distance"":7,""physical_error_rate"":0.0005}","{""detection_events"":8,""detectors_checked"":810}"
         6,         0,         0,   0.001,standalone_exact_mw,ba5ada56442ed2ba457be44e3218b165c8a19e21146c9941e841199e65961aae,"{""distance"":7,""physical_error_rate"":0.0005}","{""detection_events"":11,""detectors_checked"":4860}"
         1,         0,         0,   0.001,standalone_exact_mw,ba5ada56442ed2ba457be44e3218b165c8a19e21146c9941e841199e65961aae,"{""distance"":7,""physical_error_rate"":0.0005}","{""detection_events"":3,""detectors_checked"":810}"
         1,         0,         0,   0.001,standalone_exact_mw,ba5ada56442ed2ba457be44e3218b165c8a19e21146c9941e841199e65961aae,"{""distance"":7,""physical_error_rate"":0.0005}","{""detectors_checked"":810}"
         6,         0,         0,   0.001,standalone_exact_mw,ba5ada56442ed2ba457be44e3218b165c8a19e21146c9941e841199e65961aae,"{""distance"":7,""physical_error_rate"":0.0005}","{""detection_events"":12,""detectors_checked"":4860}"
         1,         0,         0,   0.001,standalone_exact_mw,ba5ada56442ed2ba457be44e3218b165c8a19e21146c9941e841199e65961aae,"{""distance"":7,""physical_error_rate"":0.0005}","{""detection_events"":2,""detectors_checked"":810}"
         1,         0,         0,   0.001,standalone_exact_mw,ba5ada56442ed2ba457be44e3218b165c8a19e21146c9941e841199e65961aae,"{""distance"":7,""physical_error_rate"":0.0005}","{""detection_events"":4,""detectors_checked"":810}"
         1,         0,         0,   0.001,standalone_exact_mw,ba5ada56442ed2ba457be44e3218b165c8a19e21146c9941e841199e65961aae,"{""distance"":7,""physical_error_rate"":0.0005}","{""detectors_checked"":810}"
         1,         0,         0,   0.001,standalone_exact_mw,ba5ada56442ed2ba457be44e3218b165c8a19e21146c9941e841199e65961aae,"{""distance"":7,""physical_error_rate"":0.0005}","{""detection_events"":2,""detectors_checked"":810}"
         1,         0,         0,   0.001,standalone_exact_mw,ba5ada56442ed2ba457be44e3218b165c8a19e21146c9941e841199e65961aae,"{""distance"":7,""physical_error_rate"":0.0005}","{""detectors_checked"":810}"
         1,         0,         0,   0.001,standalone_exact_mw,ba5ada56442ed2ba457be44e3218b165c8a19e21146c9941e841199e65961aae,"{""distance"":7,""physical_error_rate"":0.0005}","{""detection_events"":4,""detectors_checked"":810}"
         1,         0,         0,   0.001,standalone_exact_mw,ba5ada56442ed2ba457be44e3218b165c8a19e21146c9941e841199e65961aae,"{""distance"":7,""physical_error_rate"":0.0005}","{""detectors_checked"":810}"
         1,         0,         0,   0.001,standalone_exact_mw,ba5ada56442ed2ba457be44e3218b165c8a19e21146c9941e841199e65961aae,"{""distance"":7,""physical_error_rate"":0.0005}","{""detection_events"":2,""detectors_checked"":810}"
         1,         0,         0,   0.001,standalone_exact_mw,ba5ada56442ed2ba457be44e3218b165c8a19e21146c9941e841199e65961aae,"{""distance"":7,""physical_error_rate"":0.0005}","{""detection_events"":3,""detectors_checked"":810}"
         1,         0,         0,   0.001,standalone_exact_mw,ba5ada56442ed2ba457be44e3218b165c8a19e21146c9941e841199e65961aae,"{""distance"":7,""physical_error_rate"":0.0005}","{""detection_events"":1,""detectors_checked"":810}"
         1,         0,         0,   0.001,standalone_exact_mw,ba5ada56442ed2ba457be44e3218b165c8a19e21146c9941e841199e65961aae,"{""distance"":7,""physical_error_rate"":0.0005}","{""detection_events"":2,""detectors_checked"":810}"
         1,         0,         0,   0.001,standalone_exact_mw,ba5ada56442ed2ba457be44e3218b165c8a19e21146c9941e841199e65961aae,"{""distance"":7,""physical_error_rate"":0.0005}","{""detection_events"":3,""detectors_checked"":810}"
         1,         0,         0,   0.001,standalone_exact_mw,ba5ada56442ed2ba457be44e3218b165c8a19e21146c9941e841199e65961aae,"{""distance"":7,""physical_error_rate"":0.0005}","{""detectors_checked"":810}"
         1,         0,         0,   0.001,standalone_exact_mw,ba5ada56442ed2ba457be44e3218b165c8a19e21146c9941e841199e65961aae,"{""distance"":7,""physical_error_rate"":0.0005}","{""detectors_checked"":810}"
         1,         0,         0,   0.001,standalone_exact_mw,ba5ada56442ed2ba457be44e3218b165c8a19e21146c9941e841199e65961aae,"{""distance"":7,""physical_error_rate"":0.0005}","{""detection_events"":1,""detectors_checked"":810}"
         1,         0,         0,   0.001,standalone_exact_mw,ba5ada56442ed2ba457be44e3218b165c8a19e21146c9941e841199e65961aae,"{""distance"":7,""physical_error_rate"":0.0005}","{""detectors_checked"":810}"
         1,         0,         0,   0.001,standalone_exact_mw,ba5ada56442ed2ba457be44e3218b165c8a19e21146c9941e841199e65961aae,"{""distance"":7,""physical_error_rate"":0.0005}","{""detection_events"":2,""detectors_checked"":810}"
         1,         0,         0,   0.001,standalone_exact_mw,ba5ada56442ed2ba457be44e3218b165c8a19e21146c9941e841199e65961aae,"{""distance"":7,""physical_error_rate"":0.0005}","{""detection_events"":4,""detectors_checked"":810}"
         1,         0,         0,   0.001,standalone_exact_mw,ba5ada56442ed2ba457be44e3218b165c8a19e21146c9941e841199e65961aae,"{""distance"":7,""physical_error_rate"":0.0005}","{""detection_events"":4,""detectors_checked"":810}"
         1,         0,         0,   0.001,standalone_exact_mw,ba5ada56442ed2ba457be44e3218b165c8a19e21146c9941e841199e65961aae,"{""distance"":7,""physical_error_rate"":0.0005}","{""detection_events"":2,""detectors_checked"":810}"
         1,         0,         0,   0.001,standalone_exact_mw,ba5ada56442ed2ba457be44e3218b165c8a19e21146c9941e841199e65961aae,"{""distance"":7,""physical_error_rate"":0.0005}","{""detectors_checked"":810}"
         1,         0,         0,   0.001,standalone_exact_mw,ba5ada56442ed2ba457be44e3218b165c8a19e21146c9941e841199e65961aae,"{""distance"":7,""physical_error_rate"":0.0005}","{""detectors_checked"":810}"
         1,         0,         0,   0.001,standalone_exact_mw,ba5ada56442ed2ba457be44e3218b165c8a19e21146c9941e841199e65961aae,"{""distance"":7,""physical_error_rate"":0.0005}","{""detectors_checked"":810}"
         1,         0,         0,   0.001,standalone_exact_mw,ba5ada56442ed2ba457be44e3218b165c8a19e21146c9941e841199e65961aae,"{""distance"":7,""physical_error_rate"":0.0005}","{""detection_events"":4,""detectors_checked"":810}"
         1,         0,         0,   0.001,standalone_exact_mw,ba5ada56442ed2ba457be44e3218b165c8a19e21146c9941e841199e65961aae,"{""distance"":7,""physical_error_rate"":0.0005}","{""detectors_checked"":810}"
   1825792,         0,         0,   119.7,standalone_exact_mw,9d8ad86e51451842b54dafc7680d1b486ef291963bb72c70f3cdd570d2d8fa34,"{""distance"":7,""physical_error_rate"":0.002}","{""detection_events"":11340442,""detectors_checked"":1478891520}"
   1891328,         0,         0,   119.7,standalone_exact_mw,9d8ad86e51451842b54dafc7680d1b486ef291963bb72c70f3cdd570d2d8fa34,"{""distance"":7,""physical_error_rate"":0.002}","{""detection_events"":11751038,""detectors_checked"":1531975680}"
   2264064,         0,         0,   119.7,standalone_exact_mw,3bd544bb51e006261b45d3a2c996e28fc0c0449411cee5f7deafcd25d9539ebc,"{""distance"":7,""physical_error_rate"":0.001}","{""detection_events"":7072761,""detectors_checked"":1833891840}"
   1667072,         0,         0,   119.8,standalone_exact_mw,9d8ad86e51451842b54dafc7680d1b486ef291963bb72c70f3cdd570d2d8fa34,"{""distance"":7,""physical_error_rate"":0.002}","{""detection_events"":10365017,""detectors_checked"":1350328320}"
   2031616,         0,         0,   119.7,standalone_exact_mw,3bd544bb51e006261b45d3a2c996e28fc0c0449411cee5f7deafcd25d9539ebc,"{""distance"":7,""physical_error_rate"":0.001}","{""detection_events"":6347227,""detectors_checked"":1645608960}"
   1707008,         0,         0,   119.7,standalone_exact_mw,9d8ad86e51451842b54dafc7680d1b486ef291963bb72c70f3cdd570d2d8fa34,"{""distance"":7,""physical_error_rate"":0.002}","{""detection_events"":10610504,""detectors_checked"":1382676480}"
       273,         0,         0,   0.024,standalone_exact_mw,9d8ad86e51451842b54dafc7680d1b486ef291963bb72c70f3cdd570d2d8fa34,"{""distance"":7,""physical_error_rate"":0.002}","{""detection_events"":1610,""detectors_checked"":221130}"
   1108992,         0,         0,   119.7,standalone_exact_mw,3bd544bb51e006261b45d3a2c996e28fc0c0449411cee5f7deafcd25d9539ebc,"{""distance"":7,""physical_error_rate"":0.001}","{""detection_events"":3461322,""detectors_checked"":898283520}"
      1024,         0,         0,   0.053,standalone_exact_mw,9d8ad86e51451842b54dafc7680d1b486ef291963bb72c70f3cdd570d2d8fa34,"{""distance"":7,""physical_error_rate"":0.002}","{""detection_events"":6278,""detectors_checked"":829440}"
      1024,         0,         0,   0.053,standalone_exact_mw,9d8ad86e51451842b54dafc7680d1b486ef291963bb72c70f3cdd570d2d8fa34,"{""distance"":7,""physical_error_rate"":0.002}","{""detection_events"":6285,""detectors_checked"":829440}"
   1364992,         0,         0,   119.7,standalone_exact_mw,3bd544bb51e006261b45d3a2c996e28fc0c0449411cee5f7deafcd25d9539ebc,"{""distance"":7,""physical_error_rate"":0.001}","{""detection_events"":4267528,""detectors_checked"":1105643520}"
       273,         0,         0,   0.010,standalone_exact_mw,3bd544bb51e006261b45d3a2c996e28fc0c0449411cee5f7deafcd25d9539ebc,"{""distance"":7,""physical_error_rate"":0.001}","{""detection_events"":875,""detectors_checked"":221130}"
      1024,         0,         0,   0.049,standalone_exact_mw,9d8ad86e51451842b54dafc7680d1b486ef291963bb72c70f3cdd570d2d8fa34,"{""distance"":7,""physical_error_rate"":0.002}","{""detection_events"":6325,""detectors_checked"":829440}"
    842752,         0,         0,   119.8,standalone_exact_mw,9d8ad86e51451842b54dafc7680d1b486ef291963bb72c70f3cdd570d2d8fa34,"{""distance"":7,""physical_error_rate"":0.002}","{""detection_events"":5236430,""detectors_checked"":682629120}"
      1024,         0,         0,   0.049,standalone_exact_mw,3bd544bb51e006261b45d3a2c996e28fc0c0449411cee5f7deafcd25d9539ebc,"{""distance"":7,""physical_error_rate"":0.001}","{""detection_events"":3231,""detectors_checked"":829440}"
      1024,         0,         0,   0.053,standalone_exact_mw,9d8ad86e51451842b54dafc7680d1b486ef291963bb72c70f3cdd570d2d8fa34,"{""distance"":7,""physical_error_rate"":0.002}","{""detection_events"":6390,""detectors_checked"":829440}"
      1024,         0,         0,   0.036,standalone_exact_mw,3bd544bb51e006261b45d3a2c996e28fc0c0449411cee5f7deafcd25d9539ebc,"{""distance"":7,""physical_error_rate"":0.001}","{""detection_events"":3088,""detectors_checked"":829440}"
   1934336,         0,         0,   119.7,standalone_exact_mw,3bd544bb51e006261b45d3a2c996e28fc0c0449411cee5f7deafcd25d9539ebc,"{""distance"":7,""physical_error_rate"":0.001}","{""detection_events"":6043595,""detectors_checked"":1566812160}"
      1024,         0,         0,   0.027,standalone_exact_mw,3bd544bb51e006261b45d3a2c996e28fc0c0449411cee5f7deafcd25d9539ebc,"{""distance"":7,""physical_error_rate"":0.001}","{""detection_events"":3314,""detectors_checked"":829440}"
      1024,         0,         0,   0.066,standalone_exact_mw,9d8ad86e51451842b54dafc7680d1b486ef291963bb72c70f3cdd570d2d8fa34,"{""distance"":7,""physical_error_rate"":0.002}","{""detection_events"":6359,""detectors_checked"":829440}"
      1024,         0,         0,   0.059,standalone_exact_mw,3bd544bb51e006261b45d3a2c996e28fc0c0449411cee5f7deafcd25d9539ebc,"{""distance"":7,""physical_error_rate"":0.001}","{""detection_events"":3136,""detectors_checked"":829440}"
    985088,         0,         0,   119.6,standalone_exact_mw,3bd544bb51e006261b45d3a2c996e28fc0c0449411cee5f7deafcd25d9539ebc,"{""distance"":7,""physical_error_rate"":0.001}","{""detection_events"":3080043,""detectors_checked"":797921280}"
      2048,         0,         0,   0.105,standalone_exact_mw,9d8ad86e51451842b54dafc7680d1b486ef291963bb72c70f3cdd570d2d8fa34,"{""distance"":7,""physical_error_rate"":0.002}","{""detection_events"":12892,""detectors_checked"":1658880}"
   1290240,         0,         0,   119.8,standalone_exact_mw,9d8ad86e51451842b54dafc7680d1b486ef291963bb72c70f3cdd570d2d8fa34,"{""distance"":7,""physical_error_rate"":0.002}","{""detection_events"":8014515,""detectors_checked"":1045094400}"
      1024,         0,         0,   0.076,standalone_exact_mw,3bd544bb51e006261b45d3a2c996e28fc0c0449411cee5f7deafcd25d9539ebc,"{""distance"":7,""physical_error_rate"":0.001}","{""detection_events"":3064,""detectors_checked"":829440}"
      2048,         0,         0,   0.107,standalone_exact_mw,9d8ad86e51451842b54dafc7680d1b486ef291963bb72c70f3cdd570d2d8fa34,"{""distance"":7,""physical_error_rate"":0.002}","{""detection_events"":12565,""detectors_checked"":1658880}"
         1,         0,         0,   0.014,standalone_exact_mw,9d8ad86e51451842b54dafc7680d1b486ef291963bb72c70f3cdd570d2d8fa34,"{""distance"":7,""physical_error_rate"":0.002}","{""detectors_checked"":810}"
      2048,         0,         0,   0.135,standalone_exact_mw,3bd544bb51e006261b45d3a2c996e28fc0c0449411cee5f7deafcd25d9539ebc,"{""distance"":7,""physical_error_rate"":0.001}","{""detection_events"":6354,""detectors_checked"":1658880}"
      1296,         0,         0,   0.063,standalone_exact_mw,9d8ad86e51451842b54dafc7680d1b486ef291963bb72c70f3cdd570d2d8fa34,"{""distance"":7,""physical_error_rate"":0.002}","{""detection_events"":8042,""detectors_checked"":1049760}"
      1297,         0,         0,   0.071,standalone_exact_mw,3bd544bb51e006261b45d3a2c996e28fc0c0449411cee5f7deafcd25d9539ebc,"{""distance"":7,""physical_error_rate"":0.001}","{""detection_events"":3991,""detectors_checked"":1050570}"
      1024,         0,         0,   0.053,standalone_exact_mw,9d8ad86e51451842b54dafc7680d1b486ef291963bb72c70f3cdd570d2d8fa34,"{""distance"":7,""physical_error_rate"":0.002}","{""detection_events"":6507,""detectors_checked"":829440}"
      3072,         0,         0,   0.164,standalone_exact_mw,9d8ad86e51451842b54dafc7680d1b486ef291963bb72c70f3cdd570d2d8fa34,"{""distance"":7,""physical_error_rate"":0.002}","{""detection_events"":18790,""detectors_checked"":2488320}"
      1024,         0,         0,   0.036,standalone_exact_mw,3bd544bb51e006261b45d3a2c996e28fc0c0449411cee5f7deafcd25d9539ebc,"{""distance"":7,""physical_error_rate"":0.001}","{""detection_events"":3255,""detectors_checked"":829440}"
    957440,         0,         0,   119.6,standalone_exact_mw,9d8ad86e51451842b54dafc7680d1b486ef291963bb72c70f3cdd570d2d8fa34,"{""distance"":7,""physical_error_rate"":0.002}","{""detection_events"":5947006,""detectors_checked"":775526400}"
      3072,         0,         0,   0.143,standalone_exact_mw,3bd544bb51e006261b45d3a2c996e28fc0c0449411cee5f7deafcd25d9539ebc,"{""distance"":7,""physical_error_rate"":0.001}","{""detection_events"":9649,""detectors_checked"":2488320}"
      1024,         0,         0,   0.054,standalone_exact_mw,9d8ad86e51451842b54dafc7680d1b486ef291963bb72c70f3cdd570d2d8fa34,"{""distance"":7,""physical_error_rate"":0.002}","{""detection_events"":6609,""detectors_checked"":829440}"
      1024,         0,         0,   0.049,standalone_exact_mw,3bd544bb51e006261b45d3a2c996e28fc0c0449411cee5f7deafcd25d9539ebc,"{""distance"":7,""physical_error_rate"":0.001}","{""detection_events"":3294,""detectors_checked"":829440}"
         1,         0,         0,   0.020,standalone_exact_mw,3bd544bb51e006261b45d3a2c996e28fc0c0449411cee5f7deafcd25d9539ebc,"{""distance"":7,""physical_error_rate"":0.001}","{""detection_events"":2,""detectors_checked"":810}"
      1024,         0,         0,   0.049,standalone_exact_mw,3bd544bb51e006261b45d3a2c996e28fc0c0449411cee5f7deafcd25d9539ebc,"{""distance"":7,""physical_error_rate"":0.001}","{""detection_events"":3249,""detectors_checked"":829440}"
      1024,         0,         0,   0.053,standalone_exact_mw,9d8ad86e51451842b54dafc7680d1b486ef291963bb72c70f3cdd570d2d8fa34,"{""distance"":7,""physical_error_rate"":0.002}","{""detection_events"":6437,""detectors_checked"":829440}"
      1296,         0,         0,   0.085,standalone_exact_mw,3bd544bb51e006261b45d3a2c996e28fc0c0449411cee5f7deafcd25d9539ebc,"{""distance"":7,""physical_error_rate"":0.001}","{""detection_events"":4097,""detectors_checked"":1049760}"
      1024,         0,         0,   0.049,standalone_exact_mw,3bd544bb51e006261b45d3a2c996e28fc0c0449411cee5f7deafcd25d9539ebc,"{""distance"":7,""physical_error_rate"":0.001}","{""detection_events"":3196,""detectors_checked"":829440}"
       273,         0,         0,   0.023,standalone_exact_mw,3bd544bb51e006261b45d3a2c996e28fc0c0449411cee5f7deafcd25d9539ebc,"{""distance"":7,""physical_error_rate"":0.001}","{""detection_events"":905,""detectors_checked"":221130}"
      3072,         0,         0,   0.150,standalone_exact_mw,3bd544bb51e006261b45d3a2c996e28fc0c0449411cee5f7deafcd25d9539ebc,"{""distance"":7,""physical_error_rate"":0.001}","{""detection_events"":9599,""detectors_checked"":2488320}"
      1024,         0,         0,   0.048,standalone_exact_mw,3bd544bb51e006261b45d3a2c996e28fc0c0449411cee5f7deafcd25d9539ebc,"{""distance"":7,""physical_error_rate"":0.001}","{""detection_events"":3312,""detectors_checked"":829440}"
      2048,         0,         0,   0.106,standalone_exact_mw,9d8ad86e51451842b54dafc7680d1b486ef291963bb72c70f3cdd570d2d8fa34,"{""distance"":7,""physical_error_rate"":0.002}","{""detection_events"":12762,""detectors_checked"":1658880}"
      1024,         0,         0,   0.076,standalone_exact_mw,3bd544bb51e006261b45d3a2c996e28fc0c0449411cee5f7deafcd25d9539ebc,"{""distance"":7,""physical_error_rate"":0.001}","{""detection_events"":3270,""detectors_checked"":829440}"
      4096,         0,         0,   0.234,standalone_exact_mw,9d8ad86e51451842b54dafc7680d1b486ef291963bb72c70f3cdd570d2d8fa34,"{""distance"":7,""physical_error_rate"":0.002}","{""detection_events"":25583,""detectors_checked"":3317760}"
      1024,         0,         0,   0.035,standalone_exact_mw,3bd544bb51e006261b45d3a2c996e28fc0c0449411cee5f7deafcd25d9539ebc,"{""distance"":7,""physical_error_rate"":0.001}","{""detection_events"":3200,""detectors_checked"":829440}"
      2048,         0,         0,   0.123,standalone_exact_mw,3bd544bb51e006261b45d3a2c996e28fc0c0449411cee5f7deafcd25d9539ebc,"{""distance"":7,""physical_error_rate"":0.001}","{""detection_events"":6672,""detectors_checked"":1658880}"
      1024,         0,         0,   0.058,standalone_exact_mw,3bd544bb51e006261b45d3a2c996e28fc0c0449411cee5f7deafcd25d9539ebc,"{""distance"":7,""physical_error_rate"":0.001}","{""detection_events"":3218,""detectors_checked"":829440}"
       273,         0,         0,   0.029,standalone_exact_mw,9d8ad86e51451842b54dafc7680d1b486ef291963bb72c70f3cdd570d2d8fa34,"{""distance"":7,""physical_error_rate"":0.002}","{""detection_events"":1659,""detectors_checked"":221130}"
      1024,         0,         0,   0.048,standalone_exact_mw,3bd544bb51e006261b45d3a2c996e28fc0c0449411cee5f7deafcd25d9539ebc,"{""distance"":7,""physical_error_rate"":0.001}","{""detection_events"":3267,""detectors_checked"":829440}"
      2048,         0,         0,   0.111,standalone_exact_mw,9d8ad86e51451842b54dafc7680d1b486ef291963bb72c70f3cdd570d2d8fa34,"{""distance"":7,""physical_error_rate"":0.002}","{""detection_events"":12651,""detectors_checked"":1658880}"
         1,         0,         0,   0.001,standalone_exact_mw,3bd544bb51e006261b45d3a2c996e28fc0c0449411cee5f7deafcd25d9539ebc,"{""distance"":7,""physical_error_rate"":0.001}","{""detectors_checked"":810}"
      1024,         0,         0,   0.048,standalone_exact_mw,3bd544bb51e006261b45d3a2c996e28fc0c0449411cee5f7deafcd25d9539ebc,"{""distance"":7,""physical_error_rate"":0.001}","{""detection_events"":3160,""detectors_checked"":829440}"
      1024,         0,         0,   0.060,standalone_exact_mw,3bd544bb51e006261b45d3a2c996e28fc0c0449411cee5f7deafcd25d9539ebc,"{""distance"":7,""physical_error_rate"":0.001}","{""detection_events"":3155,""detectors_checked"":829440}"
      1024,         0,         0,   0.082,standalone_exact_mw,9d8ad86e51451842b54dafc7680d1b486ef291963bb72c70f3cdd570d2d8fa34,"{""distance"":7,""physical_error_rate"":0.002}","{""detection_events"":6181,""detectors_checked"":829440}"
      1296,         0,         0,   0.046,standalone_exact_mw,3bd544bb51e006261b45d3a2c996e28fc0c0449411cee5f7deafcd25d9539ebc,"{""distance"":7,""physical_error_rate"":0.001}","{""detection_events"":3909,""detectors_checked"":1049760}"
      1024,         0,         0,   0.058,standalone_exact_mw,3bd544bb51e006261b45d3a2c996e28fc0c0449411cee5f7deafcd25d9539ebc,"{""distance"":7,""physical_error_rate"":0.001}","{""detection_events"":3131,""detectors_checked"":829440}"
      2048,         0,         0,   0.135,standalone_exact_mw,3bd544bb51e006261b45d3a2c996e28fc0c0449411cee5f7deafcd25d9539ebc,"{""distance"":7,""physical_error_rate"":0.001}","{""detection_events"":6285,""detectors_checked"":1658880}"
      2048,         0,         0,   0.083,standalone_exact_mw,3bd544bb51e006261b45d3a2c996e28fc0c0449411cee5f7deafcd25d9539ebc,"{""distance"":7,""physical_error_rate"":0.001}","{""detection_events"":6368,""detectors_checked"":1658880}"
      1024,         0,         0,   0.034,standalone_exact_mw,3bd544bb51e006261b45d3a2c996e28fc0c0449411cee5f7deafcd25d9539ebc,"{""distance"":7,""physical_error_rate"":0.001}","{""detection_events"":3287,""detectors_checked"":829440}"
         1,         0,         0,   0.003,standalone_exact_mw,9d8ad86e51451842b54dafc7680d1b486ef291963bb72c70f3cdd570d2d8fa34,"{""distance"":7,""physical_error_rate"":0.002}","{""detection_events"":12,""detectors_checked"":810}"
      5120,         0,         0,   0.229,standalone_exact_mw,3bd544bb51e006261b45d3a2c996e28fc0c0449411cee5f7deafcd25d9539ebc,"{""distance"":7,""physical_error_rate"":0.001}","{""detection_events"":15944,""detectors_checked"":4147200}"
      2048,         0,         0,   0.115,standalone_exact_mw,9d8ad86e51451842b54dafc7680d1b486ef291963bb72c70f3cdd570d2d8fa34,"{""distance"":7,""physical_error_rate"":0.002}","{""detection_events"":12503,""detectors_checked"":1658880}"
       272,         0,         0,   0.030,standalone_exact_mw,9d8ad86e51451842b54dafc7680d1b486ef291963bb72c70f3cdd570d2d8fa34,"{""distance"":7,""physical_error_rate"":0.002}","{""detection_events"":1575,""detectors_checked"":220320}"
       273,         0,         0,   0.028,standalone_exact_mw,3bd544bb51e006261b45d3a2c996e28fc0c0449411cee5f7deafcd25d9539ebc,"{""distance"":7,""physical_error_rate"":0.001}","{""detection_events"":866,""detectors_checked"":221130}"
      1024,         0,         0,   0.100,standalone_exact_mw,9d8ad86e51451842b54dafc7680d1b486ef291963bb72c70f3cdd570d2d8fa34,"{""distance"":7,""physical_error_rate"":0.002}","{""detection_events"":6354,""detectors_checked"":829440}"
         1,         0,         0,   0.019,standalone_exact_mw,9d8ad86e51451842b54dafc7680d1b486ef291963bb72c70f3cdd570d2d8fa34,"{""distance"":7,""physical_error_rate"":0.002}","{""detectors_checked"":810}"
         1,         0,         0,   0.020,standalone_exact_mw,3bd544bb51e006261b45d3a2c996e28fc0c0449411cee5f7deafcd25d9539ebc,"{""distance"":7,""physical_error_rate"":0.001}","{""detection_events"":2,""detectors_checked"":810}"
       272,         0,         0,   0.028,standalone_exact_mw,9d8ad86e51451842b54dafc7680d1b486ef291963bb72c70f3cdd570d2d8fa34,"{""distance"":7,""physical_error_rate"":0.002}","{""detection_events"":1659,""detectors_checked"":220320}"
      2048,         0,         0,   0.083,standalone_exact_mw,3bd544bb51e006261b45d3a2c996e28fc0c0449411cee5f7deafcd25d9539ebc,"{""distance"":7,""physical_error_rate"":0.001}","{""detection_events"":6405,""detectors_checked"":1658880}"
       272,         0,         0,   0.026,standalone_exact_mw,3bd544bb51e006261b45d3a2c996e28fc0c0449411cee5f7deafcd25d9539ebc,"{""distance"":7,""physical_error_rate"":0.001}","{""detection_events"":833,""detectors_checked"":220320}"
      1024,         0,         0,   0.085,standalone_exact_mw,3bd544bb51e006261b45d3a2c996e28fc0c0449411cee5f7deafcd25d9539ebc,"{""distance"":7,""physical_error_rate"":0.001}","{""detection_events"":3166,""detectors_checked"":829440}"
      1024,         0,         0,   0.077,standalone_exact_mw,3bd544bb51e006261b45d3a2c996e28fc0c0449411cee5f7deafcd25d9539ebc,"{""distance"":7,""physical_error_rate"":0.001}","{""detection_events"":3215,""detectors_checked"":829440}"
      2048,         0,         0,   0.125,standalone_exact_mw,3bd544bb51e006261b45d3a2c996e28fc0c0449411cee5f7deafcd25d9539ebc,"{""distance"":7,""physical_error_rate"":0.001}","{""detection_events"":6376,""detectors_checked"":1658880}"
        17,         0,         0,   0.022,standalone_exact_mw,9d8ad86e51451842b54dafc7680d1b486ef291963bb72c70f3cdd570d2d8fa34,"{""distance"":7,""physical_error_rate"":0.002}","{""detection_events"":129,""detectors_checked"":13770}"
      1024,         0,         0,   0.082,standalone_exact_mw,9d8ad86e51451842b54dafc7680d1b486ef291963bb72c70f3cdd570d2d8fa34,"{""distance"":7,""physical_error_rate"":0.002}","{""detection_events"":6392,""detectors_checked"":829440}"
      2048,         0,         0,   0.136,standalone_exact_mw,3bd544bb51e006261b45d3a2c996e28fc0c0449411cee5f7deafcd25d9539ebc,"{""distance"":7,""physical_error_rate"":0.001}","{""detection_events"":6428,""detectors_checked"":1658880}"
      1024,         0,         0,   0.059,standalone_exact_mw,3bd544bb51e006261b45d3a2c996e28fc0c0449411cee5f7deafcd25d9539ebc,"{""distance"":7,""physical_error_rate"":0.001}","{""detection_events"":3334,""detectors_checked"":829440}"
      1024,         0,         0,   0.082,standalone_exact_mw,9d8ad86e51451842b54dafc7680d1b486ef291963bb72c70f3cdd570d2d8fa34,"{""distance"":7,""physical_error_rate"":0.002}","{""detection_events"":6384,""detectors_checked"":829440}"
      2048,         0,         0,   0.149,standalone_exact_mw,9d8ad86e51451842b54dafc7680d1b486ef291963bb72c70f3cdd570d2d8fa34,"{""distance"":7,""physical_error_rate"":0.002}","{""detection_events"":13125,""detectors_checked"":1658880}"
      1024,         0,         0,   0.058,standalone_exact_mw,3bd544bb51e006261b45d3a2c996e28fc0c0449411cee5f7deafcd25d9539ebc,"{""distance"":7,""physical_error_rate"":0.001}","{""detection_events"":3278,""detectors_checked"":829440}"
      5120,         0,         0,   0.366,standalone_exact_mw,9d8ad86e51451842b54dafc7680d1b486ef291963bb72c70f3cdd570d2d8fa34,"{""distance"":7,""physical_error_rate"":0.002}","{""detection_events"":31981,""detectors_checked"":4147200}"
      1024,         0,         0,   0.123,standalone_exact_mw,3bd544bb51e006261b45d3a2c996e28fc0c0449411cee5f7deafcd25d9539ebc,"{""distance"":7,""physical_error_rate"":0.001}","{""detection_events"":3226,""detectors_checked"":829440}"
      3072,         0,         0,   0.131,standalone_exact_mw,3bd544bb51e006261b45d3a2c996e28fc0c0449411cee5f7deafcd25d9539ebc,"{""distance"":7,""physical_error_rate"":0.001}","{""detection_events"":9690,""detectors_checked"":2488320}"
      1024,         0,         0,   0.082,standalone_exact_mw,9d8ad86e51451842b54dafc7680d1b486ef291963bb72c70f3cdd570d2d8fa34,"{""distance"":7,""physical_error_rate"":0.002}","{""detection_events"":6305,""detectors_checked"":829440}"
      1024,         0,         0,   0.076,standalone_exact_mw,3bd544bb51e006261b45d3a2c996e28fc0c0449411cee5f7deafcd25d9539ebc,"{""distance"":7,""physical_error_rate"":0.001}","{""detection_events"":3247,""detectors_checked"":829440}"
       273,         0,         0,   0.029,standalone_exact_mw,9d8ad86e51451842b54dafc7680d1b486ef291963bb72c70f3cdd570d2d8fa34,"{""distance"":7,""physical_error_rate"":0.002}","{""detection_events"":1625,""detectors_checked"":221130}"
      1280,         0,         0,   0.107,standalone_exact_mw,9d8ad86e51451842b54dafc7680d1b486ef291963bb72c70f3cdd570d2d8fa34,"{""distance"":7,""physical_error_rate"":0.002}","{""detection_events"":8172,""detectors_checked"":1036800}"
      1024,         0,         0,   0.082,standalone_exact_mw,9d8ad86e51451842b54dafc7680d1b486ef291963bb72c70f3cdd570d2d8fa34,"{""distance"":7,""physical_error_rate"":0.002}","{""detection_events"":6337,""detectors_checked"":829440}"
      1024,         0,         0,   0.076,standalone_exact_mw,3bd544bb51e006261b45d3a2c996e28fc0c0449411cee5f7deafcd25d9539ebc,"{""distance"":7,""physical_error_rate"":0.001}","{""detection_events"":3221,""detectors_checked"":829440}"
      1024,         0,         0,   0.219,standalone_exact_mw,9d8ad86e51451842b54dafc7680d1b486ef291963bb72c70f3cdd570d2d8fa34,"{""distance"":7,""physical_error_rate"":0.002}","{""detection_events"":6230,""detectors_checked"":829440}"
   1478656,         0,         0,   119.7,standalone_exact_mw,9d8ad86e51451842b54dafc7680d1b486ef291963bb72c70f3cdd570d2d8fa34,"{""distance"":7,""physical_error_rate"":0.002}","{""detection_events"":9192677,""detectors_checked"":1197711360}"
      2048,         0,         0,   0.134,standalone_exact_mw,3bd544bb51e006261b45d3a2c996e28fc0c0449411cee5f7deafcd25d9539ebc,"{""distance"":7,""physical_error_rate"":0.001}","{""detection_events"":6413,""detectors_checked"":1658880}"
      1024,         0,         0,   0.059,standalone_exact_mw,3bd544bb51e006261b45d3a2c996e28fc0c0449411cee5f7deafcd25d9539ebc,"{""distance"":7,""physical_error_rate"":0.001}","{""detection_events"":3189,""detectors_checked"":829440}"
         1,         0,         0,   0.002,standalone_exact_mw,9d8ad86e51451842b54dafc7680d1b486ef291963bb72c70f3cdd570d2d8fa34,"{""distance"":7,""physical_error_rate"":0.002}","{""detection_events"":6,""detectors_checked"":810}"
      1024,         0,         0,   0.073,standalone_exact_mw,9d8ad86e51451842b54dafc7680d1b486ef291963bb72c70f3cdd570d2d8fa34,"{""distance"":7,""physical_error_rate"":0.002}","{""detection_events"":6540,""detectors_checked"":829440}"
      4096,         0,         0,   0.275,standalone_exact_mw,3bd544bb51e006261b45d3a2c996e28fc0c0449411cee5f7deafcd25d9539ebc,"{""distance"":7,""physical_error_rate"":0.001}","{""detection_events"":13011,""detectors_checked"":3317760}"
      1024,         0,         0,   0.059,standalone_exact_mw,3bd544bb51e006261b45d3a2c996e28fc0c0449411cee5f7deafcd25d9539ebc,"{""distance"":7,""physical_error_rate"":0.001}","{""detection_events"":3036,""detectors_checked"":829440}"
      1024,         0,         0,   0.102,standalone_exact_mw,3bd544bb51e006261b45d3a2c996e28fc0c0449411cee5f7deafcd25d9539ebc,"{""distance"":7,""physical_error_rate"":0.001}","{""detection_events"":3157,""detectors_checked"":829440}"
      1024,         0,         0,   0.078,standalone_exact_mw,9d8ad86e51451842b54dafc7680d1b486ef291963bb72c70f3cdd570d2d8fa34,"{""distance"":7,""physical_error_rate"":0.002}","{""detection_events"":6450,""detectors_checked"":829440}"
       273,         0,         0,   0.029,standalone_exact_mw,9d8ad86e51451842b54dafc7680d1b486ef291963bb72c70f3cdd570d2d8fa34,"{""distance"":7,""physical_error_rate"":0.002}","{""detection_events"":1559,""detectors_checked"":221130}"
      1024,         0,         0,   0.064,standalone_exact_mw,9d8ad86e51451842b54dafc7680d1b486ef291963bb72c70f3cdd570d2d8fa34,"{""distance"":7,""physical_error_rate"":0.002}","{""detection_events"":6348,""detectors_checked"":829440}"
      1024,         0,         0,   0.088,standalone_exact_mw,9d8ad86e51451842b54dafc7680d1b486ef291963bb72c70f3cdd570d2d8fa34,"{""distance"":7,""physical_error_rate"":0.002}","{""detection_events"":6396,""detectors_checked"":829440}"
      3072,         0,         0,   0.194,standalone_exact_mw,3bd544bb51e006261b45d3a2c996e28fc0c0449411cee5f7deafcd25d9539ebc,"{""distance"":7,""physical_error_rate"":0.001}","{""detection_events"":9606,""detectors_checked"":2488320}"
       272,         0,         0,   0.028,standalone_exact_mw,9d8ad86e51451842b54dafc7680d1b486ef291963bb72c70f3cdd570d2d8fa34,"{""distance"":7,""physical_error_rate"":0.002}","{""detection_events"":1682,""detectors_checked"":220320}"
      1024,         0,         0,   0.064,standalone_exact_mw,3bd544bb51e006261b45d3a2c996e28fc0c0449411cee5f7deafcd25d9539ebc,"{""distance"":7,""physical_error_rate"":0.001}","{""detection_events"":3281,""detectors_checked"":829440}"
      1024,         0,         0,   0.083,standalone_exact_mw,9d8ad86e51451842b54dafc7680d1b486ef291963bb72c70f3cdd570d2d8fa34,"{""distance"":7,""physical_error_rate"":0.002}","{""detection_events"":6452,""detectors_checked"":829440}"
   2088960,         0,         0,   119.5,standalone_exact_mw,3bd544bb51e006261b45d3a2c996e28fc0c0449411cee5f7deafcd25d9539ebc,"{""distance"":7,""physical_error_rate"":0.001}","{""detection_events"":6532012,""detectors_checked"":1692057600}"
      1024,         0,         0,   0.058,standalone_exact_mw,3bd544bb51e006261b45d3a2c996e28fc0c0449411cee5f7deafcd25d9539ebc,"{""distance"":7,""physical_error_rate"":0.001}","{""detection_events"":3286,""detectors_checked"":829440}"
      1024,         0,         0,   0.055,standalone_exact_mw,9d8ad86e51451842b54dafc7680d1b486ef291963bb72c70f3cdd570d2d8fa34,"{""distance"":7,""physical_error_rate"":0.002}","{""detection_events"":6420,""detectors_checked"":829440}"
      1024,         0,         0,   0.083,standalone_exact_mw,9d8ad86e51451842b54dafc7680d1b486ef291963bb72c70f3cdd570d2d8fa34,"{""distance"":7,""physical_error_rate"":0.002}","{""detection_events"":6538,""detectors_checked"":829440}"
      4096,         0,         0,   0.184,standalone_exact_mw,3bd544bb51e006261b45d3a2c996e28fc0c0449411cee5f7deafcd25d9539ebc,"{""distance"":7,""physical_error_rate"":0.001}","{""detection_events"":12922,""detectors_checked"":3317760}"
      1024,         0,         0,   0.061,standalone_exact_mw,9d8ad86e51451842b54dafc7680d1b486ef291963bb72c70f3cdd570d2d8fa34,"{""distance"":7,""physical_error_rate"":0.002}","{""detection_events"":6471,""detectors_checked"":829440}"
      1024,         0,         0,   0.076,standalone_exact_mw,9d8ad86e51451842b54dafc7680d1b486ef291963bb72c70f3cdd570d2d8fa34,"{""distance"":7,""physical_error_rate"":0.002}","{""detection_events"":6485,""detectors_checked"":829440}"
      1024,         0,         0,   0.082,standalone_exact_mw,9d8ad86e51451842b54dafc7680d1b486ef291963bb72c70f3cdd570d2d8fa34,"{""distance"":7,""physical_error_rate"":0.002}","{""detection_events"":6265,""detectors_checked"":829440}"
      1024,         0,         0,   0.082,standalone_exact_mw,9d8ad86e51451842b54dafc7680d1b486ef291963bb72c70f3cdd570d2d8fa34,"{""distance"":7,""physical_error_rate"":0.002}","{""detection_events"":6413,""detectors_checked"":829440}"
      2048,         0,         0,   0.142,standalone_exact_mw,3bd544bb51e006261b45d3a2c996e28fc0c0449411cee5f7deafcd25d9539ebc,"{""distance"":7,""physical_error_rate"":0.001}","{""detection_events"":6272,""detectors_checked"":1658880}"
      1024,         0,         0,   0.077,standalone_exact_mw,3bd544bb51e006261b45d3a2c996e28fc0c0449411cee5f7deafcd25d9539ebc,"{""distance"":7,""physical_error_rate"":0.001}","{""detection_events"":3241,""detectors_checked"":829440}"
      1024,         0,         0,   0.084,standalone_exact_mw,9d8ad86e51451842b54dafc7680d1b486ef291963bb72c70f3cdd570d2d8fa34,"{""distance"":7,""physical_error_rate"":0.002}","{""detection_events"":6505,""detectors_checked"":829440}"
      5120,         0,         0,   0.259,standalone_exact_mw,9d8ad86e51451842b54dafc7680d1b486ef291963bb72c70f3cdd570d2d8fa34,"{""distance"":7,""physical_error_rate"":0.002}","{""detection_events"":31755,""detectors_checked"":4147200}"
      1024,         0,         0,   0.046,standalone_exact_mw,9d8ad86e51451842b54dafc7680d1b486ef291963bb72c70f3cdd570d2d8fa34,"{""distance"":7,""physical_error_rate"":0.002}","{""detection_events"":6161,""detectors_checked"":829440}"
      1024,         0,         0,   0.133,standalone_exact_mw,3bd544bb51e006261b45d3a2c996e28fc0c0449411cee5f7deafcd25d9539ebc,"{""distance"":7,""physical_error_rate"":0.001}","{""detection_events"":3061,""detectors_checked"":829440}"
         1,         0,         0,   0.020,standalone_exact_mw,9d8ad86e51451842b54dafc7680d1b486ef291963bb72c70f3cdd570d2d8fa34,"{""distance"":7,""physical_error_rate"":0.002}","{""detection_events"":8,""detectors_checked"":810}"
      1024,         0,         0,   0.081,standalone_exact_mw,9d8ad86e51451842b54dafc7680d1b486ef291963bb72c70f3cdd570d2d8fa34,"{""distance"":7,""physical_error_rate"":0.002}","{""detection_events"":6089,""detectors_checked"":829440}"
      1024,         0,         0,   0.082,standalone_exact_mw,9d8ad86e51451842b54dafc7680d1b486ef291963bb72c70f3cdd570d2d8fa34,"{""distance"":7,""physical_error_rate"":0.002}","{""detection_events"":6660,""detectors_checked"":829440}"
      1024,         0,         0,   0.082,standalone_exact_mw,9d8ad86e51451842b54dafc7680d1b486ef291963bb72c70f3cdd570d2d8fa34,"{""distance"":7,""physical_error_rate"":0.002}","{""detection_events"":6314,""detectors_checked"":829440}"
       272,         0,         0,   0.027,standalone_exact_mw,9d8ad86e51451842b54dafc7680d1b486ef291963bb72c70f3cdd570d2d8fa34,"{""distance"":7,""physical_error_rate"":0.002}","{""detection_events"":1689,""detectors_checked"":220320}"
      1024,         0,         0,   0.077,standalone_exact_mw,9d8ad86e51451842b54dafc7680d1b486ef291963bb72c70f3cdd570d2d8fa34,"{""distance"":7,""physical_error_rate"":0.002}","{""detection_events"":6271,""detectors_checked"":829440}"
       273,         0,         0,   0.029,standalone_exact_mw,9d8ad86e51451842b54dafc7680d1b486ef291963bb72c70f3cdd570d2d8fa34,"{""distance"":7,""physical_error_rate"":0.002}","{""detection_events"":1718,""detectors_checked"":221130}"
      1024,         0,         0,   0.100,standalone_exact_mw,9d8ad86e51451842b54dafc7680d1b486ef291963bb72c70f3cdd570d2d8fa34,"{""distance"":7,""physical_error_rate"":0.002}","{""detection_events"":6186,""detectors_checked"":829440}"
      2048,         0,         0,   0.146,standalone_exact_mw,3bd544bb51e006261b45d3a2c996e28fc0c0449411cee5f7deafcd25d9539ebc,"{""distance"":7,""physical_error_rate"":0.001}","{""detection_events"":6382,""detectors_checked"":1658880}"
      2048,         0,         0,   0.138,standalone_exact_mw,3bd544bb51e006261b45d3a2c996e28fc0c0449411cee5f7deafcd25d9539ebc,"{""distance"":7,""physical_error_rate"":0.001}","{""detection_events"":6609,""detectors_checked"":1658880}"
      1024,         0,         0,   0.082,standalone_exact_mw,9d8ad86e51451842b54dafc7680d1b486ef291963bb72c70f3cdd570d2d8fa34,"{""distance"":7,""physical_error_rate"":0.002}","{""detection_events"":6451,""detectors_checked"":829440}"
      1024,         0,         0,   0.081,standalone_exact_mw,9d8ad86e51451842b54dafc7680d1b486ef291963bb72c70f3cdd570d2d8fa34,"{""distance"":7,""physical_error_rate"":0.002}","{""detection_events"":6339,""detectors_checked"":829440}"
      1024,         0,         0,   0.097,standalone_exact_mw,9d8ad86e51451842b54dafc7680d1b486ef291963bb72c70f3cdd570d2d8fa34,"{""distance"":7,""physical_error_rate"":0.002}","{""detection_events"":6281,""detectors_checked"":829440}"
      1024,         0,         0,   0.072,standalone_exact_mw,9d8ad86e51451842b54dafc7680d1b486ef291963bb72c70f3cdd570d2d8fa34,"{""distance"":7,""physical_error_rate"":0.002}","{""detection_events"":6290,""detectors_checked"":829440}"
      1024,         0,         0,   0.082,standalone_exact_mw,9d8ad86e51451842b54dafc7680d1b486ef291963bb72c70f3cdd570d2d8fa34,"{""distance"":7,""physical_error_rate"":0.002}","{""detection_events"":6586,""detectors_checked"":829440}"
      1024,         0,         0,   0.082,standalone_exact_mw,9d8ad86e51451842b54dafc7680d1b486ef291963bb72c70f3cdd570d2d8fa34,"{""distance"":7,""physical_error_rate"":0.002}","{""detection_events"":6497,""detectors_checked"":829440}"
      4096,         0,         0,   0.251,standalone_exact_mw,3bd544bb51e006261b45d3a2c996e28fc0c0449411cee5f7deafcd25d9539ebc,"{""distance"":7,""physical_error_rate"":0.001}","{""detection_events"":12757,""detectors_checked"":3317760}"
      2048,         0,         0,   0.163,standalone_exact_mw,9d8ad86e51451842b54dafc7680d1b486ef291963bb72c70f3cdd570d2d8fa34,"{""distance"":7,""physical_error_rate"":0.002}","{""detection_events"":13103,""detectors_checked"":1658880}"
      3072,         0,         0,   0.218,standalone_exact_mw,3bd544bb51e006261b45d3a2c996e28fc0c0449411cee5f7deafcd25d9539ebc,"{""distance"":7,""physical_error_rate"":0.001}","{""detection_events"":9497,""detectors_checked"":2488320}"
      4096,         0,         0,   0.440,standalone_exact_mw,9d8ad86e51451842b54dafc7680d1b486ef291963bb72c70f3cdd570d2d8fa34,"{""distance"":7,""physical_error_rate"":0.002}","{""detection_events"":25370,""detectors_checked"":3317760}"
      2048,         0,         0,   0.141,standalone_exact_mw,9d8ad86e51451842b54dafc7680d1b486ef291963bb72c70f3cdd570d2d8fa34,"{""distance"":7,""physical_error_rate"":0.002}","{""detection_events"":12691,""detectors_checked"":1658880}"
      1024,         0,         0,   0.075,standalone_exact_mw,9d8ad86e51451842b54dafc7680d1b486ef291963bb72c70f3cdd570d2d8fa34,"{""distance"":7,""physical_error_rate"":0.002}","{""detection_events"":6300,""detectors_checked"":829440}"
      2048,         0,         0,   0.138,standalone_exact_mw,3bd544bb51e006261b45d3a2c996e28fc0c0449411cee5f7deafcd25d9539ebc,"{""distance"":7,""physical_error_rate"":0.001}","{""detection_events"":6526,""detectors_checked"":1658880}"
   1460224,         0,         0,   119.6,standalone_exact_mw,3bd544bb51e006261b45d3a2c996e28fc0c0449411cee5f7deafcd25d9539ebc,"{""distance"":7,""physical_error_rate"":0.001}","{""detection_events"":4559154,""detectors_checked"":1182781440}"
      1024,         0,         0,   0.083,standalone_exact_mw,9d8ad86e51451842b54dafc7680d1b486ef291963bb72c70f3cdd570d2d8fa34,"{""distance"":7,""physical_error_rate"":0.002}","{""detection_events"":6578,""detectors_checked"":829440}"
      3072,         0,         0,   0.257,standalone_exact_mw,3bd544bb51e006261b45d3a2c996e28fc0c0449411cee5f7deafcd25d9539ebc,"{""distance"":7,""physical_error_rate"":0.001}","{""detection_events"":9613,""detectors_checked"":2488320}"
      1024,         0,         0,   0.073,standalone_exact_mw,9d8ad86e51451842b54dafc7680d1b486ef291963bb72c70f3cdd570d2d8fa34,"{""distance"":7,""physical_error_rate"":0.002}","{""detection_events"":6458,""detectors_checked"":829440}"
      2048,         0,         0,   0.225,standalone_exact_mw,3bd544bb51e006261b45d3a2c996e28fc0c0449411cee5f7deafcd25d9539ebc,"{""distance"":7,""physical_error_rate"":0.001}","{""detection_events"":6316,""detectors_checked"":1658880}"
      1024,         0,         0,   0.081,standalone_exact_mw,9d8ad86e51451842b54dafc7680d1b486ef291963bb72c70f3cdd570d2d8fa34,"{""distance"":7,""physical_error_rate"":0.002}","{""detection_events"":6463,""detectors_checked"":829440}"
      1024,         0,         0,   0.092,standalone_exact_mw,9d8ad86e51451842b54dafc7680d1b486ef291963bb72c70f3cdd570d2d8fa34,"{""distance"":7,""physical_error_rate"":0.002}","{""detection_events"":6736,""detectors_checked"":829440}"
         1,         0,         0,   0.023,standalone_exact_mw,3bd544bb51e006261b45d3a2c996e28fc0c0449411cee5f7deafcd25d9539ebc,"{""distance"":7,""physical_error_rate"":0.001}","{""detection_events"":8,""detectors_checked"":810}"
      2048,         0,         0,   0.309,standalone_exact_mw,9d8ad86e51451842b54dafc7680d1b486ef291963bb72c70f3cdd570d2d8fa34,"{""distance"":7,""physical_error_rate"":0.002}","{""detection_events"":12896,""detectors_checked"":1658880}"
      6144,         0,         0,   0.397,standalone_exact_mw,3bd544bb51e006261b45d3a2c996e28fc0c0449411cee5f7deafcd25d9539ebc,"{""distance"":7,""physical_error_rate"":0.001}","{""detection_events"":18981,""detectors_checked"":4976640}"
       272,         0,         0,   0.028,standalone_exact_mw,3bd544bb51e006261b45d3a2c996e28fc0c0449411cee5f7deafcd25d9539ebc,"{""distance"":7,""physical_error_rate"":0.001}","{""detection_events"":854,""detectors_checked"":220320}"
      1024,         0,         0,   0.081,standalone_exact_mw,9d8ad86e51451842b54dafc7680d1b486ef291963bb72c70f3cdd570d2d8fa34,"{""distance"":7,""physical_error_rate"":0.002}","{""detection_events"":6104,""detectors_checked"":829440}"
      2048,         0,         0,   0.155,standalone_exact_mw,9d8ad86e51451842b54dafc7680d1b486ef291963bb72c70f3cdd570d2d8fa34,"{""distance"":7,""physical_error_rate"":0.002}","{""detection_events"":13080,""detectors_checked"":1658880}"
         1,         0,         0,   0.030,standalone_exact_mw,3bd544bb51e006261b45d3a2c996e28fc0c0449411cee5f7deafcd25d9539ebc,"{""distance"":7,""physical_error_rate"":0.001}","{""detection_events"":3,""detectors_checked"":810}"
      1024,         0,         0,   0.082,standalone_exact_mw,9d8ad86e51451842b54dafc7680d1b486ef291963bb72c70f3cdd570d2d8fa34,"{""distance"":7,""physical_error_rate"":0.002}","{""detection_events"":6283,""detectors_checked"":829440}"
      3072,         0,         0,   0.193,standalone_exact_mw,3bd544bb51e006261b45d3a2c996e28fc0c0449411cee5f7deafcd25d9539ebc,"{""distance"":7,""physical_error_rate"":0.001}","{""detection_events"":9705,""detectors_checked"":2488320}"
      1024,         0,         0,   0.082,standalone_exact_mw,9d8ad86e51451842b54dafc7680d1b486ef291963bb72c70f3cdd570d2d8fa34,"{""distance"":7,""physical_error_rate"":0.002}","{""detection_events"":6369,""detectors_checked"":829440}"
      1024,         0,         0,   0.081,standalone_exact_mw,9d8ad86e51451842b54dafc7680d1b486ef291963bb72c70f3cdd570d2d8fa34,"{""distance"":7,""physical_error_rate"":0.002}","{""detection_events"":6346,""detectors_checked"":829440}"
      5120,         0,         0,   0.310,standalone_exact_mw,9d8ad86e51451842b54dafc7680d1b486ef291963bb72c70f3cdd570d2d8fa34,"{""distance"":7,""physical_error_rate"":0.002}","{""detection_events"":32344,""detectors_checked"":4147200}"
      1024,         0,         0,   0.106,standalone_exact_mw,9d8ad86e51451842b54dafc7680d1b486ef291963bb72c70f3cdd570d2d8fa34,"{""distance"":7,""physical_error_rate"":0.002}","{""detection_events"":6360,""detectors_checked"":829440}"
      4096,         0,         0,   0.201,standalone_exact_mw,9d8ad86e51451842b54dafc7680d1b486ef291963bb72c70f3cdd570d2d8fa34,"{""distance"":7,""physical_error_rate"":0.002}","{""detection_events"":24981,""detectors_checked"":3317760}"
      1024,         0,         0,   0.085,standalone_exact_mw,3bd544bb51e006261b45d3a2c996e28fc0c0449411cee5f7deafcd25d9539ebc,"{""distance"":7,""physical_error_rate"":0.001}","{""detection_events"":3245,""detectors_checked"":829440}"
      3072,         0,         0,   0.167,standalone_exact_mw,9d8ad86e51451842b54dafc7680d1b486ef291963bb72c70f3cdd570d2d8fa34,"{""distance"":7,""physical_error_rate"":0.002}","{""detection_events"":18704,""detectors_checked"":2488320}"
      1024,         0,         0,   0.054,standalone_exact_mw,9d8ad86e51451842b54dafc7680d1b486ef291963bb72c70f3cdd570d2d8fa34,"{""distance"":7,""physical_error_rate"":0.002}","{""detection_events"":6264,""detectors_checked"":829440}"
      3072,         0,         0,   0.188,standalone_exact_mw,3bd544bb51e006261b45d3a2c996e28fc0c0449411cee5f7deafcd25d9539ebc,"{""distance"":7,""physical_error_rate"":0.001}","{""detection_events"":9689,""detectors_checked"":2488320}"
      1024,         0,         0,   0.082,standalone_exact_mw,9d8ad86e51451842b54dafc7680d1b486ef291963bb72c70f3cdd570d2d8fa34,"{""distance"":7,""physical_error_rate"":0.002}","{""detection_events"":6477,""detectors_checked"":829440}"
       272,         0,         0,   0.069,standalone_exact_mw,3bd544bb51e006261b45d3a2c996e28fc0c0449411cee5f7deafcd25d9539ebc,"{""distance"":7,""physical_error_rate"":0.001}","{""detection_events"":871,""detectors_checked"":220320}"
      1024,         0,         0,   0.055,standalone_exact_mw,9d8ad86e51451842b54dafc7680d1b486ef291963bb72c70f3cdd570d2d8fa34,"{""distance"":7,""physical_error_rate"":0.002}","{""detection_events"":6265,""detectors_checked"":829440}"
         1,         0,         0,   0.001,standalone_exact_mw,3bd544bb51e006261b45d3a2c996e28fc0c0449411cee5f7deafcd25d9539ebc,"{""distance"":7,""physical_error_rate"":0.001}","{""detectors_checked"":810}"
       272,         0,         0,   0.016,standalone_exact_mw,3bd544bb51e006261b45d3a2c996e28fc0c0449411cee5f7deafcd25d9539ebc,"{""distance"":7,""physical_error_rate"":0.001}","{""detection_events"":821,""detectors_checked"":220320}"
        17,         0,         0,   0.025,standalone_exact_mw,3bd544bb51e006261b45d3a2c996e28fc0c0449411cee5f7deafcd25d9539ebc,"{""distance"":7,""physical_error_rate"":0.001}","{""detection_events"":64,""detectors_checked"":13770}"
      2048,         0,         0,   0.164,standalone_exact_mw,9d8ad86e51451842b54dafc7680d1b486ef291963bb72c70f3cdd570d2d8fa34,"{""distance"":7,""physical_error_rate"":0.002}","{""detection_events"":12594,""detectors_checked"":1658880}"
      2048,         0,         0,   0.225,standalone_exact_mw,3bd544bb51e006261b45d3a2c996e28fc0c0449411cee5f7deafcd25d9539ebc,"{""distance"":7,""physical_error_rate"":0.001}","{""detection_events"":6473,""detectors_checked"":1658880}"
      1024,         0,         0,   0.049,standalone_exact_mw,3bd544bb51e006261b45d3a2c996e28fc0c0449411cee5f7deafcd25d9539ebc,"{""distance"":7,""physical_error_rate"":0.001}","{""detection_events"":3105,""detectors_checked"":829440}"
      1024,         0,         0,   0.063,standalone_exact_mw,9d8ad86e51451842b54dafc7680d1b486ef291963bb72c70f3cdd570d2d8fa34,"{""distance"":7,""physical_error_rate"":0.002}","{""detection_events"":6330,""detectors_checked"":829440}"
      1024,         0,         0,   0.083,standalone_exact_mw,3bd544bb51e006261b45d3a2c996e28fc0c0449411cee5f7deafcd25d9539ebc,"{""distance"":7,""physical_error_rate"":0.001}","{""detection_events"":2997,""detectors_checked"":829440}"
      1024,         0,         0,   0.054,standalone_exact_mw,9d8ad86e51451842b54dafc7680d1b486ef291963bb72c70f3cdd570d2d8fa34,"{""distance"":7,""physical_error_rate"":0.002}","{""detection_events"":6184,""detectors_checked"":829440}"
      2048,         0,         0,   0.170,standalone_exact_mw,9d8ad86e51451842b54dafc7680d1b486ef291963bb72c70f3cdd570d2d8fa34,"{""distance"":7,""physical_error_rate"":0.002}","{""detection_events"":12728,""detectors_checked"":1658880}"
      7168,         0,         0,   0.298,standalone_exact_mw,3bd544bb51e006261b45d3a2c996e28fc0c0449411cee5f7deafcd25d9539ebc,"{""distance"":7,""physical_error_rate"":0.001}","{""detection_events"":22852,""detectors_checked"":5806080}"
      5120,         0,         0,   0.327,standalone_exact_mw,3bd544bb51e006261b45d3a2c996e28fc0c0449411cee5f7deafcd25d9539ebc,"{""distance"":7,""physical_error_rate"":0.001}","{""detection_events"":16209,""detectors_checked"":4147200}"
      1024,         0,         0,   0.234,standalone_exact_mw,9d8ad86e51451842b54dafc7680d1b486ef291963bb72c70f3cdd570d2d8fa34,"{""distance"":7,""physical_error_rate"":0.002}","{""detection_events"":6287,""detectors_checked"":829440}"
      3072,         0,         0,   0.189,standalone_exact_mw,3bd544bb51e006261b45d3a2c996e28fc0c0449411cee5f7deafcd25d9539ebc,"{""distance"":7,""physical_error_rate"":0.001}","{""detection_events"":9606,""detectors_checked"":2488320}"
      1024,         0,         0,   0.086,standalone_exact_mw,3bd544bb51e006261b45d3a2c996e28fc0c0449411cee5f7deafcd25d9539ebc,"{""distance"":7,""physical_error_rate"":0.001}","{""detection_events"":3264,""detectors_checked"":829440}"
      1024,         0,         0,   0.059,standalone_exact_mw,3bd544bb51e006261b45d3a2c996e28fc0c0449411cee5f7deafcd25d9539ebc,"{""distance"":7,""physical_error_rate"":0.001}","{""detection_events"":3208,""detectors_checked"":829440}"
      2048,         0,         0,   0.163,standalone_exact_mw,9d8ad86e51451842b54dafc7680d1b486ef291963bb72c70f3cdd570d2d8fa34,"{""distance"":7,""physical_error_rate"":0.002}","{""detection_events"":12630,""detectors_checked"":1658880}"
         1,         0,         0,   0.003,standalone_exact_mw,9d8ad86e51451842b54dafc7680d1b486ef291963bb72c70f3cdd570d2d8fa34,"{""distance"":7,""physical_error_rate"":0.002}","{""detection_events"":3,""detectors_checked"":810}"
      1280,         0,         0,   0.114,standalone_exact_mw,3bd544bb51e006261b45d3a2c996e28fc0c0449411cee5f7deafcd25d9539ebc,"{""distance"":7,""physical_error_rate"":0.001}","{""detection_events"":3995,""detectors_checked"":1036800}"
      1024,         0,         0,   0.081,standalone_exact_mw,9d8ad86e51451842b54dafc7680d1b486ef291963bb72c70f3cdd570d2d8fa34,"{""distance"":7,""physical_error_rate"":0.002}","{""detection_events"":6510,""detectors_checked"":829440}"
      1024,         0,         0,   0.087,standalone_exact_mw,3bd544bb51e006261b45d3a2c996e28fc0c0449411cee5f7deafcd25d9539ebc,"{""distance"":7,""physical_error_rate"":0.001}","{""detection_events"":3195,""detectors_checked"":829440}"
      2048,         0,         0,   0.157,standalone_exact_mw,9d8ad86e51451842b54dafc7680d1b486ef291963bb72c70f3cdd570d2d8fa34,"{""distance"":7,""physical_error_rate"":0.002}","{""detection_events"":12539,""detectors_checked"":1658880}"
      1024,         0,         0,   0.084,standalone_exact_mw,9d8ad86e51451842b54dafc7680d1b486ef291963bb72c70f3cdd570d2d8fa34,"{""distance"":7,""physical_error_rate"":0.002}","{""detection_events"":6395,""detectors_checked"":829440}"
         1,         0,         0,   0.023,standalone_exact_mw,9d8ad86e51451842b54dafc7680d1b486ef291963bb72c70f3cdd570d2d8fa34,"{""distance"":7,""physical_error_rate"":0.002}","{""detection_events"":7,""detectors_checked"":810}"
       272,         0,         0,   0.030,standalone_exact_mw,9d8ad86e51451842b54dafc7680d1b486ef291963bb72c70f3cdd570d2d8fa34,"{""distance"":7,""physical_error_rate"":0.002}","{""detection_events"":1632,""detectors_checked"":220320}"
      4096,         0,         0,   0.360,standalone_exact_mw,3bd544bb51e006261b45d3a2c996e28fc0c0449411cee5f7deafcd25d9539ebc,"{""distance"":7,""physical_error_rate"":0.001}","{""detection_events"":12882,""detectors_checked"":3317760}"
       272,         0,         0,   0.030,standalone_exact_mw,9d8ad86e51451842b54dafc7680d1b486ef291963bb72c70f3cdd570d2d8fa34,"{""distance"":7,""physical_error_rate"":0.002}","{""detection_events"":1672,""detectors_checked"":220320}"
      1024,         0,         0,   0.213,standalone_exact_mw,9d8ad86e51451842b54dafc7680d1b486ef291963bb72c70f3cdd570d2d8fa34,"{""distance"":7,""physical_error_rate"":0.002}","{""detection_events"":6177,""detectors_checked"":829440}"
      1024,         0,         0,   0.072,standalone_exact_mw,3bd544bb51e006261b45d3a2c996e28fc0c0449411cee5f7deafcd25d9539ebc,"{""distance"":7,""physical_error_rate"":0.001}","{""detection_events"":3353,""detectors_checked"":829440}"
      1024,         0,         0,   0.079,standalone_exact_mw,3bd544bb51e006261b45d3a2c996e28fc0c0449411cee5f7deafcd25d9539ebc,"{""distance"":7,""physical_error_rate"":0.001}","{""detection_events"":3384,""detectors_checked"":829440}"
      2048,         0,         0,   0.163,standalone_exact_mw,9d8ad86e51451842b54dafc7680d1b486ef291963bb72c70f3cdd570d2d8fa34,"{""distance"":7,""physical_error_rate"":0.002}","{""detection_events"":12887,""detectors_checked"":1658880}"
      3072,         0,         0,   0.214,standalone_exact_mw,3bd544bb51e006261b45d3a2c996e28fc0c0449411cee5f7deafcd25d9539ebc,"{""distance"":7,""physical_error_rate"":0.001}","{""detection_events"":9741,""detectors_checked"":2488320}"
      1024,         0,         0,   0.086,standalone_exact_mw,3bd544bb51e006261b45d3a2c996e28fc0c0449411cee5f7deafcd25d9539ebc,"{""distance"":7,""physical_error_rate"":0.001}","{""detection_events"":3231,""detectors_checked"":829440}"
      1024,         0,         0,   0.085,standalone_exact_mw,3bd544bb51e006261b45d3a2c996e28fc0c0449411cee5f7deafcd25d9539ebc,"{""distance"":7,""physical_error_rate"":0.001}","{""detection_events"":3193,""detectors_checked"":829440}"
      3072,         0,         0,   0.269,standalone_exact_mw,9d8ad86e51451842b54dafc7680d1b486ef291963bb72c70f3cdd570d2d8fa34,"{""distance"":7,""physical_error_rate"":0.002}","{""detection_events"":19045,""detectors_checked"":2488320}"
      2048,         0,         0,   0.187,standalone_exact_mw,9d8ad86e51451842b54dafc7680d1b486ef291963bb72c70f3cdd570d2d8fa34,"{""distance"":7,""physical_error_rate"":0.002}","{""detection_events"":12584,""detectors_checked"":1658880}"
      1024,         0,         0,   0.056,standalone_exact_mw,3bd544bb51e006261b45d3a2c996e28fc0c0449411cee5f7deafcd25d9539ebc,"{""distance"":7,""physical_error_rate"":0.001}","{""detection_events"":3042,""detectors_checked"":829440}"
      1024,         0,         0,   0.058,standalone_exact_mw,3bd544bb51e006261b45d3a2c996e28fc0c0449411cee5f7deafcd25d9539ebc,"{""distance"":7,""physical_error_rate"":0.001}","{""detection_events"":3177,""detectors_checked"":829440}"
      1024,         0,         0,   0.116,standalone_exact_mw,9d8ad86e51451842b54dafc7680d1b486ef291963bb72c70f3cdd570d2d8fa34,"{""distance"":7,""physical_error_rate"":0.002}","{""detection_events"":6198,""detectors_checked"":829440}"
      2048,         0,         0,   0.154,standalone_exact_mw,9d8ad86e51451842b54dafc7680d1b486ef291963bb72c70f3cdd570d2d8fa34,"{""distance"":7,""physical_error_rate"":0.002}","{""detection_events"":12777,""detectors_checked"":1658880}"
       273,         0,         0,   0.029,standalone_exact_mw,9d8ad86e51451842b54dafc7680d1b486ef291963bb72c70f3cdd570d2d8fa34,"{""distance"":7,""physical_error_rate"":0.002}","{""detection_events"":1782,""detectors_checked"":221130}"
      2048,         0,         0,   0.253,standalone_exact_mw,3bd544bb51e006261b45d3a2c996e28fc0c0449411cee5f7deafcd25d9539ebc,"{""distance"":7,""physical_error_rate"":0.001}","{""detection_events"":6413,""detectors_checked"":1658880}"
      1024,         0,         0,   0.113,standalone_exact_mw,9d8ad86e51451842b54dafc7680d1b486ef291963bb72c70f3cdd570d2d8fa34,"{""distance"":7,""physical_error_rate"":0.002}","{""detection_events"":6489,""detectors_checked"":829440}"
      2048,         0,         0,   0.162,standalone_exact_mw,9d8ad86e51451842b54dafc7680d1b486ef291963bb72c70f3cdd570d2d8fa34,"{""distance"":7,""physical_error_rate"":0.002}","{""detection_events"":12610,""detectors_checked"":1658880}"
      2048,         0,         0,   0.151,standalone_exact_mw,9d8ad86e51451842b54dafc7680d1b486ef291963bb72c70f3cdd570d2d8fa34,"{""distance"":7,""physical_error_rate"":0.002}","{""detection_events"":13064,""detectors_checked"":1658880}"
      1024,         0,         0,   0.086,standalone_exact_mw,3bd544bb51e006261b45d3a2c996e28fc0c0449411cee5f7deafcd25d9539ebc,"{""distance"":7,""physical_error_rate"":0.001}","{""detection_events"":3257,""detectors_checked"":829440}"
      7168,         0,         0,   0.400,standalone_exact_mw,9d8ad86e51451842b54dafc7680d1b486ef291963bb72c70f3cdd570d2d8fa34,"{""distance"":7,""physical_error_rate"":0.002}","{""detection_events"":45181,""detectors_checked"":5806080}"
      1024,         0,         0,   0.077,standalone_exact_mw,3bd544bb51e006261b45d3a2c996e28fc0c0449411cee5f7deafcd25d9539ebc,"{""distance"":7,""physical_error_rate"":0.001}","{""detection_events"":3114,""detectors_checked"":829440}"
      2048,         0,         0,   0.165,standalone_exact_mw,9d8ad86e51451842b54dafc7680d1b486ef291963bb72c70f3cdd570d2d8fa34,"{""distance"":7,""physical_error_rate"":0.002}","{""detection_events"":12781,""detectors_checked"":1658880}"
      1024,         0,         0,   0.190,standalone_exact_mw,9d8ad86e51451842b54dafc7680d1b486ef291963bb72c70f3cdd570d2d8fa34,"{""distance"":7,""physical_error_rate"":0.002}","{""detection_events"":6326,""detectors_checked"":829440}"
      2048,         0,         0,   0.094,standalone_exact_mw,3bd544bb51e006261b45d3a2c996e28fc0c0449411cee5f7deafcd25d9539ebc,"{""distance"":7,""physical_error_rate"":0.001}","{""detection_events"":6424,""detectors_checked"":1658880}"
      1024,         0,         0,   0.084,standalone_exact_mw,3bd544bb51e006261b45d3a2c996e28fc0c0449411cee5f7deafcd25d9539ebc,"{""distance"":7,""physical_error_rate"":0.001}","{""detection_events"":3189,""detectors_checked"":829440}"
      1024,         0,         0,   0.082,standalone_exact_mw,9d8ad86e51451842b54dafc7680d1b486ef291963bb72c70f3cdd570d2d8fa34,"{""distance"":7,""physical_error_rate"":0.002}","{""detection_events"":6354,""detectors_checked"":829440}"
      1024,         0,         0,   0.108,standalone_exact_mw,9d8ad86e51451842b54dafc7680d1b486ef291963bb72c70f3cdd570d2d8fa34,"{""distance"":7,""physical_error_rate"":0.002}","{""detection_events"":6273,""detectors_checked"":829440}"
      1024,         0,         0,   0.067,standalone_exact_mw,3bd544bb51e006261b45d3a2c996e28fc0c0449411cee5f7deafcd25d9539ebc,"{""distance"":7,""physical_error_rate"":0.001}","{""detection_events"":3195,""detectors_checked"":829440}"
      1024,         0,         0,   0.220,standalone_exact_mw,9d8ad86e51451842b54dafc7680d1b486ef291963bb72c70f3cdd570d2d8fa34,"{""distance"":7,""physical_error_rate"":0.002}","{""detection_events"":6397,""detectors_checked"":829440}"
      8192,         0,         0,   0.571,standalone_exact_mw,3bd544bb51e006261b45d3a2c996e28fc0c0449411cee5f7deafcd25d9539ebc,"{""distance"":7,""physical_error_rate"":0.001}","{""detection_events"":25594,""detectors_checked"":6635520}"
      1024,         0,         0,   0.102,standalone_exact_mw,9d8ad86e51451842b54dafc7680d1b486ef291963bb72c70f3cdd570d2d8fa34,"{""distance"":7,""physical_error_rate"":0.002}","{""detection_events"":6371,""detectors_checked"":829440}"
      1024,         0,         0,   0.086,standalone_exact_mw,3bd544bb51e006261b45d3a2c996e28fc0c0449411cee5f7deafcd25d9539ebc,"{""distance"":7,""physical_error_rate"":0.001}","{""detection_events"":3219,""detectors_checked"":829440}"
      1024,         0,         0,   0.085,standalone_exact_mw,3bd544bb51e006261b45d3a2c996e28fc0c0449411cee5f7deafcd25d9539ebc,"{""distance"":7,""physical_error_rate"":0.001}","{""detection_events"":2998,""detectors_checked"":829440}"
      6144,         0,         0,   0.688,standalone_exact_mw,9d8ad86e51451842b54dafc7680d1b486ef291963bb72c70f3cdd570d2d8fa34,"{""distance"":7,""physical_error_rate"":0.002}","{""detection_events"":37646,""detectors_checked"":4976640}"
      5120,         0,         0,   0.335,standalone_exact_mw,3bd544bb51e006261b45d3a2c996e28fc0c0449411cee5f7deafcd25d9539ebc,"{""distance"":7,""physical_error_rate"":0.001}","{""detection_events"":16147,""detectors_checked"":4147200}"
      2048,         0,         0,   0.107,standalone_exact_mw,3bd544bb51e006261b45d3a2c996e28fc0c0449411cee5f7deafcd25d9539ebc,"{""distance"":7,""physical_error_rate"":0.001}","{""detection_events"":6347,""detectors_checked"":1658880}"
      1024,         0,         0,   0.064,standalone_exact_mw,3bd544bb51e006261b45d3a2c996e28fc0c0449411cee5f7deafcd25d9539ebc,"{""distance"":7,""physical_error_rate"":0.001}","{""detection_events"":3155,""detectors_checked"":829440}"
      2048,         0,         0,   0.161,standalone_exact_mw,9d8ad86e51451842b54dafc7680d1b486ef291963bb72c70f3cdd570d2d8fa34,"{""distance"":7,""physical_error_rate"":0.002}","{""detection_events"":12919,""detectors_checked"":1658880}"
      1024,         0,         0,   0.079,standalone_exact_mw,9d8ad86e51451842b54dafc7680d1b486ef291963bb72c70f3cdd570d2d8fa34,"{""distance"":7,""physical_error_rate"":0.002}","{""detection_events"":6371,""detectors_checked"":829440}"
      3072,         0,         0,   0.274,standalone_exact_mw,9d8ad86e51451842b54dafc7680d1b486ef291963bb72c70f3cdd570d2d8fa34,"{""distance"":7,""physical_error_rate"":0.002}","{""detection_events"":19285,""detectors_checked"":2488320}"
      1024,         0,         0,   0.080,standalone_exact_mw,9d8ad86e51451842b54dafc7680d1b486ef291963bb72c70f3cdd570d2d8fa34,"{""distance"":7,""physical_error_rate"":0.002}","{""detection_events"":6265,""detectors_checked"":829440}"
      1024,         0,         0,   0.064,standalone_exact_mw,9d8ad86e51451842b54dafc7680d1b486ef291963bb72c70f3cdd570d2d8fa34,"{""distance"":7,""physical_error_rate"":0.002}","{""detection_events"":6256,""detectors_checked"":829440}"
      4096,         0,         0,   0.270,standalone_exact_mw,9d8ad86e51451842b54dafc7680d1b486ef291963bb72c70f3cdd570d2d8fa34,"{""distance"":7,""physical_error_rate"":0.002}","{""detection_events"":25810,""detectors_checked"":3317760}"
      3072,         0,         0,   0.240,standalone_exact_mw,9d8ad86e51451842b54dafc7680d1b486ef291963bb72c70f3cdd570d2d8fa34,"{""distance"":7,""physical_error_rate"":0.002}","{""detection_events"":18888,""detectors_checked"":2488320}"
      1024,         0,         0,   0.107,standalone_exact_mw,3bd544bb51e006261b45d3a2c996e28fc0c0449411cee5f7deafcd25d9539ebc,"{""distance"":7,""physical_error_rate"":0.001}","{""detection_events"":3069,""detectors_checked"":829440}"
      3072,         0,         0,   0.216,standalone_exact_mw,9d8ad86e51451842b54dafc7680d1b486ef291963bb72c70f3cdd570d2d8fa34,"{""distance"":7,""physical_error_rate"":0.002}","{""detection_events"":18647,""detectors_checked"":2488320}"
      6144,         0,         0,   0.466,standalone_exact_mw,3bd544bb51e006261b45d3a2c996e28fc0c0449411cee5f7deafcd25d9539ebc,"{""distance"":7,""physical_error_rate"":0.001}","{""detection_events"":18930,""detectors_checked"":4976640}"
      1024,         0,         0,   0.077,standalone_exact_mw,3bd544bb51e006261b45d3a2c996e28fc0c0449411cee5f7deafcd25d9539ebc,"{""distance"":7,""physical_error_rate"":0.001}","{""detection_events"":3148,""detectors_checked"":829440}"
        17,         0,         0,   0.028,standalone_exact_mw,3bd544bb51e006261b45d3a2c996e28fc0c0449411cee5f7deafcd25d9539ebc,"{""distance"":7,""physical_error_rate"":0.001}","{""detection_events"":49,""detectors_checked"":13770}"
      1024,         0,         0,   0.082,standalone_exact_mw,9d8ad86e51451842b54dafc7680d1b486ef291963bb72c70f3cdd570d2d8fa34,"{""distance"":7,""physical_error_rate"":0.002}","{""detection_events"":6440,""detectors_checked"":829440}"
      5120,         0,         0,   0.332,standalone_exact_mw,3bd544bb51e006261b45d3a2c996e28fc0c0449411cee5f7deafcd25d9539ebc,"{""distance"":7,""physical_error_rate"":0.001}","{""detection_events"":15813,""detectors_checked"":4147200}"
      8192,         0,         0,   0.482,standalone_exact_mw,3bd544bb51e006261b45d3a2c996e28fc0c0449411cee5f7deafcd25d9539ebc,"{""distance"":7,""physical_error_rate"":0.001}","{""detection_events"":25892,""detectors_checked"":6635520}"
      1024,         0,         0,   0.082,standalone_exact_mw,9d8ad86e51451842b54dafc7680d1b486ef291963bb72c70f3cdd570d2d8fa34,"{""distance"":7,""physical_error_rate"":0.002}","{""detection_events"":6335,""detectors_checked"":829440}"
      1024,         0,         0,   0.082,standalone_exact_mw,9d8ad86e51451842b54dafc7680d1b486ef291963bb72c70f3cdd570d2d8fa34,"{""distance"":7,""physical_error_rate"":0.002}","{""detection_events"":6160,""detectors_checked"":829440}"
       256,         0,         0,   0.030,standalone_exact_mw,3bd544bb51e006261b45d3a2c996e28fc0c0449411cee5f7deafcd25d9539ebc,"{""distance"":7,""physical_error_rate"":0.001}","{""detection_events"":864,""detectors_checked"":207360}"
      3072,         0,         0,   0.242,standalone_exact_mw,9d8ad86e51451842b54dafc7680d1b486ef291963bb72c70f3cdd570d2d8fa34,"{""distance"":7,""physical_error_rate"":0.002}","{""detection_events"":19527,""detectors_checked"":2488320}"
      3072,         0,         0,   0.349,standalone_exact_mw,9d8ad86e51451842b54dafc7680d1b486ef291963bb72c70f3cdd570d2d8fa34,"{""distance"":7,""physical_error_rate"":0.002}","{""detection_events"":19310,""detectors_checked"":2488320}"
      2048,         0,         0,   0.171,standalone_exact_mw,3bd544bb51e006261b45d3a2c996e28fc0c0449411cee5f7deafcd25d9539ebc,"{""distance"":7,""physical_error_rate"":0.001}","{""detection_events"":6417,""detectors_checked"":1658880}"
      6144,         0,         0,   0.448,standalone_exact_mw,3bd544bb51e006261b45d3a2c996e28fc0c0449411cee5f7deafcd25d9539ebc,"{""distance"":7,""physical_error_rate"":0.001}","{""detection_events"":19224,""detectors_checked"":4976640}"
      1024,         0,         0,   0.082,standalone_exact_mw,9d8ad86e51451842b54dafc7680d1b486ef291963bb72c70f3cdd570d2d8fa34,"{""distance"":7,""physical_error_rate"":0.002}","{""detection_events"":6691,""detectors_checked"":829440}"
      1024,         0,         0,   0.082,standalone_exact_mw,9d8ad86e51451842b54dafc7680d1b486ef291963bb72c70f3cdd570d2d8fa34,"{""distance"":7,""physical_error_rate"":0.002}","{""detection_events"":6534,""detectors_checked"":829440}"
      1024,         0,         0,   0.082,standalone_exact_mw,9d8ad86e51451842b54dafc7680d1b486ef291963bb72c70f3cdd570d2d8fa34,"{""distance"":7,""physical_error_rate"":0.002}","{""detection_events"":6448,""detectors_checked"":829440}"
         1,         0,         0,   0.014,standalone_exact_mw,3bd544bb51e006261b45d3a2c996e28fc0c0449411cee5f7deafcd25d9539ebc,"{""distance"":7,""physical_error_rate"":0.001}","{""detectors_checked"":810}"
        16,         0,         0,   0.003,standalone_exact_mw,3bd544bb51e006261b45d3a2c996e28fc0c0449411cee5f7deafcd25d9539ebc,"{""distance"":7,""physical_error_rate"":0.001}","{""detection_events"":54,""detectors_checked"":12960}"
      2048,         0,         0,   0.325,standalone_exact_mw,9d8ad86e51451842b54dafc7680d1b486ef291963bb72c70f3cdd570d2d8fa34,"{""distance"":7,""physical_error_rate"":0.002}","{""detection_events"":12836,""detectors_checked"":1658880}"
      3072,         0,         0,   0.212,standalone_exact_mw,3bd544bb51e006261b45d3a2c996e28fc0c0449411cee5f7deafcd25d9539ebc,"{""distance"":7,""physical_error_rate"":0.001}","{""detection_events"":9471,""detectors_checked"":2488320}"
      2048,         0,         0,   0.136,standalone_exact_mw,3bd544bb51e006261b45d3a2c996e28fc0c0449411cee5f7deafcd25d9539ebc,"{""distance"":7,""physical_error_rate"":0.001}","{""detection_events"":6563,""detectors_checked"":1658880}"
      3072,         0,         0,   0.403,standalone_exact_mw,3bd544bb51e006261b45d3a2c996e28fc0c0449411cee5f7deafcd25d9539ebc,"{""distance"":7,""physical_error_rate"":0.001}","{""detection_events"":9603,""detectors_checked"":2488320}"
      2048,         0,         0,   0.166,standalone_exact_mw,3bd544bb51e006261b45d3a2c996e28fc0c0449411cee5f7deafcd25d9539ebc,"{""distance"":7,""physical_error_rate"":0.001}","{""detection_events"":6312,""detectors_checked"":1658880}"
       273,         0,         0,   0.031,standalone_exact_mw,3bd544bb51e006261b45d3a2c996e28fc0c0449411cee5f7deafcd25d9539ebc,"{""distance"":7,""physical_error_rate"":0.001}","{""detection_events"":781,""detectors_checked"":221130}"
      1024,         0,         0,   0.072,standalone_exact_mw,9d8ad86e51451842b54dafc7680d1b486ef291963bb72c70f3cdd570d2d8fa34,"{""distance"":7,""physical_error_rate"":0.002}","{""detection_events"":6435,""detectors_checked"":829440}"
      3072,         0,         0,   0.244,standalone_exact_mw,9d8ad86e51451842b54dafc7680d1b486ef291963bb72c70f3cdd570d2d8fa34,"{""distance"":7,""physical_error_rate"":0.002}","{""detection_events"":19198,""detectors_checked"":2488320}"
      1280,         0,         0,   0.056,standalone_exact_mw,3bd544bb51e006261b45d3a2c996e28fc0c0449411cee5f7deafcd25d9539ebc,"{""distance"":7,""physical_error_rate"":0.001}","{""detection_events"":3845,""detectors_checked"":1036800}"
      2048,         0,         0,   0.045,standalone_exact_mw,3bd544bb51e006261b45d3a2c996e28fc0c0449411cee5f7deafcd25d9539ebc,"{""distance"":7,""physical_error_rate"":0.001}","{""detection_events"":6313,""detectors_checked"":1658880}"
      1024,         0,         0,   0.175,standalone_exact_mw,3bd544bb51e006261b45d3a2c996e28fc0c0449411cee5f7deafcd25d9539ebc,"{""distance"":7,""physical_error_rate"":0.001}","{""detection_events"":3223,""detectors_checked"":829440}"
         1,         0,         0,   0.042,standalone_exact_mw,3bd544bb51e006261b45d3a2c996e28fc0c0449411cee5f7deafcd25d9539ebc,"{""distance"":7,""physical_error_rate"":0.001}","{""detection_events"":2,""detectors_checked"":810}"
      4096,         0,         0,   0.375,standalone_exact_mw,9d8ad86e51451842b54dafc7680d1b486ef291963bb72c70f3cdd570d2d8fa34,"{""distance"":7,""physical_error_rate"":0.002}","{""detection_events"":25297,""detectors_checked"":3317760}"
      1024,         0,         0,   0.072,standalone_exact_mw,3bd544bb51e006261b45d3a2c996e28fc0c0449411cee5f7deafcd25d9539ebc,"{""distance"":7,""physical_error_rate"":0.001}","{""detection_events"":3204,""detectors_checked"":829440}"
      2048,         0,         0,   0.164,standalone_exact_mw,9d8ad86e51451842b54dafc7680d1b486ef291963bb72c70f3cdd570d2d8fa34,"{""distance"":7,""physical_error_rate"":0.002}","{""detection_events"":12782,""detectors_checked"":1658880}"
       136,         0,         0,   0.034,standalone_exact_mw,3bd544bb51e006261b45d3a2c996e28fc0c0449411cee5f7deafcd25d9539ebc,"{""distance"":7,""physical_error_rate"":0.001}","{""detection_events"":463,""detectors_checked"":110160}"
      3072,         0,         0,   0.337,standalone_exact_mw,9d8ad86e51451842b54dafc7680d1b486ef291963bb72c70f3cdd570d2d8fa34,"{""distance"":7,""physical_error_rate"":0.002}","{""detection_events"":19024,""detectors_checked"":2488320}"
      2048,         0,         0,   0.124,standalone_exact_mw,9d8ad86e51451842b54dafc7680d1b486ef291963bb72c70f3cdd570d2d8fa34,"{""distance"":7,""physical_error_rate"":0.002}","{""detection_events"":12591,""detectors_checked"":1658880}"
      2048,         0,         0,   0.164,standalone_exact_mw,9d8ad86e51451842b54dafc7680d1b486ef291963bb72c70f3cdd570d2d8fa34,"{""distance"":7,""physical_error_rate"":0.002}","{""detection_events"":12772,""detectors_checked"":1658880}"
      4096,         0,         0,   0.321,standalone_exact_mw,9d8ad86e51451842b54dafc7680d1b486ef291963bb72c70f3cdd570d2d8fa34,"{""distance"":7,""physical_error_rate"":0.002}","{""detection_events"":25536,""detectors_checked"":3317760}"
      2048,         0,         0,   0.058,standalone_exact_mw,3bd544bb51e006261b45d3a2c996e28fc0c0449411cee5f7deafcd25d9539ebc,"{""distance"":7,""physical_error_rate"":0.001}","{""detection_events"":6216,""detectors_checked"":1658880}"
      4096,         0,         0,   0.327,standalone_exact_mw,9d8ad86e51451842b54dafc7680d1b486ef291963bb72c70f3cdd570d2d8fa34,"{""distance"":7,""physical_error_rate"":0.002}","{""detection_events"":25499,""detectors_checked"":3317760}"
      1024,         0,         0,   0.086,standalone_exact_mw,3bd544bb51e006261b45d3a2c996e28fc0c0449411cee5f7deafcd25d9539ebc,"{""distance"":7,""physical_error_rate"":0.001}","{""detection_events"":3246,""detectors_checked"":829440}"
      4096,         0,         0,   0.318,standalone_exact_mw,9d8ad86e51451842b54dafc7680d1b486ef291963bb72c70f3cdd570d2d8fa34,"{""distance"":7,""physical_error_rate"":0.002}","{""detection_events"":25284,""detectors_checked"":3317760}"
      3072,         0,         0,   0.285,standalone_exact_mw,3bd544bb51e006261b45d3a2c996e28fc0c0449411cee5f7deafcd25d9539ebc,"{""distance"":7,""physical_error_rate"":0.001}","{""detection_events"":9626,""detectors_checked"":2488320}"
      3072,         0,         0,   0.194,standalone_exact_mw,3bd544bb51e006261b45d3a2c996e28fc0c0449411cee5f7deafcd25d9539ebc,"{""distance"":7,""physical_error_rate"":0.001}","{""detection_events"":9527,""detectors_checked"":2488320}"
      7168,         0,         0,   0.445,standalone_exact_mw,3bd544bb51e006261b45d3a2c996e28fc0c0449411cee5f7deafcd25d9539ebc,"{""distance"":7,""physical_error_rate"":0.001}","{""detection_events"":22035,""detectors_checked"":5806080}"
   2074624,         0,         0,   119.7,standalone_exact_mw,3bd544bb51e006261b45d3a2c996e28fc0c0449411cee5f7deafcd25d9539ebc,"{""distance"":7,""physical_error_rate"":0.001}","{""detection_events"":6483826,""detectors_checked"":1680445440}"
      1024,         0,         0,   0.050,standalone_exact_mw,3bd544bb51e006261b45d3a2c996e28fc0c0449411cee5f7deafcd25d9539ebc,"{""distance"":7,""physical_error_rate"":0.001}","{""detection_events"":3306,""detectors_checked"":829440}"
      7168,         0,         0,   0.586,standalone_exact_mw,9d8ad86e51451842b54dafc7680d1b486ef291963bb72c70f3cdd570d2d8fa34,"{""distance"":7,""physical_error_rate"":0.002}","{""detection_events"":44001,""detectors_checked"":5806080}"
      4096,         0,         0,   0.355,standalone_exact_mw,9d8ad86e51451842b54dafc7680d1b486ef291963bb72c70f3cdd570d2d8fa34,"{""distance"":7,""physical_error_rate"":0.002}","{""detection_events"":25466,""detectors_checked"":3317760}"
      1024,         0,         0,   0.086,standalone_exact_mw,3bd544bb51e006261b45d3a2c996e28fc0c0449411cee5f7deafcd25d9539ebc,"{""distance"":7,""physical_error_rate"":0.001}","{""detection_events"":3284,""detectors_checked"":829440}"
      1024,         0,         0,   0.212,standalone_exact_mw,3bd544bb51e006261b45d3a2c996e28fc0c0449411cee5f7deafcd25d9539ebc,"{""distance"":7,""physical_error_rate"":0.001}","{""detection_events"":3171,""detectors_checked"":829440}"
      2048,         0,         0,   0.157,standalone_exact_mw,9d8ad86e51451842b54dafc7680d1b486ef291963bb72c70f3cdd570d2d8fa34,"{""distance"":7,""physical_error_rate"":0.002}","{""detection_events"":12621,""detectors_checked"":1658880}"
      2048,         0,         0,   0.182,standalone_exact_mw,9d8ad86e51451842b54dafc7680d1b486ef291963bb72c70f3cdd570d2d8fa34,"{""distance"":7,""physical_error_rate"":0.002}","{""detection_events"":12987,""detectors_checked"":1658880}"
      3072,         0,         0,   0.279,standalone_exact_mw,3bd544bb51e006261b45d3a2c996e28fc0c0449411cee5f7deafcd25d9539ebc,"{""distance"":7,""physical_error_rate"":0.001}","{""detection_events"":9816,""detectors_checked"":2488320}"
      2048,         0,         0,   0.164,standalone_exact_mw,9d8ad86e51451842b54dafc7680d1b486ef291963bb72c70f3cdd570d2d8fa34,"{""distance"":7,""physical_error_rate"":0.002}","{""detection_events"":12757,""detectors_checked"":1658880}"
      7168,         0,         0,   0.467,standalone_exact_mw,3bd544bb51e006261b45d3a2c996e28fc0c0449411cee5f7deafcd25d9539ebc,"{""distance"":7,""physical_error_rate"":0.001}","{""detection_events"":22687,""detectors_checked"":5806080}"
      4096,         0,         0,   0.325,standalone_exact_mw,9d8ad86e51451842b54dafc7680d1b486ef291963bb72c70f3cdd570d2d8fa34,"{""distance"":7,""physical_error_rate"":0.002}","{""detection_events"":25537,""detectors_checked"":3317760}"
      2048,         0,         0,   0.381,standalone_exact_mw,3bd544bb51e006261b45d3a2c996e28fc0c0449411cee5f7deafcd25d9539ebc,"{""distance"":7,""physical_error_rate"":0.001}","{""detection_events"":6379,""detectors_checked"":1658880}"
      2048,         0,         0,   0.458,standalone_exact_mw,9d8ad86e51451842b54dafc7680d1b486ef291963bb72c70f3cdd570d2d8fa34,"{""distance"":7,""physical_error_rate"":0.002}","{""detection_events"":12735,""detectors_checked"":1658880}"
       273,         0,         0,   0.033,standalone_exact_mw,9d8ad86e51451842b54dafc7680d1b486ef291963bb72c70f3cdd570d2d8fa34,"{""distance"":7,""physical_error_rate"":0.002}","{""detection_events"":1708,""detectors_checked"":221130}"
        17,         0,         0,   0.027,standalone_exact_mw,9d8ad86e51451842b54dafc7680d1b486ef291963bb72c70f3cdd570d2d8fa34,"{""distance"":7,""physical_error_rate"":0.002}","{""detection_events"":101,""detectors_checked"":13770}"
      1024,         0,         0,   0.085,standalone_exact_mw,3bd544bb51e006261b45d3a2c996e28fc0c0449411cee5f7deafcd25d9539ebc,"{""distance"":7,""physical_error_rate"":0.001}","{""detection_events"":3119,""detectors_checked"":829440}"
      2048,         0,         0,   0.160,standalone_exact_mw,3bd544bb51e006261b45d3a2c996e28fc0c0449411cee5f7deafcd25d9539ebc,"{""distance"":7,""physical_error_rate"":0.001}","{""detection_events"":6329,""detectors_checked"":1658880}"
       256,         0,         0,   0.008,standalone_exact_mw,9d8ad86e51451842b54dafc7680d1b486ef291963bb72c70f3cdd570d2d8fa34,"{""distance"":7,""physical_error_rate"":0.002}","{""detection_events"":1643,""detectors_checked"":207360}"
      1024,         0,         0,   0.240,standalone_exact_mw,3bd544bb51e006261b45d3a2c996e28fc0c0449411cee5f7deafcd25d9539ebc,"{""distance"":7,""physical_error_rate"":0.001}","{""detection_events"":3318,""detectors_checked"":829440}"
      8192,         0,         0,   0.568,standalone_exact_mw,3bd544bb51e006261b45d3a2c996e28fc0c0449411cee5f7deafcd25d9539ebc,"{""distance"":7,""physical_error_rate"":0.001}","{""detection_events"":25188,""detectors_checked"":6635520}"
      1024,         0,         0,   0.086,standalone_exact_mw,3bd544bb51e006261b45d3a2c996e28fc0c0449411cee5f7deafcd25d9539ebc,"{""distance"":7,""physical_error_rate"":0.001}","{""detection_events"":3305,""detectors_checked"":829440}"
      1024,         0,         0,   0.175,standalone_exact_mw,3bd544bb51e006261b45d3a2c996e28fc0c0449411cee5f7deafcd25d9539ebc,"{""distance"":7,""physical_error_rate"":0.001}","{""detection_events"":3254,""detectors_checked"":829440}"
      3072,         0,         0,   0.173,standalone_exact_mw,9d8ad86e51451842b54dafc7680d1b486ef291963bb72c70f3cdd570d2d8fa34,"{""distance"":7,""physical_error_rate"":0.002}","{""detection_events"":19627,""detectors_checked"":2488320}"
      1024,         0,         0,   0.092,standalone_exact_mw,9d8ad86e51451842b54dafc7680d1b486ef291963bb72c70f3cdd570d2d8fa34,"{""distance"":7,""physical_error_rate"":0.002}","{""detection_events"":6407,""detectors_checked"":829440}"
      4096,         0,         0,   0.271,standalone_exact_mw,3bd544bb51e006261b45d3a2c996e28fc0c0449411cee5f7deafcd25d9539ebc,"{""distance"":7,""physical_error_rate"":0.001}","{""detection_events"":12920,""detectors_checked"":3317760}"
     10240,         0,         0,   0.612,standalone_exact_mw,3bd544bb51e006261b45d3a2c996e28fc0c0449411cee5f7deafcd25d9539ebc,"{""distance"":7,""physical_error_rate"":0.001}","{""detection_events"":32060,""detectors_checked"":8294400}"
      1024,         0,         0,   0.112,standalone_exact_mw,9d8ad86e51451842b54dafc7680d1b486ef291963bb72c70f3cdd570d2d8fa34,"{""distance"":7,""physical_error_rate"":0.002}","{""detection_events"":6327,""detectors_checked"":829440}"
      4096,         0,         0,   0.293,standalone_exact_mw,3bd544bb51e006261b45d3a2c996e28fc0c0449411cee5f7deafcd25d9539ebc,"{""distance"":7,""physical_error_rate"":0.001}","{""detection_events"":12929,""detectors_checked"":3317760}"
      7168,         0,         0,   0.575,standalone_exact_mw,3bd544bb51e006261b45d3a2c996e28fc0c0449411cee5f7deafcd25d9539ebc,"{""distance"":7,""physical_error_rate"":0.001}","{""detection_events"":22512,""detectors_checked"":5806080}"
      4096,         0,         0,   0.513,standalone_exact_mw,9d8ad86e51451842b54dafc7680d1b486ef291963bb72c70f3cdd570d2d8fa34,"{""distance"":7,""physical_error_rate"":0.002}","{""detection_events"":25602,""detectors_checked"":3317760}"
      5120,         0,         0,   0.506,standalone_exact_mw,3bd544bb51e006261b45d3a2c996e28fc0c0449411cee5f7deafcd25d9539ebc,"{""distance"":7,""physical_error_rate"":0.001}","{""detection_events"":16323,""detectors_checked"":4147200}"
      1024,         0,         0,   0.156,standalone_exact_mw,3bd544bb51e006261b45d3a2c996e28fc0c0449411cee5f7deafcd25d9539ebc,"{""distance"":7,""physical_error_rate"":0.001}","{""detection_events"":3274,""detectors_checked"":829440}"
      3072,         0,         0,   0.245,standalone_exact_mw,9d8ad86e51451842b54dafc7680d1b486ef291963bb72c70f3cdd570d2d8fa34,"{""distance"":7,""physical_error_rate"":0.002}","{""detection_events"":19006,""detectors_checked"":2488320}"
      1024,         0,         0,   0.086,standalone_exact_mw,3bd544bb51e006261b45d3a2c996e28fc0c0449411cee5f7deafcd25d9539ebc,"{""distance"":7,""physical_error_rate"":0.001}","{""detection_events"":3383,""detectors_checked"":829440}"
      3072,         0,         0,   0.251,standalone_exact_mw,9d8ad86e51451842b54dafc7680d1b486ef291963bb72c70f3cdd570d2d8fa34,"{""distance"":7,""physical_error_rate"":0.002}","{""detection_events"":18886,""detectors_checked"":2488320}"
     14336,         0,         0,   0.822,standalone_exact_mw,3bd544bb51e006261b45d3a2c996e28fc0c0449411cee5f7deafcd25d9539ebc,"{""distance"":7,""physical_error_rate"":0.001}","{""detection_events"":44767,""detectors_checked"":11612160}"
      7168,         0,         0,   0.796,standalone_exact_mw,9d8ad86e51451842b54dafc7680d1b486ef291963bb72c70f3cdd570d2d8fa34,"{""distance"":7,""physical_error_rate"":0.002}","{""detection_events"":44384,""detectors_checked"":5806080}"
      5120,         0,         0,   0.408,standalone_exact_mw,9d8ad86e51451842b54dafc7680d1b486ef291963bb72c70f3cdd570d2d8fa34,"{""distance"":7,""physical_error_rate"":0.002}","{""detection_events"":31154,""detectors_checked"":4147200}"
      2048,         0,         0,   0.175,standalone_exact_mw,3bd544bb51e006261b45d3a2c996e28fc0c0449411cee5f7deafcd25d9539ebc,"{""distance"":7,""physical_error_rate"":0.001}","{""detection_events"":6328,""detectors_checked"":1658880}"
      1024,         0,         0,   0.082,standalone_exact_mw,9d8ad86e51451842b54dafc7680d1b486ef291963bb72c70f3cdd570d2d8fa34,"{""distance"":7,""physical_error_rate"":0.002}","{""detection_events"":6455,""detectors_checked"":829440}"
      5120,         0,         0,   0.409,standalone_exact_mw,9d8ad86e51451842b54dafc7680d1b486ef291963bb72c70f3cdd570d2d8fa34,"{""distance"":7,""physical_error_rate"":0.002}","{""detection_events"":31417,""detectors_checked"":4147200}"
      4096,         0,         0,   0.472,standalone_exact_mw,9d8ad86e51451842b54dafc7680d1b486ef291963bb72c70f3cdd570d2d8fa34,"{""distance"":7,""physical_error_rate"":0.002}","{""detection_events"":25591,""detectors_checked"":3317760}"
        17,         0,         0,   0.025,standalone_exact_mw,9d8ad86e51451842b54dafc7680d1b486ef291963bb72c70f3cdd570d2d8fa34,"{""distance"":7,""physical_error_rate"":0.002}","{""detection_events"":121,""detectors_checked"":13770}"
      1024,         0,         0,   0.135,standalone_exact_mw,9d8ad86e51451842b54dafc7680d1b486ef291963bb72c70f3cdd570d2d8fa34,"{""distance"":7,""physical_error_rate"":0.002}","{""detection_events"":6365,""detectors_checked"":829440}"
      9216,         0,         0,   0.531,standalone_exact_mw,9d8ad86e51451842b54dafc7680d1b486ef291963bb72c70f3cdd570d2d8fa34,"{""distance"":7,""physical_error_rate"":0.002}","{""detection_events"":57212,""detectors_checked"":7464960}"
       256,         0,         0,   0.048,standalone_exact_mw,9d8ad86e51451842b54dafc7680d1b486ef291963bb72c70f3cdd570d2d8fa34,"{""distance"":7,""physical_error_rate"":0.002}","{""detection_events"":1702,""detectors_checked"":207360}"
         1,         0,         0,   0.023,standalone_exact_mw,9d8ad86e51451842b54dafc7680d1b486ef291963bb72c70f3cdd570d2d8fa34,"{""distance"":7,""physical_error_rate"":0.002}","{""detection_events"":10,""detectors_checked"":810}"
       272,         0,         0,   0.016,standalone_exact_mw,9d8ad86e51451842b54dafc7680d1b486ef291963bb72c70f3cdd570d2d8fa34,"{""distance"":7,""physical_error_rate"":0.002}","{""detection_events"":1651,""detectors_checked"":220320}"
      4096,         0,         0,   0.213,standalone_exact_mw,9d8ad86e51451842b54dafc7680d1b486ef291963bb72c70f3cdd570d2d8fa34,"{""distance"":7,""physical_error_rate"":0.002}","{""detection_events"":25032,""detectors_checked"":3317760}"
      4096,         0,         0,   0.364,standalone_exact_mw,3bd544bb51e006261b45d3a2c996e28fc0c0449411cee5f7deafcd25d9539ebc,"{""distance"":7,""physical_error_rate"":0.001}","{""detection_events"":12814,""detectors_checked"":3317760}"
      4096,         0,         0,   0.465,standalone_exact_mw,9d8ad86e51451842b54dafc7680d1b486ef291963bb72c70f3cdd570d2d8fa34,"{""distance"":7,""physical_error_rate"":0.002}","{""detection_events"":25360,""detectors_checked"":3317760}"
      1024,         0,         0,   0.113,standalone_exact_mw,9d8ad86e51451842b54dafc7680d1b486ef291963bb72c70f3cdd570d2d8fa34,"{""distance"":7,""physical_error_rate"":0.002}","{""detection_events"":6213,""detectors_checked"":829440}"
      2048,         0,         0,   0.137,standalone_exact_mw,3bd544bb51e006261b45d3a2c996e28fc0c0449411cee5f7deafcd25d9539ebc,"{""distance"":7,""physical_error_rate"":0.001}","{""detection_events"":6492,""detectors_checked"":1658880}"
         1,         0,         0,   0.003,standalone_exact_mw,3bd544bb51e006261b45d3a2c996e28fc0c0449411cee5f7deafcd25d9539ebc,"{""distance"":7,""physical_error_rate"":0.001}","{""detection_events"":4,""detectors_checked"":810}"
        16,         0,         0,   0.002,standalone_exact_mw,3bd544bb51e006261b45d3a2c996e28fc0c0449411cee5f7deafcd25d9539ebc,"{""distance"":7,""physical_error_rate"":0.001}","{""detection_events"":38,""detectors_checked"":12960}"
      1024,         0,         0,   0.165,standalone_exact_mw,3bd544bb51e006261b45d3a2c996e28fc0c0449411cee5f7deafcd25d9539ebc,"{""distance"":7,""physical_error_rate"":0.001}","{""detection_events"":3179,""detectors_checked"":829440}"
      1024,         0,         0,   0.268,standalone_exact_mw,3bd544bb51e006261b45d3a2c996e28fc0c0449411cee5f7deafcd25d9539ebc,"{""distance"":7,""physical_error_rate"":0.001}","{""detection_events"":3041,""detectors_checked"":829440}"
      1024,         0,         0,   0.114,standalone_exact_mw,9d8ad86e51451842b54dafc7680d1b486ef291963bb72c70f3cdd570d2d8fa34,"{""distance"":7,""physical_error_rate"":0.002}","{""detection_events"":6208,""detectors_checked"":829440}"
       256,         0,         0,   0.036,standalone_exact_mw,3bd544bb51e006261b45d3a2c996e28fc0c0449411cee5f7deafcd25d9539ebc,"{""distance"":7,""physical_error_rate"":0.001}","{""detection_events"":804,""detectors_checked"":207360}"
      7168,         0,         0,   0.518,standalone_exact_mw,9d8ad86e51451842b54dafc7680d1b486ef291963bb72c70f3cdd570d2d8fa34,"{""distance"":7,""physical_error_rate"":0.002}","{""detection_events"":44595,""detectors_checked"":5806080}"
      1024,         0,         0,   0.151,standalone_exact_mw,9d8ad86e51451842b54dafc7680d1b486ef291963bb72c70f3cdd570d2d8fa34,"{""distance"":7,""physical_error_rate"":0.002}","{""detection_events"":6507,""detectors_checked"":829440}"
      2048,         0,         0,   0.191,standalone_exact_mw,3bd544bb51e006261b45d3a2c996e28fc0c0449411cee5f7deafcd25d9539ebc,"{""distance"":7,""physical_error_rate"":0.001}","{""detection_events"":6273,""detectors_checked"":1658880}"
      5120,         0,         0,   0.414,standalone_exact_mw,9d8ad86e51451842b54dafc7680d1b486ef291963bb72c70f3cdd570d2d8fa34,"{""distance"":7,""physical_error_rate"":0.002}","{""detection_events"":32406,""detectors_checked"":4147200}"
      8192,         0,         0,   0.577,standalone_exact_mw,3bd544bb51e006261b45d3a2c996e28fc0c0449411cee5f7deafcd25d9539ebc,"{""distance"":7,""physical_error_rate"":0.001}","{""detection_events"":25661,""detectors_checked"":6635520}"
      1024,         0,         0,   0.102,standalone_exact_mw,9d8ad86e51451842b54dafc7680d1b486ef291963bb72c70f3cdd570d2d8fa34,"{""distance"":7,""physical_error_rate"":0.002}","{""detection_events"":6349,""detectors_checked"":829440}"
      2048,         0,         0,   0.432,standalone_exact_mw,3bd544bb51e006261b45d3a2c996e28fc0c0449411cee5f7deafcd25d9539ebc,"{""distance"":7,""physical_error_rate"":0.001}","{""detection_events"":6255,""detectors_checked"":1658880}"
       273,         0,         0,   0.031,standalone_exact_mw,3bd544bb51e006261b45d3a2c996e28fc0c0449411cee5f7deafcd25d9539ebc,"{""distance"":7,""physical_error_rate"":0.001}","{""detection_events"":862,""detectors_checked"":221130}"
      5120,         0,         0,   0.331,standalone_exact_mw,3bd544bb51e006261b45d3a2c996e28fc0c0449411cee5f7deafcd25d9539ebc,"{""distance"":7,""physical_error_rate"":0.001}","{""detection_events"":16152,""detectors_checked"":4147200}"
      1024,         0,         0,   0.136,standalone_exact_mw,9d8ad86e51451842b54dafc7680d1b486ef291963bb72c70f3cdd570d2d8fa34,"{""distance"":7,""physical_error_rate"":0.002}","{""detection_events"":6097,""detectors_checked"":829440}"
      1024,         0,         0,   0.109,standalone_exact_mw,3bd544bb51e006261b45d3a2c996e28fc0c0449411cee5f7deafcd25d9539ebc,"{""distance"":7,""physical_error_rate"":0.001}","{""detection_events"":3209,""detectors_checked"":829440}"
      2048,         0,         0,   0.142,standalone_exact_mw,3bd544bb51e006261b45d3a2c996e28fc0c0449411cee5f7deafcd25d9539ebc,"{""distance"":7,""physical_error_rate"":0.001}","{""detection_events"":6590,""detectors_checked"":1658880}"
      1024,         0,         0,   0.109,standalone_exact_mw,9d8ad86e51451842b54dafc7680d1b486ef291963bb72c70f3cdd570d2d8fa34,"{""distance"":7,""physical_error_rate"":0.002}","{""detection_events"":6294,""detectors_checked"":829440}"
      3072,         0,         0,   0.307,standalone_exact_mw,9d8ad86e51451842b54dafc7680d1b486ef291963bb72c70f3cdd570d2d8fa34,"{""distance"":7,""physical_error_rate"":0.002}","{""detection_events"":19336,""detectors_checked"":2488320}"
      1024,         0,         0,   0.143,standalone_exact_mw,3bd544bb51e006261b45d3a2c996e28fc0c0449411cee5f7deafcd25d9539ebc,"{""distance"":7,""physical_error_rate"":0.001}","{""detection_events"":3191,""detectors_checked"":829440}"
      6144,         0,         0,   0.405,standalone_exact_mw,3bd544bb51e006261b45d3a2c996e28fc0c0449411cee5f7deafcd25d9539ebc,"{""distance"":7,""physical_error_rate"":0.001}","{""detection_events"":19052,""detectors_checked"":4976640}"
      4096,         0,         0,   0.343,standalone_exact_mw,9d8ad86e51451842b54dafc7680d1b486ef291963bb72c70f3cdd570d2d8fa34,"{""distance"":7,""physical_error_rate"":0.002}","{""detection_events"":25396,""detectors_checked"":3317760}"
      1024,         0,         0,   0.089,standalone_exact_mw,9d8ad86e51451842b54dafc7680d1b486ef291963bb72c70f3cdd570d2d8fa34,"{""distance"":7,""physical_error_rate"":0.002}","{""detection_events"":6204,""detectors_checked"":829440}"
      1024,         0,         0,   0.154,standalone_exact_mw,9d8ad86e51451842b54dafc7680d1b486ef291963bb72c70f3cdd570d2d8fa34,"{""distance"":7,""physical_error_rate"":0.002}","{""detection_events"":6532,""detectors_checked"":829440}"
      1024,         0,         0,   0.086,standalone_exact_mw,3bd544bb51e006261b45d3a2c996e28fc0c0449411cee5f7deafcd25d9539ebc,"{""distance"":7,""physical_error_rate"":0.001}","{""detection_events"":3111,""detectors_checked"":829440}"
      1024,         0,         0,   0.102,standalone_exact_mw,9d8ad86e51451842b54dafc7680d1b486ef291963bb72c70f3cdd570d2d8fa34,"{""distance"":7,""physical_error_rate"":0.002}","{""detection_events"":6307,""detectors_checked"":829440}"
      8192,         0,         0,   0.602,standalone_exact_mw,3bd544bb51e006261b45d3a2c996e28fc0c0449411cee5f7deafcd25d9539ebc,"{""distance"":7,""physical_error_rate"":0.001}","{""detection_events"":25641,""detectors_checked"":6635520}"
      1024,         0,         0,   0.133,standalone_exact_mw,9d8ad86e51451842b54dafc7680d1b486ef291963bb72c70f3cdd570d2d8fa34,"{""distance"":7,""physical_error_rate"":0.002}","{""detection_events"":6507,""detectors_checked"":829440}"
   1124352,         0,         0,   119.3,standalone_exact_mw,3bd544bb51e006261b45d3a2c996e28fc0c0449411cee5f7deafcd25d9539ebc,"{""distance"":7,""physical_error_rate"":0.001}","{""detection_events"":3514034,""detectors_checked"":910725120}"
      3072,         0,         0,   0.606,standalone_exact_mw,9d8ad86e51451842b54dafc7680d1b486ef291963bb72c70f3cdd570d2d8fa34,"{""distance"":7,""physical_error_rate"":0.002}","{""detection_events"":19036,""detectors_checked"":2488320}"
         1,         0,         0,   0.002,standalone_exact_mw,9d8ad86e51451842b54dafc7680d1b486ef291963bb72c70f3cdd570d2d8fa34,"{""distance"":7,""physical_error_rate"":0.002}","{""detection_events"":7,""detectors_checked"":810}"
      2048,         0,         0,   0.125,standalone_exact_mw,3bd544bb51e006261b45d3a2c996e28fc0c0449411cee5f7deafcd25d9539ebc,"{""distance"":7,""physical_error_rate"":0.001}","{""detection_events"":6417,""detectors_checked"":1658880}"
      1024,         0,         0,   0.230,standalone_exact_mw,3bd544bb51e006261b45d3a2c996e28fc0c0449411cee5f7deafcd25d9539ebc,"{""distance"":7,""physical_error_rate"":0.001}","{""detection_events"":3159,""detectors_checked"":829440}"
      1024,         0,         0,   0.052,standalone_exact_mw,3bd544bb51e006261b45d3a2c996e28fc0c0449411cee5f7deafcd25d9539ebc,"{""distance"":7,""physical_error_rate"":0.001}","{""detection_events"":3145,""detectors_checked"":829440}"
      1024,         0,         0,   0.063,standalone_exact_mw,9d8ad86e51451842b54dafc7680d1b486ef291963bb72c70f3cdd570d2d8fa34,"{""distance"":7,""physical_error_rate"":0.002}","{""detection_events"":6155,""detectors_checked"":829440}"
       272,         0,         0,   0.031,standalone_exact_mw,9d8ad86e51451842b54dafc7680d1b486ef291963bb72c70f3cdd570d2d8fa34,"{""distance"":7,""physical_error_rate"":0.002}","{""detection_events"":1621,""detectors_checked"":220320}"
      4096,         0,         0,   0.328,standalone_exact_mw,9d8ad86e51451842b54dafc7680d1b486ef291963bb72c70f3cdd570d2d8fa34,"{""distance"":7,""physical_error_rate"":0.002}","{""detection_events"":25688,""detectors_checked"":3317760}"
      1024,         0,         0,   0.077,standalone_exact_mw,9d8ad86e51451842b54dafc7680d1b486ef291963bb72c70f3cdd570d2d8fa34,"{""distance"":7,""physical_error_rate"":0.002}","{""detection_events"":6246,""detectors_checked"":829440}"
      1024,         0,         0,   0.171,standalone_exact_mw,3bd544bb51e006261b45d3a2c996e28fc0c0449411cee5f7deafcd25d9539ebc,"{""distance"":7,""physical_error_rate"":0.001}","{""detection_events"":3221,""detectors_checked"":829440}"
      3072,         0,         0,   0.276,standalone_exact_mw,3bd544bb51e006261b45d3a2c996e28fc0c0449411cee5f7deafcd25d9539ebc,"{""distance"":7,""physical_error_rate"":0.001}","{""detection_events"":9690,""detectors_checked"":2488320}"
      1024,         0,         0,   0.082,standalone_exact_mw,9d8ad86e51451842b54dafc7680d1b486ef291963bb72c70f3cdd570d2d8fa34,"{""distance"":7,""physical_error_rate"":0.002}","{""detection_events"":6498,""detectors_checked"":829440}"
      1024,         0,         0,   0.082,standalone_exact_mw,9d8ad86e51451842b54dafc7680d1b486ef291963bb72c70f3cdd570d2d8fa34,"{""distance"":7,""physical_error_rate"":0.002}","{""detection_events"":6580,""detectors_checked"":829440}"
      5120,         0,         0,   0.545,standalone_exact_mw,9d8ad86e51451842b54dafc7680d1b486ef291963bb72c70f3cdd570d2d8fa34,"{""distance"":7,""physical_error_rate"":0.002}","{""detection_events"":31461,""detectors_checked"":4147200}"
      3072,         0,         0,   0.212,standalone_exact_mw,3bd544bb51e006261b45d3a2c996e28fc0c0449411cee5f7deafcd25d9539ebc,"{""distance"":7,""physical_error_rate"":0.001}","{""detection_events"":9301,""detectors_checked"":2488320}"
      1024,         0,         0,   0.090,standalone_exact_mw,9d8ad86e51451842b54dafc7680d1b486ef291963bb72c70f3cdd570d2d8fa34,"{""distance"":7,""physical_error_rate"":0.002}","{""detection_events"":6290,""detectors_checked"":829440}"
      1024,         0,         0,   0.100,standalone_exact_mw,3bd544bb51e006261b45d3a2c996e28fc0c0449411cee5f7deafcd25d9539ebc,"{""distance"":7,""physical_error_rate"":0.001}","{""detection_events"":3235,""detectors_checked"":829440}"
     10240,         0,         0,   0.865,standalone_exact_mw,9d8ad86e51451842b54dafc7680d1b486ef291963bb72c70f3cdd570d2d8fa34,"{""distance"":7,""physical_error_rate"":0.002}","{""detection_events"":64029,""detectors_checked"":8294400}"
      1024,         0,         0,   0.086,standalone_exact_mw,3bd544bb51e006261b45d3a2c996e28fc0c0449411cee5f7deafcd25d9539ebc,"{""distance"":7,""physical_error_rate"":0.001}","{""detection_events"":3072,""detectors_checked"":829440}"
      1024,         0,         0,   0.108,standalone_exact_mw,9d8ad86e51451842b54dafc7680d1b486ef291963bb72c70f3cdd570d2d8fa34,"{""distance"":7,""physical_error_rate"":0.002}","{""detection_events"":6454,""detectors_checked"":829440}"
      6144,         0,         0,   0.596,standalone_exact_mw,3bd544bb51e006261b45d3a2c996e28fc0c0449411cee5f7deafcd25d9539ebc,"{""distance"":7,""physical_error_rate"":0.001}","{""detection_events"":19314,""detectors_checked"":4976640}"
      5120,         0,         0,   0.446,standalone_exact_mw,3bd544bb51e006261b45d3a2c996e28fc0c0449411cee5f7deafcd25d9539ebc,"{""distance"":7,""physical_error_rate"":0.001}","{""detection_events"":15822,""detectors_checked"":4147200}"
      1024,         0,         0,   0.082,standalone_exact_mw,9d8ad86e51451842b54dafc7680d1b486ef291963bb72c70f3cdd570d2d8fa34,"{""distance"":7,""physical_error_rate"":0.002}","{""detection_events"":6345,""detectors_checked"":829440}"
      1024,         0,         0,   0.134,standalone_exact_mw,9d8ad86e51451842b54dafc7680d1b486ef291963bb72c70f3cdd570d2d8fa34,"{""distance"":7,""physical_error_rate"":0.002}","{""detection_events"":6313,""detectors_checked"":829440}"
      2048,         0,         0,   0.172,standalone_exact_mw,3bd544bb51e006261b45d3a2c996e28fc0c0449411cee5f7deafcd25d9539ebc,"{""distance"":7,""physical_error_rate"":0.001}","{""detection_events"":6457,""detectors_checked"":1658880}"
      1024,         0,         0,   0.058,standalone_exact_mw,3bd544bb51e006261b45d3a2c996e28fc0c0449411cee5f7deafcd25d9539ebc,"{""distance"":7,""physical_error_rate"":0.001}","{""detection_events"":3126,""detectors_checked"":829440}"
      5120,         0,         0,   0.567,standalone_exact_mw,9d8ad86e51451842b54dafc7680d1b486ef291963bb72c70f3cdd570d2d8fa34,"{""distance"":7,""physical_error_rate"":0.002}","{""detection_events"":32135,""detectors_checked"":4147200}"
      7168,         0,         0,   0.588,standalone_exact_mw,9d8ad86e51451842b54dafc7680d1b486ef291963bb72c70f3cdd570d2d8fa34,"{""distance"":7,""physical_error_rate"":0.002}","{""detection_events"":44459,""detectors_checked"":5806080}"
      7168,         0,         0,   0.581,standalone_exact_mw,9d8ad86e51451842b54dafc7680d1b486ef291963bb72c70f3cdd570d2d8fa34,"{""distance"":7,""physical_error_rate"":0.002}","{""detection_events"":44413,""detectors_checked"":5806080}"
      1024,         0,         0,   0.091,standalone_exact_mw,9d8ad86e51451842b54dafc7680d1b486ef291963bb72c70f3cdd570d2d8fa34,"{""distance"":7,""physical_error_rate"":0.002}","{""detection_events"":6439,""detectors_checked"":829440}"
      1024,         0,         0,   0.086,standalone_exact_mw,3bd544bb51e006261b45d3a2c996e28fc0c0449411cee5f7deafcd25d9539ebc,"{""distance"":7,""physical_error_rate"":0.001}","{""detection_events"":3251,""detectors_checked"":829440}"
      1024,         0,         0,   0.082,standalone_exact_mw,9d8ad86e51451842b54dafc7680d1b486ef291963bb72c70f3cdd570d2d8fa34,"{""distance"":7,""physical_error_rate"":0.002}","{""detection_events"":6415,""detectors_checked"":829440}"
      1024,         0,         0,   0.167,standalone_exact_mw,3bd544bb51e006261b45d3a2c996e28fc0c0449411cee5f7deafcd25d9539ebc,"{""distance"":7,""physical_error_rate"":0.001}","{""detection_events"":3261,""detectors_checked"":829440}"
      5120,         0,         0,   0.397,standalone_exact_mw,3bd544bb51e006261b45d3a2c996e28fc0c0449411cee5f7deafcd25d9539ebc,"{""distance"":7,""physical_error_rate"":0.001}","{""detection_events"":15494,""detectors_checked"":4147200}"
      1024,         0,         0,   0.077,standalone_exact_mw,3bd544bb51e006261b45d3a2c996e28fc0c0449411cee5f7deafcd25d9539ebc,"{""distance"":7,""physical_error_rate"":0.001}","{""detection_events"":3105,""detectors_checked"":829440}"
        17,         0,         0,   0.025,standalone_exact_mw,3bd544bb51e006261b45d3a2c996e28fc0c0449411cee5f7deafcd25d9539ebc,"{""distance"":7,""physical_error_rate"":0.001}","{""detection_events"":27,""detectors_checked"":13770}"
     17408,         0,         0,   0.829,standalone_exact_mw,3bd544bb51e006261b45d3a2c996e28fc0c0449411cee5f7deafcd25d9539ebc,"{""distance"":7,""physical_error_rate"":0.001}","{""detection_events"":55001,""detectors_checked"":14100480}"
       256,         0,         0,   0.027,standalone_exact_mw,3bd544bb51e006261b45d3a2c996e28fc0c0449411cee5f7deafcd25d9539ebc,"{""distance"":7,""physical_error_rate"":0.001}","{""detection_events"":770,""detectors_checked"":207360}"
      2048,         0,         0,   0.216,standalone_exact_mw,9d8ad86e51451842b54dafc7680d1b486ef291963bb72c70f3cdd570d2d8fa34,"{""distance"":7,""physical_error_rate"":0.002}","{""detection_events"":12789,""detectors_checked"":1658880}"
      1024,         0,         0,   0.113,standalone_exact_mw,9d8ad86e51451842b54dafc7680d1b486ef291963bb72c70f3cdd570d2d8fa34,"{""distance"":7,""physical_error_rate"":0.002}","{""detection_events"":6274,""detectors_checked"":829440}"
      1024,         0,         0,   0.077,standalone_exact_mw,3bd544bb51e006261b45d3a2c996e28fc0c0449411cee5f7deafcd25d9539ebc,"{""distance"":7,""physical_error_rate"":0.001}","{""detection_events"":3169,""detectors_checked"":829440}"
      2048,         0,         0,   0.485,standalone_exact_mw,3bd544bb51e006261b45d3a2c996e28fc0c0449411cee5f7deafcd25d9539ebc,"{""distance"":7,""physical_error_rate"":0.001}","{""detection_events"":6450,""detectors_checked"":1658880}"
     10240,         0,         0,   0.811,standalone_exact_mw,3bd544bb51e006261b45d3a2c996e28fc0c0449411cee5f7deafcd25d9539ebc,"{""distance"":7,""physical_error_rate"":0.001}","{""detection_events"":32087,""detectors_checked"":8294400}"
      1024,         0,         0,   0.082,standalone_exact_mw,9d8ad86e51451842b54dafc7680d1b486ef291963bb72c70f3cdd570d2d8fa34,"{""distance"":7,""physical_error_rate"":0.002}","{""detection_events"":6395,""detectors_checked"":829440}"
      2048,         0,         0,   0.164,standalone_exact_mw,9d8ad86e51451842b54dafc7680d1b486ef291963bb72c70f3cdd570d2d8fa34,"{""distance"":7,""physical_error_rate"":0.002}","{""detection_events"":12727,""detectors_checked"":1658880}"
      7168,         0,         0,   0.628,standalone_exact_mw,9d8ad86e51451842b54dafc7680d1b486ef291963bb72c70f3cdd570d2d8fa34,"{""distance"":7,""physical_error_rate"":0.002}","{""detection_events"":44712,""detectors_checked"":5806080}"
      4096,         0,         0,   0.709,standalone_exact_mw,9d8ad86e51451842b54dafc7680d1b486ef291963bb72c70f3cdd570d2d8fa34,"{""distance"":7,""physical_error_rate"":0.002}","{""detection_events"":25358,""detectors_checked"":3317760}"
     10240,         0,         0,   0.798,standalone_exact_mw,3bd544bb51e006261b45d3a2c996e28fc0c0449411cee5f7deafcd25d9539ebc,"{""distance"":7,""physical_error_rate"":0.001}","{""detection_events"":32364,""detectors_checked"":8294400}"
        17,         0,         0,   0.025,standalone_exact_mw,3bd544bb51e006261b45d3a2c996e28fc0c0449411cee5f7deafcd25d9539ebc,"{""distance"":7,""physical_error_rate"":0.001}","{""detection_events"":51,""detectors_checked"":13770}"
      4096,         0,         0,   0.306,standalone_exact_mw,3bd544bb51e006261b45d3a2c996e28fc0c0449411cee5f7deafcd25d9539ebc,"{""distance"":7,""physical_error_rate"":0.001}","{""detection_events"":12827,""detectors_checked"":3317760}"
      5120,         0,         0,   0.492,standalone_exact_mw,9d8ad86e51451842b54dafc7680d1b486ef291963bb72c70f3cdd570d2d8fa34,"{""distance"":7,""physical_error_rate"":0.002}","{""detection_events"":32024,""detectors_checked"":4147200}"
      7168,         0,         0,   0.584,standalone_exact_mw,9d8ad86e51451842b54dafc7680d1b486ef291963bb72c70f3cdd570d2d8fa34,"{""distance"":7,""physical_error_rate"":0.002}","{""detection_events"":44839,""detectors_checked"":5806080}"
      1024,         0,         0,   0.108,standalone_exact_mw,3bd544bb51e006261b45d3a2c996e28fc0c0449411cee5f7deafcd25d9539ebc,"{""distance"":7,""physical_error_rate"":0.001}","{""detection_events"":3187,""detectors_checked"":829440}"
      5120,         0,         0,   0.459,standalone_exact_mw,9d8ad86e51451842b54dafc7680d1b486ef291963bb72c70f3cdd570d2d8fa34,"{""distance"":7,""physical_error_rate"":0.002}","{""detection_events"":31746,""detectors_checked"":4147200}"
      1024,         0,         0,   0.085,standalone_exact_mw,9d8ad86e51451842b54dafc7680d1b486ef291963bb72c70f3cdd570d2d8fa34,"{""distance"":7,""physical_error_rate"":0.002}","{""detection_events"":6492,""detectors_checked"":829440}"
      7168,         0,         0,   0.322,standalone_exact_mw,3bd544bb51e006261b45d3a2c996e28fc0c0449411cee5f7deafcd25d9539ebc,"{""distance"":7,""physical_error_rate"":0.001}","{""detection_events"":22566,""detectors_checked"":5806080}"
      2048,         0,         0,   0.135,standalone_exact_mw,3bd544bb51e006261b45d3a2c996e28fc0c0449411cee5f7deafcd25d9539ebc,"{""distance"":7,""physical_error_rate"":0.001}","{""detection_events"":6595,""detectors_checked"":1658880}"
      2048,         0,         0,   0.183,standalone_exact_mw,3bd544bb51e006261b45d3a2c996e28fc0c0449411cee5f7deafcd25d9539ebc,"{""distance"":7,""physical_error_rate"":0.001}","{""detection_events"":6456,""detectors_checked"":1658880}"
      4096,         0,         0,   0.650,standalone_exact_mw,9d8ad86e51451842b54dafc7680d1b486ef291963bb72c70f3cdd570d2d8fa34,"{""distance"":7,""physical_error_rate"":0.002}","{""detection_events"":25265,""detectors_checked"":3317760}"
      4096,         0,         0,   0.414,standalone_exact_mw,9d8ad86e51451842b54dafc7680d1b486ef291963bb72c70f3cdd570d2d8fa34,"{""distance"":7,""physical_error_rate"":0.002}","{""detection_events"":25596,""detectors_checked"":3317760}"
      3072,         0,         0,   0.278,standalone_exact_mw,3bd544bb51e006261b45d3a2c996e28fc0c0449411cee5f7deafcd25d9539ebc,"{""distance"":7,""physical_error_rate"":0.001}","{""detection_events"":9313,""detectors_checked"":2488320}"
      1280,         0,         0,   0.113,standalone_exact_mw,3bd544bb51e006261b45d3a2c996e28fc0c0449411cee5f7deafcd25d9539ebc,"{""distance"":7,""physical_error_rate"":0.001}","{""detection_events"":4167,""detectors_checked"":1036800}"
      1024,         0,         0,   0.075,standalone_exact_mw,9d8ad86e51451842b54dafc7680d1b486ef291963bb72c70f3cdd570d2d8fa34,"{""distance"":7,""physical_error_rate"":0.002}","{""detection_events"":6229,""detectors_checked"":829440}"
      2048,         0,         0,   0.180,standalone_exact_mw,9d8ad86e51451842b54dafc7680d1b486ef291963bb72c70f3cdd570d2d8fa34,"{""distance"":7,""physical_error_rate"":0.002}","{""detection_events"":12372,""detectors_checked"":1658880}"
      1024,         0,         0,   0.267,standalone_exact_mw,3bd544bb51e006261b45d3a2c996e28fc0c0449411cee5f7deafcd25d9539ebc,"{""distance"":7,""physical_error_rate"":0.001}","{""detection_events"":3256,""detectors_checked"":829440}"
      1024,         0,         0,   0.104,standalone_exact_mw,3bd544bb51e006261b45d3a2c996e28fc0c0449411cee5f7deafcd25d9539ebc,"{""distance"":7,""physical_error_rate"":0.001}","{""detection_events"":3262,""detectors_checked"":829440}"
      1024,         0,         0,   0.219,standalone_exact_mw,9d8ad86e51451842b54dafc7680d1b486ef291963bb72c70f3cdd570d2d8fa34,"{""distance"":7,""physical_error_rate"":0.002}","{""detection_events"":6305,""detectors_checked"":829440}"
      2048,         0,         0,   0.184,standalone_exact_mw,9d8ad86e51451842b54dafc7680d1b486ef291963bb72c70f3cdd570d2d8fa34,"{""distance"":7,""physical_error_rate"":0.002}","{""detection_events"":13155,""detectors_checked"":1658880}"
      1024,         0,         0,   0.307,standalone_exact_mw,9d8ad86e51451842b54dafc7680d1b486ef291963bb72c70f3cdd570d2d8fa34,"{""distance"":7,""physical_error_rate"":0.002}","{""detection_events"":6299,""detectors_checked"":829440}"
      7168,         0,         0,   0.618,standalone_exact_mw,3bd544bb51e006261b45d3a2c996e28fc0c0449411cee5f7deafcd25d9539ebc,"{""distance"":7,""physical_error_rate"":0.001}","{""detection_events"":22212,""detectors_checked"":5806080}"
      2048,         0,         0,   0.127,standalone_exact_mw,3bd544bb51e006261b45d3a2c996e28fc0c0449411cee5f7deafcd25d9539ebc,"{""distance"":7,""physical_error_rate"":0.001}","{""detection_events"":6218,""detectors_checked"":1658880}"
      1024,         0,         0,   0.086,standalone_exact_mw,3bd544bb51e006261b45d3a2c996e28fc0c0449411cee5f7deafcd25d9539ebc,"{""distance"":7,""physical_error_rate"":0.001}","{""detection_events"":3238,""detectors_checked"":829440}"
      2048,         0,         0,   0.107,standalone_exact_mw,9d8ad86e51451842b54dafc7680d1b486ef291963bb72c70f3cdd570d2d8fa34,"{""distance"":7,""physical_error_rate"":0.002}","{""detection_events"":13074,""detectors_checked"":1658880}"
      1024,         0,         0,   0.135,standalone_exact_mw,3bd544bb51e006261b45d3a2c996e28fc0c0449411cee5f7deafcd25d9539ebc,"{""distance"":7,""physical_error_rate"":0.001}","{""detection_events"":3131,""detectors_checked"":829440}"
        17,         0,         0,   0.025,standalone_exact_mw,9d8ad86e51451842b54dafc7680d1b486ef291963bb72c70f3cdd570d2d8fa34,"{""distance"":7,""physical_error_rate"":0.002}","{""detection_events"":126,""detectors_checked"":13770}"
      1024,         0,         0,   0.086,standalone_exact_mw,3bd544bb51e006261b45d3a2c996e28fc0c0449411cee5f7deafcd25d9539ebc,"{""distance"":7,""physical_error_rate"":0.001}","{""detection_events"":3207,""detectors_checked"":829440}"
       256,         0,         0,   0.029,standalone_exact_mw,9d8ad86e51451842b54dafc7680d1b486ef291963bb72c70f3cdd570d2d8fa34,"{""distance"":7,""physical_error_rate"":0.002}","{""detection_events"":1592,""detectors_checked"":207360}"
     25600,         0,         0,    1.10,standalone_exact_mw,3bd544bb51e006261b45d3a2c996e28fc0c0449411cee5f7deafcd25d9539ebc,"{""distance"":7,""physical_error_rate"":0.001}","{""detection_events"":80217,""detectors_checked"":20736000}"
     10240,         0,         0,   0.869,standalone_exact_mw,3bd544bb51e006261b45d3a2c996e28fc0c0449411cee5f7deafcd25d9539ebc,"{""distance"":7,""physical_error_rate"":0.001}","{""detection_events"":31698,""detectors_checked"":8294400}"
      3072,         0,         0,   0.271,standalone_exact_mw,3bd544bb51e006261b45d3a2c996e28fc0c0449411cee5f7deafcd25d9539ebc,"{""distance"":7,""physical_error_rate"":0.001}","{""detection_events"":9811,""detectors_checked"":2488320}"
      3072,         0,         0,   0.159,standalone_exact_mw,9d8ad86e51451842b54dafc7680d1b486ef291963bb72c70f3cdd570d2d8fa34,"{""distance"":7,""physical_error_rate"":0.002}","{""detection_events"":19099,""detectors_checked"":2488320}"
      3072,         0,         0,   0.194,standalone_exact_mw,3bd544bb51e006261b45d3a2c996e28fc0c0449411cee5f7deafcd25d9539ebc,"{""distance"":7,""physical_error_rate"":0.001}","{""detection_events"":9565,""detectors_checked"":2488320}"
      3072,         0,         0,   0.256,standalone_exact_mw,9d8ad86e51451842b54dafc7680d1b486ef291963bb72c70f3cdd570d2d8fa34,"{""distance"":7,""physical_error_rate"":0.002}","{""detection_events"":19365,""detectors_checked"":2488320}"
      1024,         0,         0,   0.284,standalone_exact_mw,3bd544bb51e006261b45d3a2c996e28fc0c0449411cee5f7deafcd25d9539ebc,"{""distance"":7,""physical_error_rate"":0.001}","{""detection_events"":3182,""detectors_checked"":829440}"
      9216,         0,         0,   0.778,standalone_exact_mw,3bd544bb51e006261b45d3a2c996e28fc0c0449411cee5f7deafcd25d9539ebc,"{""distance"":7,""physical_error_rate"":0.001}","{""detection_events"":28820,""detectors_checked"":7464960}"
      2048,         0,         0,   0.346,standalone_exact_mw,3bd544bb51e006261b45d3a2c996e28fc0c0449411cee5f7deafcd25d9539ebc,"{""distance"":7,""physical_error_rate"":0.001}","{""detection_events"":6512,""detectors_checked"":1658880}"
      1024,         0,         0,   0.107,standalone_exact_mw,3bd544bb51e006261b45d3a2c996e28fc0c0449411cee5f7deafcd25d9539ebc,"{""distance"":7,""physical_error_rate"":0.001}","{""detection_events"":3110,""detectors_checked"":829440}"
      1024,         0,         0,   0.112,standalone_exact_mw,9d8ad86e51451842b54dafc7680d1b486ef291963bb72c70f3cdd570d2d8fa34,"{""distance"":7,""physical_error_rate"":0.002}","{""detection_events"":6290,""detectors_checked"":829440}"
      3072,         0,         0,   0.285,standalone_exact_mw,9d8ad86e51451842b54dafc7680d1b486ef291963bb72c70f3cdd570d2d8fa34,"{""distance"":7,""physical_error_rate"":0.002}","{""detection_events"":18894,""detectors_checked"":2488320}"
      5120,         0,         0,   0.434,standalone_exact_mw,3bd544bb51e006261b45d3a2c996e28fc0c0449411cee5f7deafcd25d9539ebc,"{""distance"":7,""physical_error_rate"":0.001}","{""detection_events"":16151,""detectors_checked"":4147200}"
      7168,         0,         0,   0.645,standalone_exact_mw,3bd544bb51e006261b45d3a2c996e28fc0c0449411cee5f7deafcd25d9539ebc,"{""distance"":7,""physical_error_rate"":0.001}","{""detection_events"":22006,""detectors_checked"":5806080}"
     10240,         0,         0,    1.23,standalone_exact_mw,9d8ad86e51451842b54dafc7680d1b486ef291963bb72c70f3cdd570d2d8fa34,"{""distance"":7,""physical_error_rate"":0.002}","{""detection_events"":64139,""detectors_checked"":8294400}"
      3072,         0,         0,   0.335,standalone_exact_mw,9d8ad86e51451842b54dafc7680d1b486ef291963bb72c70f3cdd570d2d8fa34,"{""distance"":7,""physical_error_rate"":0.002}","{""detection_events"":19561,""detectors_checked"":2488320}"
      7168,         0,         0,   0.382,standalone_exact_mw,3bd544bb51e006261b45d3a2c996e28fc0c0449411cee5f7deafcd25d9539ebc,"{""distance"":7,""physical_error_rate"":0.001}","{""detection_events"":22370,""detectors_checked"":5806080}"
      1024,         0,         0,   0.060,standalone_exact_mw,3bd544bb51e006261b45d3a2c996e28fc0c0449411cee5f7deafcd25d9539ebc,"{""distance"":7,""physical_error_rate"":0.001}","{""detection_events"":3333,""detectors_checked"":829440}"
      1024,         0,         0,   0.333,standalone_exact_mw,9d8ad86e51451842b54dafc7680d1b486ef291963bb72c70f3cdd570d2d8fa34,"{""distance"":7,""physical_error_rate"":0.002}","{""detection_events"":6486,""detectors_checked"":829440}"
     11264,         0,         0,   0.636,standalone_exact_mw,3bd544bb51e006261b45d3a2c996e28fc0c0449411cee5f7deafcd25d9539ebc,"{""distance"":7,""physical_error_rate"":0.001}","{""detection_events"":35454,""detectors_checked"":9123840}"
      8192,         0,         0,   0.896,standalone_exact_mw,9d8ad86e51451842b54dafc7680d1b486ef291963bb72c70f3cdd570d2d8fa34,"{""distance"":7,""physical_error_rate"":0.002}","{""detection_events"":51084,""detectors_checked"":6635520}"
      2048,         0,         0,   0.591,standalone_exact_mw,3bd544bb51e006261b45d3a2c996e28fc0c0449411cee5f7deafcd25d9539ebc,"{""distance"":7,""physical_error_rate"":0.001}","{""detection_events"":6312,""detectors_checked"":1658880}"
      9216,         0,         0,   0.812,standalone_exact_mw,9d8ad86e51451842b54dafc7680d1b486ef291963bb72c70f3cdd570d2d8fa34,"{""distance"":7,""physical_error_rate"":0.002}","{""detection_events"":57415,""detectors_checked"":7464960}"
      1024,         0,         0,   0.112,standalone_exact_mw,9d8ad86e51451842b54dafc7680d1b486ef291963bb72c70f3cdd570d2d8fa34,"{""distance"":7,""physical_error_rate"":0.002}","{""detection_events"":6482,""detectors_checked"":829440}"
      1024,         0,         0,   0.294,standalone_exact_mw,3bd544bb51e006261b45d3a2c996e28fc0c0449411cee5f7deafcd25d9539ebc,"{""distance"":7,""physical_error_rate"":0.001}","{""detection_events"":3320,""detectors_checked"":829440}"
      1024,         0,         0,   0.078,standalone_exact_mw,3bd544bb51e006261b45d3a2c996e28fc0c0449411cee5f7deafcd25d9539ebc,"{""distance"":7,""physical_error_rate"":0.001}","{""detection_events"":3106,""detectors_checked"":829440}"
      3072,         0,         0,   0.195,standalone_exact_mw,3bd544bb51e006261b45d3a2c996e28fc0c0449411cee5f7deafcd25d9539ebc,"{""distance"":7,""physical_error_rate"":0.001}","{""detection_events"":9523,""detectors_checked"":2488320}"
      8192,         0,         0,   0.805,standalone_exact_mw,9d8ad86e51451842b54dafc7680d1b486ef291963bb72c70f3cdd570d2d8fa34,"{""distance"":7,""physical_error_rate"":0.002}","{""detection_events"":50745,""detectors_checked"":6635520}"
      7168,         0,         0,   0.572,standalone_exact_mw,9d8ad86e51451842b54dafc7680d1b486ef291963bb72c70f3cdd570d2d8fa34,"{""distance"":7,""physical_error_rate"":0.002}","{""detection_events"":44676,""detectors_checked"":5806080}"
      5120,         0,         0,   0.625,standalone_exact_mw,9d8ad86e51451842b54dafc7680d1b486ef291963bb72c70f3cdd570d2d8fa34,"{""distance"":7,""physical_error_rate"":0.002}","{""detection_events"":31665,""detectors_checked"":4147200}"
      3072,         0,         0,   0.238,standalone_exact_mw,9d8ad86e51451842b54dafc7680d1b486ef291963bb72c70f3cdd570d2d8fa34,"{""distance"":7,""physical_error_rate"":0.002}","{""detection_events"":19025,""detectors_checked"":2488320}"
     12288,         0,         0,   0.871,standalone_exact_mw,3bd544bb51e006261b45d3a2c996e28fc0c0449411cee5f7deafcd25d9539ebc,"{""distance"":7,""physical_error_rate"":0.001}","{""detection_events"":38793,""detectors_checked"":9953280}"
      1024,         0,         0,   0.113,standalone_exact_mw,9d8ad86e51451842b54dafc7680d1b486ef291963bb72c70f3cdd570d2d8fa34,"{""distance"":7,""physical_error_rate"":0.002}","{""detection_events"":6313,""detectors_checked"":829440}"
     10240,         0,         0,   0.836,standalone_exact_mw,9d8ad86e51451842b54dafc7680d1b486ef291963bb72c70f3cdd570d2d8fa34,"{""distance"":7,""physical_error_rate"":0.002}","{""detection_events"":63351,""detectors_checked"":8294400}"
     10240,         0,         0,   0.835,standalone_exact_mw,9d8ad86e51451842b54dafc7680d1b486ef291963bb72c70f3cdd570d2d8fa34,"{""distance"":7,""physical_error_rate"":0.002}","{""detection_events"":64228,""detectors_checked"":8294400}"
      1024,         0,         0,   0.248,standalone_exact_mw,3bd544bb51e006261b45d3a2c996e28fc0c0449411cee5f7deafcd25d9539ebc,"{""distance"":7,""physical_error_rate"":0.001}","{""detection_events"":3210,""detectors_checked"":829440}"
      2048,         0,         0,   0.119,standalone_exact_mw,3bd544bb51e006261b45d3a2c996e28fc0c0449411cee5f7deafcd25d9539ebc,"{""distance"":7,""physical_error_rate"":0.001}","{""detection_events"":6468,""detectors_checked"":1658880}"
         1,         0,         0,   0.048,standalone_exact_mw,3bd544bb51e006261b45d3a2c996e28fc0c0449411cee5f7deafcd25d9539ebc,"{""distance"":7,""physical_error_rate"":0.001}","{""detection_events"":2,""detectors_checked"":810}"
      1024,         0,         0,   0.247,standalone_exact_mw,9d8ad86e51451842b54dafc7680d1b486ef291963bb72c70f3cdd570d2d8fa34,"{""distance"":7,""physical_error_rate"":0.002}","{""detection_events"":6198,""detectors_checked"":829440}"
      4096,         0,         0,   0.324,standalone_exact_mw,9d8ad86e51451842b54dafc7680d1b486ef291963bb72c70f3cdd570d2d8fa34,"{""distance"":7,""physical_error_rate"":0.002}","{""detection_events"":25598,""detectors_checked"":3317760}"
      6144,         0,         0,   0.634,standalone_exact_mw,9d8ad86e51451842b54dafc7680d1b486ef291963bb72c70f3cdd570d2d8fa34,"{""distance"":7,""physical_error_rate"":0.002}","{""detection_events"":38306,""detectors_checked"":4976640}"
      1024,         0,         0,   0.328,standalone_exact_mw,3bd544bb51e006261b45d3a2c996e28fc0c0449411cee5f7deafcd25d9539ebc,"{""distance"":7,""physical_error_rate"":0.001}","{""detection_events"":3183,""detectors_checked"":829440}"
       136,         0,         0,   0.042,standalone_exact_mw,3bd544bb51e006261b45d3a2c996e28fc0c0449411cee5f7deafcd25d9539ebc,"{""distance"":7,""physical_error_rate"":0.001}","{""detection_events"":436,""detectors_checked"":110160}"
      1024,         0,         0,   0.112,standalone_exact_mw,9d8ad86e51451842b54dafc7680d1b486ef291963bb72c70f3cdd570d2d8fa34,"{""distance"":7,""physical_error_rate"":0.002}","{""detection_events"":6390,""detectors_checked"":829440}"
      3072,         0,         0,   0.335,standalone_exact_mw,9d8ad86e51451842b54dafc7680d1b486ef291963bb72c70f3cdd570d2d8fa34,"{""distance"":7,""physical_error_rate"":0.002}","{""detection_events"":18892,""detectors_checked"":2488320}"
      3072,         0,         0,   0.422,standalone_exact_mw,3bd544bb51e006261b45d3a2c996e28fc0c0449411cee5f7deafcd25d9539ebc,"{""distance"":7,""physical_error_rate"":0.001}","{""detection_events"":9419,""detectors_checked"":2488320}"
      1024,         0,         0,   0.270,standalone_exact_mw,3bd544bb51e006261b45d3a2c996e28fc0c0449411cee5f7deafcd25d9539ebc,"{""distance"":7,""physical_error_rate"":0.001}","{""detection_events"":3107,""detectors_checked"":829440}"
      7168,         0,         0,   0.865,standalone_exact_mw,9d8ad86e51451842b54dafc7680d1b486ef291963bb72c70f3cdd570d2d8fa34,"{""distance"":7,""physical_error_rate"":0.002}","{""detection_events"":44215,""detectors_checked"":5806080}"
     10240,         0,         0,    1.10,standalone_exact_mw,9d8ad86e51451842b54dafc7680d1b486ef291963bb72c70f3cdd570d2d8fa34,"{""distance"":7,""physical_error_rate"":0.002}","{""detection_events"":63892,""detectors_checked"":8294400}"
      2048,         0,         0,   0.173,standalone_exact_mw,3bd544bb51e006261b45d3a2c996e28fc0c0449411cee5f7deafcd25d9539ebc,"{""distance"":7,""physical_error_rate"":0.001}","{""detection_events"":6268,""detectors_checked"":1658880}"
      1024,         0,         0,   0.112,standalone_exact_mw,9d8ad86e51451842b54dafc7680d1b486ef291963bb72c70f3cdd570d2d8fa34,"{""distance"":7,""physical_error_rate"":0.002}","{""detection_events"":6187,""detectors_checked"":829440}"
      7168,         0,         0,   0.882,standalone_exact_mw,9d8ad86e51451842b54dafc7680d1b486ef291963bb72c70f3cdd570d2d8fa34,"{""distance"":7,""physical_error_rate"":0.002}","{""detection_events"":44158,""detectors_checked"":5806080}"
     12288,         0,         0,   0.947,standalone_exact_mw,9d8ad86e51451842b54dafc7680d1b486ef291963bb72c70f3cdd570d2d8fa34,"{""distance"":7,""physical_error_rate"":0.002}","{""detection_events"":76366,""detectors_checked"":9953280}"
      4096,         0,         0,   0.475,standalone_exact_mw,9d8ad86e51451842b54dafc7680d1b486ef291963bb72c70f3cdd570d2d8fa34,"{""distance"":7,""physical_error_rate"":0.002}","{""detection_events"":25832,""detectors_checked"":3317760}"
      5120,         0,         0,   0.347,standalone_exact_mw,3bd544bb51e006261b45d3a2c996e28fc0c0449411cee5f7deafcd25d9539ebc,"{""distance"":7,""physical_error_rate"":0.001}","{""detection_events"":16026,""detectors_checked"":4147200}"
      3072,         0,         0,   0.306,standalone_exact_mw,3bd544bb51e006261b45d3a2c996e28fc0c0449411cee5f7deafcd25d9539ebc,"{""distance"":7,""physical_error_rate"":0.001}","{""detection_events"":9533,""detectors_checked"":2488320}"
      4096,         0,         0,   0.335,standalone_exact_mw,9d8ad86e51451842b54dafc7680d1b486ef291963bb72c70f3cdd570d2d8fa34,"{""distance"":7,""physical_error_rate"":0.002}","{""detection_events"":25236,""detectors_checked"":3317760}"
      1024,         0,         0,   0.112,standalone_exact_mw,9d8ad86e51451842b54dafc7680d1b486ef291963bb72c70f3cdd570d2d8fa34,"{""distance"":7,""physical_error_rate"":0.002}","{""detection_events"":6225,""detectors_checked"":829440}"
     12288,         0,         0,   0.845,standalone_exact_mw,3bd544bb51e006261b45d3a2c996e28fc0c0449411cee5f7deafcd25d9539ebc,"{""distance"":7,""physical_error_rate"":0.001}","{""detection_events"":38487,""detectors_checked"":9953280}"
     25600,         0,         0,    1.11,standalone_exact_mw,3bd544bb51e006261b45d3a2c996e28fc0c0449411cee5f7deafcd25d9539ebc,"{""distance"":7,""physical_error_rate"":0.001}","{""detection_events"":80044,""detectors_checked"":20736000}"
       273,         0,         0,   0.054,standalone_exact_mw,9d8ad86e51451842b54dafc7680d1b486ef291963bb72c70f3cdd570d2d8fa34,"{""distance"":7,""physical_error_rate"":0.002}","{""detection_events"":1715,""detectors_checked"":221130}"
      5120,         0,         0,   0.613,standalone_exact_mw,3bd544bb51e006261b45d3a2c996e28fc0c0449411cee5f7deafcd25d9539ebc,"{""distance"":7,""physical_error_rate"":0.001}","{""detection_events"":15738,""detectors_checked"":4147200}"
      4096,         0,         0,   0.346,standalone_exact_mw,9d8ad86e51451842b54dafc7680d1b486ef291963bb72c70f3cdd570d2d8fa34,"{""distance"":7,""physical_error_rate"":0.002}","{""detection_events"":25808,""detectors_checked"":3317760}"
     13312,         0,         0,   0.611,standalone_exact_mw,3bd544bb51e006261b45d3a2c996e28fc0c0449411cee5f7deafcd25d9539ebc,"{""distance"":7,""physical_error_rate"":0.001}","{""detection_events"":41461,""detectors_checked"":10782720}"
       273,         0,         0,   0.022,standalone_exact_mw,3bd544bb51e006261b45d3a2c996e28fc0c0449411cee5f7deafcd25d9539ebc,"{""distance"":7,""physical_error_rate"":0.001}","{""detection_events"":845,""detectors_checked"":221130}"
     13312,         0,         0,    1.16,standalone_exact_mw,3bd544bb51e006261b45d3a2c996e28fc0c0449411cee5f7deafcd25d9539ebc,"{""distance"":7,""physical_error_rate"":0.001}","{""detection_events"":41221,""detectors_checked"":10782720}"
      4096,         0,         0,    1.03,standalone_exact_mw,9d8ad86e51451842b54dafc7680d1b486ef291963bb72c70f3cdd570d2d8fa34,"{""distance"":7,""physical_error_rate"":0.002}","{""detection_events"":25186,""detectors_checked"":3317760}"
      1024,         0,         0,   0.035,standalone_exact_mw,3bd544bb51e006261b45d3a2c996e28fc0c0449411cee5f7deafcd25d9539ebc,"{""distance"":7,""physical_error_rate"":0.001}","{""detection_events"":3160,""detectors_checked"":829440}"
     14336,         0,         0,    1.15,standalone_exact_mw,3bd544bb51e006261b45d3a2c996e28fc0c0449411cee5f7deafcd25d9539ebc,"{""distance"":7,""physical_error_rate"":0.001}","{""detection_events"":44392,""detectors_checked"":11612160}"
      2048,         0,         0,   0.261,standalone_exact_mw,3bd544bb51e006261b45d3a2c996e28fc0c0449411cee5f7deafcd25d9539ebc,"{""distance"":7,""physical_error_rate"":0.001}","{""detection_events"":6409,""detectors_checked"":1658880}"
      3072,         0,         0,   0.423,standalone_exact_mw,9d8ad86e51451842b54dafc7680d1b486ef291963bb72c70f3cdd570d2d8fa34,"{""distance"":7,""physical_error_rate"":0.002}","{""detection_events"":18705,""detectors_checked"":2488320}"
      2048,         0,         0,   0.218,standalone_exact_mw,9d8ad86e51451842b54dafc7680d1b486ef291963bb72c70f3cdd570d2d8fa34,"{""distance"":7,""physical_error_rate"":0.002}","{""detection_events"":12633,""detectors_checked"":1658880}"
      4096,         0,         0,   0.446,standalone_exact_mw,9d8ad86e51451842b54dafc7680d1b486ef291963bb72c70f3cdd570d2d8fa34,"{""distance"":7,""physical_error_rate"":0.002}","{""detection_events"":25361,""detectors_checked"":3317760}"
      1024,         0,         0,   0.199,standalone_exact_mw,9d8ad86e51451842b54dafc7680d1b486ef291963bb72c70f3cdd570d2d8fa34,"{""distance"":7,""physical_error_rate"":0.002}","{""detection_events"":6365,""detectors_checked"":829440}"
      1024,         0,         0,   0.507,standalone_exact_mw,3bd544bb51e006261b45d3a2c996e28fc0c0449411cee5f7deafcd25d9539ebc,"{""distance"":7,""physical_error_rate"":0.001}","{""detection_events"":3327,""detectors_checked"":829440}"
      1024,         0,         0,   0.155,standalone_exact_mw,3bd544bb51e006261b45d3a2c996e28fc0c0449411cee5f7deafcd25d9539ebc,"{""distance"":7,""physical_error_rate"":0.001}","{""detection_events"":3056,""detectors_checked"":829440}"
      1024,         0,         0,   0.483,standalone_exact_mw,3bd544bb51e006261b45d3a2c996e28fc0c0449411cee5f7deafcd25d9539ebc,"{""distance"":7,""physical_error_rate"":0.001}","{""detection_events"":3384,""detectors_checked"":829440}"
     12288,         0,         0,   0.805,standalone_exact_mw,3bd544bb51e006261b45d3a2c996e28fc0c0449411cee5f7deafcd25d9539ebc,"{""distance"":7,""physical_error_rate"":0.001}","{""detection_events"":38624,""detectors_checked"":9953280}"
      2048,         0,         0,   0.578,standalone_exact_mw,3bd544bb51e006261b45d3a2c996e28fc0c0449411cee5f7deafcd25d9539ebc,"{""distance"":7,""physical_error_rate"":0.001}","{""detection_events"":6401,""detectors_checked"":1658880}"
      1024,         0,         0,   0.081,standalone_exact_mw,9d8ad86e51451842b54dafc7680d1b486ef291963bb72c70f3cdd570d2d8fa34,"{""distance"":7,""physical_error_rate"":0.002}","{""detection_events"":6154,""detectors_checked"":829440}"
     11264,         0,         0,   0.883,standalone_exact_mw,3bd544bb51e006261b45d3a2c996e28fc0c0449411cee5f7deafcd25d9539ebc,"{""distance"":7,""physical_error_rate"":0.001}","{""detection_events"":35322,""detectors_checked"":9123840}"
      2048,         0,         0,   0.589,standalone_exact_mw,3bd544bb51e006261b45d3a2c996e28fc0c0449411cee5f7deafcd25d9539ebc,"{""distance"":7,""physical_error_rate"":0.001}","{""detection_events"":6535,""detectors_checked"":1658880}"
      7168,         0,         0,   0.460,standalone_exact_mw,3bd544bb51e006261b45d3a2c996e28fc0c0449411cee5f7deafcd25d9539ebc,"{""distance"":7,""physical_error_rate"":0.001}","{""detection_events"":22273,""detectors_checked"":5806080}"
      1024,         0,         0,   0.085,standalone_exact_mw,9d8ad86e51451842b54dafc7680d1b486ef291963bb72c70f3cdd570d2d8fa34,"{""distance"":7,""physical_error_rate"":0.002}","{""detection_events"":6629,""detectors_checked"":829440}"
         1,         0,         0,   0.025,standalone_exact_mw,9d8ad86e51451842b54dafc7680d1b486ef291963bb72c70f3cdd570d2d8fa34,"{""distance"":7,""physical_error_rate"":0.002}","{""detection_events"":5,""detectors_checked"":810}"
      5120,         0,         0,   0.797,standalone_exact_mw,9d8ad86e51451842b54dafc7680d1b486ef291963bb72c70f3cdd570d2d8fa34,"{""distance"":7,""physical_error_rate"":0.002}","{""detection_events"":32025,""detectors_checked"":4147200}"
      3072,         0,         0,   0.912,standalone_exact_mw,3bd544bb51e006261b45d3a2c996e28fc0c0449411cee5f7deafcd25d9539ebc,"{""distance"":7,""physical_error_rate"":0.001}","{""detection_events"":9675,""detectors_checked"":2488320}"
      3072,         0,         0,   0.245,standalone_exact_mw,9d8ad86e51451842b54dafc7680d1b486ef291963bb72c70f3cdd570d2d8fa34,"{""distance"":7,""physical_error_rate"":0.002}","{""detection_events"":19043,""detectors_checked"":2488320}"
       272,         0,         0,   0.030,standalone_exact_mw,9d8ad86e51451842b54dafc7680d1b486ef291963bb72c70f3cdd570d2d8fa34,"{""distance"":7,""physical_error_rate"":0.002}","{""detection_events"":1804,""detectors_checked"":220320}"
      7168,         0,         0,   0.300,standalone_exact_mw,3bd544bb51e006261b45d3a2c996e28fc0c0449411cee5f7deafcd25d9539ebc,"{""distance"":7,""physical_error_rate"":0.001}","{""detection_events"":22237,""detectors_checked"":5806080}"
     17408,         0,         0,    1.12,standalone_exact_mw,3bd544bb51e006261b45d3a2c996e28fc0c0449411cee5f7deafcd25d9539ebc,"{""distance"":7,""physical_error_rate"":0.001}","{""detection_events"":53946,""detectors_checked"":14100480}"
     10240,         0,         0,   0.852,standalone_exact_mw,9d8ad86e51451842b54dafc7680d1b486ef291963bb72c70f3cdd570d2d8fa34,"{""distance"":7,""physical_error_rate"":0.002}","{""detection_events"":63717,""detectors_checked"":8294400}"
      5120,         0,         0,   0.406,standalone_exact_mw,9d8ad86e51451842b54dafc7680d1b486ef291963bb72c70f3cdd570d2d8fa34,"{""distance"":7,""physical_error_rate"":0.002}","{""detection_events"":31859,""detectors_checked"":4147200}"
      6144,         0,         0,   0.511,standalone_exact_mw,9d8ad86e51451842b54dafc7680d1b486ef291963bb72c70f3cdd570d2d8fa34,"{""distance"":7,""physical_error_rate"":0.002}","{""detection_events"":38096,""detectors_checked"":4976640}"
      1024,         0,         0,   0.085,standalone_exact_mw,9d8ad86e51451842b54dafc7680d1b486ef291963bb72c70f3cdd570d2d8fa34,"{""distance"":7,""physical_error_rate"":0.002}","{""detection_events"":6377,""detectors_checked"":829440}"
      3072,         0,         0,   0.219,standalone_exact_mw,3bd544bb51e006261b45d3a2c996e28fc0c0449411cee5f7deafcd25d9539ebc,"{""distance"":7,""physical_error_rate"":0.001}","{""detection_events"":9472,""detectors_checked"":2488320}"
      3072,         0,         0,   0.569,standalone_exact_mw,3bd544bb51e006261b45d3a2c996e28fc0c0449411cee5f7deafcd25d9539ebc,"{""distance"":7,""physical_error_rate"":0.001}","{""detection_events"":9625,""detectors_checked"":2488320}"
      1024,         0,         0,   0.249,standalone_exact_mw,3bd544bb51e006261b45d3a2c996e28fc0c0449411cee5f7deafcd25d9539ebc,"{""distance"":7,""physical_error_rate"":0.001}","{""detection_events"":3240,""detectors_checked"":829440}"
     10240,         0,         0,   0.811,standalone_exact_mw,9d8ad86e51451842b54dafc7680d1b486ef291963bb72c70f3cdd570d2d8fa34,"{""distance"":7,""physical_error_rate"":0.002}","{""detection_events"":63133,""detectors_checked"":8294400}"
     14336,         0,         0,    1.15,standalone_exact_mw,3bd544bb51e006261b45d3a2c996e28fc0c0449411cee5f7deafcd25d9539ebc,"{""distance"":7,""physical_error_rate"":0.001}","{""detection_events"":44677,""detectors_checked"":11612160}"
      1024,         0,         0,   0.112,standalone_exact_mw,9d8ad86e51451842b54dafc7680d1b486ef291963bb72c70f3cdd570d2d8fa34,"{""distance"":7,""physical_error_rate"":0.002}","{""detection_events"":6310,""detectors_checked"":829440}"
      1024,         0,         0,   0.081,standalone_exact_mw,9d8ad86e51451842b54dafc7680d1b486ef291963bb72c70f3cdd570d2d8fa34,"{""distance"":7,""physical_error_rate"":0.002}","{""detection_events"":6327,""detectors_checked"":829440}"
      1024,         0,         0,   0.081,standalone_exact_mw,9d8ad86e51451842b54dafc7680d1b486ef291963bb72c70f3cdd570d2d8fa34,"{""distance"":7,""physical_error_rate"":0.002}","{""detection_events"":6427,""detectors_checked"":829440}"
     10240,         0,         0,    1.15,standalone_exact_mw,9d8ad86e51451842b54dafc7680d1b486ef291963bb72c70f3cdd570d2d8fa34,"{""distance"":7,""physical_error_rate"":0.002}","{""detection_events"":63799,""detectors_checked"":8294400}"
     13312,         0,         0,    1.16,standalone_exact_mw,9d8ad86e51451842b54dafc7680d1b486ef291963bb72c70f3cdd570d2d8fa34,"{""distance"":7,""physical_error_rate"":0.002}","{""detection_events"":83069,""detectors_checked"":10782720}"
      1024,         0,         0,   0.113,standalone_exact_mw,9d8ad86e51451842b54dafc7680d1b486ef291963bb72c70f3cdd570d2d8fa34,"{""distance"":7,""physical_error_rate"":0.002}","{""detection_events"":6383,""detectors_checked"":829440}"
      1024,         0,         0,   0.445,standalone_exact_mw,3bd544bb51e006261b45d3a2c996e28fc0c0449411cee5f7deafcd25d9539ebc,"{""distance"":7,""physical_error_rate"":0.001}","{""detection_events"":3154,""detectors_checked"":829440}"
      5120,         0,         0,   0.773,standalone_exact_mw,9d8ad86e51451842b54dafc7680d1b486ef291963bb72c70f3cdd570d2d8fa34,"{""distance"":7,""physical_error_rate"":0.002}","{""detection_events"":31791,""detectors_checked"":4147200}"
     10240,         0,         0,    1.14,standalone_exact_mw,9d8ad86e51451842b54dafc7680d1b486ef291963bb72c70f3cdd570d2d8fa34,"{""distance"":7,""physical_error_rate"":0.002}","{""detection_events"":63403,""detectors_checked"":8294400}"
      2048,         0,         0,   0.603,standalone_exact_mw,9d8ad86e51451842b54dafc7680d1b486ef291963bb72c70f3cdd570d2d8fa34,"{""distance"":7,""physical_error_rate"":0.002}","{""detection_events"":12760,""detectors_checked"":1658880}"
      1024,         0,         0,   0.251,standalone_exact_mw,3bd544bb51e006261b45d3a2c996e28fc0c0449411cee5f7deafcd25d9539ebc,"{""distance"":7,""physical_error_rate"":0.001}","{""detection_events"":3291,""detectors_checked"":829440}"
     15360,         0,         0,    1.13,standalone_exact_mw,3bd544bb51e006261b45d3a2c996e28fc0c0449411cee5f7deafcd25d9539ebc,"{""distance"":7,""physical_error_rate"":0.001}","{""detection_events"":48388,""detectors_checked"":12441600}"
     14336,         0,         0,    1.14,standalone_exact_mw,9d8ad86e51451842b54dafc7680d1b486ef291963bb72c70f3cdd570d2d8fa34,"{""distance"":7,""physical_error_rate"":0.002}","{""detection_events"":88401,""detectors_checked"":11612160}"
     14336,         0,         0,    1.17,standalone_exact_mw,9d8ad86e51451842b54dafc7680d1b486ef291963bb72c70f3cdd570d2d8fa34,"{""distance"":7,""physical_error_rate"":0.002}","{""detection_events"":88836,""detectors_checked"":11612160}"
      4096,         0,         0,   0.305,standalone_exact_mw,3bd544bb51e006261b45d3a2c996e28fc0c0449411cee5f7deafcd25d9539ebc,"{""distance"":7,""physical_error_rate"":0.001}","{""detection_events"":12779,""detectors_checked"":3317760}"
      2048,         0,         0,   0.164,standalone_exact_mw,9d8ad86e51451842b54dafc7680d1b486ef291963bb72c70f3cdd570d2d8fa34,"{""distance"":7,""physical_error_rate"":0.002}","{""detection_events"":12656,""detectors_checked"":1658880}"
     10240,         0,         0,   0.807,standalone_exact_mw,3bd544bb51e006261b45d3a2c996e28fc0c0449411cee5f7deafcd25d9539ebc,"{""distance"":7,""physical_error_rate"":0.001}","{""detection_events"":31901,""detectors_checked"":8294400}"
      6144,         0,         0,   0.671,standalone_exact_mw,9d8ad86e51451842b54dafc7680d1b486ef291963bb72c70f3cdd570d2d8fa34,"{""distance"":7,""physical_error_rate"":0.002}","{""detection_events"":38326,""detectors_checked"":4976640}"
      1024,         0,         0,   0.206,standalone_exact_mw,9d8ad86e51451842b54dafc7680d1b486ef291963bb72c70f3cdd570d2d8fa34,"{""distance"":7,""physical_error_rate"":0.002}","{""detection_events"":6265,""detectors_checked"":829440}"
     35840,         0,         0,    1.57,standalone_exact_mw,3bd544bb51e006261b45d3a2c996e28fc0c0449411cee5f7deafcd25d9539ebc,"{""distance"":7,""physical_error_rate"":0.001}","{""detection_events"":112271,""detectors_checked"":29030400}"
     10240,         0,         0,   0.442,standalone_exact_mw,3bd544bb51e006261b45d3a2c996e28fc0c0449411cee5f7deafcd25d9539ebc,"{""distance"":7,""physical_error_rate"":0.001}","{""detection_events"":32267,""detectors_checked"":8294400}"
     19456,         0,         0,   0.832,standalone_exact_mw,3bd544bb51e006261b45d3a2c996e28fc0c0449411cee5f7deafcd25d9539ebc,"{""distance"":7,""physical_error_rate"":0.001}","{""detection_events"":60470,""detectors_checked"":15759360}"
     12288,         0,         0,    1.14,standalone_exact_mw,9d8ad86e51451842b54dafc7680d1b486ef291963bb72c70f3cdd570d2d8fa34,"{""distance"":7,""physical_error_rate"":0.002}","{""detection_events"":76605,""detectors_checked"":9953280}"
      2048,         0,         0,   0.187,standalone_exact_mw,9d8ad86e51451842b54dafc7680d1b486ef291963bb72c70f3cdd570d2d8fa34,"{""distance"":7,""physical_error_rate"":0.002}","{""detection_events"":12775,""detectors_checked"":1658880}"
      1024,         0,         0,   0.327,standalone_exact_mw,3bd544bb51e006261b45d3a2c996e28fc0c0449411cee5f7deafcd25d9539ebc,"{""distance"":7,""physical_error_rate"":0.001}","{""detection_events"":3229,""detectors_checked"":829440}"
      9216,         0,         0,   0.602,standalone_exact_mw,3bd544bb51e006261b45d3a2c996e28fc0c0449411cee5f7deafcd25d9539ebc,"{""distance"":7,""physical_error_rate"":0.001}","{""detection_events"":29244,""detectors_checked"":7464960}"
      4096,         0,         0,   0.595,standalone_exact_mw,9d8ad86e51451842b54dafc7680d1b486ef291963bb72c70f3cdd570d2d8fa34,"{""distance"":7,""physical_error_rate"":0.002}","{""detection_events"":25262,""detectors_checked"":3317760}"
      2048,         0,         0,   0.752,standalone_exact_mw,3bd544bb51e006261b45d3a2c996e28fc0c0449411cee5f7deafcd25d9539ebc,"{""distance"":7,""physical_error_rate"":0.001}","{""detection_events"":6432,""detectors_checked"":1658880}"
      7168,         0,         0,   0.600,standalone_exact_mw,9d8ad86e51451842b54dafc7680d1b486ef291963bb72c70f3cdd570d2d8fa34,"{""distance"":7,""physical_error_rate"":0.002}","{""detection_events"":43878,""detectors_checked"":5806080}"
     13312,         0,         0,    1.18,standalone_exact_mw,9d8ad86e51451842b54dafc7680d1b486ef291963bb72c70f3cdd570d2d8fa34,"{""distance"":7,""physical_error_rate"":0.002}","{""detection_events"":82053,""detectors_checked"":10782720}"
      4096,         0,         0,    1.12,standalone_exact_mw,9d8ad86e51451842b54dafc7680d1b486ef291963bb72c70f3cdd570d2d8fa34,"{""distance"":7,""physical_error_rate"":0.002}","{""detection_events"":25664,""detectors_checked"":3317760}"
      4096,         0,         0,   0.291,standalone_exact_mw,3bd544bb51e006261b45d3a2c996e28fc0c0449411cee5f7deafcd25d9539ebc,"{""distance"":7,""physical_error_rate"":0.001}","{""detection_events"":12438,""detectors_checked"":3317760}"
      8192,         0,         0,   0.649,standalone_exact_mw,9d8ad86e51451842b54dafc7680d1b486ef291963bb72c70f3cdd570d2d8fa34,"{""distance"":7,""physical_error_rate"":0.002}","{""detection_events"":50822,""detectors_checked"":6635520}"
      4096,         0,         0,   0.601,standalone_exact_mw,3bd544bb51e006261b45d3a2c996e28fc0c0449411cee5f7deafcd25d9539ebc,"{""distance"":7,""physical_error_rate"":0.001}","{""detection_events"":12620,""detectors_checked"":3317760}"
     21504,         0,         0,    1.14,standalone_exact_mw,3bd544bb51e006261b45d3a2c996e28fc0c0449411cee5f7deafcd25d9539ebc,"{""distance"":7,""physical_error_rate"":0.001}","{""detection_events"":67315,""detectors_checked"":17418240}"
      1024,         0,         0,   0.386,standalone_exact_mw,3bd544bb51e006261b45d3a2c996e28fc0c0449411cee5f7deafcd25d9539ebc,"{""distance"":7,""physical_error_rate"":0.001}","{""detection_events"":3174,""detectors_checked"":829440}"
      5120,         0,         0,   0.833,standalone_exact_mw,3bd544bb51e006261b45d3a2c996e28fc0c0449411cee5f7deafcd25d9539ebc,"{""distance"":7,""physical_error_rate"":0.001}","{""detection_events"":15723,""detectors_checked"":4147200}"
      1024,         0,         0,   0.408,standalone_exact_mw,9d8ad86e51451842b54dafc7680d1b486ef291963bb72c70f3cdd570d2d8fa34,"{""distance"":7,""physical_error_rate"":0.002}","{""detection_events"":6414,""detectors_checked"":829440}"
      3072,         0,         0,   0.293,standalone_exact_mw,9d8ad86e51451842b54dafc7680d1b486ef291963bb72c70f3cdd570d2d8fa34,"{""distance"":7,""physical_error_rate"":0.002}","{""detection_events"":19147,""detectors_checked"":2488320}"
      3072,         0,         0,    1.25,standalone_exact_mw,9d8ad86e51451842b54dafc7680d1b486ef291963bb72c70f3cdd570d2d8fa34,"{""distance"":7,""physical_error_rate"":0.002}","{""detection_events"":18901,""detectors_checked"":2488320}"
      1024,         0,         0,   0.189,standalone_exact_mw,3bd544bb51e006261b45d3a2c996e28fc0c0449411cee5f7deafcd25d9539ebc,"{""distance"":7,""physical_error_rate"":0.001}","{""detection_events"":3279,""detectors_checked"":829440}"
     10240,         0,         0,    1.96,standalone_exact_mw,9d8ad86e51451842b54dafc7680d1b486ef291963bb72c70f3cdd570d2d8fa34,"{""distance"":7,""physical_error_rate"":0.002}","{""detection_events"":63149,""detectors_checked"":8294400}"
     24576,         0,         0,    1.57,standalone_exact_mw,9d8ad86e51451842b54dafc7680d1b486ef291963bb72c70f3cdd570d2d8fa34,"{""distance"":7,""physical_error_rate"":0.002}","{""detection_events"":152762,""detectors_checked"":19906560}"
     16384,         0,         0,    1.12,standalone_exact_mw,3bd544bb51e006261b45d3a2c996e28fc0c0449411cee5f7deafcd25d9539ebc,"{""distance"":7,""physical_error_rate"":0.001}","{""detection_events"":51606,""detectors_checked"":13271040}"
      1024,         0,         0,   0.441,standalone_exact_mw,3bd544bb51e006261b45d3a2c996e28fc0c0449411cee5f7deafcd25d9539ebc,"{""distance"":7,""physical_error_rate"":0.001}","{""detection_events"":3173,""detectors_checked"":829440}"
   1323008,         0,         0,   119.8,standalone_exact_mw,9d8ad86e51451842b54dafc7680d1b486ef291963bb72c70f3cdd570d2d8fa34,"{""distance"":7,""physical_error_rate"":0.002}","{""detection_events"":8222568,""detectors_checked"":1071636480}"
      1024,         0,         0,   0.437,standalone_exact_mw,9d8ad86e51451842b54dafc7680d1b486ef291963bb72c70f3cdd570d2d8fa34,"{""distance"":7,""physical_error_rate"":0.002}","{""detection_events"":6311,""detectors_checked"":829440}"
      2048,         0,         0,   0.160,standalone_exact_mw,3bd544bb51e006261b45d3a2c996e28fc0c0449411cee5f7deafcd25d9539ebc,"{""distance"":7,""physical_error_rate"":0.001}","{""detection_events"":6626,""detectors_checked"":1658880}"
      6144,         0,         0,   0.409,standalone_exact_mw,3bd544bb51e006261b45d3a2c996e28fc0c0449411cee5f7deafcd25d9539ebc,"{""distance"":7,""physical_error_rate"":0.001}","{""detection_events"":19457,""detectors_checked"":4976640}"
     11264,         0,         0,   0.639,standalone_exact_mw,3bd544bb51e006261b45d3a2c996e28fc0c0449411cee5f7deafcd25d9539ebc,"{""distance"":7,""physical_error_rate"":0.001}","{""detection_events"":35324,""detectors_checked"":9123840}"
      1024,         0,         0,   0.252,standalone_exact_mw,9d8ad86e51451842b54dafc7680d1b486ef291963bb72c70f3cdd570d2d8fa34,"{""distance"":7,""physical_error_rate"":0.002}","{""detection_events"":6285,""detectors_checked"":829440}"
     16384,         0,         0,    1.10,standalone_exact_mw,3bd544bb51e006261b45d3a2c996e28fc0c0449411cee5f7deafcd25d9539ebc,"{""distance"":7,""physical_error_rate"":0.001}","{""detection_events"":51081,""detectors_checked"":13271040}"
      2048,         0,         0,   0.797,standalone_exact_mw,9d8ad86e51451842b54dafc7680d1b486ef291963bb72c70f3cdd570d2d8fa34,"{""distance"":7,""physical_error_rate"":0.002}","{""detection_events"":13218,""detectors_checked"":1658880}"
     30720,         0,         0,    1.61,standalone_exact_mw,3bd544bb51e006261b45d3a2c996e28fc0c0449411cee5f7deafcd25d9539ebc,"{""distance"":7,""physical_error_rate"":0.001}","{""detection_events"":95581,""detectors_checked"":24883200}"
     14336,         0,         0,    1.16,standalone_exact_mw,9d8ad86e51451842b54dafc7680d1b486ef291963bb72c70f3cdd570d2d8fa34,"{""distance"":7,""physical_error_rate"":0.002}","{""detection_events"":89356,""detectors_checked"":11612160}"
      2048,         0,         0,   0.326,standalone_exact_mw,9d8ad86e51451842b54dafc7680d1b486ef291963bb72c70f3cdd570d2d8fa34,"{""distance"":7,""physical_error_rate"":0.002}","{""detection_events"":12554,""detectors_checked"":1658880}"
      5120,         0,         0,    1.21,standalone_exact_mw,9d8ad86e51451842b54dafc7680d1b486ef291963bb72c70f3cdd570d2d8fa34,"{""distance"":7,""physical_error_rate"":0.002}","{""detection_events"":31771,""detectors_checked"":4147200}"
      8192,         0,         0,   0.938,standalone_exact_mw,9d8ad86e51451842b54dafc7680d1b486ef291963bb72c70f3cdd570d2d8fa34,"{""distance"":7,""physical_error_rate"":0.002}","{""detection_events"":50966,""detectors_checked"":6635520}"
     23552,         0,         0,    1.59,standalone_exact_mw,3bd544bb51e006261b45d3a2c996e28fc0c0449411cee5f7deafcd25d9539ebc,"{""distance"":7,""physical_error_rate"":0.001}","{""detection_events"":72587,""detectors_checked"":19077120}"
      7168,         0,         0,   0.801,standalone_exact_mw,9d8ad86e51451842b54dafc7680d1b486ef291963bb72c70f3cdd570d2d8fa34,"{""distance"":7,""physical_error_rate"":0.002}","{""detection_events"":45190,""detectors_checked"":5806080}"
     17408,         0,         0,    1.55,standalone_exact_mw,3bd544bb51e006261b45d3a2c996e28fc0c0449411cee5f7deafcd25d9539ebc,"{""distance"":7,""physical_error_rate"":0.001}","{""detection_events"":53815,""detectors_checked"":14100480}"
     14336,         0,         0,    1.18,standalone_exact_mw,9d8ad86e51451842b54dafc7680d1b486ef291963bb72c70f3cdd570d2d8fa34,"{""distance"":7,""physical_error_rate"":0.002}","{""detection_events"":89304,""detectors_checked"":11612160}"
      2048,         0,         0,   0.164,standalone_exact_mw,9d8ad86e51451842b54dafc7680d1b486ef291963bb72c70f3cdd570d2d8fa34,"{""distance"":7,""physical_error_rate"":0.002}","{""detection_events"":12737,""detectors_checked"":1658880}"
      2048,         0,         0,   0.212,standalone_exact_mw,3bd544bb51e006261b45d3a2c996e28fc0c0449411cee5f7deafcd25d9539ebc,"{""distance"":7,""physical_error_rate"":0.001}","{""detection_events"":6436,""detectors_checked"":1658880}"
     12288,         0,         0,   0.808,standalone_exact_mw,3bd544bb51e006261b45d3a2c996e28fc0c0449411cee5f7deafcd25d9539ebc,"{""distance"":7,""physical_error_rate"":0.001}","{""detection_events"":38117,""detectors_checked"":9953280}"
      2048,         0,         0,   0.810,standalone_exact_mw,3bd544bb51e006261b45d3a2c996e28fc0c0449411cee5f7deafcd25d9539ebc,"{""distance"":7,""physical_error_rate"":0.001}","{""detection_events"":6309,""detectors_checked"":1658880}"
      1024,         0,         0,   0.422,standalone_exact_mw,3bd544bb51e006261b45d3a2c996e28fc0c0449411cee5f7deafcd25d9539ebc,"{""distance"":7,""physical_error_rate"":0.001}","{""detection_events"":3329,""detectors_checked"":829440}"
      4096,         0,         0,    1.51,standalone_exact_mw,3bd544bb51e006261b45d3a2c996e28fc0c0449411cee5f7deafcd25d9539ebc,"{""distance"":7,""physical_error_rate"":0.001}","{""detection_events"":12722,""detectors_checked"":3317760}"
     16384,         0,         0,   0.818,standalone_exact_mw,3bd544bb51e006261b45d3a2c996e28fc0c0449411cee5f7deafcd25d9539ebc,"{""distance"":7,""physical_error_rate"":0.001}","{""detection_events"":50930,""detectors_checked"":13271040}"
     10240,         0,         0,   0.809,standalone_exact_mw,9d8ad86e51451842b54dafc7680d1b486ef291963bb72c70f3cdd570d2d8fa34,"{""distance"":7,""physical_error_rate"":0.002}","{""detection_events"":63312,""detectors_checked"":8294400}"
      2048,         0,         0,   0.226,standalone_exact_mw,9d8ad86e51451842b54dafc7680d1b486ef291963bb72c70f3cdd570d2d8fa34,"{""distance"":7,""physical_error_rate"":0.002}","{""detection_events"":12343,""detectors_checked"":1658880}"
      2048,         0,         0,   0.225,standalone_exact_mw,3bd544bb51e006261b45d3a2c996e28fc0c0449411cee5f7deafcd25d9539ebc,"{""distance"":7,""physical_error_rate"":0.001}","{""detection_events"":6365,""detectors_checked"":1658880}"
     12288,         0,         0,    1.15,standalone_exact_mw,3bd544bb51e006261b45d3a2c996e28fc0c0449411cee5f7deafcd25d9539ebc,"{""distance"":7,""physical_error_rate"":0.001}","{""detection_events"":38791,""detectors_checked"":9953280}"
      2048,         0,         0,   0.442,standalone_exact_mw,9d8ad86e51451842b54dafc7680d1b486ef291963bb72c70f3cdd570d2d8fa34,"{""distance"":7,""physical_error_rate"":0.002}","{""detection_events"":13005,""detectors_checked"":1658880}"
      7168,         0,         0,    1.01,standalone_exact_mw,9d8ad86e51451842b54dafc7680d1b486ef291963bb72c70f3cdd570d2d8fa34,"{""distance"":7,""physical_error_rate"":0.002}","{""detection_events"":44593,""detectors_checked"":5806080}"
     26624,         0,         0,    1.62,standalone_exact_mw,3bd544bb51e006261b45d3a2c996e28fc0c0449411cee5f7deafcd25d9539ebc,"{""distance"":7,""physical_error_rate"":0.001}","{""detection_events"":82652,""detectors_checked"":21565440}"
     16384,         0,         0,    1.17,standalone_exact_mw,3bd544bb51e006261b45d3a2c996e28fc0c0449411cee5f7deafcd25d9539ebc,"{""distance"":7,""physical_error_rate"":0.001}","{""detection_events"":50600,""detectors_checked"":13271040}"
      1024,         0,         0,   0.244,standalone_exact_mw,3bd544bb51e006261b45d3a2c996e28fc0c0449411cee5f7deafcd25d9539ebc,"{""distance"":7,""physical_error_rate"":0.001}","{""detection_events"":3214,""detectors_checked"":829440}"
      7168,         0,         0,   0.603,standalone_exact_mw,3bd544bb51e006261b45d3a2c996e28fc0c0449411cee5f7deafcd25d9539ebc,"{""distance"":7,""physical_error_rate"":0.001}","{""detection_events"":22304,""detectors_checked"":5806080}"
     24576,         0,         0,    1.59,standalone_exact_mw,3bd544bb51e006261b45d3a2c996e28fc0c0449411cee5f7deafcd25d9539ebc,"{""distance"":7,""physical_error_rate"":0.001}","{""detection_events"":76796,""detectors_checked"":19906560}"
      5120,         0,         0,   0.730,standalone_exact_mw,9d8ad86e51451842b54dafc7680d1b486ef291963bb72c70f3cdd570d2d8fa34,"{""distance"":7,""physical_error_rate"":0.002}","{""detection_events"":31928,""detectors_checked"":4147200}"
     14336,         0,         0,    1.54,standalone_exact_mw,9d8ad86e51451842b54dafc7680d1b486ef291963bb72c70f3cdd570d2d8fa34,"{""distance"":7,""physical_error_rate"":0.002}","{""detection_events"":88407,""detectors_checked"":11612160}"
      3072,         0,         0,   0.328,standalone_exact_mw,3bd544bb51e006261b45d3a2c996e28fc0c0449411cee5f7deafcd25d9539ebc,"{""distance"":7,""physical_error_rate"":0.001}","{""detection_events"":9742,""detectors_checked"":2488320}"
     21504,         0,         0,    1.64,standalone_exact_mw,9d8ad86e51451842b54dafc7680d1b486ef291963bb72c70f3cdd570d2d8fa34,"{""distance"":7,""physical_error_rate"":0.002}","{""detection_events"":133340,""detectors_checked"":17418240}"
      9216,         0,         0,   0.776,standalone_exact_mw,3bd544bb51e006261b45d3a2c996e28fc0c0449411cee5f7deafcd25d9539ebc,"{""distance"":7,""physical_error_rate"":0.001}","{""detection_events"":29211,""detectors_checked"":7464960}"
      2048,         0,         0,   0.386,standalone_exact_mw,9d8ad86e51451842b54dafc7680d1b486ef291963bb72c70f3cdd570d2d8fa34,"{""distance"":7,""physical_error_rate"":0.002}","{""detection_events"":12949,""detectors_checked"":1658880}"
      1024,         0,         0,   0.227,standalone_exact_mw,3bd544bb51e006261b45d3a2c996e28fc0c0449411cee5f7deafcd25d9539ebc,"{""distance"":7,""physical_error_rate"":0.001}","{""detection_events"":3369,""detectors_checked"":829440}"
     15360,         0,         0,    1.17,standalone_exact_mw,3bd544bb51e006261b45d3a2c996e28fc0c0449411cee5f7deafcd25d9539ebc,"{""distance"":7,""physical_error_rate"":0.001}","{""detection_events"":48316,""detectors_checked"":12441600}"
     17408,         0,         0,    1.64,standalone_exact_mw,9d8ad86e51451842b54dafc7680d1b486ef291963bb72c70f3cdd570d2d8fa34,"{""distance"":7,""physical_error_rate"":0.002}","{""detection_events"":108977,""detectors_checked"":14100480}"
     19456,         0,         0,    1.60,standalone_exact_mw,9d8ad86e51451842b54dafc7680d1b486ef291963bb72c70f3cdd570d2d8fa34,"{""distance"":7,""physical_error_rate"":0.002}","{""detection_events"":121051,""detectors_checked"":15759360}"
     19456,         0,         0,    1.60,standalone_exact_mw,9d8ad86e51451842b54dafc7680d1b486ef291963bb72c70f3cdd570d2d8fa34,"{""distance"":7,""physical_error_rate"":0.002}","{""detection_events"":121340,""detectors_checked"":15759360}"
     18432,         0,         0,    1.66,standalone_exact_mw,3bd544bb51e006261b45d3a2c996e28fc0c0449411cee5f7deafcd25d9539ebc,"{""distance"":7,""physical_error_rate"":0.001}","{""detection_events"":57135,""detectors_checked"":14929920}"
     24576,         0,         0,    1.57,standalone_exact_mw,9d8ad86e51451842b54dafc7680d1b486ef291963bb72c70f3cdd570d2d8fa34,"{""distance"":7,""physical_error_rate"":0.002}","{""detection_events"":152217,""detectors_checked"":19906560}"
      2048,         0,         0,   0.268,standalone_exact_mw,3bd544bb51e006261b45d3a2c996e28fc0c0449411cee5f7deafcd25d9539ebc,"{""distance"":7,""physical_error_rate"":0.001}","{""detection_events"":6332,""detectors_checked"":1658880}"
     10240,         0,         0,    1.62,standalone_exact_mw,9d8ad86e51451842b54dafc7680d1b486ef291963bb72c70f3cdd570d2d8fa34,"{""distance"":7,""physical_error_rate"":0.002}","{""detection_events"":64301,""detectors_checked"":8294400}"
      8192,         0,         0,    1.61,standalone_exact_mw,9d8ad86e51451842b54dafc7680d1b486ef291963bb72c70f3cdd570d2d8fa34,"{""distance"":7,""physical_error_rate"":0.002}","{""detection_events"":50395,""detectors_checked"":6635520}"
     13312,         0,         0,    1.12,standalone_exact_mw,9d8ad86e51451842b54dafc7680d1b486ef291963bb72c70f3cdd570d2d8fa34,"{""distance"":7,""physical_error_rate"":0.002}","{""detection_events"":82608,""detectors_checked"":10782720}"
      2048,         0,         0,   0.391,standalone_exact_mw,9d8ad86e51451842b54dafc7680d1b486ef291963bb72c70f3cdd570d2d8fa34,"{""distance"":7,""physical_error_rate"":0.002}","{""detection_events"":12511,""detectors_checked"":1658880}"
      3072,         0,         0,   0.694,standalone_exact_mw,9d8ad86e51451842b54dafc7680d1b486ef291963bb72c70f3cdd570d2d8fa34,"{""distance"":7,""physical_error_rate"":0.002}","{""detection_events"":19299,""detectors_checked"":2488320}"
      9216,         0,         0,    1.15,standalone_exact_mw,9d8ad86e51451842b54dafc7680d1b486ef291963bb72c70f3cdd570d2d8fa34,"{""distance"":7,""physical_error_rate"":0.002}","{""detection_events"":57389,""detectors_checked"":7464960}"
      4096,         0,         0,   0.515,standalone_exact_mw,3bd544bb51e006261b45d3a2c996e28fc0c0449411cee5f7deafcd25d9539ebc,"{""distance"":7,""physical_error_rate"":0.001}","{""detection_events"":12876,""detectors_checked"":3317760}"
     25600,         0,         0,    1.68,standalone_exact_mw,3bd544bb51e006261b45d3a2c996e28fc0c0449411cee5f7deafcd25d9539ebc,"{""distance"":7,""physical_error_rate"":0.001}","{""detection_events"":79484,""detectors_checked"":20736000}"
      9216,         0,         0,   0.813,standalone_exact_mw,3bd544bb51e006261b45d3a2c996e28fc0c0449411cee5f7deafcd25d9539ebc,"{""distance"":7,""physical_error_rate"":0.001}","{""detection_events"":28901,""detectors_checked"":7464960}"
      2048,         0,         0,   0.308,standalone_exact_mw,3bd544bb51e006261b45d3a2c996e28fc0c0449411cee5f7deafcd25d9539ebc,"{""distance"":7,""physical_error_rate"":0.001}","{""detection_events"":6591,""detectors_checked"":1658880}"
      5120,         0,         0,    1.31,standalone_exact_mw,9d8ad86e51451842b54dafc7680d1b486ef291963bb72c70f3cdd570d2d8fa34,"{""distance"":7,""physical_error_rate"":0.002}","{""detection_events"":31480,""detectors_checked"":4147200}"
     23552,         0,         0,    1.57,standalone_exact_mw,3bd544bb51e006261b45d3a2c996e28fc0c0449411cee5f7deafcd25d9539ebc,"{""distance"":7,""physical_error_rate"":0.001}","{""detection_events"":73817,""detectors_checked"":19077120}"
      6144,         0,         0,    1.11,standalone_exact_mw,3bd544bb51e006261b45d3a2c996e28fc0c0449411cee5f7deafcd25d9539ebc,"{""distance"":7,""physical_error_rate"":0.001}","{""detection_events"":19114,""detectors_checked"":4976640}"
     17408,         0,         0,    1.16,standalone_exact_mw,3bd544bb51e006261b45d3a2c996e28fc0c0449411cee5f7deafcd25d9539ebc,"{""distance"":7,""physical_error_rate"":0.001}","{""detection_events"":54582,""detectors_checked"":14100480}"
    871424,         0,         0,   119.8,standalone_exact_mw,9d8ad86e51451842b54dafc7680d1b486ef291963bb72c70f3cdd570d2d8fa34,"{""distance"":7,""physical_error_rate"":0.002}","{""detection_events"":5408984,""detectors_checked"":705853440}"
      6144,         0,         0,    1.67,standalone_exact_mw,9d8ad86e51451842b54dafc7680d1b486ef291963bb72c70f3cdd570d2d8fa34,"{""distance"":7,""physical_error_rate"":0.002}","{""detection_events"":37979,""detectors_checked"":4976640}"
     88064,         0,         0,    2.19,standalone_exact_mw,3bd544bb51e006261b45d3a2c996e28fc0c0449411cee5f7deafcd25d9539ebc,"{""distance"":7,""physical_error_rate"":0.001}","{""detection_events"":275615,""detectors_checked"":71331840}"
      8192,         0,         0,    1.12,standalone_exact_mw,3bd544bb51e006261b45d3a2c996e28fc0c0449411cee5f7deafcd25d9539ebc,"{""distance"":7,""physical_error_rate"":0.001}","{""detection_events"":25310,""detectors_checked"":6635520}"
     14336,         0,         0,    1.16,standalone_exact_mw,9d8ad86e51451842b54dafc7680d1b486ef291963bb72c70f3cdd570d2d8fa34,"{""distance"":7,""physical_error_rate"":0.002}","{""detection_events"":88636,""detectors_checked"":11612160}"
     21504,         0,         0,    1.52,standalone_exact_mw,3bd544bb51e006261b45d3a2c996e28fc0c0449411cee5f7deafcd25d9539ebc,"{""distance"":7,""physical_error_rate"":0.001}","{""detection_events"":67332,""detectors_checked"":17418240}"
     19456,         0,         0,    1.59,standalone_exact_mw,9d8ad86e51451842b54dafc7680d1b486ef291963bb72c70f3cdd570d2d8fa34,"{""distance"":7,""physical_error_rate"":0.002}","{""detection_events"":120061,""detectors_checked"":15759360}"
     14336,         0,         0,    1.60,standalone_exact_mw,9d8ad86e51451842b54dafc7680d1b486ef291963bb72c70f3cdd570d2d8fa34,"{""distance"":7,""physical_error_rate"":0.002}","{""detection_events"":89651,""detectors_checked"":11612160}"
      6144,         0,         0,    1.17,standalone_exact_mw,9d8ad86e51451842b54dafc7680d1b486ef291963bb72c70f3cdd570d2d8fa34,"{""distance"":7,""physical_error_rate"":0.002}","{""detection_events"":38167,""detectors_checked"":4976640}"
      9216,         0,         0,    1.05,standalone_exact_mw,9d8ad86e51451842b54dafc7680d1b486ef291963bb72c70f3cdd570d2d8fa34,"{""distance"":7,""physical_error_rate"":0.002}","{""detection_events"":56642,""detectors_checked"":7464960}"
      3072,         0,         0,   0.553,standalone_exact_mw,9d8ad86e51451842b54dafc7680d1b486ef291963bb72c70f3cdd570d2d8fa34,"{""distance"":7,""physical_error_rate"":0.002}","{""detection_events"":19043,""detectors_checked"":2488320}"
     17408,         0,         0,    1.60,standalone_exact_mw,9d8ad86e51451842b54dafc7680d1b486ef291963bb72c70f3cdd570d2d8fa34,"{""distance"":7,""physical_error_rate"":0.002}","{""detection_events"":108777,""detectors_checked"":14100480}"
      6144,         0,         0,   0.577,standalone_exact_mw,3bd544bb51e006261b45d3a2c996e28fc0c0449411cee5f7deafcd25d9539ebc,"{""distance"":7,""physical_error_rate"":0.001}","{""detection_events"":19056,""detectors_checked"":4976640}"
     14336,         0,         0,    1.14,standalone_exact_mw,3bd544bb51e006261b45d3a2c996e28fc0c0449411cee5f7deafcd25d9539ebc,"{""distance"":7,""physical_error_rate"":0.001}","{""detection_events"":43997,""detectors_checked"":11612160}"
      9216,         0,         0,    1.63,standalone_exact_mw,3bd544bb51e006261b45d3a2c996e28fc0c0449411cee5f7deafcd25d9539ebc,"{""distance"":7,""physical_error_rate"":0.001}","{""detection_events"":28824,""detectors_checked"":7464960}"
      3072,         0,         0,   0.612,standalone_exact_mw,3bd544bb51e006261b45d3a2c996e28fc0c0449411cee5f7deafcd25d9539ebc,"{""distance"":7,""physical_error_rate"":0.001}","{""detection_events"":9764,""detectors_checked"":2488320}"
     19456,         0,         0,    1.59,standalone_exact_mw,3bd544bb51e006261b45d3a2c996e28fc0c0449411cee5f7deafcd25d9539ebc,"{""distance"":7,""physical_error_rate"":0.001}","{""detection_events"":60484,""detectors_checked"":15759360}"
     12288,         0,         0,    2.20,standalone_exact_mw,9d8ad86e51451842b54dafc7680d1b486ef291963bb72c70f3cdd570d2d8fa34,"{""distance"":7,""physical_error_rate"":0.002}","{""detection_events"":76055,""detectors_checked"":9953280}"
     33792,         0,         0,    2.20,standalone_exact_mw,9d8ad86e51451842b54dafc7680d1b486ef291963bb72c70f3cdd570d2d8fa34,"{""distance"":7,""physical_error_rate"":0.002}","{""detection_events"":210273,""detectors_checked"":27371520}"
     13312,         0,         0,    1.53,standalone_exact_mw,3bd544bb51e006261b45d3a2c996e28fc0c0449411cee5f7deafcd25d9539ebc,"{""distance"":7,""physical_error_rate"":0.001}","{""detection_events"":41123,""detectors_checked"":10782720}"
      7168,         0,         0,   0.966,standalone_exact_mw,9d8ad86e51451842b54dafc7680d1b486ef291963bb72c70f3cdd570d2d8fa34,"{""distance"":7,""physical_error_rate"":0.002}","{""detection_events"":44183,""detectors_checked"":5806080}"
   1160192,         0,         0,   119.7,standalone_exact_mw,3bd544bb51e006261b45d3a2c996e28fc0c0449411cee5f7deafcd25d9539ebc,"{""distance"":7,""physical_error_rate"":0.001}","{""detection_events"":3625688,""detectors_checked"":939755520}"
     24576,         0,         0,    2.21,standalone_exact_mw,3bd544bb51e006261b45d3a2c996e28fc0c0449411cee5f7deafcd25d9539ebc,"{""distance"":7,""physical_error_rate"":0.001}","{""detection_events"":77121,""detectors_checked"":19906560}"
     31744,         0,         0,    2.20,standalone_exact_mw,3bd544bb51e006261b45d3a2c996e28fc0c0449411cee5f7deafcd25d9539ebc,"{""distance"":7,""physical_error_rate"":0.001}","{""detection_events"":99218,""detectors_checked"":25712640}"
     29696,         0,         0,    2.18,standalone_exact_mw,3bd544bb51e006261b45d3a2c996e28fc0c0449411cee5f7deafcd25d9539ebc,"{""distance"":7,""physical_error_rate"":0.001}","{""detection_events"":92952,""detectors_checked"":24053760}"
      6144,         0,         0,   0.634,standalone_exact_mw,9d8ad86e51451842b54dafc7680d1b486ef291963bb72c70f3cdd570d2d8fa34,"{""distance"":7,""physical_error_rate"":0.002}","{""detection_events"":38449,""detectors_checked"":4976640}"
     18432,         0,         0,    1.65,standalone_exact_mw,3bd544bb51e006261b45d3a2c996e28fc0c0449411cee5f7deafcd25d9539ebc,"{""distance"":7,""physical_error_rate"":0.001}","{""detection_events"":57807,""detectors_checked"":14929920}"
     17408,         0,         0,    1.12,standalone_exact_mw,3bd544bb51e006261b45d3a2c996e28fc0c0449411cee5f7deafcd25d9539ebc,"{""distance"":7,""physical_error_rate"":0.001}","{""detection_events"":54456,""detectors_checked"":14100480}"
      8192,         0,         0,   0.788,standalone_exact_mw,3bd544bb51e006261b45d3a2c996e28fc0c0449411cee5f7deafcd25d9539ebc,"{""distance"":7,""physical_error_rate"":0.001}","{""detection_events"":25114,""detectors_checked"":6635520}"
      3072,         0,         0,   0.718,standalone_exact_mw,3bd544bb51e006261b45d3a2c996e28fc0c0449411cee5f7deafcd25d9539ebc,"{""distance"":7,""physical_error_rate"":0.001}","{""detection_events"":9472,""detectors_checked"":2488320}"
     13312,         0,         0,    1.57,standalone_exact_mw,9d8ad86e51451842b54dafc7680d1b486ef291963bb72c70f3cdd570d2d8fa34,"{""distance"":7,""physical_error_rate"":0.002}","{""detection_events"":82982,""detectors_checked"":10782720}"
     27648,         0,         0,    2.26,standalone_exact_mw,3bd544bb51e006261b45d3a2c996e28fc0c0449411cee5f7deafcd25d9539ebc,"{""distance"":7,""physical_error_rate"":0.001}","{""detection_events"":86520,""detectors_checked"":22394880}"
     26624,         0,         0,    2.17,standalone_exact_mw,3bd544bb51e006261b45d3a2c996e28fc0c0449411cee5f7deafcd25d9539ebc,"{""distance"":7,""physical_error_rate"":0.001}","{""detection_events"":83074,""detectors_checked"":21565440}"
      5120,         0,         0,    1.13,standalone_exact_mw,9d8ad86e51451842b54dafc7680d1b486ef291963bb72c70f3cdd570d2d8fa34,"{""distance"":7,""physical_error_rate"":0.002}","{""detection_events"":31670,""detectors_checked"":4147200}"
     13312,         0,         0,    1.62,standalone_exact_mw,9d8ad86e51451842b54dafc7680d1b486ef291963bb72c70f3cdd570d2d8fa34,"{""distance"":7,""physical_error_rate"":0.002}","{""detection_events"":83229,""detectors_checked"":10782720}"
     14336,         0,         0,    2.21,standalone_exact_mw,9d8ad86e51451842b54dafc7680d1b486ef291963bb72c70f3cdd570d2d8fa34,"{""distance"":7,""physical_error_rate"":0.002}","{""detection_events"":89271,""detectors_checked"":11612160}"
     24576,         0,         0,    2.21,standalone_exact_mw,9d8ad86e51451842b54dafc7680d1b486ef291963bb72c70f3cdd570d2d8fa34,"{""distance"":7,""physical_error_rate"":0.002}","{""detection_events"":153128,""detectors_checked"":19906560}"
     21504,         0,         0,    1.56,standalone_exact_mw,3bd544bb51e006261b45d3a2c996e28fc0c0449411cee5f7deafcd25d9539ebc,"{""distance"":7,""physical_error_rate"":0.001}","{""detection_events"":67616,""detectors_checked"":17418240}"
     29696,         0,         0,    2.18,standalone_exact_mw,9d8ad86e51451842b54dafc7680d1b486ef291963bb72c70f3cdd570d2d8fa34,"{""distance"":7,""physical_error_rate"":0.002}","{""detection_events"":185086,""detectors_checked"":24053760}"
     24576,         0,         0,    2.19,standalone_exact_mw,9d8ad86e51451842b54dafc7680d1b486ef291963bb72c70f3cdd570d2d8fa34,"{""distance"":7,""physical_error_rate"":0.002}","{""detection_events"":152936,""detectors_checked"":19906560}"
     29696,         0,         0,    2.18,standalone_exact_mw,9d8ad86e51451842b54dafc7680d1b486ef291963bb72c70f3cdd570d2d8fa34,"{""distance"":7,""physical_error_rate"":0.002}","{""detection_events"":186019,""detectors_checked"":24053760}"
     23552,         0,         0,    1.57,standalone_exact_mw,3bd544bb51e006261b45d3a2c996e28fc0c0449411cee5f7deafcd25d9539ebc,"{""distance"":7,""physical_error_rate"":0.001}","{""detection_events"":73402,""detectors_checked"":19077120}"
     32768,         0,         0,    2.19,standalone_exact_mw,3bd544bb51e006261b45d3a2c996e28fc0c0449411cee5f7deafcd25d9539ebc,"{""distance"":7,""physical_error_rate"":0.001}","{""detection_events"":103232,""detectors_checked"":26542080}"
     16384,         0,         0,    1.58,standalone_exact_mw,3bd544bb51e006261b45d3a2c996e28fc0c0449411cee5f7deafcd25d9539ebc,"{""distance"":7,""physical_error_rate"":0.001}","{""detection_events"":50488,""detectors_checked"":13271040}"
      6144,         0,         0,    1.74,standalone_exact_mw,9d8ad86e51451842b54dafc7680d1b486ef291963bb72c70f3cdd570d2d8fa34,"{""distance"":7,""physical_error_rate"":0.002}","{""detection_events"":37991,""detectors_checked"":4976640}"
     16384,         0,         0,    1.62,standalone_exact_mw,9d8ad86e51451842b54dafc7680d1b486ef291963bb72c70f3cdd570d2d8fa34,"{""distance"":7,""physical_error_rate"":0.002}","{""detection_events"":101381,""detectors_checked"":13271040}"
     29696,         0,         0,    2.19,standalone_exact_mw,9d8ad86e51451842b54dafc7680d1b486ef291963bb72c70f3cdd570d2d8fa34,"{""distance"":7,""physical_error_rate"":0.002}","{""detection_events"":183841,""detectors_checked"":24053760}"
      7168,         0,         0,   0.836,standalone_exact_mw,9d8ad86e51451842b54dafc7680d1b486ef291963bb72c70f3cdd570d2d8fa34,"{""distance"":7,""physical_error_rate"":0.002}","{""detection_events"":44581,""detectors_checked"":5806080}"
      8192,         0,         0,    1.60,standalone_exact_mw,9d8ad86e51451842b54dafc7680d1b486ef291963bb72c70f3cdd570d2d8fa34,"{""distance"":7,""physical_error_rate"":0.002}","{""detection_events"":50197,""detectors_checked"":6635520}"
      6144,         0,         0,    1.16,standalone_exact_mw,9d8ad86e51451842b54dafc7680d1b486ef291963bb72c70f3cdd570d2d8fa34,"{""distance"":7,""physical_error_rate"":0.002}","{""detection_events"":38156,""detectors_checked"":4976640}"
      8192,         0,         0,    2.27,standalone_exact_mw,9d8ad86e51451842b54dafc7680d1b486ef291963bb72c70f3cdd570d2d8fa34,"{""distance"":7,""physical_error_rate"":0.002}","{""detection_events"":51414,""detectors_checked"":6635520}"
     20480,         0,         0,    2.34,standalone_exact_mw,9d8ad86e51451842b54dafc7680d1b486ef291963bb72c70f3cdd570d2d8fa34,"{""distance"":7,""physical_error_rate"":0.002}","{""detection_events"":127612,""detectors_checked"":16588800}"
     24576,         0,         0,    2.20,standalone_exact_mw,3bd544bb51e006261b45d3a2c996e28fc0c0449411cee5f7deafcd25d9539ebc,"{""distance"":7,""physical_error_rate"":0.001}","{""detection_events"":76691,""detectors_checked"":19906560}"
     23552,         0,         0,    1.55,standalone_exact_mw,3bd544bb51e006261b45d3a2c996e28fc0c0449411cee5f7deafcd25d9539ebc,"{""distance"":7,""physical_error_rate"":0.001}","{""detection_events"":73476,""detectors_checked"":19077120}"
      6144,         0,         0,   0.848,standalone_exact_mw,3bd544bb51e006261b45d3a2c996e28fc0c0449411cee5f7deafcd25d9539ebc,"{""distance"":7,""physical_error_rate"":0.001}","{""detection_events"":19275,""detectors_checked"":4976640}"
     32768,         0,         0,    2.22,standalone_exact_mw,3bd544bb51e006261b45d3a2c996e28fc0c0449411cee5f7deafcd25d9539ebc,"{""distance"":7,""physical_error_rate"":0.001}","{""detection_events"":102768,""detectors_checked"":26542080}"
     16384,         0,         0,    2.18,standalone_exact_mw,9d8ad86e51451842b54dafc7680d1b486ef291963bb72c70f3cdd570d2d8fa34,"{""distance"":7,""physical_error_rate"":0.002}","{""detection_events"":100713,""detectors_checked"":13271040}"
     27648,         0,         0,    2.20,standalone_exact_mw,3bd544bb51e006261b45d3a2c996e28fc0c0449411cee5f7deafcd25d9539ebc,"{""distance"":7,""physical_error_rate"":0.001}","{""detection_events"":85820,""detectors_checked"":22394880}"
     26624,         0,         0,    2.19,standalone_exact_mw,9d8ad86e51451842b54dafc7680d1b486ef291963bb72c70f3cdd570d2d8fa34,"{""distance"":7,""physical_error_rate"":0.002}","{""detection_events"":166273,""detectors_checked"":21565440}"
      9216,         0,         0,    1.20,standalone_exact_mw,3bd544bb51e006261b45d3a2c996e28fc0c0449411cee5f7deafcd25d9539ebc,"{""distance"":7,""physical_error_rate"":0.001}","{""detection_events"":28801,""detectors_checked"":7464960}"
     26624,         0,         0,    2.20,standalone_exact_mw,9d8ad86e51451842b54dafc7680d1b486ef291963bb72c70f3cdd570d2d8fa34,"{""distance"":7,""physical_error_rate"":0.002}","{""detection_events"":166457,""detectors_checked"":21565440}"
     23552,         0,         0,    2.19,standalone_exact_mw,9d8ad86e51451842b54dafc7680d1b486ef291963bb72c70f3cdd570d2d8fa34,"{""distance"":7,""physical_error_rate"":0.002}","{""detection_events"":147249,""detectors_checked"":19077120}"
     24576,         0,         0,    1.61,standalone_exact_mw,3bd544bb51e006261b45d3a2c996e28fc0c0449411cee5f7deafcd25d9539ebc,"{""distance"":7,""physical_error_rate"":0.001}","{""detection_events"":75532,""detectors_checked"":19906560}"
     33792,         0,         0,    2.21,standalone_exact_mw,3bd544bb51e006261b45d3a2c996e28fc0c0449411cee5f7deafcd25d9539ebc,"{""distance"":7,""physical_error_rate"":0.001}","{""detection_events"":105197,""detectors_checked"":27371520}"
     12288,         0,         0,    1.14,standalone_exact_mw,9d8ad86e51451842b54dafc7680d1b486ef291963bb72c70f3cdd570d2d8fa34,"{""distance"":7,""physical_error_rate"":0.002}","{""detection_events"":77111,""detectors_checked"":9953280}"
     12288,         0,         0,    2.46,standalone_exact_mw,3bd544bb51e006261b45d3a2c996e28fc0c0449411cee5f7deafcd25d9539ebc,"{""distance"":7,""physical_error_rate"":0.001}","{""detection_events"":38615,""detectors_checked"":9953280}"
     25600,         0,         0,    2.34,standalone_exact_mw,3bd544bb51e006261b45d3a2c996e28fc0c0449411cee5f7deafcd25d9539ebc,"{""distance"":7,""physical_error_rate"":0.001}","{""detection_events"":80270,""detectors_checked"":20736000}"
     12288,         0,         0,    1.69,standalone_exact_mw,9d8ad86e51451842b54dafc7680d1b486ef291963bb72c70f3cdd570d2d8fa34,"{""distance"":7,""physical_error_rate"":0.002}","{""detection_events"":76029,""detectors_checked"":9953280}"
    140288,         0,         0,    3.04,standalone_exact_mw,3bd544bb51e006261b45d3a2c996e28fc0c0449411cee5f7deafcd25d9539ebc,"{""distance"":7,""physical_error_rate"":0.001}","{""detection_events"":437847,""detectors_checked"":113633280}"
     11264,         0,         0,    1.16,standalone_exact_mw,3bd544bb51e006261b45d3a2c996e28fc0c0449411cee5f7deafcd25d9539ebc,"{""distance"":7,""physical_error_rate"":0.001}","{""detection_events"":35247,""detectors_checked"":9123840}"
     14336,         0,         0,    2.37,standalone_exact_mw,3bd544bb51e006261b45d3a2c996e28fc0c0449411cee5f7deafcd25d9539ebc,"{""distance"":7,""physical_error_rate"":0.001}","{""detection_events"":44482,""detectors_checked"":11612160}"
     13312,         0,         0,    2.27,standalone_exact_mw,9d8ad86e51451842b54dafc7680d1b486ef291963bb72c70f3cdd570d2d8fa34,"{""distance"":7,""physical_error_rate"":0.002}","{""detection_events"":83017,""detectors_checked"":10782720}"
     27648,         0,         0,    2.21,standalone_exact_mw,9d8ad86e51451842b54dafc7680d1b486ef291963bb72c70f3cdd570d2d8fa34,"{""distance"":7,""physical_error_rate"":0.002}","{""detection_events"":170928,""detectors_checked"":22394880}"
     15360,         0,         0,    1.79,standalone_exact_mw,9d8ad86e51451842b54dafc7680d1b486ef291963bb72c70f3cdd570d2d8fa34,"{""distance"":7,""physical_error_rate"":0.002}","{""detection_events"":95510,""detectors_checked"":12441600}"
     23552,         0,         0,    3.11,standalone_exact_mw,9d8ad86e51451842b54dafc7680d1b486ef291963bb72c70f3cdd570d2d8fa34,"{""distance"":7,""physical_error_rate"":0.002}","{""detection_events"":146602,""detectors_checked"":19077120}"
     41984,         0,         0,    3.11,standalone_exact_mw,9d8ad86e51451842b54dafc7680d1b486ef291963bb72c70f3cdd570d2d8fa34,"{""distance"":7,""physical_error_rate"":0.002}","{""detection_events"":260243,""detectors_checked"":34007040}"
     39936,         0,         0,    2.18,standalone_exact_mw,3bd544bb51e006261b45d3a2c996e28fc0c0449411cee5f7deafcd25d9539ebc,"{""distance"":7,""physical_error_rate"":0.001}","{""detection_events"":124786,""detectors_checked"":32348160}"
     32768,         0,         0,    2.20,standalone_exact_mw,3bd544bb51e006261b45d3a2c996e28fc0c0449411cee5f7deafcd25d9539ebc,"{""distance"":7,""physical_error_rate"":0.001}","{""detection_events"":102999,""detectors_checked"":26542080}"
     31744,         0,         0,    2.20,standalone_exact_mw,3bd544bb51e006261b45d3a2c996e28fc0c0449411cee5f7deafcd25d9539ebc,"{""distance"":7,""physical_error_rate"":0.001}","{""detection_events"":98779,""detectors_checked"":25712640}"
     53248,         0,         0,    3.09,standalone_exact_mw,3bd544bb51e006261b45d3a2c996e28fc0c0449411cee5f7deafcd25d9539ebc,"{""distance"":7,""physical_error_rate"":0.001}","{""detection_events"":165777,""detectors_checked"":43130880}"
      7168,         0,         0,    2.23,standalone_exact_mw,9d8ad86e51451842b54dafc7680d1b486ef291963bb72c70f3cdd570d2d8fa34,"{""distance"":7,""physical_error_rate"":0.002}","{""detection_events"":44306,""detectors_checked"":5806080}"
     20480,         0,         0,    2.22,standalone_exact_mw,9d8ad86e51451842b54dafc7680d1b486ef291963bb72c70f3cdd570d2d8fa34,"{""distance"":7,""physical_error_rate"":0.002}","{""detection_events"":127457,""detectors_checked"":16588800}"
     51200,         0,         0,    3.05,standalone_exact_mw,3bd544bb51e006261b45d3a2c996e28fc0c0449411cee5f7deafcd25d9539ebc,"{""distance"":7,""physical_error_rate"":0.001}","{""detection_events"":159869,""detectors_checked"":41472000}"
     48128,         0,         0,    3.10,standalone_exact_mw,3bd544bb51e006261b45d3a2c996e28fc0c0449411cee5f7deafcd25d9539ebc,"{""distance"":7,""physical_error_rate"":0.001}","{""detection_events"":151373,""detectors_checked"":38983680}"
     11264,         0,         0,    1.61,standalone_exact_mw,3bd544bb51e006261b45d3a2c996e28fc0c0449411cee5f7deafcd25d9539ebc,"{""distance"":7,""physical_error_rate"":0.001}","{""detection_events"":35126,""detectors_checked"":9123840}"
      7168,         0,         0,    2.27,standalone_exact_mw,9d8ad86e51451842b54dafc7680d1b486ef291963bb72c70f3cdd570d2d8fa34,"{""distance"":7,""physical_error_rate"":0.002}","{""detection_events"":44714,""detectors_checked"":5806080}"
     29696,         0,         0,    2.20,standalone_exact_mw,3bd544bb51e006261b45d3a2c996e28fc0c0449411cee5f7deafcd25d9539ebc,"{""distance"":7,""physical_error_rate"":0.001}","{""detection_events"":93811,""detectors_checked"":24053760}"
     47104,         0,         0,    3.05,standalone_exact_mw,3bd544bb51e006261b45d3a2c996e28fc0c0449411cee5f7deafcd25d9539ebc,"{""distance"":7,""physical_error_rate"":0.001}","{""detection_events"":146013,""detectors_checked"":38154240}"
     62464,         0,         0,    3.09,standalone_exact_mw,3bd544bb51e006261b45d3a2c996e28fc0c0449411cee5f7deafcd25d9539ebc,"{""distance"":7,""physical_error_rate"":0.001}","{""detection_events"":194163,""detectors_checked"":50595840}"
     19456,         0,         0,    1.58,standalone_exact_mw,9d8ad86e51451842b54dafc7680d1b486ef291963bb72c70f3cdd570d2d8fa34,"{""distance"":7,""physical_error_rate"":0.002}","{""detection_events"":120949,""detectors_checked"":15759360}"
     36864,         0,         0,    3.04,standalone_exact_mw,9d8ad86e51451842b54dafc7680d1b486ef291963bb72c70f3cdd570d2d8fa34,"{""distance"":7,""physical_error_rate"":0.002}","{""detection_events"":229743,""detectors_checked"":29859840}"
     44032,         0,         0,    3.05,standalone_exact_mw,9d8ad86e51451842b54dafc7680d1b486ef291963bb72c70f3cdd570d2d8fa34,"{""distance"":7,""physical_error_rate"":0.002}","{""detection_events"":273488,""detectors_checked"":35665920}"
     37888,         0,         0,    3.07,standalone_exact_mw,9d8ad86e51451842b54dafc7680d1b486ef291963bb72c70f3cdd570d2d8fa34,"{""distance"":7,""physical_error_rate"":0.002}","{""detection_events"":236024,""detectors_checked"":30689280}"
     40960,         0,         0,    3.07,standalone_exact_mw,9d8ad86e51451842b54dafc7680d1b486ef291963bb72c70f3cdd570d2d8fa34,"{""distance"":7,""physical_error_rate"":0.002}","{""detection_events"":254473,""detectors_checked"":33177600}"
     37888,         0,         0,    3.07,standalone_exact_mw,9d8ad86e51451842b54dafc7680d1b486ef291963bb72c70f3cdd570d2d8fa34,"{""distance"":7,""physical_error_rate"":0.002}","{""detection_events"":236303,""detectors_checked"":30689280}"
     46080,         0,         0,    3.05,standalone_exact_mw,3bd544bb51e006261b45d3a2c996e28fc0c0449411cee5f7deafcd25d9539ebc,"{""distance"":7,""physical_error_rate"":0.001}","{""detection_events"":144708,""detectors_checked"":37324800}"
     23552,         0,         0,    1.54,standalone_exact_mw,3bd544bb51e006261b45d3a2c996e28fc0c0449411cee5f7deafcd25d9539ebc,"{""distance"":7,""physical_error_rate"":0.001}","{""detection_events"":73736,""detectors_checked"":19077120}"
     34816,         0,         0,    2.19,standalone_exact_mw,3bd544bb51e006261b45d3a2c996e28fc0c0449411cee5f7deafcd25d9539ebc,"{""distance"":7,""physical_error_rate"":0.001}","{""detection_events"":108776,""detectors_checked"":28200960}"
     17408,         0,         0,    3.06,standalone_exact_mw,9d8ad86e51451842b54dafc7680d1b486ef291963bb72c70f3cdd570d2d8fa34,"{""distance"":7,""physical_error_rate"":0.002}","{""detection_events"":107295,""detectors_checked"":14100480}"
      9216,         0,         0,    3.09,standalone_exact_mw,9d8ad86e51451842b54dafc7680d1b486ef291963bb72c70f3cdd570d2d8fa34,"{""distance"":7,""physical_error_rate"":0.002}","{""detection_events"":57303,""detectors_checked"":7464960}"
     43008,         0,         0,    3.36,standalone_exact_mw,9d8ad86e51451842b54dafc7680d1b486ef291963bb72c70f3cdd570d2d8fa34,"{""distance"":7,""physical_error_rate"":0.002}","{""detection_events"":268051,""detectors_checked"":34836480}"
     48128,         0,         0,    3.10,standalone_exact_mw,3bd544bb51e006261b45d3a2c996e28fc0c0449411cee5f7deafcd25d9539ebc,"{""distance"":7,""physical_error_rate"":0.001}","{""detection_events"":151799,""detectors_checked"":38983680}"
     13312,         0,         0,    2.19,standalone_exact_mw,9d8ad86e51451842b54dafc7680d1b486ef291963bb72c70f3cdd570d2d8fa34,"{""distance"":7,""physical_error_rate"":0.002}","{""detection_events"":83110,""detectors_checked"":10782720}"
     46080,         0,         0,    3.10,standalone_exact_mw,3bd544bb51e006261b45d3a2c996e28fc0c0449411cee5f7deafcd25d9539ebc,"{""distance"":7,""physical_error_rate"":0.001}","{""detection_events"":142754,""detectors_checked"":37324800}"
     33792,         0,         0,    3.14,standalone_exact_mw,9d8ad86e51451842b54dafc7680d1b486ef291963bb72c70f3cdd570d2d8fa34,"{""distance"":7,""physical_error_rate"":0.002}","{""detection_events"":209983,""detectors_checked"":27371520}"
     47104,         0,         0,    3.10,standalone_exact_mw,3bd544bb51e006261b45d3a2c996e28fc0c0449411cee5f7deafcd25d9539ebc,"{""distance"":7,""physical_error_rate"":0.001}","{""detection_events"":147621,""detectors_checked"":38154240}"
     37888,         0,         0,    3.06,standalone_exact_mw,9d8ad86e51451842b54dafc7680d1b486ef291963bb72c70f3cdd570d2d8fa34,"{""distance"":7,""physical_error_rate"":0.002}","{""detection_events"":234824,""detectors_checked"":30689280}"
     26624,         0,         0,    3.10,standalone_exact_mw,9d8ad86e51451842b54dafc7680d1b486ef291963bb72c70f3cdd570d2d8fa34,"{""distance"":7,""physical_error_rate"":0.002}","{""detection_events"":166740,""detectors_checked"":21565440}"
     36864,         0,         0,    3.06,standalone_exact_mw,9d8ad86e51451842b54dafc7680d1b486ef291963bb72c70f3cdd570d2d8fa34,"{""distance"":7,""physical_error_rate"":0.002}","{""detection_events"":229087,""detectors_checked"":29859840}"
   1158144,         0,         0,   119.8,standalone_exact_mw,3bd544bb51e006261b45d3a2c996e28fc0c0449411cee5f7deafcd25d9539ebc,"{""distance"":7,""physical_error_rate"":0.001}","{""detection_events"":3615460,""detectors_checked"":938096640}"
     14336,         0,         0,    2.20,standalone_exact_mw,9d8ad86e51451842b54dafc7680d1b486ef291963bb72c70f3cdd570d2d8fa34,"{""distance"":7,""physical_error_rate"":0.002}","{""detection_events"":88716,""detectors_checked"":11612160}"
     48128,         0,         0,    3.08,standalone_exact_mw,3bd544bb51e006261b45d3a2c996e28fc0c0449411cee5f7deafcd25d9539ebc,"{""distance"":7,""physical_error_rate"":0.001}","{""detection_events"":150469,""detectors_checked"":38983680}"
     43008,         0,         0,    3.07,standalone_exact_mw,3bd544bb51e006261b45d3a2c996e28fc0c0449411cee5f7deafcd25d9539ebc,"{""distance"":7,""physical_error_rate"":0.001}","{""detection_events"":133457,""detectors_checked"":34836480}"
     18432,         0,         0,    3.06,standalone_exact_mw,3bd544bb51e006261b45d3a2c996e28fc0c0449411cee5f7deafcd25d9539ebc,"{""distance"":7,""physical_error_rate"":0.001}","{""detection_events"":58038,""detectors_checked"":14929920}"
   1280000,         0,         0,   119.6,standalone_exact_mw,9d8ad86e51451842b54dafc7680d1b486ef291963bb72c70f3cdd570d2d8fa34,"{""distance"":7,""physical_error_rate"":0.002}","{""detection_events"":7951121,""detectors_checked"":1036800000}"
   1660928,         0,         0,   119.7,standalone_exact_mw,9d8ad86e51451842b54dafc7680d1b486ef291963bb72c70f3cdd570d2d8fa34,"{""distance"":7,""physical_error_rate"":0.002}","{""detection_events"":10316263,""detectors_checked"":1345351680}"
   2124800,         0,         0,   119.7,standalone_exact_mw,3bd544bb51e006261b45d3a2c996e28fc0c0449411cee5f7deafcd25d9539ebc,"{""distance"":7,""physical_error_rate"":0.001}","{""detection_events"":6643869,""detectors_checked"":1721088000}"
     14336,         0,         0,    2.32,standalone_exact_mw,3bd544bb51e006261b45d3a2c996e28fc0c0449411cee5f7deafcd25d9539ebc,"{""distance"":7,""physical_error_rate"":0.001}","{""detection_events"":44669,""detectors_checked"":11612160}"
   1552384,         0,         0,   119.7,standalone_exact_mw,3bd544bb51e006261b45d3a2c996e28fc0c0449411cee5f7deafcd25d9539ebc,"{""distance"":7,""physical_error_rate"":0.001}","{""detection_events"":4852198,""detectors_checked"":1257431040}"
     16384,         0,         0,    3.14,standalone_exact_mw,3bd544bb51e006261b45d3a2c996e28fc0c0449411cee5f7deafcd25d9539ebc,"{""distance"":7,""physical_error_rate"":0.001}","{""detection_events"":50926,""detectors_checked"":13271040}"
     18432,         0,         0,    3.07,standalone_exact_mw,9d8ad86e51451842b54dafc7680d1b486ef291963bb72c70f3cdd570d2d8fa34,"{""distance"":7,""physical_error_rate"":0.002}","{""detection_events"":114154,""detectors_checked"":14929920}"
    990208,         0,         0,   119.7,standalone_exact_mw,3bd544bb51e006261b45d3a2c996e28fc0c0449411cee5f7deafcd25d9539ebc,"{""distance"":7,""physical_error_rate"":0.001}","{""detection_events"":3097441,""detectors_checked"":802068480}"
     20480,         0,         0,    2.21,standalone_exact_mw,9d8ad86e51451842b54dafc7680d1b486ef291963bb72c70f3cdd570d2d8fa34,"{""distance"":7,""physical_error_rate"":0.002}","{""detection_events"":127693,""detectors_checked"":16588800}"
     37888,         0,         0,    3.04,standalone_exact_mw,9d8ad86e51451842b54dafc7680d1b486ef291963bb72c70f3cdd570d2d8fa34,"{""distance"":7,""physical_error_rate"":0.002}","{""detection_events"":235097,""detectors_checked"":30689280}"
   1115136,         0,         0,   119.6,standalone_exact_mw,3bd544bb51e006261b45d3a2c996e28fc0c0449411cee5f7deafcd25d9539ebc,"{""distance"":7,""physical_error_rate"":0.001}","{""detection_events"":3489835,""detectors_checked"":903260160}"
     35840,         0,         0,    3.08,standalone_exact_mw,3bd544bb51e006261b45d3a2c996e28fc0c0449411cee5f7deafcd25d9539ebc,"{""distance"":7,""physical_error_rate"":0.001}","{""detection_events"":112385,""detectors_checked"":29030400}"
     46080,         0,         0,    3.07,standalone_exact_mw,3bd544bb51e006261b45d3a2c996e28fc0c0449411cee5f7deafcd25d9539ebc,"{""distance"":7,""physical_error_rate"":0.001}","{""detection_events"":144499,""detectors_checked"":37324800}"
     47104,         0,         0,    3.09,standalone_exact_mw,3bd544bb51e006261b45d3a2c996e28fc0c0449411cee5f7deafcd25d9539ebc,"{""distance"":7,""physical_error_rate"":0.001}","{""detection_events"":145921,""detectors_checked"":38154240}"
     12288,         0,         0,    3.07,standalone_exact_mw,9d8ad86e51451842b54dafc7680d1b486ef291963bb72c70f3cdd570d2d8fa34,"{""distance"":7,""physical_error_rate"":0.002}","{""detection_events"":76688,""detectors_checked"":9953280}"
   1330176,         0,         0,   120.0,standalone_exact_mw,9d8ad86e51451842b54dafc7680d1b486ef291963bb72c70f3cdd570d2d8fa34,"{""distance"":7,""physical_error_rate"":0.002}","{""detection_events"":8274330,""detectors_checked"":1077442560}"
     37888,         0,         0,    3.11,standalone_exact_mw,9d8ad86e51451842b54dafc7680d1b486ef291963bb72c70f3cdd570d2d8fa34,"{""distance"":7,""physical_error_rate"":0.002}","{""detection_events"":236292,""detectors_checked"":30689280}"
     32768,         0,         0,    2.18,standalone_exact_mw,3bd544bb51e006261b45d3a2c996e28fc0c0449411cee5f7deafcd25d9539ebc,"{""distance"":7,""physical_error_rate"":0.001}","{""detection_events"":102243,""detectors_checked"":26542080}"
    934912,         0,         0,   119.7,standalone_exact_mw,9d8ad86e51451842b54dafc7680d1b486ef291963bb72c70f3cdd570d2d8fa34,"{""distance"":7,""physical_error_rate"":0.002}","{""detection_events"":5816351,""detectors_checked"":757278720}"
     18432,         0,         0,    3.09,standalone_exact_mw,9d8ad86e51451842b54dafc7680d1b486ef291963bb72c70f3cdd570d2d8fa34,"{""distance"":7,""physical_error_rate"":0.002}","{""detection_events"":114519,""detectors_checked"":14929920}"
   1588224,         0,         0,   119.7,standalone_exact_mw,3bd544bb51e006261b45d3a2c996e28fc0c0449411cee5f7deafcd25d9539ebc,"{""distance"":7,""physical_error_rate"":0.001}","{""detection_events"":4963732,""detectors_checked"":1286461440}"
     31744,         0,         0,    3.09,standalone_exact_mw,3bd544bb51e006261b45d3a2c996e28fc0c0449411cee5f7deafcd25d9539ebc,"{""distance"":7,""physical_error_rate"":0.001}","{""detection_events"":99402,""detectors_checked"":25712640}"
    139264,         0,         0,    4.31,standalone_exact_mw,3bd544bb51e006261b45d3a2c996e28fc0c0449411cee5f7deafcd25d9539ebc,"{""distance"":7,""physical_error_rate"":0.001}","{""detection_events"":435755,""detectors_checked"":112803840}"
   1289216,         0,         0,   119.8,standalone_exact_mw,9d8ad86e51451842b54dafc7680d1b486ef291963bb72c70f3cdd570d2d8fa34,"{""distance"":7,""physical_error_rate"":0.002}","{""detection_events"":8018389,""detectors_checked"":1044264960}"
   1393664,         0,         0,   119.7,standalone_exact_mw,9d8ad86e51451842b54dafc7680d1b486ef291963bb72c70f3cdd570d2d8fa34,"{""distance"":7,""physical_error_rate"":0.002}","{""detection_events"":8662653,""detectors_checked"":1128867840}"
     32768,         0,         0,    3.06,standalone_exact_mw,3bd544bb51e006261b45d3a2c996e28fc0c0449411cee5f7deafcd25d9539ebc,"{""distance"":7,""physical_error_rate"":0.001}","{""detection_events"":101769,""detectors_checked"":26542080}"
     25600,         0,         0,    4.27,standalone_exact_mw,9d8ad86e51451842b54dafc7680d1b486ef291963bb72c70f3cdd570d2d8fa34,"{""distance"":7,""physical_error_rate"":0.002}","{""detection_events"":160082,""detectors_checked"":20736000}"
   1177600,         0,         0,   119.6,standalone_exact_mw,3bd544bb51e006261b45d3a2c996e28fc0c0449411cee5f7deafcd25d9539ebc,"{""distance"":7,""physical_error_rate"":0.001}","{""detection_events"":3675625,""detectors_checked"":953856000}"
     53248,         0,         0,    4.29,standalone_exact_mw,9d8ad86e51451842b54dafc7680d1b486ef291963bb72c70f3cdd570d2d8fa34,"{""distance"":7,""physical_error_rate"":0.002}","{""detection_events"":330841,""detectors_checked"":43130880}"
     73728,         0,         0,    4.29,standalone_exact_mw,3bd544bb51e006261b45d3a2c996e28fc0c0449411cee5f7deafcd25d9539ebc,"{""distance"":7,""physical_error_rate"":0.001}","{""detection_events"":230498,""detectors_checked"":59719680}"
     64512,         0,         0,    4.31,standalone_exact_mw,3bd544bb51e006261b45d3a2c996e28fc0c0449411cee5f7deafcd25d9539ebc,"{""distance"":7,""physical_error_rate"":0.001}","{""detection_events"":199955,""detectors_checked"":52254720}"
     59392,         0,         0,    4.30,standalone_exact_mw,3bd544bb51e006261b45d3a2c996e28fc0c0449411cee5f7deafcd25d9539ebc,"{""distance"":7,""physical_error_rate"":0.001}","{""detection_events"":186001,""detectors_checked"":48107520}"
     14336,         0,         0,    3.08,standalone_exact_mw,9d8ad86e51451842b54dafc7680d1b486ef291963bb72c70f3cdd570d2d8fa34,"{""distance"":7,""physical_error_rate"":0.002}","{""detection_events"":88839,""detectors_checked"":11612160}"
    844800,         0,         0,   119.5,standalone_exact_mw,9d8ad86e51451842b54dafc7680d1b486ef291963bb72c70f3cdd570d2d8fa34,"{""distance"":7,""physical_error_rate"":0.002}","{""detection_events"":5256494,""detectors_checked"":684288000}"
     65536,         0,         0,    4.27,standalone_exact_mw,3bd544bb51e006261b45d3a2c996e28fc0c0449411cee5f7deafcd25d9539ebc,"{""distance"":7,""physical_error_rate"":0.001}","{""detection_events"":204011,""detectors_checked"":53084160}"
     73728,         0,         0,    4.27,standalone_exact_mw,3bd544bb51e006261b45d3a2c996e28fc0c0449411cee5f7deafcd25d9539ebc,"{""distance"":7,""physical_error_rate"":0.001}","{""detection_events"":230966,""detectors_checked"":59719680}"
   1272832,         0,         0,   119.7,standalone_exact_mw,9d8ad86e51451842b54dafc7680d1b486ef291963bb72c70f3cdd570d2d8fa34,"{""distance"":7,""physical_error_rate"":0.002}","{""detection_events"":7917891,""detectors_checked"":1030993920}"
     56320,         0,         0,    4.26,standalone_exact_mw,9d8ad86e51451842b54dafc7680d1b486ef291963bb72c70f3cdd570d2d8fa34,"{""distance"":7,""physical_error_rate"":0.002}","{""detection_events"":348946,""detectors_checked"":45619200}"
   1318912,         0,         0,   119.7,standalone_exact_mw,3bd544bb51e006261b45d3a2c996e28fc0c0449411cee5f7deafcd25d9539ebc,"{""distance"":7,""physical_error_rate"":0.001}","{""detection_events"":4122330,""detectors_checked"":1068318720}"
     47104,         0,         0,    4.38,standalone_exact_mw,9d8ad86e51451842b54dafc7680d1b486ef291963bb72c70f3cdd570d2d8fa34,"{""distance"":7,""physical_error_rate"":0.002}","{""detection_events"":292371,""detectors_checked"":38154240}"
     40960,         0,         0,    4.33,standalone_exact_mw,9d8ad86e51451842b54dafc7680d1b486ef291963bb72c70f3cdd570d2d8fa34,"{""distance"":7,""physical_error_rate"":0.002}","{""detection_events"":255510,""detectors_checked"":33177600}"
     53248,         0,         0,    4.32,standalone_exact_mw,9d8ad86e51451842b54dafc7680d1b486ef291963bb72c70f3cdd570d2d8fa34,"{""distance"":7,""physical_error_rate"":0.002}","{""detection_events"":330430,""detectors_checked"":43130880}"
   1256448,         0,         0,   119.8,standalone_exact_mw,9d8ad86e51451842b54dafc7680d1b486ef291963bb72c70f3cdd570d2d8fa34,"{""distance"":7,""physical_error_rate"":0.002}","{""detection_events"":7804803,""detectors_checked"":1017722880}"
     53248,         0,         0,    4.36,standalone_exact_mw,9d8ad86e51451842b54dafc7680d1b486ef291963bb72c70f3cdd570d2d8fa34,"{""distance"":7,""physical_error_rate"":0.002}","{""detection_events"":330660,""detectors_checked"":43130880}"
     52224,         0,         0,    4.28,standalone_exact_mw,3bd544bb51e006261b45d3a2c996e28fc0c0449411cee5f7deafcd25d9539ebc,"{""distance"":7,""physical_error_rate"":0.001}","{""detection_events"":163437,""detectors_checked"":42301440}"
     28672,         0,         0,    3.14,standalone_exact_mw,9d8ad86e51451842b54dafc7680d1b486ef291963bb72c70f3cdd570d2d8fa34,"{""distance"":7,""physical_error_rate"":0.002}","{""detection_events"":178313,""detectors_checked"":23224320}"
    848896,         0,         0,   119.7,standalone_exact_mw,9d8ad86e51451842b54dafc7680d1b486ef291963bb72c70f3cdd570d2d8fa34,"{""distance"":7,""physical_error_rate"":0.002}","{""detection_events"":5277338,""detectors_checked"":687605760}"
   1191936,         0,         0,   119.5,standalone_exact_mw,3bd544bb51e006261b45d3a2c996e28fc0c0449411cee5f7deafcd25d9539ebc,"{""distance"":7,""physical_error_rate"":0.001}","{""detection_events"":3719106,""detectors_checked"":965468160}"
     31744,         0,         0,    4.30,standalone_exact_mw,9d8ad86e51451842b54dafc7680d1b486ef291963bb72c70f3cdd570d2d8fa34,"{""distance"":7,""physical_error_rate"":0.002}","{""detection_events"":198643,""detectors_checked"":25712640}"
     33792,         0,         0,    4.27,standalone_exact_mw,9d8ad86e51451842b54dafc7680d1b486ef291963bb72c70f3cdd570d2d8fa34,"{""distance"":7,""physical_error_rate"":0.002}","{""detection_events"":209770,""detectors_checked"":27371520}"
     22528,         0,         0,    3.05,standalone_exact_mw,3bd544bb51e006261b45d3a2c996e28fc0c0449411cee5f7deafcd25d9539ebc,"{""distance"":7,""physical_error_rate"":0.001}","{""detection_events"":70406,""detectors_checked"":18247680}"
     66560,         0,         0,    4.30,standalone_exact_mw,3bd544bb51e006261b45d3a2c996e28fc0c0449411cee5f7deafcd25d9539ebc,"{""distance"":7,""physical_error_rate"":0.001}","{""detection_events"":207810,""detectors_checked"":53913600}"
   2115584,         0,         0,   119.7,standalone_exact_mw,3bd544bb51e006261b45d3a2c996e28fc0c0449411cee5f7deafcd25d9539ebc,"{""distance"":7,""physical_error_rate"":0.001}","{""detection_events"":6614652,""detectors_checked"":1713623040}"
     28672,         0,         0,    4.47,standalone_exact_mw,9d8ad86e51451842b54dafc7680d1b486ef291963bb72c70f3cdd570d2d8fa34,"{""distance"":7,""physical_error_rate"":0.002}","{""detection_events"":178126,""detectors_checked"":23224320}"
     64512,         0,         0,    4.28,standalone_exact_mw,3bd544bb51e006261b45d3a2c996e28fc0c0449411cee5f7deafcd25d9539ebc,"{""distance"":7,""physical_error_rate"":0.001}","{""detection_events"":200385,""detectors_checked"":52254720}"
     61440,         0,         0,    4.29,standalone_exact_mw,3bd544bb51e006261b45d3a2c996e28fc0c0449411cee5f7deafcd25d9539ebc,"{""distance"":7,""physical_error_rate"":0.001}","{""detection_events"":192713,""detectors_checked"":49766400}"
     33792,         0,         0,    4.35,standalone_exact_mw,9d8ad86e51451842b54dafc7680d1b486ef291963bb72c70f3cdd570d2d8fa34,"{""distance"":7,""physical_error_rate"":0.002}","{""detection_events"":210981,""detectors_checked"":27371520}"
     53248,         0,         0,    4.32,standalone_exact_mw,9d8ad86e51451842b54dafc7680d1b486ef291963bb72c70f3cdd570d2d8fa34,"{""distance"":7,""physical_error_rate"":0.002}","{""detection_events"":331128,""detectors_checked"":43130880}"
     38912,         0,         0,    4.29,standalone_exact_mw,9d8ad86e51451842b54dafc7680d1b486ef291963bb72c70f3cdd570d2d8fa34,"{""distance"":7,""physical_error_rate"":0.002}","{""detection_events"":241255,""detectors_checked"":31518720}"
     19456,         0,         0,    3.15,standalone_exact_mw,9d8ad86e51451842b54dafc7680d1b486ef291963bb72c70f3cdd570d2d8fa34,"{""distance"":7,""physical_error_rate"":0.002}","{""detection_events"":121329,""detectors_checked"":15759360}"
     55296,         0,         0,    4.29,standalone_exact_mw,9d8ad86e51451842b54dafc7680d1b486ef291963bb72c70f3cdd570d2d8fa34,"{""distance"":7,""physical_error_rate"":0.002}","{""detection_events"":342963,""detectors_checked"":44789760}"
   1214464,         1,         0,   119.7,standalone_exact_mw,9d8ad86e51451842b54dafc7680d1b486ef291963bb72c70f3cdd570d2d8fa34,"{""distance"":7,""physical_error_rate"":0.002}","{""detection_events"":7548428,""detectors_checked"":983715840,""obs_mistake_mask=E"":1}"
   1336320,         0,         0,   119.8,standalone_exact_mw,3bd544bb51e006261b45d3a2c996e28fc0c0449411cee5f7deafcd25d9539ebc,"{""distance"":7,""physical_error_rate"":0.001}","{""detection_events"":4178515,""detectors_checked"":1082419200}"
     41984,         0,         0,    3.05,standalone_exact_mw,3bd544bb51e006261b45d3a2c996e28fc0c0449411cee5f7deafcd25d9539ebc,"{""distance"":7,""physical_error_rate"":0.001}","{""detection_events"":131268,""detectors_checked"":34007040}"
     62464,         0,         0,    4.30,standalone_exact_mw,3bd544bb51e006261b45d3a2c996e28fc0c0449411cee5f7deafcd25d9539ebc,"{""distance"":7,""physical_error_rate"":0.001}","{""detection_events"":195814,""detectors_checked"":50595840}"
     29696,         0,         0,    4.28,standalone_exact_mw,3bd544bb51e006261b45d3a2c996e28fc0c0449411cee5f7deafcd25d9539ebc,"{""distance"":7,""physical_error_rate"":0.001}","{""detection_events"":93241,""detectors_checked"":24053760}"
     34816,         0,         0,    4.32,standalone_exact_mw,3bd544bb51e006261b45d3a2c996e28fc0c0449411cee5f7deafcd25d9539ebc,"{""distance"":7,""physical_error_rate"":0.001}","{""detection_events"":108840,""detectors_checked"":28200960}"
   1113088,         0,         0,   119.5,standalone_exact_mw,3bd544bb51e006261b45d3a2c996e28fc0c0449411cee5f7deafcd25d9539ebc,"{""distance"":7,""physical_error_rate"":0.001}","{""detection_events"":3474030,""detectors_checked"":901601280}"
     49152,         0,         0,    4.29,standalone_exact_mw,9d8ad86e51451842b54dafc7680d1b486ef291963bb72c70f3cdd570d2d8fa34,"{""distance"":7,""physical_error_rate"":0.002}","{""detection_events"":305525,""detectors_checked"":39813120}"
   1015808,         0,         0,   119.7,standalone_exact_mw,9d8ad86e51451842b54dafc7680d1b486ef291963bb72c70f3cdd570d2d8fa34,"{""distance"":7,""physical_error_rate"":0.002}","{""detection_events"":6313227,""detectors_checked"":822804480}"
     53248,         0,         0,    4.30,standalone_exact_mw,9d8ad86e51451842b54dafc7680d1b486ef291963bb72c70f3cdd570d2d8fa34,"{""distance"":7,""physical_error_rate"":0.002}","{""detection_events"":330065,""detectors_checked"":43130880}"
     45056,         0,         0,    4.50,standalone_exact_mw,3bd544bb51e006261b45d3a2c996e28fc0c0449411cee5f7deafcd25d9539ebc,"{""distance"":7,""physical_error_rate"":0.001}","{""detection_events"":141008,""detectors_checked"":36495360}"
     64512,         0,         0,    4.27,standalone_exact_mw,3bd544bb51e006261b45d3a2c996e28fc0c0449411cee5f7deafcd25d9539ebc,"{""distance"":7,""physical_error_rate"":0.001}","{""detection_events"":202439,""detectors_checked"":52254720}"
     54272,         0,         0,    4.28,standalone_exact_mw,3bd544bb51e006261b45d3a2c996e28fc0c0449411cee5f7deafcd25d9539ebc,"{""distance"":7,""physical_error_rate"":0.001}","{""detection_events"":169819,""detectors_checked"":43960320}"
     47104,         0,         0,    4.29,standalone_exact_mw,9d8ad86e51451842b54dafc7680d1b486ef291963bb72c70f3cdd570d2d8fa34,"{""distance"":7,""physical_error_rate"":0.002}","{""detection_events"":293641,""detectors_checked"":38154240}"
     65536,         0,         0,    4.31,standalone_exact_mw,3bd544bb51e006261b45d3a2c996e28fc0c0449411cee5f7deafcd25d9539ebc,"{""distance"":7,""physical_error_rate"":0.001}","{""detection_events"":205893,""detectors_checked"":53084160}"
   1695744,         0,         0,   119.7,standalone_exact_mw,9d8ad86e51451842b54dafc7680d1b486ef291963bb72c70f3cdd570d2d8fa34,"{""distance"":7,""physical_error_rate"":0.002}","{""detection_events"":10536474,""detectors_checked"":1373552640}"
     53248,         0,         0,    4.29,standalone_exact_mw,9d8ad86e51451842b54dafc7680d1b486ef291963bb72c70f3cdd570d2d8fa34,"{""distance"":7,""physical_error_rate"":0.002}","{""detection_events"":330536,""detectors_checked"":43130880}"
   1730560,         1,         0,   119.7,standalone_exact_mw,9d8ad86e51451842b54dafc7680d1b486ef291963bb72c70f3cdd570d2d8fa34,"{""distance"":7,""physical_error_rate"":0.002}","{""detection_events"":10756580,""detectors_checked"":1401753600,""obs_mistake_mask=E"":1}"
     46080,         0,         0,    4.42,standalone_exact_mw,9d8ad86e51451842b54dafc7680d1b486ef291963bb72c70f3cdd570d2d8fa34,"{""distance"":7,""physical_error_rate"":0.002}","{""detection_events"":287504,""detectors_checked"":37324800}"
     56320,         0,         0,    4.29,standalone_exact_mw,3bd544bb51e006261b45d3a2c996e28fc0c0449411cee5f7deafcd25d9539ebc,"{""distance"":7,""physical_error_rate"":0.001}","{""detection_events"":176360,""detectors_checked"":45619200}"
     54272,         0,         0,    4.28,standalone_exact_mw,3bd544bb51e006261b45d3a2c996e28fc0c0449411cee5f7deafcd25d9539ebc,"{""distance"":7,""physical_error_rate"":0.001}","{""detection_events"":168996,""detectors_checked"":43960320}"
     28672,         0,         0,    4.24,standalone_exact_mw,9d8ad86e51451842b54dafc7680d1b486ef291963bb72c70f3cdd570d2d8fa34,"{""distance"":7,""physical_error_rate"":0.002}","{""detection_events"":177512,""detectors_checked"":23224320}"
    893952,         0,         0,   119.5,standalone_exact_mw,3bd544bb51e006261b45d3a2c996e28fc0c0449411cee5f7deafcd25d9539ebc,"{""distance"":7,""physical_error_rate"":0.001}","{""detection_events"":2792055,""detectors_checked"":724101120}"
     30720,         0,         0,    4.36,standalone_exact_mw,9d8ad86e51451842b54dafc7680d1b486ef291963bb72c70f3cdd570d2d8fa34,"{""distance"":7,""physical_error_rate"":0.002}","{""detection_events"":190067,""detectors_checked"":24883200}"
    132096,         0,         0,    5.96,standalone_exact_mw,3bd544bb51e006261b45d3a2c996e28fc0c0449411cee5f7deafcd25d9539ebc,"{""distance"":7,""physical_error_rate"":0.001}","{""detection_events"":412956,""detectors_checked"":106997760}"
     65536,         0,         0,    4.25,standalone_exact_mw,3bd544bb51e006261b45d3a2c996e28fc0c0449411cee5f7deafcd25d9539ebc,"{""distance"":7,""physical_error_rate"":0.001}","{""detection_events"":204073,""detectors_checked"":53084160}"
   1434624,         0,         0,   119.4,standalone_exact_mw,3bd544bb51e006261b45d3a2c996e28fc0c0449411cee5f7deafcd25d9539ebc,"{""distance"":7,""physical_error_rate"":0.001}","{""detection_events"":4487394,""detectors_checked"":1162045440}"
     73728,         0,         0,    5.95,standalone_exact_mw,9d8ad86e51451842b54dafc7680d1b486ef291963bb72c70f3cdd570d2d8fa34,"{""distance"":7,""physical_error_rate"":0.002}","{""detection_events"":456733,""detectors_checked"":59719680}"
     36864,         0,         0,    6.03,standalone_exact_mw,9d8ad86e51451842b54dafc7680d1b486ef291963bb72c70f3cdd570d2d8fa34,"{""distance"":7,""physical_error_rate"":0.002}","{""detection_events"":228626,""detectors_checked"":29859840}"
    893952,         0,         0,   119.7,standalone_exact_mw,3bd544bb51e006261b45d3a2c996e28fc0c0449411cee5f7deafcd25d9539ebc,"{""distance"":7,""physical_error_rate"":0.001}","{""detection_events"":2793125,""detectors_checked"":724101120}"
     86016,         0,         0,    6.01,standalone_exact_mw,3bd544bb51e006261b45d3a2c996e28fc0c0449411cee5f7deafcd25d9539ebc,"{""distance"":7,""physical_error_rate"":0.001}","{""detection_events"":268299,""detectors_checked"":69672960}"
     31744,         0,         0,    4.38,standalone_exact_mw,9d8ad86e51451842b54dafc7680d1b486ef291963bb72c70f3cdd570d2d8fa34,"{""distance"":7,""physical_error_rate"":0.002}","{""detection_events"":196907,""detectors_checked"":25712640}"
     84992,         0,         0,    5.99,standalone_exact_mw,3bd544bb51e006261b45d3a2c996e28fc0c0449411cee5f7deafcd25d9539ebc,"{""distance"":7,""physical_error_rate"":0.001}","{""detection_events"":265164,""detectors_checked"":68843520}"
     92160,         0,         0,    6.04,standalone_exact_mw,3bd544bb51e006261b45d3a2c996e28fc0c0449411cee5f7deafcd25d9539ebc,"{""distance"":7,""physical_error_rate"":0.001}","{""detection_events"":288163,""detectors_checked"":74649600}"
   1039360,         1,         0,   119.8,standalone_exact_mw,9d8ad86e51451842b54dafc7680d1b486ef291963bb72c70f3cdd570d2d8fa34,"{""distance"":7,""physical_error_rate"":0.002}","{""detection_events"":6455896,""detectors_checked"":841881600,""obs_mistake_mask=E"":1}"
   1647616,         0,         0,   119.7,standalone_exact_mw,3bd544bb51e006261b45d3a2c996e28fc0c0449411cee5f7deafcd25d9539ebc,"{""distance"":7,""physical_error_rate"":0.001}","{""detection_events"":5150697,""detectors_checked"":1334568960}"
     27648,         0,         0,    4.43,standalone_exact_mw,3bd544bb51e006261b45d3a2c996e28fc0c0449411cee5f7deafcd25d9539ebc,"{""distance"":7,""physical_error_rate"":0.001}","{""detection_events"":87212,""detectors_checked"":22394880}"
     92160,         0,         0,    5.97,standalone_exact_mw,3bd544bb51e006261b45d3a2c996e28fc0c0449411cee5f7deafcd25d9539ebc,"{""distance"":7,""physical_error_rate"":0.001}","{""detection_events"":288506,""detectors_checked"":74649600}"
     91136,         0,         0,    5.99,standalone_exact_mw,3bd544bb51e006261b45d3a2c996e28fc0c0449411cee5f7deafcd25d9539ebc,"{""distance"":7,""physical_error_rate"":0.001}","{""detection_events"":285834,""detectors_checked"":73820160}"
     73728,         0,         0,    5.99,standalone_exact_mw,9d8ad86e51451842b54dafc7680d1b486ef291963bb72c70f3cdd570d2d8fa34,"{""distance"":7,""physical_error_rate"":0.002}","{""detection_events"":458931,""detectors_checked"":59719680}"
   1178624,         0,         0,   119.8,standalone_exact_mw,9d8ad86e51451842b54dafc7680d1b486ef291963bb72c70f3cdd570d2d8fa34,"{""distance"":7,""physical_error_rate"":0.002}","{""detection_events"":7325341,""detectors_checked"":954685440}"
     64512,         0,         0,    6.00,standalone_exact_mw,9d8ad86e51451842b54dafc7680d1b486ef291963bb72c70f3cdd570d2d8fa34,"{""distance"":7,""physical_error_rate"":0.002}","{""detection_events"":400171,""detectors_checked"":52254720}"
     77824,         0,         0,    5.93,standalone_exact_mw,3bd544bb51e006261b45d3a2c996e28fc0c0449411cee5f7deafcd25d9539ebc,"{""distance"":7,""physical_error_rate"":0.001}","{""detection_events"":244291,""detectors_checked"":63037440}"
     73728,         0,         0,    6.01,standalone_exact_mw,9d8ad86e51451842b54dafc7680d1b486ef291963bb72c70f3cdd570d2d8fa34,"{""distance"":7,""physical_error_rate"":0.002}","{""detection_events"":458050,""detectors_checked"":59719680}"
     73728,         0,         0,    6.00,standalone_exact_mw,9d8ad86e51451842b54dafc7680d1b486ef291963bb72c70f3cdd570d2d8fa34,"{""distance"":7,""physical_error_rate"":0.002}","{""detection_events"":457131,""detectors_checked"":59719680}"
     36864,         0,         0,    6.13,standalone_exact_mw,9d8ad86e51451842b54dafc7680d1b486ef291963bb72c70f3cdd570d2d8fa34,"{""distance"":7,""physical_error_rate"":0.002}","{""detection_events"":229433,""detectors_checked"":29859840}"
   1641472,         0,         0,   119.7,standalone_exact_mw,3bd544bb51e006261b45d3a2c996e28fc0c0449411cee5f7deafcd25d9539ebc,"{""distance"":7,""physical_error_rate"":0.001}","{""detection_events"":5126406,""detectors_checked"":1329592320}"
   1162240,         0,         0,   119.5,standalone_exact_mw,3bd544bb51e006261b45d3a2c996e28fc0c0449411cee5f7deafcd25d9539ebc,"{""distance"":7,""physical_error_rate"":0.001}","{""detection_events"":3634016,""detectors_checked"":941414400}"
   1126400,         0,         0,   120.0,standalone_exact_mw,9d8ad86e51451842b54dafc7680d1b486ef291963bb72c70f3cdd570d2d8fa34,"{""distance"":7,""physical_error_rate"":0.002}","{""detection_events"":7000805,""detectors_checked"":912384000}"
     74752,         0,         0,    5.99,standalone_exact_mw,9d8ad86e51451842b54dafc7680d1b486ef291963bb72c70f3cdd570d2d8fa34,"{""distance"":7,""physical_error_rate"":0.002}","{""detection_events"":464986,""detectors_checked"":60549120}"
     38912,         0,         0,    6.05,standalone_exact_mw,9d8ad86e51451842b54dafc7680d1b486ef291963bb72c70f3cdd570d2d8fa34,"{""distance"":7,""physical_error_rate"":0.002}","{""detection_events"":242588,""detectors_checked"":31518720}"
     96256,         0,         0,    6.00,standalone_exact_mw,3bd544bb51e006261b45d3a2c996e28fc0c0449411cee5f7deafcd25d9539ebc,"{""distance"":7,""physical_error_rate"":0.001}","{""detection_events"":301458,""detectors_checked"":77967360}"
     47104,         0,         0,    5.92,standalone_exact_mw,9d8ad86e51451842b54dafc7680d1b486ef291963bb72c70f3cdd570d2d8fa34,"{""distance"":7,""physical_error_rate"":0.002}","{""detection_events"":293418,""detectors_checked"":38154240}"
    101376,         0,         0,    5.98,standalone_exact_mw,3bd544bb51e006261b45d3a2c996e28fc0c0449411cee5f7deafcd25d9539ebc,"{""distance"":7,""physical_error_rate"":0.001}","{""detection_events"":316108,""detectors_checked"":82114560}"
     79872,         0,         0,    6.00,standalone_exact_mw,3bd544bb51e006261b45d3a2c996e28fc0c0449411cee5f7deafcd25d9539ebc,"{""distance"":7,""physical_error_rate"":0.001}","{""detection_events"":251383,""detectors_checked"":64696320}"
     73728,         0,         0,    5.97,standalone_exact_mw,9d8ad86e51451842b54dafc7680d1b486ef291963bb72c70f3cdd570d2d8fa34,"{""distance"":7,""physical_error_rate"":0.002}","{""detection_events"":459018,""detectors_checked"":59719680}"
     58368,         0,         0,    6.04,standalone_exact_mw,9d8ad86e51451842b54dafc7680d1b486ef291963bb72c70f3cdd570d2d8fa34,"{""distance"":7,""physical_error_rate"":0.002}","{""detection_events"":363308,""detectors_checked"":47278080}"
     60416,         0,         0,    6.01,standalone_exact_mw,9d8ad86e51451842b54dafc7680d1b486ef291963bb72c70f3cdd570d2d8fa34,"{""distance"":7,""physical_error_rate"":0.002}","{""detection_events"":375934,""detectors_checked"":48936960}"
     73728,         0,         0,    5.96,standalone_exact_mw,9d8ad86e51451842b54dafc7680d1b486ef291963bb72c70f3cdd570d2d8fa34,"{""distance"":7,""physical_error_rate"":0.002}","{""detection_events"":457617,""detectors_checked"":59719680}"
     82944,         0,         0,    6.00,standalone_exact_mw,3bd544bb51e006261b45d3a2c996e28fc0c0449411cee5f7deafcd25d9539ebc,"{""distance"":7,""physical_error_rate"":0.001}","{""detection_events"":259754,""detectors_checked"":67184640}"
     72704,         0,         0,    5.98,standalone_exact_mw,3bd544bb51e006261b45d3a2c996e28fc0c0449411cee5f7deafcd25d9539ebc,"{""distance"":7,""physical_error_rate"":0.001}","{""detection_events"":227631,""detectors_checked"":58890240}"
     60416,         0,         0,    6.04,standalone_exact_mw,3bd544bb51e006261b45d3a2c996e28fc0c0449411cee5f7deafcd25d9539ebc,"{""distance"":7,""physical_error_rate"":0.001}","{""detection_events"":187887,""detectors_checked"":48936960}"
     73728,         0,         0,    5.97,standalone_exact_mw,9d8ad86e51451842b54dafc7680d1b486ef291963bb72c70f3cdd570d2d8fa34,"{""distance"":7,""physical_error_rate"":0.002}","{""detection_events"":459443,""detectors_checked"":59719680}"
     74752,         0,         0,    5.98,standalone_exact_mw,9d8ad86e51451842b54dafc7680d1b486ef291963bb72c70f3cdd570d2d8fa34,"{""distance"":7,""physical_error_rate"":0.002}","{""detection_events"":464507,""detectors_checked"":60549120}"
     46080,         0,         0,    5.98,standalone_exact_mw,3bd544bb51e006261b45d3a2c996e28fc0c0449411cee5f7deafcd25d9539ebc,"{""distance"":7,""physical_error_rate"":0.001}","{""detection_events"":145519,""detectors_checked"":37324800}"
     52224,         0,         0,    5.97,standalone_exact_mw,3bd544bb51e006261b45d3a2c996e28fc0c0449411cee5f7deafcd25d9539ebc,"{""distance"":7,""physical_error_rate"":0.001}","{""detection_events"":162852,""detectors_checked"":42301440}"
    103424,         0,         0,    6.04,standalone_exact_mw,3bd544bb51e006261b45d3a2c996e28fc0c0449411cee5f7deafcd25d9539ebc,"{""distance"":7,""physical_error_rate"":0.001}","{""detection_events"":323213,""detectors_checked"":83773440}"
     92160,         0,         0,    6.04,standalone_exact_mw,3bd544bb51e006261b45d3a2c996e28fc0c0449411cee5f7deafcd25d9539ebc,"{""distance"":7,""physical_error_rate"":0.001}","{""detection_events"":287924,""detectors_checked"":74649600}"
     74752,         0,         0,    5.98,standalone_exact_mw,9d8ad86e51451842b54dafc7680d1b486ef291963bb72c70f3cdd570d2d8fa34,"{""distance"":7,""physical_error_rate"":0.002}","{""detection_events"":465774,""detectors_checked"":60549120}"
     31744,         0,         0,    6.17,standalone_exact_mw,9d8ad86e51451842b54dafc7680d1b486ef291963bb72c70f3cdd570d2d8fa34,"{""distance"":7,""physical_error_rate"":0.002}","{""detection_events"":197694,""detectors_checked"":25712640}"
     55296,         0,         0,    6.10,standalone_exact_mw,3bd544bb51e006261b45d3a2c996e28fc0c0449411cee5f7deafcd25d9539ebc,"{""distance"":7,""physical_error_rate"":0.001}","{""detection_events"":172675,""detectors_checked"":44789760}"
     40960,         0,         0,    6.20,standalone_exact_mw,9d8ad86e51451842b54dafc7680d1b486ef291963bb72c70f3cdd570d2d8fa34,"{""distance"":7,""physical_error_rate"":0.002}","{""detection_events"":255690,""detectors_checked"":33177600}"
     89088,         0,         0,    5.98,standalone_exact_mw,3bd544bb51e006261b45d3a2c996e28fc0c0449411cee5f7deafcd25d9539ebc,"{""distance"":7,""physical_error_rate"":0.001}","{""detection_events"":278655,""detectors_checked"":72161280}"
    910336,         0,         0,   119.8,standalone_exact_mw,9d8ad86e51451842b54dafc7680d1b486ef291963bb72c70f3cdd570d2d8fa34,"{""distance"":7,""physical_error_rate"":0.002}","{""detection_events"":5655847,""detectors_checked"":737372160}"
     31744,         0,         0,    6.17,standalone_exact_mw,9d8ad86e51451842b54dafc7680d1b486ef291963bb72c70f3cdd570d2d8fa34,"{""distance"":7,""physical_error_rate"":0.002}","{""detection_events"":197547,""detectors_checked"":25712640}"
     34816,         0,         0,    5.92,standalone_exact_mw,9d8ad86e51451842b54dafc7680d1b486ef291963bb72c70f3cdd570d2d8fa34,"{""distance"":7,""physical_error_rate"":0.002}","{""detection_events"":216540,""detectors_checked"":28200960}"
   1245184,         1,         0,   119.8,standalone_exact_mw,3bd544bb51e006261b45d3a2c996e28fc0c0449411cee5f7deafcd25d9539ebc,"{""distance"":7,""physical_error_rate"":0.001}","{""detection_events"":3894398,""detectors_checked"":1008599040,""obs_mistake_mask=E"":1}"
     61440,         0,         0,    5.96,standalone_exact_mw,3bd544bb51e006261b45d3a2c996e28fc0c0449411cee5f7deafcd25d9539ebc,"{""distance"":7,""physical_error_rate"":0.001}","{""detection_events"":191663,""detectors_checked"":49766400}"
   1832960,         0,         0,   119.7,standalone_exact_mw,3bd544bb51e006261b45d3a2c996e28fc0c0449411cee5f7deafcd25d9539ebc,"{""distance"":7,""physical_error_rate"":0.001}","{""detection_events"":5731150,""detectors_checked"":1484697600}"
   1017856,         0,         0,   119.6,standalone_exact_mw,9d8ad86e51451842b54dafc7680d1b486ef291963bb72c70f3cdd570d2d8fa34,"{""distance"":7,""physical_error_rate"":0.002}","{""detection_events"":6325394,""detectors_checked"":824463360}"
     60416,         0,         0,    6.05,standalone_exact_mw,9d8ad86e51451842b54dafc7680d1b486ef291963bb72c70f3cdd570d2d8fa34,"{""distance"":7,""physical_error_rate"":0.002}","{""detection_events"":374425,""detectors_checked"":48936960}"
     50176,         0,         0,    5.98,standalone_exact_mw,3bd544bb51e006261b45d3a2c996e28fc0c0449411cee5f7deafcd25d9539ebc,"{""distance"":7,""physical_error_rate"":0.001}","{""detection_events"":156878,""detectors_checked"":40642560}"
   1402880,         0,         0,   119.6,standalone_exact_mw,3bd544bb51e006261b45d3a2c996e28fc0c0449411cee5f7deafcd25d9539ebc,"{""distance"":7,""physical_error_rate"":0.001}","{""detection_events"":4388554,""detectors_checked"":1136332800}"
   1499136,         0,         0,   119.6,standalone_exact_mw,3bd544bb51e006261b45d3a2c996e28fc0c0449411cee5f7deafcd25d9539ebc,"{""distance"":7,""physical_error_rate"":0.001}","{""detection_events"":4691973,""detectors_checked"":1214300160}"
   1089536,         0,         0,   119.8,standalone_exact_mw,9d8ad86e51451842b54dafc7680d1b486ef291963bb72c70f3cdd570d2d8fa34,"{""distance"":7,""physical_error_rate"":0.002}","{""detection_events"":6772096,""detectors_checked"":882524160}"
    148480,         0,         0,    8.36,standalone_exact_mw,3bd544bb51e006261b45d3a2c996e28fc0c0449411cee5f7deafcd25d9539ebc,"{""distance"":7,""physical_error_rate"":0.001}","{""detection_events"":464809,""detectors_checked"":120268800}"
   1056768,         0,         0,   119.7,standalone_exact_mw,9d8ad86e51451842b54dafc7680d1b486ef291963bb72c70f3cdd570d2d8fa34,"{""distance"":7,""physical_error_rate"":0.002}","{""detection_events"":6571056,""detectors_checked"":855982080}"
    120832,         0,         0,    8.38,standalone_exact_mw,9d8ad86e51451842b54dafc7680d1b486ef291963bb72c70f3cdd570d2d8fa34,"{""distance"":7,""physical_error_rate"":0.002}","{""detection_events"":754049,""detectors_checked"":97873920}"
    105472,         0,         0,    8.51,standalone_exact_mw,9d8ad86e51451842b54dafc7680d1b486ef291963bb72c70f3cdd570d2d8fa34,"{""distance"":7,""physical_error_rate"":0.002}","{""detection_events"":656699,""detectors_checked"":85432320}"
    242688,         0,         0,    8.37,standalone_exact_mw,3bd544bb51e006261b45d3a2c996e28fc0c0449411cee5f7deafcd25d9539ebc,"{""distance"":7,""physical_error_rate"":0.001}","{""detection_events"":758905,""detectors_checked"":196577280}"
    126976,         0,         0,    8.37,standalone_exact_mw,3bd544bb51e006261b45d3a2c996e28fc0c0449411cee5f7deafcd25d9539ebc,"{""distance"":7,""physical_error_rate"":0.001}","{""detection_events"":396453,""detectors_checked"":102850560}"
    134144,         0,         0,    8.40,standalone_exact_mw,3bd544bb51e006261b45d3a2c996e28fc0c0449411cee5f7deafcd25d9539ebc,"{""distance"":7,""physical_error_rate"":0.001}","{""detection_events"":421018,""detectors_checked"":108656640}"
    128000,         0,         0,    8.35,standalone_exact_mw,3bd544bb51e006261b45d3a2c996e28fc0c0449411cee5f7deafcd25d9539ebc,"{""distance"":7,""physical_error_rate"":0.001}","{""detection_events"":400152,""detectors_checked"":103680000}"
    128000,         0,         0,    8.39,standalone_exact_mw,3bd544bb51e006261b45d3a2c996e28fc0c0449411cee5f7deafcd25d9539ebc,"{""distance"":7,""physical_error_rate"":0.001}","{""detection_events"":398960,""detectors_checked"":103680000}"
    106496,         0,         0,    8.36,standalone_exact_mw,9d8ad86e51451842b54dafc7680d1b486ef291963bb72c70f3cdd570d2d8fa34,"{""distance"":7,""physical_error_rate"":0.002}","{""detection_events"":660912,""detectors_checked"":86261760}"
    137216,         0,         0,    8.34,standalone_exact_mw,3bd544bb51e006261b45d3a2c996e28fc0c0449411cee5f7deafcd25d9539ebc,"{""distance"":7,""physical_error_rate"":0.001}","{""detection_events"":432018,""detectors_checked"":111144960}"
     99328,         0,         0,    8.33,standalone_exact_mw,9d8ad86e51451842b54dafc7680d1b486ef291963bb72c70f3cdd570d2d8fa34,"{""distance"":7,""physical_error_rate"":0.002}","{""detection_events"":616509,""detectors_checked"":80455680}"
     99328,         0,         0,    8.36,standalone_exact_mw,9d8ad86e51451842b54dafc7680d1b486ef291963bb72c70f3cdd570d2d8fa34,"{""distance"":7,""physical_error_rate"":0.002}","{""detection_events"":618563,""detectors_checked"":80455680}"
    118784,         0,         0,    8.42,standalone_exact_mw,9d8ad86e51451842b54dafc7680d1b486ef291963bb72c70f3cdd570d2d8fa34,"{""distance"":7,""physical_error_rate"":0.002}","{""detection_events"":738162,""detectors_checked"":96215040}"
     44032,         0,         0,    8.40,standalone_exact_mw,9d8ad86e51451842b54dafc7680d1b486ef291963bb72c70f3cdd570d2d8fa34,"{""distance"":7,""physical_error_rate"":0.002}","{""detection_events"":273060,""detectors_checked"":35665920}"
    104448,         0,         0,    8.35,standalone_exact_mw,9d8ad86e51451842b54dafc7680d1b486ef291963bb72c70f3cdd570d2d8fa34,"{""distance"":7,""physical_error_rate"":0.002}","{""detection_events"":649687,""detectors_checked"":84602880}"
     89088,         0,         0,    8.31,standalone_exact_mw,9d8ad86e51451842b54dafc7680d1b486ef291963bb72c70f3cdd570d2d8fa34,"{""distance"":7,""physical_error_rate"":0.002}","{""detection_events"":553468,""detectors_checked"":72161280}"
    130048,         0,         0,    8.39,standalone_exact_mw,3bd544bb51e006261b45d3a2c996e28fc0c0449411cee5f7deafcd25d9539ebc,"{""distance"":7,""physical_error_rate"":0.001}","{""detection_events"":408038,""detectors_checked"":105338880}"
     95232,         0,         0,    8.39,standalone_exact_mw,9d8ad86e51451842b54dafc7680d1b486ef291963bb72c70f3cdd570d2d8fa34,"{""distance"":7,""physical_error_rate"":0.002}","{""detection_events"":592116,""detectors_checked"":77137920}"
    114688,         0,         0,    8.41,standalone_exact_mw,3bd544bb51e006261b45d3a2c996e28fc0c0449411cee5f7deafcd25d9539ebc,"{""distance"":7,""physical_error_rate"":0.001}","{""detection_events"":358721,""detectors_checked"":92897280}"
    115712,         0,         0,    8.40,standalone_exact_mw,3bd544bb51e006261b45d3a2c996e28fc0c0449411cee5f7deafcd25d9539ebc,"{""distance"":7,""physical_error_rate"":0.001}","{""detection_events"":360997,""detectors_checked"":93726720}"
   1199104,         0,         0,   119.7,standalone_exact_mw,9d8ad86e51451842b54dafc7680d1b486ef291963bb72c70f3cdd570d2d8fa34,"{""distance"":7,""physical_error_rate"":0.002}","{""detection_events"":7451860,""detectors_checked"":971274240}"
     57344,         0,         0,    8.43,standalone_exact_mw,9d8ad86e51451842b54dafc7680d1b486ef291963bb72c70f3cdd570d2d8fa34,"{""distance"":7,""physical_error_rate"":0.002}","{""detection_events"":355193,""detectors_checked"":46448640}"
    103424,         0,         0,    8.42,standalone_exact_mw,9d8ad86e51451842b54dafc7680d1b486ef291963bb72c70f3cdd570d2d8fa34,"{""distance"":7,""physical_error_rate"":0.002}","{""detection_events"":641654,""detectors_checked"":83773440}"
    103424,         0,         0,    8.41,standalone_exact_mw,9d8ad86e51451842b54dafc7680d1b486ef291963bb72c70f3cdd570d2d8fa34,"{""distance"":7,""physical_error_rate"":0.002}","{""detection_events"":642992,""detectors_checked"":83773440}"
     57344,         0,         0,    8.47,standalone_exact_mw,9d8ad86e51451842b54dafc7680d1b486ef291963bb72c70f3cdd570d2d8fa34,"{""distance"":7,""physical_error_rate"":0.002}","{""detection_events"":355409,""detectors_checked"":46448640}"
    136192,         0,         0,    8.42,standalone_exact_mw,3bd544bb51e006261b45d3a2c996e28fc0c0449411cee5f7deafcd25d9539ebc,"{""distance"":7,""physical_error_rate"":0.001}","{""detection_events"":425430,""detectors_checked"":110315520}"
     36864,         0,         0,    8.37,standalone_exact_mw,3bd544bb51e006261b45d3a2c996e28fc0c0449411cee5f7deafcd25d9539ebc,"{""distance"":7,""physical_error_rate"":0.001}","{""detection_events"":115324,""detectors_checked"":29859840}"
     55296,         0,         0,    8.39,standalone_exact_mw,3bd544bb51e006261b45d3a2c996e28fc0c0449411cee5f7deafcd25d9539ebc,"{""distance"":7,""physical_error_rate"":0.001}","{""detection_events"":172101,""detectors_checked"":44789760}"
     73728,         0,         0,    8.36,standalone_exact_mw,9d8ad86e51451842b54dafc7680d1b486ef291963bb72c70f3cdd570d2d8fa34,"{""distance"":7,""physical_error_rate"":0.002}","{""detection_events"":458521,""detectors_checked"":59719680}"
     81920,         0,         0,    8.38,standalone_exact_mw,9d8ad86e51451842b54dafc7680d1b486ef291963bb72c70f3cdd570d2d8fa34,"{""distance"":7,""physical_error_rate"":0.002}","{""detection_events"":508093,""detectors_checked"":66355200}"
    113664,         0,         0,    8.36,standalone_exact_mw,3bd544bb51e006261b45d3a2c996e28fc0c0449411cee5f7deafcd25d9539ebc,"{""distance"":7,""physical_error_rate"":0.001}","{""detection_events"":357143,""detectors_checked"":92067840}"
    126976,         0,         0,    8.36,standalone_exact_mw,3bd544bb51e006261b45d3a2c996e28fc0c0449411cee5f7deafcd25d9539ebc,"{""distance"":7,""physical_error_rate"":0.001}","{""detection_events"":397409,""detectors_checked"":102850560}"
     66560,         0,         0,    8.36,standalone_exact_mw,3bd544bb51e006261b45d3a2c996e28fc0c0449411cee5f7deafcd25d9539ebc,"{""distance"":7,""physical_error_rate"":0.001}","{""detection_events"":207364,""detectors_checked"":53913600}"
    128000,         0,         0,    8.36,standalone_exact_mw,3bd544bb51e006261b45d3a2c996e28fc0c0449411cee5f7deafcd25d9539ebc,"{""distance"":7,""physical_error_rate"":0.001}","{""detection_events"":401006,""detectors_checked"":103680000}"
    105472,         0,         0,    8.38,standalone_exact_mw,9d8ad86e51451842b54dafc7680d1b486ef291963bb72c70f3cdd570d2d8fa34,"{""distance"":7,""physical_error_rate"":0.002}","{""detection_events"":656000,""detectors_checked"":85432320}"
     59392,         0,         0,    8.47,standalone_exact_mw,9d8ad86e51451842b54dafc7680d1b486ef291963bb72c70f3cdd570d2d8fa34,"{""distance"":7,""physical_error_rate"":0.002}","{""detection_events"":369641,""detectors_checked"":48107520}"
     63488,         0,         0,    8.37,standalone_exact_mw,3bd544bb51e006261b45d3a2c996e28fc0c0449411cee5f7deafcd25d9539ebc,"{""distance"":7,""physical_error_rate"":0.001}","{""detection_events"":198019,""detectors_checked"":51425280}"
     54272,         0,         0,    8.40,standalone_exact_mw,9d8ad86e51451842b54dafc7680d1b486ef291963bb72c70f3cdd570d2d8fa34,"{""distance"":7,""physical_error_rate"":0.002}","{""detection_events"":337616,""detectors_checked"":43960320}"
    128000,         0,         0,    8.39,standalone_exact_mw,3bd544bb51e006261b45d3a2c996e28fc0c0449411cee5f7deafcd25d9539ebc,"{""distance"":7,""physical_error_rate"":0.001}","{""detection_events"":399785,""detectors_checked"":103680000}"
     93184,         0,         0,    8.39,standalone_exact_mw,9d8ad86e51451842b54dafc7680d1b486ef291963bb72c70f3cdd570d2d8fa34,"{""distance"":7,""physical_error_rate"":0.002}","{""detection_events"":578224,""detectors_checked"":75479040}"
     55296,         0,         0,    8.41,standalone_exact_mw,9d8ad86e51451842b54dafc7680d1b486ef291963bb72c70f3cdd570d2d8fa34,"{""distance"":7,""physical_error_rate"":0.002}","{""detection_events"":343493,""detectors_checked"":44789760}"
     63488,         0,         0,    8.70,standalone_exact_mw,3bd544bb51e006261b45d3a2c996e28fc0c0449411cee5f7deafcd25d9539ebc,"{""distance"":7,""physical_error_rate"":0.001}","{""detection_events"":199069,""detectors_checked"":51425280}"
     65536,         0,         0,    8.38,standalone_exact_mw,9d8ad86e51451842b54dafc7680d1b486ef291963bb72c70f3cdd570d2d8fa34,"{""distance"":7,""physical_error_rate"":0.002}","{""detection_events"":406864,""detectors_checked"":53084160}"
    112640,         0,         0,    8.37,standalone_exact_mw,3bd544bb51e006261b45d3a2c996e28fc0c0449411cee5f7deafcd25d9539ebc,"{""distance"":7,""physical_error_rate"":0.001}","{""detection_events"":351811,""detectors_checked"":91238400}"
    214016,         0,         0,    11.7,standalone_exact_mw,3bd544bb51e006261b45d3a2c996e28fc0c0449411cee5f7deafcd25d9539ebc,"{""distance"":7,""physical_error_rate"":0.001}","{""detection_events"":668368,""detectors_checked"":173352960}"
    145408,         0,         0,    11.7,standalone_exact_mw,9d8ad86e51451842b54dafc7680d1b486ef291963bb72c70f3cdd570d2d8fa34,"{""distance"":7,""physical_error_rate"":0.002}","{""detection_events"":903560,""detectors_checked"":117780480}"
    260096,         0,         0,    11.7,standalone_exact_mw,3bd544bb51e006261b45d3a2c996e28fc0c0449411cee5f7deafcd25d9539ebc,"{""distance"":7,""physical_error_rate"":0.001}","{""detection_events"":812762,""detectors_checked"":210677760}"
    129024,         0,         0,    11.7,standalone_exact_mw,3bd544bb51e006261b45d3a2c996e28fc0c0449411cee5f7deafcd25d9539ebc,"{""distance"":7,""physical_error_rate"":0.001}","{""detection_events"":402949,""detectors_checked"":104509440}"
    108544,         0,         0,    11.9,standalone_exact_mw,9d8ad86e51451842b54dafc7680d1b486ef291963bb72c70f3cdd570d2d8fa34,"{""distance"":7,""physical_error_rate"":0.002}","{""detection_events"":676804,""detectors_checked"":87920640}"
    126976,         0,         0,    11.8,standalone_exact_mw,3bd544bb51e006261b45d3a2c996e28fc0c0449411cee5f7deafcd25d9539ebc,"{""distance"":7,""physical_error_rate"":0.001}","{""detection_events"":395493,""detectors_checked"":102850560}"
    167936,         0,         0,    11.7,standalone_exact_mw,3bd544bb51e006261b45d3a2c996e28fc0c0449411cee5f7deafcd25d9539ebc,"{""distance"":7,""physical_error_rate"":0.001}","{""detection_events"":525553,""detectors_checked"":136028160}"
    176128,         0,         0,    11.7,standalone_exact_mw,3bd544bb51e006261b45d3a2c996e28fc0c0449411cee5f7deafcd25d9539ebc,"{""distance"":7,""physical_error_rate"":0.001}","{""detection_events"":550807,""detectors_checked"":142663680}"
    136192,         0,         0,    11.7,standalone_exact_mw,9d8ad86e51451842b54dafc7680d1b486ef291963bb72c70f3cdd570d2d8fa34,"{""distance"":7,""physical_error_rate"":0.002}","{""detection_events"":846774,""detectors_checked"":110315520}"
    139264,         0,         0,    11.7,standalone_exact_mw,3bd544bb51e006261b45d3a2c996e28fc0c0449411cee5f7deafcd25d9539ebc,"{""distance"":7,""physical_error_rate"":0.001}","{""detection_events"":434119,""detectors_checked"":112803840}"
    144384,         0,         0,    11.7,standalone_exact_mw,9d8ad86e51451842b54dafc7680d1b486ef291963bb72c70f3cdd570d2d8fa34,"{""distance"":7,""physical_error_rate"":0.002}","{""detection_events"":897847,""detectors_checked"":116951040}"
    143360,         0,         0,    11.6,standalone_exact_mw,9d8ad86e51451842b54dafc7680d1b486ef291963bb72c70f3cdd570d2d8fa34,"{""distance"":7,""physical_error_rate"":0.002}","{""detection_events"":891470,""detectors_checked"":116121600}"
    130048,         0,         0,    11.7,standalone_exact_mw,9d8ad86e51451842b54dafc7680d1b486ef291963bb72c70f3cdd570d2d8fa34,"{""distance"":7,""physical_error_rate"":0.002}","{""detection_events"":807162,""detectors_checked"":105338880}"
     58368,         0,         0,    11.8,standalone_exact_mw,9d8ad86e51451842b54dafc7680d1b486ef291963bb72c70f3cdd570d2d8fa34,"{""distance"":7,""physical_error_rate"":0.002}","{""detection_events"":363156,""detectors_checked"":47278080}"
    147456,         0,         0,    11.8,standalone_exact_mw,9d8ad86e51451842b54dafc7680d1b486ef291963bb72c70f3cdd570d2d8fa34,"{""distance"":7,""physical_error_rate"":0.002}","{""detection_events"":915043,""detectors_checked"":119439360}"
    101376,         0,         0,    11.8,standalone_exact_mw,9d8ad86e51451842b54dafc7680d1b486ef291963bb72c70f3cdd570d2d8fa34,"{""distance"":7,""physical_error_rate"":0.002}","{""detection_events"":628382,""detectors_checked"":82114560}"
    142336,         0,         0,    11.7,standalone_exact_mw,3bd544bb51e006261b45d3a2c996e28fc0c0449411cee5f7deafcd25d9539ebc,"{""distance"":7,""physical_error_rate"":0.001}","{""detection_events"":444987,""detectors_checked"":115292160}"
    177152,         0,         0,    11.7,standalone_exact_mw,3bd544bb51e006261b45d3a2c996e28fc0c0449411cee5f7deafcd25d9539ebc,"{""distance"":7,""physical_error_rate"":0.001}","{""detection_events"":553447,""detectors_checked"":143493120}"
    142336,         0,         0,    11.8,standalone_exact_mw,9d8ad86e51451842b54dafc7680d1b486ef291963bb72c70f3cdd570d2d8fa34,"{""distance"":7,""physical_error_rate"":0.002}","{""detection_events"":884151,""detectors_checked"":115292160}"
    177152,         1,         0,    11.7,standalone_exact_mw,3bd544bb51e006261b45d3a2c996e28fc0c0449411cee5f7deafcd25d9539ebc,"{""distance"":7,""physical_error_rate"":0.001}","{""detection_events"":553199,""detectors_checked"":143493120,""obs_mistake_mask=E"":1}"
    135168,         0,         0,    11.7,standalone_exact_mw,9d8ad86e51451842b54dafc7680d1b486ef291963bb72c70f3cdd570d2d8fa34,"{""distance"":7,""physical_error_rate"":0.002}","{""detection_events"":840372,""detectors_checked"":109486080}"
    137216,         0,         0,    11.7,standalone_exact_mw,9d8ad86e51451842b54dafc7680d1b486ef291963bb72c70f3cdd570d2d8fa34,"{""distance"":7,""physical_error_rate"":0.002}","{""detection_events"":853077,""detectors_checked"":111144960}"
    103424,         0,         0,    11.7,standalone_exact_mw,9d8ad86e51451842b54dafc7680d1b486ef291963bb72c70f3cdd570d2d8fa34,"{""distance"":7,""physical_error_rate"":0.002}","{""detection_events"":642003,""detectors_checked"":83773440}"
    132096,         0,         0,    11.8,standalone_exact_mw,9d8ad86e51451842b54dafc7680d1b486ef291963bb72c70f3cdd570d2d8fa34,"{""distance"":7,""physical_error_rate"":0.002}","{""detection_events"":821304,""detectors_checked"":106997760}"
    150528,         0,         0,    11.7,standalone_exact_mw,3bd544bb51e006261b45d3a2c996e28fc0c0449411cee5f7deafcd25d9539ebc,"{""distance"":7,""physical_error_rate"":0.001}","{""detection_events"":469726,""detectors_checked"":121927680}"
    148480,         0,         0,    11.7,standalone_exact_mw,3bd544bb51e006261b45d3a2c996e28fc0c0449411cee5f7deafcd25d9539ebc,"{""distance"":7,""physical_error_rate"":0.001}","{""detection_events"":464825,""detectors_checked"":120268800}"
    122880,         0,         0,    11.8,standalone_exact_mw,3bd544bb51e006261b45d3a2c996e28fc0c0449411cee5f7deafcd25d9539ebc,"{""distance"":7,""physical_error_rate"":0.001}","{""detection_events"":385386,""detectors_checked"":99532800}"
     95232,         0,         0,    11.7,standalone_exact_mw,9d8ad86e51451842b54dafc7680d1b486ef291963bb72c70f3cdd570d2d8fa34,"{""distance"":7,""physical_error_rate"":0.002}","{""detection_events"":592292,""detectors_checked"":77137920}"
     87040,         0,         0,    11.7,standalone_exact_mw,9d8ad86e51451842b54dafc7680d1b486ef291963bb72c70f3cdd570d2d8fa34,"{""distance"":7,""physical_error_rate"":0.002}","{""detection_events"":540587,""detectors_checked"":70502400}"
    175104,         0,         0,    11.7,standalone_exact_mw,3bd544bb51e006261b45d3a2c996e28fc0c0449411cee5f7deafcd25d9539ebc,"{""distance"":7,""physical_error_rate"":0.001}","{""detection_events"":547858,""detectors_checked"":141834240}"
    153600,         0,         0,    11.7,standalone_exact_mw,3bd544bb51e006261b45d3a2c996e28fc0c0449411cee5f7deafcd25d9539ebc,"{""distance"":7,""physical_error_rate"":0.001}","{""detection_events"":480214,""detectors_checked"":124416000}"
    175104,         0,         0,    11.7,standalone_exact_mw,3bd544bb51e006261b45d3a2c996e28fc0c0449411cee5f7deafcd25d9539ebc,"{""distance"":7,""physical_error_rate"":0.001}","{""detection_events"":548061,""detectors_checked"":141834240}"
    181248,         0,         0,    11.7,standalone_exact_mw,3bd544bb51e006261b45d3a2c996e28fc0c0449411cee5f7deafcd25d9539ebc,"{""distance"":7,""physical_error_rate"":0.001}","{""detection_events"":565849,""detectors_checked"":146810880}"
    146432,         0,         0,    11.7,standalone_exact_mw,9d8ad86e51451842b54dafc7680d1b486ef291963bb72c70f3cdd570d2d8fa34,"{""distance"":7,""physical_error_rate"":0.002}","{""detection_events"":913580,""detectors_checked"":118609920}"
     87040,         0,         0,    11.7,standalone_exact_mw,3bd544bb51e006261b45d3a2c996e28fc0c0449411cee5f7deafcd25d9539ebc,"{""distance"":7,""physical_error_rate"":0.001}","{""detection_events"":272356,""detectors_checked"":70502400}"
    104448,         0,         0,    12.0,standalone_exact_mw,9d8ad86e51451842b54dafc7680d1b486ef291963bb72c70f3cdd570d2d8fa34,"{""distance"":7,""physical_error_rate"":0.002}","{""detection_events"":647959,""detectors_checked"":84602880}"
    145408,         0,         0,    11.7,standalone_exact_mw,9d8ad86e51451842b54dafc7680d1b486ef291963bb72c70f3cdd570d2d8fa34,"{""distance"":7,""physical_error_rate"":0.002}","{""detection_events"":904590,""detectors_checked"":117780480}"
    176128,         0,         0,    11.7,standalone_exact_mw,3bd544bb51e006261b45d3a2c996e28fc0c0449411cee5f7deafcd25d9539ebc,"{""distance"":7,""physical_error_rate"":0.001}","{""detection_events"":551214,""detectors_checked"":142663680}"
    151552,         0,         0,    11.7,standalone_exact_mw,9d8ad86e51451842b54dafc7680d1b486ef291963bb72c70f3cdd570d2d8fa34,"{""distance"":7,""physical_error_rate"":0.002}","{""detection_events"":942401,""detectors_checked"":122757120}"
     73728,         0,         0,    11.8,standalone_exact_mw,9d8ad86e51451842b54dafc7680d1b486ef291963bb72c70f3cdd570d2d8fa34,"{""distance"":7,""physical_error_rate"":0.002}","{""detection_events"":457537,""detectors_checked"":59719680}"
    106496,         0,         0,    11.7,standalone_exact_mw,3bd544bb51e006261b45d3a2c996e28fc0c0449411cee5f7deafcd25d9539ebc,"{""distance"":7,""physical_error_rate"":0.001}","{""detection_events"":332881,""detectors_checked"":86261760}"
     60416,         0,         0,    11.8,standalone_exact_mw,9d8ad86e51451842b54dafc7680d1b486ef291963bb72c70f3cdd570d2d8fa34,"{""distance"":7,""physical_error_rate"":0.002}","{""detection_events"":376465,""detectors_checked"":48936960}"
    167936,         0,         0,    11.7,standalone_exact_mw,3bd544bb51e006261b45d3a2c996e28fc0c0449411cee5f7deafcd25d9539ebc,"{""distance"":7,""physical_error_rate"":0.001}","{""detection_events"":525728,""detectors_checked"":136028160}"
    325632,         0,         0,    16.3,standalone_exact_mw,3bd544bb51e006261b45d3a2c996e28fc0c0449411cee5f7deafcd25d9539ebc,"{""distance"":7,""physical_error_rate"":0.001}","{""detection_events"":1015552,""detectors_checked"":263761920}"
    189440,         0,         0,    16.4,standalone_exact_mw,9d8ad86e51451842b54dafc7680d1b486ef291963bb72c70f3cdd570d2d8fa34,"{""distance"":7,""physical_error_rate"":0.002}","{""detection_events"":1179852,""detectors_checked"":153446400}"
    297984,         0,         0,    16.4,standalone_exact_mw,3bd544bb51e006261b45d3a2c996e28fc0c0449411cee5f7deafcd25d9539ebc,"{""distance"":7,""physical_error_rate"":0.001}","{""detection_events"":934472,""detectors_checked"":241367040}"
    258048,         0,         0,    16.3,standalone_exact_mw,3bd544bb51e006261b45d3a2c996e28fc0c0449411cee5f7deafcd25d9539ebc,"{""distance"":7,""physical_error_rate"":0.001}","{""detection_events"":805373,""detectors_checked"":209018880}"
    103424,         0,         0,    16.4,standalone_exact_mw,9d8ad86e51451842b54dafc7680d1b486ef291963bb72c70f3cdd570d2d8fa34,"{""distance"":7,""physical_error_rate"":0.002}","{""detection_events"":640857,""detectors_checked"":83773440}"
    260096,         0,         0,    16.4,standalone_exact_mw,3bd544bb51e006261b45d3a2c996e28fc0c0449411cee5f7deafcd25d9539ebc,"{""distance"":7,""physical_error_rate"":0.001}","{""detection_events"":815718,""detectors_checked"":210677760}"
    189440,         0,         0,    16.3,standalone_exact_mw,3bd544bb51e006261b45d3a2c996e28fc0c0449411cee5f7deafcd25d9539ebc,"{""distance"":7,""physical_error_rate"":0.001}","{""detection_events"":592398,""detectors_checked"":153446400}"
    257024,         0,         0,    16.4,standalone_exact_mw,3bd544bb51e006261b45d3a2c996e28fc0c0449411cee5f7deafcd25d9539ebc,"{""distance"":7,""physical_error_rate"":0.001}","{""detection_events"":800694,""detectors_checked"":208189440}"
    129024,         0,         0,    16.3,standalone_exact_mw,9d8ad86e51451842b54dafc7680d1b486ef291963bb72c70f3cdd570d2d8fa34,"{""distance"":7,""physical_error_rate"":0.002}","{""detection_events"":803553,""detectors_checked"":104509440}"
    228352,         0,         0,    16.4,standalone_exact_mw,3bd544bb51e006261b45d3a2c996e28fc0c0449411cee5f7deafcd25d9539ebc,"{""distance"":7,""physical_error_rate"":0.001}","{""detection_events"":717182,""detectors_checked"":184965120}"
    209920,         1,         0,    16.4,standalone_exact_mw,9d8ad86e51451842b54dafc7680d1b486ef291963bb72c70f3cdd570d2d8fa34,"{""distance"":7,""physical_error_rate"":0.002}","{""detection_events"":1303106,""detectors_checked"":170035200,""obs_mistake_mask=E"":1}"
    187392,         0,         0,    16.4,standalone_exact_mw,9d8ad86e51451842b54dafc7680d1b486ef291963bb72c70f3cdd570d2d8fa34,"{""distance"":7,""physical_error_rate"":0.002}","{""detection_events"":1164359,""detectors_checked"":151787520}"
    180224,         0,         0,    16.5,standalone_exact_mw,9d8ad86e51451842b54dafc7680d1b486ef291963bb72c70f3cdd570d2d8fa34,"{""distance"":7,""physical_error_rate"":0.002}","{""detection_events"":1122144,""detectors_checked"":145981440}"
    137216,         0,         0,    16.3,standalone_exact_mw,9d8ad86e51451842b54dafc7680d1b486ef291963bb72c70f3cdd570d2d8fa34,"{""distance"":7,""physical_error_rate"":0.002}","{""detection_events"":853539,""detectors_checked"":111144960}"
    203776,         0,         0,    16.4,standalone_exact_mw,9d8ad86e51451842b54dafc7680d1b486ef291963bb72c70f3cdd570d2d8fa34,"{""distance"":7,""physical_error_rate"":0.002}","{""detection_events"":1265822,""detectors_checked"":165058560}"
    162816,         0,         0,    16.4,standalone_exact_mw,9d8ad86e51451842b54dafc7680d1b486ef291963bb72c70f3cdd570d2d8fa34,"{""distance"":7,""physical_error_rate"":0.002}","{""detection_events"":1010802,""detectors_checked"":131880960}"
    186368,         0,         0,    16.3,standalone_exact_mw,3bd544bb51e006261b45d3a2c996e28fc0c0449411cee5f7deafcd25d9539ebc,"{""distance"":7,""physical_error_rate"":0.001}","{""detection_events"":581552,""detectors_checked"":150958080}"
    252928,         0,         0,    16.4,standalone_exact_mw,3bd544bb51e006261b45d3a2c996e28fc0c0449411cee5f7deafcd25d9539ebc,"{""distance"":7,""physical_error_rate"":0.001}","{""detection_events"":790098,""detectors_checked"":204871680}"
    266240,         0,         0,    16.4,standalone_exact_mw,3bd544bb51e006261b45d3a2c996e28fc0c0449411cee5f7deafcd25d9539ebc,"{""distance"":7,""physical_error_rate"":0.001}","{""detection_events"":832048,""detectors_checked"":215654400}"
    199680,         0,         0,    16.4,standalone_exact_mw,9d8ad86e51451842b54dafc7680d1b486ef291963bb72c70f3cdd570d2d8fa34,"{""distance"":7,""physical_error_rate"":0.002}","{""detection_events"":1242241,""detectors_checked"":161740800}"
    141312,         0,         0,    16.4,standalone_exact_mw,9d8ad86e51451842b54dafc7680d1b486ef291963bb72c70f3cdd570d2d8fa34,"{""distance"":7,""physical_error_rate"":0.002}","{""detection_events"":875352,""detectors_checked"":114462720}"
    154624,         0,         0,    16.4,standalone_exact_mw,9d8ad86e51451842b54dafc7680d1b486ef291963bb72c70f3cdd570d2d8fa34,"{""distance"":7,""physical_error_rate"":0.002}","{""detection_events"":961504,""detectors_checked"":125245440}"
    198656,         0,         0,    16.7,standalone_exact_mw,9d8ad86e51451842b54dafc7680d1b486ef291963bb72c70f3cdd570d2d8fa34,"{""distance"":7,""physical_error_rate"":0.002}","{""detection_events"":1236844,""detectors_checked"":160911360}"
    160768,         0,         0,    16.5,standalone_exact_mw,9d8ad86e51451842b54dafc7680d1b486ef291963bb72c70f3cdd570d2d8fa34,"{""distance"":7,""physical_error_rate"":0.002}","{""detection_events"":997962,""detectors_checked"":130222080}"
    222208,         0,         0,    16.4,standalone_exact_mw,3bd544bb51e006261b45d3a2c996e28fc0c0449411cee5f7deafcd25d9539ebc,"{""distance"":7,""physical_error_rate"":0.001}","{""detection_events"":694825,""detectors_checked"":179988480}"
    179200,         0,         0,    16.4,standalone_exact_mw,3bd544bb51e006261b45d3a2c996e28fc0c0449411cee5f7deafcd25d9539ebc,"{""distance"":7,""physical_error_rate"":0.001}","{""detection_events"":559384,""detectors_checked"":145152000}"
    138240,         0,         0,    17.0,standalone_exact_mw,3bd544bb51e006261b45d3a2c996e28fc0c0449411cee5f7deafcd25d9539ebc,"{""distance"":7,""physical_error_rate"":0.001}","{""detection_events"":434839,""detectors_checked"":111974400}"
     99328,         0,         0,    16.5,standalone_exact_mw,9d8ad86e51451842b54dafc7680d1b486ef291963bb72c70f3cdd570d2d8fa34,"{""distance"":7,""physical_error_rate"":0.002}","{""detection_events"":615048,""detectors_checked"":80455680}"
    218112,         0,         0,    16.4,standalone_exact_mw,3bd544bb51e006261b45d3a2c996e28fc0c0449411cee5f7deafcd25d9539ebc,"{""distance"":7,""physical_error_rate"":0.001}","{""detection_events"":680841,""detectors_checked"":176670720}"
    183296,         0,         0,    16.4,standalone_exact_mw,3bd544bb51e006261b45d3a2c996e28fc0c0449411cee5f7deafcd25d9539ebc,"{""distance"":7,""physical_error_rate"":0.001}","{""detection_events"":572409,""detectors_checked"":148469760}"
    257024,         0,         0,    16.4,standalone_exact_mw,3bd544bb51e006261b45d3a2c996e28fc0c0449411cee5f7deafcd25d9539ebc,"{""distance"":7,""physical_error_rate"":0.001}","{""detection_events"":803608,""detectors_checked"":208189440}"
    212992,         0,         0,    16.4,standalone_exact_mw,9d8ad86e51451842b54dafc7680d1b486ef291963bb72c70f3cdd570d2d8fa34,"{""distance"":7,""physical_error_rate"":0.002}","{""detection_events"":1322770,""detectors_checked"":172523520}"
    190464,         0,         0,    16.9,standalone_exact_mw,3bd544bb51e006261b45d3a2c996e28fc0c0449411cee5f7deafcd25d9539ebc,"{""distance"":7,""physical_error_rate"":0.001}","{""detection_events"":594023,""detectors_checked"":154275840}"
    133120,         0,         0,    17.0,standalone_exact_mw,9d8ad86e51451842b54dafc7680d1b486ef291963bb72c70f3cdd570d2d8fa34,"{""distance"":7,""physical_error_rate"":0.002}","{""detection_events"":828268,""detectors_checked"":107827200}"
    140288,         0,         0,    16.3,standalone_exact_mw,3bd544bb51e006261b45d3a2c996e28fc0c0449411cee5f7deafcd25d9539ebc,"{""distance"":7,""physical_error_rate"":0.001}","{""detection_events"":439550,""detectors_checked"":113633280}"
    137216,         0,         0,    16.4,standalone_exact_mw,9d8ad86e51451842b54dafc7680d1b486ef291963bb72c70f3cdd570d2d8fa34,"{""distance"":7,""physical_error_rate"":0.002}","{""detection_events"":852750,""detectors_checked"":111144960}"
    214016,         0,         0,    16.5,standalone_exact_mw,3bd544bb51e006261b45d3a2c996e28fc0c0449411cee5f7deafcd25d9539ebc,"{""distance"":7,""physical_error_rate"":0.001}","{""detection_events"":667549,""detectors_checked"":173352960}"
    120832,         0,         0,    17.1,standalone_exact_mw,9d8ad86e51451842b54dafc7680d1b486ef291963bb72c70f3cdd570d2d8fa34,"{""distance"":7,""physical_error_rate"":0.002}","{""detection_events"":750784,""detectors_checked"":97873920}"
    156672,         0,         0,    16.3,standalone_exact_mw,9d8ad86e51451842b54dafc7680d1b486ef291963bb72c70f3cdd570d2d8fa34,"{""distance"":7,""physical_error_rate"":0.002}","{""detection_events"":972629,""detectors_checked"":126904320}"
   1951744,         0,         0,   119.6,standalone_exact_mw,3bd544bb51e006261b45d3a2c996e28fc0c0449411cee5f7deafcd25d9539ebc,"{""distance"":7,""physical_error_rate"":0.001}","{""detection_events"":6101016,""detectors_checked"":1580912640}"
    122880,         0,         0,    16.4,standalone_exact_mw,9d8ad86e51451842b54dafc7680d1b486ef291963bb72c70f3cdd570d2d8fa34,"{""distance"":7,""physical_error_rate"":0.002}","{""detection_events"":762110,""detectors_checked"":99532800}"
    243712,         0,         0,    16.4,standalone_exact_mw,3bd544bb51e006261b45d3a2c996e28fc0c0449411cee5f7deafcd25d9539ebc,"{""distance"":7,""physical_error_rate"":0.001}","{""detection_events"":762735,""detectors_checked"":197406720}"
    152576,         0,         0,    16.5,standalone_exact_mw,9d8ad86e51451842b54dafc7680d1b486ef291963bb72c70f3cdd570d2d8fa34,"{""distance"":7,""physical_error_rate"":0.002}","{""detection_events"":947763,""detectors_checked"":123586560}"
    247808,         0,         0,    16.4,standalone_exact_mw,3bd544bb51e006261b45d3a2c996e28fc0c0449411cee5f7deafcd25d9539ebc,"{""distance"":7,""physical_error_rate"":0.001}","{""detection_events"":774941,""detectors_checked"":200724480}"
    454656,         0,         0,    22.9,standalone_exact_mw,3bd544bb51e006261b45d3a2c996e28fc0c0449411cee5f7deafcd25d9539ebc,"{""distance"":7,""physical_error_rate"":0.001}","{""detection_events"":1424152,""detectors_checked"":368271360}"
    303104,         0,         0,    23.0,standalone_exact_mw,9d8ad86e51451842b54dafc7680d1b486ef291963bb72c70f3cdd570d2d8fa34,"{""distance"":7,""physical_error_rate"":0.002}","{""detection_events"":1882910,""detectors_checked"":245514240}"
    414720,         0,         0,    22.9,standalone_exact_mw,3bd544bb51e006261b45d3a2c996e28fc0c0449411cee5f7deafcd25d9539ebc,"{""distance"":7,""physical_error_rate"":0.001}","{""detection_events"":1296100,""detectors_checked"":335923200}"
    179200,         0,         0,    23.0,standalone_exact_mw,3bd544bb51e006261b45d3a2c996e28fc0c0449411cee5f7deafcd25d9539ebc,"{""distance"":7,""physical_error_rate"":0.001}","{""detection_events"":560573,""detectors_checked"":145152000}"
    148480,         0,         0,    22.9,standalone_exact_mw,9d8ad86e51451842b54dafc7680d1b486ef291963bb72c70f3cdd570d2d8fa34,"{""distance"":7,""physical_error_rate"":0.002}","{""detection_events"":923262,""detectors_checked"":120268800}"
    319488,         0,         0,    23.0,standalone_exact_mw,3bd544bb51e006261b45d3a2c996e28fc0c0449411cee5f7deafcd25d9539ebc,"{""distance"":7,""physical_error_rate"":0.001}","{""detection_events"":998554,""detectors_checked"":258785280}"
    299008,         0,         0,    22.9,standalone_exact_mw,3bd544bb51e006261b45d3a2c996e28fc0c0449411cee5f7deafcd25d9539ebc,"{""distance"":7,""physical_error_rate"":0.001}","{""detection_events"":935007,""detectors_checked"":242196480}"
    419840,         0,         0,    22.9,standalone_exact_mw,3bd544bb51e006261b45d3a2c996e28fc0c0449411cee5f7deafcd25d9539ebc,"{""distance"":7,""physical_error_rate"":0.001}","{""detection_events"":1310938,""detectors_checked"":340070400}"
    169984,         0,         0,    22.9,standalone_exact_mw,9d8ad86e51451842b54dafc7680d1b486ef291963bb72c70f3cdd570d2d8fa34,"{""distance"":7,""physical_error_rate"":0.002}","{""detection_events"":1055015,""detectors_checked"":137687040}"
    305152,         0,         0,    22.9,standalone_exact_mw,3bd544bb51e006261b45d3a2c996e28fc0c0449411cee5f7deafcd25d9539ebc,"{""distance"":7,""physical_error_rate"":0.001}","{""detection_events"":952826,""detectors_checked"":247173120}"
    309248,         0,         0,    23.0,standalone_exact_mw,9d8ad86e51451842b54dafc7680d1b486ef291963bb72c70f3cdd570d2d8fa34,"{""distance"":7,""physical_error_rate"":0.002}","{""detection_events"":1921640,""detectors_checked"":250490880}"
    242688,         0,         0,    23.0,standalone_exact_mw,9d8ad86e51451842b54dafc7680d1b486ef291963bb72c70f3cdd570d2d8fa34,"{""distance"":7,""physical_error_rate"":0.002}","{""detection_events"":1508752,""detectors_checked"":196577280}"
    211968,         0,         0,    23.0,standalone_exact_mw,9d8ad86e51451842b54dafc7680d1b486ef291963bb72c70f3cdd570d2d8fa34,"{""distance"":7,""physical_error_rate"":0.002}","{""detection_events"":1316315,""detectors_checked"":171694080}"
    260096,         0,         0,    23.0,standalone_exact_mw,9d8ad86e51451842b54dafc7680d1b486ef291963bb72c70f3cdd570d2d8fa34,"{""distance"":7,""physical_error_rate"":0.002}","{""detection_events"":1616458,""detectors_checked"":210677760}"
    295936,         0,         0,    22.9,standalone_exact_mw,9d8ad86e51451842b54dafc7680d1b486ef291963bb72c70f3cdd570d2d8fa34,"{""distance"":7,""physical_error_rate"":0.002}","{""detection_events"":1839172,""detectors_checked"":239708160}"
    176128,         0,         0,    23.0,standalone_exact_mw,9d8ad86e51451842b54dafc7680d1b486ef291963bb72c70f3cdd570d2d8fa34,"{""distance"":7,""physical_error_rate"":0.002}","{""detection_events"":1095721,""detectors_checked"":142663680}"
    214016,         0,         0,    23.0,standalone_exact_mw,3bd544bb51e006261b45d3a2c996e28fc0c0449411cee5f7deafcd25d9539ebc,"{""distance"":7,""physical_error_rate"":0.001}","{""detection_events"":668373,""detectors_checked"":173352960}"
    346112,         0,         0,    22.9,standalone_exact_mw,3bd544bb51e006261b45d3a2c996e28fc0c0449411cee5f7deafcd25d9539ebc,"{""distance"":7,""physical_error_rate"":0.001}","{""detection_events"":1080807,""detectors_checked"":280350720}"
    301056,         0,         0,    22.9,standalone_exact_mw,3bd544bb51e006261b45d3a2c996e28fc0c0449411cee5f7deafcd25d9539ebc,"{""distance"":7,""physical_error_rate"":0.001}","{""detection_events"":938049,""detectors_checked"":243855360}"
    266240,         0,         0,    22.8,standalone_exact_mw,9d8ad86e51451842b54dafc7680d1b486ef291963bb72c70f3cdd570d2d8fa34,"{""distance"":7,""physical_error_rate"":0.002}","{""detection_events"":1658628,""detectors_checked"":215654400}"
    252928,         0,         0,    23.0,standalone_exact_mw,9d8ad86e51451842b54dafc7680d1b486ef291963bb72c70f3cdd570d2d8fa34,"{""distance"":7,""physical_error_rate"":0.002}","{""detection_events"":1567633,""detectors_checked"":204871680}"
    301056,         0,         0,    23.0,standalone_exact_mw,9d8ad86e51451842b54dafc7680d1b486ef291963bb72c70f3cdd570d2d8fa34,"{""distance"":7,""physical_error_rate"":0.002}","{""detection_events"":1872850,""detectors_checked"":243855360}"
    175104,         0,         0,    22.9,standalone_exact_mw,9d8ad86e51451842b54dafc7680d1b486ef291963bb72c70f3cdd570d2d8fa34,"{""distance"":7,""physical_error_rate"":0.002}","{""detection_events"":1087976,""detectors_checked"":141834240}"
    164864,         0,         0,    22.9,standalone_exact_mw,9d8ad86e51451842b54dafc7680d1b486ef291963bb72c70f3cdd570d2d8fa34,"{""distance"":7,""physical_error_rate"":0.002}","{""detection_events"":1024231,""detectors_checked"":133539840}"
    333824,         0,         0,    23.0,standalone_exact_mw,3bd544bb51e006261b45d3a2c996e28fc0c0449411cee5f7deafcd25d9539ebc,"{""distance"":7,""physical_error_rate"":0.001}","{""detection_events"":1042170,""detectors_checked"":270397440}"
    248832,         0,         0,    22.9,standalone_exact_mw,3bd544bb51e006261b45d3a2c996e28fc0c0449411cee5f7deafcd25d9539ebc,"{""distance"":7,""physical_error_rate"":0.001}","{""detection_events"":779521,""detectors_checked"":201553920}"
    159744,         0,         0,    23.0,standalone_exact_mw,3bd544bb51e006261b45d3a2c996e28fc0c0449411cee5f7deafcd25d9539ebc,"{""distance"":7,""physical_error_rate"":0.001}","{""detection_events"":500521,""detectors_checked"":129392640}"
    161792,         0,         0,    22.9,standalone_exact_mw,9d8ad86e51451842b54dafc7680d1b486ef291963bb72c70f3cdd570d2d8fa34,"{""distance"":7,""physical_error_rate"":0.002}","{""detection_events"":1005689,""detectors_checked"":131051520}"
    323584,         0,         0,    23.1,standalone_exact_mw,3bd544bb51e006261b45d3a2c996e28fc0c0449411cee5f7deafcd25d9539ebc,"{""distance"":7,""physical_error_rate"":0.001}","{""detection_events"":1010649,""detectors_checked"":262103040}"
    204800,         0,         0,    22.9,standalone_exact_mw,3bd544bb51e006261b45d3a2c996e28fc0c0449411cee5f7deafcd25d9539ebc,"{""distance"":7,""physical_error_rate"":0.001}","{""detection_events"":641154,""detectors_checked"":165888000}"
    190464,         0,         0,    23.1,standalone_exact_mw,3bd544bb51e006261b45d3a2c996e28fc0c0449411cee5f7deafcd25d9539ebc,"{""distance"":7,""physical_error_rate"":0.001}","{""detection_events"":595391,""detectors_checked"":154275840}"
    291840,         0,         0,    23.0,standalone_exact_mw,9d8ad86e51451842b54dafc7680d1b486ef291963bb72c70f3cdd570d2d8fa34,"{""distance"":7,""physical_error_rate"":0.002}","{""detection_events"":1812361,""detectors_checked"":236390400}"
    244736,         0,         0,    22.9,standalone_exact_mw,3bd544bb51e006261b45d3a2c996e28fc0c0449411cee5f7deafcd25d9539ebc,"{""distance"":7,""physical_error_rate"":0.001}","{""detection_events"":764896,""detectors_checked"":198236160}"
    216064,         0,         0,    22.9,standalone_exact_mw,9d8ad86e51451842b54dafc7680d1b486ef291963bb72c70f3cdd570d2d8fa34,"{""distance"":7,""physical_error_rate"":0.002}","{""detection_events"":1343185,""detectors_checked"":175011840}"
    194560,         0,         0,    23.0,standalone_exact_mw,3bd544bb51e006261b45d3a2c996e28fc0c0449411cee5f7deafcd25d9539ebc,"{""distance"":7,""physical_error_rate"":0.001}","{""detection_events"":608250,""detectors_checked"":157593600}"
    118784,         0,         0,    23.0,standalone_exact_mw,9d8ad86e51451842b54dafc7680d1b486ef291963bb72c70f3cdd570d2d8fa34,"{""distance"":7,""physical_error_rate"":0.002}","{""detection_events"":737726,""detectors_checked"":96215040}"
    159744,         0,         0,    23.0,standalone_exact_mw,3bd544bb51e006261b45d3a2c996e28fc0c0449411cee5f7deafcd25d9539ebc,"{""distance"":7,""physical_error_rate"":0.001}","{""detection_events"":499514,""detectors_checked"":129392640}"
    142336,         0,         0,    23.0,standalone_exact_mw,9d8ad86e51451842b54dafc7680d1b486ef291963bb72c70f3cdd570d2d8fa34,"{""distance"":7,""physical_error_rate"":0.002}","{""detection_events"":882012,""detectors_checked"":115292160}"
    220160,         0,         0,    22.9,standalone_exact_mw,9d8ad86e51451842b54dafc7680d1b486ef291963bb72c70f3cdd570d2d8fa34,"{""distance"":7,""physical_error_rate"":0.002}","{""detection_events"":1365815,""detectors_checked"":178329600}"
    293888,         0,         0,    22.9,standalone_exact_mw,9d8ad86e51451842b54dafc7680d1b486ef291963bb72c70f3cdd570d2d8fa34,"{""distance"":7,""physical_error_rate"":0.002}","{""detection_events"":1827534,""detectors_checked"":238049280}"
    346112,         0,         0,    22.9,standalone_exact_mw,3bd544bb51e006261b45d3a2c996e28fc0c0449411cee5f7deafcd25d9539ebc,"{""distance"":7,""physical_error_rate"":0.001}","{""detection_events"":1081614,""detectors_checked"":280350720}"
    183296,         0,         0,    23.0,standalone_exact_mw,9d8ad86e51451842b54dafc7680d1b486ef291963bb72c70f3cdd570d2d8fa34,"{""distance"":7,""physical_error_rate"":0.002}","{""detection_events"":1139509,""detectors_checked"":148469760}"
    370688,         0,         0,    23.0,standalone_exact_mw,3bd544bb51e006261b45d3a2c996e28fc0c0449411cee5f7deafcd25d9539ebc,"{""distance"":7,""physical_error_rate"":0.001}","{""detection_events"":1161218,""detectors_checked"":300257280}"
   1448960,         0,         0,   119.6,standalone_exact_mw,9d8ad86e51451842b54dafc7680d1b486ef291963bb72c70f3cdd570d2d8fa34,"{""distance"":7,""physical_error_rate"":0.002}","{""detection_events"":9011112,""detectors_checked"":1173657600}"
   1922048,         0,         0,   119.6,standalone_exact_mw,3bd544bb51e006261b45d3a2c996e28fc0c0449411cee5f7deafcd25d9539ebc,"{""distance"":7,""physical_error_rate"":0.001}","{""detection_events"":6005035,""detectors_checked"":1556858880}"
   1071104,         0,         0,   119.6,standalone_exact_mw,9d8ad86e51451842b54dafc7680d1b486ef291963bb72c70f3cdd570d2d8fa34,"{""distance"":7,""physical_error_rate"":0.002}","{""detection_events"":6648726,""detectors_checked"":867594240}"
   1826856,         0,         0,    90.6,standalone_exact_mw,3bd544bb51e006261b45d3a2c996e28fc0c0449411cee5f7deafcd25d9539ebc,"{""distance"":7,""physical_error_rate"":0.001}","{""detection_events"":5707846,""detectors_checked"":1479753360}"
   1244160,         0,         0,   119.6,standalone_exact_mw,3bd544bb51e006261b45d3a2c996e28fc0c0449411cee5f7deafcd25d9539ebc,"{""distance"":7,""physical_error_rate"":0.001}","{""detection_events"":3891582,""detectors_checked"":1007769600}"
   1551360,         1,         0,   119.8,standalone_exact_mw,9d8ad86e51451842b54dafc7680d1b486ef291963bb72c70f3cdd570d2d8fa34,"{""distance"":7,""physical_error_rate"":0.002}","{""detection_events"":9637809,""detectors_checked"":1256601600,""obs_mistake_mask=E"":1}"
   1106944,         1,         0,   119.7,standalone_exact_mw,9d8ad86e51451842b54dafc7680d1b486ef291963bb72c70f3cdd570d2d8fa34,"{""distance"":7,""physical_error_rate"":0.002}","{""detection_events"":6879365,""detectors_checked"":896624640,""obs_mistake_mask=E"":1}"
   1639424,         0,         0,   119.8,standalone_exact_mw,9d8ad86e51451842b54dafc7680d1b486ef291963bb72c70f3cdd570d2d8fa34,"{""distance"":7,""physical_error_rate"":0.002}","{""detection_events"":10201908,""detectors_checked"":1327933440}"
   1455104,         0,         0,   119.6,standalone_exact_mw,3bd544bb51e006261b45d3a2c996e28fc0c0449411cee5f7deafcd25d9539ebc,"{""distance"":7,""physical_error_rate"":0.001}","{""detection_events"":4551437,""detectors_checked"":1178634240}"
   1304576,         1,         0,   119.6,standalone_exact_mw,3bd544bb51e006261b45d3a2c996e28fc0c0449411cee5f7deafcd25d9539ebc,"{""distance"":7,""physical_error_rate"":0.001}","{""detection_events"":4074456,""detectors_checked"":1056706560,""obs_mistake_mask=E"":1}"
    972800,         1,         0,   119.5,standalone_exact_mw,9d8ad86e51451842b54dafc7680d1b486ef291963bb72c70f3cdd570d2d8fa34,"{""distance"":7,""physical_error_rate"":0.002}","{""detection_events"":6053846,""detectors_checked"":787968000,""obs_mistake_mask=E"":1}"
   1068032,         0,         0,   119.6,standalone_exact_mw,9d8ad86e51451842b54dafc7680d1b486ef291963bb72c70f3cdd570d2d8fa34,"{""distance"":7,""physical_error_rate"":0.002}","{""detection_events"":6638816,""detectors_checked"":865105920}"
   1275904,         0,         0,   119.6,standalone_exact_mw,3bd544bb51e006261b45d3a2c996e28fc0c0449411cee5f7deafcd25d9539ebc,"{""distance"":7,""physical_error_rate"":0.001}","{""detection_events"":3986580,""detectors_checked"":1033482240}"
   1442816,         0,         0,   119.5,standalone_exact_mw,3bd544bb51e006261b45d3a2c996e28fc0c0449411cee5f7deafcd25d9539ebc,"{""distance"":7,""physical_error_rate"":0.001}","{""detection_events"":4509049,""detectors_checked"":1168680960}"
   1249280,         0,         0,   119.7,standalone_exact_mw,3bd544bb51e006261b45d3a2c996e28fc0c0449411cee5f7deafcd25d9539ebc,"{""distance"":7,""physical_error_rate"":0.001}","{""detection_events"":3906625,""detectors_checked"":1011916800}"
   1102848,         0,         0,   119.8,standalone_exact_mw,9d8ad86e51451842b54dafc7680d1b486ef291963bb72c70f3cdd570d2d8fa34,"{""distance"":7,""physical_error_rate"":0.002}","{""detection_events"":6848235,""detectors_checked"":893306880}"
   1091584,         1,         0,   119.8,standalone_exact_mw,9d8ad86e51451842b54dafc7680d1b486ef291963bb72c70f3cdd570d2d8fa34,"{""distance"":7,""physical_error_rate"":0.002}","{""detection_events"":6790206,""detectors_checked"":884183040,""obs_mistake_mask=E"":1}"
   1090560,         0,         0,   119.7,standalone_exact_mw,3bd544bb51e006261b45d3a2c996e28fc0c0449411cee5f7deafcd25d9539ebc,"{""distance"":7,""physical_error_rate"":0.001}","{""detection_events"":3409981,""detectors_checked"":883353600}"
   1211392,         0,         0,   119.7,standalone_exact_mw,3bd544bb51e006261b45d3a2c996e28fc0c0449411cee5f7deafcd25d9539ebc,"{""distance"":7,""physical_error_rate"":0.001}","{""detection_events"":3791343,""detectors_checked"":981227520}"
   1346560,         0,         0,   119.8,standalone_exact_mw,9d8ad86e51451842b54dafc7680d1b486ef291963bb72c70f3cdd570d2d8fa34,"{""distance"":7,""physical_error_rate"":0.002}","{""detection_events"":8371691,""detectors_checked"":1090713600}"
    601088,         0,         0,    32.0,standalone_exact_mw,3bd544bb51e006261b45d3a2c996e28fc0c0449411cee5f7deafcd25d9539ebc,"{""distance"":7,""physical_error_rate"":0.001}","{""detection_events"":1878819,""detectors_checked"":486881280}"
    403456,         0,         0,    32.1,standalone_exact_mw,9d8ad86e51451842b54dafc7680d1b486ef291963bb72c70f3cdd570d2d8fa34,"{""distance"":7,""physical_error_rate"":0.002}","{""detection_events"":2506084,""detectors_checked"":326799360}"
    586752,         0,         0,    32.1,standalone_exact_mw,3bd544bb51e006261b45d3a2c996e28fc0c0449411cee5f7deafcd25d9539ebc,"{""distance"":7,""physical_error_rate"":0.001}","{""detection_events"":1835957,""detectors_checked"":475269120}"
    276480,         0,         0,    32.1,standalone_exact_mw,3bd544bb51e006261b45d3a2c996e28fc0c0449411cee5f7deafcd25d9539ebc,"{""distance"":7,""physical_error_rate"":0.001}","{""detection_events"":862585,""detectors_checked"":223948800}"
    299008,         0,         0,    32.1,standalone_exact_mw,9d8ad86e51451842b54dafc7680d1b486ef291963bb72c70f3cdd570d2d8fa34,"{""distance"":7,""physical_error_rate"":0.002}","{""detection_events"":1861042,""detectors_checked"":242196480}"
    438272,         0,         0,    32.0,standalone_exact_mw,3bd544bb51e006261b45d3a2c996e28fc0c0449411cee5f7deafcd25d9539ebc,"{""distance"":7,""physical_error_rate"":0.001}","{""detection_events"":1372919,""detectors_checked"":355000320}"
    395264,         0,         0,    32.0,standalone_exact_mw,3bd544bb51e006261b45d3a2c996e28fc0c0449411cee5f7deafcd25d9539ebc,"{""distance"":7,""physical_error_rate"":0.001}","{""detection_events"":1233590,""detectors_checked"":320163840}"
    493568,         0,         0,    32.1,standalone_exact_mw,3bd544bb51e006261b45d3a2c996e28fc0c0449411cee5f7deafcd25d9539ebc,"{""distance"":7,""physical_error_rate"":0.001}","{""detection_events"":1544917,""detectors_checked"":399790080}"
    289792,         0,         0,    32.1,standalone_exact_mw,9d8ad86e51451842b54dafc7680d1b486ef291963bb72c70f3cdd570d2d8fa34,"{""distance"":7,""physical_error_rate"":0.002}","{""detection_events"":1799902,""detectors_checked"":234731520}"
    428032,         0,         0,    32.1,standalone_exact_mw,3bd544bb51e006261b45d3a2c996e28fc0c0449411cee5f7deafcd25d9539ebc,"{""distance"":7,""physical_error_rate"":0.001}","{""detection_events"":1335697,""detectors_checked"":346705920}"
    397312,         0,         0,    32.1,standalone_exact_mw,9d8ad86e51451842b54dafc7680d1b486ef291963bb72c70f3cdd570d2d8fa34,"{""distance"":7,""physical_error_rate"":0.002}","{""detection_events"":2471720,""detectors_checked"":321822720}"
    356352,         0,         0,    32.2,standalone_exact_mw,9d8ad86e51451842b54dafc7680d1b486ef291963bb72c70f3cdd570d2d8fa34,"{""distance"":7,""physical_error_rate"":0.002}","{""detection_events"":2215380,""detectors_checked"":288645120}"
    253952,         0,         0,    32.1,standalone_exact_mw,9d8ad86e51451842b54dafc7680d1b486ef291963bb72c70f3cdd570d2d8fa34,"{""distance"":7,""physical_error_rate"":0.002}","{""detection_events"":1579672,""detectors_checked"":205701120}"
    303104,         1,         0,    32.3,standalone_exact_mw,9d8ad86e51451842b54dafc7680d1b486ef291963bb72c70f3cdd570d2d8fa34,"{""distance"":7,""physical_error_rate"":0.002}","{""detection_events"":1881681,""detectors_checked"":245514240,""obs_mistake_mask=E"":1}"
    274432,         0,         0,    32.1,standalone_exact_mw,9d8ad86e51451842b54dafc7680d1b486ef291963bb72c70f3cdd570d2d8fa34,"{""distance"":7,""physical_error_rate"":0.002}","{""detection_events"":1704847,""detectors_checked"":222289920}"
    284672,         0,         0,    32.0,standalone_exact_mw,3bd544bb51e006261b45d3a2c996e28fc0c0449411cee5f7deafcd25d9539ebc,"{""distance"":7,""physical_error_rate"":0.001}","{""detection_events"":891430,""detectors_checked"":230584320}"
    236544,         0,         0,    32.4,standalone_exact_mw,9d8ad86e51451842b54dafc7680d1b486ef291963bb72c70f3cdd570d2d8fa34,"{""distance"":7,""physical_error_rate"":0.002}","{""detection_events"":1471027,""detectors_checked"":191600640}"
    494592,         0,         0,    32.2,standalone_exact_mw,3bd544bb51e006261b45d3a2c996e28fc0c0449411cee5f7deafcd25d9539ebc,"{""distance"":7,""physical_error_rate"":0.001}","{""detection_events"":1548568,""detectors_checked"":400619520}"
    497664,         0,         0,    32.1,standalone_exact_mw,3bd544bb51e006261b45d3a2c996e28fc0c0449411cee5f7deafcd25d9539ebc,"{""distance"":7,""physical_error_rate"":0.001}","{""detection_events"":1559656,""detectors_checked"":403107840}"
    449536,         0,         0,    32.1,standalone_exact_mw,9d8ad86e51451842b54dafc7680d1b486ef291963bb72c70f3cdd570d2d8fa34,"{""distance"":7,""physical_error_rate"":0.002}","{""detection_events"":2789895,""detectors_checked"":364124160}"
    402432,         0,         0,    32.1,standalone_exact_mw,9d8ad86e51451842b54dafc7680d1b486ef291963bb72c70f3cdd570d2d8fa34,"{""distance"":7,""physical_error_rate"":0.002}","{""detection_events"":2496724,""detectors_checked"":325969920}"
    399360,         0,         0,    32.1,standalone_exact_mw,9d8ad86e51451842b54dafc7680d1b486ef291963bb72c70f3cdd570d2d8fa34,"{""distance"":7,""physical_error_rate"":0.002}","{""detection_events"":2487791,""detectors_checked"":323481600}"
    181248,         0,         0,    32.0,standalone_exact_mw,9d8ad86e51451842b54dafc7680d1b486ef291963bb72c70f3cdd570d2d8fa34,"{""distance"":7,""physical_error_rate"":0.002}","{""detection_events"":1124961,""detectors_checked"":146810880}"
    212992,         0,         0,    32.0,standalone_exact_mw,9d8ad86e51451842b54dafc7680d1b486ef291963bb72c70f3cdd570d2d8fa34,"{""distance"":7,""physical_error_rate"":0.002}","{""detection_events"":1324320,""detectors_checked"":172523520}"
    452608,         0,         0,    32.0,standalone_exact_mw,3bd544bb51e006261b45d3a2c996e28fc0c0449411cee5f7deafcd25d9539ebc,"{""distance"":7,""physical_error_rate"":0.001}","{""detection_events"":1413534,""detectors_checked"":366612480}"
    311296,         0,         0,    32.0,standalone_exact_mw,3bd544bb51e006261b45d3a2c996e28fc0c0449411cee5f7deafcd25d9539ebc,"{""distance"":7,""physical_error_rate"":0.001}","{""detection_events"":975342,""detectors_checked"":252149760}"
    305152,         0,         0,    32.0,standalone_exact_mw,3bd544bb51e006261b45d3a2c996e28fc0c0449411cee5f7deafcd25d9539ebc,"{""distance"":7,""physical_error_rate"":0.001}","{""detection_events"":953144,""detectors_checked"":247173120}"
    471040,         0,         0,    32.1,standalone_exact_mw,3bd544bb51e006261b45d3a2c996e28fc0c0449411cee5f7deafcd25d9539ebc,"{""distance"":7,""physical_error_rate"":0.001}","{""detection_events"":1475488,""detectors_checked"":381542400}"
    311296,         0,         0,    32.1,standalone_exact_mw,3bd544bb51e006261b45d3a2c996e28fc0c0449411cee5f7deafcd25d9539ebc,"{""distance"":7,""physical_error_rate"":0.001}","{""detection_events"":974387,""detectors_checked"":252149760}"
    404480,         0,         0,    32.2,standalone_exact_mw,9d8ad86e51451842b54dafc7680d1b486ef291963bb72c70f3cdd570d2d8fa34,"{""distance"":7,""physical_error_rate"":0.002}","{""detection_events"":2514728,""detectors_checked"":327628800}"
    303104,         0,         0,    32.0,standalone_exact_mw,3bd544bb51e006261b45d3a2c996e28fc0c0449411cee5f7deafcd25d9539ebc,"{""distance"":7,""physical_error_rate"":0.001}","{""detection_events"":946867,""detectors_checked"":245514240}"
    263168,         0,         0,    32.2,standalone_exact_mw,3bd544bb51e006261b45d3a2c996e28fc0c0449411cee5f7deafcd25d9539ebc,"{""distance"":7,""physical_error_rate"":0.001}","{""detection_events"":822642,""detectors_checked"":213166080}"
    207872,         0,         0,    32.5,standalone_exact_mw,9d8ad86e51451842b54dafc7680d1b486ef291963bb72c70f3cdd570d2d8fa34,"{""distance"":7,""physical_error_rate"":0.002}","{""detection_events"":1291902,""detectors_checked"":168376320}"
    307200,         0,         0,    32.3,standalone_exact_mw,9d8ad86e51451842b54dafc7680d1b486ef291963bb72c70f3cdd570d2d8fa34,"{""distance"":7,""physical_error_rate"":0.002}","{""detection_events"":1908293,""detectors_checked"":248832000}"
    449536,         0,         0,    32.0,standalone_exact_mw,3bd544bb51e006261b45d3a2c996e28fc0c0449411cee5f7deafcd25d9539ebc,"{""distance"":7,""physical_error_rate"":0.001}","{""detection_events"":1406185,""detectors_checked"":364124160}"
    326656,         0,         0,    32.4,standalone_exact_mw,9d8ad86e51451842b54dafc7680d1b486ef291963bb72c70f3cdd570d2d8fa34,"{""distance"":7,""physical_error_rate"":0.002}","{""detection_events"":2033256,""detectors_checked"":264591360}"
    264192,         0,         0,    31.9,standalone_exact_mw,3bd544bb51e006261b45d3a2c996e28fc0c0449411cee5f7deafcd25d9539ebc,"{""distance"":7,""physical_error_rate"":0.001}","{""detection_events"":825850,""detectors_checked"":213995520}"
    402432,         0,         0,    32.1,standalone_exact_mw,9d8ad86e51451842b54dafc7680d1b486ef291963bb72c70f3cdd570d2d8fa34,"{""distance"":7,""physical_error_rate"":0.002}","{""detection_events"":2500778,""detectors_checked"":325969920}"
   1720320,         0,         0,   119.7,standalone_exact_mw,9d8ad86e51451842b54dafc7680d1b486ef291963bb72c70f3cdd570d2d8fa34,"{""distance"":7,""physical_error_rate"":0.002}","{""detection_events"":10683223,""detectors_checked"":1393459200}"
    267264,         0,         0,    32.4,standalone_exact_mw,9d8ad86e51451842b54dafc7680d1b486ef291963bb72c70f3cdd570d2d8fa34,"{""distance"":7,""physical_error_rate"":0.002}","{""detection_events"":1662963,""detectors_checked"":216483840}"
   1637376,         0,         0,   119.8,standalone_exact_mw,9d8ad86e51451842b54dafc7680d1b486ef291963bb72c70f3cdd570d2d8fa34,"{""distance"":7,""physical_error_rate"":0.002}","{""detection_events"":10172967,""detectors_checked"":1326274560}"
    400384,         1,         0,    32.1,standalone_exact_mw,9d8ad86e51451842b54dafc7680d1b486ef291963bb72c70f3cdd570d2d8fa34,"{""distance"":7,""physical_error_rate"":0.002}","{""detection_events"":2490166,""detectors_checked"":324311040,""obs_mistake_mask=E"":1}"
   1949696,         0,         0,   119.8,standalone_exact_mw,3bd544bb51e006261b45d3a2c996e28fc0c0449411cee5f7deafcd25d9539ebc,"{""distance"":7,""physical_error_rate"":0.001}","{""detection_events"":6094287,""detectors_checked"":1579253760}"
   1503232,         1,         0,   119.7,standalone_exact_mw,9d8ad86e51451842b54dafc7680d1b486ef291963bb72c70f3cdd570d2d8fa34,"{""distance"":7,""physical_error_rate"":0.002}","{""detection_events"":9336423,""detectors_checked"":1217617920,""obs_mistake_mask=E"":1}"
   1902592,         0,         0,   119.7,standalone_exact_mw,3bd544bb51e006261b45d3a2c996e28fc0c0449411cee5f7deafcd25d9539ebc,"{""distance"":7,""physical_error_rate"":0.001}","{""detection_events"":5950088,""detectors_checked"":1541099520}"
    368640,         0,         0,    32.1,standalone_exact_mw,3bd544bb51e006261b45d3a2c996e28fc0c0449411cee5f7deafcd25d9539ebc,"{""distance"":7,""physical_error_rate"":0.001}","{""detection_events"":1152572,""detectors_checked"":298598400}"
   1889280,         0,         0,   119.8,standalone_exact_mw,9d8ad86e51451842b54dafc7680d1b486ef291963bb72c70f3cdd570d2d8fa34,"{""distance"":7,""physical_error_rate"":0.002}","{""detection_events"":11743298,""detectors_checked"":1530316800}"
   1604608,         0,         0,   119.5,standalone_exact_mw,3bd544bb51e006261b45d3a2c996e28fc0c0449411cee5f7deafcd25d9539ebc,"{""distance"":7,""physical_error_rate"":0.001}","{""detection_events"":5014870,""detectors_checked"":1299732480}"
   1136640,         0,         0,   119.6,standalone_exact_mw,3bd544bb51e006261b45d3a2c996e28fc0c0449411cee5f7deafcd25d9539ebc,"{""distance"":7,""physical_error_rate"":0.001}","{""detection_events"":3551386,""detectors_checked"":920678400}"
    360448,         0,         0,    32.0,standalone_exact_mw,9d8ad86e51451842b54dafc7680d1b486ef291963bb72c70f3cdd570d2d8fa34,"{""distance"":7,""physical_error_rate"":0.002}","{""detection_events"":2240935,""detectors_checked"":291962880}"
   1779712,         0,         0,   119.8,standalone_exact_mw,3bd544bb51e006261b45d3a2c996e28fc0c0449411cee5f7deafcd25d9539ebc,"{""distance"":7,""physical_error_rate"":0.001}","{""detection_events"":5558287,""detectors_checked"":1441566720}"
   1084416,         0,         0,   119.5,standalone_exact_mw,3bd544bb51e006261b45d3a2c996e28fc0c0449411cee5f7deafcd25d9539ebc,"{""distance"":7,""physical_error_rate"":0.001}","{""detection_events"":3392595,""detectors_checked"":878376960}"
    360448,         0,         0,    32.0,standalone_exact_mw,3bd544bb51e006261b45d3a2c996e28fc0c0449411cee5f7deafcd25d9539ebc,"{""distance"":7,""physical_error_rate"":0.001}","{""detection_events"":1128539,""detectors_checked"":291962880}"
    924672,         0,         0,   119.8,standalone_exact_mw,9d8ad86e51451842b54dafc7680d1b486ef291963bb72c70f3cdd570d2d8fa34,"{""distance"":7,""physical_error_rate"":0.002}","{""detection_events"":5746168,""detectors_checked"":748984320}"
   1099776,         1,         0,   119.5,standalone_exact_mw,9d8ad86e51451842b54dafc7680d1b486ef291963bb72c70f3cdd570d2d8fa34,"{""distance"":7,""physical_error_rate"":0.002}","{""detection_events"":6834762,""detectors_checked"":890818560,""obs_mistake_mask=E"":1}"
   1150976,         0,         0,   119.9,standalone_exact_mw,9d8ad86e51451842b54dafc7680d1b486ef291963bb72c70f3cdd570d2d8fa34,"{""distance"":7,""physical_error_rate"":0.002}","{""detection_events"":7154915,""detectors_checked"":932290560}"
   1192960,         0,         0,   119.7,standalone_exact_mw,9d8ad86e51451842b54dafc7680d1b486ef291963bb72c70f3cdd570d2d8fa34,"{""distance"":7,""physical_error_rate"":0.002}","{""detection_events"":7415163,""detectors_checked"":966297600}"
    993280,         0,         0,   119.8,standalone_exact_mw,3bd544bb51e006261b45d3a2c996e28fc0c0449411cee5f7deafcd25d9539ebc,"{""distance"":7,""physical_error_rate"":0.001}","{""detection_events"":3106380,""detectors_checked"":804556800}"
   2189312,         0,         0,   119.6,standalone_exact_mw,3bd544bb51e006261b45d3a2c996e28fc0c0449411cee5f7deafcd25d9539ebc,"{""distance"":7,""physical_error_rate"":0.001}","{""detection_events"":6844339,""detectors_checked"":1773342720}"
   1326080,         0,         0,   119.7,standalone_exact_mw,3bd544bb51e006261b45d3a2c996e28fc0c0449411cee5f7deafcd25d9539ebc,"{""distance"":7,""physical_error_rate"":0.001}","{""detection_events"":4139347,""detectors_checked"":1074124800}"
    778240,         0,         0,   119.6,standalone_exact_mw,9d8ad86e51451842b54dafc7680d1b486ef291963bb72c70f3cdd570d2d8fa34,"{""distance"":7,""physical_error_rate"":0.002}","{""detection_events"":4833814,""detectors_checked"":630374400}"
    958464,         0,         0,   119.7,standalone_exact_mw,9d8ad86e51451842b54dafc7680d1b486ef291963bb72c70f3cdd570d2d8fa34,"{""distance"":7,""physical_error_rate"":0.002}","{""detection_events"":5959937,""detectors_checked"":776355840}"
   1478656,         0,         0,   119.5,standalone_exact_mw,3bd544bb51e006261b45d3a2c996e28fc0c0449411cee5f7deafcd25d9539ebc,"{""distance"":7,""physical_error_rate"":0.001}","{""detection_events"":4624575,""detectors_checked"":1197711360}"
   1168384,         0,         0,   119.9,standalone_exact_mw,3bd544bb51e006261b45d3a2c996e28fc0c0449411cee5f7deafcd25d9539ebc,"{""distance"":7,""physical_error_rate"":0.001}","{""detection_events"":3652354,""detectors_checked"":946391040}"
    875520,         0,         0,   119.5,standalone_exact_mw,9d8ad86e51451842b54dafc7680d1b486ef291963bb72c70f3cdd570d2d8fa34,"{""distance"":7,""physical_error_rate"":0.002}","{""detection_events"":5440474,""detectors_checked"":709171200}"
   1566720,         0,         0,   119.8,standalone_exact_mw,9d8ad86e51451842b54dafc7680d1b486ef291963bb72c70f3cdd570d2d8fa34,"{""distance"":7,""physical_error_rate"":0.002}","{""detection_events"":9729957,""detectors_checked"":1269043200}"
   1914880,         0,         0,   119.6,standalone_exact_mw,3bd544bb51e006261b45d3a2c996e28fc0c0449411cee5f7deafcd25d9539ebc,"{""distance"":7,""physical_error_rate"":0.001}","{""detection_events"":5985841,""detectors_checked"":1551052800}"
   1373184,         0,         0,   119.7,standalone_exact_mw,3bd544bb51e006261b45d3a2c996e28fc0c0449411cee5f7deafcd25d9539ebc,"{""distance"":7,""physical_error_rate"":0.001}","{""detection_events"":4291243,""detectors_checked"":1112279040}"
   1309696,         0,         0,   119.8,standalone_exact_mw,3bd544bb51e006261b45d3a2c996e28fc0c0449411cee5f7deafcd25d9539ebc,"{""distance"":7,""physical_error_rate"":0.001}","{""detection_events"":4093779,""detectors_checked"":1060853760}"
   1717248,         0,         0,   119.8,standalone_exact_mw,3bd544bb51e006261b45d3a2c996e28fc0c0449411cee5f7deafcd25d9539ebc,"{""distance"":7,""physical_error_rate"":0.001}","{""detection_events"":5359877,""detectors_checked"":1390970880}"
    941056,         0,         0,   119.6,standalone_exact_mw,9d8ad86e51451842b54dafc7680d1b486ef291963bb72c70f3cdd570d2d8fa34,"{""distance"":7,""physical_error_rate"":0.002}","{""detection_events"":5842275,""detectors_checked"":762255360}"
    980992,         0,         0,   119.7,standalone_exact_mw,9d8ad86e51451842b54dafc7680d1b486ef291963bb72c70f3cdd570d2d8fa34,"{""distance"":7,""physical_error_rate"":0.002}","{""detection_events"":6097764,""detectors_checked"":794603520}"
   1775616,         0,         0,   119.7,standalone_exact_mw,3bd544bb51e006261b45d3a2c996e28fc0c0449411cee5f7deafcd25d9539ebc,"{""distance"":7,""physical_error_rate"":0.001}","{""detection_events"":5545195,""detectors_checked"":1438248960}"
   1059840,         0,         0,   119.8,standalone_exact_mw,9d8ad86e51451842b54dafc7680d1b486ef291963bb72c70f3cdd570d2d8fa34,"{""distance"":7,""physical_error_rate"":0.002}","{""detection_events"":6581348,""detectors_checked"":858470400}"
   1399808,         0,         0,   119.6,standalone_exact_mw,3bd544bb51e006261b45d3a2c996e28fc0c0449411cee5f7deafcd25d9539ebc,"{""distance"":7,""physical_error_rate"":0.001}","{""detection_events"":4372554,""detectors_checked"":1133844480}"
   1000448,         0,         0,   119.8,standalone_exact_mw,9d8ad86e51451842b54dafc7680d1b486ef291963bb72c70f3cdd570d2d8fa34,"{""distance"":7,""physical_error_rate"":0.002}","{""detection_events"":6219064,""detectors_checked"":810362880}"
    859136,         0,         0,   119.7,standalone_exact_mw,9d8ad86e51451842b54dafc7680d1b486ef291963bb72c70f3cdd570d2d8fa34,"{""distance"":7,""physical_error_rate"":0.002}","{""detection_events"":5334500,""detectors_checked"":695900160}"
   1143808,         0,         0,   119.7,standalone_exact_mw,3bd544bb51e006261b45d3a2c996e28fc0c0449411cee5f7deafcd25d9539ebc,"{""distance"":7,""physical_error_rate"":0.001}","{""detection_events"":3573621,""detectors_checked"":926484480}"
    963584,         0,         0,   119.7,standalone_exact_mw,9d8ad86e51451842b54dafc7680d1b486ef291963bb72c70f3cdd570d2d8fa34,"{""distance"":7,""physical_error_rate"":0.002}","{""detection_events"":5987822,""detectors_checked"":780503040}"
   1289216,         0,         0,   119.9,standalone_exact_mw,9d8ad86e51451842b54dafc7680d1b486ef291963bb72c70f3cdd570d2d8fa34,"{""distance"":7,""physical_error_rate"":0.002}","{""detection_events"":8016160,""detectors_checked"":1044264960}"
   1516544,         0,         0,   119.6,standalone_exact_mw,3bd544bb51e006261b45d3a2c996e28fc0c0449411cee5f7deafcd25d9539ebc,"{""distance"":7,""physical_error_rate"":0.001}","{""detection_events"":4740742,""detectors_checked"":1228400640}"
    922624,         0,         0,   119.7,standalone_exact_mw,9d8ad86e51451842b54dafc7680d1b486ef291963bb72c70f3cdd570d2d8fa34,"{""distance"":7,""physical_error_rate"":0.002}","{""detection_events"":5734775,""detectors_checked"":747325440}"
   1853440,         0,         0,   119.7,standalone_exact_mw,3bd544bb51e006261b45d3a2c996e28fc0c0449411cee5f7deafcd25d9539ebc,"{""distance"":7,""physical_error_rate"":0.001}","{""detection_events"":5795545,""detectors_checked"":1501286400}"
    996352,         0,         0,   119.4,standalone_exact_mw,3bd544bb51e006261b45d3a2c996e28fc0c0449411cee5f7deafcd25d9539ebc,"{""distance"":7,""physical_error_rate"":0.001}","{""detection_events"":3113817,""detectors_checked"":807045120}"
    931840,         0,         0,   119.7,standalone_exact_mw,9d8ad86e51451842b54dafc7680d1b486ef291963bb72c70f3cdd570d2d8fa34,"{""distance"":7,""physical_error_rate"":0.002}","{""detection_events"":5795724,""detectors_checked"":754790400}"
    960512,         0,         0,   119.7,standalone_exact_mw,3bd544bb51e006261b45d3a2c996e28fc0c0449411cee5f7deafcd25d9539ebc,"{""distance"":7,""physical_error_rate"":0.001}","{""detection_events"":3000917,""detectors_checked"":778014720}"
    949248,         0,         0,   119.6,standalone_exact_mw,9d8ad86e51451842b54dafc7680d1b486ef291963bb72c70f3cdd570d2d8fa34,"{""distance"":7,""physical_error_rate"":0.002}","{""detection_events"":5899531,""detectors_checked"":768890880}"
   2109440,         1,         0,   119.7,standalone_exact_mw,9d8ad86e51451842b54dafc7680d1b486ef291963bb72c70f3cdd570d2d8fa34,"{""distance"":7,""physical_error_rate"":0.002}","{""detection_events"":13106100,""detectors_checked"":1708646400,""obs_mistake_mask=E"":1}"
   1950720,         0,         0,   119.6,standalone_exact_mw,9d8ad86e51451842b54dafc7680d1b486ef291963bb72c70f3cdd570d2d8fa34,"{""distance"":7,""physical_error_rate"":0.002}","{""detection_events"":12118938,""detectors_checked"":1580083200}"
   1346560,         0,         0,   119.7,standalone_exact_mw,3bd544bb51e006261b45d3a2c996e28fc0c0449411cee5f7deafcd25d9539ebc,"{""distance"":7,""physical_error_rate"":0.001}","{""detection_events"":4209521,""detectors_checked"":1090713600}"
   1312768,         0,         0,   119.7,standalone_exact_mw,3bd544bb51e006261b45d3a2c996e28fc0c0449411cee5f7deafcd25d9539ebc,"{""distance"":7,""physical_error_rate"":0.001}","{""detection_events"":4101334,""detectors_checked"":1063342080}"
   1430528,         0,         0,   119.5,standalone_exact_mw,3bd544bb51e006261b45d3a2c996e28fc0c0449411cee5f7deafcd25d9539ebc,"{""distance"":7,""physical_error_rate"":0.001}","{""detection_events"":4467262,""detectors_checked"":1158727680}"
    904192,         0,         0,   120.0,standalone_exact_mw,9d8ad86e51451842b54dafc7680d1b486ef291963bb72c70f3cdd570d2d8fa34,"{""distance"":7,""physical_error_rate"":0.002}","{""detection_events"":5619826,""detectors_checked"":732395520}"
   1572864,         0,         0,   119.8,standalone_exact_mw,3bd544bb51e006261b45d3a2c996e28fc0c0449411cee5f7deafcd25d9539ebc,"{""distance"":7,""physical_error_rate"":0.001}","{""detection_events"":4914051,""detectors_checked"":1274019840}"
   1103872,         0,         0,   119.8,standalone_exact_mw,9d8ad86e51451842b54dafc7680d1b486ef291963bb72c70f3cdd570d2d8fa34,"{""distance"":7,""physical_error_rate"":0.002}","{""detection_events"":6860098,""detectors_checked"":894136320}"
   1549312,         0,         0,   119.6,standalone_exact_mw,3bd544bb51e006261b45d3a2c996e28fc0c0449411cee5f7deafcd25d9539ebc,"{""distance"":7,""physical_error_rate"":0.001}","{""detection_events"":4837873,""detectors_checked"":1254942720}"
   1304576,         0,         0,   119.7,standalone_exact_mw,3bd544bb51e006261b45d3a2c996e28fc0c0449411cee5f7deafcd25d9539ebc,"{""distance"":7,""physical_error_rate"":0.001}","{""detection_events"":4080378,""detectors_checked"":1056706560}"
   1012736,         0,         0,   119.7,standalone_exact_mw,9d8ad86e51451842b54dafc7680d1b486ef291963bb72c70f3cdd570d2d8fa34,"{""distance"":7,""physical_error_rate"":0.002}","{""detection_events"":6292960,""detectors_checked"":820316160}"
    530530,         0,         0,    23.5,standalone_exact_mw,3bd544bb51e006261b45d3a2c996e28fc0c0449411cee5f7deafcd25d9539ebc,"{""distance"":7,""physical_error_rate"":0.001}","{""detection_events"":1660486,""detectors_checked"":429729300}"
    955392,         1,         0,   120.0,standalone_exact_mw,9d8ad86e51451842b54dafc7680d1b486ef291963bb72c70f3cdd570d2d8fa34,"{""distance"":7,""physical_error_rate"":0.002}","{""detection_events"":5935046,""detectors_checked"":773867520,""obs_mistake_mask=E"":1}"
   1480704,         0,         0,   119.8,standalone_exact_mw,3bd544bb51e006261b45d3a2c996e28fc0c0449411cee5f7deafcd25d9539ebc,"{""distance"":7,""physical_error_rate"":0.001}","{""detection_events"":4619570,""detectors_checked"":1199370240}"
   1294336,         0,         0,   120.0,standalone_exact_mw,3bd544bb51e006261b45d3a2c996e28fc0c0449411cee5f7deafcd25d9539ebc,"{""distance"":7,""physical_error_rate"":0.001}","{""detection_events"":4048928,""detectors_checked"":1048412160}"
   1031168,         0,         0,   119.7,standalone_exact_mw,9d8ad86e51451842b54dafc7680d1b486ef291963bb72c70f3cdd570d2d8fa34,"{""distance"":7,""physical_error_rate"":0.002}","{""detection_events"":6409579,""detectors_checked"":835246080}"
   1765376,         0,         0,   119.8,standalone_exact_mw,3bd544bb51e006261b45d3a2c996e28fc0c0449411cee5f7deafcd25d9539ebc,"{""distance"":7,""physical_error_rate"":0.001}","{""detection_events"":5520703,""detectors_checked"":1429954560}"
   1441792,         0,         0,   119.6,standalone_exact_mw,3bd544bb51e006261b45d3a2c996e28fc0c0449411cee5f7deafcd25d9539ebc,"{""distance"":7,""physical_error_rate"":0.001}","{""detection_events"":4501217,""detectors_checked"":1167851520}"
   1297408,         3,         0,   119.8,standalone_exact_mw,9d8ad86e51451842b54dafc7680d1b486ef291963bb72c70f3cdd570d2d8fa34,"{""distance"":7,""physical_error_rate"":0.002}","{""detection_events"":8062178,""detectors_checked"":1050900480,""obs_mistake_mask=E"":3}"
     13024,         0,         0,   0.863,standalone_exact_mw,3bd544bb51e006261b45d3a2c996e28fc0c0449411cee5f7deafcd25d9539ebc,"{""distance"":7,""physical_error_rate"":0.001}","{""detection_events"":40760,""detectors_checked"":10549440}"
   1070080,         0,         0,   119.8,standalone_exact_mw,9d8ad86e51451842b54dafc7680d1b486ef291963bb72c70f3cdd570d2d8fa34,"{""distance"":7,""physical_error_rate"":0.002}","{""detection_events"":6649393,""detectors_checked"":866764800}"
   1133568,         0,         0,   119.8,standalone_exact_mw,9d8ad86e51451842b54dafc7680d1b486ef291963bb72c70f3cdd570d2d8fa34,"{""distance"":7,""physical_error_rate"":0.002}","{""detection_events"":7046272,""detectors_checked"":918190080}"
   1012736,         0,         0,    44.8,standalone_exact_mw,3bd544bb51e006261b45d3a2c996e28fc0c0449411cee5f7deafcd25d9539ebc,"{""distance"":7,""physical_error_rate"":0.001}","{""detection_events"":3161468,""detectors_checked"":820316160}"
    575488,         0,         0,    44.9,standalone_exact_mw,9d8ad86e51451842b54dafc7680d1b486ef291963bb72c70f3cdd570d2d8fa34,"{""distance"":7,""physical_error_rate"":0.002}","{""detection_events"":3573590,""detectors_checked"":466145280}"
    992256,         0,         0,    44.9,standalone_exact_mw,3bd544bb51e006261b45d3a2c996e28fc0c0449411cee5f7deafcd25d9539ebc,"{""distance"":7,""physical_error_rate"":0.001}","{""detection_events"":3107772,""detectors_checked"":803727360}"
    517120,         0,         0,    44.9,standalone_exact_mw,3bd544bb51e006261b45d3a2c996e28fc0c0449411cee5f7deafcd25d9539ebc,"{""distance"":7,""physical_error_rate"":0.001}","{""detection_events"":1616914,""detectors_checked"":418867200}"
    316416,         0,         0,    45.0,standalone_exact_mw,9d8ad86e51451842b54dafc7680d1b486ef291963bb72c70f3cdd570d2d8fa34,"{""distance"":7,""physical_error_rate"":0.002}","{""detection_events"":1967518,""detectors_checked"":256296960}"
    637952,         0,         0,    44.9,standalone_exact_mw,3bd544bb51e006261b45d3a2c996e28fc0c0449411cee5f7deafcd25d9539ebc,"{""distance"":7,""physical_error_rate"":0.001}","{""detection_events"":1990609,""detectors_checked"":516741120}"
    408576,         0,         0,    45.0,standalone_exact_mw,3bd544bb51e006261b45d3a2c996e28fc0c0449411cee5f7deafcd25d9539ebc,"{""distance"":7,""physical_error_rate"":0.001}","{""detection_events"":1276804,""detectors_checked"":330946560}"
    743424,         0,         0,    45.0,standalone_exact_mw,3bd544bb51e006261b45d3a2c996e28fc0c0449411cee5f7deafcd25d9539ebc,"{""distance"":7,""physical_error_rate"":0.001}","{""detection_events"":2325432,""detectors_checked"":602173440}"
    555008,         0,         0,    44.9,standalone_exact_mw,9d8ad86e51451842b54dafc7680d1b486ef291963bb72c70f3cdd570d2d8fa34,"{""distance"":7,""physical_error_rate"":0.002}","{""detection_events"":3445196,""detectors_checked"":449556480}"
    716800,         0,         0,    44.9,standalone_exact_mw,3bd544bb51e006261b45d3a2c996e28fc0c0449411cee5f7deafcd25d9539ebc,"{""distance"":7,""physical_error_rate"":0.001}","{""detection_events"":2236327,""detectors_checked"":580608000}"
    538624,         0,         0,    45.0,standalone_exact_mw,9d8ad86e51451842b54dafc7680d1b486ef291963bb72c70f3cdd570d2d8fa34,"{""distance"":7,""physical_error_rate"":0.002}","{""detection_events"":3347563,""detectors_checked"":436285440}"
    470016,         0,         0,    44.9,standalone_exact_mw,9d8ad86e51451842b54dafc7680d1b486ef291963bb72c70f3cdd570d2d8fa34,"{""distance"":7,""physical_error_rate"":0.002}","{""detection_events"":2916784,""detectors_checked"":380712960}"
    573440,         0,         0,    45.0,standalone_exact_mw,9d8ad86e51451842b54dafc7680d1b486ef291963bb72c70f3cdd570d2d8fa34,"{""distance"":7,""physical_error_rate"":0.002}","{""detection_events"":3563226,""detectors_checked"":464486400}"
    393216,         0,         0,    45.0,standalone_exact_mw,9d8ad86e51451842b54dafc7680d1b486ef291963bb72c70f3cdd570d2d8fa34,"{""distance"":7,""physical_error_rate"":0.002}","{""detection_events"":2440503,""detectors_checked"":318504960}"
    322560,         0,         0,    44.9,standalone_exact_mw,9d8ad86e51451842b54dafc7680d1b486ef291963bb72c70f3cdd570d2d8fa34,"{""distance"":7,""physical_error_rate"":0.002}","{""detection_events"":2003764,""detectors_checked"":261273600}"
    522240,         0,         0,    44.7,standalone_exact_mw,3bd544bb51e006261b45d3a2c996e28fc0c0449411cee5f7deafcd25d9539ebc,"{""distance"":7,""physical_error_rate"":0.001}","{""detection_events"":1632590,""detectors_checked"":423014400}"
    673792,         0,         0,    44.8,standalone_exact_mw,3bd544bb51e006261b45d3a2c996e28fc0c0449411cee5f7deafcd25d9539ebc,"{""distance"":7,""physical_error_rate"":0.001}","{""detection_events"":2108099,""detectors_checked"":545771520}"
    347136,         0,         0,    45.0,standalone_exact_mw,9d8ad86e51451842b54dafc7680d1b486ef291963bb72c70f3cdd570d2d8fa34,"{""distance"":7,""physical_error_rate"":0.002}","{""detection_events"":2159163,""detectors_checked"":281180160}"
    657408,         0,         0,    44.9,standalone_exact_mw,3bd544bb51e006261b45d3a2c996e28fc0c0449411cee5f7deafcd25d9539ebc,"{""distance"":7,""physical_error_rate"":0.001}","{""detection_events"":2056510,""detectors_checked"":532500480}"
    495616,         0,         0,    44.9,standalone_exact_mw,9d8ad86e51451842b54dafc7680d1b486ef291963bb72c70f3cdd570d2d8fa34,"{""distance"":7,""physical_error_rate"":0.002}","{""detection_events"":3078298,""detectors_checked"":401448960}"
    482304,         0,         0,    45.0,standalone_exact_mw,9d8ad86e51451842b54dafc7680d1b486ef291963bb72c70f3cdd570d2d8fa34,"{""distance"":7,""physical_error_rate"":0.002}","{""detection_events"":2996720,""detectors_checked"":390666240}"
    382976,         0,         0,    45.0,standalone_exact_mw,9d8ad86e51451842b54dafc7680d1b486ef291963bb72c70f3cdd570d2d8fa34,"{""distance"":7,""physical_error_rate"":0.002}","{""detection_events"":2377153,""detectors_checked"":310210560}"
    404480,         0,         0,    45.0,standalone_exact_mw,9d8ad86e51451842b54dafc7680d1b486ef291963bb72c70f3cdd570d2d8fa34,"{""distance"":7,""physical_error_rate"":0.002}","{""detection_events"":2510878,""detectors_checked"":327628800}"
    365568,         0,         0,    44.8,standalone_exact_mw,9d8ad86e51451842b54dafc7680d1b486ef291963bb72c70f3cdd570d2d8fa34,"{""distance"":7,""physical_error_rate"":0.002}","{""detection_events"":2270665,""detectors_checked"":296110080}"
    411648,         0,         0,    44.8,standalone_exact_mw,3bd544bb51e006261b45d3a2c996e28fc0c0449411cee5f7deafcd25d9539ebc,"{""distance"":7,""physical_error_rate"":0.001}","{""detection_events"":1285792,""detectors_checked"":333434880}"
    658432,         0,         0,    45.0,standalone_exact_mw,3bd544bb51e006261b45d3a2c996e28fc0c0449411cee5f7deafcd25d9539ebc,"{""distance"":7,""physical_error_rate"":0.001}","{""detection_events"":2058891,""detectors_checked"":533329920}"
    352256,         0,         0,    44.8,standalone_exact_mw,3bd544bb51e006261b45d3a2c996e28fc0c0449411cee5f7deafcd25d9539ebc,"{""distance"":7,""physical_error_rate"":0.001}","{""detection_events"":1105785,""detectors_checked"":285327360}"
    558080,         0,         0,    44.8,standalone_exact_mw,3bd544bb51e006261b45d3a2c996e28fc0c0449411cee5f7deafcd25d9539ebc,"{""distance"":7,""physical_error_rate"":0.001}","{""detection_events"":1745855,""detectors_checked"":452044800}"
    558080,         0,         0,    44.8,standalone_exact_mw,3bd544bb51e006261b45d3a2c996e28fc0c0449411cee5f7deafcd25d9539ebc,"{""distance"":7,""physical_error_rate"":0.001}","{""detection_events"":1743712,""detectors_checked"":452044800}"
    487424,         0,         0,    44.7,standalone_exact_mw,3bd544bb51e006261b45d3a2c996e28fc0c0449411cee5f7deafcd25d9539ebc,"{""distance"":7,""physical_error_rate"":0.001}","{""detection_events"":1525962,""detectors_checked"":394813440}"
    418816,         0,         0,    44.9,standalone_exact_mw,9d8ad86e51451842b54dafc7680d1b486ef291963bb72c70f3cdd570d2d8fa34,"{""distance"":7,""physical_error_rate"":0.002}","{""detection_events"":2598526,""detectors_checked"":339240960}"
    562176,         0,         0,    45.0,standalone_exact_mw,3bd544bb51e006261b45d3a2c996e28fc0c0449411cee5f7deafcd25d9539ebc,"{""distance"":7,""physical_error_rate"":0.001}","{""detection_events"":1755155,""detectors_checked"":455362560}"
    378880,         0,         0,    45.0,standalone_exact_mw,9d8ad86e51451842b54dafc7680d1b486ef291963bb72c70f3cdd570d2d8fa34,"{""distance"":7,""physical_error_rate"":0.002}","{""detection_events"":2354315,""detectors_checked"":306892800}"
    305152,         0,         0,    44.9,standalone_exact_mw,9d8ad86e51451842b54dafc7680d1b486ef291963bb72c70f3cdd570d2d8fa34,"{""distance"":7,""physical_error_rate"":0.002}","{""detection_events"":1896930,""detectors_checked"":247173120}"
    448512,         0,         0,    44.9,standalone_exact_mw,3bd544bb51e006261b45d3a2c996e28fc0c0449411cee5f7deafcd25d9539ebc,"{""distance"":7,""physical_error_rate"":0.001}","{""detection_events"":1402537,""detectors_checked"":363294720}"
    460800,         0,         0,    44.9,standalone_exact_mw,3bd544bb51e006261b45d3a2c996e28fc0c0449411cee5f7deafcd25d9539ebc,"{""distance"":7,""physical_error_rate"":0.001}","{""detection_events"":1442404,""detectors_checked"":373248000}"
    230400,         0,         0,    45.1,standalone_exact_mw,9d8ad86e51451842b54dafc7680d1b486ef291963bb72c70f3cdd570d2d8fa34,"{""distance"":7,""physical_error_rate"":0.002}","{""detection_events"":1427853,""detectors_checked"":186624000}"
    540672,         0,         0,    45.0,standalone_exact_mw,9d8ad86e51451842b54dafc7680d1b486ef291963bb72c70f3cdd570d2d8fa34,"{""distance"":7,""physical_error_rate"":0.002}","{""detection_events"":3358237,""detectors_checked"":437944320}"
    295936,         0,         0,    44.9,standalone_exact_mw,9d8ad86e51451842b54dafc7680d1b486ef291963bb72c70f3cdd570d2d8fa34,"{""distance"":7,""physical_error_rate"":0.002}","{""detection_events"":1836639,""detectors_checked"":239708160}"
    450560,         0,         0,    44.9,standalone_exact_mw,9d8ad86e51451842b54dafc7680d1b486ef291963bb72c70f3cdd570d2d8fa34,"{""distance"":7,""physical_error_rate"":0.002}","{""detection_events"":2797318,""detectors_checked"":364953600}"
    478208,         0,         0,    44.8,standalone_exact_mw,3bd544bb51e006261b45d3a2c996e28fc0c0449411cee5f7deafcd25d9539ebc,"{""distance"":7,""physical_error_rate"":0.001}","{""detection_events"":1495685,""detectors_checked"":387348480}"
    425984,         0,         0,    44.9,standalone_exact_mw,9d8ad86e51451842b54dafc7680d1b486ef291963bb72c70f3cdd570d2d8fa34,"{""distance"":7,""physical_error_rate"":0.002}","{""detection_events"":2647912,""detectors_checked"":345047040}"
    432128,         1,         0,    45.1,standalone_exact_mw,3bd544bb51e006261b45d3a2c996e28fc0c0449411cee5f7deafcd25d9539ebc,"{""distance"":7,""physical_error_rate"":0.001}","{""detection_events"":1351054,""detectors_checked"":350023680,""obs_mistake_mask=E"":1}"
   1684725,         0,         0,   102.4,standalone_exact_mw,3bd544bb51e006261b45d3a2c996e28fc0c0449411cee5f7deafcd25d9539ebc,"{""distance"":7,""physical_error_rate"":0.001}","{""detection_events"":5262190,""detectors_checked"":1364627250}"
   1529856,         0,         0,    74.3,standalone_exact_mw,3bd544bb51e006261b45d3a2c996e28fc0c0449411cee5f7deafcd25d9539ebc,"{""distance"":7,""physical_error_rate"":0.001}","{""detection_events"":4779366,""detectors_checked"":1239183360}"
   1466369,         0,         0,    90.2,standalone_exact_mw,3bd544bb51e006261b45d3a2c996e28fc0c0449411cee5f7deafcd25d9539ebc,"{""distance"":7,""physical_error_rate"":0.001}","{""detection_events"":4584958,""detectors_checked"":1187758890}"
   1419553,         0,         0,   105.3,standalone_exact_mw,3bd544bb51e006261b45d3a2c996e28fc0c0449411cee5f7deafcd25d9539ebc,"{""distance"":7,""physical_error_rate"":0.001}","{""detection_events"":4436417,""detectors_checked"":1149837930}"
   1397372,         0,         0,   106.0,standalone_exact_mw,3bd544bb51e006261b45d3a2c996e28fc0c0449411cee5f7deafcd25d9539ebc,"{""distance"":7,""physical_error_rate"":0.001}","{""detection_events"":4372840,""detectors_checked"":1131871320}"
   1394688,         0,         0,    80.2,standalone_exact_mw,3bd544bb51e006261b45d3a2c996e28fc0c0449411cee5f7deafcd25d9539ebc,"{""distance"":7,""physical_error_rate"":0.001}","{""detection_events"":4365528,""detectors_checked"":1129697280}"
   1627136,         0,         0,   119.6,standalone_exact_mw,9d8ad86e51451842b54dafc7680d1b486ef291963bb72c70f3cdd570d2d8fa34,"{""distance"":7,""physical_error_rate"":0.002}","{""detection_events"":10109780,""detectors_checked"":1317980160}"
    972800,         0,         0,   119.8,standalone_exact_mw,9d8ad86e51451842b54dafc7680d1b486ef291963bb72c70f3cdd570d2d8fa34,"{""distance"":7,""physical_error_rate"":0.002}","{""detection_events"":6041350,""detectors_checked"":787968000}"
   1375538,         0,         0,    90.8,standalone_exact_mw,3bd544bb51e006261b45d3a2c996e28fc0c0449411cee5f7deafcd25d9539ebc,"{""distance"":7,""physical_error_rate"":0.001}","{""detection_events"":4298388,""detectors_checked"":1114185780}"
   1364992,         0,         0,    90.5,standalone_exact_mw,3bd544bb51e006261b45d3a2c996e28fc0c0449411cee5f7deafcd25d9539ebc,"{""distance"":7,""physical_error_rate"":0.001}","{""detection_events"":4270088,""detectors_checked"":1105643520}"
   1332254,         0,         0,    65.2,standalone_exact_mw,3bd544bb51e006261b45d3a2c996e28fc0c0449411cee5f7deafcd25d9539ebc,"{""distance"":7,""physical_error_rate"":0.001}","{""detection_events"":4164181,""detectors_checked"":1079125740}"
   1304576,         0,         0,    77.2,standalone_exact_mw,3bd544bb51e006261b45d3a2c996e28fc0c0449411cee5f7deafcd25d9539ebc,"{""distance"":7,""physical_error_rate"":0.001}","{""detection_events"":4078250,""detectors_checked"":1056706560}"
   1468416,         1,         0,   119.9,standalone_exact_mw,9d8ad86e51451842b54dafc7680d1b486ef291963bb72c70f3cdd570d2d8fa34,"{""distance"":7,""physical_error_rate"":0.002}","{""detection_events"":9114708,""detectors_checked"":1189416960,""obs_mistake_mask=E"":1}"
   1290109,         0,         0,   116.0,standalone_exact_mw,3bd544bb51e006261b45d3a2c996e28fc0c0449411cee5f7deafcd25d9539ebc,"{""distance"":7,""physical_error_rate"":0.001}","{""detection_events"":4035080,""detectors_checked"":1044988290}"
   1256448,         0,         0,   118.7,standalone_exact_mw,3bd544bb51e006261b45d3a2c996e28fc0c0449411cee5f7deafcd25d9539ebc,"{""distance"":7,""physical_error_rate"":0.001}","{""detection_events"":3926106,""detectors_checked"":1017722880}"
   1093632,         0,         0,   119.7,standalone_exact_mw,9d8ad86e51451842b54dafc7680d1b486ef291963bb72c70f3cdd570d2d8fa34,"{""distance"":7,""physical_error_rate"":0.002}","{""detection_events"":6794346,""detectors_checked"":885841920}"
   1558528,         0,         0,   119.6,standalone_exact_mw,9d8ad86e51451842b54dafc7680d1b486ef291963bb72c70f3cdd570d2d8fa34,"{""distance"":7,""physical_error_rate"":0.002}","{""detection_events"":9674765,""detectors_checked"":1262407680}"
   1249567,         0,         0,   116.4,standalone_exact_mw,3bd544bb51e006261b45d3a2c996e28fc0c0449411cee5f7deafcd25d9539ebc,"{""distance"":7,""physical_error_rate"":0.001}","{""detection_events"":3901935,""detectors_checked"":1012149270}"
   1226752,         0,         0,    75.6,standalone_exact_mw,3bd544bb51e006261b45d3a2c996e28fc0c0449411cee5f7deafcd25d9539ebc,"{""distance"":7,""physical_error_rate"":0.001}","{""detection_events"":3833983,""detectors_checked"":993669120}"
   1210411,         0,         0,   109.4,standalone_exact_mw,3bd544bb51e006261b45d3a2c996e28fc0c0449411cee5f7deafcd25d9539ebc,"{""distance"":7,""physical_error_rate"":0.001}","{""detection_events"":3779922,""detectors_checked"":980432910}"
   1177600,         0,         0,   117.3,standalone_exact_mw,3bd544bb51e006261b45d3a2c996e28fc0c0449411cee5f7deafcd25d9539ebc,"{""distance"":7,""physical_error_rate"":0.001}","{""detection_events"":3681657,""detectors_checked"":953856000}"
   1172330,         0,         0,    93.2,standalone_exact_mw,3bd544bb51e006261b45d3a2c996e28fc0c0449411cee5f7deafcd25d9539ebc,"{""distance"":7,""physical_error_rate"":0.001}","{""detection_events"":3657345,""detectors_checked"":949587300}"
   1138688,         0,         0,    54.5,standalone_exact_mw,3bd544bb51e006261b45d3a2c996e28fc0c0449411cee5f7deafcd25d9539ebc,"{""distance"":7,""physical_error_rate"":0.001}","{""detection_events"":3560594,""detectors_checked"":922337280}"
   1139712,         0,         0,    55.4,standalone_exact_mw,3bd544bb51e006261b45d3a2c996e28fc0c0449411cee5f7deafcd25d9539ebc,"{""distance"":7,""physical_error_rate"":0.001}","{""detection_events"":3562194,""detectors_checked"":923166720}"
   1135612,         0,         0,    79.0,standalone_exact_mw,3bd544bb51e006261b45d3a2c996e28fc0c0449411cee5f7deafcd25d9539ebc,"{""distance"":7,""physical_error_rate"":0.001}","{""detection_events"":3549489,""detectors_checked"":919845720}"
   1111040,         0,         0,    93.8,standalone_exact_mw,3bd544bb51e006261b45d3a2c996e28fc0c0449411cee5f7deafcd25d9539ebc,"{""distance"":7,""physical_error_rate"":0.001}","{""detection_events"":3473753,""detectors_checked"":899942400}"
   1102848,         0,         0,    92.4,standalone_exact_mw,3bd544bb51e006261b45d3a2c996e28fc0c0449411cee5f7deafcd25d9539ebc,"{""distance"":7,""physical_error_rate"":0.001}","{""detection_events"":3442784,""detectors_checked"":893306880}"
   1110016,         0,         0,    77.2,standalone_exact_mw,3bd544bb51e006261b45d3a2c996e28fc0c0449411cee5f7deafcd25d9539ebc,"{""distance"":7,""physical_error_rate"":0.001}","{""detection_events"":3471611,""detectors_checked"":899112960}"
    936960,         1,         0,   119.8,standalone_exact_mw,9d8ad86e51451842b54dafc7680d1b486ef291963bb72c70f3cdd570d2d8fa34,"{""distance"":7,""physical_error_rate"":0.002}","{""detection_events"":5824847,""detectors_checked"":758937600,""obs_mistake_mask=E"":1}"
   1190912,         1,         0,   119.7,standalone_exact_mw,9d8ad86e51451842b54dafc7680d1b486ef291963bb72c70f3cdd570d2d8fa34,"{""distance"":7,""physical_error_rate"":0.002}","{""detection_events"":7400860,""detectors_checked"":964638720,""obs_mistake_mask=E"":1}"
   1082268,         0,         0,    81.1,standalone_exact_mw,3bd544bb51e006261b45d3a2c996e28fc0c0449411cee5f7deafcd25d9539ebc,"{""distance"":7,""physical_error_rate"":0.001}","{""detection_events"":3382412,""detectors_checked"":876637080}"
   1059840,         0,         0,    79.0,standalone_exact_mw,3bd544bb51e006261b45d3a2c996e28fc0c0449411cee5f7deafcd25d9539ebc,"{""distance"":7,""physical_error_rate"":0.001}","{""detection_events"":3311859,""detectors_checked"":858470400}"
    918528,         0,         0,   119.6,standalone_exact_mw,9d8ad86e51451842b54dafc7680d1b486ef291963bb72c70f3cdd570d2d8fa34,"{""distance"":7,""physical_error_rate"":0.002}","{""detection_events"":5707620,""detectors_checked"":744007680}"
   1125376,         0,         0,   119.7,standalone_exact_mw,9d8ad86e51451842b54dafc7680d1b486ef291963bb72c70f3cdd570d2d8fa34,"{""distance"":7,""physical_error_rate"":0.002}","{""detection_events"":6992654,""detectors_checked"":911554560}"
   1013422,         0,         0,    97.3,standalone_exact_mw,3bd544bb51e006261b45d3a2c996e28fc0c0449411cee5f7deafcd25d9539ebc,"{""distance"":7,""physical_error_rate"":0.001}","{""detection_events"":3168441,""detectors_checked"":820871820}"
    997376,         0,         0,    83.1,standalone_exact_mw,3bd544bb51e006261b45d3a2c996e28fc0c0449411cee5f7deafcd25d9539ebc,"{""distance"":7,""physical_error_rate"":0.001}","{""detection_events"":3115199,""detectors_checked"":807874560}"
    999424,         0,         0,    80.9,standalone_exact_mw,3bd544bb51e006261b45d3a2c996e28fc0c0449411cee5f7deafcd25d9539ebc,"{""distance"":7,""physical_error_rate"":0.001}","{""detection_events"":3123843,""detectors_checked"":809533440}"
    981027,         0,         0,    89.3,standalone_exact_mw,3bd544bb51e006261b45d3a2c996e28fc0c0449411cee5f7deafcd25d9539ebc,"{""distance"":7,""physical_error_rate"":0.001}","{""detection_events"":3067489,""detectors_checked"":794631870}"
    964608,         0,         0,    51.6,standalone_exact_mw,3bd544bb51e006261b45d3a2c996e28fc0c0449411cee5f7deafcd25d9539ebc,"{""distance"":7,""physical_error_rate"":0.001}","{""detection_events"":3021241,""detectors_checked"":781332480}"
    967680,         0,         0,   117.8,standalone_exact_mw,3bd544bb51e006261b45d3a2c996e28fc0c0449411cee5f7deafcd25d9539ebc,"{""distance"":7,""physical_error_rate"":0.001}","{""detection_events"":3024998,""detectors_checked"":783820800}"
    934499,         0,         0,    59.3,standalone_exact_mw,3bd544bb51e006261b45d3a2c996e28fc0c0449411cee5f7deafcd25d9539ebc,"{""distance"":7,""physical_error_rate"":0.001}","{""detection_events"":2916286,""detectors_checked"":756944190}"
    926720,         0,         0,    75.4,standalone_exact_mw,3bd544bb51e006261b45d3a2c996e28fc0c0449411cee5f7deafcd25d9539ebc,"{""distance"":7,""physical_error_rate"":0.001}","{""detection_events"":2898109,""detectors_checked"":750643200}"
    925696,         0,         0,    80.4,standalone_exact_mw,3bd544bb51e006261b45d3a2c996e28fc0c0449411cee5f7deafcd25d9539ebc,"{""distance"":7,""physical_error_rate"":0.001}","{""detection_events"":2891334,""detectors_checked"":749813760}"
    889705,         0,         0,    58.4,standalone_exact_mw,3bd544bb51e006261b45d3a2c996e28fc0c0449411cee5f7deafcd25d9539ebc,"{""distance"":7,""physical_error_rate"":0.001}","{""detection_events"":2780883,""detectors_checked"":720661050}"
    883712,         0,         0,    78.3,standalone_exact_mw,3bd544bb51e006261b45d3a2c996e28fc0c0449411cee5f7deafcd25d9539ebc,"{""distance"":7,""physical_error_rate"":0.001}","{""detection_events"":2761563,""detectors_checked"":715806720}"
    887808,         0,         0,    60.4,standalone_exact_mw,3bd544bb51e006261b45d3a2c996e28fc0c0449411cee5f7deafcd25d9539ebc,"{""distance"":7,""physical_error_rate"":0.001}","{""detection_events"":2779040,""detectors_checked"":719124480}"
    889705,         0,         0,    85.8,standalone_exact_mw,3bd544bb51e006261b45d3a2c996e28fc0c0449411cee5f7deafcd25d9539ebc,"{""distance"":7,""physical_error_rate"":0.001}","{""detection_events"":2779929,""detectors_checked"":720661050}"
    847872,         0,         0,    72.8,standalone_exact_mw,3bd544bb51e006261b45d3a2c996e28fc0c0449411cee5f7deafcd25d9539ebc,"{""distance"":7,""physical_error_rate"":0.001}","{""detection_events"":2650674,""detectors_checked"":686776320}"
    844800,         0,         0,    54.1,standalone_exact_mw,3bd544bb51e006261b45d3a2c996e28fc0c0449411cee5f7deafcd25d9539ebc,"{""distance"":7,""physical_error_rate"":0.001}","{""detection_events"":2638352,""detectors_checked"":684288000}"
    806912,         0,         0,    60.1,standalone_exact_mw,3bd544bb51e006261b45d3a2c996e28fc0c0449411cee5f7deafcd25d9539ebc,"{""distance"":7,""physical_error_rate"":0.001}","{""detection_events"":2520680,""detectors_checked"":653598720}"
    816128,         0,         0,    71.7,standalone_exact_mw,3bd544bb51e006261b45d3a2c996e28fc0c0449411cee5f7deafcd25d9539ebc,"{""distance"":7,""physical_error_rate"":0.001}","{""detection_events"":2550964,""detectors_checked"":661063680}"
    850944,         0,         0,    78.9,standalone_exact_mw,3bd544bb51e006261b45d3a2c996e28fc0c0449411cee5f7deafcd25d9539ebc,"{""distance"":7,""physical_error_rate"":0.001}","{""detection_events"":2660765,""detectors_checked"":689264640}"
    826368,         0,         0,    96.9,standalone_exact_mw,3bd544bb51e006261b45d3a2c996e28fc0c0449411cee5f7deafcd25d9539ebc,"{""distance"":7,""physical_error_rate"":0.001}","{""detection_events"":2584396,""detectors_checked"":669358080}"
    814080,         0,         0,    61.2,standalone_exact_mw,3bd544bb51e006261b45d3a2c996e28fc0c0449411cee5f7deafcd25d9539ebc,"{""distance"":7,""physical_error_rate"":0.001}","{""detection_events"":2543466,""detectors_checked"":659404800}"
    805278,         0,         0,    59.9,standalone_exact_mw,3bd544bb51e006261b45d3a2c996e28fc0c0449411cee5f7deafcd25d9539ebc,"{""distance"":7,""physical_error_rate"":0.001}","{""detection_events"":2518878,""detectors_checked"":652275180}"
    711680,         0,         0,    61.8,standalone_exact_mw,3bd544bb51e006261b45d3a2c996e28fc0c0449411cee5f7deafcd25d9539ebc,"{""distance"":7,""physical_error_rate"":0.001}","{""detection_events"":2220976,""detectors_checked"":576460800}"
    754688,         0,         0,    78.1,standalone_exact_mw,3bd544bb51e006261b45d3a2c996e28fc0c0449411cee5f7deafcd25d9539ebc,"{""distance"":7,""physical_error_rate"":0.001}","{""detection_events"":2361745,""detectors_checked"":611297280}"
    718848,         0,         0,    58.8,standalone_exact_mw,3bd544bb51e006261b45d3a2c996e28fc0c0449411cee5f7deafcd25d9539ebc,"{""distance"":7,""physical_error_rate"":0.001}","{""detection_events"":2246113,""detectors_checked"":582266880}"
    779264,         0,         0,    57.7,standalone_exact_mw,3bd544bb51e006261b45d3a2c996e28fc0c0449411cee5f7deafcd25d9539ebc,"{""distance"":7,""physical_error_rate"":0.001}","{""detection_events"":2432390,""detectors_checked"":631203840}"
    786432,         0,         0,    61.7,standalone_exact_mw,3bd544bb51e006261b45d3a2c996e28fc0c0449411cee5f7deafcd25d9539ebc,"{""distance"":7,""physical_error_rate"":0.001}","{""detection_events"":2457898,""detectors_checked"":637009920}"
    738304,         0,         0,    58.6,standalone_exact_mw,3bd544bb51e006261b45d3a2c996e28fc0c0449411cee5f7deafcd25d9539ebc,"{""distance"":7,""physical_error_rate"":0.001}","{""detection_events"":2307165,""detectors_checked"":598026240}"
    826368,         0,         0,    82.3,standalone_exact_mw,3bd544bb51e006261b45d3a2c996e28fc0c0449411cee5f7deafcd25d9539ebc,"{""distance"":7,""physical_error_rate"":0.001}","{""detection_events"":2581297,""detectors_checked"":669358080}"
    774144,         0,         0,    79.7,standalone_exact_mw,3bd544bb51e006261b45d3a2c996e28fc0c0449411cee5f7deafcd25d9539ebc,"{""distance"":7,""physical_error_rate"":0.001}","{""detection_events"":2424374,""detectors_checked"":627056640}"
    843776,         0,         0,    86.1,standalone_exact_mw,3bd544bb51e006261b45d3a2c996e28fc0c0449411cee5f7deafcd25d9539ebc,"{""distance"":7,""physical_error_rate"":0.001}","{""detection_events"":2638344,""detectors_checked"":683458560}"
    717824,         0,         0,    78.0,standalone_exact_mw,3bd544bb51e006261b45d3a2c996e28fc0c0449411cee5f7deafcd25d9539ebc,"{""distance"":7,""physical_error_rate"":0.001}","{""detection_events"":2237677,""detectors_checked"":581437440}"
    811008,         0,         0,    62.9,standalone_exact_mw,9d8ad86e51451842b54dafc7680d1b486ef291963bb72c70f3cdd570d2d8fa34,"{""distance"":7,""physical_error_rate"":0.002}","{""detection_events"":5045717,""detectors_checked"":656916480}"
    408576,         0,         0,    62.6,standalone_exact_mw,9d8ad86e51451842b54dafc7680d1b486ef291963bb72c70f3cdd570d2d8fa34,"{""distance"":7,""physical_error_rate"":0.002}","{""detection_events"":2543986,""detectors_checked"":330946560}"
    701959,         0,         0,    42.5,standalone_exact_mw,3bd544bb51e006261b45d3a2c996e28fc0c0449411cee5f7deafcd25d9539ebc,"{""distance"":7,""physical_error_rate"":0.001}","{""detection_events"":2197240,""detectors_checked"":568586790}"
    605184,         0,         0,    56.5,standalone_exact_mw,3bd544bb51e006261b45d3a2c996e28fc0c0449411cee5f7deafcd25d9539ebc,"{""distance"":7,""physical_error_rate"":0.001}","{""detection_events"":1890966,""detectors_checked"":490199040}"
    661504,         0,         0,    59.9,standalone_exact_mw,3bd544bb51e006261b45d3a2c996e28fc0c0449411cee5f7deafcd25d9539ebc,"{""distance"":7,""physical_error_rate"":0.001}","{""detection_events"":2063382,""detectors_checked"":535818240}"
    601088,         0,         0,    59.5,standalone_exact_mw,3bd544bb51e006261b45d3a2c996e28fc0c0449411cee5f7deafcd25d9539ebc,"{""distance"":7,""physical_error_rate"":0.001}","{""detection_events"":1879686,""detectors_checked"":486881280}"
    690176,         0,         0,    72.2,standalone_exact_mw,3bd544bb51e006261b45d3a2c996e28fc0c0449411cee5f7deafcd25d9539ebc,"{""distance"":7,""physical_error_rate"":0.001}","{""detection_events"":2155568,""detectors_checked"":559042560}"
    582656,         0,         0,    60.8,standalone_exact_mw,3bd544bb51e006261b45d3a2c996e28fc0c0449411cee5f7deafcd25d9539ebc,"{""distance"":7,""physical_error_rate"":0.001}","{""detection_events"":1819288,""detectors_checked"":471951360}"
    548864,         0,         0,    62.8,standalone_exact_mw,3bd544bb51e006261b45d3a2c996e28fc0c0449411cee5f7deafcd25d9539ebc,"{""distance"":7,""physical_error_rate"":0.001}","{""detection_events"":1714970,""detectors_checked"":444579840}"
    627712,         0,         0,    57.3,standalone_exact_mw,3bd544bb51e006261b45d3a2c996e28fc0c0449411cee5f7deafcd25d9539ebc,"{""distance"":7,""physical_error_rate"":0.001}","{""detection_events"":1962592,""detectors_checked"":508446720}"
    648192,         0,         0,    74.1,standalone_exact_mw,3bd544bb51e006261b45d3a2c996e28fc0c0449411cee5f7deafcd25d9539ebc,"{""distance"":7,""physical_error_rate"":0.001}","{""detection_events"":2030964,""detectors_checked"":525035520}"
    558080,         2,         0,    62.9,standalone_exact_mw,9d8ad86e51451842b54dafc7680d1b486ef291963bb72c70f3cdd570d2d8fa34,"{""distance"":7,""physical_error_rate"":0.002}","{""detection_events"":3463726,""detectors_checked"":452044800,""obs_mistake_mask=E"":2}"
    802816,         0,         0,    62.9,standalone_exact_mw,9d8ad86e51451842b54dafc7680d1b486ef291963bb72c70f3cdd570d2d8fa34,"{""distance"":7,""physical_error_rate"":0.002}","{""detection_events"":4993067,""detectors_checked"":650280960}"
    658432,         0,         0,    62.9,standalone_exact_mw,9d8ad86e51451842b54dafc7680d1b486ef291963bb72c70f3cdd570d2d8fa34,"{""distance"":7,""physical_error_rate"":0.002}","{""detection_events"":4090980,""detectors_checked"":533329920}"
    449536,         0,         0,    62.8,standalone_exact_mw,9d8ad86e51451842b54dafc7680d1b486ef291963bb72c70f3cdd570d2d8fa34,"{""distance"":7,""physical_error_rate"":0.002}","{""detection_events"":2790075,""detectors_checked"":364124160}"
    605184,         0,         0,    63.4,standalone_exact_mw,9d8ad86e51451842b54dafc7680d1b486ef291963bb72c70f3cdd570d2d8fa34,"{""distance"":7,""physical_error_rate"":0.002}","{""detection_events"":3757639,""detectors_checked"":490199040}"
    514048,         0,         0,    62.7,standalone_exact_mw,3bd544bb51e006261b45d3a2c996e28fc0c0449411cee5f7deafcd25d9539ebc,"{""distance"":7,""physical_error_rate"":0.001}","{""detection_events"":1607435,""detectors_checked"":416378880}"
    569344,         0,         0,    63.2,standalone_exact_mw,9d8ad86e51451842b54dafc7680d1b486ef291963bb72c70f3cdd570d2d8fa34,"{""distance"":7,""physical_error_rate"":0.002}","{""detection_events"":3537454,""detectors_checked"":461168640}"
    704512,         0,         0,    62.9,standalone_exact_mw,9d8ad86e51451842b54dafc7680d1b486ef291963bb72c70f3cdd570d2d8fa34,"{""distance"":7,""physical_error_rate"":0.002}","{""detection_events"":4378408,""detectors_checked"":570654720}"
    631808,         0,         0,    62.8,standalone_exact_mw,9d8ad86e51451842b54dafc7680d1b486ef291963bb72c70f3cdd570d2d8fa34,"{""distance"":7,""physical_error_rate"":0.002}","{""detection_events"":3927455,""detectors_checked"":511764480}"
    766976,         0,         0,    63.1,standalone_exact_mw,9d8ad86e51451842b54dafc7680d1b486ef291963bb72c70f3cdd570d2d8fa34,"{""distance"":7,""physical_error_rate"":0.002}","{""detection_events"":4769324,""detectors_checked"":621250560}"
    592896,         0,         0,    62.8,standalone_exact_mw,9d8ad86e51451842b54dafc7680d1b486ef291963bb72c70f3cdd570d2d8fa34,"{""distance"":7,""physical_error_rate"":0.002}","{""detection_events"":3689799,""detectors_checked"":480245760}"
    505856,         0,         0,    62.9,standalone_exact_mw,9d8ad86e51451842b54dafc7680d1b486ef291963bb72c70f3cdd570d2d8fa34,"{""distance"":7,""physical_error_rate"":0.002}","{""detection_events"":3143944,""detectors_checked"":409743360}"
    456704,         0,         0,    62.9,standalone_exact_mw,9d8ad86e51451842b54dafc7680d1b486ef291963bb72c70f3cdd570d2d8fa34,"{""distance"":7,""physical_error_rate"":0.002}","{""detection_events"":2845405,""detectors_checked"":369930240}"
    571439,         0,         0,    62.2,standalone_exact_mw,3bd544bb51e006261b45d3a2c996e28fc0c0449411cee5f7deafcd25d9539ebc,"{""distance"":7,""physical_error_rate"":0.001}","{""detection_events"":1785230,""detectors_checked"":462865590}"
    650240,         1,         0,    62.9,standalone_exact_mw,9d8ad86e51451842b54dafc7680d1b486ef291963bb72c70f3cdd570d2d8fa34,"{""distance"":7,""physical_error_rate"":0.002}","{""detection_events"":4036299,""detectors_checked"":526694400,""obs_mistake_mask=E"":1}"
   1020928,         0,         0,   119.6,standalone_exact_mw,9d8ad86e51451842b54dafc7680d1b486ef291963bb72c70f3cdd570d2d8fa34,"{""distance"":7,""physical_error_rate"":0.002}","{""detection_events"":6345873,""detectors_checked"":826951680}"
    423936,         0,         0,    62.7,standalone_exact_mw,9d8ad86e51451842b54dafc7680d1b486ef291963bb72c70f3cdd570d2d8fa34,"{""distance"":7,""physical_error_rate"":0.002}","{""detection_events"":2633119,""detectors_checked"":343388160}"
    571392,         0,         0,    62.9,standalone_exact_mw,9d8ad86e51451842b54dafc7680d1b486ef291963bb72c70f3cdd570d2d8fa34,"{""distance"":7,""physical_error_rate"":0.002}","{""detection_events"":3556307,""detectors_checked"":462827520}"
    397312,         1,         0,    63.0,standalone_exact_mw,9d8ad86e51451842b54dafc7680d1b486ef291963bb72c70f3cdd570d2d8fa34,"{""distance"":7,""physical_error_rate"":0.002}","{""detection_events"":2471921,""detectors_checked"":321822720,""obs_mistake_mask=E"":1}"
    731136,         0,         0,    62.9,standalone_exact_mw,9d8ad86e51451842b54dafc7680d1b486ef291963bb72c70f3cdd570d2d8fa34,"{""distance"":7,""physical_error_rate"":0.002}","{""detection_events"":4539697,""detectors_checked"":592220160}"
    587776,         0,         0,    62.8,standalone_exact_mw,9d8ad86e51451842b54dafc7680d1b486ef291963bb72c70f3cdd570d2d8fa34,"{""distance"":7,""physical_error_rate"":0.002}","{""detection_events"":3659440,""detectors_checked"":476098560}"
    665600,         0,         0,    63.3,standalone_exact_mw,9d8ad86e51451842b54dafc7680d1b486ef291963bb72c70f3cdd570d2d8fa34,"{""distance"":7,""physical_error_rate"":0.002}","{""detection_events"":4132299,""detectors_checked"":539136000}"
    543744,         0,         0,    63.0,standalone_exact_mw,9d8ad86e51451842b54dafc7680d1b486ef291963bb72c70f3cdd570d2d8fa34,"{""distance"":7,""physical_error_rate"":0.002}","{""detection_events"":3382585,""detectors_checked"":440432640}"
    476894,         0,         0,    18.7,standalone_exact_mw,3bd544bb51e006261b45d3a2c996e28fc0c0449411cee5f7deafcd25d9539ebc,"{""distance"":7,""physical_error_rate"":0.001}","{""detection_events"":1489495,""detectors_checked"":386284140}"
    470016,         0,         0,    33.9,standalone_exact_mw,3bd544bb51e006261b45d3a2c996e28fc0c0449411cee5f7deafcd25d9539ebc,"{""distance"":7,""physical_error_rate"":0.001}","{""detection_events"":1467238,""detectors_checked"":380712960}"
    475136,         0,         0,    32.4,standalone_exact_mw,3bd544bb51e006261b45d3a2c996e28fc0c0449411cee5f7deafcd25d9539ebc,"{""distance"":7,""physical_error_rate"":0.001}","{""detection_events"":1486951,""detectors_checked"":384860160}"
    469443,         0,         0,    23.6,standalone_exact_mw,3bd544bb51e006261b45d3a2c996e28fc0c0449411cee5f7deafcd25d9539ebc,"{""distance"":7,""physical_error_rate"":0.001}","{""detection_events"":1470768,""detectors_checked"":380248830}"
    447340,         0,         0,    24.4,standalone_exact_mw,3bd544bb51e006261b45d3a2c996e28fc0c0449411cee5f7deafcd25d9539ebc,"{""distance"":7,""physical_error_rate"":0.001}","{""detection_events"":1401600,""detectors_checked"":362345400}"
   1630208,         0,         0,   119.5,standalone_exact_mw,9d8ad86e51451842b54dafc7680d1b486ef291963bb72c70f3cdd570d2d8fa34,"{""distance"":7,""physical_error_rate"":0.002}","{""detection_events"":10125690,""detectors_checked"":1320468480}"
   1676288,         2,         0,   119.7,standalone_exact_mw,9d8ad86e51451842b54dafc7680d1b486ef291963bb72c70f3cdd570d2d8fa34,"{""distance"":7,""physical_error_rate"":0.002}","{""detection_events"":10419303,""detectors_checked"":1357793280,""obs_mistake_mask=E"":2}"
    440350,         0,         0,    39.1,standalone_exact_mw,3bd544bb51e006261b45d3a2c996e28fc0c0449411cee5f7deafcd25d9539ebc,"{""distance"":7,""physical_error_rate"":0.001}","{""detection_events"":1371683,""detectors_checked"":356683500}"
   1463296,         0,         0,   119.7,standalone_exact_mw,9d8ad86e51451842b54dafc7680d1b486ef291963bb72c70f3cdd570d2d8fa34,"{""distance"":7,""physical_error_rate"":0.002}","{""detection_events"":9095969,""detectors_checked"":1185269760}"
    433470,         0,         0,    28.6,standalone_exact_mw,3bd544bb51e006261b45d3a2c996e28fc0c0449411cee5f7deafcd25d9539ebc,"{""distance"":7,""physical_error_rate"":0.001}","{""detection_events"":1352626,""detectors_checked"":351110700}"
    430080,         0,         0,    28.6,standalone_exact_mw,3bd544bb51e006261b45d3a2c996e28fc0c0449411cee5f7deafcd25d9539ebc,"{""distance"":7,""physical_error_rate"":0.001}","{""detection_events"":1343343,""detectors_checked"":348364800}"
   1748992,         0,         0,   119.8,standalone_exact_mw,9d8ad86e51451842b54dafc7680d1b486ef291963bb72c70f3cdd570d2d8fa34,"{""distance"":7,""physical_error_rate"":0.002}","{""detection_events"":10874891,""detectors_checked"":1416683520}"
    426697,         0,         0,    26.8,standalone_exact_mw,3bd544bb51e006261b45d3a2c996e28fc0c0449411cee5f7deafcd25d9539ebc,"{""distance"":7,""physical_error_rate"":0.001}","{""detection_events"":1332194,""detectors_checked"":345624570}"
    423936,         0,         0,    28.4,standalone_exact_mw,3bd544bb51e006261b45d3a2c996e28fc0c0449411cee5f7deafcd25d9539ebc,"{""distance"":7,""physical_error_rate"":0.001}","{""detection_events"":1327972,""detectors_checked"":343388160}"
    887808,         1,         0,   119.8,standalone_exact_mw,9d8ad86e51451842b54dafc7680d1b486ef291963bb72c70f3cdd570d2d8fa34,"{""distance"":7,""physical_error_rate"":0.002}","{""detection_events"":5514520,""detectors_checked"":719124480,""obs_mistake_mask=E"":1}"
    953344,         0,         0,   119.6,standalone_exact_mw,9d8ad86e51451842b54dafc7680d1b486ef291963bb72c70f3cdd570d2d8fa34,"{""distance"":7,""physical_error_rate"":0.002}","{""detection_events"":5925599,""detectors_checked"":772208640}"
    993280,         0,         0,   119.7,standalone_exact_mw,9d8ad86e51451842b54dafc7680d1b486ef291963bb72c70f3cdd570d2d8fa34,"{""distance"":7,""physical_error_rate"":0.002}","{""detection_events"":6175591,""detectors_checked"":804556800}"
   1340416,         0,         0,   119.8,standalone_exact_mw,9d8ad86e51451842b54dafc7680d1b486ef291963bb72c70f3cdd570d2d8fa34,"{""distance"":7,""physical_error_rate"":0.002}","{""detection_events"":8329883,""detectors_checked"":1085736960}"
    413310,         0,         0,    24.1,standalone_exact_mw,3bd544bb51e006261b45d3a2c996e28fc0c0449411cee5f7deafcd25d9539ebc,"{""distance"":7,""physical_error_rate"":0.001}","{""detection_events"":1292151,""detectors_checked"":334781100}"
    411648,         0,         0,    28.9,standalone_exact_mw,3bd544bb51e006261b45d3a2c996e28fc0c0449411cee5f7deafcd25d9539ebc,"{""distance"":7,""physical_error_rate"":0.001}","{""detection_events"":1286280,""detectors_checked"":333434880}"
    400228,         0,         0,    22.4,standalone_exact_mw,3bd544bb51e006261b45d3a2c996e28fc0c0449411cee5f7deafcd25d9539ebc,"{""distance"":7,""physical_error_rate"":0.001}","{""detection_events"":1252899,""detectors_checked"":324184680}"
    399360,         0,         0,    24.4,standalone_exact_mw,3bd544bb51e006261b45d3a2c996e28fc0c0449411cee5f7deafcd25d9539ebc,"{""distance"":7,""physical_error_rate"":0.001}","{""detection_events"":1249311,""detectors_checked"":323481600}"
    388096,         0,         0,    28.8,standalone_exact_mw,3bd544bb51e006261b45d3a2c996e28fc0c0449411cee5f7deafcd25d9539ebc,"{""distance"":7,""physical_error_rate"":0.001}","{""detection_events"":1212308,""detectors_checked"":314357760}"
    387542,         0,         0,    26.0,standalone_exact_mw,3bd544bb51e006261b45d3a2c996e28fc0c0449411cee5f7deafcd25d9539ebc,"{""distance"":7,""physical_error_rate"":0.001}","{""detection_events"":1208039,""detectors_checked"":313909020}"
    387072,         0,         0,    26.0,standalone_exact_mw,3bd544bb51e006261b45d3a2c996e28fc0c0449411cee5f7deafcd25d9539ebc,"{""distance"":7,""physical_error_rate"":0.001}","{""detection_events"":1211526,""detectors_checked"":313528320}"
    387072,         0,         0,    29.3,standalone_exact_mw,3bd544bb51e006261b45d3a2c996e28fc0c0449411cee5f7deafcd25d9539ebc,"{""distance"":7,""physical_error_rate"":0.001}","{""detection_events"":1209320,""detectors_checked"":313528320}"
    372736,         0,         0,    26.1,standalone_exact_mw,3bd544bb51e006261b45d3a2c996e28fc0c0449411cee5f7deafcd25d9539ebc,"{""distance"":7,""physical_error_rate"":0.001}","{""detection_events"":1166735,""detectors_checked"":301916160}"
    369183,         0,         0,    29.6,standalone_exact_mw,3bd544bb51e006261b45d3a2c996e28fc0c0449411cee5f7deafcd25d9539ebc,"{""distance"":7,""physical_error_rate"":0.001}","{""detection_events"":1157426,""detectors_checked"":299038230}"
    360448,         0,         0,    25.8,standalone_exact_mw,3bd544bb51e006261b45d3a2c996e28fc0c0449411cee5f7deafcd25d9539ebc,"{""distance"":7,""physical_error_rate"":0.001}","{""detection_events"":1127256,""detectors_checked"":291962880}"
    349184,         0,         0,    23.5,standalone_exact_mw,3bd544bb51e006261b45d3a2c996e28fc0c0449411cee5f7deafcd25d9539ebc,"{""distance"":7,""physical_error_rate"":0.001}","{""detection_events"":1090159,""detectors_checked"":282839040}"
    362496,         0,         0,    22.1,standalone_exact_mw,3bd544bb51e006261b45d3a2c996e28fc0c0449411cee5f7deafcd25d9539ebc,"{""distance"":7,""physical_error_rate"":0.001}","{""detection_events"":1130779,""detectors_checked"":293621760}"
    346112,         0,         0,    23.1,standalone_exact_mw,3bd544bb51e006261b45d3a2c996e28fc0c0449411cee5f7deafcd25d9539ebc,"{""distance"":7,""physical_error_rate"":0.001}","{""detection_events"":1084744,""detectors_checked"":280350720}"
    363520,         0,         0,    22.0,standalone_exact_mw,3bd544bb51e006261b45d3a2c996e28fc0c0449411cee5f7deafcd25d9539ebc,"{""distance"":7,""physical_error_rate"":0.001}","{""detection_events"":1134306,""detectors_checked"":294451200}"
    349184,         0,         0,    29.5,standalone_exact_mw,3bd544bb51e006261b45d3a2c996e28fc0c0449411cee5f7deafcd25d9539ebc,"{""distance"":7,""physical_error_rate"":0.001}","{""detection_events"":1090938,""detectors_checked"":282839040}"
    365568,         0,         0,    29.1,standalone_exact_mw,3bd544bb51e006261b45d3a2c996e28fc0c0449411cee5f7deafcd25d9539ebc,"{""distance"":7,""physical_error_rate"":0.001}","{""detection_events"":1142231,""detectors_checked"":296110080}"
    352256,         0,         0,    25.9,standalone_exact_mw,3bd544bb51e006261b45d3a2c996e28fc0c0449411cee5f7deafcd25d9539ebc,"{""distance"":7,""physical_error_rate"":0.001}","{""detection_events"":1102738,""detectors_checked"":285327360}"
    348160,         0,         0,    23.4,standalone_exact_mw,3bd544bb51e006261b45d3a2c996e28fc0c0449411cee5f7deafcd25d9539ebc,"{""distance"":7,""physical_error_rate"":0.001}","{""detection_events"":1086868,""detectors_checked"":282009600}"
    359424,         0,         0,    31.5,standalone_exact_mw,3bd544bb51e006261b45d3a2c996e28fc0c0449411cee5f7deafcd25d9539ebc,"{""distance"":7,""physical_error_rate"":0.001}","{""detection_events"":1123536,""detectors_checked"":291133440}"
    345494,         0,         0,    24.3,standalone_exact_mw,3bd544bb51e006261b45d3a2c996e28fc0c0449411cee5f7deafcd25d9539ebc,"{""distance"":7,""physical_error_rate"":0.001}","{""detection_events"":1078575,""detectors_checked"":279850140}"
    301056,         0,         0,    12.8,standalone_exact_mw,3bd544bb51e006261b45d3a2c996e28fc0c0449411cee5f7deafcd25d9539ebc,"{""distance"":7,""physical_error_rate"":0.001}","{""detection_events"":943418,""detectors_checked"":243855360}"
    287744,         0,         0,    31.6,standalone_exact_mw,3bd544bb51e006261b45d3a2c996e28fc0c0449411cee5f7deafcd25d9539ebc,"{""distance"":7,""physical_error_rate"":0.001}","{""detection_events"":895670,""detectors_checked"":233072640}"
    345494,         0,         0,    24.0,standalone_exact_mw,3bd544bb51e006261b45d3a2c996e28fc0c0449411cee5f7deafcd25d9539ebc,"{""distance"":7,""physical_error_rate"":0.001}","{""detection_events"":1078557,""detectors_checked"":279850140}"
    293888,         0,         0,    26.2,standalone_exact_mw,3bd544bb51e006261b45d3a2c996e28fc0c0449411cee5f7deafcd25d9539ebc,"{""distance"":7,""physical_error_rate"":0.001}","{""detection_events"":919791,""detectors_checked"":238049280}"
    342016,         0,         0,    24.1,standalone_exact_mw,3bd544bb51e006261b45d3a2c996e28fc0c0449411cee5f7deafcd25d9539ebc,"{""distance"":7,""physical_error_rate"":0.001}","{""detection_events"":1068883,""detectors_checked"":277032960}"
    324608,         0,         0,    22.9,standalone_exact_mw,3bd544bb51e006261b45d3a2c996e28fc0c0449411cee5f7deafcd25d9539ebc,"{""distance"":7,""physical_error_rate"":0.001}","{""detection_events"":1014445,""detectors_checked"":262932480}"
    324608,         0,         0,    22.9,standalone_exact_mw,3bd544bb51e006261b45d3a2c996e28fc0c0449411cee5f7deafcd25d9539ebc,"{""distance"":7,""physical_error_rate"":0.001}","{""detection_events"":1015676,""detectors_checked"":262932480}"
    333824,         0,         0,    24.2,standalone_exact_mw,3bd544bb51e006261b45d3a2c996e28fc0c0449411cee5f7deafcd25d9539ebc,"{""distance"":7,""physical_error_rate"":0.001}","{""detection_events"":1041478,""detectors_checked"":270397440}"
    310272,         0,         0,    24.1,standalone_exact_mw,3bd544bb51e006261b45d3a2c996e28fc0c0449411cee5f7deafcd25d9539ebc,"{""distance"":7,""physical_error_rate"":0.001}","{""detection_events"":968216,""detectors_checked"":251320320}"
    302080,         0,         0,    29.8,standalone_exact_mw,3bd544bb51e006261b45d3a2c996e28fc0c0449411cee5f7deafcd25d9539ebc,"{""distance"":7,""physical_error_rate"":0.001}","{""detection_events"":942540,""detectors_checked"":244684800}"
    287744,         0,         0,    24.1,standalone_exact_mw,3bd544bb51e006261b45d3a2c996e28fc0c0449411cee5f7deafcd25d9539ebc,"{""distance"":7,""physical_error_rate"":0.001}","{""detection_events"":898318,""detectors_checked"":233072640}"
    316416,         0,         0,    22.8,standalone_exact_mw,3bd544bb51e006261b45d3a2c996e28fc0c0449411cee5f7deafcd25d9539ebc,"{""distance"":7,""physical_error_rate"":0.001}","{""detection_events"":990340,""detectors_checked"":256296960}"
    332800,         0,         0,    24.3,standalone_exact_mw,3bd544bb51e006261b45d3a2c996e28fc0c0449411cee5f7deafcd25d9539ebc,"{""distance"":7,""physical_error_rate"":0.001}","{""detection_events"":1039353,""detectors_checked"":269568000}"
    275456,         0,         0,    24.2,standalone_exact_mw,3bd544bb51e006261b45d3a2c996e28fc0c0449411cee5f7deafcd25d9539ebc,"{""distance"":7,""physical_error_rate"":0.001}","{""detection_events"":859309,""detectors_checked"":223119360}"
    284528,         0,         0,    32.2,standalone_exact_mw,3bd544bb51e006261b45d3a2c996e28fc0c0449411cee5f7deafcd25d9539ebc,"{""distance"":7,""physical_error_rate"":0.001}","{""detection_events"":888911,""detectors_checked"":230467680}"
    211676,         0,         0,    24.3,standalone_exact_mw,3bd544bb51e006261b45d3a2c996e28fc0c0449411cee5f7deafcd25d9539ebc,"{""distance"":7,""physical_error_rate"":0.001}","{""detection_events"":661140,""detectors_checked"":171457560}"
    239616,         0,         0,    26.5,standalone_exact_mw,3bd544bb51e006261b45d3a2c996e28fc0c0449411cee5f7deafcd25d9539ebc,"{""distance"":7,""physical_error_rate"":0.001}","{""detection_events"":751190,""detectors_checked"":194088960}"
    238592,         0,         0,    10.1,standalone_exact_mw,3bd544bb51e006261b45d3a2c996e28fc0c0449411cee5f7deafcd25d9539ebc,"{""distance"":7,""physical_error_rate"":0.001}","{""detection_events"":743339,""detectors_checked"":193259520}"
    232448,         0,         0,    24.3,standalone_exact_mw,3bd544bb51e006261b45d3a2c996e28fc0c0449411cee5f7deafcd25d9539ebc,"{""distance"":7,""physical_error_rate"":0.001}","{""detection_events"":726828,""detectors_checked"":188282880}"
    218112,         0,         0,    13.2,standalone_exact_mw,3bd544bb51e006261b45d3a2c996e28fc0c0449411cee5f7deafcd25d9539ebc,"{""distance"":7,""physical_error_rate"":0.001}","{""detection_events"":681402,""detectors_checked"":176670720}"
    227328,         0,         0,    24.2,standalone_exact_mw,3bd544bb51e006261b45d3a2c996e28fc0c0449411cee5f7deafcd25d9539ebc,"{""distance"":7,""physical_error_rate"":0.001}","{""detection_events"":709058,""detectors_checked"":184135680}"
    235520,         0,         0,    23.2,standalone_exact_mw,3bd544bb51e006261b45d3a2c996e28fc0c0449411cee5f7deafcd25d9539ebc,"{""distance"":7,""physical_error_rate"":0.001}","{""detection_events"":734211,""detectors_checked"":190771200}"
    225280,         0,         0,    32.0,standalone_exact_mw,3bd544bb51e006261b45d3a2c996e28fc0c0449411cee5f7deafcd25d9539ebc,"{""distance"":7,""physical_error_rate"":0.001}","{""detection_events"":704831,""detectors_checked"":182476800}"
    282624,         0,         0,    33.0,standalone_exact_mw,3bd544bb51e006261b45d3a2c996e28fc0c0449411cee5f7deafcd25d9539ebc,"{""distance"":7,""physical_error_rate"":0.001}","{""detection_events"":884396,""detectors_checked"":228925440}"
    220160,         0,         0,    24.6,standalone_exact_mw,3bd544bb51e006261b45d3a2c996e28fc0c0449411cee5f7deafcd25d9539ebc,"{""distance"":7,""physical_error_rate"":0.001}","{""detection_events"":687226,""detectors_checked"":178329600}"
    211968,         0,         0,    24.6,standalone_exact_mw,3bd544bb51e006261b45d3a2c996e28fc0c0449411cee5f7deafcd25d9539ebc,"{""distance"":7,""physical_error_rate"":0.001}","{""detection_events"":664721,""detectors_checked"":171694080}"
    211676,         0,         0,    13.7,standalone_exact_mw,3bd544bb51e006261b45d3a2c996e28fc0c0449411cee5f7deafcd25d9539ebc,"{""distance"":7,""physical_error_rate"":0.001}","{""detection_events"":663454,""detectors_checked"":171457560}"
    280576,         0,         0,    25.0,standalone_exact_mw,3bd544bb51e006261b45d3a2c996e28fc0c0449411cee5f7deafcd25d9539ebc,"{""distance"":7,""physical_error_rate"":0.001}","{""detection_events"":874603,""detectors_checked"":227266560}"
    272384,         0,         0,    23.6,standalone_exact_mw,3bd544bb51e006261b45d3a2c996e28fc0c0449411cee5f7deafcd25d9539ebc,"{""distance"":7,""physical_error_rate"":0.001}","{""detection_events"":852707,""detectors_checked"":220631040}"
    188416,         0,         0,    23.7,standalone_exact_mw,3bd544bb51e006261b45d3a2c996e28fc0c0449411cee5f7deafcd25d9539ebc,"{""distance"":7,""physical_error_rate"":0.001}","{""detection_events"":589502,""detectors_checked"":152616960}"
    191488,         0,         0,    22.0,standalone_exact_mw,3bd544bb51e006261b45d3a2c996e28fc0c0449411cee5f7deafcd25d9539ebc,"{""distance"":7,""physical_error_rate"":0.001}","{""detection_events"":598301,""detectors_checked"":155105280}"
    191488,         0,         0,    25.2,standalone_exact_mw,3bd544bb51e006261b45d3a2c996e28fc0c0449411cee5f7deafcd25d9539ebc,"{""distance"":7,""physical_error_rate"":0.001}","{""detection_events"":597430,""detectors_checked"":155105280}"
    200704,         0,         0,    25.3,standalone_exact_mw,3bd544bb51e006261b45d3a2c996e28fc0c0449411cee5f7deafcd25d9539ebc,"{""distance"":7,""physical_error_rate"":0.001}","{""detection_events"":629427,""detectors_checked"":162570240}"
    182272,         0,         0,    22.9,standalone_exact_mw,3bd544bb51e006261b45d3a2c996e28fc0c0449411cee5f7deafcd25d9539ebc,"{""distance"":7,""physical_error_rate"":0.001}","{""detection_events"":570503,""detectors_checked"":147640320}"
    203776,         0,         0,    24.9,standalone_exact_mw,3bd544bb51e006261b45d3a2c996e28fc0c0449411cee5f7deafcd25d9539ebc,"{""distance"":7,""physical_error_rate"":0.001}","{""detection_events"":636023,""detectors_checked"":165058560}"
    837632,         0,         0,   119.7,standalone_exact_mw,9d8ad86e51451842b54dafc7680d1b486ef291963bb72c70f3cdd570d2d8fa34,"{""distance"":7,""physical_error_rate"":0.002}","{""detection_events"":5204744,""detectors_checked"":678481920}"
    180224,         0,         0,    25.0,standalone_exact_mw,3bd544bb51e006261b45d3a2c996e28fc0c0449411cee5f7deafcd25d9539ebc,"{""distance"":7,""physical_error_rate"":0.001}","{""detection_events"":564974,""detectors_checked"":145981440}"
    168629,         0,         0,    7.32,standalone_exact_mw,3bd544bb51e006261b45d3a2c996e28fc0c0449411cee5f7deafcd25d9539ebc,"{""distance"":7,""physical_error_rate"":0.001}","{""detection_events"":527597,""detectors_checked"":136589490}"
    163840,         0,         0,    24.4,standalone_exact_mw,3bd544bb51e006261b45d3a2c996e28fc0c0449411cee5f7deafcd25d9539ebc,"{""distance"":7,""physical_error_rate"":0.001}","{""detection_events"":512721,""detectors_checked"":132710400}"
    136442,         0,         0,    7.53,standalone_exact_mw,3bd544bb51e006261b45d3a2c996e28fc0c0449411cee5f7deafcd25d9539ebc,"{""distance"":7,""physical_error_rate"":0.001}","{""detection_events"":426083,""detectors_checked"":110518020}"
    131750,         0,         0,    8.02,standalone_exact_mw,3bd544bb51e006261b45d3a2c996e28fc0c0449411cee5f7deafcd25d9539ebc,"{""distance"":7,""physical_error_rate"":0.001}","{""detection_events"":413474,""detectors_checked"":106717500}"
    129692,         0,         0,    9.32,standalone_exact_mw,3bd544bb51e006261b45d3a2c996e28fc0c0449411cee5f7deafcd25d9539ebc,"{""distance"":7,""physical_error_rate"":0.001}","{""detection_events"":406785,""detectors_checked"":105050520}"
    129692,         0,         0,    5.07,standalone_exact_mw,3bd544bb51e006261b45d3a2c996e28fc0c0449411cee5f7deafcd25d9539ebc,"{""distance"":7,""physical_error_rate"":0.001}","{""detection_events"":405819,""detectors_checked"":105050520}"
   1041408,         0,         0,   119.6,standalone_exact_mw,9d8ad86e51451842b54dafc7680d1b486ef291963bb72c70f3cdd570d2d8fa34,"{""distance"":7,""physical_error_rate"":0.002}","{""detection_events"":6472613,""detectors_checked"":843540480}"
    125639,         0,         0,    7.88,standalone_exact_mw,3bd544bb51e006261b45d3a2c996e28fc0c0449411cee5f7deafcd25d9539ebc,"{""distance"":7,""physical_error_rate"":0.001}","{""detection_events"":394107,""detectors_checked"":101767590}"
    123676,         0,         0,    8.20,standalone_exact_mw,3bd544bb51e006261b45d3a2c996e28fc0c0449411cee5f7deafcd25d9539ebc,"{""distance"":7,""physical_error_rate"":0.001}","{""detection_events"":388326,""detectors_checked"":100177560}"
    121743,         0,         0,    7.47,standalone_exact_mw,3bd544bb51e006261b45d3a2c996e28fc0c0449411cee5f7deafcd25d9539ebc,"{""distance"":7,""physical_error_rate"":0.001}","{""detection_events"":381134,""detectors_checked"":98611830}"
    119841,         0,         0,    7.81,standalone_exact_mw,3bd544bb51e006261b45d3a2c996e28fc0c0449411cee5f7deafcd25d9539ebc,"{""distance"":7,""physical_error_rate"":0.001}","{""detection_events"":376370,""detectors_checked"":97071210}"
    117969,         0,         0,    6.22,standalone_exact_mw,3bd544bb51e006261b45d3a2c996e28fc0c0449411cee5f7deafcd25d9539ebc,"{""distance"":7,""physical_error_rate"":0.001}","{""detection_events"":367748,""detectors_checked"":95554890}"
    116736,         0,         0,    5.94,standalone_exact_mw,3bd544bb51e006261b45d3a2c996e28fc0c0449411cee5f7deafcd25d9539ebc,"{""distance"":7,""physical_error_rate"":0.001}","{""detection_events"":366540,""detectors_checked"":94556160}"
    116125,         0,         0,    7.23,standalone_exact_mw,3bd544bb51e006261b45d3a2c996e28fc0c0449411cee5f7deafcd25d9539ebc,"{""distance"":7,""physical_error_rate"":0.001}","{""detection_events"":362656,""detectors_checked"":94061250}"
    112487,         0,         0,    6.79,standalone_exact_mw,3bd544bb51e006261b45d3a2c996e28fc0c0449411cee5f7deafcd25d9539ebc,"{""distance"":7,""physical_error_rate"":0.001}","{""detection_events"":350421,""detectors_checked"":91114470}"
    111616,         0,         0,    7.61,standalone_exact_mw,3bd544bb51e006261b45d3a2c996e28fc0c0449411cee5f7deafcd25d9539ebc,"{""distance"":7,""physical_error_rate"":0.001}","{""detection_events"":349949,""detectors_checked"":90408960}"
    112487,         0,         0,    6.86,standalone_exact_mw,3bd544bb51e006261b45d3a2c996e28fc0c0449411cee5f7deafcd25d9539ebc,"{""distance"":7,""physical_error_rate"":0.001}","{""detection_events"":351517,""detectors_checked"":91114470}"
    110729,         0,         0,    7.68,standalone_exact_mw,3bd544bb51e006261b45d3a2c996e28fc0c0449411cee5f7deafcd25d9539ebc,"{""distance"":7,""physical_error_rate"":0.001}","{""detection_events"":346756,""detectors_checked"":89690490}"
    109568,         0,         0,    8.01,standalone_exact_mw,3bd544bb51e006261b45d3a2c996e28fc0c0449411cee5f7deafcd25d9539ebc,"{""distance"":7,""physical_error_rate"":0.001}","{""detection_events"":342756,""detectors_checked"":88750080}"
    109568,         0,         0,    8.07,standalone_exact_mw,3bd544bb51e006261b45d3a2c996e28fc0c0449411cee5f7deafcd25d9539ebc,"{""distance"":7,""physical_error_rate"":0.001}","{""detection_events"":341287,""detectors_checked"":88750080}"
    110729,         0,         0,    7.87,standalone_exact_mw,3bd544bb51e006261b45d3a2c996e28fc0c0449411cee5f7deafcd25d9539ebc,"{""distance"":7,""physical_error_rate"":0.001}","{""detection_events"":343621,""detectors_checked"":89690490}"
    101376,         0,         0,    7.04,standalone_exact_mw,3bd544bb51e006261b45d3a2c996e28fc0c0449411cee5f7deafcd25d9539ebc,"{""distance"":7,""physical_error_rate"":0.001}","{""detection_events"":316057,""detectors_checked"":82114560}"
    100352,         0,         0,    7.09,standalone_exact_mw,3bd544bb51e006261b45d3a2c996e28fc0c0449411cee5f7deafcd25d9539ebc,"{""distance"":7,""physical_error_rate"":0.001}","{""detection_events"":315332,""detectors_checked"":81285120}"
    101376,         0,         0,    5.50,standalone_exact_mw,3bd544bb51e006261b45d3a2c996e28fc0c0449411cee5f7deafcd25d9539ebc,"{""distance"":7,""physical_error_rate"":0.001}","{""detection_events"":317787,""detectors_checked"":82114560}"
    110592,         0,         0,    7.89,standalone_exact_mw,3bd544bb51e006261b45d3a2c996e28fc0c0449411cee5f7deafcd25d9539ebc,"{""distance"":7,""physical_error_rate"":0.001}","{""detection_events"":345651,""detectors_checked"":89579520}"
       137,         0,         0,   0.004,standalone_exact_mw,3bd544bb51e006261b45d3a2c996e28fc0c0449411cee5f7deafcd25d9539ebc,"{""distance"":7,""physical_error_rate"":0.001}","{""detection_events"":435,""detectors_checked"":110970}"
     94208,         0,         0,    6.80,standalone_exact_mw,3bd544bb51e006261b45d3a2c996e28fc0c0449411cee5f7deafcd25d9539ebc,"{""distance"":7,""physical_error_rate"":0.001}","{""detection_events"":293154,""detectors_checked"":76308480}"
     95232,         0,         0,    7.91,standalone_exact_mw,3bd544bb51e006261b45d3a2c996e28fc0c0449411cee5f7deafcd25d9539ebc,"{""distance"":7,""physical_error_rate"":0.001}","{""detection_events"":296947,""detectors_checked"":77137920}"
     96256,         0,         0,    7.15,standalone_exact_mw,3bd544bb51e006261b45d3a2c996e28fc0c0449411cee5f7deafcd25d9539ebc,"{""distance"":7,""physical_error_rate"":0.001}","{""detection_events"":301129,""detectors_checked"":77967360}"
     99328,         0,         0,    7.15,standalone_exact_mw,3bd544bb51e006261b45d3a2c996e28fc0c0449411cee5f7deafcd25d9539ebc,"{""distance"":7,""physical_error_rate"":0.001}","{""detection_events"":310495,""detectors_checked"":80455680}"
     99328,         0,         0,    9.71,standalone_exact_mw,3bd544bb51e006261b45d3a2c996e28fc0c0449411cee5f7deafcd25d9539ebc,"{""distance"":7,""physical_error_rate"":0.001}","{""detection_events"":309516,""detectors_checked"":80455680}"
     96256,         0,         0,    4.79,standalone_exact_mw,3bd544bb51e006261b45d3a2c996e28fc0c0449411cee5f7deafcd25d9539ebc,"{""distance"":7,""physical_error_rate"":0.001}","{""detection_events"":301486,""detectors_checked"":77967360}"
    100343,         0,         0,    7.21,standalone_exact_mw,3bd544bb51e006261b45d3a2c996e28fc0c0449411cee5f7deafcd25d9539ebc,"{""distance"":7,""physical_error_rate"":0.001}","{""detection_events"":314136,""detectors_checked"":81277830}"
     84992,         0,         0,    8.96,standalone_exact_mw,3bd544bb51e006261b45d3a2c996e28fc0c0449411cee5f7deafcd25d9539ebc,"{""distance"":7,""physical_error_rate"":0.001}","{""detection_events"":265046,""detectors_checked"":68843520}"
     99328,         0,         0,    6.86,standalone_exact_mw,3bd544bb51e006261b45d3a2c996e28fc0c0449411cee5f7deafcd25d9539ebc,"{""distance"":7,""physical_error_rate"":0.001}","{""detection_events"":310795,""detectors_checked"":80455680}"
     87040,         0,         0,    6.71,standalone_exact_mw,3bd544bb51e006261b45d3a2c996e28fc0c0449411cee5f7deafcd25d9539ebc,"{""distance"":7,""physical_error_rate"":0.001}","{""detection_events"":273786,""detectors_checked"":70502400}"
     83968,         0,         0,    8.00,standalone_exact_mw,3bd544bb51e006261b45d3a2c996e28fc0c0449411cee5f7deafcd25d9539ebc,"{""distance"":7,""physical_error_rate"":0.001}","{""detection_events"":262055,""detectors_checked"":68014080}"
    100343,         0,         0,    8.31,standalone_exact_mw,3bd544bb51e006261b45d3a2c996e28fc0c0449411cee5f7deafcd25d9539ebc,"{""distance"":7,""physical_error_rate"":0.001}","{""detection_events"":313034,""detectors_checked"":81277830}"
     88064,         0,         0,    6.98,standalone_exact_mw,3bd544bb51e006261b45d3a2c996e28fc0c0449411cee5f7deafcd25d9539ebc,"{""distance"":7,""physical_error_rate"":0.001}","{""detection_events"":275868,""detectors_checked"":71331840}"
    102400,         0,         0,    7.23,standalone_exact_mw,3bd544bb51e006261b45d3a2c996e28fc0c0449411cee5f7deafcd25d9539ebc,"{""distance"":7,""physical_error_rate"":0.001}","{""detection_events"":319946,""detectors_checked"":82944000}"
      1015,         0,         0,   0.078,standalone_exact_mw,3bd544bb51e006261b45d3a2c996e28fc0c0449411cee5f7deafcd25d9539ebc,"{""distance"":7,""physical_error_rate"":0.001}","{""detection_events"":2940,""detectors_checked"":822150}"
     87040,         0,         0,    6.24,standalone_exact_mw,3bd544bb51e006261b45d3a2c996e28fc0c0449411cee5f7deafcd25d9539ebc,"{""distance"":7,""physical_error_rate"":0.001}","{""detection_events"":271930,""detectors_checked"":70502400}"
     91136,         0,         0,    8.03,standalone_exact_mw,3bd544bb51e006261b45d3a2c996e28fc0c0449411cee5f7deafcd25d9539ebc,"{""distance"":7,""physical_error_rate"":0.001}","{""detection_events"":284128,""detectors_checked"":73820160}"
     90112,         0,         0,    7.98,standalone_exact_mw,3bd544bb51e006261b45d3a2c996e28fc0c0449411cee5f7deafcd25d9539ebc,"{""distance"":7,""physical_error_rate"":0.001}","{""detection_events"":281467,""detectors_checked"":72990720}"
     76800,         0,         0,    7.29,standalone_exact_mw,3bd544bb51e006261b45d3a2c996e28fc0c0449411cee5f7deafcd25d9539ebc,"{""distance"":7,""physical_error_rate"":0.001}","{""detection_events"":241114,""detectors_checked"":62208000}"
     76800,         0,         0,    6.83,standalone_exact_mw,3bd544bb51e006261b45d3a2c996e28fc0c0449411cee5f7deafcd25d9539ebc,"{""distance"":7,""physical_error_rate"":0.001}","{""detection_events"":239681,""detectors_checked"":62208000}"
     92160,         0,         0,    7.36,standalone_exact_mw,3bd544bb51e006261b45d3a2c996e28fc0c0449411cee5f7deafcd25d9539ebc,"{""distance"":7,""physical_error_rate"":0.001}","{""detection_events"":287863,""detectors_checked"":74649600}"
     78848,         0,         0,    4.76,standalone_exact_mw,3bd544bb51e006261b45d3a2c996e28fc0c0449411cee5f7deafcd25d9539ebc,"{""distance"":7,""physical_error_rate"":0.001}","{""detection_events"":247063,""detectors_checked"":63866880}"
     93184,         0,         0,    7.30,standalone_exact_mw,3bd544bb51e006261b45d3a2c996e28fc0c0449411cee5f7deafcd25d9539ebc,"{""distance"":7,""physical_error_rate"":0.001}","{""detection_events"":291000,""detectors_checked"":75479040}"
     82944,         0,         0,    6.32,standalone_exact_mw,3bd544bb51e006261b45d3a2c996e28fc0c0449411cee5f7deafcd25d9539ebc,"{""distance"":7,""physical_error_rate"":0.001}","{""detection_events"":258699,""detectors_checked"":67184640}"
     86016,         0,         0,    7.30,standalone_exact_mw,3bd544bb51e006261b45d3a2c996e28fc0c0449411cee5f7deafcd25d9539ebc,"{""distance"":7,""physical_error_rate"":0.001}","{""detection_events"":266732,""detectors_checked"":69672960}"
     78848,         0,         0,    6.39,standalone_exact_mw,3bd544bb51e006261b45d3a2c996e28fc0c0449411cee5f7deafcd25d9539ebc,"{""distance"":7,""physical_error_rate"":0.001}","{""detection_events"":246281,""detectors_checked"":63866880}"
     83237,         0,         0,    8.74,standalone_exact_mw,3bd544bb51e006261b45d3a2c996e28fc0c0449411cee5f7deafcd25d9539ebc,"{""distance"":7,""physical_error_rate"":0.001}","{""detection_events"":259804,""detectors_checked"":67421970}"
     73728,         0,         0,    5.62,standalone_exact_mw,3bd544bb51e006261b45d3a2c996e28fc0c0449411cee5f7deafcd25d9539ebc,"{""distance"":7,""physical_error_rate"":0.001}","{""detection_events"":230349,""detectors_checked"":59719680}"
     66560,         0,         0,    7.13,standalone_exact_mw,3bd544bb51e006261b45d3a2c996e28fc0c0449411cee5f7deafcd25d9539ebc,"{""distance"":7,""physical_error_rate"":0.001}","{""detection_events"":208086,""detectors_checked"":53913600}"
     72704,         0,         0,    8.27,standalone_exact_mw,3bd544bb51e006261b45d3a2c996e28fc0c0449411cee5f7deafcd25d9539ebc,"{""distance"":7,""physical_error_rate"":0.001}","{""detection_events"":226108,""detectors_checked"":58890240}"
     64512,         0,         0,    6.91,standalone_exact_mw,3bd544bb51e006261b45d3a2c996e28fc0c0449411cee5f7deafcd25d9539ebc,"{""distance"":7,""physical_error_rate"":0.001}","{""detection_events"":200703,""detectors_checked"":52254720}"
     65536,         0,         0,    8.34,standalone_exact_mw,3bd544bb51e006261b45d3a2c996e28fc0c0449411cee5f7deafcd25d9539ebc,"{""distance"":7,""physical_error_rate"":0.001}","{""detection_events"":203567,""detectors_checked"":53084160}"
     74752,         0,         0,    6.52,standalone_exact_mw,3bd544bb51e006261b45d3a2c996e28fc0c0449411cee5f7deafcd25d9539ebc,"{""distance"":7,""physical_error_rate"":0.001}","{""detection_events"":233160,""detectors_checked"":60549120}"
     63488,         0,         0,    4.25,standalone_exact_mw,3bd544bb51e006261b45d3a2c996e28fc0c0449411cee5f7deafcd25d9539ebc,"{""distance"":7,""physical_error_rate"":0.001}","{""detection_events"":199220,""detectors_checked"":51425280}"
     80896,         0,         0,    7.11,standalone_exact_mw,3bd544bb51e006261b45d3a2c996e28fc0c0449411cee5f7deafcd25d9539ebc,"{""distance"":7,""physical_error_rate"":0.001}","{""detection_events"":253638,""detectors_checked"":65525760}"
     69632,         0,         0,    4.59,standalone_exact_mw,3bd544bb51e006261b45d3a2c996e28fc0c0449411cee5f7deafcd25d9539ebc,"{""distance"":7,""physical_error_rate"":0.001}","{""detection_events"":217505,""detectors_checked"":56401920}"
     65536,         0,         0,    5.50,standalone_exact_mw,3bd544bb51e006261b45d3a2c996e28fc0c0449411cee5f7deafcd25d9539ebc,"{""distance"":7,""physical_error_rate"":0.001}","{""detection_events"":204621,""detectors_checked"":53084160}"
     68608,         0,         0,    6.62,standalone_exact_mw,3bd544bb51e006261b45d3a2c996e28fc0c0449411cee5f7deafcd25d9539ebc,"{""distance"":7,""physical_error_rate"":0.001}","{""detection_events"":214127,""detectors_checked"":55572480}"
     62464,         0,         0,    6.56,standalone_exact_mw,3bd544bb51e006261b45d3a2c996e28fc0c0449411cee5f7deafcd25d9539ebc,"{""distance"":7,""physical_error_rate"":0.001}","{""detection_events"":194887,""detectors_checked"":50595840}"
     66560,         0,         0,    7.21,standalone_exact_mw,3bd544bb51e006261b45d3a2c996e28fc0c0449411cee5f7deafcd25d9539ebc,"{""distance"":7,""physical_error_rate"":0.001}","{""detection_events"":207959,""detectors_checked"":53913600}"
     60416,         0,         0,    6.95,standalone_exact_mw,3bd544bb51e006261b45d3a2c996e28fc0c0449411cee5f7deafcd25d9539ebc,"{""distance"":7,""physical_error_rate"":0.001}","{""detection_events"":189250,""detectors_checked"":48936960}"
     67584,         0,         0,    7.60,standalone_exact_mw,3bd544bb51e006261b45d3a2c996e28fc0c0449411cee5f7deafcd25d9539ebc,"{""distance"":7,""physical_error_rate"":0.001}","{""detection_events"":211389,""detectors_checked"":54743040}"
     75776,         0,         0,    6.54,standalone_exact_mw,3bd544bb51e006261b45d3a2c996e28fc0c0449411cee5f7deafcd25d9539ebc,"{""distance"":7,""physical_error_rate"":0.001}","{""detection_events"":238245,""detectors_checked"":61378560}"
     73728,         0,         0,    7.13,standalone_exact_mw,3bd544bb51e006261b45d3a2c996e28fc0c0449411cee5f7deafcd25d9539ebc,"{""distance"":7,""physical_error_rate"":0.001}","{""detection_events"":230388,""detectors_checked"":59719680}"
     61440,         0,         0,    6.41,standalone_exact_mw,3bd544bb51e006261b45d3a2c996e28fc0c0449411cee5f7deafcd25d9539ebc,"{""distance"":7,""physical_error_rate"":0.001}","{""detection_events"":192065,""detectors_checked"":49766400}"
     57344,         0,         0,    6.65,standalone_exact_mw,3bd544bb51e006261b45d3a2c996e28fc0c0449411cee5f7deafcd25d9539ebc,"{""distance"":7,""physical_error_rate"":0.001}","{""detection_events"":178499,""detectors_checked"":46448640}"
     57233,         0,         0,    7.74,standalone_exact_mw,3bd544bb51e006261b45d3a2c996e28fc0c0449411cee5f7deafcd25d9539ebc,"{""distance"":7,""physical_error_rate"":0.001}","{""detection_events"":179691,""detectors_checked"":46358730}"
     56320,         0,         0,    6.17,standalone_exact_mw,3bd544bb51e006261b45d3a2c996e28fc0c0449411cee5f7deafcd25d9539ebc,"{""distance"":7,""physical_error_rate"":0.001}","{""detection_events"":176465,""detectors_checked"":45619200}"
     47104,         0,         0,    6.47,standalone_exact_mw,3bd544bb51e006261b45d3a2c996e28fc0c0449411cee5f7deafcd25d9539ebc,"{""distance"":7,""physical_error_rate"":0.001}","{""detection_events"":147240,""detectors_checked"":38154240}"
     36163,         0,         0,    1.87,standalone_exact_mw,3bd544bb51e006261b45d3a2c996e28fc0c0449411cee5f7deafcd25d9539ebc,"{""distance"":7,""physical_error_rate"":0.001}","{""detection_events"":113424,""detectors_checked"":29292030}"
     35840,         0,         0,    2.62,standalone_exact_mw,3bd544bb51e006261b45d3a2c996e28fc0c0449411cee5f7deafcd25d9539ebc,"{""distance"":7,""physical_error_rate"":0.001}","{""detection_events"":111589,""detectors_checked"":29030400}"
     33982,         0,         0,    2.05,standalone_exact_mw,3bd544bb51e006261b45d3a2c996e28fc0c0449411cee5f7deafcd25d9539ebc,"{""distance"":7,""physical_error_rate"":0.001}","{""detection_events"":106226,""detectors_checked"":27525420}"
     33792,         0,         0,    2.50,standalone_exact_mw,3bd544bb51e006261b45d3a2c996e28fc0c0449411cee5f7deafcd25d9539ebc,"{""distance"":7,""physical_error_rate"":0.001}","{""detection_events"":105206,""detectors_checked"":27371520}"
    995328,         0,         0,   119.3,standalone_exact_mw,9d8ad86e51451842b54dafc7680d1b486ef291963bb72c70f3cdd570d2d8fa34,"{""distance"":7,""physical_error_rate"":0.002}","{""detection_events"":6189862,""detectors_checked"":806215680}"
   1586176,         0,         0,   119.7,standalone_exact_mw,9d8ad86e51451842b54dafc7680d1b486ef291963bb72c70f3cdd570d2d8fa34,"{""distance"":7,""physical_error_rate"":0.002}","{""detection_events"":9862147,""detectors_checked"":1284802560}"
     32891,         0,         0,    1.69,standalone_exact_mw,3bd544bb51e006261b45d3a2c996e28fc0c0449411cee5f7deafcd25d9539ebc,"{""distance"":7,""physical_error_rate"":0.001}","{""detection_events"":103164,""detectors_checked"":26641710}"
     32768,         0,         0,    1.96,standalone_exact_mw,3bd544bb51e006261b45d3a2c996e28fc0c0449411cee5f7deafcd25d9539ebc,"{""distance"":7,""physical_error_rate"":0.001}","{""detection_events"":102509,""detectors_checked"":26542080}"
     31849,         0,         0,    2.05,standalone_exact_mw,3bd544bb51e006261b45d3a2c996e28fc0c0449411cee5f7deafcd25d9539ebc,"{""distance"":7,""physical_error_rate"":0.001}","{""detection_events"":99303,""detectors_checked"":25797690}"
     32768,         0,         0,    2.61,standalone_exact_mw,3bd544bb51e006261b45d3a2c996e28fc0c0449411cee5f7deafcd25d9539ebc,"{""distance"":7,""physical_error_rate"":0.001}","{""detection_events"":102070,""detectors_checked"":26542080}"
     30839,         0,         0,    1.01,standalone_exact_mw,3bd544bb51e006261b45d3a2c996e28fc0c0449411cee5f7deafcd25d9539ebc,"{""distance"":7,""physical_error_rate"":0.001}","{""detection_events"":95860,""detectors_checked"":24979590}"
     30839,         0,         0,    2.35,standalone_exact_mw,3bd544bb51e006261b45d3a2c996e28fc0c0449411cee5f7deafcd25d9539ebc,"{""distance"":7,""physical_error_rate"":0.001}","{""detection_events"":96186,""detectors_checked"":24979590}"
     31849,         0,         0,    2.37,standalone_exact_mw,3bd544bb51e006261b45d3a2c996e28fc0c0449411cee5f7deafcd25d9539ebc,"{""distance"":7,""physical_error_rate"":0.001}","{""detection_events"":99222,""detectors_checked"":25797690}"
     29845,         0,         0,    2.18,standalone_exact_mw,3bd544bb51e006261b45d3a2c996e28fc0c0449411cee5f7deafcd25d9539ebc,"{""distance"":7,""physical_error_rate"":0.001}","{""detection_events"":92715,""detectors_checked"":24174450}"
     29845,         0,         0,    1.96,standalone_exact_mw,3bd544bb51e006261b45d3a2c996e28fc0c0449411cee5f7deafcd25d9539ebc,"{""distance"":7,""physical_error_rate"":0.001}","{""detection_events"":93394,""detectors_checked"":24174450}"
     30720,         0,         0,    2.12,standalone_exact_mw,3bd544bb51e006261b45d3a2c996e28fc0c0449411cee5f7deafcd25d9539ebc,"{""distance"":7,""physical_error_rate"":0.001}","{""detection_events"":95609,""detectors_checked"":24883200}"
     29696,         0,         0,    1.98,standalone_exact_mw,3bd544bb51e006261b45d3a2c996e28fc0c0449411cee5f7deafcd25d9539ebc,"{""distance"":7,""physical_error_rate"":0.001}","{""detection_events"":92176,""detectors_checked"":24053760}"
     29845,         0,         0,    1.96,standalone_exact_mw,3bd544bb51e006261b45d3a2c996e28fc0c0449411cee5f7deafcd25d9539ebc,"{""distance"":7,""physical_error_rate"":0.001}","{""detection_events"":93064,""detectors_checked"":24174450}"
     28672,         0,         0,    2.09,standalone_exact_mw,3bd544bb51e006261b45d3a2c996e28fc0c0449411cee5f7deafcd25d9539ebc,"{""distance"":7,""physical_error_rate"":0.001}","{""detection_events"":89251,""detectors_checked"":23224320}"
     26624,         0,         0,    2.07,standalone_exact_mw,3bd544bb51e006261b45d3a2c996e28fc0c0449411cee5f7deafcd25d9539ebc,"{""distance"":7,""physical_error_rate"":0.001}","{""detection_events"":82946,""detectors_checked"":21565440}"
     28399,         0,         0,    2.03,standalone_exact_mw,3bd544bb51e006261b45d3a2c996e28fc0c0449411cee5f7deafcd25d9539ebc,"{""distance"":7,""physical_error_rate"":0.001}","{""detection_events"":88672,""detectors_checked"":23003190}"
     26624,         0,         0,    2.05,standalone_exact_mw,3bd544bb51e006261b45d3a2c996e28fc0c0449411cee5f7deafcd25d9539ebc,"{""distance"":7,""physical_error_rate"":0.001}","{""detection_events"":82861,""detectors_checked"":21565440}"
     29696,         0,         0,    2.38,standalone_exact_mw,3bd544bb51e006261b45d3a2c996e28fc0c0449411cee5f7deafcd25d9539ebc,"{""distance"":7,""physical_error_rate"":0.001}","{""detection_events"":92763,""detectors_checked"":24053760}"
     28399,         0,         0,    1.78,standalone_exact_mw,3bd544bb51e006261b45d3a2c996e28fc0c0449411cee5f7deafcd25d9539ebc,"{""distance"":7,""physical_error_rate"":0.001}","{""detection_events"":88780,""detectors_checked"":23003190}"
       994,         0,         0,   0.071,standalone_exact_mw,3bd544bb51e006261b45d3a2c996e28fc0c0449411cee5f7deafcd25d9539ebc,"{""distance"":7,""physical_error_rate"":0.001}","{""detection_events"":3137,""detectors_checked"":805140}"
     26624,         0,         0,    2.30,standalone_exact_mw,3bd544bb51e006261b45d3a2c996e28fc0c0449411cee5f7deafcd25d9539ebc,"{""distance"":7,""physical_error_rate"":0.001}","{""detection_events"":83619,""detectors_checked"":21565440}"
     25215,         0,         0,    1.97,standalone_exact_mw,3bd544bb51e006261b45d3a2c996e28fc0c0449411cee5f7deafcd25d9539ebc,"{""distance"":7,""physical_error_rate"":0.001}","{""detection_events"":79599,""detectors_checked"":20424150}"
     25600,         0,         0,    1.99,standalone_exact_mw,3bd544bb51e006261b45d3a2c996e28fc0c0449411cee5f7deafcd25d9539ebc,"{""distance"":7,""physical_error_rate"":0.001}","{""detection_events"":80214,""detectors_checked"":20736000}"
     25215,         0,         0,    2.16,standalone_exact_mw,3bd544bb51e006261b45d3a2c996e28fc0c0449411cee5f7deafcd25d9539ebc,"{""distance"":7,""physical_error_rate"":0.001}","{""detection_events"":79132,""detectors_checked"":20424150}"
     25215,         0,         0,    1.80,standalone_exact_mw,3bd544bb51e006261b45d3a2c996e28fc0c0449411cee5f7deafcd25d9539ebc,"{""distance"":7,""physical_error_rate"":0.001}","{""detection_events"":79205,""detectors_checked"":20424150}"
     25215,         0,         0,    1.81,standalone_exact_mw,3bd544bb51e006261b45d3a2c996e28fc0c0449411cee5f7deafcd25d9539ebc,"{""distance"":7,""physical_error_rate"":0.001}","{""detection_events"":78550,""detectors_checked"":20424150}"
     25215,         0,         0,    2.12,standalone_exact_mw,3bd544bb51e006261b45d3a2c996e28fc0c0449411cee5f7deafcd25d9539ebc,"{""distance"":7,""physical_error_rate"":0.001}","{""detection_events"":78549,""detectors_checked"":20424150}"
     25600,         0,         0,    2.11,standalone_exact_mw,3bd544bb51e006261b45d3a2c996e28fc0c0449411cee5f7deafcd25d9539ebc,"{""distance"":7,""physical_error_rate"":0.001}","{""detection_events"":80963,""detectors_checked"":20736000}"
     28672,         0,         0,    2.62,standalone_exact_mw,3bd544bb51e006261b45d3a2c996e28fc0c0449411cee5f7deafcd25d9539ebc,"{""distance"":7,""physical_error_rate"":0.001}","{""detection_events"":89183,""detectors_checked"":23224320}"
     25600,         0,         0,    1.82,standalone_exact_mw,3bd544bb51e006261b45d3a2c996e28fc0c0449411cee5f7deafcd25d9539ebc,"{""distance"":7,""physical_error_rate"":0.001}","{""detection_events"":80566,""detectors_checked"":20736000}"
     23552,         0,         0,    1.83,standalone_exact_mw,3bd544bb51e006261b45d3a2c996e28fc0c0449411cee5f7deafcd25d9539ebc,"{""distance"":7,""physical_error_rate"":0.001}","{""detection_events"":73095,""detectors_checked"":19077120}"
     26624,         0,         0,    2.47,standalone_exact_mw,3bd544bb51e006261b45d3a2c996e28fc0c0449411cee5f7deafcd25d9539ebc,"{""distance"":7,""physical_error_rate"":0.001}","{""detection_events"":82309,""detectors_checked"":21565440}"
     27648,         0,         0,    2.23,standalone_exact_mw,3bd544bb51e006261b45d3a2c996e28fc0c0449411cee5f7deafcd25d9539ebc,"{""distance"":7,""physical_error_rate"":0.001}","{""detection_events"":86142,""detectors_checked"":22394880}"
     23552,         0,         0,    1.01,standalone_exact_mw,3bd544bb51e006261b45d3a2c996e28fc0c0449411cee5f7deafcd25d9539ebc,"{""distance"":7,""physical_error_rate"":0.001}","{""detection_events"":73671,""detectors_checked"":19077120}"
     24576,         0,         0,    1.97,standalone_exact_mw,3bd544bb51e006261b45d3a2c996e28fc0c0449411cee5f7deafcd25d9539ebc,"{""distance"":7,""physical_error_rate"":0.001}","{""detection_events"":76369,""detectors_checked"":19906560}"
     25215,         0,         0,    2.18,standalone_exact_mw,3bd544bb51e006261b45d3a2c996e28fc0c0449411cee5f7deafcd25d9539ebc,"{""distance"":7,""physical_error_rate"":0.001}","{""detection_events"":78904,""detectors_checked"":20424150}"
     23552,         0,         0,    1.81,standalone_exact_mw,3bd544bb51e006261b45d3a2c996e28fc0c0449411cee5f7deafcd25d9539ebc,"{""distance"":7,""physical_error_rate"":0.001}","{""detection_events"":73547,""detectors_checked"":19077120}"
     24576,         0,         0,    2.28,standalone_exact_mw,3bd544bb51e006261b45d3a2c996e28fc0c0449411cee5f7deafcd25d9539ebc,"{""distance"":7,""physical_error_rate"":0.001}","{""detection_events"":77222,""detectors_checked"":19906560}"
     24576,         0,         0,    2.25,standalone_exact_mw,3bd544bb51e006261b45d3a2c996e28fc0c0449411cee5f7deafcd25d9539ebc,"{""distance"":7,""physical_error_rate"":0.001}","{""detection_events"":76897,""detectors_checked"":19906560}"
     25215,         0,         0,    2.17,standalone_exact_mw,3bd544bb51e006261b45d3a2c996e28fc0c0449411cee5f7deafcd25d9539ebc,"{""distance"":7,""physical_error_rate"":0.001}","{""detection_events"":78301,""detectors_checked"":20424150}"
     25600,         0,         0,    2.11,standalone_exact_mw,3bd544bb51e006261b45d3a2c996e28fc0c0449411cee5f7deafcd25d9539ebc,"{""distance"":7,""physical_error_rate"":0.001}","{""detection_events"":79702,""detectors_checked"":20736000}"
     25215,         0,         0,    2.10,standalone_exact_mw,3bd544bb51e006261b45d3a2c996e28fc0c0449411cee5f7deafcd25d9539ebc,"{""distance"":7,""physical_error_rate"":0.001}","{""detection_events"":78614,""detectors_checked"":20424150}"
     23552,         0,         0,    1.93,standalone_exact_mw,3bd544bb51e006261b45d3a2c996e28fc0c0449411cee5f7deafcd25d9539ebc,"{""distance"":7,""physical_error_rate"":0.001}","{""detection_events"":73150,""detectors_checked"":19077120}"
     24576,         0,         0,    2.68,standalone_exact_mw,3bd544bb51e006261b45d3a2c996e28fc0c0449411cee5f7deafcd25d9539ebc,"{""distance"":7,""physical_error_rate"":0.001}","{""detection_events"":76727,""detectors_checked"":19906560}"
     26624,         0,         0,    1.93,standalone_exact_mw,3bd544bb51e006261b45d3a2c996e28fc0c0449411cee5f7deafcd25d9539ebc,"{""distance"":7,""physical_error_rate"":0.001}","{""detection_events"":83347,""detectors_checked"":21565440}"
     23066,         0,         0,    1.94,standalone_exact_mw,3bd544bb51e006261b45d3a2c996e28fc0c0449411cee5f7deafcd25d9539ebc,"{""distance"":7,""physical_error_rate"":0.001}","{""detection_events"":72096,""detectors_checked"":18683460}"
     23066,         0,         0,    1.98,standalone_exact_mw,3bd544bb51e006261b45d3a2c996e28fc0c0449411cee5f7deafcd25d9539ebc,"{""distance"":7,""physical_error_rate"":0.001}","{""detection_events"":72578,""detectors_checked"":18683460}"
     22528,         0,         0,    2.00,standalone_exact_mw,3bd544bb51e006261b45d3a2c996e28fc0c0449411cee5f7deafcd25d9539ebc,"{""distance"":7,""physical_error_rate"":0.001}","{""detection_events"":70469,""detectors_checked"":18247680}"
    941056,         0,         0,   119.6,standalone_exact_mw,9d8ad86e51451842b54dafc7680d1b486ef291963bb72c70f3cdd570d2d8fa34,"{""distance"":7,""physical_error_rate"":0.002}","{""detection_events"":5844530,""detectors_checked"":762255360}"
     25215,         0,         0,    1.96,standalone_exact_mw,3bd544bb51e006261b45d3a2c996e28fc0c0449411cee5f7deafcd25d9539ebc,"{""distance"":7,""physical_error_rate"":0.001}","{""detection_events"":78871,""detectors_checked"":20424150}"
     22272,         0,         0,    1.85,standalone_exact_mw,3bd544bb51e006261b45d3a2c996e28fc0c0449411cee5f7deafcd25d9539ebc,"{""distance"":7,""physical_error_rate"":0.001}","{""detection_events"":69793,""detectors_checked"":18040320}"
     18432,         0,         0,    1.23,standalone_exact_mw,3bd544bb51e006261b45d3a2c996e28fc0c0449411cee5f7deafcd25d9539ebc,"{""distance"":7,""physical_error_rate"":0.001}","{""detection_events"":57549,""detectors_checked"":14929920}"
     24576,         0,         0,    2.27,standalone_exact_mw,3bd544bb51e006261b45d3a2c996e28fc0c0449411cee5f7deafcd25d9539ebc,"{""distance"":7,""physical_error_rate"":0.001}","{""detection_events"":77476,""detectors_checked"":19906560}"
      2149,         0,         0,   0.074,standalone_exact_mw,3bd544bb51e006261b45d3a2c996e28fc0c0449411cee5f7deafcd25d9539ebc,"{""distance"":7,""physical_error_rate"":0.001}","{""detection_events"":6800,""detectors_checked"":1740690}"
     22528,         0,         0,    1.93,standalone_exact_mw,3bd544bb51e006261b45d3a2c996e28fc0c0449411cee5f7deafcd25d9539ebc,"{""distance"":7,""physical_error_rate"":0.001}","{""detection_events"":70503,""detectors_checked"":18247680}"
     24576,         0,         0,    1.96,standalone_exact_mw,3bd544bb51e006261b45d3a2c996e28fc0c0449411cee5f7deafcd25d9539ebc,"{""distance"":7,""physical_error_rate"":0.001}","{""detection_events"":76405,""detectors_checked"":19906560}"
    959488,         0,         0,   119.8,standalone_exact_mw,9d8ad86e51451842b54dafc7680d1b486ef291963bb72c70f3cdd570d2d8fa34,"{""distance"":7,""physical_error_rate"":0.002}","{""detection_events"":5958912,""detectors_checked"":777185280}"
     22528,         0,         0,    1.70,standalone_exact_mw,3bd544bb51e006261b45d3a2c996e28fc0c0449411cee5f7deafcd25d9539ebc,"{""distance"":7,""physical_error_rate"":0.001}","{""detection_events"":70851,""detectors_checked"":18247680}"
     21504,         0,         0,    1.96,standalone_exact_mw,3bd544bb51e006261b45d3a2c996e28fc0c0449411cee5f7deafcd25d9539ebc,"{""distance"":7,""physical_error_rate"":0.001}","{""detection_events"":67368,""detectors_checked"":17418240}"
      2167,         0,         0,   0.096,standalone_exact_mw,3bd544bb51e006261b45d3a2c996e28fc0c0449411cee5f7deafcd25d9539ebc,"{""distance"":7,""physical_error_rate"":0.001}","{""detection_events"":6781,""detectors_checked"":1755270}"
     26523,         0,         0,    2.38,standalone_exact_mw,3bd544bb51e006261b45d3a2c996e28fc0c0449411cee5f7deafcd25d9539ebc,"{""distance"":7,""physical_error_rate"":0.001}","{""detection_events"":83877,""detectors_checked"":21483630}"
     19456,         0,         0,    1.65,standalone_exact_mw,3bd544bb51e006261b45d3a2c996e28fc0c0449411cee5f7deafcd25d9539ebc,"{""distance"":7,""physical_error_rate"":0.001}","{""detection_events"":61643,""detectors_checked"":15759360}"
     18432,         0,         0,    2.14,standalone_exact_mw,3bd544bb51e006261b45d3a2c996e28fc0c0449411cee5f7deafcd25d9539ebc,"{""distance"":7,""physical_error_rate"":0.001}","{""detection_events"":58123,""detectors_checked"":14929920}"
     22528,         0,         0,    1.90,standalone_exact_mw,3bd544bb51e006261b45d3a2c996e28fc0c0449411cee5f7deafcd25d9539ebc,"{""distance"":7,""physical_error_rate"":0.001}","{""detection_events"":70703,""detectors_checked"":18247680}"
       896,         0,         0,   0.019,standalone_exact_mw,3bd544bb51e006261b45d3a2c996e28fc0c0449411cee5f7deafcd25d9539ebc,"{""distance"":7,""physical_error_rate"":0.001}","{""detection_events"":2708,""detectors_checked"":725760}"
     13628,         0,         0,    1.13,standalone_exact_mw,3bd544bb51e006261b45d3a2c996e28fc0c0449411cee5f7deafcd25d9539ebc,"{""distance"":7,""physical_error_rate"":0.001}","{""detection_events"":42432,""detectors_checked"":11038680}"
     18432,         0,         0,    2.18,standalone_exact_mw,3bd544bb51e006261b45d3a2c996e28fc0c0449411cee5f7deafcd25d9539ebc,"{""distance"":7,""physical_error_rate"":0.001}","{""detection_events"":58157,""detectors_checked"":14929920}"
     22528,         0,         0,    2.31,standalone_exact_mw,3bd544bb51e006261b45d3a2c996e28fc0c0449411cee5f7deafcd25d9539ebc,"{""distance"":7,""physical_error_rate"":0.001}","{""detection_events"":70241,""detectors_checked"":18247680}"
     16384,         0,         0,    1.70,standalone_exact_mw,3bd544bb51e006261b45d3a2c996e28fc0c0449411cee5f7deafcd25d9539ebc,"{""distance"":7,""physical_error_rate"":0.001}","{""detection_events"":51255,""detectors_checked"":13271040}"
     21504,         0,         0,    2.00,standalone_exact_mw,3bd544bb51e006261b45d3a2c996e28fc0c0449411cee5f7deafcd25d9539ebc,"{""distance"":7,""physical_error_rate"":0.001}","{""detection_events"":67259,""detectors_checked"":17418240}"
       538,         0,         0,   0.027,standalone_exact_mw,3bd544bb51e006261b45d3a2c996e28fc0c0449411cee5f7deafcd25d9539ebc,"{""distance"":7,""physical_error_rate"":0.001}","{""detection_events"":1704,""detectors_checked"":435780}"
      1947,         0,         0,   0.146,standalone_exact_mw,3bd544bb51e006261b45d3a2c996e28fc0c0449411cee5f7deafcd25d9539ebc,"{""distance"":7,""physical_error_rate"":0.001}","{""detection_events"":6151,""detectors_checked"":1577070}"
       831,         0,         0,   0.054,standalone_exact_mw,3bd544bb51e006261b45d3a2c996e28fc0c0449411cee5f7deafcd25d9539ebc,"{""distance"":7,""physical_error_rate"":0.001}","{""detection_events"":2533,""detectors_checked"":673110}"
      8424,         0,         0,   0.474,standalone_exact_mw,3bd544bb51e006261b45d3a2c996e28fc0c0449411cee5f7deafcd25d9539ebc,"{""distance"":7,""physical_error_rate"":0.001}","{""detection_events"":26265,""detectors_checked"":6823440}"
     13312,         0,         0,    2.00,standalone_exact_mw,3bd544bb51e006261b45d3a2c996e28fc0c0449411cee5f7deafcd25d9539ebc,"{""distance"":7,""physical_error_rate"":0.001}","{""detection_events"":41840,""detectors_checked"":10782720}"
     10240,         0,         0,   0.528,standalone_exact_mw,3bd544bb51e006261b45d3a2c996e28fc0c0449411cee5f7deafcd25d9539ebc,"{""distance"":7,""physical_error_rate"":0.001}","{""detection_events"":31661,""detectors_checked"":8294400}"
      9216,         0,         0,   0.392,standalone_exact_mw,3bd544bb51e006261b45d3a2c996e28fc0c0449411cee5f7deafcd25d9539ebc,"{""distance"":7,""physical_error_rate"":0.001}","{""detection_events"":28686,""detectors_checked"":7464960}"
      8192,         0,         0,   0.476,standalone_exact_mw,3bd544bb51e006261b45d3a2c996e28fc0c0449411cee5f7deafcd25d9539ebc,"{""distance"":7,""physical_error_rate"":0.001}","{""detection_events"":25524,""detectors_checked"":6635520}"
      2971,         0,         0,   0.192,standalone_exact_mw,3bd544bb51e006261b45d3a2c996e28fc0c0449411cee5f7deafcd25d9539ebc,"{""distance"":7,""physical_error_rate"":0.001}","{""detection_events"":9319,""detectors_checked"":2406510}"
      7009,         0,         0,   0.343,standalone_exact_mw,3bd544bb51e006261b45d3a2c996e28fc0c0449411cee5f7deafcd25d9539ebc,"{""distance"":7,""physical_error_rate"":0.001}","{""detection_events"":21977,""detectors_checked"":5677290}"
      2632,         0,         0,   0.212,standalone_exact_mw,3bd544bb51e006261b45d3a2c996e28fc0c0449411cee5f7deafcd25d9539ebc,"{""distance"":7,""physical_error_rate"":0.001}","{""detection_events"":8131,""detectors_checked"":2131920}"
      2788,         0,         0,   0.188,standalone_exact_mw,3bd544bb51e006261b45d3a2c996e28fc0c0449411cee5f7deafcd25d9539ebc,"{""distance"":7,""physical_error_rate"":0.001}","{""detection_events"":8608,""detectors_checked"":2258280}"
      2971,         0,         0,   0.212,standalone_exact_mw,3bd544bb51e006261b45d3a2c996e28fc0c0449411cee5f7deafcd25d9539ebc,"{""distance"":7,""physical_error_rate"":0.001}","{""detection_events"":9162,""detectors_checked"":2406510}"
      3184,         0,         0,   0.210,standalone_exact_mw,3bd544bb51e006261b45d3a2c996e28fc0c0449411cee5f7deafcd25d9539ebc,"{""distance"":7,""physical_error_rate"":0.001}","{""detection_events"":10104,""detectors_checked"":2579040}"
       110,         0,         0,   0.003,standalone_exact_mw,3bd544bb51e006261b45d3a2c996e28fc0c0449411cee5f7deafcd25d9539ebc,"{""distance"":7,""physical_error_rate"":0.001}","{""detection_events"":332,""detectors_checked"":89100}"
      7168,         0,         0,   0.339,standalone_exact_mw,3bd544bb51e006261b45d3a2c996e28fc0c0449411cee5f7deafcd25d9539ebc,"{""distance"":7,""physical_error_rate"":0.001}","{""detection_events"":22336,""detectors_checked"":5806080}"
      8192,         0,         0,   0.579,standalone_exact_mw,3bd544bb51e006261b45d3a2c996e28fc0c0449411cee5f7deafcd25d9539ebc,"{""distance"":7,""physical_error_rate"":0.001}","{""detection_events"":25437,""detectors_checked"":6635520}"
       219,         0,         0,   0.027,standalone_exact_mw,3bd544bb51e006261b45d3a2c996e28fc0c0449411cee5f7deafcd25d9539ebc,"{""distance"":7,""physical_error_rate"":0.001}","{""detection_events"":714,""detectors_checked"":177390}"
      7009,         0,         0,   0.363,standalone_exact_mw,3bd544bb51e006261b45d3a2c996e28fc0c0449411cee5f7deafcd25d9539ebc,"{""distance"":7,""physical_error_rate"":0.001}","{""detection_events"":21663,""detectors_checked"":5677290}"
      3990,         0,         0,   0.244,standalone_exact_mw,3bd544bb51e006261b45d3a2c996e28fc0c0449411cee5f7deafcd25d9539ebc,"{""distance"":7,""physical_error_rate"":0.001}","{""detection_events"":12469,""detectors_checked"":3231900}"
      7009,         0,         0,   0.359,standalone_exact_mw,3bd544bb51e006261b45d3a2c996e28fc0c0449411cee5f7deafcd25d9539ebc,"{""distance"":7,""physical_error_rate"":0.001}","{""detection_events"":21935,""detectors_checked"":5677290}"
      3457,         0,         0,   0.263,standalone_exact_mw,3bd544bb51e006261b45d3a2c996e28fc0c0449411cee5f7deafcd25d9539ebc,"{""distance"":7,""physical_error_rate"":0.001}","{""detection_events"":10949,""detectors_checked"":2800170}"
       579,         0,         0,   0.022,standalone_exact_mw,3bd544bb51e006261b45d3a2c996e28fc0c0449411cee5f7deafcd25d9539ebc,"{""distance"":7,""physical_error_rate"":0.001}","{""detection_events"":1791,""detectors_checked"":468990}"
       140,         0,         0,   0.004,standalone_exact_mw,3bd544bb51e006261b45d3a2c996e28fc0c0449411cee5f7deafcd25d9539ebc,"{""distance"":7,""physical_error_rate"":0.001}","{""detection_events"":447,""detectors_checked"":113400}"
      4630,         0,         0,   0.292,standalone_exact_mw,3bd544bb51e006261b45d3a2c996e28fc0c0449411cee5f7deafcd25d9539ebc,"{""distance"":7,""physical_error_rate"":0.001}","{""detection_events"":14288,""detectors_checked"":3750300}"
      2867,         0,         0,   0.176,standalone_exact_mw,3bd544bb51e006261b45d3a2c996e28fc0c0449411cee5f7deafcd25d9539ebc,"{""distance"":7,""physical_error_rate"":0.001}","{""detection_events"":8825,""detectors_checked"":2322270}"
      3924,         0,         0,   0.279,standalone_exact_mw,3bd544bb51e006261b45d3a2c996e28fc0c0449411cee5f7deafcd25d9539ebc,"{""distance"":7,""physical_error_rate"":0.001}","{""detection_events"":12055,""detectors_checked"":3178440}"
      3866,         0,         0,   0.284,standalone_exact_mw,3bd544bb51e006261b45d3a2c996e28fc0c0449411cee5f7deafcd25d9539ebc,"{""distance"":7,""physical_error_rate"":0.001}","{""detection_events"":11980,""detectors_checked"":3131460}"
      6323,         0,         0,   0.471,standalone_exact_mw,3bd544bb51e006261b45d3a2c996e28fc0c0449411cee5f7deafcd25d9539ebc,"{""distance"":7,""physical_error_rate"":0.001}","{""detection_events"":19937,""detectors_checked"":5121630}"
        62,         0,         0,   0.002,standalone_exact_mw,3bd544bb51e006261b45d3a2c996e28fc0c0449411cee5f7deafcd25d9539ebc,"{""distance"":7,""physical_error_rate"":0.001}","{""detection_events"":161,""detectors_checked"":50220}"
      3339,         0,         0,   0.305,standalone_exact_mw,3bd544bb51e006261b45d3a2c996e28fc0c0449411cee5f7deafcd25d9539ebc,"{""distance"":7,""physical_error_rate"":0.001}","{""detection_events"":10664,""detectors_checked"":2704590}"
      3444,         0,         0,   0.263,standalone_exact_mw,3bd544bb51e006261b45d3a2c996e28fc0c0449411cee5f7deafcd25d9539ebc,"{""distance"":7,""physical_error_rate"":0.001}","{""detection_events"":10926,""detectors_checked"":2789640}"
      7009,         0,         0,   0.486,standalone_exact_mw,3bd544bb51e006261b45d3a2c996e28fc0c0449411cee5f7deafcd25d9539ebc,"{""distance"":7,""physical_error_rate"":0.001}","{""detection_events"":21904,""detectors_checked"":5677290}"
       932,         0,         0,   0.077,standalone_exact_mw,3bd544bb51e006261b45d3a2c996e28fc0c0449411cee5f7deafcd25d9539ebc,"{""distance"":7,""physical_error_rate"":0.001}","{""detection_events"":3211,""detectors_checked"":754920}"
      4380,         0,         0,   0.324,standalone_exact_mw,3bd544bb51e006261b45d3a2c996e28fc0c0449411cee5f7deafcd25d9539ebc,"{""distance"":7,""physical_error_rate"":0.001}","{""detection_events"":13534,""detectors_checked"":3547800}"
       733,         0,         0,   0.052,standalone_exact_mw,3bd544bb51e006261b45d3a2c996e28fc0c0449411cee5f7deafcd25d9539ebc,"{""distance"":7,""physical_error_rate"":0.001}","{""detection_events"":2400,""detectors_checked"":593730}"
      6144,         0,         0,   0.459,standalone_exact_mw,3bd544bb51e006261b45d3a2c996e28fc0c0449411cee5f7deafcd25d9539ebc,"{""distance"":7,""physical_error_rate"":0.001}","{""detection_events"":19286,""detectors_checked"":4976640}"
       148,         0,         0,   0.004,standalone_exact_mw,3bd544bb51e006261b45d3a2c996e28fc0c0449411cee5f7deafcd25d9539ebc,"{""distance"":7,""physical_error_rate"":0.001}","{""detection_events"":459,""detectors_checked"":119880}"
      3457,         0,         0,   0.335,standalone_exact_mw,3bd544bb51e006261b45d3a2c996e28fc0c0449411cee5f7deafcd25d9539ebc,"{""distance"":7,""physical_error_rate"":0.001}","{""detection_events"":10583,""detectors_checked"":2800170}"
      3351,         0,         0,   0.252,standalone_exact_mw,3bd544bb51e006261b45d3a2c996e28fc0c0449411cee5f7deafcd25d9539ebc,"{""distance"":7,""physical_error_rate"":0.001}","{""detection_events"":10229,""detectors_checked"":2714310}"
      5120,         0,         0,   0.180,standalone_exact_mw,3bd544bb51e006261b45d3a2c996e28fc0c0449411cee5f7deafcd25d9539ebc,"{""distance"":7,""physical_error_rate"":0.001}","{""detection_events"":15963,""detectors_checked"":4147200}"
        62,         0,         0,   0.002,standalone_exact_mw,3bd544bb51e006261b45d3a2c996e28fc0c0449411cee5f7deafcd25d9539ebc,"{""distance"":7,""physical_error_rate"":0.001}","{""detection_events"":203,""detectors_checked"":50220}"
      5615,         0,         0,   0.369,standalone_exact_mw,3bd544bb51e006261b45d3a2c996e28fc0c0449411cee5f7deafcd25d9539ebc,"{""distance"":7,""physical_error_rate"":0.001}","{""detection_events"":17415,""detectors_checked"":4548150}"
      3337,         0,         0,   0.291,standalone_exact_mw,3bd544bb51e006261b45d3a2c996e28fc0c0449411cee5f7deafcd25d9539ebc,"{""distance"":7,""physical_error_rate"":0.001}","{""detection_events"":10564,""detectors_checked"":2702970}"
       685,         0,         0,   0.053,standalone_exact_mw,3bd544bb51e006261b45d3a2c996e28fc0c0449411cee5f7deafcd25d9539ebc,"{""distance"":7,""physical_error_rate"":0.001}","{""detection_events"":2104,""detectors_checked"":554850}"
       600,         0,         0,   0.022,standalone_exact_mw,3bd544bb51e006261b45d3a2c996e28fc0c0449411cee5f7deafcd25d9539ebc,"{""distance"":7,""physical_error_rate"":0.001}","{""detection_events"":1804,""detectors_checked"":486000}"
      4097,         0,         0,   0.252,standalone_exact_mw,3bd544bb51e006261b45d3a2c996e28fc0c0449411cee5f7deafcd25d9539ebc,"{""distance"":7,""physical_error_rate"":0.001}","{""detection_events"":12582,""detectors_checked"":3318570}"
      5506,         0,         0,   0.421,standalone_exact_mw,3bd544bb51e006261b45d3a2c996e28fc0c0449411cee5f7deafcd25d9539ebc,"{""distance"":7,""physical_error_rate"":0.001}","{""detection_events"":17371,""detectors_checked"":4459860}"
       309,         0,         0,   0.027,standalone_exact_mw,3bd544bb51e006261b45d3a2c996e28fc0c0449411cee5f7deafcd25d9539ebc,"{""distance"":7,""physical_error_rate"":0.001}","{""detection_events"":936,""detectors_checked"":250290}"
      3258,         0,         0,   0.206,standalone_exact_mw,3bd544bb51e006261b45d3a2c996e28fc0c0449411cee5f7deafcd25d9539ebc,"{""distance"":7,""physical_error_rate"":0.001}","{""detection_events"":10149,""detectors_checked"":2638980}"
      5120,         0,         0,   0.209,standalone_exact_mw,3bd544bb51e006261b45d3a2c996e28fc0c0449411cee5f7deafcd25d9539ebc,"{""distance"":7,""physical_error_rate"":0.001}","{""detection_events"":15833,""detectors_checked"":4147200}"
      5050,         0,         0,   0.444,standalone_exact_mw,3bd544bb51e006261b45d3a2c996e28fc0c0449411cee5f7deafcd25d9539ebc,"{""distance"":7,""physical_error_rate"":0.001}","{""detection_events"":15894,""detectors_checked"":4090500}"
       698,         0,         0,   0.044,standalone_exact_mw,3bd544bb51e006261b45d3a2c996e28fc0c0449411cee5f7deafcd25d9539ebc,"{""distance"":7,""physical_error_rate"":0.001}","{""detection_events"":2092,""detectors_checked"":565380}"
      3484,         0,         0,   0.282,standalone_exact_mw,3bd544bb51e006261b45d3a2c996e28fc0c0449411cee5f7deafcd25d9539ebc,"{""distance"":7,""physical_error_rate"":0.001}","{""detection_events"":10909,""detectors_checked"":2822040}"
      4639,         0,         0,   0.308,standalone_exact_mw,3bd544bb51e006261b45d3a2c996e28fc0c0449411cee5f7deafcd25d9539ebc,"{""distance"":7,""physical_error_rate"":0.001}","{""detection_events"":14675,""detectors_checked"":3757590}"
       783,         0,         0,   0.083,standalone_exact_mw,3bd544bb51e006261b45d3a2c996e28fc0c0449411cee5f7deafcd25d9539ebc,"{""distance"":7,""physical_error_rate"":0.001}","{""detection_events"":2331,""detectors_checked"":634230}"
      3329,         0,         0,   0.143,standalone_exact_mw,3bd544bb51e006261b45d3a2c996e28fc0c0449411cee5f7deafcd25d9539ebc,"{""distance"":7,""physical_error_rate"":0.001}","{""detection_events"":10659,""detectors_checked"":2696490}"
        47,         0,         0,   0.002,standalone_exact_mw,3bd544bb51e006261b45d3a2c996e28fc0c0449411cee5f7deafcd25d9539ebc,"{""distance"":7,""physical_error_rate"":0.001}","{""detection_events"":158,""detectors_checked"":38070}"
       248,         0,         0,   0.006,standalone_exact_mw,3bd544bb51e006261b45d3a2c996e28fc0c0449411cee5f7deafcd25d9539ebc,"{""distance"":7,""physical_error_rate"":0.001}","{""detection_events"":784,""detectors_checked"":200880}"
      4196,         0,         0,   0.316,standalone_exact_mw,3bd544bb51e006261b45d3a2c996e28fc0c0449411cee5f7deafcd25d9539ebc,"{""distance"":7,""physical_error_rate"":0.001}","{""detection_events"":13096,""detectors_checked"":3398760}"
       829,         0,         0,   0.054,standalone_exact_mw,3bd544bb51e006261b45d3a2c996e28fc0c0449411cee5f7deafcd25d9539ebc,"{""distance"":7,""physical_error_rate"":0.001}","{""detection_events"":2724,""detectors_checked"":671490}"
        50,         0,         0,   0.002,standalone_exact_mw,3bd544bb51e006261b45d3a2c996e28fc0c0449411cee5f7deafcd25d9539ebc,"{""distance"":7,""physical_error_rate"":0.001}","{""detection_events"":152,""detectors_checked"":40500}"
      4306,         0,         0,   0.278,standalone_exact_mw,3bd544bb51e006261b45d3a2c996e28fc0c0449411cee5f7deafcd25d9539ebc,"{""distance"":7,""physical_error_rate"":0.001}","{""detection_events"":13374,""detectors_checked"":3487860}"
        57,         0,         0,   0.002,standalone_exact_mw,3bd544bb51e006261b45d3a2c996e28fc0c0449411cee5f7deafcd25d9539ebc,"{""distance"":7,""physical_error_rate"":0.001}","{""detection_events"":179,""detectors_checked"":46170}"
      5120,         0,         0,   0.418,standalone_exact_mw,3bd544bb51e006261b45d3a2c996e28fc0c0449411cee5f7deafcd25d9539ebc,"{""distance"":7,""physical_error_rate"":0.001}","{""detection_events"":15697,""detectors_checked"":4147200}"
      3688,         0,         0,   0.210,standalone_exact_mw,3bd544bb51e006261b45d3a2c996e28fc0c0449411cee5f7deafcd25d9539ebc,"{""distance"":7,""physical_error_rate"":0.001}","{""detection_events"":11474,""detectors_checked"":2987280}"
        84,         0,         0,   0.003,standalone_exact_mw,3bd544bb51e006261b45d3a2c996e28fc0c0449411cee5f7deafcd25d9539ebc,"{""distance"":7,""physical_error_rate"":0.001}","{""detection_events"":262,""detectors_checked"":68040}"
      4418,         0,         0,   0.395,standalone_exact_mw,3bd544bb51e006261b45d3a2c996e28fc0c0449411cee5f7deafcd25d9539ebc,"{""distance"":7,""physical_error_rate"":0.001}","{""detection_events"":13570,""detectors_checked"":3578580}"
        91,         0,         0,   0.003,standalone_exact_mw,3bd544bb51e006261b45d3a2c996e28fc0c0449411cee5f7deafcd25d9539ebc,"{""distance"":7,""physical_error_rate"":0.001}","{""detection_events"":298,""detectors_checked"":73710}"
      3827,         0,         0,   0.414,standalone_exact_mw,3bd544bb51e006261b45d3a2c996e28fc0c0449411cee5f7deafcd25d9539ebc,"{""distance"":7,""physical_error_rate"":0.001}","{""detection_events"":11950,""detectors_checked"":3099870}"
      5120,         0,         0,   0.487,standalone_exact_mw,3bd544bb51e006261b45d3a2c996e28fc0c0449411cee5f7deafcd25d9539ebc,"{""distance"":7,""physical_error_rate"":0.001}","{""detection_events"":16007,""detectors_checked"":4147200}"
      1214,         0,         0,   0.135,standalone_exact_mw,3bd544bb51e006261b45d3a2c996e28fc0c0449411cee5f7deafcd25d9539ebc,"{""distance"":7,""physical_error_rate"":0.001}","{""detection_events"":3897,""detectors_checked"":983340}"
      4587,         0,         0,   0.296,standalone_exact_mw,3bd544bb51e006261b45d3a2c996e28fc0c0449411cee5f7deafcd25d9539ebc,"{""distance"":7,""physical_error_rate"":0.001}","{""detection_events"":14303,""detectors_checked"":3715470}"
       760,         0,         0,   0.058,standalone_exact_mw,3bd544bb51e006261b45d3a2c996e28fc0c0449411cee5f7deafcd25d9539ebc,"{""distance"":7,""physical_error_rate"":0.001}","{""detection_events"":2335,""detectors_checked"":615600}"
      4639,         0,         0,   0.328,standalone_exact_mw,3bd544bb51e006261b45d3a2c996e28fc0c0449411cee5f7deafcd25d9539ebc,"{""distance"":7,""physical_error_rate"":0.001}","{""detection_events"":14734,""detectors_checked"":3757590}"
      4418,         0,         0,   0.309,standalone_exact_mw,3bd544bb51e006261b45d3a2c996e28fc0c0449411cee5f7deafcd25d9539ebc,"{""distance"":7,""physical_error_rate"":0.001}","{""detection_events"":13912,""detectors_checked"":3578580}"
      4196,         0,         0,   0.172,standalone_exact_mw,3bd544bb51e006261b45d3a2c996e28fc0c0449411cee5f7deafcd25d9539ebc,"{""distance"":7,""physical_error_rate"":0.001}","{""detection_events"":13260,""detectors_checked"":3398760}"
       784,         0,         0,   0.027,standalone_exact_mw,3bd544bb51e006261b45d3a2c996e28fc0c0449411cee5f7deafcd25d9539ebc,"{""distance"":7,""physical_error_rate"":0.001}","{""detection_events"":2311,""detectors_checked"":635040}"
      4803,         0,         0,   0.311,standalone_exact_mw,3bd544bb51e006261b45d3a2c996e28fc0c0449411cee5f7deafcd25d9539ebc,"{""distance"":7,""physical_error_rate"":0.001}","{""detection_events"":15028,""detectors_checked"":3890430}"
        47,         0,         0,   0.002,standalone_exact_mw,3bd544bb51e006261b45d3a2c996e28fc0c0449411cee5f7deafcd25d9539ebc,"{""distance"":7,""physical_error_rate"":0.001}","{""detection_events"":182,""detectors_checked"":38070}"
      4282,         0,         0,   0.232,standalone_exact_mw,3bd544bb51e006261b45d3a2c996e28fc0c0449411cee5f7deafcd25d9539ebc,"{""distance"":7,""physical_error_rate"":0.001}","{""detection_events"":13107,""detectors_checked"":3468420}"
      3795,         0,         0,   0.234,standalone_exact_mw,3bd544bb51e006261b45d3a2c996e28fc0c0449411cee5f7deafcd25d9539ebc,"{""distance"":7,""physical_error_rate"":0.001}","{""detection_events"":11768,""detectors_checked"":3073950}"
       443,         0,         0,   0.011,standalone_exact_mw,3bd544bb51e006261b45d3a2c996e28fc0c0449411cee5f7deafcd25d9539ebc,"{""distance"":7,""physical_error_rate"":0.001}","{""detection_events"":1481,""detectors_checked"":358830}"
       708,         0,         0,   0.061,standalone_exact_mw,3bd544bb51e006261b45d3a2c996e28fc0c0449411cee5f7deafcd25d9539ebc,"{""distance"":7,""physical_error_rate"":0.001}","{""detection_events"":2064,""detectors_checked"":573480}"
      5120,         0,         0,   0.449,standalone_exact_mw,3bd544bb51e006261b45d3a2c996e28fc0c0449411cee5f7deafcd25d9539ebc,"{""distance"":7,""physical_error_rate"":0.001}","{""detection_events"":15984,""detectors_checked"":4147200}"
      3535,         0,         0,   0.224,standalone_exact_mw,3bd544bb51e006261b45d3a2c996e28fc0c0449411cee5f7deafcd25d9539ebc,"{""distance"":7,""physical_error_rate"":0.001}","{""detection_events"":11146,""detectors_checked"":2863350}"
        63,         0,         0,   0.002,standalone_exact_mw,3bd544bb51e006261b45d3a2c996e28fc0c0449411cee5f7deafcd25d9539ebc,"{""distance"":7,""physical_error_rate"":0.001}","{""detection_events"":185,""detectors_checked"":51030}"
       896,         0,         0,   0.075,standalone_exact_mw,3bd544bb51e006261b45d3a2c996e28fc0c0449411cee5f7deafcd25d9539ebc,"{""distance"":7,""physical_error_rate"":0.001}","{""detection_events"":2848,""detectors_checked"":725760}"
      4282,         0,         0,   0.264,standalone_exact_mw,3bd544bb51e006261b45d3a2c996e28fc0c0449411cee5f7deafcd25d9539ebc,"{""distance"":7,""physical_error_rate"":0.001}","{""detection_events"":13254,""detectors_checked"":3468420}"
       950,         0,         0,   0.034,standalone_exact_mw,3bd544bb51e006261b45d3a2c996e28fc0c0449411cee5f7deafcd25d9539ebc,"{""distance"":7,""physical_error_rate"":0.001}","{""detection_events"":3005,""detectors_checked"":769500}"
       386,         0,         0,   0.019,standalone_exact_mw,3bd544bb51e006261b45d3a2c996e28fc0c0449411cee5f7deafcd25d9539ebc,"{""distance"":7,""physical_error_rate"":0.001}","{""detection_events"":1335,""detectors_checked"":312660}"
       278,         0,         0,   0.007,standalone_exact_mw,3bd544bb51e006261b45d3a2c996e28fc0c0449411cee5f7deafcd25d9539ebc,"{""distance"":7,""physical_error_rate"":0.001}","{""detection_events"":904,""detectors_checked"":225180}"
       688,         0,         0,   0.054,standalone_exact_mw,3bd544bb51e006261b45d3a2c996e28fc0c0449411cee5f7deafcd25d9539ebc,"{""distance"":7,""physical_error_rate"":0.001}","{""detection_events"":2102,""detectors_checked"":557280}"
      4140,         0,         0,   0.253,standalone_exact_mw,3bd544bb51e006261b45d3a2c996e28fc0c0449411cee5f7deafcd25d9539ebc,"{""distance"":7,""physical_error_rate"":0.001}","{""detection_events"":13168,""detectors_checked"":3353400}"
        39,         0,         0,   0.002,standalone_exact_mw,3bd544bb51e006261b45d3a2c996e28fc0c0449411cee5f7deafcd25d9539ebc,"{""distance"":7,""physical_error_rate"":0.001}","{""detection_events"":107,""detectors_checked"":31590}"
        71,         0,         0,   0.002,standalone_exact_mw,3bd544bb51e006261b45d3a2c996e28fc0c0449411cee5f7deafcd25d9539ebc,"{""distance"":7,""physical_error_rate"":0.001}","{""detection_events"":264,""detectors_checked"":57510}"
      5120,         0,         0,   0.526,standalone_exact_mw,3bd544bb51e006261b45d3a2c996e28fc0c0449411cee5f7deafcd25d9539ebc,"{""distance"":7,""physical_error_rate"":0.001}","{""detection_events"":15716,""detectors_checked"":4147200}"
       619,         0,         0,   0.015,standalone_exact_mw,3bd544bb51e006261b45d3a2c996e28fc0c0449411cee5f7deafcd25d9539ebc,"{""distance"":7,""physical_error_rate"":0.001}","{""detection_events"":1936,""detectors_checked"":501390}"
        82,         0,         0,   0.003,standalone_exact_mw,3bd544bb51e006261b45d3a2c996e28fc0c0449411cee5f7deafcd25d9539ebc,"{""distance"":7,""physical_error_rate"":0.001}","{""detection_events"":252,""detectors_checked"":66420}"
      1626,         0,         0,   0.100,standalone_exact_mw,3bd544bb51e006261b45d3a2c996e28fc0c0449411cee5f7deafcd25d9539ebc,"{""distance"":7,""physical_error_rate"":0.001}","{""detection_events"":5025,""detectors_checked"":1317060}"
       386,         0,         0,   0.031,standalone_exact_mw,3bd544bb51e006261b45d3a2c996e28fc0c0449411cee5f7deafcd25d9539ebc,"{""distance"":7,""physical_error_rate"":0.001}","{""detection_events"":1203,""detectors_checked"":312660}"
      5120,         0,         0,   0.491,standalone_exact_mw,3bd544bb51e006261b45d3a2c996e28fc0c0449411cee5f7deafcd25d9539ebc,"{""distance"":7,""physical_error_rate"":0.001}","{""detection_events"":15651,""detectors_checked"":4147200}"
        55,         0,         0,   0.002,standalone_exact_mw,3bd544bb51e006261b45d3a2c996e28fc0c0449411cee5f7deafcd25d9539ebc,"{""distance"":7,""physical_error_rate"":0.001}","{""detection_events"":147,""detectors_checked"":44550}"
       443,         0,         0,   0.011,standalone_exact_mw,3bd544bb51e006261b45d3a2c996e28fc0c0449411cee5f7deafcd25d9539ebc,"{""distance"":7,""physical_error_rate"":0.001}","{""detection_events"":1470,""detectors_checked"":358830}"
      1432,         0,         0,   0.069,standalone_exact_mw,3bd544bb51e006261b45d3a2c996e28fc0c0449411cee5f7deafcd25d9539ebc,"{""distance"":7,""physical_error_rate"":0.001}","{""detection_events"":4246,""detectors_checked"":1159920}"
       714,         0,         0,   0.025,standalone_exact_mw,3bd544bb51e006261b45d3a2c996e28fc0c0449411cee5f7deafcd25d9539ebc,"{""distance"":7,""physical_error_rate"":0.001}","{""detection_events"":2388,""detectors_checked"":578340}"
      4366,         0,         0,   0.358,standalone_exact_mw,3bd544bb51e006261b45d3a2c996e28fc0c0449411cee5f7deafcd25d9539ebc,"{""distance"":7,""physical_error_rate"":0.001}","{""detection_events"":13400,""detectors_checked"":3536460}"
      4418,         0,         0,   0.360,standalone_exact_mw,3bd544bb51e006261b45d3a2c996e28fc0c0449411cee5f7deafcd25d9539ebc,"{""distance"":7,""physical_error_rate"":0.001}","{""detection_events"":13675,""detectors_checked"":3578580}"
      1002,         0,         0,   0.024,standalone_exact_mw,3bd544bb51e006261b45d3a2c996e28fc0c0449411cee5f7deafcd25d9539ebc,"{""distance"":7,""physical_error_rate"":0.001}","{""detection_events"":3127,""detectors_checked"":811620}"
      1479,         0,         0,   0.078,standalone_exact_mw,3bd544bb51e006261b45d3a2c996e28fc0c0449411cee5f7deafcd25d9539ebc,"{""distance"":7,""physical_error_rate"":0.001}","{""detection_events"":4671,""detectors_checked"":1197990}"
       506,         0,         0,   0.025,standalone_exact_mw,3bd544bb51e006261b45d3a2c996e28fc0c0449411cee5f7deafcd25d9539ebc,"{""distance"":7,""physical_error_rate"":0.001}","{""detection_events"":1557,""detectors_checked"":409860}"
       443,         0,         0,   0.020,standalone_exact_mw,3bd544bb51e006261b45d3a2c996e28fc0c0449411cee5f7deafcd25d9539ebc,"{""distance"":7,""physical_error_rate"":0.001}","{""detection_events"":1417,""detectors_checked"":358830}"
      3547,         0,         0,   0.386,standalone_exact_mw,3bd544bb51e006261b45d3a2c996e28fc0c0449411cee5f7deafcd25d9539ebc,"{""distance"":7,""physical_error_rate"":0.001}","{""detection_events"":11293,""detectors_checked"":2873070}"
      3072,         0,         0,   0.171,standalone_exact_mw,3bd544bb51e006261b45d3a2c996e28fc0c0449411cee5f7deafcd25d9539ebc,"{""distance"":7,""physical_error_rate"":0.001}","{""detection_events"":9439,""detectors_checked"":2488320}"
      4803,         0,         0,   0.480,standalone_exact_mw,3bd544bb51e006261b45d3a2c996e28fc0c0449411cee5f7deafcd25d9539ebc,"{""distance"":7,""physical_error_rate"":0.001}","{""detection_events"":15123,""detectors_checked"":3890430}"
      3072,         0,         0,   0.172,standalone_exact_mw,3bd544bb51e006261b45d3a2c996e28fc0c0449411cee5f7deafcd25d9539ebc,"{""distance"":7,""physical_error_rate"":0.001}","{""detection_events"":9736,""detectors_checked"":2488320}"
       499,         0,         0,   0.029,standalone_exact_mw,3bd544bb51e006261b45d3a2c996e28fc0c0449411cee5f7deafcd25d9539ebc,"{""distance"":7,""physical_error_rate"":0.001}","{""detection_events"":1582,""detectors_checked"":404190}"
      4096,         0,         0,   0.344,standalone_exact_mw,3bd544bb51e006261b45d3a2c996e28fc0c0449411cee5f7deafcd25d9539ebc,"{""distance"":7,""physical_error_rate"":0.001}","{""detection_events"":12784,""detectors_checked"":3317760}"
      3072,         0,         0,   0.201,standalone_exact_mw,3bd544bb51e006261b45d3a2c996e28fc0c0449411cee5f7deafcd25d9539ebc,"{""distance"":7,""physical_error_rate"":0.001}","{""detection_events"":9475,""detectors_checked"":2488320}"
      4096,         0,         0,   0.244,standalone_exact_mw,3bd544bb51e006261b45d3a2c996e28fc0c0449411cee5f7deafcd25d9539ebc,"{""distance"":7,""physical_error_rate"":0.001}","{""detection_events"":12637,""detectors_checked"":3317760}"
       386,         0,         0,   0.024,standalone_exact_mw,3bd544bb51e006261b45d3a2c996e28fc0c0449411cee5f7deafcd25d9539ebc,"{""distance"":7,""physical_error_rate"":0.001}","{""detection_events"":1181,""detectors_checked"":312660}"
      3628,         0,         0,   0.229,standalone_exact_mw,3bd544bb51e006261b45d3a2c996e28fc0c0449411cee5f7deafcd25d9539ebc,"{""distance"":7,""physical_error_rate"":0.001}","{""detection_events"":11256,""detectors_checked"":2938680}"
      3547,         0,         0,   0.363,standalone_exact_mw,3bd544bb51e006261b45d3a2c996e28fc0c0449411cee5f7deafcd25d9539ebc,"{""distance"":7,""physical_error_rate"":0.001}","{""detection_events"":11221,""detectors_checked"":2873070}"
      4096,         0,         0,   0.213,standalone_exact_mw,3bd544bb51e006261b45d3a2c996e28fc0c0449411cee5f7deafcd25d9539ebc,"{""distance"":7,""physical_error_rate"":0.001}","{""detection_events"":12581,""detectors_checked"":3317760}"
       737,         0,         0,   0.026,standalone_exact_mw,3bd544bb51e006261b45d3a2c996e28fc0c0449411cee5f7deafcd25d9539ebc,"{""distance"":7,""physical_error_rate"":0.001}","{""detection_events"":2375,""detectors_checked"":596970}"
        84,         0,         0,   0.003,standalone_exact_mw,3bd544bb51e006261b45d3a2c996e28fc0c0449411cee5f7deafcd25d9539ebc,"{""distance"":7,""physical_error_rate"":0.001}","{""detection_events"":248,""detectors_checked"":68040}"
      4096,         0,         0,   0.256,standalone_exact_mw,3bd544bb51e006261b45d3a2c996e28fc0c0449411cee5f7deafcd25d9539ebc,"{""distance"":7,""physical_error_rate"":0.001}","{""detection_events"":12789,""detectors_checked"":3317760}"
       836,         0,         0,   0.057,standalone_exact_mw,3bd544bb51e006261b45d3a2c996e28fc0c0449411cee5f7deafcd25d9539ebc,"{""distance"":7,""physical_error_rate"":0.001}","{""detection_events"":2530,""detectors_checked"":677160}"
      4196,         0,         0,   0.465,standalone_exact_mw,3bd544bb51e006261b45d3a2c996e28fc0c0449411cee5f7deafcd25d9539ebc,"{""distance"":7,""physical_error_rate"":0.001}","{""detection_events"":12756,""detectors_checked"":3398760}"
        66,         0,         0,   0.002,standalone_exact_mw,3bd544bb51e006261b45d3a2c996e28fc0c0449411cee5f7deafcd25d9539ebc,"{""distance"":7,""physical_error_rate"":0.001}","{""detection_events"":191,""detectors_checked"":53460}"
       475,         0,         0,   0.011,standalone_exact_mw,3bd544bb51e006261b45d3a2c996e28fc0c0449411cee5f7deafcd25d9539ebc,"{""distance"":7,""physical_error_rate"":0.001}","{""detection_events"":1512,""detectors_checked"":384750}"
        17,         0,         0,   0.001,standalone_exact_mw,3bd544bb51e006261b45d3a2c996e28fc0c0449411cee5f7deafcd25d9539ebc,"{""distance"":7,""physical_error_rate"":0.001}","{""detection_events"":58,""detectors_checked"":13770}"
       557,         0,         0,   0.030,standalone_exact_mw,3bd544bb51e006261b45d3a2c996e28fc0c0449411cee5f7deafcd25d9539ebc,"{""distance"":7,""physical_error_rate"":0.001}","{""detection_events"":1795,""detectors_checked"":451170}"
       270,         0,         0,   0.007,standalone_exact_mw,3bd544bb51e006261b45d3a2c996e28fc0c0449411cee5f7deafcd25d9539ebc,"{""distance"":7,""physical_error_rate"":0.001}","{""detection_events"":785,""detectors_checked"":218700}"
       100,         0,         0,   0.003,standalone_exact_mw,3bd544bb51e006261b45d3a2c996e28fc0c0449411cee5f7deafcd25d9539ebc,"{""distance"":7,""physical_error_rate"":0.001}","{""detection_events"":298,""detectors_checked"":81000}"
        77,         0,         0,   0.003,standalone_exact_mw,3bd544bb51e006261b45d3a2c996e28fc0c0449411cee5f7deafcd25d9539ebc,"{""distance"":7,""physical_error_rate"":0.001}","{""detection_events"":215,""detectors_checked"":62370}"
      1503,         0,         0,   0.081,standalone_exact_mw,3bd544bb51e006261b45d3a2c996e28fc0c0449411cee5f7deafcd25d9539ebc,"{""distance"":7,""physical_error_rate"":0.001}","{""detection_events"":4473,""detectors_checked"":1217430}"
      4096,         0,         0,   0.383,standalone_exact_mw,3bd544bb51e006261b45d3a2c996e28fc0c0449411cee5f7deafcd25d9539ebc,"{""distance"":7,""physical_error_rate"":0.001}","{""detection_events"":12731,""detectors_checked"":3317760}"
        33,         0,         0,   0.002,standalone_exact_mw,3bd544bb51e006261b45d3a2c996e28fc0c0449411cee5f7deafcd25d9539ebc,"{""distance"":7,""physical_error_rate"":0.001}","{""detection_events"":90,""detectors_checked"":26730}"
      3072,         0,         0,   0.192,standalone_exact_mw,3bd544bb51e006261b45d3a2c996e28fc0c0449411cee5f7deafcd25d9539ebc,"{""distance"":7,""physical_error_rate"":0.001}","{""detection_events"":9621,""detectors_checked"":2488320}"
      2337,         0,         0,   0.163,standalone_exact_mw,3bd544bb51e006261b45d3a2c996e28fc0c0449411cee5f7deafcd25d9539ebc,"{""distance"":7,""physical_error_rate"":0.001}","{""detection_events"":7512,""detectors_checked"":1892970}"
      1197,         0,         0,   0.066,standalone_exact_mw,3bd544bb51e006261b45d3a2c996e28fc0c0449411cee5f7deafcd25d9539ebc,"{""distance"":7,""physical_error_rate"":0.001}","{""detection_events"":3794,""detectors_checked"":969570}"
      1503,         0,         0,   0.158,standalone_exact_mw,3bd544bb51e006261b45d3a2c996e28fc0c0449411cee5f7deafcd25d9539ebc,"{""distance"":7,""physical_error_rate"":0.001}","{""detection_events"":4703,""detectors_checked"":1217430}"
       270,         0,         0,   0.007,standalone_exact_mw,3bd544bb51e006261b45d3a2c996e28fc0c0449411cee5f7deafcd25d9539ebc,"{""distance"":7,""physical_error_rate"":0.001}","{""detection_events"":831,""detectors_checked"":218700}"
      2418,         0,         0,   0.145,standalone_exact_mw,3bd544bb51e006261b45d3a2c996e28fc0c0449411cee5f7deafcd25d9539ebc,"{""distance"":7,""physical_error_rate"":0.001}","{""detection_events"":7368,""detectors_checked"":1958580}"
        55,         0,         0,   0.003,standalone_exact_mw,3bd544bb51e006261b45d3a2c996e28fc0c0449411cee5f7deafcd25d9539ebc,"{""distance"":7,""physical_error_rate"":0.001}","{""detection_events"":159,""detectors_checked"":44550}"
      4996,         0,         0,   0.497,standalone_exact_mw,3bd544bb51e006261b45d3a2c996e28fc0c0449411cee5f7deafcd25d9539ebc,"{""distance"":7,""physical_error_rate"":0.001}","{""detection_events"":15560,""detectors_checked"":4046760}"
        44,         0,         0,   0.002,standalone_exact_mw,3bd544bb51e006261b45d3a2c996e28fc0c0449411cee5f7deafcd25d9539ebc,"{""distance"":7,""physical_error_rate"":0.001}","{""detection_events"":164,""detectors_checked"":35640}"
        50,         0,         0,   0.002,standalone_exact_mw,3bd544bb51e006261b45d3a2c996e28fc0c0449411cee5f7deafcd25d9539ebc,"{""distance"":7,""physical_error_rate"":0.001}","{""detection_events"":141,""detectors_checked"":40500}"
        88,         0,         0,   0.003,standalone_exact_mw,3bd544bb51e006261b45d3a2c996e28fc0c0449411cee5f7deafcd25d9539ebc,"{""distance"":7,""physical_error_rate"":0.001}","{""detection_events"":303,""detectors_checked"":71280}"
      3072,         0,         0,   0.191,standalone_exact_mw,3bd544bb51e006261b45d3a2c996e28fc0c0449411cee5f7deafcd25d9539ebc,"{""distance"":7,""physical_error_rate"":0.001}","{""detection_events"":9466,""detectors_checked"":2488320}"
      3072,         0,         0,   0.403,standalone_exact_mw,3bd544bb51e006261b45d3a2c996e28fc0c0449411cee5f7deafcd25d9539ebc,"{""distance"":7,""physical_error_rate"":0.001}","{""detection_events"":9316,""detectors_checked"":2488320}"
      3259,         0,         0,   0.256,standalone_exact_mw,3bd544bb51e006261b45d3a2c996e28fc0c0449411cee5f7deafcd25d9539ebc,"{""distance"":7,""physical_error_rate"":0.001}","{""detection_events"":10016,""detectors_checked"":2639790}"
      1390,         0,         0,   0.073,standalone_exact_mw,3bd544bb51e006261b45d3a2c996e28fc0c0449411cee5f7deafcd25d9539ebc,"{""distance"":7,""physical_error_rate"":0.001}","{""detection_events"":4184,""detectors_checked"":1125900}"
       874,         0,         0,   0.086,standalone_exact_mw,3bd544bb51e006261b45d3a2c996e28fc0c0449411cee5f7deafcd25d9539ebc,"{""distance"":7,""physical_error_rate"":0.001}","{""detection_events"":2785,""detectors_checked"":707940}"
        55,         0,         0,   0.002,standalone_exact_mw,3bd544bb51e006261b45d3a2c996e28fc0c0449411cee5f7deafcd25d9539ebc,"{""distance"":7,""physical_error_rate"":0.001}","{""detection_events"":153,""detectors_checked"":44550}"
      1038,         0,         0,   0.024,standalone_exact_mw,3bd544bb51e006261b45d3a2c996e28fc0c0449411cee5f7deafcd25d9539ebc,"{""distance"":7,""physical_error_rate"":0.001}","{""detection_events"":3377,""detectors_checked"":840780}"
       491,         0,         0,   0.011,standalone_exact_mw,3bd544bb51e006261b45d3a2c996e28fc0c0449411cee5f7deafcd25d9539ebc,"{""distance"":7,""physical_error_rate"":0.001}","{""detection_events"":1509,""detectors_checked"":397710}"
      3072,         0,         0,   0.171,standalone_exact_mw,3bd544bb51e006261b45d3a2c996e28fc0c0449411cee5f7deafcd25d9539ebc,"{""distance"":7,""physical_error_rate"":0.001}","{""detection_events"":9552,""detectors_checked"":2488320}"
        48,         0,         0,   0.002,standalone_exact_mw,3bd544bb51e006261b45d3a2c996e28fc0c0449411cee5f7deafcd25d9539ebc,"{""distance"":7,""physical_error_rate"":0.001}","{""detection_events"":183,""detectors_checked"":38880}"
         9,         0,         0,   0.001,standalone_exact_mw,3bd544bb51e006261b45d3a2c996e28fc0c0449411cee5f7deafcd25d9539ebc,"{""distance"":7,""physical_error_rate"":0.001}","{""detection_events"":22,""detectors_checked"":7290}"
       910,         0,         0,   0.078,standalone_exact_mw,3bd544bb51e006261b45d3a2c996e28fc0c0449411cee5f7deafcd25d9539ebc,"{""distance"":7,""physical_error_rate"":0.001}","{""detection_events"":2971,""detectors_checked"":737100}"
        30,         0,         0,   0.002,standalone_exact_mw,3bd544bb51e006261b45d3a2c996e28fc0c0449411cee5f7deafcd25d9539ebc,"{""distance"":7,""physical_error_rate"":0.001}","{""detection_events"":108,""detectors_checked"":24300}"
      4282,         0,         0,   0.614,standalone_exact_mw,3bd544bb51e006261b45d3a2c996e28fc0c0449411cee5f7deafcd25d9539ebc,"{""distance"":7,""physical_error_rate"":0.001}","{""detection_events"":13531,""detectors_checked"":3468420}"
       976,         0,         0,   0.080,standalone_exact_mw,3bd544bb51e006261b45d3a2c996e28fc0c0449411cee5f7deafcd25d9539ebc,"{""distance"":7,""physical_error_rate"":0.001}","{""detection_events"":3096,""detectors_checked"":790560}"
        37,         0,         0,   0.002,standalone_exact_mw,3bd544bb51e006261b45d3a2c996e28fc0c0449411cee5f7deafcd25d9539ebc,"{""distance"":7,""physical_error_rate"":0.001}","{""detection_events"":119,""detectors_checked"":29970}"
       844,         0,         0,   0.057,standalone_exact_mw,3bd544bb51e006261b45d3a2c996e28fc0c0449411cee5f7deafcd25d9539ebc,"{""distance"":7,""physical_error_rate"":0.001}","{""detection_events"":2623,""detectors_checked"":683640}"
        36,         0,         0,   0.002,standalone_exact_mw,3bd544bb51e006261b45d3a2c996e28fc0c0449411cee5f7deafcd25d9539ebc,"{""distance"":7,""physical_error_rate"":0.001}","{""detection_events"":118,""detectors_checked"":29160}"
       193,         0,         0,   0.005,standalone_exact_mw,3bd544bb51e006261b45d3a2c996e28fc0c0449411cee5f7deafcd25d9539ebc,"{""distance"":7,""physical_error_rate"":0.001}","{""detection_events"":619,""detectors_checked"":156330}"
      1636,         0,         0,   0.078,standalone_exact_mw,3bd544bb51e006261b45d3a2c996e28fc0c0449411cee5f7deafcd25d9539ebc,"{""distance"":7,""physical_error_rate"":0.001}","{""detection_events"":5089,""detectors_checked"":1325160}"
       470,         0,         0,   0.011,standalone_exact_mw,3bd544bb51e006261b45d3a2c996e28fc0c0449411cee5f7deafcd25d9539ebc,"{""distance"":7,""physical_error_rate"":0.001}","{""detection_events"":1422,""detectors_checked"":380700}"
        15,         0,         0,   0.001,standalone_exact_mw,3bd544bb51e006261b45d3a2c996e28fc0c0449411cee5f7deafcd25d9539ebc,"{""distance"":7,""physical_error_rate"":0.001}","{""detection_events"":59,""detectors_checked"":12150}"
        51,         0,         0,   0.002,standalone_exact_mw,3bd544bb51e006261b45d3a2c996e28fc0c0449411cee5f7deafcd25d9539ebc,"{""distance"":7,""physical_error_rate"":0.001}","{""detection_events"":165,""detectors_checked"":41310}"
         5,         0,         0,   0.001,standalone_exact_mw,3bd544bb51e006261b45d3a2c996e28fc0c0449411cee5f7deafcd25d9539ebc,"{""distance"":7,""physical_error_rate"":0.001}","{""detection_events"":8,""detectors_checked"":4050}"
        15,         0,         0,   0.001,standalone_exact_mw,3bd544bb51e006261b45d3a2c996e28fc0c0449411cee5f7deafcd25d9539ebc,"{""distance"":7,""physical_error_rate"":0.001}","{""detection_events"":65,""detectors_checked"":12150}"
        19,         0,         0,   0.001,standalone_exact_mw,3bd544bb51e006261b45d3a2c996e28fc0c0449411cee5f7deafcd25d9539ebc,"{""distance"":7,""physical_error_rate"":0.001}","{""detection_events"":70,""detectors_checked"":15390}"
        48,         0,         0,   0.002,standalone_exact_mw,3bd544bb51e006261b45d3a2c996e28fc0c0449411cee5f7deafcd25d9539ebc,"{""distance"":7,""physical_error_rate"":0.001}","{""detection_events"":181,""detectors_checked"":38880}"
       725,         0,         0,   0.018,standalone_exact_mw,3bd544bb51e006261b45d3a2c996e28fc0c0449411cee5f7deafcd25d9539ebc,"{""distance"":7,""physical_error_rate"":0.001}","{""detection_events"":2178,""detectors_checked"":587250}"
       601,         0,         0,   0.014,standalone_exact_mw,3bd544bb51e006261b45d3a2c996e28fc0c0449411cee5f7deafcd25d9539ebc,"{""distance"":7,""physical_error_rate"":0.001}","{""detection_events"":1939,""detectors_checked"":486810}"
      1024,         0,         0,   0.033,standalone_exact_mw,3bd544bb51e006261b45d3a2c996e28fc0c0449411cee5f7deafcd25d9539ebc,"{""distance"":7,""physical_error_rate"":0.001}","{""detection_events"":3242,""detectors_checked"":829440}"
        51,         0,         0,   0.002,standalone_exact_mw,3bd544bb51e006261b45d3a2c996e28fc0c0449411cee5f7deafcd25d9539ebc,"{""distance"":7,""physical_error_rate"":0.001}","{""detection_events"":164,""detectors_checked"":41310}"
      1233,         0,         0,   0.051,standalone_exact_mw,3bd544bb51e006261b45d3a2c996e28fc0c0449411cee5f7deafcd25d9539ebc,"{""distance"":7,""physical_error_rate"":0.001}","{""detection_events"":3907,""detectors_checked"":998730}"
       206,         0,         0,   0.005,standalone_exact_mw,3bd544bb51e006261b45d3a2c996e28fc0c0449411cee5f7deafcd25d9539ebc,"{""distance"":7,""physical_error_rate"":0.001}","{""detection_events"":614,""detectors_checked"":166860}"
      3844,         0,         0,   0.423,standalone_exact_mw,3bd544bb51e006261b45d3a2c996e28fc0c0449411cee5f7deafcd25d9539ebc,"{""distance"":7,""physical_error_rate"":0.001}","{""detection_events"":12064,""detectors_checked"":3113640}"
        80,         0,         0,   0.003,standalone_exact_mw,3bd544bb51e006261b45d3a2c996e28fc0c0449411cee5f7deafcd25d9539ebc,"{""distance"":7,""physical_error_rate"":0.001}","{""detection_events"":298,""detectors_checked"":64800}"
       601,         0,         0,   0.026,standalone_exact_mw,3bd544bb51e006261b45d3a2c996e28fc0c0449411cee5f7deafcd25d9539ebc,"{""distance"":7,""physical_error_rate"":0.001}","{""detection_events"":1924,""detectors_checked"":486810}"
       185,         0,         0,   0.005,standalone_exact_mw,3bd544bb51e006261b45d3a2c996e28fc0c0449411cee5f7deafcd25d9539ebc,"{""distance"":7,""physical_error_rate"":0.001}","{""detection_events"":588,""detectors_checked"":149850}"
        50,         0,         0,   0.002,standalone_exact_mw,3bd544bb51e006261b45d3a2c996e28fc0c0449411cee5f7deafcd25d9539ebc,"{""distance"":7,""physical_error_rate"":0.001}","{""detection_events"":126,""detectors_checked"":40500}"
      4096,         0,         0,   0.462,standalone_exact_mw,3bd544bb51e006261b45d3a2c996e28fc0c0449411cee5f7deafcd25d9539ebc,"{""distance"":7,""physical_error_rate"":0.001}","{""detection_events"":12807,""detectors_checked"":3317760}"
       725,         0,         0,   0.026,standalone_exact_mw,3bd544bb51e006261b45d3a2c996e28fc0c0449411cee5f7deafcd25d9539ebc,"{""distance"":7,""physical_error_rate"":0.001}","{""detection_events"":2168,""detectors_checked"":587250}"
      2105,         0,         0,   0.164,standalone_exact_mw,3bd544bb51e006261b45d3a2c996e28fc0c0449411cee5f7deafcd25d9539ebc,"{""distance"":7,""physical_error_rate"":0.001}","{""detection_events"":6856,""detectors_checked"":1705050}"
       776,         0,         0,   0.032,standalone_exact_mw,3bd544bb51e006261b45d3a2c996e28fc0c0449411cee5f7deafcd25d9539ebc,"{""distance"":7,""physical_error_rate"":0.001}","{""detection_events"":2612,""detectors_checked"":628560}"
      1233,         0,         0,   0.060,standalone_exact_mw,3bd544bb51e006261b45d3a2c996e28fc0c0449411cee5f7deafcd25d9539ebc,"{""distance"":7,""physical_error_rate"":0.001}","{""detection_events"":3872,""detectors_checked"":998730}"
      2048,         0,         0,   0.171,standalone_exact_mw,3bd544bb51e006261b45d3a2c996e28fc0c0449411cee5f7deafcd25d9539ebc,"{""distance"":7,""physical_error_rate"":0.001}","{""detection_events"":6334,""detectors_checked"":1658880}"
   1363968,         0,         0,   119.8,standalone_exact_mw,9d8ad86e51451842b54dafc7680d1b486ef291963bb72c70f3cdd570d2d8fa34,"{""distance"":7,""physical_error_rate"":0.002}","{""detection_events"":8484748,""detectors_checked"":1104814080}"
      2048,         0,         0,   0.164,standalone_exact_mw,3bd544bb51e006261b45d3a2c996e28fc0c0449411cee5f7deafcd25d9539ebc,"{""distance"":7,""physical_error_rate"":0.001}","{""detection_events"":6533,""detectors_checked"":1658880}"
         2,         0,         0,   0.001,standalone_exact_mw,3bd544bb51e006261b45d3a2c996e28fc0c0449411cee5f7deafcd25d9539ebc,"{""distance"":7,""physical_error_rate"":0.001}","{""detection_events"":8,""detectors_checked"":1620}"
      1024,         0,         0,   0.059,standalone_exact_mw,3bd544bb51e006261b45d3a2c996e28fc0c0449411cee5f7deafcd25d9539ebc,"{""distance"":7,""physical_error_rate"":0.001}","{""detection_events"":3249,""detectors_checked"":829440}"
       160,         0,         0,   0.004,standalone_exact_mw,3bd544bb51e006261b45d3a2c996e28fc0c0449411cee5f7deafcd25d9539ebc,"{""distance"":7,""physical_error_rate"":0.001}","{""detection_events"":507,""detectors_checked"":129600}"
       115,         0,         0,   0.003,standalone_exact_mw,3bd544bb51e006261b45d3a2c996e28fc0c0449411cee5f7deafcd25d9539ebc,"{""distance"":7,""physical_error_rate"":0.001}","{""detection_events"":364,""detectors_checked"":93150}"
       333,         0,         0,   0.008,standalone_exact_mw,3bd544bb51e006261b45d3a2c996e28fc0c0449411cee5f7deafcd25d9539ebc,"{""distance"":7,""physical_error_rate"":0.001}","{""detection_events"":1016,""detectors_checked"":269730}"
       128,         0,         0,   0.003,standalone_exact_mw,3bd544bb51e006261b45d3a2c996e28fc0c0449411cee5f7deafcd25d9539ebc,"{""distance"":7,""physical_error_rate"":0.001}","{""detection_events"":380,""detectors_checked"":103680}"
       333,         0,         0,   0.008,standalone_exact_mw,3bd544bb51e006261b45d3a2c996e28fc0c0449411cee5f7deafcd25d9539ebc,"{""distance"":7,""physical_error_rate"":0.001}","{""detection_events"":1099,""detectors_checked"":269730}"
       333,         0,         0,   0.008,standalone_exact_mw,3bd544bb51e006261b45d3a2c996e28fc0c0449411cee5f7deafcd25d9539ebc,"{""distance"":7,""physical_error_rate"":0.001}","{""detection_events"":1086,""detectors_checked"":269730}"
      1300,         0,         0,   0.083,standalone_exact_mw,3bd544bb51e006261b45d3a2c996e28fc0c0449411cee5f7deafcd25d9539ebc,"{""distance"":7,""physical_error_rate"":0.001}","{""detection_events"":4002,""detectors_checked"":1053000}"
         2,         0,         0,   0.001,standalone_exact_mw,3bd544bb51e006261b45d3a2c996e28fc0c0449411cee5f7deafcd25d9539ebc,"{""distance"":7,""physical_error_rate"":0.001}","{""detection_events"":5,""detectors_checked"":1620}"
        14,         0,         0,   0.003,standalone_exact_mw,3bd544bb51e006261b45d3a2c996e28fc0c0449411cee5f7deafcd25d9539ebc,"{""distance"":7,""physical_error_rate"":0.001}","{""detection_events"":48,""detectors_checked"":11340}"
       128,         0,         0,   0.003,standalone_exact_mw,3bd544bb51e006261b45d3a2c996e28fc0c0449411cee5f7deafcd25d9539ebc,"{""distance"":7,""physical_error_rate"":0.001}","{""detection_events"":383,""detectors_checked"":103680}"
       128,         0,         0,   0.003,standalone_exact_mw,3bd544bb51e006261b45d3a2c996e28fc0c0449411cee5f7deafcd25d9539ebc,"{""distance"":7,""physical_error_rate"":0.001}","{""detection_events"":395,""detectors_checked"":103680}"
       112,         0,         0,   0.003,standalone_exact_mw,3bd544bb51e006261b45d3a2c996e28fc0c0449411cee5f7deafcd25d9539ebc,"{""distance"":7,""physical_error_rate"":0.001}","{""detection_events"":368,""detectors_checked"":90720}"
       128,         0,         0,   0.004,standalone_exact_mw,3bd544bb51e006261b45d3a2c996e28fc0c0449411cee5f7deafcd25d9539ebc,"{""distance"":7,""physical_error_rate"":0.001}","{""detection_events"":427,""detectors_checked"":103680}"
         2,         0,         0,   0.002,standalone_exact_mw,3bd544bb51e006261b45d3a2c996e28fc0c0449411cee5f7deafcd25d9539ebc,"{""distance"":7,""physical_error_rate"":0.001}","{""detection_events"":4,""detectors_checked"":1620}"
       128,         0,         0,   0.004,standalone_exact_mw,3bd544bb51e006261b45d3a2c996e28fc0c0449411cee5f7deafcd25d9539ebc,"{""distance"":7,""physical_error_rate"":0.001}","{""detection_events"":494,""detectors_checked"":103680}"
       128,         0,         0,   0.003,standalone_exact_mw,3bd544bb51e006261b45d3a2c996e28fc0c0449411cee5f7deafcd25d9539ebc,"{""distance"":7,""physical_error_rate"":0.001}","{""detection_events"":409,""detectors_checked"":103680}"
        10,         0,         0,   0.001,standalone_exact_mw,3bd544bb51e006261b45d3a2c996e28fc0c0449411cee5f7deafcd25d9539ebc,"{""distance"":7,""physical_error_rate"":0.001}","{""detection_events"":29,""detectors_checked"":8100}"
       128,         0,         0,   0.003,standalone_exact_mw,3bd544bb51e006261b45d3a2c996e28fc0c0449411cee5f7deafcd25d9539ebc,"{""distance"":7,""physical_error_rate"":0.001}","{""detection_events"":422,""detectors_checked"":103680}"
        32,         0,         0,   0.002,standalone_exact_mw,3bd544bb51e006261b45d3a2c996e28fc0c0449411cee5f7deafcd25d9539ebc,"{""distance"":7,""physical_error_rate"":0.001}","{""detection_events"":60,""detectors_checked"":25920}"
        32,         0,         0,   0.002,standalone_exact_mw,3bd544bb51e006261b45d3a2c996e28fc0c0449411cee5f7deafcd25d9539ebc,"{""distance"":7,""physical_error_rate"":0.001}","{""detection_events"":89,""detectors_checked"":25920}"
         2,         0,         0,   0.001,standalone_exact_mw,3bd544bb51e006261b45d3a2c996e28fc0c0449411cee5f7deafcd25d9539ebc,"{""distance"":7,""physical_error_rate"":0.001}","{""detection_events"":11,""detectors_checked"":1620}"
       112,         0,         0,   0.003,standalone_exact_mw,3bd544bb51e006261b45d3a2c996e28fc0c0449411cee5f7deafcd25d9539ebc,"{""distance"":7,""physical_error_rate"":0.001}","{""detection_events"":362,""detectors_checked"":90720}"
        32,         0,         0,   0.002,standalone_exact_mw,3bd544bb51e006261b45d3a2c996e28fc0c0449411cee5f7deafcd25d9539ebc,"{""distance"":7,""physical_error_rate"":0.001}","{""detection_events"":96,""detectors_checked"":25920}"
        32,         0,         0,   0.002,standalone_exact_mw,3bd544bb51e006261b45d3a2c996e28fc0c0449411cee5f7deafcd25d9539ebc,"{""distance"":7,""physical_error_rate"":0.001}","{""detection_events"":90,""detectors_checked"":25920}"
         7,         0,         0,   0.001,standalone_exact_mw,3bd544bb51e006261b45d3a2c996e28fc0c0449411cee5f7deafcd25d9539ebc,"{""distance"":7,""physical_error_rate"":0.001}","{""detection_events"":15,""detectors_checked"":5670}"
       128,         0,         0,   0.004,standalone_exact_mw,3bd544bb51e006261b45d3a2c996e28fc0c0449411cee5f7deafcd25d9539ebc,"{""distance"":7,""physical_error_rate"":0.001}","{""detection_events"":390,""detectors_checked"":103680}"
       211,         0,         0,   0.005,standalone_exact_mw,3bd544bb51e006261b45d3a2c996e28fc0c0449411cee5f7deafcd25d9539ebc,"{""distance"":7,""physical_error_rate"":0.001}","{""detection_events"":657,""detectors_checked"":170910}"
       333,         0,         0,   0.008,standalone_exact_mw,3bd544bb51e006261b45d3a2c996e28fc0c0449411cee5f7deafcd25d9539ebc,"{""distance"":7,""physical_error_rate"":0.001}","{""detection_events"":1026,""detectors_checked"":269730}"
        32,         0,         0,   0.002,standalone_exact_mw,3bd544bb51e006261b45d3a2c996e28fc0c0449411cee5f7deafcd25d9539ebc,"{""distance"":7,""physical_error_rate"":0.001}","{""detection_events"":114,""detectors_checked"":25920}"
       128,         0,         0,   0.003,standalone_exact_mw,3bd544bb51e006261b45d3a2c996e28fc0c0449411cee5f7deafcd25d9539ebc,"{""distance"":7,""physical_error_rate"":0.001}","{""detection_events"":345,""detectors_checked"":103680}"
        32,         0,         0,   0.002,standalone_exact_mw,3bd544bb51e006261b45d3a2c996e28fc0c0449411cee5f7deafcd25d9539ebc,"{""distance"":7,""physical_error_rate"":0.001}","{""detection_events"":83,""detectors_checked"":25920}"
        16,         0,         0,   0.001,standalone_exact_mw,3bd544bb51e006261b45d3a2c996e28fc0c0449411cee5f7deafcd25d9539ebc,"{""distance"":7,""physical_error_rate"":0.001}","{""detection_events"":47,""detectors_checked"":12960}"
        32,         0,         0,   0.002,standalone_exact_mw,3bd544bb51e006261b45d3a2c996e28fc0c0449411cee5f7deafcd25d9539ebc,"{""distance"":7,""physical_error_rate"":0.001}","{""detection_events"":93,""detectors_checked"":25920}"
         2,         0,         0,   0.001,standalone_exact_mw,3bd544bb51e006261b45d3a2c996e28fc0c0449411cee5f7deafcd25d9539ebc,"{""distance"":7,""physical_error_rate"":0.001}","{""detectors_checked"":1620}"
         2,         0,         0,   0.001,standalone_exact_mw,3bd544bb51e006261b45d3a2c996e28fc0c0449411cee5f7deafcd25d9539ebc,"{""distance"":7,""physical_error_rate"":0.001}","{""detection_events"":9,""detectors_checked"":1620}"
       616,         0,         0,   0.063,standalone_exact_mw,3bd544bb51e006261b45d3a2c996e28fc0c0449411cee5f7deafcd25d9539ebc,"{""distance"":7,""physical_error_rate"":0.001}","{""detection_events"":2005,""detectors_checked"":498960}"
       333,         0,         0,   0.014,standalone_exact_mw,3bd544bb51e006261b45d3a2c996e28fc0c0449411cee5f7deafcd25d9539ebc,"{""distance"":7,""physical_error_rate"":0.001}","{""detection_events"":939,""detectors_checked"":269730}"
         2,         0,         0,   0.001,standalone_exact_mw,3bd544bb51e006261b45d3a2c996e28fc0c0449411cee5f7deafcd25d9539ebc,"{""distance"":7,""physical_error_rate"":0.001}","{""detection_events"":4,""detectors_checked"":1620}"
        16,         0,         0,   0.002,standalone_exact_mw,3bd544bb51e006261b45d3a2c996e28fc0c0449411cee5f7deafcd25d9539ebc,"{""distance"":7,""physical_error_rate"":0.001}","{""detection_events"":58,""detectors_checked"":12960}"
       256,         0,         0,   0.006,standalone_exact_mw,3bd544bb51e006261b45d3a2c996e28fc0c0449411cee5f7deafcd25d9539ebc,"{""distance"":7,""physical_error_rate"":0.001}","{""detection_events"":747,""detectors_checked"":207360}"
       725,         0,         0,   0.060,standalone_exact_mw,3bd544bb51e006261b45d3a2c996e28fc0c0449411cee5f7deafcd25d9539ebc,"{""distance"":7,""physical_error_rate"":0.001}","{""detection_events"":2314,""detectors_checked"":587250}"
        28,         0,         0,   0.002,standalone_exact_mw,3bd544bb51e006261b45d3a2c996e28fc0c0449411cee5f7deafcd25d9539ebc,"{""distance"":7,""physical_error_rate"":0.001}","{""detection_events"":70,""detectors_checked"":22680}"
        12,         0,         0,   0.001,standalone_exact_mw,3bd544bb51e006261b45d3a2c996e28fc0c0449411cee5f7deafcd25d9539ebc,"{""distance"":7,""physical_error_rate"":0.001}","{""detection_events"":54,""detectors_checked"":9720}"
        28,         0,         0,   0.002,standalone_exact_mw,3bd544bb51e006261b45d3a2c996e28fc0c0449411cee5f7deafcd25d9539ebc,"{""distance"":7,""physical_error_rate"":0.001}","{""detection_events"":97,""detectors_checked"":22680}"
       333,         0,         0,   0.015,standalone_exact_mw,3bd544bb51e006261b45d3a2c996e28fc0c0449411cee5f7deafcd25d9539ebc,"{""distance"":7,""physical_error_rate"":0.001}","{""detection_events"":1081,""detectors_checked"":269730}"
         7,         0,         0,   0.001,standalone_exact_mw,3bd544bb51e006261b45d3a2c996e28fc0c0449411cee5f7deafcd25d9539ebc,"{""distance"":7,""physical_error_rate"":0.001}","{""detection_events"":11,""detectors_checked"":5670}"
         1,         0,         0,   0.001,standalone_exact_mw,3bd544bb51e006261b45d3a2c996e28fc0c0449411cee5f7deafcd25d9539ebc,"{""distance"":7,""physical_error_rate"":0.001}","{""detection_events"":4,""detectors_checked"":810}"
         1,         0,         0,   0.001,standalone_exact_mw,3bd544bb51e006261b45d3a2c996e28fc0c0449411cee5f7deafcd25d9539ebc,"{""distance"":7,""physical_error_rate"":0.001}","{""detection_events"":10,""detectors_checked"":810}"
         1,         0,         0,   0.001,standalone_exact_mw,3bd544bb51e006261b45d3a2c996e28fc0c0449411cee5f7deafcd25d9539ebc,"{""distance"":7,""physical_error_rate"":0.001}","{""detection_events"":4,""detectors_checked"":810}"
         1,         0,         0,   0.001,standalone_exact_mw,3bd544bb51e006261b45d3a2c996e28fc0c0449411cee5f7deafcd25d9539ebc,"{""distance"":7,""physical_error_rate"":0.001}","{""detectors_checked"":810}"
         1,         0,         0,   0.001,standalone_exact_mw,3bd544bb51e006261b45d3a2c996e28fc0c0449411cee5f7deafcd25d9539ebc,"{""distance"":7,""physical_error_rate"":0.001}","{""detection_events"":2,""detectors_checked"":810}"
         1,         0,         0,   0.001,standalone_exact_mw,3bd544bb51e006261b45d3a2c996e28fc0c0449411cee5f7deafcd25d9539ebc,"{""distance"":7,""physical_error_rate"":0.001}","{""detection_events"":2,""detectors_checked"":810}"
         1,         0,         0,   0.001,standalone_exact_mw,3bd544bb51e006261b45d3a2c996e28fc0c0449411cee5f7deafcd25d9539ebc,"{""distance"":7,""physical_error_rate"":0.001}","{""detection_events"":11,""detectors_checked"":810}"
         1,         0,         0,   0.001,standalone_exact_mw,3bd544bb51e006261b45d3a2c996e28fc0c0449411cee5f7deafcd25d9539ebc,"{""distance"":7,""physical_error_rate"":0.001}","{""detection_events"":6,""detectors_checked"":810}"
         1,         0,         0,   0.001,standalone_exact_mw,3bd544bb51e006261b45d3a2c996e28fc0c0449411cee5f7deafcd25d9539ebc,"{""distance"":7,""physical_error_rate"":0.001}","{""detection_events"":6,""detectors_checked"":810}"
         1,         0,         0,   0.001,standalone_exact_mw,3bd544bb51e006261b45d3a2c996e28fc0c0449411cee5f7deafcd25d9539ebc,"{""distance"":7,""physical_error_rate"":0.001}","{""detection_events"":2,""detectors_checked"":810}"
         1,         0,         0,   0.001,standalone_exact_mw,3bd544bb51e006261b45d3a2c996e28fc0c0449411cee5f7deafcd25d9539ebc,"{""distance"":7,""physical_error_rate"":0.001}","{""detectors_checked"":810}"
         1,         0,         0,   0.001,standalone_exact_mw,3bd544bb51e006261b45d3a2c996e28fc0c0449411cee5f7deafcd25d9539ebc,"{""distance"":7,""physical_error_rate"":0.001}","{""detection_events"":1,""detectors_checked"":810}"
         1,         0,         0,   0.001,standalone_exact_mw,3bd544bb51e006261b45d3a2c996e28fc0c0449411cee5f7deafcd25d9539ebc,"{""distance"":7,""physical_error_rate"":0.001}","{""detection_events"":7,""detectors_checked"":810}"
   1764352,         0,         0,   116.1,standalone_exact_mw,9d8ad86e51451842b54dafc7680d1b486ef291963bb72c70f3cdd570d2d8fa34,"{""distance"":7,""physical_error_rate"":0.002}","{""detection_events"":10967710,""detectors_checked"":1429125120}"
   2122752,         0,         0,   116.1,standalone_exact_mw,9d8ad86e51451842b54dafc7680d1b486ef291963bb72c70f3cdd570d2d8fa34,"{""distance"":7,""physical_error_rate"":0.002}","{""detection_events"":13194434,""detectors_checked"":1719429120}"
   1233920,         0,         0,   119.7,standalone_exact_mw,9d8ad86e51451842b54dafc7680d1b486ef291963bb72c70f3cdd570d2d8fa34,"{""distance"":7,""physical_error_rate"":0.002}","{""detection_events"":7669876,""detectors_checked"":999475200}"
    891904,         0,         0,   119.7,standalone_exact_mw,9d8ad86e51451842b54dafc7680d1b486ef291963bb72c70f3cdd570d2d8fa34,"{""distance"":7,""physical_error_rate"":0.002}","{""detection_events"":5541632,""detectors_checked"":722442240}"
    955392,         0,         0,   119.8,standalone_exact_mw,9d8ad86e51451842b54dafc7680d1b486ef291963bb72c70f3cdd570d2d8fa34,"{""distance"":7,""physical_error_rate"":0.002}","{""detection_events"":5932721,""detectors_checked"":773867520}"
   1249280,         0,         0,   119.6,standalone_exact_mw,9d8ad86e51451842b54dafc7680d1b486ef291963bb72c70f3cdd570d2d8fa34,"{""distance"":7,""physical_error_rate"":0.002}","{""detection_events"":7772070,""detectors_checked"":1011916800}"
    840704,         0,         0,   119.7,standalone_exact_mw,9d8ad86e51451842b54dafc7680d1b486ef291963bb72c70f3cdd570d2d8fa34,"{""distance"":7,""physical_error_rate"":0.002}","{""detection_events"":5224232,""detectors_checked"":680970240}"
       273,         0,         0,   0.025,standalone_exact_mw,9d8ad86e51451842b54dafc7680d1b486ef291963bb72c70f3cdd570d2d8fa34,"{""distance"":7,""physical_error_rate"":0.002}","{""detection_events"":1699,""detectors_checked"":221130}"
      1024,         0,         0,   0.055,standalone_exact_mw,9d8ad86e51451842b54dafc7680d1b486ef291963bb72c70f3cdd570d2d8fa34,"{""distance"":7,""physical_error_rate"":0.002}","{""detection_events"":6496,""detectors_checked"":829440}"
      1024,         0,         0,   0.054,standalone_exact_mw,9d8ad86e51451842b54dafc7680d1b486ef291963bb72c70f3cdd570d2d8fa34,"{""distance"":7,""physical_error_rate"":0.002}","{""detection_events"":6292,""detectors_checked"":829440}"
      1024,         0,         0,   0.054,standalone_exact_mw,9d8ad86e51451842b54dafc7680d1b486ef291963bb72c70f3cdd570d2d8fa34,"{""distance"":7,""physical_error_rate"":0.002}","{""detection_events"":6265,""detectors_checked"":829440}"
      1024,         0,         0,   0.097,standalone_exact_mw,9d8ad86e51451842b54dafc7680d1b486ef291963bb72c70f3cdd570d2d8fa34,"{""distance"":7,""physical_error_rate"":0.002}","{""detection_events"":6397,""detectors_checked"":829440}"
        17,         0,         0,   0.025,standalone_exact_mw,9d8ad86e51451842b54dafc7680d1b486ef291963bb72c70f3cdd570d2d8fa34,"{""distance"":7,""physical_error_rate"":0.002}","{""detection_events"":116,""detectors_checked"":13770}"
       256,         0,         0,   0.027,standalone_exact_mw,9d8ad86e51451842b54dafc7680d1b486ef291963bb72c70f3cdd570d2d8fa34,"{""distance"":7,""physical_error_rate"":0.002}","{""detection_events"":1620,""detectors_checked"":207360}"
    964608,         0,         0,   119.8,standalone_exact_mw,9d8ad86e51451842b54dafc7680d1b486ef291963bb72c70f3cdd570d2d8fa34,"{""distance"":7,""physical_error_rate"":0.002}","{""detection_events"":5994666,""detectors_checked"":781332480}"
      1024,         0,         0,   0.112,standalone_exact_mw,9d8ad86e51451842b54dafc7680d1b486ef291963bb72c70f3cdd570d2d8fa34,"{""distance"":7,""physical_error_rate"":0.002}","{""detection_events"":6427,""detectors_checked"":829440}"
       273,         0,         0,   0.026,standalone_exact_mw,9d8ad86e51451842b54dafc7680d1b486ef291963bb72c70f3cdd570d2d8fa34,"{""distance"":7,""physical_error_rate"":0.002}","{""detection_events"":1800,""detectors_checked"":221130}"
      1024,         0,         0,   0.113,standalone_exact_mw,9d8ad86e51451842b54dafc7680d1b486ef291963bb72c70f3cdd570d2d8fa34,"{""distance"":7,""physical_error_rate"":0.002}","{""detection_events"":6488,""detectors_checked"":829440}"
      1024,         0,         0,   0.057,standalone_exact_mw,9d8ad86e51451842b54dafc7680d1b486ef291963bb72c70f3cdd570d2d8fa34,"{""distance"":7,""physical_error_rate"":0.002}","{""detection_events"":6501,""detectors_checked"":829440}"
         1,         0,         0,   0.002,standalone_exact_mw,9d8ad86e51451842b54dafc7680d1b486ef291963bb72c70f3cdd570d2d8fa34,"{""distance"":7,""physical_error_rate"":0.002}","{""detection_events"":5,""detectors_checked"":810}"
       273,         0,         0,   0.024,standalone_exact_mw,9d8ad86e51451842b54dafc7680d1b486ef291963bb72c70f3cdd570d2d8fa34,"{""distance"":7,""physical_error_rate"":0.002}","{""detection_events"":1708,""detectors_checked"":221130}"
      1024,         0,         0,   0.109,standalone_exact_mw,9d8ad86e51451842b54dafc7680d1b486ef291963bb72c70f3cdd570d2d8fa34,"{""distance"":7,""physical_error_rate"":0.002}","{""detection_events"":6202,""detectors_checked"":829440}"
      1024,         0,         0,   0.041,standalone_exact_mw,9d8ad86e51451842b54dafc7680d1b486ef291963bb72c70f3cdd570d2d8fa34,"{""distance"":7,""physical_error_rate"":0.002}","{""detection_events"":6443,""detectors_checked"":829440}"
      1024,         0,         0,   0.056,standalone_exact_mw,9d8ad86e51451842b54dafc7680d1b486ef291963bb72c70f3cdd570d2d8fa34,"{""distance"":7,""physical_error_rate"":0.002}","{""detection_events"":6193,""detectors_checked"":829440}"
      1296,         0,         0,   0.064,standalone_exact_mw,9d8ad86e51451842b54dafc7680d1b486ef291963bb72c70f3cdd570d2d8fa34,"{""distance"":7,""physical_error_rate"":0.002}","{""detection_events"":7991,""detectors_checked"":1049760}"
      1024,         0,         0,   0.113,standalone_exact_mw,9d8ad86e51451842b54dafc7680d1b486ef291963bb72c70f3cdd570d2d8fa34,"{""distance"":7,""physical_error_rate"":0.002}","{""detection_events"":6317,""detectors_checked"":829440}"
      1024,         0,         0,   0.056,standalone_exact_mw,9d8ad86e51451842b54dafc7680d1b486ef291963bb72c70f3cdd570d2d8fa34,"{""distance"":7,""physical_error_rate"":0.002}","{""detection_events"":6501,""detectors_checked"":829440}"
      1024,         0,         0,   0.068,standalone_exact_mw,9d8ad86e51451842b54dafc7680d1b486ef291963bb72c70f3cdd570d2d8fa34,"{""distance"":7,""physical_error_rate"":0.002}","{""detection_events"":6419,""detectors_checked"":829440}"
      1024,         0,         0,   0.058,standalone_exact_mw,9d8ad86e51451842b54dafc7680d1b486ef291963bb72c70f3cdd570d2d8fa34,"{""distance"":7,""physical_error_rate"":0.002}","{""detection_events"":6314,""detectors_checked"":829440}"
         1,         0,         0,   0.002,standalone_exact_mw,9d8ad86e51451842b54dafc7680d1b486ef291963bb72c70f3cdd570d2d8fa34,"{""distance"":7,""physical_error_rate"":0.002}","{""detection_events"":7,""detectors_checked"":810}"
      1024,         0,         0,   0.042,standalone_exact_mw,9d8ad86e51451842b54dafc7680d1b486ef291963bb72c70f3cdd570d2d8fa34,"{""distance"":7,""physical_error_rate"":0.002}","{""detection_events"":6390,""detectors_checked"":829440}"
      2048,         0,         0,   0.164,standalone_exact_mw,9d8ad86e51451842b54dafc7680d1b486ef291963bb72c70f3cdd570d2d8fa34,"{""distance"":7,""physical_error_rate"":0.002}","{""detection_events"":12874,""detectors_checked"":1658880}"
      1024,         0,         0,   0.063,standalone_exact_mw,9d8ad86e51451842b54dafc7680d1b486ef291963bb72c70f3cdd570d2d8fa34,"{""distance"":7,""physical_error_rate"":0.002}","{""detection_events"":6428,""detectors_checked"":829440}"
      1024,         0,         0,   0.112,standalone_exact_mw,9d8ad86e51451842b54dafc7680d1b486ef291963bb72c70f3cdd570d2d8fa34,"{""distance"":7,""physical_error_rate"":0.002}","{""detection_events"":6243,""detectors_checked"":829440}"
      1024,         0,         0,   0.063,standalone_exact_mw,9d8ad86e51451842b54dafc7680d1b486ef291963bb72c70f3cdd570d2d8fa34,"{""distance"":7,""physical_error_rate"":0.002}","{""detection_events"":6542,""detectors_checked"":829440}"
       272,         0,         0,   0.050,standalone_exact_mw,9d8ad86e51451842b54dafc7680d1b486ef291963bb72c70f3cdd570d2d8fa34,"{""distance"":7,""physical_error_rate"":0.002}","{""detection_events"":1783,""detectors_checked"":220320}"
      2048,         0,         0,   0.060,standalone_exact_mw,9d8ad86e51451842b54dafc7680d1b486ef291963bb72c70f3cdd570d2d8fa34,"{""distance"":7,""physical_error_rate"":0.002}","{""detection_events"":12573,""detectors_checked"":1658880}"
      1024,         0,         0,   0.042,standalone_exact_mw,9d8ad86e51451842b54dafc7680d1b486ef291963bb72c70f3cdd570d2d8fa34,"{""distance"":7,""physical_error_rate"":0.002}","{""detection_events"":6447,""detectors_checked"":829440}"
       273,         0,         0,   0.011,standalone_exact_mw,9d8ad86e51451842b54dafc7680d1b486ef291963bb72c70f3cdd570d2d8fa34,"{""distance"":7,""physical_error_rate"":0.002}","{""detection_events"":1634,""detectors_checked"":221130}"
       273,         0,         0,   0.021,standalone_exact_mw,9d8ad86e51451842b54dafc7680d1b486ef291963bb72c70f3cdd570d2d8fa34,"{""distance"":7,""physical_error_rate"":0.002}","{""detection_events"":1675,""detectors_checked"":221130}"
      1024,         0,         0,   0.067,standalone_exact_mw,9d8ad86e51451842b54dafc7680d1b486ef291963bb72c70f3cdd570d2d8fa34,"{""distance"":7,""physical_error_rate"":0.002}","{""detection_events"":6292,""detectors_checked"":829440}"
      1024,         0,         0,   0.054,standalone_exact_mw,9d8ad86e51451842b54dafc7680d1b486ef291963bb72c70f3cdd570d2d8fa34,"{""distance"":7,""physical_error_rate"":0.002}","{""detection_events"":6312,""detectors_checked"":829440}"
      1024,         0,         0,   0.081,standalone_exact_mw,9d8ad86e51451842b54dafc7680d1b486ef291963bb72c70f3cdd570d2d8fa34,"{""distance"":7,""physical_error_rate"":0.002}","{""detection_events"":6570,""detectors_checked"":829440}"
      1024,         0,         0,   0.034,standalone_exact_mw,9d8ad86e51451842b54dafc7680d1b486ef291963bb72c70f3cdd570d2d8fa34,"{""distance"":7,""physical_error_rate"":0.002}","{""detection_events"":6384,""detectors_checked"":829440}"
      1024,         0,         0,   0.110,standalone_exact_mw,9d8ad86e51451842b54dafc7680d1b486ef291963bb72c70f3cdd570d2d8fa34,"{""distance"":7,""physical_error_rate"":0.002}","{""detection_events"":6331,""detectors_checked"":829440}"
      1024,         0,         0,   0.044,standalone_exact_mw,9d8ad86e51451842b54dafc7680d1b486ef291963bb72c70f3cdd570d2d8fa34,"{""distance"":7,""physical_error_rate"":0.002}","{""detection_events"":6396,""detectors_checked"":829440}"
      1024,         0,         0,   0.087,standalone_exact_mw,9d8ad86e51451842b54dafc7680d1b486ef291963bb72c70f3cdd570d2d8fa34,"{""distance"":7,""physical_error_rate"":0.002}","{""detection_events"":6230,""detectors_checked"":829440}"
      2048,         0,         0,   0.087,standalone_exact_mw,9d8ad86e51451842b54dafc7680d1b486ef291963bb72c70f3cdd570d2d8fa34,"{""distance"":7,""physical_error_rate"":0.002}","{""detection_events"":12737,""detectors_checked"":1658880}"
      1024,         0,         0,   0.102,standalone_exact_mw,9d8ad86e51451842b54dafc7680d1b486ef291963bb72c70f3cdd570d2d8fa34,"{""distance"":7,""physical_error_rate"":0.002}","{""detection_events"":6403,""detectors_checked"":829440}"
      1024,         0,         0,   0.072,standalone_exact_mw,9d8ad86e51451842b54dafc7680d1b486ef291963bb72c70f3cdd570d2d8fa34,"{""distance"":7,""physical_error_rate"":0.002}","{""detection_events"":6231,""detectors_checked"":829440}"
      3072,         0,         0,   0.194,standalone_exact_mw,9d8ad86e51451842b54dafc7680d1b486ef291963bb72c70f3cdd570d2d8fa34,"{""distance"":7,""physical_error_rate"":0.002}","{""detection_events"":19208,""detectors_checked"":2488320}"
      1024,         0,         0,   0.091,standalone_exact_mw,9d8ad86e51451842b54dafc7680d1b486ef291963bb72c70f3cdd570d2d8fa34,"{""distance"":7,""physical_error_rate"":0.002}","{""detection_events"":6233,""detectors_checked"":829440}"
      1024,         0,         0,   0.092,standalone_exact_mw,9d8ad86e51451842b54dafc7680d1b486ef291963bb72c70f3cdd570d2d8fa34,"{""distance"":7,""physical_error_rate"":0.002}","{""detection_events"":6226,""detectors_checked"":829440}"
         1,         0,         0,   0.020,standalone_exact_mw,9d8ad86e51451842b54dafc7680d1b486ef291963bb72c70f3cdd570d2d8fa34,"{""distance"":7,""physical_error_rate"":0.002}","{""detection_events"":7,""detectors_checked"":810}"
      1024,         0,         0,   0.083,standalone_exact_mw,9d8ad86e51451842b54dafc7680d1b486ef291963bb72c70f3cdd570d2d8fa34,"{""distance"":7,""physical_error_rate"":0.002}","{""detection_events"":6485,""detectors_checked"":829440}"
       272,         0,         0,   0.027,standalone_exact_mw,9d8ad86e51451842b54dafc7680d1b486ef291963bb72c70f3cdd570d2d8fa34,"{""distance"":7,""physical_error_rate"":0.002}","{""detection_events"":1657,""detectors_checked"":220320}"
      1024,         0,         0,   0.083,standalone_exact_mw,9d8ad86e51451842b54dafc7680d1b486ef291963bb72c70f3cdd570d2d8fa34,"{""distance"":7,""physical_error_rate"":0.002}","{""detection_events"":6182,""detectors_checked"":829440}"
      2048,         0,         0,   0.105,standalone_exact_mw,9d8ad86e51451842b54dafc7680d1b486ef291963bb72c70f3cdd570d2d8fa34,"{""distance"":7,""physical_error_rate"":0.002}","{""detection_events"":12854,""detectors_checked"":1658880}"
       273,         0,         0,   0.027,standalone_exact_mw,9d8ad86e51451842b54dafc7680d1b486ef291963bb72c70f3cdd570d2d8fa34,"{""distance"":7,""physical_error_rate"":0.002}","{""detection_events"":1708,""detectors_checked"":221130}"
      2048,         0,         0,   0.321,standalone_exact_mw,9d8ad86e51451842b54dafc7680d1b486ef291963bb72c70f3cdd570d2d8fa34,"{""distance"":7,""physical_error_rate"":0.002}","{""detection_events"":12480,""detectors_checked"":1658880}"
        17,         0,         0,   0.022,standalone_exact_mw,9d8ad86e51451842b54dafc7680d1b486ef291963bb72c70f3cdd570d2d8fa34,"{""distance"":7,""physical_error_rate"":0.002}","{""detection_events"":78,""detectors_checked"":13770}"
      1024,         0,         0,   0.083,standalone_exact_mw,9d8ad86e51451842b54dafc7680d1b486ef291963bb72c70f3cdd570d2d8fa34,"{""distance"":7,""physical_error_rate"":0.002}","{""detection_events"":6409,""detectors_checked"":829440}"
      3072,         0,         0,   0.111,standalone_exact_mw,9d8ad86e51451842b54dafc7680d1b486ef291963bb72c70f3cdd570d2d8fa34,"{""distance"":7,""physical_error_rate"":0.002}","{""detection_events"":18986,""detectors_checked"":2488320}"
      2048,         0,         0,   0.164,standalone_exact_mw,9d8ad86e51451842b54dafc7680d1b486ef291963bb72c70f3cdd570d2d8fa34,"{""distance"":7,""physical_error_rate"":0.002}","{""detection_events"":12351,""detectors_checked"":1658880}"
         1,         0,         0,   0.015,standalone_exact_mw,9d8ad86e51451842b54dafc7680d1b486ef291963bb72c70f3cdd570d2d8fa34,"{""distance"":7,""physical_error_rate"":0.002}","{""detection_events"":2,""detectors_checked"":810}"
      1024,         0,         0,   0.084,standalone_exact_mw,9d8ad86e51451842b54dafc7680d1b486ef291963bb72c70f3cdd570d2d8fa34,"{""distance"":7,""physical_error_rate"":0.002}","{""detection_events"":6563,""detectors_checked"":829440}"
      1024,         0,         0,   0.081,standalone_exact_mw,9d8ad86e51451842b54dafc7680d1b486ef291963bb72c70f3cdd570d2d8fa34,"{""distance"":7,""physical_error_rate"":0.002}","{""detection_events"":6265,""detectors_checked"":829440}"
      1024,         0,         0,   0.081,standalone_exact_mw,9d8ad86e51451842b54dafc7680d1b486ef291963bb72c70f3cdd570d2d8fa34,"{""distance"":7,""physical_error_rate"":0.002}","{""detection_events"":6243,""detectors_checked"":829440}"
      1024,         0,         0,   0.076,standalone_exact_mw,9d8ad86e51451842b54dafc7680d1b486ef291963bb72c70f3cdd570d2d8fa34,"{""distance"":7,""physical_error_rate"":0.002}","{""detection_events"":6411,""detectors_checked"":829440}"
      1024,         0,         0,   0.076,standalone_exact_mw,9d8ad86e51451842b54dafc7680d1b486ef291963bb72c70f3cdd570d2d8fa34,"{""distance"":7,""physical_error_rate"":0.002}","{""detection_events"":6313,""detectors_checked"":829440}"
         1,         0,         0,   0.001,standalone_exact_mw,9d8ad86e51451842b54dafc7680d1b486ef291963bb72c70f3cdd570d2d8fa34,"{""distance"":7,""physical_error_rate"":0.002}","{""detectors_checked"":810}"
        17,         0,         0,   0.004,standalone_exact_mw,9d8ad86e51451842b54dafc7680d1b486ef291963bb72c70f3cdd570d2d8fa34,"{""distance"":7,""physical_error_rate"":0.002}","{""detection_events"":122,""detectors_checked"":13770}"
      2048,         0,         0,   0.122,standalone_exact_mw,9d8ad86e51451842b54dafc7680d1b486ef291963bb72c70f3cdd570d2d8fa34,"{""distance"":7,""physical_error_rate"":0.002}","{""detection_events"":12556,""detectors_checked"":1658880}"
        17,         0,         0,   0.011,standalone_exact_mw,9d8ad86e51451842b54dafc7680d1b486ef291963bb72c70f3cdd570d2d8fa34,"{""distance"":7,""physical_error_rate"":0.002}","{""detection_events"":91,""detectors_checked"":13770}"
         1,         0,         0,   0.002,standalone_exact_mw,9d8ad86e51451842b54dafc7680d1b486ef291963bb72c70f3cdd570d2d8fa34,"{""distance"":7,""physical_error_rate"":0.002}","{""detection_events"":6,""detectors_checked"":810}"
      2048,         0,         0,   0.191,standalone_exact_mw,9d8ad86e51451842b54dafc7680d1b486ef291963bb72c70f3cdd570d2d8fa34,"{""distance"":7,""physical_error_rate"":0.002}","{""detection_events"":12891,""detectors_checked"":1658880}"
      1280,         0,         0,   0.089,standalone_exact_mw,9d8ad86e51451842b54dafc7680d1b486ef291963bb72c70f3cdd570d2d8fa34,"{""distance"":7,""physical_error_rate"":0.002}","{""detection_events"":7854,""detectors_checked"":1036800}"
       256,         0,         0,   0.007,standalone_exact_mw,9d8ad86e51451842b54dafc7680d1b486ef291963bb72c70f3cdd570d2d8fa34,"{""distance"":7,""physical_error_rate"":0.002}","{""detection_events"":1585,""detectors_checked"":207360}"
       272,         0,         0,   0.031,standalone_exact_mw,9d8ad86e51451842b54dafc7680d1b486ef291963bb72c70f3cdd570d2d8fa34,"{""distance"":7,""physical_error_rate"":0.002}","{""detection_events"":1698,""detectors_checked"":220320}"
      1024,         0,         0,   0.082,standalone_exact_mw,9d8ad86e51451842b54dafc7680d1b486ef291963bb72c70f3cdd570d2d8fa34,"{""distance"":7,""physical_error_rate"":0.002}","{""detection_events"":6397,""detectors_checked"":829440}"
       256,         0,         0,   0.028,standalone_exact_mw,9d8ad86e51451842b54dafc7680d1b486ef291963bb72c70f3cdd570d2d8fa34,"{""distance"":7,""physical_error_rate"":0.002}","{""detection_events"":1551,""detectors_checked"":207360}"
      1024,         0,         0,   0.073,standalone_exact_mw,9d8ad86e51451842b54dafc7680d1b486ef291963bb72c70f3cdd570d2d8fa34,"{""distance"":7,""physical_error_rate"":0.002}","{""detection_events"":6482,""detectors_checked"":829440}"
      1024,         0,         0,   0.106,standalone_exact_mw,9d8ad86e51451842b54dafc7680d1b486ef291963bb72c70f3cdd570d2d8fa34,"{""distance"":7,""physical_error_rate"":0.002}","{""detection_events"":6427,""detectors_checked"":829440}"
        17,         0,         0,   0.025,standalone_exact_mw,9d8ad86e51451842b54dafc7680d1b486ef291963bb72c70f3cdd570d2d8fa34,"{""distance"":7,""physical_error_rate"":0.002}","{""detection_events"":95,""detectors_checked"":13770}"
      1024,         0,         0,   0.050,standalone_exact_mw,9d8ad86e51451842b54dafc7680d1b486ef291963bb72c70f3cdd570d2d8fa34,"{""distance"":7,""physical_error_rate"":0.002}","{""detection_events"":6488,""detectors_checked"":829440}"
      1024,         0,         0,   0.084,standalone_exact_mw,9d8ad86e51451842b54dafc7680d1b486ef291963bb72c70f3cdd570d2d8fa34,"{""distance"":7,""physical_error_rate"":0.002}","{""detection_events"":6605,""detectors_checked"":829440}"
         1,         0,         0,   0.001,standalone_exact_mw,9d8ad86e51451842b54dafc7680d1b486ef291963bb72c70f3cdd570d2d8fa34,"{""distance"":7,""physical_error_rate"":0.002}","{""detectors_checked"":810}"
      1296,         0,         0,   0.149,standalone_exact_mw,9d8ad86e51451842b54dafc7680d1b486ef291963bb72c70f3cdd570d2d8fa34,"{""distance"":7,""physical_error_rate"":0.002}","{""detection_events"":8121,""detectors_checked"":1049760}"
      2048,         0,         0,   0.148,standalone_exact_mw,9d8ad86e51451842b54dafc7680d1b486ef291963bb72c70f3cdd570d2d8fa34,"{""distance"":7,""physical_error_rate"":0.002}","{""detection_events"":12666,""detectors_checked"":1658880}"
      4096,         0,         0,   0.170,standalone_exact_mw,9d8ad86e51451842b54dafc7680d1b486ef291963bb72c70f3cdd570d2d8fa34,"{""distance"":7,""physical_error_rate"":0.002}","{""detection_events"":25291,""detectors_checked"":3317760}"
      1296,         0,         0,   0.095,standalone_exact_mw,9d8ad86e51451842b54dafc7680d1b486ef291963bb72c70f3cdd570d2d8fa34,"{""distance"":7,""physical_error_rate"":0.002}","{""detection_events"":8173,""detectors_checked"":1049760}"
      1024,         0,         0,   0.080,standalone_exact_mw,9d8ad86e51451842b54dafc7680d1b486ef291963bb72c70f3cdd570d2d8fa34,"{""distance"":7,""physical_error_rate"":0.002}","{""detection_events"":6416,""detectors_checked"":829440}"
      1024,         0,         0,   0.106,standalone_exact_mw,9d8ad86e51451842b54dafc7680d1b486ef291963bb72c70f3cdd570d2d8fa34,"{""distance"":7,""physical_error_rate"":0.002}","{""detection_events"":6390,""detectors_checked"":829440}"
       256,         0,         0,   0.032,standalone_exact_mw,9d8ad86e51451842b54dafc7680d1b486ef291963bb72c70f3cdd570d2d8fa34,"{""distance"":7,""physical_error_rate"":0.002}","{""detection_events"":1525,""detectors_checked"":207360}"
       273,         0,         0,   0.032,standalone_exact_mw,9d8ad86e51451842b54dafc7680d1b486ef291963bb72c70f3cdd570d2d8fa34,"{""distance"":7,""physical_error_rate"":0.002}","{""detection_events"":1639,""detectors_checked"":221130}"
      1024,         0,         0,   0.081,standalone_exact_mw,9d8ad86e51451842b54dafc7680d1b486ef291963bb72c70f3cdd570d2d8fa34,"{""distance"":7,""physical_error_rate"":0.002}","{""detection_events"":6318,""detectors_checked"":829440}"
      1024,         0,         0,   0.046,standalone_exact_mw,9d8ad86e51451842b54dafc7680d1b486ef291963bb72c70f3cdd570d2d8fa34,"{""distance"":7,""physical_error_rate"":0.002}","{""detection_events"":6467,""detectors_checked"":829440}"
      1024,         0,         0,   0.085,standalone_exact_mw,9d8ad86e51451842b54dafc7680d1b486ef291963bb72c70f3cdd570d2d8fa34,"{""distance"":7,""physical_error_rate"":0.002}","{""detection_events"":6294,""detectors_checked"":829440}"
       272,         0,         0,   0.017,standalone_exact_mw,9d8ad86e51451842b54dafc7680d1b486ef291963bb72c70f3cdd570d2d8fa34,"{""distance"":7,""physical_error_rate"":0.002}","{""detection_events"":1594,""detectors_checked"":220320}"
      1024,         0,         0,   0.107,standalone_exact_mw,9d8ad86e51451842b54dafc7680d1b486ef291963bb72c70f3cdd570d2d8fa34,"{""distance"":7,""physical_error_rate"":0.002}","{""detection_events"":6436,""detectors_checked"":829440}"
      3072,         0,         0,   0.135,standalone_exact_mw,9d8ad86e51451842b54dafc7680d1b486ef291963bb72c70f3cdd570d2d8fa34,"{""distance"":7,""physical_error_rate"":0.002}","{""detection_events"":19266,""detectors_checked"":2488320}"
       273,         0,         0,   0.029,standalone_exact_mw,9d8ad86e51451842b54dafc7680d1b486ef291963bb72c70f3cdd570d2d8fa34,"{""distance"":7,""physical_error_rate"":0.002}","{""detection_events"":1727,""detectors_checked"":221130}"
      1024,         0,         0,   0.104,standalone_exact_mw,9d8ad86e51451842b54dafc7680d1b486ef291963bb72c70f3cdd570d2d8fa34,"{""distance"":7,""physical_error_rate"":0.002}","{""detection_events"":6311,""detectors_checked"":829440}"
      1024,         0,         0,   0.076,standalone_exact_mw,9d8ad86e51451842b54dafc7680d1b486ef291963bb72c70f3cdd570d2d8fa34,"{""distance"":7,""physical_error_rate"":0.002}","{""detection_events"":6126,""detectors_checked"":829440}"
      1024,         0,         0,   0.055,standalone_exact_mw,9d8ad86e51451842b54dafc7680d1b486ef291963bb72c70f3cdd570d2d8fa34,"{""distance"":7,""physical_error_rate"":0.002}","{""detection_events"":6367,""detectors_checked"":829440}"
      2048,         0,         0,   0.162,standalone_exact_mw,9d8ad86e51451842b54dafc7680d1b486ef291963bb72c70f3cdd570d2d8fa34,"{""distance"":7,""physical_error_rate"":0.002}","{""detection_events"":12683,""detectors_checked"":1658880}"
      1024,         0,         0,   0.077,standalone_exact_mw,9d8ad86e51451842b54dafc7680d1b486ef291963bb72c70f3cdd570d2d8fa34,"{""distance"":7,""physical_error_rate"":0.002}","{""detection_events"":6520,""detectors_checked"":829440}"
      1024,         0,         0,   0.081,standalone_exact_mw,9d8ad86e51451842b54dafc7680d1b486ef291963bb72c70f3cdd570d2d8fa34,"{""distance"":7,""physical_error_rate"":0.002}","{""detection_events"":6357,""detectors_checked"":829440}"
      1024,         0,         0,   0.083,standalone_exact_mw,9d8ad86e51451842b54dafc7680d1b486ef291963bb72c70f3cdd570d2d8fa34,"{""distance"":7,""physical_error_rate"":0.002}","{""detection_events"":6417,""detectors_checked"":829440}"
      1024,         0,         0,   0.084,standalone_exact_mw,9d8ad86e51451842b54dafc7680d1b486ef291963bb72c70f3cdd570d2d8fa34,"{""distance"":7,""physical_error_rate"":0.002}","{""detection_events"":6267,""detectors_checked"":829440}"
      1024,         0,         0,   0.077,standalone_exact_mw,9d8ad86e51451842b54dafc7680d1b486ef291963bb72c70f3cdd570d2d8fa34,"{""distance"":7,""physical_error_rate"":0.002}","{""detection_events"":6285,""detectors_checked"":829440}"
         1,         0,         0,   0.023,standalone_exact_mw,9d8ad86e51451842b54dafc7680d1b486ef291963bb72c70f3cdd570d2d8fa34,"{""distance"":7,""physical_error_rate"":0.002}","{""detection_events"":2,""detectors_checked"":810}"
      2048,         0,         0,   0.303,standalone_exact_mw,9d8ad86e51451842b54dafc7680d1b486ef291963bb72c70f3cdd570d2d8fa34,"{""distance"":7,""physical_error_rate"":0.002}","{""detection_events"":12812,""detectors_checked"":1658880}"
      1024,         0,         0,   0.091,standalone_exact_mw,9d8ad86e51451842b54dafc7680d1b486ef291963bb72c70f3cdd570d2d8fa34,"{""distance"":7,""physical_error_rate"":0.002}","{""detection_events"":6435,""detectors_checked"":829440}"
      1024,         0,         0,   0.081,standalone_exact_mw,9d8ad86e51451842b54dafc7680d1b486ef291963bb72c70f3cdd570d2d8fa34,"{""distance"":7,""physical_error_rate"":0.002}","{""detection_events"":6578,""detectors_checked"":829440}"
      1024,         0,         0,   0.081,standalone_exact_mw,9d8ad86e51451842b54dafc7680d1b486ef291963bb72c70f3cdd570d2d8fa34,"{""distance"":7,""physical_error_rate"":0.002}","{""detection_events"":6374,""detectors_checked"":829440}"
       272,         0,         0,   0.030,standalone_exact_mw,9d8ad86e51451842b54dafc7680d1b486ef291963bb72c70f3cdd570d2d8fa34,"{""distance"":7,""physical_error_rate"":0.002}","{""detection_events"":1703,""detectors_checked"":220320}"
      1024,         0,         0,   0.112,standalone_exact_mw,9d8ad86e51451842b54dafc7680d1b486ef291963bb72c70f3cdd570d2d8fa34,"{""distance"":7,""physical_error_rate"":0.002}","{""detection_events"":6484,""detectors_checked"":829440}"
      1024,         0,         0,   0.081,standalone_exact_mw,9d8ad86e51451842b54dafc7680d1b486ef291963bb72c70f3cdd570d2d8fa34,"{""distance"":7,""physical_error_rate"":0.002}","{""detection_events"":6337,""detectors_checked"":829440}"
      1024,         0,         0,   0.111,standalone_exact_mw,9d8ad86e51451842b54dafc7680d1b486ef291963bb72c70f3cdd570d2d8fa34,"{""distance"":7,""physical_error_rate"":0.002}","{""detection_events"":6223,""detectors_checked"":829440}"
      1024,         0,         0,   0.081,standalone_exact_mw,9d8ad86e51451842b54dafc7680d1b486ef291963bb72c70f3cdd570d2d8fa34,"{""distance"":7,""physical_error_rate"":0.002}","{""detection_events"":6382,""detectors_checked"":829440}"
      2048,         0,         0,   0.201,standalone_exact_mw,9d8ad86e51451842b54dafc7680d1b486ef291963bb72c70f3cdd570d2d8fa34,"{""distance"":7,""physical_error_rate"":0.002}","{""detection_events"":12854,""detectors_checked"":1658880}"
      1024,         0,         0,   0.112,standalone_exact_mw,9d8ad86e51451842b54dafc7680d1b486ef291963bb72c70f3cdd570d2d8fa34,"{""distance"":7,""physical_error_rate"":0.002}","{""detection_events"":6442,""detectors_checked"":829440}"
      1024,         0,         0,   0.082,standalone_exact_mw,9d8ad86e51451842b54dafc7680d1b486ef291963bb72c70f3cdd570d2d8fa34,"{""distance"":7,""physical_error_rate"":0.002}","{""detection_events"":6533,""detectors_checked"":829440}"
      1024,         0,         0,   0.081,standalone_exact_mw,9d8ad86e51451842b54dafc7680d1b486ef291963bb72c70f3cdd570d2d8fa34,"{""distance"":7,""physical_error_rate"":0.002}","{""detection_events"":6396,""detectors_checked"":829440}"
      2048,         0,         0,   0.106,standalone_exact_mw,9d8ad86e51451842b54dafc7680d1b486ef291963bb72c70f3cdd570d2d8fa34,"{""distance"":7,""physical_error_rate"":0.002}","{""detection_events"":12829,""detectors_checked"":1658880}"
      1024,         0,         0,   0.090,standalone_exact_mw,9d8ad86e51451842b54dafc7680d1b486ef291963bb72c70f3cdd570d2d8fa34,"{""distance"":7,""physical_error_rate"":0.002}","{""detection_events"":6314,""detectors_checked"":829440}"
      1024,         0,         0,   0.082,standalone_exact_mw,9d8ad86e51451842b54dafc7680d1b486ef291963bb72c70f3cdd570d2d8fa34,"{""distance"":7,""physical_error_rate"":0.002}","{""detection_events"":6396,""detectors_checked"":829440}"
      1024,         0,         0,   0.081,standalone_exact_mw,9d8ad86e51451842b54dafc7680d1b486ef291963bb72c70f3cdd570d2d8fa34,"{""distance"":7,""physical_error_rate"":0.002}","{""detection_events"":6357,""detectors_checked"":829440}"
      1024,         0,         0,   0.111,standalone_exact_mw,9d8ad86e51451842b54dafc7680d1b486ef291963bb72c70f3cdd570d2d8fa34,"{""distance"":7,""physical_error_rate"":0.002}","{""detection_events"":6110,""detectors_checked"":829440}"
      1024,         0,         0,   0.112,standalone_exact_mw,9d8ad86e51451842b54dafc7680d1b486ef291963bb72c70f3cdd570d2d8fa34,"{""distance"":7,""physical_error_rate"":0.002}","{""detection_events"":6262,""detectors_checked"":829440}"
      4096,         0,         0,   0.207,standalone_exact_mw,9d8ad86e51451842b54dafc7680d1b486ef291963bb72c70f3cdd570d2d8fa34,"{""distance"":7,""physical_error_rate"":0.002}","{""detection_events"":25588,""detectors_checked"":3317760}"
      1024,         0,         0,   0.081,standalone_exact_mw,9d8ad86e51451842b54dafc7680d1b486ef291963bb72c70f3cdd570d2d8fa34,"{""distance"":7,""physical_error_rate"":0.002}","{""detection_events"":6194,""detectors_checked"":829440}"
      1024,         0,         0,   0.124,standalone_exact_mw,9d8ad86e51451842b54dafc7680d1b486ef291963bb72c70f3cdd570d2d8fa34,"{""distance"":7,""physical_error_rate"":0.002}","{""detection_events"":6408,""detectors_checked"":829440}"
      1024,         0,         0,   0.081,standalone_exact_mw,9d8ad86e51451842b54dafc7680d1b486ef291963bb72c70f3cdd570d2d8fa34,"{""distance"":7,""physical_error_rate"":0.002}","{""detection_events"":6743,""detectors_checked"":829440}"
      1024,         0,         0,   0.112,standalone_exact_mw,9d8ad86e51451842b54dafc7680d1b486ef291963bb72c70f3cdd570d2d8fa34,"{""distance"":7,""physical_error_rate"":0.002}","{""detection_events"":6421,""detectors_checked"":829440}"
      1024,         0,         0,   0.112,standalone_exact_mw,9d8ad86e51451842b54dafc7680d1b486ef291963bb72c70f3cdd570d2d8fa34,"{""distance"":7,""physical_error_rate"":0.002}","{""detection_events"":6480,""detectors_checked"":829440}"
      1024,         0,         0,   0.112,standalone_exact_mw,9d8ad86e51451842b54dafc7680d1b486ef291963bb72c70f3cdd570d2d8fa34,"{""distance"":7,""physical_error_rate"":0.002}","{""detection_events"":6652,""detectors_checked"":829440}"
      1024,         0,         0,   0.082,standalone_exact_mw,9d8ad86e51451842b54dafc7680d1b486ef291963bb72c70f3cdd570d2d8fa34,"{""distance"":7,""physical_error_rate"":0.002}","{""detection_events"":6553,""detectors_checked"":829440}"
      6144,         0,         0,   0.244,standalone_exact_mw,9d8ad86e51451842b54dafc7680d1b486ef291963bb72c70f3cdd570d2d8fa34,"{""distance"":7,""physical_error_rate"":0.002}","{""detection_events"":38352,""detectors_checked"":4976640}"
      1024,         0,         0,   0.100,standalone_exact_mw,9d8ad86e51451842b54dafc7680d1b486ef291963bb72c70f3cdd570d2d8fa34,"{""distance"":7,""physical_error_rate"":0.002}","{""detection_events"":6465,""detectors_checked"":829440}"
      8192,         0,         0,   0.226,standalone_exact_mw,9d8ad86e51451842b54dafc7680d1b486ef291963bb72c70f3cdd570d2d8fa34,"{""distance"":7,""physical_error_rate"":0.002}","{""detection_events"":51351,""detectors_checked"":6635520}"
      1024,         0,         0,   0.082,standalone_exact_mw,9d8ad86e51451842b54dafc7680d1b486ef291963bb72c70f3cdd570d2d8fa34,"{""distance"":7,""physical_error_rate"":0.002}","{""detection_events"":6483,""detectors_checked"":829440}"
      1024,         0,         0,   0.100,standalone_exact_mw,9d8ad86e51451842b54dafc7680d1b486ef291963bb72c70f3cdd570d2d8fa34,"{""distance"":7,""physical_error_rate"":0.002}","{""detection_events"":6185,""detectors_checked"":829440}"
      2048,         0,         0,   0.122,standalone_exact_mw,9d8ad86e51451842b54dafc7680d1b486ef291963bb72c70f3cdd570d2d8fa34,"{""distance"":7,""physical_error_rate"":0.002}","{""detection_events"":12769,""detectors_checked"":1658880}"
       273,         0,         0,   0.032,standalone_exact_mw,9d8ad86e51451842b54dafc7680d1b486ef291963bb72c70f3cdd570d2d8fa34,"{""distance"":7,""physical_error_rate"":0.002}","{""detection_events"":1680,""detectors_checked"":221130}"
      1024,         0,         0,   0.081,standalone_exact_mw,9d8ad86e51451842b54dafc7680d1b486ef291963bb72c70f3cdd570d2d8fa34,"{""distance"":7,""physical_error_rate"":0.002}","{""detection_events"":6345,""detectors_checked"":829440}"
      1024,         0,         0,   0.094,standalone_exact_mw,9d8ad86e51451842b54dafc7680d1b486ef291963bb72c70f3cdd570d2d8fa34,"{""distance"":7,""physical_error_rate"":0.002}","{""detection_events"":6533,""detectors_checked"":829440}"
      1024,         0,         0,   0.090,standalone_exact_mw,9d8ad86e51451842b54dafc7680d1b486ef291963bb72c70f3cdd570d2d8fa34,"{""distance"":7,""physical_error_rate"":0.002}","{""detection_events"":6492,""detectors_checked"":829440}"
       273,         0,         0,   0.027,standalone_exact_mw,9d8ad86e51451842b54dafc7680d1b486ef291963bb72c70f3cdd570d2d8fa34,"{""distance"":7,""physical_error_rate"":0.002}","{""detection_events"":1627,""detectors_checked"":221130}"
      1024,         0,         0,   0.112,standalone_exact_mw,9d8ad86e51451842b54dafc7680d1b486ef291963bb72c70f3cdd570d2d8fa34,"{""distance"":7,""physical_error_rate"":0.002}","{""detection_events"":6378,""detectors_checked"":829440}"
      3072,         0,         0,   0.243,standalone_exact_mw,9d8ad86e51451842b54dafc7680d1b486ef291963bb72c70f3cdd570d2d8fa34,"{""distance"":7,""physical_error_rate"":0.002}","{""detection_events"":19169,""detectors_checked"":2488320}"
      1024,         0,         0,   0.079,standalone_exact_mw,9d8ad86e51451842b54dafc7680d1b486ef291963bb72c70f3cdd570d2d8fa34,"{""distance"":7,""physical_error_rate"":0.002}","{""detection_events"":6201,""detectors_checked"":829440}"
         1,         0,         0,   0.016,standalone_exact_mw,9d8ad86e51451842b54dafc7680d1b486ef291963bb72c70f3cdd570d2d8fa34,"{""distance"":7,""physical_error_rate"":0.002}","{""detection_events"":8,""detectors_checked"":810}"
       273,         0,         0,   0.036,standalone_exact_mw,9d8ad86e51451842b54dafc7680d1b486ef291963bb72c70f3cdd570d2d8fa34,"{""distance"":7,""physical_error_rate"":0.002}","{""detection_events"":1691,""detectors_checked"":221130}"
      1024,         0,         0,   0.112,standalone_exact_mw,9d8ad86e51451842b54dafc7680d1b486ef291963bb72c70f3cdd570d2d8fa34,"{""distance"":7,""physical_error_rate"":0.002}","{""detection_events"":6416,""detectors_checked"":829440}"
       273,         0,         0,   0.011,standalone_exact_mw,9d8ad86e51451842b54dafc7680d1b486ef291963bb72c70f3cdd570d2d8fa34,"{""distance"":7,""physical_error_rate"":0.002}","{""detection_events"":1697,""detectors_checked"":221130}"
      1024,         0,         0,   0.081,standalone_exact_mw,9d8ad86e51451842b54dafc7680d1b486ef291963bb72c70f3cdd570d2d8fa34,"{""distance"":7,""physical_error_rate"":0.002}","{""detection_events"":6301,""detectors_checked"":829440}"
      1024,         0,         0,   0.112,standalone_exact_mw,9d8ad86e51451842b54dafc7680d1b486ef291963bb72c70f3cdd570d2d8fa34,"{""distance"":7,""physical_error_rate"":0.002}","{""detection_events"":6435,""detectors_checked"":829440}"
      1024,         0,         0,   0.088,standalone_exact_mw,9d8ad86e51451842b54dafc7680d1b486ef291963bb72c70f3cdd570d2d8fa34,"{""distance"":7,""physical_error_rate"":0.002}","{""detection_events"":6350,""detectors_checked"":829440}"
       272,         0,         0,   0.030,standalone_exact_mw,9d8ad86e51451842b54dafc7680d1b486ef291963bb72c70f3cdd570d2d8fa34,"{""distance"":7,""physical_error_rate"":0.002}","{""detection_events"":1650,""detectors_checked"":220320}"
      1024,         0,         0,   0.105,standalone_exact_mw,9d8ad86e51451842b54dafc7680d1b486ef291963bb72c70f3cdd570d2d8fa34,"{""distance"":7,""physical_error_rate"":0.002}","{""detection_events"":6300,""detectors_checked"":829440}"
      2048,         0,         0,   0.179,standalone_exact_mw,9d8ad86e51451842b54dafc7680d1b486ef291963bb72c70f3cdd570d2d8fa34,"{""distance"":7,""physical_error_rate"":0.002}","{""detection_events"":12300,""detectors_checked"":1658880}"
      1024,         0,         0,   0.080,standalone_exact_mw,9d8ad86e51451842b54dafc7680d1b486ef291963bb72c70f3cdd570d2d8fa34,"{""distance"":7,""physical_error_rate"":0.002}","{""detection_events"":6479,""detectors_checked"":829440}"
         1,         0,         0,   0.002,standalone_exact_mw,9d8ad86e51451842b54dafc7680d1b486ef291963bb72c70f3cdd570d2d8fa34,"{""distance"":7,""physical_error_rate"":0.002}","{""detection_events"":5,""detectors_checked"":810}"
       273,         0,         0,   0.029,standalone_exact_mw,9d8ad86e51451842b54dafc7680d1b486ef291963bb72c70f3cdd570d2d8fa34,"{""distance"":7,""physical_error_rate"":0.002}","{""detection_events"":1704,""detectors_checked"":221130}"
      2048,         0,         0,   0.231,standalone_exact_mw,9d8ad86e51451842b54dafc7680d1b486ef291963bb72c70f3cdd570d2d8fa34,"{""distance"":7,""physical_error_rate"":0.002}","{""detection_events"":12883,""detectors_checked"":1658880}"
         1,         0,         0,   0.002,standalone_exact_mw,9d8ad86e51451842b54dafc7680d1b486ef291963bb72c70f3cdd570d2d8fa34,"{""distance"":7,""physical_error_rate"":0.002}","{""detection_events"":4,""detectors_checked"":810}"
      1024,         0,         0,   0.082,standalone_exact_mw,9d8ad86e51451842b54dafc7680d1b486ef291963bb72c70f3cdd570d2d8fa34,"{""distance"":7,""physical_error_rate"":0.002}","{""detection_events"":6167,""detectors_checked"":829440}"
      1024,         0,         0,   0.072,standalone_exact_mw,9d8ad86e51451842b54dafc7680d1b486ef291963bb72c70f3cdd570d2d8fa34,"{""distance"":7,""physical_error_rate"":0.002}","{""detection_events"":6372,""detectors_checked"":829440}"
      2048,         0,         0,   0.223,standalone_exact_mw,9d8ad86e51451842b54dafc7680d1b486ef291963bb72c70f3cdd570d2d8fa34,"{""distance"":7,""physical_error_rate"":0.002}","{""detection_events"":12720,""detectors_checked"":1658880}"
      2048,         0,         0,   0.113,standalone_exact_mw,9d8ad86e51451842b54dafc7680d1b486ef291963bb72c70f3cdd570d2d8fa34,"{""distance"":7,""physical_error_rate"":0.002}","{""detection_events"":12663,""detectors_checked"":1658880}"
      1024,         0,         0,   0.115,standalone_exact_mw,9d8ad86e51451842b54dafc7680d1b486ef291963bb72c70f3cdd570d2d8fa34,"{""distance"":7,""physical_error_rate"":0.002}","{""detection_events"":6449,""detectors_checked"":829440}"
         1,         0,         0,   0.002,standalone_exact_mw,9d8ad86e51451842b54dafc7680d1b486ef291963bb72c70f3cdd570d2d8fa34,"{""distance"":7,""physical_error_rate"":0.002}","{""detection_events"":4,""detectors_checked"":810}"
       272,         0,         0,   0.016,standalone_exact_mw,9d8ad86e51451842b54dafc7680d1b486ef291963bb72c70f3cdd570d2d8fa34,"{""distance"":7,""physical_error_rate"":0.002}","{""detection_events"":1669,""detectors_checked"":220320}"
      1024,         0,         0,   0.098,standalone_exact_mw,9d8ad86e51451842b54dafc7680d1b486ef291963bb72c70f3cdd570d2d8fa34,"{""distance"":7,""physical_error_rate"":0.002}","{""detection_events"":6499,""detectors_checked"":829440}"
      3072,         0,         0,   0.334,standalone_exact_mw,9d8ad86e51451842b54dafc7680d1b486ef291963bb72c70f3cdd570d2d8fa34,"{""distance"":7,""physical_error_rate"":0.002}","{""detection_events"":18952,""detectors_checked"":2488320}"
       272,         0,         0,   0.027,standalone_exact_mw,9d8ad86e51451842b54dafc7680d1b486ef291963bb72c70f3cdd570d2d8fa34,"{""distance"":7,""physical_error_rate"":0.002}","{""detection_events"":1752,""detectors_checked"":220320}"
       273,         0,         0,   0.029,standalone_exact_mw,9d8ad86e51451842b54dafc7680d1b486ef291963bb72c70f3cdd570d2d8fa34,"{""distance"":7,""physical_error_rate"":0.002}","{""detection_events"":1711,""detectors_checked"":221130}"
      1024,         0,         0,   0.082,standalone_exact_mw,9d8ad86e51451842b54dafc7680d1b486ef291963bb72c70f3cdd570d2d8fa34,"{""distance"":7,""physical_error_rate"":0.002}","{""detection_events"":6219,""detectors_checked"":829440}"
      1024,         0,         0,   0.134,standalone_exact_mw,9d8ad86e51451842b54dafc7680d1b486ef291963bb72c70f3cdd570d2d8fa34,"{""distance"":7,""physical_error_rate"":0.002}","{""detection_events"":6183,""detectors_checked"":829440}"
      1024,         0,         0,   0.090,standalone_exact_mw,9d8ad86e51451842b54dafc7680d1b486ef291963bb72c70f3cdd570d2d8fa34,"{""distance"":7,""physical_error_rate"":0.002}","{""detection_events"":6413,""detectors_checked"":829440}"
       272,         0,         0,   0.016,standalone_exact_mw,9d8ad86e51451842b54dafc7680d1b486ef291963bb72c70f3cdd570d2d8fa34,"{""distance"":7,""physical_error_rate"":0.002}","{""detection_events"":1668,""detectors_checked"":220320}"
      2048,         0,         0,   0.214,standalone_exact_mw,9d8ad86e51451842b54dafc7680d1b486ef291963bb72c70f3cdd570d2d8fa34,"{""distance"":7,""physical_error_rate"":0.002}","{""detection_events"":12664,""detectors_checked"":1658880}"
      1024,         0,         0,   0.082,standalone_exact_mw,9d8ad86e51451842b54dafc7680d1b486ef291963bb72c70f3cdd570d2d8fa34,"{""distance"":7,""physical_error_rate"":0.002}","{""detection_events"":6194,""detectors_checked"":829440}"
      1024,         0,         0,   0.117,standalone_exact_mw,9d8ad86e51451842b54dafc7680d1b486ef291963bb72c70f3cdd570d2d8fa34,"{""distance"":7,""physical_error_rate"":0.002}","{""detection_events"":6479,""detectors_checked"":829440}"
      1024,         0,         0,   0.108,standalone_exact_mw,9d8ad86e51451842b54dafc7680d1b486ef291963bb72c70f3cdd570d2d8fa34,"{""distance"":7,""physical_error_rate"":0.002}","{""detection_events"":6319,""detectors_checked"":829440}"
   1247232,         0,         0,   120.2,standalone_exact_mw,9d8ad86e51451842b54dafc7680d1b486ef291963bb72c70f3cdd570d2d8fa34,"{""distance"":7,""physical_error_rate"":0.002}","{""detection_events"":7751072,""detectors_checked"":1010257920}"
      1024,         0,         0,   0.079,standalone_exact_mw,9d8ad86e51451842b54dafc7680d1b486ef291963bb72c70f3cdd570d2d8fa34,"{""distance"":7,""physical_error_rate"":0.002}","{""detection_events"":6344,""detectors_checked"":829440}"
      1024,         0,         0,   0.082,standalone_exact_mw,9d8ad86e51451842b54dafc7680d1b486ef291963bb72c70f3cdd570d2d8fa34,"{""distance"":7,""physical_error_rate"":0.002}","{""detection_events"":6262,""detectors_checked"":829440}"
      2048,         0,         0,   0.173,standalone_exact_mw,9d8ad86e51451842b54dafc7680d1b486ef291963bb72c70f3cdd570d2d8fa34,"{""distance"":7,""physical_error_rate"":0.002}","{""detection_events"":12604,""detectors_checked"":1658880}"
      1024,         0,         0,   0.127,standalone_exact_mw,9d8ad86e51451842b54dafc7680d1b486ef291963bb72c70f3cdd570d2d8fa34,"{""distance"":7,""physical_error_rate"":0.002}","{""detection_events"":6284,""detectors_checked"":829440}"
      1024,         0,         0,   0.072,standalone_exact_mw,9d8ad86e51451842b54dafc7680d1b486ef291963bb72c70f3cdd570d2d8fa34,"{""distance"":7,""physical_error_rate"":0.002}","{""detection_events"":6340,""detectors_checked"":829440}"
      1024,         0,         0,   0.073,standalone_exact_mw,9d8ad86e51451842b54dafc7680d1b486ef291963bb72c70f3cdd570d2d8fa34,"{""distance"":7,""physical_error_rate"":0.002}","{""detection_events"":6313,""detectors_checked"":829440}"
      1024,         0,         0,   0.073,standalone_exact_mw,9d8ad86e51451842b54dafc7680d1b486ef291963bb72c70f3cdd570d2d8fa34,"{""distance"":7,""physical_error_rate"":0.002}","{""detection_events"":6392,""detectors_checked"":829440}"
      1024,         0,         0,   0.073,standalone_exact_mw,9d8ad86e51451842b54dafc7680d1b486ef291963bb72c70f3cdd570d2d8fa34,"{""distance"":7,""physical_error_rate"":0.002}","{""detection_events"":6502,""detectors_checked"":829440}"
      1024,         0,         0,   0.081,standalone_exact_mw,9d8ad86e51451842b54dafc7680d1b486ef291963bb72c70f3cdd570d2d8fa34,"{""distance"":7,""physical_error_rate"":0.002}","{""detection_events"":6343,""detectors_checked"":829440}"
      2048,         0,         0,   0.177,standalone_exact_mw,9d8ad86e51451842b54dafc7680d1b486ef291963bb72c70f3cdd570d2d8fa34,"{""distance"":7,""physical_error_rate"":0.002}","{""detection_events"":12703,""detectors_checked"":1658880}"
      2048,         0,         0,   0.163,standalone_exact_mw,9d8ad86e51451842b54dafc7680d1b486ef291963bb72c70f3cdd570d2d8fa34,"{""distance"":7,""physical_error_rate"":0.002}","{""detection_events"":12532,""detectors_checked"":1658880}"
        17,         0,         0,   0.047,standalone_exact_mw,9d8ad86e51451842b54dafc7680d1b486ef291963bb72c70f3cdd570d2d8fa34,"{""distance"":7,""physical_error_rate"":0.002}","{""detection_events"":112,""detectors_checked"":13770}"
      3072,         0,         0,   0.172,standalone_exact_mw,9d8ad86e51451842b54dafc7680d1b486ef291963bb72c70f3cdd570d2d8fa34,"{""distance"":7,""physical_error_rate"":0.002}","{""detection_events"":19368,""detectors_checked"":2488320}"
      1024,         0,         0,   0.090,standalone_exact_mw,9d8ad86e51451842b54dafc7680d1b486ef291963bb72c70f3cdd570d2d8fa34,"{""distance"":7,""physical_error_rate"":0.002}","{""detection_events"":6201,""detectors_checked"":829440}"
      6144,         0,         0,   0.325,standalone_exact_mw,9d8ad86e51451842b54dafc7680d1b486ef291963bb72c70f3cdd570d2d8fa34,"{""distance"":7,""physical_error_rate"":0.002}","{""detection_events"":38052,""detectors_checked"":4976640}"
      1024,         0,         0,   0.081,standalone_exact_mw,9d8ad86e51451842b54dafc7680d1b486ef291963bb72c70f3cdd570d2d8fa34,"{""distance"":7,""physical_error_rate"":0.002}","{""detection_events"":6276,""detectors_checked"":829440}"
       273,         0,         0,   0.024,standalone_exact_mw,9d8ad86e51451842b54dafc7680d1b486ef291963bb72c70f3cdd570d2d8fa34,"{""distance"":7,""physical_error_rate"":0.002}","{""detection_events"":1778,""detectors_checked"":221130}"
      1024,         0,         0,   0.091,standalone_exact_mw,9d8ad86e51451842b54dafc7680d1b486ef291963bb72c70f3cdd570d2d8fa34,"{""distance"":7,""physical_error_rate"":0.002}","{""detection_events"":6457,""detectors_checked"":829440}"
      1024,         0,         0,   0.081,standalone_exact_mw,9d8ad86e51451842b54dafc7680d1b486ef291963bb72c70f3cdd570d2d8fa34,"{""distance"":7,""physical_error_rate"":0.002}","{""detection_events"":6307,""detectors_checked"":829440}"
       273,         0,         0,   0.029,standalone_exact_mw,9d8ad86e51451842b54dafc7680d1b486ef291963bb72c70f3cdd570d2d8fa34,"{""distance"":7,""physical_error_rate"":0.002}","{""detection_events"":1758,""detectors_checked"":221130}"
      1024,         0,         0,   0.118,standalone_exact_mw,9d8ad86e51451842b54dafc7680d1b486ef291963bb72c70f3cdd570d2d8fa34,"{""distance"":7,""physical_error_rate"":0.002}","{""detection_events"":6391,""detectors_checked"":829440}"
      1024,         0,         0,   0.127,standalone_exact_mw,9d8ad86e51451842b54dafc7680d1b486ef291963bb72c70f3cdd570d2d8fa34,"{""distance"":7,""physical_error_rate"":0.002}","{""detection_events"":5985,""detectors_checked"":829440}"
      5120,         0,         0,   0.303,standalone_exact_mw,9d8ad86e51451842b54dafc7680d1b486ef291963bb72c70f3cdd570d2d8fa34,"{""distance"":7,""physical_error_rate"":0.002}","{""detection_events"":31625,""detectors_checked"":4147200}"
       128,         0,         0,   0.052,standalone_exact_mw,9d8ad86e51451842b54dafc7680d1b486ef291963bb72c70f3cdd570d2d8fa34,"{""distance"":7,""physical_error_rate"":0.002}","{""detection_events"":733,""detectors_checked"":103680}"
      1024,         0,         0,   0.112,standalone_exact_mw,9d8ad86e51451842b54dafc7680d1b486ef291963bb72c70f3cdd570d2d8fa34,"{""distance"":7,""physical_error_rate"":0.002}","{""detection_events"":6350,""detectors_checked"":829440}"
      1024,         0,         0,   0.078,standalone_exact_mw,9d8ad86e51451842b54dafc7680d1b486ef291963bb72c70f3cdd570d2d8fa34,"{""distance"":7,""physical_error_rate"":0.002}","{""detection_events"":6202,""detectors_checked"":829440}"
      1024,         0,         0,   0.081,standalone_exact_mw,9d8ad86e51451842b54dafc7680d1b486ef291963bb72c70f3cdd570d2d8fa34,"{""distance"":7,""physical_error_rate"":0.002}","{""detection_events"":6361,""detectors_checked"":829440}"
      1024,         0,         0,   0.082,standalone_exact_mw,9d8ad86e51451842b54dafc7680d1b486ef291963bb72c70f3cdd570d2d8fa34,"{""distance"":7,""physical_error_rate"":0.002}","{""detection_events"":6012,""detectors_checked"":829440}"
      1024,         0,         0,   0.082,standalone_exact_mw,9d8ad86e51451842b54dafc7680d1b486ef291963bb72c70f3cdd570d2d8fa34,"{""distance"":7,""physical_error_rate"":0.002}","{""detection_events"":6315,""detectors_checked"":829440}"
      1024,         0,         0,   0.081,standalone_exact_mw,9d8ad86e51451842b54dafc7680d1b486ef291963bb72c70f3cdd570d2d8fa34,"{""distance"":7,""physical_error_rate"":0.002}","{""detection_events"":6377,""detectors_checked"":829440}"
      1024,         0,         0,   0.125,standalone_exact_mw,9d8ad86e51451842b54dafc7680d1b486ef291963bb72c70f3cdd570d2d8fa34,"{""distance"":7,""physical_error_rate"":0.002}","{""detection_events"":6359,""detectors_checked"":829440}"
      3072,         0,         0,   0.169,standalone_exact_mw,9d8ad86e51451842b54dafc7680d1b486ef291963bb72c70f3cdd570d2d8fa34,"{""distance"":7,""physical_error_rate"":0.002}","{""detection_events"":18902,""detectors_checked"":2488320}"
      2048,         0,         0,   0.162,standalone_exact_mw,9d8ad86e51451842b54dafc7680d1b486ef291963bb72c70f3cdd570d2d8fa34,"{""distance"":7,""physical_error_rate"":0.002}","{""detection_events"":12655,""detectors_checked"":1658880}"
      1024,         0,         0,   0.118,standalone_exact_mw,9d8ad86e51451842b54dafc7680d1b486ef291963bb72c70f3cdd570d2d8fa34,"{""distance"":7,""physical_error_rate"":0.002}","{""detection_events"":6303,""detectors_checked"":829440}"
      2048,         0,         0,   0.178,standalone_exact_mw,9d8ad86e51451842b54dafc7680d1b486ef291963bb72c70f3cdd570d2d8fa34,"{""distance"":7,""physical_error_rate"":0.002}","{""detection_events"":12768,""detectors_checked"":1658880}"
      2048,         0,         0,   0.158,standalone_exact_mw,9d8ad86e51451842b54dafc7680d1b486ef291963bb72c70f3cdd570d2d8fa34,"{""distance"":7,""physical_error_rate"":0.002}","{""detection_events"":13074,""detectors_checked"":1658880}"
      1024,         0,         0,   0.259,standalone_exact_mw,9d8ad86e51451842b54dafc7680d1b486ef291963bb72c70f3cdd570d2d8fa34,"{""distance"":7,""physical_error_rate"":0.002}","{""detection_events"":6339,""detectors_checked"":829440}"
      7168,         0,         0,   0.365,standalone_exact_mw,9d8ad86e51451842b54dafc7680d1b486ef291963bb72c70f3cdd570d2d8fa34,"{""distance"":7,""physical_error_rate"":0.002}","{""detection_events"":44113,""detectors_checked"":5806080}"
      2048,         0,         0,   0.220,standalone_exact_mw,9d8ad86e51451842b54dafc7680d1b486ef291963bb72c70f3cdd570d2d8fa34,"{""distance"":7,""physical_error_rate"":0.002}","{""detection_events"":12946,""detectors_checked"":1658880}"
      1024,         0,         0,   0.072,standalone_exact_mw,9d8ad86e51451842b54dafc7680d1b486ef291963bb72c70f3cdd570d2d8fa34,"{""distance"":7,""physical_error_rate"":0.002}","{""detection_events"":6235,""detectors_checked"":829440}"
      1024,         0,         0,   0.271,standalone_exact_mw,9d8ad86e51451842b54dafc7680d1b486ef291963bb72c70f3cdd570d2d8fa34,"{""distance"":7,""physical_error_rate"":0.002}","{""detection_events"":6231,""detectors_checked"":829440}"
      1024,         0,         0,   0.081,standalone_exact_mw,9d8ad86e51451842b54dafc7680d1b486ef291963bb72c70f3cdd570d2d8fa34,"{""distance"":7,""physical_error_rate"":0.002}","{""detection_events"":6355,""detectors_checked"":829440}"
      4096,         0,         0,   0.321,standalone_exact_mw,9d8ad86e51451842b54dafc7680d1b486ef291963bb72c70f3cdd570d2d8fa34,"{""distance"":7,""physical_error_rate"":0.002}","{""detection_events"":24766,""detectors_checked"":3317760}"
      1024,         0,         0,   0.081,standalone_exact_mw,9d8ad86e51451842b54dafc7680d1b486ef291963bb72c70f3cdd570d2d8fa34,"{""distance"":7,""physical_error_rate"":0.002}","{""detection_events"":6394,""detectors_checked"":829440}"
      2048,         0,         0,   0.162,standalone_exact_mw,9d8ad86e51451842b54dafc7680d1b486ef291963bb72c70f3cdd570d2d8fa34,"{""distance"":7,""physical_error_rate"":0.002}","{""detection_events"":12786,""detectors_checked"":1658880}"
      1024,         0,         0,   0.082,standalone_exact_mw,9d8ad86e51451842b54dafc7680d1b486ef291963bb72c70f3cdd570d2d8fa34,"{""distance"":7,""physical_error_rate"":0.002}","{""detection_events"":6306,""detectors_checked"":829440}"
      1024,         0,         0,   0.111,standalone_exact_mw,9d8ad86e51451842b54dafc7680d1b486ef291963bb72c70f3cdd570d2d8fa34,"{""distance"":7,""physical_error_rate"":0.002}","{""detection_events"":6309,""detectors_checked"":829440}"
      1024,         0,         0,   0.104,standalone_exact_mw,9d8ad86e51451842b54dafc7680d1b486ef291963bb72c70f3cdd570d2d8fa34,"{""distance"":7,""physical_error_rate"":0.002}","{""detection_events"":6255,""detectors_checked"":829440}"
      2048,         0,         0,   0.216,standalone_exact_mw,9d8ad86e51451842b54dafc7680d1b486ef291963bb72c70f3cdd570d2d8fa34,"{""distance"":7,""physical_error_rate"":0.002}","{""detection_events"":12702,""detectors_checked"":1658880}"
      1024,         0,         0,   0.082,standalone_exact_mw,9d8ad86e51451842b54dafc7680d1b486ef291963bb72c70f3cdd570d2d8fa34,"{""distance"":7,""physical_error_rate"":0.002}","{""detection_events"":6387,""detectors_checked"":829440}"
      1024,         0,         0,   0.081,standalone_exact_mw,9d8ad86e51451842b54dafc7680d1b486ef291963bb72c70f3cdd570d2d8fa34,"{""distance"":7,""physical_error_rate"":0.002}","{""detection_events"":6380,""detectors_checked"":829440}"
      1024,         0,         0,   0.082,standalone_exact_mw,9d8ad86e51451842b54dafc7680d1b486ef291963bb72c70f3cdd570d2d8fa34,"{""distance"":7,""physical_error_rate"":0.002}","{""detection_events"":6391,""detectors_checked"":829440}"
      1024,         0,         0,   0.082,standalone_exact_mw,9d8ad86e51451842b54dafc7680d1b486ef291963bb72c70f3cdd570d2d8fa34,"{""distance"":7,""physical_error_rate"":0.002}","{""detection_events"":6462,""detectors_checked"":829440}"
      1024,         0,         0,   0.105,standalone_exact_mw,9d8ad86e51451842b54dafc7680d1b486ef291963bb72c70f3cdd570d2d8fa34,"{""distance"":7,""physical_error_rate"":0.002}","{""detection_events"":6370,""detectors_checked"":829440}"
      1024,         0,         0,   0.082,standalone_exact_mw,9d8ad86e51451842b54dafc7680d1b486ef291963bb72c70f3cdd570d2d8fa34,"{""distance"":7,""physical_error_rate"":0.002}","{""detection_events"":6183,""detectors_checked"":829440}"
      2048,         0,         0,   0.163,standalone_exact_mw,9d8ad86e51451842b54dafc7680d1b486ef291963bb72c70f3cdd570d2d8fa34,"{""distance"":7,""physical_error_rate"":0.002}","{""detection_events"":12529,""detectors_checked"":1658880}"
      2048,         0,         0,   0.166,standalone_exact_mw,9d8ad86e51451842b54dafc7680d1b486ef291963bb72c70f3cdd570d2d8fa34,"{""distance"":7,""physical_error_rate"":0.002}","{""detection_events"":12394,""detectors_checked"":1658880}"
      1024,         0,         0,   0.111,standalone_exact_mw,9d8ad86e51451842b54dafc7680d1b486ef291963bb72c70f3cdd570d2d8fa34,"{""distance"":7,""physical_error_rate"":0.002}","{""detection_events"":6225,""detectors_checked"":829440}"
      1024,         0,         0,   0.112,standalone_exact_mw,9d8ad86e51451842b54dafc7680d1b486ef291963bb72c70f3cdd570d2d8fa34,"{""distance"":7,""physical_error_rate"":0.002}","{""detection_events"":6649,""detectors_checked"":829440}"
      1024,         0,         0,   0.082,standalone_exact_mw,9d8ad86e51451842b54dafc7680d1b486ef291963bb72c70f3cdd570d2d8fa34,"{""distance"":7,""physical_error_rate"":0.002}","{""detection_events"":6437,""detectors_checked"":829440}"
       273,         0,         0,   0.032,standalone_exact_mw,9d8ad86e51451842b54dafc7680d1b486ef291963bb72c70f3cdd570d2d8fa34,"{""distance"":7,""physical_error_rate"":0.002}","{""detection_events"":1625,""detectors_checked"":221130}"
         1,         0,         0,   0.023,standalone_exact_mw,9d8ad86e51451842b54dafc7680d1b486ef291963bb72c70f3cdd570d2d8fa34,"{""distance"":7,""physical_error_rate"":0.002}","{""detection_events"":6,""detectors_checked"":810}"
      1024,         0,         0,   0.148,standalone_exact_mw,9d8ad86e51451842b54dafc7680d1b486ef291963bb72c70f3cdd570d2d8fa34,"{""distance"":7,""physical_error_rate"":0.002}","{""detection_events"":6483,""detectors_checked"":829440}"
      1024,         0,         0,   0.082,standalone_exact_mw,9d8ad86e51451842b54dafc7680d1b486ef291963bb72c70f3cdd570d2d8fa34,"{""distance"":7,""physical_error_rate"":0.002}","{""detection_events"":6461,""detectors_checked"":829440}"
      1024,         0,         0,   0.081,standalone_exact_mw,9d8ad86e51451842b54dafc7680d1b486ef291963bb72c70f3cdd570d2d8fa34,"{""distance"":7,""physical_error_rate"":0.002}","{""detection_events"":6244,""detectors_checked"":829440}"
      1024,         0,         0,   0.082,standalone_exact_mw,9d8ad86e51451842b54dafc7680d1b486ef291963bb72c70f3cdd570d2d8fa34,"{""distance"":7,""physical_error_rate"":0.002}","{""detection_events"":6218,""detectors_checked"":829440}"
      1024,         0,         0,   0.157,standalone_exact_mw,9d8ad86e51451842b54dafc7680d1b486ef291963bb72c70f3cdd570d2d8fa34,"{""distance"":7,""physical_error_rate"":0.002}","{""detection_events"":6584,""detectors_checked"":829440}"
      4096,         0,         0,   0.208,standalone_exact_mw,9d8ad86e51451842b54dafc7680d1b486ef291963bb72c70f3cdd570d2d8fa34,"{""distance"":7,""physical_error_rate"":0.002}","{""detection_events"":25381,""detectors_checked"":3317760}"
      1024,         0,         0,   0.081,standalone_exact_mw,9d8ad86e51451842b54dafc7680d1b486ef291963bb72c70f3cdd570d2d8fa34,"{""distance"":7,""physical_error_rate"":0.002}","{""detection_events"":6268,""detectors_checked"":829440}"
      1024,         0,         0,   0.081,standalone_exact_mw,9d8ad86e51451842b54dafc7680d1b486ef291963bb72c70f3cdd570d2d8fa34,"{""distance"":7,""physical_error_rate"":0.002}","{""detection_events"":6269,""detectors_checked"":829440}"
       272,         0,         0,   0.030,standalone_exact_mw,9d8ad86e51451842b54dafc7680d1b486ef291963bb72c70f3cdd570d2d8fa34,"{""distance"":7,""physical_error_rate"":0.002}","{""detection_events"":1737,""detectors_checked"":220320}"
      1024,         0,         0,   0.082,standalone_exact_mw,9d8ad86e51451842b54dafc7680d1b486ef291963bb72c70f3cdd570d2d8fa34,"{""distance"":7,""physical_error_rate"":0.002}","{""detection_events"":6459,""detectors_checked"":829440}"
      1024,         0,         0,   0.082,standalone_exact_mw,9d8ad86e51451842b54dafc7680d1b486ef291963bb72c70f3cdd570d2d8fa34,"{""distance"":7,""physical_error_rate"":0.002}","{""detection_events"":6107,""detectors_checked"":829440}"
      1024,         0,         0,   0.083,standalone_exact_mw,9d8ad86e51451842b54dafc7680d1b486ef291963bb72c70f3cdd570d2d8fa34,"{""distance"":7,""physical_error_rate"":0.002}","{""detection_events"":6601,""detectors_checked"":829440}"
       273,         0,         0,   0.029,standalone_exact_mw,9d8ad86e51451842b54dafc7680d1b486ef291963bb72c70f3cdd570d2d8fa34,"{""distance"":7,""physical_error_rate"":0.002}","{""detection_events"":1649,""detectors_checked"":221130}"
      2048,         0,         0,   0.162,standalone_exact_mw,9d8ad86e51451842b54dafc7680d1b486ef291963bb72c70f3cdd570d2d8fa34,"{""distance"":7,""physical_error_rate"":0.002}","{""detection_events"":12800,""detectors_checked"":1658880}"
      2048,         0,         0,   0.163,standalone_exact_mw,9d8ad86e51451842b54dafc7680d1b486ef291963bb72c70f3cdd570d2d8fa34,"{""distance"":7,""physical_error_rate"":0.002}","{""detection_events"":12715,""detectors_checked"":1658880}"
      1024,         0,         0,   0.164,standalone_exact_mw,9d8ad86e51451842b54dafc7680d1b486ef291963bb72c70f3cdd570d2d8fa34,"{""distance"":7,""physical_error_rate"":0.002}","{""detection_events"":6463,""detectors_checked"":829440}"
      1024,         0,         0,   0.111,standalone_exact_mw,9d8ad86e51451842b54dafc7680d1b486ef291963bb72c70f3cdd570d2d8fa34,"{""distance"":7,""physical_error_rate"":0.002}","{""detection_events"":6215,""detectors_checked"":829440}"
      1024,         0,         0,   0.081,standalone_exact_mw,9d8ad86e51451842b54dafc7680d1b486ef291963bb72c70f3cdd570d2d8fa34,"{""distance"":7,""physical_error_rate"":0.002}","{""detection_events"":6058,""detectors_checked"":829440}"
      1024,         0,         0,   0.081,standalone_exact_mw,9d8ad86e51451842b54dafc7680d1b486ef291963bb72c70f3cdd570d2d8fa34,"{""distance"":7,""physical_error_rate"":0.002}","{""detection_events"":6302,""detectors_checked"":829440}"
      1024,         0,         0,   0.112,standalone_exact_mw,9d8ad86e51451842b54dafc7680d1b486ef291963bb72c70f3cdd570d2d8fa34,"{""distance"":7,""physical_error_rate"":0.002}","{""detection_events"":6634,""detectors_checked"":829440}"
       273,         0,         0,   0.032,standalone_exact_mw,9d8ad86e51451842b54dafc7680d1b486ef291963bb72c70f3cdd570d2d8fa34,"{""distance"":7,""physical_error_rate"":0.002}","{""detection_events"":1621,""detectors_checked"":221130}"
      1024,         0,         0,   0.081,standalone_exact_mw,9d8ad86e51451842b54dafc7680d1b486ef291963bb72c70f3cdd570d2d8fa34,"{""distance"":7,""physical_error_rate"":0.002}","{""detection_events"":6206,""detectors_checked"":829440}"
      1024,         0,         0,   0.082,standalone_exact_mw,9d8ad86e51451842b54dafc7680d1b486ef291963bb72c70f3cdd570d2d8fa34,"{""distance"":7,""physical_error_rate"":0.002}","{""detection_events"":6507,""detectors_checked"":829440}"
      1024,         0,         0,   0.112,standalone_exact_mw,9d8ad86e51451842b54dafc7680d1b486ef291963bb72c70f3cdd570d2d8fa34,"{""distance"":7,""physical_error_rate"":0.002}","{""detection_events"":6336,""detectors_checked"":829440}"
      2048,         0,         0,   0.224,standalone_exact_mw,9d8ad86e51451842b54dafc7680d1b486ef291963bb72c70f3cdd570d2d8fa34,"{""distance"":7,""physical_error_rate"":0.002}","{""detection_events"":12895,""detectors_checked"":1658880}"
      1024,         0,         0,   0.081,standalone_exact_mw,9d8ad86e51451842b54dafc7680d1b486ef291963bb72c70f3cdd570d2d8fa34,"{""distance"":7,""physical_error_rate"":0.002}","{""detection_events"":6447,""detectors_checked"":829440}"
      1024,         0,         0,   0.111,standalone_exact_mw,9d8ad86e51451842b54dafc7680d1b486ef291963bb72c70f3cdd570d2d8fa34,"{""distance"":7,""physical_error_rate"":0.002}","{""detection_events"":6430,""detectors_checked"":829440}"
      1024,         0,         0,   0.081,standalone_exact_mw,9d8ad86e51451842b54dafc7680d1b486ef291963bb72c70f3cdd570d2d8fa34,"{""distance"":7,""physical_error_rate"":0.002}","{""detection_events"":6485,""detectors_checked"":829440}"
      4096,         0,         0,   0.234,standalone_exact_mw,9d8ad86e51451842b54dafc7680d1b486ef291963bb72c70f3cdd570d2d8fa34,"{""distance"":7,""physical_error_rate"":0.002}","{""detection_events"":25519,""detectors_checked"":3317760}"
      1024,         0,         0,   0.082,standalone_exact_mw,9d8ad86e51451842b54dafc7680d1b486ef291963bb72c70f3cdd570d2d8fa34,"{""distance"":7,""physical_error_rate"":0.002}","{""detection_events"":6194,""detectors_checked"":829440}"
      1024,         0,         0,   0.082,standalone_exact_mw,9d8ad86e51451842b54dafc7680d1b486ef291963bb72c70f3cdd570d2d8fa34,"{""distance"":7,""physical_error_rate"":0.002}","{""detection_events"":6586,""detectors_checked"":829440}"
      1024,         0,         0,   0.081,standalone_exact_mw,9d8ad86e51451842b54dafc7680d1b486ef291963bb72c70f3cdd570d2d8fa34,"{""distance"":7,""physical_error_rate"":0.002}","{""detection_events"":6487,""detectors_checked"":829440}"
      1024,         0,         0,   0.081,standalone_exact_mw,9d8ad86e51451842b54dafc7680d1b486ef291963bb72c70f3cdd570d2d8fa34,"{""distance"":7,""physical_error_rate"":0.002}","{""detection_events"":6389,""detectors_checked"":829440}"
      2048,         0,         0,   0.198,standalone_exact_mw,9d8ad86e51451842b54dafc7680d1b486ef291963bb72c70f3cdd570d2d8fa34,"{""distance"":7,""physical_error_rate"":0.002}","{""detection_events"":12627,""detectors_checked"":1658880}"
      1024,         0,         0,   0.111,standalone_exact_mw,9d8ad86e51451842b54dafc7680d1b486ef291963bb72c70f3cdd570d2d8fa34,"{""distance"":7,""physical_error_rate"":0.002}","{""detection_events"":6221,""detectors_checked"":829440}"
      1024,         0,         0,   0.226,standalone_exact_mw,9d8ad86e51451842b54dafc7680d1b486ef291963bb72c70f3cdd570d2d8fa34,"{""distance"":7,""physical_error_rate"":0.002}","{""detection_events"":6613,""detectors_checked"":829440}"
      2048,         0,         0,   0.222,standalone_exact_mw,9d8ad86e51451842b54dafc7680d1b486ef291963bb72c70f3cdd570d2d8fa34,"{""distance"":7,""physical_error_rate"":0.002}","{""detection_events"":12540,""detectors_checked"":1658880}"
      1024,         0,         0,   0.082,standalone_exact_mw,9d8ad86e51451842b54dafc7680d1b486ef291963bb72c70f3cdd570d2d8fa34,"{""distance"":7,""physical_error_rate"":0.002}","{""detection_events"":6312,""detectors_checked"":829440}"
      4096,         0,         0,   0.444,standalone_exact_mw,9d8ad86e51451842b54dafc7680d1b486ef291963bb72c70f3cdd570d2d8fa34,"{""distance"":7,""physical_error_rate"":0.002}","{""detection_events"":25735,""detectors_checked"":3317760}"
      1024,         0,         0,   0.158,standalone_exact_mw,9d8ad86e51451842b54dafc7680d1b486ef291963bb72c70f3cdd570d2d8fa34,"{""distance"":7,""physical_error_rate"":0.002}","{""detection_events"":6391,""detectors_checked"":829440}"
         1,         0,         0,   0.027,standalone_exact_mw,9d8ad86e51451842b54dafc7680d1b486ef291963bb72c70f3cdd570d2d8fa34,"{""distance"":7,""physical_error_rate"":0.002}","{""detection_events"":8,""detectors_checked"":810}"
      1024,         0,         0,   0.082,standalone_exact_mw,9d8ad86e51451842b54dafc7680d1b486ef291963bb72c70f3cdd570d2d8fa34,"{""distance"":7,""physical_error_rate"":0.002}","{""detection_events"":6491,""detectors_checked"":829440}"
      3072,         0,         0,   0.241,standalone_exact_mw,9d8ad86e51451842b54dafc7680d1b486ef291963bb72c70f3cdd570d2d8fa34,"{""distance"":7,""physical_error_rate"":0.002}","{""detection_events"":19200,""detectors_checked"":2488320}"
      1024,         0,         0,   0.090,standalone_exact_mw,9d8ad86e51451842b54dafc7680d1b486ef291963bb72c70f3cdd570d2d8fa34,"{""distance"":7,""physical_error_rate"":0.002}","{""detection_events"":6033,""detectors_checked"":829440}"
      1024,         0,         0,   0.143,standalone_exact_mw,9d8ad86e51451842b54dafc7680d1b486ef291963bb72c70f3cdd570d2d8fa34,"{""distance"":7,""physical_error_rate"":0.002}","{""detection_events"":6417,""detectors_checked"":829440}"
      1024,         0,         0,   0.115,standalone_exact_mw,9d8ad86e51451842b54dafc7680d1b486ef291963bb72c70f3cdd570d2d8fa34,"{""distance"":7,""physical_error_rate"":0.002}","{""detection_events"":6218,""detectors_checked"":829440}"
      1024,         0,         0,   0.112,standalone_exact_mw,9d8ad86e51451842b54dafc7680d1b486ef291963bb72c70f3cdd570d2d8fa34,"{""distance"":7,""physical_error_rate"":0.002}","{""detection_events"":6535,""detectors_checked"":829440}"
      1024,         0,         0,   0.082,standalone_exact_mw,9d8ad86e51451842b54dafc7680d1b486ef291963bb72c70f3cdd570d2d8fa34,"{""distance"":7,""physical_error_rate"":0.002}","{""detection_events"":6446,""detectors_checked"":829440}"
       273,         0,         0,   0.029,standalone_exact_mw,9d8ad86e51451842b54dafc7680d1b486ef291963bb72c70f3cdd570d2d8fa34,"{""distance"":7,""physical_error_rate"":0.002}","{""detection_events"":1625,""detectors_checked"":221130}"
      1024,         0,         0,   0.082,standalone_exact_mw,9d8ad86e51451842b54dafc7680d1b486ef291963bb72c70f3cdd570d2d8fa34,"{""distance"":7,""physical_error_rate"":0.002}","{""detection_events"":6225,""detectors_checked"":829440}"
      1024,         0,         0,   0.081,standalone_exact_mw,9d8ad86e51451842b54dafc7680d1b486ef291963bb72c70f3cdd570d2d8fa34,"{""distance"":7,""physical_error_rate"":0.002}","{""detection_events"":6376,""detectors_checked"":829440}"
         1,         0,         0,   0.003,standalone_exact_mw,9d8ad86e51451842b54dafc7680d1b486ef291963bb72c70f3cdd570d2d8fa34,"{""distance"":7,""physical_error_rate"":0.002}","{""detection_events"":7,""detectors_checked"":810}"
       272,         0,         0,   0.033,standalone_exact_mw,9d8ad86e51451842b54dafc7680d1b486ef291963bb72c70f3cdd570d2d8fa34,"{""distance"":7,""physical_error_rate"":0.002}","{""detection_events"":1567,""detectors_checked"":220320}"
      3072,         0,         0,   0.244,standalone_exact_mw,9d8ad86e51451842b54dafc7680d1b486ef291963bb72c70f3cdd570d2d8fa34,"{""distance"":7,""physical_error_rate"":0.002}","{""detection_events"":18969,""detectors_checked"":2488320}"
         1,         0,         0,   0.023,standalone_exact_mw,9d8ad86e51451842b54dafc7680d1b486ef291963bb72c70f3cdd570d2d8fa34,"{""distance"":7,""physical_error_rate"":0.002}","{""detection_events"":10,""detectors_checked"":810}"
      1024,         0,         0,   0.112,standalone_exact_mw,9d8ad86e51451842b54dafc7680d1b486ef291963bb72c70f3cdd570d2d8fa34,"{""distance"":7,""physical_error_rate"":0.002}","{""detection_events"":6309,""detectors_checked"":829440}"
      3072,         0,         0,   0.336,standalone_exact_mw,9d8ad86e51451842b54dafc7680d1b486ef291963bb72c70f3cdd570d2d8fa34,"{""distance"":7,""physical_error_rate"":0.002}","{""detection_events"":19172,""detectors_checked"":2488320}"
      1024,         0,         0,   0.042,standalone_exact_mw,9d8ad86e51451842b54dafc7680d1b486ef291963bb72c70f3cdd570d2d8fa34,"{""distance"":7,""physical_error_rate"":0.002}","{""detection_events"":6393,""detectors_checked"":829440}"
      3072,         0,         0,   0.271,standalone_exact_mw,9d8ad86e51451842b54dafc7680d1b486ef291963bb72c70f3cdd570d2d8fa34,"{""distance"":7,""physical_error_rate"":0.002}","{""detection_events"":19091,""detectors_checked"":2488320}"
       272,         0,         0,   0.027,standalone_exact_mw,9d8ad86e51451842b54dafc7680d1b486ef291963bb72c70f3cdd570d2d8fa34,"{""distance"":7,""physical_error_rate"":0.002}","{""detection_events"":1602,""detectors_checked"":220320}"
      3072,         0,         0,   0.335,standalone_exact_mw,9d8ad86e51451842b54dafc7680d1b486ef291963bb72c70f3cdd570d2d8fa34,"{""distance"":7,""physical_error_rate"":0.002}","{""detection_events"":19019,""detectors_checked"":2488320}"
      1024,         0,         0,   0.082,standalone_exact_mw,9d8ad86e51451842b54dafc7680d1b486ef291963bb72c70f3cdd570d2d8fa34,"{""distance"":7,""physical_error_rate"":0.002}","{""detection_events"":6513,""detectors_checked"":829440}"
      1024,         0,         0,   0.153,standalone_exact_mw,9d8ad86e51451842b54dafc7680d1b486ef291963bb72c70f3cdd570d2d8fa34,"{""distance"":7,""physical_error_rate"":0.002}","{""detection_events"":6144,""detectors_checked"":829440}"
       272,         0,         0,   0.030,standalone_exact_mw,9d8ad86e51451842b54dafc7680d1b486ef291963bb72c70f3cdd570d2d8fa34,"{""distance"":7,""physical_error_rate"":0.002}","{""detection_events"":1675,""detectors_checked"":220320}"
      1024,         0,         0,   0.079,standalone_exact_mw,9d8ad86e51451842b54dafc7680d1b486ef291963bb72c70f3cdd570d2d8fa34,"{""distance"":7,""physical_error_rate"":0.002}","{""detection_events"":6139,""detectors_checked"":829440}"
      1024,         0,         0,   0.112,standalone_exact_mw,9d8ad86e51451842b54dafc7680d1b486ef291963bb72c70f3cdd570d2d8fa34,"{""distance"":7,""physical_error_rate"":0.002}","{""detection_events"":6401,""detectors_checked"":829440}"
      1024,         0,         0,   0.082,standalone_exact_mw,9d8ad86e51451842b54dafc7680d1b486ef291963bb72c70f3cdd570d2d8fa34,"{""distance"":7,""physical_error_rate"":0.002}","{""detection_events"":6317,""detectors_checked"":829440}"
      2048,         0,         0,   0.163,standalone_exact_mw,9d8ad86e51451842b54dafc7680d1b486ef291963bb72c70f3cdd570d2d8fa34,"{""distance"":7,""physical_error_rate"":0.002}","{""detection_events"":12534,""detectors_checked"":1658880}"
      1024,         0,         0,   0.087,standalone_exact_mw,9d8ad86e51451842b54dafc7680d1b486ef291963bb72c70f3cdd570d2d8fa34,"{""distance"":7,""physical_error_rate"":0.002}","{""detection_events"":6382,""detectors_checked"":829440}"
      2048,         0,         0,   0.163,standalone_exact_mw,9d8ad86e51451842b54dafc7680d1b486ef291963bb72c70f3cdd570d2d8fa34,"{""distance"":7,""physical_error_rate"":0.002}","{""detection_events"":12493,""detectors_checked"":1658880}"
      2048,         0,         0,   0.160,standalone_exact_mw,9d8ad86e51451842b54dafc7680d1b486ef291963bb72c70f3cdd570d2d8fa34,"{""distance"":7,""physical_error_rate"":0.002}","{""detection_events"":12941,""detectors_checked"":1658880}"
      2048,         0,         0,   0.168,standalone_exact_mw,9d8ad86e51451842b54dafc7680d1b486ef291963bb72c70f3cdd570d2d8fa34,"{""distance"":7,""physical_error_rate"":0.002}","{""detection_events"":12645,""detectors_checked"":1658880}"
      2048,         0,         0,   0.164,standalone_exact_mw,9d8ad86e51451842b54dafc7680d1b486ef291963bb72c70f3cdd570d2d8fa34,"{""distance"":7,""physical_error_rate"":0.002}","{""detection_events"":12358,""detectors_checked"":1658880}"
      5120,         0,         0,   0.423,standalone_exact_mw,9d8ad86e51451842b54dafc7680d1b486ef291963bb72c70f3cdd570d2d8fa34,"{""distance"":7,""physical_error_rate"":0.002}","{""detection_events"":31093,""detectors_checked"":4147200}"
      3072,         0,         0,   0.336,standalone_exact_mw,9d8ad86e51451842b54dafc7680d1b486ef291963bb72c70f3cdd570d2d8fa34,"{""distance"":7,""physical_error_rate"":0.002}","{""detection_events"":19127,""detectors_checked"":2488320}"
      3072,         0,         0,   0.235,standalone_exact_mw,9d8ad86e51451842b54dafc7680d1b486ef291963bb72c70f3cdd570d2d8fa34,"{""distance"":7,""physical_error_rate"":0.002}","{""detection_events"":19025,""detectors_checked"":2488320}"
      1024,         0,         0,   0.081,standalone_exact_mw,9d8ad86e51451842b54dafc7680d1b486ef291963bb72c70f3cdd570d2d8fa34,"{""distance"":7,""physical_error_rate"":0.002}","{""detection_events"":6456,""detectors_checked"":829440}"
      1024,         0,         0,   0.108,standalone_exact_mw,9d8ad86e51451842b54dafc7680d1b486ef291963bb72c70f3cdd570d2d8fa34,"{""distance"":7,""physical_error_rate"":0.002}","{""detection_events"":6184,""detectors_checked"":829440}"
      6144,         0,         0,   0.464,standalone_exact_mw,9d8ad86e51451842b54dafc7680d1b486ef291963bb72c70f3cdd570d2d8fa34,"{""distance"":7,""physical_error_rate"":0.002}","{""detection_events"":38381,""detectors_checked"":4976640}"
      7168,         0,         0,   0.412,standalone_exact_mw,9d8ad86e51451842b54dafc7680d1b486ef291963bb72c70f3cdd570d2d8fa34,"{""distance"":7,""physical_error_rate"":0.002}","{""detection_events"":44607,""detectors_checked"":5806080}"
      3072,         0,         0,   0.215,standalone_exact_mw,9d8ad86e51451842b54dafc7680d1b486ef291963bb72c70f3cdd570d2d8fa34,"{""distance"":7,""physical_error_rate"":0.002}","{""detection_events"":18854,""detectors_checked"":2488320}"
      1024,         0,         0,   0.089,standalone_exact_mw,9d8ad86e51451842b54dafc7680d1b486ef291963bb72c70f3cdd570d2d8fa34,"{""distance"":7,""physical_error_rate"":0.002}","{""detection_events"":6547,""detectors_checked"":829440}"
      7168,         0,         0,   0.299,standalone_exact_mw,9d8ad86e51451842b54dafc7680d1b486ef291963bb72c70f3cdd570d2d8fa34,"{""distance"":7,""physical_error_rate"":0.002}","{""detection_events"":45095,""detectors_checked"":5806080}"
      5120,         0,         0,   0.405,standalone_exact_mw,9d8ad86e51451842b54dafc7680d1b486ef291963bb72c70f3cdd570d2d8fa34,"{""distance"":7,""physical_error_rate"":0.002}","{""detection_events"":31827,""detectors_checked"":4147200}"
      1024,         0,         0,   0.152,standalone_exact_mw,9d8ad86e51451842b54dafc7680d1b486ef291963bb72c70f3cdd570d2d8fa34,"{""distance"":7,""physical_error_rate"":0.002}","{""detection_events"":6369,""detectors_checked"":829440}"
      1024,         0,         0,   0.095,standalone_exact_mw,9d8ad86e51451842b54dafc7680d1b486ef291963bb72c70f3cdd570d2d8fa34,"{""distance"":7,""physical_error_rate"":0.002}","{""detection_events"":6266,""detectors_checked"":829440}"
       273,         0,         0,   0.032,standalone_exact_mw,9d8ad86e51451842b54dafc7680d1b486ef291963bb72c70f3cdd570d2d8fa34,"{""distance"":7,""physical_error_rate"":0.002}","{""detection_events"":1643,""detectors_checked"":221130}"
      1024,         0,         0,   0.193,standalone_exact_mw,9d8ad86e51451842b54dafc7680d1b486ef291963bb72c70f3cdd570d2d8fa34,"{""distance"":7,""physical_error_rate"":0.002}","{""detection_events"":6311,""detectors_checked"":829440}"
      3072,         0,         0,   0.226,standalone_exact_mw,9d8ad86e51451842b54dafc7680d1b486ef291963bb72c70f3cdd570d2d8fa34,"{""distance"":7,""physical_error_rate"":0.002}","{""detection_events"":19182,""detectors_checked"":2488320}"
      1024,         0,         0,   0.113,standalone_exact_mw,9d8ad86e51451842b54dafc7680d1b486ef291963bb72c70f3cdd570d2d8fa34,"{""distance"":7,""physical_error_rate"":0.002}","{""detection_events"":6345,""detectors_checked"":829440}"
      3072,         0,         0,   0.287,standalone_exact_mw,9d8ad86e51451842b54dafc7680d1b486ef291963bb72c70f3cdd570d2d8fa34,"{""distance"":7,""physical_error_rate"":0.002}","{""detection_events"":18979,""detectors_checked"":2488320}"
      1024,         0,         0,   0.077,standalone_exact_mw,9d8ad86e51451842b54dafc7680d1b486ef291963bb72c70f3cdd570d2d8fa34,"{""distance"":7,""physical_error_rate"":0.002}","{""detection_events"":6577,""detectors_checked"":829440}"
      1024,         0,         0,   0.116,standalone_exact_mw,9d8ad86e51451842b54dafc7680d1b486ef291963bb72c70f3cdd570d2d8fa34,"{""distance"":7,""physical_error_rate"":0.002}","{""detection_events"":6228,""detectors_checked"":829440}"
      1024,         0,         0,   0.081,standalone_exact_mw,9d8ad86e51451842b54dafc7680d1b486ef291963bb72c70f3cdd570d2d8fa34,"{""distance"":7,""physical_error_rate"":0.002}","{""detection_events"":6493,""detectors_checked"":829440}"
      1024,         0,         0,   0.177,standalone_exact_mw,9d8ad86e51451842b54dafc7680d1b486ef291963bb72c70f3cdd570d2d8fa34,"{""distance"":7,""physical_error_rate"":0.002}","{""detection_events"":6322,""detectors_checked"":829440}"
      1024,         0,         0,   0.080,standalone_exact_mw,9d8ad86e51451842b54dafc7680d1b486ef291963bb72c70f3cdd570d2d8fa34,"{""distance"":7,""physical_error_rate"":0.002}","{""detection_events"":6309,""detectors_checked"":829440}"
      2048,         0,         0,   0.163,standalone_exact_mw,9d8ad86e51451842b54dafc7680d1b486ef291963bb72c70f3cdd570d2d8fa34,"{""distance"":7,""physical_error_rate"":0.002}","{""detection_events"":12631,""detectors_checked"":1658880}"
      1024,         0,         0,   0.091,standalone_exact_mw,9d8ad86e51451842b54dafc7680d1b486ef291963bb72c70f3cdd570d2d8fa34,"{""distance"":7,""physical_error_rate"":0.002}","{""detection_events"":6392,""detectors_checked"":829440}"
      1024,         0,         0,   0.090,standalone_exact_mw,9d8ad86e51451842b54dafc7680d1b486ef291963bb72c70f3cdd570d2d8fa34,"{""distance"":7,""physical_error_rate"":0.002}","{""detection_events"":6515,""detectors_checked"":829440}"
      2048,         0,         0,   0.227,standalone_exact_mw,9d8ad86e51451842b54dafc7680d1b486ef291963bb72c70f3cdd570d2d8fa34,"{""distance"":7,""physical_error_rate"":0.002}","{""detection_events"":12585,""detectors_checked"":1658880}"
      2048,         0,         0,   0.164,standalone_exact_mw,9d8ad86e51451842b54dafc7680d1b486ef291963bb72c70f3cdd570d2d8fa34,"{""distance"":7,""physical_error_rate"":0.002}","{""detection_events"":12601,""detectors_checked"":1658880}"
         1,         0,         0,   0.002,standalone_exact_mw,9d8ad86e51451842b54dafc7680d1b486ef291963bb72c70f3cdd570d2d8fa34,"{""distance"":7,""physical_error_rate"":0.002}","{""detection_events"":3,""detectors_checked"":810}"
      1024,         0,         0,   0.195,standalone_exact_mw,9d8ad86e51451842b54dafc7680d1b486ef291963bb72c70f3cdd570d2d8fa34,"{""distance"":7,""physical_error_rate"":0.002}","{""detection_events"":6262,""detectors_checked"":829440}"
      1024,         0,         0,   0.131,standalone_exact_mw,9d8ad86e51451842b54dafc7680d1b486ef291963bb72c70f3cdd570d2d8fa34,"{""distance"":7,""physical_error_rate"":0.002}","{""detection_events"":6254,""detectors_checked"":829440}"
      1024,         0,         0,   0.178,standalone_exact_mw,9d8ad86e51451842b54dafc7680d1b486ef291963bb72c70f3cdd570d2d8fa34,"{""distance"":7,""physical_error_rate"":0.002}","{""detection_events"":6155,""detectors_checked"":829440}"
      1024,         0,         0,   0.105,standalone_exact_mw,9d8ad86e51451842b54dafc7680d1b486ef291963bb72c70f3cdd570d2d8fa34,"{""distance"":7,""physical_error_rate"":0.002}","{""detection_events"":6352,""detectors_checked"":829440}"
      4096,         0,         0,   0.287,standalone_exact_mw,9d8ad86e51451842b54dafc7680d1b486ef291963bb72c70f3cdd570d2d8fa34,"{""distance"":7,""physical_error_rate"":0.002}","{""detection_events"":25495,""detectors_checked"":3317760}"
      2048,         0,         0,   0.163,standalone_exact_mw,9d8ad86e51451842b54dafc7680d1b486ef291963bb72c70f3cdd570d2d8fa34,"{""distance"":7,""physical_error_rate"":0.002}","{""detection_events"":12266,""detectors_checked"":1658880}"
      2048,         0,         0,   0.163,standalone_exact_mw,9d8ad86e51451842b54dafc7680d1b486ef291963bb72c70f3cdd570d2d8fa34,"{""distance"":7,""physical_error_rate"":0.002}","{""detection_events"":12713,""detectors_checked"":1658880}"
      1024,         0,         0,   0.063,standalone_exact_mw,9d8ad86e51451842b54dafc7680d1b486ef291963bb72c70f3cdd570d2d8fa34,"{""distance"":7,""physical_error_rate"":0.002}","{""detection_events"":6326,""detectors_checked"":829440}"
      2048,         0,         0,   0.164,standalone_exact_mw,9d8ad86e51451842b54dafc7680d1b486ef291963bb72c70f3cdd570d2d8fa34,"{""distance"":7,""physical_error_rate"":0.002}","{""detection_events"":12683,""detectors_checked"":1658880}"
      1024,         0,         0,   0.064,standalone_exact_mw,9d8ad86e51451842b54dafc7680d1b486ef291963bb72c70f3cdd570d2d8fa34,"{""distance"":7,""physical_error_rate"":0.002}","{""detection_events"":6316,""detectors_checked"":829440}"
         1,         0,         0,   0.003,standalone_exact_mw,9d8ad86e51451842b54dafc7680d1b486ef291963bb72c70f3cdd570d2d8fa34,"{""distance"":7,""physical_error_rate"":0.002}","{""detection_events"":5,""detectors_checked"":810}"
      2048,         0,         0,   0.170,standalone_exact_mw,9d8ad86e51451842b54dafc7680d1b486ef291963bb72c70f3cdd570d2d8fa34,"{""distance"":7,""physical_error_rate"":0.002}","{""detection_events"":12845,""detectors_checked"":1658880}"
      2048,         0,         0,   0.176,standalone_exact_mw,9d8ad86e51451842b54dafc7680d1b486ef291963bb72c70f3cdd570d2d8fa34,"{""distance"":7,""physical_error_rate"":0.002}","{""detection_events"":12660,""detectors_checked"":1658880}"
      2048,         0,         0,   0.182,standalone_exact_mw,9d8ad86e51451842b54dafc7680d1b486ef291963bb72c70f3cdd570d2d8fa34,"{""distance"":7,""physical_error_rate"":0.002}","{""detection_events"":12813,""detectors_checked"":1658880}"
      1024,         0,         0,   0.081,standalone_exact_mw,9d8ad86e51451842b54dafc7680d1b486ef291963bb72c70f3cdd570d2d8fa34,"{""distance"":7,""physical_error_rate"":0.002}","{""detection_events"":6399,""detectors_checked"":829440}"
      6144,         0,         0,   0.361,standalone_exact_mw,9d8ad86e51451842b54dafc7680d1b486ef291963bb72c70f3cdd570d2d8fa34,"{""distance"":7,""physical_error_rate"":0.002}","{""detection_events"":38020,""detectors_checked"":4976640}"
      1296,         0,         0,   0.084,standalone_exact_mw,9d8ad86e51451842b54dafc7680d1b486ef291963bb72c70f3cdd570d2d8fa34,"{""distance"":7,""physical_error_rate"":0.002}","{""detection_events"":8016,""detectors_checked"":1049760}"
      2048,         0,         0,   0.133,standalone_exact_mw,9d8ad86e51451842b54dafc7680d1b486ef291963bb72c70f3cdd570d2d8fa34,"{""distance"":7,""physical_error_rate"":0.002}","{""detection_events"":12683,""detectors_checked"":1658880}"
      2048,         0,         0,   0.156,standalone_exact_mw,9d8ad86e51451842b54dafc7680d1b486ef291963bb72c70f3cdd570d2d8fa34,"{""distance"":7,""physical_error_rate"":0.002}","{""detection_events"":12615,""detectors_checked"":1658880}"
       272,         0,         0,   0.023,standalone_exact_mw,9d8ad86e51451842b54dafc7680d1b486ef291963bb72c70f3cdd570d2d8fa34,"{""distance"":7,""physical_error_rate"":0.002}","{""detection_events"":1709,""detectors_checked"":220320}"
      1024,         0,         0,   0.131,standalone_exact_mw,9d8ad86e51451842b54dafc7680d1b486ef291963bb72c70f3cdd570d2d8fa34,"{""distance"":7,""physical_error_rate"":0.002}","{""detection_events"":6405,""detectors_checked"":829440}"
      4096,         0,         0,   0.322,standalone_exact_mw,9d8ad86e51451842b54dafc7680d1b486ef291963bb72c70f3cdd570d2d8fa34,"{""distance"":7,""physical_error_rate"":0.002}","{""detection_events"":25501,""detectors_checked"":3317760}"
      1024,         0,         0,   0.072,standalone_exact_mw,9d8ad86e51451842b54dafc7680d1b486ef291963bb72c70f3cdd570d2d8fa34,"{""distance"":7,""physical_error_rate"":0.002}","{""detection_events"":6329,""detectors_checked"":829440}"
      1024,         0,         0,   0.138,standalone_exact_mw,9d8ad86e51451842b54dafc7680d1b486ef291963bb72c70f3cdd570d2d8fa34,"{""distance"":7,""physical_error_rate"":0.002}","{""detection_events"":6311,""detectors_checked"":829440}"
      1024,         0,         0,   0.108,standalone_exact_mw,9d8ad86e51451842b54dafc7680d1b486ef291963bb72c70f3cdd570d2d8fa34,"{""distance"":7,""physical_error_rate"":0.002}","{""detection_events"":6356,""detectors_checked"":829440}"
         1,         0,         0,   0.002,standalone_exact_mw,9d8ad86e51451842b54dafc7680d1b486ef291963bb72c70f3cdd570d2d8fa34,"{""distance"":7,""physical_error_rate"":0.002}","{""detection_events"":2,""detectors_checked"":810}"
      1024,         0,         0,   0.125,standalone_exact_mw,9d8ad86e51451842b54dafc7680d1b486ef291963bb72c70f3cdd570d2d8fa34,"{""distance"":7,""physical_error_rate"":0.002}","{""detection_events"":6088,""detectors_checked"":829440}"
         1,         0,         0,   0.002,standalone_exact_mw,9d8ad86e51451842b54dafc7680d1b486ef291963bb72c70f3cdd570d2d8fa34,"{""distance"":7,""physical_error_rate"":0.002}","{""detection_events"":2,""detectors_checked"":810}"
      1024,         0,         0,   0.126,standalone_exact_mw,9d8ad86e51451842b54dafc7680d1b486ef291963bb72c70f3cdd570d2d8fa34,"{""distance"":7,""physical_error_rate"":0.002}","{""detection_events"":6399,""detectors_checked"":829440}"
      1024,         0,         0,   0.182,standalone_exact_mw,9d8ad86e51451842b54dafc7680d1b486ef291963bb72c70f3cdd570d2d8fa34,"{""distance"":7,""physical_error_rate"":0.002}","{""detection_events"":6104,""detectors_checked"":829440}"
      2048,         0,         0,   0.141,standalone_exact_mw,9d8ad86e51451842b54dafc7680d1b486ef291963bb72c70f3cdd570d2d8fa34,"{""distance"":7,""physical_error_rate"":0.002}","{""detection_events"":12628,""detectors_checked"":1658880}"
      1024,         0,         0,   0.081,standalone_exact_mw,9d8ad86e51451842b54dafc7680d1b486ef291963bb72c70f3cdd570d2d8fa34,"{""distance"":7,""physical_error_rate"":0.002}","{""detection_events"":6262,""detectors_checked"":829440}"
       272,         0,         0,   0.028,standalone_exact_mw,9d8ad86e51451842b54dafc7680d1b486ef291963bb72c70f3cdd570d2d8fa34,"{""distance"":7,""physical_error_rate"":0.002}","{""detection_events"":1657,""detectors_checked"":220320}"
      1024,         0,         0,   0.085,standalone_exact_mw,9d8ad86e51451842b54dafc7680d1b486ef291963bb72c70f3cdd570d2d8fa34,"{""distance"":7,""physical_error_rate"":0.002}","{""detection_events"":6350,""detectors_checked"":829440}"
      4096,         0,         0,   0.326,standalone_exact_mw,9d8ad86e51451842b54dafc7680d1b486ef291963bb72c70f3cdd570d2d8fa34,"{""distance"":7,""physical_error_rate"":0.002}","{""detection_events"":25593,""detectors_checked"":3317760}"
       272,         0,         0,   0.039,standalone_exact_mw,9d8ad86e51451842b54dafc7680d1b486ef291963bb72c70f3cdd570d2d8fa34,"{""distance"":7,""physical_error_rate"":0.002}","{""detection_events"":1676,""detectors_checked"":220320}"
      1024,         0,         0,   0.070,standalone_exact_mw,9d8ad86e51451842b54dafc7680d1b486ef291963bb72c70f3cdd570d2d8fa34,"{""distance"":7,""physical_error_rate"":0.002}","{""detection_events"":6248,""detectors_checked"":829440}"
      2048,         0,         0,   0.155,standalone_exact_mw,9d8ad86e51451842b54dafc7680d1b486ef291963bb72c70f3cdd570d2d8fa34,"{""distance"":7,""physical_error_rate"":0.002}","{""detection_events"":12760,""detectors_checked"":1658880}"
      1024,         0,         0,   0.189,standalone_exact_mw,9d8ad86e51451842b54dafc7680d1b486ef291963bb72c70f3cdd570d2d8fa34,"{""distance"":7,""physical_error_rate"":0.002}","{""detection_events"":6344,""detectors_checked"":829440}"
      4096,         0,         0,   0.326,standalone_exact_mw,9d8ad86e51451842b54dafc7680d1b486ef291963bb72c70f3cdd570d2d8fa34,"{""distance"":7,""physical_error_rate"":0.002}","{""detection_events"":25559,""detectors_checked"":3317760}"
      1024,         0,         0,   0.070,standalone_exact_mw,9d8ad86e51451842b54dafc7680d1b486ef291963bb72c70f3cdd570d2d8fa34,"{""distance"":7,""physical_error_rate"":0.002}","{""detection_events"":6170,""detectors_checked"":829440}"
      1024,         0,         0,   0.166,standalone_exact_mw,9d8ad86e51451842b54dafc7680d1b486ef291963bb72c70f3cdd570d2d8fa34,"{""distance"":7,""physical_error_rate"":0.002}","{""detection_events"":6393,""detectors_checked"":829440}"
      3072,         0,         0,   0.255,standalone_exact_mw,9d8ad86e51451842b54dafc7680d1b486ef291963bb72c70f3cdd570d2d8fa34,"{""distance"":7,""physical_error_rate"":0.002}","{""detection_events"":19009,""detectors_checked"":2488320}"
      1024,         0,         0,   0.144,standalone_exact_mw,9d8ad86e51451842b54dafc7680d1b486ef291963bb72c70f3cdd570d2d8fa34,"{""distance"":7,""physical_error_rate"":0.002}","{""detection_events"":6403,""detectors_checked"":829440}"
      1024,         0,         0,   0.053,standalone_exact_mw,9d8ad86e51451842b54dafc7680d1b486ef291963bb72c70f3cdd570d2d8fa34,"{""distance"":7,""physical_error_rate"":0.002}","{""detection_events"":6465,""detectors_checked"":829440}"
      1024,         0,         0,   0.081,standalone_exact_mw,9d8ad86e51451842b54dafc7680d1b486ef291963bb72c70f3cdd570d2d8fa34,"{""distance"":7,""physical_error_rate"":0.002}","{""detection_events"":6259,""detectors_checked"":829440}"
      1024,         0,         0,   0.179,standalone_exact_mw,9d8ad86e51451842b54dafc7680d1b486ef291963bb72c70f3cdd570d2d8fa34,"{""distance"":7,""physical_error_rate"":0.002}","{""detection_events"":6496,""detectors_checked"":829440}"
      1024,         0,         0,   0.101,standalone_exact_mw,9d8ad86e51451842b54dafc7680d1b486ef291963bb72c70f3cdd570d2d8fa34,"{""distance"":7,""physical_error_rate"":0.002}","{""detection_events"":6508,""detectors_checked"":829440}"
      1024,         0,         0,   0.118,standalone_exact_mw,9d8ad86e51451842b54dafc7680d1b486ef291963bb72c70f3cdd570d2d8fa34,"{""distance"":7,""physical_error_rate"":0.002}","{""detection_events"":6437,""detectors_checked"":829440}"
      2048,         0,         0,   0.163,standalone_exact_mw,9d8ad86e51451842b54dafc7680d1b486ef291963bb72c70f3cdd570d2d8fa34,"{""distance"":7,""physical_error_rate"":0.002}","{""detection_events"":12665,""detectors_checked"":1658880}"
      1024,         0,         0,   0.055,standalone_exact_mw,9d8ad86e51451842b54dafc7680d1b486ef291963bb72c70f3cdd570d2d8fa34,"{""distance"":7,""physical_error_rate"":0.002}","{""detection_events"":6332,""detectors_checked"":829440}"
      1024,         0,         0,   0.117,standalone_exact_mw,9d8ad86e51451842b54dafc7680d1b486ef291963bb72c70f3cdd570d2d8fa34,"{""distance"":7,""physical_error_rate"":0.002}","{""detection_events"":6231,""detectors_checked"":829440}"
      1024,         0,         0,   0.104,standalone_exact_mw,9d8ad86e51451842b54dafc7680d1b486ef291963bb72c70f3cdd570d2d8fa34,"{""distance"":7,""physical_error_rate"":0.002}","{""detection_events"":6249,""detectors_checked"":829440}"
      1024,         0,         0,   0.109,standalone_exact_mw,9d8ad86e51451842b54dafc7680d1b486ef291963bb72c70f3cdd570d2d8fa34,"{""distance"":7,""physical_error_rate"":0.002}","{""detection_events"":6460,""detectors_checked"":829440}"
      1024,         0,         0,   0.046,standalone_exact_mw,9d8ad86e51451842b54dafc7680d1b486ef291963bb72c70f3cdd570d2d8fa34,"{""distance"":7,""physical_error_rate"":0.002}","{""detection_events"":6190,""detectors_checked"":829440}"
      1024,         0,         0,   0.111,standalone_exact_mw,9d8ad86e51451842b54dafc7680d1b486ef291963bb72c70f3cdd570d2d8fa34,"{""distance"":7,""physical_error_rate"":0.002}","{""detection_events"":6165,""detectors_checked"":829440}"
      4096,         0,         0,   0.376,standalone_exact_mw,9d8ad86e51451842b54dafc7680d1b486ef291963bb72c70f3cdd570d2d8fa34,"{""distance"":7,""physical_error_rate"":0.002}","{""detection_events"":25357,""detectors_checked"":3317760}"
      1024,         0,         0,   0.149,standalone_exact_mw,9d8ad86e51451842b54dafc7680d1b486ef291963bb72c70f3cdd570d2d8fa34,"{""distance"":7,""physical_error_rate"":0.002}","{""detection_events"":6244,""detectors_checked"":829440}"
      3072,         0,         0,   0.249,standalone_exact_mw,9d8ad86e51451842b54dafc7680d1b486ef291963bb72c70f3cdd570d2d8fa34,"{""distance"":7,""physical_error_rate"":0.002}","{""detection_events"":19025,""detectors_checked"":2488320}"
      1024,         0,         0,   0.061,standalone_exact_mw,9d8ad86e51451842b54dafc7680d1b486ef291963bb72c70f3cdd570d2d8fa34,"{""distance"":7,""physical_error_rate"":0.002}","{""detection_events"":6364,""detectors_checked"":829440}"
      1024,         0,         0,   0.117,standalone_exact_mw,9d8ad86e51451842b54dafc7680d1b486ef291963bb72c70f3cdd570d2d8fa34,"{""distance"":7,""physical_error_rate"":0.002}","{""detection_events"":6258,""detectors_checked"":829440}"
      1024,         0,         0,   0.091,standalone_exact_mw,9d8ad86e51451842b54dafc7680d1b486ef291963bb72c70f3cdd570d2d8fa34,"{""distance"":7,""physical_error_rate"":0.002}","{""detection_events"":6231,""detectors_checked"":829440}"
      4096,         0,         0,   0.337,standalone_exact_mw,9d8ad86e51451842b54dafc7680d1b486ef291963bb72c70f3cdd570d2d8fa34,"{""distance"":7,""physical_error_rate"":0.002}","{""detection_events"":25937,""detectors_checked"":3317760}"
      4096,         0,         0,   0.449,standalone_exact_mw,9d8ad86e51451842b54dafc7680d1b486ef291963bb72c70f3cdd570d2d8fa34,"{""distance"":7,""physical_error_rate"":0.002}","{""detection_events"":25144,""detectors_checked"":3317760}"
      1024,         0,         0,   0.078,standalone_exact_mw,9d8ad86e51451842b54dafc7680d1b486ef291963bb72c70f3cdd570d2d8fa34,"{""distance"":7,""physical_error_rate"":0.002}","{""detection_events"":6557,""detectors_checked"":829440}"
      3072,         0,         0,   0.250,standalone_exact_mw,9d8ad86e51451842b54dafc7680d1b486ef291963bb72c70f3cdd570d2d8fa34,"{""distance"":7,""physical_error_rate"":0.002}","{""detection_events"":19110,""detectors_checked"":2488320}"
      1024,         0,         0,   0.131,standalone_exact_mw,9d8ad86e51451842b54dafc7680d1b486ef291963bb72c70f3cdd570d2d8fa34,"{""distance"":7,""physical_error_rate"":0.002}","{""detection_events"":6458,""detectors_checked"":829440}"
      3072,         0,         0,   0.241,standalone_exact_mw,9d8ad86e51451842b54dafc7680d1b486ef291963bb72c70f3cdd570d2d8fa34,"{""distance"":7,""physical_error_rate"":0.002}","{""detection_events"":19171,""detectors_checked"":2488320}"
      4096,         0,         0,   0.441,standalone_exact_mw,9d8ad86e51451842b54dafc7680d1b486ef291963bb72c70f3cdd570d2d8fa34,"{""distance"":7,""physical_error_rate"":0.002}","{""detection_events"":25451,""detectors_checked"":3317760}"
      1024,         0,         0,   0.055,standalone_exact_mw,9d8ad86e51451842b54dafc7680d1b486ef291963bb72c70f3cdd570d2d8fa34,"{""distance"":7,""physical_error_rate"":0.002}","{""detection_events"":6387,""detectors_checked"":829440}"
         1,         0,         0,   0.003,standalone_exact_mw,9d8ad86e51451842b54dafc7680d1b486ef291963bb72c70f3cdd570d2d8fa34,"{""distance"":7,""physical_error_rate"":0.002}","{""detection_events"":4,""detectors_checked"":810}"
         1,         0,         0,   0.003,standalone_exact_mw,9d8ad86e51451842b54dafc7680d1b486ef291963bb72c70f3cdd570d2d8fa34,"{""distance"":7,""physical_error_rate"":0.002}","{""detection_events"":12,""detectors_checked"":810}"
         1,         0,         0,   0.003,standalone_exact_mw,9d8ad86e51451842b54dafc7680d1b486ef291963bb72c70f3cdd570d2d8fa34,"{""distance"":7,""physical_error_rate"":0.002}","{""detection_events"":10,""detectors_checked"":810}"
      2048,         0,         0,   0.198,standalone_exact_mw,9d8ad86e51451842b54dafc7680d1b486ef291963bb72c70f3cdd570d2d8fa34,"{""distance"":7,""physical_error_rate"":0.002}","{""detection_events"":12479,""detectors_checked"":1658880}"
      2048,         0,         0,   0.164,standalone_exact_mw,9d8ad86e51451842b54dafc7680d1b486ef291963bb72c70f3cdd570d2d8fa34,"{""distance"":7,""physical_error_rate"":0.002}","{""detection_events"":12880,""detectors_checked"":1658880}"
      2048,         0,         0,   0.197,standalone_exact_mw,9d8ad86e51451842b54dafc7680d1b486ef291963bb72c70f3cdd570d2d8fa34,"{""distance"":7,""physical_error_rate"":0.002}","{""detection_events"":12931,""detectors_checked"":1658880}"
      3072,         0,         0,   0.263,standalone_exact_mw,9d8ad86e51451842b54dafc7680d1b486ef291963bb72c70f3cdd570d2d8fa34,"{""distance"":7,""physical_error_rate"":0.002}","{""detection_events"":19074,""detectors_checked"":2488320}"
      2048,         0,         0,   0.193,standalone_exact_mw,9d8ad86e51451842b54dafc7680d1b486ef291963bb72c70f3cdd570d2d8fa34,"{""distance"":7,""physical_error_rate"":0.002}","{""detection_events"":12703,""detectors_checked"":1658880}"
      4096,         0,         0,   0.353,standalone_exact_mw,9d8ad86e51451842b54dafc7680d1b486ef291963bb72c70f3cdd570d2d8fa34,"{""distance"":7,""physical_error_rate"":0.002}","{""detection_events"":25628,""detectors_checked"":3317760}"
         1,         0,         0,   0.002,standalone_exact_mw,9d8ad86e51451842b54dafc7680d1b486ef291963bb72c70f3cdd570d2d8fa34,"{""distance"":7,""physical_error_rate"":0.002}","{""detection_events"":4,""detectors_checked"":810}"
      1024,         0,         0,   0.084,standalone_exact_mw,9d8ad86e51451842b54dafc7680d1b486ef291963bb72c70f3cdd570d2d8fa34,"{""distance"":7,""physical_error_rate"":0.002}","{""detection_events"":6425,""detectors_checked"":829440}"
      3072,         0,         0,   0.244,standalone_exact_mw,9d8ad86e51451842b54dafc7680d1b486ef291963bb72c70f3cdd570d2d8fa34,"{""distance"":7,""physical_error_rate"":0.002}","{""detection_events"":19405,""detectors_checked"":2488320}"
      4096,         0,         0,   0.443,standalone_exact_mw,9d8ad86e51451842b54dafc7680d1b486ef291963bb72c70f3cdd570d2d8fa34,"{""distance"":7,""physical_error_rate"":0.002}","{""detection_events"":25347,""detectors_checked"":3317760}"
      1024,         0,         0,   0.101,standalone_exact_mw,9d8ad86e51451842b54dafc7680d1b486ef291963bb72c70f3cdd570d2d8fa34,"{""distance"":7,""physical_error_rate"":0.002}","{""detection_events"":6357,""detectors_checked"":829440}"
      1024,         0,         0,   0.093,standalone_exact_mw,9d8ad86e51451842b54dafc7680d1b486ef291963bb72c70f3cdd570d2d8fa34,"{""distance"":7,""physical_error_rate"":0.002}","{""detection_events"":6212,""detectors_checked"":829440}"
       272,         0,         0,   0.023,standalone_exact_mw,9d8ad86e51451842b54dafc7680d1b486ef291963bb72c70f3cdd570d2d8fa34,"{""distance"":7,""physical_error_rate"":0.002}","{""detection_events"":1719,""detectors_checked"":220320}"
       272,         0,         0,   0.028,standalone_exact_mw,9d8ad86e51451842b54dafc7680d1b486ef291963bb72c70f3cdd570d2d8fa34,"{""distance"":7,""physical_error_rate"":0.002}","{""detection_events"":1729,""detectors_checked"":220320}"
      5120,         0,         0,   0.414,standalone_exact_mw,9d8ad86e51451842b54dafc7680d1b486ef291963bb72c70f3cdd570d2d8fa34,"{""distance"":7,""physical_error_rate"":0.002}","{""detection_events"":31776,""detectors_checked"":4147200}"
      2048,         0,         0,   0.227,standalone_exact_mw,9d8ad86e51451842b54dafc7680d1b486ef291963bb72c70f3cdd570d2d8fa34,"{""distance"":7,""physical_error_rate"":0.002}","{""detection_events"":12749,""detectors_checked"":1658880}"
      1024,         0,         0,   0.105,standalone_exact_mw,9d8ad86e51451842b54dafc7680d1b486ef291963bb72c70f3cdd570d2d8fa34,"{""distance"":7,""physical_error_rate"":0.002}","{""detection_events"":6371,""detectors_checked"":829440}"
       272,         0,         0,   0.029,standalone_exact_mw,9d8ad86e51451842b54dafc7680d1b486ef291963bb72c70f3cdd570d2d8fa34,"{""distance"":7,""physical_error_rate"":0.002}","{""detection_events"":1722,""detectors_checked"":220320}"
      1296,         0,         0,   0.059,standalone_exact_mw,9d8ad86e51451842b54dafc7680d1b486ef291963bb72c70f3cdd570d2d8fa34,"{""distance"":7,""physical_error_rate"":0.002}","{""detection_events"":8166,""detectors_checked"":1049760}"
      4096,         0,         0,   0.318,standalone_exact_mw,9d8ad86e51451842b54dafc7680d1b486ef291963bb72c70f3cdd570d2d8fa34,"{""distance"":7,""physical_error_rate"":0.002}","{""detection_events"":25115,""detectors_checked"":3317760}"
      4096,         0,         0,   0.334,standalone_exact_mw,9d8ad86e51451842b54dafc7680d1b486ef291963bb72c70f3cdd570d2d8fa34,"{""distance"":7,""physical_error_rate"":0.002}","{""detection_events"":25283,""detectors_checked"":3317760}"
      1024,         0,         0,   0.075,standalone_exact_mw,9d8ad86e51451842b54dafc7680d1b486ef291963bb72c70f3cdd570d2d8fa34,"{""distance"":7,""physical_error_rate"":0.002}","{""detection_events"":6283,""detectors_checked"":829440}"
      1024,         0,         0,   0.088,standalone_exact_mw,9d8ad86e51451842b54dafc7680d1b486ef291963bb72c70f3cdd570d2d8fa34,"{""distance"":7,""physical_error_rate"":0.002}","{""detection_events"":6361,""detectors_checked"":829440}"
        17,         0,         0,   0.029,standalone_exact_mw,9d8ad86e51451842b54dafc7680d1b486ef291963bb72c70f3cdd570d2d8fa34,"{""distance"":7,""physical_error_rate"":0.002}","{""detection_events"":91,""detectors_checked"":13770}"
      1024,         0,         0,   0.073,standalone_exact_mw,9d8ad86e51451842b54dafc7680d1b486ef291963bb72c70f3cdd570d2d8fa34,"{""distance"":7,""physical_error_rate"":0.002}","{""detection_events"":6386,""detectors_checked"":829440}"
      1024,         0,         0,   0.277,standalone_exact_mw,9d8ad86e51451842b54dafc7680d1b486ef291963bb72c70f3cdd570d2d8fa34,"{""distance"":7,""physical_error_rate"":0.002}","{""detection_events"":6438,""detectors_checked"":829440}"
      1024,         0,         0,   0.054,standalone_exact_mw,9d8ad86e51451842b54dafc7680d1b486ef291963bb72c70f3cdd570d2d8fa34,"{""distance"":7,""physical_error_rate"":0.002}","{""detection_events"":6374,""detectors_checked"":829440}"
      1024,         0,         0,   0.092,standalone_exact_mw,9d8ad86e51451842b54dafc7680d1b486ef291963bb72c70f3cdd570d2d8fa34,"{""distance"":7,""physical_error_rate"":0.002}","{""detection_events"":6351,""detectors_checked"":829440}"
      1024,         0,         0,   0.108,standalone_exact_mw,9d8ad86e51451842b54dafc7680d1b486ef291963bb72c70f3cdd570d2d8fa34,"{""distance"":7,""physical_error_rate"":0.002}","{""detection_events"":6184,""detectors_checked"":829440}"
      3072,         0,         0,   0.242,standalone_exact_mw,9d8ad86e51451842b54dafc7680d1b486ef291963bb72c70f3cdd570d2d8fa34,"{""distance"":7,""physical_error_rate"":0.002}","{""detection_events"":19016,""detectors_checked"":2488320}"
      6144,         0,         0,   0.648,standalone_exact_mw,9d8ad86e51451842b54dafc7680d1b486ef291963bb72c70f3cdd570d2d8fa34,"{""distance"":7,""physical_error_rate"":0.002}","{""detection_events"":38130,""detectors_checked"":4976640}"
       256,         0,         0,   0.033,standalone_exact_mw,9d8ad86e51451842b54dafc7680d1b486ef291963bb72c70f3cdd570d2d8fa34,"{""distance"":7,""physical_error_rate"":0.002}","{""detection_events"":1597,""detectors_checked"":207360}"
      1024,         0,         0,   0.082,standalone_exact_mw,9d8ad86e51451842b54dafc7680d1b486ef291963bb72c70f3cdd570d2d8fa34,"{""distance"":7,""physical_error_rate"":0.002}","{""detection_events"":6126,""detectors_checked"":829440}"
      1024,         0,         0,   0.082,standalone_exact_mw,9d8ad86e51451842b54dafc7680d1b486ef291963bb72c70f3cdd570d2d8fa34,"{""distance"":7,""physical_error_rate"":0.002}","{""detection_events"":6368,""detectors_checked"":829440}"
      1024,         0,         0,   0.082,standalone_exact_mw,9d8ad86e51451842b54dafc7680d1b486ef291963bb72c70f3cdd570d2d8fa34,"{""distance"":7,""physical_error_rate"":0.002}","{""detection_events"":6240,""detectors_checked"":829440}"
      1024,         0,         0,   0.055,standalone_exact_mw,9d8ad86e51451842b54dafc7680d1b486ef291963bb72c70f3cdd570d2d8fa34,"{""distance"":7,""physical_error_rate"":0.002}","{""detection_events"":6295,""detectors_checked"":829440}"
      1024,         0,         0,   0.085,standalone_exact_mw,9d8ad86e51451842b54dafc7680d1b486ef291963bb72c70f3cdd570d2d8fa34,"{""distance"":7,""physical_error_rate"":0.002}","{""detection_events"":6420,""detectors_checked"":829440}"
      2048,         0,         0,   0.145,standalone_exact_mw,9d8ad86e51451842b54dafc7680d1b486ef291963bb72c70f3cdd570d2d8fa34,"{""distance"":7,""physical_error_rate"":0.002}","{""detection_events"":13001,""detectors_checked"":1658880}"
      2048,         0,         0,   0.218,standalone_exact_mw,9d8ad86e51451842b54dafc7680d1b486ef291963bb72c70f3cdd570d2d8fa34,"{""distance"":7,""physical_error_rate"":0.002}","{""detection_events"":12806,""detectors_checked"":1658880}"
      1024,         0,         0,   0.080,standalone_exact_mw,9d8ad86e51451842b54dafc7680d1b486ef291963bb72c70f3cdd570d2d8fa34,"{""distance"":7,""physical_error_rate"":0.002}","{""detection_events"":6270,""detectors_checked"":829440}"
      1024,         0,         0,   0.112,standalone_exact_mw,9d8ad86e51451842b54dafc7680d1b486ef291963bb72c70f3cdd570d2d8fa34,"{""distance"":7,""physical_error_rate"":0.002}","{""detection_events"":6476,""detectors_checked"":829440}"
      3072,         0,         0,   0.244,standalone_exact_mw,9d8ad86e51451842b54dafc7680d1b486ef291963bb72c70f3cdd570d2d8fa34,"{""distance"":7,""physical_error_rate"":0.002}","{""detection_events"":19222,""detectors_checked"":2488320}"
      1024,         0,         0,   0.082,standalone_exact_mw,9d8ad86e51451842b54dafc7680d1b486ef291963bb72c70f3cdd570d2d8fa34,"{""distance"":7,""physical_error_rate"":0.002}","{""detection_events"":6299,""detectors_checked"":829440}"
      1024,         0,         0,   0.112,standalone_exact_mw,9d8ad86e51451842b54dafc7680d1b486ef291963bb72c70f3cdd570d2d8fa34,"{""distance"":7,""physical_error_rate"":0.002}","{""detection_events"":6340,""detectors_checked"":829440}"
      1024,         0,         0,   0.082,standalone_exact_mw,9d8ad86e51451842b54dafc7680d1b486ef291963bb72c70f3cdd570d2d8fa34,"{""distance"":7,""physical_error_rate"":0.002}","{""detection_events"":6447,""detectors_checked"":829440}"
      8192,         0,         0,   0.582,standalone_exact_mw,9d8ad86e51451842b54dafc7680d1b486ef291963bb72c70f3cdd570d2d8fa34,"{""distance"":7,""physical_error_rate"":0.002}","{""detection_events"":50942,""detectors_checked"":6635520}"
      1024,         0,         0,   0.168,standalone_exact_mw,9d8ad86e51451842b54dafc7680d1b486ef291963bb72c70f3cdd570d2d8fa34,"{""distance"":7,""physical_error_rate"":0.002}","{""detection_events"":6069,""detectors_checked"":829440}"
      2048,         0,         0,   0.163,standalone_exact_mw,9d8ad86e51451842b54dafc7680d1b486ef291963bb72c70f3cdd570d2d8fa34,"{""distance"":7,""physical_error_rate"":0.002}","{""detection_events"":12884,""detectors_checked"":1658880}"
      2048,         0,         0,   0.164,standalone_exact_mw,9d8ad86e51451842b54dafc7680d1b486ef291963bb72c70f3cdd570d2d8fa34,"{""distance"":7,""physical_error_rate"":0.002}","{""detection_events"":12745,""detectors_checked"":1658880}"
      5120,         0,         0,   0.412,standalone_exact_mw,9d8ad86e51451842b54dafc7680d1b486ef291963bb72c70f3cdd570d2d8fa34,"{""distance"":7,""physical_error_rate"":0.002}","{""detection_events"":31993,""detectors_checked"":4147200}"
      2048,         0,         0,   0.354,standalone_exact_mw,9d8ad86e51451842b54dafc7680d1b486ef291963bb72c70f3cdd570d2d8fa34,"{""distance"":7,""physical_error_rate"":0.002}","{""detection_events"":12955,""detectors_checked"":1658880}"
      3072,         0,         0,   0.310,standalone_exact_mw,9d8ad86e51451842b54dafc7680d1b486ef291963bb72c70f3cdd570d2d8fa34,"{""distance"":7,""physical_error_rate"":0.002}","{""detection_events"":19219,""detectors_checked"":2488320}"
      1024,         0,         0,   0.103,standalone_exact_mw,9d8ad86e51451842b54dafc7680d1b486ef291963bb72c70f3cdd570d2d8fa34,"{""distance"":7,""physical_error_rate"":0.002}","{""detection_events"":6375,""detectors_checked"":829440}"
      1024,         0,         0,   0.112,standalone_exact_mw,9d8ad86e51451842b54dafc7680d1b486ef291963bb72c70f3cdd570d2d8fa34,"{""distance"":7,""physical_error_rate"":0.002}","{""detection_events"":6377,""detectors_checked"":829440}"
      2048,         0,         0,   0.237,standalone_exact_mw,9d8ad86e51451842b54dafc7680d1b486ef291963bb72c70f3cdd570d2d8fa34,"{""distance"":7,""physical_error_rate"":0.002}","{""detection_events"":12719,""detectors_checked"":1658880}"
      9216,         0,         0,   0.616,standalone_exact_mw,9d8ad86e51451842b54dafc7680d1b486ef291963bb72c70f3cdd570d2d8fa34,"{""distance"":7,""physical_error_rate"":0.002}","{""detection_events"":57204,""detectors_checked"":7464960}"
     15360,         0,         0,   0.605,standalone_exact_mw,9d8ad86e51451842b54dafc7680d1b486ef291963bb72c70f3cdd570d2d8fa34,"{""distance"":7,""physical_error_rate"":0.002}","{""detection_events"":95888,""detectors_checked"":12441600}"
      1024,         0,         0,   0.081,standalone_exact_mw,9d8ad86e51451842b54dafc7680d1b486ef291963bb72c70f3cdd570d2d8fa34,"{""distance"":7,""physical_error_rate"":0.002}","{""detection_events"":6291,""detectors_checked"":829440}"
      7168,         0,         0,   0.597,standalone_exact_mw,9d8ad86e51451842b54dafc7680d1b486ef291963bb72c70f3cdd570d2d8fa34,"{""distance"":7,""physical_error_rate"":0.002}","{""detection_events"":45329,""detectors_checked"":5806080}"
      2048,         0,         0,   0.111,standalone_exact_mw,9d8ad86e51451842b54dafc7680d1b486ef291963bb72c70f3cdd570d2d8fa34,"{""distance"":7,""physical_error_rate"":0.002}","{""detection_events"":12800,""detectors_checked"":1658880}"
      1024,         0,         0,   0.155,standalone_exact_mw,9d8ad86e51451842b54dafc7680d1b486ef291963bb72c70f3cdd570d2d8fa34,"{""distance"":7,""physical_error_rate"":0.002}","{""detection_events"":6275,""detectors_checked"":829440}"
      1024,         0,         0,   0.079,standalone_exact_mw,9d8ad86e51451842b54dafc7680d1b486ef291963bb72c70f3cdd570d2d8fa34,"{""distance"":7,""physical_error_rate"":0.002}","{""detection_events"":6426,""detectors_checked"":829440}"
      1024,         0,         0,   0.105,standalone_exact_mw,9d8ad86e51451842b54dafc7680d1b486ef291963bb72c70f3cdd570d2d8fa34,"{""distance"":7,""physical_error_rate"":0.002}","{""detection_events"":6111,""detectors_checked"":829440}"
      2048,         0,         0,   0.224,standalone_exact_mw,9d8ad86e51451842b54dafc7680d1b486ef291963bb72c70f3cdd570d2d8fa34,"{""distance"":7,""physical_error_rate"":0.002}","{""detection_events"":12853,""detectors_checked"":1658880}"
      1024,         0,         0,   0.082,standalone_exact_mw,9d8ad86e51451842b54dafc7680d1b486ef291963bb72c70f3cdd570d2d8fa34,"{""distance"":7,""physical_error_rate"":0.002}","{""detection_events"":6398,""detectors_checked"":829440}"
      4096,         0,         0,   0.445,standalone_exact_mw,9d8ad86e51451842b54dafc7680d1b486ef291963bb72c70f3cdd570d2d8fa34,"{""distance"":7,""physical_error_rate"":0.002}","{""detection_events"":25608,""detectors_checked"":3317760}"
      1024,         0,         0,   0.111,standalone_exact_mw,9d8ad86e51451842b54dafc7680d1b486ef291963bb72c70f3cdd570d2d8fa34,"{""distance"":7,""physical_error_rate"":0.002}","{""detection_events"":6133,""detectors_checked"":829440}"
      1024,         0,         0,   0.082,standalone_exact_mw,9d8ad86e51451842b54dafc7680d1b486ef291963bb72c70f3cdd570d2d8fa34,"{""distance"":7,""physical_error_rate"":0.002}","{""detection_events"":6377,""detectors_checked"":829440}"
      1024,         0,         0,   0.163,standalone_exact_mw,9d8ad86e51451842b54dafc7680d1b486ef291963bb72c70f3cdd570d2d8fa34,"{""distance"":7,""physical_error_rate"":0.002}","{""detection_events"":6582,""detectors_checked"":829440}"
      2048,         0,         0,   0.148,standalone_exact_mw,9d8ad86e51451842b54dafc7680d1b486ef291963bb72c70f3cdd570d2d8fa34,"{""distance"":7,""physical_error_rate"":0.002}","{""detection_events"":12413,""detectors_checked"":1658880}"
      5120,         0,         0,   0.409,standalone_exact_mw,9d8ad86e51451842b54dafc7680d1b486ef291963bb72c70f3cdd570d2d8fa34,"{""distance"":7,""physical_error_rate"":0.002}","{""detection_events"":31747,""detectors_checked"":4147200}"
      1024,         0,         0,   0.236,standalone_exact_mw,9d8ad86e51451842b54dafc7680d1b486ef291963bb72c70f3cdd570d2d8fa34,"{""distance"":7,""physical_error_rate"":0.002}","{""detection_events"":6478,""detectors_checked"":829440}"
      5120,         0,         0,   0.407,standalone_exact_mw,9d8ad86e51451842b54dafc7680d1b486ef291963bb72c70f3cdd570d2d8fa34,"{""distance"":7,""physical_error_rate"":0.002}","{""detection_events"":32335,""detectors_checked"":4147200}"
      3072,         0,         0,   0.271,standalone_exact_mw,9d8ad86e51451842b54dafc7680d1b486ef291963bb72c70f3cdd570d2d8fa34,"{""distance"":7,""physical_error_rate"":0.002}","{""detection_events"":19008,""detectors_checked"":2488320}"
      1024,         0,         0,   0.122,standalone_exact_mw,9d8ad86e51451842b54dafc7680d1b486ef291963bb72c70f3cdd570d2d8fa34,"{""distance"":7,""physical_error_rate"":0.002}","{""detection_events"":6333,""detectors_checked"":829440}"
      3072,         0,         0,   0.300,standalone_exact_mw,9d8ad86e51451842b54dafc7680d1b486ef291963bb72c70f3cdd570d2d8fa34,"{""distance"":7,""physical_error_rate"":0.002}","{""detection_events"":19159,""detectors_checked"":2488320}"
      3072,         0,         0,   0.275,standalone_exact_mw,9d8ad86e51451842b54dafc7680d1b486ef291963bb72c70f3cdd570d2d8fa34,"{""distance"":7,""physical_error_rate"":0.002}","{""detection_events"":19273,""detectors_checked"":2488320}"
      2048,         0,         0,   0.161,standalone_exact_mw,9d8ad86e51451842b54dafc7680d1b486ef291963bb72c70f3cdd570d2d8fa34,"{""distance"":7,""physical_error_rate"":0.002}","{""detection_events"":12525,""detectors_checked"":1658880}"
      1024,         0,         0,   0.071,standalone_exact_mw,9d8ad86e51451842b54dafc7680d1b486ef291963bb72c70f3cdd570d2d8fa34,"{""distance"":7,""physical_error_rate"":0.002}","{""detection_events"":6222,""detectors_checked"":829440}"
      1024,         0,         0,   0.179,standalone_exact_mw,9d8ad86e51451842b54dafc7680d1b486ef291963bb72c70f3cdd570d2d8fa34,"{""distance"":7,""physical_error_rate"":0.002}","{""detection_events"":6351,""detectors_checked"":829440}"
      4096,         0,         0,   0.323,standalone_exact_mw,9d8ad86e51451842b54dafc7680d1b486ef291963bb72c70f3cdd570d2d8fa34,"{""distance"":7,""physical_error_rate"":0.002}","{""detection_events"":25461,""detectors_checked"":3317760}"
      1024,         0,         0,   0.073,standalone_exact_mw,9d8ad86e51451842b54dafc7680d1b486ef291963bb72c70f3cdd570d2d8fa34,"{""distance"":7,""physical_error_rate"":0.002}","{""detection_events"":6278,""detectors_checked"":829440}"
      2048,         0,         0,   0.243,standalone_exact_mw,9d8ad86e51451842b54dafc7680d1b486ef291963bb72c70f3cdd570d2d8fa34,"{""distance"":7,""physical_error_rate"":0.002}","{""detection_events"":12854,""detectors_checked"":1658880}"
      4096,         0,         0,   0.322,standalone_exact_mw,9d8ad86e51451842b54dafc7680d1b486ef291963bb72c70f3cdd570d2d8fa34,"{""distance"":7,""physical_error_rate"":0.002}","{""detection_events"":25290,""detectors_checked"":3317760}"
      3072,         0,         0,   0.308,standalone_exact_mw,9d8ad86e51451842b54dafc7680d1b486ef291963bb72c70f3cdd570d2d8fa34,"{""distance"":7,""physical_error_rate"":0.002}","{""detection_events"":19164,""detectors_checked"":2488320}"
      2048,         0,         0,   0.135,standalone_exact_mw,9d8ad86e51451842b54dafc7680d1b486ef291963bb72c70f3cdd570d2d8fa34,"{""distance"":7,""physical_error_rate"":0.002}","{""detection_events"":12677,""detectors_checked"":1658880}"
      4096,         0,         0,   0.346,standalone_exact_mw,9d8ad86e51451842b54dafc7680d1b486ef291963bb72c70f3cdd570d2d8fa34,"{""distance"":7,""physical_error_rate"":0.002}","{""detection_events"":25074,""detectors_checked"":3317760}"
      1024,         0,         0,   0.141,standalone_exact_mw,9d8ad86e51451842b54dafc7680d1b486ef291963bb72c70f3cdd570d2d8fa34,"{""distance"":7,""physical_error_rate"":0.002}","{""detection_events"":6243,""detectors_checked"":829440}"
      1024,         0,         0,   0.111,standalone_exact_mw,9d8ad86e51451842b54dafc7680d1b486ef291963bb72c70f3cdd570d2d8fa34,"{""distance"":7,""physical_error_rate"":0.002}","{""detection_events"":6220,""detectors_checked"":829440}"
      1024,         0,         0,   0.120,standalone_exact_mw,9d8ad86e51451842b54dafc7680d1b486ef291963bb72c70f3cdd570d2d8fa34,"{""distance"":7,""physical_error_rate"":0.002}","{""detection_events"":6423,""detectors_checked"":829440}"
      1024,         0,         0,   0.106,standalone_exact_mw,9d8ad86e51451842b54dafc7680d1b486ef291963bb72c70f3cdd570d2d8fa34,"{""distance"":7,""physical_error_rate"":0.002}","{""detection_events"":6221,""detectors_checked"":829440}"
      2048,         0,         0,   0.223,standalone_exact_mw,9d8ad86e51451842b54dafc7680d1b486ef291963bb72c70f3cdd570d2d8fa34,"{""distance"":7,""physical_error_rate"":0.002}","{""detection_events"":12984,""detectors_checked"":1658880}"
      2048,         0,         0,   0.194,standalone_exact_mw,9d8ad86e51451842b54dafc7680d1b486ef291963bb72c70f3cdd570d2d8fa34,"{""distance"":7,""physical_error_rate"":0.002}","{""detection_events"":12928,""detectors_checked"":1658880}"
      1024,         0,         0,   0.091,standalone_exact_mw,9d8ad86e51451842b54dafc7680d1b486ef291963bb72c70f3cdd570d2d8fa34,"{""distance"":7,""physical_error_rate"":0.002}","{""detection_events"":6391,""detectors_checked"":829440}"
      1024,         0,         0,   0.082,standalone_exact_mw,9d8ad86e51451842b54dafc7680d1b486ef291963bb72c70f3cdd570d2d8fa34,"{""distance"":7,""physical_error_rate"":0.002}","{""detection_events"":6162,""detectors_checked"":829440}"
      1024,         0,         0,   0.157,standalone_exact_mw,9d8ad86e51451842b54dafc7680d1b486ef291963bb72c70f3cdd570d2d8fa34,"{""distance"":7,""physical_error_rate"":0.002}","{""detection_events"":6505,""detectors_checked"":829440}"
      3072,         0,         0,   0.242,standalone_exact_mw,9d8ad86e51451842b54dafc7680d1b486ef291963bb72c70f3cdd570d2d8fa34,"{""distance"":7,""physical_error_rate"":0.002}","{""detection_events"":19180,""detectors_checked"":2488320}"
      2048,         0,         0,   0.173,standalone_exact_mw,9d8ad86e51451842b54dafc7680d1b486ef291963bb72c70f3cdd570d2d8fa34,"{""distance"":7,""physical_error_rate"":0.002}","{""detection_events"":12765,""detectors_checked"":1658880}"
      3072,         0,         0,   0.162,standalone_exact_mw,9d8ad86e51451842b54dafc7680d1b486ef291963bb72c70f3cdd570d2d8fa34,"{""distance"":7,""physical_error_rate"":0.002}","{""detection_events"":19295,""detectors_checked"":2488320}"
      5120,         0,         0,   0.458,standalone_exact_mw,9d8ad86e51451842b54dafc7680d1b486ef291963bb72c70f3cdd570d2d8fa34,"{""distance"":7,""physical_error_rate"":0.002}","{""detection_events"":31864,""detectors_checked"":4147200}"
         1,         0,         0,   0.003,standalone_exact_mw,9d8ad86e51451842b54dafc7680d1b486ef291963bb72c70f3cdd570d2d8fa34,"{""distance"":7,""physical_error_rate"":0.002}","{""detection_events"":8,""detectors_checked"":810}"
      1024,         0,         0,   0.146,standalone_exact_mw,9d8ad86e51451842b54dafc7680d1b486ef291963bb72c70f3cdd570d2d8fa34,"{""distance"":7,""physical_error_rate"":0.002}","{""detection_events"":6272,""detectors_checked"":829440}"
      4096,         0,         0,   0.448,standalone_exact_mw,9d8ad86e51451842b54dafc7680d1b486ef291963bb72c70f3cdd570d2d8fa34,"{""distance"":7,""physical_error_rate"":0.002}","{""detection_events"":25224,""detectors_checked"":3317760}"
      4096,         0,         0,   0.346,standalone_exact_mw,9d8ad86e51451842b54dafc7680d1b486ef291963bb72c70f3cdd570d2d8fa34,"{""distance"":7,""physical_error_rate"":0.002}","{""detection_events"":25422,""detectors_checked"":3317760}"
        17,         0,         0,   0.025,standalone_exact_mw,9d8ad86e51451842b54dafc7680d1b486ef291963bb72c70f3cdd570d2d8fa34,"{""distance"":7,""physical_error_rate"":0.002}","{""detection_events"":104,""detectors_checked"":13770}"
      2048,         0,         0,   0.205,standalone_exact_mw,9d8ad86e51451842b54dafc7680d1b486ef291963bb72c70f3cdd570d2d8fa34,"{""distance"":7,""physical_error_rate"":0.002}","{""detection_events"":12934,""detectors_checked"":1658880}"
      5120,         0,         0,   0.368,standalone_exact_mw,9d8ad86e51451842b54dafc7680d1b486ef291963bb72c70f3cdd570d2d8fa34,"{""distance"":7,""physical_error_rate"":0.002}","{""detection_events"":31465,""detectors_checked"":4147200}"
       256,         0,         0,   0.025,standalone_exact_mw,9d8ad86e51451842b54dafc7680d1b486ef291963bb72c70f3cdd570d2d8fa34,"{""distance"":7,""physical_error_rate"":0.002}","{""detection_events"":1524,""detectors_checked"":207360}"
      1024,         0,         0,   0.102,standalone_exact_mw,9d8ad86e51451842b54dafc7680d1b486ef291963bb72c70f3cdd570d2d8fa34,"{""distance"":7,""physical_error_rate"":0.002}","{""detection_events"":6438,""detectors_checked"":829440}"
      5120,         0,         0,   0.402,standalone_exact_mw,9d8ad86e51451842b54dafc7680d1b486ef291963bb72c70f3cdd570d2d8fa34,"{""distance"":7,""physical_error_rate"":0.002}","{""detection_events"":32008,""detectors_checked"":4147200}"
      2048,         0,         0,   0.254,standalone_exact_mw,9d8ad86e51451842b54dafc7680d1b486ef291963bb72c70f3cdd570d2d8fa34,"{""distance"":7,""physical_error_rate"":0.002}","{""detection_events"":12752,""detectors_checked"":1658880}"
       272,         0,         0,   0.023,standalone_exact_mw,9d8ad86e51451842b54dafc7680d1b486ef291963bb72c70f3cdd570d2d8fa34,"{""distance"":7,""physical_error_rate"":0.002}","{""detection_events"":1715,""detectors_checked"":220320}"
      3072,         0,         0,   0.336,standalone_exact_mw,9d8ad86e51451842b54dafc7680d1b486ef291963bb72c70f3cdd570d2d8fa34,"{""distance"":7,""physical_error_rate"":0.002}","{""detection_events"":19297,""detectors_checked"":2488320}"
      1024,         0,         0,   0.082,standalone_exact_mw,9d8ad86e51451842b54dafc7680d1b486ef291963bb72c70f3cdd570d2d8fa34,"{""distance"":7,""physical_error_rate"":0.002}","{""detection_events"":6397,""detectors_checked"":829440}"
      1024,         0,         0,   0.112,standalone_exact_mw,9d8ad86e51451842b54dafc7680d1b486ef291963bb72c70f3cdd570d2d8fa34,"{""distance"":7,""physical_error_rate"":0.002}","{""detection_events"":6653,""detectors_checked"":829440}"
      5120,         0,         0,   0.472,standalone_exact_mw,9d8ad86e51451842b54dafc7680d1b486ef291963bb72c70f3cdd570d2d8fa34,"{""distance"":7,""physical_error_rate"":0.002}","{""detection_events"":31431,""detectors_checked"":4147200}"
      1024,         0,         0,   0.128,standalone_exact_mw,9d8ad86e51451842b54dafc7680d1b486ef291963bb72c70f3cdd570d2d8fa34,"{""distance"":7,""physical_error_rate"":0.002}","{""detection_events"":6410,""detectors_checked"":829440}"
      1024,         0,         0,   0.154,standalone_exact_mw,9d8ad86e51451842b54dafc7680d1b486ef291963bb72c70f3cdd570d2d8fa34,"{""distance"":7,""physical_error_rate"":0.002}","{""detection_events"":6468,""detectors_checked"":829440}"
      4096,         0,         0,   0.334,standalone_exact_mw,9d8ad86e51451842b54dafc7680d1b486ef291963bb72c70f3cdd570d2d8fa34,"{""distance"":7,""physical_error_rate"":0.002}","{""detection_events"":24921,""detectors_checked"":3317760}"
      1024,         0,         0,   0.046,standalone_exact_mw,9d8ad86e51451842b54dafc7680d1b486ef291963bb72c70f3cdd570d2d8fa34,"{""distance"":7,""physical_error_rate"":0.002}","{""detection_events"":6239,""detectors_checked"":829440}"
      2048,         0,         0,   0.173,standalone_exact_mw,9d8ad86e51451842b54dafc7680d1b486ef291963bb72c70f3cdd570d2d8fa34,"{""distance"":7,""physical_error_rate"":0.002}","{""detection_events"":12716,""detectors_checked"":1658880}"
      3072,         0,         0,   0.276,standalone_exact_mw,9d8ad86e51451842b54dafc7680d1b486ef291963bb72c70f3cdd570d2d8fa34,"{""distance"":7,""physical_error_rate"":0.002}","{""detection_events"":19084,""detectors_checked"":2488320}"
      1024,         0,         0,   0.128,standalone_exact_mw,9d8ad86e51451842b54dafc7680d1b486ef291963bb72c70f3cdd570d2d8fa34,"{""distance"":7,""physical_error_rate"":0.002}","{""detection_events"":6546,""detectors_checked"":829440}"
      1024,         0,         0,   0.080,standalone_exact_mw,9d8ad86e51451842b54dafc7680d1b486ef291963bb72c70f3cdd570d2d8fa34,"{""distance"":7,""physical_error_rate"":0.002}","{""detection_events"":6446,""detectors_checked"":829440}"
      1024,         0,         0,   0.070,standalone_exact_mw,9d8ad86e51451842b54dafc7680d1b486ef291963bb72c70f3cdd570d2d8fa34,"{""distance"":7,""physical_error_rate"":0.002}","{""detection_events"":6464,""detectors_checked"":829440}"
      3072,         0,         0,   0.260,standalone_exact_mw,9d8ad86e51451842b54dafc7680d1b486ef291963bb72c70f3cdd570d2d8fa34,"{""distance"":7,""physical_error_rate"":0.002}","{""detection_events"":19392,""detectors_checked"":2488320}"
      4096,         0,         0,   0.326,standalone_exact_mw,9d8ad86e51451842b54dafc7680d1b486ef291963bb72c70f3cdd570d2d8fa34,"{""distance"":7,""physical_error_rate"":0.002}","{""detection_events"":25608,""detectors_checked"":3317760}"
      1024,         0,         0,   0.079,standalone_exact_mw,9d8ad86e51451842b54dafc7680d1b486ef291963bb72c70f3cdd570d2d8fa34,"{""distance"":7,""physical_error_rate"":0.002}","{""detection_events"":6354,""detectors_checked"":829440}"
      1024,         0,         0,   0.090,standalone_exact_mw,9d8ad86e51451842b54dafc7680d1b486ef291963bb72c70f3cdd570d2d8fa34,"{""distance"":7,""physical_error_rate"":0.002}","{""detection_events"":6281,""detectors_checked"":829440}"
      1024,         0,         0,   0.054,standalone_exact_mw,9d8ad86e51451842b54dafc7680d1b486ef291963bb72c70f3cdd570d2d8fa34,"{""distance"":7,""physical_error_rate"":0.002}","{""detection_events"":6562,""detectors_checked"":829440}"
      4096,         0,         0,   0.210,standalone_exact_mw,9d8ad86e51451842b54dafc7680d1b486ef291963bb72c70f3cdd570d2d8fa34,"{""distance"":7,""physical_error_rate"":0.002}","{""detection_events"":25977,""detectors_checked"":3317760}"
      2048,         0,         0,   0.151,standalone_exact_mw,9d8ad86e51451842b54dafc7680d1b486ef291963bb72c70f3cdd570d2d8fa34,"{""distance"":7,""physical_error_rate"":0.002}","{""detection_events"":12826,""detectors_checked"":1658880}"
      7168,         0,         0,   0.573,standalone_exact_mw,9d8ad86e51451842b54dafc7680d1b486ef291963bb72c70f3cdd570d2d8fa34,"{""distance"":7,""physical_error_rate"":0.002}","{""detection_events"":44735,""detectors_checked"":5806080}"
      3072,         0,         0,   0.253,standalone_exact_mw,9d8ad86e51451842b54dafc7680d1b486ef291963bb72c70f3cdd570d2d8fa34,"{""distance"":7,""physical_error_rate"":0.002}","{""detection_events"":19243,""detectors_checked"":2488320}"
         1,         0,         0,   0.023,standalone_exact_mw,9d8ad86e51451842b54dafc7680d1b486ef291963bb72c70f3cdd570d2d8fa34,"{""distance"":7,""physical_error_rate"":0.002}","{""detection_events"":2,""detectors_checked"":810}"
      5120,         0,         0,   0.422,standalone_exact_mw,9d8ad86e51451842b54dafc7680d1b486ef291963bb72c70f3cdd570d2d8fa34,"{""distance"":7,""physical_error_rate"":0.002}","{""detection_events"":31866,""detectors_checked"":4147200}"
        17,         0,         0,   0.022,standalone_exact_mw,9d8ad86e51451842b54dafc7680d1b486ef291963bb72c70f3cdd570d2d8fa34,"{""distance"":7,""physical_error_rate"":0.002}","{""detection_events"":130,""detectors_checked"":13770}"
      6144,         0,         0,   0.632,standalone_exact_mw,9d8ad86e51451842b54dafc7680d1b486ef291963bb72c70f3cdd570d2d8fa34,"{""distance"":7,""physical_error_rate"":0.002}","{""detection_events"":38024,""detectors_checked"":4976640}"
      1024,         0,         0,   0.054,standalone_exact_mw,9d8ad86e51451842b54dafc7680d1b486ef291963bb72c70f3cdd570d2d8fa34,"{""distance"":7,""physical_error_rate"":0.002}","{""detection_events"":6229,""detectors_checked"":829440}"
      6144,         0,         0,   0.642,standalone_exact_mw,9d8ad86e51451842b54dafc7680d1b486ef291963bb72c70f3cdd570d2d8fa34,"{""distance"":7,""physical_error_rate"":0.002}","{""detection_events"":37683,""detectors_checked"":4976640}"
      1024,         0,         0,   0.249,standalone_exact_mw,9d8ad86e51451842b54dafc7680d1b486ef291963bb72c70f3cdd570d2d8fa34,"{""distance"":7,""physical_error_rate"":0.002}","{""detection_events"":6324,""detectors_checked"":829440}"
      1024,         0,         0,   0.082,standalone_exact_mw,9d8ad86e51451842b54dafc7680d1b486ef291963bb72c70f3cdd570d2d8fa34,"{""distance"":7,""physical_error_rate"":0.002}","{""detection_events"":6459,""detectors_checked"":829440}"
      1024,         0,         0,   0.072,standalone_exact_mw,9d8ad86e51451842b54dafc7680d1b486ef291963bb72c70f3cdd570d2d8fa34,"{""distance"":7,""physical_error_rate"":0.002}","{""detection_events"":6423,""detectors_checked"":829440}"
      2048,         0,         0,   0.164,standalone_exact_mw,9d8ad86e51451842b54dafc7680d1b486ef291963bb72c70f3cdd570d2d8fa34,"{""distance"":7,""physical_error_rate"":0.002}","{""detection_events"":12590,""detectors_checked"":1658880}"
      6144,         0,         0,   0.643,standalone_exact_mw,9d8ad86e51451842b54dafc7680d1b486ef291963bb72c70f3cdd570d2d8fa34,"{""distance"":7,""physical_error_rate"":0.002}","{""detection_events"":37961,""detectors_checked"":4976640}"
       272,         0,         0,   0.040,standalone_exact_mw,9d8ad86e51451842b54dafc7680d1b486ef291963bb72c70f3cdd570d2d8fa34,"{""distance"":7,""physical_error_rate"":0.002}","{""detection_events"":1711,""detectors_checked"":220320}"
      3072,         0,         0,   0.380,standalone_exact_mw,9d8ad86e51451842b54dafc7680d1b486ef291963bb72c70f3cdd570d2d8fa34,"{""distance"":7,""physical_error_rate"":0.002}","{""detection_events"":19277,""detectors_checked"":2488320}"
      3072,         0,         0,   0.384,standalone_exact_mw,9d8ad86e51451842b54dafc7680d1b486ef291963bb72c70f3cdd570d2d8fa34,"{""distance"":7,""physical_error_rate"":0.002}","{""detection_events"":19497,""detectors_checked"":2488320}"
      3072,         0,         0,   0.455,standalone_exact_mw,9d8ad86e51451842b54dafc7680d1b486ef291963bb72c70f3cdd570d2d8fa34,"{""distance"":7,""physical_error_rate"":0.002}","{""detection_events"":19251,""detectors_checked"":2488320}"
      1024,         0,         0,   0.111,standalone_exact_mw,9d8ad86e51451842b54dafc7680d1b486ef291963bb72c70f3cdd570d2d8fa34,"{""distance"":7,""physical_error_rate"":0.002}","{""detection_events"":6328,""detectors_checked"":829440}"
      3072,         0,         0,   0.241,standalone_exact_mw,9d8ad86e51451842b54dafc7680d1b486ef291963bb72c70f3cdd570d2d8fa34,"{""distance"":7,""physical_error_rate"":0.002}","{""detection_events"":18707,""detectors_checked"":2488320}"
      2048,         0,         0,   0.120,standalone_exact_mw,9d8ad86e51451842b54dafc7680d1b486ef291963bb72c70f3cdd570d2d8fa34,"{""distance"":7,""physical_error_rate"":0.002}","{""detection_events"":12906,""detectors_checked"":1658880}"
      2048,         0,         0,   0.161,standalone_exact_mw,9d8ad86e51451842b54dafc7680d1b486ef291963bb72c70f3cdd570d2d8fa34,"{""distance"":7,""physical_error_rate"":0.002}","{""detection_events"":12735,""detectors_checked"":1658880}"
      3072,         0,         0,   0.268,standalone_exact_mw,9d8ad86e51451842b54dafc7680d1b486ef291963bb72c70f3cdd570d2d8fa34,"{""distance"":7,""physical_error_rate"":0.002}","{""detection_events"":18923,""detectors_checked"":2488320}"
      2048,         0,         0,   0.256,standalone_exact_mw,9d8ad86e51451842b54dafc7680d1b486ef291963bb72c70f3cdd570d2d8fa34,"{""distance"":7,""physical_error_rate"":0.002}","{""detection_events"":12946,""detectors_checked"":1658880}"
      2048,         0,         0,   0.377,standalone_exact_mw,9d8ad86e51451842b54dafc7680d1b486ef291963bb72c70f3cdd570d2d8fa34,"{""distance"":7,""physical_error_rate"":0.002}","{""detection_events"":13141,""detectors_checked"":1658880}"
      1024,         0,         0,   0.049,standalone_exact_mw,9d8ad86e51451842b54dafc7680d1b486ef291963bb72c70f3cdd570d2d8fa34,"{""distance"":7,""physical_error_rate"":0.002}","{""detection_events"":6586,""detectors_checked"":829440}"
      1024,         0,         0,   0.128,standalone_exact_mw,9d8ad86e51451842b54dafc7680d1b486ef291963bb72c70f3cdd570d2d8fa34,"{""distance"":7,""physical_error_rate"":0.002}","{""detection_events"":6427,""detectors_checked"":829440}"
      1280,         0,         0,   0.089,standalone_exact_mw,9d8ad86e51451842b54dafc7680d1b486ef291963bb72c70f3cdd570d2d8fa34,"{""distance"":7,""physical_error_rate"":0.002}","{""detection_events"":7763,""detectors_checked"":1036800}"
      3072,         0,         0,   0.314,standalone_exact_mw,9d8ad86e51451842b54dafc7680d1b486ef291963bb72c70f3cdd570d2d8fa34,"{""distance"":7,""physical_error_rate"":0.002}","{""detection_events"":19202,""detectors_checked"":2488320}"
      2048,         0,         0,   0.230,standalone_exact_mw,9d8ad86e51451842b54dafc7680d1b486ef291963bb72c70f3cdd570d2d8fa34,"{""distance"":7,""physical_error_rate"":0.002}","{""detection_events"":12629,""detectors_checked"":1658880}"
      1024,         0,         0,   0.056,standalone_exact_mw,9d8ad86e51451842b54dafc7680d1b486ef291963bb72c70f3cdd570d2d8fa34,"{""distance"":7,""physical_error_rate"":0.002}","{""detection_events"":6463,""detectors_checked"":829440}"
      4096,         0,         0,   0.301,standalone_exact_mw,9d8ad86e51451842b54dafc7680d1b486ef291963bb72c70f3cdd570d2d8fa34,"{""distance"":7,""physical_error_rate"":0.002}","{""detection_events"":25074,""detectors_checked"":3317760}"
      4096,         0,         0,   0.439,standalone_exact_mw,9d8ad86e51451842b54dafc7680d1b486ef291963bb72c70f3cdd570d2d8fa34,"{""distance"":7,""physical_error_rate"":0.002}","{""detection_events"":25347,""detectors_checked"":3317760}"
      1024,         0,         0,   0.081,standalone_exact_mw,9d8ad86e51451842b54dafc7680d1b486ef291963bb72c70f3cdd570d2d8fa34,"{""distance"":7,""physical_error_rate"":0.002}","{""detection_events"":6358,""detectors_checked"":829440}"
      5120,         0,         0,   0.419,standalone_exact_mw,9d8ad86e51451842b54dafc7680d1b486ef291963bb72c70f3cdd570d2d8fa34,"{""distance"":7,""physical_error_rate"":0.002}","{""detection_events"":31801,""detectors_checked"":4147200}"
      1024,         0,         0,   0.088,standalone_exact_mw,9d8ad86e51451842b54dafc7680d1b486ef291963bb72c70f3cdd570d2d8fa34,"{""distance"":7,""physical_error_rate"":0.002}","{""detection_events"":6327,""detectors_checked"":829440}"
      5120,         0,         0,   0.426,standalone_exact_mw,9d8ad86e51451842b54dafc7680d1b486ef291963bb72c70f3cdd570d2d8fa34,"{""distance"":7,""physical_error_rate"":0.002}","{""detection_events"":32167,""detectors_checked"":4147200}"
      7168,         0,         0,   0.593,standalone_exact_mw,9d8ad86e51451842b54dafc7680d1b486ef291963bb72c70f3cdd570d2d8fa34,"{""distance"":7,""physical_error_rate"":0.002}","{""detection_events"":44658,""detectors_checked"":5806080}"
      4096,         0,         0,   0.490,standalone_exact_mw,9d8ad86e51451842b54dafc7680d1b486ef291963bb72c70f3cdd570d2d8fa34,"{""distance"":7,""physical_error_rate"":0.002}","{""detection_events"":25340,""detectors_checked"":3317760}"
      5120,         0,         0,   0.476,standalone_exact_mw,9d8ad86e51451842b54dafc7680d1b486ef291963bb72c70f3cdd570d2d8fa34,"{""distance"":7,""physical_error_rate"":0.002}","{""detection_events"":31429,""detectors_checked"":4147200}"
        17,         0,         0,   0.022,standalone_exact_mw,9d8ad86e51451842b54dafc7680d1b486ef291963bb72c70f3cdd570d2d8fa34,"{""distance"":7,""physical_error_rate"":0.002}","{""detection_events"":104,""detectors_checked"":13770}"
      5120,         0,         0,   0.445,standalone_exact_mw,9d8ad86e51451842b54dafc7680d1b486ef291963bb72c70f3cdd570d2d8fa34,"{""distance"":7,""physical_error_rate"":0.002}","{""detection_events"":32025,""detectors_checked"":4147200}"
      3072,         0,         0,   0.199,standalone_exact_mw,9d8ad86e51451842b54dafc7680d1b486ef291963bb72c70f3cdd570d2d8fa34,"{""distance"":7,""physical_error_rate"":0.002}","{""detection_events"":19134,""detectors_checked"":2488320}"
      1024,         0,         0,   0.082,standalone_exact_mw,9d8ad86e51451842b54dafc7680d1b486ef291963bb72c70f3cdd570d2d8fa34,"{""distance"":7,""physical_error_rate"":0.002}","{""detection_events"":6288,""detectors_checked"":829440}"
      1024,         0,         0,   0.099,standalone_exact_mw,9d8ad86e51451842b54dafc7680d1b486ef291963bb72c70f3cdd570d2d8fa34,"{""distance"":7,""physical_error_rate"":0.002}","{""detection_events"":6453,""detectors_checked"":829440}"
      1024,         0,         0,   0.105,standalone_exact_mw,9d8ad86e51451842b54dafc7680d1b486ef291963bb72c70f3cdd570d2d8fa34,"{""distance"":7,""physical_error_rate"":0.002}","{""detection_events"":6218,""detectors_checked"":829440}"
      2048,         0,         0,   0.164,standalone_exact_mw,9d8ad86e51451842b54dafc7680d1b486ef291963bb72c70f3cdd570d2d8fa34,"{""distance"":7,""physical_error_rate"":0.002}","{""detection_events"":12722,""detectors_checked"":1658880}"
      2048,         0,         0,   0.291,standalone_exact_mw,9d8ad86e51451842b54dafc7680d1b486ef291963bb72c70f3cdd570d2d8fa34,"{""distance"":7,""physical_error_rate"":0.002}","{""detection_events"":12828,""detectors_checked"":1658880}"
      1024,         0,         0,   0.077,standalone_exact_mw,9d8ad86e51451842b54dafc7680d1b486ef291963bb72c70f3cdd570d2d8fa34,"{""distance"":7,""physical_error_rate"":0.002}","{""detection_events"":6438,""detectors_checked"":829440}"
      7168,         0,         0,   0.581,standalone_exact_mw,9d8ad86e51451842b54dafc7680d1b486ef291963bb72c70f3cdd570d2d8fa34,"{""distance"":7,""physical_error_rate"":0.002}","{""detection_events"":44936,""detectors_checked"":5806080}"
      5120,         0,         0,   0.411,standalone_exact_mw,9d8ad86e51451842b54dafc7680d1b486ef291963bb72c70f3cdd570d2d8fa34,"{""distance"":7,""physical_error_rate"":0.002}","{""detection_events"":31948,""detectors_checked"":4147200}"
      5120,         0,         0,   0.604,standalone_exact_mw,9d8ad86e51451842b54dafc7680d1b486ef291963bb72c70f3cdd570d2d8fa34,"{""distance"":7,""physical_error_rate"":0.002}","{""detection_events"":32143,""detectors_checked"":4147200}"
      1024,         0,         0,   0.145,standalone_exact_mw,9d8ad86e51451842b54dafc7680d1b486ef291963bb72c70f3cdd570d2d8fa34,"{""distance"":7,""physical_error_rate"":0.002}","{""detection_events"":6284,""detectors_checked"":829440}"
      3072,         0,         0,   0.168,standalone_exact_mw,9d8ad86e51451842b54dafc7680d1b486ef291963bb72c70f3cdd570d2d8fa34,"{""distance"":7,""physical_error_rate"":0.002}","{""detection_events"":18928,""detectors_checked"":2488320}"
      7168,         0,         0,   0.586,standalone_exact_mw,9d8ad86e51451842b54dafc7680d1b486ef291963bb72c70f3cdd570d2d8fa34,"{""distance"":7,""physical_error_rate"":0.002}","{""detection_events"":44461,""detectors_checked"":5806080}"
      4096,         0,         0,   0.325,standalone_exact_mw,9d8ad86e51451842b54dafc7680d1b486ef291963bb72c70f3cdd570d2d8fa34,"{""distance"":7,""physical_error_rate"":0.002}","{""detection_events"":25715,""detectors_checked"":3317760}"
         1,         0,         0,   0.001,standalone_exact_mw,9d8ad86e51451842b54dafc7680d1b486ef291963bb72c70f3cdd570d2d8fa34,"{""distance"":7,""physical_error_rate"":0.002}","{""detectors_checked"":810}"
      1024,         0,         0,   0.082,standalone_exact_mw,9d8ad86e51451842b54dafc7680d1b486ef291963bb72c70f3cdd570d2d8fa34,"{""distance"":7,""physical_error_rate"":0.002}","{""detection_events"":6314,""detectors_checked"":829440}"
      5120,         0,         0,   0.401,standalone_exact_mw,9d8ad86e51451842b54dafc7680d1b486ef291963bb72c70f3cdd570d2d8fa34,"{""distance"":7,""physical_error_rate"":0.002}","{""detection_events"":31275,""detectors_checked"":4147200}"
      2048,         0,         0,   0.162,standalone_exact_mw,9d8ad86e51451842b54dafc7680d1b486ef291963bb72c70f3cdd570d2d8fa34,"{""distance"":7,""physical_error_rate"":0.002}","{""detection_events"":12404,""detectors_checked"":1658880}"
      1024,         0,         0,   0.094,standalone_exact_mw,9d8ad86e51451842b54dafc7680d1b486ef291963bb72c70f3cdd570d2d8fa34,"{""distance"":7,""physical_error_rate"":0.002}","{""detection_events"":6831,""detectors_checked"":829440}"
      2048,         0,         0,   0.218,standalone_exact_mw,9d8ad86e51451842b54dafc7680d1b486ef291963bb72c70f3cdd570d2d8fa34,"{""distance"":7,""physical_error_rate"":0.002}","{""detection_events"":13048,""detectors_checked"":1658880}"
       272,         0,         0,   0.024,standalone_exact_mw,9d8ad86e51451842b54dafc7680d1b486ef291963bb72c70f3cdd570d2d8fa34,"{""distance"":7,""physical_error_rate"":0.002}","{""detection_events"":1715,""detectors_checked"":220320}"
      2048,         0,         0,   0.223,standalone_exact_mw,9d8ad86e51451842b54dafc7680d1b486ef291963bb72c70f3cdd570d2d8fa34,"{""distance"":7,""physical_error_rate"":0.002}","{""detection_events"":12877,""detectors_checked"":1658880}"
      4096,         0,         0,   0.325,standalone_exact_mw,9d8ad86e51451842b54dafc7680d1b486ef291963bb72c70f3cdd570d2d8fa34,"{""distance"":7,""physical_error_rate"":0.002}","{""detection_events"":25586,""detectors_checked"":3317760}"
      1280,         0,         0,   0.135,standalone_exact_mw,9d8ad86e51451842b54dafc7680d1b486ef291963bb72c70f3cdd570d2d8fa34,"{""distance"":7,""physical_error_rate"":0.002}","{""detection_events"":8011,""detectors_checked"":1036800}"
      5120,         0,         0,   0.445,standalone_exact_mw,9d8ad86e51451842b54dafc7680d1b486ef291963bb72c70f3cdd570d2d8fa34,"{""distance"":7,""physical_error_rate"":0.002}","{""detection_events"":31265,""detectors_checked"":4147200}"
      8192,         0,         0,   0.857,standalone_exact_mw,9d8ad86e51451842b54dafc7680d1b486ef291963bb72c70f3cdd570d2d8fa34,"{""distance"":7,""physical_error_rate"":0.002}","{""detection_events"":51247,""detectors_checked"":6635520}"
      1024,         0,         0,   0.107,standalone_exact_mw,9d8ad86e51451842b54dafc7680d1b486ef291963bb72c70f3cdd570d2d8fa34,"{""distance"":7,""physical_error_rate"":0.002}","{""detection_events"":6275,""detectors_checked"":829440}"
      4096,         0,         0,   0.367,standalone_exact_mw,9d8ad86e51451842b54dafc7680d1b486ef291963bb72c70f3cdd570d2d8fa34,"{""distance"":7,""physical_error_rate"":0.002}","{""detection_events"":25610,""detectors_checked"":3317760}"
      3072,         0,         0,   0.244,standalone_exact_mw,9d8ad86e51451842b54dafc7680d1b486ef291963bb72c70f3cdd570d2d8fa34,"{""distance"":7,""physical_error_rate"":0.002}","{""detection_events"":19241,""detectors_checked"":2488320}"
      4096,         0,         0,   0.275,standalone_exact_mw,9d8ad86e51451842b54dafc7680d1b486ef291963bb72c70f3cdd570d2d8fa34,"{""distance"":7,""physical_error_rate"":0.002}","{""detection_events"":25787,""detectors_checked"":3317760}"
         1,         0,         0,   0.027,standalone_exact_mw,9d8ad86e51451842b54dafc7680d1b486ef291963bb72c70f3cdd570d2d8fa34,"{""distance"":7,""physical_error_rate"":0.002}","{""detection_events"":11,""detectors_checked"":810}"
        16,         0,         0,   0.002,standalone_exact_mw,9d8ad86e51451842b54dafc7680d1b486ef291963bb72c70f3cdd570d2d8fa34,"{""distance"":7,""physical_error_rate"":0.002}","{""detection_events"":105,""detectors_checked"":12960}"
     10240,         0,         0,   0.830,standalone_exact_mw,9d8ad86e51451842b54dafc7680d1b486ef291963bb72c70f3cdd570d2d8fa34,"{""distance"":7,""physical_error_rate"":0.002}","{""detection_events"":63343,""detectors_checked"":8294400}"
      1024,         0,         0,   0.081,standalone_exact_mw,9d8ad86e51451842b54dafc7680d1b486ef291963bb72c70f3cdd570d2d8fa34,"{""distance"":7,""physical_error_rate"":0.002}","{""detection_events"":6491,""detectors_checked"":829440}"
      1024,         0,         0,   0.095,standalone_exact_mw,9d8ad86e51451842b54dafc7680d1b486ef291963bb72c70f3cdd570d2d8fa34,"{""distance"":7,""physical_error_rate"":0.002}","{""detection_events"":6325,""detectors_checked"":829440}"
      3072,         0,         0,   0.303,standalone_exact_mw,9d8ad86e51451842b54dafc7680d1b486ef291963bb72c70f3cdd570d2d8fa34,"{""distance"":7,""physical_error_rate"":0.002}","{""detection_events"":18922,""detectors_checked"":2488320}"
       256,         0,         0,   0.029,standalone_exact_mw,9d8ad86e51451842b54dafc7680d1b486ef291963bb72c70f3cdd570d2d8fa34,"{""distance"":7,""physical_error_rate"":0.002}","{""detection_events"":1643,""detectors_checked"":207360}"
      6144,         0,         0,   0.579,standalone_exact_mw,9d8ad86e51451842b54dafc7680d1b486ef291963bb72c70f3cdd570d2d8fa34,"{""distance"":7,""physical_error_rate"":0.002}","{""detection_events"":38515,""detectors_checked"":4976640}"
     14336,         0,         0,   0.793,standalone_exact_mw,9d8ad86e51451842b54dafc7680d1b486ef291963bb72c70f3cdd570d2d8fa34,"{""distance"":7,""physical_error_rate"":0.002}","{""detection_events"":88843,""detectors_checked"":11612160}"
      1024,         0,         0,   0.105,standalone_exact_mw,9d8ad86e51451842b54dafc7680d1b486ef291963bb72c70f3cdd570d2d8fa34,"{""distance"":7,""physical_error_rate"":0.002}","{""detection_events"":6298,""detectors_checked"":829440}"
      2048,         0,         0,   0.150,standalone_exact_mw,9d8ad86e51451842b54dafc7680d1b486ef291963bb72c70f3cdd570d2d8fa34,"{""distance"":7,""physical_error_rate"":0.002}","{""detection_events"":12668,""detectors_checked"":1658880}"
      5120,         0,         0,   0.456,standalone_exact_mw,9d8ad86e51451842b54dafc7680d1b486ef291963bb72c70f3cdd570d2d8fa34,"{""distance"":7,""physical_error_rate"":0.002}","{""detection_events"":31768,""detectors_checked"":4147200}"
      3072,         0,         0,   0.330,standalone_exact_mw,9d8ad86e51451842b54dafc7680d1b486ef291963bb72c70f3cdd570d2d8fa34,"{""distance"":7,""physical_error_rate"":0.002}","{""detection_events"":19233,""detectors_checked"":2488320}"
      1024,         0,         0,   0.077,standalone_exact_mw,9d8ad86e51451842b54dafc7680d1b486ef291963bb72c70f3cdd570d2d8fa34,"{""distance"":7,""physical_error_rate"":0.002}","{""detection_events"":6358,""detectors_checked"":829440}"
     14336,         0,         0,   0.823,standalone_exact_mw,9d8ad86e51451842b54dafc7680d1b486ef291963bb72c70f3cdd570d2d8fa34,"{""distance"":7,""physical_error_rate"":0.002}","{""detection_events"":88617,""detectors_checked"":11612160}"
      4096,         0,         0,   0.223,standalone_exact_mw,9d8ad86e51451842b54dafc7680d1b486ef291963bb72c70f3cdd570d2d8fa34,"{""distance"":7,""physical_error_rate"":0.002}","{""detection_events"":25334,""detectors_checked"":3317760}"
      7168,         0,         0,   0.580,standalone_exact_mw,9d8ad86e51451842b54dafc7680d1b486ef291963bb72c70f3cdd570d2d8fa34,"{""distance"":7,""physical_error_rate"":0.002}","{""detection_events"":44814,""detectors_checked"":5806080}"
     11264,         0,         0,   0.819,standalone_exact_mw,9d8ad86e51451842b54dafc7680d1b486ef291963bb72c70f3cdd570d2d8fa34,"{""distance"":7,""physical_error_rate"":0.002}","{""detection_events"":69998,""detectors_checked"":9123840}"
      3072,         0,         0,   0.248,standalone_exact_mw,9d8ad86e51451842b54dafc7680d1b486ef291963bb72c70f3cdd570d2d8fa34,"{""distance"":7,""physical_error_rate"":0.002}","{""detection_events"":18985,""detectors_checked"":2488320}"
      7168,         0,         0,   0.572,standalone_exact_mw,9d8ad86e51451842b54dafc7680d1b486ef291963bb72c70f3cdd570d2d8fa34,"{""distance"":7,""physical_error_rate"":0.002}","{""detection_events"":44657,""detectors_checked"":5806080}"
      1024,         0,         0,   0.081,standalone_exact_mw,9d8ad86e51451842b54dafc7680d1b486ef291963bb72c70f3cdd570d2d8fa34,"{""distance"":7,""physical_error_rate"":0.002}","{""detection_events"":6301,""detectors_checked"":829440}"
      2048,         0,         0,   0.162,standalone_exact_mw,9d8ad86e51451842b54dafc7680d1b486ef291963bb72c70f3cdd570d2d8fa34,"{""distance"":7,""physical_error_rate"":0.002}","{""detection_events"":12702,""detectors_checked"":1658880}"
      7168,         0,         0,   0.635,standalone_exact_mw,9d8ad86e51451842b54dafc7680d1b486ef291963bb72c70f3cdd570d2d8fa34,"{""distance"":7,""physical_error_rate"":0.002}","{""detection_events"":44192,""detectors_checked"":5806080}"
      1024,         0,         0,   0.394,standalone_exact_mw,9d8ad86e51451842b54dafc7680d1b486ef291963bb72c70f3cdd570d2d8fa34,"{""distance"":7,""physical_error_rate"":0.002}","{""detection_events"":6363,""detectors_checked"":829440}"
      5120,         0,         0,   0.429,standalone_exact_mw,9d8ad86e51451842b54dafc7680d1b486ef291963bb72c70f3cdd570d2d8fa34,"{""distance"":7,""physical_error_rate"":0.002}","{""detection_events"":31753,""detectors_checked"":4147200}"
      7168,         0,         0,   0.632,standalone_exact_mw,9d8ad86e51451842b54dafc7680d1b486ef291963bb72c70f3cdd570d2d8fa34,"{""distance"":7,""physical_error_rate"":0.002}","{""detection_events"":44490,""detectors_checked"":5806080}"
      1024,         0,         0,   0.112,standalone_exact_mw,9d8ad86e51451842b54dafc7680d1b486ef291963bb72c70f3cdd570d2d8fa34,"{""distance"":7,""physical_error_rate"":0.002}","{""detection_events"":6197,""detectors_checked"":829440}"
      2048,         0,         0,   0.419,standalone_exact_mw,9d8ad86e51451842b54dafc7680d1b486ef291963bb72c70f3cdd570d2d8fa34,"{""distance"":7,""physical_error_rate"":0.002}","{""detection_events"":12732,""detectors_checked"":1658880}"
      6144,         0,         0,   0.334,standalone_exact_mw,9d8ad86e51451842b54dafc7680d1b486ef291963bb72c70f3cdd570d2d8fa34,"{""distance"":7,""physical_error_rate"":0.002}","{""detection_events"":37943,""detectors_checked"":4976640}"
        17,         0,         0,   0.086,standalone_exact_mw,9d8ad86e51451842b54dafc7680d1b486ef291963bb72c70f3cdd570d2d8fa34,"{""distance"":7,""physical_error_rate"":0.002}","{""detection_events"":119,""detectors_checked"":13770}"
      2048,         0,         0,   0.223,standalone_exact_mw,9d8ad86e51451842b54dafc7680d1b486ef291963bb72c70f3cdd570d2d8fa34,"{""distance"":7,""physical_error_rate"":0.002}","{""detection_events"":12894,""detectors_checked"":1658880}"
      1024,         0,         0,   0.112,standalone_exact_mw,9d8ad86e51451842b54dafc7680d1b486ef291963bb72c70f3cdd570d2d8fa34,"{""distance"":7,""physical_error_rate"":0.002}","{""detection_events"":6463,""detectors_checked"":829440}"
      2048,         0,         0,   0.137,standalone_exact_mw,9d8ad86e51451842b54dafc7680d1b486ef291963bb72c70f3cdd570d2d8fa34,"{""distance"":7,""physical_error_rate"":0.002}","{""detection_events"":12927,""detectors_checked"":1658880}"
      5120,         0,         0,   0.461,standalone_exact_mw,9d8ad86e51451842b54dafc7680d1b486ef291963bb72c70f3cdd570d2d8fa34,"{""distance"":7,""physical_error_rate"":0.002}","{""detection_events"":32055,""detectors_checked"":4147200}"
      4096,         0,         0,   0.269,standalone_exact_mw,9d8ad86e51451842b54dafc7680d1b486ef291963bb72c70f3cdd570d2d8fa34,"{""distance"":7,""physical_error_rate"":0.002}","{""detection_events"":25412,""detectors_checked"":3317760}"
      5120,         0,         0,   0.415,standalone_exact_mw,9d8ad86e51451842b54dafc7680d1b486ef291963bb72c70f3cdd570d2d8fa34,"{""distance"":7,""physical_error_rate"":0.002}","{""detection_events"":31951,""detectors_checked"":4147200}"
      2048,         0,         0,   0.193,standalone_exact_mw,9d8ad86e51451842b54dafc7680d1b486ef291963bb72c70f3cdd570d2d8fa34,"{""distance"":7,""physical_error_rate"":0.002}","{""detection_events"":12650,""detectors_checked"":1658880}"
      1024,         0,         0,   0.113,standalone_exact_mw,9d8ad86e51451842b54dafc7680d1b486ef291963bb72c70f3cdd570d2d8fa34,"{""distance"":7,""physical_error_rate"":0.002}","{""detection_events"":6430,""detectors_checked"":829440}"
      2048,         0,         0,   0.165,standalone_exact_mw,9d8ad86e51451842b54dafc7680d1b486ef291963bb72c70f3cdd570d2d8fa34,"{""distance"":7,""physical_error_rate"":0.002}","{""detection_events"":12615,""detectors_checked"":1658880}"
      1024,         0,         0,   0.113,standalone_exact_mw,9d8ad86e51451842b54dafc7680d1b486ef291963bb72c70f3cdd570d2d8fa34,"{""distance"":7,""physical_error_rate"":0.002}","{""detection_events"":6391,""detectors_checked"":829440}"
      1024,         0,         0,   0.084,standalone_exact_mw,9d8ad86e51451842b54dafc7680d1b486ef291963bb72c70f3cdd570d2d8fa34,"{""distance"":7,""physical_error_rate"":0.002}","{""detection_events"":6351,""detectors_checked"":829440}"
      7168,         0,         0,   0.595,standalone_exact_mw,9d8ad86e51451842b54dafc7680d1b486ef291963bb72c70f3cdd570d2d8fa34,"{""distance"":7,""physical_error_rate"":0.002}","{""detection_events"":44854,""detectors_checked"":5806080}"
      2048,         0,         0,   0.746,standalone_exact_mw,9d8ad86e51451842b54dafc7680d1b486ef291963bb72c70f3cdd570d2d8fa34,"{""distance"":7,""physical_error_rate"":0.002}","{""detection_events"":12673,""detectors_checked"":1658880}"
      1024,         0,         0,   0.112,standalone_exact_mw,9d8ad86e51451842b54dafc7680d1b486ef291963bb72c70f3cdd570d2d8fa34,"{""distance"":7,""physical_error_rate"":0.002}","{""detection_events"":6433,""detectors_checked"":829440}"
     10240,         0,         0,   0.588,standalone_exact_mw,9d8ad86e51451842b54dafc7680d1b486ef291963bb72c70f3cdd570d2d8fa34,"{""distance"":7,""physical_error_rate"":0.002}","{""detection_events"":63863,""detectors_checked"":8294400}"
      1024,         0,         0,   0.091,standalone_exact_mw,9d8ad86e51451842b54dafc7680d1b486ef291963bb72c70f3cdd570d2d8fa34,"{""distance"":7,""physical_error_rate"":0.002}","{""detection_events"":6536,""detectors_checked"":829440}"
      3072,         0,         0,   0.335,standalone_exact_mw,9d8ad86e51451842b54dafc7680d1b486ef291963bb72c70f3cdd570d2d8fa34,"{""distance"":7,""physical_error_rate"":0.002}","{""detection_events"":19098,""detectors_checked"":2488320}"
      4096,         0,         0,   0.310,standalone_exact_mw,9d8ad86e51451842b54dafc7680d1b486ef291963bb72c70f3cdd570d2d8fa34,"{""distance"":7,""physical_error_rate"":0.002}","{""detection_events"":25588,""detectors_checked"":3317760}"
      3072,         0,         0,   0.217,standalone_exact_mw,9d8ad86e51451842b54dafc7680d1b486ef291963bb72c70f3cdd570d2d8fa34,"{""distance"":7,""physical_error_rate"":0.002}","{""detection_events"":19232,""detectors_checked"":2488320}"
      2048,         0,         0,   0.182,standalone_exact_mw,9d8ad86e51451842b54dafc7680d1b486ef291963bb72c70f3cdd570d2d8fa34,"{""distance"":7,""physical_error_rate"":0.002}","{""detection_events"":12899,""detectors_checked"":1658880}"
      2048,         0,         0,   0.581,standalone_exact_mw,9d8ad86e51451842b54dafc7680d1b486ef291963bb72c70f3cdd570d2d8fa34,"{""distance"":7,""physical_error_rate"":0.002}","{""detection_events"":12442,""detectors_checked"":1658880}"
      1024,         0,         0,   0.084,standalone_exact_mw,9d8ad86e51451842b54dafc7680d1b486ef291963bb72c70f3cdd570d2d8fa34,"{""distance"":7,""physical_error_rate"":0.002}","{""detection_events"":6094,""detectors_checked"":829440}"
      4096,         0,         0,   0.481,standalone_exact_mw,9d8ad86e51451842b54dafc7680d1b486ef291963bb72c70f3cdd570d2d8fa34,"{""distance"":7,""physical_error_rate"":0.002}","{""detection_events"":25629,""detectors_checked"":3317760}"
      1024,         0,         0,   0.128,standalone_exact_mw,9d8ad86e51451842b54dafc7680d1b486ef291963bb72c70f3cdd570d2d8fa34,"{""distance"":7,""physical_error_rate"":0.002}","{""detection_events"":6269,""detectors_checked"":829440}"
      5120,         0,         0,   0.573,standalone_exact_mw,9d8ad86e51451842b54dafc7680d1b486ef291963bb72c70f3cdd570d2d8fa34,"{""distance"":7,""physical_error_rate"":0.002}","{""detection_events"":31304,""detectors_checked"":4147200}"
      4096,         0,         0,   0.324,standalone_exact_mw,9d8ad86e51451842b54dafc7680d1b486ef291963bb72c70f3cdd570d2d8fa34,"{""distance"":7,""physical_error_rate"":0.002}","{""detection_events"":25776,""detectors_checked"":3317760}"
      5120,         0,         0,   0.412,standalone_exact_mw,9d8ad86e51451842b54dafc7680d1b486ef291963bb72c70f3cdd570d2d8fa34,"{""distance"":7,""physical_error_rate"":0.002}","{""detection_events"":32404,""detectors_checked"":4147200}"
      1024,         0,         0,   0.074,standalone_exact_mw,9d8ad86e51451842b54dafc7680d1b486ef291963bb72c70f3cdd570d2d8fa34,"{""distance"":7,""physical_error_rate"":0.002}","{""detection_events"":6313,""detectors_checked"":829440}"
      3072,         0,         0,   0.161,standalone_exact_mw,9d8ad86e51451842b54dafc7680d1b486ef291963bb72c70f3cdd570d2d8fa34,"{""distance"":7,""physical_error_rate"":0.002}","{""detection_events"":18906,""detectors_checked"":2488320}"
      7168,         0,         0,   0.595,standalone_exact_mw,9d8ad86e51451842b54dafc7680d1b486ef291963bb72c70f3cdd570d2d8fa34,"{""distance"":7,""physical_error_rate"":0.002}","{""detection_events"":44693,""detectors_checked"":5806080}"
      1024,         0,         0,   0.090,standalone_exact_mw,9d8ad86e51451842b54dafc7680d1b486ef291963bb72c70f3cdd570d2d8fa34,"{""distance"":7,""physical_error_rate"":0.002}","{""detection_events"":6250,""detectors_checked"":829440}"
      7168,         0,         0,   0.596,standalone_exact_mw,9d8ad86e51451842b54dafc7680d1b486ef291963bb72c70f3cdd570d2d8fa34,"{""distance"":7,""physical_error_rate"":0.002}","{""detection_events"":44345,""detectors_checked"":5806080}"
      7168,         0,         0,   0.597,standalone_exact_mw,9d8ad86e51451842b54dafc7680d1b486ef291963bb72c70f3cdd570d2d8fa34,"{""distance"":7,""physical_error_rate"":0.002}","{""detection_events"":44336,""detectors_checked"":5806080}"
      7168,         0,         0,   0.588,standalone_exact_mw,9d8ad86e51451842b54dafc7680d1b486ef291963bb72c70f3cdd570d2d8fa34,"{""distance"":7,""physical_error_rate"":0.002}","{""detection_events"":44253,""detectors_checked"":5806080}"
      6144,         0,         0,   0.623,standalone_exact_mw,9d8ad86e51451842b54dafc7680d1b486ef291963bb72c70f3cdd570d2d8fa34,"{""distance"":7,""physical_error_rate"":0.002}","{""detection_events"":38008,""detectors_checked"":4976640}"
      4096,         0,         0,   0.430,standalone_exact_mw,9d8ad86e51451842b54dafc7680d1b486ef291963bb72c70f3cdd570d2d8fa34,"{""distance"":7,""physical_error_rate"":0.002}","{""detection_events"":25288,""detectors_checked"":3317760}"
      6144,         0,         0,   0.354,standalone_exact_mw,9d8ad86e51451842b54dafc7680d1b486ef291963bb72c70f3cdd570d2d8fa34,"{""distance"":7,""physical_error_rate"":0.002}","{""detection_events"":38446,""detectors_checked"":4976640}"
      7168,         0,         0,   0.421,standalone_exact_mw,9d8ad86e51451842b54dafc7680d1b486ef291963bb72c70f3cdd570d2d8fa34,"{""distance"":7,""physical_error_rate"":0.002}","{""detection_events"":45004,""detectors_checked"":5806080}"
      1024,         0,         0,   0.072,standalone_exact_mw,9d8ad86e51451842b54dafc7680d1b486ef291963bb72c70f3cdd570d2d8fa34,"{""distance"":7,""physical_error_rate"":0.002}","{""detection_events"":6365,""detectors_checked"":829440}"
      4096,         0,         0,   0.436,standalone_exact_mw,9d8ad86e51451842b54dafc7680d1b486ef291963bb72c70f3cdd570d2d8fa34,"{""distance"":7,""physical_error_rate"":0.002}","{""detection_events"":25527,""detectors_checked"":3317760}"
         1,         0,         0,   0.023,standalone_exact_mw,9d8ad86e51451842b54dafc7680d1b486ef291963bb72c70f3cdd570d2d8fa34,"{""distance"":7,""physical_error_rate"":0.002}","{""detection_events"":7,""detectors_checked"":810}"
      4096,         0,         0,   0.345,standalone_exact_mw,9d8ad86e51451842b54dafc7680d1b486ef291963bb72c70f3cdd570d2d8fa34,"{""distance"":7,""physical_error_rate"":0.002}","{""detection_events"":25176,""detectors_checked"":3317760}"
      1024,         0,         0,   0.082,standalone_exact_mw,9d8ad86e51451842b54dafc7680d1b486ef291963bb72c70f3cdd570d2d8fa34,"{""distance"":7,""physical_error_rate"":0.002}","{""detection_events"":6352,""detectors_checked"":829440}"
      3072,         0,         0,   0.277,standalone_exact_mw,9d8ad86e51451842b54dafc7680d1b486ef291963bb72c70f3cdd570d2d8fa34,"{""distance"":7,""physical_error_rate"":0.002}","{""detection_events"":19129,""detectors_checked"":2488320}"
       272,         0,         0,   0.030,standalone_exact_mw,9d8ad86e51451842b54dafc7680d1b486ef291963bb72c70f3cdd570d2d8fa34,"{""distance"":7,""physical_error_rate"":0.002}","{""detection_events"":1818,""detectors_checked"":220320}"
      3072,         0,         0,   0.299,standalone_exact_mw,9d8ad86e51451842b54dafc7680d1b486ef291963bb72c70f3cdd570d2d8fa34,"{""distance"":7,""physical_error_rate"":0.002}","{""detection_events"":19101,""detectors_checked"":2488320}"
      9216,         0,         0,   0.854,standalone_exact_mw,9d8ad86e51451842b54dafc7680d1b486ef291963bb72c70f3cdd570d2d8fa34,"{""distance"":7,""physical_error_rate"":0.002}","{""detection_events"":57003,""detectors_checked"":7464960}"
      3072,         0,         0,   0.331,standalone_exact_mw,9d8ad86e51451842b54dafc7680d1b486ef291963bb72c70f3cdd570d2d8fa34,"{""distance"":7,""physical_error_rate"":0.002}","{""detection_events"":18987,""detectors_checked"":2488320}"
      4096,         0,         0,   0.439,standalone_exact_mw,9d8ad86e51451842b54dafc7680d1b486ef291963bb72c70f3cdd570d2d8fa34,"{""distance"":7,""physical_error_rate"":0.002}","{""detection_events"":25847,""detectors_checked"":3317760}"
      9216,         0,         0,   0.781,standalone_exact_mw,9d8ad86e51451842b54dafc7680d1b486ef291963bb72c70f3cdd570d2d8fa34,"{""distance"":7,""physical_error_rate"":0.002}","{""detection_events"":57566,""detectors_checked"":7464960}"
      1024,         0,         0,   0.149,standalone_exact_mw,9d8ad86e51451842b54dafc7680d1b486ef291963bb72c70f3cdd570d2d8fa34,"{""distance"":7,""physical_error_rate"":0.002}","{""detection_events"":6298,""detectors_checked"":829440}"
      1024,         0,         0,   0.112,standalone_exact_mw,9d8ad86e51451842b54dafc7680d1b486ef291963bb72c70f3cdd570d2d8fa34,"{""distance"":7,""physical_error_rate"":0.002}","{""detection_events"":6394,""detectors_checked"":829440}"
      7168,         0,         0,   0.596,standalone_exact_mw,9d8ad86e51451842b54dafc7680d1b486ef291963bb72c70f3cdd570d2d8fa34,"{""distance"":7,""physical_error_rate"":0.002}","{""detection_events"":43998,""detectors_checked"":5806080}"
      6144,         0,         0,   0.553,standalone_exact_mw,9d8ad86e51451842b54dafc7680d1b486ef291963bb72c70f3cdd570d2d8fa34,"{""distance"":7,""physical_error_rate"":0.002}","{""detection_events"":38488,""detectors_checked"":4976640}"
     10240,         0,         0,   0.884,standalone_exact_mw,9d8ad86e51451842b54dafc7680d1b486ef291963bb72c70f3cdd570d2d8fa34,"{""distance"":7,""physical_error_rate"":0.002}","{""detection_events"":63283,""detectors_checked"":8294400}"
      6144,         0,         0,   0.660,standalone_exact_mw,9d8ad86e51451842b54dafc7680d1b486ef291963bb72c70f3cdd570d2d8fa34,"{""distance"":7,""physical_error_rate"":0.002}","{""detection_events"":37996,""detectors_checked"":4976640}"
      1024,         0,         0,   0.111,standalone_exact_mw,9d8ad86e51451842b54dafc7680d1b486ef291963bb72c70f3cdd570d2d8fa34,"{""distance"":7,""physical_error_rate"":0.002}","{""detection_events"":6315,""detectors_checked"":829440}"
      1024,         0,         0,   0.454,standalone_exact_mw,9d8ad86e51451842b54dafc7680d1b486ef291963bb72c70f3cdd570d2d8fa34,"{""distance"":7,""physical_error_rate"":0.002}","{""detection_events"":6316,""detectors_checked"":829440}"
      2048,         0,         0,   0.224,standalone_exact_mw,9d8ad86e51451842b54dafc7680d1b486ef291963bb72c70f3cdd570d2d8fa34,"{""distance"":7,""physical_error_rate"":0.002}","{""detection_events"":13009,""detectors_checked"":1658880}"
      8192,         0,         0,   0.438,standalone_exact_mw,9d8ad86e51451842b54dafc7680d1b486ef291963bb72c70f3cdd570d2d8fa34,"{""distance"":7,""physical_error_rate"":0.002}","{""detection_events"":51228,""detectors_checked"":6635520}"
      4096,         0,         0,   0.213,standalone_exact_mw,9d8ad86e51451842b54dafc7680d1b486ef291963bb72c70f3cdd570d2d8fa34,"{""distance"":7,""physical_error_rate"":0.002}","{""detection_events"":25646,""detectors_checked"":3317760}"
      4096,         0,         0,   0.468,standalone_exact_mw,9d8ad86e51451842b54dafc7680d1b486ef291963bb72c70f3cdd570d2d8fa34,"{""distance"":7,""physical_error_rate"":0.002}","{""detection_events"":25514,""detectors_checked"":3317760}"
      2048,         0,         0,   0.164,standalone_exact_mw,9d8ad86e51451842b54dafc7680d1b486ef291963bb72c70f3cdd570d2d8fa34,"{""distance"":7,""physical_error_rate"":0.002}","{""detection_events"":12771,""detectors_checked"":1658880}"
      1088,         0,         0,   0.471,standalone_exact_mw,9d8ad86e51451842b54dafc7680d1b486ef291963bb72c70f3cdd570d2d8fa34,"{""distance"":7,""physical_error_rate"":0.002}","{""detection_events"":6667,""detectors_checked"":881280}"
      8192,         0,         0,   0.844,standalone_exact_mw,9d8ad86e51451842b54dafc7680d1b486ef291963bb72c70f3cdd570d2d8fa34,"{""distance"":7,""physical_error_rate"":0.002}","{""detection_events"":51587,""detectors_checked"":6635520}"
     12288,         0,         0,   0.965,standalone_exact_mw,9d8ad86e51451842b54dafc7680d1b486ef291963bb72c70f3cdd570d2d8fa34,"{""distance"":7,""physical_error_rate"":0.002}","{""detection_events"":75908,""detectors_checked"":9953280}"
     10240,         0,         0,   0.811,standalone_exact_mw,9d8ad86e51451842b54dafc7680d1b486ef291963bb72c70f3cdd570d2d8fa34,"{""distance"":7,""physical_error_rate"":0.002}","{""detection_events"":64042,""detectors_checked"":8294400}"
      1024,         0,         0,   0.111,standalone_exact_mw,9d8ad86e51451842b54dafc7680d1b486ef291963bb72c70f3cdd570d2d8fa34,"{""distance"":7,""physical_error_rate"":0.002}","{""detection_events"":5973,""detectors_checked"":829440}"
      5120,         0,         0,   0.796,standalone_exact_mw,9d8ad86e51451842b54dafc7680d1b486ef291963bb72c70f3cdd570d2d8fa34,"{""distance"":7,""physical_error_rate"":0.002}","{""detection_events"":31476,""detectors_checked"":4147200}"
      6144,         0,         0,   0.649,standalone_exact_mw,9d8ad86e51451842b54dafc7680d1b486ef291963bb72c70f3cdd570d2d8fa34,"{""distance"":7,""physical_error_rate"":0.002}","{""detection_events"":37873,""detectors_checked"":4976640}"
      2048,         0,         0,   0.198,standalone_exact_mw,9d8ad86e51451842b54dafc7680d1b486ef291963bb72c70f3cdd570d2d8fa34,"{""distance"":7,""physical_error_rate"":0.002}","{""detection_events"":12574,""detectors_checked"":1658880}"
      1024,         0,         0,   0.082,standalone_exact_mw,9d8ad86e51451842b54dafc7680d1b486ef291963bb72c70f3cdd570d2d8fa34,"{""distance"":7,""physical_error_rate"":0.002}","{""detection_events"":6473,""detectors_checked"":829440}"
      1024,         0,         0,   0.439,standalone_exact_mw,9d8ad86e51451842b54dafc7680d1b486ef291963bb72c70f3cdd570d2d8fa34,"{""distance"":7,""physical_error_rate"":0.002}","{""detection_events"":6276,""detectors_checked"":829440}"
      7168,         0,         0,   0.589,standalone_exact_mw,9d8ad86e51451842b54dafc7680d1b486ef291963bb72c70f3cdd570d2d8fa34,"{""distance"":7,""physical_error_rate"":0.002}","{""detection_events"":44148,""detectors_checked"":5806080}"
      6144,         0,         0,   0.398,standalone_exact_mw,9d8ad86e51451842b54dafc7680d1b486ef291963bb72c70f3cdd570d2d8fa34,"{""distance"":7,""physical_error_rate"":0.002}","{""detection_events"":38187,""detectors_checked"":4976640}"
      4096,         0,         0,   0.428,standalone_exact_mw,9d8ad86e51451842b54dafc7680d1b486ef291963bb72c70f3cdd570d2d8fa34,"{""distance"":7,""physical_error_rate"":0.002}","{""detection_events"":25392,""detectors_checked"":3317760}"
      9216,         0,         0,   0.834,standalone_exact_mw,9d8ad86e51451842b54dafc7680d1b486ef291963bb72c70f3cdd570d2d8fa34,"{""distance"":7,""physical_error_rate"":0.002}","{""detection_events"":57370,""detectors_checked"":7464960}"
      7168,         0,         0,   0.591,standalone_exact_mw,9d8ad86e51451842b54dafc7680d1b486ef291963bb72c70f3cdd570d2d8fa34,"{""distance"":7,""physical_error_rate"":0.002}","{""detection_events"":44544,""detectors_checked"":5806080}"
      3072,         0,         0,   0.305,standalone_exact_mw,9d8ad86e51451842b54dafc7680d1b486ef291963bb72c70f3cdd570d2d8fa34,"{""distance"":7,""physical_error_rate"":0.002}","{""detection_events"":19266,""detectors_checked"":2488320}"
      4096,         0,         0,   0.413,standalone_exact_mw,9d8ad86e51451842b54dafc7680d1b486ef291963bb72c70f3cdd570d2d8fa34,"{""distance"":7,""physical_error_rate"":0.002}","{""detection_events"":25559,""detectors_checked"":3317760}"
      2048,         0,         0,   0.350,standalone_exact_mw,9d8ad86e51451842b54dafc7680d1b486ef291963bb72c70f3cdd570d2d8fa34,"{""distance"":7,""physical_error_rate"":0.002}","{""detection_events"":12607,""detectors_checked"":1658880}"
      2048,         0,         0,   0.279,standalone_exact_mw,9d8ad86e51451842b54dafc7680d1b486ef291963bb72c70f3cdd570d2d8fa34,"{""distance"":7,""physical_error_rate"":0.002}","{""detection_events"":12814,""detectors_checked"":1658880}"
      1024,         0,         0,   0.082,standalone_exact_mw,9d8ad86e51451842b54dafc7680d1b486ef291963bb72c70f3cdd570d2d8fa34,"{""distance"":7,""physical_error_rate"":0.002}","{""detection_events"":6369,""detectors_checked"":829440}"
      2048,         0,         0,   0.182,standalone_exact_mw,9d8ad86e51451842b54dafc7680d1b486ef291963bb72c70f3cdd570d2d8fa34,"{""distance"":7,""physical_error_rate"":0.002}","{""detection_events"":12629,""detectors_checked"":1658880}"
      1024,         0,         0,   0.076,standalone_exact_mw,9d8ad86e51451842b54dafc7680d1b486ef291963bb72c70f3cdd570d2d8fa34,"{""distance"":7,""physical_error_rate"":0.002}","{""detection_events"":6465,""detectors_checked"":829440}"
      2048,         0,         0,   0.225,standalone_exact_mw,9d8ad86e51451842b54dafc7680d1b486ef291963bb72c70f3cdd570d2d8fa34,"{""distance"":7,""physical_error_rate"":0.002}","{""detection_events"":13240,""detectors_checked"":1658880}"
      6144,         0,         0,   0.471,standalone_exact_mw,9d8ad86e51451842b54dafc7680d1b486ef291963bb72c70f3cdd570d2d8fa34,"{""distance"":7,""physical_error_rate"":0.002}","{""detection_events"":37817,""detectors_checked"":4976640}"
      8192,         0,         0,   0.646,standalone_exact_mw,9d8ad86e51451842b54dafc7680d1b486ef291963bb72c70f3cdd570d2d8fa34,"{""distance"":7,""physical_error_rate"":0.002}","{""detection_events"":51088,""detectors_checked"":6635520}"
      9216,         0,         0,   0.815,standalone_exact_mw,9d8ad86e51451842b54dafc7680d1b486ef291963bb72c70f3cdd570d2d8fa34,"{""distance"":7,""physical_error_rate"":0.002}","{""detection_events"":57632,""detectors_checked"":7464960}"
       273,         0,         0,   0.032,standalone_exact_mw,9d8ad86e51451842b54dafc7680d1b486ef291963bb72c70f3cdd570d2d8fa34,"{""distance"":7,""physical_error_rate"":0.002}","{""detection_events"":1670,""detectors_checked"":221130}"
      5120,         0,         0,   0.427,standalone_exact_mw,9d8ad86e51451842b54dafc7680d1b486ef291963bb72c70f3cdd570d2d8fa34,"{""distance"":7,""physical_error_rate"":0.002}","{""detection_events"":32029,""detectors_checked"":4147200}"
      7168,         0,         0,   0.452,standalone_exact_mw,9d8ad86e51451842b54dafc7680d1b486ef291963bb72c70f3cdd570d2d8fa34,"{""distance"":7,""physical_error_rate"":0.002}","{""detection_events"":44660,""detectors_checked"":5806080}"
      4096,         0,         0,   0.405,standalone_exact_mw,9d8ad86e51451842b54dafc7680d1b486ef291963bb72c70f3cdd570d2d8fa34,"{""distance"":7,""physical_error_rate"":0.002}","{""detection_events"":25419,""detectors_checked"":3317760}"
      3072,         0,         0,   0.545,standalone_exact_mw,9d8ad86e51451842b54dafc7680d1b486ef291963bb72c70f3cdd570d2d8fa34,"{""distance"":7,""physical_error_rate"":0.002}","{""detection_events"":18948,""detectors_checked"":2488320}"
      1024,         0,         0,   0.090,standalone_exact_mw,9d8ad86e51451842b54dafc7680d1b486ef291963bb72c70f3cdd570d2d8fa34,"{""distance"":7,""physical_error_rate"":0.002}","{""detection_events"":6409,""detectors_checked"":829440}"
      1024,         0,         0,   0.091,standalone_exact_mw,9d8ad86e51451842b54dafc7680d1b486ef291963bb72c70f3cdd570d2d8fa34,"{""distance"":7,""physical_error_rate"":0.002}","{""detection_events"":6384,""detectors_checked"":829440}"
      2048,         0,         0,   0.320,standalone_exact_mw,9d8ad86e51451842b54dafc7680d1b486ef291963bb72c70f3cdd570d2d8fa34,"{""distance"":7,""physical_error_rate"":0.002}","{""detection_events"":12671,""detectors_checked"":1658880}"
      7168,         0,         0,   0.813,standalone_exact_mw,9d8ad86e51451842b54dafc7680d1b486ef291963bb72c70f3cdd570d2d8fa34,"{""distance"":7,""physical_error_rate"":0.002}","{""detection_events"":44498,""detectors_checked"":5806080}"
     10240,         0,         0,   0.833,standalone_exact_mw,9d8ad86e51451842b54dafc7680d1b486ef291963bb72c70f3cdd570d2d8fa34,"{""distance"":7,""physical_error_rate"":0.002}","{""detection_events"":64017,""detectors_checked"":8294400}"
      2048,         0,         0,   0.215,standalone_exact_mw,9d8ad86e51451842b54dafc7680d1b486ef291963bb72c70f3cdd570d2d8fa34,"{""distance"":7,""physical_error_rate"":0.002}","{""detection_events"":12722,""detectors_checked"":1658880}"
      7168,         0,         0,   0.578,standalone_exact_mw,9d8ad86e51451842b54dafc7680d1b486ef291963bb72c70f3cdd570d2d8fa34,"{""distance"":7,""physical_error_rate"":0.002}","{""detection_events"":44685,""detectors_checked"":5806080}"
      1024,         0,         0,   0.085,standalone_exact_mw,9d8ad86e51451842b54dafc7680d1b486ef291963bb72c70f3cdd570d2d8fa34,"{""distance"":7,""physical_error_rate"":0.002}","{""detection_events"":6245,""detectors_checked"":829440}"
      6144,         0,         0,   0.482,standalone_exact_mw,9d8ad86e51451842b54dafc7680d1b486ef291963bb72c70f3cdd570d2d8fa34,"{""distance"":7,""physical_error_rate"":0.002}","{""detection_events"":37530,""detectors_checked"":4976640}"
      1024,         0,         0,   0.083,standalone_exact_mw,9d8ad86e51451842b54dafc7680d1b486ef291963bb72c70f3cdd570d2d8fa34,"{""distance"":7,""physical_error_rate"":0.002}","{""detection_events"":6508,""detectors_checked"":829440}"
     10240,         0,         0,   0.849,standalone_exact_mw,9d8ad86e51451842b54dafc7680d1b486ef291963bb72c70f3cdd570d2d8fa34,"{""distance"":7,""physical_error_rate"":0.002}","{""detection_events"":63137,""detectors_checked"":8294400}"
      6144,         0,         0,   0.581,standalone_exact_mw,9d8ad86e51451842b54dafc7680d1b486ef291963bb72c70f3cdd570d2d8fa34,"{""distance"":7,""physical_error_rate"":0.002}","{""detection_events"":38346,""detectors_checked"":4976640}"
      7168,         0,         0,   0.932,standalone_exact_mw,9d8ad86e51451842b54dafc7680d1b486ef291963bb72c70f3cdd570d2d8fa34,"{""distance"":7,""physical_error_rate"":0.002}","{""detection_events"":44916,""detectors_checked"":5806080}"
      4096,         0,         0,   0.377,standalone_exact_mw,9d8ad86e51451842b54dafc7680d1b486ef291963bb72c70f3cdd570d2d8fa34,"{""distance"":7,""physical_error_rate"":0.002}","{""detection_events"":25683,""detectors_checked"":3317760}"
      2048,         0,         0,   0.224,standalone_exact_mw,9d8ad86e51451842b54dafc7680d1b486ef291963bb72c70f3cdd570d2d8fa34,"{""distance"":7,""physical_error_rate"":0.002}","{""detection_events"":12795,""detectors_checked"":1658880}"
      1024,         0,         0,   0.115,standalone_exact_mw,9d8ad86e51451842b54dafc7680d1b486ef291963bb72c70f3cdd570d2d8fa34,"{""distance"":7,""physical_error_rate"":0.002}","{""detection_events"":6409,""detectors_checked"":829440}"
      1024,         0,         0,   0.086,standalone_exact_mw,9d8ad86e51451842b54dafc7680d1b486ef291963bb72c70f3cdd570d2d8fa34,"{""distance"":7,""physical_error_rate"":0.002}","{""detection_events"":6414,""detectors_checked"":829440}"
      1024,         0,         0,   0.112,standalone_exact_mw,9d8ad86e51451842b54dafc7680d1b486ef291963bb72c70f3cdd570d2d8fa34,"{""distance"":7,""physical_error_rate"":0.002}","{""detection_events"":6262,""detectors_checked"":829440}"
      6144,         0,         0,   0.657,standalone_exact_mw,9d8ad86e51451842b54dafc7680d1b486ef291963bb72c70f3cdd570d2d8fa34,"{""distance"":7,""physical_error_rate"":0.002}","{""detection_events"":37892,""detectors_checked"":4976640}"
      1024,         0,         0,   0.323,standalone_exact_mw,9d8ad86e51451842b54dafc7680d1b486ef291963bb72c70f3cdd570d2d8fa34,"{""distance"":7,""physical_error_rate"":0.002}","{""detection_events"":6498,""detectors_checked"":829440}"
      2048,         0,         0,   0.316,standalone_exact_mw,9d8ad86e51451842b54dafc7680d1b486ef291963bb72c70f3cdd570d2d8fa34,"{""distance"":7,""physical_error_rate"":0.002}","{""detection_events"":12855,""detectors_checked"":1658880}"
     13312,         0,         0,    1.11,standalone_exact_mw,9d8ad86e51451842b54dafc7680d1b486ef291963bb72c70f3cdd570d2d8fa34,"{""distance"":7,""physical_error_rate"":0.002}","{""detection_events"":81332,""detectors_checked"":10782720}"
     11264,         0,         0,   0.862,standalone_exact_mw,9d8ad86e51451842b54dafc7680d1b486ef291963bb72c70f3cdd570d2d8fa34,"{""distance"":7,""physical_error_rate"":0.002}","{""detection_events"":69084,""detectors_checked"":9123840}"
      4096,         0,         0,   0.776,standalone_exact_mw,9d8ad86e51451842b54dafc7680d1b486ef291963bb72c70f3cdd570d2d8fa34,"{""distance"":7,""physical_error_rate"":0.002}","{""detection_events"":25677,""detectors_checked"":3317760}"
     16384,         0,         0,   0.811,standalone_exact_mw,9d8ad86e51451842b54dafc7680d1b486ef291963bb72c70f3cdd570d2d8fa34,"{""distance"":7,""physical_error_rate"":0.002}","{""detection_events"":102494,""detectors_checked"":13271040}"
      4096,         0,         0,   0.680,standalone_exact_mw,9d8ad86e51451842b54dafc7680d1b486ef291963bb72c70f3cdd570d2d8fa34,"{""distance"":7,""physical_error_rate"":0.002}","{""detection_events"":25330,""detectors_checked"":3317760}"
      1024,         0,         0,   0.113,standalone_exact_mw,9d8ad86e51451842b54dafc7680d1b486ef291963bb72c70f3cdd570d2d8fa34,"{""distance"":7,""physical_error_rate"":0.002}","{""detection_events"":6287,""detectors_checked"":829440}"
      3072,         0,         0,   0.325,standalone_exact_mw,9d8ad86e51451842b54dafc7680d1b486ef291963bb72c70f3cdd570d2d8fa34,"{""distance"":7,""physical_error_rate"":0.002}","{""detection_events"":19341,""detectors_checked"":2488320}"
      2048,         0,         0,   0.224,standalone_exact_mw,9d8ad86e51451842b54dafc7680d1b486ef291963bb72c70f3cdd570d2d8fa34,"{""distance"":7,""physical_error_rate"":0.002}","{""detection_events"":12419,""detectors_checked"":1658880}"
     18432,         0,         0,    1.13,standalone_exact_mw,9d8ad86e51451842b54dafc7680d1b486ef291963bb72c70f3cdd570d2d8fa34,"{""distance"":7,""physical_error_rate"":0.002}","{""detection_events"":114233,""detectors_checked"":14929920}"
      4096,         0,         0,   0.588,standalone_exact_mw,9d8ad86e51451842b54dafc7680d1b486ef291963bb72c70f3cdd570d2d8fa34,"{""distance"":7,""physical_error_rate"":0.002}","{""detection_events"":25940,""detectors_checked"":3317760}"
     10240,         0,         0,   0.797,standalone_exact_mw,9d8ad86e51451842b54dafc7680d1b486ef291963bb72c70f3cdd570d2d8fa34,"{""distance"":7,""physical_error_rate"":0.002}","{""detection_events"":63860,""detectors_checked"":8294400}"
     16384,         0,         0,    1.17,standalone_exact_mw,9d8ad86e51451842b54dafc7680d1b486ef291963bb72c70f3cdd570d2d8fa34,"{""distance"":7,""physical_error_rate"":0.002}","{""detection_events"":100859,""detectors_checked"":13271040}"
      7168,         0,         0,   0.572,standalone_exact_mw,9d8ad86e51451842b54dafc7680d1b486ef291963bb72c70f3cdd570d2d8fa34,"{""distance"":7,""physical_error_rate"":0.002}","{""detection_events"":45118,""detectors_checked"":5806080}"
      1024,         0,         0,   0.112,standalone_exact_mw,9d8ad86e51451842b54dafc7680d1b486ef291963bb72c70f3cdd570d2d8fa34,"{""distance"":7,""physical_error_rate"":0.002}","{""detection_events"":6455,""detectors_checked"":829440}"
     10240,         0,         0,   0.843,standalone_exact_mw,9d8ad86e51451842b54dafc7680d1b486ef291963bb72c70f3cdd570d2d8fa34,"{""distance"":7,""physical_error_rate"":0.002}","{""detection_events"":63633,""detectors_checked"":8294400}"
     10240,         0,         0,   0.818,standalone_exact_mw,9d8ad86e51451842b54dafc7680d1b486ef291963bb72c70f3cdd570d2d8fa34,"{""distance"":7,""physical_error_rate"":0.002}","{""detection_events"":63387,""detectors_checked"":8294400}"
      5120,         0,         0,   0.410,standalone_exact_mw,9d8ad86e51451842b54dafc7680d1b486ef291963bb72c70f3cdd570d2d8fa34,"{""distance"":7,""physical_error_rate"":0.002}","{""detection_events"":31832,""detectors_checked"":4147200}"
   1043456,         0,         0,   119.7,standalone_exact_mw,9d8ad86e51451842b54dafc7680d1b486ef291963bb72c70f3cdd570d2d8fa34,"{""distance"":7,""physical_error_rate"":0.002}","{""detection_events"":6484514,""detectors_checked"":845199360}"
     10240,         0,         0,   0.826,standalone_exact_mw,9d8ad86e51451842b54dafc7680d1b486ef291963bb72c70f3cdd570d2d8fa34,"{""distance"":7,""physical_error_rate"":0.002}","{""detection_events"":63907,""detectors_checked"":8294400}"
      6144,         0,         0,   0.796,standalone_exact_mw,9d8ad86e51451842b54dafc7680d1b486ef291963bb72c70f3cdd570d2d8fa34,"{""distance"":7,""physical_error_rate"":0.002}","{""detection_events"":38161,""detectors_checked"":4976640}"
     24576,         0,         0,    1.18,standalone_exact_mw,9d8ad86e51451842b54dafc7680d1b486ef291963bb72c70f3cdd570d2d8fa34,"{""distance"":7,""physical_error_rate"":0.002}","{""detection_events"":152232,""detectors_checked"":19906560}"
     14336,         0,         0,    1.15,standalone_exact_mw,9d8ad86e51451842b54dafc7680d1b486ef291963bb72c70f3cdd570d2d8fa34,"{""distance"":7,""physical_error_rate"":0.002}","{""detection_events"":89746,""detectors_checked"":11612160}"
     10240,         0,         0,   0.849,standalone_exact_mw,9d8ad86e51451842b54dafc7680d1b486ef291963bb72c70f3cdd570d2d8fa34,"{""distance"":7,""physical_error_rate"":0.002}","{""detection_events"":64180,""detectors_checked"":8294400}"
      2048,         0,         0,   0.221,standalone_exact_mw,9d8ad86e51451842b54dafc7680d1b486ef291963bb72c70f3cdd570d2d8fa34,"{""distance"":7,""physical_error_rate"":0.002}","{""detection_events"":13014,""detectors_checked"":1658880}"
      5120,         0,         0,   0.801,standalone_exact_mw,9d8ad86e51451842b54dafc7680d1b486ef291963bb72c70f3cdd570d2d8fa34,"{""distance"":7,""physical_error_rate"":0.002}","{""detection_events"":31657,""detectors_checked"":4147200}"
         1,         0,         0,   0.021,standalone_exact_mw,9d8ad86e51451842b54dafc7680d1b486ef291963bb72c70f3cdd570d2d8fa34,"{""distance"":7,""physical_error_rate"":0.002}","{""detection_events"":4,""detectors_checked"":810}"
       272,         0,         0,   0.027,standalone_exact_mw,9d8ad86e51451842b54dafc7680d1b486ef291963bb72c70f3cdd570d2d8fa34,"{""distance"":7,""physical_error_rate"":0.002}","{""detection_events"":1688,""detectors_checked"":220320}"
      5120,         0,         0,   0.567,standalone_exact_mw,9d8ad86e51451842b54dafc7680d1b486ef291963bb72c70f3cdd570d2d8fa34,"{""distance"":7,""physical_error_rate"":0.002}","{""detection_events"":32043,""detectors_checked"":4147200}"
      1024,         0,         0,   0.105,standalone_exact_mw,9d8ad86e51451842b54dafc7680d1b486ef291963bb72c70f3cdd570d2d8fa34,"{""distance"":7,""physical_error_rate"":0.002}","{""detection_events"":6339,""detectors_checked"":829440}"
         1,         0,         0,   0.024,standalone_exact_mw,9d8ad86e51451842b54dafc7680d1b486ef291963bb72c70f3cdd570d2d8fa34,"{""distance"":7,""physical_error_rate"":0.002}","{""detection_events"":13,""detectors_checked"":810}"
      5120,         0,         0,   0.561,standalone_exact_mw,9d8ad86e51451842b54dafc7680d1b486ef291963bb72c70f3cdd570d2d8fa34,"{""distance"":7,""physical_error_rate"":0.002}","{""detection_events"":31868,""detectors_checked"":4147200}"
      3072,         0,         0,   0.306,standalone_exact_mw,9d8ad86e51451842b54dafc7680d1b486ef291963bb72c70f3cdd570d2d8fa34,"{""distance"":7,""physical_error_rate"":0.002}","{""detection_events"":18974,""detectors_checked"":2488320}"
      3072,         0,         0,   0.449,standalone_exact_mw,9d8ad86e51451842b54dafc7680d1b486ef291963bb72c70f3cdd570d2d8fa34,"{""distance"":7,""physical_error_rate"":0.002}","{""detection_events"":19009,""detectors_checked"":2488320}"
     10240,         0,         0,   0.822,standalone_exact_mw,9d8ad86e51451842b54dafc7680d1b486ef291963bb72c70f3cdd570d2d8fa34,"{""distance"":7,""physical_error_rate"":0.002}","{""detection_events"":63345,""detectors_checked"":8294400}"
      5120,         0,         0,   0.637,standalone_exact_mw,9d8ad86e51451842b54dafc7680d1b486ef291963bb72c70f3cdd570d2d8fa34,"{""distance"":7,""physical_error_rate"":0.002}","{""detection_events"":32062,""detectors_checked"":4147200}"
       272,         0,         0,   0.030,standalone_exact_mw,9d8ad86e51451842b54dafc7680d1b486ef291963bb72c70f3cdd570d2d8fa34,"{""distance"":7,""physical_error_rate"":0.002}","{""detection_events"":1694,""detectors_checked"":220320}"
     10240,         0,         0,   0.851,standalone_exact_mw,9d8ad86e51451842b54dafc7680d1b486ef291963bb72c70f3cdd570d2d8fa34,"{""distance"":7,""physical_error_rate"":0.002}","{""detection_events"":63838,""detectors_checked"":8294400}"
      2048,         0,         0,   0.248,standalone_exact_mw,9d8ad86e51451842b54dafc7680d1b486ef291963bb72c70f3cdd570d2d8fa34,"{""distance"":7,""physical_error_rate"":0.002}","{""detection_events"":12957,""detectors_checked"":1658880}"
      1024,         0,         0,   0.308,standalone_exact_mw,9d8ad86e51451842b54dafc7680d1b486ef291963bb72c70f3cdd570d2d8fa34,"{""distance"":7,""physical_error_rate"":0.002}","{""detection_events"":6552,""detectors_checked"":829440}"
      1024,         0,         0,   0.082,standalone_exact_mw,9d8ad86e51451842b54dafc7680d1b486ef291963bb72c70f3cdd570d2d8fa34,"{""distance"":7,""physical_error_rate"":0.002}","{""detection_events"":6440,""detectors_checked"":829440}"
      7168,         0,         0,   0.559,standalone_exact_mw,9d8ad86e51451842b54dafc7680d1b486ef291963bb72c70f3cdd570d2d8fa34,"{""distance"":7,""physical_error_rate"":0.002}","{""detection_events"":44495,""detectors_checked"":5806080}"
      3072,         0,         0,   0.539,standalone_exact_mw,9d8ad86e51451842b54dafc7680d1b486ef291963bb72c70f3cdd570d2d8fa34,"{""distance"":7,""physical_error_rate"":0.002}","{""detection_events"":19138,""detectors_checked"":2488320}"
      4096,         0,         0,   0.404,standalone_exact_mw,9d8ad86e51451842b54dafc7680d1b486ef291963bb72c70f3cdd570d2d8fa34,"{""distance"":7,""physical_error_rate"":0.002}","{""detection_events"":25775,""detectors_checked"":3317760}"
      1024,         0,         0,   0.113,standalone_exact_mw,9d8ad86e51451842b54dafc7680d1b486ef291963bb72c70f3cdd570d2d8fa34,"{""distance"":7,""physical_error_rate"":0.002}","{""detection_events"":6258,""detectors_checked"":829440}"
      3072,         0,         0,   0.722,standalone_exact_mw,9d8ad86e51451842b54dafc7680d1b486ef291963bb72c70f3cdd570d2d8fa34,"{""distance"":7,""physical_error_rate"":0.002}","{""detection_events"":19211,""detectors_checked"":2488320}"
      8192,         0,         0,   0.591,standalone_exact_mw,9d8ad86e51451842b54dafc7680d1b486ef291963bb72c70f3cdd570d2d8fa34,"{""distance"":7,""physical_error_rate"":0.002}","{""detection_events"":50656,""detectors_checked"":6635520}"
      1024,         0,         0,   0.113,standalone_exact_mw,9d8ad86e51451842b54dafc7680d1b486ef291963bb72c70f3cdd570d2d8fa34,"{""distance"":7,""physical_error_rate"":0.002}","{""detection_events"":6487,""detectors_checked"":829440}"
      1024,         0,         0,   0.082,standalone_exact_mw,9d8ad86e51451842b54dafc7680d1b486ef291963bb72c70f3cdd570d2d8fa34,"{""distance"":7,""physical_error_rate"":0.002}","{""detection_events"":6333,""detectors_checked"":829440}"
      5120,         0,         0,   0.618,standalone_exact_mw,9d8ad86e51451842b54dafc7680d1b486ef291963bb72c70f3cdd570d2d8fa34,"{""distance"":7,""physical_error_rate"":0.002}","{""detection_events"":31602,""detectors_checked"":4147200}"
      5120,         0,         0,   0.948,standalone_exact_mw,9d8ad86e51451842b54dafc7680d1b486ef291963bb72c70f3cdd570d2d8fa34,"{""distance"":7,""physical_error_rate"":0.002}","{""detection_events"":31627,""detectors_checked"":4147200}"
      2048,         0,         0,   0.225,standalone_exact_mw,9d8ad86e51451842b54dafc7680d1b486ef291963bb72c70f3cdd570d2d8fa34,"{""distance"":7,""physical_error_rate"":0.002}","{""detection_events"":12635,""detectors_checked"":1658880}"
      3072,         0,         0,   0.336,standalone_exact_mw,9d8ad86e51451842b54dafc7680d1b486ef291963bb72c70f3cdd570d2d8fa34,"{""distance"":7,""physical_error_rate"":0.002}","{""detection_events"":18766,""detectors_checked"":2488320}"
      3072,         0,         0,   0.445,standalone_exact_mw,9d8ad86e51451842b54dafc7680d1b486ef291963bb72c70f3cdd570d2d8fa34,"{""distance"":7,""physical_error_rate"":0.002}","{""detection_events"":19154,""detectors_checked"":2488320}"
      1024,         0,         0,   0.112,standalone_exact_mw,9d8ad86e51451842b54dafc7680d1b486ef291963bb72c70f3cdd570d2d8fa34,"{""distance"":7,""physical_error_rate"":0.002}","{""detection_events"":6307,""detectors_checked"":829440}"
      7168,         0,         0,   0.586,standalone_exact_mw,9d8ad86e51451842b54dafc7680d1b486ef291963bb72c70f3cdd570d2d8fa34,"{""distance"":7,""physical_error_rate"":0.002}","{""detection_events"":44202,""detectors_checked"":5806080}"
      1024,         0,         0,   0.051,standalone_exact_mw,9d8ad86e51451842b54dafc7680d1b486ef291963bb72c70f3cdd570d2d8fa34,"{""distance"":7,""physical_error_rate"":0.002}","{""detection_events"":6542,""detectors_checked"":829440}"
   1207296,         0,         0,   119.7,standalone_exact_mw,9d8ad86e51451842b54dafc7680d1b486ef291963bb72c70f3cdd570d2d8fa34,"{""distance"":7,""physical_error_rate"":0.002}","{""detection_events"":7500632,""detectors_checked"":977909760}"
     10240,         0,         0,   0.844,standalone_exact_mw,9d8ad86e51451842b54dafc7680d1b486ef291963bb72c70f3cdd570d2d8fa34,"{""distance"":7,""physical_error_rate"":0.002}","{""detection_events"":64072,""detectors_checked"":8294400}"
      1024,         0,         0,   0.083,standalone_exact_mw,9d8ad86e51451842b54dafc7680d1b486ef291963bb72c70f3cdd570d2d8fa34,"{""distance"":7,""physical_error_rate"":0.002}","{""detection_events"":6407,""detectors_checked"":829440}"
      4096,         0,         0,   0.448,standalone_exact_mw,9d8ad86e51451842b54dafc7680d1b486ef291963bb72c70f3cdd570d2d8fa34,"{""distance"":7,""physical_error_rate"":0.002}","{""detection_events"":25413,""detectors_checked"":3317760}"
      7168,         0,         0,   0.881,standalone_exact_mw,9d8ad86e51451842b54dafc7680d1b486ef291963bb72c70f3cdd570d2d8fa34,"{""distance"":7,""physical_error_rate"":0.002}","{""detection_events"":44658,""detectors_checked"":5806080}"
     10240,         0,         0,   0.840,standalone_exact_mw,9d8ad86e51451842b54dafc7680d1b486ef291963bb72c70f3cdd570d2d8fa34,"{""distance"":7,""physical_error_rate"":0.002}","{""detection_events"":63256,""detectors_checked"":8294400}"
      6144,         0,         0,   0.751,standalone_exact_mw,9d8ad86e51451842b54dafc7680d1b486ef291963bb72c70f3cdd570d2d8fa34,"{""distance"":7,""physical_error_rate"":0.002}","{""detection_events"":38076,""detectors_checked"":4976640}"
     14336,         0,         0,    1.16,standalone_exact_mw,9d8ad86e51451842b54dafc7680d1b486ef291963bb72c70f3cdd570d2d8fa34,"{""distance"":7,""physical_error_rate"":0.002}","{""detection_events"":89954,""detectors_checked"":11612160}"
      9216,         0,         0,   0.797,standalone_exact_mw,9d8ad86e51451842b54dafc7680d1b486ef291963bb72c70f3cdd570d2d8fa34,"{""distance"":7,""physical_error_rate"":0.002}","{""detection_events"":56868,""detectors_checked"":7464960}"
      1024,         0,         0,   0.081,standalone_exact_mw,9d8ad86e51451842b54dafc7680d1b486ef291963bb72c70f3cdd570d2d8fa34,"{""distance"":7,""physical_error_rate"":0.002}","{""detection_events"":6302,""detectors_checked"":829440}"
      2048,         0,         0,   0.264,standalone_exact_mw,9d8ad86e51451842b54dafc7680d1b486ef291963bb72c70f3cdd570d2d8fa34,"{""distance"":7,""physical_error_rate"":0.002}","{""detection_events"":12892,""detectors_checked"":1658880}"
      1024,         0,         0,   0.128,standalone_exact_mw,9d8ad86e51451842b54dafc7680d1b486ef291963bb72c70f3cdd570d2d8fa34,"{""distance"":7,""physical_error_rate"":0.002}","{""detection_events"":6227,""detectors_checked"":829440}"
     11264,         0,         0,    1.17,standalone_exact_mw,9d8ad86e51451842b54dafc7680d1b486ef291963bb72c70f3cdd570d2d8fa34,"{""distance"":7,""physical_error_rate"":0.002}","{""detection_events"":70483,""detectors_checked"":9123840}"
      1024,         0,         0,   0.099,standalone_exact_mw,9d8ad86e51451842b54dafc7680d1b486ef291963bb72c70f3cdd570d2d8fa34,"{""distance"":7,""physical_error_rate"":0.002}","{""detection_events"":6555,""detectors_checked"":829440}"
      9216,         0,         0,   0.815,standalone_exact_mw,9d8ad86e51451842b54dafc7680d1b486ef291963bb72c70f3cdd570d2d8fa34,"{""distance"":7,""physical_error_rate"":0.002}","{""detection_events"":57659,""detectors_checked"":7464960}"
     11264,         0,         0,    1.22,standalone_exact_mw,9d8ad86e51451842b54dafc7680d1b486ef291963bb72c70f3cdd570d2d8fa34,"{""distance"":7,""physical_error_rate"":0.002}","{""detection_events"":70082,""detectors_checked"":9123840}"
      5120,         0,         0,   0.441,standalone_exact_mw,9d8ad86e51451842b54dafc7680d1b486ef291963bb72c70f3cdd570d2d8fa34,"{""distance"":7,""physical_error_rate"":0.002}","{""detection_events"":32386,""detectors_checked"":4147200}"
     10240,         0,         0,    1.11,standalone_exact_mw,9d8ad86e51451842b54dafc7680d1b486ef291963bb72c70f3cdd570d2d8fa34,"{""distance"":7,""physical_error_rate"":0.002}","{""detection_events"":63108,""detectors_checked"":8294400}"
      1024,         0,         0,   0.390,standalone_exact_mw,9d8ad86e51451842b54dafc7680d1b486ef291963bb72c70f3cdd570d2d8fa34,"{""distance"":7,""physical_error_rate"":0.002}","{""detection_events"":6507,""detectors_checked"":829440}"
      2048,         0,         0,   0.273,standalone_exact_mw,9d8ad86e51451842b54dafc7680d1b486ef291963bb72c70f3cdd570d2d8fa34,"{""distance"":7,""physical_error_rate"":0.002}","{""detection_events"":12637,""detectors_checked"":1658880}"
     14336,         0,         0,    1.14,standalone_exact_mw,9d8ad86e51451842b54dafc7680d1b486ef291963bb72c70f3cdd570d2d8fa34,"{""distance"":7,""physical_error_rate"":0.002}","{""detection_events"":89345,""detectors_checked"":11612160}"
      2048,         0,         0,   0.157,standalone_exact_mw,9d8ad86e51451842b54dafc7680d1b486ef291963bb72c70f3cdd570d2d8fa34,"{""distance"":7,""physical_error_rate"":0.002}","{""detection_events"":12845,""detectors_checked"":1658880}"
      7168,         0,         0,   0.634,standalone_exact_mw,9d8ad86e51451842b54dafc7680d1b486ef291963bb72c70f3cdd570d2d8fa34,"{""distance"":7,""physical_error_rate"":0.002}","{""detection_events"":44472,""detectors_checked"":5806080}"
      9216,         0,         0,   0.861,standalone_exact_mw,9d8ad86e51451842b54dafc7680d1b486ef291963bb72c70f3cdd570d2d8fa34,"{""distance"":7,""physical_error_rate"":0.002}","{""detection_events"":56995,""detectors_checked"":7464960}"
     11264,         0,         0,    1.21,standalone_exact_mw,9d8ad86e51451842b54dafc7680d1b486ef291963bb72c70f3cdd570d2d8fa34,"{""distance"":7,""physical_error_rate"":0.002}","{""detection_events"":69706,""detectors_checked"":9123840}"
      1024,         0,         0,   0.121,standalone_exact_mw,9d8ad86e51451842b54dafc7680d1b486ef291963bb72c70f3cdd570d2d8fa34,"{""distance"":7,""physical_error_rate"":0.002}","{""detection_events"":6574,""detectors_checked"":829440}"
      8192,         0,         0,    1.21,standalone_exact_mw,9d8ad86e51451842b54dafc7680d1b486ef291963bb72c70f3cdd570d2d8fa34,"{""distance"":7,""physical_error_rate"":0.002}","{""detection_events"":51961,""detectors_checked"":6635520}"
     14336,         0,         0,    1.17,standalone_exact_mw,9d8ad86e51451842b54dafc7680d1b486ef291963bb72c70f3cdd570d2d8fa34,"{""distance"":7,""physical_error_rate"":0.002}","{""detection_events"":89703,""detectors_checked"":11612160}"
      1024,         0,         0,   0.365,standalone_exact_mw,9d8ad86e51451842b54dafc7680d1b486ef291963bb72c70f3cdd570d2d8fa34,"{""distance"":7,""physical_error_rate"":0.002}","{""detection_events"":6590,""detectors_checked"":829440}"
      8192,         0,         0,   0.834,standalone_exact_mw,9d8ad86e51451842b54dafc7680d1b486ef291963bb72c70f3cdd570d2d8fa34,"{""distance"":7,""physical_error_rate"":0.002}","{""detection_events"":51203,""detectors_checked"":6635520}"
      4096,         0,         0,   0.407,standalone_exact_mw,9d8ad86e51451842b54dafc7680d1b486ef291963bb72c70f3cdd570d2d8fa34,"{""distance"":7,""physical_error_rate"":0.002}","{""detection_events"":25987,""detectors_checked"":3317760}"
      5120,         0,         0,   0.816,standalone_exact_mw,9d8ad86e51451842b54dafc7680d1b486ef291963bb72c70f3cdd570d2d8fa34,"{""distance"":7,""physical_error_rate"":0.002}","{""detection_events"":32153,""detectors_checked"":4147200}"
      6144,         0,         0,   0.621,standalone_exact_mw,9d8ad86e51451842b54dafc7680d1b486ef291963bb72c70f3cdd570d2d8fa34,"{""distance"":7,""physical_error_rate"":0.002}","{""detection_events"":38170,""detectors_checked"":4976640}"
     14336,         0,         0,   0.833,standalone_exact_mw,9d8ad86e51451842b54dafc7680d1b486ef291963bb72c70f3cdd570d2d8fa34,"{""distance"":7,""physical_error_rate"":0.002}","{""detection_events"":89377,""detectors_checked"":11612160}"
     10240,         0,         0,   0.785,standalone_exact_mw,9d8ad86e51451842b54dafc7680d1b486ef291963bb72c70f3cdd570d2d8fa34,"{""distance"":7,""physical_error_rate"":0.002}","{""detection_events"":63747,""detectors_checked"":8294400}"
      2048,         0,         0,   0.333,standalone_exact_mw,9d8ad86e51451842b54dafc7680d1b486ef291963bb72c70f3cdd570d2d8fa34,"{""distance"":7,""physical_error_rate"":0.002}","{""detection_events"":12705,""detectors_checked"":1658880}"
      8192,         0,         0,   0.810,standalone_exact_mw,9d8ad86e51451842b54dafc7680d1b486ef291963bb72c70f3cdd570d2d8fa34,"{""distance"":7,""physical_error_rate"":0.002}","{""detection_events"":50742,""detectors_checked"":6635520}"
      4096,         0,         0,   0.594,standalone_exact_mw,9d8ad86e51451842b54dafc7680d1b486ef291963bb72c70f3cdd570d2d8fa34,"{""distance"":7,""physical_error_rate"":0.002}","{""detection_events"":25878,""detectors_checked"":3317760}"
     14336,         0,         0,    1.17,standalone_exact_mw,9d8ad86e51451842b54dafc7680d1b486ef291963bb72c70f3cdd570d2d8fa34,"{""distance"":7,""physical_error_rate"":0.002}","{""detection_events"":88910,""detectors_checked"":11612160}"
     14336,         0,         0,    1.14,standalone_exact_mw,9d8ad86e51451842b54dafc7680d1b486ef291963bb72c70f3cdd570d2d8fa34,"{""distance"":7,""physical_error_rate"":0.002}","{""detection_events"":89109,""detectors_checked"":11612160}"
      6144,         0,         0,   0.644,standalone_exact_mw,9d8ad86e51451842b54dafc7680d1b486ef291963bb72c70f3cdd570d2d8fa34,"{""distance"":7,""physical_error_rate"":0.002}","{""detection_events"":38157,""detectors_checked"":4976640}"
      2048,         0,         0,   0.203,standalone_exact_mw,9d8ad86e51451842b54dafc7680d1b486ef291963bb72c70f3cdd570d2d8fa34,"{""distance"":7,""physical_error_rate"":0.002}","{""detection_events"":12799,""detectors_checked"":1658880}"
     10240,         0,         0,    1.17,standalone_exact_mw,9d8ad86e51451842b54dafc7680d1b486ef291963bb72c70f3cdd570d2d8fa34,"{""distance"":7,""physical_error_rate"":0.002}","{""detection_events"":64240,""detectors_checked"":8294400}"
   1176576,         0,         0,   119.7,standalone_exact_mw,9d8ad86e51451842b54dafc7680d1b486ef291963bb72c70f3cdd570d2d8fa34,"{""distance"":7,""physical_error_rate"":0.002}","{""detection_events"":7314452,""detectors_checked"":953026560}"
      7168,         0,         0,    1.11,standalone_exact_mw,9d8ad86e51451842b54dafc7680d1b486ef291963bb72c70f3cdd570d2d8fa34,"{""distance"":7,""physical_error_rate"":0.002}","{""detection_events"":44469,""detectors_checked"":5806080}"
      3072,         0,         0,   0.268,standalone_exact_mw,9d8ad86e51451842b54dafc7680d1b486ef291963bb72c70f3cdd570d2d8fa34,"{""distance"":7,""physical_error_rate"":0.002}","{""detection_events"":19054,""detectors_checked"":2488320}"
      2048,         0,         0,   0.331,standalone_exact_mw,9d8ad86e51451842b54dafc7680d1b486ef291963bb72c70f3cdd570d2d8fa34,"{""distance"":7,""physical_error_rate"":0.002}","{""detection_events"":13035,""detectors_checked"":1658880}"
     14336,         0,         0,    1.16,standalone_exact_mw,9d8ad86e51451842b54dafc7680d1b486ef291963bb72c70f3cdd570d2d8fa34,"{""distance"":7,""physical_error_rate"":0.002}","{""detection_events"":89628,""detectors_checked"":11612160}"
      7168,         0,         0,   0.794,standalone_exact_mw,9d8ad86e51451842b54dafc7680d1b486ef291963bb72c70f3cdd570d2d8fa34,"{""distance"":7,""physical_error_rate"":0.002}","{""detection_events"":45431,""detectors_checked"":5806080}"
      6144,         0,         0,   0.828,standalone_exact_mw,9d8ad86e51451842b54dafc7680d1b486ef291963bb72c70f3cdd570d2d8fa34,"{""distance"":7,""physical_error_rate"":0.002}","{""detection_events"":38562,""detectors_checked"":4976640}"
      6144,         0,         0,   0.840,standalone_exact_mw,9d8ad86e51451842b54dafc7680d1b486ef291963bb72c70f3cdd570d2d8fa34,"{""distance"":7,""physical_error_rate"":0.002}","{""detection_events"":38450,""detectors_checked"":4976640}"
      4096,         0,         0,   0.697,standalone_exact_mw,9d8ad86e51451842b54dafc7680d1b486ef291963bb72c70f3cdd570d2d8fa34,"{""distance"":7,""physical_error_rate"":0.002}","{""detection_events"":24999,""detectors_checked"":3317760}"
      4096,         0,         0,   0.635,standalone_exact_mw,9d8ad86e51451842b54dafc7680d1b486ef291963bb72c70f3cdd570d2d8fa34,"{""distance"":7,""physical_error_rate"":0.002}","{""detection_events"":25220,""detectors_checked"":3317760}"
     13312,         0,         0,   0.780,standalone_exact_mw,9d8ad86e51451842b54dafc7680d1b486ef291963bb72c70f3cdd570d2d8fa34,"{""distance"":7,""physical_error_rate"":0.002}","{""detection_events"":83213,""detectors_checked"":10782720}"
      8192,         0,         0,    1.11,standalone_exact_mw,9d8ad86e51451842b54dafc7680d1b486ef291963bb72c70f3cdd570d2d8fa34,"{""distance"":7,""physical_error_rate"":0.002}","{""detection_events"":51372,""detectors_checked"":6635520}"
      2048,         0,         0,   0.177,standalone_exact_mw,9d8ad86e51451842b54dafc7680d1b486ef291963bb72c70f3cdd570d2d8fa34,"{""distance"":7,""physical_error_rate"":0.002}","{""detection_events"":12756,""detectors_checked"":1658880}"
      3072,         0,         0,   0.412,standalone_exact_mw,9d8ad86e51451842b54dafc7680d1b486ef291963bb72c70f3cdd570d2d8fa34,"{""distance"":7,""physical_error_rate"":0.002}","{""detection_events"":18986,""detectors_checked"":2488320}"
     14336,         0,         0,    1.17,standalone_exact_mw,9d8ad86e51451842b54dafc7680d1b486ef291963bb72c70f3cdd570d2d8fa34,"{""distance"":7,""physical_error_rate"":0.002}","{""detection_events"":88753,""detectors_checked"":11612160}"
      8192,         0,         0,   0.794,standalone_exact_mw,9d8ad86e51451842b54dafc7680d1b486ef291963bb72c70f3cdd570d2d8fa34,"{""distance"":7,""physical_error_rate"":0.002}","{""detection_events"":51148,""detectors_checked"":6635520}"
      2048,         0,         0,   0.856,standalone_exact_mw,9d8ad86e51451842b54dafc7680d1b486ef291963bb72c70f3cdd570d2d8fa34,"{""distance"":7,""physical_error_rate"":0.002}","{""detection_events"":12742,""detectors_checked"":1658880}"
     11264,         0,         0,   0.918,standalone_exact_mw,9d8ad86e51451842b54dafc7680d1b486ef291963bb72c70f3cdd570d2d8fa34,"{""distance"":7,""physical_error_rate"":0.002}","{""detection_events"":69897,""detectors_checked"":9123840}"
     14336,         0,         0,    1.14,standalone_exact_mw,9d8ad86e51451842b54dafc7680d1b486ef291963bb72c70f3cdd570d2d8fa34,"{""distance"":7,""physical_error_rate"":0.002}","{""detection_events"":89284,""detectors_checked"":11612160}"
      6144,         0,         0,    1.12,standalone_exact_mw,9d8ad86e51451842b54dafc7680d1b486ef291963bb72c70f3cdd570d2d8fa34,"{""distance"":7,""physical_error_rate"":0.002}","{""detection_events"":38080,""detectors_checked"":4976640}"
     10240,         0,         0,   0.804,standalone_exact_mw,9d8ad86e51451842b54dafc7680d1b486ef291963bb72c70f3cdd570d2d8fa34,"{""distance"":7,""physical_error_rate"":0.002}","{""detection_events"":63820,""detectors_checked"":8294400}"
      1024,         0,         0,   0.464,standalone_exact_mw,9d8ad86e51451842b54dafc7680d1b486ef291963bb72c70f3cdd570d2d8fa34,"{""distance"":7,""physical_error_rate"":0.002}","{""detection_events"":6346,""detectors_checked"":829440}"
     15360,         0,         0,    1.17,standalone_exact_mw,9d8ad86e51451842b54dafc7680d1b486ef291963bb72c70f3cdd570d2d8fa34,"{""distance"":7,""physical_error_rate"":0.002}","{""detection_events"":95722,""detectors_checked"":12441600}"
     14336,         0,         0,    1.17,standalone_exact_mw,9d8ad86e51451842b54dafc7680d1b486ef291963bb72c70f3cdd570d2d8fa34,"{""distance"":7,""physical_error_rate"":0.002}","{""detection_events"":89590,""detectors_checked"":11612160}"
      3072,         0,         0,   0.419,standalone_exact_mw,9d8ad86e51451842b54dafc7680d1b486ef291963bb72c70f3cdd570d2d8fa34,"{""distance"":7,""physical_error_rate"":0.002}","{""detection_events"":19039,""detectors_checked"":2488320}"
      3072,         0,         0,    1.12,standalone_exact_mw,9d8ad86e51451842b54dafc7680d1b486ef291963bb72c70f3cdd570d2d8fa34,"{""distance"":7,""physical_error_rate"":0.002}","{""detection_events"":18755,""detectors_checked"":2488320}"
     11264,         0,         0,    1.20,standalone_exact_mw,9d8ad86e51451842b54dafc7680d1b486ef291963bb72c70f3cdd570d2d8fa34,"{""distance"":7,""physical_error_rate"":0.002}","{""detection_events"":70069,""detectors_checked"":9123840}"
      6144,         0,         0,   0.674,standalone_exact_mw,9d8ad86e51451842b54dafc7680d1b486ef291963bb72c70f3cdd570d2d8fa34,"{""distance"":7,""physical_error_rate"":0.002}","{""detection_events"":38041,""detectors_checked"":4976640}"
     14336,         0,         0,    1.18,standalone_exact_mw,9d8ad86e51451842b54dafc7680d1b486ef291963bb72c70f3cdd570d2d8fa34,"{""distance"":7,""physical_error_rate"":0.002}","{""detection_events"":89191,""detectors_checked"":11612160}"
      4096,         0,         0,   0.360,standalone_exact_mw,9d8ad86e51451842b54dafc7680d1b486ef291963bb72c70f3cdd570d2d8fa34,"{""distance"":7,""physical_error_rate"":0.002}","{""detection_events"":25144,""detectors_checked"":3317760}"
     14336,         0,         0,    1.14,standalone_exact_mw,9d8ad86e51451842b54dafc7680d1b486ef291963bb72c70f3cdd570d2d8fa34,"{""distance"":7,""physical_error_rate"":0.002}","{""detection_events"":89055,""detectors_checked"":11612160}"
      3072,         0,         0,   0.869,standalone_exact_mw,9d8ad86e51451842b54dafc7680d1b486ef291963bb72c70f3cdd570d2d8fa34,"{""distance"":7,""physical_error_rate"":0.002}","{""detection_events"":18819,""detectors_checked"":2488320}"
     13312,         0,         0,    1.14,standalone_exact_mw,9d8ad86e51451842b54dafc7680d1b486ef291963bb72c70f3cdd570d2d8fa34,"{""distance"":7,""physical_error_rate"":0.002}","{""detection_events"":82285,""detectors_checked"":10782720}"
      7168,         0,         0,   0.585,standalone_exact_mw,9d8ad86e51451842b54dafc7680d1b486ef291963bb72c70f3cdd570d2d8fa34,"{""distance"":7,""physical_error_rate"":0.002}","{""detection_events"":43787,""detectors_checked"":5806080}"
      3072,         0,         0,   0.252,standalone_exact_mw,9d8ad86e51451842b54dafc7680d1b486ef291963bb72c70f3cdd570d2d8fa34,"{""distance"":7,""physical_error_rate"":0.002}","{""detection_events"":19038,""detectors_checked"":2488320}"
      3072,         0,         0,   0.418,standalone_exact_mw,9d8ad86e51451842b54dafc7680d1b486ef291963bb72c70f3cdd570d2d8fa34,"{""distance"":7,""physical_error_rate"":0.002}","{""detection_events"":18718,""detectors_checked"":2488320}"
     13312,         0,         0,    1.13,standalone_exact_mw,9d8ad86e51451842b54dafc7680d1b486ef291963bb72c70f3cdd570d2d8fa34,"{""distance"":7,""physical_error_rate"":0.002}","{""detection_events"":83229,""detectors_checked"":10782720}"
      1024,         0,         0,   0.281,standalone_exact_mw,9d8ad86e51451842b54dafc7680d1b486ef291963bb72c70f3cdd570d2d8fa34,"{""distance"":7,""physical_error_rate"":0.002}","{""detection_events"":6449,""detectors_checked"":829440}"
     17408,         0,         0,    1.58,standalone_exact_mw,9d8ad86e51451842b54dafc7680d1b486ef291963bb72c70f3cdd570d2d8fa34,"{""distance"":7,""physical_error_rate"":0.002}","{""detection_events"":107870,""detectors_checked"":14100480}"
     14336,         0,         0,    1.16,standalone_exact_mw,9d8ad86e51451842b54dafc7680d1b486ef291963bb72c70f3cdd570d2d8fa34,"{""distance"":7,""physical_error_rate"":0.002}","{""detection_events"":89341,""detectors_checked"":11612160}"
     13312,         0,         0,    1.11,standalone_exact_mw,9d8ad86e51451842b54dafc7680d1b486ef291963bb72c70f3cdd570d2d8fa34,"{""distance"":7,""physical_error_rate"":0.002}","{""detection_events"":83343,""detectors_checked"":10782720}"
      7168,         0,         0,   0.874,standalone_exact_mw,9d8ad86e51451842b54dafc7680d1b486ef291963bb72c70f3cdd570d2d8fa34,"{""distance"":7,""physical_error_rate"":0.002}","{""detection_events"":44204,""detectors_checked"":5806080}"
     14336,         0,         0,    1.16,standalone_exact_mw,9d8ad86e51451842b54dafc7680d1b486ef291963bb72c70f3cdd570d2d8fa34,"{""distance"":7,""physical_error_rate"":0.002}","{""detection_events"":89113,""detectors_checked"":11612160}"
     14336,         0,         0,    1.14,standalone_exact_mw,9d8ad86e51451842b54dafc7680d1b486ef291963bb72c70f3cdd570d2d8fa34,"{""distance"":7,""physical_error_rate"":0.002}","{""detection_events"":89155,""detectors_checked"":11612160}"
      1024,         0,         0,   0.151,standalone_exact_mw,9d8ad86e51451842b54dafc7680d1b486ef291963bb72c70f3cdd570d2d8fa34,"{""distance"":7,""physical_error_rate"":0.002}","{""detection_events"":6647,""detectors_checked"":829440}"
     23552,         0,         0,    1.58,standalone_exact_mw,9d8ad86e51451842b54dafc7680d1b486ef291963bb72c70f3cdd570d2d8fa34,"{""distance"":7,""physical_error_rate"":0.002}","{""detection_events"":145968,""detectors_checked"":19077120}"
      8192,         0,         0,   0.895,standalone_exact_mw,9d8ad86e51451842b54dafc7680d1b486ef291963bb72c70f3cdd570d2d8fa34,"{""distance"":7,""physical_error_rate"":0.002}","{""detection_events"":50592,""detectors_checked"":6635520}"
      2048,         0,         0,   0.284,standalone_exact_mw,9d8ad86e51451842b54dafc7680d1b486ef291963bb72c70f3cdd570d2d8fa34,"{""distance"":7,""physical_error_rate"":0.002}","{""detection_events"":12529,""detectors_checked"":1658880}"
     23552,         0,         0,    1.65,standalone_exact_mw,9d8ad86e51451842b54dafc7680d1b486ef291963bb72c70f3cdd570d2d8fa34,"{""distance"":7,""physical_error_rate"":0.002}","{""detection_events"":147565,""detectors_checked"":19077120}"
     25600,         0,         0,    1.65,standalone_exact_mw,9d8ad86e51451842b54dafc7680d1b486ef291963bb72c70f3cdd570d2d8fa34,"{""distance"":7,""physical_error_rate"":0.002}","{""detection_events"":159785,""detectors_checked"":20736000}"
     17408,         0,         0,    1.63,standalone_exact_mw,9d8ad86e51451842b54dafc7680d1b486ef291963bb72c70f3cdd570d2d8fa34,"{""distance"":7,""physical_error_rate"":0.002}","{""detection_events"":107347,""detectors_checked"":14100480}"
     11264,         0,         0,   0.840,standalone_exact_mw,9d8ad86e51451842b54dafc7680d1b486ef291963bb72c70f3cdd570d2d8fa34,"{""distance"":7,""physical_error_rate"":0.002}","{""detection_events"":69642,""detectors_checked"":9123840}"
     14336,         0,         0,    1.15,standalone_exact_mw,9d8ad86e51451842b54dafc7680d1b486ef291963bb72c70f3cdd570d2d8fa34,"{""distance"":7,""physical_error_rate"":0.002}","{""detection_events"":89369,""detectors_checked"":11612160}"
      5120,         0,         0,   0.426,standalone_exact_mw,9d8ad86e51451842b54dafc7680d1b486ef291963bb72c70f3cdd570d2d8fa34,"{""distance"":7,""physical_error_rate"":0.002}","{""detection_events"":31856,""detectors_checked"":4147200}"
      4096,         0,         0,   0.629,standalone_exact_mw,9d8ad86e51451842b54dafc7680d1b486ef291963bb72c70f3cdd570d2d8fa34,"{""distance"":7,""physical_error_rate"":0.002}","{""detection_events"":25360,""detectors_checked"":3317760}"
      8192,         0,         0,   0.899,standalone_exact_mw,9d8ad86e51451842b54dafc7680d1b486ef291963bb72c70f3cdd570d2d8fa34,"{""distance"":7,""physical_error_rate"":0.002}","{""detection_events"":50902,""detectors_checked"":6635520}"
     10240,         0,         0,    1.15,standalone_exact_mw,9d8ad86e51451842b54dafc7680d1b486ef291963bb72c70f3cdd570d2d8fa34,"{""distance"":7,""physical_error_rate"":0.002}","{""detection_events"":63656,""detectors_checked"":8294400}"
      7168,         0,         0,   0.806,standalone_exact_mw,9d8ad86e51451842b54dafc7680d1b486ef291963bb72c70f3cdd570d2d8fa34,"{""distance"":7,""physical_error_rate"":0.002}","{""detection_events"":44254,""detectors_checked"":5806080}"
      2048,         0,         0,   0.248,standalone_exact_mw,9d8ad86e51451842b54dafc7680d1b486ef291963bb72c70f3cdd570d2d8fa34,"{""distance"":7,""physical_error_rate"":0.002}","{""detection_events"":12611,""detectors_checked"":1658880}"
      7168,         0,         0,    1.13,standalone_exact_mw,9d8ad86e51451842b54dafc7680d1b486ef291963bb72c70f3cdd570d2d8fa34,"{""distance"":7,""physical_error_rate"":0.002}","{""detection_events"":44889,""detectors_checked"":5806080}"
     14336,         0,         0,    1.15,standalone_exact_mw,9d8ad86e51451842b54dafc7680d1b486ef291963bb72c70f3cdd570d2d8fa34,"{""distance"":7,""physical_error_rate"":0.002}","{""detection_events"":89331,""detectors_checked"":11612160}"
     15360,         0,         0,    1.14,standalone_exact_mw,9d8ad86e51451842b54dafc7680d1b486ef291963bb72c70f3cdd570d2d8fa34,"{""distance"":7,""physical_error_rate"":0.002}","{""detection_events"":95033,""detectors_checked"":12441600}"
      6144,         0,         0,   0.862,standalone_exact_mw,9d8ad86e51451842b54dafc7680d1b486ef291963bb72c70f3cdd570d2d8fa34,"{""distance"":7,""physical_error_rate"":0.002}","{""detection_events"":38129,""detectors_checked"":4976640}"
      6144,         0,         0,   0.738,standalone_exact_mw,9d8ad86e51451842b54dafc7680d1b486ef291963bb72c70f3cdd570d2d8fa34,"{""distance"":7,""physical_error_rate"":0.002}","{""detection_events"":38638,""detectors_checked"":4976640}"
      6144,         0,         0,   0.601,standalone_exact_mw,9d8ad86e51451842b54dafc7680d1b486ef291963bb72c70f3cdd570d2d8fa34,"{""distance"":7,""physical_error_rate"":0.002}","{""detection_events"":38504,""detectors_checked"":4976640}"
     11264,         0,         0,    1.17,standalone_exact_mw,9d8ad86e51451842b54dafc7680d1b486ef291963bb72c70f3cdd570d2d8fa34,"{""distance"":7,""physical_error_rate"":0.002}","{""detection_events"":69920,""detectors_checked"":9123840}"
      7168,         0,         0,   0.804,standalone_exact_mw,9d8ad86e51451842b54dafc7680d1b486ef291963bb72c70f3cdd570d2d8fa34,"{""distance"":7,""physical_error_rate"":0.002}","{""detection_events"":44807,""detectors_checked"":5806080}"
     18432,         0,         0,    1.64,standalone_exact_mw,9d8ad86e51451842b54dafc7680d1b486ef291963bb72c70f3cdd570d2d8fa34,"{""distance"":7,""physical_error_rate"":0.002}","{""detection_events"":115090,""detectors_checked"":14929920}"
      5120,         0,         0,   0.459,standalone_exact_mw,9d8ad86e51451842b54dafc7680d1b486ef291963bb72c70f3cdd570d2d8fa34,"{""distance"":7,""physical_error_rate"":0.002}","{""detection_events"":31969,""detectors_checked"":4147200}"
     19456,         0,         0,    1.60,standalone_exact_mw,9d8ad86e51451842b54dafc7680d1b486ef291963bb72c70f3cdd570d2d8fa34,"{""distance"":7,""physical_error_rate"":0.002}","{""detection_events"":120701,""detectors_checked"":15759360}"
      6144,         0,         0,    1.30,standalone_exact_mw,9d8ad86e51451842b54dafc7680d1b486ef291963bb72c70f3cdd570d2d8fa34,"{""distance"":7,""physical_error_rate"":0.002}","{""detection_events"":38158,""detectors_checked"":4976640}"
     19456,         0,         0,    1.56,standalone_exact_mw,9d8ad86e51451842b54dafc7680d1b486ef291963bb72c70f3cdd570d2d8fa34,"{""distance"":7,""physical_error_rate"":0.002}","{""detection_events"":120897,""detectors_checked"":15759360}"
     14336,         0,         0,    1.19,standalone_exact_mw,9d8ad86e51451842b54dafc7680d1b486ef291963bb72c70f3cdd570d2d8fa34,"{""distance"":7,""physical_error_rate"":0.002}","{""detection_events"":89059,""detectors_checked"":11612160}"
     11264,         0,         0,    1.22,standalone_exact_mw,9d8ad86e51451842b54dafc7680d1b486ef291963bb72c70f3cdd570d2d8fa34,"{""distance"":7,""physical_error_rate"":0.002}","{""detection_events"":69871,""detectors_checked"":9123840}"
     10240,         0,         0,   0.858,standalone_exact_mw,9d8ad86e51451842b54dafc7680d1b486ef291963bb72c70f3cdd570d2d8fa34,"{""distance"":7,""physical_error_rate"":0.002}","{""detection_events"":63626,""detectors_checked"":8294400}"
     19456,         0,         0,    1.62,standalone_exact_mw,9d8ad86e51451842b54dafc7680d1b486ef291963bb72c70f3cdd570d2d8fa34,"{""distance"":7,""physical_error_rate"":0.002}","{""detection_events"":121236,""detectors_checked"":15759360}"
     10240,         0,         0,    1.13,standalone_exact_mw,9d8ad86e51451842b54dafc7680d1b486ef291963bb72c70f3cdd570d2d8fa34,"{""distance"":7,""physical_error_rate"":0.002}","{""detection_events"":63094,""detectors_checked"":8294400}"
      3072,         0,         0,   0.357,standalone_exact_mw,9d8ad86e51451842b54dafc7680d1b486ef291963bb72c70f3cdd570d2d8fa34,"{""distance"":7,""physical_error_rate"":0.002}","{""detection_events"":18534,""detectors_checked"":2488320}"
     19456,         0,         0,    1.59,standalone_exact_mw,9d8ad86e51451842b54dafc7680d1b486ef291963bb72c70f3cdd570d2d8fa34,"{""distance"":7,""physical_error_rate"":0.002}","{""detection_events"":121252,""detectors_checked"":15759360}"
     12288,         0,         0,    1.14,standalone_exact_mw,9d8ad86e51451842b54dafc7680d1b486ef291963bb72c70f3cdd570d2d8fa34,"{""distance"":7,""physical_error_rate"":0.002}","{""detection_events"":76204,""detectors_checked"":9953280}"
     19456,         0,         0,    1.61,standalone_exact_mw,9d8ad86e51451842b54dafc7680d1b486ef291963bb72c70f3cdd570d2d8fa34,"{""distance"":7,""physical_error_rate"":0.002}","{""detection_events"":121458,""detectors_checked"":15759360}"
      7168,         0,         0,    1.15,standalone_exact_mw,9d8ad86e51451842b54dafc7680d1b486ef291963bb72c70f3cdd570d2d8fa34,"{""distance"":7,""physical_error_rate"":0.002}","{""detection_events"":44554,""detectors_checked"":5806080}"
     13312,         0,         0,    1.57,standalone_exact_mw,9d8ad86e51451842b54dafc7680d1b486ef291963bb72c70f3cdd570d2d8fa34,"{""distance"":7,""physical_error_rate"":0.002}","{""detection_events"":82873,""detectors_checked"":10782720}"
      5120,         0,         0,    1.33,standalone_exact_mw,9d8ad86e51451842b54dafc7680d1b486ef291963bb72c70f3cdd570d2d8fa34,"{""distance"":7,""physical_error_rate"":0.002}","{""detection_events"":31658,""detectors_checked"":4147200}"
     14336,         0,         0,    1.14,standalone_exact_mw,9d8ad86e51451842b54dafc7680d1b486ef291963bb72c70f3cdd570d2d8fa34,"{""distance"":7,""physical_error_rate"":0.002}","{""detection_events"":88982,""detectors_checked"":11612160}"
     17408,         0,         0,    1.62,standalone_exact_mw,9d8ad86e51451842b54dafc7680d1b486ef291963bb72c70f3cdd570d2d8fa34,"{""distance"":7,""physical_error_rate"":0.002}","{""detection_events"":107981,""detectors_checked"":14100480}"
      8192,         0,         0,    1.25,standalone_exact_mw,9d8ad86e51451842b54dafc7680d1b486ef291963bb72c70f3cdd570d2d8fa34,"{""distance"":7,""physical_error_rate"":0.002}","{""detection_events"":51850,""detectors_checked"":6635520}"
     15360,         0,         0,    1.56,standalone_exact_mw,9d8ad86e51451842b54dafc7680d1b486ef291963bb72c70f3cdd570d2d8fa34,"{""distance"":7,""physical_error_rate"":0.002}","{""detection_events"":95462,""detectors_checked"":12441600}"
      5120,         0,         0,    1.19,standalone_exact_mw,9d8ad86e51451842b54dafc7680d1b486ef291963bb72c70f3cdd570d2d8fa34,"{""distance"":7,""physical_error_rate"":0.002}","{""detection_events"":32350,""detectors_checked"":4147200}"
      4096,         0,         0,   0.680,standalone_exact_mw,9d8ad86e51451842b54dafc7680d1b486ef291963bb72c70f3cdd570d2d8fa34,"{""distance"":7,""physical_error_rate"":0.002}","{""detection_events"":25249,""detectors_checked"":3317760}"
     11264,         0,         0,    1.16,standalone_exact_mw,9d8ad86e51451842b54dafc7680d1b486ef291963bb72c70f3cdd570d2d8fa34,"{""distance"":7,""physical_error_rate"":0.002}","{""detection_events"":69655,""detectors_checked"":9123840}"
     20480,         0,         0,    1.57,standalone_exact_mw,9d8ad86e51451842b54dafc7680d1b486ef291963bb72c70f3cdd570d2d8fa34,"{""distance"":7,""physical_error_rate"":0.002}","{""detection_events"":127778,""detectors_checked"":16588800}"
     20480,         0,         0,    1.60,standalone_exact_mw,9d8ad86e51451842b54dafc7680d1b486ef291963bb72c70f3cdd570d2d8fa34,"{""distance"":7,""physical_error_rate"":0.002}","{""detection_events"":126961,""detectors_checked"":16588800}"
      6144,         0,         0,   0.773,standalone_exact_mw,9d8ad86e51451842b54dafc7680d1b486ef291963bb72c70f3cdd570d2d8fa34,"{""distance"":7,""physical_error_rate"":0.002}","{""detection_events"":37907,""detectors_checked"":4976640}"
     14336,         0,         0,    1.60,standalone_exact_mw,9d8ad86e51451842b54dafc7680d1b486ef291963bb72c70f3cdd570d2d8fa34,"{""distance"":7,""physical_error_rate"":0.002}","{""detection_events"":89062,""detectors_checked"":11612160}"
     12288,         0,         0,    1.64,standalone_exact_mw,9d8ad86e51451842b54dafc7680d1b486ef291963bb72c70f3cdd570d2d8fa34,"{""distance"":7,""physical_error_rate"":0.002}","{""detection_events"":76807,""detectors_checked"":9953280}"
      5120,         0,         0,   0.409,standalone_exact_mw,9d8ad86e51451842b54dafc7680d1b486ef291963bb72c70f3cdd570d2d8fa34,"{""distance"":7,""physical_error_rate"":0.002}","{""detection_events"":31855,""detectors_checked"":4147200}"
      6144,         0,         0,    1.12,standalone_exact_mw,9d8ad86e51451842b54dafc7680d1b486ef291963bb72c70f3cdd570d2d8fa34,"{""distance"":7,""physical_error_rate"":0.002}","{""detection_events"":37831,""detectors_checked"":4976640}"
     15360,         0,         0,    1.59,standalone_exact_mw,9d8ad86e51451842b54dafc7680d1b486ef291963bb72c70f3cdd570d2d8fa34,"{""distance"":7,""physical_error_rate"":0.002}","{""detection_events"":96178,""detectors_checked"":12441600}"
     19456,         0,         0,    1.62,standalone_exact_mw,9d8ad86e51451842b54dafc7680d1b486ef291963bb72c70f3cdd570d2d8fa34,"{""distance"":7,""physical_error_rate"":0.002}","{""detection_events"":121346,""detectors_checked"":15759360}"
     14336,         0,         0,    1.55,standalone_exact_mw,9d8ad86e51451842b54dafc7680d1b486ef291963bb72c70f3cdd570d2d8fa34,"{""distance"":7,""physical_error_rate"":0.002}","{""detection_events"":88404,""detectors_checked"":11612160}"
     14336,         0,         0,    1.55,standalone_exact_mw,9d8ad86e51451842b54dafc7680d1b486ef291963bb72c70f3cdd570d2d8fa34,"{""distance"":7,""physical_error_rate"":0.002}","{""detection_events"":88871,""detectors_checked"":11612160}"
     19456,         0,         0,    1.55,standalone_exact_mw,9d8ad86e51451842b54dafc7680d1b486ef291963bb72c70f3cdd570d2d8fa34,"{""distance"":7,""physical_error_rate"":0.002}","{""detection_events"":120453,""detectors_checked"":15759360}"
      3072,         0,         0,   0.834,standalone_exact_mw,9d8ad86e51451842b54dafc7680d1b486ef291963bb72c70f3cdd570d2d8fa34,"{""distance"":7,""physical_error_rate"":0.002}","{""detection_events"":19027,""detectors_checked"":2488320}"
     17408,         0,         0,    1.56,standalone_exact_mw,9d8ad86e51451842b54dafc7680d1b486ef291963bb72c70f3cdd570d2d8fa34,"{""distance"":7,""physical_error_rate"":0.002}","{""detection_events"":107959,""detectors_checked"":14100480}"
     15360,         0,         0,    1.18,standalone_exact_mw,9d8ad86e51451842b54dafc7680d1b486ef291963bb72c70f3cdd570d2d8fa34,"{""distance"":7,""physical_error_rate"":0.002}","{""detection_events"":94866,""detectors_checked"":12441600}"
     19456,         0,         0,    1.57,standalone_exact_mw,9d8ad86e51451842b54dafc7680d1b486ef291963bb72c70f3cdd570d2d8fa34,"{""distance"":7,""physical_error_rate"":0.002}","{""detection_events"":121378,""detectors_checked"":15759360}"
     19456,         0,         0,    1.60,standalone_exact_mw,9d8ad86e51451842b54dafc7680d1b486ef291963bb72c70f3cdd570d2d8fa34,"{""distance"":7,""physical_error_rate"":0.002}","{""detection_events"":119647,""detectors_checked"":15759360}"
     14336,         0,         0,    1.57,standalone_exact_mw,9d8ad86e51451842b54dafc7680d1b486ef291963bb72c70f3cdd570d2d8fa34,"{""distance"":7,""physical_error_rate"":0.002}","{""detection_events"":89421,""detectors_checked"":11612160}"
     12288,         0,         0,    1.10,standalone_exact_mw,9d8ad86e51451842b54dafc7680d1b486ef291963bb72c70f3cdd570d2d8fa34,"{""distance"":7,""physical_error_rate"":0.002}","{""detection_events"":76062,""detectors_checked"":9953280}"
     10240,         0,         0,    1.77,standalone_exact_mw,9d8ad86e51451842b54dafc7680d1b486ef291963bb72c70f3cdd570d2d8fa34,"{""distance"":7,""physical_error_rate"":0.002}","{""detection_events"":63587,""detectors_checked"":8294400}"
     10240,         0,         0,    1.15,standalone_exact_mw,9d8ad86e51451842b54dafc7680d1b486ef291963bb72c70f3cdd570d2d8fa34,"{""distance"":7,""physical_error_rate"":0.002}","{""detection_events"":63773,""detectors_checked"":8294400}"
      9216,         0,         0,    1.06,standalone_exact_mw,9d8ad86e51451842b54dafc7680d1b486ef291963bb72c70f3cdd570d2d8fa34,"{""distance"":7,""physical_error_rate"":0.002}","{""detection_events"":57842,""detectors_checked"":7464960}"
     11264,         0,         0,    1.15,standalone_exact_mw,9d8ad86e51451842b54dafc7680d1b486ef291963bb72c70f3cdd570d2d8fa34,"{""distance"":7,""physical_error_rate"":0.002}","{""detection_events"":69743,""detectors_checked"":9123840}"
     19456,         0,         0,    1.59,standalone_exact_mw,9d8ad86e51451842b54dafc7680d1b486ef291963bb72c70f3cdd570d2d8fa34,"{""distance"":7,""physical_error_rate"":0.002}","{""detection_events"":120480,""detectors_checked"":15759360}"
      3072,         0,         0,    1.03,standalone_exact_mw,9d8ad86e51451842b54dafc7680d1b486ef291963bb72c70f3cdd570d2d8fa34,"{""distance"":7,""physical_error_rate"":0.002}","{""detection_events"":19079,""detectors_checked"":2488320}"
      5120,         0,         0,    1.45,standalone_exact_mw,9d8ad86e51451842b54dafc7680d1b486ef291963bb72c70f3cdd570d2d8fa34,"{""distance"":7,""physical_error_rate"":0.002}","{""detection_events"":31744,""detectors_checked"":4147200}"
     20480,         0,         0,    1.63,standalone_exact_mw,9d8ad86e51451842b54dafc7680d1b486ef291963bb72c70f3cdd570d2d8fa34,"{""distance"":7,""physical_error_rate"":0.002}","{""detection_events"":127219,""detectors_checked"":16588800}"
     19456,         0,         0,    1.58,standalone_exact_mw,9d8ad86e51451842b54dafc7680d1b486ef291963bb72c70f3cdd570d2d8fa34,"{""distance"":7,""physical_error_rate"":0.002}","{""detection_events"":121105,""detectors_checked"":15759360}"
      9216,         0,         0,    1.10,standalone_exact_mw,9d8ad86e51451842b54dafc7680d1b486ef291963bb72c70f3cdd570d2d8fa34,"{""distance"":7,""physical_error_rate"":0.002}","{""detection_events"":56955,""detectors_checked"":7464960}"
      5120,         0,         0,   0.581,standalone_exact_mw,9d8ad86e51451842b54dafc7680d1b486ef291963bb72c70f3cdd570d2d8fa34,"{""distance"":7,""physical_error_rate"":0.002}","{""detection_events"":31471,""detectors_checked"":4147200}"
     20480,         0,         0,    1.63,standalone_exact_mw,9d8ad86e51451842b54dafc7680d1b486ef291963bb72c70f3cdd570d2d8fa34,"{""distance"":7,""physical_error_rate"":0.002}","{""detection_events"":127499,""detectors_checked"":16588800}"
      7168,         0,         0,    1.86,standalone_exact_mw,9d8ad86e51451842b54dafc7680d1b486ef291963bb72c70f3cdd570d2d8fa34,"{""distance"":7,""physical_error_rate"":0.002}","{""detection_events"":44852,""detectors_checked"":5806080}"
     20480,         0,         0,    1.64,standalone_exact_mw,9d8ad86e51451842b54dafc7680d1b486ef291963bb72c70f3cdd570d2d8fa34,"{""distance"":7,""physical_error_rate"":0.002}","{""detection_events"":126820,""detectors_checked"":16588800}"
     14336,         0,         0,    1.15,standalone_exact_mw,9d8ad86e51451842b54dafc7680d1b486ef291963bb72c70f3cdd570d2d8fa34,"{""distance"":7,""physical_error_rate"":0.002}","{""detection_events"":89282,""detectors_checked"":11612160}"
     16384,         0,         0,    1.56,standalone_exact_mw,9d8ad86e51451842b54dafc7680d1b486ef291963bb72c70f3cdd570d2d8fa34,"{""distance"":7,""physical_error_rate"":0.002}","{""detection_events"":102101,""detectors_checked"":13271040}"
      3072,         0,         0,    1.04,standalone_exact_mw,9d8ad86e51451842b54dafc7680d1b486ef291963bb72c70f3cdd570d2d8fa34,"{""distance"":7,""physical_error_rate"":0.002}","{""detection_events"":18985,""detectors_checked"":2488320}"
     16384,         0,         0,    1.61,standalone_exact_mw,9d8ad86e51451842b54dafc7680d1b486ef291963bb72c70f3cdd570d2d8fa34,"{""distance"":7,""physical_error_rate"":0.002}","{""detection_events"":101421,""detectors_checked"":13271040}"
     18432,         0,         0,    1.56,standalone_exact_mw,9d8ad86e51451842b54dafc7680d1b486ef291963bb72c70f3cdd570d2d8fa34,"{""distance"":7,""physical_error_rate"":0.002}","{""detection_events"":114658,""detectors_checked"":14929920}"
      8192,         0,         0,    1.62,standalone_exact_mw,9d8ad86e51451842b54dafc7680d1b486ef291963bb72c70f3cdd570d2d8fa34,"{""distance"":7,""physical_error_rate"":0.002}","{""detection_events"":51027,""detectors_checked"":6635520}"
      5120,         0,         0,    1.16,standalone_exact_mw,9d8ad86e51451842b54dafc7680d1b486ef291963bb72c70f3cdd570d2d8fa34,"{""distance"":7,""physical_error_rate"":0.002}","{""detection_events"":31984,""detectors_checked"":4147200}"
     19456,         0,         0,    1.54,standalone_exact_mw,9d8ad86e51451842b54dafc7680d1b486ef291963bb72c70f3cdd570d2d8fa34,"{""distance"":7,""physical_error_rate"":0.002}","{""detection_events"":120739,""detectors_checked"":15759360}"
     14336,         0,         0,    1.60,standalone_exact_mw,9d8ad86e51451842b54dafc7680d1b486ef291963bb72c70f3cdd570d2d8fa34,"{""distance"":7,""physical_error_rate"":0.002}","{""detection_events"":89043,""detectors_checked"":11612160}"
     12288,         0,         0,    1.85,standalone_exact_mw,9d8ad86e51451842b54dafc7680d1b486ef291963bb72c70f3cdd570d2d8fa34,"{""distance"":7,""physical_error_rate"":0.002}","{""detection_events"":76500,""detectors_checked"":9953280}"
     25600,         0,         0,    2.24,standalone_exact_mw,9d8ad86e51451842b54dafc7680d1b486ef291963bb72c70f3cdd570d2d8fa34,"{""distance"":7,""physical_error_rate"":0.002}","{""detection_events"":158191,""detectors_checked"":20736000}"
      9216,         0,         0,    1.55,standalone_exact_mw,9d8ad86e51451842b54dafc7680d1b486ef291963bb72c70f3cdd570d2d8fa34,"{""distance"":7,""physical_error_rate"":0.002}","{""detection_events"":57410,""detectors_checked"":7464960}"
     12288,         0,         0,    1.57,standalone_exact_mw,9d8ad86e51451842b54dafc7680d1b486ef291963bb72c70f3cdd570d2d8fa34,"{""distance"":7,""physical_error_rate"":0.002}","{""detection_events"":76316,""detectors_checked"":9953280}"
     48128,         0,         0,    2.21,standalone_exact_mw,9d8ad86e51451842b54dafc7680d1b486ef291963bb72c70f3cdd570d2d8fa34,"{""distance"":7,""physical_error_rate"":0.002}","{""detection_events"":300233,""detectors_checked"":38983680}"
     31744,         0,         0,    2.21,standalone_exact_mw,9d8ad86e51451842b54dafc7680d1b486ef291963bb72c70f3cdd570d2d8fa34,"{""distance"":7,""physical_error_rate"":0.002}","{""detection_events"":197094,""detectors_checked"":25712640}"
     20480,         0,         0,    2.23,standalone_exact_mw,9d8ad86e51451842b54dafc7680d1b486ef291963bb72c70f3cdd570d2d8fa34,"{""distance"":7,""physical_error_rate"":0.002}","{""detection_events"":127641,""detectors_checked"":16588800}"
      7168,         0,         0,    1.64,standalone_exact_mw,9d8ad86e51451842b54dafc7680d1b486ef291963bb72c70f3cdd570d2d8fa34,"{""distance"":7,""physical_error_rate"":0.002}","{""detection_events"":44539,""detectors_checked"":5806080}"
     21504,         0,         0,    2.24,standalone_exact_mw,9d8ad86e51451842b54dafc7680d1b486ef291963bb72c70f3cdd570d2d8fa34,"{""distance"":7,""physical_error_rate"":0.002}","{""detection_events"":133493,""detectors_checked"":17418240}"
     19456,         0,         0,    1.59,standalone_exact_mw,9d8ad86e51451842b54dafc7680d1b486ef291963bb72c70f3cdd570d2d8fa34,"{""distance"":7,""physical_error_rate"":0.002}","{""detection_events"":120826,""detectors_checked"":15759360}"
      3072,         0,         0,    1.17,standalone_exact_mw,9d8ad86e51451842b54dafc7680d1b486ef291963bb72c70f3cdd570d2d8fa34,"{""distance"":7,""physical_error_rate"":0.002}","{""detection_events"":19224,""detectors_checked"":2488320}"
     22528,         0,         0,    1.60,standalone_exact_mw,9d8ad86e51451842b54dafc7680d1b486ef291963bb72c70f3cdd570d2d8fa34,"{""distance"":7,""physical_error_rate"":0.002}","{""detection_events"":140435,""detectors_checked"":18247680}"
      9216,         0,         0,    1.72,standalone_exact_mw,9d8ad86e51451842b54dafc7680d1b486ef291963bb72c70f3cdd570d2d8fa34,"{""distance"":7,""physical_error_rate"":0.002}","{""detection_events"":57829,""detectors_checked"":7464960}"
      2048,         0,         0,   0.835,standalone_exact_mw,9d8ad86e51451842b54dafc7680d1b486ef291963bb72c70f3cdd570d2d8fa34,"{""distance"":7,""physical_error_rate"":0.002}","{""detection_events"":12557,""detectors_checked"":1658880}"
     18432,         0,         0,    1.57,standalone_exact_mw,9d8ad86e51451842b54dafc7680d1b486ef291963bb72c70f3cdd570d2d8fa34,"{""distance"":7,""physical_error_rate"":0.002}","{""detection_events"":114830,""detectors_checked"":14929920}"
      8192,         0,         0,    1.64,standalone_exact_mw,9d8ad86e51451842b54dafc7680d1b486ef291963bb72c70f3cdd570d2d8fa34,"{""distance"":7,""physical_error_rate"":0.002}","{""detection_events"":50186,""detectors_checked"":6635520}"
     24576,         0,         0,    1.56,standalone_exact_mw,9d8ad86e51451842b54dafc7680d1b486ef291963bb72c70f3cdd570d2d8fa34,"{""distance"":7,""physical_error_rate"":0.002}","{""detection_events"":152442,""detectors_checked"":19906560}"
      6144,         0,         0,   0.921,standalone_exact_mw,9d8ad86e51451842b54dafc7680d1b486ef291963bb72c70f3cdd570d2d8fa34,"{""distance"":7,""physical_error_rate"":0.002}","{""detection_events"":37463,""detectors_checked"":4976640}"
    901120,         0,         0,   119.7,standalone_exact_mw,9d8ad86e51451842b54dafc7680d1b486ef291963bb72c70f3cdd570d2d8fa34,"{""distance"":7,""physical_error_rate"":0.002}","{""detection_events"":5598145,""detectors_checked"":729907200}"
      6144,         0,         0,    1.20,standalone_exact_mw,9d8ad86e51451842b54dafc7680d1b486ef291963bb72c70f3cdd570d2d8fa34,"{""distance"":7,""physical_error_rate"":0.002}","{""detection_events"":38580,""detectors_checked"":4976640}"
     21504,         0,         0,    2.19,standalone_exact_mw,9d8ad86e51451842b54dafc7680d1b486ef291963bb72c70f3cdd570d2d8fa34,"{""distance"":7,""physical_error_rate"":0.002}","{""detection_events"":132646,""detectors_checked"":17418240}"
     26624,         0,         0,    2.18,standalone_exact_mw,9d8ad86e51451842b54dafc7680d1b486ef291963bb72c70f3cdd570d2d8fa34,"{""distance"":7,""physical_error_rate"":0.002}","{""detection_events"":166285,""detectors_checked"":21565440}"
     11264,         0,         0,    1.65,standalone_exact_mw,9d8ad86e51451842b54dafc7680d1b486ef291963bb72c70f3cdd570d2d8fa34,"{""distance"":7,""physical_error_rate"":0.002}","{""detection_events"":70532,""detectors_checked"":9123840}"
     26624,         0,         0,    2.20,standalone_exact_mw,9d8ad86e51451842b54dafc7680d1b486ef291963bb72c70f3cdd570d2d8fa34,"{""distance"":7,""physical_error_rate"":0.002}","{""detection_events"":165255,""detectors_checked"":21565440}"
     19456,         0,         0,    1.55,standalone_exact_mw,9d8ad86e51451842b54dafc7680d1b486ef291963bb72c70f3cdd570d2d8fa34,"{""distance"":7,""physical_error_rate"":0.002}","{""detection_events"":120670,""detectors_checked"":15759360}"
     27648,         0,         0,    2.22,standalone_exact_mw,9d8ad86e51451842b54dafc7680d1b486ef291963bb72c70f3cdd570d2d8fa34,"{""distance"":7,""physical_error_rate"":0.002}","{""detection_events"":172122,""detectors_checked"":22394880}"
     25600,         0,         0,    2.26,standalone_exact_mw,9d8ad86e51451842b54dafc7680d1b486ef291963bb72c70f3cdd570d2d8fa34,"{""distance"":7,""physical_error_rate"":0.002}","{""detection_events"":158782,""detectors_checked"":20736000}"
     19456,         0,         0,    1.57,standalone_exact_mw,9d8ad86e51451842b54dafc7680d1b486ef291963bb72c70f3cdd570d2d8fa34,"{""distance"":7,""physical_error_rate"":0.002}","{""detection_events"":120816,""detectors_checked"":15759360}"
     16384,         0,         0,    2.23,standalone_exact_mw,9d8ad86e51451842b54dafc7680d1b486ef291963bb72c70f3cdd570d2d8fa34,"{""distance"":7,""physical_error_rate"":0.002}","{""detection_events"":101311,""detectors_checked"":13271040}"
     25600,         0,         0,    2.25,standalone_exact_mw,9d8ad86e51451842b54dafc7680d1b486ef291963bb72c70f3cdd570d2d8fa34,"{""distance"":7,""physical_error_rate"":0.002}","{""detection_events"":159796,""detectors_checked"":20736000}"
     13312,         0,         0,    2.21,standalone_exact_mw,9d8ad86e51451842b54dafc7680d1b486ef291963bb72c70f3cdd570d2d8fa34,"{""distance"":7,""physical_error_rate"":0.002}","{""detection_events"":81943,""detectors_checked"":10782720}"
     22528,         0,         0,    2.17,standalone_exact_mw,9d8ad86e51451842b54dafc7680d1b486ef291963bb72c70f3cdd570d2d8fa34,"{""distance"":7,""physical_error_rate"":0.002}","{""detection_events"":140050,""detectors_checked"":18247680}"
      4096,         0,         0,    1.19,standalone_exact_mw,9d8ad86e51451842b54dafc7680d1b486ef291963bb72c70f3cdd570d2d8fa34,"{""distance"":7,""physical_error_rate"":0.002}","{""detection_events"":25652,""detectors_checked"":3317760}"
     10240,         0,         0,    1.65,standalone_exact_mw,9d8ad86e51451842b54dafc7680d1b486ef291963bb72c70f3cdd570d2d8fa34,"{""distance"":7,""physical_error_rate"":0.002}","{""detection_events"":63387,""detectors_checked"":8294400}"
     27648,         0,         0,    2.20,standalone_exact_mw,9d8ad86e51451842b54dafc7680d1b486ef291963bb72c70f3cdd570d2d8fa34,"{""distance"":7,""physical_error_rate"":0.002}","{""detection_events"":173108,""detectors_checked"":22394880}"
     17408,         0,         0,    1.60,standalone_exact_mw,9d8ad86e51451842b54dafc7680d1b486ef291963bb72c70f3cdd570d2d8fa34,"{""distance"":7,""physical_error_rate"":0.002}","{""detection_events"":108674,""detectors_checked"":14100480}"
     23552,         0,         0,    2.23,standalone_exact_mw,9d8ad86e51451842b54dafc7680d1b486ef291963bb72c70f3cdd570d2d8fa34,"{""distance"":7,""physical_error_rate"":0.002}","{""detection_events"":146913,""detectors_checked"":19077120}"
     13312,         0,         0,    1.57,standalone_exact_mw,9d8ad86e51451842b54dafc7680d1b486ef291963bb72c70f3cdd570d2d8fa34,"{""distance"":7,""physical_error_rate"":0.002}","{""detection_events"":82768,""detectors_checked"":10782720}"
      9216,         0,         0,    1.64,standalone_exact_mw,9d8ad86e51451842b54dafc7680d1b486ef291963bb72c70f3cdd570d2d8fa34,"{""distance"":7,""physical_error_rate"":0.002}","{""detection_events"":57415,""detectors_checked"":7464960}"
     16384,         0,         0,    2.32,standalone_exact_mw,9d8ad86e51451842b54dafc7680d1b486ef291963bb72c70f3cdd570d2d8fa34,"{""distance"":7,""physical_error_rate"":0.002}","{""detection_events"":101940,""detectors_checked"":13271040}"
     13312,         0,         0,    2.28,standalone_exact_mw,9d8ad86e51451842b54dafc7680d1b486ef291963bb72c70f3cdd570d2d8fa34,"{""distance"":7,""physical_error_rate"":0.002}","{""detection_events"":81792,""detectors_checked"":10782720}"
     26624,         0,         0,    2.20,standalone_exact_mw,9d8ad86e51451842b54dafc7680d1b486ef291963bb72c70f3cdd570d2d8fa34,"{""distance"":7,""physical_error_rate"":0.002}","{""detection_events"":164701,""detectors_checked"":21565440}"
     23552,         0,         0,    2.21,standalone_exact_mw,9d8ad86e51451842b54dafc7680d1b486ef291963bb72c70f3cdd570d2d8fa34,"{""distance"":7,""physical_error_rate"":0.002}","{""detection_events"":145980,""detectors_checked"":19077120}"
     23552,         0,         0,    2.19,standalone_exact_mw,9d8ad86e51451842b54dafc7680d1b486ef291963bb72c70f3cdd570d2d8fa34,"{""distance"":7,""physical_error_rate"":0.002}","{""detection_events"":145911,""detectors_checked"":19077120}"
     24576,         0,         0,    2.30,standalone_exact_mw,9d8ad86e51451842b54dafc7680d1b486ef291963bb72c70f3cdd570d2d8fa34,"{""distance"":7,""physical_error_rate"":0.002}","{""detection_events"":152172,""detectors_checked"":19906560}"
     14336,         0,         0,    1.53,standalone_exact_mw,9d8ad86e51451842b54dafc7680d1b486ef291963bb72c70f3cdd570d2d8fa34,"{""distance"":7,""physical_error_rate"":0.002}","{""detection_events"":88933,""detectors_checked"":11612160}"
     27648,         0,         0,    2.24,standalone_exact_mw,9d8ad86e51451842b54dafc7680d1b486ef291963bb72c70f3cdd570d2d8fa34,"{""distance"":7,""physical_error_rate"":0.002}","{""detection_events"":171046,""detectors_checked"":22394880}"
     25600,         0,         0,    2.29,standalone_exact_mw,9d8ad86e51451842b54dafc7680d1b486ef291963bb72c70f3cdd570d2d8fa34,"{""distance"":7,""physical_error_rate"":0.002}","{""detection_events"":159352,""detectors_checked"":20736000}"
     25600,         0,         0,    2.18,standalone_exact_mw,9d8ad86e51451842b54dafc7680d1b486ef291963bb72c70f3cdd570d2d8fa34,"{""distance"":7,""physical_error_rate"":0.002}","{""detection_events"":159680,""detectors_checked"":20736000}"
     23552,         0,         0,    2.21,standalone_exact_mw,9d8ad86e51451842b54dafc7680d1b486ef291963bb72c70f3cdd570d2d8fa34,"{""distance"":7,""physical_error_rate"":0.002}","{""detection_events"":145704,""detectors_checked"":19077120}"
     17408,         0,         0,    2.28,standalone_exact_mw,9d8ad86e51451842b54dafc7680d1b486ef291963bb72c70f3cdd570d2d8fa34,"{""distance"":7,""physical_error_rate"":0.002}","{""detection_events"":108083,""detectors_checked"":14100480}"
     14336,         0,         0,    2.20,standalone_exact_mw,9d8ad86e51451842b54dafc7680d1b486ef291963bb72c70f3cdd570d2d8fa34,"{""distance"":7,""physical_error_rate"":0.002}","{""detection_events"":89263,""detectors_checked"":11612160}"
      8192,         0,         0,    1.59,standalone_exact_mw,9d8ad86e51451842b54dafc7680d1b486ef291963bb72c70f3cdd570d2d8fa34,"{""distance"":7,""physical_error_rate"":0.002}","{""detection_events"":50541,""detectors_checked"":6635520}"
     23552,         0,         0,    2.19,standalone_exact_mw,9d8ad86e51451842b54dafc7680d1b486ef291963bb72c70f3cdd570d2d8fa34,"{""distance"":7,""physical_error_rate"":0.002}","{""detection_events"":146469,""detectors_checked"":19077120}"
      4096,         0,         0,    1.33,standalone_exact_mw,9d8ad86e51451842b54dafc7680d1b486ef291963bb72c70f3cdd570d2d8fa34,"{""distance"":7,""physical_error_rate"":0.002}","{""detection_events"":25776,""detectors_checked"":3317760}"
     10240,         0,         0,    1.19,standalone_exact_mw,9d8ad86e51451842b54dafc7680d1b486ef291963bb72c70f3cdd570d2d8fa34,"{""distance"":7,""physical_error_rate"":0.002}","{""detection_events"":63647,""detectors_checked"":8294400}"
     35840,         0,         0,    2.19,standalone_exact_mw,9d8ad86e51451842b54dafc7680d1b486ef291963bb72c70f3cdd570d2d8fa34,"{""distance"":7,""physical_error_rate"":0.002}","{""detection_events"":222686,""detectors_checked"":29030400}"
     29696,         0,         0,    2.19,standalone_exact_mw,9d8ad86e51451842b54dafc7680d1b486ef291963bb72c70f3cdd570d2d8fa34,"{""distance"":7,""physical_error_rate"":0.002}","{""detection_events"":185260,""detectors_checked"":24053760}"
     29696,         0,         0,    2.18,standalone_exact_mw,9d8ad86e51451842b54dafc7680d1b486ef291963bb72c70f3cdd570d2d8fa34,"{""distance"":7,""physical_error_rate"":0.002}","{""detection_events"":184445,""detectors_checked"":24053760}"
     13312,         0,         0,    2.22,standalone_exact_mw,9d8ad86e51451842b54dafc7680d1b486ef291963bb72c70f3cdd570d2d8fa34,"{""distance"":7,""physical_error_rate"":0.002}","{""detection_events"":82595,""detectors_checked"":10782720}"
     27648,         0,         0,    2.23,standalone_exact_mw,9d8ad86e51451842b54dafc7680d1b486ef291963bb72c70f3cdd570d2d8fa34,"{""distance"":7,""physical_error_rate"":0.002}","{""detection_events"":173352,""detectors_checked"":22394880}"
      5120,         0,         0,    1.66,standalone_exact_mw,9d8ad86e51451842b54dafc7680d1b486ef291963bb72c70f3cdd570d2d8fa34,"{""distance"":7,""physical_error_rate"":0.002}","{""detection_events"":31695,""detectors_checked"":4147200}"
     18432,         0,         0,    2.28,standalone_exact_mw,9d8ad86e51451842b54dafc7680d1b486ef291963bb72c70f3cdd570d2d8fa34,"{""distance"":7,""physical_error_rate"":0.002}","{""detection_events"":114365,""detectors_checked"":14929920}"
     19456,         0,         0,    2.20,standalone_exact_mw,9d8ad86e51451842b54dafc7680d1b486ef291963bb72c70f3cdd570d2d8fa34,"{""distance"":7,""physical_error_rate"":0.002}","{""detection_events"":120680,""detectors_checked"":15759360}"
     13312,         0,         0,    2.25,standalone_exact_mw,9d8ad86e51451842b54dafc7680d1b486ef291963bb72c70f3cdd570d2d8fa34,"{""distance"":7,""physical_error_rate"":0.002}","{""detection_events"":83049,""detectors_checked"":10782720}"
    852992,         0,         0,   119.8,standalone_exact_mw,9d8ad86e51451842b54dafc7680d1b486ef291963bb72c70f3cdd570d2d8fa34,"{""distance"":7,""physical_error_rate"":0.002}","{""detection_events"":5298437,""detectors_checked"":690923520}"
     11264,         0,         0,    1.57,standalone_exact_mw,9d8ad86e51451842b54dafc7680d1b486ef291963bb72c70f3cdd570d2d8fa34,"{""distance"":7,""physical_error_rate"":0.002}","{""detection_events"":69661,""detectors_checked"":9123840}"
     20480,         0,         0,    2.25,standalone_exact_mw,9d8ad86e51451842b54dafc7680d1b486ef291963bb72c70f3cdd570d2d8fa34,"{""distance"":7,""physical_error_rate"":0.002}","{""detection_events"":127071,""detectors_checked"":16588800}"
     26624,         0,         0,    2.18,standalone_exact_mw,9d8ad86e51451842b54dafc7680d1b486ef291963bb72c70f3cdd570d2d8fa34,"{""distance"":7,""physical_error_rate"":0.002}","{""detection_events"":165712,""detectors_checked"":21565440}"
     17408,         0,         0,    2.19,standalone_exact_mw,9d8ad86e51451842b54dafc7680d1b486ef291963bb72c70f3cdd570d2d8fa34,"{""distance"":7,""physical_error_rate"":0.002}","{""detection_events"":108125,""detectors_checked"":14100480}"
     26624,         0,         0,    2.23,standalone_exact_mw,9d8ad86e51451842b54dafc7680d1b486ef291963bb72c70f3cdd570d2d8fa34,"{""distance"":7,""physical_error_rate"":0.002}","{""detection_events"":166337,""detectors_checked"":21565440}"
     10240,         0,         0,    2.27,standalone_exact_mw,9d8ad86e51451842b54dafc7680d1b486ef291963bb72c70f3cdd570d2d8fa34,"{""distance"":7,""physical_error_rate"":0.002}","{""detection_events"":63863,""detectors_checked"":8294400}"
     27648,         0,         0,    2.23,standalone_exact_mw,9d8ad86e51451842b54dafc7680d1b486ef291963bb72c70f3cdd570d2d8fa34,"{""distance"":7,""physical_error_rate"":0.002}","{""detection_events"":171640,""detectors_checked"":22394880}"
     10240,         0,         0,    2.24,standalone_exact_mw,9d8ad86e51451842b54dafc7680d1b486ef291963bb72c70f3cdd570d2d8fa34,"{""distance"":7,""physical_error_rate"":0.002}","{""detection_events"":63703,""detectors_checked"":8294400}"
      8192,         0,         0,    1.57,standalone_exact_mw,9d8ad86e51451842b54dafc7680d1b486ef291963bb72c70f3cdd570d2d8fa34,"{""distance"":7,""physical_error_rate"":0.002}","{""detection_events"":50083,""detectors_checked"":6635520}"
     17408,         0,         0,    2.26,standalone_exact_mw,9d8ad86e51451842b54dafc7680d1b486ef291963bb72c70f3cdd570d2d8fa34,"{""distance"":7,""physical_error_rate"":0.002}","{""detection_events"":107955,""detectors_checked"":14100480}"
     15360,         0,         0,    2.44,standalone_exact_mw,9d8ad86e51451842b54dafc7680d1b486ef291963bb72c70f3cdd570d2d8fa34,"{""distance"":7,""physical_error_rate"":0.002}","{""detection_events"":95704,""detectors_checked"":12441600}"
     28672,         0,         0,    2.22,standalone_exact_mw,9d8ad86e51451842b54dafc7680d1b486ef291963bb72c70f3cdd570d2d8fa34,"{""distance"":7,""physical_error_rate"":0.002}","{""detection_events"":177943,""detectors_checked"":23224320}"
     39936,         0,         0,    2.22,standalone_exact_mw,9d8ad86e51451842b54dafc7680d1b486ef291963bb72c70f3cdd570d2d8fa34,"{""distance"":7,""physical_error_rate"":0.002}","{""detection_events"":247627,""detectors_checked"":32348160}"
     22528,         0,         0,    2.34,standalone_exact_mw,9d8ad86e51451842b54dafc7680d1b486ef291963bb72c70f3cdd570d2d8fa34,"{""distance"":7,""physical_error_rate"":0.002}","{""detection_events"":139776,""detectors_checked"":18247680}"
     10240,         0,         0,    2.33,standalone_exact_mw,9d8ad86e51451842b54dafc7680d1b486ef291963bb72c70f3cdd570d2d8fa34,"{""distance"":7,""physical_error_rate"":0.002}","{""detection_events"":63432,""detectors_checked"":8294400}"
     15360,         0,         0,    2.27,standalone_exact_mw,9d8ad86e51451842b54dafc7680d1b486ef291963bb72c70f3cdd570d2d8fa34,"{""distance"":7,""physical_error_rate"":0.002}","{""detection_events"":94436,""detectors_checked"":12441600}"
     22528,         0,         0,    2.25,standalone_exact_mw,9d8ad86e51451842b54dafc7680d1b486ef291963bb72c70f3cdd570d2d8fa34,"{""distance"":7,""physical_error_rate"":0.002}","{""detection_events"":139734,""detectors_checked"":18247680}"
     20480,         0,         0,    2.30,standalone_exact_mw,9d8ad86e51451842b54dafc7680d1b486ef291963bb72c70f3cdd570d2d8fa34,"{""distance"":7,""physical_error_rate"":0.002}","{""detection_events"":127560,""detectors_checked"":16588800}"
     40960,         0,         0,    3.07,standalone_exact_mw,9d8ad86e51451842b54dafc7680d1b486ef291963bb72c70f3cdd570d2d8fa34,"{""distance"":7,""physical_error_rate"":0.002}","{""detection_events"":254685,""detectors_checked"":33177600}"
   1262592,         1,         0,   119.6,standalone_exact_mw,9d8ad86e51451842b54dafc7680d1b486ef291963bb72c70f3cdd570d2d8fa34,"{""distance"":7,""physical_error_rate"":0.002}","{""detection_events"":7856558,""detectors_checked"":1022699520,""obs_mistake_mask=E"":1}"
     22528,         0,         0,    2.26,standalone_exact_mw,9d8ad86e51451842b54dafc7680d1b486ef291963bb72c70f3cdd570d2d8fa34,"{""distance"":7,""physical_error_rate"":0.002}","{""detection_events"":138942,""detectors_checked"":18247680}"
     12288,         0,         0,    1.64,standalone_exact_mw,9d8ad86e51451842b54dafc7680d1b486ef291963bb72c70f3cdd570d2d8fa34,"{""distance"":7,""physical_error_rate"":0.002}","{""detection_events"":76195,""detectors_checked"":9953280}"
     28672,         0,         0,    2.26,standalone_exact_mw,9d8ad86e51451842b54dafc7680d1b486ef291963bb72c70f3cdd570d2d8fa34,"{""distance"":7,""physical_error_rate"":0.002}","{""detection_events"":178480,""detectors_checked"":23224320}"
     10240,         0,         0,    1.63,standalone_exact_mw,9d8ad86e51451842b54dafc7680d1b486ef291963bb72c70f3cdd570d2d8fa34,"{""distance"":7,""physical_error_rate"":0.002}","{""detection_events"":63890,""detectors_checked"":8294400}"
     19456,         0,         0,    2.25,standalone_exact_mw,9d8ad86e51451842b54dafc7680d1b486ef291963bb72c70f3cdd570d2d8fa34,"{""distance"":7,""physical_error_rate"":0.002}","{""detection_events"":121801,""detectors_checked"":15759360}"
     57344,         0,         0,    3.15,standalone_exact_mw,9d8ad86e51451842b54dafc7680d1b486ef291963bb72c70f3cdd570d2d8fa34,"{""distance"":7,""physical_error_rate"":0.002}","{""detection_events"":357499,""detectors_checked"":46448640}"
     37888,         0,         0,    3.06,standalone_exact_mw,9d8ad86e51451842b54dafc7680d1b486ef291963bb72c70f3cdd570d2d8fa34,"{""distance"":7,""physical_error_rate"":0.002}","{""detection_events"":235011,""detectors_checked"":30689280}"
     33792,         0,         0,    3.13,standalone_exact_mw,9d8ad86e51451842b54dafc7680d1b486ef291963bb72c70f3cdd570d2d8fa34,"{""distance"":7,""physical_error_rate"":0.002}","{""detection_events"":210080,""detectors_checked"":27371520}"
     41984,         0,         0,    3.17,standalone_exact_mw,9d8ad86e51451842b54dafc7680d1b486ef291963bb72c70f3cdd570d2d8fa34,"{""distance"":7,""physical_error_rate"":0.002}","{""detection_events"":261450,""detectors_checked"":34007040}"
     17408,         0,         0,    2.37,standalone_exact_mw,9d8ad86e51451842b54dafc7680d1b486ef291963bb72c70f3cdd570d2d8fa34,"{""distance"":7,""physical_error_rate"":0.002}","{""detection_events"":108449,""detectors_checked"":14100480}"
     32768,         0,         0,    3.10,standalone_exact_mw,9d8ad86e51451842b54dafc7680d1b486ef291963bb72c70f3cdd570d2d8fa34,"{""distance"":7,""physical_error_rate"":0.002}","{""detection_events"":202712,""detectors_checked"":26542080}"
     37888,         0,         0,    3.08,standalone_exact_mw,9d8ad86e51451842b54dafc7680d1b486ef291963bb72c70f3cdd570d2d8fa34,"{""distance"":7,""physical_error_rate"":0.002}","{""detection_events"":235344,""detectors_checked"":30689280}"
     37888,         0,         0,    3.08,standalone_exact_mw,9d8ad86e51451842b54dafc7680d1b486ef291963bb72c70f3cdd570d2d8fa34,"{""distance"":7,""physical_error_rate"":0.002}","{""detection_events"":234519,""detectors_checked"":30689280}"
     10240,         0,         0,    2.55,standalone_exact_mw,9d8ad86e51451842b54dafc7680d1b486ef291963bb72c70f3cdd570d2d8fa34,"{""distance"":7,""physical_error_rate"":0.002}","{""detection_events"":63581,""detectors_checked"":8294400}"
     25600,         0,         0,    3.07,standalone_exact_mw,9d8ad86e51451842b54dafc7680d1b486ef291963bb72c70f3cdd570d2d8fa34,"{""distance"":7,""physical_error_rate"":0.002}","{""detection_events"":158770,""detectors_checked"":20736000}"
     23552,         0,         0,    3.08,standalone_exact_mw,9d8ad86e51451842b54dafc7680d1b486ef291963bb72c70f3cdd570d2d8fa34,"{""distance"":7,""physical_error_rate"":0.002}","{""detection_events"":147755,""detectors_checked"":19077120}"
     31744,         0,         0,    3.18,standalone_exact_mw,9d8ad86e51451842b54dafc7680d1b486ef291963bb72c70f3cdd570d2d8fa34,"{""distance"":7,""physical_error_rate"":0.002}","{""detection_events"":198192,""detectors_checked"":25712640}"
     38912,         0,         0,    3.10,standalone_exact_mw,9d8ad86e51451842b54dafc7680d1b486ef291963bb72c70f3cdd570d2d8fa34,"{""distance"":7,""physical_error_rate"":0.002}","{""detection_events"":243462,""detectors_checked"":31518720}"
     33792,         0,         0,    3.07,standalone_exact_mw,9d8ad86e51451842b54dafc7680d1b486ef291963bb72c70f3cdd570d2d8fa34,"{""distance"":7,""physical_error_rate"":0.002}","{""detection_events"":210206,""detectors_checked"":27371520}"
     16384,         0,         0,    2.39,standalone_exact_mw,9d8ad86e51451842b54dafc7680d1b486ef291963bb72c70f3cdd570d2d8fa34,"{""distance"":7,""physical_error_rate"":0.002}","{""detection_events"":102478,""detectors_checked"":13271040}"
    911360,         0,         0,   119.8,standalone_exact_mw,9d8ad86e51451842b54dafc7680d1b486ef291963bb72c70f3cdd570d2d8fa34,"{""distance"":7,""physical_error_rate"":0.002}","{""detection_events"":5665465,""detectors_checked"":738201600}"
     17408,         0,         0,    3.32,standalone_exact_mw,9d8ad86e51451842b54dafc7680d1b486ef291963bb72c70f3cdd570d2d8fa34,"{""distance"":7,""physical_error_rate"":0.002}","{""detection_events"":107967,""detectors_checked"":14100480}"
     44032,         0,         0,    3.10,standalone_exact_mw,9d8ad86e51451842b54dafc7680d1b486ef291963bb72c70f3cdd570d2d8fa34,"{""distance"":7,""physical_error_rate"":0.002}","{""detection_events"":274884,""detectors_checked"":35665920}"
     57344,         0,         0,    3.07,standalone_exact_mw,9d8ad86e51451842b54dafc7680d1b486ef291963bb72c70f3cdd570d2d8fa34,"{""distance"":7,""physical_error_rate"":0.002}","{""detection_events"":354986,""detectors_checked"":46448640}"
     14336,         0,         0,    2.31,standalone_exact_mw,9d8ad86e51451842b54dafc7680d1b486ef291963bb72c70f3cdd570d2d8fa34,"{""distance"":7,""physical_error_rate"":0.002}","{""detection_events"":88952,""detectors_checked"":11612160}"
     32768,         0,         0,    3.06,standalone_exact_mw,9d8ad86e51451842b54dafc7680d1b486ef291963bb72c70f3cdd570d2d8fa34,"{""distance"":7,""physical_error_rate"":0.002}","{""detection_events"":203324,""detectors_checked"":26542080}"
     31744,         0,         0,    3.12,standalone_exact_mw,9d8ad86e51451842b54dafc7680d1b486ef291963bb72c70f3cdd570d2d8fa34,"{""distance"":7,""physical_error_rate"":0.002}","{""detection_events"":196432,""detectors_checked"":25712640}"
     37888,         0,         0,    3.10,standalone_exact_mw,9d8ad86e51451842b54dafc7680d1b486ef291963bb72c70f3cdd570d2d8fa34,"{""distance"":7,""physical_error_rate"":0.002}","{""detection_events"":233627,""detectors_checked"":30689280}"
     36864,         0,         0,    3.06,standalone_exact_mw,9d8ad86e51451842b54dafc7680d1b486ef291963bb72c70f3cdd570d2d8fa34,"{""distance"":7,""physical_error_rate"":0.002}","{""detection_events"":228917,""detectors_checked"":29859840}"
     35840,         0,         0,    3.05,standalone_exact_mw,9d8ad86e51451842b54dafc7680d1b486ef291963bb72c70f3cdd570d2d8fa34,"{""distance"":7,""physical_error_rate"":0.002}","{""detection_events"":221924,""detectors_checked"":29030400}"
     29696,         0,         0,    3.07,standalone_exact_mw,9d8ad86e51451842b54dafc7680d1b486ef291963bb72c70f3cdd570d2d8fa34,"{""distance"":7,""physical_error_rate"":0.002}","{""detection_events"":183706,""detectors_checked"":24053760}"
     11264,         0,         0,    2.33,standalone_exact_mw,9d8ad86e51451842b54dafc7680d1b486ef291963bb72c70f3cdd570d2d8fa34,"{""distance"":7,""physical_error_rate"":0.002}","{""detection_events"":69832,""detectors_checked"":9123840}"
     38912,         0,         0,    3.12,standalone_exact_mw,9d8ad86e51451842b54dafc7680d1b486ef291963bb72c70f3cdd570d2d8fa34,"{""distance"":7,""physical_error_rate"":0.002}","{""detection_events"":242219,""detectors_checked"":31518720}"
     19456,         0,         0,    3.11,standalone_exact_mw,9d8ad86e51451842b54dafc7680d1b486ef291963bb72c70f3cdd570d2d8fa34,"{""distance"":7,""physical_error_rate"":0.002}","{""detection_events"":121877,""detectors_checked"":15759360}"
     18432,         0,         0,    3.05,standalone_exact_mw,9d8ad86e51451842b54dafc7680d1b486ef291963bb72c70f3cdd570d2d8fa34,"{""distance"":7,""physical_error_rate"":0.002}","{""detection_events"":114224,""detectors_checked"":14929920}"
     26624,         0,         0,    3.16,standalone_exact_mw,9d8ad86e51451842b54dafc7680d1b486ef291963bb72c70f3cdd570d2d8fa34,"{""distance"":7,""physical_error_rate"":0.002}","{""detection_events"":165194,""detectors_checked"":21565440}"
     39936,         0,         0,    3.07,standalone_exact_mw,9d8ad86e51451842b54dafc7680d1b486ef291963bb72c70f3cdd570d2d8fa34,"{""distance"":7,""physical_error_rate"":0.002}","{""detection_events"":249123,""detectors_checked"":32348160}"
     24576,         0,         0,    3.18,standalone_exact_mw,9d8ad86e51451842b54dafc7680d1b486ef291963bb72c70f3cdd570d2d8fa34,"{""distance"":7,""physical_error_rate"":0.002}","{""detection_events"":152200,""detectors_checked"":19906560}"
     11264,         0,         0,    2.21,standalone_exact_mw,9d8ad86e51451842b54dafc7680d1b486ef291963bb72c70f3cdd570d2d8fa34,"{""distance"":7,""physical_error_rate"":0.002}","{""detection_events"":70129,""detectors_checked"":9123840}"
     29696,         0,         0,    3.13,standalone_exact_mw,9d8ad86e51451842b54dafc7680d1b486ef291963bb72c70f3cdd570d2d8fa34,"{""distance"":7,""physical_error_rate"":0.002}","{""detection_events"":185266,""detectors_checked"":24053760}"
     39936,         0,         0,    3.08,standalone_exact_mw,9d8ad86e51451842b54dafc7680d1b486ef291963bb72c70f3cdd570d2d8fa34,"{""distance"":7,""physical_error_rate"":0.002}","{""detection_events"":247635,""detectors_checked"":32348160}"
     39936,         0,         0,    3.16,standalone_exact_mw,9d8ad86e51451842b54dafc7680d1b486ef291963bb72c70f3cdd570d2d8fa34,"{""distance"":7,""physical_error_rate"":0.002}","{""detection_events"":249050,""detectors_checked"":32348160}"
     24576,         0,         0,    3.13,standalone_exact_mw,9d8ad86e51451842b54dafc7680d1b486ef291963bb72c70f3cdd570d2d8fa34,"{""distance"":7,""physical_error_rate"":0.002}","{""detection_events"":152641,""detectors_checked"":19906560}"
     20480,         0,         0,    3.07,standalone_exact_mw,9d8ad86e51451842b54dafc7680d1b486ef291963bb72c70f3cdd570d2d8fa34,"{""distance"":7,""physical_error_rate"":0.002}","{""detection_events"":127539,""detectors_checked"":16588800}"
     35840,         0,         0,    3.08,standalone_exact_mw,9d8ad86e51451842b54dafc7680d1b486ef291963bb72c70f3cdd570d2d8fa34,"{""distance"":7,""physical_error_rate"":0.002}","{""detection_events"":223379,""detectors_checked"":29030400}"
     21504,         0,         0,    3.22,standalone_exact_mw,9d8ad86e51451842b54dafc7680d1b486ef291963bb72c70f3cdd570d2d8fa34,"{""distance"":7,""physical_error_rate"":0.002}","{""detection_events"":132363,""detectors_checked"":17418240}"
     28672,         0,         0,    3.20,standalone_exact_mw,9d8ad86e51451842b54dafc7680d1b486ef291963bb72c70f3cdd570d2d8fa34,"{""distance"":7,""physical_error_rate"":0.002}","{""detection_events"":177366,""detectors_checked"":23224320}"
     22528,         0,         0,    3.23,standalone_exact_mw,9d8ad86e51451842b54dafc7680d1b486ef291963bb72c70f3cdd570d2d8fa34,"{""distance"":7,""physical_error_rate"":0.002}","{""detection_events"":139044,""detectors_checked"":18247680}"
     46080,         0,         0,    3.09,standalone_exact_mw,9d8ad86e51451842b54dafc7680d1b486ef291963bb72c70f3cdd570d2d8fa34,"{""distance"":7,""physical_error_rate"":0.002}","{""detection_events"":286356,""detectors_checked"":37324800}"
     40960,         0,         0,    3.06,standalone_exact_mw,9d8ad86e51451842b54dafc7680d1b486ef291963bb72c70f3cdd570d2d8fa34,"{""distance"":7,""physical_error_rate"":0.002}","{""detection_events"":253929,""detectors_checked"":33177600}"
     29696,         0,         0,    3.23,standalone_exact_mw,9d8ad86e51451842b54dafc7680d1b486ef291963bb72c70f3cdd570d2d8fa34,"{""distance"":7,""physical_error_rate"":0.002}","{""detection_events"":185084,""detectors_checked"":24053760}"
     12288,         0,         0,    2.18,standalone_exact_mw,9d8ad86e51451842b54dafc7680d1b486ef291963bb72c70f3cdd570d2d8fa34,"{""distance"":7,""physical_error_rate"":0.002}","{""detection_events"":76492,""detectors_checked"":9953280}"
     43008,         0,         0,    3.08,standalone_exact_mw,9d8ad86e51451842b54dafc7680d1b486ef291963bb72c70f3cdd570d2d8fa34,"{""distance"":7,""physical_error_rate"":0.002}","{""detection_events"":267965,""detectors_checked"":34836480}"
     35840,         0,         0,    3.27,standalone_exact_mw,9d8ad86e51451842b54dafc7680d1b486ef291963bb72c70f3cdd570d2d8fa34,"{""distance"":7,""physical_error_rate"":0.002}","{""detection_events"":222284,""detectors_checked"":29030400}"
     12288,         0,         0,    2.23,standalone_exact_mw,9d8ad86e51451842b54dafc7680d1b486ef291963bb72c70f3cdd570d2d8fa34,"{""distance"":7,""physical_error_rate"":0.002}","{""detection_events"":76262,""detectors_checked"":9953280}"
     30720,         0,         0,    3.05,standalone_exact_mw,9d8ad86e51451842b54dafc7680d1b486ef291963bb72c70f3cdd570d2d8fa34,"{""distance"":7,""physical_error_rate"":0.002}","{""detection_events"":190706,""detectors_checked"":24883200}"
     36864,         0,         0,    3.07,standalone_exact_mw,9d8ad86e51451842b54dafc7680d1b486ef291963bb72c70f3cdd570d2d8fa34,"{""distance"":7,""physical_error_rate"":0.002}","{""detection_events"":229272,""detectors_checked"":29859840}"
     16384,         0,         0,    3.09,standalone_exact_mw,9d8ad86e51451842b54dafc7680d1b486ef291963bb72c70f3cdd570d2d8fa34,"{""distance"":7,""physical_error_rate"":0.002}","{""detection_events"":101609,""detectors_checked"":13271040}"
     38912,         0,         0,    3.09,standalone_exact_mw,9d8ad86e51451842b54dafc7680d1b486ef291963bb72c70f3cdd570d2d8fa34,"{""distance"":7,""physical_error_rate"":0.002}","{""detection_events"":240857,""detectors_checked"":31518720}"
     38912,         0,         0,    3.11,standalone_exact_mw,9d8ad86e51451842b54dafc7680d1b486ef291963bb72c70f3cdd570d2d8fa34,"{""distance"":7,""physical_error_rate"":0.002}","{""detection_events"":240673,""detectors_checked"":31518720}"
     25600,         0,         0,    3.10,standalone_exact_mw,9d8ad86e51451842b54dafc7680d1b486ef291963bb72c70f3cdd570d2d8fa34,"{""distance"":7,""physical_error_rate"":0.002}","{""detection_events"":159041,""detectors_checked"":20736000}"
     22528,         0,         0,    3.09,standalone_exact_mw,9d8ad86e51451842b54dafc7680d1b486ef291963bb72c70f3cdd570d2d8fa34,"{""distance"":7,""physical_error_rate"":0.002}","{""detection_events"":138910,""detectors_checked"":18247680}"
     13312,         0,         0,    3.19,standalone_exact_mw,9d8ad86e51451842b54dafc7680d1b486ef291963bb72c70f3cdd570d2d8fa34,"{""distance"":7,""physical_error_rate"":0.002}","{""detection_events"":83180,""detectors_checked"":10782720}"
   1052672,         0,         0,   119.8,standalone_exact_mw,9d8ad86e51451842b54dafc7680d1b486ef291963bb72c70f3cdd570d2d8fa34,"{""distance"":7,""physical_error_rate"":0.002}","{""detection_events"":6543537,""detectors_checked"":852664320}"
      9216,         0,         0,    3.16,standalone_exact_mw,9d8ad86e51451842b54dafc7680d1b486ef291963bb72c70f3cdd570d2d8fa34,"{""distance"":7,""physical_error_rate"":0.002}","{""detection_events"":56895,""detectors_checked"":7464960}"
     28672,         0,         0,    3.11,standalone_exact_mw,9d8ad86e51451842b54dafc7680d1b486ef291963bb72c70f3cdd570d2d8fa34,"{""distance"":7,""physical_error_rate"":0.002}","{""detection_events"":178168,""detectors_checked"":23224320}"
     28672,         0,         0,    3.08,standalone_exact_mw,9d8ad86e51451842b54dafc7680d1b486ef291963bb72c70f3cdd570d2d8fa34,"{""distance"":7,""physical_error_rate"":0.002}","{""detection_events"":178418,""detectors_checked"":23224320}"
     25600,         0,         0,    3.06,standalone_exact_mw,9d8ad86e51451842b54dafc7680d1b486ef291963bb72c70f3cdd570d2d8fa34,"{""distance"":7,""physical_error_rate"":0.002}","{""detection_events"":158891,""detectors_checked"":20736000}"
     36864,         0,         0,    3.08,standalone_exact_mw,9d8ad86e51451842b54dafc7680d1b486ef291963bb72c70f3cdd570d2d8fa34,"{""distance"":7,""physical_error_rate"":0.002}","{""detection_events"":228718,""detectors_checked"":29859840}"
     14336,         0,         0,    3.08,standalone_exact_mw,9d8ad86e51451842b54dafc7680d1b486ef291963bb72c70f3cdd570d2d8fa34,"{""distance"":7,""physical_error_rate"":0.002}","{""detection_events"":88989,""detectors_checked"":11612160}"
     27648,         0,         0,    3.11,standalone_exact_mw,9d8ad86e51451842b54dafc7680d1b486ef291963bb72c70f3cdd570d2d8fa34,"{""distance"":7,""physical_error_rate"":0.002}","{""detection_events"":172084,""detectors_checked"":22394880}"
     40960,         0,         0,    3.00,standalone_exact_mw,9d8ad86e51451842b54dafc7680d1b486ef291963bb72c70f3cdd570d2d8fa34,"{""distance"":7,""physical_error_rate"":0.002}","{""detection_events"":254538,""detectors_checked"":33177600}"
     13312,         0,         0,    3.36,standalone_exact_mw,9d8ad86e51451842b54dafc7680d1b486ef291963bb72c70f3cdd570d2d8fa34,"{""distance"":7,""physical_error_rate"":0.002}","{""detection_events"":82008,""detectors_checked"":10782720}"
     16384,         0,         0,    3.07,standalone_exact_mw,9d8ad86e51451842b54dafc7680d1b486ef291963bb72c70f3cdd570d2d8fa34,"{""distance"":7,""physical_error_rate"":0.002}","{""detection_events"":101781,""detectors_checked"":13271040}"
     83968,         0,         0,    4.28,standalone_exact_mw,9d8ad86e51451842b54dafc7680d1b486ef291963bb72c70f3cdd570d2d8fa34,"{""distance"":7,""physical_error_rate"":0.002}","{""detection_events"":522495,""detectors_checked"":68014080}"
     20480,         0,         0,    3.10,standalone_exact_mw,9d8ad86e51451842b54dafc7680d1b486ef291963bb72c70f3cdd570d2d8fa34,"{""distance"":7,""physical_error_rate"":0.002}","{""detection_events"":126691,""detectors_checked"":16588800}"
     41984,         0,         0,    4.27,standalone_exact_mw,9d8ad86e51451842b54dafc7680d1b486ef291963bb72c70f3cdd570d2d8fa34,"{""distance"":7,""physical_error_rate"":0.002}","{""detection_events"":261726,""detectors_checked"":34007040}"
     70656,         0,         0,    4.29,standalone_exact_mw,9d8ad86e51451842b54dafc7680d1b486ef291963bb72c70f3cdd570d2d8fa34,"{""distance"":7,""physical_error_rate"":0.002}","{""detection_events"":439820,""detectors_checked"":57231360}"
     41984,         0,         0,    4.25,standalone_exact_mw,9d8ad86e51451842b54dafc7680d1b486ef291963bb72c70f3cdd570d2d8fa34,"{""distance"":7,""physical_error_rate"":0.002}","{""detection_events"":260072,""detectors_checked"":34007040}"
     49152,         0,         0,    4.29,standalone_exact_mw,9d8ad86e51451842b54dafc7680d1b486ef291963bb72c70f3cdd570d2d8fa34,"{""distance"":7,""physical_error_rate"":0.002}","{""detection_events"":305404,""detectors_checked"":39813120}"
     27648,         0,         0,    3.13,standalone_exact_mw,9d8ad86e51451842b54dafc7680d1b486ef291963bb72c70f3cdd570d2d8fa34,"{""distance"":7,""physical_error_rate"":0.002}","{""detection_events"":172270,""detectors_checked"":22394880}"
     53248,         0,         0,    4.25,standalone_exact_mw,9d8ad86e51451842b54dafc7680d1b486ef291963bb72c70f3cdd570d2d8fa34,"{""distance"":7,""physical_error_rate"":0.002}","{""detection_events"":330523,""detectors_checked"":43130880}"
     56320,         0,         0,    4.29,standalone_exact_mw,9d8ad86e51451842b54dafc7680d1b486ef291963bb72c70f3cdd570d2d8fa34,"{""distance"":7,""physical_error_rate"":0.002}","{""detection_events"":349926,""detectors_checked"":45619200}"
     53248,         0,         0,    4.28,standalone_exact_mw,9d8ad86e51451842b54dafc7680d1b486ef291963bb72c70f3cdd570d2d8fa34,"{""distance"":7,""physical_error_rate"":0.002}","{""detection_events"":331237,""detectors_checked"":43130880}"
     29696,         0,         0,    4.27,standalone_exact_mw,9d8ad86e51451842b54dafc7680d1b486ef291963bb72c70f3cdd570d2d8fa34,"{""distance"":7,""physical_error_rate"":0.002}","{""detection_events"":184811,""detectors_checked"":24053760}"
     52224,         0,         0,    4.26,standalone_exact_mw,9d8ad86e51451842b54dafc7680d1b486ef291963bb72c70f3cdd570d2d8fa34,"{""distance"":7,""physical_error_rate"":0.002}","{""detection_events"":325210,""detectors_checked"":42301440}"
     53248,         0,         0,    4.29,standalone_exact_mw,9d8ad86e51451842b54dafc7680d1b486ef291963bb72c70f3cdd570d2d8fa34,"{""distance"":7,""physical_error_rate"":0.002}","{""detection_events"":331761,""detectors_checked"":43130880}"
     59392,         0,         0,    4.29,standalone_exact_mw,9d8ad86e51451842b54dafc7680d1b486ef291963bb72c70f3cdd570d2d8fa34,"{""distance"":7,""physical_error_rate"":0.002}","{""detection_events"":369904,""detectors_checked"":48107520}"
     29696,         0,         0,    4.37,standalone_exact_mw,9d8ad86e51451842b54dafc7680d1b486ef291963bb72c70f3cdd570d2d8fa34,"{""distance"":7,""physical_error_rate"":0.002}","{""detection_events"":184984,""detectors_checked"":24053760}"
     65536,         0,         0,    4.25,standalone_exact_mw,9d8ad86e51451842b54dafc7680d1b486ef291963bb72c70f3cdd570d2d8fa34,"{""distance"":7,""physical_error_rate"":0.002}","{""detection_events"":407637,""detectors_checked"":53084160}"
     73728,         0,         0,    4.27,standalone_exact_mw,9d8ad86e51451842b54dafc7680d1b486ef291963bb72c70f3cdd570d2d8fa34,"{""distance"":7,""physical_error_rate"":0.002}","{""detection_events"":459722,""detectors_checked"":59719680}"
     30720,         0,         0,    4.40,standalone_exact_mw,9d8ad86e51451842b54dafc7680d1b486ef291963bb72c70f3cdd570d2d8fa34,"{""distance"":7,""physical_error_rate"":0.002}","{""detection_events"":191356,""detectors_checked"":24883200}"
     37888,         0,         0,    4.26,standalone_exact_mw,9d8ad86e51451842b54dafc7680d1b486ef291963bb72c70f3cdd570d2d8fa34,"{""distance"":7,""physical_error_rate"":0.002}","{""detection_events"":235877,""detectors_checked"":30689280}"
     53248,         0,         0,    4.29,standalone_exact_mw,9d8ad86e51451842b54dafc7680d1b486ef291963bb72c70f3cdd570d2d8fa34,"{""distance"":7,""physical_error_rate"":0.002}","{""detection_events"":331353,""detectors_checked"":43130880}"
     49152,         0,         0,    4.29,standalone_exact_mw,9d8ad86e51451842b54dafc7680d1b486ef291963bb72c70f3cdd570d2d8fa34,"{""distance"":7,""physical_error_rate"":0.002}","{""detection_events"":306317,""detectors_checked"":39813120}"
     62464,         0,         0,    4.30,standalone_exact_mw,9d8ad86e51451842b54dafc7680d1b486ef291963bb72c70f3cdd570d2d8fa34,"{""distance"":7,""physical_error_rate"":0.002}","{""detection_events"":389536,""detectors_checked"":50595840}"
     36864,         0,         0,    4.32,standalone_exact_mw,9d8ad86e51451842b54dafc7680d1b486ef291963bb72c70f3cdd570d2d8fa34,"{""distance"":7,""physical_error_rate"":0.002}","{""detection_events"":228535,""detectors_checked"":29859840}"
     53248,         0,         0,    4.28,standalone_exact_mw,9d8ad86e51451842b54dafc7680d1b486ef291963bb72c70f3cdd570d2d8fa34,"{""distance"":7,""physical_error_rate"":0.002}","{""detection_events"":331157,""detectors_checked"":43130880}"
     26624,         0,         0,    4.47,standalone_exact_mw,9d8ad86e51451842b54dafc7680d1b486ef291963bb72c70f3cdd570d2d8fa34,"{""distance"":7,""physical_error_rate"":0.002}","{""detection_events"":165375,""detectors_checked"":21565440}"
     20480,         0,         0,    3.33,standalone_exact_mw,9d8ad86e51451842b54dafc7680d1b486ef291963bb72c70f3cdd570d2d8fa34,"{""distance"":7,""physical_error_rate"":0.002}","{""detection_events"":127171,""detectors_checked"":16588800}"
     21504,         0,         0,    3.27,standalone_exact_mw,9d8ad86e51451842b54dafc7680d1b486ef291963bb72c70f3cdd570d2d8fa34,"{""distance"":7,""physical_error_rate"":0.002}","{""detection_events"":134202,""detectors_checked"":17418240}"
     14336,         0,         0,    4.27,standalone_exact_mw,9d8ad86e51451842b54dafc7680d1b486ef291963bb72c70f3cdd570d2d8fa34,"{""distance"":7,""physical_error_rate"":0.002}","{""detection_events"":88966,""detectors_checked"":11612160}"
     32768,         0,         0,    4.33,standalone_exact_mw,9d8ad86e51451842b54dafc7680d1b486ef291963bb72c70f3cdd570d2d8fa34,"{""distance"":7,""physical_error_rate"":0.002}","{""detection_events"":202822,""detectors_checked"":26542080}"
     53248,         0,         0,    4.32,standalone_exact_mw,9d8ad86e51451842b54dafc7680d1b486ef291963bb72c70f3cdd570d2d8fa34,"{""distance"":7,""physical_error_rate"":0.002}","{""detection_events"":330032,""detectors_checked"":43130880}"
     52224,         0,         0,    4.27,standalone_exact_mw,9d8ad86e51451842b54dafc7680d1b486ef291963bb72c70f3cdd570d2d8fa34,"{""distance"":7,""physical_error_rate"":0.002}","{""detection_events"":325993,""detectors_checked"":42301440}"
     60416,         0,         0,    4.25,standalone_exact_mw,9d8ad86e51451842b54dafc7680d1b486ef291963bb72c70f3cdd570d2d8fa34,"{""distance"":7,""physical_error_rate"":0.002}","{""detection_events"":374017,""detectors_checked"":48936960}"
     27648,         0,         0,    4.58,standalone_exact_mw,9d8ad86e51451842b54dafc7680d1b486ef291963bb72c70f3cdd570d2d8fa34,"{""distance"":7,""physical_error_rate"":0.002}","{""detection_events"":171532,""detectors_checked"":22394880}"
     28672,         0,         0,    4.27,standalone_exact_mw,9d8ad86e51451842b54dafc7680d1b486ef291963bb72c70f3cdd570d2d8fa34,"{""distance"":7,""physical_error_rate"":0.002}","{""detection_events"":177927,""detectors_checked"":23224320}"
     28672,         0,         0,    4.25,standalone_exact_mw,9d8ad86e51451842b54dafc7680d1b486ef291963bb72c70f3cdd570d2d8fa34,"{""distance"":7,""physical_error_rate"":0.002}","{""detection_events"":178073,""detectors_checked"":23224320}"
     20480,         0,         0,    4.70,standalone_exact_mw,9d8ad86e51451842b54dafc7680d1b486ef291963bb72c70f3cdd570d2d8fa34,"{""distance"":7,""physical_error_rate"":0.002}","{""detection_events"":127417,""detectors_checked"":16588800}"
     22528,         0,         0,    4.61,standalone_exact_mw,9d8ad86e51451842b54dafc7680d1b486ef291963bb72c70f3cdd570d2d8fa34,"{""distance"":7,""physical_error_rate"":0.002}","{""detection_events"":139356,""detectors_checked"":18247680}"
     61440,         0,         0,    4.27,standalone_exact_mw,9d8ad86e51451842b54dafc7680d1b486ef291963bb72c70f3cdd570d2d8fa34,"{""distance"":7,""physical_error_rate"":0.002}","{""detection_events"":382798,""detectors_checked"":49766400}"
     35840,         0,         0,    4.39,standalone_exact_mw,9d8ad86e51451842b54dafc7680d1b486ef291963bb72c70f3cdd570d2d8fa34,"{""distance"":7,""physical_error_rate"":0.002}","{""detection_events"":222638,""detectors_checked"":29030400}"
     37888,         0,         0,    4.25,standalone_exact_mw,9d8ad86e51451842b54dafc7680d1b486ef291963bb72c70f3cdd570d2d8fa34,"{""distance"":7,""physical_error_rate"":0.002}","{""detection_events"":236527,""detectors_checked"":30689280}"
     30720,         0,         0,    4.29,standalone_exact_mw,9d8ad86e51451842b54dafc7680d1b486ef291963bb72c70f3cdd570d2d8fa34,"{""distance"":7,""physical_error_rate"":0.002}","{""detection_events"":191365,""detectors_checked"":24883200}"
     35840,         0,         0,    4.41,standalone_exact_mw,9d8ad86e51451842b54dafc7680d1b486ef291963bb72c70f3cdd570d2d8fa34,"{""distance"":7,""physical_error_rate"":0.002}","{""detection_events"":223335,""detectors_checked"":29030400}"
     46080,         0,         0,    4.30,standalone_exact_mw,9d8ad86e51451842b54dafc7680d1b486ef291963bb72c70f3cdd570d2d8fa34,"{""distance"":7,""physical_error_rate"":0.002}","{""detection_events"":284802,""detectors_checked"":37324800}"
     51200,         0,         0,    4.37,standalone_exact_mw,9d8ad86e51451842b54dafc7680d1b486ef291963bb72c70f3cdd570d2d8fa34,"{""distance"":7,""physical_error_rate"":0.002}","{""detection_events"":318163,""detectors_checked"":41472000}"
     43008,         0,         0,    4.47,standalone_exact_mw,9d8ad86e51451842b54dafc7680d1b486ef291963bb72c70f3cdd570d2d8fa34,"{""distance"":7,""physical_error_rate"":0.002}","{""detection_events"":267368,""detectors_checked"":34836480}"
     36864,         0,         0,    4.28,standalone_exact_mw,9d8ad86e51451842b54dafc7680d1b486ef291963bb72c70f3cdd570d2d8fa34,"{""distance"":7,""physical_error_rate"":0.002}","{""detection_events"":227843,""detectors_checked"":29859840}"
     66560,         0,         0,    4.29,standalone_exact_mw,9d8ad86e51451842b54dafc7680d1b486ef291963bb72c70f3cdd570d2d8fa34,"{""distance"":7,""physical_error_rate"":0.002}","{""detection_events"":413836,""detectors_checked"":53913600}"
     53248,         0,         0,    4.25,standalone_exact_mw,9d8ad86e51451842b54dafc7680d1b486ef291963bb72c70f3cdd570d2d8fa34,"{""distance"":7,""physical_error_rate"":0.002}","{""detection_events"":332410,""detectors_checked"":43130880}"
     19456,         0,         0,    4.42,standalone_exact_mw,9d8ad86e51451842b54dafc7680d1b486ef291963bb72c70f3cdd570d2d8fa34,"{""distance"":7,""physical_error_rate"":0.002}","{""detection_events"":120847,""detectors_checked"":15759360}"
     64512,         0,         0,    4.28,standalone_exact_mw,9d8ad86e51451842b54dafc7680d1b486ef291963bb72c70f3cdd570d2d8fa34,"{""distance"":7,""physical_error_rate"":0.002}","{""detection_events"":400739,""detectors_checked"":52254720}"
     29696,         0,         0,    4.29,standalone_exact_mw,9d8ad86e51451842b54dafc7680d1b486ef291963bb72c70f3cdd570d2d8fa34,"{""distance"":7,""physical_error_rate"":0.002}","{""detection_events"":185372,""detectors_checked"":24053760}"
     18432,         0,         0,    4.40,standalone_exact_mw,9d8ad86e51451842b54dafc7680d1b486ef291963bb72c70f3cdd570d2d8fa34,"{""distance"":7,""physical_error_rate"":0.002}","{""detection_events"":115556,""detectors_checked"":14929920}"
     43008,         0,         0,    4.27,standalone_exact_mw,9d8ad86e51451842b54dafc7680d1b486ef291963bb72c70f3cdd570d2d8fa34,"{""distance"":7,""physical_error_rate"":0.002}","{""detection_events"":265980,""detectors_checked"":34836480}"
     28672,         0,         0,    4.33,standalone_exact_mw,9d8ad86e51451842b54dafc7680d1b486ef291963bb72c70f3cdd570d2d8fa34,"{""distance"":7,""physical_error_rate"":0.002}","{""detection_events"":179220,""detectors_checked"":23224320}"
     39936,         0,         0,    4.31,standalone_exact_mw,9d8ad86e51451842b54dafc7680d1b486ef291963bb72c70f3cdd570d2d8fa34,"{""distance"":7,""physical_error_rate"":0.002}","{""detection_events"":249763,""detectors_checked"":32348160}"
     26624,         0,         0,    4.36,standalone_exact_mw,9d8ad86e51451842b54dafc7680d1b486ef291963bb72c70f3cdd570d2d8fa34,"{""distance"":7,""physical_error_rate"":0.002}","{""detection_events"":165306,""detectors_checked"":21565440}"
     31744,         0,         0,    4.32,standalone_exact_mw,9d8ad86e51451842b54dafc7680d1b486ef291963bb72c70f3cdd570d2d8fa34,"{""distance"":7,""physical_error_rate"":0.002}","{""detection_events"":197557,""detectors_checked"":25712640}"
     33792,         0,         0,    4.43,standalone_exact_mw,9d8ad86e51451842b54dafc7680d1b486ef291963bb72c70f3cdd570d2d8fa34,"{""distance"":7,""physical_error_rate"":0.002}","{""detection_events"":208931,""detectors_checked"":27371520}"
     53248,         0,         0,    4.29,standalone_exact_mw,9d8ad86e51451842b54dafc7680d1b486ef291963bb72c70f3cdd570d2d8fa34,"{""distance"":7,""physical_error_rate"":0.002}","{""detection_events"":329951,""detectors_checked"":43130880}"
     40960,         0,         0,    4.33,standalone_exact_mw,9d8ad86e51451842b54dafc7680d1b486ef291963bb72c70f3cdd570d2d8fa34,"{""distance"":7,""physical_error_rate"":0.002}","{""detection_events"":255034,""detectors_checked"":33177600}"
     32768,         0,         0,    4.28,standalone_exact_mw,9d8ad86e51451842b54dafc7680d1b486ef291963bb72c70f3cdd570d2d8fa34,"{""distance"":7,""physical_error_rate"":0.002}","{""detection_events"":204653,""detectors_checked"":26542080}"
     22528,         0,         0,    4.26,standalone_exact_mw,9d8ad86e51451842b54dafc7680d1b486ef291963bb72c70f3cdd570d2d8fa34,"{""distance"":7,""physical_error_rate"":0.002}","{""detection_events"":140183,""detectors_checked"":18247680}"
     23552,         0,         0,    4.37,standalone_exact_mw,9d8ad86e51451842b54dafc7680d1b486ef291963bb72c70f3cdd570d2d8fa34,"{""distance"":7,""physical_error_rate"":0.002}","{""detection_events"":145951,""detectors_checked"":19077120}"
     35840,         0,         0,    4.38,standalone_exact_mw,9d8ad86e51451842b54dafc7680d1b486ef291963bb72c70f3cdd570d2d8fa34,"{""distance"":7,""physical_error_rate"":0.002}","{""detection_events"":222982,""detectors_checked"":29030400}"
     20480,         0,         0,    4.49,standalone_exact_mw,9d8ad86e51451842b54dafc7680d1b486ef291963bb72c70f3cdd570d2d8fa34,"{""distance"":7,""physical_error_rate"":0.002}","{""detection_events"":126531,""detectors_checked"":16588800}"
     29696,         0,         0,    4.44,standalone_exact_mw,9d8ad86e51451842b54dafc7680d1b486ef291963bb72c70f3cdd570d2d8fa34,"{""distance"":7,""physical_error_rate"":0.002}","{""detection_events"":184839,""detectors_checked"":24053760}"
     17408,         0,         0,    4.33,standalone_exact_mw,9d8ad86e51451842b54dafc7680d1b486ef291963bb72c70f3cdd570d2d8fa34,"{""distance"":7,""physical_error_rate"":0.002}","{""detection_events"":107394,""detectors_checked"":14100480}"
     20480,         0,         0,    4.38,standalone_exact_mw,9d8ad86e51451842b54dafc7680d1b486ef291963bb72c70f3cdd570d2d8fa34,"{""distance"":7,""physical_error_rate"":0.002}","{""detection_events"":127433,""detectors_checked"":16588800}"
    105472,         0,         0,    5.97,standalone_exact_mw,9d8ad86e51451842b54dafc7680d1b486ef291963bb72c70f3cdd570d2d8fa34,"{""distance"":7,""physical_error_rate"":0.002}","{""detection_events"":653884,""detectors_checked"":85432320}"
     67584,         0,         0,    5.97,standalone_exact_mw,9d8ad86e51451842b54dafc7680d1b486ef291963bb72c70f3cdd570d2d8fa34,"{""distance"":7,""physical_error_rate"":0.002}","{""detection_events"":418223,""detectors_checked"":54743040}"
    103424,         0,         0,    6.02,standalone_exact_mw,9d8ad86e51451842b54dafc7680d1b486ef291963bb72c70f3cdd570d2d8fa34,"{""distance"":7,""physical_error_rate"":0.002}","{""detection_events"":644173,""detectors_checked"":83773440}"
    100352,         0,         0,    5.98,standalone_exact_mw,9d8ad86e51451842b54dafc7680d1b486ef291963bb72c70f3cdd570d2d8fa34,"{""distance"":7,""physical_error_rate"":0.002}","{""detection_events"":624541,""detectors_checked"":81285120}"
     92160,         0,         0,    6.05,standalone_exact_mw,9d8ad86e51451842b54dafc7680d1b486ef291963bb72c70f3cdd570d2d8fa34,"{""distance"":7,""physical_error_rate"":0.002}","{""detection_events"":573736,""detectors_checked"":74649600}"
     78848,         0,         0,    5.96,standalone_exact_mw,9d8ad86e51451842b54dafc7680d1b486ef291963bb72c70f3cdd570d2d8fa34,"{""distance"":7,""physical_error_rate"":0.002}","{""detection_events"":490408,""detectors_checked"":63866880}"
     75776,         0,         0,    6.04,standalone_exact_mw,9d8ad86e51451842b54dafc7680d1b486ef291963bb72c70f3cdd570d2d8fa34,"{""distance"":7,""physical_error_rate"":0.002}","{""detection_events"":472044,""detectors_checked"":61378560}"
     78848,         0,         0,    6.03,standalone_exact_mw,9d8ad86e51451842b54dafc7680d1b486ef291963bb72c70f3cdd570d2d8fa34,"{""distance"":7,""physical_error_rate"":0.002}","{""detection_events"":488558,""detectors_checked"":63866880}"
     61440,         0,         0,    5.97,standalone_exact_mw,9d8ad86e51451842b54dafc7680d1b486ef291963bb72c70f3cdd570d2d8fa34,"{""distance"":7,""physical_error_rate"":0.002}","{""detection_events"":380723,""detectors_checked"":49766400}"
     65536,         0,         0,    6.04,standalone_exact_mw,9d8ad86e51451842b54dafc7680d1b486ef291963bb72c70f3cdd570d2d8fa34,"{""distance"":7,""physical_error_rate"":0.002}","{""detection_events"":405805,""detectors_checked"":53084160}"
     74752,         0,         0,    6.01,standalone_exact_mw,9d8ad86e51451842b54dafc7680d1b486ef291963bb72c70f3cdd570d2d8fa34,"{""distance"":7,""physical_error_rate"":0.002}","{""detection_events"":465215,""detectors_checked"":60549120}"
     38912,         0,         0,    6.14,standalone_exact_mw,9d8ad86e51451842b54dafc7680d1b486ef291963bb72c70f3cdd570d2d8fa34,"{""distance"":7,""physical_error_rate"":0.002}","{""detection_events"":242259,""detectors_checked"":31518720}"
     84992,         0,         0,    5.99,standalone_exact_mw,9d8ad86e51451842b54dafc7680d1b486ef291963bb72c70f3cdd570d2d8fa34,"{""distance"":7,""physical_error_rate"":0.002}","{""detection_events"":528897,""detectors_checked"":68843520}"
     52224,         0,         0,    6.03,standalone_exact_mw,9d8ad86e51451842b54dafc7680d1b486ef291963bb72c70f3cdd570d2d8fa34,"{""distance"":7,""physical_error_rate"":0.002}","{""detection_events"":323279,""detectors_checked"":42301440}"
     78848,         0,         0,    6.05,standalone_exact_mw,9d8ad86e51451842b54dafc7680d1b486ef291963bb72c70f3cdd570d2d8fa34,"{""distance"":7,""physical_error_rate"":0.002}","{""detection_events"":486779,""detectors_checked"":63866880}"
     58368,         0,         0,    6.08,standalone_exact_mw,9d8ad86e51451842b54dafc7680d1b486ef291963bb72c70f3cdd570d2d8fa34,"{""distance"":7,""physical_error_rate"":0.002}","{""detection_events"":364367,""detectors_checked"":47278080}"
     73728,         0,         0,    5.96,standalone_exact_mw,9d8ad86e51451842b54dafc7680d1b486ef291963bb72c70f3cdd570d2d8fa34,"{""distance"":7,""physical_error_rate"":0.002}","{""detection_events"":457126,""detectors_checked"":59719680}"
     62464,         0,         0,    5.99,standalone_exact_mw,9d8ad86e51451842b54dafc7680d1b486ef291963bb72c70f3cdd570d2d8fa34,"{""distance"":7,""physical_error_rate"":0.002}","{""detection_events"":388415,""detectors_checked"":50595840}"
     79872,         0,         0,    6.00,standalone_exact_mw,9d8ad86e51451842b54dafc7680d1b486ef291963bb72c70f3cdd570d2d8fa34,"{""distance"":7,""physical_error_rate"":0.002}","{""detection_events"":496521,""detectors_checked"":64696320}"
     63488,         0,         0,    6.00,standalone_exact_mw,9d8ad86e51451842b54dafc7680d1b486ef291963bb72c70f3cdd570d2d8fa34,"{""distance"":7,""physical_error_rate"":0.002}","{""detection_events"":393349,""detectors_checked"":51425280}"
     61440,         0,         0,    5.96,standalone_exact_mw,9d8ad86e51451842b54dafc7680d1b486ef291963bb72c70f3cdd570d2d8fa34,"{""distance"":7,""physical_error_rate"":0.002}","{""detection_events"":383254,""detectors_checked"":49766400}"
     69632,         0,         0,    6.03,standalone_exact_mw,9d8ad86e51451842b54dafc7680d1b486ef291963bb72c70f3cdd570d2d8fa34,"{""distance"":7,""physical_error_rate"":0.002}","{""detection_events"":433329,""detectors_checked"":56401920}"
     48128,         0,         0,    6.01,standalone_exact_mw,9d8ad86e51451842b54dafc7680d1b486ef291963bb72c70f3cdd570d2d8fa34,"{""distance"":7,""physical_error_rate"":0.002}","{""detection_events"":299286,""detectors_checked"":38983680}"
     37888,         0,         0,    6.06,standalone_exact_mw,9d8ad86e51451842b54dafc7680d1b486ef291963bb72c70f3cdd570d2d8fa34,"{""distance"":7,""physical_error_rate"":0.002}","{""detection_events"":234780,""detectors_checked"":30689280}"
     40960,         0,         0,    6.03,standalone_exact_mw,9d8ad86e51451842b54dafc7680d1b486ef291963bb72c70f3cdd570d2d8fa34,"{""distance"":7,""physical_error_rate"":0.002}","{""detection_events"":253222,""detectors_checked"":33177600}"
     40960,         0,         0,    6.01,standalone_exact_mw,9d8ad86e51451842b54dafc7680d1b486ef291963bb72c70f3cdd570d2d8fa34,"{""distance"":7,""physical_error_rate"":0.002}","{""detection_events"":254243,""detectors_checked"":33177600}"
     71680,         0,         0,    6.01,standalone_exact_mw,9d8ad86e51451842b54dafc7680d1b486ef291963bb72c70f3cdd570d2d8fa34,"{""distance"":7,""physical_error_rate"":0.002}","{""detection_events"":444577,""detectors_checked"":58060800}"
     81920,         0,         0,    5.99,standalone_exact_mw,9d8ad86e51451842b54dafc7680d1b486ef291963bb72c70f3cdd570d2d8fa34,"{""distance"":7,""physical_error_rate"":0.002}","{""detection_events"":507339,""detectors_checked"":66355200}"
     36864,         0,         0,    6.03,standalone_exact_mw,9d8ad86e51451842b54dafc7680d1b486ef291963bb72c70f3cdd570d2d8fa34,"{""distance"":7,""physical_error_rate"":0.002}","{""detection_events"":228416,""detectors_checked"":29859840}"
     62464,         0,         0,    6.05,standalone_exact_mw,9d8ad86e51451842b54dafc7680d1b486ef291963bb72c70f3cdd570d2d8fa34,"{""distance"":7,""physical_error_rate"":0.002}","{""detection_events"":388151,""detectors_checked"":50595840}"
     45056,         0,         0,    6.06,standalone_exact_mw,9d8ad86e51451842b54dafc7680d1b486ef291963bb72c70f3cdd570d2d8fa34,"{""distance"":7,""physical_error_rate"":0.002}","{""detection_events"":280731,""detectors_checked"":36495360}"
     39936,         0,         0,    5.92,standalone_exact_mw,9d8ad86e51451842b54dafc7680d1b486ef291963bb72c70f3cdd570d2d8fa34,"{""distance"":7,""physical_error_rate"":0.002}","{""detection_events"":249215,""detectors_checked"":32348160}"
     51200,         0,         0,    6.00,standalone_exact_mw,9d8ad86e51451842b54dafc7680d1b486ef291963bb72c70f3cdd570d2d8fa34,"{""distance"":7,""physical_error_rate"":0.002}","{""detection_events"":317793,""detectors_checked"":41472000}"
     75776,         0,         0,    6.04,standalone_exact_mw,9d8ad86e51451842b54dafc7680d1b486ef291963bb72c70f3cdd570d2d8fa34,"{""distance"":7,""physical_error_rate"":0.002}","{""detection_events"":470141,""detectors_checked"":61378560}"
     63488,         0,         0,    6.04,standalone_exact_mw,9d8ad86e51451842b54dafc7680d1b486ef291963bb72c70f3cdd570d2d8fa34,"{""distance"":7,""physical_error_rate"":0.002}","{""detection_events"":394103,""detectors_checked"":51425280}"
     39936,         0,         0,    6.07,standalone_exact_mw,9d8ad86e51451842b54dafc7680d1b486ef291963bb72c70f3cdd570d2d8fa34,"{""distance"":7,""physical_error_rate"":0.002}","{""detection_events"":246963,""detectors_checked"":32348160}"
     54272,         0,         0,    5.96,standalone_exact_mw,9d8ad86e51451842b54dafc7680d1b486ef291963bb72c70f3cdd570d2d8fa34,"{""distance"":7,""physical_error_rate"":0.002}","{""detection_events"":337213,""detectors_checked"":43960320}"
     36864,         0,         0,    5.97,standalone_exact_mw,9d8ad86e51451842b54dafc7680d1b486ef291963bb72c70f3cdd570d2d8fa34,"{""distance"":7,""physical_error_rate"":0.002}","{""detection_events"":228915,""detectors_checked"":29859840}"
     65536,         0,         0,    5.95,standalone_exact_mw,9d8ad86e51451842b54dafc7680d1b486ef291963bb72c70f3cdd570d2d8fa34,"{""distance"":7,""physical_error_rate"":0.002}","{""detection_events"":406415,""detectors_checked"":53084160}"
     54272,         0,         0,    5.98,standalone_exact_mw,9d8ad86e51451842b54dafc7680d1b486ef291963bb72c70f3cdd570d2d8fa34,"{""distance"":7,""physical_error_rate"":0.002}","{""detection_events"":336777,""detectors_checked"":43960320}"
     38912,         0,         0,    6.02,standalone_exact_mw,9d8ad86e51451842b54dafc7680d1b486ef291963bb72c70f3cdd570d2d8fa34,"{""distance"":7,""physical_error_rate"":0.002}","{""detection_events"":242401,""detectors_checked"":31518720}"
     72704,         0,         0,    5.98,standalone_exact_mw,9d8ad86e51451842b54dafc7680d1b486ef291963bb72c70f3cdd570d2d8fa34,"{""distance"":7,""physical_error_rate"":0.002}","{""detection_events"":452460,""detectors_checked"":58890240}"
     59392,         0,         0,    5.99,standalone_exact_mw,9d8ad86e51451842b54dafc7680d1b486ef291963bb72c70f3cdd570d2d8fa34,"{""distance"":7,""physical_error_rate"":0.002}","{""detection_events"":368685,""detectors_checked"":48107520}"
     86016,         0,         0,    6.08,standalone_exact_mw,9d8ad86e51451842b54dafc7680d1b486ef291963bb72c70f3cdd570d2d8fa34,"{""distance"":7,""physical_error_rate"":0.002}","{""detection_events"":535521,""detectors_checked"":69672960}"
     37888,         0,         0,    6.02,standalone_exact_mw,9d8ad86e51451842b54dafc7680d1b486ef291963bb72c70f3cdd570d2d8fa34,"{""distance"":7,""physical_error_rate"":0.002}","{""detection_events"":235437,""detectors_checked"":30689280}"
     61440,         0,         0,    5.97,standalone_exact_mw,9d8ad86e51451842b54dafc7680d1b486ef291963bb72c70f3cdd570d2d8fa34,"{""distance"":7,""physical_error_rate"":0.002}","{""detection_events"":381539,""detectors_checked"":49766400}"
     72704,         0,         0,    6.12,standalone_exact_mw,9d8ad86e51451842b54dafc7680d1b486ef291963bb72c70f3cdd570d2d8fa34,"{""distance"":7,""physical_error_rate"":0.002}","{""detection_events"":451436,""detectors_checked"":58890240}"
     59392,         0,         0,    6.13,standalone_exact_mw,9d8ad86e51451842b54dafc7680d1b486ef291963bb72c70f3cdd570d2d8fa34,"{""distance"":7,""physical_error_rate"":0.002}","{""detection_events"":369606,""detectors_checked"":48107520}"
     38912,         0,         0,    5.91,standalone_exact_mw,9d8ad86e51451842b54dafc7680d1b486ef291963bb72c70f3cdd570d2d8fa34,"{""distance"":7,""physical_error_rate"":0.002}","{""detection_events"":241935,""detectors_checked"":31518720}"
     47104,         0,         0,    5.97,standalone_exact_mw,9d8ad86e51451842b54dafc7680d1b486ef291963bb72c70f3cdd570d2d8fa34,"{""distance"":7,""physical_error_rate"":0.002}","{""detection_events"":291256,""detectors_checked"":38154240}"
     75776,         0,         0,    5.98,standalone_exact_mw,9d8ad86e51451842b54dafc7680d1b486ef291963bb72c70f3cdd570d2d8fa34,"{""distance"":7,""physical_error_rate"":0.002}","{""detection_events"":470197,""detectors_checked"":61378560}"
     70656,         0,         0,    6.00,standalone_exact_mw,9d8ad86e51451842b54dafc7680d1b486ef291963bb72c70f3cdd570d2d8fa34,"{""distance"":7,""physical_error_rate"":0.002}","{""detection_events"":439662,""detectors_checked"":57231360}"
     58368,         0,         0,    6.01,standalone_exact_mw,9d8ad86e51451842b54dafc7680d1b486ef291963bb72c70f3cdd570d2d8fa34,"{""distance"":7,""physical_error_rate"":0.002}","{""detection_events"":364695,""detectors_checked"":47278080}"
     73728,         0,         0,    6.01,standalone_exact_mw,9d8ad86e51451842b54dafc7680d1b486ef291963bb72c70f3cdd570d2d8fa34,"{""distance"":7,""physical_error_rate"":0.002}","{""detection_events"":458328,""detectors_checked"":59719680}"
     69632,         0,         0,    6.00,standalone_exact_mw,9d8ad86e51451842b54dafc7680d1b486ef291963bb72c70f3cdd570d2d8fa34,"{""distance"":7,""physical_error_rate"":0.002}","{""detection_events"":430684,""detectors_checked"":56401920}"
     38912,         0,         0,    6.08,standalone_exact_mw,9d8ad86e51451842b54dafc7680d1b486ef291963bb72c70f3cdd570d2d8fa34,"{""distance"":7,""physical_error_rate"":0.002}","{""detection_events"":240909,""detectors_checked"":31518720}"
     48128,         0,         0,    6.07,standalone_exact_mw,9d8ad86e51451842b54dafc7680d1b486ef291963bb72c70f3cdd570d2d8fa34,"{""distance"":7,""physical_error_rate"":0.002}","{""detection_events"":301120,""detectors_checked"":38983680}"
     39936,         0,         0,    5.97,standalone_exact_mw,9d8ad86e51451842b54dafc7680d1b486ef291963bb72c70f3cdd570d2d8fa34,"{""distance"":7,""physical_error_rate"":0.002}","{""detection_events"":248438,""detectors_checked"":32348160}"
     33792,         0,         0,    5.94,standalone_exact_mw,9d8ad86e51451842b54dafc7680d1b486ef291963bb72c70f3cdd570d2d8fa34,"{""distance"":7,""physical_error_rate"":0.002}","{""detection_events"":209664,""detectors_checked"":27371520}"
     34816,         0,         0,    6.11,standalone_exact_mw,9d8ad86e51451842b54dafc7680d1b486ef291963bb72c70f3cdd570d2d8fa34,"{""distance"":7,""physical_error_rate"":0.002}","{""detection_events"":218031,""detectors_checked"":28200960}"
     46080,         0,         0,    6.06,standalone_exact_mw,9d8ad86e51451842b54dafc7680d1b486ef291963bb72c70f3cdd570d2d8fa34,"{""distance"":7,""physical_error_rate"":0.002}","{""detection_events"":286500,""detectors_checked"":37324800}"
     37888,         0,         0,    5.98,standalone_exact_mw,9d8ad86e51451842b54dafc7680d1b486ef291963bb72c70f3cdd570d2d8fa34,"{""distance"":7,""physical_error_rate"":0.002}","{""detection_events"":235817,""detectors_checked"":30689280}"
     65536,         0,         0,    6.03,standalone_exact_mw,9d8ad86e51451842b54dafc7680d1b486ef291963bb72c70f3cdd570d2d8fa34,"{""distance"":7,""physical_error_rate"":0.002}","{""detection_events"":408242,""detectors_checked"":53084160}"
     40960,         0,         0,    6.05,standalone_exact_mw,9d8ad86e51451842b54dafc7680d1b486ef291963bb72c70f3cdd570d2d8fa34,"{""distance"":7,""physical_error_rate"":0.002}","{""detection_events"":254783,""detectors_checked"":33177600}"
    142336,         0,         0,    8.42,standalone_exact_mw,9d8ad86e51451842b54dafc7680d1b486ef291963bb72c70f3cdd570d2d8fa34,"{""distance"":7,""physical_error_rate"":0.002}","{""detection_events"":883545,""detectors_checked"":115292160}"
     86016,         0,         0,    8.36,standalone_exact_mw,9d8ad86e51451842b54dafc7680d1b486ef291963bb72c70f3cdd570d2d8fa34,"{""distance"":7,""physical_error_rate"":0.002}","{""detection_events"":533471,""detectors_checked"":69672960}"
    147456,         0,         0,    8.34,standalone_exact_mw,9d8ad86e51451842b54dafc7680d1b486ef291963bb72c70f3cdd570d2d8fa34,"{""distance"":7,""physical_error_rate"":0.002}","{""detection_events"":916460,""detectors_checked"":119439360}"
    126976,         0,         0,    8.39,standalone_exact_mw,9d8ad86e51451842b54dafc7680d1b486ef291963bb72c70f3cdd570d2d8fa34,"{""distance"":7,""physical_error_rate"":0.002}","{""detection_events"":791036,""detectors_checked"":102850560}"
    121856,         0,         0,    8.41,standalone_exact_mw,9d8ad86e51451842b54dafc7680d1b486ef291963bb72c70f3cdd570d2d8fa34,"{""distance"":7,""physical_error_rate"":0.002}","{""detection_events"":756585,""detectors_checked"":98703360}"
    105472,         0,         0,    8.38,standalone_exact_mw,9d8ad86e51451842b54dafc7680d1b486ef291963bb72c70f3cdd570d2d8fa34,"{""distance"":7,""physical_error_rate"":0.002}","{""detection_events"":656075,""detectors_checked"":85432320}"
     92160,         0,         0,    8.37,standalone_exact_mw,9d8ad86e51451842b54dafc7680d1b486ef291963bb72c70f3cdd570d2d8fa34,"{""distance"":7,""physical_error_rate"":0.002}","{""detection_events"":572993,""detectors_checked"":74649600}"
     94208,         0,         0,    8.37,standalone_exact_mw,9d8ad86e51451842b54dafc7680d1b486ef291963bb72c70f3cdd570d2d8fa34,"{""distance"":7,""physical_error_rate"":0.002}","{""detection_events"":586221,""detectors_checked"":76308480}"
     62464,         0,         0,    8.39,standalone_exact_mw,9d8ad86e51451842b54dafc7680d1b486ef291963bb72c70f3cdd570d2d8fa34,"{""distance"":7,""physical_error_rate"":0.002}","{""detection_events"":388470,""detectors_checked"":50595840}"
     94208,         0,         0,    8.29,standalone_exact_mw,9d8ad86e51451842b54dafc7680d1b486ef291963bb72c70f3cdd570d2d8fa34,"{""distance"":7,""physical_error_rate"":0.002}","{""detection_events"":586719,""detectors_checked"":76308480}"
     54272,         0,         0,    8.44,standalone_exact_mw,9d8ad86e51451842b54dafc7680d1b486ef291963bb72c70f3cdd570d2d8fa34,"{""distance"":7,""physical_error_rate"":0.002}","{""detection_events"":336833,""detectors_checked"":43960320}"
     97280,         0,         0,    8.39,standalone_exact_mw,9d8ad86e51451842b54dafc7680d1b486ef291963bb72c70f3cdd570d2d8fa34,"{""distance"":7,""physical_error_rate"":0.002}","{""detection_events"":605225,""detectors_checked"":78796800}"
     81920,         0,         0,    8.39,standalone_exact_mw,9d8ad86e51451842b54dafc7680d1b486ef291963bb72c70f3cdd570d2d8fa34,"{""distance"":7,""physical_error_rate"":0.002}","{""detection_events"":507924,""detectors_checked"":66355200}"
     52224,         0,         0,    8.46,standalone_exact_mw,9d8ad86e51451842b54dafc7680d1b486ef291963bb72c70f3cdd570d2d8fa34,"{""distance"":7,""physical_error_rate"":0.002}","{""detection_events"":322691,""detectors_checked"":42301440}"
    102400,         0,         0,    8.36,standalone_exact_mw,9d8ad86e51451842b54dafc7680d1b486ef291963bb72c70f3cdd570d2d8fa34,"{""distance"":7,""physical_error_rate"":0.002}","{""detection_events"":633876,""detectors_checked"":82944000}"
     70656,         0,         0,    8.38,standalone_exact_mw,9d8ad86e51451842b54dafc7680d1b486ef291963bb72c70f3cdd570d2d8fa34,"{""distance"":7,""physical_error_rate"":0.002}","{""detection_events"":438678,""detectors_checked"":57231360}"
     83968,         0,         0,    8.40,standalone_exact_mw,9d8ad86e51451842b54dafc7680d1b486ef291963bb72c70f3cdd570d2d8fa34,"{""distance"":7,""physical_error_rate"":0.002}","{""detection_events"":522671,""detectors_checked"":68014080}"
     98304,         0,         0,    8.39,standalone_exact_mw,9d8ad86e51451842b54dafc7680d1b486ef291963bb72c70f3cdd570d2d8fa34,"{""distance"":7,""physical_error_rate"":0.002}","{""detection_events"":611252,""detectors_checked"":79626240}"
    100352,         0,         0,    8.38,standalone_exact_mw,9d8ad86e51451842b54dafc7680d1b486ef291963bb72c70f3cdd570d2d8fa34,"{""distance"":7,""physical_error_rate"":0.002}","{""detection_events"":624554,""detectors_checked"":81285120}"
     87040,         0,         0,    8.39,standalone_exact_mw,9d8ad86e51451842b54dafc7680d1b486ef291963bb72c70f3cdd570d2d8fa34,"{""distance"":7,""physical_error_rate"":0.002}","{""detection_events"":539891,""detectors_checked"":70502400}"
     74752,         0,         0,    8.44,standalone_exact_mw,9d8ad86e51451842b54dafc7680d1b486ef291963bb72c70f3cdd570d2d8fa34,"{""distance"":7,""physical_error_rate"":0.002}","{""detection_events"":463744,""detectors_checked"":60549120}"
     59392,         0,         0,    8.38,standalone_exact_mw,9d8ad86e51451842b54dafc7680d1b486ef291963bb72c70f3cdd570d2d8fa34,"{""distance"":7,""physical_error_rate"":0.002}","{""detection_events"":368685,""detectors_checked"":48107520}"
    100352,         0,         0,    8.41,standalone_exact_mw,9d8ad86e51451842b54dafc7680d1b486ef291963bb72c70f3cdd570d2d8fa34,"{""distance"":7,""physical_error_rate"":0.002}","{""detection_events"":622030,""detectors_checked"":81285120}"
     67584,         0,         0,    8.37,standalone_exact_mw,9d8ad86e51451842b54dafc7680d1b486ef291963bb72c70f3cdd570d2d8fa34,"{""distance"":7,""physical_error_rate"":0.002}","{""detection_events"":420233,""detectors_checked"":54743040}"
    101376,         0,         0,    8.41,standalone_exact_mw,9d8ad86e51451842b54dafc7680d1b486ef291963bb72c70f3cdd570d2d8fa34,"{""distance"":7,""physical_error_rate"":0.002}","{""detection_events"":627220,""detectors_checked"":82114560}"
     98304,         0,         0,    8.40,standalone_exact_mw,9d8ad86e51451842b54dafc7680d1b486ef291963bb72c70f3cdd570d2d8fa34,"{""distance"":7,""physical_error_rate"":0.002}","{""detection_events"":610384,""detectors_checked"":79626240}"
     71680,         0,         0,    8.42,standalone_exact_mw,9d8ad86e51451842b54dafc7680d1b486ef291963bb72c70f3cdd570d2d8fa34,"{""distance"":7,""physical_error_rate"":0.002}","{""detection_events"":444649,""detectors_checked"":58060800}"
     67584,         0,         0,    8.42,standalone_exact_mw,9d8ad86e51451842b54dafc7680d1b486ef291963bb72c70f3cdd570d2d8fa34,"{""distance"":7,""physical_error_rate"":0.002}","{""detection_events"":418302,""detectors_checked"":54743040}"
     68608,         0,         0,    8.72,standalone_exact_mw,9d8ad86e51451842b54dafc7680d1b486ef291963bb72c70f3cdd570d2d8fa34,"{""distance"":7,""physical_error_rate"":0.002}","{""detection_events"":426215,""detectors_checked"":55572480}"
     95232,         0,         0,    8.40,standalone_exact_mw,9d8ad86e51451842b54dafc7680d1b486ef291963bb72c70f3cdd570d2d8fa34,"{""distance"":7,""physical_error_rate"":0.002}","{""detection_events"":592847,""detectors_checked"":77137920}"
     48128,         0,         0,    8.38,standalone_exact_mw,9d8ad86e51451842b54dafc7680d1b486ef291963bb72c70f3cdd570d2d8fa34,"{""distance"":7,""physical_error_rate"":0.002}","{""detection_events"":299368,""detectors_checked"":38983680}"
     89088,         0,         0,    8.36,standalone_exact_mw,9d8ad86e51451842b54dafc7680d1b486ef291963bb72c70f3cdd570d2d8fa34,"{""distance"":7,""physical_error_rate"":0.002}","{""detection_events"":551850,""detectors_checked"":72161280}"
     56320,         1,         0,    8.46,standalone_exact_mw,9d8ad86e51451842b54dafc7680d1b486ef291963bb72c70f3cdd570d2d8fa34,"{""distance"":7,""physical_error_rate"":0.002}","{""detection_events"":349818,""detectors_checked"":45619200,""obs_mistake_mask=E"":1}"
     86016,         0,         0,    8.37,standalone_exact_mw,9d8ad86e51451842b54dafc7680d1b486ef291963bb72c70f3cdd570d2d8fa34,"{""distance"":7,""physical_error_rate"":0.002}","{""detection_events"":533971,""detectors_checked"":69672960}"
     95232,         0,         0,    8.39,standalone_exact_mw,9d8ad86e51451842b54dafc7680d1b486ef291963bb72c70f3cdd570d2d8fa34,"{""distance"":7,""physical_error_rate"":0.002}","{""detection_events"":591068,""detectors_checked"":77137920}"
     82944,         0,         0,    8.41,standalone_exact_mw,9d8ad86e51451842b54dafc7680d1b486ef291963bb72c70f3cdd570d2d8fa34,"{""distance"":7,""physical_error_rate"":0.002}","{""detection_events"":514733,""detectors_checked"":67184640}"
     90112,         0,         0,    8.39,standalone_exact_mw,9d8ad86e51451842b54dafc7680d1b486ef291963bb72c70f3cdd570d2d8fa34,"{""distance"":7,""physical_error_rate"":0.002}","{""detection_events"":561911,""detectors_checked"":72990720}"
    107520,         0,         0,    8.37,standalone_exact_mw,9d8ad86e51451842b54dafc7680d1b486ef291963bb72c70f3cdd570d2d8fa34,"{""distance"":7,""physical_error_rate"":0.002}","{""detection_events"":666515,""detectors_checked"":87091200}"
     62464,         0,         0,    8.43,standalone_exact_mw,9d8ad86e51451842b54dafc7680d1b486ef291963bb72c70f3cdd570d2d8fa34,"{""distance"":7,""physical_error_rate"":0.002}","{""detection_events"":389104,""detectors_checked"":50595840}"
     76800,         0,         0,    8.46,standalone_exact_mw,9d8ad86e51451842b54dafc7680d1b486ef291963bb72c70f3cdd570d2d8fa34,"{""distance"":7,""physical_error_rate"":0.002}","{""detection_events"":478458,""detectors_checked"":62208000}"
     98304,         0,         0,    8.41,standalone_exact_mw,9d8ad86e51451842b54dafc7680d1b486ef291963bb72c70f3cdd570d2d8fa34,"{""distance"":7,""physical_error_rate"":0.002}","{""detection_events"":613253,""detectors_checked"":79626240}"
    100352,         0,         0,    8.38,standalone_exact_mw,9d8ad86e51451842b54dafc7680d1b486ef291963bb72c70f3cdd570d2d8fa34,"{""distance"":7,""physical_error_rate"":0.002}","{""detection_events"":621726,""detectors_checked"":81285120}"
     74752,         0,         0,    8.45,standalone_exact_mw,9d8ad86e51451842b54dafc7680d1b486ef291963bb72c70f3cdd570d2d8fa34,"{""distance"":7,""physical_error_rate"":0.002}","{""detection_events"":466704,""detectors_checked"":60549120}"
     63488,         0,         0,    8.37,standalone_exact_mw,9d8ad86e51451842b54dafc7680d1b486ef291963bb72c70f3cdd570d2d8fa34,"{""distance"":7,""physical_error_rate"":0.002}","{""detection_events"":396526,""detectors_checked"":51425280}"
     76800,         0,         0,    8.45,standalone_exact_mw,9d8ad86e51451842b54dafc7680d1b486ef291963bb72c70f3cdd570d2d8fa34,"{""distance"":7,""physical_error_rate"":0.002}","{""detection_events"":478342,""detectors_checked"":62208000}"
     77824,         0,         0,    8.34,standalone_exact_mw,9d8ad86e51451842b54dafc7680d1b486ef291963bb72c70f3cdd570d2d8fa34,"{""distance"":7,""physical_error_rate"":0.002}","{""detection_events"":483516,""detectors_checked"":63037440}"
     67584,         0,         0,    8.47,standalone_exact_mw,9d8ad86e51451842b54dafc7680d1b486ef291963bb72c70f3cdd570d2d8fa34,"{""distance"":7,""physical_error_rate"":0.002}","{""detection_events"":418049,""detectors_checked"":54743040}"
     76800,         0,         0,    8.41,standalone_exact_mw,9d8ad86e51451842b54dafc7680d1b486ef291963bb72c70f3cdd570d2d8fa34,"{""distance"":7,""physical_error_rate"":0.002}","{""detection_events"":478028,""detectors_checked"":62208000}"
     64512,         0,         0,    8.56,standalone_exact_mw,9d8ad86e51451842b54dafc7680d1b486ef291963bb72c70f3cdd570d2d8fa34,"{""distance"":7,""physical_error_rate"":0.002}","{""detection_events"":399865,""detectors_checked"":52254720}"
    110592,         0,         0,    8.39,standalone_exact_mw,9d8ad86e51451842b54dafc7680d1b486ef291963bb72c70f3cdd570d2d8fa34,"{""distance"":7,""physical_error_rate"":0.002}","{""detection_events"":687257,""detectors_checked"":89579520}"
     86016,         0,         0,    8.32,standalone_exact_mw,9d8ad86e51451842b54dafc7680d1b486ef291963bb72c70f3cdd570d2d8fa34,"{""distance"":7,""physical_error_rate"":0.002}","{""detection_events"":533108,""detectors_checked"":69672960}"
     90112,         0,         0,    8.38,standalone_exact_mw,9d8ad86e51451842b54dafc7680d1b486ef291963bb72c70f3cdd570d2d8fa34,"{""distance"":7,""physical_error_rate"":0.002}","{""detection_events"":561030,""detectors_checked"":72990720}"
     96256,         0,         0,    8.33,standalone_exact_mw,9d8ad86e51451842b54dafc7680d1b486ef291963bb72c70f3cdd570d2d8fa34,"{""distance"":7,""physical_error_rate"":0.002}","{""detection_events"":601251,""detectors_checked"":77967360}"
     71680,         0,         0,    8.42,standalone_exact_mw,9d8ad86e51451842b54dafc7680d1b486ef291963bb72c70f3cdd570d2d8fa34,"{""distance"":7,""physical_error_rate"":0.002}","{""detection_events"":445077,""detectors_checked"":58060800}"
     65536,         0,         0,    8.36,standalone_exact_mw,9d8ad86e51451842b54dafc7680d1b486ef291963bb72c70f3cdd570d2d8fa34,"{""distance"":7,""physical_error_rate"":0.002}","{""detection_events"":408299,""detectors_checked"":53084160}"
     84992,         0,         0,    8.62,standalone_exact_mw,9d8ad86e51451842b54dafc7680d1b486ef291963bb72c70f3cdd570d2d8fa34,"{""distance"":7,""physical_error_rate"":0.002}","{""detection_events"":527188,""detectors_checked"":68843520}"
     63488,         0,         0,    8.40,standalone_exact_mw,9d8ad86e51451842b54dafc7680d1b486ef291963bb72c70f3cdd570d2d8fa34,"{""distance"":7,""physical_error_rate"":0.002}","{""detection_events"":393528,""detectors_checked"":51425280}"
     49152,         0,         0,    8.55,standalone_exact_mw,9d8ad86e51451842b54dafc7680d1b486ef291963bb72c70f3cdd570d2d8fa34,"{""distance"":7,""physical_error_rate"":0.002}","{""detection_events"":303466,""detectors_checked"":39813120}"
     52224,         0,         0,    8.46,standalone_exact_mw,9d8ad86e51451842b54dafc7680d1b486ef291963bb72c70f3cdd570d2d8fa34,"{""distance"":7,""physical_error_rate"":0.002}","{""detection_events"":324217,""detectors_checked"":42301440}"
     69632,         0,         0,    8.52,standalone_exact_mw,9d8ad86e51451842b54dafc7680d1b486ef291963bb72c70f3cdd570d2d8fa34,"{""distance"":7,""physical_error_rate"":0.002}","{""detection_events"":433350,""detectors_checked"":56401920}"
     79872,         0,         0,    8.35,standalone_exact_mw,9d8ad86e51451842b54dafc7680d1b486ef291963bb72c70f3cdd570d2d8fa34,"{""distance"":7,""physical_error_rate"":0.002}","{""detection_events"":493785,""detectors_checked"":64696320}"
     73728,         0,         0,    8.38,standalone_exact_mw,9d8ad86e51451842b54dafc7680d1b486ef291963bb72c70f3cdd570d2d8fa34,"{""distance"":7,""physical_error_rate"":0.002}","{""detection_events"":457627,""detectors_checked"":59719680}"
    102400,         0,         0,    8.40,standalone_exact_mw,9d8ad86e51451842b54dafc7680d1b486ef291963bb72c70f3cdd570d2d8fa34,"{""distance"":7,""physical_error_rate"":0.002}","{""detection_events"":635268,""detectors_checked"":82944000}"
    102400,         0,         0,    8.34,standalone_exact_mw,9d8ad86e51451842b54dafc7680d1b486ef291963bb72c70f3cdd570d2d8fa34,"{""distance"":7,""physical_error_rate"":0.002}","{""detection_events"":636419,""detectors_checked"":82944000}"
    256000,         0,         0,    11.7,standalone_exact_mw,9d8ad86e51451842b54dafc7680d1b486ef291963bb72c70f3cdd570d2d8fa34,"{""distance"":7,""physical_error_rate"":0.002}","{""detection_events"":1589253,""detectors_checked"":207360000}"
    126976,         0,         0,    11.7,standalone_exact_mw,9d8ad86e51451842b54dafc7680d1b486ef291963bb72c70f3cdd570d2d8fa34,"{""distance"":7,""physical_error_rate"":0.002}","{""detection_events"":788867,""detectors_checked"":102850560}"
    205824,         1,         0,    11.7,standalone_exact_mw,9d8ad86e51451842b54dafc7680d1b486ef291963bb72c70f3cdd570d2d8fa34,"{""distance"":7,""physical_error_rate"":0.002}","{""detection_events"":1276708,""detectors_checked"":166717440,""obs_mistake_mask=E"":1}"
    195584,         0,         0,    11.7,standalone_exact_mw,9d8ad86e51451842b54dafc7680d1b486ef291963bb72c70f3cdd570d2d8fa34,"{""distance"":7,""physical_error_rate"":0.002}","{""detection_events"":1214852,""detectors_checked"":158423040}"
    163840,         0,         0,    11.8,standalone_exact_mw,9d8ad86e51451842b54dafc7680d1b486ef291963bb72c70f3cdd570d2d8fa34,"{""distance"":7,""physical_error_rate"":0.002}","{""detection_events"":1019188,""detectors_checked"":132710400}"
    159744,         0,         0,    11.7,standalone_exact_mw,9d8ad86e51451842b54dafc7680d1b486ef291963bb72c70f3cdd570d2d8fa34,"{""distance"":7,""physical_error_rate"":0.002}","{""detection_events"":988958,""detectors_checked"":129392640}"
    179200,         0,         0,    11.7,standalone_exact_mw,9d8ad86e51451842b54dafc7680d1b486ef291963bb72c70f3cdd570d2d8fa34,"{""distance"":7,""physical_error_rate"":0.002}","{""detection_events"":1111699,""detectors_checked"":145152000}"
    140288,         0,         0,    11.7,standalone_exact_mw,9d8ad86e51451842b54dafc7680d1b486ef291963bb72c70f3cdd570d2d8fa34,"{""distance"":7,""physical_error_rate"":0.002}","{""detection_events"":871912,""detectors_checked"":113633280}"
    145408,         0,         0,    11.7,standalone_exact_mw,9d8ad86e51451842b54dafc7680d1b486ef291963bb72c70f3cdd570d2d8fa34,"{""distance"":7,""physical_error_rate"":0.002}","{""detection_events"":904151,""detectors_checked"":117780480}"
    146432,         0,         0,    11.7,standalone_exact_mw,9d8ad86e51451842b54dafc7680d1b486ef291963bb72c70f3cdd570d2d8fa34,"{""distance"":7,""physical_error_rate"":0.002}","{""detection_events"":911751,""detectors_checked"":118609920}"
     89088,         0,         0,    11.7,standalone_exact_mw,9d8ad86e51451842b54dafc7680d1b486ef291963bb72c70f3cdd570d2d8fa34,"{""distance"":7,""physical_error_rate"":0.002}","{""detection_events"":554284,""detectors_checked"":72161280}"
    181248,         0,         0,    11.8,standalone_exact_mw,9d8ad86e51451842b54dafc7680d1b486ef291963bb72c70f3cdd570d2d8fa34,"{""distance"":7,""physical_error_rate"":0.002}","{""detection_events"":1129303,""detectors_checked"":146810880}"
    146432,         0,         0,    11.7,standalone_exact_mw,9d8ad86e51451842b54dafc7680d1b486ef291963bb72c70f3cdd570d2d8fa34,"{""distance"":7,""physical_error_rate"":0.002}","{""detection_events"":911730,""detectors_checked"":118609920}"
    130048,         0,         0,    11.7,standalone_exact_mw,9d8ad86e51451842b54dafc7680d1b486ef291963bb72c70f3cdd570d2d8fa34,"{""distance"":7,""physical_error_rate"":0.002}","{""detection_events"":808751,""detectors_checked"":105338880}"
    100352,         0,         0,    11.8,standalone_exact_mw,9d8ad86e51451842b54dafc7680d1b486ef291963bb72c70f3cdd570d2d8fa34,"{""distance"":7,""physical_error_rate"":0.002}","{""detection_events"":622139,""detectors_checked"":81285120}"
     51200,         0,         0,    11.9,standalone_exact_mw,9d8ad86e51451842b54dafc7680d1b486ef291963bb72c70f3cdd570d2d8fa34,"{""distance"":7,""physical_error_rate"":0.002}","{""detection_events"":318732,""detectors_checked"":41472000}"
     88064,         0,         0,    11.8,standalone_exact_mw,9d8ad86e51451842b54dafc7680d1b486ef291963bb72c70f3cdd570d2d8fa34,"{""distance"":7,""physical_error_rate"":0.002}","{""detection_events"":547704,""detectors_checked"":71331840}"
    120832,         0,         0,    11.7,standalone_exact_mw,9d8ad86e51451842b54dafc7680d1b486ef291963bb72c70f3cdd570d2d8fa34,"{""distance"":7,""physical_error_rate"":0.002}","{""detection_events"":751982,""detectors_checked"":97873920}"
    144384,         0,         0,    11.7,standalone_exact_mw,9d8ad86e51451842b54dafc7680d1b486ef291963bb72c70f3cdd570d2d8fa34,"{""distance"":7,""physical_error_rate"":0.002}","{""detection_events"":897798,""detectors_checked"":116951040}"
    145408,         0,         0,    11.7,standalone_exact_mw,9d8ad86e51451842b54dafc7680d1b486ef291963bb72c70f3cdd570d2d8fa34,"{""distance"":7,""physical_error_rate"":0.002}","{""detection_events"":901158,""detectors_checked"":117780480}"
    103424,         0,         0,    11.8,standalone_exact_mw,9d8ad86e51451842b54dafc7680d1b486ef291963bb72c70f3cdd570d2d8fa34,"{""distance"":7,""physical_error_rate"":0.002}","{""detection_events"":643203,""detectors_checked"":83773440}"
     83968,         0,         0,    11.8,standalone_exact_mw,9d8ad86e51451842b54dafc7680d1b486ef291963bb72c70f3cdd570d2d8fa34,"{""distance"":7,""physical_error_rate"":0.002}","{""detection_events"":522151,""detectors_checked"":68014080}"
    478242,         0,         0,    44.1,standalone_exact_mw,9d8ad86e51451842b54dafc7680d1b486ef291963bb72c70f3cdd570d2d8fa34,"{""distance"":7,""physical_error_rate"":0.002}","{""detection_events"":2975873,""detectors_checked"":387376020}"
    126976,         0,         0,    12.0,standalone_exact_mw,9d8ad86e51451842b54dafc7680d1b486ef291963bb72c70f3cdd570d2d8fa34,"{""distance"":7,""physical_error_rate"":0.002}","{""detection_events"":790458,""detectors_checked"":102850560}"
    140288,         0,         0,    11.7,standalone_exact_mw,9d8ad86e51451842b54dafc7680d1b486ef291963bb72c70f3cdd570d2d8fa34,"{""distance"":7,""physical_error_rate"":0.002}","{""detection_events"":869962,""detectors_checked"":113633280}"
    139264,         0,         0,    11.7,standalone_exact_mw,9d8ad86e51451842b54dafc7680d1b486ef291963bb72c70f3cdd570d2d8fa34,"{""distance"":7,""physical_error_rate"":0.002}","{""detection_events"":864545,""detectors_checked"":112803840}"
     76800,         0,         0,    12.1,standalone_exact_mw,9d8ad86e51451842b54dafc7680d1b486ef291963bb72c70f3cdd570d2d8fa34,"{""distance"":7,""physical_error_rate"":0.002}","{""detection_events"":477152,""detectors_checked"":62208000}"
    136192,         0,         0,    11.7,standalone_exact_mw,9d8ad86e51451842b54dafc7680d1b486ef291963bb72c70f3cdd570d2d8fa34,"{""distance"":7,""physical_error_rate"":0.002}","{""detection_events"":847198,""detectors_checked"":110315520}"
     87040,         0,         0,    12.0,standalone_exact_mw,9d8ad86e51451842b54dafc7680d1b486ef291963bb72c70f3cdd570d2d8fa34,"{""distance"":7,""physical_error_rate"":0.002}","{""detection_events"":539824,""detectors_checked"":70502400}"
     89088,         0,         0,    11.7,standalone_exact_mw,9d8ad86e51451842b54dafc7680d1b486ef291963bb72c70f3cdd570d2d8fa34,"{""distance"":7,""physical_error_rate"":0.002}","{""detection_events"":555183,""detectors_checked"":72161280}"
    156672,         0,         0,    11.7,standalone_exact_mw,9d8ad86e51451842b54dafc7680d1b486ef291963bb72c70f3cdd570d2d8fa34,"{""distance"":7,""physical_error_rate"":0.002}","{""detection_events"":975571,""detectors_checked"":126904320}"
     86016,         0,         0,    11.7,standalone_exact_mw,9d8ad86e51451842b54dafc7680d1b486ef291963bb72c70f3cdd570d2d8fa34,"{""distance"":7,""physical_error_rate"":0.002}","{""detection_events"":535147,""detectors_checked"":69672960}"
    169984,         0,         0,    11.7,standalone_exact_mw,9d8ad86e51451842b54dafc7680d1b486ef291963bb72c70f3cdd570d2d8fa34,"{""distance"":7,""physical_error_rate"":0.002}","{""detection_events"":1058945,""detectors_checked"":137687040}"
    151552,         0,         0,    11.7,standalone_exact_mw,9d8ad86e51451842b54dafc7680d1b486ef291963bb72c70f3cdd570d2d8fa34,"{""distance"":7,""physical_error_rate"":0.002}","{""detection_events"":939942,""detectors_checked"":122757120}"
     62464,         0,         0,    11.7,standalone_exact_mw,9d8ad86e51451842b54dafc7680d1b486ef291963bb72c70f3cdd570d2d8fa34,"{""distance"":7,""physical_error_rate"":0.002}","{""detection_events"":389020,""detectors_checked"":50595840}"
     70656,         0,         0,    11.8,standalone_exact_mw,9d8ad86e51451842b54dafc7680d1b486ef291963bb72c70f3cdd570d2d8fa34,"{""distance"":7,""physical_error_rate"":0.002}","{""detection_events"":438911,""detectors_checked"":57231360}"
     55296,         0,         0,    11.8,standalone_exact_mw,9d8ad86e51451842b54dafc7680d1b486ef291963bb72c70f3cdd570d2d8fa34,"{""distance"":7,""physical_error_rate"":0.002}","{""detection_events"":344752,""detectors_checked"":44789760}"
    136192,         0,         0,    11.8,standalone_exact_mw,9d8ad86e51451842b54dafc7680d1b486ef291963bb72c70f3cdd570d2d8fa34,"{""distance"":7,""physical_error_rate"":0.002}","{""detection_events"":849153,""detectors_checked"":110315520}"
     81920,         0,         0,    11.8,standalone_exact_mw,9d8ad86e51451842b54dafc7680d1b486ef291963bb72c70f3cdd570d2d8fa34,"{""distance"":7,""physical_error_rate"":0.002}","{""detection_events"":509580,""detectors_checked"":66355200}"
     72704,         0,         0,    11.8,standalone_exact_mw,9d8ad86e51451842b54dafc7680d1b486ef291963bb72c70f3cdd570d2d8fa34,"{""distance"":7,""physical_error_rate"":0.002}","{""detection_events"":452474,""detectors_checked"":58890240}"
    144384,         0,         0,    11.7,standalone_exact_mw,9d8ad86e51451842b54dafc7680d1b486ef291963bb72c70f3cdd570d2d8fa34,"{""distance"":7,""physical_error_rate"":0.002}","{""detection_events"":898042,""detectors_checked"":116951040}"
    105472,         0,         0,    11.8,standalone_exact_mw,9d8ad86e51451842b54dafc7680d1b486ef291963bb72c70f3cdd570d2d8fa34,"{""distance"":7,""physical_error_rate"":0.002}","{""detection_events"":654671,""detectors_checked"":85432320}"
    147456,         0,         0,    11.7,standalone_exact_mw,9d8ad86e51451842b54dafc7680d1b486ef291963bb72c70f3cdd570d2d8fa34,"{""distance"":7,""physical_error_rate"":0.002}","{""detection_events"":916386,""detectors_checked"":119439360}"
     62464,         0,         0,    11.7,standalone_exact_mw,9d8ad86e51451842b54dafc7680d1b486ef291963bb72c70f3cdd570d2d8fa34,"{""distance"":7,""physical_error_rate"":0.002}","{""detection_events"":388402,""detectors_checked"":50595840}"
    172032,         0,         0,    11.7,standalone_exact_mw,9d8ad86e51451842b54dafc7680d1b486ef291963bb72c70f3cdd570d2d8fa34,"{""distance"":7,""physical_error_rate"":0.002}","{""detection_events"":1070718,""detectors_checked"":139345920}"
    104448,         0,         0,    11.9,standalone_exact_mw,9d8ad86e51451842b54dafc7680d1b486ef291963bb72c70f3cdd570d2d8fa34,"{""distance"":7,""physical_error_rate"":0.002}","{""detection_events"":650651,""detectors_checked"":84602880}"
    143360,         0,         0,    11.8,standalone_exact_mw,9d8ad86e51451842b54dafc7680d1b486ef291963bb72c70f3cdd570d2d8fa34,"{""distance"":7,""physical_error_rate"":0.002}","{""detection_events"":891462,""detectors_checked"":116121600}"
     79872,         0,         0,    11.7,standalone_exact_mw,9d8ad86e51451842b54dafc7680d1b486ef291963bb72c70f3cdd570d2d8fa34,"{""distance"":7,""physical_error_rate"":0.002}","{""detection_events"":495853,""detectors_checked"":64696320}"
     87040,         0,         0,    11.7,standalone_exact_mw,9d8ad86e51451842b54dafc7680d1b486ef291963bb72c70f3cdd570d2d8fa34,"{""distance"":7,""physical_error_rate"":0.002}","{""detection_events"":540952,""detectors_checked"":70502400}"
     90112,         0,         0,    11.9,standalone_exact_mw,9d8ad86e51451842b54dafc7680d1b486ef291963bb72c70f3cdd570d2d8fa34,"{""distance"":7,""physical_error_rate"":0.002}","{""detection_events"":557710,""detectors_checked"":72990720}"
     91136,         0,         0,    11.7,standalone_exact_mw,9d8ad86e51451842b54dafc7680d1b486ef291963bb72c70f3cdd570d2d8fa34,"{""distance"":7,""physical_error_rate"":0.002}","{""detection_events"":564865,""detectors_checked"":73820160}"
    109568,         0,         0,    11.9,standalone_exact_mw,9d8ad86e51451842b54dafc7680d1b486ef291963bb72c70f3cdd570d2d8fa34,"{""distance"":7,""physical_error_rate"":0.002}","{""detection_events"":683688,""detectors_checked"":88750080}"
    145408,         0,         0,    11.7,standalone_exact_mw,9d8ad86e51451842b54dafc7680d1b486ef291963bb72c70f3cdd570d2d8fa34,"{""distance"":7,""physical_error_rate"":0.002}","{""detection_events"":902498,""detectors_checked"":117780480}"
    145408,         0,         0,    11.7,standalone_exact_mw,9d8ad86e51451842b54dafc7680d1b486ef291963bb72c70f3cdd570d2d8fa34,"{""distance"":7,""physical_error_rate"":0.002}","{""detection_events"":903638,""detectors_checked"":117780480}"
    113664,         0,         0,    11.7,standalone_exact_mw,9d8ad86e51451842b54dafc7680d1b486ef291963bb72c70f3cdd570d2d8fa34,"{""distance"":7,""physical_error_rate"":0.002}","{""detection_events"":704622,""detectors_checked"":92067840}"
     82944,         0,         0,    11.8,standalone_exact_mw,9d8ad86e51451842b54dafc7680d1b486ef291963bb72c70f3cdd570d2d8fa34,"{""distance"":7,""physical_error_rate"":0.002}","{""detection_events"":514193,""detectors_checked"":67184640}"
     67584,         0,         0,    11.8,standalone_exact_mw,9d8ad86e51451842b54dafc7680d1b486ef291963bb72c70f3cdd570d2d8fa34,"{""distance"":7,""physical_error_rate"":0.002}","{""detection_events"":419151,""detectors_checked"":54743040}"
     65536,         0,         0,    11.7,standalone_exact_mw,9d8ad86e51451842b54dafc7680d1b486ef291963bb72c70f3cdd570d2d8fa34,"{""distance"":7,""physical_error_rate"":0.002}","{""detection_events"":407128,""detectors_checked"":53084160}"
     63488,         0,         0,    11.8,standalone_exact_mw,9d8ad86e51451842b54dafc7680d1b486ef291963bb72c70f3cdd570d2d8fa34,"{""distance"":7,""physical_error_rate"":0.002}","{""detection_events"":394949,""detectors_checked"":51425280}"
     72704,         0,         0,    11.7,standalone_exact_mw,9d8ad86e51451842b54dafc7680d1b486ef291963bb72c70f3cdd570d2d8fa34,"{""distance"":7,""physical_error_rate"":0.002}","{""detection_events"":453128,""detectors_checked"":58890240}"
     96256,         0,         0,    11.8,standalone_exact_mw,9d8ad86e51451842b54dafc7680d1b486ef291963bb72c70f3cdd570d2d8fa34,"{""distance"":7,""physical_error_rate"":0.002}","{""detection_events"":596467,""detectors_checked"":77967360}"
     74752,         0,         0,    11.7,standalone_exact_mw,9d8ad86e51451842b54dafc7680d1b486ef291963bb72c70f3cdd570d2d8fa34,"{""distance"":7,""physical_error_rate"":0.002}","{""detection_events"":464745,""detectors_checked"":60549120}"
     80896,         0,         0,    11.7,standalone_exact_mw,9d8ad86e51451842b54dafc7680d1b486ef291963bb72c70f3cdd570d2d8fa34,"{""distance"":7,""physical_error_rate"":0.002}","{""detection_events"":501679,""detectors_checked"":65525760}"
    136192,         0,         0,    11.8,standalone_exact_mw,9d8ad86e51451842b54dafc7680d1b486ef291963bb72c70f3cdd570d2d8fa34,"{""distance"":7,""physical_error_rate"":0.002}","{""detection_events"":846020,""detectors_checked"":110315520}"
    150528,         0,         0,    11.6,standalone_exact_mw,9d8ad86e51451842b54dafc7680d1b486ef291963bb72c70f3cdd570d2d8fa34,"{""distance"":7,""physical_error_rate"":0.002}","{""detection_events"":933748,""detectors_checked"":121927680}"
   1126400,         0,         0,    88.0,standalone_exact_mw,9d8ad86e51451842b54dafc7680d1b486ef291963bb72c70f3cdd570d2d8fa34,"{""distance"":7,""physical_error_rate"":0.002}","{""detection_events"":6999585,""detectors_checked"":912384000}"
    771072,         0,         0,    88.1,standalone_exact_mw,9d8ad86e51451842b54dafc7680d1b486ef291963bb72c70f3cdd570d2d8fa34,"{""distance"":7,""physical_error_rate"":0.002}","{""detection_events"":4790609,""detectors_checked"":624568320}"
    833536,         0,         0,    88.0,standalone_exact_mw,9d8ad86e51451842b54dafc7680d1b486ef291963bb72c70f3cdd570d2d8fa34,"{""distance"":7,""physical_error_rate"":0.002}","{""detection_events"":5175079,""detectors_checked"":675164160}"
   1079296,         0,         0,    88.1,standalone_exact_mw,9d8ad86e51451842b54dafc7680d1b486ef291963bb72c70f3cdd570d2d8fa34,"{""distance"":7,""physical_error_rate"":0.002}","{""detection_events"":6709682,""detectors_checked"":874229760}"
    960512,         0,         0,    88.1,standalone_exact_mw,9d8ad86e51451842b54dafc7680d1b486ef291963bb72c70f3cdd570d2d8fa34,"{""distance"":7,""physical_error_rate"":0.002}","{""detection_events"":5966676,""detectors_checked"":778014720}"
    929792,         0,         0,    88.0,standalone_exact_mw,9d8ad86e51451842b54dafc7680d1b486ef291963bb72c70f3cdd570d2d8fa34,"{""distance"":7,""physical_error_rate"":0.002}","{""detection_events"":5778505,""detectors_checked"":753131520}"
    688128,         0,         0,    88.1,standalone_exact_mw,9d8ad86e51451842b54dafc7680d1b486ef291963bb72c70f3cdd570d2d8fa34,"{""distance"":7,""physical_error_rate"":0.002}","{""detection_events"":4274353,""detectors_checked"":557383680}"
    794624,         0,         0,    88.0,standalone_exact_mw,9d8ad86e51451842b54dafc7680d1b486ef291963bb72c70f3cdd570d2d8fa34,"{""distance"":7,""physical_error_rate"":0.002}","{""detection_events"":4935421,""detectors_checked"":643645440}"
    949248,         0,         0,    88.0,standalone_exact_mw,9d8ad86e51451842b54dafc7680d1b486ef291963bb72c70f3cdd570d2d8fa34,"{""distance"":7,""physical_error_rate"":0.002}","{""detection_events"":5900815,""detectors_checked"":768890880}"
   1339563,         0,         0,    98.8,standalone_exact_mw,9d8ad86e51451842b54dafc7680d1b486ef291963bb72c70f3cdd570d2d8fa34,"{""distance"":7,""physical_error_rate"":0.002}","{""detection_events"":8329432,""detectors_checked"":1085046030}"
   1231872,         2,         0,    73.0,standalone_exact_mw,9d8ad86e51451842b54dafc7680d1b486ef291963bb72c70f3cdd570d2d8fa34,"{""distance"":7,""physical_error_rate"":0.002}","{""detection_events"":7654205,""detectors_checked"":997816320,""obs_mistake_mask=E"":2}"
   1264640,         0,         0,   103.3,standalone_exact_mw,9d8ad86e51451842b54dafc7680d1b486ef291963bb72c70f3cdd570d2d8fa34,"{""distance"":7,""physical_error_rate"":0.002}","{""detection_events"":7864114,""detectors_checked"":1024358400}"
   1010688,         0,         0,    88.1,standalone_exact_mw,9d8ad86e51451842b54dafc7680d1b486ef291963bb72c70f3cdd570d2d8fa34,"{""distance"":7,""physical_error_rate"":0.002}","{""detection_events"":6281868,""detectors_checked"":818657280}"
    705536,         0,         0,    88.0,standalone_exact_mw,9d8ad86e51451842b54dafc7680d1b486ef291963bb72c70f3cdd570d2d8fa34,"{""distance"":7,""physical_error_rate"":0.002}","{""detection_events"":4387254,""detectors_checked"":571484160}"
   1024000,         0,         0,    88.1,standalone_exact_mw,9d8ad86e51451842b54dafc7680d1b486ef291963bb72c70f3cdd570d2d8fa34,"{""distance"":7,""physical_error_rate"":0.002}","{""detection_events"":6365772,""detectors_checked"":829440000}"
    658432,         0,         0,    88.1,standalone_exact_mw,9d8ad86e51451842b54dafc7680d1b486ef291963bb72c70f3cdd570d2d8fa34,"{""distance"":7,""physical_error_rate"":0.002}","{""detection_events"":4086206,""detectors_checked"":533329920}"
    920576,         0,         0,    88.3,standalone_exact_mw,9d8ad86e51451842b54dafc7680d1b486ef291963bb72c70f3cdd570d2d8fa34,"{""distance"":7,""physical_error_rate"":0.002}","{""detection_events"":5713585,""detectors_checked"":745666560}"
    747520,         0,         0,    87.9,standalone_exact_mw,9d8ad86e51451842b54dafc7680d1b486ef291963bb72c70f3cdd570d2d8fa34,"{""distance"":7,""physical_error_rate"":0.002}","{""detection_events"":4648262,""detectors_checked"":605491200}"
    837632,         0,         0,    87.9,standalone_exact_mw,9d8ad86e51451842b54dafc7680d1b486ef291963bb72c70f3cdd570d2d8fa34,"{""distance"":7,""physical_error_rate"":0.002}","{""detection_events"":5202716,""detectors_checked"":678481920}"
    730112,         0,         0,    87.9,standalone_exact_mw,9d8ad86e51451842b54dafc7680d1b486ef291963bb72c70f3cdd570d2d8fa34,"{""distance"":7,""physical_error_rate"":0.002}","{""detection_events"":4544342,""detectors_checked"":591390720}"
    763904,         0,         0,    87.7,standalone_exact_mw,9d8ad86e51451842b54dafc7680d1b486ef291963bb72c70f3cdd570d2d8fa34,"{""distance"":7,""physical_error_rate"":0.002}","{""detection_events"":4742610,""detectors_checked"":618762240}"
    809984,         0,         0,    88.0,standalone_exact_mw,9d8ad86e51451842b54dafc7680d1b486ef291963bb72c70f3cdd570d2d8fa34,"{""distance"":7,""physical_error_rate"":0.002}","{""detection_events"":5032939,""detectors_checked"":656087040}"
    760832,         0,         0,    87.9,standalone_exact_mw,9d8ad86e51451842b54dafc7680d1b486ef291963bb72c70f3cdd570d2d8fa34,"{""distance"":7,""physical_error_rate"":0.002}","{""detection_events"":4729542,""detectors_checked"":616273920}"
   1230626,         0,         0,    75.4,standalone_exact_mw,9d8ad86e51451842b54dafc7680d1b486ef291963bb72c70f3cdd570d2d8fa34,"{""distance"":7,""physical_error_rate"":0.002}","{""detection_events"":7644334,""detectors_checked"":996807060}"
   1226752,         0,         0,   102.8,standalone_exact_mw,9d8ad86e51451842b54dafc7680d1b486ef291963bb72c70f3cdd570d2d8fa34,"{""distance"":7,""physical_error_rate"":0.002}","{""detection_events"":7621929,""detectors_checked"":993669120}"
    626688,         1,         0,    88.0,standalone_exact_mw,9d8ad86e51451842b54dafc7680d1b486ef291963bb72c70f3cdd570d2d8fa34,"{""distance"":7,""physical_error_rate"":0.002}","{""detection_events"":3896233,""detectors_checked"":507617280,""obs_mistake_mask=E"":1}"
    254976,         0,         0,    16.3,standalone_exact_mw,9d8ad86e51451842b54dafc7680d1b486ef291963bb72c70f3cdd570d2d8fa34,"{""distance"":7,""physical_error_rate"":0.002}","{""detection_events"":1584167,""detectors_checked"":206530560}"
    239616,         0,         0,    16.3,standalone_exact_mw,9d8ad86e51451842b54dafc7680d1b486ef291963bb72c70f3cdd570d2d8fa34,"{""distance"":7,""physical_error_rate"":0.002}","{""detection_events"":1488325,""detectors_checked"":194088960}"
    180224,         0,         0,    16.4,standalone_exact_mw,9d8ad86e51451842b54dafc7680d1b486ef291963bb72c70f3cdd570d2d8fa34,"{""distance"":7,""physical_error_rate"":0.002}","{""detection_events"":1119332,""detectors_checked"":145981440}"
    209920,         0,         0,    16.4,standalone_exact_mw,9d8ad86e51451842b54dafc7680d1b486ef291963bb72c70f3cdd570d2d8fa34,"{""distance"":7,""physical_error_rate"":0.002}","{""detection_events"":1307797,""detectors_checked"":170035200}"
    220160,         0,         0,    16.3,standalone_exact_mw,9d8ad86e51451842b54dafc7680d1b486ef291963bb72c70f3cdd570d2d8fa34,"{""distance"":7,""physical_error_rate"":0.002}","{""detection_events"":1368929,""detectors_checked"":178329600}"
    659456,         0,         0,    88.2,standalone_exact_mw,9d8ad86e51451842b54dafc7680d1b486ef291963bb72c70f3cdd570d2d8fa34,"{""distance"":7,""physical_error_rate"":0.002}","{""detection_events"":4095392,""detectors_checked"":534159360}"
    227328,         0,         0,    16.4,standalone_exact_mw,9d8ad86e51451842b54dafc7680d1b486ef291963bb72c70f3cdd570d2d8fa34,"{""distance"":7,""physical_error_rate"":0.002}","{""detection_events"":1411961,""detectors_checked"":184135680}"
    196608,         0,         0,    16.4,standalone_exact_mw,9d8ad86e51451842b54dafc7680d1b486ef291963bb72c70f3cdd570d2d8fa34,"{""distance"":7,""physical_error_rate"":0.002}","{""detection_events"":1223954,""detectors_checked"":159252480}"
    212992,         0,         0,    16.3,standalone_exact_mw,9d8ad86e51451842b54dafc7680d1b486ef291963bb72c70f3cdd570d2d8fa34,"{""distance"":7,""physical_error_rate"":0.002}","{""detection_events"":1324591,""detectors_checked"":172523520}"
    216064,         0,         0,    16.3,standalone_exact_mw,9d8ad86e51451842b54dafc7680d1b486ef291963bb72c70f3cdd570d2d8fa34,"{""distance"":7,""physical_error_rate"":0.002}","{""detection_events"":1345102,""detectors_checked"":175011840}"
   1131436,         0,         0,    99.8,standalone_exact_mw,9d8ad86e51451842b54dafc7680d1b486ef291963bb72c70f3cdd570d2d8fa34,"{""distance"":7,""physical_error_rate"":0.002}","{""detection_events"":7036836,""detectors_checked"":916463160}"
    139264,         0,         0,    16.3,standalone_exact_mw,9d8ad86e51451842b54dafc7680d1b486ef291963bb72c70f3cdd570d2d8fa34,"{""distance"":7,""physical_error_rate"":0.002}","{""detection_events"":865099,""detectors_checked"":112803840}"
    115712,         0,         0,    16.3,standalone_exact_mw,9d8ad86e51451842b54dafc7680d1b486ef291963bb72c70f3cdd570d2d8fa34,"{""distance"":7,""physical_error_rate"":0.002}","{""detection_events"":720514,""detectors_checked"":93726720}"
    205824,         0,         0,    16.4,standalone_exact_mw,9d8ad86e51451842b54dafc7680d1b486ef291963bb72c70f3cdd570d2d8fa34,"{""distance"":7,""physical_error_rate"":0.002}","{""detection_events"":1279170,""detectors_checked"":166717440}"
    202752,         0,         0,    16.4,standalone_exact_mw,9d8ad86e51451842b54dafc7680d1b486ef291963bb72c70f3cdd570d2d8fa34,"{""distance"":7,""physical_error_rate"":0.002}","{""detection_events"":1258237,""detectors_checked"":164229120}"
    196608,         0,         0,    16.4,standalone_exact_mw,9d8ad86e51451842b54dafc7680d1b486ef291963bb72c70f3cdd570d2d8fa34,"{""distance"":7,""physical_error_rate"":0.002}","{""detection_events"":1224187,""detectors_checked"":159252480}"
    174080,         0,         0,    16.5,standalone_exact_mw,9d8ad86e51451842b54dafc7680d1b486ef291963bb72c70f3cdd570d2d8fa34,"{""distance"":7,""physical_error_rate"":0.002}","{""detection_events"":1080862,""detectors_checked"":141004800}"
    112640,         0,         0,    16.6,standalone_exact_mw,9d8ad86e51451842b54dafc7680d1b486ef291963bb72c70f3cdd570d2d8fa34,"{""distance"":7,""physical_error_rate"":0.002}","{""detection_events"":698222,""detectors_checked"":91238400}"
    184320,         0,         0,    16.3,standalone_exact_mw,9d8ad86e51451842b54dafc7680d1b486ef291963bb72c70f3cdd570d2d8fa34,"{""distance"":7,""physical_error_rate"":0.002}","{""detection_events"":1143879,""detectors_checked"":149299200}"
    209920,         0,         0,    16.4,standalone_exact_mw,9d8ad86e51451842b54dafc7680d1b486ef291963bb72c70f3cdd570d2d8fa34,"{""distance"":7,""physical_error_rate"":0.002}","{""detection_events"":1305827,""detectors_checked"":170035200}"
    204800,         0,         0,    16.3,standalone_exact_mw,9d8ad86e51451842b54dafc7680d1b486ef291963bb72c70f3cdd570d2d8fa34,"{""distance"":7,""physical_error_rate"":0.002}","{""detection_events"":1271933,""detectors_checked"":165888000}"
    121856,         0,         0,    16.5,standalone_exact_mw,9d8ad86e51451842b54dafc7680d1b486ef291963bb72c70f3cdd570d2d8fa34,"{""distance"":7,""physical_error_rate"":0.002}","{""detection_events"":758438,""detectors_checked"":98703360}"
    160768,         1,         0,    16.4,standalone_exact_mw,9d8ad86e51451842b54dafc7680d1b486ef291963bb72c70f3cdd570d2d8fa34,"{""distance"":7,""physical_error_rate"":0.002}","{""detection_events"":994518,""detectors_checked"":130222080,""obs_mistake_mask=E"":1}"
    175104,         0,         0,    16.3,standalone_exact_mw,9d8ad86e51451842b54dafc7680d1b486ef291963bb72c70f3cdd570d2d8fa34,"{""distance"":7,""physical_error_rate"":0.002}","{""detection_events"":1088832,""detectors_checked"":141834240}"
    153600,         0,         0,    16.4,standalone_exact_mw,9d8ad86e51451842b54dafc7680d1b486ef291963bb72c70f3cdd570d2d8fa34,"{""distance"":7,""physical_error_rate"":0.002}","{""detection_events"":952554,""detectors_checked"":124416000}"
    205824,         0,         0,    16.4,standalone_exact_mw,9d8ad86e51451842b54dafc7680d1b486ef291963bb72c70f3cdd570d2d8fa34,"{""distance"":7,""physical_error_rate"":0.002}","{""detection_events"":1278744,""detectors_checked"":166717440}"
    188416,         0,         0,    16.3,standalone_exact_mw,9d8ad86e51451842b54dafc7680d1b486ef291963bb72c70f3cdd570d2d8fa34,"{""distance"":7,""physical_error_rate"":0.002}","{""detection_events"":1171240,""detectors_checked"":152616960}"
    132096,         0,         0,    16.3,standalone_exact_mw,9d8ad86e51451842b54dafc7680d1b486ef291963bb72c70f3cdd570d2d8fa34,"{""distance"":7,""physical_error_rate"":0.002}","{""detection_events"":821076,""detectors_checked"":106997760}"
    129024,         0,         0,    16.4,standalone_exact_mw,9d8ad86e51451842b54dafc7680d1b486ef291963bb72c70f3cdd570d2d8fa34,"{""distance"":7,""physical_error_rate"":0.002}","{""detection_events"":801133,""detectors_checked"":104509440}"
    192512,         1,         0,    16.3,standalone_exact_mw,9d8ad86e51451842b54dafc7680d1b486ef291963bb72c70f3cdd570d2d8fa34,"{""distance"":7,""physical_error_rate"":0.002}","{""detection_events"":1197511,""detectors_checked"":155934720,""obs_mistake_mask=E"":1}"
    163840,         0,         0,    16.4,standalone_exact_mw,9d8ad86e51451842b54dafc7680d1b486ef291963bb72c70f3cdd570d2d8fa34,"{""distance"":7,""physical_error_rate"":0.002}","{""detection_events"":1017059,""detectors_checked"":132710400}"
    108544,         0,         0,    16.5,standalone_exact_mw,9d8ad86e51451842b54dafc7680d1b486ef291963bb72c70f3cdd570d2d8fa34,"{""distance"":7,""physical_error_rate"":0.002}","{""detection_events"":672758,""detectors_checked"":87920640}"
    103424,         0,         0,    16.4,standalone_exact_mw,9d8ad86e51451842b54dafc7680d1b486ef291963bb72c70f3cdd570d2d8fa34,"{""distance"":7,""physical_error_rate"":0.002}","{""detection_events"":643781,""detectors_checked"":83773440}"
    132096,         0,         0,    16.4,standalone_exact_mw,9d8ad86e51451842b54dafc7680d1b486ef291963bb72c70f3cdd570d2d8fa34,"{""distance"":7,""physical_error_rate"":0.002}","{""detection_events"":821911,""detectors_checked"":106997760}"
    190464,         0,         0,    16.3,standalone_exact_mw,9d8ad86e51451842b54dafc7680d1b486ef291963bb72c70f3cdd570d2d8fa34,"{""distance"":7,""physical_error_rate"":0.002}","{""detection_events"":1182142,""detectors_checked"":154275840}"
    146432,         0,         0,    16.3,standalone_exact_mw,9d8ad86e51451842b54dafc7680d1b486ef291963bb72c70f3cdd570d2d8fa34,"{""distance"":7,""physical_error_rate"":0.002}","{""detection_events"":911782,""detectors_checked"":118609920}"
    119808,         0,         0,    16.5,standalone_exact_mw,9d8ad86e51451842b54dafc7680d1b486ef291963bb72c70f3cdd570d2d8fa34,"{""distance"":7,""physical_error_rate"":0.002}","{""detection_events"":743750,""detectors_checked"":97044480}"
    101376,         0,         0,    16.3,standalone_exact_mw,9d8ad86e51451842b54dafc7680d1b486ef291963bb72c70f3cdd570d2d8fa34,"{""distance"":7,""physical_error_rate"":0.002}","{""detection_events"":629635,""detectors_checked"":82114560}"
    134144,         0,         0,    16.4,standalone_exact_mw,9d8ad86e51451842b54dafc7680d1b486ef291963bb72c70f3cdd570d2d8fa34,"{""distance"":7,""physical_error_rate"":0.002}","{""detection_events"":832948,""detectors_checked"":108656640}"
    108544,         0,         0,    16.4,standalone_exact_mw,9d8ad86e51451842b54dafc7680d1b486ef291963bb72c70f3cdd570d2d8fa34,"{""distance"":7,""physical_error_rate"":0.002}","{""detection_events"":674766,""detectors_checked"":87920640}"
    151552,         0,         0,    16.3,standalone_exact_mw,9d8ad86e51451842b54dafc7680d1b486ef291963bb72c70f3cdd570d2d8fa34,"{""distance"":7,""physical_error_rate"":0.002}","{""detection_events"":941360,""detectors_checked"":122757120}"
    209920,         0,         0,    16.4,standalone_exact_mw,9d8ad86e51451842b54dafc7680d1b486ef291963bb72c70f3cdd570d2d8fa34,"{""distance"":7,""physical_error_rate"":0.002}","{""detection_events"":1306871,""detectors_checked"":170035200}"
    203776,         0,         0,    16.5,standalone_exact_mw,9d8ad86e51451842b54dafc7680d1b486ef291963bb72c70f3cdd570d2d8fa34,"{""distance"":7,""physical_error_rate"":0.002}","{""detection_events"":1268640,""detectors_checked"":165058560}"
    144384,         0,         0,    16.4,standalone_exact_mw,9d8ad86e51451842b54dafc7680d1b486ef291963bb72c70f3cdd570d2d8fa34,"{""distance"":7,""physical_error_rate"":0.002}","{""detection_events"":896574,""detectors_checked"":116951040}"
    202752,         0,         0,    16.3,standalone_exact_mw,9d8ad86e51451842b54dafc7680d1b486ef291963bb72c70f3cdd570d2d8fa34,"{""distance"":7,""physical_error_rate"":0.002}","{""detection_events"":1260823,""detectors_checked"":164229120}"
    132096,         0,         0,    16.4,standalone_exact_mw,9d8ad86e51451842b54dafc7680d1b486ef291963bb72c70f3cdd570d2d8fa34,"{""distance"":7,""physical_error_rate"":0.002}","{""detection_events"":822022,""detectors_checked"":106997760}"
    178176,         0,         0,    16.4,standalone_exact_mw,9d8ad86e51451842b54dafc7680d1b486ef291963bb72c70f3cdd570d2d8fa34,"{""distance"":7,""physical_error_rate"":0.002}","{""detection_events"":1108187,""detectors_checked"":144322560}"
    150528,         0,         0,    16.3,standalone_exact_mw,9d8ad86e51451842b54dafc7680d1b486ef291963bb72c70f3cdd570d2d8fa34,"{""distance"":7,""physical_error_rate"":0.002}","{""detection_events"":936704,""detectors_checked"":121927680}"
    142336,         0,         0,    16.5,standalone_exact_mw,9d8ad86e51451842b54dafc7680d1b486ef291963bb72c70f3cdd570d2d8fa34,"{""distance"":7,""physical_error_rate"":0.002}","{""detection_events"":882649,""detectors_checked"":115292160}"
    151552,         0,         0,    16.4,standalone_exact_mw,9d8ad86e51451842b54dafc7680d1b486ef291963bb72c70f3cdd570d2d8fa34,"{""distance"":7,""physical_error_rate"":0.002}","{""detection_events"":944458,""detectors_checked"":122757120}"
    149504,         1,         0,    16.6,standalone_exact_mw,9d8ad86e51451842b54dafc7680d1b486ef291963bb72c70f3cdd570d2d8fa34,"{""distance"":7,""physical_error_rate"":0.002}","{""detection_events"":927458,""detectors_checked"":121098240,""obs_mistake_mask=E"":1}"
    119808,         0,         0,    16.4,standalone_exact_mw,9d8ad86e51451842b54dafc7680d1b486ef291963bb72c70f3cdd570d2d8fa34,"{""distance"":7,""physical_error_rate"":0.002}","{""detection_events"":742265,""detectors_checked"":97044480}"
    150528,         0,         0,    16.5,standalone_exact_mw,9d8ad86e51451842b54dafc7680d1b486ef291963bb72c70f3cdd570d2d8fa34,"{""distance"":7,""physical_error_rate"":0.002}","{""detection_events"":935889,""detectors_checked"":121927680}"
    202752,         1,         0,    16.3,standalone_exact_mw,9d8ad86e51451842b54dafc7680d1b486ef291963bb72c70f3cdd570d2d8fa34,"{""distance"":7,""physical_error_rate"":0.002}","{""detection_events"":1259927,""detectors_checked"":164229120,""obs_mistake_mask=E"":1}"
    183296,         0,         0,    16.5,standalone_exact_mw,9d8ad86e51451842b54dafc7680d1b486ef291963bb72c70f3cdd570d2d8fa34,"{""distance"":7,""physical_error_rate"":0.002}","{""detection_events"":1139703,""detectors_checked"":148469760}"
    207872,         0,         0,    16.4,standalone_exact_mw,9d8ad86e51451842b54dafc7680d1b486ef291963bb72c70f3cdd570d2d8fa34,"{""distance"":7,""physical_error_rate"":0.002}","{""detection_events"":1292269,""detectors_checked"":168376320}"
    154624,         0,         0,    16.3,standalone_exact_mw,9d8ad86e51451842b54dafc7680d1b486ef291963bb72c70f3cdd570d2d8fa34,"{""distance"":7,""physical_error_rate"":0.002}","{""detection_events"":962207,""detectors_checked"":125245440}"
    164864,         0,         0,    16.4,standalone_exact_mw,9d8ad86e51451842b54dafc7680d1b486ef291963bb72c70f3cdd570d2d8fa34,"{""distance"":7,""physical_error_rate"":0.002}","{""detection_events"":1026054,""detectors_checked"":133539840}"
    168960,         0,         0,    16.4,standalone_exact_mw,9d8ad86e51451842b54dafc7680d1b486ef291963bb72c70f3cdd570d2d8fa34,"{""distance"":7,""physical_error_rate"":0.002}","{""detection_events"":1050299,""detectors_checked"":136857600}"
    156672,         0,         0,    16.5,standalone_exact_mw,9d8ad86e51451842b54dafc7680d1b486ef291963bb72c70f3cdd570d2d8fa34,"{""distance"":7,""physical_error_rate"":0.002}","{""detection_events"":976287,""detectors_checked"":126904320}"
    156672,         0,         0,    16.3,standalone_exact_mw,9d8ad86e51451842b54dafc7680d1b486ef291963bb72c70f3cdd570d2d8fa34,"{""distance"":7,""physical_error_rate"":0.002}","{""detection_events"":972065,""detectors_checked"":126904320}"
    147456,         0,         0,    16.4,standalone_exact_mw,9d8ad86e51451842b54dafc7680d1b486ef291963bb72c70f3cdd570d2d8fa34,"{""distance"":7,""physical_error_rate"":0.002}","{""detection_events"":917001,""detectors_checked"":119439360}"
    133120,         0,         0,    16.4,standalone_exact_mw,9d8ad86e51451842b54dafc7680d1b486ef291963bb72c70f3cdd570d2d8fa34,"{""distance"":7,""physical_error_rate"":0.002}","{""detection_events"":827209,""detectors_checked"":107827200}"
    133120,         0,         0,    16.5,standalone_exact_mw,9d8ad86e51451842b54dafc7680d1b486ef291963bb72c70f3cdd570d2d8fa34,"{""distance"":7,""physical_error_rate"":0.002}","{""detection_events"":827220,""detectors_checked"":107827200}"
   1087668,         0,         0,    82.2,standalone_exact_mw,9d8ad86e51451842b54dafc7680d1b486ef291963bb72c70f3cdd570d2d8fa34,"{""distance"":7,""physical_error_rate"":0.002}","{""detection_events"":6756102,""detectors_checked"":881011080}"
   1017856,         0,         0,   111.5,standalone_exact_mw,9d8ad86e51451842b54dafc7680d1b486ef291963bb72c70f3cdd570d2d8fa34,"{""distance"":7,""physical_error_rate"":0.002}","{""detection_events"":6322641,""detectors_checked"":824463360}"
   1029120,         0,         0,    65.5,standalone_exact_mw,9d8ad86e51451842b54dafc7680d1b486ef291963bb72c70f3cdd570d2d8fa34,"{""distance"":7,""physical_error_rate"":0.002}","{""detection_events"":6401117,""detectors_checked"":833587200}"
   1016832,         0,         0,    65.5,standalone_exact_mw,9d8ad86e51451842b54dafc7680d1b486ef291963bb72c70f3cdd570d2d8fa34,"{""distance"":7,""physical_error_rate"":0.002}","{""detection_events"":6315439,""detectors_checked"":823633920}"
   1045504,         0,         0,   106.1,standalone_exact_mw,9d8ad86e51451842b54dafc7680d1b486ef291963bb72c70f3cdd570d2d8fa34,"{""distance"":7,""physical_error_rate"":0.002}","{""detection_events"":6502566,""detectors_checked"":846858240}"
   1064960,         0,         0,   104.8,standalone_exact_mw,9d8ad86e51451842b54dafc7680d1b486ef291963bb72c70f3cdd570d2d8fa34,"{""distance"":7,""physical_error_rate"":0.002}","{""detection_events"":6621890,""detectors_checked"":862617600}"
    176128,         0,         0,    16.4,standalone_exact_mw,9d8ad86e51451842b54dafc7680d1b486ef291963bb72c70f3cdd570d2d8fa34,"{""distance"":7,""physical_error_rate"":0.002}","{""detection_events"":1095555,""detectors_checked"":142663680}"
    162816,         0,         0,    16.5,standalone_exact_mw,9d8ad86e51451842b54dafc7680d1b486ef291963bb72c70f3cdd570d2d8fa34,"{""distance"":7,""physical_error_rate"":0.002}","{""detection_events"":1010899,""detectors_checked"":131880960}"
   1013467,         0,         0,    84.4,standalone_exact_mw,9d8ad86e51451842b54dafc7680d1b486ef291963bb72c70f3cdd570d2d8fa34,"{""distance"":7,""physical_error_rate"":0.002}","{""detection_events"":6296826,""detectors_checked"":820908270}"
    993280,         0,         0,    98.3,standalone_exact_mw,9d8ad86e51451842b54dafc7680d1b486ef291963bb72c70f3cdd570d2d8fa34,"{""distance"":7,""physical_error_rate"":0.002}","{""detection_events"":6173474,""detectors_checked"":804556800}"
    962477,         0,         0,    76.1,standalone_exact_mw,9d8ad86e51451842b54dafc7680d1b486ef291963bb72c70f3cdd570d2d8fa34,"{""distance"":7,""physical_error_rate"":0.002}","{""detection_events"":5975755,""detectors_checked"":779606370}"
    914432,         0,         0,   119.6,standalone_exact_mw,9d8ad86e51451842b54dafc7680d1b486ef291963bb72c70f3cdd570d2d8fa34,"{""distance"":7,""physical_error_rate"":0.002}","{""detection_events"":5683238,""detectors_checked"":740689920}"
     32766,         0,         0,    2.01,standalone_exact_mw,9d8ad86e51451842b54dafc7680d1b486ef291963bb72c70f3cdd570d2d8fa34,"{""distance"":7,""physical_error_rate"":0.002}","{""detection_events"":204821,""detectors_checked"":26540460}"
    927744,         0,         0,   119.7,standalone_exact_mw,9d8ad86e51451842b54dafc7680d1b486ef291963bb72c70f3cdd570d2d8fa34,"{""distance"":7,""physical_error_rate"":0.002}","{""detection_events"":5767010,""detectors_checked"":751472640}"
    346112,         0,         0,    22.9,standalone_exact_mw,9d8ad86e51451842b54dafc7680d1b486ef291963bb72c70f3cdd570d2d8fa34,"{""distance"":7,""physical_error_rate"":0.002}","{""detection_events"":2153097,""detectors_checked"":280350720}"
    347136,         0,         0,    22.9,standalone_exact_mw,9d8ad86e51451842b54dafc7680d1b486ef291963bb72c70f3cdd570d2d8fa34,"{""distance"":7,""physical_error_rate"":0.002}","{""detection_events"":2156340,""detectors_checked"":281180160}"
    358400,         0,         0,    22.9,standalone_exact_mw,9d8ad86e51451842b54dafc7680d1b486ef291963bb72c70f3cdd570d2d8fa34,"{""distance"":7,""physical_error_rate"":0.002}","{""detection_events"":2226193,""detectors_checked"":290304000}"
    351232,         0,         0,    22.9,standalone_exact_mw,9d8ad86e51451842b54dafc7680d1b486ef291963bb72c70f3cdd570d2d8fa34,"{""distance"":7,""physical_error_rate"":0.002}","{""detection_events"":2184100,""detectors_checked"":284497920}"
    346112,         0,         0,    22.9,standalone_exact_mw,9d8ad86e51451842b54dafc7680d1b486ef291963bb72c70f3cdd570d2d8fa34,"{""distance"":7,""physical_error_rate"":0.002}","{""detection_events"":2155596,""detectors_checked"":280350720}"
    358400,         0,         0,    22.9,standalone_exact_mw,9d8ad86e51451842b54dafc7680d1b486ef291963bb72c70f3cdd570d2d8fa34,"{""distance"":7,""physical_error_rate"":0.002}","{""detection_events"":2226582,""detectors_checked"":290304000}"
    316416,         0,         0,    22.9,standalone_exact_mw,9d8ad86e51451842b54dafc7680d1b486ef291963bb72c70f3cdd570d2d8fa34,"{""distance"":7,""physical_error_rate"":0.002}","{""detection_events"":1966282,""detectors_checked"":256296960}"
    311296,         0,         0,    22.9,standalone_exact_mw,9d8ad86e51451842b54dafc7680d1b486ef291963bb72c70f3cdd570d2d8fa34,"{""distance"":7,""physical_error_rate"":0.002}","{""detection_events"":1933429,""detectors_checked"":252149760}"
    284672,         0,         0,    22.9,standalone_exact_mw,9d8ad86e51451842b54dafc7680d1b486ef291963bb72c70f3cdd570d2d8fa34,"{""distance"":7,""physical_error_rate"":0.002}","{""detection_events"":1770812,""detectors_checked"":230584320}"
    308224,         0,         0,    22.8,standalone_exact_mw,9d8ad86e51451842b54dafc7680d1b486ef291963bb72c70f3cdd570d2d8fa34,"{""distance"":7,""physical_error_rate"":0.002}","{""detection_events"":1914603,""detectors_checked"":249661440}"
    222208,         1,         0,    23.0,standalone_exact_mw,9d8ad86e51451842b54dafc7680d1b486ef291963bb72c70f3cdd570d2d8fa34,"{""distance"":7,""physical_error_rate"":0.002}","{""detection_events"":1377822,""detectors_checked"":179988480,""obs_mistake_mask=E"":1}"
    371712,         0,         0,    22.9,standalone_exact_mw,9d8ad86e51451842b54dafc7680d1b486ef291963bb72c70f3cdd570d2d8fa34,"{""distance"":7,""physical_error_rate"":0.002}","{""detection_events"":2309458,""detectors_checked"":301086720}"
    317440,         0,         0,    23.0,standalone_exact_mw,9d8ad86e51451842b54dafc7680d1b486ef291963bb72c70f3cdd570d2d8fa34,"{""distance"":7,""physical_error_rate"":0.002}","{""detection_events"":1974886,""detectors_checked"":257126400}"
    225280,         0,         0,    22.9,standalone_exact_mw,9d8ad86e51451842b54dafc7680d1b486ef291963bb72c70f3cdd570d2d8fa34,"{""distance"":7,""physical_error_rate"":0.002}","{""detection_events"":1405053,""detectors_checked"":182476800}"
    260096,         0,         0,    22.9,standalone_exact_mw,9d8ad86e51451842b54dafc7680d1b486ef291963bb72c70f3cdd570d2d8fa34,"{""distance"":7,""physical_error_rate"":0.002}","{""detection_events"":1615062,""detectors_checked"":210677760}"
    281600,         0,         0,    22.9,standalone_exact_mw,9d8ad86e51451842b54dafc7680d1b486ef291963bb72c70f3cdd570d2d8fa34,"{""distance"":7,""physical_error_rate"":0.002}","{""detection_events"":1749762,""detectors_checked"":228096000}"
    230400,         0,         0,    23.0,standalone_exact_mw,9d8ad86e51451842b54dafc7680d1b486ef291963bb72c70f3cdd570d2d8fa34,"{""distance"":7,""physical_error_rate"":0.002}","{""detection_events"":1429943,""detectors_checked"":186624000}"
    311296,         0,         0,    22.9,standalone_exact_mw,9d8ad86e51451842b54dafc7680d1b486ef291963bb72c70f3cdd570d2d8fa34,"{""distance"":7,""physical_error_rate"":0.002}","{""detection_events"":1936702,""detectors_checked"":252149760}"
    182272,         0,         0,    22.9,standalone_exact_mw,9d8ad86e51451842b54dafc7680d1b486ef291963bb72c70f3cdd570d2d8fa34,"{""distance"":7,""physical_error_rate"":0.002}","{""detection_events"":1130553,""detectors_checked"":147640320}"
    244736,         0,         0,    22.9,standalone_exact_mw,9d8ad86e51451842b54dafc7680d1b486ef291963bb72c70f3cdd570d2d8fa34,"{""distance"":7,""physical_error_rate"":0.002}","{""detection_events"":1520798,""detectors_checked"":198236160}"
    118784,         0,         0,    23.0,standalone_exact_mw,9d8ad86e51451842b54dafc7680d1b486ef291963bb72c70f3cdd570d2d8fa34,"{""distance"":7,""physical_error_rate"":0.002}","{""detection_events"":736904,""detectors_checked"":96215040}"
    197632,         0,         0,    22.9,standalone_exact_mw,9d8ad86e51451842b54dafc7680d1b486ef291963bb72c70f3cdd570d2d8fa34,"{""distance"":7,""physical_error_rate"":0.002}","{""detection_events"":1228369,""detectors_checked"":160081920}"
    305152,         0,         0,    22.9,standalone_exact_mw,9d8ad86e51451842b54dafc7680d1b486ef291963bb72c70f3cdd570d2d8fa34,"{""distance"":7,""physical_error_rate"":0.002}","{""detection_events"":1895843,""detectors_checked"":247173120}"
    261120,         0,         0,    23.1,standalone_exact_mw,9d8ad86e51451842b54dafc7680d1b486ef291963bb72c70f3cdd570d2d8fa34,"{""distance"":7,""physical_error_rate"":0.002}","{""detection_events"":1621481,""detectors_checked"":211507200}"
    245760,         0,         0,    22.8,standalone_exact_mw,9d8ad86e51451842b54dafc7680d1b486ef291963bb72c70f3cdd570d2d8fa34,"{""distance"":7,""physical_error_rate"":0.002}","{""detection_events"":1523980,""detectors_checked"":199065600}"
    251904,         0,         0,    22.9,standalone_exact_mw,9d8ad86e51451842b54dafc7680d1b486ef291963bb72c70f3cdd570d2d8fa34,"{""distance"":7,""physical_error_rate"":0.002}","{""detection_events"":1566138,""detectors_checked"":204042240}"
    149504,         0,         0,    23.0,standalone_exact_mw,9d8ad86e51451842b54dafc7680d1b486ef291963bb72c70f3cdd570d2d8fa34,"{""distance"":7,""physical_error_rate"":0.002}","{""detection_events"":927711,""detectors_checked"":121098240}"
    178176,         0,         0,    23.1,standalone_exact_mw,9d8ad86e51451842b54dafc7680d1b486ef291963bb72c70f3cdd570d2d8fa34,"{""distance"":7,""physical_error_rate"":0.002}","{""detection_events"":1106485,""detectors_checked"":144322560}"
    194560,         0,         0,    22.9,standalone_exact_mw,9d8ad86e51451842b54dafc7680d1b486ef291963bb72c70f3cdd570d2d8fa34,"{""distance"":7,""physical_error_rate"":0.002}","{""detection_events"":1209960,""detectors_checked"":157593600}"
    281600,         0,         0,    22.9,standalone_exact_mw,9d8ad86e51451842b54dafc7680d1b486ef291963bb72c70f3cdd570d2d8fa34,"{""distance"":7,""physical_error_rate"":0.002}","{""detection_events"":1750015,""detectors_checked"":228096000}"
    165888,         0,         0,    23.0,standalone_exact_mw,9d8ad86e51451842b54dafc7680d1b486ef291963bb72c70f3cdd570d2d8fa34,"{""distance"":7,""physical_error_rate"":0.002}","{""detection_events"":1031469,""detectors_checked"":134369280}"
    135168,         0,         0,    23.1,standalone_exact_mw,9d8ad86e51451842b54dafc7680d1b486ef291963bb72c70f3cdd570d2d8fa34,"{""distance"":7,""physical_error_rate"":0.002}","{""detection_events"":841997,""detectors_checked"":109486080}"
    215040,         0,         0,    23.0,standalone_exact_mw,9d8ad86e51451842b54dafc7680d1b486ef291963bb72c70f3cdd570d2d8fa34,"{""distance"":7,""physical_error_rate"":0.002}","{""detection_events"":1339830,""detectors_checked"":174182400}"
    175104,         0,         0,    23.1,standalone_exact_mw,9d8ad86e51451842b54dafc7680d1b486ef291963bb72c70f3cdd570d2d8fa34,"{""distance"":7,""physical_error_rate"":0.002}","{""detection_events"":1084387,""detectors_checked"":141834240}"
    152576,         0,         0,    23.0,standalone_exact_mw,9d8ad86e51451842b54dafc7680d1b486ef291963bb72c70f3cdd570d2d8fa34,"{""distance"":7,""physical_error_rate"":0.002}","{""detection_events"":948187,""detectors_checked"":123586560}"
    207872,         0,         0,    22.9,standalone_exact_mw,9d8ad86e51451842b54dafc7680d1b486ef291963bb72c70f3cdd570d2d8fa34,"{""distance"":7,""physical_error_rate"":0.002}","{""detection_events"":1292400,""detectors_checked"":168376320}"
    204800,         0,         0,    22.9,standalone_exact_mw,9d8ad86e51451842b54dafc7680d1b486ef291963bb72c70f3cdd570d2d8fa34,"{""distance"":7,""physical_error_rate"":0.002}","{""detection_events"":1273525,""detectors_checked"":165888000}"
    180224,         0,         0,    22.9,standalone_exact_mw,9d8ad86e51451842b54dafc7680d1b486ef291963bb72c70f3cdd570d2d8fa34,"{""distance"":7,""physical_error_rate"":0.002}","{""detection_events"":1120837,""detectors_checked"":145981440}"
    235520,         0,         0,    23.0,standalone_exact_mw,9d8ad86e51451842b54dafc7680d1b486ef291963bb72c70f3cdd570d2d8fa34,"{""distance"":7,""physical_error_rate"":0.002}","{""detection_events"":1465544,""detectors_checked"":190771200}"
    316416,         0,         0,    22.9,standalone_exact_mw,9d8ad86e51451842b54dafc7680d1b486ef291963bb72c70f3cdd570d2d8fa34,"{""distance"":7,""physical_error_rate"":0.002}","{""detection_events"":1965283,""detectors_checked"":256296960}"
    246784,         0,         0,    22.9,standalone_exact_mw,9d8ad86e51451842b54dafc7680d1b486ef291963bb72c70f3cdd570d2d8fa34,"{""distance"":7,""physical_error_rate"":0.002}","{""detection_events"":1534845,""detectors_checked"":199895040}"
    232448,         0,         0,    23.1,standalone_exact_mw,9d8ad86e51451842b54dafc7680d1b486ef291963bb72c70f3cdd570d2d8fa34,"{""distance"":7,""physical_error_rate"":0.002}","{""detection_events"":1441438,""detectors_checked"":188282880}"
    214016,         0,         0,    22.9,standalone_exact_mw,9d8ad86e51451842b54dafc7680d1b486ef291963bb72c70f3cdd570d2d8fa34,"{""distance"":7,""physical_error_rate"":0.002}","{""detection_events"":1329953,""detectors_checked"":173352960}"
    141312,         0,         0,    23.0,standalone_exact_mw,9d8ad86e51451842b54dafc7680d1b486ef291963bb72c70f3cdd570d2d8fa34,"{""distance"":7,""physical_error_rate"":0.002}","{""detection_events"":877900,""detectors_checked"":114462720}"
    210944,         0,         0,    22.8,standalone_exact_mw,9d8ad86e51451842b54dafc7680d1b486ef291963bb72c70f3cdd570d2d8fa34,"{""distance"":7,""physical_error_rate"":0.002}","{""detection_events"":1314808,""detectors_checked"":170864640}"
    219136,         0,         0,    22.9,standalone_exact_mw,9d8ad86e51451842b54dafc7680d1b486ef291963bb72c70f3cdd570d2d8fa34,"{""distance"":7,""physical_error_rate"":0.002}","{""detection_events"":1361324,""detectors_checked"":177500160}"
    293888,         0,         0,    23.0,standalone_exact_mw,9d8ad86e51451842b54dafc7680d1b486ef291963bb72c70f3cdd570d2d8fa34,"{""distance"":7,""physical_error_rate"":0.002}","{""detection_events"":1826628,""detectors_checked"":238049280}"
    167936,         0,         0,    22.9,standalone_exact_mw,9d8ad86e51451842b54dafc7680d1b486ef291963bb72c70f3cdd570d2d8fa34,"{""distance"":7,""physical_error_rate"":0.002}","{""detection_events"":1043989,""detectors_checked"":136028160}"
    139264,         0,         0,    22.9,standalone_exact_mw,9d8ad86e51451842b54dafc7680d1b486ef291963bb72c70f3cdd570d2d8fa34,"{""distance"":7,""physical_error_rate"":0.002}","{""detection_events"":864232,""detectors_checked"":112803840}"
    183296,         0,         0,    23.0,standalone_exact_mw,9d8ad86e51451842b54dafc7680d1b486ef291963bb72c70f3cdd570d2d8fa34,"{""distance"":7,""physical_error_rate"":0.002}","{""detection_events"":1137499,""detectors_checked"":148469760}"
    165888,         0,         0,    23.0,standalone_exact_mw,9d8ad86e51451842b54dafc7680d1b486ef291963bb72c70f3cdd570d2d8fa34,"{""distance"":7,""physical_error_rate"":0.002}","{""detection_events"":1029365,""detectors_checked"":134369280}"
    226304,         0,         0,    22.9,standalone_exact_mw,9d8ad86e51451842b54dafc7680d1b486ef291963bb72c70f3cdd570d2d8fa34,"{""distance"":7,""physical_error_rate"":0.002}","{""detection_events"":1408784,""detectors_checked"":183306240}"
    273408,         0,         0,    22.9,standalone_exact_mw,9d8ad86e51451842b54dafc7680d1b486ef291963bb72c70f3cdd570d2d8fa34,"{""distance"":7,""physical_error_rate"":0.002}","{""detection_events"":1694897,""detectors_checked"":221460480}"
    302080,         0,         0,    22.8,standalone_exact_mw,9d8ad86e51451842b54dafc7680d1b486ef291963bb72c70f3cdd570d2d8fa34,"{""distance"":7,""physical_error_rate"":0.002}","{""detection_events"":1874228,""detectors_checked"":244684800}"
    172032,         0,         0,    22.9,standalone_exact_mw,9d8ad86e51451842b54dafc7680d1b486ef291963bb72c70f3cdd570d2d8fa34,"{""distance"":7,""physical_error_rate"":0.002}","{""detection_events"":1068882,""detectors_checked"":139345920}"
    240640,         0,         0,    23.1,standalone_exact_mw,9d8ad86e51451842b54dafc7680d1b486ef291963bb72c70f3cdd570d2d8fa34,"{""distance"":7,""physical_error_rate"":0.002}","{""detection_events"":1495660,""detectors_checked"":194918400}"
    134144,         0,         0,    23.0,standalone_exact_mw,9d8ad86e51451842b54dafc7680d1b486ef291963bb72c70f3cdd570d2d8fa34,"{""distance"":7,""physical_error_rate"":0.002}","{""detection_events"":834346,""detectors_checked"":108656640}"
    219136,         0,         0,    22.9,standalone_exact_mw,9d8ad86e51451842b54dafc7680d1b486ef291963bb72c70f3cdd570d2d8fa34,"{""distance"":7,""physical_error_rate"":0.002}","{""detection_events"":1361604,""detectors_checked"":177500160}"
    175104,         0,         0,    23.0,standalone_exact_mw,9d8ad86e51451842b54dafc7680d1b486ef291963bb72c70f3cdd570d2d8fa34,"{""distance"":7,""physical_error_rate"":0.002}","{""detection_events"":1088613,""detectors_checked"":141834240}"
    247808,         0,         0,    22.9,standalone_exact_mw,9d8ad86e51451842b54dafc7680d1b486ef291963bb72c70f3cdd570d2d8fa34,"{""distance"":7,""physical_error_rate"":0.002}","{""detection_events"":1537822,""detectors_checked"":200724480}"
    145408,         0,         0,    23.0,standalone_exact_mw,9d8ad86e51451842b54dafc7680d1b486ef291963bb72c70f3cdd570d2d8fa34,"{""distance"":7,""physical_error_rate"":0.002}","{""detection_events"":903138,""detectors_checked"":117780480}"
    263168,         0,         0,    22.8,standalone_exact_mw,9d8ad86e51451842b54dafc7680d1b486ef291963bb72c70f3cdd570d2d8fa34,"{""distance"":7,""physical_error_rate"":0.002}","{""detection_events"":1635467,""detectors_checked"":213166080}"
    264192,         0,         0,    23.0,standalone_exact_mw,9d8ad86e51451842b54dafc7680d1b486ef291963bb72c70f3cdd570d2d8fa34,"{""distance"":7,""physical_error_rate"":0.002}","{""detection_events"":1639621,""detectors_checked"":213995520}"
    161792,         0,         0,    22.8,standalone_exact_mw,9d8ad86e51451842b54dafc7680d1b486ef291963bb72c70f3cdd570d2d8fa34,"{""distance"":7,""physical_error_rate"":0.002}","{""detection_events"":1005797,""detectors_checked"":131051520}"
    939798,         0,         0,    89.6,standalone_exact_mw,9d8ad86e51451842b54dafc7680d1b486ef291963bb72c70f3cdd570d2d8fa34,"{""distance"":7,""physical_error_rate"":0.002}","{""detection_events"":5841684,""detectors_checked"":761236380}"
    893952,         0,         0,    82.1,standalone_exact_mw,9d8ad86e51451842b54dafc7680d1b486ef291963bb72c70f3cdd570d2d8fa34,"{""distance"":7,""physical_error_rate"":0.002}","{""detection_events"":5562655,""detectors_checked"":724101120}"
    914432,         0,         0,    89.3,standalone_exact_mw,9d8ad86e51451842b54dafc7680d1b486ef291963bb72c70f3cdd570d2d8fa34,"{""distance"":7,""physical_error_rate"":0.002}","{""detection_events"":5683026,""detectors_checked"":740689920}"
    910336,         0,         0,    96.9,standalone_exact_mw,9d8ad86e51451842b54dafc7680d1b486ef291963bb72c70f3cdd570d2d8fa34,"{""distance"":7,""physical_error_rate"":0.002}","{""detection_events"":5660265,""detectors_checked"":737372160}"
    858112,         0,         0,   104.2,standalone_exact_mw,9d8ad86e51451842b54dafc7680d1b486ef291963bb72c70f3cdd570d2d8fa34,"{""distance"":7,""physical_error_rate"":0.002}","{""detection_events"":5327687,""detectors_checked"":695070720}"
    863232,         0,         0,    89.1,standalone_exact_mw,9d8ad86e51451842b54dafc7680d1b486ef291963bb72c70f3cdd570d2d8fa34,"{""distance"":7,""physical_error_rate"":0.002}","{""detection_events"":5365974,""detectors_checked"":699217920}"
    888832,         0,         0,   104.4,standalone_exact_mw,9d8ad86e51451842b54dafc7680d1b486ef291963bb72c70f3cdd570d2d8fa34,"{""distance"":7,""physical_error_rate"":0.002}","{""detection_events"":5519196,""detectors_checked"":719953920}"
    868352,         0,         0,    98.5,standalone_exact_mw,9d8ad86e51451842b54dafc7680d1b486ef291963bb72c70f3cdd570d2d8fa34,"{""distance"":7,""physical_error_rate"":0.002}","{""detection_events"":5397047,""detectors_checked"":703365120}"
    881664,         0,         0,    88.1,standalone_exact_mw,9d8ad86e51451842b54dafc7680d1b486ef291963bb72c70f3cdd570d2d8fa34,"{""distance"":7,""physical_error_rate"":0.002}","{""detection_events"":5473939,""detectors_checked"":714147840}"
    851968,         0,         0,    89.7,standalone_exact_mw,9d8ad86e51451842b54dafc7680d1b486ef291963bb72c70f3cdd570d2d8fa34,"{""distance"":7,""physical_error_rate"":0.002}","{""detection_events"":5292592,""detectors_checked"":690094080}"
    806552,         1,         0,    89.9,standalone_exact_mw,9d8ad86e51451842b54dafc7680d1b486ef291963bb72c70f3cdd570d2d8fa34,"{""distance"":7,""physical_error_rate"":0.002}","{""detection_events"":5012933,""detectors_checked"":653307120,""obs_mistake_mask=E"":1}"
    765952,         0,         0,    85.3,standalone_exact_mw,9d8ad86e51451842b54dafc7680d1b486ef291963bb72c70f3cdd570d2d8fa34,"{""distance"":7,""physical_error_rate"":0.002}","{""detection_events"":4756907,""detectors_checked"":620421120}"
    805888,         0,         0,   106.7,standalone_exact_mw,9d8ad86e51451842b54dafc7680d1b486ef291963bb72c70f3cdd570d2d8fa34,"{""distance"":7,""physical_error_rate"":0.002}","{""detection_events"":5013190,""detectors_checked"":652769280}"
    758784,         1,         0,    91.4,standalone_exact_mw,9d8ad86e51451842b54dafc7680d1b486ef291963bb72c70f3cdd570d2d8fa34,"{""distance"":7,""physical_error_rate"":0.002}","{""detection_events"":4716015,""detectors_checked"":614615040,""obs_mistake_mask=E"":1}"
    758784,         0,         0,    94.0,standalone_exact_mw,9d8ad86e51451842b54dafc7680d1b486ef291963bb72c70f3cdd570d2d8fa34,"{""distance"":7,""physical_error_rate"":0.002}","{""detection_events"":4717395,""detectors_checked"":614615040}"
    786432,         0,         0,   107.7,standalone_exact_mw,9d8ad86e51451842b54dafc7680d1b486ef291963bb72c70f3cdd570d2d8fa34,"{""distance"":7,""physical_error_rate"":0.002}","{""detection_events"":4885119,""detectors_checked"":637009920}"
    738291,         0,         0,    38.2,standalone_exact_mw,9d8ad86e51451842b54dafc7680d1b486ef291963bb72c70f3cdd570d2d8fa34,"{""distance"":7,""physical_error_rate"":0.002}","{""detection_events"":4587105,""detectors_checked"":598015710}"
    716800,         0,         0,    90.5,standalone_exact_mw,9d8ad86e51451842b54dafc7680d1b486ef291963bb72c70f3cdd570d2d8fa34,"{""distance"":7,""physical_error_rate"":0.002}","{""detection_events"":4451376,""detectors_checked"":580608000}"
    705536,         0,         0,    92.7,standalone_exact_mw,9d8ad86e51451842b54dafc7680d1b486ef291963bb72c70f3cdd570d2d8fa34,"{""distance"":7,""physical_error_rate"":0.002}","{""detection_events"":4386051,""detectors_checked"":571484160}"
    728064,         0,         0,    34.6,standalone_exact_mw,9d8ad86e51451842b54dafc7680d1b486ef291963bb72c70f3cdd570d2d8fa34,"{""distance"":7,""physical_error_rate"":0.002}","{""detection_events"":4517073,""detectors_checked"":589731840}"
    706560,         0,         0,    81.6,standalone_exact_mw,9d8ad86e51451842b54dafc7680d1b486ef291963bb72c70f3cdd570d2d8fa34,"{""distance"":7,""physical_error_rate"":0.002}","{""detection_events"":4389175,""detectors_checked"":572313600}"
    734208,         0,         0,    79.7,standalone_exact_mw,9d8ad86e51451842b54dafc7680d1b486ef291963bb72c70f3cdd570d2d8fa34,"{""distance"":7,""physical_error_rate"":0.002}","{""detection_events"":4567231,""detectors_checked"":594708480}"
    706560,         0,         0,    80.8,standalone_exact_mw,9d8ad86e51451842b54dafc7680d1b486ef291963bb72c70f3cdd570d2d8fa34,"{""distance"":7,""physical_error_rate"":0.002}","{""detection_events"":4390975,""detectors_checked"":572313600}"
    702243,         0,         0,    83.4,standalone_exact_mw,9d8ad86e51451842b54dafc7680d1b486ef291963bb72c70f3cdd570d2d8fa34,"{""distance"":7,""physical_error_rate"":0.002}","{""detection_events"":4361868,""detectors_checked"":568816830}"
    663180,         0,         0,    46.7,standalone_exact_mw,9d8ad86e51451842b54dafc7680d1b486ef291963bb72c70f3cdd570d2d8fa34,"{""distance"":7,""physical_error_rate"":0.002}","{""detection_events"":4122483,""detectors_checked"":537175800}"
    657999,         0,         0,    56.8,standalone_exact_mw,9d8ad86e51451842b54dafc7680d1b486ef291963bb72c70f3cdd570d2d8fa34,"{""distance"":7,""physical_error_rate"":0.002}","{""detection_events"":4094316,""detectors_checked"":532979190}"
    653312,         0,         0,    91.4,standalone_exact_mw,9d8ad86e51451842b54dafc7680d1b486ef291963bb72c70f3cdd570d2d8fa34,"{""distance"":7,""physical_error_rate"":0.002}","{""detection_events"":4061350,""detectors_checked"":529182720}"
    657408,         0,         0,    46.2,standalone_exact_mw,9d8ad86e51451842b54dafc7680d1b486ef291963bb72c70f3cdd570d2d8fa34,"{""distance"":7,""physical_error_rate"":0.002}","{""detection_events"":4083725,""detectors_checked"":532500480}"
    652859,         0,         0,    48.5,standalone_exact_mw,9d8ad86e51451842b54dafc7680d1b486ef291963bb72c70f3cdd570d2d8fa34,"{""distance"":7,""physical_error_rate"":0.002}","{""detection_events"":4056895,""detectors_checked"":528815790}"
    637518,         0,         0,    47.0,standalone_exact_mw,9d8ad86e51451842b54dafc7680d1b486ef291963bb72c70f3cdd570d2d8fa34,"{""distance"":7,""physical_error_rate"":0.002}","{""detection_events"":3961505,""detectors_checked"":516389580}"
    632538,         0,         0,    95.7,standalone_exact_mw,9d8ad86e51451842b54dafc7680d1b486ef291963bb72c70f3cdd570d2d8fa34,"{""distance"":7,""physical_error_rate"":0.002}","{""detection_events"":3934679,""detectors_checked"":512355780}"
    627596,         1,         0,    45.1,standalone_exact_mw,9d8ad86e51451842b54dafc7680d1b486ef291963bb72c70f3cdd570d2d8fa34,"{""distance"":7,""physical_error_rate"":0.002}","{""detection_events"":3898537,""detectors_checked"":508352760,""obs_mistake_mask=E"":1}"
    624640,         1,         0,    49.3,standalone_exact_mw,9d8ad86e51451842b54dafc7680d1b486ef291963bb72c70f3cdd570d2d8fa34,"{""distance"":7,""physical_error_rate"":0.002}","{""detection_events"":3878964,""detectors_checked"":505958400,""obs_mistake_mask=E"":1}"
    622693,         0,         0,    50.7,standalone_exact_mw,9d8ad86e51451842b54dafc7680d1b486ef291963bb72c70f3cdd570d2d8fa34,"{""distance"":7,""physical_error_rate"":0.002}","{""detection_events"":3869612,""detectors_checked"":504381330}"
    612948,         0,         0,    41.0,standalone_exact_mw,9d8ad86e51451842b54dafc7680d1b486ef291963bb72c70f3cdd570d2d8fa34,"{""distance"":7,""physical_error_rate"":0.002}","{""detection_events"":3811773,""detectors_checked"":496487880}"
    608159,         0,         0,    49.1,standalone_exact_mw,9d8ad86e51451842b54dafc7680d1b486ef291963bb72c70f3cdd570d2d8fa34,"{""distance"":7,""physical_error_rate"":0.002}","{""detection_events"":3777629,""detectors_checked"":492608790}"
    603408,         0,         0,    42.0,standalone_exact_mw,9d8ad86e51451842b54dafc7680d1b486ef291963bb72c70f3cdd570d2d8fa34,"{""distance"":7,""physical_error_rate"":0.002}","{""detection_events"":3749343,""detectors_checked"":488760480}"
    598694,         0,         0,    52.1,standalone_exact_mw,9d8ad86e51451842b54dafc7680d1b486ef291963bb72c70f3cdd570d2d8fa34,"{""distance"":7,""physical_error_rate"":0.002}","{""detection_events"":3724991,""detectors_checked"":484942140}"
    595968,         0,         0,    42.7,standalone_exact_mw,9d8ad86e51451842b54dafc7680d1b486ef291963bb72c70f3cdd570d2d8fa34,"{""distance"":7,""physical_error_rate"":0.002}","{""detection_events"":3704293,""detectors_checked"":482734080}"
    594017,         0,         0,    47.8,standalone_exact_mw,9d8ad86e51451842b54dafc7680d1b486ef291963bb72c70f3cdd570d2d8fa34,"{""distance"":7,""physical_error_rate"":0.002}","{""detection_events"":3691718,""detectors_checked"":481153770}"
    590848,         0,         0,    57.7,standalone_exact_mw,9d8ad86e51451842b54dafc7680d1b486ef291963bb72c70f3cdd570d2d8fa34,"{""distance"":7,""physical_error_rate"":0.002}","{""detection_events"":3676053,""detectors_checked"":478586880}"
    584720,         0,         0,    46.4,standalone_exact_mw,9d8ad86e51451842b54dafc7680d1b486ef291963bb72c70f3cdd570d2d8fa34,"{""distance"":7,""physical_error_rate"":0.002}","{""detection_events"":3631295,""detectors_checked"":473623200}"
    575536,         1,         0,    59.2,standalone_exact_mw,9d8ad86e51451842b54dafc7680d1b486ef291963bb72c70f3cdd570d2d8fa34,"{""distance"":7,""physical_error_rate"":0.002}","{""detection_events"":3578046,""detectors_checked"":466184160,""obs_mistake_mask=E"":1}"
    491520,         1,         0,    32.0,standalone_exact_mw,9d8ad86e51451842b54dafc7680d1b486ef291963bb72c70f3cdd570d2d8fa34,"{""distance"":7,""physical_error_rate"":0.002}","{""detection_events"":3056641,""detectors_checked"":398131200,""obs_mistake_mask=E"":1}"
    536576,         0,         0,    31.9,standalone_exact_mw,9d8ad86e51451842b54dafc7680d1b486ef291963bb72c70f3cdd570d2d8fa34,"{""distance"":7,""physical_error_rate"":0.002}","{""detection_events"":3328924,""detectors_checked"":434626560}"
    543744,         0,         0,    32.0,standalone_exact_mw,9d8ad86e51451842b54dafc7680d1b486ef291963bb72c70f3cdd570d2d8fa34,"{""distance"":7,""physical_error_rate"":0.002}","{""detection_events"":3378290,""detectors_checked"":440432640}"
    425984,         0,         0,    31.8,standalone_exact_mw,9d8ad86e51451842b54dafc7680d1b486ef291963bb72c70f3cdd570d2d8fa34,"{""distance"":7,""physical_error_rate"":0.002}","{""detection_events"":2648520,""detectors_checked"":345047040}"
    524288,         0,         0,    31.9,standalone_exact_mw,9d8ad86e51451842b54dafc7680d1b486ef291963bb72c70f3cdd570d2d8fa34,"{""distance"":7,""physical_error_rate"":0.002}","{""detection_events"":3256078,""detectors_checked"":424673280}"
    571039,         0,         0,    59.5,standalone_exact_mw,9d8ad86e51451842b54dafc7680d1b486ef291963bb72c70f3cdd570d2d8fa34,"{""distance"":7,""physical_error_rate"":0.002}","{""detection_events"":3547870,""detectors_checked"":462541590}"
    569344,         1,         0,    56.2,standalone_exact_mw,9d8ad86e51451842b54dafc7680d1b486ef291963bb72c70f3cdd570d2d8fa34,"{""distance"":7,""physical_error_rate"":0.002}","{""detection_events"":3542551,""detectors_checked"":461168640,""obs_mistake_mask=E"":1}"
    563200,         0,         0,    40.9,standalone_exact_mw,9d8ad86e51451842b54dafc7680d1b486ef291963bb72c70f3cdd570d2d8fa34,"{""distance"":7,""physical_error_rate"":0.002}","{""detection_events"":3504955,""detectors_checked"":456192000}"
    552960,         0,         0,    60.8,standalone_exact_mw,9d8ad86e51451842b54dafc7680d1b486ef291963bb72c70f3cdd570d2d8fa34,"{""distance"":7,""physical_error_rate"":0.002}","{""detection_events"":3436181,""detectors_checked"":447897600}"
    546874,         0,         0,    57.3,standalone_exact_mw,9d8ad86e51451842b54dafc7680d1b486ef291963bb72c70f3cdd570d2d8fa34,"{""distance"":7,""physical_error_rate"":0.002}","{""detection_events"":3396676,""detectors_checked"":442967940}"
    451584,         0,         0,    31.9,standalone_exact_mw,9d8ad86e51451842b54dafc7680d1b486ef291963bb72c70f3cdd570d2d8fa34,"{""distance"":7,""physical_error_rate"":0.002}","{""detection_events"":2807203,""detectors_checked"":365783040}"
    416768,         0,         0,    31.9,standalone_exact_mw,9d8ad86e51451842b54dafc7680d1b486ef291963bb72c70f3cdd570d2d8fa34,"{""distance"":7,""physical_error_rate"":0.002}","{""detection_events"":2588808,""detectors_checked"":337582080}"
    534528,         0,         0,    49.9,standalone_exact_mw,9d8ad86e51451842b54dafc7680d1b486ef291963bb72c70f3cdd570d2d8fa34,"{""distance"":7,""physical_error_rate"":0.002}","{""detection_events"":3319247,""detectors_checked"":432967680}"
    385024,         0,         0,    31.9,standalone_exact_mw,9d8ad86e51451842b54dafc7680d1b486ef291963bb72c70f3cdd570d2d8fa34,"{""distance"":7,""physical_error_rate"":0.002}","{""detection_events"":2395467,""detectors_checked"":311869440}"
    411648,         0,         0,    31.9,standalone_exact_mw,9d8ad86e51451842b54dafc7680d1b486ef291963bb72c70f3cdd570d2d8fa34,"{""distance"":7,""physical_error_rate"":0.002}","{""detection_events"":2556177,""detectors_checked"":333434880}"
    230400,         0,         0,    31.8,standalone_exact_mw,9d8ad86e51451842b54dafc7680d1b486ef291963bb72c70f3cdd570d2d8fa34,"{""distance"":7,""physical_error_rate"":0.002}","{""detection_events"":1432567,""detectors_checked"":186624000}"
    349184,         0,         0,    31.9,standalone_exact_mw,9d8ad86e51451842b54dafc7680d1b486ef291963bb72c70f3cdd570d2d8fa34,"{""distance"":7,""physical_error_rate"":0.002}","{""detection_events"":2169967,""detectors_checked"":282839040}"
    208896,         0,         0,    31.8,standalone_exact_mw,9d8ad86e51451842b54dafc7680d1b486ef291963bb72c70f3cdd570d2d8fa34,"{""distance"":7,""physical_error_rate"":0.002}","{""detection_events"":1299957,""detectors_checked"":169205760}"
    407552,         0,         0,    31.9,standalone_exact_mw,9d8ad86e51451842b54dafc7680d1b486ef291963bb72c70f3cdd570d2d8fa34,"{""distance"":7,""physical_error_rate"":0.002}","{""detection_events"":2528849,""detectors_checked"":330117120}"
    388096,         0,         0,    31.9,standalone_exact_mw,9d8ad86e51451842b54dafc7680d1b486ef291963bb72c70f3cdd570d2d8fa34,"{""distance"":7,""physical_error_rate"":0.002}","{""detection_events"":2410110,""detectors_checked"":314357760}"
    321536,         0,         0,    31.9,standalone_exact_mw,9d8ad86e51451842b54dafc7680d1b486ef291963bb72c70f3cdd570d2d8fa34,"{""distance"":7,""physical_error_rate"":0.002}","{""detection_events"":1999800,""detectors_checked"":260444160}"
    360448,         0,         0,    32.0,standalone_exact_mw,9d8ad86e51451842b54dafc7680d1b486ef291963bb72c70f3cdd570d2d8fa34,"{""distance"":7,""physical_error_rate"":0.002}","{""detection_events"":2239615,""detectors_checked"":291962880}"
    529434,         0,         0,    56.4,standalone_exact_mw,9d8ad86e51451842b54dafc7680d1b486ef291963bb72c70f3cdd570d2d8fa34,"{""distance"":7,""physical_error_rate"":0.002}","{""detection_events"":3293674,""detectors_checked"":428841540}"
    490496,         0,         0,    58.2,standalone_exact_mw,9d8ad86e51451842b54dafc7680d1b486ef291963bb72c70f3cdd570d2d8fa34,"{""distance"":7,""physical_error_rate"":0.002}","{""detection_events"":3047946,""detectors_checked"":397301760}"
    506880,         0,         0,    57.4,standalone_exact_mw,9d8ad86e51451842b54dafc7680d1b486ef291963bb72c70f3cdd570d2d8fa34,"{""distance"":7,""physical_error_rate"":0.002}","{""detection_events"":3149216,""detectors_checked"":410572800}"
    509952,         0,         0,    50.6,standalone_exact_mw,9d8ad86e51451842b54dafc7680d1b486ef291963bb72c70f3cdd570d2d8fa34,"{""distance"":7,""physical_error_rate"":0.002}","{""detection_events"":3172395,""detectors_checked"":413061120}"
    265216,         0,         0,    31.7,standalone_exact_mw,9d8ad86e51451842b54dafc7680d1b486ef291963bb72c70f3cdd570d2d8fa34,"{""distance"":7,""physical_error_rate"":0.002}","{""detection_events"":1649542,""detectors_checked"":214824960}"
    252928,         0,         0,    31.8,standalone_exact_mw,9d8ad86e51451842b54dafc7680d1b486ef291963bb72c70f3cdd570d2d8fa34,"{""distance"":7,""physical_error_rate"":0.002}","{""detection_events"":1569198,""detectors_checked"":204871680}"
    517120,         0,         0,    60.3,standalone_exact_mw,9d8ad86e51451842b54dafc7680d1b486ef291963bb72c70f3cdd570d2d8fa34,"{""distance"":7,""physical_error_rate"":0.002}","{""detection_events"":3217943,""detectors_checked"":418867200}"
    425984,         0,         0,    32.0,standalone_exact_mw,9d8ad86e51451842b54dafc7680d1b486ef291963bb72c70f3cdd570d2d8fa34,"{""distance"":7,""physical_error_rate"":0.002}","{""detection_events"":2651199,""detectors_checked"":345047040}"
    295936,         0,         0,    31.7,standalone_exact_mw,9d8ad86e51451842b54dafc7680d1b486ef291963bb72c70f3cdd570d2d8fa34,"{""distance"":7,""physical_error_rate"":0.002}","{""detection_events"":1839848,""detectors_checked"":239708160}"
    360448,         0,         0,    31.9,standalone_exact_mw,9d8ad86e51451842b54dafc7680d1b486ef291963bb72c70f3cdd570d2d8fa34,"{""distance"":7,""physical_error_rate"":0.002}","{""detection_events"":2240223,""detectors_checked"":291962880}"
    233472,         0,         0,    31.9,standalone_exact_mw,9d8ad86e51451842b54dafc7680d1b486ef291963bb72c70f3cdd570d2d8fa34,"{""distance"":7,""physical_error_rate"":0.002}","{""detection_events"":1451050,""detectors_checked"":189112320}"
    490410,         0,         0,    22.3,standalone_exact_mw,9d8ad86e51451842b54dafc7680d1b486ef291963bb72c70f3cdd570d2d8fa34,"{""distance"":7,""physical_error_rate"":0.002}","{""detection_events"":3050644,""detectors_checked"":397232100}"
    475136,         1,         0,    60.4,standalone_exact_mw,9d8ad86e51451842b54dafc7680d1b486ef291963bb72c70f3cdd570d2d8fa34,"{""distance"":7,""physical_error_rate"":0.002}","{""detection_events"":2952248,""detectors_checked"":384860160,""obs_mistake_mask=E"":1}"
    487424,         0,         0,    59.1,standalone_exact_mw,9d8ad86e51451842b54dafc7680d1b486ef291963bb72c70f3cdd570d2d8fa34,"{""distance"":7,""physical_error_rate"":0.002}","{""detection_events"":3035214,""detectors_checked"":394813440}"
    458752,         0,         0,    60.6,standalone_exact_mw,9d8ad86e51451842b54dafc7680d1b486ef291963bb72c70f3cdd570d2d8fa34,"{""distance"":7,""physical_error_rate"":0.002}","{""detection_events"":2852506,""detectors_checked"":371589120}"
    386048,         0,         0,    31.9,standalone_exact_mw,9d8ad86e51451842b54dafc7680d1b486ef291963bb72c70f3cdd570d2d8fa34,"{""distance"":7,""physical_error_rate"":0.002}","{""detection_events"":2402078,""detectors_checked"":312698880}"
    226304,         0,         0,    32.0,standalone_exact_mw,9d8ad86e51451842b54dafc7680d1b486ef291963bb72c70f3cdd570d2d8fa34,"{""distance"":7,""physical_error_rate"":0.002}","{""detection_events"":1405783,""detectors_checked"":183306240}"
    311296,         0,         0,    31.8,standalone_exact_mw,9d8ad86e51451842b54dafc7680d1b486ef291963bb72c70f3cdd570d2d8fa34,"{""distance"":7,""physical_error_rate"":0.002}","{""detection_events"":1934683,""detectors_checked"":252149760}"
    263168,         0,         0,    31.9,standalone_exact_mw,9d8ad86e51451842b54dafc7680d1b486ef291963bb72c70f3cdd570d2d8fa34,"{""distance"":7,""physical_error_rate"":0.002}","{""detection_events"":1636490,""detectors_checked"":213166080}"
    270336,         0,         0,    31.9,standalone_exact_mw,9d8ad86e51451842b54dafc7680d1b486ef291963bb72c70f3cdd570d2d8fa34,"{""distance"":7,""physical_error_rate"":0.002}","{""detection_events"":1682522,""detectors_checked"":218972160}"
    295936,         0,         0,    31.8,standalone_exact_mw,9d8ad86e51451842b54dafc7680d1b486ef291963bb72c70f3cdd570d2d8fa34,"{""distance"":7,""physical_error_rate"":0.002}","{""detection_events"":1838875,""detectors_checked"":239708160}"
    233472,         0,         0,    32.0,standalone_exact_mw,9d8ad86e51451842b54dafc7680d1b486ef291963bb72c70f3cdd570d2d8fa34,"{""distance"":7,""physical_error_rate"":0.002}","{""detection_events"":1451733,""detectors_checked"":189112320}"
    370688,         0,         0,    31.9,standalone_exact_mw,9d8ad86e51451842b54dafc7680d1b486ef291963bb72c70f3cdd570d2d8fa34,"{""distance"":7,""physical_error_rate"":0.002}","{""detection_events"":2304573,""detectors_checked"":300257280}"
    326656,         0,         0,    31.8,standalone_exact_mw,9d8ad86e51451842b54dafc7680d1b486ef291963bb72c70f3cdd570d2d8fa34,"{""distance"":7,""physical_error_rate"":0.002}","{""detection_events"":2029238,""detectors_checked"":264591360}"
    260096,         0,         0,    32.1,standalone_exact_mw,9d8ad86e51451842b54dafc7680d1b486ef291963bb72c70f3cdd570d2d8fa34,"{""distance"":7,""physical_error_rate"":0.002}","{""detection_events"":1617849,""detectors_checked"":210677760}"
    312320,         0,         0,    31.9,standalone_exact_mw,9d8ad86e51451842b54dafc7680d1b486ef291963bb72c70f3cdd570d2d8fa34,"{""distance"":7,""physical_error_rate"":0.002}","{""detection_events"":1940335,""detectors_checked"":252979200}"
    245760,         0,         0,    32.0,standalone_exact_mw,9d8ad86e51451842b54dafc7680d1b486ef291963bb72c70f3cdd570d2d8fa34,"{""distance"":7,""physical_error_rate"":0.002}","{""detection_events"":1527298,""detectors_checked"":199065600}"
    283648,         0,         0,    31.8,standalone_exact_mw,9d8ad86e51451842b54dafc7680d1b486ef291963bb72c70f3cdd570d2d8fa34,"{""distance"":7,""physical_error_rate"":0.002}","{""detection_events"":1763053,""detectors_checked"":229754880}"
    321536,         0,         0,    31.9,standalone_exact_mw,9d8ad86e51451842b54dafc7680d1b486ef291963bb72c70f3cdd570d2d8fa34,"{""distance"":7,""physical_error_rate"":0.002}","{""detection_events"":1999912,""detectors_checked"":260444160}"
    263168,         0,         0,    31.9,standalone_exact_mw,9d8ad86e51451842b54dafc7680d1b486ef291963bb72c70f3cdd570d2d8fa34,"{""distance"":7,""physical_error_rate"":0.002}","{""detection_events"":1631934,""detectors_checked"":213166080}"
    275456,         0,         0,    31.9,standalone_exact_mw,9d8ad86e51451842b54dafc7680d1b486ef291963bb72c70f3cdd570d2d8fa34,"{""distance"":7,""physical_error_rate"":0.002}","{""detection_events"":1714221,""detectors_checked"":223119360}"
    279552,         0,         0,    31.8,standalone_exact_mw,9d8ad86e51451842b54dafc7680d1b486ef291963bb72c70f3cdd570d2d8fa34,"{""distance"":7,""physical_error_rate"":0.002}","{""detection_events"":1740002,""detectors_checked"":226437120}"
    283648,         0,         0,    32.1,standalone_exact_mw,9d8ad86e51451842b54dafc7680d1b486ef291963bb72c70f3cdd570d2d8fa34,"{""distance"":7,""physical_error_rate"":0.002}","{""detection_events"":1765127,""detectors_checked"":229754880}"
    305152,         0,         0,    32.1,standalone_exact_mw,9d8ad86e51451842b54dafc7680d1b486ef291963bb72c70f3cdd570d2d8fa34,"{""distance"":7,""physical_error_rate"":0.002}","{""detection_events"":1896826,""detectors_checked"":247173120}"
    320512,         0,         0,    31.9,standalone_exact_mw,9d8ad86e51451842b54dafc7680d1b486ef291963bb72c70f3cdd570d2d8fa34,"{""distance"":7,""physical_error_rate"":0.002}","{""detection_events"":1991417,""detectors_checked"":259614720}"
    257024,         0,         0,    32.1,standalone_exact_mw,9d8ad86e51451842b54dafc7680d1b486ef291963bb72c70f3cdd570d2d8fa34,"{""distance"":7,""physical_error_rate"":0.002}","{""detection_events"":1601532,""detectors_checked"":208189440}"
    301056,         0,         0,    31.9,standalone_exact_mw,9d8ad86e51451842b54dafc7680d1b486ef291963bb72c70f3cdd570d2d8fa34,"{""distance"":7,""physical_error_rate"":0.002}","{""detection_events"":1871506,""detectors_checked"":243855360}"
    456434,         0,         0,    61.7,standalone_exact_mw,9d8ad86e51451842b54dafc7680d1b486ef291963bb72c70f3cdd570d2d8fa34,"{""distance"":7,""physical_error_rate"":0.002}","{""detection_events"":2839165,""detectors_checked"":369711540}"
    449536,         0,         0,    63.0,standalone_exact_mw,9d8ad86e51451842b54dafc7680d1b486ef291963bb72c70f3cdd570d2d8fa34,"{""distance"":7,""physical_error_rate"":0.002}","{""detection_events"":2799370,""detectors_checked"":364124160}"
    456434,         0,         0,    23.6,standalone_exact_mw,9d8ad86e51451842b54dafc7680d1b486ef291963bb72c70f3cdd570d2d8fa34,"{""distance"":7,""physical_error_rate"":0.002}","{""detection_events"":2834716,""detectors_checked"":369711540}"
    253952,         0,         0,    32.0,standalone_exact_mw,9d8ad86e51451842b54dafc7680d1b486ef291963bb72c70f3cdd570d2d8fa34,"{""distance"":7,""physical_error_rate"":0.002}","{""detection_events"":1580701,""detectors_checked"":205701120}"
    284672,         0,         0,    31.9,standalone_exact_mw,9d8ad86e51451842b54dafc7680d1b486ef291963bb72c70f3cdd570d2d8fa34,"{""distance"":7,""physical_error_rate"":0.002}","{""detection_events"":1770492,""detectors_checked"":230584320}"
    436224,         0,         0,    57.0,standalone_exact_mw,9d8ad86e51451842b54dafc7680d1b486ef291963bb72c70f3cdd570d2d8fa34,"{""distance"":7,""physical_error_rate"":0.002}","{""detection_events"":2711282,""detectors_checked"":353341440}"
    374784,         0,         0,    31.7,standalone_exact_mw,9d8ad86e51451842b54dafc7680d1b486ef291963bb72c70f3cdd570d2d8fa34,"{""distance"":7,""physical_error_rate"":0.002}","{""detection_events"":2328377,""detectors_checked"":303575040}"
    402432,         0,         0,    38.9,standalone_exact_mw,9d8ad86e51451842b54dafc7680d1b486ef291963bb72c70f3cdd570d2d8fa34,"{""distance"":7,""physical_error_rate"":0.002}","{""detection_events"":2501031,""detectors_checked"":325969920}"
    289792,         0,         0,    31.8,standalone_exact_mw,9d8ad86e51451842b54dafc7680d1b486ef291963bb72c70f3cdd570d2d8fa34,"{""distance"":7,""physical_error_rate"":0.002}","{""detection_events"":1801274,""detectors_checked"":234731520}"
    442368,         0,         0,    56.8,standalone_exact_mw,9d8ad86e51451842b54dafc7680d1b486ef291963bb72c70f3cdd570d2d8fa34,"{""distance"":7,""physical_error_rate"":0.002}","{""detection_events"":2750309,""detectors_checked"":358318080}"
    245760,         0,         0,    32.0,standalone_exact_mw,9d8ad86e51451842b54dafc7680d1b486ef291963bb72c70f3cdd570d2d8fa34,"{""distance"":7,""physical_error_rate"":0.002}","{""detection_events"":1524651,""detectors_checked"":199065600}"
    253952,         0,         0,    32.0,standalone_exact_mw,9d8ad86e51451842b54dafc7680d1b486ef291963bb72c70f3cdd570d2d8fa34,"{""distance"":7,""physical_error_rate"":0.002}","{""detection_events"":1581739,""detectors_checked"":205701120}"
    308224,         0,         0,    31.8,standalone_exact_mw,9d8ad86e51451842b54dafc7680d1b486ef291963bb72c70f3cdd570d2d8fa34,"{""distance"":7,""physical_error_rate"":0.002}","{""detection_events"":1918448,""detectors_checked"":249661440}"
    343040,         0,         0,    32.0,standalone_exact_mw,9d8ad86e51451842b54dafc7680d1b486ef291963bb72c70f3cdd570d2d8fa34,"{""distance"":7,""physical_error_rate"":0.002}","{""detection_events"":2135663,""detectors_checked"":277862400}"
    348160,         0,         0,    31.9,standalone_exact_mw,9d8ad86e51451842b54dafc7680d1b486ef291963bb72c70f3cdd570d2d8fa34,"{""distance"":7,""physical_error_rate"":0.002}","{""detection_events"":2161054,""detectors_checked"":282009600}"
    320512,         0,         0,    31.9,standalone_exact_mw,9d8ad86e51451842b54dafc7680d1b486ef291963bb72c70f3cdd570d2d8fa34,"{""distance"":7,""physical_error_rate"":0.002}","{""detection_events"":1993524,""detectors_checked"":259614720}"
    326656,         0,         0,    31.9,standalone_exact_mw,9d8ad86e51451842b54dafc7680d1b486ef291963bb72c70f3cdd570d2d8fa34,"{""distance"":7,""physical_error_rate"":0.002}","{""detection_events"":2034570,""detectors_checked"":264591360}"
    242688,         0,         0,    31.8,standalone_exact_mw,9d8ad86e51451842b54dafc7680d1b486ef291963bb72c70f3cdd570d2d8fa34,"{""distance"":7,""physical_error_rate"":0.002}","{""detection_events"":1508105,""detectors_checked"":196577280}"
    180224,         0,         0,    32.0,standalone_exact_mw,9d8ad86e51451842b54dafc7680d1b486ef291963bb72c70f3cdd570d2d8fa34,"{""distance"":7,""physical_error_rate"":0.002}","{""detection_events"":1117563,""detectors_checked"":145981440}"
    319488,         0,         0,    31.9,standalone_exact_mw,9d8ad86e51451842b54dafc7680d1b486ef291963bb72c70f3cdd570d2d8fa34,"{""distance"":7,""physical_error_rate"":0.002}","{""detection_events"":1985262,""detectors_checked"":258785280}"
    241664,         0,         0,    31.9,standalone_exact_mw,9d8ad86e51451842b54dafc7680d1b486ef291963bb72c70f3cdd570d2d8fa34,"{""distance"":7,""physical_error_rate"":0.002}","{""detection_events"":1503152,""detectors_checked"":195747840}"
    304128,         0,         0,    31.7,standalone_exact_mw,9d8ad86e51451842b54dafc7680d1b486ef291963bb72c70f3cdd570d2d8fa34,"{""distance"":7,""physical_error_rate"":0.002}","{""detection_events"":1891991,""detectors_checked"":246343680}"
    254976,         0,         0,    31.9,standalone_exact_mw,9d8ad86e51451842b54dafc7680d1b486ef291963bb72c70f3cdd570d2d8fa34,"{""distance"":7,""physical_error_rate"":0.002}","{""detection_events"":1584061,""detectors_checked"":206530560}"
    348160,         0,         0,    31.9,standalone_exact_mw,9d8ad86e51451842b54dafc7680d1b486ef291963bb72c70f3cdd570d2d8fa34,"{""distance"":7,""physical_error_rate"":0.002}","{""detection_events"":2161910,""detectors_checked"":282009600}"
    305152,         0,         0,    31.8,standalone_exact_mw,9d8ad86e51451842b54dafc7680d1b486ef291963bb72c70f3cdd570d2d8fa34,"{""distance"":7,""physical_error_rate"":0.002}","{""detection_events"":1896836,""detectors_checked"":247173120}"
    312320,         0,         0,    32.2,standalone_exact_mw,9d8ad86e51451842b54dafc7680d1b486ef291963bb72c70f3cdd570d2d8fa34,"{""distance"":7,""physical_error_rate"":0.002}","{""detection_events"":1941996,""detectors_checked"":252979200}"
     36582,         0,         0,    3.97,standalone_exact_mw,9d8ad86e51451842b54dafc7680d1b486ef291963bb72c70f3cdd570d2d8fa34,"{""distance"":7,""physical_error_rate"":0.002}","{""detection_events"":227993,""detectors_checked"":29631420}"
    349184,         0,         0,    43.5,standalone_exact_mw,9d8ad86e51451842b54dafc7680d1b486ef291963bb72c70f3cdd570d2d8fa34,"{""distance"":7,""physical_error_rate"":0.002}","{""detection_events"":2168725,""detectors_checked"":282839040}"
    391168,         0,         0,    53.9,standalone_exact_mw,9d8ad86e51451842b54dafc7680d1b486ef291963bb72c70f3cdd570d2d8fa34,"{""distance"":7,""physical_error_rate"":0.002}","{""detection_events"":2432592,""detectors_checked"":316846080}"
    336896,         0,         0,    33.0,standalone_exact_mw,9d8ad86e51451842b54dafc7680d1b486ef291963bb72c70f3cdd570d2d8fa34,"{""distance"":7,""physical_error_rate"":0.002}","{""detection_events"":2095119,""detectors_checked"":272885760}"
    349184,         1,         0,    32.9,standalone_exact_mw,9d8ad86e51451842b54dafc7680d1b486ef291963bb72c70f3cdd570d2d8fa34,"{""distance"":7,""physical_error_rate"":0.002}","{""detection_events"":2170205,""detectors_checked"":282839040,""obs_mistake_mask=E"":1}"
    338944,         0,         0,    33.0,standalone_exact_mw,9d8ad86e51451842b54dafc7680d1b486ef291963bb72c70f3cdd570d2d8fa34,"{""distance"":7,""physical_error_rate"":0.002}","{""detection_events"":2108575,""detectors_checked"":274544640}"
    340992,         0,         0,    30.0,standalone_exact_mw,9d8ad86e51451842b54dafc7680d1b486ef291963bb72c70f3cdd570d2d8fa34,"{""distance"":7,""physical_error_rate"":0.002}","{""detection_events"":2123635,""detectors_checked"":276203520}"
    328681,         0,         0,    30.0,standalone_exact_mw,9d8ad86e51451842b54dafc7680d1b486ef291963bb72c70f3cdd570d2d8fa34,"{""distance"":7,""physical_error_rate"":0.002}","{""detection_events"":2041232,""detectors_checked"":266231610}"
    315392,         0,         0,    33.3,standalone_exact_mw,9d8ad86e51451842b54dafc7680d1b486ef291963bb72c70f3cdd570d2d8fa34,"{""distance"":7,""physical_error_rate"":0.002}","{""detection_events"":1961058,""detectors_checked"":255467520}"
    311296,         0,         0,    28.1,standalone_exact_mw,9d8ad86e51451842b54dafc7680d1b486ef291963bb72c70f3cdd570d2d8fa34,"{""distance"":7,""physical_error_rate"":0.002}","{""detection_events"":1935264,""detectors_checked"":252149760}"
    324608,         0,         0,    30.0,standalone_exact_mw,9d8ad86e51451842b54dafc7680d1b486ef291963bb72c70f3cdd570d2d8fa34,"{""distance"":7,""physical_error_rate"":0.002}","{""detection_events"":2016532,""detectors_checked"":262932480}"
    316416,         0,         0,    33.3,standalone_exact_mw,9d8ad86e51451842b54dafc7680d1b486ef291963bb72c70f3cdd570d2d8fa34,"{""distance"":7,""physical_error_rate"":0.002}","{""detection_events"":1968970,""detectors_checked"":256296960}"
    309657,         0,         0,    33.4,standalone_exact_mw,9d8ad86e51451842b54dafc7680d1b486ef291963bb72c70f3cdd570d2d8fa34,"{""distance"":7,""physical_error_rate"":0.002}","{""detection_events"":1926112,""detectors_checked"":250822170}"
    297334,         0,         0,    33.5,standalone_exact_mw,9d8ad86e51451842b54dafc7680d1b486ef291963bb72c70f3cdd570d2d8fa34,"{""distance"":7,""physical_error_rate"":0.002}","{""detection_events"":1848799,""detectors_checked"":240840540}"
    302080,         0,         0,    33.7,standalone_exact_mw,9d8ad86e51451842b54dafc7680d1b486ef291963bb72c70f3cdd570d2d8fa34,"{""distance"":7,""physical_error_rate"":0.002}","{""detection_events"":1878500,""detectors_checked"":244684800}"
    301056,         0,         0,    33.7,standalone_exact_mw,9d8ad86e51451842b54dafc7680d1b486ef291963bb72c70f3cdd570d2d8fa34,"{""distance"":7,""physical_error_rate"":0.002}","{""detection_events"":1874356,""detectors_checked"":243855360}"
    295011,         0,         0,    15.4,standalone_exact_mw,9d8ad86e51451842b54dafc7680d1b486ef291963bb72c70f3cdd570d2d8fa34,"{""distance"":7,""physical_error_rate"":0.002}","{""detection_events"":1830180,""detectors_checked"":238958910}"
    294912,         0,         0,    28.8,standalone_exact_mw,9d8ad86e51451842b54dafc7680d1b486ef291963bb72c70f3cdd570d2d8fa34,"{""distance"":7,""physical_error_rate"":0.002}","{""detection_events"":1836587,""detectors_checked"":238878720}"
    287994,         0,         0,    31.0,standalone_exact_mw,9d8ad86e51451842b54dafc7680d1b486ef291963bb72c70f3cdd570d2d8fa34,"{""distance"":7,""physical_error_rate"":0.002}","{""detection_events"":1787200,""detectors_checked"":233275140}"
    286720,         0,         0,    16.8,standalone_exact_mw,9d8ad86e51451842b54dafc7680d1b486ef291963bb72c70f3cdd570d2d8fa34,"{""distance"":7,""physical_error_rate"":0.002}","{""detection_events"":1779031,""detectors_checked"":232243200}"
    283440,         0,         0,    31.6,standalone_exact_mw,9d8ad86e51451842b54dafc7680d1b486ef291963bb72c70f3cdd570d2d8fa34,"{""distance"":7,""physical_error_rate"":0.002}","{""detection_events"":1762781,""detectors_checked"":229586400}"
    282624,         0,         0,    29.5,standalone_exact_mw,9d8ad86e51451842b54dafc7680d1b486ef291963bb72c70f3cdd570d2d8fa34,"{""distance"":7,""physical_error_rate"":0.002}","{""detection_events"":1755678,""detectors_checked"":228925440}"
    282624,         0,         0,    21.6,standalone_exact_mw,9d8ad86e51451842b54dafc7680d1b486ef291963bb72c70f3cdd570d2d8fa34,"{""distance"":7,""physical_error_rate"":0.002}","{""detection_events"":1760780,""detectors_checked"":228925440}"
       816,         0,         0,   0.078,standalone_exact_mw,9d8ad86e51451842b54dafc7680d1b486ef291963bb72c70f3cdd570d2d8fa34,"{""distance"":7,""physical_error_rate"":0.002}","{""detection_events"":5042,""detectors_checked"":660960}"
    278986,         0,         0,    21.6,standalone_exact_mw,9d8ad86e51451842b54dafc7680d1b486ef291963bb72c70f3cdd570d2d8fa34,"{""distance"":7,""physical_error_rate"":0.002}","{""detection_events"":1732923,""detectors_checked"":225978660}"
    272384,         0,         0,    21.1,standalone_exact_mw,9d8ad86e51451842b54dafc7680d1b486ef291963bb72c70f3cdd570d2d8fa34,"{""distance"":7,""physical_error_rate"":0.002}","{""detection_events"":1694937,""detectors_checked"":220631040}"
    272384,         0,         0,    35.4,standalone_exact_mw,9d8ad86e51451842b54dafc7680d1b486ef291963bb72c70f3cdd570d2d8fa34,"{""distance"":7,""physical_error_rate"":0.002}","{""detection_events"":1691692,""detectors_checked"":220631040}"
    268128,         0,         0,    22.8,standalone_exact_mw,9d8ad86e51451842b54dafc7680d1b486ef291963bb72c70f3cdd570d2d8fa34,"{""distance"":7,""physical_error_rate"":0.002}","{""detection_events"":1667244,""detectors_checked"":217183680}"
    268128,         0,         0,    32.4,standalone_exact_mw,9d8ad86e51451842b54dafc7680d1b486ef291963bb72c70f3cdd570d2d8fa34,"{""distance"":7,""physical_error_rate"":0.002}","{""detection_events"":1666361,""detectors_checked"":217183680}"
    268128,         0,         0,    30.5,standalone_exact_mw,9d8ad86e51451842b54dafc7680d1b486ef291963bb72c70f3cdd570d2d8fa34,"{""distance"":7,""physical_error_rate"":0.002}","{""detection_events"":1665305,""detectors_checked"":217183680}"
    261843,         0,         0,    32.0,standalone_exact_mw,9d8ad86e51451842b54dafc7680d1b486ef291963bb72c70f3cdd570d2d8fa34,"{""distance"":7,""physical_error_rate"":0.002}","{""detection_events"":1626559,""detectors_checked"":212092830}"
    259798,         0,         0,    23.4,standalone_exact_mw,9d8ad86e51451842b54dafc7680d1b486ef291963bb72c70f3cdd570d2d8fa34,"{""distance"":7,""physical_error_rate"":0.002}","{""detection_events"":1616332,""detectors_checked"":210436380}"
    257768,         0,         0,    27.2,standalone_exact_mw,9d8ad86e51451842b54dafc7680d1b486ef291963bb72c70f3cdd570d2d8fa34,"{""distance"":7,""physical_error_rate"":0.002}","{""detection_events"":1600825,""detectors_checked"":208792080}"
    257024,         0,         0,    22.6,standalone_exact_mw,9d8ad86e51451842b54dafc7680d1b486ef291963bb72c70f3cdd570d2d8fa34,"{""distance"":7,""physical_error_rate"":0.002}","{""detection_events"":1598166,""detectors_checked"":208189440}"
    255754,         0,         0,    25.4,standalone_exact_mw,9d8ad86e51451842b54dafc7680d1b486ef291963bb72c70f3cdd570d2d8fa34,"{""distance"":7,""physical_error_rate"":0.002}","{""detection_events"":1589081,""detectors_checked"":207160740}"
    255754,         0,         0,    12.5,standalone_exact_mw,9d8ad86e51451842b54dafc7680d1b486ef291963bb72c70f3cdd570d2d8fa34,"{""distance"":7,""physical_error_rate"":0.002}","{""detection_events"":1588022,""detectors_checked"":207160740}"
    251748,         0,         0,    19.7,standalone_exact_mw,9d8ad86e51451842b54dafc7680d1b486ef291963bb72c70f3cdd570d2d8fa34,"{""distance"":7,""physical_error_rate"":0.002}","{""detection_events"":1563353,""detectors_checked"":203915880}"
    248832,         0,         0,    13.1,standalone_exact_mw,9d8ad86e51451842b54dafc7680d1b486ef291963bb72c70f3cdd570d2d8fa34,"{""distance"":7,""physical_error_rate"":0.002}","{""detection_events"":1545516,""detectors_checked"":201553920}"
    247783,         0,         0,    11.7,standalone_exact_mw,9d8ad86e51451842b54dafc7680d1b486ef291963bb72c70f3cdd570d2d8fa34,"{""distance"":7,""physical_error_rate"":0.002}","{""detection_events"":1538192,""detectors_checked"":200704230}"
    245760,         0,         0,    13.2,standalone_exact_mw,9d8ad86e51451842b54dafc7680d1b486ef291963bb72c70f3cdd570d2d8fa34,"{""distance"":7,""physical_error_rate"":0.002}","{""detection_events"":1523925,""detectors_checked"":199065600}"
    243904,         0,         0,    13.4,standalone_exact_mw,9d8ad86e51451842b54dafc7680d1b486ef291963bb72c70f3cdd570d2d8fa34,"{""distance"":7,""physical_error_rate"":0.002}","{""detection_events"":1514927,""detectors_checked"":197562240}"
    240078,         0,         0,    14.0,standalone_exact_mw,9d8ad86e51451842b54dafc7680d1b486ef291963bb72c70f3cdd570d2d8fa34,"{""distance"":7,""physical_error_rate"":0.002}","{""detection_events"":1493244,""detectors_checked"":194463180}"
    238592,         0,         0,    24.5,standalone_exact_mw,9d8ad86e51451842b54dafc7680d1b486ef291963bb72c70f3cdd570d2d8fa34,"{""distance"":7,""physical_error_rate"":0.002}","{""detection_events"":1482200,""detectors_checked"":193259520}"
    238202,         0,         0,    12.3,standalone_exact_mw,9d8ad86e51451842b54dafc7680d1b486ef291963bb72c70f3cdd570d2d8fa34,"{""distance"":7,""physical_error_rate"":0.002}","{""detection_events"":1480935,""detectors_checked"":192943620}"
    237568,         0,         0,    21.6,standalone_exact_mw,9d8ad86e51451842b54dafc7680d1b486ef291963bb72c70f3cdd570d2d8fa34,"{""distance"":7,""physical_error_rate"":0.002}","{""detection_events"":1475013,""detectors_checked"":192430080}"
    234477,         1,         0,    16.0,standalone_exact_mw,9d8ad86e51451842b54dafc7680d1b486ef291963bb72c70f3cdd570d2d8fa34,"{""distance"":7,""physical_error_rate"":0.002}","{""detection_events"":1456477,""detectors_checked"":189926370,""obs_mistake_mask=E"":1}"
    230790,         0,         0,    25.5,standalone_exact_mw,9d8ad86e51451842b54dafc7680d1b486ef291963bb72c70f3cdd570d2d8fa34,"{""distance"":7,""physical_error_rate"":0.002}","{""detection_events"":1432917,""detectors_checked"":186939900}"
    228987,         0,         0,    26.9,standalone_exact_mw,9d8ad86e51451842b54dafc7680d1b486ef291963bb72c70f3cdd570d2d8fa34,"{""distance"":7,""physical_error_rate"":0.002}","{""detection_events"":1423066,""detectors_checked"":185479470}"
    227198,         0,         0,    31.2,standalone_exact_mw,9d8ad86e51451842b54dafc7680d1b486ef291963bb72c70f3cdd570d2d8fa34,"{""distance"":7,""physical_error_rate"":0.002}","{""detection_events"":1412501,""detectors_checked"":184030380}"
    225423,         0,         0,    18.1,standalone_exact_mw,9d8ad86e51451842b54dafc7680d1b486ef291963bb72c70f3cdd570d2d8fa34,"{""distance"":7,""physical_error_rate"":0.002}","{""detection_events"":1404530,""detectors_checked"":182592630}"
    223662,         0,         0,    17.7,standalone_exact_mw,9d8ad86e51451842b54dafc7680d1b486ef291963bb72c70f3cdd570d2d8fa34,"{""distance"":7,""physical_error_rate"":0.002}","{""detection_events"":1389815,""detectors_checked"":181166220}"
    223662,         0,         0,    18.0,standalone_exact_mw,9d8ad86e51451842b54dafc7680d1b486ef291963bb72c70f3cdd570d2d8fa34,"{""distance"":7,""physical_error_rate"":0.002}","{""detection_events"":1391006,""detectors_checked"":181166220}"
    221914,         0,         0,    17.5,standalone_exact_mw,9d8ad86e51451842b54dafc7680d1b486ef291963bb72c70f3cdd570d2d8fa34,"{""distance"":7,""physical_error_rate"":0.002}","{""detection_events"":1381007,""detectors_checked"":179750340}"
    219136,         0,         0,    10.5,standalone_exact_mw,9d8ad86e51451842b54dafc7680d1b486ef291963bb72c70f3cdd570d2d8fa34,"{""distance"":7,""physical_error_rate"":0.002}","{""detection_events"":1361513,""detectors_checked"":177500160}"
    222208,         0,         0,    18.1,standalone_exact_mw,9d8ad86e51451842b54dafc7680d1b486ef291963bb72c70f3cdd570d2d8fa34,"{""distance"":7,""physical_error_rate"":0.002}","{""detection_events"":1383133,""detectors_checked"":179988480}"
    218433,         0,         0,    19.3,standalone_exact_mw,9d8ad86e51451842b54dafc7680d1b486ef291963bb72c70f3cdd570d2d8fa34,"{""distance"":7,""physical_error_rate"":0.002}","{""detection_events"":1358266,""detectors_checked"":176930730}"
    213279,         0,         0,    18.0,standalone_exact_mw,9d8ad86e51451842b54dafc7680d1b486ef291963bb72c70f3cdd570d2d8fa34,"{""distance"":7,""physical_error_rate"":0.002}","{""detection_events"":1325076,""detectors_checked"":172755990}"
    212992,         0,         0,    18.6,standalone_exact_mw,9d8ad86e51451842b54dafc7680d1b486ef291963bb72c70f3cdd570d2d8fa34,"{""distance"":7,""physical_error_rate"":0.002}","{""detection_events"":1325045,""detectors_checked"":172523520}"
    214016,         0,         0,    17.0,standalone_exact_mw,9d8ad86e51451842b54dafc7680d1b486ef291963bb72c70f3cdd570d2d8fa34,"{""distance"":7,""physical_error_rate"":0.002}","{""detection_events"":1330390,""detectors_checked"":173352960}"
    217088,         0,         0,    16.6,standalone_exact_mw,9d8ad86e51451842b54dafc7680d1b486ef291963bb72c70f3cdd570d2d8fa34,"{""distance"":7,""physical_error_rate"":0.002}","{""detection_events"":1346371,""detectors_checked"":175841280}"
    211612,         0,         0,    18.6,standalone_exact_mw,9d8ad86e51451842b54dafc7680d1b486ef291963bb72c70f3cdd570d2d8fa34,"{""distance"":7,""physical_error_rate"":0.002}","{""detection_events"":1316493,""detectors_checked"":171405720}"
    210944,         0,         0,    18.2,standalone_exact_mw,9d8ad86e51451842b54dafc7680d1b486ef291963bb72c70f3cdd570d2d8fa34,"{""distance"":7,""physical_error_rate"":0.002}","{""detection_events"":1311560,""detectors_checked"":170864640}"
    204927,         0,         0,    21.0,standalone_exact_mw,9d8ad86e51451842b54dafc7680d1b486ef291963bb72c70f3cdd570d2d8fa34,"{""distance"":7,""physical_error_rate"":0.002}","{""detection_events"":1275701,""detectors_checked"":165990870}"
    202752,         0,         0,    16.6,standalone_exact_mw,9d8ad86e51451842b54dafc7680d1b486ef291963bb72c70f3cdd570d2d8fa34,"{""distance"":7,""physical_error_rate"":0.002}","{""detection_events"":1259526,""detectors_checked"":164229120}"
    201678,         0,         0,    18.9,standalone_exact_mw,9d8ad86e51451842b54dafc7680d1b486ef291963bb72c70f3cdd570d2d8fa34,"{""distance"":7,""physical_error_rate"":0.002}","{""detection_events"":1253269,""detectors_checked"":163359180}"
    200704,         0,         0,    17.5,standalone_exact_mw,9d8ad86e51451842b54dafc7680d1b486ef291963bb72c70f3cdd570d2d8fa34,"{""distance"":7,""physical_error_rate"":0.002}","{""detection_events"":1245980,""detectors_checked"":162570240}"
    199680,         0,         0,    12.1,standalone_exact_mw,9d8ad86e51451842b54dafc7680d1b486ef291963bb72c70f3cdd570d2d8fa34,"{""distance"":7,""physical_error_rate"":0.002}","{""detection_events"":1240815,""detectors_checked"":161740800}"
    201678,         0,         0,    18.2,standalone_exact_mw,9d8ad86e51451842b54dafc7680d1b486ef291963bb72c70f3cdd570d2d8fa34,"{""distance"":7,""physical_error_rate"":0.002}","{""detection_events"":1252454,""detectors_checked"":163359180}"
    201678,         0,         0,    18.5,standalone_exact_mw,9d8ad86e51451842b54dafc7680d1b486ef291963bb72c70f3cdd570d2d8fa34,"{""distance"":7,""physical_error_rate"":0.002}","{""detection_events"":1254257,""detectors_checked"":163359180}"
    194560,         0,         0,    18.1,standalone_exact_mw,9d8ad86e51451842b54dafc7680d1b486ef291963bb72c70f3cdd570d2d8fa34,"{""distance"":7,""physical_error_rate"":0.002}","{""detection_events"":1206712,""detectors_checked"":157593600}"
    195584,         0,         0,    19.7,standalone_exact_mw,9d8ad86e51451842b54dafc7680d1b486ef291963bb72c70f3cdd570d2d8fa34,"{""distance"":7,""physical_error_rate"":0.002}","{""detection_events"":1215686,""detectors_checked"":158423040}"
    198519,         0,         0,    18.9,standalone_exact_mw,9d8ad86e51451842b54dafc7680d1b486ef291963bb72c70f3cdd570d2d8fa34,"{""distance"":7,""physical_error_rate"":0.002}","{""detection_events"":1232075,""detectors_checked"":160800390}"
    195584,         0,         0,    17.4,standalone_exact_mw,9d8ad86e51451842b54dafc7680d1b486ef291963bb72c70f3cdd570d2d8fa34,"{""distance"":7,""physical_error_rate"":0.002}","{""detection_events"":1214028,""detectors_checked"":158423040}"
    200704,         0,         0,    19.1,standalone_exact_mw,9d8ad86e51451842b54dafc7680d1b486ef291963bb72c70f3cdd570d2d8fa34,"{""distance"":7,""physical_error_rate"":0.002}","{""detection_events"":1248466,""detectors_checked"":162570240}"
    198519,         0,         0,    20.3,standalone_exact_mw,9d8ad86e51451842b54dafc7680d1b486ef291963bb72c70f3cdd570d2d8fa34,"{""distance"":7,""physical_error_rate"":0.002}","{""detection_events"":1237483,""detectors_checked"":160800390}"
    191488,         0,         0,    17.9,standalone_exact_mw,9d8ad86e51451842b54dafc7680d1b486ef291963bb72c70f3cdd570d2d8fa34,"{""distance"":7,""physical_error_rate"":0.002}","{""detection_events"":1194609,""detectors_checked"":155105280}"
    188416,         0,         0,    18.9,standalone_exact_mw,9d8ad86e51451842b54dafc7680d1b486ef291963bb72c70f3cdd570d2d8fa34,"{""distance"":7,""physical_error_rate"":0.002}","{""detection_events"":1170052,""detectors_checked"":152616960}"
    189440,         0,         0,    18.6,standalone_exact_mw,9d8ad86e51451842b54dafc7680d1b486ef291963bb72c70f3cdd570d2d8fa34,"{""distance"":7,""physical_error_rate"":0.002}","{""detection_events"":1179119,""detectors_checked"":153446400}"
    194560,         0,         0,    19.2,standalone_exact_mw,9d8ad86e51451842b54dafc7680d1b486ef291963bb72c70f3cdd570d2d8fa34,"{""distance"":7,""physical_error_rate"":0.002}","{""detection_events"":1206378,""detectors_checked"":157593600}"
    187392,         0,         0,    18.1,standalone_exact_mw,9d8ad86e51451842b54dafc7680d1b486ef291963bb72c70f3cdd570d2d8fa34,"{""distance"":7,""physical_error_rate"":0.002}","{""detection_events"":1165925,""detectors_checked"":151787520}"
    190464,         0,         0,    17.6,standalone_exact_mw,9d8ad86e51451842b54dafc7680d1b486ef291963bb72c70f3cdd570d2d8fa34,"{""distance"":7,""physical_error_rate"":0.002}","{""detection_events"":1178886,""detectors_checked"":154275840}"
    183296,         0,         0,    18.4,standalone_exact_mw,9d8ad86e51451842b54dafc7680d1b486ef291963bb72c70f3cdd570d2d8fa34,"{""distance"":7,""physical_error_rate"":0.002}","{""detection_events"":1138755,""detectors_checked"":148469760}"
    187640,         0,         0,    18.5,standalone_exact_mw,9d8ad86e51451842b54dafc7680d1b486ef291963bb72c70f3cdd570d2d8fa34,"{""distance"":7,""physical_error_rate"":0.002}","{""detection_events"":1166851,""detectors_checked"":151988400}"
    186368,         0,         0,    19.3,standalone_exact_mw,9d8ad86e51451842b54dafc7680d1b486ef291963bb72c70f3cdd570d2d8fa34,"{""distance"":7,""physical_error_rate"":0.002}","{""detection_events"":1159223,""detectors_checked"":150958080}"
    187392,         0,         0,    18.1,standalone_exact_mw,9d8ad86e51451842b54dafc7680d1b486ef291963bb72c70f3cdd570d2d8fa34,"{""distance"":7,""physical_error_rate"":0.002}","{""detection_events"":1161559,""detectors_checked"":151787520}"
    173056,         0,         0,    18.7,standalone_exact_mw,9d8ad86e51451842b54dafc7680d1b486ef291963bb72c70f3cdd570d2d8fa34,"{""distance"":7,""physical_error_rate"":0.002}","{""detection_events"":1075365,""detectors_checked"":140175360}"
    183296,         0,         0,    20.1,standalone_exact_mw,9d8ad86e51451842b54dafc7680d1b486ef291963bb72c70f3cdd570d2d8fa34,"{""distance"":7,""physical_error_rate"":0.002}","{""detection_events"":1139332,""detectors_checked"":148469760}"
    176128,         0,         0,    17.2,standalone_exact_mw,9d8ad86e51451842b54dafc7680d1b486ef291963bb72c70f3cdd570d2d8fa34,"{""distance"":7,""physical_error_rate"":0.002}","{""detection_events"":1095814,""detectors_checked"":142663680}"
    175104,         0,         0,    19.4,standalone_exact_mw,9d8ad86e51451842b54dafc7680d1b486ef291963bb72c70f3cdd570d2d8fa34,"{""distance"":7,""physical_error_rate"":0.002}","{""detection_events"":1088109,""detectors_checked"":141834240}"
    183296,         0,         0,    17.7,standalone_exact_mw,9d8ad86e51451842b54dafc7680d1b486ef291963bb72c70f3cdd570d2d8fa34,"{""distance"":7,""physical_error_rate"":0.002}","{""detection_events"":1139687,""detectors_checked"":148469760}"
    178176,         0,         0,    17.8,standalone_exact_mw,9d8ad86e51451842b54dafc7680d1b486ef291963bb72c70f3cdd570d2d8fa34,"{""distance"":7,""physical_error_rate"":0.002}","{""detection_events"":1108741,""detectors_checked"":144322560}"
    178176,         0,         0,    16.1,standalone_exact_mw,9d8ad86e51451842b54dafc7680d1b486ef291963bb72c70f3cdd570d2d8fa34,"{""distance"":7,""physical_error_rate"":0.002}","{""detection_events"":1106187,""detectors_checked"":144322560}"
    171175,         0,         0,    19.4,standalone_exact_mw,9d8ad86e51451842b54dafc7680d1b486ef291963bb72c70f3cdd570d2d8fa34,"{""distance"":7,""physical_error_rate"":0.002}","{""detection_events"":1063535,""detectors_checked"":138651750}"
    176128,         0,         0,    17.5,standalone_exact_mw,9d8ad86e51451842b54dafc7680d1b486ef291963bb72c70f3cdd570d2d8fa34,"{""distance"":7,""physical_error_rate"":0.002}","{""detection_events"":1096830,""detectors_checked"":142663680}"
    174080,         0,         0,    18.5,standalone_exact_mw,9d8ad86e51451842b54dafc7680d1b486ef291963bb72c70f3cdd570d2d8fa34,"{""distance"":7,""physical_error_rate"":0.002}","{""detection_events"":1080951,""detectors_checked"":141004800}"
    174080,         0,         0,    17.7,standalone_exact_mw,9d8ad86e51451842b54dafc7680d1b486ef291963bb72c70f3cdd570d2d8fa34,"{""distance"":7,""physical_error_rate"":0.002}","{""detection_events"":1079476,""detectors_checked"":141004800}"
    169984,         0,         0,    18.5,standalone_exact_mw,9d8ad86e51451842b54dafc7680d1b486ef291963bb72c70f3cdd570d2d8fa34,"{""distance"":7,""physical_error_rate"":0.002}","{""detection_events"":1057528,""detectors_checked"":137687040}"
    169984,         0,         0,    19.4,standalone_exact_mw,9d8ad86e51451842b54dafc7680d1b486ef291963bb72c70f3cdd570d2d8fa34,"{""distance"":7,""physical_error_rate"":0.002}","{""detection_events"":1057357,""detectors_checked"":137687040}"
    159744,         0,         0,    7.29,standalone_exact_mw,9d8ad86e51451842b54dafc7680d1b486ef291963bb72c70f3cdd570d2d8fa34,"{""distance"":7,""physical_error_rate"":0.002}","{""detection_events"":991893,""detectors_checked"":129392640}"
    160768,         0,         0,    19.2,standalone_exact_mw,9d8ad86e51451842b54dafc7680d1b486ef291963bb72c70f3cdd570d2d8fa34,"{""distance"":7,""physical_error_rate"":0.002}","{""detection_events"":999090,""detectors_checked"":130222080}"
    162816,         0,         0,    13.4,standalone_exact_mw,9d8ad86e51451842b54dafc7680d1b486ef291963bb72c70f3cdd570d2d8fa34,"{""distance"":7,""physical_error_rate"":0.002}","{""detection_events"":1013213,""detectors_checked"":131880960}"
    163840,         0,         0,    22.1,standalone_exact_mw,9d8ad86e51451842b54dafc7680d1b486ef291963bb72c70f3cdd570d2d8fa34,"{""distance"":7,""physical_error_rate"":0.002}","{""detection_events"":1017584,""detectors_checked"":132710400}"
    157696,         0,         0,    17.9,standalone_exact_mw,9d8ad86e51451842b54dafc7680d1b486ef291963bb72c70f3cdd570d2d8fa34,"{""distance"":7,""physical_error_rate"":0.002}","{""detection_events"":978087,""detectors_checked"":127733760}"
    161792,         0,         0,    17.2,standalone_exact_mw,9d8ad86e51451842b54dafc7680d1b486ef291963bb72c70f3cdd570d2d8fa34,"{""distance"":7,""physical_error_rate"":0.002}","{""detection_events"":1005678,""detectors_checked"":131051520}"
    167936,         0,         0,    18.9,standalone_exact_mw,9d8ad86e51451842b54dafc7680d1b486ef291963bb72c70f3cdd570d2d8fa34,"{""distance"":7,""physical_error_rate"":0.002}","{""detection_events"":1042318,""detectors_checked"":136028160}"
    157174,         0,         0,    11.5,standalone_exact_mw,9d8ad86e51451842b54dafc7680d1b486ef291963bb72c70f3cdd570d2d8fa34,"{""distance"":7,""physical_error_rate"":0.002}","{""detection_events"":978836,""detectors_checked"":127310940}"
    148480,         0,         0,    18.9,standalone_exact_mw,9d8ad86e51451842b54dafc7680d1b486ef291963bb72c70f3cdd570d2d8fa34,"{""distance"":7,""physical_error_rate"":0.002}","{""detection_events"":922321,""detectors_checked"":120268800}"
    142336,         0,         0,    11.7,standalone_exact_mw,9d8ad86e51451842b54dafc7680d1b486ef291963bb72c70f3cdd570d2d8fa34,"{""distance"":7,""physical_error_rate"":0.002}","{""detection_events"":884051,""detectors_checked"":115292160}"
    145408,         0,         0,    16.3,standalone_exact_mw,9d8ad86e51451842b54dafc7680d1b486ef291963bb72c70f3cdd570d2d8fa34,"{""distance"":7,""physical_error_rate"":0.002}","{""detection_events"":902007,""detectors_checked"":117780480}"
    143360,         0,         0,    13.3,standalone_exact_mw,9d8ad86e51451842b54dafc7680d1b486ef291963bb72c70f3cdd570d2d8fa34,"{""distance"":7,""physical_error_rate"":0.002}","{""detection_events"":889817,""detectors_checked"":116121600}"
    166912,         0,         0,    18.3,standalone_exact_mw,9d8ad86e51451842b54dafc7680d1b486ef291963bb72c70f3cdd570d2d8fa34,"{""distance"":7,""physical_error_rate"":0.002}","{""detection_events"":1036923,""detectors_checked"":135198720}"
    155648,         0,         0,    18.6,standalone_exact_mw,9d8ad86e51451842b54dafc7680d1b486ef291963bb72c70f3cdd570d2d8fa34,"{""distance"":7,""physical_error_rate"":0.002}","{""detection_events"":965695,""detectors_checked"":126074880}"
    149504,         0,         0,    15.5,standalone_exact_mw,9d8ad86e51451842b54dafc7680d1b486ef291963bb72c70f3cdd570d2d8fa34,"{""distance"":7,""physical_error_rate"":0.002}","{""detection_events"":928088,""detectors_checked"":121098240}"
    151552,         0,         0,    19.1,standalone_exact_mw,9d8ad86e51451842b54dafc7680d1b486ef291963bb72c70f3cdd570d2d8fa34,"{""distance"":7,""physical_error_rate"":0.002}","{""detection_events"":941361,""detectors_checked"":122757120}"
    142336,         0,         0,    13.3,standalone_exact_mw,9d8ad86e51451842b54dafc7680d1b486ef291963bb72c70f3cdd570d2d8fa34,"{""distance"":7,""physical_error_rate"":0.002}","{""detection_events"":884359,""detectors_checked"":115292160}"
    161792,         0,         0,    20.0,standalone_exact_mw,9d8ad86e51451842b54dafc7680d1b486ef291963bb72c70f3cdd570d2d8fa34,"{""distance"":7,""physical_error_rate"":0.002}","{""detection_events"":1008097,""detectors_checked"":131051520}"
    152576,         0,         0,    13.5,standalone_exact_mw,9d8ad86e51451842b54dafc7680d1b486ef291963bb72c70f3cdd570d2d8fa34,"{""distance"":7,""physical_error_rate"":0.002}","{""detection_events"":946883,""detectors_checked"":123586560}"
    149504,         0,         0,    18.6,standalone_exact_mw,9d8ad86e51451842b54dafc7680d1b486ef291963bb72c70f3cdd570d2d8fa34,"{""distance"":7,""physical_error_rate"":0.002}","{""detection_events"":929900,""detectors_checked"":121098240}"
    166912,         0,         0,    18.3,standalone_exact_mw,9d8ad86e51451842b54dafc7680d1b486ef291963bb72c70f3cdd570d2d8fa34,"{""distance"":7,""physical_error_rate"":0.002}","{""detection_events"":1037660,""detectors_checked"":135198720}"
    152576,         0,         0,    19.6,standalone_exact_mw,9d8ad86e51451842b54dafc7680d1b486ef291963bb72c70f3cdd570d2d8fa34,"{""distance"":7,""physical_error_rate"":0.002}","{""detection_events"":949113,""detectors_checked"":123586560}"
    140330,         0,         0,    8.06,standalone_exact_mw,9d8ad86e51451842b54dafc7680d1b486ef291963bb72c70f3cdd570d2d8fa34,"{""distance"":7,""physical_error_rate"":0.002}","{""detection_events"":871027,""detectors_checked"":113667300}"
    148480,         0,         0,    16.1,standalone_exact_mw,9d8ad86e51451842b54dafc7680d1b486ef291963bb72c70f3cdd570d2d8fa34,"{""distance"":7,""physical_error_rate"":0.002}","{""detection_events"":923192,""detectors_checked"":120268800}"
    128000,         0,         0,    14.8,standalone_exact_mw,9d8ad86e51451842b54dafc7680d1b486ef291963bb72c70f3cdd570d2d8fa34,"{""distance"":7,""physical_error_rate"":0.002}","{""detection_events"":793894,""detectors_checked"":103680000}"
    128000,         0,         0,    13.2,standalone_exact_mw,9d8ad86e51451842b54dafc7680d1b486ef291963bb72c70f3cdd570d2d8fa34,"{""distance"":7,""physical_error_rate"":0.002}","{""detection_events"":795578,""detectors_checked"":103680000}"
    129024,         0,         0,    17.6,standalone_exact_mw,9d8ad86e51451842b54dafc7680d1b486ef291963bb72c70f3cdd570d2d8fa34,"{""distance"":7,""physical_error_rate"":0.002}","{""detection_events"":801916,""detectors_checked"":104509440}"
    137216,         0,         0,    7.43,standalone_exact_mw,9d8ad86e51451842b54dafc7680d1b486ef291963bb72c70f3cdd570d2d8fa34,"{""distance"":7,""physical_error_rate"":0.002}","{""detection_events"":853488,""detectors_checked"":111144960}"
    125952,         0,         0,    10.8,standalone_exact_mw,9d8ad86e51451842b54dafc7680d1b486ef291963bb72c70f3cdd570d2d8fa34,"{""distance"":7,""physical_error_rate"":0.002}","{""detection_events"":781196,""detectors_checked"":102021120}"
    136192,         0,         0,    13.3,standalone_exact_mw,9d8ad86e51451842b54dafc7680d1b486ef291963bb72c70f3cdd570d2d8fa34,"{""distance"":7,""physical_error_rate"":0.002}","{""detection_events"":844251,""detectors_checked"":110315520}"
    135168,         0,         0,    11.7,standalone_exact_mw,9d8ad86e51451842b54dafc7680d1b486ef291963bb72c70f3cdd570d2d8fa34,"{""distance"":7,""physical_error_rate"":0.002}","{""detection_events"":840413,""detectors_checked"":109486080}"
    150528,         0,         0,    16.1,standalone_exact_mw,9d8ad86e51451842b54dafc7680d1b486ef291963bb72c70f3cdd570d2d8fa34,"{""distance"":7,""physical_error_rate"":0.002}","{""detection_events"":935204,""detectors_checked"":121927680}"
    142336,         0,         0,    19.6,standalone_exact_mw,9d8ad86e51451842b54dafc7680d1b486ef291963bb72c70f3cdd570d2d8fa34,"{""distance"":7,""physical_error_rate"":0.002}","{""detection_events"":885947,""detectors_checked"":115292160}"
    139264,         0,         0,    17.8,standalone_exact_mw,9d8ad86e51451842b54dafc7680d1b486ef291963bb72c70f3cdd570d2d8fa34,"{""distance"":7,""physical_error_rate"":0.002}","{""detection_events"":865278,""detectors_checked"":112803840}"
    125952,         0,         0,    13.5,standalone_exact_mw,9d8ad86e51451842b54dafc7680d1b486ef291963bb72c70f3cdd570d2d8fa34,"{""distance"":7,""physical_error_rate"":0.002}","{""detection_events"":782625,""detectors_checked"":102021120}"
    123904,         0,         0,    11.0,standalone_exact_mw,9d8ad86e51451842b54dafc7680d1b486ef291963bb72c70f3cdd570d2d8fa34,"{""distance"":7,""physical_error_rate"":0.002}","{""detection_events"":770036,""detectors_checked"":100362240}"
    168960,         0,         0,    17.2,standalone_exact_mw,9d8ad86e51451842b54dafc7680d1b486ef291963bb72c70f3cdd570d2d8fa34,"{""distance"":7,""physical_error_rate"":0.002}","{""detection_events"":1049734,""detectors_checked"":136857600}"
    143360,         0,         0,    13.3,standalone_exact_mw,9d8ad86e51451842b54dafc7680d1b486ef291963bb72c70f3cdd570d2d8fa34,"{""distance"":7,""physical_error_rate"":0.002}","{""detection_events"":891392,""detectors_checked"":116121600}"
    134144,         0,         0,    19.7,standalone_exact_mw,9d8ad86e51451842b54dafc7680d1b486ef291963bb72c70f3cdd570d2d8fa34,"{""distance"":7,""physical_error_rate"":0.002}","{""detection_events"":834342,""detectors_checked"":108656640}"
    163840,         0,         0,    18.4,standalone_exact_mw,9d8ad86e51451842b54dafc7680d1b486ef291963bb72c70f3cdd570d2d8fa34,"{""distance"":7,""physical_error_rate"":0.002}","{""detection_events"":1018963,""detectors_checked"":132710400}"
    148480,         0,         0,    18.5,standalone_exact_mw,9d8ad86e51451842b54dafc7680d1b486ef291963bb72c70f3cdd570d2d8fa34,"{""distance"":7,""physical_error_rate"":0.002}","{""detection_events"":923313,""detectors_checked"":120268800}"
    157174,         0,         0,    15.0,standalone_exact_mw,9d8ad86e51451842b54dafc7680d1b486ef291963bb72c70f3cdd570d2d8fa34,"{""distance"":7,""physical_error_rate"":0.002}","{""detection_events"":975600,""detectors_checked"":127310940}"
    117760,         0,         0,    8.61,standalone_exact_mw,9d8ad86e51451842b54dafc7680d1b486ef291963bb72c70f3cdd570d2d8fa34,"{""distance"":7,""physical_error_rate"":0.002}","{""detection_events"":731514,""detectors_checked"":95385600}"
    141312,         0,         0,    19.5,standalone_exact_mw,9d8ad86e51451842b54dafc7680d1b486ef291963bb72c70f3cdd570d2d8fa34,"{""distance"":7,""physical_error_rate"":0.002}","{""detection_events"":879450,""detectors_checked"":114462720}"
    105472,         0,         0,    13.2,standalone_exact_mw,9d8ad86e51451842b54dafc7680d1b486ef291963bb72c70f3cdd570d2d8fa34,"{""distance"":7,""physical_error_rate"":0.002}","{""detection_events"":655590,""detectors_checked"":85432320}"
    109568,         0,         0,    8.56,standalone_exact_mw,9d8ad86e51451842b54dafc7680d1b486ef291963bb72c70f3cdd570d2d8fa34,"{""distance"":7,""physical_error_rate"":0.002}","{""detection_events"":680062,""detectors_checked"":88750080}"
    115712,         1,         0,    12.8,standalone_exact_mw,9d8ad86e51451842b54dafc7680d1b486ef291963bb72c70f3cdd570d2d8fa34,"{""distance"":7,""physical_error_rate"":0.002}","{""detection_events"":719863,""detectors_checked"":93726720,""obs_mistake_mask=E"":1}"
    114688,         0,         0,    12.9,standalone_exact_mw,9d8ad86e51451842b54dafc7680d1b486ef291963bb72c70f3cdd570d2d8fa34,"{""distance"":7,""physical_error_rate"":0.002}","{""detection_events"":711578,""detectors_checked"":92897280}"
    110592,         0,         0,    13.4,standalone_exact_mw,9d8ad86e51451842b54dafc7680d1b486ef291963bb72c70f3cdd570d2d8fa34,"{""distance"":7,""physical_error_rate"":0.002}","{""detection_events"":687374,""detectors_checked"":89579520}"
    109568,         0,         0,    13.7,standalone_exact_mw,9d8ad86e51451842b54dafc7680d1b486ef291963bb72c70f3cdd570d2d8fa34,"{""distance"":7,""physical_error_rate"":0.002}","{""detection_events"":680117,""detectors_checked"":88750080}"
    113664,         0,         0,    12.5,standalone_exact_mw,9d8ad86e51451842b54dafc7680d1b486ef291963bb72c70f3cdd570d2d8fa34,"{""distance"":7,""physical_error_rate"":0.002}","{""detection_events"":704999,""detectors_checked"":92067840}"
    120832,         0,         0,    7.64,standalone_exact_mw,9d8ad86e51451842b54dafc7680d1b486ef291963bb72c70f3cdd570d2d8fa34,"{""distance"":7,""physical_error_rate"":0.002}","{""detection_events"":750000,""detectors_checked"":97873920}"
    112640,         0,         0,    11.0,standalone_exact_mw,9d8ad86e51451842b54dafc7680d1b486ef291963bb72c70f3cdd570d2d8fa34,"{""distance"":7,""physical_error_rate"":0.002}","{""detection_events"":699645,""detectors_checked"":91238400}"
    154624,         1,         0,    18.2,standalone_exact_mw,9d8ad86e51451842b54dafc7680d1b486ef291963bb72c70f3cdd570d2d8fa34,"{""distance"":7,""physical_error_rate"":0.002}","{""detection_events"":961999,""detectors_checked"":125245440,""obs_mistake_mask=E"":1}"
    119808,         0,         0,    18.5,standalone_exact_mw,9d8ad86e51451842b54dafc7680d1b486ef291963bb72c70f3cdd570d2d8fa34,"{""distance"":7,""physical_error_rate"":0.002}","{""detection_events"":743579,""detectors_checked"":97044480}"
    109568,         0,         0,    13.2,standalone_exact_mw,9d8ad86e51451842b54dafc7680d1b486ef291963bb72c70f3cdd570d2d8fa34,"{""distance"":7,""physical_error_rate"":0.002}","{""detection_events"":681322,""detectors_checked"":88750080}"
    135168,         0,         0,    19.7,standalone_exact_mw,9d8ad86e51451842b54dafc7680d1b486ef291963bb72c70f3cdd570d2d8fa34,"{""distance"":7,""physical_error_rate"":0.002}","{""detection_events"":840369,""detectors_checked"":109486080}"
    109568,         0,         0,    17.8,standalone_exact_mw,9d8ad86e51451842b54dafc7680d1b486ef291963bb72c70f3cdd570d2d8fa34,"{""distance"":7,""physical_error_rate"":0.002}","{""detection_events"":682921,""detectors_checked"":88750080}"
    116736,         0,         0,    17.3,standalone_exact_mw,9d8ad86e51451842b54dafc7680d1b486ef291963bb72c70f3cdd570d2d8fa34,"{""distance"":7,""physical_error_rate"":0.002}","{""detection_events"":725051,""detectors_checked"":94556160}"
    110592,         0,         0,    13.9,standalone_exact_mw,9d8ad86e51451842b54dafc7680d1b486ef291963bb72c70f3cdd570d2d8fa34,"{""distance"":7,""physical_error_rate"":0.002}","{""detection_events"":684193,""detectors_checked"":89579520}"
    117760,         0,         0,    18.0,standalone_exact_mw,9d8ad86e51451842b54dafc7680d1b486ef291963bb72c70f3cdd570d2d8fa34,"{""distance"":7,""physical_error_rate"":0.002}","{""detection_events"":730662,""detectors_checked"":95385600}"
    116736,         0,         0,    13.9,standalone_exact_mw,9d8ad86e51451842b54dafc7680d1b486ef291963bb72c70f3cdd570d2d8fa34,"{""distance"":7,""physical_error_rate"":0.002}","{""detection_events"":727031,""detectors_checked"":94556160}"
    103424,         0,         0,    12.0,standalone_exact_mw,9d8ad86e51451842b54dafc7680d1b486ef291963bb72c70f3cdd570d2d8fa34,"{""distance"":7,""physical_error_rate"":0.002}","{""detection_events"":641825,""detectors_checked"":83773440}"
    102400,         0,         0,    12.0,standalone_exact_mw,9d8ad86e51451842b54dafc7680d1b486ef291963bb72c70f3cdd570d2d8fa34,"{""distance"":7,""physical_error_rate"":0.002}","{""detection_events"":634748,""detectors_checked"":82944000}"
    101774,         0,         0,    7.49,standalone_exact_mw,9d8ad86e51451842b54dafc7680d1b486ef291963bb72c70f3cdd570d2d8fa34,"{""distance"":7,""physical_error_rate"":0.002}","{""detection_events"":632040,""detectors_checked"":82436940}"
     88064,         0,         0,    8.46,standalone_exact_mw,9d8ad86e51451842b54dafc7680d1b486ef291963bb72c70f3cdd570d2d8fa34,"{""distance"":7,""physical_error_rate"":0.002}","{""detection_events"":545647,""detectors_checked"":71331840}"
     91136,         0,         0,    5.95,standalone_exact_mw,9d8ad86e51451842b54dafc7680d1b486ef291963bb72c70f3cdd570d2d8fa34,"{""distance"":7,""physical_error_rate"":0.002}","{""detection_events"":564703,""detectors_checked"":73820160}"
     95232,         0,         0,    6.85,standalone_exact_mw,9d8ad86e51451842b54dafc7680d1b486ef291963bb72c70f3cdd570d2d8fa34,"{""distance"":7,""physical_error_rate"":0.002}","{""detection_events"":590999,""detectors_checked"":77137920}"
     90112,         0,         0,    9.18,standalone_exact_mw,9d8ad86e51451842b54dafc7680d1b486ef291963bb72c70f3cdd570d2d8fa34,"{""distance"":7,""physical_error_rate"":0.002}","{""detection_events"":559339,""detectors_checked"":72990720}"
     96256,         0,         0,    9.74,standalone_exact_mw,9d8ad86e51451842b54dafc7680d1b486ef291963bb72c70f3cdd570d2d8fa34,"{""distance"":7,""physical_error_rate"":0.002}","{""detection_events"":599565,""detectors_checked"":77967360}"
     90112,         0,         0,    11.8,standalone_exact_mw,9d8ad86e51451842b54dafc7680d1b486ef291963bb72c70f3cdd570d2d8fa34,"{""distance"":7,""physical_error_rate"":0.002}","{""detection_events"":559574,""detectors_checked"":72990720}"
     95232,         0,         0,    13.6,standalone_exact_mw,9d8ad86e51451842b54dafc7680d1b486ef291963bb72c70f3cdd570d2d8fa34,"{""distance"":7,""physical_error_rate"":0.002}","{""detection_events"":591154,""detectors_checked"":77137920}"
     80915,         0,         0,    7.96,standalone_exact_mw,9d8ad86e51451842b54dafc7680d1b486ef291963bb72c70f3cdd570d2d8fa34,"{""distance"":7,""physical_error_rate"":0.002}","{""detection_events"":503867,""detectors_checked"":65541150}"
     75235,         0,         0,    6.55,standalone_exact_mw,9d8ad86e51451842b54dafc7680d1b486ef291963bb72c70f3cdd570d2d8fa34,"{""distance"":7,""physical_error_rate"":0.002}","{""detection_events"":467833,""detectors_checked"":60940350}"
     74647,         0,         0,    4.84,standalone_exact_mw,9d8ad86e51451842b54dafc7680d1b486ef291963bb72c70f3cdd570d2d8fa34,"{""distance"":7,""physical_error_rate"":0.002}","{""detection_events"":463074,""detectors_checked"":60464070}"
     74647,         0,         0,    8.46,standalone_exact_mw,9d8ad86e51451842b54dafc7680d1b486ef291963bb72c70f3cdd570d2d8fa34,"{""distance"":7,""physical_error_rate"":0.002}","{""detection_events"":463497,""detectors_checked"":60464070}"
     73481,         0,         0,    4.59,standalone_exact_mw,9d8ad86e51451842b54dafc7680d1b486ef291963bb72c70f3cdd570d2d8fa34,"{""distance"":7,""physical_error_rate"":0.002}","{""detection_events"":455766,""detectors_checked"":59519610}"
     72907,         0,         0,    4.84,standalone_exact_mw,9d8ad86e51451842b54dafc7680d1b486ef291963bb72c70f3cdd570d2d8fa34,"{""distance"":7,""physical_error_rate"":0.002}","{""detection_events"":455018,""detectors_checked"":59054670}"
     72704,         0,         0,    4.43,standalone_exact_mw,9d8ad86e51451842b54dafc7680d1b486ef291963bb72c70f3cdd570d2d8fa34,"{""distance"":7,""physical_error_rate"":0.002}","{""detection_events"":449802,""detectors_checked"":58890240}"
     72337,         0,         0,    3.70,standalone_exact_mw,9d8ad86e51451842b54dafc7680d1b486ef291963bb72c70f3cdd570d2d8fa34,"{""distance"":7,""physical_error_rate"":0.002}","{""detection_events"":450043,""detectors_checked"":58592970}"
     72337,         0,         0,    5.46,standalone_exact_mw,9d8ad86e51451842b54dafc7680d1b486ef291963bb72c70f3cdd570d2d8fa34,"{""distance"":7,""physical_error_rate"":0.002}","{""detection_events"":449705,""detectors_checked"":58592970}"
     71204,         0,         0,    5.84,standalone_exact_mw,9d8ad86e51451842b54dafc7680d1b486ef291963bb72c70f3cdd570d2d8fa34,"{""distance"":7,""physical_error_rate"":0.002}","{""detection_events"":441387,""detectors_checked"":57675240}"
     70082,         0,         0,    4.34,standalone_exact_mw,9d8ad86e51451842b54dafc7680d1b486ef291963bb72c70f3cdd570d2d8fa34,"{""distance"":7,""physical_error_rate"":0.002}","{""detection_events"":435087,""detectors_checked"":56766420}"
     70656,         0,         0,    5.71,standalone_exact_mw,9d8ad86e51451842b54dafc7680d1b486ef291963bb72c70f3cdd570d2d8fa34,"{""distance"":7,""physical_error_rate"":0.002}","{""detection_events"":438742,""detectors_checked"":57231360}"
     70082,         0,         0,    5.94,standalone_exact_mw,9d8ad86e51451842b54dafc7680d1b486ef291963bb72c70f3cdd570d2d8fa34,"{""distance"":7,""physical_error_rate"":0.002}","{""detection_events"":435601,""detectors_checked"":56766420}"
     69632,         0,         0,    6.11,standalone_exact_mw,9d8ad86e51451842b54dafc7680d1b486ef291963bb72c70f3cdd570d2d8fa34,"{""distance"":7,""physical_error_rate"":0.002}","{""detection_events"":431554,""detectors_checked"":56401920}"
     68435,         0,         0,    3.55,standalone_exact_mw,9d8ad86e51451842b54dafc7680d1b486ef291963bb72c70f3cdd570d2d8fa34,"{""distance"":7,""physical_error_rate"":0.002}","{""detection_events"":426912,""detectors_checked"":55432350}"
     68608,         0,         0,    5.92,standalone_exact_mw,9d8ad86e51451842b54dafc7680d1b486ef291963bb72c70f3cdd570d2d8fa34,"{""distance"":7,""physical_error_rate"":0.002}","{""detection_events"":426762,""detectors_checked"":55572480}"
     67357,         0,         0,    3.77,standalone_exact_mw,9d8ad86e51451842b54dafc7680d1b486ef291963bb72c70f3cdd570d2d8fa34,"{""distance"":7,""physical_error_rate"":0.002}","{""detection_events"":418863,""detectors_checked"":54559170}"
     69632,         0,         0,    10.1,standalone_exact_mw,9d8ad86e51451842b54dafc7680d1b486ef291963bb72c70f3cdd570d2d8fa34,"{""distance"":7,""physical_error_rate"":0.002}","{""detection_events"":432922,""detectors_checked"":56401920}"
     68608,         0,         0,    5.79,standalone_exact_mw,9d8ad86e51451842b54dafc7680d1b486ef291963bb72c70f3cdd570d2d8fa34,"{""distance"":7,""physical_error_rate"":0.002}","{""detection_events"":429988,""detectors_checked"":55572480}"
     67584,         0,         0,    3.46,standalone_exact_mw,9d8ad86e51451842b54dafc7680d1b486ef291963bb72c70f3cdd570d2d8fa34,"{""distance"":7,""physical_error_rate"":0.002}","{""detection_events"":421690,""detectors_checked"":54743040}"
     66295,         0,         0,    3.48,standalone_exact_mw,9d8ad86e51451842b54dafc7680d1b486ef291963bb72c70f3cdd570d2d8fa34,"{""distance"":7,""physical_error_rate"":0.002}","{""detection_events"":410127,""detectors_checked"":53698950}"
     65536,         0,         0,    4.03,standalone_exact_mw,9d8ad86e51451842b54dafc7680d1b486ef291963bb72c70f3cdd570d2d8fa34,"{""distance"":7,""physical_error_rate"":0.002}","{""detection_events"":407668,""detectors_checked"":53084160}"
     66295,         0,         0,    4.00,standalone_exact_mw,9d8ad86e51451842b54dafc7680d1b486ef291963bb72c70f3cdd570d2d8fa34,"{""distance"":7,""physical_error_rate"":0.002}","{""detection_events"":409982,""detectors_checked"":53698950}"
     68435,         0,         0,    5.45,standalone_exact_mw,9d8ad86e51451842b54dafc7680d1b486ef291963bb72c70f3cdd570d2d8fa34,"{""distance"":7,""physical_error_rate"":0.002}","{""detection_events"":425020,""detectors_checked"":55432350}"
     64169,         0,         0,    5.42,standalone_exact_mw,9d8ad86e51451842b54dafc7680d1b486ef291963bb72c70f3cdd570d2d8fa34,"{""distance"":7,""physical_error_rate"":0.002}","{""detection_events"":398849,""detectors_checked"":51976890}"
     64169,         0,         0,    5.54,standalone_exact_mw,9d8ad86e51451842b54dafc7680d1b486ef291963bb72c70f3cdd570d2d8fa34,"{""distance"":7,""physical_error_rate"":0.002}","{""detection_events"":400672,""detectors_checked"":51976890}"
     62103,         0,         0,    7.01,standalone_exact_mw,9d8ad86e51451842b54dafc7680d1b486ef291963bb72c70f3cdd570d2d8fa34,"{""distance"":7,""physical_error_rate"":0.002}","{""detection_events"":385578,""detectors_checked"":50303430}"
     61440,         0,         0,    4.32,standalone_exact_mw,9d8ad86e51451842b54dafc7680d1b486ef291963bb72c70f3cdd570d2d8fa34,"{""distance"":7,""physical_error_rate"":0.002}","{""detection_events"":382458,""detectors_checked"":49766400}"
     61601,         0,         0,    4.08,standalone_exact_mw,9d8ad86e51451842b54dafc7680d1b486ef291963bb72c70f3cdd570d2d8fa34,"{""distance"":7,""physical_error_rate"":0.002}","{""detection_events"":382981,""detectors_checked"":49896810}"
     60416,         0,         0,    4.41,standalone_exact_mw,9d8ad86e51451842b54dafc7680d1b486ef291963bb72c70f3cdd570d2d8fa34,"{""distance"":7,""physical_error_rate"":0.002}","{""detection_events"":375878,""detectors_checked"":48936960}"
     61116,         0,         0,    4.84,standalone_exact_mw,9d8ad86e51451842b54dafc7680d1b486ef291963bb72c70f3cdd570d2d8fa34,"{""distance"":7,""physical_error_rate"":0.002}","{""detection_events"":378497,""detectors_checked"":49503960}"
     60416,         0,         0,    4.63,standalone_exact_mw,9d8ad86e51451842b54dafc7680d1b486ef291963bb72c70f3cdd570d2d8fa34,"{""distance"":7,""physical_error_rate"":0.002}","{""detection_events"":375331,""detectors_checked"":48936960}"
     60416,         0,         0,    4.09,standalone_exact_mw,9d8ad86e51451842b54dafc7680d1b486ef291963bb72c70f3cdd570d2d8fa34,"{""distance"":7,""physical_error_rate"":0.002}","{""detection_events"":375874,""detectors_checked"":48936960}"
     61440,         0,         0,    7.57,standalone_exact_mw,9d8ad86e51451842b54dafc7680d1b486ef291963bb72c70f3cdd570d2d8fa34,"{""distance"":7,""physical_error_rate"":0.002}","{""detection_events"":382112,""detectors_checked"":49766400}"
     60416,         0,         0,    4.58,standalone_exact_mw,9d8ad86e51451842b54dafc7680d1b486ef291963bb72c70f3cdd570d2d8fa34,"{""distance"":7,""physical_error_rate"":0.002}","{""detection_events"":375979,""detectors_checked"":48936960}"
     59205,         0,         0,    4.99,standalone_exact_mw,9d8ad86e51451842b54dafc7680d1b486ef291963bb72c70f3cdd570d2d8fa34,"{""distance"":7,""physical_error_rate"":0.002}","{""detection_events"":368056,""detectors_checked"":47956050}"
     57344,         0,         0,    4.53,standalone_exact_mw,9d8ad86e51451842b54dafc7680d1b486ef291963bb72c70f3cdd570d2d8fa34,"{""distance"":7,""physical_error_rate"":0.002}","{""detection_events"":357100,""detectors_checked"":46448640}"
     60155,         0,         0,    5.08,standalone_exact_mw,9d8ad86e51451842b54dafc7680d1b486ef291963bb72c70f3cdd570d2d8fa34,"{""distance"":7,""physical_error_rate"":0.002}","{""detection_events"":373783,""detectors_checked"":48725550}"
     56847,         0,         0,    5.08,standalone_exact_mw,9d8ad86e51451842b54dafc7680d1b486ef291963bb72c70f3cdd570d2d8fa34,"{""distance"":7,""physical_error_rate"":0.002}","{""detection_events"":353405,""detectors_checked"":46046070}"
     58368,         0,         0,    5.84,standalone_exact_mw,9d8ad86e51451842b54dafc7680d1b486ef291963bb72c70f3cdd570d2d8fa34,"{""distance"":7,""physical_error_rate"":0.002}","{""detection_events"":361898,""detectors_checked"":47278080}"
     59392,         0,         0,    4.64,standalone_exact_mw,9d8ad86e51451842b54dafc7680d1b486ef291963bb72c70f3cdd570d2d8fa34,"{""distance"":7,""physical_error_rate"":0.002}","{""detection_events"":369613,""detectors_checked"":48107520}"
     56320,         0,         0,    4.57,standalone_exact_mw,9d8ad86e51451842b54dafc7680d1b486ef291963bb72c70f3cdd570d2d8fa34,"{""distance"":7,""physical_error_rate"":0.002}","{""detection_events"":349463,""detectors_checked"":45619200}"
     56847,         0,         0,    4.62,standalone_exact_mw,9d8ad86e51451842b54dafc7680d1b486ef291963bb72c70f3cdd570d2d8fa34,"{""distance"":7,""physical_error_rate"":0.002}","{""detection_events"":352596,""detectors_checked"":46046070}"
     58368,         0,         0,    4.19,standalone_exact_mw,9d8ad86e51451842b54dafc7680d1b486ef291963bb72c70f3cdd570d2d8fa34,"{""distance"":7,""physical_error_rate"":0.002}","{""detection_events"":362983,""detectors_checked"":47278080}"
     55296,         0,         0,    4.82,standalone_exact_mw,9d8ad86e51451842b54dafc7680d1b486ef291963bb72c70f3cdd570d2d8fa34,"{""distance"":7,""physical_error_rate"":0.002}","{""detection_events"":344472,""detectors_checked"":44789760}"
     56320,         0,         0,    4.86,standalone_exact_mw,9d8ad86e51451842b54dafc7680d1b486ef291963bb72c70f3cdd570d2d8fa34,"{""distance"":7,""physical_error_rate"":0.002}","{""detection_events"":350423,""detectors_checked"":45619200}"
     56320,         0,         0,    5.27,standalone_exact_mw,9d8ad86e51451842b54dafc7680d1b486ef291963bb72c70f3cdd570d2d8fa34,"{""distance"":7,""physical_error_rate"":0.002}","{""detection_events"":350626,""detectors_checked"":45619200}"
     56320,         0,         0,    4.88,standalone_exact_mw,9d8ad86e51451842b54dafc7680d1b486ef291963bb72c70f3cdd570d2d8fa34,"{""distance"":7,""physical_error_rate"":0.002}","{""detection_events"":349463,""detectors_checked"":45619200}"
     53681,         0,         0,    4.90,standalone_exact_mw,9d8ad86e51451842b54dafc7680d1b486ef291963bb72c70f3cdd570d2d8fa34,"{""distance"":7,""physical_error_rate"":0.002}","{""detection_events"":332681,""detectors_checked"":43481610}"
     55929,         0,         0,    5.27,standalone_exact_mw,9d8ad86e51451842b54dafc7680d1b486ef291963bb72c70f3cdd570d2d8fa34,"{""distance"":7,""physical_error_rate"":0.002}","{""detection_events"":346781,""detectors_checked"":45302490}"
     53681,         0,         0,    4.50,standalone_exact_mw,9d8ad86e51451842b54dafc7680d1b486ef291963bb72c70f3cdd570d2d8fa34,"{""distance"":7,""physical_error_rate"":0.002}","{""detection_events"":334378,""detectors_checked"":43481610}"
     51200,         0,         0,    5.26,standalone_exact_mw,9d8ad86e51451842b54dafc7680d1b486ef291963bb72c70f3cdd570d2d8fa34,"{""distance"":7,""physical_error_rate"":0.002}","{""detection_events"":317792,""detectors_checked"":41472000}"
     55296,         0,         0,    4.70,standalone_exact_mw,9d8ad86e51451842b54dafc7680d1b486ef291963bb72c70f3cdd570d2d8fa34,"{""distance"":7,""physical_error_rate"":0.002}","{""detection_events"":343873,""detectors_checked"":44789760}"
     52224,         0,         0,    4.76,standalone_exact_mw,9d8ad86e51451842b54dafc7680d1b486ef291963bb72c70f3cdd570d2d8fa34,"{""distance"":7,""physical_error_rate"":0.002}","{""detection_events"":325076,""detectors_checked"":42301440}"
     54272,         0,         0,    5.07,standalone_exact_mw,9d8ad86e51451842b54dafc7680d1b486ef291963bb72c70f3cdd570d2d8fa34,"{""distance"":7,""physical_error_rate"":0.002}","{""detection_events"":336605,""detectors_checked"":43960320}"
     52224,         0,         0,    4.75,standalone_exact_mw,9d8ad86e51451842b54dafc7680d1b486ef291963bb72c70f3cdd570d2d8fa34,"{""distance"":7,""physical_error_rate"":0.002}","{""detection_events"":322889,""detectors_checked"":42301440}"
     51200,         0,         0,    5.16,standalone_exact_mw,9d8ad86e51451842b54dafc7680d1b486ef291963bb72c70f3cdd570d2d8fa34,"{""distance"":7,""physical_error_rate"":0.002}","{""detection_events"":317227,""detectors_checked"":41472000}"
     55296,         0,         0,    5.04,standalone_exact_mw,9d8ad86e51451842b54dafc7680d1b486ef291963bb72c70f3cdd570d2d8fa34,"{""distance"":7,""physical_error_rate"":0.002}","{""detection_events"":343232,""detectors_checked"":44789760}"
     55485,         0,         0,    4.73,standalone_exact_mw,9d8ad86e51451842b54dafc7680d1b486ef291963bb72c70f3cdd570d2d8fa34,"{""distance"":7,""physical_error_rate"":0.002}","{""detection_events"":345651,""detectors_checked"":44942850}"
     52224,         0,         0,    5.12,standalone_exact_mw,9d8ad86e51451842b54dafc7680d1b486ef291963bb72c70f3cdd570d2d8fa34,"{""distance"":7,""physical_error_rate"":0.002}","{""detection_events"":324395,""detectors_checked"":42301440}"
     52224,         0,         0,    5.04,standalone_exact_mw,9d8ad86e51451842b54dafc7680d1b486ef291963bb72c70f3cdd570d2d8fa34,"{""distance"":7,""physical_error_rate"":0.002}","{""detection_events"":324578,""detectors_checked"":42301440}"
     55296,         0,         0,    5.15,standalone_exact_mw,9d8ad86e51451842b54dafc7680d1b486ef291963bb72c70f3cdd570d2d8fa34,"{""distance"":7,""physical_error_rate"":0.002}","{""detection_events"":344814,""detectors_checked"":44789760}"
     49152,         0,         0,    4.54,standalone_exact_mw,9d8ad86e51451842b54dafc7680d1b486ef291963bb72c70f3cdd570d2d8fa34,"{""distance"":7,""physical_error_rate"":0.002}","{""detection_events"":303573,""detectors_checked"":39813120}"
     55296,         0,         0,    5.54,standalone_exact_mw,9d8ad86e51451842b54dafc7680d1b486ef291963bb72c70f3cdd570d2d8fa34,"{""distance"":7,""physical_error_rate"":0.002}","{""detection_events"":343985,""detectors_checked"":44789760}"
     52224,         0,         0,    5.06,standalone_exact_mw,9d8ad86e51451842b54dafc7680d1b486ef291963bb72c70f3cdd570d2d8fa34,"{""distance"":7,""physical_error_rate"":0.002}","{""detection_events"":326555,""detectors_checked"":42301440}"
     49152,         0,         0,    4.63,standalone_exact_mw,9d8ad86e51451842b54dafc7680d1b486ef291963bb72c70f3cdd570d2d8fa34,"{""distance"":7,""physical_error_rate"":0.002}","{""detection_events"":305590,""detectors_checked"":39813120}"
     51053,         0,         0,    5.00,standalone_exact_mw,9d8ad86e51451842b54dafc7680d1b486ef291963bb72c70f3cdd570d2d8fa34,"{""distance"":7,""physical_error_rate"":0.002}","{""detection_events"":316621,""detectors_checked"":41352930}"
     45056,         0,         0,    4.28,standalone_exact_mw,9d8ad86e51451842b54dafc7680d1b486ef291963bb72c70f3cdd570d2d8fa34,"{""distance"":7,""physical_error_rate"":0.002}","{""detection_events"":279859,""detectors_checked"":36495360}"
     49152,         0,         0,    4.86,standalone_exact_mw,9d8ad86e51451842b54dafc7680d1b486ef291963bb72c70f3cdd570d2d8fa34,"{""distance"":7,""physical_error_rate"":0.002}","{""detection_events"":305001,""detectors_checked"":39813120}"
     46860,         0,         0,    4.72,standalone_exact_mw,9d8ad86e51451842b54dafc7680d1b486ef291963bb72c70f3cdd570d2d8fa34,"{""distance"":7,""physical_error_rate"":0.002}","{""detection_events"":290109,""detectors_checked"":37956600}"
     50176,         0,         0,    5.13,standalone_exact_mw,9d8ad86e51451842b54dafc7680d1b486ef291963bb72c70f3cdd570d2d8fa34,"{""distance"":7,""physical_error_rate"":0.002}","{""detection_events"":310839,""detectors_checked"":40642560}"
     47104,         0,         0,    4.39,standalone_exact_mw,9d8ad86e51451842b54dafc7680d1b486ef291963bb72c70f3cdd570d2d8fa34,"{""distance"":7,""physical_error_rate"":0.002}","{""detection_events"":291743,""detectors_checked"":38154240}"
     47104,         0,         0,    4.88,standalone_exact_mw,9d8ad86e51451842b54dafc7680d1b486ef291963bb72c70f3cdd570d2d8fa34,"{""distance"":7,""physical_error_rate"":0.002}","{""detection_events"":292825,""detectors_checked"":38154240}"
     46080,         0,         0,    4.62,standalone_exact_mw,9d8ad86e51451842b54dafc7680d1b486ef291963bb72c70f3cdd570d2d8fa34,"{""distance"":7,""physical_error_rate"":0.002}","{""detection_events"":285104,""detectors_checked"":37324800}"
     51053,         0,         0,    5.33,standalone_exact_mw,9d8ad86e51451842b54dafc7680d1b486ef291963bb72c70f3cdd570d2d8fa34,"{""distance"":7,""physical_error_rate"":0.002}","{""detection_events"":317517,""detectors_checked"":41352930}"
     47104,         0,         0,    5.36,standalone_exact_mw,9d8ad86e51451842b54dafc7680d1b486ef291963bb72c70f3cdd570d2d8fa34,"{""distance"":7,""physical_error_rate"":0.002}","{""detection_events"":293427,""detectors_checked"":38154240}"
     51053,         0,         0,    5.47,standalone_exact_mw,9d8ad86e51451842b54dafc7680d1b486ef291963bb72c70f3cdd570d2d8fa34,"{""distance"":7,""physical_error_rate"":0.002}","{""detection_events"":316420,""detectors_checked"":41352930}"
     50176,         0,         0,    5.37,standalone_exact_mw,9d8ad86e51451842b54dafc7680d1b486ef291963bb72c70f3cdd570d2d8fa34,"{""distance"":7,""physical_error_rate"":0.002}","{""detection_events"":310878,""detectors_checked"":40642560}"
     47104,         0,         0,    5.08,standalone_exact_mw,9d8ad86e51451842b54dafc7680d1b486ef291963bb72c70f3cdd570d2d8fa34,"{""distance"":7,""physical_error_rate"":0.002}","{""detection_events"":292007,""detectors_checked"":38154240}"
     46080,         0,         0,    5.23,standalone_exact_mw,9d8ad86e51451842b54dafc7680d1b486ef291963bb72c70f3cdd570d2d8fa34,"{""distance"":7,""physical_error_rate"":0.002}","{""detection_events"":286785,""detectors_checked"":37324800}"
     49152,         0,         0,    4.82,standalone_exact_mw,9d8ad86e51451842b54dafc7680d1b486ef291963bb72c70f3cdd570d2d8fa34,"{""distance"":7,""physical_error_rate"":0.002}","{""detection_events"":305572,""detectors_checked"":39813120}"
     46080,         0,         0,    4.77,standalone_exact_mw,9d8ad86e51451842b54dafc7680d1b486ef291963bb72c70f3cdd570d2d8fa34,"{""distance"":7,""physical_error_rate"":0.002}","{""detection_events"":285402,""detectors_checked"":37324800}"
     51053,         0,         0,    5.01,standalone_exact_mw,9d8ad86e51451842b54dafc7680d1b486ef291963bb72c70f3cdd570d2d8fa34,"{""distance"":7,""physical_error_rate"":0.002}","{""detection_events"":317944,""detectors_checked"":41352930}"
     51053,         0,         0,    4.88,standalone_exact_mw,9d8ad86e51451842b54dafc7680d1b486ef291963bb72c70f3cdd570d2d8fa34,"{""distance"":7,""physical_error_rate"":0.002}","{""detection_events"":317043,""detectors_checked"":41352930}"
     51200,         0,         0,    5.07,standalone_exact_mw,9d8ad86e51451842b54dafc7680d1b486ef291963bb72c70f3cdd570d2d8fa34,"{""distance"":7,""physical_error_rate"":0.002}","{""detection_events"":317812,""detectors_checked"":41472000}"
     45056,         0,         0,    4.94,standalone_exact_mw,9d8ad86e51451842b54dafc7680d1b486ef291963bb72c70f3cdd570d2d8fa34,"{""distance"":7,""physical_error_rate"":0.002}","{""detection_events"":280498,""detectors_checked"":36495360}"
     46080,         0,         0,    4.63,standalone_exact_mw,9d8ad86e51451842b54dafc7680d1b486ef291963bb72c70f3cdd570d2d8fa34,"{""distance"":7,""physical_error_rate"":0.002}","{""detection_events"":285215,""detectors_checked"":37324800}"
     50176,         0,         0,    5.54,standalone_exact_mw,9d8ad86e51451842b54dafc7680d1b486ef291963bb72c70f3cdd570d2d8fa34,"{""distance"":7,""physical_error_rate"":0.002}","{""detection_events"":311124,""detectors_checked"":40642560}"
     46860,         0,         0,    5.42,standalone_exact_mw,9d8ad86e51451842b54dafc7680d1b486ef291963bb72c70f3cdd570d2d8fa34,"{""distance"":7,""physical_error_rate"":0.002}","{""detection_events"":291008,""detectors_checked"":37956600}"
     43008,         0,         0,    4.70,standalone_exact_mw,9d8ad86e51451842b54dafc7680d1b486ef291963bb72c70f3cdd570d2d8fa34,"{""distance"":7,""physical_error_rate"":0.002}","{""detection_events"":266395,""detectors_checked"":34836480}"
     44032,         0,         0,    4.80,standalone_exact_mw,9d8ad86e51451842b54dafc7680d1b486ef291963bb72c70f3cdd570d2d8fa34,"{""distance"":7,""physical_error_rate"":0.002}","{""detection_events"":273736,""detectors_checked"":35665920}"
     51053,         0,         0,    5.06,standalone_exact_mw,9d8ad86e51451842b54dafc7680d1b486ef291963bb72c70f3cdd570d2d8fa34,"{""distance"":7,""physical_error_rate"":0.002}","{""detection_events"":316382,""detectors_checked"":41352930}"
     47104,         0,         0,    5.04,standalone_exact_mw,9d8ad86e51451842b54dafc7680d1b486ef291963bb72c70f3cdd570d2d8fa34,"{""distance"":7,""physical_error_rate"":0.002}","{""detection_events"":292695,""detectors_checked"":38154240}"
     45056,         0,         0,    4.70,standalone_exact_mw,9d8ad86e51451842b54dafc7680d1b486ef291963bb72c70f3cdd570d2d8fa34,"{""distance"":7,""physical_error_rate"":0.002}","{""detection_events"":281021,""detectors_checked"":36495360}"
     41984,         0,         0,    5.24,standalone_exact_mw,9d8ad86e51451842b54dafc7680d1b486ef291963bb72c70f3cdd570d2d8fa34,"{""distance"":7,""physical_error_rate"":0.002}","{""detection_events"":260805,""detectors_checked"":34007040}"
     49152,         0,         0,    5.14,standalone_exact_mw,9d8ad86e51451842b54dafc7680d1b486ef291963bb72c70f3cdd570d2d8fa34,"{""distance"":7,""physical_error_rate"":0.002}","{""detection_events"":305672,""detectors_checked"":39813120}"
     43008,         0,         0,    4.56,standalone_exact_mw,9d8ad86e51451842b54dafc7680d1b486ef291963bb72c70f3cdd570d2d8fa34,"{""distance"":7,""physical_error_rate"":0.002}","{""detection_events"":266949,""detectors_checked"":34836480}"
     45056,         0,         0,    5.46,standalone_exact_mw,9d8ad86e51451842b54dafc7680d1b486ef291963bb72c70f3cdd570d2d8fa34,"{""distance"":7,""physical_error_rate"":0.002}","{""detection_events"":278792,""detectors_checked"":36495360}"
     43008,         0,         0,    4.69,standalone_exact_mw,9d8ad86e51451842b54dafc7680d1b486ef291963bb72c70f3cdd570d2d8fa34,"{""distance"":7,""physical_error_rate"":0.002}","{""detection_events"":267320,""detectors_checked"":34836480}"
     45056,         0,         0,    4.77,standalone_exact_mw,9d8ad86e51451842b54dafc7680d1b486ef291963bb72c70f3cdd570d2d8fa34,"{""distance"":7,""physical_error_rate"":0.002}","{""detection_events"":282126,""detectors_checked"":36495360}"
     40616,         0,         0,    4.55,standalone_exact_mw,9d8ad86e51451842b54dafc7680d1b486ef291963bb72c70f3cdd570d2d8fa34,"{""distance"":7,""physical_error_rate"":0.002}","{""detection_events"":253412,""detectors_checked"":32898960}"
     46080,         0,         0,    4.73,standalone_exact_mw,9d8ad86e51451842b54dafc7680d1b486ef291963bb72c70f3cdd570d2d8fa34,"{""distance"":7,""physical_error_rate"":0.002}","{""detection_events"":287825,""detectors_checked"":37324800}"
     36864,         0,         0,    2.51,standalone_exact_mw,9d8ad86e51451842b54dafc7680d1b486ef291963bb72c70f3cdd570d2d8fa34,"{""distance"":7,""physical_error_rate"":0.002}","{""detection_events"":228550,""detectors_checked"":29859840}"
     55296,         0,         0,    5.56,standalone_exact_mw,9d8ad86e51451842b54dafc7680d1b486ef291963bb72c70f3cdd570d2d8fa34,"{""distance"":7,""physical_error_rate"":0.002}","{""detection_events"":343845,""detectors_checked"":44789760}"
     41984,         0,         0,    6.06,standalone_exact_mw,9d8ad86e51451842b54dafc7680d1b486ef291963bb72c70f3cdd570d2d8fa34,"{""distance"":7,""physical_error_rate"":0.002}","{""detection_events"":260775,""detectors_checked"":34007040}"
     46860,         0,         0,    4.81,standalone_exact_mw,9d8ad86e51451842b54dafc7680d1b486ef291963bb72c70f3cdd570d2d8fa34,"{""distance"":7,""physical_error_rate"":0.002}","{""detection_events"":290776,""detectors_checked"":37956600}"
     35840,         0,         0,    5.05,standalone_exact_mw,9d8ad86e51451842b54dafc7680d1b486ef291963bb72c70f3cdd570d2d8fa34,"{""distance"":7,""physical_error_rate"":0.002}","{""detection_events"":222972,""detectors_checked"":29030400}"
     43008,         0,         0,    4.95,standalone_exact_mw,9d8ad86e51451842b54dafc7680d1b486ef291963bb72c70f3cdd570d2d8fa34,"{""distance"":7,""physical_error_rate"":0.002}","{""detection_events"":268863,""detectors_checked"":34836480}"
     35840,         0,         0,    4.95,standalone_exact_mw,9d8ad86e51451842b54dafc7680d1b486ef291963bb72c70f3cdd570d2d8fa34,"{""distance"":7,""physical_error_rate"":0.002}","{""detection_events"":224493,""detectors_checked"":29030400}"
     39936,         0,         0,    5.05,standalone_exact_mw,9d8ad86e51451842b54dafc7680d1b486ef291963bb72c70f3cdd570d2d8fa34,"{""distance"":7,""physical_error_rate"":0.002}","{""detection_events"":250161,""detectors_checked"":32348160}"
     41984,         0,         0,    5.08,standalone_exact_mw,9d8ad86e51451842b54dafc7680d1b486ef291963bb72c70f3cdd570d2d8fa34,"{""distance"":7,""physical_error_rate"":0.002}","{""detection_events"":262540,""detectors_checked"":34007040}"
     32768,         0,         0,    4.78,standalone_exact_mw,9d8ad86e51451842b54dafc7680d1b486ef291963bb72c70f3cdd570d2d8fa34,"{""distance"":7,""physical_error_rate"":0.002}","{""detection_events"":202638,""detectors_checked"":26542080}"
     31744,         0,         0,    2.25,standalone_exact_mw,9d8ad86e51451842b54dafc7680d1b486ef291963bb72c70f3cdd570d2d8fa34,"{""distance"":7,""physical_error_rate"":0.002}","{""detection_events"":197687,""detectors_checked"":25712640}"
     31744,         0,         0,    4.64,standalone_exact_mw,9d8ad86e51451842b54dafc7680d1b486ef291963bb72c70f3cdd570d2d8fa34,"{""distance"":7,""physical_error_rate"":0.002}","{""detection_events"":196778,""detectors_checked"":25712640}"
     34816,         0,         0,    5.15,standalone_exact_mw,9d8ad86e51451842b54dafc7680d1b486ef291963bb72c70f3cdd570d2d8fa34,"{""distance"":7,""physical_error_rate"":0.002}","{""detection_events"":217453,""detectors_checked"":28200960}"
     35840,         0,         0,    5.23,standalone_exact_mw,9d8ad86e51451842b54dafc7680d1b486ef291963bb72c70f3cdd570d2d8fa34,"{""distance"":7,""physical_error_rate"":0.002}","{""detection_events"":222974,""detectors_checked"":29030400}"
     38912,         0,         0,    5.29,standalone_exact_mw,9d8ad86e51451842b54dafc7680d1b486ef291963bb72c70f3cdd570d2d8fa34,"{""distance"":7,""physical_error_rate"":0.002}","{""detection_events"":241879,""detectors_checked"":31518720}"
     43008,         0,         0,    5.21,standalone_exact_mw,9d8ad86e51451842b54dafc7680d1b486ef291963bb72c70f3cdd570d2d8fa34,"{""distance"":7,""physical_error_rate"":0.002}","{""detection_events"":266761,""detectors_checked"":34836480}"
     33792,         0,         0,    5.19,standalone_exact_mw,9d8ad86e51451842b54dafc7680d1b486ef291963bb72c70f3cdd570d2d8fa34,"{""distance"":7,""physical_error_rate"":0.002}","{""detection_events"":209906,""detectors_checked"":27371520}"
     36864,         0,         0,    5.08,standalone_exact_mw,9d8ad86e51451842b54dafc7680d1b486ef291963bb72c70f3cdd570d2d8fa34,"{""distance"":7,""physical_error_rate"":0.002}","{""detection_events"":229002,""detectors_checked"":29859840}"
     29339,         0,         0,    4.88,standalone_exact_mw,9d8ad86e51451842b54dafc7680d1b486ef291963bb72c70f3cdd570d2d8fa34,"{""distance"":7,""physical_error_rate"":0.002}","{""detection_events"":183080,""detectors_checked"":23764590}"
     45056,         0,         0,    5.42,standalone_exact_mw,9d8ad86e51451842b54dafc7680d1b486ef291963bb72c70f3cdd570d2d8fa34,"{""distance"":7,""physical_error_rate"":0.002}","{""detection_events"":280115,""detectors_checked"":36495360}"
     47104,         0,         0,    5.16,standalone_exact_mw,9d8ad86e51451842b54dafc7680d1b486ef291963bb72c70f3cdd570d2d8fa34,"{""distance"":7,""physical_error_rate"":0.002}","{""detection_events"":293864,""detectors_checked"":38154240}"
     26624,         0,         0,    2.00,standalone_exact_mw,9d8ad86e51451842b54dafc7680d1b486ef291963bb72c70f3cdd570d2d8fa34,"{""distance"":7,""physical_error_rate"":0.002}","{""detection_events"":165864,""detectors_checked"":21565440}"
     27648,         0,         0,    1.71,standalone_exact_mw,9d8ad86e51451842b54dafc7680d1b486ef291963bb72c70f3cdd570d2d8fa34,"{""distance"":7,""physical_error_rate"":0.002}","{""detection_events"":171106,""detectors_checked"":22394880}"
     41984,         0,         0,    4.79,standalone_exact_mw,9d8ad86e51451842b54dafc7680d1b486ef291963bb72c70f3cdd570d2d8fa34,"{""distance"":7,""physical_error_rate"":0.002}","{""detection_events"":260382,""detectors_checked"":34007040}"
     44032,         0,         0,    4.79,standalone_exact_mw,9d8ad86e51451842b54dafc7680d1b486ef291963bb72c70f3cdd570d2d8fa34,"{""distance"":7,""physical_error_rate"":0.002}","{""detection_events"":272574,""detectors_checked"":35665920}"
     26624,         0,         0,    1.46,standalone_exact_mw,9d8ad86e51451842b54dafc7680d1b486ef291963bb72c70f3cdd570d2d8fa34,"{""distance"":7,""physical_error_rate"":0.002}","{""detection_events"":165150,""detectors_checked"":21565440}"
     25078,         0,         0,    1.62,standalone_exact_mw,9d8ad86e51451842b54dafc7680d1b486ef291963bb72c70f3cdd570d2d8fa34,"{""distance"":7,""physical_error_rate"":0.002}","{""detection_events"":156284,""detectors_checked"":20313180}"
     32768,         0,         0,    5.52,standalone_exact_mw,9d8ad86e51451842b54dafc7680d1b486ef291963bb72c70f3cdd570d2d8fa34,"{""distance"":7,""physical_error_rate"":0.002}","{""detection_events"":204799,""detectors_checked"":26542080}"
     25600,         0,         0,    1.28,standalone_exact_mw,9d8ad86e51451842b54dafc7680d1b486ef291963bb72c70f3cdd570d2d8fa34,"{""distance"":7,""physical_error_rate"":0.002}","{""detection_events"":159522,""detectors_checked"":20736000}"
     23552,         0,         0,    1.23,standalone_exact_mw,9d8ad86e51451842b54dafc7680d1b486ef291963bb72c70f3cdd570d2d8fa34,"{""distance"":7,""physical_error_rate"":0.002}","{""detection_events"":145907,""detectors_checked"":19077120}"
     24576,         0,         0,    1.36,standalone_exact_mw,9d8ad86e51451842b54dafc7680d1b486ef291963bb72c70f3cdd570d2d8fa34,"{""distance"":7,""physical_error_rate"":0.002}","{""detection_events"":152692,""detectors_checked"":19906560}"
     38912,         0,         0,    5.24,standalone_exact_mw,9d8ad86e51451842b54dafc7680d1b486ef291963bb72c70f3cdd570d2d8fa34,"{""distance"":7,""physical_error_rate"":0.002}","{""detection_events"":242081,""detectors_checked"":31518720}"
     37888,         0,         0,    4.98,standalone_exact_mw,9d8ad86e51451842b54dafc7680d1b486ef291963bb72c70f3cdd570d2d8fa34,"{""distance"":7,""physical_error_rate"":0.002}","{""detection_events"":235165,""detectors_checked"":30689280}"
     25078,         0,         0,    1.83,standalone_exact_mw,9d8ad86e51451842b54dafc7680d1b486ef291963bb72c70f3cdd570d2d8fa34,"{""distance"":7,""physical_error_rate"":0.002}","{""detection_events"":156377,""detectors_checked"":20313180}"
     24576,         0,         0,    1.56,standalone_exact_mw,9d8ad86e51451842b54dafc7680d1b486ef291963bb72c70f3cdd570d2d8fa34,"{""distance"":7,""physical_error_rate"":0.002}","{""detection_events"":151861,""detectors_checked"":19906560}"
     26624,         0,         0,    5.19,standalone_exact_mw,9d8ad86e51451842b54dafc7680d1b486ef291963bb72c70f3cdd570d2d8fa34,"{""distance"":7,""physical_error_rate"":0.002}","{""detection_events"":164633,""detectors_checked"":21565440}"
     23552,         0,         0,    1.65,standalone_exact_mw,9d8ad86e51451842b54dafc7680d1b486ef291963bb72c70f3cdd570d2d8fa34,"{""distance"":7,""physical_error_rate"":0.002}","{""detection_events"":146638,""detectors_checked"":19077120}"
     34816,         0,         0,    5.41,standalone_exact_mw,9d8ad86e51451842b54dafc7680d1b486ef291963bb72c70f3cdd570d2d8fa34,"{""distance"":7,""physical_error_rate"":0.002}","{""detection_events"":216573,""detectors_checked"":28200960}"
     21504,         0,         0,    2.32,standalone_exact_mw,9d8ad86e51451842b54dafc7680d1b486ef291963bb72c70f3cdd570d2d8fa34,"{""distance"":7,""physical_error_rate"":0.002}","{""detection_events"":133552,""detectors_checked"":17418240}"
     21230,         0,         0,    1.63,standalone_exact_mw,9d8ad86e51451842b54dafc7680d1b486ef291963bb72c70f3cdd570d2d8fa34,"{""distance"":7,""physical_error_rate"":0.002}","{""detection_events"":132404,""detectors_checked"":17196300}"
     21230,         0,         0,    1.68,standalone_exact_mw,9d8ad86e51451842b54dafc7680d1b486ef291963bb72c70f3cdd570d2d8fa34,"{""distance"":7,""physical_error_rate"":0.002}","{""detection_events"":132501,""detectors_checked"":17196300}"
     22858,         0,         0,    2.01,standalone_exact_mw,9d8ad86e51451842b54dafc7680d1b486ef291963bb72c70f3cdd570d2d8fa34,"{""distance"":7,""physical_error_rate"":0.002}","{""detection_events"":142653,""detectors_checked"":18514980}"
     27648,         0,         0,    5.21,standalone_exact_mw,9d8ad86e51451842b54dafc7680d1b486ef291963bb72c70f3cdd570d2d8fa34,"{""distance"":7,""physical_error_rate"":0.002}","{""detection_events"":171374,""detectors_checked"":22394880}"
     21230,         0,         0,    1.52,standalone_exact_mw,9d8ad86e51451842b54dafc7680d1b486ef291963bb72c70f3cdd570d2d8fa34,"{""distance"":7,""physical_error_rate"":0.002}","{""detection_events"":131080,""detectors_checked"":17196300}"
     20040,         0,         0,    1.15,standalone_exact_mw,9d8ad86e51451842b54dafc7680d1b486ef291963bb72c70f3cdd570d2d8fa34,"{""distance"":7,""physical_error_rate"":0.002}","{""detection_events"":124414,""detectors_checked"":16232400}"
     20040,         0,         0,    1.91,standalone_exact_mw,9d8ad86e51451842b54dafc7680d1b486ef291963bb72c70f3cdd570d2d8fa34,"{""distance"":7,""physical_error_rate"":0.002}","{""detection_events"":125719,""detectors_checked"":16232400}"
     19456,         0,         0,    2.12,standalone_exact_mw,9d8ad86e51451842b54dafc7680d1b486ef291963bb72c70f3cdd570d2d8fa34,"{""distance"":7,""physical_error_rate"":0.002}","{""detection_events"":121073,""detectors_checked"":15759360}"
     19456,         0,         0,    1.81,standalone_exact_mw,9d8ad86e51451842b54dafc7680d1b486ef291963bb72c70f3cdd570d2d8fa34,"{""distance"":7,""physical_error_rate"":0.002}","{""detection_events"":120329,""detectors_checked"":15759360}"
     19314,         0,         0,    1.55,standalone_exact_mw,9d8ad86e51451842b54dafc7680d1b486ef291963bb72c70f3cdd570d2d8fa34,"{""distance"":7,""physical_error_rate"":0.002}","{""detection_events"":121180,""detectors_checked"":15644340}"
     19001,         0,         0,    1.67,standalone_exact_mw,9d8ad86e51451842b54dafc7680d1b486ef291963bb72c70f3cdd570d2d8fa34,"{""distance"":7,""physical_error_rate"":0.002}","{""detection_events"":117869,""detectors_checked"":15390810}"
     19314,         0,         0,    1.38,standalone_exact_mw,9d8ad86e51451842b54dafc7680d1b486ef291963bb72c70f3cdd570d2d8fa34,"{""distance"":7,""physical_error_rate"":0.002}","{""detection_events"":120424,""detectors_checked"":15644340}"
     19001,         0,         0,    1.70,standalone_exact_mw,9d8ad86e51451842b54dafc7680d1b486ef291963bb72c70f3cdd570d2d8fa34,"{""distance"":7,""physical_error_rate"":0.002}","{""detection_events"":117454,""detectors_checked"":15390810}"
     18432,         0,         0,    1.49,standalone_exact_mw,9d8ad86e51451842b54dafc7680d1b486ef291963bb72c70f3cdd570d2d8fa34,"{""distance"":7,""physical_error_rate"":0.002}","{""detection_events"":114516,""detectors_checked"":14929920}"
     17082,         0,         0,   0.527,standalone_exact_mw,9d8ad86e51451842b54dafc7680d1b486ef291963bb72c70f3cdd570d2d8fa34,"{""distance"":7,""physical_error_rate"":0.002}","{""detection_events"":105231,""detectors_checked"":13836420}"
     18546,         0,         0,    1.97,standalone_exact_mw,9d8ad86e51451842b54dafc7680d1b486ef291963bb72c70f3cdd570d2d8fa34,"{""distance"":7,""physical_error_rate"":0.002}","{""detection_events"":115853,""detectors_checked"":15022260}"
     18432,         0,         0,    1.43,standalone_exact_mw,9d8ad86e51451842b54dafc7680d1b486ef291963bb72c70f3cdd570d2d8fa34,"{""distance"":7,""physical_error_rate"":0.002}","{""detection_events"":114020,""detectors_checked"":14929920}"
     17820,         0,         0,    1.75,standalone_exact_mw,9d8ad86e51451842b54dafc7680d1b486ef291963bb72c70f3cdd570d2d8fa34,"{""distance"":7,""physical_error_rate"":0.002}","{""detection_events"":110679,""detectors_checked"":14434200}"
     18246,         0,         0,    1.53,standalone_exact_mw,9d8ad86e51451842b54dafc7680d1b486ef291963bb72c70f3cdd570d2d8fa34,"{""distance"":7,""physical_error_rate"":0.002}","{""detection_events"":113587,""detectors_checked"":14779260}"
     18098,         0,         0,    1.55,standalone_exact_mw,9d8ad86e51451842b54dafc7680d1b486ef291963bb72c70f3cdd570d2d8fa34,"{""distance"":7,""physical_error_rate"":0.002}","{""detection_events"":113336,""detectors_checked"":14659380}"
       283,         0,         0,   0.023,standalone_exact_mw,9d8ad86e51451842b54dafc7680d1b486ef291963bb72c70f3cdd570d2d8fa34,"{""distance"":7,""physical_error_rate"":0.002}","{""detection_events"":1762,""detectors_checked"":229230}"
     17408,         0,         0,    1.21,standalone_exact_mw,9d8ad86e51451842b54dafc7680d1b486ef291963bb72c70f3cdd570d2d8fa34,"{""distance"":7,""physical_error_rate"":0.002}","{""detection_events"":108873,""detectors_checked"":14100480}"
     17392,         0,         0,    1.27,standalone_exact_mw,9d8ad86e51451842b54dafc7680d1b486ef291963bb72c70f3cdd570d2d8fa34,"{""distance"":7,""physical_error_rate"":0.002}","{""detection_events"":107991,""detectors_checked"":14087520}"
     17392,         0,         0,    1.05,standalone_exact_mw,9d8ad86e51451842b54dafc7680d1b486ef291963bb72c70f3cdd570d2d8fa34,"{""distance"":7,""physical_error_rate"":0.002}","{""detection_events"":108859,""detectors_checked"":14087520}"
     17392,         0,         0,    1.60,standalone_exact_mw,9d8ad86e51451842b54dafc7680d1b486ef291963bb72c70f3cdd570d2d8fa34,"{""distance"":7,""physical_error_rate"":0.002}","{""detection_events"":107061,""detectors_checked"":14087520}"
     16834,         0,         0,    1.08,standalone_exact_mw,9d8ad86e51451842b54dafc7680d1b486ef291963bb72c70f3cdd570d2d8fa34,"{""distance"":7,""physical_error_rate"":0.002}","{""detection_events"":104864,""detectors_checked"":13635540}"
     17108,         0,         0,   0.871,standalone_exact_mw,9d8ad86e51451842b54dafc7680d1b486ef291963bb72c70f3cdd570d2d8fa34,"{""distance"":7,""physical_error_rate"":0.002}","{""detection_events"":106291,""detectors_checked"":13857480}"
     17392,         0,         0,    1.50,standalone_exact_mw,9d8ad86e51451842b54dafc7680d1b486ef291963bb72c70f3cdd570d2d8fa34,"{""distance"":7,""physical_error_rate"":0.002}","{""detection_events"":108591,""detectors_checked"":14087520}"
     17408,         0,         0,    1.24,standalone_exact_mw,9d8ad86e51451842b54dafc7680d1b486ef291963bb72c70f3cdd570d2d8fa34,"{""distance"":7,""physical_error_rate"":0.002}","{""detection_events"":107751,""detectors_checked"":14100480}"
     16834,         0,         0,    1.12,standalone_exact_mw,9d8ad86e51451842b54dafc7680d1b486ef291963bb72c70f3cdd570d2d8fa34,"{""distance"":7,""physical_error_rate"":0.002}","{""detection_events"":104611,""detectors_checked"":13635540}"
     17392,         0,         0,    1.34,standalone_exact_mw,9d8ad86e51451842b54dafc7680d1b486ef291963bb72c70f3cdd570d2d8fa34,"{""distance"":7,""physical_error_rate"":0.002}","{""detection_events"":108776,""detectors_checked"":14087520}"
     16834,         0,         0,    1.22,standalone_exact_mw,9d8ad86e51451842b54dafc7680d1b486ef291963bb72c70f3cdd570d2d8fa34,"{""distance"":7,""physical_error_rate"":0.002}","{""detection_events"":105490,""detectors_checked"":13635540}"
     16834,         0,         0,    1.51,standalone_exact_mw,9d8ad86e51451842b54dafc7680d1b486ef291963bb72c70f3cdd570d2d8fa34,"{""distance"":7,""physical_error_rate"":0.002}","{""detection_events"":104098,""detectors_checked"":13635540}"
     16834,         0,         0,    1.39,standalone_exact_mw,9d8ad86e51451842b54dafc7680d1b486ef291963bb72c70f3cdd570d2d8fa34,"{""distance"":7,""physical_error_rate"":0.002}","{""detection_events"":105034,""detectors_checked"":13635540}"
     16431,         0,         0,   0.799,standalone_exact_mw,9d8ad86e51451842b54dafc7680d1b486ef291963bb72c70f3cdd570d2d8fa34,"{""distance"":7,""physical_error_rate"":0.002}","{""detection_events"":101659,""detectors_checked"":13309110}"
     16161,         0,         0,   0.832,standalone_exact_mw,9d8ad86e51451842b54dafc7680d1b486ef291963bb72c70f3cdd570d2d8fa34,"{""distance"":7,""physical_error_rate"":0.002}","{""detection_events"":100770,""detectors_checked"":13090410}"
     15364,         0,         0,    1.18,standalone_exact_mw,9d8ad86e51451842b54dafc7680d1b486ef291963bb72c70f3cdd570d2d8fa34,"{""distance"":7,""physical_error_rate"":0.002}","{""detection_events"":94651,""detectors_checked"":12444840}"
     15894,         0,         0,    1.11,standalone_exact_mw,9d8ad86e51451842b54dafc7680d1b486ef291963bb72c70f3cdd570d2d8fa34,"{""distance"":7,""physical_error_rate"":0.002}","{""detection_events"":98312,""detectors_checked"":12874140}"
     15360,         0,         0,    1.24,standalone_exact_mw,9d8ad86e51451842b54dafc7680d1b486ef291963bb72c70f3cdd570d2d8fa34,"{""distance"":7,""physical_error_rate"":0.002}","{""detection_events"":95382,""detectors_checked"":12441600}"
     15758,         0,         0,    1.21,standalone_exact_mw,9d8ad86e51451842b54dafc7680d1b486ef291963bb72c70f3cdd570d2d8fa34,"{""distance"":7,""physical_error_rate"":0.002}","{""detection_events"":98665,""detectors_checked"":12763980}"
     16384,         0,         0,    1.16,standalone_exact_mw,9d8ad86e51451842b54dafc7680d1b486ef291963bb72c70f3cdd570d2d8fa34,"{""distance"":7,""physical_error_rate"":0.002}","{""detection_events"":101618,""detectors_checked"":13271040}"
     15360,         0,         0,    1.30,standalone_exact_mw,9d8ad86e51451842b54dafc7680d1b486ef291963bb72c70f3cdd570d2d8fa34,"{""distance"":7,""physical_error_rate"":0.002}","{""detection_events"":95005,""detectors_checked"":12441600}"
     15360,         0,         0,    1.16,standalone_exact_mw,9d8ad86e51451842b54dafc7680d1b486ef291963bb72c70f3cdd570d2d8fa34,"{""distance"":7,""physical_error_rate"":0.002}","{""detection_events"":94885,""detectors_checked"":12441600}"
     16384,         0,         0,    1.34,standalone_exact_mw,9d8ad86e51451842b54dafc7680d1b486ef291963bb72c70f3cdd570d2d8fa34,"{""distance"":7,""physical_error_rate"":0.002}","{""detection_events"":102157,""detectors_checked"":13271040}"
     15360,         0,         0,    1.35,standalone_exact_mw,9d8ad86e51451842b54dafc7680d1b486ef291963bb72c70f3cdd570d2d8fa34,"{""distance"":7,""physical_error_rate"":0.002}","{""detection_events"":95895,""detectors_checked"":12441600}"
     15360,         0,         0,    1.48,standalone_exact_mw,9d8ad86e51451842b54dafc7680d1b486ef291963bb72c70f3cdd570d2d8fa34,"{""distance"":7,""physical_error_rate"":0.002}","{""detection_events"":95625,""detectors_checked"":12441600}"
     15235,         0,         0,    1.29,standalone_exact_mw,9d8ad86e51451842b54dafc7680d1b486ef291963bb72c70f3cdd570d2d8fa34,"{""distance"":7,""physical_error_rate"":0.002}","{""detection_events"":95276,""detectors_checked"":12340350}"
     16384,         0,         0,    1.28,standalone_exact_mw,9d8ad86e51451842b54dafc7680d1b486ef291963bb72c70f3cdd570d2d8fa34,"{""distance"":7,""physical_error_rate"":0.002}","{""detection_events"":101271,""detectors_checked"":13271040}"
     15360,         0,         0,   0.857,standalone_exact_mw,9d8ad86e51451842b54dafc7680d1b486ef291963bb72c70f3cdd570d2d8fa34,"{""distance"":7,""physical_error_rate"":0.002}","{""detection_events"":95912,""detectors_checked"":12441600}"
     15235,         0,         0,    1.38,standalone_exact_mw,9d8ad86e51451842b54dafc7680d1b486ef291963bb72c70f3cdd570d2d8fa34,"{""distance"":7,""physical_error_rate"":0.002}","{""detection_events"":94471,""detectors_checked"":12340350}"
     15360,         0,         0,   0.845,standalone_exact_mw,9d8ad86e51451842b54dafc7680d1b486ef291963bb72c70f3cdd570d2d8fa34,"{""distance"":7,""physical_error_rate"":0.002}","{""detection_events"":96097,""detectors_checked"":12441600}"
     16384,         0,         0,    2.05,standalone_exact_mw,9d8ad86e51451842b54dafc7680d1b486ef291963bb72c70f3cdd570d2d8fa34,"{""distance"":7,""physical_error_rate"":0.002}","{""detection_events"":102308,""detectors_checked"":13271040}"
     14622,         0,         0,    1.28,standalone_exact_mw,9d8ad86e51451842b54dafc7680d1b486ef291963bb72c70f3cdd570d2d8fa34,"{""distance"":7,""physical_error_rate"":0.002}","{""detection_events"":91152,""detectors_checked"":11843820}"
     15360,         0,         0,    1.07,standalone_exact_mw,9d8ad86e51451842b54dafc7680d1b486ef291963bb72c70f3cdd570d2d8fa34,"{""distance"":7,""physical_error_rate"":0.002}","{""detection_events"":96041,""detectors_checked"":12441600}"
     16161,         0,         0,    1.45,standalone_exact_mw,9d8ad86e51451842b54dafc7680d1b486ef291963bb72c70f3cdd570d2d8fa34,"{""distance"":7,""physical_error_rate"":0.002}","{""detection_events"":99806,""detectors_checked"":13090410}"
     14336,         0,         0,    1.26,standalone_exact_mw,9d8ad86e51451842b54dafc7680d1b486ef291963bb72c70f3cdd570d2d8fa34,"{""distance"":7,""physical_error_rate"":0.002}","{""detection_events"":88476,""detectors_checked"":11612160}"
     15360,         0,         0,    1.12,standalone_exact_mw,9d8ad86e51451842b54dafc7680d1b486ef291963bb72c70f3cdd570d2d8fa34,"{""distance"":7,""physical_error_rate"":0.002}","{""detection_events"":95006,""detectors_checked"":12441600}"
     14989,         0,         0,   0.888,standalone_exact_mw,9d8ad86e51451842b54dafc7680d1b486ef291963bb72c70f3cdd570d2d8fa34,"{""distance"":7,""physical_error_rate"":0.002}","{""detection_events"":92641,""detectors_checked"":12141090}"
     14989,         0,         0,    1.25,standalone_exact_mw,9d8ad86e51451842b54dafc7680d1b486ef291963bb72c70f3cdd570d2d8fa34,"{""distance"":7,""physical_error_rate"":0.002}","{""detection_events"":93218,""detectors_checked"":12141090}"
     14336,         0,         0,    1.25,standalone_exact_mw,9d8ad86e51451842b54dafc7680d1b486ef291963bb72c70f3cdd570d2d8fa34,"{""distance"":7,""physical_error_rate"":0.002}","{""detection_events"":88595,""detectors_checked"":11612160}"
     14336,         0,         0,   0.894,standalone_exact_mw,9d8ad86e51451842b54dafc7680d1b486ef291963bb72c70f3cdd570d2d8fa34,"{""distance"":7,""physical_error_rate"":0.002}","{""detection_events"":88320,""detectors_checked"":11612160}"
     14989,         0,         0,    1.43,standalone_exact_mw,9d8ad86e51451842b54dafc7680d1b486ef291963bb72c70f3cdd570d2d8fa34,"{""distance"":7,""physical_error_rate"":0.002}","{""detection_events"":92675,""detectors_checked"":12141090}"
     13312,         0,         0,    1.15,standalone_exact_mw,9d8ad86e51451842b54dafc7680d1b486ef291963bb72c70f3cdd570d2d8fa34,"{""distance"":7,""physical_error_rate"":0.002}","{""detection_events"":82527,""detectors_checked"":10782720}"
     14989,         0,         0,    1.48,standalone_exact_mw,9d8ad86e51451842b54dafc7680d1b486ef291963bb72c70f3cdd570d2d8fa34,"{""distance"":7,""physical_error_rate"":0.002}","{""detection_events"":93637,""detectors_checked"":12141090}"
     15235,         0,         0,    1.32,standalone_exact_mw,9d8ad86e51451842b54dafc7680d1b486ef291963bb72c70f3cdd570d2d8fa34,"{""distance"":7,""physical_error_rate"":0.002}","{""detection_events"":93888,""detectors_checked"":12340350}"
     15235,         0,         0,    1.19,standalone_exact_mw,9d8ad86e51451842b54dafc7680d1b486ef291963bb72c70f3cdd570d2d8fa34,"{""distance"":7,""physical_error_rate"":0.002}","{""detection_events"":95356,""detectors_checked"":12340350}"
     15235,         0,         0,    1.40,standalone_exact_mw,9d8ad86e51451842b54dafc7680d1b486ef291963bb72c70f3cdd570d2d8fa34,"{""distance"":7,""physical_error_rate"":0.002}","{""detection_events"":95218,""detectors_checked"":12340350}"
     15109,         0,         0,    1.46,standalone_exact_mw,9d8ad86e51451842b54dafc7680d1b486ef291963bb72c70f3cdd570d2d8fa34,"{""distance"":7,""physical_error_rate"":0.002}","{""detection_events"":93480,""detectors_checked"":12238290}"
     14336,         0,         0,    1.22,standalone_exact_mw,9d8ad86e51451842b54dafc7680d1b486ef291963bb72c70f3cdd570d2d8fa34,"{""distance"":7,""physical_error_rate"":0.002}","{""detection_events"":89497,""detectors_checked"":11612160}"
     14336,         0,         0,    1.28,standalone_exact_mw,9d8ad86e51451842b54dafc7680d1b486ef291963bb72c70f3cdd570d2d8fa34,"{""distance"":7,""physical_error_rate"":0.002}","{""detection_events"":89153,""detectors_checked"":11612160}"
     14336,         0,         0,    1.62,standalone_exact_mw,9d8ad86e51451842b54dafc7680d1b486ef291963bb72c70f3cdd570d2d8fa34,"{""distance"":7,""physical_error_rate"":0.002}","{""detection_events"":89834,""detectors_checked"":11612160}"
     14336,         0,         0,   0.910,standalone_exact_mw,9d8ad86e51451842b54dafc7680d1b486ef291963bb72c70f3cdd570d2d8fa34,"{""distance"":7,""physical_error_rate"":0.002}","{""detection_events"":89378,""detectors_checked"":11612160}"
     14622,         0,         0,    1.68,standalone_exact_mw,9d8ad86e51451842b54dafc7680d1b486ef291963bb72c70f3cdd570d2d8fa34,"{""distance"":7,""physical_error_rate"":0.002}","{""detection_events"":90475,""detectors_checked"":11843820}"
     13312,         0,         0,    1.26,standalone_exact_mw,9d8ad86e51451842b54dafc7680d1b486ef291963bb72c70f3cdd570d2d8fa34,"{""distance"":7,""physical_error_rate"":0.002}","{""detection_events"":82528,""detectors_checked"":10782720}"
     15235,         0,         0,    1.31,standalone_exact_mw,9d8ad86e51451842b54dafc7680d1b486ef291963bb72c70f3cdd570d2d8fa34,"{""distance"":7,""physical_error_rate"":0.002}","{""detection_events"":94372,""detectors_checked"":12340350}"
     13312,         0,         0,    1.38,standalone_exact_mw,9d8ad86e51451842b54dafc7680d1b486ef291963bb72c70f3cdd570d2d8fa34,"{""distance"":7,""physical_error_rate"":0.002}","{""detection_events"":83159,""detectors_checked"":10782720}"
     13767,         0,         0,    1.25,standalone_exact_mw,9d8ad86e51451842b54dafc7680d1b486ef291963bb72c70f3cdd570d2d8fa34,"{""distance"":7,""physical_error_rate"":0.002}","{""detection_events"":85020,""detectors_checked"":11151270}"
     14336,         0,         0,    1.28,standalone_exact_mw,9d8ad86e51451842b54dafc7680d1b486ef291963bb72c70f3cdd570d2d8fa34,"{""distance"":7,""physical_error_rate"":0.002}","{""detection_events"":88945,""detectors_checked"":11612160}"
     13037,         0,         0,    1.14,standalone_exact_mw,9d8ad86e51451842b54dafc7680d1b486ef291963bb72c70f3cdd570d2d8fa34,"{""distance"":7,""physical_error_rate"":0.002}","{""detection_events"":80595,""detectors_checked"":10559970}"
     11525,         0,         0,    1.39,standalone_exact_mw,9d8ad86e51451842b54dafc7680d1b486ef291963bb72c70f3cdd570d2d8fa34,"{""distance"":7,""physical_error_rate"":0.002}","{""detection_events"":71625,""detectors_checked"":9335250}"
     14336,         0,         0,    1.38,standalone_exact_mw,9d8ad86e51451842b54dafc7680d1b486ef291963bb72c70f3cdd570d2d8fa34,"{""distance"":7,""physical_error_rate"":0.002}","{""detection_events"":88471,""detectors_checked"":11612160}"
     14336,         0,         0,    1.34,standalone_exact_mw,9d8ad86e51451842b54dafc7680d1b486ef291963bb72c70f3cdd570d2d8fa34,"{""distance"":7,""physical_error_rate"":0.002}","{""detection_events"":88361,""detectors_checked"":11612160}"
     12288,         0,         0,    1.26,standalone_exact_mw,9d8ad86e51451842b54dafc7680d1b486ef291963bb72c70f3cdd570d2d8fa34,"{""distance"":7,""physical_error_rate"":0.002}","{""detection_events"":76343,""detectors_checked"":9953280}"
     15360,         0,         0,    1.34,standalone_exact_mw,9d8ad86e51451842b54dafc7680d1b486ef291963bb72c70f3cdd570d2d8fa34,"{""distance"":7,""physical_error_rate"":0.002}","{""detection_events"":95640,""detectors_checked"":12441600}"
     12288,         0,         0,   0.858,standalone_exact_mw,9d8ad86e51451842b54dafc7680d1b486ef291963bb72c70f3cdd570d2d8fa34,"{""distance"":7,""physical_error_rate"":0.002}","{""detection_events"":77343,""detectors_checked"":9953280}"
     12288,         0,         0,   0.818,standalone_exact_mw,9d8ad86e51451842b54dafc7680d1b486ef291963bb72c70f3cdd570d2d8fa34,"{""distance"":7,""physical_error_rate"":0.002}","{""detection_events"":76108,""detectors_checked"":9953280}"
     11264,         0,         0,    1.57,standalone_exact_mw,9d8ad86e51451842b54dafc7680d1b486ef291963bb72c70f3cdd570d2d8fa34,"{""distance"":7,""physical_error_rate"":0.002}","{""detection_events"":69910,""detectors_checked"":9123840}"
     13312,         0,         0,    1.48,standalone_exact_mw,9d8ad86e51451842b54dafc7680d1b486ef291963bb72c70f3cdd570d2d8fa34,"{""distance"":7,""physical_error_rate"":0.002}","{""detection_events"":82560,""detectors_checked"":10782720}"
     15360,         0,         0,    1.54,standalone_exact_mw,9d8ad86e51451842b54dafc7680d1b486ef291963bb72c70f3cdd570d2d8fa34,"{""distance"":7,""physical_error_rate"":0.002}","{""detection_events"":95457,""detectors_checked"":12441600}"
     11264,         0,         0,    1.05,standalone_exact_mw,9d8ad86e51451842b54dafc7680d1b486ef291963bb72c70f3cdd570d2d8fa34,"{""distance"":7,""physical_error_rate"":0.002}","{""detection_events"":69614,""detectors_checked"":9123840}"
     12288,         0,         0,    1.30,standalone_exact_mw,9d8ad86e51451842b54dafc7680d1b486ef291963bb72c70f3cdd570d2d8fa34,"{""distance"":7,""physical_error_rate"":0.002}","{""detection_events"":76361,""detectors_checked"":9953280}"
     12288,         0,         0,    1.19,standalone_exact_mw,9d8ad86e51451842b54dafc7680d1b486ef291963bb72c70f3cdd570d2d8fa34,"{""distance"":7,""physical_error_rate"":0.002}","{""detection_events"":75843,""detectors_checked"":9953280}"
     12288,         0,         0,    1.43,standalone_exact_mw,9d8ad86e51451842b54dafc7680d1b486ef291963bb72c70f3cdd570d2d8fa34,"{""distance"":7,""physical_error_rate"":0.002}","{""detection_events"":75993,""detectors_checked"":9953280}"
     13037,         0,         0,    1.20,standalone_exact_mw,9d8ad86e51451842b54dafc7680d1b486ef291963bb72c70f3cdd570d2d8fa34,"{""distance"":7,""physical_error_rate"":0.002}","{""detection_events"":81331,""detectors_checked"":10559970}"
     10725,         0,         0,   0.769,standalone_exact_mw,9d8ad86e51451842b54dafc7680d1b486ef291963bb72c70f3cdd570d2d8fa34,"{""distance"":7,""physical_error_rate"":0.002}","{""detection_events"":66489,""detectors_checked"":8687250}"
     13312,         0,         0,    1.43,standalone_exact_mw,9d8ad86e51451842b54dafc7680d1b486ef291963bb72c70f3cdd570d2d8fa34,"{""distance"":7,""physical_error_rate"":0.002}","{""detection_events"":82523,""detectors_checked"":10782720}"
     11264,         0,         0,   0.755,standalone_exact_mw,9d8ad86e51451842b54dafc7680d1b486ef291963bb72c70f3cdd570d2d8fa34,"{""distance"":7,""physical_error_rate"":0.002}","{""detection_events"":70021,""detectors_checked"":9123840}"
     14336,         0,         0,    1.57,standalone_exact_mw,9d8ad86e51451842b54dafc7680d1b486ef291963bb72c70f3cdd570d2d8fa34,"{""distance"":7,""physical_error_rate"":0.002}","{""detection_events"":89368,""detectors_checked"":11612160}"
     12288,         0,         0,    1.17,standalone_exact_mw,9d8ad86e51451842b54dafc7680d1b486ef291963bb72c70f3cdd570d2d8fa34,"{""distance"":7,""physical_error_rate"":0.002}","{""detection_events"":75707,""detectors_checked"":9953280}"
     11264,         0,         0,   0.959,standalone_exact_mw,9d8ad86e51451842b54dafc7680d1b486ef291963bb72c70f3cdd570d2d8fa34,"{""distance"":7,""physical_error_rate"":0.002}","{""detection_events"":70097,""detectors_checked"":9123840}"
     10725,         0,         0,   0.845,standalone_exact_mw,9d8ad86e51451842b54dafc7680d1b486ef291963bb72c70f3cdd570d2d8fa34,"{""distance"":7,""physical_error_rate"":0.002}","{""detection_events"":65489,""detectors_checked"":8687250}"
     12288,         0,         0,    1.43,standalone_exact_mw,9d8ad86e51451842b54dafc7680d1b486ef291963bb72c70f3cdd570d2d8fa34,"{""distance"":7,""physical_error_rate"":0.002}","{""detection_events"":76764,""detectors_checked"":9953280}"
     12288,         0,         0,    1.35,standalone_exact_mw,9d8ad86e51451842b54dafc7680d1b486ef291963bb72c70f3cdd570d2d8fa34,"{""distance"":7,""physical_error_rate"":0.002}","{""detection_events"":75988,""detectors_checked"":9953280}"
     13312,         0,         0,    1.36,standalone_exact_mw,9d8ad86e51451842b54dafc7680d1b486ef291963bb72c70f3cdd570d2d8fa34,"{""distance"":7,""physical_error_rate"":0.002}","{""detection_events"":82916,""detectors_checked"":10782720}"
      9216,         0,         0,    1.35,standalone_exact_mw,9d8ad86e51451842b54dafc7680d1b486ef291963bb72c70f3cdd570d2d8fa34,"{""distance"":7,""physical_error_rate"":0.002}","{""detection_events"":57517,""detectors_checked"":7464960}"
     11264,         0,         0,    1.05,standalone_exact_mw,9d8ad86e51451842b54dafc7680d1b486ef291963bb72c70f3cdd570d2d8fa34,"{""distance"":7,""physical_error_rate"":0.002}","{""detection_events"":70818,""detectors_checked"":9123840}"
      9216,         0,         0,   0.717,standalone_exact_mw,9d8ad86e51451842b54dafc7680d1b486ef291963bb72c70f3cdd570d2d8fa34,"{""distance"":7,""physical_error_rate"":0.002}","{""detection_events"":57148,""detectors_checked"":7464960}"
     12288,         0,         0,    1.30,standalone_exact_mw,9d8ad86e51451842b54dafc7680d1b486ef291963bb72c70f3cdd570d2d8fa34,"{""distance"":7,""physical_error_rate"":0.002}","{""detection_events"":76391,""detectors_checked"":9953280}"
      9216,         0,         0,   0.631,standalone_exact_mw,9d8ad86e51451842b54dafc7680d1b486ef291963bb72c70f3cdd570d2d8fa34,"{""distance"":7,""physical_error_rate"":0.002}","{""detection_events"":57538,""detectors_checked"":7464960}"
      6742,         0,         0,   0.379,standalone_exact_mw,9d8ad86e51451842b54dafc7680d1b486ef291963bb72c70f3cdd570d2d8fa34,"{""distance"":7,""physical_error_rate"":0.002}","{""detection_events"":41349,""detectors_checked"":5461020}"
     11644,         0,         0,   0.908,standalone_exact_mw,9d8ad86e51451842b54dafc7680d1b486ef291963bb72c70f3cdd570d2d8fa34,"{""distance"":7,""physical_error_rate"":0.002}","{""detection_events"":71785,""detectors_checked"":9431640}"
     10502,         0,         0,    1.19,standalone_exact_mw,9d8ad86e51451842b54dafc7680d1b486ef291963bb72c70f3cdd570d2d8fa34,"{""distance"":7,""physical_error_rate"":0.002}","{""detection_events"":65395,""detectors_checked"":8506620}"
     12288,         0,         0,    1.02,standalone_exact_mw,9d8ad86e51451842b54dafc7680d1b486ef291963bb72c70f3cdd570d2d8fa34,"{""distance"":7,""physical_error_rate"":0.002}","{""detection_events"":75753,""detectors_checked"":9953280}"
     13312,         0,         0,    1.40,standalone_exact_mw,9d8ad86e51451842b54dafc7680d1b486ef291963bb72c70f3cdd570d2d8fa34,"{""distance"":7,""physical_error_rate"":0.002}","{""detection_events"":82451,""detectors_checked"":10782720}"
     12288,         0,         0,    1.13,standalone_exact_mw,9d8ad86e51451842b54dafc7680d1b486ef291963bb72c70f3cdd570d2d8fa34,"{""distance"":7,""physical_error_rate"":0.002}","{""detection_events"":76138,""detectors_checked"":9953280}"
      8565,         0,         0,   0.738,standalone_exact_mw,9d8ad86e51451842b54dafc7680d1b486ef291963bb72c70f3cdd570d2d8fa34,"{""distance"":7,""physical_error_rate"":0.002}","{""detection_events"":53365,""detectors_checked"":6937650}"
      7168,         0,         0,   0.441,standalone_exact_mw,9d8ad86e51451842b54dafc7680d1b486ef291963bb72c70f3cdd570d2d8fa34,"{""distance"":7,""physical_error_rate"":0.002}","{""detection_events"":44607,""detectors_checked"":5806080}"
     13312,         0,         0,    1.12,standalone_exact_mw,9d8ad86e51451842b54dafc7680d1b486ef291963bb72c70f3cdd570d2d8fa34,"{""distance"":7,""physical_error_rate"":0.002}","{""detection_events"":82190,""detectors_checked"":10782720}"
     12288,         0,         0,    1.47,standalone_exact_mw,9d8ad86e51451842b54dafc7680d1b486ef291963bb72c70f3cdd570d2d8fa34,"{""distance"":7,""physical_error_rate"":0.002}","{""detection_events"":75655,""detectors_checked"":9953280}"
     12791,         0,         0,    1.49,standalone_exact_mw,9d8ad86e51451842b54dafc7680d1b486ef291963bb72c70f3cdd570d2d8fa34,"{""distance"":7,""physical_error_rate"":0.002}","{""detection_events"":79007,""detectors_checked"":10360710}"
     10240,         0,         0,    1.01,standalone_exact_mw,9d8ad86e51451842b54dafc7680d1b486ef291963bb72c70f3cdd570d2d8fa34,"{""distance"":7,""physical_error_rate"":0.002}","{""detection_events"":63782,""detectors_checked"":8294400}"
       781,         0,         0,   0.063,standalone_exact_mw,9d8ad86e51451842b54dafc7680d1b486ef291963bb72c70f3cdd570d2d8fa34,"{""distance"":7,""physical_error_rate"":0.002}","{""detection_events"":4769,""detectors_checked"":632610}"
     12791,         0,         0,    1.30,standalone_exact_mw,9d8ad86e51451842b54dafc7680d1b486ef291963bb72c70f3cdd570d2d8fa34,"{""distance"":7,""physical_error_rate"":0.002}","{""detection_events"":79386,""detectors_checked"":10360710}"
      9216,         0,         0,    1.28,standalone_exact_mw,9d8ad86e51451842b54dafc7680d1b486ef291963bb72c70f3cdd570d2d8fa34,"{""distance"":7,""physical_error_rate"":0.002}","{""detection_events"":56834,""detectors_checked"":7464960}"
      9216,         0,         0,   0.792,standalone_exact_mw,9d8ad86e51451842b54dafc7680d1b486ef291963bb72c70f3cdd570d2d8fa34,"{""distance"":7,""physical_error_rate"":0.002}","{""detection_events"":57280,""detectors_checked"":7464960}"
     10291,         0,         0,    1.82,standalone_exact_mw,9d8ad86e51451842b54dafc7680d1b486ef291963bb72c70f3cdd570d2d8fa34,"{""distance"":7,""physical_error_rate"":0.002}","{""detection_events"":63901,""detectors_checked"":8335710}"
      3840,         0,         0,   0.243,standalone_exact_mw,9d8ad86e51451842b54dafc7680d1b486ef291963bb72c70f3cdd570d2d8fa34,"{""distance"":7,""physical_error_rate"":0.002}","{""detection_events"":24242,""detectors_checked"":3110400}"
     12288,         0,         0,    1.21,standalone_exact_mw,9d8ad86e51451842b54dafc7680d1b486ef291963bb72c70f3cdd570d2d8fa34,"{""distance"":7,""physical_error_rate"":0.002}","{""detection_events"":76492,""detectors_checked"":9953280}"
      9987,         0,         0,    1.30,standalone_exact_mw,9d8ad86e51451842b54dafc7680d1b486ef291963bb72c70f3cdd570d2d8fa34,"{""distance"":7,""physical_error_rate"":0.002}","{""detection_events"":62448,""detectors_checked"":8089470}"
      4144,         0,         0,   0.198,standalone_exact_mw,9d8ad86e51451842b54dafc7680d1b486ef291963bb72c70f3cdd570d2d8fa34,"{""distance"":7,""physical_error_rate"":0.002}","{""detection_events"":25399,""detectors_checked"":3356640}"
      7168,         0,         0,    1.30,standalone_exact_mw,9d8ad86e51451842b54dafc7680d1b486ef291963bb72c70f3cdd570d2d8fa34,"{""distance"":7,""physical_error_rate"":0.002}","{""detection_events"":44374,""detectors_checked"":5806080}"
      8565,         0,         0,    1.24,standalone_exact_mw,9d8ad86e51451842b54dafc7680d1b486ef291963bb72c70f3cdd570d2d8fa34,"{""distance"":7,""physical_error_rate"":0.002}","{""detection_events"":53451,""detectors_checked"":6937650}"
      8565,         0,         0,   0.844,standalone_exact_mw,9d8ad86e51451842b54dafc7680d1b486ef291963bb72c70f3cdd570d2d8fa34,"{""distance"":7,""physical_error_rate"":0.002}","{""detection_events"":53493,""detectors_checked"":6937650}"
      7161,         0,         0,   0.446,standalone_exact_mw,9d8ad86e51451842b54dafc7680d1b486ef291963bb72c70f3cdd570d2d8fa34,"{""distance"":7,""physical_error_rate"":0.002}","{""detection_events"":44829,""detectors_checked"":5800410}"
      2503,         0,         0,   0.121,standalone_exact_mw,9d8ad86e51451842b54dafc7680d1b486ef291963bb72c70f3cdd570d2d8fa34,"{""distance"":7,""physical_error_rate"":0.002}","{""detection_events"":15920,""detectors_checked"":2027430}"
      9216,         0,         0,   0.860,standalone_exact_mw,9d8ad86e51451842b54dafc7680d1b486ef291963bb72c70f3cdd570d2d8fa34,"{""distance"":7,""physical_error_rate"":0.002}","{""detection_events"":57232,""detectors_checked"":7464960}"
     10240,         0,         0,    1.59,standalone_exact_mw,9d8ad86e51451842b54dafc7680d1b486ef291963bb72c70f3cdd570d2d8fa34,"{""distance"":7,""physical_error_rate"":0.002}","{""detection_events"":63741,""detectors_checked"":8294400}"
       154,         0,         0,   0.005,standalone_exact_mw,9d8ad86e51451842b54dafc7680d1b486ef291963bb72c70f3cdd570d2d8fa34,"{""distance"":7,""physical_error_rate"":0.002}","{""detection_events"":935,""detectors_checked"":124740}"
      1687,         0,         0,   0.066,standalone_exact_mw,9d8ad86e51451842b54dafc7680d1b486ef291963bb72c70f3cdd570d2d8fa34,"{""distance"":7,""physical_error_rate"":0.002}","{""detection_events"":10743,""detectors_checked"":1366470}"
     13312,         0,         0,    1.83,standalone_exact_mw,9d8ad86e51451842b54dafc7680d1b486ef291963bb72c70f3cdd570d2d8fa34,"{""distance"":7,""physical_error_rate"":0.002}","{""detection_events"":82542,""detectors_checked"":10782720}"
      8192,         0,         0,   0.624,standalone_exact_mw,9d8ad86e51451842b54dafc7680d1b486ef291963bb72c70f3cdd570d2d8fa34,"{""distance"":7,""physical_error_rate"":0.002}","{""detection_events"":51443,""detectors_checked"":6635520}"
      7161,         0,         0,   0.385,standalone_exact_mw,9d8ad86e51451842b54dafc7680d1b486ef291963bb72c70f3cdd570d2d8fa34,"{""distance"":7,""physical_error_rate"":0.002}","{""detection_events"":44690,""detectors_checked"":5800410}"
     11264,         0,         0,    1.58,standalone_exact_mw,9d8ad86e51451842b54dafc7680d1b486ef291963bb72c70f3cdd570d2d8fa34,"{""distance"":7,""physical_error_rate"":0.002}","{""detection_events"":69571,""detectors_checked"":9123840}"
      7168,         0,         0,   0.540,standalone_exact_mw,9d8ad86e51451842b54dafc7680d1b486ef291963bb72c70f3cdd570d2d8fa34,"{""distance"":7,""physical_error_rate"":0.002}","{""detection_events"":44963,""detectors_checked"":5806080}"
      3771,         0,         0,   0.291,standalone_exact_mw,9d8ad86e51451842b54dafc7680d1b486ef291963bb72c70f3cdd570d2d8fa34,"{""distance"":7,""physical_error_rate"":0.002}","{""detection_events"":23710,""detectors_checked"":3054510}"
     10725,         0,         0,    1.62,standalone_exact_mw,9d8ad86e51451842b54dafc7680d1b486ef291963bb72c70f3cdd570d2d8fa34,"{""distance"":7,""physical_error_rate"":0.002}","{""detection_events"":66366,""detectors_checked"":8687250}"
      8192,         0,         0,   0.618,standalone_exact_mw,9d8ad86e51451842b54dafc7680d1b486ef291963bb72c70f3cdd570d2d8fa34,"{""distance"":7,""physical_error_rate"":0.002}","{""detection_events"":51180,""detectors_checked"":6635520}"
      7168,         0,         0,   0.660,standalone_exact_mw,9d8ad86e51451842b54dafc7680d1b486ef291963bb72c70f3cdd570d2d8fa34,"{""distance"":7,""physical_error_rate"":0.002}","{""detection_events"":45201,""detectors_checked"":5806080}"
      6269,         0,         0,   0.465,standalone_exact_mw,9d8ad86e51451842b54dafc7680d1b486ef291963bb72c70f3cdd570d2d8fa34,"{""distance"":7,""physical_error_rate"":0.002}","{""detection_events"":39236,""detectors_checked"":5077890}"
        88,         0,         0,   0.003,standalone_exact_mw,9d8ad86e51451842b54dafc7680d1b486ef291963bb72c70f3cdd570d2d8fa34,"{""distance"":7,""physical_error_rate"":0.002}","{""detection_events"":574,""detectors_checked"":71280}"
        59,         0,         0,   0.003,standalone_exact_mw,9d8ad86e51451842b54dafc7680d1b486ef291963bb72c70f3cdd570d2d8fa34,"{""distance"":7,""physical_error_rate"":0.002}","{""detection_events"":367,""detectors_checked"":47790}"
      7909,         0,         0,   0.461,standalone_exact_mw,9d8ad86e51451842b54dafc7680d1b486ef291963bb72c70f3cdd570d2d8fa34,"{""distance"":7,""physical_error_rate"":0.002}","{""detection_events"":49241,""detectors_checked"":6406290}"
     12288,         0,         0,    1.48,standalone_exact_mw,9d8ad86e51451842b54dafc7680d1b486ef291963bb72c70f3cdd570d2d8fa34,"{""distance"":7,""physical_error_rate"":0.002}","{""detection_events"":76421,""detectors_checked"":9953280}"
        28,         0,         0,   0.002,standalone_exact_mw,9d8ad86e51451842b54dafc7680d1b486ef291963bb72c70f3cdd570d2d8fa34,"{""distance"":7,""physical_error_rate"":0.002}","{""detection_events"":153,""detectors_checked"":22680}"
      2830,         0,         0,   0.207,standalone_exact_mw,9d8ad86e51451842b54dafc7680d1b486ef291963bb72c70f3cdd570d2d8fa34,"{""distance"":7,""physical_error_rate"":0.002}","{""detection_events"":17372,""detectors_checked"":2292300}"
         1,         0,         0,   0.001,standalone_exact_mw,9d8ad86e51451842b54dafc7680d1b486ef291963bb72c70f3cdd570d2d8fa34,"{""distance"":7,""physical_error_rate"":0.002}","{""detection_events"":11,""detectors_checked"":810}"
         1,         0,         0,   0.001,standalone_exact_mw,9d8ad86e51451842b54dafc7680d1b486ef291963bb72c70f3cdd570d2d8fa34,"{""distance"":7,""physical_error_rate"":0.002}","{""detection_events"":9,""detectors_checked"":810}"
      6144,         0,         0,   0.490,standalone_exact_mw,9d8ad86e51451842b54dafc7680d1b486ef291963bb72c70f3cdd570d2d8fa34,"{""distance"":7,""physical_error_rate"":0.002}","{""detection_events"":38007,""detectors_checked"":4976640}"
        77,         0,         0,   0.003,standalone_exact_mw,9d8ad86e51451842b54dafc7680d1b486ef291963bb72c70f3cdd570d2d8fa34,"{""distance"":7,""physical_error_rate"":0.002}","{""detection_events"":508,""detectors_checked"":62370}"
      3005,         0,         0,   0.102,standalone_exact_mw,9d8ad86e51451842b54dafc7680d1b486ef291963bb72c70f3cdd570d2d8fa34,"{""distance"":7,""physical_error_rate"":0.002}","{""detection_events"":18470,""detectors_checked"":2434050}"
         6,         0,         0,   0.001,standalone_exact_mw,9d8ad86e51451842b54dafc7680d1b486ef291963bb72c70f3cdd570d2d8fa34,"{""distance"":7,""physical_error_rate"":0.002}","{""detection_events"":48,""detectors_checked"":4860}"
        37,         0,         0,   0.002,standalone_exact_mw,9d8ad86e51451842b54dafc7680d1b486ef291963bb72c70f3cdd570d2d8fa34,"{""distance"":7,""physical_error_rate"":0.002}","{""detection_events"":236,""detectors_checked"":29970}"
       373,         0,         0,   0.010,standalone_exact_mw,9d8ad86e51451842b54dafc7680d1b486ef291963bb72c70f3cdd570d2d8fa34,"{""distance"":7,""physical_error_rate"":0.002}","{""detection_events"":2362,""detectors_checked"":302130}"
      8192,         0,         0,   0.667,standalone_exact_mw,9d8ad86e51451842b54dafc7680d1b486ef291963bb72c70f3cdd570d2d8fa34,"{""distance"":7,""physical_error_rate"":0.002}","{""detection_events"":50539,""detectors_checked"":6635520}"
         4,         0,         0,   0.001,standalone_exact_mw,9d8ad86e51451842b54dafc7680d1b486ef291963bb72c70f3cdd570d2d8fa34,"{""distance"":7,""physical_error_rate"":0.002}","{""detection_events"":27,""detectors_checked"":3240}"
       136,         0,         0,   0.005,standalone_exact_mw,9d8ad86e51451842b54dafc7680d1b486ef291963bb72c70f3cdd570d2d8fa34,"{""distance"":7,""physical_error_rate"":0.002}","{""detection_events"":873,""detectors_checked"":110160}"
        48,         0,         0,   0.002,standalone_exact_mw,9d8ad86e51451842b54dafc7680d1b486ef291963bb72c70f3cdd570d2d8fa34,"{""distance"":7,""physical_error_rate"":0.002}","{""detection_events"":315,""detectors_checked"":38880}"
       373,         0,         0,   0.016,standalone_exact_mw,9d8ad86e51451842b54dafc7680d1b486ef291963bb72c70f3cdd570d2d8fa34,"{""distance"":7,""physical_error_rate"":0.002}","{""detection_events"":2170,""detectors_checked"":302130}"
      1408,         0,         0,   0.083,standalone_exact_mw,9d8ad86e51451842b54dafc7680d1b486ef291963bb72c70f3cdd570d2d8fa34,"{""distance"":7,""physical_error_rate"":0.002}","{""detection_events"":8863,""detectors_checked"":1140480}"
      4396,         0,         0,   0.295,standalone_exact_mw,9d8ad86e51451842b54dafc7680d1b486ef291963bb72c70f3cdd570d2d8fa34,"{""distance"":7,""physical_error_rate"":0.002}","{""detection_events"":27327,""detectors_checked"":3560760}"
       481,         0,         0,   0.014,standalone_exact_mw,9d8ad86e51451842b54dafc7680d1b486ef291963bb72c70f3cdd570d2d8fa34,"{""distance"":7,""physical_error_rate"":0.002}","{""detection_events"":2997,""detectors_checked"":389610}"
      3295,         0,         0,   0.228,standalone_exact_mw,9d8ad86e51451842b54dafc7680d1b486ef291963bb72c70f3cdd570d2d8fa34,"{""distance"":7,""physical_error_rate"":0.002}","{""detection_events"":20380,""detectors_checked"":2668950}"
      5120,         0,         0,   0.371,standalone_exact_mw,9d8ad86e51451842b54dafc7680d1b486ef291963bb72c70f3cdd570d2d8fa34,"{""distance"":7,""physical_error_rate"":0.002}","{""detection_events"":31882,""detectors_checked"":4147200}"
     10240,         0,         0,    1.64,standalone_exact_mw,9d8ad86e51451842b54dafc7680d1b486ef291963bb72c70f3cdd570d2d8fa34,"{""distance"":7,""physical_error_rate"":0.002}","{""detection_events"":63667,""detectors_checked"":8294400}"
      1479,         0,         0,   0.122,standalone_exact_mw,9d8ad86e51451842b54dafc7680d1b486ef291963bb72c70f3cdd570d2d8fa34,"{""distance"":7,""physical_error_rate"":0.002}","{""detection_events"":8931,""detectors_checked"":1197990}"
      3835,         0,         0,   0.277,standalone_exact_mw,9d8ad86e51451842b54dafc7680d1b486ef291963bb72c70f3cdd570d2d8fa34,"{""distance"":7,""physical_error_rate"":0.002}","{""detection_events"":23817,""detectors_checked"":3106350}"
      4815,         0,         0,   0.254,standalone_exact_mw,9d8ad86e51451842b54dafc7680d1b486ef291963bb72c70f3cdd570d2d8fa34,"{""distance"":7,""physical_error_rate"":0.002}","{""detection_events"":30082,""detectors_checked"":3900150}"
     11264,         0,         0,    1.36,standalone_exact_mw,9d8ad86e51451842b54dafc7680d1b486ef291963bb72c70f3cdd570d2d8fa34,"{""distance"":7,""physical_error_rate"":0.002}","{""detection_events"":69579,""detectors_checked"":9123840}"
       720,         0,         0,   0.034,standalone_exact_mw,9d8ad86e51451842b54dafc7680d1b486ef291963bb72c70f3cdd570d2d8fa34,"{""distance"":7,""physical_error_rate"":0.002}","{""detection_events"":4319,""detectors_checked"":583200}"
      8192,         0,         0,    1.53,standalone_exact_mw,9d8ad86e51451842b54dafc7680d1b486ef291963bb72c70f3cdd570d2d8fa34,"{""distance"":7,""physical_error_rate"":0.002}","{""detection_events"":50755,""detectors_checked"":6635520}"
      6144,         1,         0,   0.476,standalone_exact_mw,9d8ad86e51451842b54dafc7680d1b486ef291963bb72c70f3cdd570d2d8fa34,"{""distance"":7,""physical_error_rate"":0.002}","{""detection_events"":37974,""detectors_checked"":4976640,""obs_mistake_mask=E"":1}"
        24,         0,         0,   0.002,standalone_exact_mw,9d8ad86e51451842b54dafc7680d1b486ef291963bb72c70f3cdd570d2d8fa34,"{""distance"":7,""physical_error_rate"":0.002}","{""detection_events"":153,""detectors_checked"":19440}"
      4645,         0,         0,   0.263,standalone_exact_mw,9d8ad86e51451842b54dafc7680d1b486ef291963bb72c70f3cdd570d2d8fa34,"{""distance"":7,""physical_error_rate"":0.002}","{""detection_events"":28290,""detectors_checked"":3762450}"
        81,         0,         0,   0.003,standalone_exact_mw,9d8ad86e51451842b54dafc7680d1b486ef291963bb72c70f3cdd570d2d8fa34,"{""distance"":7,""physical_error_rate"":0.002}","{""detection_events"":534,""detectors_checked"":65610}"
      7168,         0,         0,   0.575,standalone_exact_mw,9d8ad86e51451842b54dafc7680d1b486ef291963bb72c70f3cdd570d2d8fa34,"{""distance"":7,""physical_error_rate"":0.002}","{""detection_events"":44274,""detectors_checked"":5806080}"
      8192,         0,         0,    1.38,standalone_exact_mw,9d8ad86e51451842b54dafc7680d1b486ef291963bb72c70f3cdd570d2d8fa34,"{""distance"":7,""physical_error_rate"":0.002}","{""detection_events"":50272,""detectors_checked"":6635520}"
      6144,         0,         0,    1.21,standalone_exact_mw,9d8ad86e51451842b54dafc7680d1b486ef291963bb72c70f3cdd570d2d8fa34,"{""distance"":7,""physical_error_rate"":0.002}","{""detection_events"":38765,""detectors_checked"":4976640}"
      5120,         0,         0,   0.428,standalone_exact_mw,9d8ad86e51451842b54dafc7680d1b486ef291963bb72c70f3cdd570d2d8fa34,"{""distance"":7,""physical_error_rate"":0.002}","{""detection_events"":31649,""detectors_checked"":4147200}"
      1075,         0,         0,   0.049,standalone_exact_mw,9d8ad86e51451842b54dafc7680d1b486ef291963bb72c70f3cdd570d2d8fa34,"{""distance"":7,""physical_error_rate"":0.002}","{""detection_events"":6364,""detectors_checked"":870750}"
        31,         0,         0,   0.002,standalone_exact_mw,9d8ad86e51451842b54dafc7680d1b486ef291963bb72c70f3cdd570d2d8fa34,"{""distance"":7,""physical_error_rate"":0.002}","{""detection_events"":197,""detectors_checked"":25110}"
       289,         0,         0,   0.009,standalone_exact_mw,9d8ad86e51451842b54dafc7680d1b486ef291963bb72c70f3cdd570d2d8fa34,"{""distance"":7,""physical_error_rate"":0.002}","{""detection_events"":1780,""detectors_checked"":234090}"
      2746,         0,         0,   0.187,standalone_exact_mw,9d8ad86e51451842b54dafc7680d1b486ef291963bb72c70f3cdd570d2d8fa34,"{""distance"":7,""physical_error_rate"":0.002}","{""detection_events"":17229,""detectors_checked"":2224260}"
      4166,         0,         0,   0.263,standalone_exact_mw,9d8ad86e51451842b54dafc7680d1b486ef291963bb72c70f3cdd570d2d8fa34,"{""distance"":7,""physical_error_rate"":0.002}","{""detection_events"":25626,""detectors_checked"":3374460}"
      1479,         0,         0,   0.120,standalone_exact_mw,9d8ad86e51451842b54dafc7680d1b486ef291963bb72c70f3cdd570d2d8fa34,"{""distance"":7,""physical_error_rate"":0.002}","{""detection_events"":9308,""detectors_checked"":1197990}"
      3803,         0,         0,   0.197,standalone_exact_mw,9d8ad86e51451842b54dafc7680d1b486ef291963bb72c70f3cdd570d2d8fa34,"{""distance"":7,""physical_error_rate"":0.002}","{""detection_events"":23731,""detectors_checked"":3080430}"
        45,         0,         0,   0.002,standalone_exact_mw,9d8ad86e51451842b54dafc7680d1b486ef291963bb72c70f3cdd570d2d8fa34,"{""distance"":7,""physical_error_rate"":0.002}","{""detection_events"":238,""detectors_checked"":36450}"
        64,         0,         0,   0.003,standalone_exact_mw,9d8ad86e51451842b54dafc7680d1b486ef291963bb72c70f3cdd570d2d8fa34,"{""distance"":7,""physical_error_rate"":0.002}","{""detection_events"":433,""detectors_checked"":51840}"
         1,         0,         0,   0.001,standalone_exact_mw,9d8ad86e51451842b54dafc7680d1b486ef291963bb72c70f3cdd570d2d8fa34,"{""distance"":7,""physical_error_rate"":0.002}","{""detection_events"":2,""detectors_checked"":810}"
        14,         0,         0,   0.001,standalone_exact_mw,9d8ad86e51451842b54dafc7680d1b486ef291963bb72c70f3cdd570d2d8fa34,"{""distance"":7,""physical_error_rate"":0.002}","{""detection_events"":70,""detectors_checked"":11340}"
      3109,         0,         0,   0.153,standalone_exact_mw,9d8ad86e51451842b54dafc7680d1b486ef291963bb72c70f3cdd570d2d8fa34,"{""distance"":7,""physical_error_rate"":0.002}","{""detection_events"":19452,""detectors_checked"":2518290}"
       926,         0,         0,   0.029,standalone_exact_mw,9d8ad86e51451842b54dafc7680d1b486ef291963bb72c70f3cdd570d2d8fa34,"{""distance"":7,""physical_error_rate"":0.002}","{""detection_events"":5997,""detectors_checked"":750060}"
        43,         0,         0,   0.002,standalone_exact_mw,9d8ad86e51451842b54dafc7680d1b486ef291963bb72c70f3cdd570d2d8fa34,"{""distance"":7,""physical_error_rate"":0.002}","{""detection_events"":316,""detectors_checked"":34830}"
      4709,         0,         0,   0.563,standalone_exact_mw,9d8ad86e51451842b54dafc7680d1b486ef291963bb72c70f3cdd570d2d8fa34,"{""distance"":7,""physical_error_rate"":0.002}","{""detection_events"":29235,""detectors_checked"":3814290}"
      5120,         0,         0,   0.396,standalone_exact_mw,9d8ad86e51451842b54dafc7680d1b486ef291963bb72c70f3cdd570d2d8fa34,"{""distance"":7,""physical_error_rate"":0.002}","{""detection_events"":31646,""detectors_checked"":4147200}"
         2,         0,         0,   0.001,standalone_exact_mw,9d8ad86e51451842b54dafc7680d1b486ef291963bb72c70f3cdd570d2d8fa34,"{""distance"":7,""physical_error_rate"":0.002}","{""detection_events"":11,""detectors_checked"":1620}"
         8,         0,         0,   0.001,standalone_exact_mw,9d8ad86e51451842b54dafc7680d1b486ef291963bb72c70f3cdd570d2d8fa34,"{""distance"":7,""physical_error_rate"":0.002}","{""detection_events"":38,""detectors_checked"":6480}"
       767,         0,         0,   0.023,standalone_exact_mw,9d8ad86e51451842b54dafc7680d1b486ef291963bb72c70f3cdd570d2d8fa34,"{""distance"":7,""physical_error_rate"":0.002}","{""detection_events"":4699,""detectors_checked"":621270}"
        29,         0,         0,   0.002,standalone_exact_mw,9d8ad86e51451842b54dafc7680d1b486ef291963bb72c70f3cdd570d2d8fa34,"{""distance"":7,""physical_error_rate"":0.002}","{""detection_events"":180,""detectors_checked"":23490}"
       107,         0,         0,   0.004,standalone_exact_mw,9d8ad86e51451842b54dafc7680d1b486ef291963bb72c70f3cdd570d2d8fa34,"{""distance"":7,""physical_error_rate"":0.002}","{""detection_events"":703,""detectors_checked"":86670}"
        20,         0,         0,   0.002,standalone_exact_mw,9d8ad86e51451842b54dafc7680d1b486ef291963bb72c70f3cdd570d2d8fa34,"{""distance"":7,""physical_error_rate"":0.002}","{""detection_events"":138,""detectors_checked"":16200}"
        48,         0,         0,   0.002,standalone_exact_mw,9d8ad86e51451842b54dafc7680d1b486ef291963bb72c70f3cdd570d2d8fa34,"{""distance"":7,""physical_error_rate"":0.002}","{""detection_events"":297,""detectors_checked"":38880}"
      6144,         0,         0,   0.373,standalone_exact_mw,9d8ad86e51451842b54dafc7680d1b486ef291963bb72c70f3cdd570d2d8fa34,"{""distance"":7,""physical_error_rate"":0.002}","{""detection_events"":37894,""detectors_checked"":4976640}"
       892,         0,         0,   0.068,standalone_exact_mw,9d8ad86e51451842b54dafc7680d1b486ef291963bb72c70f3cdd570d2d8fa34,"{""distance"":7,""physical_error_rate"":0.002}","{""detection_events"":5773,""detectors_checked"":722520}"
      8192,         0,         0,   0.775,standalone_exact_mw,9d8ad86e51451842b54dafc7680d1b486ef291963bb72c70f3cdd570d2d8fa34,"{""distance"":7,""physical_error_rate"":0.002}","{""detection_events"":50975,""detectors_checked"":6635520}"
      1142,         0,         0,   0.066,standalone_exact_mw,9d8ad86e51451842b54dafc7680d1b486ef291963bb72c70f3cdd570d2d8fa34,"{""distance"":7,""physical_error_rate"":0.002}","{""detection_events"":6985,""detectors_checked"":925020}"
      5828,         0,         0,   0.425,standalone_exact_mw,9d8ad86e51451842b54dafc7680d1b486ef291963bb72c70f3cdd570d2d8fa34,"{""distance"":7,""physical_error_rate"":0.002}","{""detection_events"":36766,""detectors_checked"":4720680}"
      5120,         0,         0,   0.425,standalone_exact_mw,9d8ad86e51451842b54dafc7680d1b486ef291963bb72c70f3cdd570d2d8fa34,"{""distance"":7,""physical_error_rate"":0.002}","{""detection_events"":31689,""detectors_checked"":4147200}"
        49,         0,         0,   0.003,standalone_exact_mw,9d8ad86e51451842b54dafc7680d1b486ef291963bb72c70f3cdd570d2d8fa34,"{""distance"":7,""physical_error_rate"":0.002}","{""detection_events"":313,""detectors_checked"":39690}"
      1479,         0,         0,   0.130,standalone_exact_mw,9d8ad86e51451842b54dafc7680d1b486ef291963bb72c70f3cdd570d2d8fa34,"{""distance"":7,""physical_error_rate"":0.002}","{""detection_events"":9374,""detectors_checked"":1197990}"
      5858,         0,         0,   0.385,standalone_exact_mw,9d8ad86e51451842b54dafc7680d1b486ef291963bb72c70f3cdd570d2d8fa34,"{""distance"":7,""physical_error_rate"":0.002}","{""detection_events"":37008,""detectors_checked"":4744980}"
       261,         0,         0,   0.008,standalone_exact_mw,9d8ad86e51451842b54dafc7680d1b486ef291963bb72c70f3cdd570d2d8fa34,"{""distance"":7,""physical_error_rate"":0.002}","{""detection_events"":1619,""detectors_checked"":211410}"
      7168,         0,         0,    1.34,standalone_exact_mw,9d8ad86e51451842b54dafc7680d1b486ef291963bb72c70f3cdd570d2d8fa34,"{""distance"":7,""physical_error_rate"":0.002}","{""detection_events"":44264,""detectors_checked"":5806080}"
       994,         0,         0,   0.032,standalone_exact_mw,9d8ad86e51451842b54dafc7680d1b486ef291963bb72c70f3cdd570d2d8fa34,"{""distance"":7,""physical_error_rate"":0.002}","{""detection_events"":6067,""detectors_checked"":805140}"
        18,         0,         0,   0.002,standalone_exact_mw,9d8ad86e51451842b54dafc7680d1b486ef291963bb72c70f3cdd570d2d8fa34,"{""distance"":7,""physical_error_rate"":0.002}","{""detection_events"":100,""detectors_checked"":14580}"
       423,         0,         0,   0.014,standalone_exact_mw,9d8ad86e51451842b54dafc7680d1b486ef291963bb72c70f3cdd570d2d8fa34,"{""distance"":7,""physical_error_rate"":0.002}","{""detection_events"":2698,""detectors_checked"":342630}"
      4540,         0,         0,   0.284,standalone_exact_mw,9d8ad86e51451842b54dafc7680d1b486ef291963bb72c70f3cdd570d2d8fa34,"{""distance"":7,""physical_error_rate"":0.002}","{""detection_events"":28168,""detectors_checked"":3677400}"
      3042,         0,         0,   0.175,standalone_exact_mw,9d8ad86e51451842b54dafc7680d1b486ef291963bb72c70f3cdd570d2d8fa34,"{""distance"":7,""physical_error_rate"":0.002}","{""detection_events"":19422,""detectors_checked"":2464020}"
       696,         0,         0,   0.037,standalone_exact_mw,9d8ad86e51451842b54dafc7680d1b486ef291963bb72c70f3cdd570d2d8fa34,"{""distance"":7,""physical_error_rate"":0.002}","{""detection_events"":4192,""detectors_checked"":563760}"
        48,         0,         0,   0.002,standalone_exact_mw,9d8ad86e51451842b54dafc7680d1b486ef291963bb72c70f3cdd570d2d8fa34,"{""distance"":7,""physical_error_rate"":0.002}","{""detection_events"":317,""detectors_checked"":38880}"
      4589,         0,         0,   0.367,standalone_exact_mw,9d8ad86e51451842b54dafc7680d1b486ef291963bb72c70f3cdd570d2d8fa34,"{""distance"":7,""physical_error_rate"":0.002}","{""detection_events"":28818,""detectors_checked"":3717090}"
         6,         0,         0,   0.001,standalone_exact_mw,9d8ad86e51451842b54dafc7680d1b486ef291963bb72c70f3cdd570d2d8fa34,"{""distance"":7,""physical_error_rate"":0.002}","{""detection_events"":52,""detectors_checked"":4860}"
        11,         0,         0,   0.001,standalone_exact_mw,9d8ad86e51451842b54dafc7680d1b486ef291963bb72c70f3cdd570d2d8fa34,"{""distance"":7,""physical_error_rate"":0.002}","{""detection_events"":77,""detectors_checked"":8910}"
      2318,         0,         0,   0.210,standalone_exact_mw,9d8ad86e51451842b54dafc7680d1b486ef291963bb72c70f3cdd570d2d8fa34,"{""distance"":7,""physical_error_rate"":0.002}","{""detection_events"":14442,""detectors_checked"":1877580}"
      3352,         0,         0,   0.214,standalone_exact_mw,9d8ad86e51451842b54dafc7680d1b486ef291963bb72c70f3cdd570d2d8fa34,"{""distance"":7,""physical_error_rate"":0.002}","{""detection_events"":20699,""detectors_checked"":2715120}"
        22,         0,         0,   0.002,standalone_exact_mw,9d8ad86e51451842b54dafc7680d1b486ef291963bb72c70f3cdd570d2d8fa34,"{""distance"":7,""physical_error_rate"":0.002}","{""detection_events"":151,""detectors_checked"":17820}"
       738,         0,         0,   0.022,standalone_exact_mw,9d8ad86e51451842b54dafc7680d1b486ef291963bb72c70f3cdd570d2d8fa34,"{""distance"":7,""physical_error_rate"":0.002}","{""detection_events"":4676,""detectors_checked"":597780}"
      4287,         0,         0,   0.373,standalone_exact_mw,9d8ad86e51451842b54dafc7680d1b486ef291963bb72c70f3cdd570d2d8fa34,"{""distance"":7,""physical_error_rate"":0.002}","{""detection_events"":26577,""detectors_checked"":3472470}"
      5120,         0,         0,   0.400,standalone_exact_mw,9d8ad86e51451842b54dafc7680d1b486ef291963bb72c70f3cdd570d2d8fa34,"{""distance"":7,""physical_error_rate"":0.002}","{""detection_events"":31689,""detectors_checked"":4147200}"
      5120,         0,         0,   0.379,standalone_exact_mw,9d8ad86e51451842b54dafc7680d1b486ef291963bb72c70f3cdd570d2d8fa34,"{""distance"":7,""physical_error_rate"":0.002}","{""detection_events"":31663,""detectors_checked"":4147200}"
        64,         0,         0,   0.003,standalone_exact_mw,9d8ad86e51451842b54dafc7680d1b486ef291963bb72c70f3cdd570d2d8fa34,"{""distance"":7,""physical_error_rate"":0.002}","{""detection_events"":415,""detectors_checked"":51840}"
         5,         0,         0,   0.001,standalone_exact_mw,9d8ad86e51451842b54dafc7680d1b486ef291963bb72c70f3cdd570d2d8fa34,"{""distance"":7,""physical_error_rate"":0.002}","{""detection_events"":30,""detectors_checked"":4050}"
       809,         0,         0,   0.035,standalone_exact_mw,9d8ad86e51451842b54dafc7680d1b486ef291963bb72c70f3cdd570d2d8fa34,"{""distance"":7,""physical_error_rate"":0.002}","{""detection_events"":5013,""detectors_checked"":655290}"
       637,         0,         0,   0.032,standalone_exact_mw,9d8ad86e51451842b54dafc7680d1b486ef291963bb72c70f3cdd570d2d8fa34,"{""distance"":7,""physical_error_rate"":0.002}","{""detection_events"":3856,""detectors_checked"":515970}"
       485,         0,         0,   0.022,standalone_exact_mw,9d8ad86e51451842b54dafc7680d1b486ef291963bb72c70f3cdd570d2d8fa34,"{""distance"":7,""physical_error_rate"":0.002}","{""detection_events"":2936,""detectors_checked"":392850}"
       185,         0,         0,   0.006,standalone_exact_mw,9d8ad86e51451842b54dafc7680d1b486ef291963bb72c70f3cdd570d2d8fa34,"{""distance"":7,""physical_error_rate"":0.002}","{""detection_events"":1170,""detectors_checked"":149850}"
         6,         0,         0,   0.001,standalone_exact_mw,9d8ad86e51451842b54dafc7680d1b486ef291963bb72c70f3cdd570d2d8fa34,"{""distance"":7,""physical_error_rate"":0.002}","{""detection_events"":35,""detectors_checked"":4860}"
      3624,         0,         0,   0.321,standalone_exact_mw,9d8ad86e51451842b54dafc7680d1b486ef291963bb72c70f3cdd570d2d8fa34,"{""distance"":7,""physical_error_rate"":0.002}","{""detection_events"":22485,""detectors_checked"":2935440}"
      3853,         0,         0,   0.233,standalone_exact_mw,9d8ad86e51451842b54dafc7680d1b486ef291963bb72c70f3cdd570d2d8fa34,"{""distance"":7,""physical_error_rate"":0.002}","{""detection_events"":23566,""detectors_checked"":3120930}"
      3848,         0,         0,   0.158,standalone_exact_mw,9d8ad86e51451842b54dafc7680d1b486ef291963bb72c70f3cdd570d2d8fa34,"{""distance"":7,""physical_error_rate"":0.002}","{""detection_events"":24317,""detectors_checked"":3116880}"
      1397,         0,         0,   0.088,standalone_exact_mw,9d8ad86e51451842b54dafc7680d1b486ef291963bb72c70f3cdd570d2d8fa34,"{""distance"":7,""physical_error_rate"":0.002}","{""detection_events"":8639,""detectors_checked"":1131570}"
        27,         0,         0,   0.002,standalone_exact_mw,9d8ad86e51451842b54dafc7680d1b486ef291963bb72c70f3cdd570d2d8fa34,"{""distance"":7,""physical_error_rate"":0.002}","{""detection_events"":170,""detectors_checked"":21870}"
       844,         0,         0,   0.023,standalone_exact_mw,9d8ad86e51451842b54dafc7680d1b486ef291963bb72c70f3cdd570d2d8fa34,"{""distance"":7,""physical_error_rate"":0.002}","{""detection_events"":5204,""detectors_checked"":683640}"
        32,         0,         0,   0.002,standalone_exact_mw,9d8ad86e51451842b54dafc7680d1b486ef291963bb72c70f3cdd570d2d8fa34,"{""distance"":7,""physical_error_rate"":0.002}","{""detection_events"":196,""detectors_checked"":25920}"
      5120,         0,         0,   0.417,standalone_exact_mw,9d8ad86e51451842b54dafc7680d1b486ef291963bb72c70f3cdd570d2d8fa34,"{""distance"":7,""physical_error_rate"":0.002}","{""detection_events"":32009,""detectors_checked"":4147200}"
      3964,         0,         0,   0.332,standalone_exact_mw,9d8ad86e51451842b54dafc7680d1b486ef291963bb72c70f3cdd570d2d8fa34,"{""distance"":7,""physical_error_rate"":0.002}","{""detection_events"":24707,""detectors_checked"":3210840}"
       373,         0,         0,   0.025,standalone_exact_mw,9d8ad86e51451842b54dafc7680d1b486ef291963bb72c70f3cdd570d2d8fa34,"{""distance"":7,""physical_error_rate"":0.002}","{""detection_events"":2308,""detectors_checked"":302130}"
      4539,         0,         0,   0.347,standalone_exact_mw,9d8ad86e51451842b54dafc7680d1b486ef291963bb72c70f3cdd570d2d8fa34,"{""distance"":7,""physical_error_rate"":0.002}","{""detection_events"":27871,""detectors_checked"":3676590}"
       741,         0,         0,   0.042,standalone_exact_mw,9d8ad86e51451842b54dafc7680d1b486ef291963bb72c70f3cdd570d2d8fa34,"{""distance"":7,""physical_error_rate"":0.002}","{""detection_events"":4691,""detectors_checked"":600210}"
      4166,         0,         0,   0.326,standalone_exact_mw,9d8ad86e51451842b54dafc7680d1b486ef291963bb72c70f3cdd570d2d8fa34,"{""distance"":7,""physical_error_rate"":0.002}","{""detection_events"":25877,""detectors_checked"":3374460}"
      4539,         0,         0,   0.393,standalone_exact_mw,9d8ad86e51451842b54dafc7680d1b486ef291963bb72c70f3cdd570d2d8fa34,"{""distance"":7,""physical_error_rate"":0.002}","{""detection_events"":28362,""detectors_checked"":3676590}"
      1397,         0,         0,   0.095,standalone_exact_mw,9d8ad86e51451842b54dafc7680d1b486ef291963bb72c70f3cdd570d2d8fa34,"{""distance"":7,""physical_error_rate"":0.002}","{""detection_events"":8573,""detectors_checked"":1131570}"
        18,         0,         0,   0.002,standalone_exact_mw,9d8ad86e51451842b54dafc7680d1b486ef291963bb72c70f3cdd570d2d8fa34,"{""distance"":7,""physical_error_rate"":0.002}","{""detection_events"":119,""detectors_checked"":14580}"
         6,         0,         0,   0.001,standalone_exact_mw,9d8ad86e51451842b54dafc7680d1b486ef291963bb72c70f3cdd570d2d8fa34,"{""distance"":7,""physical_error_rate"":0.002}","{""detection_events"":49,""detectors_checked"":4860}"
         1,         0,         0,   0.001,standalone_exact_mw,9d8ad86e51451842b54dafc7680d1b486ef291963bb72c70f3cdd570d2d8fa34,"{""distance"":7,""physical_error_rate"":0.002}","{""detection_events"":8,""detectors_checked"":810}"
      2204,         0,         0,   0.222,standalone_exact_mw,9d8ad86e51451842b54dafc7680d1b486ef291963bb72c70f3cdd570d2d8fa34,"{""distance"":7,""physical_error_rate"":0.002}","{""detection_events"":13683,""detectors_checked"":1785240}"
        12,         0,         0,   0.001,standalone_exact_mw,9d8ad86e51451842b54dafc7680d1b486ef291963bb72c70f3cdd570d2d8fa34,"{""distance"":7,""physical_error_rate"":0.002}","{""detection_events"":56,""detectors_checked"":9720}"
         8,         0,         0,   0.001,standalone_exact_mw,9d8ad86e51451842b54dafc7680d1b486ef291963bb72c70f3cdd570d2d8fa34,"{""distance"":7,""physical_error_rate"":0.002}","{""detection_events"":43,""detectors_checked"":6480}"
      5120,         0,         0,   0.553,standalone_exact_mw,9d8ad86e51451842b54dafc7680d1b486ef291963bb72c70f3cdd570d2d8fa34,"{""distance"":7,""physical_error_rate"":0.002}","{""detection_events"":31224,""detectors_checked"":4147200}"
      4215,         0,         0,   0.359,standalone_exact_mw,9d8ad86e51451842b54dafc7680d1b486ef291963bb72c70f3cdd570d2d8fa34,"{""distance"":7,""physical_error_rate"":0.002}","{""detection_events"":26010,""detectors_checked"":3414150}"
      2041,         0,         0,   0.057,standalone_exact_mw,9d8ad86e51451842b54dafc7680d1b486ef291963bb72c70f3cdd570d2d8fa34,"{""distance"":7,""physical_error_rate"":0.002}","{""detection_events"":12759,""detectors_checked"":1653210}"
      1773,         0,         0,   0.190,standalone_exact_mw,9d8ad86e51451842b54dafc7680d1b486ef291963bb72c70f3cdd570d2d8fa34,"{""distance"":7,""physical_error_rate"":0.002}","{""detection_events"":10859,""detectors_checked"":1436130}"
      3072,         0,         0,   0.222,standalone_exact_mw,9d8ad86e51451842b54dafc7680d1b486ef291963bb72c70f3cdd570d2d8fa34,"{""distance"":7,""physical_error_rate"":0.002}","{""detection_events"":19138,""detectors_checked"":2488320}"
       797,         0,         0,   0.033,standalone_exact_mw,9d8ad86e51451842b54dafc7680d1b486ef291963bb72c70f3cdd570d2d8fa34,"{""distance"":7,""physical_error_rate"":0.002}","{""detection_events"":5141,""detectors_checked"":645570}"
        29,         0,         0,   0.002,standalone_exact_mw,9d8ad86e51451842b54dafc7680d1b486ef291963bb72c70f3cdd570d2d8fa34,"{""distance"":7,""physical_error_rate"":0.002}","{""detection_events"":194,""detectors_checked"":23490}"
      4033,         0,         0,   0.360,standalone_exact_mw,9d8ad86e51451842b54dafc7680d1b486ef291963bb72c70f3cdd570d2d8fa34,"{""distance"":7,""physical_error_rate"":0.002}","{""detection_events"":25382,""detectors_checked"":3266730}"
      2438,         0,         0,   0.242,standalone_exact_mw,9d8ad86e51451842b54dafc7680d1b486ef291963bb72c70f3cdd570d2d8fa34,"{""distance"":7,""physical_error_rate"":0.002}","{""detection_events"":15234,""detectors_checked"":1974780}"
      4096,         0,         0,   0.277,standalone_exact_mw,9d8ad86e51451842b54dafc7680d1b486ef291963bb72c70f3cdd570d2d8fa34,"{""distance"":7,""physical_error_rate"":0.002}","{""detection_events"":25517,""detectors_checked"":3317760}"
         5,         0,         0,   0.001,standalone_exact_mw,9d8ad86e51451842b54dafc7680d1b486ef291963bb72c70f3cdd570d2d8fa34,"{""distance"":7,""physical_error_rate"":0.002}","{""detection_events"":45,""detectors_checked"":4050}"
      6144,         0,         0,   0.752,standalone_exact_mw,9d8ad86e51451842b54dafc7680d1b486ef291963bb72c70f3cdd570d2d8fa34,"{""distance"":7,""physical_error_rate"":0.002}","{""detection_events"":37966,""detectors_checked"":4976640}"
         4,         0,         0,   0.001,standalone_exact_mw,9d8ad86e51451842b54dafc7680d1b486ef291963bb72c70f3cdd570d2d8fa34,"{""distance"":7,""physical_error_rate"":0.002}","{""detection_events"":28,""detectors_checked"":3240}"
        18,         0,         0,   0.002,standalone_exact_mw,9d8ad86e51451842b54dafc7680d1b486ef291963bb72c70f3cdd570d2d8fa34,"{""distance"":7,""physical_error_rate"":0.002}","{""detection_events"":111,""detectors_checked"":14580}"
       844,         0,         0,   0.059,standalone_exact_mw,9d8ad86e51451842b54dafc7680d1b486ef291963bb72c70f3cdd570d2d8fa34,"{""distance"":7,""physical_error_rate"":0.002}","{""detection_events"":5413,""detectors_checked"":683640}"
      3072,         0,         0,   0.253,standalone_exact_mw,9d8ad86e51451842b54dafc7680d1b486ef291963bb72c70f3cdd570d2d8fa34,"{""distance"":7,""physical_error_rate"":0.002}","{""detection_events"":18938,""detectors_checked"":2488320}"
        85,         0,         0,   0.003,standalone_exact_mw,9d8ad86e51451842b54dafc7680d1b486ef291963bb72c70f3cdd570d2d8fa34,"{""distance"":7,""physical_error_rate"":0.002}","{""detection_events"":524,""detectors_checked"":68850}"
        27,         0,         0,   0.002,standalone_exact_mw,9d8ad86e51451842b54dafc7680d1b486ef291963bb72c70f3cdd570d2d8fa34,"{""distance"":7,""physical_error_rate"":0.002}","{""detection_events"":165,""detectors_checked"":21870}"
      4096,         0,         0,   0.292,standalone_exact_mw,9d8ad86e51451842b54dafc7680d1b486ef291963bb72c70f3cdd570d2d8fa34,"{""distance"":7,""physical_error_rate"":0.002}","{""detection_events"":25382,""detectors_checked"":3317760}"
      1505,         0,         0,   0.055,standalone_exact_mw,9d8ad86e51451842b54dafc7680d1b486ef291963bb72c70f3cdd570d2d8fa34,"{""distance"":7,""physical_error_rate"":0.002}","{""detection_events"":9182,""detectors_checked"":1219050}"
      8192,         0,         0,    1.29,standalone_exact_mw,9d8ad86e51451842b54dafc7680d1b486ef291963bb72c70f3cdd570d2d8fa34,"{""distance"":7,""physical_error_rate"":0.002}","{""detection_events"":50851,""detectors_checked"":6635520}"
        40,         0,         0,   0.002,standalone_exact_mw,9d8ad86e51451842b54dafc7680d1b486ef291963bb72c70f3cdd570d2d8fa34,"{""distance"":7,""physical_error_rate"":0.002}","{""detection_events"":285,""detectors_checked"":32400}"
      2577,         0,         0,   0.258,standalone_exact_mw,9d8ad86e51451842b54dafc7680d1b486ef291963bb72c70f3cdd570d2d8fa34,"{""distance"":7,""physical_error_rate"":0.002}","{""detection_events"":15976,""detectors_checked"":2087370}"
      1364,         0,         0,   0.037,standalone_exact_mw,9d8ad86e51451842b54dafc7680d1b486ef291963bb72c70f3cdd570d2d8fa34,"{""distance"":7,""physical_error_rate"":0.002}","{""detection_events"":8496,""detectors_checked"":1104840}"
       963,         0,         0,   0.040,standalone_exact_mw,9d8ad86e51451842b54dafc7680d1b486ef291963bb72c70f3cdd570d2d8fa34,"{""distance"":7,""physical_error_rate"":0.002}","{""detection_events"":5904,""detectors_checked"":780030}"
      1212,         0,         0,   0.075,standalone_exact_mw,9d8ad86e51451842b54dafc7680d1b486ef291963bb72c70f3cdd570d2d8fa34,"{""distance"":7,""physical_error_rate"":0.002}","{""detection_events"":7495,""detectors_checked"":981720}"
       738,         0,         0,   0.020,standalone_exact_mw,9d8ad86e51451842b54dafc7680d1b486ef291963bb72c70f3cdd570d2d8fa34,"{""distance"":7,""physical_error_rate"":0.002}","{""detection_events"":4564,""detectors_checked"":597780}"
       438,         0,         0,   0.012,standalone_exact_mw,9d8ad86e51451842b54dafc7680d1b486ef291963bb72c70f3cdd570d2d8fa34,"{""distance"":7,""physical_error_rate"":0.002}","{""detection_events"":2632,""detectors_checked"":354780}"
      4381,         0,         0,   0.444,standalone_exact_mw,9d8ad86e51451842b54dafc7680d1b486ef291963bb72c70f3cdd570d2d8fa34,"{""distance"":7,""physical_error_rate"":0.002}","{""detection_events"":27348,""detectors_checked"":3548610}"
         5,         0,         0,   0.001,standalone_exact_mw,9d8ad86e51451842b54dafc7680d1b486ef291963bb72c70f3cdd570d2d8fa34,"{""distance"":7,""physical_error_rate"":0.002}","{""detection_events"":28,""detectors_checked"":4050}"
        47,         0,         0,   0.002,standalone_exact_mw,9d8ad86e51451842b54dafc7680d1b486ef291963bb72c70f3cdd570d2d8fa34,"{""distance"":7,""physical_error_rate"":0.002}","{""detection_events"":279,""detectors_checked"":38070}"
        29,         0,         0,   0.002,standalone_exact_mw,9d8ad86e51451842b54dafc7680d1b486ef291963bb72c70f3cdd570d2d8fa34,"{""distance"":7,""physical_error_rate"":0.002}","{""detection_events"":144,""detectors_checked"":23490}"
        12,         0,         0,   0.001,standalone_exact_mw,9d8ad86e51451842b54dafc7680d1b486ef291963bb72c70f3cdd570d2d8fa34,"{""distance"":7,""physical_error_rate"":0.002}","{""detection_events"":53,""detectors_checked"":9720}"
      3578,         0,         0,   0.267,standalone_exact_mw,9d8ad86e51451842b54dafc7680d1b486ef291963bb72c70f3cdd570d2d8fa34,"{""distance"":7,""physical_error_rate"":0.002}","{""detection_events"":22250,""detectors_checked"":2898180}"
        12,         0,         0,   0.001,standalone_exact_mw,9d8ad86e51451842b54dafc7680d1b486ef291963bb72c70f3cdd570d2d8fa34,"{""distance"":7,""physical_error_rate"":0.002}","{""detection_events"":73,""detectors_checked"":9720}"
        23,         0,         0,   0.002,standalone_exact_mw,9d8ad86e51451842b54dafc7680d1b486ef291963bb72c70f3cdd570d2d8fa34,"{""distance"":7,""physical_error_rate"":0.002}","{""detection_events"":163,""detectors_checked"":18630}"
         1,         0,         0,   0.001,standalone_exact_mw,9d8ad86e51451842b54dafc7680d1b486ef291963bb72c70f3cdd570d2d8fa34,"{""distance"":7,""physical_error_rate"":0.002}","{""detection_events"":2,""detectors_checked"":810}"
        26,         0,         0,   0.002,standalone_exact_mw,9d8ad86e51451842b54dafc7680d1b486ef291963bb72c70f3cdd570d2d8fa34,"{""distance"":7,""physical_error_rate"":0.002}","{""detection_events"":171,""detectors_checked"":21060}"
       987,         0,         0,   0.077,standalone_exact_mw,9d8ad86e51451842b54dafc7680d1b486ef291963bb72c70f3cdd570d2d8fa34,"{""distance"":7,""physical_error_rate"":0.002}","{""detection_events"":6079,""detectors_checked"":799470}"
      3212,         0,         0,   0.199,standalone_exact_mw,9d8ad86e51451842b54dafc7680d1b486ef291963bb72c70f3cdd570d2d8fa34,"{""distance"":7,""physical_error_rate"":0.002}","{""detection_events"":19764,""detectors_checked"":2601720}"
      2662,         0,         0,   0.096,standalone_exact_mw,9d8ad86e51451842b54dafc7680d1b486ef291963bb72c70f3cdd570d2d8fa34,"{""distance"":7,""physical_error_rate"":0.002}","{""detection_events"":16598,""detectors_checked"":2156220}"
         6,         0,         0,   0.001,standalone_exact_mw,9d8ad86e51451842b54dafc7680d1b486ef291963bb72c70f3cdd570d2d8fa34,"{""distance"":7,""physical_error_rate"":0.002}","{""detection_events"":63,""detectors_checked"":4860}"
       351,         0,         0,   0.010,standalone_exact_mw,9d8ad86e51451842b54dafc7680d1b486ef291963bb72c70f3cdd570d2d8fa34,"{""distance"":7,""physical_error_rate"":0.002}","{""detection_events"":2239,""detectors_checked"":284310}"
       767,         0,         0,   0.021,standalone_exact_mw,9d8ad86e51451842b54dafc7680d1b486ef291963bb72c70f3cdd570d2d8fa34,"{""distance"":7,""physical_error_rate"":0.002}","{""detection_events"":4689,""detectors_checked"":621270}"
       147,         0,         0,   0.005,standalone_exact_mw,9d8ad86e51451842b54dafc7680d1b486ef291963bb72c70f3cdd570d2d8fa34,"{""distance"":7,""physical_error_rate"":0.002}","{""detection_events"":916,""detectors_checked"":119070}"
       358,         0,         0,   0.012,standalone_exact_mw,9d8ad86e51451842b54dafc7680d1b486ef291963bb72c70f3cdd570d2d8fa34,"{""distance"":7,""physical_error_rate"":0.002}","{""detection_events"":2107,""detectors_checked"":289980}"
       468,         0,         0,   0.014,standalone_exact_mw,9d8ad86e51451842b54dafc7680d1b486ef291963bb72c70f3cdd570d2d8fa34,"{""distance"":7,""physical_error_rate"":0.002}","{""detection_events"":2859,""detectors_checked"":379080}"
      1212,         0,         0,   0.115,standalone_exact_mw,9d8ad86e51451842b54dafc7680d1b486ef291963bb72c70f3cdd570d2d8fa34,"{""distance"":7,""physical_error_rate"":0.002}","{""detection_events"":7764,""detectors_checked"":981720}"
      4096,         0,         0,   0.231,standalone_exact_mw,9d8ad86e51451842b54dafc7680d1b486ef291963bb72c70f3cdd570d2d8fa34,"{""distance"":7,""physical_error_rate"":0.002}","{""detection_events"":25326,""detectors_checked"":3317760}"
       800,         0,         0,   0.025,standalone_exact_mw,9d8ad86e51451842b54dafc7680d1b486ef291963bb72c70f3cdd570d2d8fa34,"{""distance"":7,""physical_error_rate"":0.002}","{""detection_events"":4914,""detectors_checked"":648000}"
      6144,         0,         0,   0.654,standalone_exact_mw,9d8ad86e51451842b54dafc7680d1b486ef291963bb72c70f3cdd570d2d8fa34,"{""distance"":7,""physical_error_rate"":0.002}","{""detection_events"":38408,""detectors_checked"":4976640}"
      2429,         0,         0,   0.102,standalone_exact_mw,9d8ad86e51451842b54dafc7680d1b486ef291963bb72c70f3cdd570d2d8fa34,"{""distance"":7,""physical_error_rate"":0.002}","{""detection_events"":14788,""detectors_checked"":1967490}"
        20,         0,         0,   0.002,standalone_exact_mw,9d8ad86e51451842b54dafc7680d1b486ef291963bb72c70f3cdd570d2d8fa34,"{""distance"":7,""physical_error_rate"":0.002}","{""detection_events"":126,""detectors_checked"":16200}"
      4096,         0,         0,   0.382,standalone_exact_mw,9d8ad86e51451842b54dafc7680d1b486ef291963bb72c70f3cdd570d2d8fa34,"{""distance"":7,""physical_error_rate"":0.002}","{""detection_events"":25727,""detectors_checked"":3317760}"
      2200,         0,         0,   0.278,standalone_exact_mw,9d8ad86e51451842b54dafc7680d1b486ef291963bb72c70f3cdd570d2d8fa34,"{""distance"":7,""physical_error_rate"":0.002}","{""detection_events"":13626,""detectors_checked"":1782000}"
         4,         0,         0,   0.001,standalone_exact_mw,9d8ad86e51451842b54dafc7680d1b486ef291963bb72c70f3cdd570d2d8fa34,"{""distance"":7,""physical_error_rate"":0.002}","{""detection_events"":20,""detectors_checked"":3240}"
       386,         0,         0,   0.022,standalone_exact_mw,9d8ad86e51451842b54dafc7680d1b486ef291963bb72c70f3cdd570d2d8fa34,"{""distance"":7,""physical_error_rate"":0.002}","{""detection_events"":2379,""detectors_checked"":312660}"
      4096,         0,         0,   0.363,standalone_exact_mw,9d8ad86e51451842b54dafc7680d1b486ef291963bb72c70f3cdd570d2d8fa34,"{""distance"":7,""physical_error_rate"":0.002}","{""detection_events"":25360,""detectors_checked"":3317760}"
      1479,         0,         0,   0.135,standalone_exact_mw,9d8ad86e51451842b54dafc7680d1b486ef291963bb72c70f3cdd570d2d8fa34,"{""distance"":7,""physical_error_rate"":0.002}","{""detection_events"":9248,""detectors_checked"":1197990}"
      1039,         0,         0,   0.051,standalone_exact_mw,9d8ad86e51451842b54dafc7680d1b486ef291963bb72c70f3cdd570d2d8fa34,"{""distance"":7,""physical_error_rate"":0.002}","{""detection_events"":6479,""detectors_checked"":841590}"
      5120,         0,         0,   0.736,standalone_exact_mw,9d8ad86e51451842b54dafc7680d1b486ef291963bb72c70f3cdd570d2d8fa34,"{""distance"":7,""physical_error_rate"":0.002}","{""detection_events"":31681,""detectors_checked"":4147200}"
      4096,         0,         0,   0.447,standalone_exact_mw,9d8ad86e51451842b54dafc7680d1b486ef291963bb72c70f3cdd570d2d8fa34,"{""distance"":7,""physical_error_rate"":0.002}","{""detection_events"":25638,""detectors_checked"":3317760}"
      3139,         0,         0,   0.272,standalone_exact_mw,9d8ad86e51451842b54dafc7680d1b486ef291963bb72c70f3cdd570d2d8fa34,"{""distance"":7,""physical_error_rate"":0.002}","{""detection_events"":19508,""detectors_checked"":2542590}"
        53,         0,         0,   0.002,standalone_exact_mw,9d8ad86e51451842b54dafc7680d1b486ef291963bb72c70f3cdd570d2d8fa34,"{""distance"":7,""physical_error_rate"":0.002}","{""detection_events"":328,""detectors_checked"":42930}"
      2111,         0,         0,   0.133,standalone_exact_mw,9d8ad86e51451842b54dafc7680d1b486ef291963bb72c70f3cdd570d2d8fa34,"{""distance"":7,""physical_error_rate"":0.002}","{""detection_events"":13171,""detectors_checked"":1709910}"
      2162,         0,         0,   0.201,standalone_exact_mw,9d8ad86e51451842b54dafc7680d1b486ef291963bb72c70f3cdd570d2d8fa34,"{""distance"":7,""physical_error_rate"":0.002}","{""detection_events"":13349,""detectors_checked"":1751220}"
      3941,         0,         0,   0.291,standalone_exact_mw,9d8ad86e51451842b54dafc7680d1b486ef291963bb72c70f3cdd570d2d8fa34,"{""distance"":7,""physical_error_rate"":0.002}","{""detection_events"":24506,""detectors_checked"":3192210}"
      4096,         0,         0,   0.308,standalone_exact_mw,9d8ad86e51451842b54dafc7680d1b486ef291963bb72c70f3cdd570d2d8fa34,"{""distance"":7,""physical_error_rate"":0.002}","{""detection_events"":25562,""detectors_checked"":3317760}"
         7,         0,         0,   0.001,standalone_exact_mw,9d8ad86e51451842b54dafc7680d1b486ef291963bb72c70f3cdd570d2d8fa34,"{""distance"":7,""physical_error_rate"":0.002}","{""detection_events"":56,""detectors_checked"":5670}"
         6,         0,         0,   0.001,standalone_exact_mw,9d8ad86e51451842b54dafc7680d1b486ef291963bb72c70f3cdd570d2d8fa34,"{""distance"":7,""physical_error_rate"":0.002}","{""detection_events"":43,""detectors_checked"":4860}"
      5120,         0,         0,   0.563,standalone_exact_mw,9d8ad86e51451842b54dafc7680d1b486ef291963bb72c70f3cdd570d2d8fa34,"{""distance"":7,""physical_error_rate"":0.002}","{""detection_events"":31897,""detectors_checked"":4147200}"
      4793,         0,         0,   0.426,standalone_exact_mw,9d8ad86e51451842b54dafc7680d1b486ef291963bb72c70f3cdd570d2d8fa34,"{""distance"":7,""physical_error_rate"":0.002}","{""detection_events"":30002,""detectors_checked"":3882330}"
      4204,         0,         0,   0.440,standalone_exact_mw,9d8ad86e51451842b54dafc7680d1b486ef291963bb72c70f3cdd570d2d8fa34,"{""distance"":7,""physical_error_rate"":0.002}","{""detection_events"":26519,""detectors_checked"":3405240}"
      1078,         0,         0,   0.059,standalone_exact_mw,9d8ad86e51451842b54dafc7680d1b486ef291963bb72c70f3cdd570d2d8fa34,"{""distance"":7,""physical_error_rate"":0.002}","{""detection_events"":6808,""detectors_checked"":873180}"
      3072,         0,         0,   0.207,standalone_exact_mw,9d8ad86e51451842b54dafc7680d1b486ef291963bb72c70f3cdd570d2d8fa34,"{""distance"":7,""physical_error_rate"":0.002}","{""detection_events"":19337,""detectors_checked"":2488320}"
      3979,         0,         0,   0.293,standalone_exact_mw,9d8ad86e51451842b54dafc7680d1b486ef291963bb72c70f3cdd570d2d8fa34,"{""distance"":7,""physical_error_rate"":0.002}","{""detection_events"":24984,""detectors_checked"":3222990}"
         2,         0,         0,   0.001,standalone_exact_mw,9d8ad86e51451842b54dafc7680d1b486ef291963bb72c70f3cdd570d2d8fa34,"{""distance"":7,""physical_error_rate"":0.002}","{""detection_events"":4,""detectors_checked"":1620}"
       268,         0,         0,   0.008,standalone_exact_mw,9d8ad86e51451842b54dafc7680d1b486ef291963bb72c70f3cdd570d2d8fa34,"{""distance"":7,""physical_error_rate"":0.002}","{""detection_events"":1529,""detectors_checked"":217080}"
         6,         0,         0,   0.001,standalone_exact_mw,9d8ad86e51451842b54dafc7680d1b486ef291963bb72c70f3cdd570d2d8fa34,"{""distance"":7,""physical_error_rate"":0.002}","{""detection_events"":39,""detectors_checked"":4860}"
        70,         0,         0,   0.003,standalone_exact_mw,9d8ad86e51451842b54dafc7680d1b486ef291963bb72c70f3cdd570d2d8fa34,"{""distance"":7,""physical_error_rate"":0.002}","{""detection_events"":435,""detectors_checked"":56700}"
      1351,         0,         0,   0.038,standalone_exact_mw,9d8ad86e51451842b54dafc7680d1b486ef291963bb72c70f3cdd570d2d8fa34,"{""distance"":7,""physical_error_rate"":0.002}","{""detection_events"":8090,""detectors_checked"":1094310}"
        28,         0,         0,   0.002,standalone_exact_mw,9d8ad86e51451842b54dafc7680d1b486ef291963bb72c70f3cdd570d2d8fa34,"{""distance"":7,""physical_error_rate"":0.002}","{""detection_events"":194,""detectors_checked"":22680}"
        32,         0,         0,   0.002,standalone_exact_mw,9d8ad86e51451842b54dafc7680d1b486ef291963bb72c70f3cdd570d2d8fa34,"{""distance"":7,""physical_error_rate"":0.002}","{""detection_events"":229,""detectors_checked"":25920}"
      2048,         0,         0,   0.072,standalone_exact_mw,9d8ad86e51451842b54dafc7680d1b486ef291963bb72c70f3cdd570d2d8fa34,"{""distance"":7,""physical_error_rate"":0.002}","{""detection_events"":12582,""detectors_checked"":1658880}"
        24,         0,         0,   0.002,standalone_exact_mw,9d8ad86e51451842b54dafc7680d1b486ef291963bb72c70f3cdd570d2d8fa34,"{""distance"":7,""physical_error_rate"":0.002}","{""detection_events"":160,""detectors_checked"":19440}"
        44,         0,         0,   0.002,standalone_exact_mw,9d8ad86e51451842b54dafc7680d1b486ef291963bb72c70f3cdd570d2d8fa34,"{""distance"":7,""physical_error_rate"":0.002}","{""detection_events"":307,""detectors_checked"":35640}"
         4,         0,         0,   0.001,standalone_exact_mw,9d8ad86e51451842b54dafc7680d1b486ef291963bb72c70f3cdd570d2d8fa34,"{""distance"":7,""physical_error_rate"":0.002}","{""detection_events"":25,""detectors_checked"":3240}"
        10,         0,         0,   0.001,standalone_exact_mw,9d8ad86e51451842b54dafc7680d1b486ef291963bb72c70f3cdd570d2d8fa34,"{""distance"":7,""physical_error_rate"":0.002}","{""detection_events"":68,""detectors_checked"":8100}"
        47,         0,         0,   0.002,standalone_exact_mw,9d8ad86e51451842b54dafc7680d1b486ef291963bb72c70f3cdd570d2d8fa34,"{""distance"":7,""physical_error_rate"":0.002}","{""detection_events"":281,""detectors_checked"":38070}"
        57,         0,         0,   0.002,standalone_exact_mw,9d8ad86e51451842b54dafc7680d1b486ef291963bb72c70f3cdd570d2d8fa34,"{""distance"":7,""physical_error_rate"":0.002}","{""detection_events"":400,""detectors_checked"":46170}"
      5858,         0,         0,   0.659,standalone_exact_mw,9d8ad86e51451842b54dafc7680d1b486ef291963bb72c70f3cdd570d2d8fa34,"{""distance"":7,""physical_error_rate"":0.002}","{""detection_events"":36608,""detectors_checked"":4744980}"
      2344,         0,         0,   0.122,standalone_exact_mw,9d8ad86e51451842b54dafc7680d1b486ef291963bb72c70f3cdd570d2d8fa34,"{""distance"":7,""physical_error_rate"":0.002}","{""detection_events"":14639,""detectors_checked"":1898640}"
         2,         0,         0,   0.001,standalone_exact_mw,9d8ad86e51451842b54dafc7680d1b486ef291963bb72c70f3cdd570d2d8fa34,"{""distance"":7,""physical_error_rate"":0.002}","{""detection_events"":7,""detectors_checked"":1620}"
      1017,         0,         0,   0.108,standalone_exact_mw,9d8ad86e51451842b54dafc7680d1b486ef291963bb72c70f3cdd570d2d8fa34,"{""distance"":7,""physical_error_rate"":0.002}","{""detection_events"":6390,""detectors_checked"":823770}"
       163,         0,         0,   0.005,standalone_exact_mw,9d8ad86e51451842b54dafc7680d1b486ef291963bb72c70f3cdd570d2d8fa34,"{""distance"":7,""physical_error_rate"":0.002}","{""detection_events"":990,""detectors_checked"":132030}"
      1726,         0,         0,   0.106,standalone_exact_mw,9d8ad86e51451842b54dafc7680d1b486ef291963bb72c70f3cdd570d2d8fa34,"{""distance"":7,""physical_error_rate"":0.002}","{""detection_events"":10780,""detectors_checked"":1398060}"
        32,         0,         0,   0.002,standalone_exact_mw,9d8ad86e51451842b54dafc7680d1b486ef291963bb72c70f3cdd570d2d8fa34,"{""distance"":7,""physical_error_rate"":0.002}","{""detection_events"":181,""detectors_checked"":25920}"
        25,         0,         0,   0.002,standalone_exact_mw,9d8ad86e51451842b54dafc7680d1b486ef291963bb72c70f3cdd570d2d8fa34,"{""distance"":7,""physical_error_rate"":0.002}","{""detection_events"":144,""detectors_checked"":20250}"
      3072,         0,         0,   0.180,standalone_exact_mw,9d8ad86e51451842b54dafc7680d1b486ef291963bb72c70f3cdd570d2d8fa34,"{""distance"":7,""physical_error_rate"":0.002}","{""detection_events"":18877,""detectors_checked"":2488320}"
      8192,         0,         0,    1.19,standalone_exact_mw,9d8ad86e51451842b54dafc7680d1b486ef291963bb72c70f3cdd570d2d8fa34,"{""distance"":7,""physical_error_rate"":0.002}","{""detection_events"":51103,""detectors_checked"":6635520}"
        24,         0,         0,   0.002,standalone_exact_mw,9d8ad86e51451842b54dafc7680d1b486ef291963bb72c70f3cdd570d2d8fa34,"{""distance"":7,""physical_error_rate"":0.002}","{""detection_events"":138,""detectors_checked"":19440}"
      1923,         0,         0,   0.231,standalone_exact_mw,9d8ad86e51451842b54dafc7680d1b486ef291963bb72c70f3cdd570d2d8fa34,"{""distance"":7,""physical_error_rate"":0.002}","{""detection_events"":11830,""detectors_checked"":1557630}"
      2423,         0,         0,   0.105,standalone_exact_mw,9d8ad86e51451842b54dafc7680d1b486ef291963bb72c70f3cdd570d2d8fa34,"{""distance"":7,""physical_error_rate"":0.002}","{""detection_events"":15147,""detectors_checked"":1962630}"
      2646,         0,         0,   0.235,standalone_exact_mw,9d8ad86e51451842b54dafc7680d1b486ef291963bb72c70f3cdd570d2d8fa34,"{""distance"":7,""physical_error_rate"":0.002}","{""detection_events"":16538,""detectors_checked"":2143260}"
        46,         0,         0,   0.002,standalone_exact_mw,9d8ad86e51451842b54dafc7680d1b486ef291963bb72c70f3cdd570d2d8fa34,"{""distance"":7,""physical_error_rate"":0.002}","{""detection_events"":285,""detectors_checked"":37260}"
        63,         0,         0,   0.003,standalone_exact_mw,9d8ad86e51451842b54dafc7680d1b486ef291963bb72c70f3cdd570d2d8fa34,"{""distance"":7,""physical_error_rate"":0.002}","{""detection_events"":368,""detectors_checked"":51030}"
        22,         0,         0,   0.002,standalone_exact_mw,9d8ad86e51451842b54dafc7680d1b486ef291963bb72c70f3cdd570d2d8fa34,"{""distance"":7,""physical_error_rate"":0.002}","{""detection_events"":126,""detectors_checked"":17820}"
      4096,         0,         0,   0.440,standalone_exact_mw,9d8ad86e51451842b54dafc7680d1b486ef291963bb72c70f3cdd570d2d8fa34,"{""distance"":7,""physical_error_rate"":0.002}","{""detection_events"":25651,""detectors_checked"":3317760}"
      1070,         0,         0,   0.049,standalone_exact_mw,9d8ad86e51451842b54dafc7680d1b486ef291963bb72c70f3cdd570d2d8fa34,"{""distance"":7,""physical_error_rate"":0.002}","{""detection_events"":6622,""detectors_checked"":866700}"
      3072,         0,         0,   0.425,standalone_exact_mw,9d8ad86e51451842b54dafc7680d1b486ef291963bb72c70f3cdd570d2d8fa34,"{""distance"":7,""physical_error_rate"":0.002}","{""detection_events"":19070,""detectors_checked"":2488320}"
         1,         0,         0,   0.001,standalone_exact_mw,9d8ad86e51451842b54dafc7680d1b486ef291963bb72c70f3cdd570d2d8fa34,"{""distance"":7,""physical_error_rate"":0.002}","{""detection_events"":5,""detectors_checked"":810}"
      1321,         0,         0,   0.067,standalone_exact_mw,9d8ad86e51451842b54dafc7680d1b486ef291963bb72c70f3cdd570d2d8fa34,"{""distance"":7,""physical_error_rate"":0.002}","{""detection_events"":8330,""detectors_checked"":1070010}"
         1,         0,         0,   0.001,standalone_exact_mw,9d8ad86e51451842b54dafc7680d1b486ef291963bb72c70f3cdd570d2d8fa34,"{""distance"":7,""physical_error_rate"":0.002}","{""detection_events"":2,""detectors_checked"":810}"
        22,         0,         0,   0.002,standalone_exact_mw,9d8ad86e51451842b54dafc7680d1b486ef291963bb72c70f3cdd570d2d8fa34,"{""distance"":7,""physical_error_rate"":0.002}","{""detection_events"":132,""detectors_checked"":17820}"
      2287,         0,         0,   0.227,standalone_exact_mw,9d8ad86e51451842b54dafc7680d1b486ef291963bb72c70f3cdd570d2d8fa34,"{""distance"":7,""physical_error_rate"":0.002}","{""detection_events"":14033,""detectors_checked"":1852470}"
      4096,         0,         0,   0.417,standalone_exact_mw,9d8ad86e51451842b54dafc7680d1b486ef291963bb72c70f3cdd570d2d8fa34,"{""distance"":7,""physical_error_rate"":0.002}","{""detection_events"":25375,""detectors_checked"":3317760}"
      3578,         0,         0,   0.451,standalone_exact_mw,9d8ad86e51451842b54dafc7680d1b486ef291963bb72c70f3cdd570d2d8fa34,"{""distance"":7,""physical_error_rate"":0.002}","{""detection_events"":22864,""detectors_checked"":2898180}"
        31,         0,         0,   0.002,standalone_exact_mw,9d8ad86e51451842b54dafc7680d1b486ef291963bb72c70f3cdd570d2d8fa34,"{""distance"":7,""physical_error_rate"":0.002}","{""detection_events"":197,""detectors_checked"":25110}"
      1770,         0,         0,   0.054,standalone_exact_mw,9d8ad86e51451842b54dafc7680d1b486ef291963bb72c70f3cdd570d2d8fa34,"{""distance"":7,""physical_error_rate"":0.002}","{""detection_events"":10908,""detectors_checked"":1433700}"
        20,         0,         0,   0.002,standalone_exact_mw,9d8ad86e51451842b54dafc7680d1b486ef291963bb72c70f3cdd570d2d8fa34,"{""distance"":7,""physical_error_rate"":0.002}","{""detection_events"":143,""detectors_checked"":16200}"
      2423,         0,         0,   0.135,standalone_exact_mw,9d8ad86e51451842b54dafc7680d1b486ef291963bb72c70f3cdd570d2d8fa34,"{""distance"":7,""physical_error_rate"":0.002}","{""detection_events"":15014,""detectors_checked"":1962630}"
      1810,         0,         0,   0.188,standalone_exact_mw,9d8ad86e51451842b54dafc7680d1b486ef291963bb72c70f3cdd570d2d8fa34,"{""distance"":7,""physical_error_rate"":0.002}","{""detection_events"":11163,""detectors_checked"":1466100}"
      4020,         0,         0,   0.420,standalone_exact_mw,9d8ad86e51451842b54dafc7680d1b486ef291963bb72c70f3cdd570d2d8fa34,"{""distance"":7,""physical_error_rate"":0.002}","{""detection_events"":25399,""detectors_checked"":3256200}"
       224,         0,         0,   0.006,standalone_exact_mw,9d8ad86e51451842b54dafc7680d1b486ef291963bb72c70f3cdd570d2d8fa34,"{""distance"":7,""physical_error_rate"":0.002}","{""detection_events"":1291,""detectors_checked"":181440}"
      1730,         0,         0,   0.092,standalone_exact_mw,9d8ad86e51451842b54dafc7680d1b486ef291963bb72c70f3cdd570d2d8fa34,"{""distance"":7,""physical_error_rate"":0.002}","{""detection_events"":10759,""detectors_checked"":1401300}"
        95,         0,         0,   0.003,standalone_exact_mw,9d8ad86e51451842b54dafc7680d1b486ef291963bb72c70f3cdd570d2d8fa34,"{""distance"":7,""physical_error_rate"":0.002}","{""detection_events"":700,""detectors_checked"":76950}"
        22,         0,         0,   0.002,standalone_exact_mw,9d8ad86e51451842b54dafc7680d1b486ef291963bb72c70f3cdd570d2d8fa34,"{""distance"":7,""physical_error_rate"":0.002}","{""detection_events"":126,""detectors_checked"":17820}"
       500,         0,         0,   0.015,standalone_exact_mw,9d8ad86e51451842b54dafc7680d1b486ef291963bb72c70f3cdd570d2d8fa34,"{""distance"":7,""physical_error_rate"":0.002}","{""detection_events"":3073,""detectors_checked"":405000}"
      3148,         0,         0,   0.416,standalone_exact_mw,9d8ad86e51451842b54dafc7680d1b486ef291963bb72c70f3cdd570d2d8fa34,"{""distance"":7,""physical_error_rate"":0.002}","{""detection_events"":19382,""detectors_checked"":2549880}"
       461,         0,         0,   0.013,standalone_exact_mw,9d8ad86e51451842b54dafc7680d1b486ef291963bb72c70f3cdd570d2d8fa34,"{""distance"":7,""physical_error_rate"":0.002}","{""detection_events"":2787,""detectors_checked"":373410}"
       650,         0,         0,   0.019,standalone_exact_mw,9d8ad86e51451842b54dafc7680d1b486ef291963bb72c70f3cdd570d2d8fa34,"{""distance"":7,""physical_error_rate"":0.002}","{""detection_events"":4165,""detectors_checked"":526500}"
         2,         0,         0,   0.001,standalone_exact_mw,9d8ad86e51451842b54dafc7680d1b486ef291963bb72c70f3cdd570d2d8fa34,"{""distance"":7,""physical_error_rate"":0.002}","{""detection_events"":10,""detectors_checked"":1620}"
        19,         0,         0,   0.002,standalone_exact_mw,9d8ad86e51451842b54dafc7680d1b486ef291963bb72c70f3cdd570d2d8fa34,"{""distance"":7,""physical_error_rate"":0.002}","{""detection_events"":128,""detectors_checked"":15390}"
       614,         0,         0,   0.020,standalone_exact_mw,9d8ad86e51451842b54dafc7680d1b486ef291963bb72c70f3cdd570d2d8fa34,"{""distance"":7,""physical_error_rate"":0.002}","{""detection_events"":4001,""detectors_checked"":497340}"
       768,         0,         0,   0.021,standalone_exact_mw,9d8ad86e51451842b54dafc7680d1b486ef291963bb72c70f3cdd570d2d8fa34,"{""distance"":7,""physical_error_rate"":0.002}","{""detection_events"":4806,""detectors_checked"":622080}"
      1691,         0,         0,   0.064,standalone_exact_mw,9d8ad86e51451842b54dafc7680d1b486ef291963bb72c70f3cdd570d2d8fa34,"{""distance"":7,""physical_error_rate"":0.002}","{""detection_events"":10476,""detectors_checked"":1369710}"
       373,         0,         0,   0.012,standalone_exact_mw,9d8ad86e51451842b54dafc7680d1b486ef291963bb72c70f3cdd570d2d8fa34,"{""distance"":7,""physical_error_rate"":0.002}","{""detection_events"":2298,""detectors_checked"":302130}"
       926,         0,         0,   0.031,standalone_exact_mw,9d8ad86e51451842b54dafc7680d1b486ef291963bb72c70f3cdd570d2d8fa34,"{""distance"":7,""physical_error_rate"":0.002}","{""detection_events"":5736,""detectors_checked"":750060}"
        39,         0,         0,   0.002,standalone_exact_mw,9d8ad86e51451842b54dafc7680d1b486ef291963bb72c70f3cdd570d2d8fa34,"{""distance"":7,""physical_error_rate"":0.002}","{""detection_events"":197,""detectors_checked"":31590}"
       578,         0,         0,   0.016,standalone_exact_mw,9d8ad86e51451842b54dafc7680d1b486ef291963bb72c70f3cdd570d2d8fa34,"{""distance"":7,""physical_error_rate"":0.002}","{""detection_events"":3533,""detectors_checked"":468180}"
        76,         0,         0,   0.003,standalone_exact_mw,9d8ad86e51451842b54dafc7680d1b486ef291963bb72c70f3cdd570d2d8fa34,"{""distance"":7,""physical_error_rate"":0.002}","{""detection_events"":488,""detectors_checked"":61560}"
      1145,         0,         0,   0.031,standalone_exact_mw,9d8ad86e51451842b54dafc7680d1b486ef291963bb72c70f3cdd570d2d8fa34,"{""distance"":7,""physical_error_rate"":0.002}","{""detection_events"":7031,""detectors_checked"":927450}"
      2048,         0,         0,   0.121,standalone_exact_mw,9d8ad86e51451842b54dafc7680d1b486ef291963bb72c70f3cdd570d2d8fa34,"{""distance"":7,""physical_error_rate"":0.002}","{""detection_events"":12821,""detectors_checked"":1658880}"
       963,         0,         0,   0.027,standalone_exact_mw,9d8ad86e51451842b54dafc7680d1b486ef291963bb72c70f3cdd570d2d8fa34,"{""distance"":7,""physical_error_rate"":0.002}","{""detection_events"":5991,""detectors_checked"":780030}"
         1,         0,         0,   0.001,standalone_exact_mw,9d8ad86e51451842b54dafc7680d1b486ef291963bb72c70f3cdd570d2d8fa34,"{""distance"":7,""physical_error_rate"":0.002}","{""detection_events"":10,""detectors_checked"":810}"
       800,         0,         0,   0.032,standalone_exact_mw,9d8ad86e51451842b54dafc7680d1b486ef291963bb72c70f3cdd570d2d8fa34,"{""distance"":7,""physical_error_rate"":0.002}","{""detection_events"":5090,""detectors_checked"":648000}"
       588,         0,         0,   0.017,standalone_exact_mw,9d8ad86e51451842b54dafc7680d1b486ef291963bb72c70f3cdd570d2d8fa34,"{""distance"":7,""physical_error_rate"":0.002}","{""detection_events"":3611,""detectors_checked"":476280}"
      2498,         0,         0,   0.200,standalone_exact_mw,9d8ad86e51451842b54dafc7680d1b486ef291963bb72c70f3cdd570d2d8fa34,"{""distance"":7,""physical_error_rate"":0.002}","{""detection_events"":15347,""detectors_checked"":2023380}"
      2031,         0,         0,   0.066,standalone_exact_mw,9d8ad86e51451842b54dafc7680d1b486ef291963bb72c70f3cdd570d2d8fa34,"{""distance"":7,""physical_error_rate"":0.002}","{""detection_events"":13009,""detectors_checked"":1645110}"
      1178,         0,         0,   0.060,standalone_exact_mw,9d8ad86e51451842b54dafc7680d1b486ef291963bb72c70f3cdd570d2d8fa34,"{""distance"":7,""physical_error_rate"":0.002}","{""detection_events"":7489,""detectors_checked"":954180}"
         8,         0,         0,   0.001,standalone_exact_mw,9d8ad86e51451842b54dafc7680d1b486ef291963bb72c70f3cdd570d2d8fa34,"{""distance"":7,""physical_error_rate"":0.002}","{""detection_events"":51,""detectors_checked"":6480}"
      3736,         0,         0,   0.396,standalone_exact_mw,9d8ad86e51451842b54dafc7680d1b486ef291963bb72c70f3cdd570d2d8fa34,"{""distance"":7,""physical_error_rate"":0.002}","{""detection_events"":23340,""detectors_checked"":3026160}"
       714,         0,         0,   0.038,standalone_exact_mw,9d8ad86e51451842b54dafc7680d1b486ef291963bb72c70f3cdd570d2d8fa34,"{""distance"":7,""physical_error_rate"":0.002}","{""detection_events"":4341,""detectors_checked"":578340}"
      1923,         0,         0,   0.066,standalone_exact_mw,9d8ad86e51451842b54dafc7680d1b486ef291963bb72c70f3cdd570d2d8fa34,"{""distance"":7,""physical_error_rate"":0.002}","{""detection_events"":11878,""detectors_checked"":1557630}"
       285,         0,         0,   0.009,standalone_exact_mw,9d8ad86e51451842b54dafc7680d1b486ef291963bb72c70f3cdd570d2d8fa34,"{""distance"":7,""physical_error_rate"":0.002}","{""detection_events"":1819,""detectors_checked"":230850}"
       845,         0,         0,   0.034,standalone_exact_mw,9d8ad86e51451842b54dafc7680d1b486ef291963bb72c70f3cdd570d2d8fa34,"{""distance"":7,""physical_error_rate"":0.002}","{""detection_events"":5372,""detectors_checked"":684450}"
        11,         0,         0,   0.001,standalone_exact_mw,9d8ad86e51451842b54dafc7680d1b486ef291963bb72c70f3cdd570d2d8fa34,"{""distance"":7,""physical_error_rate"":0.002}","{""detection_events"":53,""detectors_checked"":8910}"
        41,         0,         0,   0.002,standalone_exact_mw,9d8ad86e51451842b54dafc7680d1b486ef291963bb72c70f3cdd570d2d8fa34,"{""distance"":7,""physical_error_rate"":0.002}","{""detection_events"":296,""detectors_checked"":33210}"
      2938,         0,         0,   0.321,standalone_exact_mw,9d8ad86e51451842b54dafc7680d1b486ef291963bb72c70f3cdd570d2d8fa34,"{""distance"":7,""physical_error_rate"":0.002}","{""detection_events"":18278,""detectors_checked"":2379780}"
      1116,         0,         0,   0.031,standalone_exact_mw,9d8ad86e51451842b54dafc7680d1b486ef291963bb72c70f3cdd570d2d8fa34,"{""distance"":7,""physical_error_rate"":0.002}","{""detection_events"":7017,""detectors_checked"":903960}"
      2048,         0,         0,   0.183,standalone_exact_mw,9d8ad86e51451842b54dafc7680d1b486ef291963bb72c70f3cdd570d2d8fa34,"{""distance"":7,""physical_error_rate"":0.002}","{""detection_events"":12447,""detectors_checked"":1658880}"
      1029,         0,         0,   0.037,standalone_exact_mw,9d8ad86e51451842b54dafc7680d1b486ef291963bb72c70f3cdd570d2d8fa34,"{""distance"":7,""physical_error_rate"":0.002}","{""detection_events"":6436,""detectors_checked"":833490}"
         8,         0,         0,   0.001,standalone_exact_mw,9d8ad86e51451842b54dafc7680d1b486ef291963bb72c70f3cdd570d2d8fa34,"{""distance"":7,""physical_error_rate"":0.002}","{""detection_events"":41,""detectors_checked"":6480}"
       941,         0,         0,   0.025,standalone_exact_mw,9d8ad86e51451842b54dafc7680d1b486ef291963bb72c70f3cdd570d2d8fa34,"{""distance"":7,""physical_error_rate"":0.002}","{""detection_events"":5776,""detectors_checked"":762210}"
      1017,         0,         0,   0.041,standalone_exact_mw,9d8ad86e51451842b54dafc7680d1b486ef291963bb72c70f3cdd570d2d8fa34,"{""distance"":7,""physical_error_rate"":0.002}","{""detection_events"":6555,""detectors_checked"":823770}"
      1145,         0,         0,   0.039,standalone_exact_mw,9d8ad86e51451842b54dafc7680d1b486ef291963bb72c70f3cdd570d2d8fa34,"{""distance"":7,""physical_error_rate"":0.002}","{""detection_events"":7005,""detectors_checked"":927450}"
       136,         0,         0,   0.005,standalone_exact_mw,9d8ad86e51451842b54dafc7680d1b486ef291963bb72c70f3cdd570d2d8fa34,"{""distance"":7,""physical_error_rate"":0.002}","{""detection_events"":920,""detectors_checked"":110160}"
      1202,         0,         0,   0.043,standalone_exact_mw,9d8ad86e51451842b54dafc7680d1b486ef291963bb72c70f3cdd570d2d8fa34,"{""distance"":7,""physical_error_rate"":0.002}","{""detection_events"":7554,""detectors_checked"":973620}"
      1043,         0,         0,   0.029,standalone_exact_mw,9d8ad86e51451842b54dafc7680d1b486ef291963bb72c70f3cdd570d2d8fa34,"{""distance"":7,""physical_error_rate"":0.002}","{""detection_events"":6569,""detectors_checked"":844830}"
       319,         0,         0,   0.030,standalone_exact_mw,9d8ad86e51451842b54dafc7680d1b486ef291963bb72c70f3cdd570d2d8fa34,"{""distance"":7,""physical_error_rate"":0.002}","{""detection_events"":2018,""detectors_checked"":258390}"
      2048,         0,         0,   0.136,standalone_exact_mw,9d8ad86e51451842b54dafc7680d1b486ef291963bb72c70f3cdd570d2d8fa34,"{""distance"":7,""physical_error_rate"":0.002}","{""detection_events"":12327,""detectors_checked"":1658880}"
      1145,         0,         0,   0.042,standalone_exact_mw,9d8ad86e51451842b54dafc7680d1b486ef291963bb72c70f3cdd570d2d8fa34,"{""distance"":7,""physical_error_rate"":0.002}","{""detection_events"":7042,""detectors_checked"":927450}"
        33,         0,         0,   0.002,standalone_exact_mw,9d8ad86e51451842b54dafc7680d1b486ef291963bb72c70f3cdd570d2d8fa34,"{""distance"":7,""physical_error_rate"":0.002}","{""detection_events"":220,""detectors_checked"":26730}"
      2498,         0,         0,   0.256,standalone_exact_mw,9d8ad86e51451842b54dafc7680d1b486ef291963bb72c70f3cdd570d2d8fa34,"{""distance"":7,""physical_error_rate"":0.002}","{""detection_events"":15352,""detectors_checked"":2023380}"
        32,         0,         0,   0.002,standalone_exact_mw,9d8ad86e51451842b54dafc7680d1b486ef291963bb72c70f3cdd570d2d8fa34,"{""distance"":7,""physical_error_rate"":0.002}","{""detection_events"":190,""detectors_checked"":25920}"
      1832,         0,         0,   0.070,standalone_exact_mw,9d8ad86e51451842b54dafc7680d1b486ef291963bb72c70f3cdd570d2d8fa34,"{""distance"":7,""physical_error_rate"":0.002}","{""detection_events"":11593,""detectors_checked"":1483920}"
         2,         0,         0,   0.001,standalone_exact_mw,9d8ad86e51451842b54dafc7680d1b486ef291963bb72c70f3cdd570d2d8fa34,"{""distance"":7,""physical_error_rate"":0.002}","{""detection_events"":11,""detectors_checked"":1620}"
      1442,         0,         0,   0.049,standalone_exact_mw,9d8ad86e51451842b54dafc7680d1b486ef291963bb72c70f3cdd570d2d8fa34,"{""distance"":7,""physical_error_rate"":0.002}","{""detection_events"":8933,""detectors_checked"":1168020}"
      1134,         0,         0,   0.043,standalone_exact_mw,9d8ad86e51451842b54dafc7680d1b486ef291963bb72c70f3cdd570d2d8fa34,"{""distance"":7,""physical_error_rate"":0.002}","{""detection_events"":7038,""detectors_checked"":918540}"
      3054,         0,         0,   0.261,standalone_exact_mw,9d8ad86e51451842b54dafc7680d1b486ef291963bb72c70f3cdd570d2d8fa34,"{""distance"":7,""physical_error_rate"":0.002}","{""detection_events"":18778,""detectors_checked"":2473740}"
      3698,         0,         0,   0.311,standalone_exact_mw,9d8ad86e51451842b54dafc7680d1b486ef291963bb72c70f3cdd570d2d8fa34,"{""distance"":7,""physical_error_rate"":0.002}","{""detection_events"":22568,""detectors_checked"":2995380}"
       885,         0,         0,   0.023,standalone_exact_mw,9d8ad86e51451842b54dafc7680d1b486ef291963bb72c70f3cdd570d2d8fa34,"{""distance"":7,""physical_error_rate"":0.002}","{""detection_events"":5487,""detectors_checked"":716850}"
      3072,         0,         0,   0.337,standalone_exact_mw,9d8ad86e51451842b54dafc7680d1b486ef291963bb72c70f3cdd570d2d8fa34,"{""distance"":7,""physical_error_rate"":0.002}","{""detection_events"":18848,""detectors_checked"":2488320}"
       886,         0,         0,   0.023,standalone_exact_mw,9d8ad86e51451842b54dafc7680d1b486ef291963bb72c70f3cdd570d2d8fa34,"{""distance"":7,""physical_error_rate"":0.002}","{""detection_events"":5402,""detectors_checked"":717660}"
       653,         0,         0,   0.018,standalone_exact_mw,9d8ad86e51451842b54dafc7680d1b486ef291963bb72c70f3cdd570d2d8fa34,"{""distance"":7,""physical_error_rate"":0.002}","{""detection_events"":3925,""detectors_checked"":528930}"
         2,         0,         0,   0.001,standalone_exact_mw,9d8ad86e51451842b54dafc7680d1b486ef291963bb72c70f3cdd570d2d8fa34,"{""distance"":7,""physical_error_rate"":0.002}","{""detection_events"":10,""detectors_checked"":1620}"
       240,         0,         0,   0.007,standalone_exact_mw,9d8ad86e51451842b54dafc7680d1b486ef291963bb72c70f3cdd570d2d8fa34,"{""distance"":7,""physical_error_rate"":0.002}","{""detection_events"":1573,""detectors_checked"":194400}"
       718,         0,         0,   0.020,standalone_exact_mw,9d8ad86e51451842b54dafc7680d1b486ef291963bb72c70f3cdd570d2d8fa34,"{""distance"":7,""physical_error_rate"":0.002}","{""detection_events"":4536,""detectors_checked"":581580}"
       302,         0,         0,   0.009,standalone_exact_mw,9d8ad86e51451842b54dafc7680d1b486ef291963bb72c70f3cdd570d2d8fa34,"{""distance"":7,""physical_error_rate"":0.002}","{""detection_events"":1992,""detectors_checked"":244620}"
         8,         0,         0,   0.001,standalone_exact_mw,9d8ad86e51451842b54dafc7680d1b486ef291963bb72c70f3cdd570d2d8fa34,"{""distance"":7,""physical_error_rate"":0.002}","{""detection_events"":62,""detectors_checked"":6480}"
        13,         0,         0,   0.001,standalone_exact_mw,9d8ad86e51451842b54dafc7680d1b486ef291963bb72c70f3cdd570d2d8fa34,"{""distance"":7,""physical_error_rate"":0.002}","{""detection_events"":51,""detectors_checked"":10530}"
       358,         0,         0,   0.010,standalone_exact_mw,9d8ad86e51451842b54dafc7680d1b486ef291963bb72c70f3cdd570d2d8fa34,"{""distance"":7,""physical_error_rate"":0.002}","{""detection_events"":2261,""detectors_checked"":289980}"
        90,         0,         0,   0.003,standalone_exact_mw,9d8ad86e51451842b54dafc7680d1b486ef291963bb72c70f3cdd570d2d8fa34,"{""distance"":7,""physical_error_rate"":0.002}","{""detection_events"":623,""detectors_checked"":72900}"
        31,         0,         0,   0.002,standalone_exact_mw,9d8ad86e51451842b54dafc7680d1b486ef291963bb72c70f3cdd570d2d8fa34,"{""distance"":7,""physical_error_rate"":0.002}","{""detection_events"":160,""detectors_checked"":25110}"
      2996,         0,         0,   0.270,standalone_exact_mw,9d8ad86e51451842b54dafc7680d1b486ef291963bb72c70f3cdd570d2d8fa34,"{""distance"":7,""physical_error_rate"":0.002}","{""detection_events"":18946,""detectors_checked"":2426760}"
      3072,         0,         0,   0.315,standalone_exact_mw,9d8ad86e51451842b54dafc7680d1b486ef291963bb72c70f3cdd570d2d8fa34,"{""distance"":7,""physical_error_rate"":0.002}","{""detection_events"":18815,""detectors_checked"":2488320}"
         1,         0,         0,   0.001,standalone_exact_mw,9d8ad86e51451842b54dafc7680d1b486ef291963bb72c70f3cdd570d2d8fa34,"{""distance"":7,""physical_error_rate"":0.002}","{""detection_events"":9,""detectors_checked"":810}"
      3072,         0,         0,   0.338,standalone_exact_mw,9d8ad86e51451842b54dafc7680d1b486ef291963bb72c70f3cdd570d2d8fa34,"{""distance"":7,""physical_error_rate"":0.002}","{""detection_events"":18938,""detectors_checked"":2488320}"
         8,         0,         0,   0.001,standalone_exact_mw,9d8ad86e51451842b54dafc7680d1b486ef291963bb72c70f3cdd570d2d8fa34,"{""distance"":7,""physical_error_rate"":0.002}","{""detection_events"":53,""detectors_checked"":6480}"
       149,         0,         0,   0.005,standalone_exact_mw,9d8ad86e51451842b54dafc7680d1b486ef291963bb72c70f3cdd570d2d8fa34,"{""distance"":7,""physical_error_rate"":0.002}","{""detection_events"":984,""detectors_checked"":120690}"
       358,         0,         0,   0.010,standalone_exact_mw,9d8ad86e51451842b54dafc7680d1b486ef291963bb72c70f3cdd570d2d8fa34,"{""distance"":7,""physical_error_rate"":0.002}","{""detection_events"":2291,""detectors_checked"":289980}"
       242,         0,         0,   0.007,standalone_exact_mw,9d8ad86e51451842b54dafc7680d1b486ef291963bb72c70f3cdd570d2d8fa34,"{""distance"":7,""physical_error_rate"":0.002}","{""detection_events"":1456,""detectors_checked"":196020}"
         7,         0,         0,   0.001,standalone_exact_mw,9d8ad86e51451842b54dafc7680d1b486ef291963bb72c70f3cdd570d2d8fa34,"{""distance"":7,""physical_error_rate"":0.002}","{""detection_events"":48,""detectors_checked"":5670}"
         9,         0,         0,   0.001,standalone_exact_mw,9d8ad86e51451842b54dafc7680d1b486ef291963bb72c70f3cdd570d2d8fa34,"{""distance"":7,""physical_error_rate"":0.002}","{""detection_events"":52,""detectors_checked"":7290}"
       358,         0,         0,   0.010,standalone_exact_mw,9d8ad86e51451842b54dafc7680d1b486ef291963bb72c70f3cdd570d2d8fa34,"{""distance"":7,""physical_error_rate"":0.002}","{""detection_events"":2217,""detectors_checked"":289980}"
       287,         0,         0,   0.009,standalone_exact_mw,9d8ad86e51451842b54dafc7680d1b486ef291963bb72c70f3cdd570d2d8fa34,"{""distance"":7,""physical_error_rate"":0.002}","{""detection_events"":1795,""detectors_checked"":232470}"
         9,         0,         0,   0.001,standalone_exact_mw,9d8ad86e51451842b54dafc7680d1b486ef291963bb72c70f3cdd570d2d8fa34,"{""distance"":7,""physical_error_rate"":0.002}","{""detection_events"":81,""detectors_checked"":7290}"
      1144,         0,         0,   0.056,standalone_exact_mw,9d8ad86e51451842b54dafc7680d1b486ef291963bb72c70f3cdd570d2d8fa34,"{""distance"":7,""physical_error_rate"":0.002}","{""detection_events"":7114,""detectors_checked"":926640}"
         8,         0,         0,   0.001,standalone_exact_mw,9d8ad86e51451842b54dafc7680d1b486ef291963bb72c70f3cdd570d2d8fa34,"{""distance"":7,""physical_error_rate"":0.002}","{""detection_events"":60,""detectors_checked"":6480}"
       287,         0,         0,   0.009,standalone_exact_mw,9d8ad86e51451842b54dafc7680d1b486ef291963bb72c70f3cdd570d2d8fa34,"{""distance"":7,""physical_error_rate"":0.002}","{""detection_events"":1851,""detectors_checked"":232470}"
       142,         0,         0,   0.005,standalone_exact_mw,9d8ad86e51451842b54dafc7680d1b486ef291963bb72c70f3cdd570d2d8fa34,"{""distance"":7,""physical_error_rate"":0.002}","{""detection_events"":886,""detectors_checked"":115020}"
        52,         0,         0,   0.002,standalone_exact_mw,9d8ad86e51451842b54dafc7680d1b486ef291963bb72c70f3cdd570d2d8fa34,"{""distance"":7,""physical_error_rate"":0.002}","{""detection_events"":352,""detectors_checked"":42120}"
        52,         0,         0,   0.003,standalone_exact_mw,9d8ad86e51451842b54dafc7680d1b486ef291963bb72c70f3cdd570d2d8fa34,"{""distance"":7,""physical_error_rate"":0.002}","{""detection_events"":308,""detectors_checked"":42120}"
        52,         0,         0,   0.002,standalone_exact_mw,9d8ad86e51451842b54dafc7680d1b486ef291963bb72c70f3cdd570d2d8fa34,"{""distance"":7,""physical_error_rate"":0.002}","{""detection_events"":307,""detectors_checked"":42120}"
        51,         0,         0,   0.002,standalone_exact_mw,9d8ad86e51451842b54dafc7680d1b486ef291963bb72c70f3cdd570d2d8fa34,"{""distance"":7,""physical_error_rate"":0.002}","{""detection_events"":302,""detectors_checked"":41310}"
       142,         0,         0,   0.005,standalone_exact_mw,9d8ad86e51451842b54dafc7680d1b486ef291963bb72c70f3cdd570d2d8fa34,"{""distance"":7,""physical_error_rate"":0.002}","{""detection_events"":834,""detectors_checked"":115020}"
         9,         0,         0,   0.001,standalone_exact_mw,9d8ad86e51451842b54dafc7680d1b486ef291963bb72c70f3cdd570d2d8fa34,"{""distance"":7,""physical_error_rate"":0.002}","{""detection_events"":52,""detectors_checked"":7290}"
        51,         0,         0,   0.002,standalone_exact_mw,9d8ad86e51451842b54dafc7680d1b486ef291963bb72c70f3cdd570d2d8fa34,"{""distance"":7,""physical_error_rate"":0.002}","{""detection_events"":321,""detectors_checked"":41310}"
       142,         0,         0,   0.005,standalone_exact_mw,9d8ad86e51451842b54dafc7680d1b486ef291963bb72c70f3cdd570d2d8fa34,"{""distance"":7,""physical_error_rate"":0.002}","{""detection_events"":892,""detectors_checked"":115020}"
        51,         0,         0,   0.002,standalone_exact_mw,9d8ad86e51451842b54dafc7680d1b486ef291963bb72c70f3cdd570d2d8fa34,"{""distance"":7,""physical_error_rate"":0.002}","{""detection_events"":330,""detectors_checked"":41310}"
        51,         0,         0,   0.002,standalone_exact_mw,9d8ad86e51451842b54dafc7680d1b486ef291963bb72c70f3cdd570d2d8fa34,"{""distance"":7,""physical_error_rate"":0.002}","{""detection_events"":300,""detectors_checked"":41310}"
       142,         0,         0,   0.005,standalone_exact_mw,9d8ad86e51451842b54dafc7680d1b486ef291963bb72c70f3cdd570d2d8fa34,"{""distance"":7,""physical_error_rate"":0.002}","{""detection_events"":906,""detectors_checked"":115020}"
         4,         0,         0,   0.001,standalone_exact_mw,9d8ad86e51451842b54dafc7680d1b486ef291963bb72c70f3cdd570d2d8fa34,"{""distance"":7,""physical_error_rate"":0.002}","{""detection_events"":32,""detectors_checked"":3240}"
        51,         0,         0,   0.002,standalone_exact_mw,9d8ad86e51451842b54dafc7680d1b486ef291963bb72c70f3cdd570d2d8fa34,"{""distance"":7,""physical_error_rate"":0.002}","{""detection_events"":312,""detectors_checked"":41310}"
        51,         0,         0,   0.002,standalone_exact_mw,9d8ad86e51451842b54dafc7680d1b486ef291963bb72c70f3cdd570d2d8fa34,"{""distance"":7,""physical_error_rate"":0.002}","{""detection_events"":302,""detectors_checked"":41310}"
       323,         0,         0,   0.012,standalone_exact_mw,9d8ad86e51451842b54dafc7680d1b486ef291963bb72c70f3cdd570d2d8fa34,"{""distance"":7,""physical_error_rate"":0.002}","{""detection_events"":1912,""detectors_checked"":261630}"
        51,         0,         0,   0.003,standalone_exact_mw,9d8ad86e51451842b54dafc7680d1b486ef291963bb72c70f3cdd570d2d8fa34,"{""distance"":7,""physical_error_rate"":0.002}","{""detection_events"":307,""detectors_checked"":41310}"
         9,         0,         0,   0.002,standalone_exact_mw,9d8ad86e51451842b54dafc7680d1b486ef291963bb72c70f3cdd570d2d8fa34,"{""distance"":7,""physical_error_rate"":0.002}","{""detection_events"":49,""detectors_checked"":7290}"
        51,         0,         0,   0.002,standalone_exact_mw,9d8ad86e51451842b54dafc7680d1b486ef291963bb72c70f3cdd570d2d8fa34,"{""distance"":7,""physical_error_rate"":0.002}","{""detection_events"":303,""detectors_checked"":41310}"
        51,         0,         0,   0.002,standalone_exact_mw,9d8ad86e51451842b54dafc7680d1b486ef291963bb72c70f3cdd570d2d8fa34,"{""distance"":7,""physical_error_rate"":0.002}","{""detection_events"":331,""detectors_checked"":41310}"
        51,         0,         0,   0.002,standalone_exact_mw,9d8ad86e51451842b54dafc7680d1b486ef291963bb72c70f3cdd570d2d8fa34,"{""distance"":7,""physical_error_rate"":0.002}","{""detection_events"":383,""detectors_checked"":41310}"
         7,         0,         0,   0.001,standalone_exact_mw,9d8ad86e51451842b54dafc7680d1b486ef291963bb72c70f3cdd570d2d8fa34,"{""distance"":7,""physical_error_rate"":0.002}","{""detection_events"":42,""detectors_checked"":5670}"
        51,         0,         0,   0.002,standalone_exact_mw,9d8ad86e51451842b54dafc7680d1b486ef291963bb72c70f3cdd570d2d8fa34,"{""distance"":7,""physical_error_rate"":0.002}","{""detection_events"":291,""detectors_checked"":41310}"
        76,         0,         0,   0.003,standalone_exact_mw,9d8ad86e51451842b54dafc7680d1b486ef291963bb72c70f3cdd570d2d8fa34,"{""distance"":7,""physical_error_rate"":0.002}","{""detection_events"":451,""detectors_checked"":61560}"
       296,         0,         0,   0.018,standalone_exact_mw,9d8ad86e51451842b54dafc7680d1b486ef291963bb72c70f3cdd570d2d8fa34,"{""distance"":7,""physical_error_rate"":0.002}","{""detection_events"":1907,""detectors_checked"":239760}"
        76,         0,         0,   0.003,standalone_exact_mw,9d8ad86e51451842b54dafc7680d1b486ef291963bb72c70f3cdd570d2d8fa34,"{""distance"":7,""physical_error_rate"":0.002}","{""detection_events"":468,""detectors_checked"":61560}"
        52,         0,         0,   0.003,standalone_exact_mw,9d8ad86e51451842b54dafc7680d1b486ef291963bb72c70f3cdd570d2d8fa34,"{""distance"":7,""physical_error_rate"":0.002}","{""detection_events"":316,""detectors_checked"":42120}"
        52,         0,         0,   0.002,standalone_exact_mw,9d8ad86e51451842b54dafc7680d1b486ef291963bb72c70f3cdd570d2d8fa34,"{""distance"":7,""physical_error_rate"":0.002}","{""detection_events"":316,""detectors_checked"":42120}"
        51,         0,         0,   0.002,standalone_exact_mw,9d8ad86e51451842b54dafc7680d1b486ef291963bb72c70f3cdd570d2d8fa34,"{""distance"":7,""physical_error_rate"":0.002}","{""detection_events"":331,""detectors_checked"":41310}"
         7,         0,         0,   0.001,standalone_exact_mw,9d8ad86e51451842b54dafc7680d1b486ef291963bb72c70f3cdd570d2d8fa34,"{""distance"":7,""physical_error_rate"":0.002}","{""detection_events"":18,""detectors_checked"":5670}"
       528,         0,         0,   0.015,standalone_exact_mw,9d8ad86e51451842b54dafc7680d1b486ef291963bb72c70f3cdd570d2d8fa34,"{""distance"":7,""physical_error_rate"":0.002}","{""detection_events"":3363,""detectors_checked"":427680}"
         9,         0,         0,   0.002,standalone_exact_mw,9d8ad86e51451842b54dafc7680d1b486ef291963bb72c70f3cdd570d2d8fa34,"{""distance"":7,""physical_error_rate"":0.002}","{""detection_events"":51,""detectors_checked"":7290}"
        51,         0,         0,   0.003,standalone_exact_mw,9d8ad86e51451842b54dafc7680d1b486ef291963bb72c70f3cdd570d2d8fa34,"{""distance"":7,""physical_error_rate"":0.002}","{""detection_events"":322,""detectors_checked"":41310}"
       287,         0,         0,   0.009,standalone_exact_mw,9d8ad86e51451842b54dafc7680d1b486ef291963bb72c70f3cdd570d2d8fa34,"{""distance"":7,""physical_error_rate"":0.002}","{""detection_events"":1760,""detectors_checked"":232470}"
        51,         0,         0,   0.002,standalone_exact_mw,9d8ad86e51451842b54dafc7680d1b486ef291963bb72c70f3cdd570d2d8fa34,"{""distance"":7,""physical_error_rate"":0.002}","{""detection_events"":322,""detectors_checked"":41310}"
         7,         0,         0,   0.001,standalone_exact_mw,9d8ad86e51451842b54dafc7680d1b486ef291963bb72c70f3cdd570d2d8fa34,"{""distance"":7,""physical_error_rate"":0.002}","{""detection_events"":45,""detectors_checked"":5670}"
         1,         0,         0,   0.001,standalone_exact_mw,9d8ad86e51451842b54dafc7680d1b486ef291963bb72c70f3cdd570d2d8fa34,"{""distance"":7,""physical_error_rate"":0.002}","{""detection_events"":2,""detectors_checked"":810}"
         7,         0,         0,   0.002,standalone_exact_mw,9d8ad86e51451842b54dafc7680d1b486ef291963bb72c70f3cdd570d2d8fa34,"{""distance"":7,""physical_error_rate"":0.002}","{""detection_events"":27,""detectors_checked"":5670}"
        51,         0,         0,   0.003,standalone_exact_mw,9d8ad86e51451842b54dafc7680d1b486ef291963bb72c70f3cdd570d2d8fa34,"{""distance"":7,""physical_error_rate"":0.002}","{""detection_events"":309,""detectors_checked"":41310}"
         1,         0,         0,   0.001,standalone_exact_mw,9d8ad86e51451842b54dafc7680d1b486ef291963bb72c70f3cdd570d2d8fa34,"{""distance"":7,""physical_error_rate"":0.002}","{""detection_events"":5,""detectors_checked"":810}"
        51,         0,         0,   0.003,standalone_exact_mw,9d8ad86e51451842b54dafc7680d1b486ef291963bb72c70f3cdd570d2d8fa34,"{""distance"":7,""physical_error_rate"":0.002}","{""detection_events"":317,""detectors_checked"":41310}"
        51,         0,         0,   0.002,standalone_exact_mw,9d8ad86e51451842b54dafc7680d1b486ef291963bb72c70f3cdd570d2d8fa34,"{""distance"":7,""physical_error_rate"":0.002}","{""detection_events"":315,""detectors_checked"":41310}"
        51,         0,         0,   0.002,standalone_exact_mw,9d8ad86e51451842b54dafc7680d1b486ef291963bb72c70f3cdd570d2d8fa34,"{""distance"":7,""physical_error_rate"":0.002}","{""detection_events"":314,""detectors_checked"":41310}"
        51,         0,         0,   0.002,standalone_exact_mw,9d8ad86e51451842b54dafc7680d1b486ef291963bb72c70f3cdd570d2d8fa34,"{""distance"":7,""physical_error_rate"":0.002}","{""detection_events"":335,""detectors_checked"":41310}"
        51,         0,         0,   0.002,standalone_exact_mw,9d8ad86e51451842b54dafc7680d1b486ef291963bb72c70f3cdd570d2d8fa34,"{""distance"":7,""physical_error_rate"":0.002}","{""detection_events"":293,""detectors_checked"":41310}"
         9,         0,         0,   0.001,standalone_exact_mw,9d8ad86e51451842b54dafc7680d1b486ef291963bb72c70f3cdd570d2d8fa34,"{""distance"":7,""physical_error_rate"":0.002}","{""detection_events"":56,""detectors_checked"":7290}"
        51,         0,         0,   0.003,standalone_exact_mw,9d8ad86e51451842b54dafc7680d1b486ef291963bb72c70f3cdd570d2d8fa34,"{""distance"":7,""physical_error_rate"":0.002}","{""detection_events"":336,""detectors_checked"":41310}"
         1,         0,         0,   0.001,standalone_exact_mw,9d8ad86e51451842b54dafc7680d1b486ef291963bb72c70f3cdd570d2d8fa34,"{""distance"":7,""physical_error_rate"":0.002}","{""detection_events"":11,""detectors_checked"":810}"
         1,         0,         0,   0.001,standalone_exact_mw,9d8ad86e51451842b54dafc7680d1b486ef291963bb72c70f3cdd570d2d8fa34,"{""distance"":7,""physical_error_rate"":0.002}","{""detectors_checked"":810}"
         1,         0,         0,   0.001,standalone_exact_mw,9d8ad86e51451842b54dafc7680d1b486ef291963bb72c70f3cdd570d2d8fa34,"{""distance"":7,""physical_error_rate"":0.002}","{""detection_events"":13,""detectors_checked"":810}"
         1,         0,         0,   0.001,standalone_exact_mw,9d8ad86e51451842b54dafc7680d1b486ef291963bb72c70f3cdd570d2d8fa34,"{""distance"":7,""physical_error_rate"":0.002}","{""detection_events"":4,""detectors_checked"":810}"
        22,         0,         0,   0.002,standalone_exact_mw,9d8ad86e51451842b54dafc7680d1b486ef291963bb72c70f3cdd570d2d8fa34,"{""distance"":7,""physical_error_rate"":0.002}","{""detection_events"":138,""detectors_checked"":17820}"
        51,         0,         0,   0.002,standalone_exact_mw,9d8ad86e51451842b54dafc7680d1b486ef291963bb72c70f3cdd570d2d8fa34,"{""distance"":7,""physical_error_rate"":0.002}","{""detection_events"":332,""detectors_checked"":41310}"
         1,         0,         0,   0.001,standalone_exact_mw,9d8ad86e51451842b54dafc7680d1b486ef291963bb72c70f3cdd570d2d8fa34,"{""distance"":7,""physical_error_rate"":0.002}","{""detection_events"":7,""detectors_checked"":810}"
        21,         0,         0,   0.002,standalone_exact_mw,9d8ad86e51451842b54dafc7680d1b486ef291963bb72c70f3cdd570d2d8fa34,"{""distance"":7,""physical_error_rate"":0.002}","{""detection_events"":133,""detectors_checked"":17010}"
         1,         0,         0,   0.001,standalone_exact_mw,9d8ad86e51451842b54dafc7680d1b486ef291963bb72c70f3cdd570d2d8fa34,"{""distance"":7,""physical_error_rate"":0.002}","{""detection_events"":8,""detectors_checked"":810}"
         1,         0,         0,   0.001,standalone_exact_mw,9d8ad86e51451842b54dafc7680d1b486ef291963bb72c70f3cdd570d2d8fa34,"{""distance"":7,""physical_error_rate"":0.002}","{""detectors_checked"":810}"
         1,         0,         0,   0.001,standalone_exact_mw,9d8ad86e51451842b54dafc7680d1b486ef291963bb72c70f3cdd570d2d8fa34,"{""distance"":7,""physical_error_rate"":0.002}","{""detection_events"":12,""detectors_checked"":810}"
         1,         0,         0,   0.001,standalone_exact_mw,9d8ad86e51451842b54dafc7680d1b486ef291963bb72c70f3cdd570d2d8fa34,"{""distance"":7,""physical_error_rate"":0.002}","{""detection_events"":6,""detectors_checked"":810}"
         1,         0,         0,   0.001,standalone_exact_mw,9d8ad86e51451842b54dafc7680d1b486ef291963bb72c70f3cdd570d2d8fa34,"{""distance"":7,""physical_error_rate"":0.002}","{""detection_events"":4,""detectors_checked"":810}"
         1,         0,         0,   0.001,standalone_exact_mw,9d8ad86e51451842b54dafc7680d1b486ef291963bb72c70f3cdd570d2d8fa34,"{""distance"":7,""physical_error_rate"":0.002}","{""detection_events"":4,""detectors_checked"":810}"
        22,         0,         0,   0.002,standalone_exact_mw,9d8ad86e51451842b54dafc7680d1b486ef291963bb72c70f3cdd570d2d8fa34,"{""distance"":7,""physical_error_rate"":0.002}","{""detection_events"":152,""detectors_checked"":17820}"
         1,         0,         0,   0.001,standalone_exact_mw,9d8ad86e51451842b54dafc7680d1b486ef291963bb72c70f3cdd570d2d8fa34,"{""distance"":7,""physical_error_rate"":0.002}","{""detection_events"":4,""detectors_checked"":810}"
         2,         0,         0,   0.001,standalone_exact_mw,9d8ad86e51451842b54dafc7680d1b486ef291963bb72c70f3cdd570d2d8fa34,"{""distance"":7,""physical_error_rate"":0.002}","{""detection_events"":14,""detectors_checked"":1620}"
        21,         0,         0,   0.002,standalone_exact_mw,9d8ad86e51451842b54dafc7680d1b486ef291963bb72c70f3cdd570d2d8fa34,"{""distance"":7,""physical_error_rate"":0.002}","{""detection_events"":139,""detectors_checked"":17010}"
         1,         0,         0,   0.001,standalone_exact_mw,9d8ad86e51451842b54dafc7680d1b486ef291963bb72c70f3cdd570d2d8fa34,"{""distance"":7,""physical_error_rate"":0.002}","{""detection_events"":16,""detectors_checked"":810}"
         1,         0,         0,   0.001,standalone_exact_mw,9d8ad86e51451842b54dafc7680d1b486ef291963bb72c70f3cdd570d2d8fa34,"{""distance"":7,""physical_error_rate"":0.002}","{""detection_events"":6,""detectors_checked"":810}"
         1,         0,         0,   0.001,standalone_exact_mw,9d8ad86e51451842b54dafc7680d1b486ef291963bb72c70f3cdd570d2d8fa34,"{""distance"":7,""physical_error_rate"":0.002}","{""detection_events"":4,""detectors_checked"":810}"
         1,         0,         0,   0.001,standalone_exact_mw,9d8ad86e51451842b54dafc7680d1b486ef291963bb72c70f3cdd570d2d8fa34,"{""distance"":7,""physical_error_rate"":0.002}","{""detection_events"":8,""detectors_checked"":810}"
         1,         0,         0,   0.001,standalone_exact_mw,9d8ad86e51451842b54dafc7680d1b486ef291963bb72c70f3cdd570d2d8fa34,"{""distance"":7,""physical_error_rate"":0.002}","{""detectors_checked"":810}"
         1,         0,         0,   0.001,standalone_exact_mw,9d8ad86e51451842b54dafc7680d1b486ef291963bb72c70f3cdd570d2d8fa34,"{""distance"":7,""physical_error_rate"":0.002}","{""detection_events"":16,""detectors_checked"":810}"
         1,         0,         0,   0.001,standalone_exact_mw,9d8ad86e51451842b54dafc7680d1b486ef291963bb72c70f3cdd570d2d8fa34,"{""distance"":7,""physical_error_rate"":0.002}","{""detection_events"":7,""detectors_checked"":810}"
         1,         0,         0,   0.001,standalone_exact_mw,9d8ad86e51451842b54dafc7680d1b486ef291963bb72c70f3cdd570d2d8fa34,"{""distance"":7,""physical_error_rate"":0.002}","{""detection_events"":9,""detectors_checked"":810}"
         1,         0,         0,   0.001,standalone_exact_mw,9d8ad86e51451842b54dafc7680d1b486ef291963bb72c70f3cdd570d2d8fa34,"{""distance"":7,""physical_error_rate"":0.002}","{""detection_events"":11,""detectors_checked"":810}"
         1,         0,         0,   0.001,standalone_exact_mw,9d8ad86e51451842b54dafc7680d1b486ef291963bb72c70f3cdd570d2d8fa34,"{""distance"":7,""physical_error_rate"":0.002}","{""detection_events"":6,""detectors_checked"":810}"
         1,         0,         0,   0.001,standalone_exact_mw,9d8ad86e51451842b54dafc7680d1b486ef291963bb72c70f3cdd570d2d8fa34,"{""distance"":7,""physical_error_rate"":0.002}","{""detection_events"":10,""detectors_checked"":810}"
         1,         0,         0,   0.001,standalone_exact_mw,9d8ad86e51451842b54dafc7680d1b486ef291963bb72c70f3cdd570d2d8fa34,"{""distance"":7,""physical_error_rate"":0.002}","{""detection_events"":4,""detectors_checked"":810}"
         1,         0,         0,   0.001,standalone_exact_mw,9d8ad86e51451842b54dafc7680d1b486ef291963bb72c70f3cdd570d2d8fa34,"{""distance"":7,""physical_error_rate"":0.002}","{""detection_events"":8,""detectors_checked"":810}"
         1,         0,         0,   0.001,standalone_exact_mw,9d8ad86e51451842b54dafc7680d1b486ef291963bb72c70f3cdd570d2d8fa34,"{""distance"":7,""physical_error_rate"":0.002}","{""detection_events"":12,""detectors_checked"":810}"
