     shots,    errors,  discards, seconds,decoder,strong_id,json_metadata,custom_counts
         1,         0,         0,   0.020,decoder_by_matrix,beec9fd12293a9cfe53c9b61fb8ce2a525e4eed38fa75d132d6dc64699336876,"{""distance"":3,""physical_error_rate"":0.0001}","{""detectors_checked"":54}"
         1,         0,         0,   0.026,decoder_by_matrix,e9839e3017c9ef118c4b8aeafef39e78c11ecbdb89764e9ca676a7dc2fb6d062,"{""distance"":3,""physical_error_rate"":1e-06}","{""detectors_checked"":54}"
         1,         0,         0,   0.031,decoder_by_matrix,5c8c81bfec719079c388cedc47a351f264c1bf769ae28a89f9b4fc7719fea501,"{""distance"":3,""physical_error_rate"":0.0005}","{""detectors_checked"":54}"
         1,         0,         0,   0.029,decoder_by_matrix,f854eed952f7ffb52e4f578393718ba880ba0930c78fe51d50828fe06a713055,"{""distance"":3,""physical_error_rate"":0.001}","{""detectors_checked"":54}"
         1,         0,         0,   0.035,decoder_by_matrix,e25b8d07214a8afb95d354611a83b9bb1ded39644e323a8585b3aabf687a4fff,"{""distance"":3,""physical_error_rate"":1e-05}","{""detectors_checked"":54}"
         1,         0,         0,   0.037,decoder_by_matrix,e25b8d07214a8afb95d354611a83b9bb1ded39644e323a8585b3aabf687a4fff,"{""distance"":3,""physical_error_rate"":1e-05}","{""detectors_checked"":54}"
         1,         0,         0,   0.043,decoder_by_matrix,36e3cd26fed5ec7649ec51fb08c1a5e7d7f30e615782d954fee045c18a4962ca,"{""distance"":3,""physical_error_rate"":5e-05}","{""detectors_checked"":54}"
         1,         0,         0,   0.046,decoder_by_matrix,bf84ffc61868c0acf247eb3d31d6d1ff07feed51ae0b0770ddaf58683dcdd22c,"{""distance"":3,""physical_error_rate"":0.005}","{""detectors_checked"":54}"
         1,         0,         0,   0.048,decoder_by_matrix,e9839e3017c9ef118c4b8aeafef39e78c11ecbdb89764e9ca676a7dc2fb6d062,"{""distance"":3,""physical_error_rate"":1e-06}","{""detectors_checked"":54}"
         1,         0,         0,   0.053,decoder_by_matrix,bf84ffc61868c0acf247eb3d31d6d1ff07feed51ae0b0770ddaf58683dcdd22c,"{""distance"":3,""physical_error_rate"":0.005}","{""detectors_checked"":54}"
         1,         0,         0,   0.051,decoder_by_matrix,560c721f87db01d4cacf7dcb7d8812fecde61e9e7776d4b9e1b1a792578ecad7,"{""distance"":3,""physical_error_rate"":5e-06}","{""detectors_checked"":54}"
         1,         0,         0,   0.110,decoder_by_matrix,e25b8d07214a8afb95d354611a83b9bb1ded39644e323a8585b3aabf687a4fff,"{""distance"":3,""physical_error_rate"":1e-05}","{""detectors_checked"":54}"
         1,         0,         0,   0.112,decoder_by_matrix,e9839e3017c9ef118c4b8aeafef39e78c11ecbdb89764e9ca676a7dc2fb6d062,"{""distance"":3,""physical_error_rate"":1e-06}","{""detectors_checked"":54}"
         1,         0,         0,   0.113,decoder_by_matrix,560c721f87db01d4cacf7dcb7d8812fecde61e9e7776d4b9e1b1a792578ecad7,"{""distance"":3,""physical_error_rate"":5e-06}","{""detectors_checked"":54}"
         1,         0,         0,   0.064,decoder_by_matrix,e9839e3017c9ef118c4b8aeafef39e78c11ecbdb89764e9ca676a7dc2fb6d062,"{""distance"":3,""physical_error_rate"":1e-06}","{""detectors_checked"":54}"
         8,         0,         0,   0.000,decoder_by_matrix,e9839e3017c9ef118c4b8aeafef39e78c11ecbdb89764e9ca676a7dc2fb6d062,"{""distance"":3,""physical_error_rate"":1e-06}","{""detectors_checked"":432}"
         1,         0,         0,   0.113,decoder_by_matrix,36e3cd26fed5ec7649ec51fb08c1a5e7d7f30e615782d954fee045c18a4962ca,"{""distance"":3,""physical_error_rate"":5e-05}","{""detectors_checked"":54}"
         4,         0,         0,   0.000,decoder_by_matrix,36e3cd26fed5ec7649ec51fb08c1a5e7d7f30e615782d954fee045c18a4962ca,"{""distance"":3,""physical_error_rate"":5e-05}","{""detectors_checked"":216}"
         1,         0,         0,   0.115,decoder_by_matrix,beec9fd12293a9cfe53c9b61fb8ce2a525e4eed38fa75d132d6dc64699336876,"{""distance"":3,""physical_error_rate"":0.0001}","{""detectors_checked"":54}"
         4,         0,         0,   0.000,decoder_by_matrix,beec9fd12293a9cfe53c9b61fb8ce2a525e4eed38fa75d132d6dc64699336876,"{""distance"":3,""physical_error_rate"":0.0001}","{""detectors_checked"":216}"
         1,         0,         0,   0.118,decoder_by_matrix,beec9fd12293a9cfe53c9b61fb8ce2a525e4eed38fa75d132d6dc64699336876,"{""distance"":3,""physical_error_rate"":0.0001}","{""detectors_checked"":54}"
         4,         0,         0,   0.000,decoder_by_matrix,beec9fd12293a9cfe53c9b61fb8ce2a525e4eed38fa75d132d6dc64699336876,"{""distance"":3,""physical_error_rate"":0.0001}","{""detectors_checked"":216}"
         1,         0,         0,   0.067,decoder_by_matrix,f854eed952f7ffb52e4f578393718ba880ba0930c78fe51d50828fe06a713055,"{""distance"":3,""physical_error_rate"":0.001}","{""detection_events"":9,""detectors_checked"":54}"
         8,         0,         0,   0.000,decoder_by_matrix,f854eed952f7ffb52e4f578393718ba880ba0930c78fe51d50828fe06a713055,"{""distance"":3,""physical_error_rate"":0.001}","{""detection_events"":9,""detectors_checked"":432}"
         1,         0,         0,   0.071,decoder_by_matrix,5c8c81bfec719079c388cedc47a351f264c1bf769ae28a89f9b4fc7719fea501,"{""distance"":3,""physical_error_rate"":0.0005}","{""detectors_checked"":54}"
         8,         0,         0,   0.000,decoder_by_matrix,5c8c81bfec719079c388cedc47a351f264c1bf769ae28a89f9b4fc7719fea501,"{""distance"":3,""physical_error_rate"":0.0005}","{""detectors_checked"":432}"
         1,         0,         0,   0.070,decoder_by_matrix,e25b8d07214a8afb95d354611a83b9bb1ded39644e323a8585b3aabf687a4fff,"{""distance"":3,""physical_error_rate"":1e-05}","{""detectors_checked"":54}"
         8,         0,         0,   0.000,decoder_by_matrix,e25b8d07214a8afb95d354611a83b9bb1ded39644e323a8585b3aabf687a4fff,"{""distance"":3,""physical_error_rate"":1e-05}","{""detectors_checked"":432}"
         1,         0,         0,   0.123,decoder_by_matrix,36e3cd26fed5ec7649ec51fb08c1a5e7d7f30e615782d954fee045c18a4962ca,"{""distance"":3,""physical_error_rate"":5e-05}","{""detectors_checked"":54}"
         4,         0,         0,   0.000,decoder_by_matrix,36e3cd26fed5ec7649ec51fb08c1a5e7d7f30e615782d954fee045c18a4962ca,"{""distance"":3,""physical_error_rate"":5e-05}","{""detectors_checked"":216}"
         1,         0,         0,   0.073,decoder_by_matrix,f854eed952f7ffb52e4f578393718ba880ba0930c78fe51d50828fe06a713055,"{""distance"":3,""physical_error_rate"":0.001}","{""detectors_checked"":54}"
         8,         0,         0,   0.000,decoder_by_matrix,f854eed952f7ffb52e4f578393718ba880ba0930c78fe51d50828fe06a713055,"{""distance"":3,""physical_error_rate"":0.001}","{""detectors_checked"":432}"
         1,         0,         0,   0.120,decoder_by_matrix,dc80d1b5cd4a369885d36fbbadd410646ee6a9cd91075667cd6e1b71d0442655,"{""distance"":3,""physical_error_rate"":0.01}","{""detectors_checked"":54}"
         4,         0,         0,   0.000,decoder_by_matrix,dc80d1b5cd4a369885d36fbbadd410646ee6a9cd91075667cd6e1b71d0442655,"{""distance"":3,""physical_error_rate"":0.01}","{""detection_events"":15,""detectors_checked"":216}"
         1,         0,         0,   0.122,decoder_by_matrix,bf84ffc61868c0acf247eb3d31d6d1ff07feed51ae0b0770ddaf58683dcdd22c,"{""distance"":3,""physical_error_rate"":0.005}","{""detectors_checked"":54}"
         4,         0,         0,   0.000,decoder_by_matrix,bf84ffc61868c0acf247eb3d31d6d1ff07feed51ae0b0770ddaf58683dcdd22c,"{""distance"":3,""physical_error_rate"":0.005}","{""detectors_checked"":216}"
         1,         0,         0,   0.127,decoder_by_matrix,560c721f87db01d4cacf7dcb7d8812fecde61e9e7776d4b9e1b1a792578ecad7,"{""distance"":3,""physical_error_rate"":5e-06}","{""detectors_checked"":54}"
         4,         0,         0,   0.000,decoder_by_matrix,560c721f87db01d4cacf7dcb7d8812fecde61e9e7776d4b9e1b1a792578ecad7,"{""distance"":3,""physical_error_rate"":5e-06}","{""detectors_checked"":216}"
         1,         0,         0,   0.129,decoder_by_matrix,dc80d1b5cd4a369885d36fbbadd410646ee6a9cd91075667cd6e1b71d0442655,"{""distance"":3,""physical_error_rate"":0.01}","{""detectors_checked"":54}"
         4,         0,         0,   0.000,decoder_by_matrix,dc80d1b5cd4a369885d36fbbadd410646ee6a9cd91075667cd6e1b71d0442655,"{""distance"":3,""physical_error_rate"":0.01}","{""detection_events"":6,""detectors_checked"":216}"
         1,         0,         0,   0.127,decoder_by_matrix,dc80d1b5cd4a369885d36fbbadd410646ee6a9cd91075667cd6e1b71d0442655,"{""distance"":3,""physical_error_rate"":0.01}","{""detectors_checked"":54}"
         4,         0,         0,   0.000,decoder_by_matrix,dc80d1b5cd4a369885d36fbbadd410646ee6a9cd91075667cd6e1b71d0442655,"{""distance"":3,""physical_error_rate"":0.01}","{""detection_events"":9,""detectors_checked"":216}"
         1,         0,         0,   0.082,decoder_by_matrix,560c721f87db01d4cacf7dcb7d8812fecde61e9e7776d4b9e1b1a792578ecad7,"{""distance"":3,""physical_error_rate"":5e-06}","{""detectors_checked"":54}"
         4,         0,         0,   0.000,decoder_by_matrix,560c721f87db01d4cacf7dcb7d8812fecde61e9e7776d4b9e1b1a792578ecad7,"{""distance"":3,""physical_error_rate"":5e-06}","{""detectors_checked"":216}"
         1,         0,         0,   0.135,decoder_by_matrix,5c8c81bfec719079c388cedc47a351f264c1bf769ae28a89f9b4fc7719fea501,"{""distance"":3,""physical_error_rate"":0.0005}","{""detectors_checked"":54}"
         4,         0,         0,   0.000,decoder_by_matrix,5c8c81bfec719079c388cedc47a351f264c1bf769ae28a89f9b4fc7719fea501,"{""distance"":3,""physical_error_rate"":0.0005}","{""detection_events"":6,""detectors_checked"":216}"
         1,         0,         0,   0.129,decoder_by_matrix,bf84ffc61868c0acf247eb3d31d6d1ff07feed51ae0b0770ddaf58683dcdd22c,"{""distance"":3,""physical_error_rate"":0.005}","{""detectors_checked"":54}"
         4,         0,         0,   0.000,decoder_by_matrix,bf84ffc61868c0acf247eb3d31d6d1ff07feed51ae0b0770ddaf58683dcdd22c,"{""distance"":3,""physical_error_rate"":0.005}","{""detection_events"":9,""detectors_checked"":216}"
         1,         0,         0,   0.137,decoder_by_matrix,36e3cd26fed5ec7649ec51fb08c1a5e7d7f30e615782d954fee045c18a4962ca,"{""distance"":3,""physical_error_rate"":5e-05}","{""detectors_checked"":54}"
         4,         0,         0,   0.000,decoder_by_matrix,36e3cd26fed5ec7649ec51fb08c1a5e7d7f30e615782d954fee045c18a4962ca,"{""distance"":3,""physical_error_rate"":5e-05}","{""detectors_checked"":216}"
         1,         0,         0,   0.133,decoder_by_matrix,f854eed952f7ffb52e4f578393718ba880ba0930c78fe51d50828fe06a713055,"{""distance"":3,""physical_error_rate"":0.001}","{""detectors_checked"":54}"
         4,         0,         0,   0.000,decoder_by_matrix,f854eed952f7ffb52e4f578393718ba880ba0930c78fe51d50828fe06a713055,"{""distance"":3,""physical_error_rate"":0.001}","{""detectors_checked"":216}"
         1,         0,         0,   0.137,decoder_by_matrix,beec9fd12293a9cfe53c9b61fb8ce2a525e4eed38fa75d132d6dc64699336876,"{""distance"":3,""physical_error_rate"":0.0001}","{""detectors_checked"":54}"
         4,         0,         0,   0.000,decoder_by_matrix,beec9fd12293a9cfe53c9b61fb8ce2a525e4eed38fa75d132d6dc64699336876,"{""distance"":3,""physical_error_rate"":0.0001}","{""detectors_checked"":216}"
       272,         0,         0,   0.051,decoder_by_matrix,5c8c81bfec719079c388cedc47a351f264c1bf769ae28a89f9b4fc7719fea501,"{""distance"":3,""physical_error_rate"":0.0005}","{""detection_events"":30,""detectors_checked"":14688}"
      1024,         0,         0,   0.002,decoder_by_matrix,5c8c81bfec719079c388cedc47a351f264c1bf769ae28a89f9b4fc7719fea501,"{""distance"":3,""physical_error_rate"":0.0005}","{""detection_events"":57,""detectors_checked"":55296}"
      2320,         0,         0,   0.086,decoder_by_matrix,e25b8d07214a8afb95d354611a83b9bb1ded39644e323a8585b3aabf687a4fff,"{""distance"":3,""physical_error_rate"":1e-05}","{""detection_events"":12,""detectors_checked"":125280}"
      1024,         0,         0,   0.001,decoder_by_matrix,e25b8d07214a8afb95d354611a83b9bb1ded39644e323a8585b3aabf687a4fff,"{""distance"":3,""physical_error_rate"":1e-05}","{""detectors_checked"":55296}"
      2320,         0,         0,   0.089,decoder_by_matrix,f854eed952f7ffb52e4f578393718ba880ba0930c78fe51d50828fe06a713055,"{""distance"":3,""physical_error_rate"":0.001}","{""detection_events"":342,""detectors_checked"":125280}"
      1024,         0,         0,   0.002,decoder_by_matrix,f854eed952f7ffb52e4f578393718ba880ba0930c78fe51d50828fe06a713055,"{""distance"":3,""physical_error_rate"":0.001}","{""detection_events"":135,""detectors_checked"":55296}"
      3208,         0,         0,   0.081,decoder_by_matrix,36e3cd26fed5ec7649ec51fb08c1a5e7d7f30e615782d954fee045c18a4962ca,"{""distance"":3,""physical_error_rate"":5e-05}","{""detection_events"":6,""detectors_checked"":173232}"
      1024,         0,         0,   0.001,decoder_by_matrix,36e3cd26fed5ec7649ec51fb08c1a5e7d7f30e615782d954fee045c18a4962ca,"{""distance"":3,""physical_error_rate"":5e-05}","{""detectors_checked"":55296}"
         1,         0,         0,   0.122,decoder_by_matrix,560c721f87db01d4cacf7dcb7d8812fecde61e9e7776d4b9e1b1a792578ecad7,"{""distance"":3,""physical_error_rate"":5e-06}","{""detectors_checked"":54}"
         4,         0,         0,   0.000,decoder_by_matrix,560c721f87db01d4cacf7dcb7d8812fecde61e9e7776d4b9e1b1a792578ecad7,"{""distance"":3,""physical_error_rate"":5e-06}","{""detectors_checked"":216}"
         1,         0,         0,   0.072,decoder_by_matrix,5c8c81bfec719079c388cedc47a351f264c1bf769ae28a89f9b4fc7719fea501,"{""distance"":3,""physical_error_rate"":0.0005}","{""detectors_checked"":54}"
         8,         0,         0,   0.000,decoder_by_matrix,5c8c81bfec719079c388cedc47a351f264c1bf769ae28a89f9b4fc7719fea501,"{""distance"":3,""physical_error_rate"":0.0005}","{""detectors_checked"":432}"
         1,         0,         0,   0.120,decoder_by_matrix,5c8c81bfec719079c388cedc47a351f264c1bf769ae28a89f9b4fc7719fea501,"{""distance"":3,""physical_error_rate"":0.0005}","{""detectors_checked"":54}"
         4,         0,         0,   0.000,decoder_by_matrix,5c8c81bfec719079c388cedc47a351f264c1bf769ae28a89f9b4fc7719fea501,"{""distance"":3,""physical_error_rate"":0.0005}","{""detectors_checked"":216}"
         1,         0,         0,   0.122,decoder_by_matrix,e9839e3017c9ef118c4b8aeafef39e78c11ecbdb89764e9ca676a7dc2fb6d062,"{""distance"":3,""physical_error_rate"":1e-06}","{""detectors_checked"":54}"
         4,         0,         0,   0.000,decoder_by_matrix,e9839e3017c9ef118c4b8aeafef39e78c11ecbdb89764e9ca676a7dc2fb6d062,"{""distance"":3,""physical_error_rate"":1e-06}","{""detectors_checked"":216}"
         1,         0,         0,   0.122,decoder_by_matrix,dc80d1b5cd4a369885d36fbbadd410646ee6a9cd91075667cd6e1b71d0442655,"{""distance"":3,""physical_error_rate"":0.01}","{""detectors_checked"":54}"
         4,         0,         0,   0.000,decoder_by_matrix,dc80d1b5cd4a369885d36fbbadd410646ee6a9cd91075667cd6e1b71d0442655,"{""distance"":3,""physical_error_rate"":0.01}","{""detectors_checked"":216}"
         1,         0,         0,   0.131,decoder_by_matrix,bf84ffc61868c0acf247eb3d31d6d1ff07feed51ae0b0770ddaf58683dcdd22c,"{""distance"":3,""physical_error_rate"":0.005}","{""detectors_checked"":54}"
         4,         0,         0,   0.000,decoder_by_matrix,bf84ffc61868c0acf247eb3d31d6d1ff07feed51ae0b0770ddaf58683dcdd22c,"{""distance"":3,""physical_error_rate"":0.005}","{""detectors_checked"":216}"
         1,         0,         0,   0.133,decoder_by_matrix,bf84ffc61868c0acf247eb3d31d6d1ff07feed51ae0b0770ddaf58683dcdd22c,"{""distance"":3,""physical_error_rate"":0.005}","{""detectors_checked"":54}"
         4,         0,         0,   0.000,decoder_by_matrix,bf84ffc61868c0acf247eb3d31d6d1ff07feed51ae0b0770ddaf58683dcdd22c,"{""distance"":3,""physical_error_rate"":0.005}","{""detectors_checked"":216}"
         1,         0,         0,   0.081,decoder_by_matrix,beec9fd12293a9cfe53c9b61fb8ce2a525e4eed38fa75d132d6dc64699336876,"{""distance"":3,""physical_error_rate"":0.0001}","{""detectors_checked"":54}"
         4,         0,         0,   0.000,decoder_by_matrix,beec9fd12293a9cfe53c9b61fb8ce2a525e4eed38fa75d132d6dc64699336876,"{""distance"":3,""physical_error_rate"":0.0001}","{""detectors_checked"":216}"
       136,         0,         0,   0.031,decoder_by_matrix,bf84ffc61868c0acf247eb3d31d6d1ff07feed51ae0b0770ddaf58683dcdd22c,"{""distance"":3,""physical_error_rate"":0.005}","{""detection_events"":117,""detectors_checked"":7344}"
      1024,         0,         0,   0.002,decoder_by_matrix,bf84ffc61868c0acf247eb3d31d6d1ff07feed51ae0b0770ddaf58683dcdd22c,"{""distance"":3,""physical_error_rate"":0.005}","{""detection_events"":771,""detectors_checked"":55296}"
         1,         0,         0,   0.125,decoder_by_matrix,f854eed952f7ffb52e4f578393718ba880ba0930c78fe51d50828fe06a713055,"{""distance"":3,""physical_error_rate"":0.001}","{""detectors_checked"":54}"
         4,         0,         0,   0.000,decoder_by_matrix,f854eed952f7ffb52e4f578393718ba880ba0930c78fe51d50828fe06a713055,"{""distance"":3,""physical_error_rate"":0.001}","{""detectors_checked"":216}"
         1,         0,         0,   0.119,decoder_by_matrix,e25b8d07214a8afb95d354611a83b9bb1ded39644e323a8585b3aabf687a4fff,"{""distance"":3,""physical_error_rate"":1e-05}","{""detectors_checked"":54}"
         4,         0,         0,   0.000,decoder_by_matrix,e25b8d07214a8afb95d354611a83b9bb1ded39644e323a8585b3aabf687a4fff,"{""distance"":3,""physical_error_rate"":1e-05}","{""detectors_checked"":216}"
         1,         0,         0,   0.073,decoder_by_matrix,36e3cd26fed5ec7649ec51fb08c1a5e7d7f30e615782d954fee045c18a4962ca,"{""distance"":3,""physical_error_rate"":5e-05}","{""detectors_checked"":54}"
         8,         0,         0,   0.000,decoder_by_matrix,36e3cd26fed5ec7649ec51fb08c1a5e7d7f30e615782d954fee045c18a4962ca,"{""distance"":3,""physical_error_rate"":5e-05}","{""detectors_checked"":432}"
      2320,         0,         0,   0.096,decoder_by_matrix,beec9fd12293a9cfe53c9b61fb8ce2a525e4eed38fa75d132d6dc64699336876,"{""distance"":3,""physical_error_rate"":0.0001}","{""detection_events"":51,""detectors_checked"":125280}"
      1024,         0,         0,   0.002,decoder_by_matrix,beec9fd12293a9cfe53c9b61fb8ce2a525e4eed38fa75d132d6dc64699336876,"{""distance"":3,""physical_error_rate"":0.0001}","{""detection_events"":21,""detectors_checked"":55296}"
      6212,         0,         0,   0.065,decoder_by_matrix,e9839e3017c9ef118c4b8aeafef39e78c11ecbdb89764e9ca676a7dc2fb6d062,"{""distance"":3,""physical_error_rate"":1e-06}","{""detectors_checked"":335448}"
      1024,         0,         0,   0.001,decoder_by_matrix,e9839e3017c9ef118c4b8aeafef39e78c11ecbdb89764e9ca676a7dc2fb6d062,"{""distance"":3,""physical_error_rate"":1e-06}","{""detectors_checked"":55296}"
      4164,         0,         0,   0.069,decoder_by_matrix,e25b8d07214a8afb95d354611a83b9bb1ded39644e323a8585b3aabf687a4fff,"{""distance"":3,""physical_error_rate"":1e-05}","{""detection_events"":18,""detectors_checked"":224856}"
      1024,         0,         0,   0.001,decoder_by_matrix,e25b8d07214a8afb95d354611a83b9bb1ded39644e323a8585b3aabf687a4fff,"{""distance"":3,""physical_error_rate"":1e-05}","{""detectors_checked"":55296}"
      2184,         4,         0,   0.077,decoder_by_matrix,bf84ffc61868c0acf247eb3d31d6d1ff07feed51ae0b0770ddaf58683dcdd22c,"{""distance"":3,""physical_error_rate"":0.005}","{""detection_events"":1608,""detectors_checked"":117936,""obs_mistake_mask=E"":4}"
      1024,         0,         0,   0.002,decoder_by_matrix,bf84ffc61868c0acf247eb3d31d6d1ff07feed51ae0b0770ddaf58683dcdd22c,"{""distance"":3,""physical_error_rate"":0.005}","{""detection_events"":720,""detectors_checked"":55296}"
      2176,         0,         0,   0.086,decoder_by_matrix,f854eed952f7ffb52e4f578393718ba880ba0930c78fe51d50828fe06a713055,"{""distance"":3,""physical_error_rate"":0.001}","{""detection_events"":360,""detectors_checked"":117504}"
      1024,         0,         0,   0.002,decoder_by_matrix,f854eed952f7ffb52e4f578393718ba880ba0930c78fe51d50828fe06a713055,"{""distance"":3,""physical_error_rate"":0.001}","{""detection_events"":159,""detectors_checked"":55296}"
      2112,         0,         0,   0.046,decoder_by_matrix,f854eed952f7ffb52e4f578393718ba880ba0930c78fe51d50828fe06a713055,"{""distance"":3,""physical_error_rate"":0.001}","{""detection_events"":414,""detectors_checked"":114048}"
      1024,         0,         0,   0.002,decoder_by_matrix,f854eed952f7ffb52e4f578393718ba880ba0930c78fe51d50828fe06a713055,"{""distance"":3,""physical_error_rate"":0.001}","{""detection_events"":147,""detectors_checked"":55296}"
      4160,         0,         0,   0.003,decoder_by_matrix,560c721f87db01d4cacf7dcb7d8812fecde61e9e7776d4b9e1b1a792578ecad7,"{""distance"":3,""physical_error_rate"":5e-06}","{""detection_events"":6,""detectors_checked"":224640}"
      1024,         0,         0,   0.001,decoder_by_matrix,560c721f87db01d4cacf7dcb7d8812fecde61e9e7776d4b9e1b1a792578ecad7,"{""distance"":3,""physical_error_rate"":5e-06}","{""detectors_checked"":55296}"
      6208,         0,         0,   0.062,decoder_by_matrix,560c721f87db01d4cacf7dcb7d8812fecde61e9e7776d4b9e1b1a792578ecad7,"{""distance"":3,""physical_error_rate"":5e-06}","{""detectors_checked"":335232}"
      1024,         0,         0,   0.001,decoder_by_matrix,560c721f87db01d4cacf7dcb7d8812fecde61e9e7776d4b9e1b1a792578ecad7,"{""distance"":3,""physical_error_rate"":5e-06}","{""detectors_checked"":55296}"
      2176,         0,         0,   0.003,decoder_by_matrix,5c8c81bfec719079c388cedc47a351f264c1bf769ae28a89f9b4fc7719fea501,"{""distance"":3,""physical_error_rate"":0.0005}","{""detection_events"":132,""detectors_checked"":117504}"
      1024,         0,         0,   0.002,decoder_by_matrix,5c8c81bfec719079c388cedc47a351f264c1bf769ae28a89f9b4fc7719fea501,"{""distance"":3,""physical_error_rate"":0.0005}","{""detection_events"":60,""detectors_checked"":55296}"
      3136,         0,         0,   0.124,decoder_by_matrix,36e3cd26fed5ec7649ec51fb08c1a5e7d7f30e615782d954fee045c18a4962ca,"{""distance"":3,""physical_error_rate"":5e-05}","{""detection_events"":18,""detectors_checked"":169344}"
      1024,         0,         0,   0.002,decoder_by_matrix,36e3cd26fed5ec7649ec51fb08c1a5e7d7f30e615782d954fee045c18a4962ca,"{""distance"":3,""physical_error_rate"":5e-05}","{""detection_events"":9,""detectors_checked"":55296}"
      2176,         1,         0,   0.114,decoder_by_matrix,f854eed952f7ffb52e4f578393718ba880ba0930c78fe51d50828fe06a713055,"{""distance"":3,""physical_error_rate"":0.001}","{""detection_events"":360,""detectors_checked"":117504,""obs_mistake_mask=E"":1}"
      1024,         0,         0,   0.002,decoder_by_matrix,f854eed952f7ffb52e4f578393718ba880ba0930c78fe51d50828fe06a713055,"{""distance"":3,""physical_error_rate"":0.001}","{""detection_events"":117,""detectors_checked"":55296}"
      2176,         0,         0,   0.026,decoder_by_matrix,5c8c81bfec719079c388cedc47a351f264c1bf769ae28a89f9b4fc7719fea501,"{""distance"":3,""physical_error_rate"":0.0005}","{""detection_events"":201,""detectors_checked"":117504}"
      1024,         0,         0,   0.002,decoder_by_matrix,5c8c81bfec719079c388cedc47a351f264c1bf769ae28a89f9b4fc7719fea501,"{""distance"":3,""physical_error_rate"":0.0005}","{""detection_events"":72,""detectors_checked"":55296}"
      5248,         0,         0,   0.112,decoder_by_matrix,e25b8d07214a8afb95d354611a83b9bb1ded39644e323a8585b3aabf687a4fff,"{""distance"":3,""physical_error_rate"":1e-05}","{""detection_events"":3,""detectors_checked"":283392}"
      1024,         0,         0,   0.001,decoder_by_matrix,e25b8d07214a8afb95d354611a83b9bb1ded39644e323a8585b3aabf687a4fff,"{""distance"":3,""physical_error_rate"":1e-05}","{""detectors_checked"":55296}"
      2112,         2,         0,   0.068,decoder_by_matrix,bf84ffc61868c0acf247eb3d31d6d1ff07feed51ae0b0770ddaf58683dcdd22c,"{""distance"":3,""physical_error_rate"":0.005}","{""detection_events"":1587,""detectors_checked"":114048,""obs_mistake_mask=E"":2}"
      1024,         1,         0,   0.002,decoder_by_matrix,bf84ffc61868c0acf247eb3d31d6d1ff07feed51ae0b0770ddaf58683dcdd22c,"{""distance"":3,""physical_error_rate"":0.005}","{""detection_events"":738,""detectors_checked"":55296,""obs_mistake_mask=E"":1}"
         1,         0,         0,   0.132,decoder_by_matrix,dc80d1b5cd4a369885d36fbbadd410646ee6a9cd91075667cd6e1b71d0442655,"{""distance"":3,""physical_error_rate"":0.01}","{""detection_events"":9,""detectors_checked"":54}"
         4,         0,         0,   0.000,decoder_by_matrix,dc80d1b5cd4a369885d36fbbadd410646ee6a9cd91075667cd6e1b71d0442655,"{""distance"":3,""physical_error_rate"":0.01}","{""detectors_checked"":216}"
         1,         0,         0,   0.132,decoder_by_matrix,f854eed952f7ffb52e4f578393718ba880ba0930c78fe51d50828fe06a713055,"{""distance"":3,""physical_error_rate"":0.001}","{""detectors_checked"":54}"
         4,         0,         0,   0.000,decoder_by_matrix,f854eed952f7ffb52e4f578393718ba880ba0930c78fe51d50828fe06a713055,"{""distance"":3,""physical_error_rate"":0.001}","{""detectors_checked"":216}"
      1092,         0,         0,   0.017,decoder_by_matrix,560c721f87db01d4cacf7dcb7d8812fecde61e9e7776d4b9e1b1a792578ecad7,"{""distance"":3,""physical_error_rate"":5e-06}","{""detectors_checked"":58968}"
      1024,         0,         0,   0.001,decoder_by_matrix,560c721f87db01d4cacf7dcb7d8812fecde61e9e7776d4b9e1b1a792578ecad7,"{""distance"":3,""physical_error_rate"":5e-06}","{""detectors_checked"":55296}"
      1024,         0,         0,   0.001,decoder_by_matrix,560c721f87db01d4cacf7dcb7d8812fecde61e9e7776d4b9e1b1a792578ecad7,"{""distance"":3,""physical_error_rate"":5e-06}","{""detectors_checked"":55296}"
      4160,         0,         0,   0.026,decoder_by_matrix,e9839e3017c9ef118c4b8aeafef39e78c11ecbdb89764e9ca676a7dc2fb6d062,"{""distance"":3,""physical_error_rate"":1e-06}","{""detection_events"":3,""detectors_checked"":224640}"
      1024,         0,         0,   0.001,decoder_by_matrix,e9839e3017c9ef118c4b8aeafef39e78c11ecbdb89764e9ca676a7dc2fb6d062,"{""distance"":3,""physical_error_rate"":1e-06}","{""detectors_checked"":55296}"
      2112,        18,         0,   0.035,decoder_by_matrix,dc80d1b5cd4a369885d36fbbadd410646ee6a9cd91075667cd6e1b71d0442655,"{""distance"":3,""physical_error_rate"":0.01}","{""detection_events"":3066,""detectors_checked"":114048,""obs_mistake_mask=E"":18}"
      1024,         8,         0,   0.002,decoder_by_matrix,dc80d1b5cd4a369885d36fbbadd410646ee6a9cd91075667cd6e1b71d0442655,"{""distance"":3,""physical_error_rate"":0.01}","{""detection_events"":1482,""detectors_checked"":55296,""obs_mistake_mask=E"":8}"
      3072,         0,         0,   0.093,decoder_by_matrix,e25b8d07214a8afb95d354611a83b9bb1ded39644e323a8585b3aabf687a4fff,"{""distance"":3,""physical_error_rate"":1e-05}","{""detection_events"":24,""detectors_checked"":165888}"
      1024,         0,         0,   0.002,decoder_by_matrix,e25b8d07214a8afb95d354611a83b9bb1ded39644e323a8585b3aabf687a4fff,"{""distance"":3,""physical_error_rate"":1e-05}","{""detection_events"":3,""detectors_checked"":55296}"
      4096,         0,         0,   0.086,decoder_by_matrix,36e3cd26fed5ec7649ec51fb08c1a5e7d7f30e615782d954fee045c18a4962ca,"{""distance"":3,""physical_error_rate"":5e-05}","{""detection_events"":15,""detectors_checked"":221184}"
      1024,         0,         0,   0.001,decoder_by_matrix,36e3cd26fed5ec7649ec51fb08c1a5e7d7f30e615782d954fee045c18a4962ca,"{""distance"":3,""physical_error_rate"":5e-05}","{""detectors_checked"":55296}"
         1,         0,         0,   0.015,decoder_by_matrix,5c8c81bfec719079c388cedc47a351f264c1bf769ae28a89f9b4fc7719fea501,"{""distance"":3,""physical_error_rate"":0.0005}","{""detectors_checked"":54}"
        16,         0,         0,   0.000,decoder_by_matrix,5c8c81bfec719079c388cedc47a351f264c1bf769ae28a89f9b4fc7719fea501,"{""distance"":3,""physical_error_rate"":0.0005}","{""detectors_checked"":864}"
      6280,         0,         0,   0.069,decoder_by_matrix,560c721f87db01d4cacf7dcb7d8812fecde61e9e7776d4b9e1b1a792578ecad7,"{""distance"":3,""physical_error_rate"":5e-06}","{""detection_events"":3,""detectors_checked"":339120}"
      1024,         0,         0,   0.002,decoder_by_matrix,560c721f87db01d4cacf7dcb7d8812fecde61e9e7776d4b9e1b1a792578ecad7,"{""distance"":3,""physical_error_rate"":5e-06}","{""detection_events"":6,""detectors_checked"":55296}"
      1024,         0,         0,   0.001,decoder_by_matrix,560c721f87db01d4cacf7dcb7d8812fecde61e9e7776d4b9e1b1a792578ecad7,"{""distance"":3,""physical_error_rate"":5e-06}","{""detectors_checked"":55296}"
      2112,         0,         0,   0.086,decoder_by_matrix,36e3cd26fed5ec7649ec51fb08c1a5e7d7f30e615782d954fee045c18a4962ca,"{""distance"":3,""physical_error_rate"":5e-05}","{""detection_events"":33,""detectors_checked"":114048}"
      1024,         0,         0,   0.002,decoder_by_matrix,36e3cd26fed5ec7649ec51fb08c1a5e7d7f30e615782d954fee045c18a4962ca,"{""distance"":3,""physical_error_rate"":5e-05}","{""detection_events"":21,""detectors_checked"":55296}"
      3136,         0,         0,   0.023,decoder_by_matrix,e25b8d07214a8afb95d354611a83b9bb1ded39644e323a8585b3aabf687a4fff,"{""distance"":3,""physical_error_rate"":1e-05}","{""detection_events"":24,""detectors_checked"":169344}"
      1024,         0,         0,   0.001,decoder_by_matrix,e25b8d07214a8afb95d354611a83b9bb1ded39644e323a8585b3aabf687a4fff,"{""distance"":3,""physical_error_rate"":1e-05}","{""detectors_checked"":55296}"
      4224,         0,         0,   0.021,decoder_by_matrix,36e3cd26fed5ec7649ec51fb08c1a5e7d7f30e615782d954fee045c18a4962ca,"{""distance"":3,""physical_error_rate"":5e-05}","{""detection_events"":36,""detectors_checked"":228096}"
      1024,         0,         0,   0.001,decoder_by_matrix,36e3cd26fed5ec7649ec51fb08c1a5e7d7f30e615782d954fee045c18a4962ca,"{""distance"":3,""physical_error_rate"":5e-05}","{""detectors_checked"":55296}"
      2048,         0,         0,   0.027,decoder_by_matrix,5c8c81bfec719079c388cedc47a351f264c1bf769ae28a89f9b4fc7719fea501,"{""distance"":3,""physical_error_rate"":0.0005}","{""detection_events"":105,""detectors_checked"":110592}"
      1024,         0,         0,   0.002,decoder_by_matrix,5c8c81bfec719079c388cedc47a351f264c1bf769ae28a89f9b4fc7719fea501,"{""distance"":3,""physical_error_rate"":0.0005}","{""detection_events"":54,""detectors_checked"":55296}"
      2112,        16,         0,   0.063,decoder_by_matrix,dc80d1b5cd4a369885d36fbbadd410646ee6a9cd91075667cd6e1b71d0442655,"{""distance"":3,""physical_error_rate"":0.01}","{""detection_events"":3075,""detectors_checked"":114048,""obs_mistake_mask=E"":16}"
      1024,         4,         0,   0.002,decoder_by_matrix,dc80d1b5cd4a369885d36fbbadd410646ee6a9cd91075667cd6e1b71d0442655,"{""distance"":3,""physical_error_rate"":0.01}","{""detection_events"":1449,""detectors_checked"":55296,""obs_mistake_mask=E"":4}"
      7232,         0,         0,   0.074,decoder_by_matrix,beec9fd12293a9cfe53c9b61fb8ce2a525e4eed38fa75d132d6dc64699336876,"{""distance"":3,""physical_error_rate"":0.0001}","{""detection_events"":84,""detectors_checked"":390528}"
      1024,         0,         0,   0.001,decoder_by_matrix,beec9fd12293a9cfe53c9b61fb8ce2a525e4eed38fa75d132d6dc64699336876,"{""distance"":3,""physical_error_rate"":0.0001}","{""detectors_checked"":55296}"
      1024,         0,         0,   0.002,decoder_by_matrix,beec9fd12293a9cfe53c9b61fb8ce2a525e4eed38fa75d132d6dc64699336876,"{""distance"":3,""physical_error_rate"":0.0001}","{""detection_events"":15,""detectors_checked"":55296}"
      3136,         0,         0,   0.116,decoder_by_matrix,beec9fd12293a9cfe53c9b61fb8ce2a525e4eed38fa75d132d6dc64699336876,"{""distance"":3,""physical_error_rate"":0.0001}","{""detection_events"":54,""detectors_checked"":169344}"
      1024,         0,         0,   0.002,decoder_by_matrix,beec9fd12293a9cfe53c9b61fb8ce2a525e4eed38fa75d132d6dc64699336876,"{""distance"":3,""physical_error_rate"":0.0001}","{""detection_events"":45,""detectors_checked"":55296}"
      2112,        11,         0,   0.082,decoder_by_matrix,dc80d1b5cd4a369885d36fbbadd410646ee6a9cd91075667cd6e1b71d0442655,"{""distance"":3,""physical_error_rate"":0.01}","{""detection_events"":3081,""detectors_checked"":114048,""obs_mistake_mask=E"":11}"
      1024,         6,         0,   0.003,decoder_by_matrix,dc80d1b5cd4a369885d36fbbadd410646ee6a9cd91075667cd6e1b71d0442655,"{""distance"":3,""physical_error_rate"":0.01}","{""detection_events"":1380,""detectors_checked"":55296,""obs_mistake_mask=E"":6}"
      3136,         0,         0,   0.061,decoder_by_matrix,5c8c81bfec719079c388cedc47a351f264c1bf769ae28a89f9b4fc7719fea501,"{""distance"":3,""physical_error_rate"":0.0005}","{""detection_events"":192,""detectors_checked"":169344}"
      1024,         0,         0,   0.002,decoder_by_matrix,5c8c81bfec719079c388cedc47a351f264c1bf769ae28a89f9b4fc7719fea501,"{""distance"":3,""physical_error_rate"":0.0005}","{""detection_events"":69,""detectors_checked"":55296}"
      2048,         5,         0,   0.052,decoder_by_matrix,bf84ffc61868c0acf247eb3d31d6d1ff07feed51ae0b0770ddaf58683dcdd22c,"{""distance"":3,""physical_error_rate"":0.005}","{""detection_events"":1260,""detectors_checked"":110592,""obs_mistake_mask=E"":5}"
      1024,         1,         0,   0.002,decoder_by_matrix,bf84ffc61868c0acf247eb3d31d6d1ff07feed51ae0b0770ddaf58683dcdd22c,"{""distance"":3,""physical_error_rate"":0.005}","{""detection_events"":597,""detectors_checked"":55296,""obs_mistake_mask=E"":1}"
     11264,         0,         0,   0.079,decoder_by_matrix,e25b8d07214a8afb95d354611a83b9bb1ded39644e323a8585b3aabf687a4fff,"{""distance"":3,""physical_error_rate"":1e-05}","{""detection_events"":6,""detectors_checked"":608256}"
      1024,         0,         0,   0.002,decoder_by_matrix,e25b8d07214a8afb95d354611a83b9bb1ded39644e323a8585b3aabf687a4fff,"{""distance"":3,""physical_error_rate"":1e-05}","{""detection_events"":6,""detectors_checked"":55296}"
     10240,         0,         0,   0.040,decoder_by_matrix,560c721f87db01d4cacf7dcb7d8812fecde61e9e7776d4b9e1b1a792578ecad7,"{""distance"":3,""physical_error_rate"":5e-06}","{""detection_events"":24,""detectors_checked"":552960}"
      1024,         0,         0,   0.001,decoder_by_matrix,560c721f87db01d4cacf7dcb7d8812fecde61e9e7776d4b9e1b1a792578ecad7,"{""distance"":3,""physical_error_rate"":5e-06}","{""detectors_checked"":55296}"
      1160,         0,         0,   0.030,decoder_by_matrix,e9839e3017c9ef118c4b8aeafef39e78c11ecbdb89764e9ca676a7dc2fb6d062,"{""distance"":3,""physical_error_rate"":1e-06}","{""detectors_checked"":62640}"
      1024,         0,         0,   0.001,decoder_by_matrix,e9839e3017c9ef118c4b8aeafef39e78c11ecbdb89764e9ca676a7dc2fb6d062,"{""distance"":3,""physical_error_rate"":1e-06}","{""detectors_checked"":55296}"
         1,         0,         0,   0.127,decoder_by_matrix,dc80d1b5cd4a369885d36fbbadd410646ee6a9cd91075667cd6e1b71d0442655,"{""distance"":3,""physical_error_rate"":0.01}","{""detectors_checked"":54}"
         4,         0,         0,   0.000,decoder_by_matrix,dc80d1b5cd4a369885d36fbbadd410646ee6a9cd91075667cd6e1b71d0442655,"{""distance"":3,""physical_error_rate"":0.01}","{""detection_events"":6,""detectors_checked"":216}"
      4368,         0,         0,   0.056,decoder_by_matrix,e9839e3017c9ef118c4b8aeafef39e78c11ecbdb89764e9ca676a7dc2fb6d062,"{""distance"":3,""physical_error_rate"":1e-06}","{""detectors_checked"":235872}"
      1024,         0,         0,   0.001,decoder_by_matrix,e9839e3017c9ef118c4b8aeafef39e78c11ecbdb89764e9ca676a7dc2fb6d062,"{""distance"":3,""physical_error_rate"":1e-06}","{""detectors_checked"":55296}"
      4368,         0,         0,   0.080,decoder_by_matrix,e25b8d07214a8afb95d354611a83b9bb1ded39644e323a8585b3aabf687a4fff,"{""distance"":3,""physical_error_rate"":1e-05}","{""detection_events"":6,""detectors_checked"":235872}"
      2112,         0,         0,   0.030,decoder_by_matrix,5c8c81bfec719079c388cedc47a351f264c1bf769ae28a89f9b4fc7719fea501,"{""distance"":3,""physical_error_rate"":0.0005}","{""detection_events"":153,""detectors_checked"":114048}"
      1024,         0,         0,   0.002,decoder_by_matrix,5c8c81bfec719079c388cedc47a351f264c1bf769ae28a89f9b4fc7719fea501,"{""distance"":3,""physical_error_rate"":0.0005}","{""detection_events"":102,""detectors_checked"":55296}"
      3136,         0,         0,   0.054,decoder_by_matrix,beec9fd12293a9cfe53c9b61fb8ce2a525e4eed38fa75d132d6dc64699336876,"{""distance"":3,""physical_error_rate"":0.0001}","{""detection_events"":123,""detectors_checked"":169344}"
      1024,         0,         0,   0.002,decoder_by_matrix,beec9fd12293a9cfe53c9b61fb8ce2a525e4eed38fa75d132d6dc64699336876,"{""distance"":3,""physical_error_rate"":0.0001}","{""detection_events"":18,""detectors_checked"":55296}"
      2112,        13,         0,   0.098,decoder_by_matrix,dc80d1b5cd4a369885d36fbbadd410646ee6a9cd91075667cd6e1b71d0442655,"{""distance"":3,""physical_error_rate"":0.01}","{""detection_events"":3120,""detectors_checked"":114048,""obs_mistake_mask=E"":13}"
      1024,         7,         0,   0.002,decoder_by_matrix,dc80d1b5cd4a369885d36fbbadd410646ee6a9cd91075667cd6e1b71d0442655,"{""distance"":3,""physical_error_rate"":0.01}","{""detection_events"":1308,""detectors_checked"":55296,""obs_mistake_mask=E"":7}"
      2112,         2,         0,   0.026,decoder_by_matrix,f854eed952f7ffb52e4f578393718ba880ba0930c78fe51d50828fe06a713055,"{""distance"":3,""physical_error_rate"":0.001}","{""detection_events"":357,""detectors_checked"":114048,""obs_mistake_mask=E"":2}"
      1024,         0,         0,   0.002,decoder_by_matrix,f854eed952f7ffb52e4f578393718ba880ba0930c78fe51d50828fe06a713055,"{""distance"":3,""physical_error_rate"":0.001}","{""detection_events"":186,""detectors_checked"":55296}"
      3200,         0,         0,   0.119,decoder_by_matrix,e9839e3017c9ef118c4b8aeafef39e78c11ecbdb89764e9ca676a7dc2fb6d062,"{""distance"":3,""physical_error_rate"":1e-06}","{""detection_events"":3,""detectors_checked"":172800}"
      1024,         0,         0,   0.001,decoder_by_matrix,e9839e3017c9ef118c4b8aeafef39e78c11ecbdb89764e9ca676a7dc2fb6d062,"{""distance"":3,""physical_error_rate"":1e-06}","{""detectors_checked"":55296}"
      7232,         0,         0,   0.010,decoder_by_matrix,560c721f87db01d4cacf7dcb7d8812fecde61e9e7776d4b9e1b1a792578ecad7,"{""distance"":3,""physical_error_rate"":5e-06}","{""detection_events"":12,""detectors_checked"":390528}"
      1024,         0,         0,   0.001,decoder_by_matrix,560c721f87db01d4cacf7dcb7d8812fecde61e9e7776d4b9e1b1a792578ecad7,"{""distance"":3,""physical_error_rate"":5e-06}","{""detectors_checked"":55296}"
      3136,         9,         0,   0.032,decoder_by_matrix,bf84ffc61868c0acf247eb3d31d6d1ff07feed51ae0b0770ddaf58683dcdd22c,"{""distance"":3,""physical_error_rate"":0.005}","{""detection_events"":2079,""detectors_checked"":169344,""obs_mistake_mask=E"":9}"
      1024,         3,         0,   0.002,decoder_by_matrix,bf84ffc61868c0acf247eb3d31d6d1ff07feed51ae0b0770ddaf58683dcdd22c,"{""distance"":3,""physical_error_rate"":0.005}","{""detection_events"":771,""detectors_checked"":55296,""obs_mistake_mask=E"":3}"
      2048,         0,         0,   0.090,decoder_by_matrix,f854eed952f7ffb52e4f578393718ba880ba0930c78fe51d50828fe06a713055,"{""distance"":3,""physical_error_rate"":0.001}","{""detection_events"":255,""detectors_checked"":110592}"
      1024,         0,         0,   0.002,decoder_by_matrix,f854eed952f7ffb52e4f578393718ba880ba0930c78fe51d50828fe06a713055,"{""distance"":3,""physical_error_rate"":0.001}","{""detection_events"":219,""detectors_checked"":55296}"
      4160,         5,         0,   0.034,decoder_by_matrix,bf84ffc61868c0acf247eb3d31d6d1ff07feed51ae0b0770ddaf58683dcdd22c,"{""distance"":3,""physical_error_rate"":0.005}","{""detection_events"":3003,""detectors_checked"":224640,""obs_mistake_mask=E"":5}"
      1024,         3,         0,   0.002,decoder_by_matrix,bf84ffc61868c0acf247eb3d31d6d1ff07feed51ae0b0770ddaf58683dcdd22c,"{""distance"":3,""physical_error_rate"":0.005}","{""detection_events"":762,""detectors_checked"":55296,""obs_mistake_mask=E"":3}"
      9216,         0,         0,   0.058,decoder_by_matrix,36e3cd26fed5ec7649ec51fb08c1a5e7d7f30e615782d954fee045c18a4962ca,"{""distance"":3,""physical_error_rate"":5e-05}","{""detection_events"":96,""detectors_checked"":497664}"
      1024,         0,         0,   0.001,decoder_by_matrix,36e3cd26fed5ec7649ec51fb08c1a5e7d7f30e615782d954fee045c18a4962ca,"{""distance"":3,""physical_error_rate"":5e-05}","{""detectors_checked"":55296}"
     14336,         0,         0,   0.081,decoder_by_matrix,e25b8d07214a8afb95d354611a83b9bb1ded39644e323a8585b3aabf687a4fff,"{""distance"":3,""physical_error_rate"":1e-05}","{""detection_events"":21,""detectors_checked"":774144}"
      1024,         0,         0,   0.001,decoder_by_matrix,e25b8d07214a8afb95d354611a83b9bb1ded39644e323a8585b3aabf687a4fff,"{""distance"":3,""physical_error_rate"":1e-05}","{""detectors_checked"":55296}"
      3072,         6,         0,   0.069,decoder_by_matrix,bf84ffc61868c0acf247eb3d31d6d1ff07feed51ae0b0770ddaf58683dcdd22c,"{""distance"":3,""physical_error_rate"":0.005}","{""detection_events"":2205,""detectors_checked"":165888,""obs_mistake_mask=E"":6}"
      1024,         0,         0,   0.002,decoder_by_matrix,bf84ffc61868c0acf247eb3d31d6d1ff07feed51ae0b0770ddaf58683dcdd22c,"{""distance"":3,""physical_error_rate"":0.005}","{""detection_events"":795,""detectors_checked"":55296}"
      4096,         1,         0,   0.052,decoder_by_matrix,f854eed952f7ffb52e4f578393718ba880ba0930c78fe51d50828fe06a713055,"{""distance"":3,""physical_error_rate"":0.001}","{""detection_events"":657,""detectors_checked"":221184,""obs_mistake_mask=E"":1}"
      1024,         0,         0,   0.002,decoder_by_matrix,f854eed952f7ffb52e4f578393718ba880ba0930c78fe51d50828fe06a713055,"{""distance"":3,""physical_error_rate"":0.001}","{""detection_events"":144,""detectors_checked"":55296}"
      4096,         1,         0,   0.048,decoder_by_matrix,f854eed952f7ffb52e4f578393718ba880ba0930c78fe51d50828fe06a713055,"{""distance"":3,""physical_error_rate"":0.001}","{""detection_events"":540,""detectors_checked"":221184,""obs_mistake_mask=E"":1}"
      1024,         0,         0,   0.002,decoder_by_matrix,f854eed952f7ffb52e4f578393718ba880ba0930c78fe51d50828fe06a713055,"{""distance"":3,""physical_error_rate"":0.001}","{""detection_events"":165,""detectors_checked"":55296}"
     12288,         0,         0,   0.042,decoder_by_matrix,560c721f87db01d4cacf7dcb7d8812fecde61e9e7776d4b9e1b1a792578ecad7,"{""distance"":3,""physical_error_rate"":5e-06}","{""detection_events"":15,""detectors_checked"":663552}"
      1024,         0,         0,   0.001,decoder_by_matrix,560c721f87db01d4cacf7dcb7d8812fecde61e9e7776d4b9e1b1a792578ecad7,"{""distance"":3,""physical_error_rate"":5e-06}","{""detectors_checked"":55296}"
      6144,         0,         0,   0.080,decoder_by_matrix,5c8c81bfec719079c388cedc47a351f264c1bf769ae28a89f9b4fc7719fea501,"{""distance"":3,""physical_error_rate"":0.0005}","{""detection_events"":417,""detectors_checked"":331776}"
      1024,         0,         0,   0.002,decoder_by_matrix,5c8c81bfec719079c388cedc47a351f264c1bf769ae28a89f9b4fc7719fea501,"{""distance"":3,""physical_error_rate"":0.0005}","{""detection_events"":63,""detectors_checked"":55296}"
      9216,         0,         0,   0.089,decoder_by_matrix,36e3cd26fed5ec7649ec51fb08c1a5e7d7f30e615782d954fee045c18a4962ca,"{""distance"":3,""physical_error_rate"":5e-05}","{""detection_events"":90,""detectors_checked"":497664}"
      1024,         0,         0,   0.002,decoder_by_matrix,36e3cd26fed5ec7649ec51fb08c1a5e7d7f30e615782d954fee045c18a4962ca,"{""distance"":3,""physical_error_rate"":5e-05}","{""detection_events"":12,""detectors_checked"":55296}"
      4096,         0,         0,   0.042,decoder_by_matrix,beec9fd12293a9cfe53c9b61fb8ce2a525e4eed38fa75d132d6dc64699336876,"{""distance"":3,""physical_error_rate"":0.0001}","{""detection_events"":78,""detectors_checked"":221184}"
      1024,         0,         0,   0.002,decoder_by_matrix,beec9fd12293a9cfe53c9b61fb8ce2a525e4eed38fa75d132d6dc64699336876,"{""distance"":3,""physical_error_rate"":0.0001}","{""detection_events"":12,""detectors_checked"":55296}"
      4096,         0,         0,   0.047,decoder_by_matrix,5c8c81bfec719079c388cedc47a351f264c1bf769ae28a89f9b4fc7719fea501,"{""distance"":3,""physical_error_rate"":0.0005}","{""detection_events"":264,""detectors_checked"":221184}"
      1024,         0,         0,   0.002,decoder_by_matrix,5c8c81bfec719079c388cedc47a351f264c1bf769ae28a89f9b4fc7719fea501,"{""distance"":3,""physical_error_rate"":0.0005}","{""detection_events"":60,""detectors_checked"":55296}"
         1,         0,         0,   0.015,decoder_by_matrix,beec9fd12293a9cfe53c9b61fb8ce2a525e4eed38fa75d132d6dc64699336876,"{""distance"":3,""physical_error_rate"":0.0001}","{""detectors_checked"":54}"
        16,         0,         0,   0.000,decoder_by_matrix,beec9fd12293a9cfe53c9b61fb8ce2a525e4eed38fa75d132d6dc64699336876,"{""distance"":3,""physical_error_rate"":0.0001}","{""detectors_checked"":864}"
      1024,         0,         0,   0.008,decoder_by_matrix,e25b8d07214a8afb95d354611a83b9bb1ded39644e323a8585b3aabf687a4fff,"{""distance"":3,""physical_error_rate"":1e-05}","{""detectors_checked"":55296}"
      1024,         0,         0,   0.002,decoder_by_matrix,e25b8d07214a8afb95d354611a83b9bb1ded39644e323a8585b3aabf687a4fff,"{""distance"":3,""physical_error_rate"":1e-05}","{""detection_events"":12,""detectors_checked"":55296}"
      6144,         0,         0,   0.031,decoder_by_matrix,e9839e3017c9ef118c4b8aeafef39e78c11ecbdb89764e9ca676a7dc2fb6d062,"{""distance"":3,""physical_error_rate"":1e-06}","{""detectors_checked"":331776}"
      1024,         0,         0,   0.001,decoder_by_matrix,e9839e3017c9ef118c4b8aeafef39e78c11ecbdb89764e9ca676a7dc2fb6d062,"{""distance"":3,""physical_error_rate"":1e-06}","{""detectors_checked"":55296}"
      2112,        18,         0,   0.030,decoder_by_matrix,dc80d1b5cd4a369885d36fbbadd410646ee6a9cd91075667cd6e1b71d0442655,"{""distance"":3,""physical_error_rate"":0.01}","{""detection_events"":3243,""detectors_checked"":114048,""obs_mistake_mask=E"":18}"
      1024,         5,         0,   0.002,decoder_by_matrix,dc80d1b5cd4a369885d36fbbadd410646ee6a9cd91075667cd6e1b71d0442655,"{""distance"":3,""physical_error_rate"":0.01}","{""detection_events"":1299,""detectors_checked"":55296,""obs_mistake_mask=E"":5}"
     13312,         0,         0,   0.037,decoder_by_matrix,e9839e3017c9ef118c4b8aeafef39e78c11ecbdb89764e9ca676a7dc2fb6d062,"{""distance"":3,""physical_error_rate"":1e-06}","{""detectors_checked"":718848}"
      1024,         0,         0,   0.001,decoder_by_matrix,e9839e3017c9ef118c4b8aeafef39e78c11ecbdb89764e9ca676a7dc2fb6d062,"{""distance"":3,""physical_error_rate"":1e-06}","{""detectors_checked"":55296}"
      3072,        13,         0,   0.040,decoder_by_matrix,dc80d1b5cd4a369885d36fbbadd410646ee6a9cd91075667cd6e1b71d0442655,"{""distance"":3,""physical_error_rate"":0.01}","{""detection_events"":4017,""detectors_checked"":165888,""obs_mistake_mask=E"":13}"
      1024,         3,         0,   0.002,decoder_by_matrix,dc80d1b5cd4a369885d36fbbadd410646ee6a9cd91075667cd6e1b71d0442655,"{""distance"":3,""physical_error_rate"":0.01}","{""detection_events"":1476,""detectors_checked"":55296,""obs_mistake_mask=E"":3}"
      5120,        10,         0,   0.100,decoder_by_matrix,bf84ffc61868c0acf247eb3d31d6d1ff07feed51ae0b0770ddaf58683dcdd22c,"{""distance"":3,""physical_error_rate"":0.005}","{""detection_events"":3807,""detectors_checked"":276480,""obs_mistake_mask=E"":10}"
      1024,         0,         0,   0.002,decoder_by_matrix,bf84ffc61868c0acf247eb3d31d6d1ff07feed51ae0b0770ddaf58683dcdd22c,"{""distance"":3,""physical_error_rate"":0.005}","{""detection_events"":771,""detectors_checked"":55296}"
      1024,         5,         0,   0.043,decoder_by_matrix,dc80d1b5cd4a369885d36fbbadd410646ee6a9cd91075667cd6e1b71d0442655,"{""distance"":3,""physical_error_rate"":0.01}","{""detection_events"":1584,""detectors_checked"":55296,""obs_mistake_mask=E"":5}"
      1024,         7,         0,   0.002,decoder_by_matrix,dc80d1b5cd4a369885d36fbbadd410646ee6a9cd91075667cd6e1b71d0442655,"{""distance"":3,""physical_error_rate"":0.01}","{""detection_events"":1542,""detectors_checked"":55296,""obs_mistake_mask=E"":7}"
      2112,         0,         0,   0.084,decoder_by_matrix,bf84ffc61868c0acf247eb3d31d6d1ff07feed51ae0b0770ddaf58683dcdd22c,"{""distance"":3,""physical_error_rate"":0.005}","{""detection_events"":1308,""detectors_checked"":114048}"
      1024,         2,         0,   0.002,decoder_by_matrix,bf84ffc61868c0acf247eb3d31d6d1ff07feed51ae0b0770ddaf58683dcdd22c,"{""distance"":3,""physical_error_rate"":0.005}","{""detection_events"":705,""detectors_checked"":55296,""obs_mistake_mask=E"":2}"
      3136,         0,         0,   0.118,decoder_by_matrix,beec9fd12293a9cfe53c9b61fb8ce2a525e4eed38fa75d132d6dc64699336876,"{""distance"":3,""physical_error_rate"":0.0001}","{""detection_events"":51,""detectors_checked"":169344}"
      1024,         0,         0,   0.002,decoder_by_matrix,beec9fd12293a9cfe53c9b61fb8ce2a525e4eed38fa75d132d6dc64699336876,"{""distance"":3,""physical_error_rate"":0.0001}","{""detection_events"":12,""detectors_checked"":55296}"
      3136,         0,         0,   0.049,decoder_by_matrix,36e3cd26fed5ec7649ec51fb08c1a5e7d7f30e615782d954fee045c18a4962ca,"{""distance"":3,""physical_error_rate"":5e-05}","{""detection_events"":69,""detectors_checked"":169344}"
      1024,         0,         0,   0.002,decoder_by_matrix,36e3cd26fed5ec7649ec51fb08c1a5e7d7f30e615782d954fee045c18a4962ca,"{""distance"":3,""physical_error_rate"":5e-05}","{""detection_events"":15,""detectors_checked"":55296}"
      6144,         0,         0,   0.038,decoder_by_matrix,36e3cd26fed5ec7649ec51fb08c1a5e7d7f30e615782d954fee045c18a4962ca,"{""distance"":3,""physical_error_rate"":5e-05}","{""detection_events"":63,""detectors_checked"":331776}"
      1024,         0,         0,   0.002,decoder_by_matrix,36e3cd26fed5ec7649ec51fb08c1a5e7d7f30e615782d954fee045c18a4962ca,"{""distance"":3,""physical_error_rate"":5e-05}","{""detection_events"":6,""detectors_checked"":55296}"
      5120,         0,         0,   0.046,decoder_by_matrix,36e3cd26fed5ec7649ec51fb08c1a5e7d7f30e615782d954fee045c18a4962ca,"{""distance"":3,""physical_error_rate"":5e-05}","{""detection_events"":72,""detectors_checked"":276480}"
      1024,         0,         0,   0.002,decoder_by_matrix,36e3cd26fed5ec7649ec51fb08c1a5e7d7f30e615782d954fee045c18a4962ca,"{""distance"":3,""physical_error_rate"":5e-05}","{""detection_events"":3,""detectors_checked"":55296}"
      5120,        39,         0,   0.044,decoder_by_matrix,dc80d1b5cd4a369885d36fbbadd410646ee6a9cd91075667cd6e1b71d0442655,"{""distance"":3,""physical_error_rate"":0.01}","{""detection_events"":7749,""detectors_checked"":276480,""obs_mistake_mask=E"":39}"
      1024,         5,         0,   0.003,decoder_by_matrix,dc80d1b5cd4a369885d36fbbadd410646ee6a9cd91075667cd6e1b71d0442655,"{""distance"":3,""physical_error_rate"":0.01}","{""detection_events"":1341,""detectors_checked"":55296,""obs_mistake_mask=E"":5}"
         1,         0,         0,   0.015,decoder_by_matrix,e25b8d07214a8afb95d354611a83b9bb1ded39644e323a8585b3aabf687a4fff,"{""distance"":3,""physical_error_rate"":1e-05}","{""detectors_checked"":54}"
        16,         0,         0,   0.000,decoder_by_matrix,e25b8d07214a8afb95d354611a83b9bb1ded39644e323a8585b3aabf687a4fff,"{""distance"":3,""physical_error_rate"":1e-05}","{""detectors_checked"":864}"
         1,         0,         0,   0.014,decoder_by_matrix,dc80d1b5cd4a369885d36fbbadd410646ee6a9cd91075667cd6e1b71d0442655,"{""distance"":3,""physical_error_rate"":0.01}","{""detectors_checked"":54}"
        16,         0,         0,   0.000,decoder_by_matrix,dc80d1b5cd4a369885d36fbbadd410646ee6a9cd91075667cd6e1b71d0442655,"{""distance"":3,""physical_error_rate"":0.01}","{""detection_events"":15,""detectors_checked"":864}"
         1,         0,         0,   0.010,decoder_by_matrix,bf84ffc61868c0acf247eb3d31d6d1ff07feed51ae0b0770ddaf58683dcdd22c,"{""distance"":3,""physical_error_rate"":0.005}","{""detectors_checked"":54}"
        16,         0,         0,   0.000,decoder_by_matrix,bf84ffc61868c0acf247eb3d31d6d1ff07feed51ae0b0770ddaf58683dcdd22c,"{""distance"":3,""physical_error_rate"":0.005}","{""detection_events"":3,""detectors_checked"":864}"
      3072,         6,         0,   0.041,decoder_by_matrix,bf84ffc61868c0acf247eb3d31d6d1ff07feed51ae0b0770ddaf58683dcdd22c,"{""distance"":3,""physical_error_rate"":0.005}","{""detection_events"":1968,""detectors_checked"":165888,""obs_mistake_mask=E"":6}"
      1024,         1,         0,   0.002,decoder_by_matrix,bf84ffc61868c0acf247eb3d31d6d1ff07feed51ae0b0770ddaf58683dcdd22c,"{""distance"":3,""physical_error_rate"":0.005}","{""detection_events"":684,""detectors_checked"":55296,""obs_mistake_mask=E"":1}"
     14336,         0,         0,   0.055,decoder_by_matrix,5c8c81bfec719079c388cedc47a351f264c1bf769ae28a89f9b4fc7719fea501,"{""distance"":3,""physical_error_rate"":0.0005}","{""detection_events"":999,""detectors_checked"":774144}"
      1024,         0,         0,   0.002,decoder_by_matrix,5c8c81bfec719079c388cedc47a351f264c1bf769ae28a89f9b4fc7719fea501,"{""distance"":3,""physical_error_rate"":0.0005}","{""detection_events"":51,""detectors_checked"":55296}"
      4096,         0,         0,   0.045,decoder_by_matrix,5c8c81bfec719079c388cedc47a351f264c1bf769ae28a89f9b4fc7719fea501,"{""distance"":3,""physical_error_rate"":0.0005}","{""detection_events"":303,""detectors_checked"":221184}"
      1024,         0,         0,   0.002,decoder_by_matrix,5c8c81bfec719079c388cedc47a351f264c1bf769ae28a89f9b4fc7719fea501,"{""distance"":3,""physical_error_rate"":0.0005}","{""detection_events"":78,""detectors_checked"":55296}"
      2112,        12,         0,   0.029,decoder_by_matrix,dc80d1b5cd4a369885d36fbbadd410646ee6a9cd91075667cd6e1b71d0442655,"{""distance"":3,""physical_error_rate"":0.01}","{""detection_events"":2781,""detectors_checked"":114048,""obs_mistake_mask=E"":12}"
      1024,         5,         0,   0.002,decoder_by_matrix,dc80d1b5cd4a369885d36fbbadd410646ee6a9cd91075667cd6e1b71d0442655,"{""distance"":3,""physical_error_rate"":0.01}","{""detection_events"":1422,""detectors_checked"":55296,""obs_mistake_mask=E"":5}"
      3072,         0,         0,   0.023,decoder_by_matrix,f854eed952f7ffb52e4f578393718ba880ba0930c78fe51d50828fe06a713055,"{""distance"":3,""physical_error_rate"":0.001}","{""detection_events"":471,""detectors_checked"":165888}"
      1024,         0,         0,   0.002,decoder_by_matrix,f854eed952f7ffb52e4f578393718ba880ba0930c78fe51d50828fe06a713055,"{""distance"":3,""physical_error_rate"":0.001}","{""detection_events"":156,""detectors_checked"":55296}"
     12288,         0,         0,   0.038,decoder_by_matrix,e25b8d07214a8afb95d354611a83b9bb1ded39644e323a8585b3aabf687a4fff,"{""distance"":3,""physical_error_rate"":1e-05}","{""detection_events"":3,""detectors_checked"":663552}"
      1024,         0,         0,   0.001,decoder_by_matrix,e25b8d07214a8afb95d354611a83b9bb1ded39644e323a8585b3aabf687a4fff,"{""distance"":3,""physical_error_rate"":1e-05}","{""detectors_checked"":55296}"
         1,         0,         0,   0.020,decoder_by_matrix,e25b8d07214a8afb95d354611a83b9bb1ded39644e323a8585b3aabf687a4fff,"{""distance"":3,""physical_error_rate"":1e-05}","{""detectors_checked"":54}"
        16,         0,         0,   0.000,decoder_by_matrix,e25b8d07214a8afb95d354611a83b9bb1ded39644e323a8585b3aabf687a4fff,"{""distance"":3,""physical_error_rate"":1e-05}","{""detectors_checked"":864}"
      9216,         0,         0,   0.038,decoder_by_matrix,560c721f87db01d4cacf7dcb7d8812fecde61e9e7776d4b9e1b1a792578ecad7,"{""distance"":3,""physical_error_rate"":5e-06}","{""detectors_checked"":497664}"
      1024,         0,         0,   0.001,decoder_by_matrix,560c721f87db01d4cacf7dcb7d8812fecde61e9e7776d4b9e1b1a792578ecad7,"{""distance"":3,""physical_error_rate"":5e-06}","{""detectors_checked"":55296}"
     10240,         0,         0,   0.042,decoder_by_matrix,e9839e3017c9ef118c4b8aeafef39e78c11ecbdb89764e9ca676a7dc2fb6d062,"{""distance"":3,""physical_error_rate"":1e-06}","{""detection_events"":9,""detectors_checked"":552960}"
      1024,         0,         0,   0.001,decoder_by_matrix,e9839e3017c9ef118c4b8aeafef39e78c11ecbdb89764e9ca676a7dc2fb6d062,"{""distance"":3,""physical_error_rate"":1e-06}","{""detectors_checked"":55296}"
      5376,         1,         0,   0.028,decoder_by_matrix,5c8c81bfec719079c388cedc47a351f264c1bf769ae28a89f9b4fc7719fea501,"{""distance"":3,""physical_error_rate"":0.0005}","{""detection_events"":501,""detectors_checked"":290304,""obs_mistake_mask=E"":1}"
      1024,         0,         0,   0.002,decoder_by_matrix,5c8c81bfec719079c388cedc47a351f264c1bf769ae28a89f9b4fc7719fea501,"{""distance"":3,""physical_error_rate"":0.0005}","{""detection_events"":69,""detectors_checked"":55296}"
      5120,         7,         0,   0.107,decoder_by_matrix,bf84ffc61868c0acf247eb3d31d6d1ff07feed51ae0b0770ddaf58683dcdd22c,"{""distance"":3,""physical_error_rate"":0.005}","{""detection_events"":3237,""detectors_checked"":276480,""obs_mistake_mask=E"":7}"
      1024,         2,         0,   0.002,decoder_by_matrix,bf84ffc61868c0acf247eb3d31d6d1ff07feed51ae0b0770ddaf58683dcdd22c,"{""distance"":3,""physical_error_rate"":0.005}","{""detection_events"":708,""detectors_checked"":55296,""obs_mistake_mask=E"":2}"
      4352,         0,         0,   0.033,decoder_by_matrix,beec9fd12293a9cfe53c9b61fb8ce2a525e4eed38fa75d132d6dc64699336876,"{""distance"":3,""physical_error_rate"":0.0001}","{""detection_events"":75,""detectors_checked"":235008}"
      1024,         0,         0,   0.001,decoder_by_matrix,beec9fd12293a9cfe53c9b61fb8ce2a525e4eed38fa75d132d6dc64699336876,"{""distance"":3,""physical_error_rate"":0.0001}","{""detectors_checked"":55296}"
      1024,         0,         0,   0.002,decoder_by_matrix,beec9fd12293a9cfe53c9b61fb8ce2a525e4eed38fa75d132d6dc64699336876,"{""distance"":3,""physical_error_rate"":0.0001}","{""detection_events"":18,""detectors_checked"":55296}"
      7168,         0,         0,   0.041,decoder_by_matrix,e25b8d07214a8afb95d354611a83b9bb1ded39644e323a8585b3aabf687a4fff,"{""distance"":3,""physical_error_rate"":1e-05}","{""detection_events"":33,""detectors_checked"":387072}"
      1024,         0,         0,   0.001,decoder_by_matrix,e25b8d07214a8afb95d354611a83b9bb1ded39644e323a8585b3aabf687a4fff,"{""distance"":3,""physical_error_rate"":1e-05}","{""detectors_checked"":55296}"
         1,         0,         0,   0.027,decoder_by_matrix,560c721f87db01d4cacf7dcb7d8812fecde61e9e7776d4b9e1b1a792578ecad7,"{""distance"":3,""physical_error_rate"":5e-06}","{""detectors_checked"":54}"
        16,         0,         0,   0.000,decoder_by_matrix,560c721f87db01d4cacf7dcb7d8812fecde61e9e7776d4b9e1b1a792578ecad7,"{""distance"":3,""physical_error_rate"":5e-06}","{""detectors_checked"":864}"
         1,         0,         0,   0.020,decoder_by_matrix,36e3cd26fed5ec7649ec51fb08c1a5e7d7f30e615782d954fee045c18a4962ca,"{""distance"":3,""physical_error_rate"":5e-05}","{""detectors_checked"":54}"
        16,         0,         0,   0.000,decoder_by_matrix,36e3cd26fed5ec7649ec51fb08c1a5e7d7f30e615782d954fee045c18a4962ca,"{""distance"":3,""physical_error_rate"":5e-05}","{""detectors_checked"":864}"
      6144,         0,         0,   0.042,decoder_by_matrix,e9839e3017c9ef118c4b8aeafef39e78c11ecbdb89764e9ca676a7dc2fb6d062,"{""distance"":3,""physical_error_rate"":1e-06}","{""detectors_checked"":331776}"
      1024,         0,         0,   0.001,decoder_by_matrix,e9839e3017c9ef118c4b8aeafef39e78c11ecbdb89764e9ca676a7dc2fb6d062,"{""distance"":3,""physical_error_rate"":1e-06}","{""detectors_checked"":55296}"
     11264,         0,         0,   0.040,decoder_by_matrix,560c721f87db01d4cacf7dcb7d8812fecde61e9e7776d4b9e1b1a792578ecad7,"{""distance"":3,""physical_error_rate"":5e-06}","{""detection_events"":3,""detectors_checked"":608256}"
      1024,         0,         0,   0.001,decoder_by_matrix,560c721f87db01d4cacf7dcb7d8812fecde61e9e7776d4b9e1b1a792578ecad7,"{""distance"":3,""physical_error_rate"":5e-06}","{""detectors_checked"":55296}"
     13312,         0,         0,   0.039,decoder_by_matrix,e9839e3017c9ef118c4b8aeafef39e78c11ecbdb89764e9ca676a7dc2fb6d062,"{""distance"":3,""physical_error_rate"":1e-06}","{""detectors_checked"":718848}"
      1024,         0,         0,   0.001,decoder_by_matrix,e9839e3017c9ef118c4b8aeafef39e78c11ecbdb89764e9ca676a7dc2fb6d062,"{""distance"":3,""physical_error_rate"":1e-06}","{""detectors_checked"":55296}"
      5120,        11,         0,   0.055,decoder_by_matrix,bf84ffc61868c0acf247eb3d31d6d1ff07feed51ae0b0770ddaf58683dcdd22c,"{""distance"":3,""physical_error_rate"":0.005}","{""detection_events"":3756,""detectors_checked"":276480,""obs_mistake_mask=E"":11}"
      1024,         1,         0,   0.002,decoder_by_matrix,bf84ffc61868c0acf247eb3d31d6d1ff07feed51ae0b0770ddaf58683dcdd22c,"{""distance"":3,""physical_error_rate"":0.005}","{""detection_events"":903,""detectors_checked"":55296,""obs_mistake_mask=E"":1}"
      6144,         0,         0,   0.055,decoder_by_matrix,f854eed952f7ffb52e4f578393718ba880ba0930c78fe51d50828fe06a713055,"{""distance"":3,""physical_error_rate"":0.001}","{""detection_events"":750,""detectors_checked"":331776}"
      1024,         0,         0,   0.002,decoder_by_matrix,f854eed952f7ffb52e4f578393718ba880ba0930c78fe51d50828fe06a713055,"{""distance"":3,""physical_error_rate"":0.001}","{""detection_events"":138,""detectors_checked"":55296}"
      4096,        19,         0,   0.113,decoder_by_matrix,dc80d1b5cd4a369885d36fbbadd410646ee6a9cd91075667cd6e1b71d0442655,"{""distance"":3,""physical_error_rate"":0.01}","{""detection_events"":5787,""detectors_checked"":221184,""obs_mistake_mask=E"":19}"
      1024,        10,         0,   0.002,decoder_by_matrix,dc80d1b5cd4a369885d36fbbadd410646ee6a9cd91075667cd6e1b71d0442655,"{""distance"":3,""physical_error_rate"":0.01}","{""detection_events"":1461,""detectors_checked"":55296,""obs_mistake_mask=E"":10}"
      6144,         1,         0,   0.205,decoder_by_matrix,f854eed952f7ffb52e4f578393718ba880ba0930c78fe51d50828fe06a713055,"{""distance"":3,""physical_error_rate"":0.001}","{""detection_events"":783,""detectors_checked"":331776,""obs_mistake_mask=E"":1}"
      1024,         0,         0,   0.002,decoder_by_matrix,f854eed952f7ffb52e4f578393718ba880ba0930c78fe51d50828fe06a713055,"{""distance"":3,""physical_error_rate"":0.001}","{""detection_events"":129,""detectors_checked"":55296}"
     20480,         0,         0,   0.119,decoder_by_matrix,e9839e3017c9ef118c4b8aeafef39e78c11ecbdb89764e9ca676a7dc2fb6d062,"{""distance"":3,""physical_error_rate"":1e-06}","{""detectors_checked"":1105920}"
      1024,         0,         0,   0.001,decoder_by_matrix,e9839e3017c9ef118c4b8aeafef39e78c11ecbdb89764e9ca676a7dc2fb6d062,"{""distance"":3,""physical_error_rate"":1e-06}","{""detectors_checked"":55296}"
         1,         0,         0,   0.010,decoder_by_matrix,560c721f87db01d4cacf7dcb7d8812fecde61e9e7776d4b9e1b1a792578ecad7,"{""distance"":3,""physical_error_rate"":5e-06}","{""detectors_checked"":54}"
        16,         0,         0,   0.000,decoder_by_matrix,560c721f87db01d4cacf7dcb7d8812fecde61e9e7776d4b9e1b1a792578ecad7,"{""distance"":3,""physical_error_rate"":5e-06}","{""detectors_checked"":864}"
         1,         0,         0,   0.011,decoder_by_matrix,beec9fd12293a9cfe53c9b61fb8ce2a525e4eed38fa75d132d6dc64699336876,"{""distance"":3,""physical_error_rate"":0.0001}","{""detectors_checked"":54}"
        16,         0,         0,   0.000,decoder_by_matrix,beec9fd12293a9cfe53c9b61fb8ce2a525e4eed38fa75d132d6dc64699336876,"{""distance"":3,""physical_error_rate"":0.0001}","{""detectors_checked"":864}"
         1,         0,         0,   0.019,decoder_by_matrix,dc80d1b5cd4a369885d36fbbadd410646ee6a9cd91075667cd6e1b71d0442655,"{""distance"":3,""physical_error_rate"":0.01}","{""detectors_checked"":54}"
        16,         0,         0,   0.000,decoder_by_matrix,dc80d1b5cd4a369885d36fbbadd410646ee6a9cd91075667cd6e1b71d0442655,"{""distance"":3,""physical_error_rate"":0.01}","{""detection_events"":24,""detectors_checked"":864}"
         1,         0,         0,   0.024,decoder_by_matrix,e9839e3017c9ef118c4b8aeafef39e78c11ecbdb89764e9ca676a7dc2fb6d062,"{""distance"":3,""physical_error_rate"":1e-06}","{""detectors_checked"":54}"
        16,         0,         0,   0.000,decoder_by_matrix,e9839e3017c9ef118c4b8aeafef39e78c11ecbdb89764e9ca676a7dc2fb6d062,"{""distance"":3,""physical_error_rate"":1e-06}","{""detectors_checked"":864}"
      2304,         7,         0,   0.026,decoder_by_matrix,dc80d1b5cd4a369885d36fbbadd410646ee6a9cd91075667cd6e1b71d0442655,"{""distance"":3,""physical_error_rate"":0.01}","{""detection_events"":3114,""detectors_checked"":124416,""obs_mistake_mask=E"":7}"
      1024,         6,         0,   0.002,decoder_by_matrix,dc80d1b5cd4a369885d36fbbadd410646ee6a9cd91075667cd6e1b71d0442655,"{""distance"":3,""physical_error_rate"":0.01}","{""detection_events"":1518,""detectors_checked"":55296,""obs_mistake_mask=E"":6}"
      5120,         0,         0,   0.049,decoder_by_matrix,36e3cd26fed5ec7649ec51fb08c1a5e7d7f30e615782d954fee045c18a4962ca,"{""distance"":3,""physical_error_rate"":5e-05}","{""detection_events"":36,""detectors_checked"":276480}"
      1024,         0,         0,   0.002,decoder_by_matrix,36e3cd26fed5ec7649ec51fb08c1a5e7d7f30e615782d954fee045c18a4962ca,"{""distance"":3,""physical_error_rate"":5e-05}","{""detection_events"":3,""detectors_checked"":55296}"
     10496,         0,         0,   0.038,decoder_by_matrix,e25b8d07214a8afb95d354611a83b9bb1ded39644e323a8585b3aabf687a4fff,"{""distance"":3,""physical_error_rate"":1e-05}","{""detection_events"":3,""detectors_checked"":566784}"
      1024,         0,         0,   0.001,decoder_by_matrix,e25b8d07214a8afb95d354611a83b9bb1ded39644e323a8585b3aabf687a4fff,"{""distance"":3,""physical_error_rate"":1e-05}","{""detectors_checked"":55296}"
      5184,         0,         0,   0.028,decoder_by_matrix,f854eed952f7ffb52e4f578393718ba880ba0930c78fe51d50828fe06a713055,"{""distance"":3,""physical_error_rate"":0.001}","{""detection_events"":735,""detectors_checked"":279936}"
      1024,         0,         0,   0.002,decoder_by_matrix,f854eed952f7ffb52e4f578393718ba880ba0930c78fe51d50828fe06a713055,"{""distance"":3,""physical_error_rate"":0.001}","{""detection_events"":102,""detectors_checked"":55296}"
      9216,         0,         0,   0.039,decoder_by_matrix,beec9fd12293a9cfe53c9b61fb8ce2a525e4eed38fa75d132d6dc64699336876,"{""distance"":3,""physical_error_rate"":0.0001}","{""detection_events"":111,""detectors_checked"":497664}"
      1024,         0,         0,   0.002,decoder_by_matrix,beec9fd12293a9cfe53c9b61fb8ce2a525e4eed38fa75d132d6dc64699336876,"{""distance"":3,""physical_error_rate"":0.0001}","{""detection_events"":9,""detectors_checked"":55296}"
      8192,         0,         0,   0.039,decoder_by_matrix,5c8c81bfec719079c388cedc47a351f264c1bf769ae28a89f9b4fc7719fea501,"{""distance"":3,""physical_error_rate"":0.0005}","{""detection_events"":564,""detectors_checked"":442368}"
      1024,         0,         0,   0.002,decoder_by_matrix,5c8c81bfec719079c388cedc47a351f264c1bf769ae28a89f9b4fc7719fea501,"{""distance"":3,""physical_error_rate"":0.0005}","{""detection_events"":66,""detectors_checked"":55296}"
      5120,         0,         0,   0.030,decoder_by_matrix,beec9fd12293a9cfe53c9b61fb8ce2a525e4eed38fa75d132d6dc64699336876,"{""distance"":3,""physical_error_rate"":0.0001}","{""detection_events"":75,""detectors_checked"":276480}"
      1024,         0,         0,   0.002,decoder_by_matrix,beec9fd12293a9cfe53c9b61fb8ce2a525e4eed38fa75d132d6dc64699336876,"{""distance"":3,""physical_error_rate"":0.0001}","{""detection_events"":27,""detectors_checked"":55296}"
     14336,         0,         0,   0.027,decoder_by_matrix,e9839e3017c9ef118c4b8aeafef39e78c11ecbdb89764e9ca676a7dc2fb6d062,"{""distance"":3,""physical_error_rate"":1e-06}","{""detectors_checked"":774144}"
      1024,         0,         0,   0.001,decoder_by_matrix,e9839e3017c9ef118c4b8aeafef39e78c11ecbdb89764e9ca676a7dc2fb6d062,"{""distance"":3,""physical_error_rate"":1e-06}","{""detectors_checked"":55296}"
      7168,         0,         0,   0.045,decoder_by_matrix,560c721f87db01d4cacf7dcb7d8812fecde61e9e7776d4b9e1b1a792578ecad7,"{""distance"":3,""physical_error_rate"":5e-06}","{""detection_events"":6,""detectors_checked"":387072}"
      1024,         0,         0,   0.001,decoder_by_matrix,560c721f87db01d4cacf7dcb7d8812fecde61e9e7776d4b9e1b1a792578ecad7,"{""distance"":3,""physical_error_rate"":5e-06}","{""detectors_checked"":55296}"
      9216,         0,         0,   0.043,decoder_by_matrix,e25b8d07214a8afb95d354611a83b9bb1ded39644e323a8585b3aabf687a4fff,"{""distance"":3,""physical_error_rate"":1e-05}","{""detection_events"":3,""detectors_checked"":497664}"
      1024,         0,         0,   0.001,decoder_by_matrix,e25b8d07214a8afb95d354611a83b9bb1ded39644e323a8585b3aabf687a4fff,"{""distance"":3,""physical_error_rate"":1e-05}","{""detectors_checked"":55296}"
      4352,         0,         0,   0.024,decoder_by_matrix,e25b8d07214a8afb95d354611a83b9bb1ded39644e323a8585b3aabf687a4fff,"{""distance"":3,""physical_error_rate"":1e-05}","{""detection_events"":12,""detectors_checked"":235008}"
      1024,         0,         0,   0.001,decoder_by_matrix,e25b8d07214a8afb95d354611a83b9bb1ded39644e323a8585b3aabf687a4fff,"{""distance"":3,""physical_error_rate"":1e-05}","{""detectors_checked"":55296}"
      7168,         0,         0,   0.043,decoder_by_matrix,beec9fd12293a9cfe53c9b61fb8ce2a525e4eed38fa75d132d6dc64699336876,"{""distance"":3,""physical_error_rate"":0.0001}","{""detection_events"":111,""detectors_checked"":387072}"
      1024,         0,         0,   0.002,decoder_by_matrix,beec9fd12293a9cfe53c9b61fb8ce2a525e4eed38fa75d132d6dc64699336876,"{""distance"":3,""physical_error_rate"":0.0001}","{""detection_events"":18,""detectors_checked"":55296}"
      6144,         0,         0,   0.186,decoder_by_matrix,5c8c81bfec719079c388cedc47a351f264c1bf769ae28a89f9b4fc7719fea501,"{""distance"":3,""physical_error_rate"":0.0005}","{""detection_events"":390,""detectors_checked"":331776}"
      1024,         0,         0,   0.002,decoder_by_matrix,5c8c81bfec719079c388cedc47a351f264c1bf769ae28a89f9b4fc7719fea501,"{""distance"":3,""physical_error_rate"":0.0005}","{""detection_events"":75,""detectors_checked"":55296}"
      6144,         0,         0,   0.124,decoder_by_matrix,5c8c81bfec719079c388cedc47a351f264c1bf769ae28a89f9b4fc7719fea501,"{""distance"":3,""physical_error_rate"":0.0005}","{""detection_events"":456,""detectors_checked"":331776}"
      1024,         0,         0,   0.002,decoder_by_matrix,5c8c81bfec719079c388cedc47a351f264c1bf769ae28a89f9b4fc7719fea501,"{""distance"":3,""physical_error_rate"":0.0005}","{""detection_events"":78,""detectors_checked"":55296}"
     17408,         0,         0,   0.192,decoder_by_matrix,560c721f87db01d4cacf7dcb7d8812fecde61e9e7776d4b9e1b1a792578ecad7,"{""distance"":3,""physical_error_rate"":5e-06}","{""detection_events"":3,""detectors_checked"":940032}"
      1024,         0,         0,   0.001,decoder_by_matrix,560c721f87db01d4cacf7dcb7d8812fecde61e9e7776d4b9e1b1a792578ecad7,"{""distance"":3,""physical_error_rate"":5e-06}","{""detectors_checked"":55296}"
      7168,         0,         0,   0.126,decoder_by_matrix,beec9fd12293a9cfe53c9b61fb8ce2a525e4eed38fa75d132d6dc64699336876,"{""distance"":3,""physical_error_rate"":0.0001}","{""detection_events"":117,""detectors_checked"":387072}"
      1024,         0,         0,   0.002,decoder_by_matrix,beec9fd12293a9cfe53c9b61fb8ce2a525e4eed38fa75d132d6dc64699336876,"{""distance"":3,""physical_error_rate"":0.0001}","{""detection_events"":15,""detectors_checked"":55296}"
      5120,         4,         0,   0.202,decoder_by_matrix,bf84ffc61868c0acf247eb3d31d6d1ff07feed51ae0b0770ddaf58683dcdd22c,"{""distance"":3,""physical_error_rate"":0.005}","{""detection_events"":3747,""detectors_checked"":276480,""obs_mistake_mask=E"":4}"
      6400,         0,         0,   0.033,decoder_by_matrix,36e3cd26fed5ec7649ec51fb08c1a5e7d7f30e615782d954fee045c18a4962ca,"{""distance"":3,""physical_error_rate"":5e-05}","{""detection_events"":57,""detectors_checked"":345600}"
      1024,         0,         0,   0.002,decoder_by_matrix,36e3cd26fed5ec7649ec51fb08c1a5e7d7f30e615782d954fee045c18a4962ca,"{""distance"":3,""physical_error_rate"":5e-05}","{""detection_events"":3,""detectors_checked"":55296}"
     19456,         0,         0,   0.585,decoder_by_matrix,36e3cd26fed5ec7649ec51fb08c1a5e7d7f30e615782d954fee045c18a4962ca,"{""distance"":3,""physical_error_rate"":5e-05}","{""detection_events"":144,""detectors_checked"":1050624}"
      1024,         0,         0,   0.002,decoder_by_matrix,36e3cd26fed5ec7649ec51fb08c1a5e7d7f30e615782d954fee045c18a4962ca,"{""distance"":3,""physical_error_rate"":5e-05}","{""detection_events"":9,""detectors_checked"":55296}"
      7168,        37,         0,   0.355,decoder_by_matrix,dc80d1b5cd4a369885d36fbbadd410646ee6a9cd91075667cd6e1b71d0442655,"{""distance"":3,""physical_error_rate"":0.01}","{""detection_events"":10203,""detectors_checked"":387072,""obs_mistake_mask=E"":37}"
      1024,         6,         0,   0.002,decoder_by_matrix,dc80d1b5cd4a369885d36fbbadd410646ee6a9cd91075667cd6e1b71d0442655,"{""distance"":3,""physical_error_rate"":0.01}","{""detection_events"":1431,""detectors_checked"":55296,""obs_mistake_mask=E"":6}"
     19456,         0,         0,   0.152,decoder_by_matrix,e25b8d07214a8afb95d354611a83b9bb1ded39644e323a8585b3aabf687a4fff,"{""distance"":3,""physical_error_rate"":1e-05}","{""detection_events"":24,""detectors_checked"":1050624}"
      1024,         0,         0,   0.002,decoder_by_matrix,e25b8d07214a8afb95d354611a83b9bb1ded39644e323a8585b3aabf687a4fff,"{""distance"":3,""physical_error_rate"":1e-05}","{""detection_events"":6,""detectors_checked"":55296}"
     33792,         0,         0,   0.581,decoder_by_matrix,e25b8d07214a8afb95d354611a83b9bb1ded39644e323a8585b3aabf687a4fff,"{""distance"":3,""physical_error_rate"":1e-05}","{""detection_events"":24,""detectors_checked"":1824768}"
      1024,         0,         0,   0.001,decoder_by_matrix,e25b8d07214a8afb95d354611a83b9bb1ded39644e323a8585b3aabf687a4fff,"{""distance"":3,""physical_error_rate"":1e-05}","{""detectors_checked"":55296}"
     10240,         0,         0,   0.277,decoder_by_matrix,36e3cd26fed5ec7649ec51fb08c1a5e7d7f30e615782d954fee045c18a4962ca,"{""distance"":3,""physical_error_rate"":5e-05}","{""detection_events"":96,""detectors_checked"":552960}"
      1024,         0,         0,   0.002,decoder_by_matrix,36e3cd26fed5ec7649ec51fb08c1a5e7d7f30e615782d954fee045c18a4962ca,"{""distance"":3,""physical_error_rate"":5e-05}","{""detection_events"":6,""detectors_checked"":55296}"
      5120,        40,         0,   0.272,decoder_by_matrix,dc80d1b5cd4a369885d36fbbadd410646ee6a9cd91075667cd6e1b71d0442655,"{""distance"":3,""physical_error_rate"":0.01}","{""detection_events"":7344,""detectors_checked"":276480,""obs_mistake_mask=E"":40}"
      1024,         5,         0,   0.002,decoder_by_matrix,dc80d1b5cd4a369885d36fbbadd410646ee6a9cd91075667cd6e1b71d0442655,"{""distance"":3,""physical_error_rate"":0.01}","{""detection_events"":1335,""detectors_checked"":55296,""obs_mistake_mask=E"":5}"
         1,         0,         0,   0.023,decoder_by_matrix,e9839e3017c9ef118c4b8aeafef39e78c11ecbdb89764e9ca676a7dc2fb6d062,"{""distance"":3,""physical_error_rate"":1e-06}","{""detectors_checked"":54}"
        16,         0,         0,   0.000,decoder_by_matrix,e9839e3017c9ef118c4b8aeafef39e78c11ecbdb89764e9ca676a7dc2fb6d062,"{""distance"":3,""physical_error_rate"":1e-06}","{""detectors_checked"":864}"
      9216,         0,         0,   0.198,decoder_by_matrix,36e3cd26fed5ec7649ec51fb08c1a5e7d7f30e615782d954fee045c18a4962ca,"{""distance"":3,""physical_error_rate"":5e-05}","{""detection_events"":75,""detectors_checked"":497664}"
      1024,         0,         0,   0.002,decoder_by_matrix,36e3cd26fed5ec7649ec51fb08c1a5e7d7f30e615782d954fee045c18a4962ca,"{""distance"":3,""physical_error_rate"":5e-05}","{""detection_events"":6,""detectors_checked"":55296}"
      6144,         0,         0,   0.052,decoder_by_matrix,e9839e3017c9ef118c4b8aeafef39e78c11ecbdb89764e9ca676a7dc2fb6d062,"{""distance"":3,""physical_error_rate"":1e-06}","{""detection_events"":9,""detectors_checked"":331776}"
      1024,         0,         0,   0.001,decoder_by_matrix,e9839e3017c9ef118c4b8aeafef39e78c11ecbdb89764e9ca676a7dc2fb6d062,"{""distance"":3,""physical_error_rate"":1e-06}","{""detectors_checked"":55296}"
      6144,        38,         0,   0.085,decoder_by_matrix,dc80d1b5cd4a369885d36fbbadd410646ee6a9cd91075667cd6e1b71d0442655,"{""distance"":3,""physical_error_rate"":0.01}","{""detection_events"":8790,""detectors_checked"":331776,""obs_mistake_mask=E"":38}"
      1024,         6,         0,   0.002,decoder_by_matrix,dc80d1b5cd4a369885d36fbbadd410646ee6a9cd91075667cd6e1b71d0442655,"{""distance"":3,""physical_error_rate"":0.01}","{""detection_events"":1326,""detectors_checked"":55296,""obs_mistake_mask=E"":6}"
     11520,         0,         0,   0.032,decoder_by_matrix,560c721f87db01d4cacf7dcb7d8812fecde61e9e7776d4b9e1b1a792578ecad7,"{""distance"":3,""physical_error_rate"":5e-06}","{""detection_events"":15,""detectors_checked"":622080}"
      1024,         0,         0,   0.001,decoder_by_matrix,560c721f87db01d4cacf7dcb7d8812fecde61e9e7776d4b9e1b1a792578ecad7,"{""distance"":3,""physical_error_rate"":5e-06}","{""detectors_checked"":55296}"
     32768,         0,         0,   0.171,decoder_by_matrix,e9839e3017c9ef118c4b8aeafef39e78c11ecbdb89764e9ca676a7dc2fb6d062,"{""distance"":3,""physical_error_rate"":1e-06}","{""detection_events"":15,""detectors_checked"":1769472}"
      1024,         0,         0,   0.001,decoder_by_matrix,e9839e3017c9ef118c4b8aeafef39e78c11ecbdb89764e9ca676a7dc2fb6d062,"{""distance"":3,""physical_error_rate"":1e-06}","{""detectors_checked"":55296}"
      2304,         3,         0,   0.025,decoder_by_matrix,bf84ffc61868c0acf247eb3d31d6d1ff07feed51ae0b0770ddaf58683dcdd22c,"{""distance"":3,""physical_error_rate"":0.005}","{""detection_events"":1677,""detectors_checked"":124416,""obs_mistake_mask=E"":3}"
      1024,         1,         0,   0.002,decoder_by_matrix,bf84ffc61868c0acf247eb3d31d6d1ff07feed51ae0b0770ddaf58683dcdd22c,"{""distance"":3,""physical_error_rate"":0.005}","{""detection_events"":690,""detectors_checked"":55296,""obs_mistake_mask=E"":1}"
     26624,         0,         0,   0.184,decoder_by_matrix,560c721f87db01d4cacf7dcb7d8812fecde61e9e7776d4b9e1b1a792578ecad7,"{""distance"":3,""physical_error_rate"":5e-06}","{""detection_events"":9,""detectors_checked"":1437696}"
      1024,         0,         0,   0.001,decoder_by_matrix,560c721f87db01d4cacf7dcb7d8812fecde61e9e7776d4b9e1b1a792578ecad7,"{""distance"":3,""physical_error_rate"":5e-06}","{""detectors_checked"":55296}"
     11264,         0,         0,   0.111,decoder_by_matrix,e25b8d07214a8afb95d354611a83b9bb1ded39644e323a8585b3aabf687a4fff,"{""distance"":3,""physical_error_rate"":1e-05}","{""detection_events"":39,""detectors_checked"":608256}"
      1024,         0,         0,   0.001,decoder_by_matrix,e25b8d07214a8afb95d354611a83b9bb1ded39644e323a8585b3aabf687a4fff,"{""distance"":3,""physical_error_rate"":1e-05}","{""detectors_checked"":55296}"
      2304,         0,         0,   0.026,decoder_by_matrix,beec9fd12293a9cfe53c9b61fb8ce2a525e4eed38fa75d132d6dc64699336876,"{""distance"":3,""physical_error_rate"":0.0001}","{""detection_events"":51,""detectors_checked"":124416}"
      1024,         0,         0,   0.001,decoder_by_matrix,beec9fd12293a9cfe53c9b61fb8ce2a525e4eed38fa75d132d6dc64699336876,"{""distance"":3,""physical_error_rate"":0.0001}","{""detectors_checked"":55296}"
      4352,         0,         0,   0.022,decoder_by_matrix,e9839e3017c9ef118c4b8aeafef39e78c11ecbdb89764e9ca676a7dc2fb6d062,"{""distance"":3,""physical_error_rate"":1e-06}","{""detection_events"":12,""detectors_checked"":235008}"
      1024,         0,         0,   0.001,decoder_by_matrix,e9839e3017c9ef118c4b8aeafef39e78c11ecbdb89764e9ca676a7dc2fb6d062,"{""distance"":3,""physical_error_rate"":1e-06}","{""detectors_checked"":55296}"
      2304,        17,         0,   0.031,decoder_by_matrix,dc80d1b5cd4a369885d36fbbadd410646ee6a9cd91075667cd6e1b71d0442655,"{""distance"":3,""physical_error_rate"":0.01}","{""detection_events"":3138,""detectors_checked"":124416,""obs_mistake_mask=E"":17}"
      1024,         9,         0,   0.002,decoder_by_matrix,dc80d1b5cd4a369885d36fbbadd410646ee6a9cd91075667cd6e1b71d0442655,"{""distance"":3,""physical_error_rate"":0.01}","{""detection_events"":1554,""detectors_checked"":55296,""obs_mistake_mask=E"":9}"
      4096,         0,         0,   0.038,decoder_by_matrix,5c8c81bfec719079c388cedc47a351f264c1bf769ae28a89f9b4fc7719fea501,"{""distance"":3,""physical_error_rate"":0.0005}","{""detection_events"":270,""detectors_checked"":221184}"
      1024,         0,         0,   0.002,decoder_by_matrix,5c8c81bfec719079c388cedc47a351f264c1bf769ae28a89f9b4fc7719fea501,"{""distance"":3,""physical_error_rate"":0.0005}","{""detection_events"":69,""detectors_checked"":55296}"
      5120,         0,         0,   0.057,decoder_by_matrix,beec9fd12293a9cfe53c9b61fb8ce2a525e4eed38fa75d132d6dc64699336876,"{""distance"":3,""physical_error_rate"":0.0001}","{""detection_events"":72,""detectors_checked"":276480}"
      1024,         0,         0,   0.002,decoder_by_matrix,beec9fd12293a9cfe53c9b61fb8ce2a525e4eed38fa75d132d6dc64699336876,"{""distance"":3,""physical_error_rate"":0.0001}","{""detection_events"":12,""detectors_checked"":55296}"
      4096,        31,         0,   0.189,decoder_by_matrix,dc80d1b5cd4a369885d36fbbadd410646ee6a9cd91075667cd6e1b71d0442655,"{""distance"":3,""physical_error_rate"":0.01}","{""detection_events"":5838,""detectors_checked"":221184,""obs_mistake_mask=E"":31}"
      1024,         3,         0,   0.002,decoder_by_matrix,dc80d1b5cd4a369885d36fbbadd410646ee6a9cd91075667cd6e1b71d0442655,"{""distance"":3,""physical_error_rate"":0.01}","{""detection_events"":1410,""detectors_checked"":55296,""obs_mistake_mask=E"":3}"
      6144,         0,         0,   0.186,decoder_by_matrix,f854eed952f7ffb52e4f578393718ba880ba0930c78fe51d50828fe06a713055,"{""distance"":3,""physical_error_rate"":0.001}","{""detection_events"":900,""detectors_checked"":331776}"
      1024,         0,         0,   0.002,decoder_by_matrix,f854eed952f7ffb52e4f578393718ba880ba0930c78fe51d50828fe06a713055,"{""distance"":3,""physical_error_rate"":0.001}","{""detection_events"":117,""detectors_checked"":55296}"
      8192,         9,         0,   0.075,decoder_by_matrix,bf84ffc61868c0acf247eb3d31d6d1ff07feed51ae0b0770ddaf58683dcdd22c,"{""distance"":3,""physical_error_rate"":0.005}","{""detection_events"":5874,""detectors_checked"":442368,""obs_mistake_mask=E"":9}"
      1024,         0,         0,   0.002,decoder_by_matrix,bf84ffc61868c0acf247eb3d31d6d1ff07feed51ae0b0770ddaf58683dcdd22c,"{""distance"":3,""physical_error_rate"":0.005}","{""detection_events"":699,""detectors_checked"":55296}"
     16384,         0,         0,   0.135,decoder_by_matrix,560c721f87db01d4cacf7dcb7d8812fecde61e9e7776d4b9e1b1a792578ecad7,"{""distance"":3,""physical_error_rate"":5e-06}","{""detection_events"":18,""detectors_checked"":884736}"
      1024,         0,         0,   0.001,decoder_by_matrix,560c721f87db01d4cacf7dcb7d8812fecde61e9e7776d4b9e1b1a792578ecad7,"{""distance"":3,""physical_error_rate"":5e-06}","{""detectors_checked"":55296}"
      1024,         1,         0,   0.002,decoder_by_matrix,bf84ffc61868c0acf247eb3d31d6d1ff07feed51ae0b0770ddaf58683dcdd22c,"{""distance"":3,""physical_error_rate"":0.005}","{""detection_events"":699,""detectors_checked"":55296,""obs_mistake_mask=E"":1}"
      1024,         2,         0,   0.002,decoder_by_matrix,bf84ffc61868c0acf247eb3d31d6d1ff07feed51ae0b0770ddaf58683dcdd22c,"{""distance"":3,""physical_error_rate"":0.005}","{""detection_events"":672,""detectors_checked"":55296,""obs_mistake_mask=E"":2}"
     13312,         0,         0,   0.134,decoder_by_matrix,e25b8d07214a8afb95d354611a83b9bb1ded39644e323a8585b3aabf687a4fff,"{""distance"":3,""physical_error_rate"":1e-05}","{""detection_events"":33,""detectors_checked"":718848}"
      1024,         0,         0,   0.001,decoder_by_matrix,e25b8d07214a8afb95d354611a83b9bb1ded39644e323a8585b3aabf687a4fff,"{""distance"":3,""physical_error_rate"":1e-05}","{""detectors_checked"":55296}"
      7168,         0,         0,   0.161,decoder_by_matrix,beec9fd12293a9cfe53c9b61fb8ce2a525e4eed38fa75d132d6dc64699336876,"{""distance"":3,""physical_error_rate"":0.0001}","{""detection_events"":108,""detectors_checked"":387072}"
      1024,         0,         0,   0.001,decoder_by_matrix,beec9fd12293a9cfe53c9b61fb8ce2a525e4eed38fa75d132d6dc64699336876,"{""distance"":3,""physical_error_rate"":0.0001}","{""detectors_checked"":55296}"
      7168,         0,         0,   0.158,decoder_by_matrix,5c8c81bfec719079c388cedc47a351f264c1bf769ae28a89f9b4fc7719fea501,"{""distance"":3,""physical_error_rate"":0.0005}","{""detection_events"":474,""detectors_checked"":387072}"
      1024,         0,         0,   0.002,decoder_by_matrix,5c8c81bfec719079c388cedc47a351f264c1bf769ae28a89f9b4fc7719fea501,"{""distance"":3,""physical_error_rate"":0.0005}","{""detection_events"":102,""detectors_checked"":55296}"
     18432,         0,         0,   0.148,decoder_by_matrix,560c721f87db01d4cacf7dcb7d8812fecde61e9e7776d4b9e1b1a792578ecad7,"{""distance"":3,""physical_error_rate"":5e-06}","{""detection_events"":6,""detectors_checked"":995328}"
      1024,         0,         0,   0.001,decoder_by_matrix,560c721f87db01d4cacf7dcb7d8812fecde61e9e7776d4b9e1b1a792578ecad7,"{""distance"":3,""physical_error_rate"":5e-06}","{""detectors_checked"":55296}"
     27648,         0,         0,   0.325,decoder_by_matrix,e9839e3017c9ef118c4b8aeafef39e78c11ecbdb89764e9ca676a7dc2fb6d062,"{""distance"":3,""physical_error_rate"":1e-06}","{""detection_events"":24,""detectors_checked"":1492992}"
      1024,         0,         0,   0.001,decoder_by_matrix,e9839e3017c9ef118c4b8aeafef39e78c11ecbdb89764e9ca676a7dc2fb6d062,"{""distance"":3,""physical_error_rate"":1e-06}","{""detectors_checked"":55296}"
      7168,        15,         0,   0.134,decoder_by_matrix,bf84ffc61868c0acf247eb3d31d6d1ff07feed51ae0b0770ddaf58683dcdd22c,"{""distance"":3,""physical_error_rate"":0.005}","{""detection_events"":4863,""detectors_checked"":387072,""obs_mistake_mask=E"":15}"
      1024,         2,         0,   0.002,decoder_by_matrix,bf84ffc61868c0acf247eb3d31d6d1ff07feed51ae0b0770ddaf58683dcdd22c,"{""distance"":3,""physical_error_rate"":0.005}","{""detection_events"":756,""detectors_checked"":55296,""obs_mistake_mask=E"":2}"
         1,         0,         0,   0.018,decoder_by_matrix,5c8c81bfec719079c388cedc47a351f264c1bf769ae28a89f9b4fc7719fea501,"{""distance"":3,""physical_error_rate"":0.0005}","{""detectors_checked"":54}"
        16,         0,         0,   0.000,decoder_by_matrix,5c8c81bfec719079c388cedc47a351f264c1bf769ae28a89f9b4fc7719fea501,"{""distance"":3,""physical_error_rate"":0.0005}","{""detectors_checked"":864}"
     18432,         0,         0,   0.088,decoder_by_matrix,e25b8d07214a8afb95d354611a83b9bb1ded39644e323a8585b3aabf687a4fff,"{""distance"":3,""physical_error_rate"":1e-05}","{""detection_events"":51,""detectors_checked"":995328}"
      1024,         0,         0,   0.002,decoder_by_matrix,e25b8d07214a8afb95d354611a83b9bb1ded39644e323a8585b3aabf687a4fff,"{""distance"":3,""physical_error_rate"":1e-05}","{""detection_events"":3,""detectors_checked"":55296}"
      5120,         0,         0,   0.047,decoder_by_matrix,36e3cd26fed5ec7649ec51fb08c1a5e7d7f30e615782d954fee045c18a4962ca,"{""distance"":3,""physical_error_rate"":5e-05}","{""detection_events"":57,""detectors_checked"":276480}"
      1024,         0,         0,   0.001,decoder_by_matrix,36e3cd26fed5ec7649ec51fb08c1a5e7d7f30e615782d954fee045c18a4962ca,"{""distance"":3,""physical_error_rate"":5e-05}","{""detectors_checked"":55296}"
     24576,         0,         0,   0.191,decoder_by_matrix,560c721f87db01d4cacf7dcb7d8812fecde61e9e7776d4b9e1b1a792578ecad7,"{""distance"":3,""physical_error_rate"":5e-06}","{""detection_events"":36,""detectors_checked"":1327104}"
      1024,         0,         0,   0.001,decoder_by_matrix,560c721f87db01d4cacf7dcb7d8812fecde61e9e7776d4b9e1b1a792578ecad7,"{""distance"":3,""physical_error_rate"":5e-06}","{""detectors_checked"":55296}"
     11264,         0,         0,   0.199,decoder_by_matrix,5c8c81bfec719079c388cedc47a351f264c1bf769ae28a89f9b4fc7719fea501,"{""distance"":3,""physical_error_rate"":0.0005}","{""detection_events"":867,""detectors_checked"":608256}"
      1024,         0,         0,   0.002,decoder_by_matrix,5c8c81bfec719079c388cedc47a351f264c1bf769ae28a89f9b4fc7719fea501,"{""distance"":3,""physical_error_rate"":0.0005}","{""detection_events"":66,""detectors_checked"":55296}"
     32768,         0,         0,   0.172,decoder_by_matrix,560c721f87db01d4cacf7dcb7d8812fecde61e9e7776d4b9e1b1a792578ecad7,"{""distance"":3,""physical_error_rate"":5e-06}","{""detection_events"":21,""detectors_checked"":1769472}"
      1024,         0,         0,   0.001,decoder_by_matrix,560c721f87db01d4cacf7dcb7d8812fecde61e9e7776d4b9e1b1a792578ecad7,"{""distance"":3,""physical_error_rate"":5e-06}","{""detectors_checked"":55296}"
      3072,        20,         0,   0.043,decoder_by_matrix,dc80d1b5cd4a369885d36fbbadd410646ee6a9cd91075667cd6e1b71d0442655,"{""distance"":3,""physical_error_rate"":0.01}","{""detection_events"":4395,""detectors_checked"":165888,""obs_mistake_mask=E"":20}"
      1024,         3,         0,   0.002,decoder_by_matrix,dc80d1b5cd4a369885d36fbbadd410646ee6a9cd91075667cd6e1b71d0442655,"{""distance"":3,""physical_error_rate"":0.01}","{""detection_events"":1230,""detectors_checked"":55296,""obs_mistake_mask=E"":3}"
      6144,        40,         0,   0.091,decoder_by_matrix,dc80d1b5cd4a369885d36fbbadd410646ee6a9cd91075667cd6e1b71d0442655,"{""distance"":3,""physical_error_rate"":0.01}","{""detection_events"":8430,""detectors_checked"":331776,""obs_mistake_mask=E"":40}"
      1024,         7,         0,   0.002,decoder_by_matrix,dc80d1b5cd4a369885d36fbbadd410646ee6a9cd91075667cd6e1b71d0442655,"{""distance"":3,""physical_error_rate"":0.01}","{""detection_events"":1464,""detectors_checked"":55296,""obs_mistake_mask=E"":7}"
      6400,         0,         0,   0.036,decoder_by_matrix,e9839e3017c9ef118c4b8aeafef39e78c11ecbdb89764e9ca676a7dc2fb6d062,"{""distance"":3,""physical_error_rate"":1e-06}","{""detectors_checked"":345600}"
      1024,         0,         0,   0.001,decoder_by_matrix,e9839e3017c9ef118c4b8aeafef39e78c11ecbdb89764e9ca676a7dc2fb6d062,"{""distance"":3,""physical_error_rate"":1e-06}","{""detectors_checked"":55296}"
      4096,         0,         0,   0.114,decoder_by_matrix,5c8c81bfec719079c388cedc47a351f264c1bf769ae28a89f9b4fc7719fea501,"{""distance"":3,""physical_error_rate"":0.0005}","{""detection_events"":312,""detectors_checked"":221184}"
      1024,         0,         0,   0.002,decoder_by_matrix,5c8c81bfec719079c388cedc47a351f264c1bf769ae28a89f9b4fc7719fea501,"{""distance"":3,""physical_error_rate"":0.0005}","{""detection_events"":21,""detectors_checked"":55296}"
      4096,         0,         0,   0.048,decoder_by_matrix,f854eed952f7ffb52e4f578393718ba880ba0930c78fe51d50828fe06a713055,"{""distance"":3,""physical_error_rate"":0.001}","{""detection_events"":540,""detectors_checked"":221184}"
      1024,         0,         0,   0.002,decoder_by_matrix,f854eed952f7ffb52e4f578393718ba880ba0930c78fe51d50828fe06a713055,"{""distance"":3,""physical_error_rate"":0.001}","{""detection_events"":57,""detectors_checked"":55296}"
      6400,         0,         0,   0.029,decoder_by_matrix,560c721f87db01d4cacf7dcb7d8812fecde61e9e7776d4b9e1b1a792578ecad7,"{""distance"":3,""physical_error_rate"":5e-06}","{""detection_events"":15,""detectors_checked"":345600}"
      1024,         0,         0,   0.001,decoder_by_matrix,560c721f87db01d4cacf7dcb7d8812fecde61e9e7776d4b9e1b1a792578ecad7,"{""distance"":3,""physical_error_rate"":5e-06}","{""detectors_checked"":55296}"
      5120,         5,         0,   0.122,decoder_by_matrix,bf84ffc61868c0acf247eb3d31d6d1ff07feed51ae0b0770ddaf58683dcdd22c,"{""distance"":3,""physical_error_rate"":0.005}","{""detection_events"":3579,""detectors_checked"":276480,""obs_mistake_mask=E"":5}"
      1024,         1,         0,   0.002,decoder_by_matrix,bf84ffc61868c0acf247eb3d31d6d1ff07feed51ae0b0770ddaf58683dcdd22c,"{""distance"":3,""physical_error_rate"":0.005}","{""detection_events"":798,""detectors_checked"":55296,""obs_mistake_mask=E"":1}"
      7168,         0,         0,   0.199,decoder_by_matrix,5c8c81bfec719079c388cedc47a351f264c1bf769ae28a89f9b4fc7719fea501,"{""distance"":3,""physical_error_rate"":0.0005}","{""detection_events"":555,""detectors_checked"":387072}"
      1024,         0,         0,   0.002,decoder_by_matrix,5c8c81bfec719079c388cedc47a351f264c1bf769ae28a89f9b4fc7719fea501,"{""distance"":3,""physical_error_rate"":0.0005}","{""detection_events"":60,""detectors_checked"":55296}"
     10240,         0,         0,   0.049,decoder_by_matrix,e25b8d07214a8afb95d354611a83b9bb1ded39644e323a8585b3aabf687a4fff,"{""distance"":3,""physical_error_rate"":1e-05}","{""detection_events"":6,""detectors_checked"":552960}"
      1024,         0,         0,   0.001,decoder_by_matrix,e25b8d07214a8afb95d354611a83b9bb1ded39644e323a8585b3aabf687a4fff,"{""distance"":3,""physical_error_rate"":1e-05}","{""detectors_checked"":55296}"
      4096,        15,         0,   0.202,decoder_by_matrix,dc80d1b5cd4a369885d36fbbadd410646ee6a9cd91075667cd6e1b71d0442655,"{""distance"":3,""physical_error_rate"":0.01}","{""detection_events"":5469,""detectors_checked"":221184,""obs_mistake_mask=E"":15}"
      1024,         6,         0,   0.002,decoder_by_matrix,dc80d1b5cd4a369885d36fbbadd410646ee6a9cd91075667cd6e1b71d0442655,"{""distance"":3,""physical_error_rate"":0.01}","{""detection_events"":1437,""detectors_checked"":55296,""obs_mistake_mask=E"":6}"
      8192,         0,         0,   0.172,decoder_by_matrix,36e3cd26fed5ec7649ec51fb08c1a5e7d7f30e615782d954fee045c18a4962ca,"{""distance"":3,""physical_error_rate"":5e-05}","{""detection_events"":63,""detectors_checked"":442368}"
      1024,         0,         0,   0.001,decoder_by_matrix,36e3cd26fed5ec7649ec51fb08c1a5e7d7f30e615782d954fee045c18a4962ca,"{""distance"":3,""physical_error_rate"":5e-05}","{""detectors_checked"":55296}"
     20480,         0,         0,   0.142,decoder_by_matrix,e9839e3017c9ef118c4b8aeafef39e78c11ecbdb89764e9ca676a7dc2fb6d062,"{""distance"":3,""physical_error_rate"":1e-06}","{""detectors_checked"":1105920}"
      1024,         0,         0,   0.001,decoder_by_matrix,e9839e3017c9ef118c4b8aeafef39e78c11ecbdb89764e9ca676a7dc2fb6d062,"{""distance"":3,""physical_error_rate"":1e-06}","{""detectors_checked"":55296}"
      9216,         0,         0,   0.140,decoder_by_matrix,beec9fd12293a9cfe53c9b61fb8ce2a525e4eed38fa75d132d6dc64699336876,"{""distance"":3,""physical_error_rate"":0.0001}","{""detection_events"":102,""detectors_checked"":497664}"
      1024,         0,         0,   0.002,decoder_by_matrix,beec9fd12293a9cfe53c9b61fb8ce2a525e4eed38fa75d132d6dc64699336876,"{""distance"":3,""physical_error_rate"":0.0001}","{""detection_events"":12,""detectors_checked"":55296}"
      1024,         0,         0,   0.002,decoder_by_matrix,beec9fd12293a9cfe53c9b61fb8ce2a525e4eed38fa75d132d6dc64699336876,"{""distance"":3,""physical_error_rate"":0.0001}","{""detection_events"":12,""detectors_checked"":55296}"
     15360,         0,         0,   0.160,decoder_by_matrix,e25b8d07214a8afb95d354611a83b9bb1ded39644e323a8585b3aabf687a4fff,"{""distance"":3,""physical_error_rate"":1e-05}","{""detection_events"":12,""detectors_checked"":829440}"
      1024,         0,         0,   0.002,decoder_by_matrix,e25b8d07214a8afb95d354611a83b9bb1ded39644e323a8585b3aabf687a4fff,"{""distance"":3,""physical_error_rate"":1e-05}","{""detection_events"":12,""detectors_checked"":55296}"
      4096,        20,         0,   0.079,decoder_by_matrix,dc80d1b5cd4a369885d36fbbadd410646ee6a9cd91075667cd6e1b71d0442655,"{""distance"":3,""physical_error_rate"":0.01}","{""detection_events"":5517,""detectors_checked"":221184,""obs_mistake_mask=E"":20}"
      1024,         6,         0,   0.002,decoder_by_matrix,dc80d1b5cd4a369885d36fbbadd410646ee6a9cd91075667cd6e1b71d0442655,"{""distance"":3,""physical_error_rate"":0.01}","{""detection_events"":1278,""detectors_checked"":55296,""obs_mistake_mask=E"":6}"
     18432,         0,         0,   0.180,decoder_by_matrix,e9839e3017c9ef118c4b8aeafef39e78c11ecbdb89764e9ca676a7dc2fb6d062,"{""distance"":3,""physical_error_rate"":1e-06}","{""detection_events"":9,""detectors_checked"":995328}"
      1024,         0,         0,   0.001,decoder_by_matrix,e9839e3017c9ef118c4b8aeafef39e78c11ecbdb89764e9ca676a7dc2fb6d062,"{""distance"":3,""physical_error_rate"":1e-06}","{""detectors_checked"":55296}"
     15360,         0,         0,   0.324,decoder_by_matrix,36e3cd26fed5ec7649ec51fb08c1a5e7d7f30e615782d954fee045c18a4962ca,"{""distance"":3,""physical_error_rate"":5e-05}","{""detection_events"":93,""detectors_checked"":829440}"
      1024,         0,         0,   0.002,decoder_by_matrix,36e3cd26fed5ec7649ec51fb08c1a5e7d7f30e615782d954fee045c18a4962ca,"{""distance"":3,""physical_error_rate"":5e-05}","{""detection_events"":6,""detectors_checked"":55296}"
     16384,         0,         0,   0.341,decoder_by_matrix,36e3cd26fed5ec7649ec51fb08c1a5e7d7f30e615782d954fee045c18a4962ca,"{""distance"":3,""physical_error_rate"":5e-05}","{""detection_events"":99,""detectors_checked"":884736}"
      1024,         0,         0,   0.001,decoder_by_matrix,36e3cd26fed5ec7649ec51fb08c1a5e7d7f30e615782d954fee045c18a4962ca,"{""distance"":3,""physical_error_rate"":5e-05}","{""detectors_checked"":55296}"
      7168,        42,         0,   0.336,decoder_by_matrix,dc80d1b5cd4a369885d36fbbadd410646ee6a9cd91075667cd6e1b71d0442655,"{""distance"":3,""physical_error_rate"":0.01}","{""detection_events"":10560,""detectors_checked"":387072,""obs_mistake_mask=E"":42}"
      1024,         3,         0,   0.002,decoder_by_matrix,dc80d1b5cd4a369885d36fbbadd410646ee6a9cd91075667cd6e1b71d0442655,"{""distance"":3,""physical_error_rate"":0.01}","{""detection_events"":1500,""detectors_checked"":55296,""obs_mistake_mask=E"":3}"
     22528,         0,         0,   0.216,decoder_by_matrix,e25b8d07214a8afb95d354611a83b9bb1ded39644e323a8585b3aabf687a4fff,"{""distance"":3,""physical_error_rate"":1e-05}","{""detection_events"":15,""detectors_checked"":1216512}"
      1024,         0,         0,   0.002,decoder_by_matrix,e25b8d07214a8afb95d354611a83b9bb1ded39644e323a8585b3aabf687a4fff,"{""distance"":3,""physical_error_rate"":1e-05}","{""detection_events"":12,""detectors_checked"":55296}"
      9216,         0,         0,   0.091,decoder_by_matrix,beec9fd12293a9cfe53c9b61fb8ce2a525e4eed38fa75d132d6dc64699336876,"{""distance"":3,""physical_error_rate"":0.0001}","{""detection_events"":189,""detectors_checked"":497664}"
      1024,         0,         0,   0.002,decoder_by_matrix,beec9fd12293a9cfe53c9b61fb8ce2a525e4eed38fa75d132d6dc64699336876,"{""distance"":3,""physical_error_rate"":0.0001}","{""detection_events"":36,""detectors_checked"":55296}"
     12288,         2,         0,   0.339,decoder_by_matrix,f854eed952f7ffb52e4f578393718ba880ba0930c78fe51d50828fe06a713055,"{""distance"":3,""physical_error_rate"":0.001}","{""detection_events"":1881,""detectors_checked"":663552,""obs_mistake_mask=E"":2}"
      1024,         0,         0,   0.002,decoder_by_matrix,f854eed952f7ffb52e4f578393718ba880ba0930c78fe51d50828fe06a713055,"{""distance"":3,""physical_error_rate"":0.001}","{""detection_events"":207,""detectors_checked"":55296}"
     13312,         2,         0,   0.338,decoder_by_matrix,f854eed952f7ffb52e4f578393718ba880ba0930c78fe51d50828fe06a713055,"{""distance"":3,""physical_error_rate"":0.001}","{""detection_events"":2025,""detectors_checked"":718848,""obs_mistake_mask=E"":2}"
      1024,         0,         0,   0.002,decoder_by_matrix,f854eed952f7ffb52e4f578393718ba880ba0930c78fe51d50828fe06a713055,"{""distance"":3,""physical_error_rate"":0.001}","{""detection_events"":162,""detectors_checked"":55296}"
      6144,         0,         0,   0.020,decoder_by_matrix,beec9fd12293a9cfe53c9b61fb8ce2a525e4eed38fa75d132d6dc64699336876,"{""distance"":3,""physical_error_rate"":0.0001}","{""detection_events"":72,""detectors_checked"":331776}"
      1024,         0,         0,   0.002,decoder_by_matrix,beec9fd12293a9cfe53c9b61fb8ce2a525e4eed38fa75d132d6dc64699336876,"{""distance"":3,""physical_error_rate"":0.0001}","{""detection_events"":24,""detectors_checked"":55296}"
      5120,         7,         0,   0.083,decoder_by_matrix,bf84ffc61868c0acf247eb3d31d6d1ff07feed51ae0b0770ddaf58683dcdd22c,"{""distance"":3,""physical_error_rate"":0.005}","{""detection_events"":4062,""detectors_checked"":276480,""obs_mistake_mask=E"":7}"
      1024,         0,         0,   0.002,decoder_by_matrix,bf84ffc61868c0acf247eb3d31d6d1ff07feed51ae0b0770ddaf58683dcdd22c,"{""distance"":3,""physical_error_rate"":0.005}","{""detection_events"":825,""detectors_checked"":55296}"
      2304,         0,         0,   0.040,decoder_by_matrix,5c8c81bfec719079c388cedc47a351f264c1bf769ae28a89f9b4fc7719fea501,"{""distance"":3,""physical_error_rate"":0.0005}","{""detection_events"":177,""detectors_checked"":124416}"
      1024,         0,         0,   0.002,decoder_by_matrix,5c8c81bfec719079c388cedc47a351f264c1bf769ae28a89f9b4fc7719fea501,"{""distance"":3,""physical_error_rate"":0.0005}","{""detection_events"":90,""detectors_checked"":55296}"
      9216,         0,         0,   0.200,decoder_by_matrix,36e3cd26fed5ec7649ec51fb08c1a5e7d7f30e615782d954fee045c18a4962ca,"{""distance"":3,""physical_error_rate"":5e-05}","{""detection_events"":63,""detectors_checked"":497664}"
      1024,         0,         0,   0.001,decoder_by_matrix,36e3cd26fed5ec7649ec51fb08c1a5e7d7f30e615782d954fee045c18a4962ca,"{""distance"":3,""physical_error_rate"":5e-05}","{""detectors_checked"":55296}"
      2048,         0,         0,   0.051,decoder_by_matrix,f854eed952f7ffb52e4f578393718ba880ba0930c78fe51d50828fe06a713055,"{""distance"":3,""physical_error_rate"":0.001}","{""detection_events"":297,""detectors_checked"":110592}"
      1024,         1,         0,   0.002,decoder_by_matrix,f854eed952f7ffb52e4f578393718ba880ba0930c78fe51d50828fe06a713055,"{""distance"":3,""physical_error_rate"":0.001}","{""detection_events"":201,""detectors_checked"":55296,""obs_mistake_mask=E"":1}"
      3072,         7,         0,   0.054,decoder_by_matrix,bf84ffc61868c0acf247eb3d31d6d1ff07feed51ae0b0770ddaf58683dcdd22c,"{""distance"":3,""physical_error_rate"":0.005}","{""detection_events"":2469,""detectors_checked"":165888,""obs_mistake_mask=E"":7}"
      1024,         2,         0,   0.002,decoder_by_matrix,bf84ffc61868c0acf247eb3d31d6d1ff07feed51ae0b0770ddaf58683dcdd22c,"{""distance"":3,""physical_error_rate"":0.005}","{""detection_events"":798,""detectors_checked"":55296,""obs_mistake_mask=E"":2}"
     10240,         0,         0,   0.097,decoder_by_matrix,560c721f87db01d4cacf7dcb7d8812fecde61e9e7776d4b9e1b1a792578ecad7,"{""distance"":3,""physical_error_rate"":5e-06}","{""detection_events"":18,""detectors_checked"":552960}"
      1024,         0,         0,   0.001,decoder_by_matrix,560c721f87db01d4cacf7dcb7d8812fecde61e9e7776d4b9e1b1a792578ecad7,"{""distance"":3,""physical_error_rate"":5e-06}","{""detectors_checked"":55296}"
      5120,         0,         0,   0.056,decoder_by_matrix,beec9fd12293a9cfe53c9b61fb8ce2a525e4eed38fa75d132d6dc64699336876,"{""distance"":3,""physical_error_rate"":0.0001}","{""detection_events"":81,""detectors_checked"":276480}"
      1024,         0,         0,   0.001,decoder_by_matrix,beec9fd12293a9cfe53c9b61fb8ce2a525e4eed38fa75d132d6dc64699336876,"{""distance"":3,""physical_error_rate"":0.0001}","{""detectors_checked"":55296}"
      4096,        23,         0,   0.206,decoder_by_matrix,dc80d1b5cd4a369885d36fbbadd410646ee6a9cd91075667cd6e1b71d0442655,"{""distance"":3,""physical_error_rate"":0.01}","{""detection_events"":5826,""detectors_checked"":221184,""obs_mistake_mask=E"":23}"
      1024,         6,         0,   0.002,decoder_by_matrix,dc80d1b5cd4a369885d36fbbadd410646ee6a9cd91075667cd6e1b71d0442655,"{""distance"":3,""physical_error_rate"":0.01}","{""detection_events"":1554,""detectors_checked"":55296,""obs_mistake_mask=E"":6}"
      4096,        23,         0,   0.195,decoder_by_matrix,dc80d1b5cd4a369885d36fbbadd410646ee6a9cd91075667cd6e1b71d0442655,"{""distance"":3,""physical_error_rate"":0.01}","{""detection_events"":5991,""detectors_checked"":221184,""obs_mistake_mask=E"":23}"
      1024,         6,         0,   0.002,decoder_by_matrix,dc80d1b5cd4a369885d36fbbadd410646ee6a9cd91075667cd6e1b71d0442655,"{""distance"":3,""physical_error_rate"":0.01}","{""detection_events"":1266,""detectors_checked"":55296,""obs_mistake_mask=E"":6}"
     16384,         0,         0,   0.156,decoder_by_matrix,560c721f87db01d4cacf7dcb7d8812fecde61e9e7776d4b9e1b1a792578ecad7,"{""distance"":3,""physical_error_rate"":5e-06}","{""detection_events"":21,""detectors_checked"":884736}"
      1024,         0,         0,   0.002,decoder_by_matrix,560c721f87db01d4cacf7dcb7d8812fecde61e9e7776d4b9e1b1a792578ecad7,"{""distance"":3,""physical_error_rate"":5e-06}","{""detection_events"":3,""detectors_checked"":55296}"
      7168,         0,         0,   0.075,decoder_by_matrix,5c8c81bfec719079c388cedc47a351f264c1bf769ae28a89f9b4fc7719fea501,"{""distance"":3,""physical_error_rate"":0.0005}","{""detection_events"":606,""detectors_checked"":387072}"
      1024,         0,         0,   0.002,decoder_by_matrix,5c8c81bfec719079c388cedc47a351f264c1bf769ae28a89f9b4fc7719fea501,"{""distance"":3,""physical_error_rate"":0.0005}","{""detection_events"":78,""detectors_checked"":55296}"
      8192,         0,         0,   0.212,decoder_by_matrix,36e3cd26fed5ec7649ec51fb08c1a5e7d7f30e615782d954fee045c18a4962ca,"{""distance"":3,""physical_error_rate"":5e-05}","{""detection_events"":57,""detectors_checked"":442368}"
      1024,         0,         0,   0.002,decoder_by_matrix,36e3cd26fed5ec7649ec51fb08c1a5e7d7f30e615782d954fee045c18a4962ca,"{""distance"":3,""physical_error_rate"":5e-05}","{""detection_events"":6,""detectors_checked"":55296}"
     16384,         0,         0,   0.202,decoder_by_matrix,560c721f87db01d4cacf7dcb7d8812fecde61e9e7776d4b9e1b1a792578ecad7,"{""distance"":3,""physical_error_rate"":5e-06}","{""detection_events"":9,""detectors_checked"":884736}"
      1024,         0,         0,   0.001,decoder_by_matrix,560c721f87db01d4cacf7dcb7d8812fecde61e9e7776d4b9e1b1a792578ecad7,"{""distance"":3,""physical_error_rate"":5e-06}","{""detectors_checked"":55296}"
     13312,         1,         0,   0.461,decoder_by_matrix,f854eed952f7ffb52e4f578393718ba880ba0930c78fe51d50828fe06a713055,"{""distance"":3,""physical_error_rate"":0.001}","{""detection_events"":2121,""detectors_checked"":718848,""obs_mistake_mask=E"":1}"
      1024,         0,         0,   0.002,decoder_by_matrix,f854eed952f7ffb52e4f578393718ba880ba0930c78fe51d50828fe06a713055,"{""distance"":3,""physical_error_rate"":0.001}","{""detection_events"":186,""detectors_checked"":55296}"
     31744,         0,         0,   0.361,decoder_by_matrix,e9839e3017c9ef118c4b8aeafef39e78c11ecbdb89764e9ca676a7dc2fb6d062,"{""distance"":3,""physical_error_rate"":1e-06}","{""detection_events"":9,""detectors_checked"":1714176}"
      1024,         0,         0,   0.001,decoder_by_matrix,e9839e3017c9ef118c4b8aeafef39e78c11ecbdb89764e9ca676a7dc2fb6d062,"{""distance"":3,""physical_error_rate"":1e-06}","{""detectors_checked"":55296}"
     26624,         0,         0,   0.371,decoder_by_matrix,560c721f87db01d4cacf7dcb7d8812fecde61e9e7776d4b9e1b1a792578ecad7,"{""distance"":3,""physical_error_rate"":5e-06}","{""detection_events"":27,""detectors_checked"":1437696}"
      1024,         0,         0,   0.001,decoder_by_matrix,560c721f87db01d4cacf7dcb7d8812fecde61e9e7776d4b9e1b1a792578ecad7,"{""distance"":3,""physical_error_rate"":5e-06}","{""detectors_checked"":55296}"
     26624,         0,         0,   0.363,decoder_by_matrix,e25b8d07214a8afb95d354611a83b9bb1ded39644e323a8585b3aabf687a4fff,"{""distance"":3,""physical_error_rate"":1e-05}","{""detection_events"":15,""detectors_checked"":1437696}"
      1024,         0,         0,   0.001,decoder_by_matrix,e25b8d07214a8afb95d354611a83b9bb1ded39644e323a8585b3aabf687a4fff,"{""distance"":3,""physical_error_rate"":1e-05}","{""detectors_checked"":55296}"
     26624,         0,         0,   0.333,decoder_by_matrix,e25b8d07214a8afb95d354611a83b9bb1ded39644e323a8585b3aabf687a4fff,"{""distance"":3,""physical_error_rate"":1e-05}","{""detection_events"":45,""detectors_checked"":1437696}"
      1024,         0,         0,   0.001,decoder_by_matrix,e25b8d07214a8afb95d354611a83b9bb1ded39644e323a8585b3aabf687a4fff,"{""distance"":3,""physical_error_rate"":1e-05}","{""detectors_checked"":55296}"
     23552,         0,         0,   0.330,decoder_by_matrix,e25b8d07214a8afb95d354611a83b9bb1ded39644e323a8585b3aabf687a4fff,"{""distance"":3,""physical_error_rate"":1e-05}","{""detection_events"":27,""detectors_checked"":1271808}"
      1024,         0,         0,   0.001,decoder_by_matrix,e25b8d07214a8afb95d354611a83b9bb1ded39644e323a8585b3aabf687a4fff,"{""distance"":3,""physical_error_rate"":1e-05}","{""detectors_checked"":55296}"
         1,         0,         0,   0.016,decoder_by_matrix,f854eed952f7ffb52e4f578393718ba880ba0930c78fe51d50828fe06a713055,"{""distance"":3,""physical_error_rate"":0.001}","{""detectors_checked"":54}"
        16,         0,         0,   0.000,decoder_by_matrix,f854eed952f7ffb52e4f578393718ba880ba0930c78fe51d50828fe06a713055,"{""distance"":3,""physical_error_rate"":0.001}","{""detectors_checked"":864}"
     11264,         0,         0,   0.105,decoder_by_matrix,beec9fd12293a9cfe53c9b61fb8ce2a525e4eed38fa75d132d6dc64699336876,"{""distance"":3,""physical_error_rate"":0.0001}","{""detection_events"":213,""detectors_checked"":608256}"
      1024,         0,         0,   0.001,decoder_by_matrix,beec9fd12293a9cfe53c9b61fb8ce2a525e4eed38fa75d132d6dc64699336876,"{""distance"":3,""physical_error_rate"":0.0001}","{""detectors_checked"":55296}"
      7168,         0,         0,   0.090,decoder_by_matrix,f854eed952f7ffb52e4f578393718ba880ba0930c78fe51d50828fe06a713055,"{""distance"":3,""physical_error_rate"":0.001}","{""detection_events"":825,""detectors_checked"":387072}"
      1024,         0,         0,   0.002,decoder_by_matrix,f854eed952f7ffb52e4f578393718ba880ba0930c78fe51d50828fe06a713055,"{""distance"":3,""physical_error_rate"":0.001}","{""detection_events"":234,""detectors_checked"":55296}"
      7168,        11,         0,   0.093,decoder_by_matrix,bf84ffc61868c0acf247eb3d31d6d1ff07feed51ae0b0770ddaf58683dcdd22c,"{""distance"":3,""physical_error_rate"":0.005}","{""detection_events"":5169,""detectors_checked"":387072,""obs_mistake_mask=E"":11}"
      1024,         0,         0,   0.002,decoder_by_matrix,bf84ffc61868c0acf247eb3d31d6d1ff07feed51ae0b0770ddaf58683dcdd22c,"{""distance"":3,""physical_error_rate"":0.005}","{""detection_events"":819,""detectors_checked"":55296}"
      9216,        19,         0,   0.205,decoder_by_matrix,bf84ffc61868c0acf247eb3d31d6d1ff07feed51ae0b0770ddaf58683dcdd22c,"{""distance"":3,""physical_error_rate"":0.005}","{""detection_events"":6432,""detectors_checked"":497664,""obs_mistake_mask=E"":19}"
      1024,         2,         0,   0.002,decoder_by_matrix,bf84ffc61868c0acf247eb3d31d6d1ff07feed51ae0b0770ddaf58683dcdd22c,"{""distance"":3,""physical_error_rate"":0.005}","{""detection_events"":759,""detectors_checked"":55296,""obs_mistake_mask=E"":2}"
      4096,        23,         0,   0.169,decoder_by_matrix,dc80d1b5cd4a369885d36fbbadd410646ee6a9cd91075667cd6e1b71d0442655,"{""distance"":3,""physical_error_rate"":0.01}","{""detection_events"":5613,""detectors_checked"":221184,""obs_mistake_mask=E"":23}"
      1024,         8,         0,   0.002,decoder_by_matrix,dc80d1b5cd4a369885d36fbbadd410646ee6a9cd91075667cd6e1b71d0442655,"{""distance"":3,""physical_error_rate"":0.01}","{""detection_events"":1455,""detectors_checked"":55296,""obs_mistake_mask=E"":8}"
     14336,         0,         0,   0.317,decoder_by_matrix,36e3cd26fed5ec7649ec51fb08c1a5e7d7f30e615782d954fee045c18a4962ca,"{""distance"":3,""physical_error_rate"":5e-05}","{""detection_events"":132,""detectors_checked"":774144}"
      1024,         0,         0,   0.002,decoder_by_matrix,36e3cd26fed5ec7649ec51fb08c1a5e7d7f30e615782d954fee045c18a4962ca,"{""distance"":3,""physical_error_rate"":5e-05}","{""detection_events"":3,""detectors_checked"":55296}"
     11264,         0,         0,   0.455,decoder_by_matrix,5c8c81bfec719079c388cedc47a351f264c1bf769ae28a89f9b4fc7719fea501,"{""distance"":3,""physical_error_rate"":0.0005}","{""detection_events"":807,""detectors_checked"":608256}"
      1024,         0,         0,   0.002,decoder_by_matrix,5c8c81bfec719079c388cedc47a351f264c1bf769ae28a89f9b4fc7719fea501,"{""distance"":3,""physical_error_rate"":0.0005}","{""detection_events"":45,""detectors_checked"":55296}"
     11264,         0,         0,   0.329,decoder_by_matrix,5c8c81bfec719079c388cedc47a351f264c1bf769ae28a89f9b4fc7719fea501,"{""distance"":3,""physical_error_rate"":0.0005}","{""detection_events"":996,""detectors_checked"":608256}"
      1024,         0,         0,   0.002,decoder_by_matrix,5c8c81bfec719079c388cedc47a351f264c1bf769ae28a89f9b4fc7719fea501,"{""distance"":3,""physical_error_rate"":0.0005}","{""detection_events"":93,""detectors_checked"":55296}"
     13312,         0,         0,   0.052,decoder_by_matrix,e9839e3017c9ef118c4b8aeafef39e78c11ecbdb89764e9ca676a7dc2fb6d062,"{""distance"":3,""physical_error_rate"":1e-06}","{""detectors_checked"":718848}"
      1024,         0,         0,   0.001,decoder_by_matrix,e9839e3017c9ef118c4b8aeafef39e78c11ecbdb89764e9ca676a7dc2fb6d062,"{""distance"":3,""physical_error_rate"":1e-06}","{""detectors_checked"":55296}"
     11264,         0,         0,   0.038,decoder_by_matrix,e9839e3017c9ef118c4b8aeafef39e78c11ecbdb89764e9ca676a7dc2fb6d062,"{""distance"":3,""physical_error_rate"":1e-06}","{""detectors_checked"":608256}"
      1024,         0,         0,   0.001,decoder_by_matrix,e9839e3017c9ef118c4b8aeafef39e78c11ecbdb89764e9ca676a7dc2fb6d062,"{""distance"":3,""physical_error_rate"":1e-06}","{""detectors_checked"":55296}"
     12288,         0,         0,   0.047,decoder_by_matrix,560c721f87db01d4cacf7dcb7d8812fecde61e9e7776d4b9e1b1a792578ecad7,"{""distance"":3,""physical_error_rate"":5e-06}","{""detection_events"":6,""detectors_checked"":663552}"
      1024,         0,         0,   0.001,decoder_by_matrix,560c721f87db01d4cacf7dcb7d8812fecde61e9e7776d4b9e1b1a792578ecad7,"{""distance"":3,""physical_error_rate"":5e-06}","{""detectors_checked"":55296}"
      3072,        24,         0,   0.052,decoder_by_matrix,dc80d1b5cd4a369885d36fbbadd410646ee6a9cd91075667cd6e1b71d0442655,"{""distance"":3,""physical_error_rate"":0.01}","{""detection_events"":4326,""detectors_checked"":165888,""obs_mistake_mask=E"":24}"
      1024,         7,         0,   0.002,decoder_by_matrix,dc80d1b5cd4a369885d36fbbadd410646ee6a9cd91075667cd6e1b71d0442655,"{""distance"":3,""physical_error_rate"":0.01}","{""detection_events"":1407,""detectors_checked"":55296,""obs_mistake_mask=E"":7}"
     11264,         0,         0,   0.217,decoder_by_matrix,e25b8d07214a8afb95d354611a83b9bb1ded39644e323a8585b3aabf687a4fff,"{""distance"":3,""physical_error_rate"":1e-05}","{""detection_events"":21,""detectors_checked"":608256}"
      1024,         0,         0,   0.002,decoder_by_matrix,e25b8d07214a8afb95d354611a83b9bb1ded39644e323a8585b3aabf687a4fff,"{""distance"":3,""physical_error_rate"":1e-05}","{""detection_events"":12,""detectors_checked"":55296}"
     15360,         0,         0,   0.076,decoder_by_matrix,e25b8d07214a8afb95d354611a83b9bb1ded39644e323a8585b3aabf687a4fff,"{""distance"":3,""physical_error_rate"":1e-05}","{""detection_events"":30,""detectors_checked"":829440}"
      1024,         0,         0,   0.001,decoder_by_matrix,e25b8d07214a8afb95d354611a83b9bb1ded39644e323a8585b3aabf687a4fff,"{""distance"":3,""physical_error_rate"":1e-05}","{""detectors_checked"":55296}"
      4096,        31,         0,   0.156,decoder_by_matrix,dc80d1b5cd4a369885d36fbbadd410646ee6a9cd91075667cd6e1b71d0442655,"{""distance"":3,""physical_error_rate"":0.01}","{""detection_events"":5880,""detectors_checked"":221184,""obs_mistake_mask=E"":31}"
      1024,         8,         0,   0.002,decoder_by_matrix,dc80d1b5cd4a369885d36fbbadd410646ee6a9cd91075667cd6e1b71d0442655,"{""distance"":3,""physical_error_rate"":0.01}","{""detection_events"":1413,""detectors_checked"":55296,""obs_mistake_mask=E"":8}"
      4096,        27,         0,   0.185,decoder_by_matrix,dc80d1b5cd4a369885d36fbbadd410646ee6a9cd91075667cd6e1b71d0442655,"{""distance"":3,""physical_error_rate"":0.01}","{""detection_events"":5823,""detectors_checked"":221184,""obs_mistake_mask=E"":27}"
      1024,         9,         0,   0.003,decoder_by_matrix,dc80d1b5cd4a369885d36fbbadd410646ee6a9cd91075667cd6e1b71d0442655,"{""distance"":3,""physical_error_rate"":0.01}","{""detection_events"":1656,""detectors_checked"":55296,""obs_mistake_mask=E"":9}"
      6144,        12,         0,   0.226,decoder_by_matrix,bf84ffc61868c0acf247eb3d31d6d1ff07feed51ae0b0770ddaf58683dcdd22c,"{""distance"":3,""physical_error_rate"":0.005}","{""detection_events"":4545,""detectors_checked"":331776,""obs_mistake_mask=E"":12}"
      1024,         1,         0,   0.002,decoder_by_matrix,bf84ffc61868c0acf247eb3d31d6d1ff07feed51ae0b0770ddaf58683dcdd22c,"{""distance"":3,""physical_error_rate"":0.005}","{""detection_events"":675,""detectors_checked"":55296,""obs_mistake_mask=E"":1}"
      7168,         1,         0,   0.059,decoder_by_matrix,f854eed952f7ffb52e4f578393718ba880ba0930c78fe51d50828fe06a713055,"{""distance"":3,""physical_error_rate"":0.001}","{""detection_events"":837,""detectors_checked"":387072,""obs_mistake_mask=E"":1}"
      1024,         0,         0,   0.002,decoder_by_matrix,f854eed952f7ffb52e4f578393718ba880ba0930c78fe51d50828fe06a713055,"{""distance"":3,""physical_error_rate"":0.001}","{""detection_events"":168,""detectors_checked"":55296}"
     11264,         0,         0,   0.310,decoder_by_matrix,f854eed952f7ffb52e4f578393718ba880ba0930c78fe51d50828fe06a713055,"{""distance"":3,""physical_error_rate"":0.001}","{""detection_events"":1845,""detectors_checked"":608256}"
      1024,         0,         0,   0.002,decoder_by_matrix,f854eed952f7ffb52e4f578393718ba880ba0930c78fe51d50828fe06a713055,"{""distance"":3,""physical_error_rate"":0.001}","{""detection_events"":165,""detectors_checked"":55296}"
     22528,         0,         0,   0.197,decoder_by_matrix,e25b8d07214a8afb95d354611a83b9bb1ded39644e323a8585b3aabf687a4fff,"{""distance"":3,""physical_error_rate"":1e-05}","{""detection_events"":33,""detectors_checked"":1216512}"
      1024,         0,         0,   0.001,decoder_by_matrix,e25b8d07214a8afb95d354611a83b9bb1ded39644e323a8585b3aabf687a4fff,"{""distance"":3,""physical_error_rate"":1e-05}","{""detectors_checked"":55296}"
     13312,         0,         0,   0.385,decoder_by_matrix,36e3cd26fed5ec7649ec51fb08c1a5e7d7f30e615782d954fee045c18a4962ca,"{""distance"":3,""physical_error_rate"":5e-05}","{""detection_events"":120,""detectors_checked"":718848}"
      1024,         0,         0,   0.001,decoder_by_matrix,36e3cd26fed5ec7649ec51fb08c1a5e7d7f30e615782d954fee045c18a4962ca,"{""distance"":3,""physical_error_rate"":5e-05}","{""detectors_checked"":55296}"
     11264,         0,         0,   0.315,decoder_by_matrix,f854eed952f7ffb52e4f578393718ba880ba0930c78fe51d50828fe06a713055,"{""distance"":3,""physical_error_rate"":0.001}","{""detection_events"":1605,""detectors_checked"":608256}"
      1024,         0,         0,   0.002,decoder_by_matrix,f854eed952f7ffb52e4f578393718ba880ba0930c78fe51d50828fe06a713055,"{""distance"":3,""physical_error_rate"":0.001}","{""detection_events"":132,""detectors_checked"":55296}"
     26624,         0,         0,   0.149,decoder_by_matrix,e9839e3017c9ef118c4b8aeafef39e78c11ecbdb89764e9ca676a7dc2fb6d062,"{""distance"":3,""physical_error_rate"":1e-06}","{""detectors_checked"":1437696}"
      1024,         0,         0,   0.001,decoder_by_matrix,e9839e3017c9ef118c4b8aeafef39e78c11ecbdb89764e9ca676a7dc2fb6d062,"{""distance"":3,""physical_error_rate"":1e-06}","{""detectors_checked"":55296}"
         1,         0,         0,   0.016,decoder_by_matrix,36e3cd26fed5ec7649ec51fb08c1a5e7d7f30e615782d954fee045c18a4962ca,"{""distance"":3,""physical_error_rate"":5e-05}","{""detectors_checked"":54}"
        16,         0,         0,   0.000,decoder_by_matrix,36e3cd26fed5ec7649ec51fb08c1a5e7d7f30e615782d954fee045c18a4962ca,"{""distance"":3,""physical_error_rate"":5e-05}","{""detectors_checked"":864}"
       256,         0,         0,   0.000,decoder_by_matrix,36e3cd26fed5ec7649ec51fb08c1a5e7d7f30e615782d954fee045c18a4962ca,"{""distance"":3,""physical_error_rate"":5e-05}","{""detectors_checked"":13824}"
     12288,         0,         0,   0.217,decoder_by_matrix,5c8c81bfec719079c388cedc47a351f264c1bf769ae28a89f9b4fc7719fea501,"{""distance"":3,""physical_error_rate"":0.0005}","{""detection_events"":852,""detectors_checked"":663552}"
      1024,         0,         0,   0.002,decoder_by_matrix,5c8c81bfec719079c388cedc47a351f264c1bf769ae28a89f9b4fc7719fea501,"{""distance"":3,""physical_error_rate"":0.0005}","{""detection_events"":42,""detectors_checked"":55296}"
     13312,         0,         0,   0.193,decoder_by_matrix,beec9fd12293a9cfe53c9b61fb8ce2a525e4eed38fa75d132d6dc64699336876,"{""distance"":3,""physical_error_rate"":0.0001}","{""detection_events"":162,""detectors_checked"":718848}"
      1024,         0,         0,   0.002,decoder_by_matrix,beec9fd12293a9cfe53c9b61fb8ce2a525e4eed38fa75d132d6dc64699336876,"{""distance"":3,""physical_error_rate"":0.0001}","{""detection_events"":15,""detectors_checked"":55296}"
     29696,         0,         0,   0.197,decoder_by_matrix,560c721f87db01d4cacf7dcb7d8812fecde61e9e7776d4b9e1b1a792578ecad7,"{""distance"":3,""physical_error_rate"":5e-06}","{""detection_events"":6,""detectors_checked"":1603584}"
      1024,         0,         0,   0.001,decoder_by_matrix,560c721f87db01d4cacf7dcb7d8812fecde61e9e7776d4b9e1b1a792578ecad7,"{""distance"":3,""physical_error_rate"":5e-06}","{""detectors_checked"":55296}"
      7168,         0,         0,   0.051,decoder_by_matrix,beec9fd12293a9cfe53c9b61fb8ce2a525e4eed38fa75d132d6dc64699336876,"{""distance"":3,""physical_error_rate"":0.0001}","{""detection_events"":87,""detectors_checked"":387072}"
      1024,         0,         0,   0.001,decoder_by_matrix,beec9fd12293a9cfe53c9b61fb8ce2a525e4eed38fa75d132d6dc64699336876,"{""distance"":3,""physical_error_rate"":0.0001}","{""detectors_checked"":55296}"
     10240,         0,         0,   0.394,decoder_by_matrix,5c8c81bfec719079c388cedc47a351f264c1bf769ae28a89f9b4fc7719fea501,"{""distance"":3,""physical_error_rate"":0.0005}","{""detection_events"":750,""detectors_checked"":552960}"
      1024,         0,         0,   0.002,decoder_by_matrix,5c8c81bfec719079c388cedc47a351f264c1bf769ae28a89f9b4fc7719fea501,"{""distance"":3,""physical_error_rate"":0.0005}","{""detection_events"":81,""detectors_checked"":55296}"
      2304,         0,         0,   0.026,decoder_by_matrix,f854eed952f7ffb52e4f578393718ba880ba0930c78fe51d50828fe06a713055,"{""distance"":3,""physical_error_rate"":0.001}","{""detection_events"":372,""detectors_checked"":124416}"
      1024,         0,         0,   0.002,decoder_by_matrix,f854eed952f7ffb52e4f578393718ba880ba0930c78fe51d50828fe06a713055,"{""distance"":3,""physical_error_rate"":0.001}","{""detection_events"":111,""detectors_checked"":55296}"
      1024,         0,         0,   0.002,decoder_by_matrix,f854eed952f7ffb52e4f578393718ba880ba0930c78fe51d50828fe06a713055,"{""distance"":3,""physical_error_rate"":0.001}","{""detection_events"":156,""detectors_checked"":55296}"
     13312,         0,         0,   0.317,decoder_by_matrix,36e3cd26fed5ec7649ec51fb08c1a5e7d7f30e615782d954fee045c18a4962ca,"{""distance"":3,""physical_error_rate"":5e-05}","{""detection_events"":129,""detectors_checked"":718848}"
      1024,         0,         0,   0.002,decoder_by_matrix,36e3cd26fed5ec7649ec51fb08c1a5e7d7f30e615782d954fee045c18a4962ca,"{""distance"":3,""physical_error_rate"":5e-05}","{""detection_events"":3,""detectors_checked"":55296}"
      8192,         0,         0,   0.200,decoder_by_matrix,36e3cd26fed5ec7649ec51fb08c1a5e7d7f30e615782d954fee045c18a4962ca,"{""distance"":3,""physical_error_rate"":5e-05}","{""detection_events"":63,""detectors_checked"":442368}"
      1024,         0,         0,   0.002,decoder_by_matrix,36e3cd26fed5ec7649ec51fb08c1a5e7d7f30e615782d954fee045c18a4962ca,"{""distance"":3,""physical_error_rate"":5e-05}","{""detection_events"":9,""detectors_checked"":55296}"
     18432,         0,         0,   0.197,decoder_by_matrix,e9839e3017c9ef118c4b8aeafef39e78c11ecbdb89764e9ca676a7dc2fb6d062,"{""distance"":3,""physical_error_rate"":1e-06}","{""detection_events"":6,""detectors_checked"":995328}"
      1024,         0,         0,   0.001,decoder_by_matrix,e9839e3017c9ef118c4b8aeafef39e78c11ecbdb89764e9ca676a7dc2fb6d062,"{""distance"":3,""physical_error_rate"":1e-06}","{""detectors_checked"":55296}"
      4096,         0,         0,   0.050,decoder_by_matrix,5c8c81bfec719079c388cedc47a351f264c1bf769ae28a89f9b4fc7719fea501,"{""distance"":3,""physical_error_rate"":0.0005}","{""detection_events"":321,""detectors_checked"":221184}"
      1024,         0,         0,   0.002,decoder_by_matrix,5c8c81bfec719079c388cedc47a351f264c1bf769ae28a89f9b4fc7719fea501,"{""distance"":3,""physical_error_rate"":0.0005}","{""detection_events"":66,""detectors_checked"":55296}"
     18432,         0,         0,   0.116,decoder_by_matrix,e25b8d07214a8afb95d354611a83b9bb1ded39644e323a8585b3aabf687a4fff,"{""distance"":3,""physical_error_rate"":1e-05}","{""detection_events"":12,""detectors_checked"":995328}"
      1024,         0,         0,   0.001,decoder_by_matrix,e25b8d07214a8afb95d354611a83b9bb1ded39644e323a8585b3aabf687a4fff,"{""distance"":3,""physical_error_rate"":1e-05}","{""detectors_checked"":55296}"
     27648,         0,         0,   0.461,decoder_by_matrix,560c721f87db01d4cacf7dcb7d8812fecde61e9e7776d4b9e1b1a792578ecad7,"{""distance"":3,""physical_error_rate"":5e-06}","{""detection_events"":21,""detectors_checked"":1492992}"
      9216,         0,         0,   0.112,decoder_by_matrix,beec9fd12293a9cfe53c9b61fb8ce2a525e4eed38fa75d132d6dc64699336876,"{""distance"":3,""physical_error_rate"":0.0001}","{""detection_events"":180,""detectors_checked"":497664}"
      1024,         0,         0,   0.002,decoder_by_matrix,beec9fd12293a9cfe53c9b61fb8ce2a525e4eed38fa75d132d6dc64699336876,"{""distance"":3,""physical_error_rate"":0.0001}","{""detection_events"":24,""detectors_checked"":55296}"
      7168,        60,         0,   0.297,decoder_by_matrix,dc80d1b5cd4a369885d36fbbadd410646ee6a9cd91075667cd6e1b71d0442655,"{""distance"":3,""physical_error_rate"":0.01}","{""detection_events"":10203,""detectors_checked"":387072,""obs_mistake_mask=E"":60}"
      1024,         7,         0,   0.002,decoder_by_matrix,dc80d1b5cd4a369885d36fbbadd410646ee6a9cd91075667cd6e1b71d0442655,"{""distance"":3,""physical_error_rate"":0.01}","{""detection_events"":1398,""detectors_checked"":55296,""obs_mistake_mask=E"":7}"
     19456,         0,         0,   0.157,decoder_by_matrix,e9839e3017c9ef118c4b8aeafef39e78c11ecbdb89764e9ca676a7dc2fb6d062,"{""distance"":3,""physical_error_rate"":1e-06}","{""detectors_checked"":1050624}"
      1024,         0,         0,   0.001,decoder_by_matrix,e9839e3017c9ef118c4b8aeafef39e78c11ecbdb89764e9ca676a7dc2fb6d062,"{""distance"":3,""physical_error_rate"":1e-06}","{""detectors_checked"":55296}"
      5120,        24,         0,   0.162,decoder_by_matrix,dc80d1b5cd4a369885d36fbbadd410646ee6a9cd91075667cd6e1b71d0442655,"{""distance"":3,""physical_error_rate"":0.01}","{""detection_events"":7002,""detectors_checked"":276480,""obs_mistake_mask=E"":24}"
     18432,         0,         0,   0.161,decoder_by_matrix,560c721f87db01d4cacf7dcb7d8812fecde61e9e7776d4b9e1b1a792578ecad7,"{""distance"":3,""physical_error_rate"":5e-06}","{""detection_events"":12,""detectors_checked"":995328}"
      1024,         0,         0,   0.001,decoder_by_matrix,560c721f87db01d4cacf7dcb7d8812fecde61e9e7776d4b9e1b1a792578ecad7,"{""distance"":3,""physical_error_rate"":5e-06}","{""detectors_checked"":55296}"
     18432,         0,         0,   0.153,decoder_by_matrix,e9839e3017c9ef118c4b8aeafef39e78c11ecbdb89764e9ca676a7dc2fb6d062,"{""distance"":3,""physical_error_rate"":1e-06}","{""detection_events"":3,""detectors_checked"":995328}"
      1024,         0,         0,   0.001,decoder_by_matrix,e9839e3017c9ef118c4b8aeafef39e78c11ecbdb89764e9ca676a7dc2fb6d062,"{""distance"":3,""physical_error_rate"":1e-06}","{""detectors_checked"":55296}"
     23552,         0,         0,   0.428,decoder_by_matrix,560c721f87db01d4cacf7dcb7d8812fecde61e9e7776d4b9e1b1a792578ecad7,"{""distance"":3,""physical_error_rate"":5e-06}","{""detection_events"":24,""detectors_checked"":1271808}"
      8192,        12,         0,   0.337,decoder_by_matrix,bf84ffc61868c0acf247eb3d31d6d1ff07feed51ae0b0770ddaf58683dcdd22c,"{""distance"":3,""physical_error_rate"":0.005}","{""detection_events"":6015,""detectors_checked"":442368,""obs_mistake_mask=E"":12}"
      1024,         3,         0,   0.002,decoder_by_matrix,bf84ffc61868c0acf247eb3d31d6d1ff07feed51ae0b0770ddaf58683dcdd22c,"{""distance"":3,""physical_error_rate"":0.005}","{""detection_events"":867,""detectors_checked"":55296,""obs_mistake_mask=E"":3}"
     25600,         0,         0,   0.421,decoder_by_matrix,560c721f87db01d4cacf7dcb7d8812fecde61e9e7776d4b9e1b1a792578ecad7,"{""distance"":3,""physical_error_rate"":5e-06}","{""detection_events"":30,""detectors_checked"":1382400}"
      1024,         0,         0,   0.001,decoder_by_matrix,560c721f87db01d4cacf7dcb7d8812fecde61e9e7776d4b9e1b1a792578ecad7,"{""distance"":3,""physical_error_rate"":5e-06}","{""detectors_checked"":55296}"
     11264,         0,         0,   0.429,decoder_by_matrix,f854eed952f7ffb52e4f578393718ba880ba0930c78fe51d50828fe06a713055,"{""distance"":3,""physical_error_rate"":0.001}","{""detection_events"":1521,""detectors_checked"":608256}"
      1024,         0,         0,   0.002,decoder_by_matrix,f854eed952f7ffb52e4f578393718ba880ba0930c78fe51d50828fe06a713055,"{""distance"":3,""physical_error_rate"":0.001}","{""detection_events"":126,""detectors_checked"":55296}"
     13312,         0,         0,   0.379,decoder_by_matrix,beec9fd12293a9cfe53c9b61fb8ce2a525e4eed38fa75d132d6dc64699336876,"{""distance"":3,""physical_error_rate"":0.0001}","{""detection_events"":171,""detectors_checked"":718848}"
      1024,         0,         0,   0.002,decoder_by_matrix,beec9fd12293a9cfe53c9b61fb8ce2a525e4eed38fa75d132d6dc64699336876,"{""distance"":3,""physical_error_rate"":0.0001}","{""detection_events"":21,""detectors_checked"":55296}"
      9216,        16,         0,   0.379,decoder_by_matrix,bf84ffc61868c0acf247eb3d31d6d1ff07feed51ae0b0770ddaf58683dcdd22c,"{""distance"":3,""physical_error_rate"":0.005}","{""detection_events"":6558,""detectors_checked"":497664,""obs_mistake_mask=E"":16}"
      1024,         2,         0,   0.002,decoder_by_matrix,bf84ffc61868c0acf247eb3d31d6d1ff07feed51ae0b0770ddaf58683dcdd22c,"{""distance"":3,""physical_error_rate"":0.005}","{""detection_events"":714,""detectors_checked"":55296,""obs_mistake_mask=E"":2}"
     25600,         0,         0,   0.116,decoder_by_matrix,e9839e3017c9ef118c4b8aeafef39e78c11ecbdb89764e9ca676a7dc2fb6d062,"{""distance"":3,""physical_error_rate"":1e-06}","{""detection_events"":12,""detectors_checked"":1382400}"
      1024,         0,         0,   0.001,decoder_by_matrix,e9839e3017c9ef118c4b8aeafef39e78c11ecbdb89764e9ca676a7dc2fb6d062,"{""distance"":3,""physical_error_rate"":1e-06}","{""detectors_checked"":55296}"
     12288,         0,         0,   0.373,decoder_by_matrix,5c8c81bfec719079c388cedc47a351f264c1bf769ae28a89f9b4fc7719fea501,"{""distance"":3,""physical_error_rate"":0.0005}","{""detection_events"":1005,""detectors_checked"":663552}"
      1024,         0,         0,   0.002,decoder_by_matrix,5c8c81bfec719079c388cedc47a351f264c1bf769ae28a89f9b4fc7719fea501,"{""distance"":3,""physical_error_rate"":0.0005}","{""detection_events"":36,""detectors_checked"":55296}"
     17408,         0,         0,   0.595,decoder_by_matrix,36e3cd26fed5ec7649ec51fb08c1a5e7d7f30e615782d954fee045c18a4962ca,"{""distance"":3,""physical_error_rate"":5e-05}","{""detection_events"":156,""detectors_checked"":940032}"
      1024,         0,         0,   0.002,decoder_by_matrix,36e3cd26fed5ec7649ec51fb08c1a5e7d7f30e615782d954fee045c18a4962ca,"{""distance"":3,""physical_error_rate"":5e-05}","{""detection_events"":9,""detectors_checked"":55296}"
     11264,         0,         0,   0.303,decoder_by_matrix,5c8c81bfec719079c388cedc47a351f264c1bf769ae28a89f9b4fc7719fea501,"{""distance"":3,""physical_error_rate"":0.0005}","{""detection_events"":753,""detectors_checked"":608256}"
      1024,         0,         0,   0.002,decoder_by_matrix,5c8c81bfec719079c388cedc47a351f264c1bf769ae28a89f9b4fc7719fea501,"{""distance"":3,""physical_error_rate"":0.0005}","{""detection_events"":33,""detectors_checked"":55296}"
     27648,         0,         0,   0.307,decoder_by_matrix,560c721f87db01d4cacf7dcb7d8812fecde61e9e7776d4b9e1b1a792578ecad7,"{""distance"":3,""physical_error_rate"":5e-06}","{""detection_events"":12,""detectors_checked"":1492992}"
      1024,         0,         0,   0.001,decoder_by_matrix,560c721f87db01d4cacf7dcb7d8812fecde61e9e7776d4b9e1b1a792578ecad7,"{""distance"":3,""physical_error_rate"":5e-06}","{""detectors_checked"":55296}"
      5120,         0,         0,   0.028,decoder_by_matrix,36e3cd26fed5ec7649ec51fb08c1a5e7d7f30e615782d954fee045c18a4962ca,"{""distance"":3,""physical_error_rate"":5e-05}","{""detection_events"":45,""detectors_checked"":276480}"
      1024,         0,         0,   0.002,decoder_by_matrix,36e3cd26fed5ec7649ec51fb08c1a5e7d7f30e615782d954fee045c18a4962ca,"{""distance"":3,""physical_error_rate"":5e-05}","{""detection_events"":27,""detectors_checked"":55296}"
      8192,        49,         0,   0.317,decoder_by_matrix,dc80d1b5cd4a369885d36fbbadd410646ee6a9cd91075667cd6e1b71d0442655,"{""distance"":3,""physical_error_rate"":0.01}","{""detection_events"":11418,""detectors_checked"":442368,""obs_mistake_mask=E"":49}"
      1024,         1,         0,   0.002,decoder_by_matrix,dc80d1b5cd4a369885d36fbbadd410646ee6a9cd91075667cd6e1b71d0442655,"{""distance"":3,""physical_error_rate"":0.01}","{""detection_events"":1440,""detectors_checked"":55296,""obs_mistake_mask=E"":1}"
      8192,        58,         0,   0.324,decoder_by_matrix,dc80d1b5cd4a369885d36fbbadd410646ee6a9cd91075667cd6e1b71d0442655,"{""distance"":3,""physical_error_rate"":0.01}","{""detection_events"":11784,""detectors_checked"":442368,""obs_mistake_mask=E"":58}"
      1024,         2,         0,   0.002,decoder_by_matrix,dc80d1b5cd4a369885d36fbbadd410646ee6a9cd91075667cd6e1b71d0442655,"{""distance"":3,""physical_error_rate"":0.01}","{""detection_events"":1212,""detectors_checked"":55296,""obs_mistake_mask=E"":2}"
      8192,        49,         0,   0.330,decoder_by_matrix,dc80d1b5cd4a369885d36fbbadd410646ee6a9cd91075667cd6e1b71d0442655,"{""distance"":3,""physical_error_rate"":0.01}","{""detection_events"":11757,""detectors_checked"":442368,""obs_mistake_mask=E"":49}"
      1024,         4,         0,   0.002,decoder_by_matrix,dc80d1b5cd4a369885d36fbbadd410646ee6a9cd91075667cd6e1b71d0442655,"{""distance"":3,""physical_error_rate"":0.01}","{""detection_events"":1518,""detectors_checked"":55296,""obs_mistake_mask=E"":4}"
     17408,         0,         0,   0.125,decoder_by_matrix,560c721f87db01d4cacf7dcb7d8812fecde61e9e7776d4b9e1b1a792578ecad7,"{""distance"":3,""physical_error_rate"":5e-06}","{""detection_events"":9,""detectors_checked"":940032}"
      1024,         0,         0,   0.001,decoder_by_matrix,560c721f87db01d4cacf7dcb7d8812fecde61e9e7776d4b9e1b1a792578ecad7,"{""distance"":3,""physical_error_rate"":5e-06}","{""detectors_checked"":55296}"
      8192,         2,         0,   0.194,decoder_by_matrix,f854eed952f7ffb52e4f578393718ba880ba0930c78fe51d50828fe06a713055,"{""distance"":3,""physical_error_rate"":0.001}","{""detection_events"":1134,""detectors_checked"":442368,""obs_mistake_mask=E"":2}"
      1024,         0,         0,   0.002,decoder_by_matrix,f854eed952f7ffb52e4f578393718ba880ba0930c78fe51d50828fe06a713055,"{""distance"":3,""physical_error_rate"":0.001}","{""detection_events"":207,""detectors_checked"":55296}"
      5120,         7,         0,   0.129,decoder_by_matrix,bf84ffc61868c0acf247eb3d31d6d1ff07feed51ae0b0770ddaf58683dcdd22c,"{""distance"":3,""physical_error_rate"":0.005}","{""detection_events"":3657,""detectors_checked"":276480,""obs_mistake_mask=E"":7}"
      1024,         2,         0,   0.002,decoder_by_matrix,bf84ffc61868c0acf247eb3d31d6d1ff07feed51ae0b0770ddaf58683dcdd22c,"{""distance"":3,""physical_error_rate"":0.005}","{""detection_events"":744,""detectors_checked"":55296,""obs_mistake_mask=E"":2}"
      5120,         4,         0,   0.144,decoder_by_matrix,bf84ffc61868c0acf247eb3d31d6d1ff07feed51ae0b0770ddaf58683dcdd22c,"{""distance"":3,""physical_error_rate"":0.005}","{""detection_events"":3633,""detectors_checked"":276480,""obs_mistake_mask=E"":4}"
      1024,         1,         0,   0.002,decoder_by_matrix,bf84ffc61868c0acf247eb3d31d6d1ff07feed51ae0b0770ddaf58683dcdd22c,"{""distance"":3,""physical_error_rate"":0.005}","{""detection_events"":741,""detectors_checked"":55296,""obs_mistake_mask=E"":1}"
      9216,         0,         0,   0.157,decoder_by_matrix,36e3cd26fed5ec7649ec51fb08c1a5e7d7f30e615782d954fee045c18a4962ca,"{""distance"":3,""physical_error_rate"":5e-05}","{""detection_events"":102,""detectors_checked"":497664}"
      1024,         0,         0,   0.001,decoder_by_matrix,36e3cd26fed5ec7649ec51fb08c1a5e7d7f30e615782d954fee045c18a4962ca,"{""distance"":3,""physical_error_rate"":5e-05}","{""detectors_checked"":55296}"
     24576,         0,         0,   0.411,decoder_by_matrix,e25b8d07214a8afb95d354611a83b9bb1ded39644e323a8585b3aabf687a4fff,"{""distance"":3,""physical_error_rate"":1e-05}","{""detection_events"":54,""detectors_checked"":1327104}"
      1024,         0,         0,   0.001,decoder_by_matrix,e25b8d07214a8afb95d354611a83b9bb1ded39644e323a8585b3aabf687a4fff,"{""distance"":3,""physical_error_rate"":1e-05}","{""detectors_checked"":55296}"
     24576,         0,         0,   0.356,decoder_by_matrix,e25b8d07214a8afb95d354611a83b9bb1ded39644e323a8585b3aabf687a4fff,"{""distance"":3,""physical_error_rate"":1e-05}","{""detection_events"":30,""detectors_checked"":1327104}"
      1024,         0,         0,   0.001,decoder_by_matrix,e25b8d07214a8afb95d354611a83b9bb1ded39644e323a8585b3aabf687a4fff,"{""distance"":3,""physical_error_rate"":1e-05}","{""detectors_checked"":55296}"
      9216,        11,         0,   0.337,decoder_by_matrix,bf84ffc61868c0acf247eb3d31d6d1ff07feed51ae0b0770ddaf58683dcdd22c,"{""distance"":3,""physical_error_rate"":0.005}","{""detection_events"":6090,""detectors_checked"":497664,""obs_mistake_mask=E"":11}"
      1024,         0,         0,   0.002,decoder_by_matrix,bf84ffc61868c0acf247eb3d31d6d1ff07feed51ae0b0770ddaf58683dcdd22c,"{""distance"":3,""physical_error_rate"":0.005}","{""detection_events"":813,""detectors_checked"":55296}"
      2048,        19,         0,   0.031,decoder_by_matrix,dc80d1b5cd4a369885d36fbbadd410646ee6a9cd91075667cd6e1b71d0442655,"{""distance"":3,""physical_error_rate"":0.01}","{""detection_events"":2682,""detectors_checked"":110592,""obs_mistake_mask=E"":19}"
     10240,         0,         0,   0.030,decoder_by_matrix,560c721f87db01d4cacf7dcb7d8812fecde61e9e7776d4b9e1b1a792578ecad7,"{""distance"":3,""physical_error_rate"":5e-06}","{""detection_events"":6,""detectors_checked"":552960}"
      6144,         1,         0,   0.126,decoder_by_matrix,f854eed952f7ffb52e4f578393718ba880ba0930c78fe51d50828fe06a713055,"{""distance"":3,""physical_error_rate"":0.001}","{""detection_events"":963,""detectors_checked"":331776,""obs_mistake_mask=E"":1}"
      1024,         0,         0,   0.002,decoder_by_matrix,f854eed952f7ffb52e4f578393718ba880ba0930c78fe51d50828fe06a713055,"{""distance"":3,""physical_error_rate"":0.001}","{""detection_events"":132,""detectors_checked"":55296}"
      7168,         1,         0,   0.152,decoder_by_matrix,5c8c81bfec719079c388cedc47a351f264c1bf769ae28a89f9b4fc7719fea501,"{""distance"":3,""physical_error_rate"":0.0005}","{""detection_events"":537,""detectors_checked"":387072,""obs_mistake_mask=E"":1}"
      1024,         0,         0,   0.002,decoder_by_matrix,5c8c81bfec719079c388cedc47a351f264c1bf769ae28a89f9b4fc7719fea501,"{""distance"":3,""physical_error_rate"":0.0005}","{""detection_events"":117,""detectors_checked"":55296}"
     23552,         0,         0,   0.322,decoder_by_matrix,e25b8d07214a8afb95d354611a83b9bb1ded39644e323a8585b3aabf687a4fff,"{""distance"":3,""physical_error_rate"":1e-05}","{""detection_events"":48,""detectors_checked"":1271808}"
     19456,         0,         0,   0.192,decoder_by_matrix,e25b8d07214a8afb95d354611a83b9bb1ded39644e323a8585b3aabf687a4fff,"{""distance"":3,""physical_error_rate"":1e-05}","{""detection_events"":30,""detectors_checked"":1050624}"
      1024,         0,         0,   0.001,decoder_by_matrix,e25b8d07214a8afb95d354611a83b9bb1ded39644e323a8585b3aabf687a4fff,"{""distance"":3,""physical_error_rate"":1e-05}","{""detectors_checked"":55296}"
      6144,        42,         0,   0.114,decoder_by_matrix,dc80d1b5cd4a369885d36fbbadd410646ee6a9cd91075667cd6e1b71d0442655,"{""distance"":3,""physical_error_rate"":0.01}","{""detection_events"":8367,""detectors_checked"":331776,""obs_mistake_mask=E"":42}"
      1024,         8,         0,   0.003,decoder_by_matrix,dc80d1b5cd4a369885d36fbbadd410646ee6a9cd91075667cd6e1b71d0442655,"{""distance"":3,""physical_error_rate"":0.01}","{""detection_events"":1548,""detectors_checked"":55296,""obs_mistake_mask=E"":8}"
     10240,         0,         0,   0.115,decoder_by_matrix,beec9fd12293a9cfe53c9b61fb8ce2a525e4eed38fa75d132d6dc64699336876,"{""distance"":3,""physical_error_rate"":0.0001}","{""detection_events"":189,""detectors_checked"":552960}"
      1024,         0,         0,   0.002,decoder_by_matrix,beec9fd12293a9cfe53c9b61fb8ce2a525e4eed38fa75d132d6dc64699336876,"{""distance"":3,""physical_error_rate"":0.0001}","{""detection_events"":9,""detectors_checked"":55296}"
     14336,         0,         0,   0.341,decoder_by_matrix,beec9fd12293a9cfe53c9b61fb8ce2a525e4eed38fa75d132d6dc64699336876,"{""distance"":3,""physical_error_rate"":0.0001}","{""detection_events"":216,""detectors_checked"":774144}"
      1024,         0,         0,   0.002,decoder_by_matrix,beec9fd12293a9cfe53c9b61fb8ce2a525e4eed38fa75d132d6dc64699336876,"{""distance"":3,""physical_error_rate"":0.0001}","{""detection_events"":15,""detectors_checked"":55296}"
      8192,        15,         0,   0.325,decoder_by_matrix,bf84ffc61868c0acf247eb3d31d6d1ff07feed51ae0b0770ddaf58683dcdd22c,"{""distance"":3,""physical_error_rate"":0.005}","{""detection_events"":6318,""detectors_checked"":442368,""obs_mistake_mask=E"":15}"
      1024,         2,         0,   0.002,decoder_by_matrix,bf84ffc61868c0acf247eb3d31d6d1ff07feed51ae0b0770ddaf58683dcdd22c,"{""distance"":3,""physical_error_rate"":0.005}","{""detection_events"":693,""detectors_checked"":55296,""obs_mistake_mask=E"":2}"
     37888,         0,         0,   0.603,decoder_by_matrix,e9839e3017c9ef118c4b8aeafef39e78c11ecbdb89764e9ca676a7dc2fb6d062,"{""distance"":3,""physical_error_rate"":1e-06}","{""detection_events"":3,""detectors_checked"":2045952}"
      1024,         0,         0,   0.001,decoder_by_matrix,e9839e3017c9ef118c4b8aeafef39e78c11ecbdb89764e9ca676a7dc2fb6d062,"{""distance"":3,""physical_error_rate"":1e-06}","{""detectors_checked"":55296}"
     11264,         0,         0,   0.410,decoder_by_matrix,5c8c81bfec719079c388cedc47a351f264c1bf769ae28a89f9b4fc7719fea501,"{""distance"":3,""physical_error_rate"":0.0005}","{""detection_events"":783,""detectors_checked"":608256}"
      1024,         0,         0,   0.002,decoder_by_matrix,5c8c81bfec719079c388cedc47a351f264c1bf769ae28a89f9b4fc7719fea501,"{""distance"":3,""physical_error_rate"":0.0005}","{""detection_events"":54,""detectors_checked"":55296}"
      7168,        41,         0,   0.318,decoder_by_matrix,dc80d1b5cd4a369885d36fbbadd410646ee6a9cd91075667cd6e1b71d0442655,"{""distance"":3,""physical_error_rate"":0.01}","{""detection_events"":10329,""detectors_checked"":387072,""obs_mistake_mask=E"":41}"
      1024,         7,         0,   0.002,decoder_by_matrix,dc80d1b5cd4a369885d36fbbadd410646ee6a9cd91075667cd6e1b71d0442655,"{""distance"":3,""physical_error_rate"":0.01}","{""detection_events"":1593,""detectors_checked"":55296,""obs_mistake_mask=E"":7}"
     14336,         0,         0,   0.422,decoder_by_matrix,36e3cd26fed5ec7649ec51fb08c1a5e7d7f30e615782d954fee045c18a4962ca,"{""distance"":3,""physical_error_rate"":5e-05}","{""detection_events"":141,""detectors_checked"":774144}"
      1024,         0,         0,   0.002,decoder_by_matrix,36e3cd26fed5ec7649ec51fb08c1a5e7d7f30e615782d954fee045c18a4962ca,"{""distance"":3,""physical_error_rate"":5e-05}","{""detection_events"":33,""detectors_checked"":55296}"
     25600,         0,         0,   0.320,decoder_by_matrix,e9839e3017c9ef118c4b8aeafef39e78c11ecbdb89764e9ca676a7dc2fb6d062,"{""distance"":3,""physical_error_rate"":1e-06}","{""detectors_checked"":1382400}"
      1024,         0,         0,   0.001,decoder_by_matrix,e9839e3017c9ef118c4b8aeafef39e78c11ecbdb89764e9ca676a7dc2fb6d062,"{""distance"":3,""physical_error_rate"":1e-06}","{""detectors_checked"":55296}"
      7168,         0,         0,   0.091,decoder_by_matrix,36e3cd26fed5ec7649ec51fb08c1a5e7d7f30e615782d954fee045c18a4962ca,"{""distance"":3,""physical_error_rate"":5e-05}","{""detection_events"":93,""detectors_checked"":387072}"
      1024,         0,         0,   0.002,decoder_by_matrix,36e3cd26fed5ec7649ec51fb08c1a5e7d7f30e615782d954fee045c18a4962ca,"{""distance"":3,""physical_error_rate"":5e-05}","{""detection_events"":3,""detectors_checked"":55296}"
     25600,         0,         0,   0.326,decoder_by_matrix,560c721f87db01d4cacf7dcb7d8812fecde61e9e7776d4b9e1b1a792578ecad7,"{""distance"":3,""physical_error_rate"":5e-06}","{""detection_events"":3,""detectors_checked"":1382400}"
      1024,         0,         0,   0.001,decoder_by_matrix,560c721f87db01d4cacf7dcb7d8812fecde61e9e7776d4b9e1b1a792578ecad7,"{""distance"":3,""physical_error_rate"":5e-06}","{""detectors_checked"":55296}"
     14336,         0,         0,   0.423,decoder_by_matrix,36e3cd26fed5ec7649ec51fb08c1a5e7d7f30e615782d954fee045c18a4962ca,"{""distance"":3,""physical_error_rate"":5e-05}","{""detection_events"":135,""detectors_checked"":774144}"
      1024,         0,         0,   0.002,decoder_by_matrix,36e3cd26fed5ec7649ec51fb08c1a5e7d7f30e615782d954fee045c18a4962ca,"{""distance"":3,""physical_error_rate"":5e-05}","{""detection_events"":3,""detectors_checked"":55296}"
     33792,         0,         0,   0.322,decoder_by_matrix,e9839e3017c9ef118c4b8aeafef39e78c11ecbdb89764e9ca676a7dc2fb6d062,"{""distance"":3,""physical_error_rate"":1e-06}","{""detectors_checked"":1824768}"
      1024,         0,         0,   0.001,decoder_by_matrix,e9839e3017c9ef118c4b8aeafef39e78c11ecbdb89764e9ca676a7dc2fb6d062,"{""distance"":3,""physical_error_rate"":1e-06}","{""detectors_checked"":55296}"
      7168,         0,         0,   0.150,decoder_by_matrix,f854eed952f7ffb52e4f578393718ba880ba0930c78fe51d50828fe06a713055,"{""distance"":3,""physical_error_rate"":0.001}","{""detection_events"":939,""detectors_checked"":387072}"
      1024,         0,         0,   0.002,decoder_by_matrix,f854eed952f7ffb52e4f578393718ba880ba0930c78fe51d50828fe06a713055,"{""distance"":3,""physical_error_rate"":0.001}","{""detection_events"":114,""detectors_checked"":55296}"
      1024,         0,         0,   0.001,decoder_by_matrix,560c721f87db01d4cacf7dcb7d8812fecde61e9e7776d4b9e1b1a792578ecad7,"{""distance"":3,""physical_error_rate"":5e-06}","{""detectors_checked"":55296}"
      1024,         0,         0,   0.001,decoder_by_matrix,560c721f87db01d4cacf7dcb7d8812fecde61e9e7776d4b9e1b1a792578ecad7,"{""distance"":3,""physical_error_rate"":5e-06}","{""detectors_checked"":55296}"
      9216,         1,         0,   0.141,decoder_by_matrix,f854eed952f7ffb52e4f578393718ba880ba0930c78fe51d50828fe06a713055,"{""distance"":3,""physical_error_rate"":0.001}","{""detection_events"":1278,""detectors_checked"":497664,""obs_mistake_mask=E"":1}"
      1024,         1,         0,   0.002,decoder_by_matrix,f854eed952f7ffb52e4f578393718ba880ba0930c78fe51d50828fe06a713055,"{""distance"":3,""physical_error_rate"":0.001}","{""detection_events"":177,""detectors_checked"":55296,""obs_mistake_mask=E"":1}"
     15360,         0,         0,   0.347,decoder_by_matrix,beec9fd12293a9cfe53c9b61fb8ce2a525e4eed38fa75d132d6dc64699336876,"{""distance"":3,""physical_error_rate"":0.0001}","{""detection_events"":201,""detectors_checked"":829440}"
      1024,         0,         0,   0.002,decoder_by_matrix,beec9fd12293a9cfe53c9b61fb8ce2a525e4eed38fa75d132d6dc64699336876,"{""distance"":3,""physical_error_rate"":0.0001}","{""detection_events"":9,""detectors_checked"":55296}"
     31744,         0,         0,   0.206,decoder_by_matrix,e9839e3017c9ef118c4b8aeafef39e78c11ecbdb89764e9ca676a7dc2fb6d062,"{""distance"":3,""physical_error_rate"":1e-06}","{""detection_events"":6,""detectors_checked"":1714176}"
      1024,         0,         0,   0.001,decoder_by_matrix,e9839e3017c9ef118c4b8aeafef39e78c11ecbdb89764e9ca676a7dc2fb6d062,"{""distance"":3,""physical_error_rate"":1e-06}","{""detectors_checked"":55296}"
     13312,         0,         0,   0.437,decoder_by_matrix,5c8c81bfec719079c388cedc47a351f264c1bf769ae28a89f9b4fc7719fea501,"{""distance"":3,""physical_error_rate"":0.0005}","{""detection_events"":981,""detectors_checked"":718848}"
      1024,         0,         0,   0.002,decoder_by_matrix,5c8c81bfec719079c388cedc47a351f264c1bf769ae28a89f9b4fc7719fea501,"{""distance"":3,""physical_error_rate"":0.0005}","{""detection_events"":96,""detectors_checked"":55296}"
     13312,         0,         0,   0.330,decoder_by_matrix,beec9fd12293a9cfe53c9b61fb8ce2a525e4eed38fa75d132d6dc64699336876,"{""distance"":3,""physical_error_rate"":0.0001}","{""detection_events"":348,""detectors_checked"":718848}"
      1024,         0,         0,   0.002,decoder_by_matrix,beec9fd12293a9cfe53c9b61fb8ce2a525e4eed38fa75d132d6dc64699336876,"{""distance"":3,""physical_error_rate"":0.0001}","{""detection_events"":15,""detectors_checked"":55296}"
     11264,         0,         0,   0.148,decoder_by_matrix,5c8c81bfec719079c388cedc47a351f264c1bf769ae28a89f9b4fc7719fea501,"{""distance"":3,""physical_error_rate"":0.0005}","{""detection_events"":810,""detectors_checked"":608256}"
      1024,         0,         0,   0.002,decoder_by_matrix,5c8c81bfec719079c388cedc47a351f264c1bf769ae28a89f9b4fc7719fea501,"{""distance"":3,""physical_error_rate"":0.0005}","{""detection_events"":48,""detectors_checked"":55296}"
     30720,         0,         0,   0.117,decoder_by_matrix,560c721f87db01d4cacf7dcb7d8812fecde61e9e7776d4b9e1b1a792578ecad7,"{""distance"":3,""physical_error_rate"":5e-06}","{""detection_events"":15,""detectors_checked"":1658880}"
      1024,         0,         0,   0.002,decoder_by_matrix,560c721f87db01d4cacf7dcb7d8812fecde61e9e7776d4b9e1b1a792578ecad7,"{""distance"":3,""physical_error_rate"":5e-06}","{""detection_events"":6,""detectors_checked"":55296}"
     15360,         0,         0,   0.342,decoder_by_matrix,beec9fd12293a9cfe53c9b61fb8ce2a525e4eed38fa75d132d6dc64699336876,"{""distance"":3,""physical_error_rate"":0.0001}","{""detection_events"":144,""detectors_checked"":829440}"
      1024,         0,         0,   0.002,decoder_by_matrix,beec9fd12293a9cfe53c9b61fb8ce2a525e4eed38fa75d132d6dc64699336876,"{""distance"":3,""physical_error_rate"":0.0001}","{""detection_events"":60,""detectors_checked"":55296}"
      2048,        13,         0,   0.038,decoder_by_matrix,dc80d1b5cd4a369885d36fbbadd410646ee6a9cd91075667cd6e1b71d0442655,"{""distance"":3,""physical_error_rate"":0.01}","{""detection_events"":2502,""detectors_checked"":110592,""obs_mistake_mask=E"":13}"
      6144,        33,         0,   0.120,decoder_by_matrix,dc80d1b5cd4a369885d36fbbadd410646ee6a9cd91075667cd6e1b71d0442655,"{""distance"":3,""physical_error_rate"":0.01}","{""detection_events"":8319,""detectors_checked"":331776,""obs_mistake_mask=E"":33}"
      1024,         7,         0,   0.002,decoder_by_matrix,dc80d1b5cd4a369885d36fbbadd410646ee6a9cd91075667cd6e1b71d0442655,"{""distance"":3,""physical_error_rate"":0.01}","{""detection_events"":1407,""detectors_checked"":55296,""obs_mistake_mask=E"":7}"
     14336,         0,         0,   0.076,decoder_by_matrix,e25b8d07214a8afb95d354611a83b9bb1ded39644e323a8585b3aabf687a4fff,"{""distance"":3,""physical_error_rate"":1e-05}","{""detectors_checked"":774144}"
      6144,        14,         0,   0.185,decoder_by_matrix,bf84ffc61868c0acf247eb3d31d6d1ff07feed51ae0b0770ddaf58683dcdd22c,"{""distance"":3,""physical_error_rate"":0.005}","{""detection_events"":4227,""detectors_checked"":331776,""obs_mistake_mask=E"":14}"
      1024,         0,         0,   0.002,decoder_by_matrix,bf84ffc61868c0acf247eb3d31d6d1ff07feed51ae0b0770ddaf58683dcdd22c,"{""distance"":3,""physical_error_rate"":0.005}","{""detection_events"":729,""detectors_checked"":55296}"
     23552,         0,         0,   0.646,decoder_by_matrix,36e3cd26fed5ec7649ec51fb08c1a5e7d7f30e615782d954fee045c18a4962ca,"{""distance"":3,""physical_error_rate"":5e-05}","{""detection_events"":117,""detectors_checked"":1271808}"
      1024,         0,         0,   0.002,decoder_by_matrix,36e3cd26fed5ec7649ec51fb08c1a5e7d7f30e615782d954fee045c18a4962ca,"{""distance"":3,""physical_error_rate"":5e-05}","{""detection_events"":6,""detectors_checked"":55296}"
     14336,         0,         0,   0.566,decoder_by_matrix,5c8c81bfec719079c388cedc47a351f264c1bf769ae28a89f9b4fc7719fea501,"{""distance"":3,""physical_error_rate"":0.0005}","{""detection_events"":1146,""detectors_checked"":774144}"
      1024,         0,         0,   0.002,decoder_by_matrix,5c8c81bfec719079c388cedc47a351f264c1bf769ae28a89f9b4fc7719fea501,"{""distance"":3,""physical_error_rate"":0.0005}","{""detection_events"":42,""detectors_checked"":55296}"
     12288,         0,         0,   0.348,decoder_by_matrix,beec9fd12293a9cfe53c9b61fb8ce2a525e4eed38fa75d132d6dc64699336876,"{""distance"":3,""physical_error_rate"":0.0001}","{""detection_events"":171,""detectors_checked"":663552}"
      1024,         0,         0,   0.002,decoder_by_matrix,beec9fd12293a9cfe53c9b61fb8ce2a525e4eed38fa75d132d6dc64699336876,"{""distance"":3,""physical_error_rate"":0.0001}","{""detection_events"":15,""detectors_checked"":55296}"
     14336,         0,         0,   0.315,decoder_by_matrix,36e3cd26fed5ec7649ec51fb08c1a5e7d7f30e615782d954fee045c18a4962ca,"{""distance"":3,""physical_error_rate"":5e-05}","{""detection_events"":147,""detectors_checked"":774144}"
      1024,         0,         0,   0.001,decoder_by_matrix,36e3cd26fed5ec7649ec51fb08c1a5e7d7f30e615782d954fee045c18a4962ca,"{""distance"":3,""physical_error_rate"":5e-05}","{""detectors_checked"":55296}"
     26624,         0,         0,   0.415,decoder_by_matrix,e25b8d07214a8afb95d354611a83b9bb1ded39644e323a8585b3aabf687a4fff,"{""distance"":3,""physical_error_rate"":1e-05}","{""detection_events"":27,""detectors_checked"":1437696}"
      1024,         0,         0,   0.001,decoder_by_matrix,e25b8d07214a8afb95d354611a83b9bb1ded39644e323a8585b3aabf687a4fff,"{""distance"":3,""physical_error_rate"":1e-05}","{""detectors_checked"":55296}"
     30720,         0,         0,   0.362,decoder_by_matrix,e9839e3017c9ef118c4b8aeafef39e78c11ecbdb89764e9ca676a7dc2fb6d062,"{""distance"":3,""physical_error_rate"":1e-06}","{""detection_events"":3,""detectors_checked"":1658880}"
      1024,         0,         0,   0.001,decoder_by_matrix,e9839e3017c9ef118c4b8aeafef39e78c11ecbdb89764e9ca676a7dc2fb6d062,"{""distance"":3,""physical_error_rate"":1e-06}","{""detectors_checked"":55296}"
     27648,         0,         0,   0.206,decoder_by_matrix,e9839e3017c9ef118c4b8aeafef39e78c11ecbdb89764e9ca676a7dc2fb6d062,"{""distance"":3,""physical_error_rate"":1e-06}","{""detection_events"":12,""detectors_checked"":1492992}"
      1024,         0,         0,   0.001,decoder_by_matrix,e9839e3017c9ef118c4b8aeafef39e78c11ecbdb89764e9ca676a7dc2fb6d062,"{""distance"":3,""physical_error_rate"":1e-06}","{""detectors_checked"":55296}"
     12288,         0,         0,   0.330,decoder_by_matrix,beec9fd12293a9cfe53c9b61fb8ce2a525e4eed38fa75d132d6dc64699336876,"{""distance"":3,""physical_error_rate"":0.0001}","{""detection_events"":177,""detectors_checked"":663552}"
      1024,         0,         0,   0.002,decoder_by_matrix,beec9fd12293a9cfe53c9b61fb8ce2a525e4eed38fa75d132d6dc64699336876,"{""distance"":3,""physical_error_rate"":0.0001}","{""detection_events"":3,""detectors_checked"":55296}"
      9216,        15,         0,   0.342,decoder_by_matrix,bf84ffc61868c0acf247eb3d31d6d1ff07feed51ae0b0770ddaf58683dcdd22c,"{""distance"":3,""physical_error_rate"":0.005}","{""detection_events"":6627,""detectors_checked"":497664,""obs_mistake_mask=E"":15}"
      1024,         1,         0,   0.002,decoder_by_matrix,bf84ffc61868c0acf247eb3d31d6d1ff07feed51ae0b0770ddaf58683dcdd22c,"{""distance"":3,""physical_error_rate"":0.005}","{""detection_events"":591,""detectors_checked"":55296,""obs_mistake_mask=E"":1}"
     12288,         0,         0,   0.256,decoder_by_matrix,5c8c81bfec719079c388cedc47a351f264c1bf769ae28a89f9b4fc7719fea501,"{""distance"":3,""physical_error_rate"":0.0005}","{""detection_events"":816,""detectors_checked"":663552}"
      1024,         0,         0,   0.002,decoder_by_matrix,5c8c81bfec719079c388cedc47a351f264c1bf769ae28a89f9b4fc7719fea501,"{""distance"":3,""physical_error_rate"":0.0005}","{""detection_events"":93,""detectors_checked"":55296}"
     32768,         0,         0,   0.676,decoder_by_matrix,560c721f87db01d4cacf7dcb7d8812fecde61e9e7776d4b9e1b1a792578ecad7,"{""distance"":3,""physical_error_rate"":5e-06}","{""detection_events"":27,""detectors_checked"":1769472}"
      7168,        39,         0,   0.520,decoder_by_matrix,dc80d1b5cd4a369885d36fbbadd410646ee6a9cd91075667cd6e1b71d0442655,"{""distance"":3,""physical_error_rate"":0.01}","{""detection_events"":10410,""detectors_checked"":387072,""obs_mistake_mask=E"":39}"
      1024,         6,         0,   0.002,decoder_by_matrix,dc80d1b5cd4a369885d36fbbadd410646ee6a9cd91075667cd6e1b71d0442655,"{""distance"":3,""physical_error_rate"":0.01}","{""detection_events"":1407,""detectors_checked"":55296,""obs_mistake_mask=E"":6}"
     11264,         1,         0,   0.538,decoder_by_matrix,f854eed952f7ffb52e4f578393718ba880ba0930c78fe51d50828fe06a713055,"{""distance"":3,""physical_error_rate"":0.001}","{""detection_events"":1629,""detectors_checked"":608256,""obs_mistake_mask=E"":1}"
      1024,         0,         0,   0.002,decoder_by_matrix,f854eed952f7ffb52e4f578393718ba880ba0930c78fe51d50828fe06a713055,"{""distance"":3,""physical_error_rate"":0.001}","{""detection_events"":114,""detectors_checked"":55296}"
      9216,        15,         0,   0.530,decoder_by_matrix,bf84ffc61868c0acf247eb3d31d6d1ff07feed51ae0b0770ddaf58683dcdd22c,"{""distance"":3,""physical_error_rate"":0.005}","{""detection_events"":6483,""detectors_checked"":497664,""obs_mistake_mask=E"":15}"
      1024,         2,         0,   0.002,decoder_by_matrix,bf84ffc61868c0acf247eb3d31d6d1ff07feed51ae0b0770ddaf58683dcdd22c,"{""distance"":3,""physical_error_rate"":0.005}","{""detection_events"":849,""detectors_checked"":55296,""obs_mistake_mask=E"":2}"
      9216,        15,         0,   0.535,decoder_by_matrix,bf84ffc61868c0acf247eb3d31d6d1ff07feed51ae0b0770ddaf58683dcdd22c,"{""distance"":3,""physical_error_rate"":0.005}","{""detection_events"":6498,""detectors_checked"":497664,""obs_mistake_mask=E"":15}"
      1024,         2,         0,   0.002,decoder_by_matrix,bf84ffc61868c0acf247eb3d31d6d1ff07feed51ae0b0770ddaf58683dcdd22c,"{""distance"":3,""physical_error_rate"":0.005}","{""detection_events"":756,""detectors_checked"":55296,""obs_mistake_mask=E"":2}"
     12288,        64,         0,   0.948,decoder_by_matrix,dc80d1b5cd4a369885d36fbbadd410646ee6a9cd91075667cd6e1b71d0442655,"{""distance"":3,""physical_error_rate"":0.01}","{""detection_events"":16944,""detectors_checked"":663552,""obs_mistake_mask=E"":64}"
      9216,         0,         0,   0.332,decoder_by_matrix,beec9fd12293a9cfe53c9b61fb8ce2a525e4eed38fa75d132d6dc64699336876,"{""distance"":3,""physical_error_rate"":0.0001}","{""detection_events"":129,""detectors_checked"":497664}"
      1024,         0,         0,   0.002,decoder_by_matrix,beec9fd12293a9cfe53c9b61fb8ce2a525e4eed38fa75d132d6dc64699336876,"{""distance"":3,""physical_error_rate"":0.0001}","{""detection_events"":15,""detectors_checked"":55296}"
      9216,        52,         0,   0.548,decoder_by_matrix,dc80d1b5cd4a369885d36fbbadd410646ee6a9cd91075667cd6e1b71d0442655,"{""distance"":3,""physical_error_rate"":0.01}","{""detection_events"":12633,""detectors_checked"":497664,""obs_mistake_mask=E"":52}"
     12288,         1,         0,   0.222,decoder_by_matrix,f854eed952f7ffb52e4f578393718ba880ba0930c78fe51d50828fe06a713055,"{""distance"":3,""physical_error_rate"":0.001}","{""detection_events"":1764,""detectors_checked"":663552,""obs_mistake_mask=E"":1}"
     20480,         0,         0,   0.158,decoder_by_matrix,e9839e3017c9ef118c4b8aeafef39e78c11ecbdb89764e9ca676a7dc2fb6d062,"{""distance"":3,""physical_error_rate"":1e-06}","{""detectors_checked"":1105920}"
      1024,         0,         0,   0.001,decoder_by_matrix,e9839e3017c9ef118c4b8aeafef39e78c11ecbdb89764e9ca676a7dc2fb6d062,"{""distance"":3,""physical_error_rate"":1e-06}","{""detectors_checked"":55296}"
     25600,         0,         0,   0.332,decoder_by_matrix,e25b8d07214a8afb95d354611a83b9bb1ded39644e323a8585b3aabf687a4fff,"{""distance"":3,""physical_error_rate"":1e-05}","{""detection_events"":12,""detectors_checked"":1382400}"
      1024,         0,         0,   0.001,decoder_by_matrix,e25b8d07214a8afb95d354611a83b9bb1ded39644e323a8585b3aabf687a4fff,"{""distance"":3,""physical_error_rate"":1e-05}","{""detectors_checked"":55296}"
     24576,         0,         0,   0.329,decoder_by_matrix,e25b8d07214a8afb95d354611a83b9bb1ded39644e323a8585b3aabf687a4fff,"{""distance"":3,""physical_error_rate"":1e-05}","{""detection_events"":63,""detectors_checked"":1327104}"
      1024,         0,         0,   0.001,decoder_by_matrix,e25b8d07214a8afb95d354611a83b9bb1ded39644e323a8585b3aabf687a4fff,"{""distance"":3,""physical_error_rate"":1e-05}","{""detectors_checked"":55296}"
     12288,        29,         0,   0.586,decoder_by_matrix,bf84ffc61868c0acf247eb3d31d6d1ff07feed51ae0b0770ddaf58683dcdd22c,"{""distance"":3,""physical_error_rate"":0.005}","{""detection_events"":9459,""detectors_checked"":663552,""obs_mistake_mask=E"":29}"
      1024,         4,         0,   0.002,decoder_by_matrix,bf84ffc61868c0acf247eb3d31d6d1ff07feed51ae0b0770ddaf58683dcdd22c,"{""distance"":3,""physical_error_rate"":0.005}","{""detection_events"":819,""detectors_checked"":55296,""obs_mistake_mask=E"":4}"
     12288,         0,         0,   0.103,decoder_by_matrix,560c721f87db01d4cacf7dcb7d8812fecde61e9e7776d4b9e1b1a792578ecad7,"{""distance"":3,""physical_error_rate"":5e-06}","{""detection_events"":6,""detectors_checked"":663552}"
      1024,         0,         0,   0.001,decoder_by_matrix,560c721f87db01d4cacf7dcb7d8812fecde61e9e7776d4b9e1b1a792578ecad7,"{""distance"":3,""physical_error_rate"":5e-06}","{""detectors_checked"":55296}"
     13312,         0,         0,   0.306,decoder_by_matrix,5c8c81bfec719079c388cedc47a351f264c1bf769ae28a89f9b4fc7719fea501,"{""distance"":3,""physical_error_rate"":0.0005}","{""detection_events"":1038,""detectors_checked"":718848}"
      1024,         0,         0,   0.002,decoder_by_matrix,5c8c81bfec719079c388cedc47a351f264c1bf769ae28a89f9b4fc7719fea501,"{""distance"":3,""physical_error_rate"":0.0005}","{""detection_events"":57,""detectors_checked"":55296}"
     13312,         0,         0,   0.296,decoder_by_matrix,e25b8d07214a8afb95d354611a83b9bb1ded39644e323a8585b3aabf687a4fff,"{""distance"":3,""physical_error_rate"":1e-05}","{""detection_events"":27,""detectors_checked"":718848}"
      1024,         0,         0,   0.001,decoder_by_matrix,e25b8d07214a8afb95d354611a83b9bb1ded39644e323a8585b3aabf687a4fff,"{""distance"":3,""physical_error_rate"":1e-05}","{""detectors_checked"":55296}"
      9216,        62,         0,   0.666,decoder_by_matrix,dc80d1b5cd4a369885d36fbbadd410646ee6a9cd91075667cd6e1b71d0442655,"{""distance"":3,""physical_error_rate"":0.01}","{""detection_events"":12807,""detectors_checked"":497664,""obs_mistake_mask=E"":62}"
      1024,         4,         0,   0.002,decoder_by_matrix,dc80d1b5cd4a369885d36fbbadd410646ee6a9cd91075667cd6e1b71d0442655,"{""distance"":3,""physical_error_rate"":0.01}","{""detection_events"":1248,""detectors_checked"":55296,""obs_mistake_mask=E"":4}"
      8192,         0,         0,   0.195,decoder_by_matrix,36e3cd26fed5ec7649ec51fb08c1a5e7d7f30e615782d954fee045c18a4962ca,"{""distance"":3,""physical_error_rate"":5e-05}","{""detection_events"":39,""detectors_checked"":442368}"
      1024,         0,         0,   0.001,decoder_by_matrix,36e3cd26fed5ec7649ec51fb08c1a5e7d7f30e615782d954fee045c18a4962ca,"{""distance"":3,""physical_error_rate"":5e-05}","{""detectors_checked"":55296}"
     14336,         2,         0,   0.764,decoder_by_matrix,f854eed952f7ffb52e4f578393718ba880ba0930c78fe51d50828fe06a713055,"{""distance"":3,""physical_error_rate"":0.001}","{""detection_events"":1965,""detectors_checked"":774144,""obs_mistake_mask=E"":2}"
      1024,         0,         0,   0.002,decoder_by_matrix,f854eed952f7ffb52e4f578393718ba880ba0930c78fe51d50828fe06a713055,"{""distance"":3,""physical_error_rate"":0.001}","{""detection_events"":150,""detectors_checked"":55296}"
     27648,         0,         0,   0.533,decoder_by_matrix,560c721f87db01d4cacf7dcb7d8812fecde61e9e7776d4b9e1b1a792578ecad7,"{""distance"":3,""physical_error_rate"":5e-06}","{""detection_events"":39,""detectors_checked"":1492992}"
      1024,         0,         0,   0.001,decoder_by_matrix,560c721f87db01d4cacf7dcb7d8812fecde61e9e7776d4b9e1b1a792578ecad7,"{""distance"":3,""physical_error_rate"":5e-06}","{""detectors_checked"":55296}"
      8192,         0,         0,   0.320,decoder_by_matrix,5c8c81bfec719079c388cedc47a351f264c1bf769ae28a89f9b4fc7719fea501,"{""distance"":3,""physical_error_rate"":0.0005}","{""detection_events"":510,""detectors_checked"":442368}"
      1024,         0,         0,   0.002,decoder_by_matrix,5c8c81bfec719079c388cedc47a351f264c1bf769ae28a89f9b4fc7719fea501,"{""distance"":3,""physical_error_rate"":0.0005}","{""detection_events"":15,""detectors_checked"":55296}"
      4096,        24,         0,   0.180,decoder_by_matrix,dc80d1b5cd4a369885d36fbbadd410646ee6a9cd91075667cd6e1b71d0442655,"{""distance"":3,""physical_error_rate"":0.01}","{""detection_events"":5742,""detectors_checked"":221184,""obs_mistake_mask=E"":24}"
      1024,         5,         0,   0.002,decoder_by_matrix,dc80d1b5cd4a369885d36fbbadd410646ee6a9cd91075667cd6e1b71d0442655,"{""distance"":3,""physical_error_rate"":0.01}","{""detection_events"":1356,""detectors_checked"":55296,""obs_mistake_mask=E"":5}"
      9216,        48,         0,   0.672,decoder_by_matrix,dc80d1b5cd4a369885d36fbbadd410646ee6a9cd91075667cd6e1b71d0442655,"{""distance"":3,""physical_error_rate"":0.01}","{""detection_events"":12663,""detectors_checked"":497664,""obs_mistake_mask=E"":48}"
     29696,         0,         0,   0.838,decoder_by_matrix,e25b8d07214a8afb95d354611a83b9bb1ded39644e323a8585b3aabf687a4fff,"{""distance"":3,""physical_error_rate"":1e-05}","{""detection_events"":57,""detectors_checked"":1603584}"
     17408,         0,         0,   0.576,decoder_by_matrix,36e3cd26fed5ec7649ec51fb08c1a5e7d7f30e615782d954fee045c18a4962ca,"{""distance"":3,""physical_error_rate"":5e-05}","{""detection_events"":105,""detectors_checked"":940032}"
     32768,         0,         0,   0.557,decoder_by_matrix,e9839e3017c9ef118c4b8aeafef39e78c11ecbdb89764e9ca676a7dc2fb6d062,"{""distance"":3,""physical_error_rate"":1e-06}","{""detection_events"":6,""detectors_checked"":1769472}"
      7168,        10,         0,   0.332,decoder_by_matrix,bf84ffc61868c0acf247eb3d31d6d1ff07feed51ae0b0770ddaf58683dcdd22c,"{""distance"":3,""physical_error_rate"":0.005}","{""detection_events"":5082,""detectors_checked"":387072,""obs_mistake_mask=E"":10}"
      1024,         1,         0,   0.002,decoder_by_matrix,bf84ffc61868c0acf247eb3d31d6d1ff07feed51ae0b0770ddaf58683dcdd22c,"{""distance"":3,""physical_error_rate"":0.005}","{""detection_events"":774,""detectors_checked"":55296,""obs_mistake_mask=E"":1}"
     35840,         0,         0,   0.834,decoder_by_matrix,560c721f87db01d4cacf7dcb7d8812fecde61e9e7776d4b9e1b1a792578ecad7,"{""distance"":3,""physical_error_rate"":5e-06}","{""detection_events"":54,""detectors_checked"":1935360}"
      1024,         0,         0,   0.001,decoder_by_matrix,560c721f87db01d4cacf7dcb7d8812fecde61e9e7776d4b9e1b1a792578ecad7,"{""distance"":3,""physical_error_rate"":5e-06}","{""detectors_checked"":55296}"
     11264,         2,         0,   0.195,decoder_by_matrix,f854eed952f7ffb52e4f578393718ba880ba0930c78fe51d50828fe06a713055,"{""distance"":3,""physical_error_rate"":0.001}","{""detection_events"":1620,""detectors_checked"":608256,""obs_mistake_mask=E"":2}"
      1024,         0,         0,   0.002,decoder_by_matrix,f854eed952f7ffb52e4f578393718ba880ba0930c78fe51d50828fe06a713055,"{""distance"":3,""physical_error_rate"":0.001}","{""detection_events"":204,""detectors_checked"":55296}"
     24576,         0,         0,   0.803,decoder_by_matrix,36e3cd26fed5ec7649ec51fb08c1a5e7d7f30e615782d954fee045c18a4962ca,"{""distance"":3,""physical_error_rate"":5e-05}","{""detection_events"":174,""detectors_checked"":1327104}"
      8192,         0,         0,   0.225,decoder_by_matrix,36e3cd26fed5ec7649ec51fb08c1a5e7d7f30e615782d954fee045c18a4962ca,"{""distance"":3,""physical_error_rate"":5e-05}","{""detection_events"":51,""detectors_checked"":442368}"
      1024,         0,         0,   0.002,decoder_by_matrix,36e3cd26fed5ec7649ec51fb08c1a5e7d7f30e615782d954fee045c18a4962ca,"{""distance"":3,""physical_error_rate"":5e-05}","{""detection_events"":12,""detectors_checked"":55296}"
      4096,        38,         0,   0.168,decoder_by_matrix,dc80d1b5cd4a369885d36fbbadd410646ee6a9cd91075667cd6e1b71d0442655,"{""distance"":3,""physical_error_rate"":0.01}","{""detection_events"":5913,""detectors_checked"":221184,""obs_mistake_mask=E"":38}"
      1024,        10,         0,   0.002,decoder_by_matrix,dc80d1b5cd4a369885d36fbbadd410646ee6a9cd91075667cd6e1b71d0442655,"{""distance"":3,""physical_error_rate"":0.01}","{""detection_events"":1521,""detectors_checked"":55296,""obs_mistake_mask=E"":10}"
      7168,         0,         0,   0.178,decoder_by_matrix,beec9fd12293a9cfe53c9b61fb8ce2a525e4eed38fa75d132d6dc64699336876,"{""distance"":3,""physical_error_rate"":0.0001}","{""detection_events"":117,""detectors_checked"":387072}"
      1024,         0,         0,   0.002,decoder_by_matrix,beec9fd12293a9cfe53c9b61fb8ce2a525e4eed38fa75d132d6dc64699336876,"{""distance"":3,""physical_error_rate"":0.0001}","{""detection_events"":36,""detectors_checked"":55296}"
      7168,         1,         0,   0.224,decoder_by_matrix,f854eed952f7ffb52e4f578393718ba880ba0930c78fe51d50828fe06a713055,"{""distance"":3,""physical_error_rate"":0.001}","{""detection_events"":1032,""detectors_checked"":387072,""obs_mistake_mask=E"":1}"
      1024,         0,         0,   0.002,decoder_by_matrix,f854eed952f7ffb52e4f578393718ba880ba0930c78fe51d50828fe06a713055,"{""distance"":3,""physical_error_rate"":0.001}","{""detection_events"":204,""detectors_checked"":55296}"
      1024,         0,         0,   0.002,decoder_by_matrix,f854eed952f7ffb52e4f578393718ba880ba0930c78fe51d50828fe06a713055,"{""distance"":3,""physical_error_rate"":0.001}","{""detection_events"":159,""detectors_checked"":55296}"
      1024,         0,         0,   0.002,decoder_by_matrix,f854eed952f7ffb52e4f578393718ba880ba0930c78fe51d50828fe06a713055,"{""distance"":3,""physical_error_rate"":0.001}","{""detection_events"":51,""detectors_checked"":55296}"
     37888,         0,         0,   0.836,decoder_by_matrix,560c721f87db01d4cacf7dcb7d8812fecde61e9e7776d4b9e1b1a792578ecad7,"{""distance"":3,""physical_error_rate"":5e-06}","{""detection_events"":33,""detectors_checked"":2045952}"
     33792,         0,         0,   0.470,decoder_by_matrix,e9839e3017c9ef118c4b8aeafef39e78c11ecbdb89764e9ca676a7dc2fb6d062,"{""distance"":3,""physical_error_rate"":1e-06}","{""detectors_checked"":1824768}"
     27648,         0,         0,   0.633,decoder_by_matrix,560c721f87db01d4cacf7dcb7d8812fecde61e9e7776d4b9e1b1a792578ecad7,"{""distance"":3,""physical_error_rate"":5e-06}","{""detection_events"":36,""detectors_checked"":1492992}"
     31744,         0,         0,   0.489,decoder_by_matrix,e9839e3017c9ef118c4b8aeafef39e78c11ecbdb89764e9ca676a7dc2fb6d062,"{""distance"":3,""physical_error_rate"":1e-06}","{""detection_events"":12,""detectors_checked"":1714176}"
      1024,         0,         0,   0.001,decoder_by_matrix,e9839e3017c9ef118c4b8aeafef39e78c11ecbdb89764e9ca676a7dc2fb6d062,"{""distance"":3,""physical_error_rate"":1e-06}","{""detectors_checked"":55296}"
     12288,         0,         0,   0.646,decoder_by_matrix,5c8c81bfec719079c388cedc47a351f264c1bf769ae28a89f9b4fc7719fea501,"{""distance"":3,""physical_error_rate"":0.0005}","{""detection_events"":756,""detectors_checked"":663552}"
     23552,         0,         0,   0.252,decoder_by_matrix,560c721f87db01d4cacf7dcb7d8812fecde61e9e7776d4b9e1b1a792578ecad7,"{""distance"":3,""physical_error_rate"":5e-06}","{""detection_events"":12,""detectors_checked"":1271808}"
     17408,         0,         0,   0.504,decoder_by_matrix,36e3cd26fed5ec7649ec51fb08c1a5e7d7f30e615782d954fee045c18a4962ca,"{""distance"":3,""physical_error_rate"":5e-05}","{""detection_events"":123,""detectors_checked"":940032}"
      7168,        47,         0,   0.272,decoder_by_matrix,dc80d1b5cd4a369885d36fbbadd410646ee6a9cd91075667cd6e1b71d0442655,"{""distance"":3,""physical_error_rate"":0.01}","{""detection_events"":9873,""detectors_checked"":387072,""obs_mistake_mask=E"":47}"
     10240,         8,         0,   0.637,decoder_by_matrix,bf84ffc61868c0acf247eb3d31d6d1ff07feed51ae0b0770ddaf58683dcdd22c,"{""distance"":3,""physical_error_rate"":0.005}","{""detection_events"":7146,""detectors_checked"":552960,""obs_mistake_mask=E"":8}"
      7168,        39,         0,   0.197,decoder_by_matrix,dc80d1b5cd4a369885d36fbbadd410646ee6a9cd91075667cd6e1b71d0442655,"{""distance"":3,""physical_error_rate"":0.01}","{""detection_events"":9537,""detectors_checked"":387072,""obs_mistake_mask=E"":39}"
     29696,         0,         0,   0.556,decoder_by_matrix,560c721f87db01d4cacf7dcb7d8812fecde61e9e7776d4b9e1b1a792578ecad7,"{""distance"":3,""physical_error_rate"":5e-06}","{""detection_events"":9,""detectors_checked"":1603584}"
      1024,         0,         0,   0.002,decoder_by_matrix,560c721f87db01d4cacf7dcb7d8812fecde61e9e7776d4b9e1b1a792578ecad7,"{""distance"":3,""physical_error_rate"":5e-06}","{""detection_events"":9,""detectors_checked"":55296}"
     10240,        16,         0,   0.820,decoder_by_matrix,bf84ffc61868c0acf247eb3d31d6d1ff07feed51ae0b0770ddaf58683dcdd22c,"{""distance"":3,""physical_error_rate"":0.005}","{""detection_events"":7695,""detectors_checked"":552960,""obs_mistake_mask=E"":16}"
      1024,         2,         0,   0.002,decoder_by_matrix,bf84ffc61868c0acf247eb3d31d6d1ff07feed51ae0b0770ddaf58683dcdd22c,"{""distance"":3,""physical_error_rate"":0.005}","{""detection_events"":777,""detectors_checked"":55296,""obs_mistake_mask=E"":2}"
     15360,         0,         0,   0.544,decoder_by_matrix,beec9fd12293a9cfe53c9b61fb8ce2a525e4eed38fa75d132d6dc64699336876,"{""distance"":3,""physical_error_rate"":0.0001}","{""detection_events"":153,""detectors_checked"":829440}"
      1024,         0,         0,   0.002,decoder_by_matrix,beec9fd12293a9cfe53c9b61fb8ce2a525e4eed38fa75d132d6dc64699336876,"{""distance"":3,""physical_error_rate"":0.0001}","{""detection_events"":12,""detectors_checked"":55296}"
     14336,         0,         0,   0.674,decoder_by_matrix,5c8c81bfec719079c388cedc47a351f264c1bf769ae28a89f9b4fc7719fea501,"{""distance"":3,""physical_error_rate"":0.0005}","{""detection_events"":1047,""detectors_checked"":774144}"
      1024,         0,         0,   0.002,decoder_by_matrix,5c8c81bfec719079c388cedc47a351f264c1bf769ae28a89f9b4fc7719fea501,"{""distance"":3,""physical_error_rate"":0.0005}","{""detection_events"":39,""detectors_checked"":55296}"
     19456,         0,         0,   0.667,decoder_by_matrix,36e3cd26fed5ec7649ec51fb08c1a5e7d7f30e615782d954fee045c18a4962ca,"{""distance"":3,""physical_error_rate"":5e-05}","{""detection_events"":96,""detectors_checked"":1050624}"
      1024,         0,         0,   0.001,decoder_by_matrix,36e3cd26fed5ec7649ec51fb08c1a5e7d7f30e615782d954fee045c18a4962ca,"{""distance"":3,""physical_error_rate"":5e-05}","{""detectors_checked"":55296}"
     32768,         0,         0,   0.330,decoder_by_matrix,e9839e3017c9ef118c4b8aeafef39e78c11ecbdb89764e9ca676a7dc2fb6d062,"{""distance"":3,""physical_error_rate"":1e-06}","{""detectors_checked"":1769472}"
      1024,         0,         0,   0.001,decoder_by_matrix,e9839e3017c9ef118c4b8aeafef39e78c11ecbdb89764e9ca676a7dc2fb6d062,"{""distance"":3,""physical_error_rate"":1e-06}","{""detectors_checked"":55296}"
     14336,         1,         0,   0.647,decoder_by_matrix,f854eed952f7ffb52e4f578393718ba880ba0930c78fe51d50828fe06a713055,"{""distance"":3,""physical_error_rate"":0.001}","{""detection_events"":2157,""detectors_checked"":774144,""obs_mistake_mask=E"":1}"
      1024,         0,         0,   0.002,decoder_by_matrix,f854eed952f7ffb52e4f578393718ba880ba0930c78fe51d50828fe06a713055,"{""distance"":3,""physical_error_rate"":0.001}","{""detection_events"":84,""detectors_checked"":55296}"
     14336,         1,         0,   0.655,decoder_by_matrix,f854eed952f7ffb52e4f578393718ba880ba0930c78fe51d50828fe06a713055,"{""distance"":3,""physical_error_rate"":0.001}","{""detection_events"":2043,""detectors_checked"":774144,""obs_mistake_mask=E"":1}"
      1024,         0,         0,   0.002,decoder_by_matrix,f854eed952f7ffb52e4f578393718ba880ba0930c78fe51d50828fe06a713055,"{""distance"":3,""physical_error_rate"":0.001}","{""detection_events"":171,""detectors_checked"":55296}"
      7168,         0,         0,   0.290,decoder_by_matrix,5c8c81bfec719079c388cedc47a351f264c1bf769ae28a89f9b4fc7719fea501,"{""distance"":3,""physical_error_rate"":0.0005}","{""detection_events"":435,""detectors_checked"":387072}"
      9216,         0,         0,   0.304,decoder_by_matrix,36e3cd26fed5ec7649ec51fb08c1a5e7d7f30e615782d954fee045c18a4962ca,"{""distance"":3,""physical_error_rate"":5e-05}","{""detection_events"":75,""detectors_checked"":497664}"
      1024,         0,         0,   0.001,decoder_by_matrix,36e3cd26fed5ec7649ec51fb08c1a5e7d7f30e615782d954fee045c18a4962ca,"{""distance"":3,""physical_error_rate"":5e-05}","{""detectors_checked"":55296}"
     43008,         0,         0,    1.09,decoder_by_matrix,e9839e3017c9ef118c4b8aeafef39e78c11ecbdb89764e9ca676a7dc2fb6d062,"{""distance"":3,""physical_error_rate"":1e-06}","{""detectors_checked"":2322432}"
     12288,         0,         0,   0.657,decoder_by_matrix,beec9fd12293a9cfe53c9b61fb8ce2a525e4eed38fa75d132d6dc64699336876,"{""distance"":3,""physical_error_rate"":0.0001}","{""detection_events"":183,""detectors_checked"":663552}"
      9216,        20,         0,   0.663,decoder_by_matrix,bf84ffc61868c0acf247eb3d31d6d1ff07feed51ae0b0770ddaf58683dcdd22c,"{""distance"":3,""physical_error_rate"":0.005}","{""detection_events"":6981,""detectors_checked"":497664,""obs_mistake_mask=E"":20}"
     16384,         0,         0,    1.11,decoder_by_matrix,5c8c81bfec719079c388cedc47a351f264c1bf769ae28a89f9b4fc7719fea501,"{""distance"":3,""physical_error_rate"":0.0005}","{""detection_events"":1218,""detectors_checked"":884736}"
     35840,         0,         0,   0.953,decoder_by_matrix,e25b8d07214a8afb95d354611a83b9bb1ded39644e323a8585b3aabf687a4fff,"{""distance"":3,""physical_error_rate"":1e-05}","{""detection_events"":60,""detectors_checked"":1935360}"
      8192,        44,         0,   0.679,decoder_by_matrix,dc80d1b5cd4a369885d36fbbadd410646ee6a9cd91075667cd6e1b71d0442655,"{""distance"":3,""physical_error_rate"":0.01}","{""detection_events"":11655,""detectors_checked"":442368,""obs_mistake_mask=E"":44}"
     16384,         0,         0,    1.04,decoder_by_matrix,5c8c81bfec719079c388cedc47a351f264c1bf769ae28a89f9b4fc7719fea501,"{""distance"":3,""physical_error_rate"":0.0005}","{""detection_events"":1125,""detectors_checked"":884736}"
     38912,         0,         0,   0.603,decoder_by_matrix,e9839e3017c9ef118c4b8aeafef39e78c11ecbdb89764e9ca676a7dc2fb6d062,"{""distance"":3,""physical_error_rate"":1e-06}","{""detectors_checked"":2101248}"
      1024,         0,         0,   0.001,decoder_by_matrix,e9839e3017c9ef118c4b8aeafef39e78c11ecbdb89764e9ca676a7dc2fb6d062,"{""distance"":3,""physical_error_rate"":1e-06}","{""detectors_checked"":55296}"
     13312,         0,         0,   0.179,decoder_by_matrix,36e3cd26fed5ec7649ec51fb08c1a5e7d7f30e615782d954fee045c18a4962ca,"{""distance"":3,""physical_error_rate"":5e-05}","{""detection_events"":87,""detectors_checked"":718848}"
     10240,         0,         0,   0.367,decoder_by_matrix,5c8c81bfec719079c388cedc47a351f264c1bf769ae28a89f9b4fc7719fea501,"{""distance"":3,""physical_error_rate"":0.0005}","{""detection_events"":654,""detectors_checked"":552960}"
     13312,         1,         0,   0.590,decoder_by_matrix,f854eed952f7ffb52e4f578393718ba880ba0930c78fe51d50828fe06a713055,"{""distance"":3,""physical_error_rate"":0.001}","{""detection_events"":1749,""detectors_checked"":718848,""obs_mistake_mask=E"":1}"
     16384,         2,         0,   0.951,decoder_by_matrix,5c8c81bfec719079c388cedc47a351f264c1bf769ae28a89f9b4fc7719fea501,"{""distance"":3,""physical_error_rate"":0.0005}","{""detection_events"":1272,""detectors_checked"":884736,""obs_mistake_mask=E"":2}"
     21504,         0,         0,   0.360,decoder_by_matrix,560c721f87db01d4cacf7dcb7d8812fecde61e9e7776d4b9e1b1a792578ecad7,"{""distance"":3,""physical_error_rate"":5e-06}","{""detection_events"":21,""detectors_checked"":1161216}"
      1024,         0,         0,   0.001,decoder_by_matrix,560c721f87db01d4cacf7dcb7d8812fecde61e9e7776d4b9e1b1a792578ecad7,"{""distance"":3,""physical_error_rate"":5e-06}","{""detectors_checked"":55296}"
     33792,         0,         0,   0.663,decoder_by_matrix,e25b8d07214a8afb95d354611a83b9bb1ded39644e323a8585b3aabf687a4fff,"{""distance"":3,""physical_error_rate"":1e-05}","{""detection_events"":36,""detectors_checked"":1824768}"
     30720,         0,         0,   0.698,decoder_by_matrix,e25b8d07214a8afb95d354611a83b9bb1ded39644e323a8585b3aabf687a4fff,"{""distance"":3,""physical_error_rate"":1e-05}","{""detection_events"":24,""detectors_checked"":1658880}"
      1024,         0,         0,   0.001,decoder_by_matrix,e25b8d07214a8afb95d354611a83b9bb1ded39644e323a8585b3aabf687a4fff,"{""distance"":3,""physical_error_rate"":1e-05}","{""detectors_checked"":55296}"
      8192,        11,         0,   0.308,decoder_by_matrix,bf84ffc61868c0acf247eb3d31d6d1ff07feed51ae0b0770ddaf58683dcdd22c,"{""distance"":3,""physical_error_rate"":0.005}","{""detection_events"":5724,""detectors_checked"":442368,""obs_mistake_mask=E"":11}"
      1024,         2,         0,   0.002,decoder_by_matrix,bf84ffc61868c0acf247eb3d31d6d1ff07feed51ae0b0770ddaf58683dcdd22c,"{""distance"":3,""physical_error_rate"":0.005}","{""detection_events"":642,""detectors_checked"":55296,""obs_mistake_mask=E"":2}"
      7168,         0,         0,   0.044,decoder_by_matrix,e9839e3017c9ef118c4b8aeafef39e78c11ecbdb89764e9ca676a7dc2fb6d062,"{""distance"":3,""physical_error_rate"":1e-06}","{""detectors_checked"":387072}"
     27648,         0,         0,   0.453,decoder_by_matrix,e9839e3017c9ef118c4b8aeafef39e78c11ecbdb89764e9ca676a7dc2fb6d062,"{""distance"":3,""physical_error_rate"":1e-06}","{""detectors_checked"":1492992}"
     13312,         0,         0,   0.444,decoder_by_matrix,36e3cd26fed5ec7649ec51fb08c1a5e7d7f30e615782d954fee045c18a4962ca,"{""distance"":3,""physical_error_rate"":5e-05}","{""detection_events"":114,""detectors_checked"":718848}"
     11264,         2,         0,   0.462,decoder_by_matrix,f854eed952f7ffb52e4f578393718ba880ba0930c78fe51d50828fe06a713055,"{""distance"":3,""physical_error_rate"":0.001}","{""detection_events"":1770,""detectors_checked"":608256,""obs_mistake_mask=E"":2}"
      1024,         0,         0,   0.002,decoder_by_matrix,f854eed952f7ffb52e4f578393718ba880ba0930c78fe51d50828fe06a713055,"{""distance"":3,""physical_error_rate"":0.001}","{""detection_events"":108,""detectors_checked"":55296}"
     12288,         0,         0,   0.354,decoder_by_matrix,beec9fd12293a9cfe53c9b61fb8ce2a525e4eed38fa75d132d6dc64699336876,"{""distance"":3,""physical_error_rate"":0.0001}","{""detection_events"":177,""detectors_checked"":663552}"
      1024,         0,         0,   0.002,decoder_by_matrix,beec9fd12293a9cfe53c9b61fb8ce2a525e4eed38fa75d132d6dc64699336876,"{""distance"":3,""physical_error_rate"":0.0001}","{""detection_events"":6,""detectors_checked"":55296}"
     11264,         0,         0,   0.341,decoder_by_matrix,f854eed952f7ffb52e4f578393718ba880ba0930c78fe51d50828fe06a713055,"{""distance"":3,""physical_error_rate"":0.001}","{""detection_events"":1665,""detectors_checked"":608256}"
      1024,         0,         0,   0.002,decoder_by_matrix,f854eed952f7ffb52e4f578393718ba880ba0930c78fe51d50828fe06a713055,"{""distance"":3,""physical_error_rate"":0.001}","{""detection_events"":213,""detectors_checked"":55296}"
     49152,         0,         0,   0.972,decoder_by_matrix,e9839e3017c9ef118c4b8aeafef39e78c11ecbdb89764e9ca676a7dc2fb6d062,"{""distance"":3,""physical_error_rate"":1e-06}","{""detection_events"":3,""detectors_checked"":2654208}"
      1024,         0,         0,   0.001,decoder_by_matrix,e9839e3017c9ef118c4b8aeafef39e78c11ecbdb89764e9ca676a7dc2fb6d062,"{""distance"":3,""physical_error_rate"":1e-06}","{""detectors_checked"":55296}"
      7168,        38,         0,   0.370,decoder_by_matrix,dc80d1b5cd4a369885d36fbbadd410646ee6a9cd91075667cd6e1b71d0442655,"{""distance"":3,""physical_error_rate"":0.01}","{""detection_events"":10239,""detectors_checked"":387072,""obs_mistake_mask=E"":38}"
      1024,        12,         0,   0.002,decoder_by_matrix,dc80d1b5cd4a369885d36fbbadd410646ee6a9cd91075667cd6e1b71d0442655,"{""distance"":3,""physical_error_rate"":0.01}","{""detection_events"":1440,""detectors_checked"":55296,""obs_mistake_mask=E"":12}"
     14336,         0,         0,   0.637,decoder_by_matrix,beec9fd12293a9cfe53c9b61fb8ce2a525e4eed38fa75d132d6dc64699336876,"{""distance"":3,""physical_error_rate"":0.0001}","{""detection_events"":192,""detectors_checked"":774144}"
      1024,         0,         0,   0.002,decoder_by_matrix,beec9fd12293a9cfe53c9b61fb8ce2a525e4eed38fa75d132d6dc64699336876,"{""distance"":3,""physical_error_rate"":0.0001}","{""detection_events"":6,""detectors_checked"":55296}"
     18432,         0,         0,   0.940,decoder_by_matrix,beec9fd12293a9cfe53c9b61fb8ce2a525e4eed38fa75d132d6dc64699336876,"{""distance"":3,""physical_error_rate"":0.0001}","{""detection_events"":285,""detectors_checked"":995328}"
      1024,         0,         0,   0.002,decoder_by_matrix,beec9fd12293a9cfe53c9b61fb8ce2a525e4eed38fa75d132d6dc64699336876,"{""distance"":3,""physical_error_rate"":0.0001}","{""detection_events"":6,""detectors_checked"":55296}"
     13312,        21,         0,   0.942,decoder_by_matrix,bf84ffc61868c0acf247eb3d31d6d1ff07feed51ae0b0770ddaf58683dcdd22c,"{""distance"":3,""physical_error_rate"":0.005}","{""detection_events"":9552,""detectors_checked"":718848,""obs_mistake_mask=E"":21}"
      1024,         1,         0,   0.002,decoder_by_matrix,bf84ffc61868c0acf247eb3d31d6d1ff07feed51ae0b0770ddaf58683dcdd22c,"{""distance"":3,""physical_error_rate"":0.005}","{""detection_events"":597,""detectors_checked"":55296,""obs_mistake_mask=E"":1}"
      2048,         2,         0,   0.037,decoder_by_matrix,bf84ffc61868c0acf247eb3d31d6d1ff07feed51ae0b0770ddaf58683dcdd22c,"{""distance"":3,""physical_error_rate"":0.005}","{""detection_events"":1491,""detectors_checked"":110592,""obs_mistake_mask=E"":2}"
     28672,         0,         0,   0.667,decoder_by_matrix,e25b8d07214a8afb95d354611a83b9bb1ded39644e323a8585b3aabf687a4fff,"{""distance"":3,""physical_error_rate"":1e-05}","{""detection_events"":51,""detectors_checked"":1548288}"
      1024,         0,         0,   0.001,decoder_by_matrix,e25b8d07214a8afb95d354611a83b9bb1ded39644e323a8585b3aabf687a4fff,"{""distance"":3,""physical_error_rate"":1e-05}","{""detectors_checked"":55296}"
      6144,        37,         0,   0.297,decoder_by_matrix,dc80d1b5cd4a369885d36fbbadd410646ee6a9cd91075667cd6e1b71d0442655,"{""distance"":3,""physical_error_rate"":0.01}","{""detection_events"":8247,""detectors_checked"":331776,""obs_mistake_mask=E"":37}"
      1024,         5,         0,   0.002,decoder_by_matrix,dc80d1b5cd4a369885d36fbbadd410646ee6a9cd91075667cd6e1b71d0442655,"{""distance"":3,""physical_error_rate"":0.01}","{""detection_events"":1476,""detectors_checked"":55296,""obs_mistake_mask=E"":5}"
      3072,         0,         0,   0.045,decoder_by_matrix,5c8c81bfec719079c388cedc47a351f264c1bf769ae28a89f9b4fc7719fea501,"{""distance"":3,""physical_error_rate"":0.0005}","{""detection_events"":210,""detectors_checked"":165888}"
     25600,         0,         0,    1.22,decoder_by_matrix,36e3cd26fed5ec7649ec51fb08c1a5e7d7f30e615782d954fee045c18a4962ca,"{""distance"":3,""physical_error_rate"":5e-05}","{""detection_events"":159,""detectors_checked"":1382400}"
     17408,         0,         0,   0.756,decoder_by_matrix,36e3cd26fed5ec7649ec51fb08c1a5e7d7f30e615782d954fee045c18a4962ca,"{""distance"":3,""physical_error_rate"":5e-05}","{""detection_events"":147,""detectors_checked"":940032}"
     23552,         0,         0,   0.523,decoder_by_matrix,560c721f87db01d4cacf7dcb7d8812fecde61e9e7776d4b9e1b1a792578ecad7,"{""distance"":3,""physical_error_rate"":5e-06}","{""detection_events"":24,""detectors_checked"":1271808}"
     10240,         0,         0,   0.527,decoder_by_matrix,5c8c81bfec719079c388cedc47a351f264c1bf769ae28a89f9b4fc7719fea501,"{""distance"":3,""physical_error_rate"":0.0005}","{""detection_events"":825,""detectors_checked"":552960}"
     11264,         0,         0,   0.488,decoder_by_matrix,36e3cd26fed5ec7649ec51fb08c1a5e7d7f30e615782d954fee045c18a4962ca,"{""distance"":3,""physical_error_rate"":5e-05}","{""detection_events"":108,""detectors_checked"":608256}"
     13312,         0,         0,   0.770,decoder_by_matrix,f854eed952f7ffb52e4f578393718ba880ba0930c78fe51d50828fe06a713055,"{""distance"":3,""physical_error_rate"":0.001}","{""detection_events"":1965,""detectors_checked"":718848}"
     32768,         0,         0,   0.924,decoder_by_matrix,e25b8d07214a8afb95d354611a83b9bb1ded39644e323a8585b3aabf687a4fff,"{""distance"":3,""physical_error_rate"":1e-05}","{""detection_events"":24,""detectors_checked"":1769472}"
      8192,        17,         0,   0.560,decoder_by_matrix,bf84ffc61868c0acf247eb3d31d6d1ff07feed51ae0b0770ddaf58683dcdd22c,"{""distance"":3,""physical_error_rate"":0.005}","{""detection_events"":5559,""detectors_checked"":442368,""obs_mistake_mask=E"":17}"
     30720,         0,         0,   0.599,decoder_by_matrix,e9839e3017c9ef118c4b8aeafef39e78c11ecbdb89764e9ca676a7dc2fb6d062,"{""distance"":3,""physical_error_rate"":1e-06}","{""detection_events"":15,""detectors_checked"":1658880}"
     35840,         0,         0,   0.807,decoder_by_matrix,560c721f87db01d4cacf7dcb7d8812fecde61e9e7776d4b9e1b1a792578ecad7,"{""distance"":3,""physical_error_rate"":5e-06}","{""detection_events"":12,""detectors_checked"":1935360}"
     31744,         0,         0,   0.599,decoder_by_matrix,560c721f87db01d4cacf7dcb7d8812fecde61e9e7776d4b9e1b1a792578ecad7,"{""distance"":3,""physical_error_rate"":5e-06}","{""detection_events"":15,""detectors_checked"":1714176}"
     37888,         0,         0,   0.633,decoder_by_matrix,560c721f87db01d4cacf7dcb7d8812fecde61e9e7776d4b9e1b1a792578ecad7,"{""distance"":3,""physical_error_rate"":5e-06}","{""detection_events"":3,""detectors_checked"":2045952}"
     20480,         0,         0,   0.268,decoder_by_matrix,e9839e3017c9ef118c4b8aeafef39e78c11ecbdb89764e9ca676a7dc2fb6d062,"{""distance"":3,""physical_error_rate"":1e-06}","{""detectors_checked"":1105920}"
     13312,         0,         0,   0.560,decoder_by_matrix,beec9fd12293a9cfe53c9b61fb8ce2a525e4eed38fa75d132d6dc64699336876,"{""distance"":3,""physical_error_rate"":0.0001}","{""detection_events"":237,""detectors_checked"":718848}"
      1024,         0,         0,   0.002,decoder_by_matrix,beec9fd12293a9cfe53c9b61fb8ce2a525e4eed38fa75d132d6dc64699336876,"{""distance"":3,""physical_error_rate"":0.0001}","{""detection_events"":9,""detectors_checked"":55296}"
     12288,         0,         0,   0.623,decoder_by_matrix,beec9fd12293a9cfe53c9b61fb8ce2a525e4eed38fa75d132d6dc64699336876,"{""distance"":3,""physical_error_rate"":0.0001}","{""detection_events"":261,""detectors_checked"":663552}"
      1024,         0,         0,   0.002,decoder_by_matrix,beec9fd12293a9cfe53c9b61fb8ce2a525e4eed38fa75d132d6dc64699336876,"{""distance"":3,""physical_error_rate"":0.0001}","{""detection_events"":21,""detectors_checked"":55296}"
     26624,         0,         0,   0.580,decoder_by_matrix,e25b8d07214a8afb95d354611a83b9bb1ded39644e323a8585b3aabf687a4fff,"{""distance"":3,""physical_error_rate"":1e-05}","{""detection_events"":51,""detectors_checked"":1437696}"
      1024,         0,         0,   0.001,decoder_by_matrix,e25b8d07214a8afb95d354611a83b9bb1ded39644e323a8585b3aabf687a4fff,"{""distance"":3,""physical_error_rate"":1e-05}","{""detectors_checked"":55296}"
     13312,        15,         0,   0.808,decoder_by_matrix,bf84ffc61868c0acf247eb3d31d6d1ff07feed51ae0b0770ddaf58683dcdd22c,"{""distance"":3,""physical_error_rate"":0.005}","{""detection_events"":9780,""detectors_checked"":718848,""obs_mistake_mask=E"":15}"
      8192,        38,         0,   0.384,decoder_by_matrix,dc80d1b5cd4a369885d36fbbadd410646ee6a9cd91075667cd6e1b71d0442655,"{""distance"":3,""physical_error_rate"":0.01}","{""detection_events"":10905,""detectors_checked"":442368,""obs_mistake_mask=E"":38}"
      1024,         7,         0,   0.002,decoder_by_matrix,dc80d1b5cd4a369885d36fbbadd410646ee6a9cd91075667cd6e1b71d0442655,"{""distance"":3,""physical_error_rate"":0.01}","{""detection_events"":1422,""detectors_checked"":55296,""obs_mistake_mask=E"":7}"
      2048,         0,         0,   0.002,decoder_by_matrix,e25b8d07214a8afb95d354611a83b9bb1ded39644e323a8585b3aabf687a4fff,"{""distance"":3,""physical_error_rate"":1e-05}","{""detection_events"":9,""detectors_checked"":110592}"
      1024,         0,         0,   0.001,decoder_by_matrix,e25b8d07214a8afb95d354611a83b9bb1ded39644e323a8585b3aabf687a4fff,"{""distance"":3,""physical_error_rate"":1e-05}","{""detectors_checked"":55296}"
      7168,        48,         0,   0.462,decoder_by_matrix,dc80d1b5cd4a369885d36fbbadd410646ee6a9cd91075667cd6e1b71d0442655,"{""distance"":3,""physical_error_rate"":0.01}","{""detection_events"":10365,""detectors_checked"":387072,""obs_mistake_mask=E"":48}"
      1024,         3,         0,   0.002,decoder_by_matrix,dc80d1b5cd4a369885d36fbbadd410646ee6a9cd91075667cd6e1b71d0442655,"{""distance"":3,""physical_error_rate"":0.01}","{""detection_events"":1536,""detectors_checked"":55296,""obs_mistake_mask=E"":3}"
      8192,        54,         0,   0.648,decoder_by_matrix,dc80d1b5cd4a369885d36fbbadd410646ee6a9cd91075667cd6e1b71d0442655,"{""distance"":3,""physical_error_rate"":0.01}","{""detection_events"":11598,""detectors_checked"":442368,""obs_mistake_mask=E"":54}"
      8192,        44,         0,   0.956,decoder_by_matrix,dc80d1b5cd4a369885d36fbbadd410646ee6a9cd91075667cd6e1b71d0442655,"{""distance"":3,""physical_error_rate"":0.01}","{""detection_events"":11811,""detectors_checked"":442368,""obs_mistake_mask=E"":44}"
     22528,         0,         0,   0.648,decoder_by_matrix,e25b8d07214a8afb95d354611a83b9bb1ded39644e323a8585b3aabf687a4fff,"{""distance"":3,""physical_error_rate"":1e-05}","{""detection_events"":15,""detectors_checked"":1216512}"
     20480,         0,         0,   0.625,decoder_by_matrix,560c721f87db01d4cacf7dcb7d8812fecde61e9e7776d4b9e1b1a792578ecad7,"{""distance"":3,""physical_error_rate"":5e-06}","{""detection_events"":15,""detectors_checked"":1105920}"
     23552,         0,         0,   0.632,decoder_by_matrix,e9839e3017c9ef118c4b8aeafef39e78c11ecbdb89764e9ca676a7dc2fb6d062,"{""distance"":3,""physical_error_rate"":1e-06}","{""detection_events"":12,""detectors_checked"":1271808}"
      9216,        18,         0,   0.637,decoder_by_matrix,bf84ffc61868c0acf247eb3d31d6d1ff07feed51ae0b0770ddaf58683dcdd22c,"{""distance"":3,""physical_error_rate"":0.005}","{""detection_events"":6570,""detectors_checked"":497664,""obs_mistake_mask=E"":18}"
     12288,        84,         0,    1.43,decoder_by_matrix,dc80d1b5cd4a369885d36fbbadd410646ee6a9cd91075667cd6e1b71d0442655,"{""distance"":3,""physical_error_rate"":0.01}","{""detection_events"":17538,""detectors_checked"":663552,""obs_mistake_mask=E"":84}"
      7168,        36,         0,   0.736,decoder_by_matrix,dc80d1b5cd4a369885d36fbbadd410646ee6a9cd91075667cd6e1b71d0442655,"{""distance"":3,""physical_error_rate"":0.01}","{""detection_events"":10017,""detectors_checked"":387072,""obs_mistake_mask=E"":36}"
     18432,         2,         0,    1.43,decoder_by_matrix,f854eed952f7ffb52e4f578393718ba880ba0930c78fe51d50828fe06a713055,"{""distance"":3,""physical_error_rate"":0.001}","{""detection_events"":2694,""detectors_checked"":995328,""obs_mistake_mask=E"":2}"
     10240,         1,         0,   0.671,decoder_by_matrix,5c8c81bfec719079c388cedc47a351f264c1bf769ae28a89f9b4fc7719fea501,"{""distance"":3,""physical_error_rate"":0.0005}","{""detection_events"":813,""detectors_checked"":552960,""obs_mistake_mask=E"":1}"
     10240,         0,         0,   0.662,decoder_by_matrix,5c8c81bfec719079c388cedc47a351f264c1bf769ae28a89f9b4fc7719fea501,"{""distance"":3,""physical_error_rate"":0.0005}","{""detection_events"":711,""detectors_checked"":552960}"
     15360,         0,         0,   0.788,decoder_by_matrix,36e3cd26fed5ec7649ec51fb08c1a5e7d7f30e615782d954fee045c18a4962ca,"{""distance"":3,""physical_error_rate"":5e-05}","{""detection_events"":135,""detectors_checked"":829440}"
     13312,         0,         0,   0.785,decoder_by_matrix,beec9fd12293a9cfe53c9b61fb8ce2a525e4eed38fa75d132d6dc64699336876,"{""distance"":3,""physical_error_rate"":0.0001}","{""detection_events"":195,""detectors_checked"":718848}"
     33792,         0,         0,   0.792,decoder_by_matrix,e9839e3017c9ef118c4b8aeafef39e78c11ecbdb89764e9ca676a7dc2fb6d062,"{""distance"":3,""physical_error_rate"":1e-06}","{""detection_events"":6,""detectors_checked"":1824768}"
     46080,         0,         0,    1.41,decoder_by_matrix,560c721f87db01d4cacf7dcb7d8812fecde61e9e7776d4b9e1b1a792578ecad7,"{""distance"":3,""physical_error_rate"":5e-06}","{""detection_events"":51,""detectors_checked"":2488320}"
     33792,         0,         0,   0.869,decoder_by_matrix,e9839e3017c9ef118c4b8aeafef39e78c11ecbdb89764e9ca676a7dc2fb6d062,"{""distance"":3,""physical_error_rate"":1e-06}","{""detection_events"":12,""detectors_checked"":1824768}"
     16384,         0,         0,   0.782,decoder_by_matrix,beec9fd12293a9cfe53c9b61fb8ce2a525e4eed38fa75d132d6dc64699336876,"{""distance"":3,""physical_error_rate"":0.0001}","{""detection_events"":168,""detectors_checked"":884736}"
      7168,         0,         0,   0.422,decoder_by_matrix,f854eed952f7ffb52e4f578393718ba880ba0930c78fe51d50828fe06a713055,"{""distance"":3,""physical_error_rate"":0.001}","{""detection_events"":1077,""detectors_checked"":387072}"
     44032,         0,         0,   0.748,decoder_by_matrix,560c721f87db01d4cacf7dcb7d8812fecde61e9e7776d4b9e1b1a792578ecad7,"{""distance"":3,""physical_error_rate"":5e-06}","{""detection_events"":51,""detectors_checked"":2377728}"
     30720,         0,         0,   0.926,decoder_by_matrix,e25b8d07214a8afb95d354611a83b9bb1ded39644e323a8585b3aabf687a4fff,"{""distance"":3,""physical_error_rate"":1e-05}","{""detection_events"":57,""detectors_checked"":1658880}"
      1024,         0,         0,   0.002,decoder_by_matrix,e25b8d07214a8afb95d354611a83b9bb1ded39644e323a8585b3aabf687a4fff,"{""distance"":3,""physical_error_rate"":1e-05}","{""detection_events"":6,""detectors_checked"":55296}"
     11264,        24,         0,   0.859,decoder_by_matrix,bf84ffc61868c0acf247eb3d31d6d1ff07feed51ae0b0770ddaf58683dcdd22c,"{""distance"":3,""physical_error_rate"":0.005}","{""detection_events"":7944,""detectors_checked"":608256,""obs_mistake_mask=E"":24}"
      1024,         2,         0,   0.002,decoder_by_matrix,bf84ffc61868c0acf247eb3d31d6d1ff07feed51ae0b0770ddaf58683dcdd22c,"{""distance"":3,""physical_error_rate"":0.005}","{""detection_events"":702,""detectors_checked"":55296,""obs_mistake_mask=E"":2}"
     13312,         0,         0,   0.969,decoder_by_matrix,5c8c81bfec719079c388cedc47a351f264c1bf769ae28a89f9b4fc7719fea501,"{""distance"":3,""physical_error_rate"":0.0005}","{""detection_events"":957,""detectors_checked"":718848}"
      9216,         0,         0,   0.568,decoder_by_matrix,beec9fd12293a9cfe53c9b61fb8ce2a525e4eed38fa75d132d6dc64699336876,"{""distance"":3,""physical_error_rate"":0.0001}","{""detection_events"":96,""detectors_checked"":497664}"
     15360,         0,         0,   0.579,decoder_by_matrix,36e3cd26fed5ec7649ec51fb08c1a5e7d7f30e615782d954fee045c18a4962ca,"{""distance"":3,""physical_error_rate"":5e-05}","{""detection_events"":75,""detectors_checked"":829440}"
      9216,         0,         0,   0.586,decoder_by_matrix,f854eed952f7ffb52e4f578393718ba880ba0930c78fe51d50828fe06a713055,"{""distance"":3,""physical_error_rate"":0.001}","{""detection_events"":1308,""detectors_checked"":497664}"
     31744,         0,         0,   0.619,decoder_by_matrix,e9839e3017c9ef118c4b8aeafef39e78c11ecbdb89764e9ca676a7dc2fb6d062,"{""distance"":3,""physical_error_rate"":1e-06}","{""detection_events"":6,""detectors_checked"":1714176}"
     20480,         0,         0,    1.12,decoder_by_matrix,36e3cd26fed5ec7649ec51fb08c1a5e7d7f30e615782d954fee045c18a4962ca,"{""distance"":3,""physical_error_rate"":5e-05}","{""detection_events"":186,""detectors_checked"":1105920}"
     13312,        15,         0,    1.14,decoder_by_matrix,bf84ffc61868c0acf247eb3d31d6d1ff07feed51ae0b0770ddaf58683dcdd22c,"{""distance"":3,""physical_error_rate"":0.005}","{""detection_events"":9537,""detectors_checked"":718848,""obs_mistake_mask=E"":15}"
     16384,         0,         0,    1.12,decoder_by_matrix,f854eed952f7ffb52e4f578393718ba880ba0930c78fe51d50828fe06a713055,"{""distance"":3,""physical_error_rate"":0.001}","{""detection_events"":2367,""detectors_checked"":884736}"
     17408,         1,         0,    1.14,decoder_by_matrix,5c8c81bfec719079c388cedc47a351f264c1bf769ae28a89f9b4fc7719fea501,"{""distance"":3,""physical_error_rate"":0.0005}","{""detection_events"":1242,""detectors_checked"":940032,""obs_mistake_mask=E"":1}"
      8192,        17,         0,   0.199,decoder_by_matrix,bf84ffc61868c0acf247eb3d31d6d1ff07feed51ae0b0770ddaf58683dcdd22c,"{""distance"":3,""physical_error_rate"":0.005}","{""detection_events"":6018,""detectors_checked"":442368,""obs_mistake_mask=E"":17}"
     10240,         0,         0,   0.677,decoder_by_matrix,f854eed952f7ffb52e4f578393718ba880ba0930c78fe51d50828fe06a713055,"{""distance"":3,""physical_error_rate"":0.001}","{""detection_events"":1362,""detectors_checked"":552960}"
      6144,        12,         0,   0.166,decoder_by_matrix,bf84ffc61868c0acf247eb3d31d6d1ff07feed51ae0b0770ddaf58683dcdd22c,"{""distance"":3,""physical_error_rate"":0.005}","{""detection_events"":4296,""detectors_checked"":331776,""obs_mistake_mask=E"":12}"
      1024,         0,         0,   0.002,decoder_by_matrix,bf84ffc61868c0acf247eb3d31d6d1ff07feed51ae0b0770ddaf58683dcdd22c,"{""distance"":3,""physical_error_rate"":0.005}","{""detection_events"":633,""detectors_checked"":55296}"
      8192,         0,         0,   0.163,decoder_by_matrix,5c8c81bfec719079c388cedc47a351f264c1bf769ae28a89f9b4fc7719fea501,"{""distance"":3,""physical_error_rate"":0.0005}","{""detection_events"":579,""detectors_checked"":442368}"
      1024,         0,         0,   0.002,decoder_by_matrix,5c8c81bfec719079c388cedc47a351f264c1bf769ae28a89f9b4fc7719fea501,"{""distance"":3,""physical_error_rate"":0.0005}","{""detection_events"":84,""detectors_checked"":55296}"
      9216,         1,         0,   0.750,decoder_by_matrix,f854eed952f7ffb52e4f578393718ba880ba0930c78fe51d50828fe06a713055,"{""distance"":3,""physical_error_rate"":0.001}","{""detection_events"":1344,""detectors_checked"":497664,""obs_mistake_mask=E"":1}"
     17408,         0,         0,   0.584,decoder_by_matrix,560c721f87db01d4cacf7dcb7d8812fecde61e9e7776d4b9e1b1a792578ecad7,"{""distance"":3,""physical_error_rate"":5e-06}","{""detection_events"":21,""detectors_checked"":940032}"
     14336,         0,         0,   0.773,decoder_by_matrix,36e3cd26fed5ec7649ec51fb08c1a5e7d7f30e615782d954fee045c18a4962ca,"{""distance"":3,""physical_error_rate"":5e-05}","{""detection_events"":111,""detectors_checked"":774144}"
     16384,         0,         0,   0.758,decoder_by_matrix,36e3cd26fed5ec7649ec51fb08c1a5e7d7f30e615782d954fee045c18a4962ca,"{""distance"":3,""physical_error_rate"":5e-05}","{""detection_events"":117,""detectors_checked"":884736}"
     36864,         0,         0,    1.30,decoder_by_matrix,e25b8d07214a8afb95d354611a83b9bb1ded39644e323a8585b3aabf687a4fff,"{""distance"":3,""physical_error_rate"":1e-05}","{""detection_events"":96,""detectors_checked"":1990656}"
     18432,         0,         0,    1.44,decoder_by_matrix,f854eed952f7ffb52e4f578393718ba880ba0930c78fe51d50828fe06a713055,"{""distance"":3,""physical_error_rate"":0.001}","{""detection_events"":2745,""detectors_checked"":995328}"
      9216,        48,         0,   0.895,decoder_by_matrix,dc80d1b5cd4a369885d36fbbadd410646ee6a9cd91075667cd6e1b71d0442655,"{""distance"":3,""physical_error_rate"":0.01}","{""detection_events"":12927,""detectors_checked"":497664,""obs_mistake_mask=E"":48}"
     19456,         0,         0,   0.813,decoder_by_matrix,36e3cd26fed5ec7649ec51fb08c1a5e7d7f30e615782d954fee045c18a4962ca,"{""distance"":3,""physical_error_rate"":5e-05}","{""detection_events"":198,""detectors_checked"":1050624}"
      5120,         1,         0,   0.199,decoder_by_matrix,f854eed952f7ffb52e4f578393718ba880ba0930c78fe51d50828fe06a713055,"{""distance"":3,""physical_error_rate"":0.001}","{""detection_events"":888,""detectors_checked"":276480,""obs_mistake_mask=E"":1}"
      7168,        56,         0,   0.569,decoder_by_matrix,dc80d1b5cd4a369885d36fbbadd410646ee6a9cd91075667cd6e1b71d0442655,"{""distance"":3,""physical_error_rate"":0.01}","{""detection_events"":10698,""detectors_checked"":387072,""obs_mistake_mask=E"":56}"
     27648,         0,         0,   0.823,decoder_by_matrix,e9839e3017c9ef118c4b8aeafef39e78c11ecbdb89764e9ca676a7dc2fb6d062,"{""distance"":3,""physical_error_rate"":1e-06}","{""detectors_checked"":1492992}"
     11264,         1,         0,   0.760,decoder_by_matrix,5c8c81bfec719079c388cedc47a351f264c1bf769ae28a89f9b4fc7719fea501,"{""distance"":3,""physical_error_rate"":0.0005}","{""detection_events"":924,""detectors_checked"":608256,""obs_mistake_mask=E"":1}"
      7168,         0,         0,   0.228,decoder_by_matrix,36e3cd26fed5ec7649ec51fb08c1a5e7d7f30e615782d954fee045c18a4962ca,"{""distance"":3,""physical_error_rate"":5e-05}","{""detection_events"":99,""detectors_checked"":387072}"
     20480,         0,         0,    1.38,decoder_by_matrix,36e3cd26fed5ec7649ec51fb08c1a5e7d7f30e615782d954fee045c18a4962ca,"{""distance"":3,""physical_error_rate"":5e-05}","{""detection_events"":222,""detectors_checked"":1105920}"
      8192,        18,         0,   0.833,decoder_by_matrix,bf84ffc61868c0acf247eb3d31d6d1ff07feed51ae0b0770ddaf58683dcdd22c,"{""distance"":3,""physical_error_rate"":0.005}","{""detection_events"":6048,""detectors_checked"":442368,""obs_mistake_mask=E"":18}"
     28672,         0,         0,   0.870,decoder_by_matrix,560c721f87db01d4cacf7dcb7d8812fecde61e9e7776d4b9e1b1a792578ecad7,"{""distance"":3,""physical_error_rate"":5e-06}","{""detection_events"":15,""detectors_checked"":1548288}"
     18432,         0,         0,    1.46,decoder_by_matrix,5c8c81bfec719079c388cedc47a351f264c1bf769ae28a89f9b4fc7719fea501,"{""distance"":3,""physical_error_rate"":0.0005}","{""detection_events"":1098,""detectors_checked"":995328}"
     13312,        27,         0,    1.27,decoder_by_matrix,bf84ffc61868c0acf247eb3d31d6d1ff07feed51ae0b0770ddaf58683dcdd22c,"{""distance"":3,""physical_error_rate"":0.005}","{""detection_events"":9789,""detectors_checked"":718848,""obs_mistake_mask=E"":27}"
      5120,         1,         0,   0.248,decoder_by_matrix,f854eed952f7ffb52e4f578393718ba880ba0930c78fe51d50828fe06a713055,"{""distance"":3,""physical_error_rate"":0.001}","{""detection_events"":816,""detectors_checked"":276480,""obs_mistake_mask=E"":1}"
     38912,         0,         0,    1.30,decoder_by_matrix,e25b8d07214a8afb95d354611a83b9bb1ded39644e323a8585b3aabf687a4fff,"{""distance"":3,""physical_error_rate"":1e-05}","{""detection_events"":27,""detectors_checked"":2101248}"
     25600,         0,         0,   0.639,decoder_by_matrix,e9839e3017c9ef118c4b8aeafef39e78c11ecbdb89764e9ca676a7dc2fb6d062,"{""distance"":3,""physical_error_rate"":1e-06}","{""detection_events"":9,""detectors_checked"":1382400}"
     26624,         0,         0,   0.692,decoder_by_matrix,560c721f87db01d4cacf7dcb7d8812fecde61e9e7776d4b9e1b1a792578ecad7,"{""distance"":3,""physical_error_rate"":5e-06}","{""detection_events"":15,""detectors_checked"":1437696}"
     23552,         0,         0,   0.315,decoder_by_matrix,e25b8d07214a8afb95d354611a83b9bb1ded39644e323a8585b3aabf687a4fff,"{""distance"":3,""physical_error_rate"":1e-05}","{""detection_events"":27,""detectors_checked"":1271808}"
     31744,         0,         0,    1.25,decoder_by_matrix,560c721f87db01d4cacf7dcb7d8812fecde61e9e7776d4b9e1b1a792578ecad7,"{""distance"":3,""physical_error_rate"":5e-06}","{""detection_events"":21,""detectors_checked"":1714176}"
      8192,        17,         0,   0.737,decoder_by_matrix,bf84ffc61868c0acf247eb3d31d6d1ff07feed51ae0b0770ddaf58683dcdd22c,"{""distance"":3,""physical_error_rate"":0.005}","{""detection_events"":5754,""detectors_checked"":442368,""obs_mistake_mask=E"":17}"
      9216,         0,         0,   0.287,decoder_by_matrix,5c8c81bfec719079c388cedc47a351f264c1bf769ae28a89f9b4fc7719fea501,"{""distance"":3,""physical_error_rate"":0.0005}","{""detection_events"":636,""detectors_checked"":497664}"
      8192,         0,         0,   0.282,decoder_by_matrix,beec9fd12293a9cfe53c9b61fb8ce2a525e4eed38fa75d132d6dc64699336876,"{""distance"":3,""physical_error_rate"":0.0001}","{""detection_events"":147,""detectors_checked"":442368}"
     33792,         0,         0,   0.671,decoder_by_matrix,560c721f87db01d4cacf7dcb7d8812fecde61e9e7776d4b9e1b1a792578ecad7,"{""distance"":3,""physical_error_rate"":5e-06}","{""detection_events"":9,""detectors_checked"":1824768}"
     35840,         0,         0,    1.28,decoder_by_matrix,560c721f87db01d4cacf7dcb7d8812fecde61e9e7776d4b9e1b1a792578ecad7,"{""distance"":3,""physical_error_rate"":5e-06}","{""detection_events"":6,""detectors_checked"":1935360}"
     11264,         0,         0,   0.722,decoder_by_matrix,beec9fd12293a9cfe53c9b61fb8ce2a525e4eed38fa75d132d6dc64699336876,"{""distance"":3,""physical_error_rate"":0.0001}","{""detection_events"":150,""detectors_checked"":608256}"
      7168,        36,         0,   0.769,decoder_by_matrix,dc80d1b5cd4a369885d36fbbadd410646ee6a9cd91075667cd6e1b71d0442655,"{""distance"":3,""physical_error_rate"":0.01}","{""detection_events"":9984,""detectors_checked"":387072,""obs_mistake_mask=E"":36}"
     10240,         0,         0,   0.769,decoder_by_matrix,5c8c81bfec719079c388cedc47a351f264c1bf769ae28a89f9b4fc7719fea501,"{""distance"":3,""physical_error_rate"":0.0005}","{""detection_events"":750,""detectors_checked"":552960}"
     33792,         0,         0,    1.06,decoder_by_matrix,e9839e3017c9ef118c4b8aeafef39e78c11ecbdb89764e9ca676a7dc2fb6d062,"{""distance"":3,""physical_error_rate"":1e-06}","{""detectors_checked"":1824768}"
     26624,         0,         0,   0.731,decoder_by_matrix,e9839e3017c9ef118c4b8aeafef39e78c11ecbdb89764e9ca676a7dc2fb6d062,"{""distance"":3,""physical_error_rate"":1e-06}","{""detectors_checked"":1437696}"
     36864,         0,         0,   0.950,decoder_by_matrix,e25b8d07214a8afb95d354611a83b9bb1ded39644e323a8585b3aabf687a4fff,"{""distance"":3,""physical_error_rate"":1e-05}","{""detection_events"":30,""detectors_checked"":1990656}"
     16384,         0,         0,    1.09,decoder_by_matrix,beec9fd12293a9cfe53c9b61fb8ce2a525e4eed38fa75d132d6dc64699336876,"{""distance"":3,""physical_error_rate"":0.0001}","{""detection_events"":330,""detectors_checked"":884736}"
     21504,         0,         0,    1.45,decoder_by_matrix,beec9fd12293a9cfe53c9b61fb8ce2a525e4eed38fa75d132d6dc64699336876,"{""distance"":3,""physical_error_rate"":0.0001}","{""detection_events"":219,""detectors_checked"":1161216}"
     20480,         0,         0,    1.45,decoder_by_matrix,beec9fd12293a9cfe53c9b61fb8ce2a525e4eed38fa75d132d6dc64699336876,"{""distance"":3,""physical_error_rate"":0.0001}","{""detection_events"":297,""detectors_checked"":1105920}"
     10240,         0,         0,   0.368,decoder_by_matrix,f854eed952f7ffb52e4f578393718ba880ba0930c78fe51d50828fe06a713055,"{""distance"":3,""physical_error_rate"":0.001}","{""detection_events"":1494,""detectors_checked"":552960}"
      8192,        51,         0,   0.655,decoder_by_matrix,dc80d1b5cd4a369885d36fbbadd410646ee6a9cd91075667cd6e1b71d0442655,"{""distance"":3,""physical_error_rate"":0.01}","{""detection_events"":10989,""detectors_checked"":442368,""obs_mistake_mask=E"":51}"
     32768,         0,         0,    1.35,decoder_by_matrix,e25b8d07214a8afb95d354611a83b9bb1ded39644e323a8585b3aabf687a4fff,"{""distance"":3,""physical_error_rate"":1e-05}","{""detection_events"":48,""detectors_checked"":1769472}"
     18432,         0,         0,    1.13,decoder_by_matrix,beec9fd12293a9cfe53c9b61fb8ce2a525e4eed38fa75d132d6dc64699336876,"{""distance"":3,""physical_error_rate"":0.0001}","{""detection_events"":180,""detectors_checked"":995328}"
     10240,         0,         0,   0.661,decoder_by_matrix,beec9fd12293a9cfe53c9b61fb8ce2a525e4eed38fa75d132d6dc64699336876,"{""distance"":3,""physical_error_rate"":0.0001}","{""detection_events"":222,""detectors_checked"":552960}"
     55296,         0,         0,    1.64,decoder_by_matrix,e9839e3017c9ef118c4b8aeafef39e78c11ecbdb89764e9ca676a7dc2fb6d062,"{""distance"":3,""physical_error_rate"":1e-06}","{""detection_events"":3,""detectors_checked"":2985984}"
     14336,        97,         0,    1.82,decoder_by_matrix,dc80d1b5cd4a369885d36fbbadd410646ee6a9cd91075667cd6e1b71d0442655,"{""distance"":3,""physical_error_rate"":0.01}","{""detection_events"":20316,""detectors_checked"":774144,""obs_mistake_mask=E"":97}"
      5120,        23,         0,   0.575,decoder_by_matrix,dc80d1b5cd4a369885d36fbbadd410646ee6a9cd91075667cd6e1b71d0442655,"{""distance"":3,""physical_error_rate"":0.01}","{""detection_events"":6879,""detectors_checked"":276480,""obs_mistake_mask=E"":23}"
      5120,        27,         0,   0.589,decoder_by_matrix,dc80d1b5cd4a369885d36fbbadd410646ee6a9cd91075667cd6e1b71d0442655,"{""distance"":3,""physical_error_rate"":0.01}","{""detection_events"":7122,""detectors_checked"":276480,""obs_mistake_mask=E"":27}"
     38912,         0,         0,    1.28,decoder_by_matrix,e9839e3017c9ef118c4b8aeafef39e78c11ecbdb89764e9ca676a7dc2fb6d062,"{""distance"":3,""physical_error_rate"":1e-06}","{""detection_events"":15,""detectors_checked"":2101248}"
     34816,         0,         0,    1.12,decoder_by_matrix,e25b8d07214a8afb95d354611a83b9bb1ded39644e323a8585b3aabf687a4fff,"{""distance"":3,""physical_error_rate"":1e-05}","{""detection_events"":60,""detectors_checked"":1880064}"
      9216,         0,         0,   0.614,decoder_by_matrix,36e3cd26fed5ec7649ec51fb08c1a5e7d7f30e615782d954fee045c18a4962ca,"{""distance"":3,""physical_error_rate"":5e-05}","{""detection_events"":69,""detectors_checked"":497664}"
      8192,         0,         0,   0.598,decoder_by_matrix,f854eed952f7ffb52e4f578393718ba880ba0930c78fe51d50828fe06a713055,"{""distance"":3,""physical_error_rate"":0.001}","{""detection_events"":1140,""detectors_checked"":442368}"
     12288,        22,         0,   0.964,decoder_by_matrix,bf84ffc61868c0acf247eb3d31d6d1ff07feed51ae0b0770ddaf58683dcdd22c,"{""distance"":3,""physical_error_rate"":0.005}","{""detection_events"":8637,""detectors_checked"":663552,""obs_mistake_mask=E"":22}"
     10240,        70,         0,    1.19,decoder_by_matrix,dc80d1b5cd4a369885d36fbbadd410646ee6a9cd91075667cd6e1b71d0442655,"{""distance"":3,""physical_error_rate"":0.01}","{""detection_events"":14871,""detectors_checked"":552960,""obs_mistake_mask=E"":70}"
     21504,         0,         0,   0.723,decoder_by_matrix,560c721f87db01d4cacf7dcb7d8812fecde61e9e7776d4b9e1b1a792578ecad7,"{""distance"":3,""physical_error_rate"":5e-06}","{""detection_events"":27,""detectors_checked"":1161216}"
     11264,        60,         0,    1.39,decoder_by_matrix,dc80d1b5cd4a369885d36fbbadd410646ee6a9cd91075667cd6e1b71d0442655,"{""distance"":3,""physical_error_rate"":0.01}","{""detection_events"":15507,""detectors_checked"":608256,""obs_mistake_mask=E"":60}"
     10240,         0,         0,   0.851,decoder_by_matrix,f854eed952f7ffb52e4f578393718ba880ba0930c78fe51d50828fe06a713055,"{""distance"":3,""physical_error_rate"":0.001}","{""detection_events"":1545,""detectors_checked"":552960}"
     36864,         0,         0,    1.32,decoder_by_matrix,560c721f87db01d4cacf7dcb7d8812fecde61e9e7776d4b9e1b1a792578ecad7,"{""distance"":3,""physical_error_rate"":5e-06}","{""detection_events"":18,""detectors_checked"":1990656}"
     15360,         1,         0,    1.19,decoder_by_matrix,f854eed952f7ffb52e4f578393718ba880ba0930c78fe51d50828fe06a713055,"{""distance"":3,""physical_error_rate"":0.001}","{""detection_events"":2160,""detectors_checked"":829440,""obs_mistake_mask=E"":1}"
     12288,         0,         0,   0.869,decoder_by_matrix,36e3cd26fed5ec7649ec51fb08c1a5e7d7f30e615782d954fee045c18a4962ca,"{""distance"":3,""physical_error_rate"":5e-05}","{""detection_events"":171,""detectors_checked"":663552}"
     46080,         0,         0,    1.35,decoder_by_matrix,e25b8d07214a8afb95d354611a83b9bb1ded39644e323a8585b3aabf687a4fff,"{""distance"":3,""physical_error_rate"":1e-05}","{""detection_events"":78,""detectors_checked"":2488320}"
     27648,         0,         0,   0.875,decoder_by_matrix,e9839e3017c9ef118c4b8aeafef39e78c11ecbdb89764e9ca676a7dc2fb6d062,"{""distance"":3,""physical_error_rate"":1e-06}","{""detectors_checked"":1492992}"
     12288,         0,         0,    1.06,decoder_by_matrix,f854eed952f7ffb52e4f578393718ba880ba0930c78fe51d50828fe06a713055,"{""distance"":3,""physical_error_rate"":0.001}","{""detection_events"":1734,""detectors_checked"":663552}"
     10240,        13,         0,    1.07,decoder_by_matrix,bf84ffc61868c0acf247eb3d31d6d1ff07feed51ae0b0770ddaf58683dcdd22c,"{""distance"":3,""physical_error_rate"":0.005}","{""detection_events"":6807,""detectors_checked"":552960,""obs_mistake_mask=E"":13}"
     10240,        17,         0,    1.09,decoder_by_matrix,bf84ffc61868c0acf247eb3d31d6d1ff07feed51ae0b0770ddaf58683dcdd22c,"{""distance"":3,""physical_error_rate"":0.005}","{""detection_events"":7281,""detectors_checked"":552960,""obs_mistake_mask=E"":17}"
     23552,         0,         0,    1.12,decoder_by_matrix,36e3cd26fed5ec7649ec51fb08c1a5e7d7f30e615782d954fee045c18a4962ca,"{""distance"":3,""physical_error_rate"":5e-05}","{""detection_events"":117,""detectors_checked"":1271808}"
     41984,         0,         0,    1.23,decoder_by_matrix,e9839e3017c9ef118c4b8aeafef39e78c11ecbdb89764e9ca676a7dc2fb6d062,"{""distance"":3,""physical_error_rate"":1e-06}","{""detectors_checked"":2267136}"
     17408,         0,         0,    1.15,decoder_by_matrix,5c8c81bfec719079c388cedc47a351f264c1bf769ae28a89f9b4fc7719fea501,"{""distance"":3,""physical_error_rate"":0.0005}","{""detection_events"":1176,""detectors_checked"":940032}"
     15360,         2,         0,    1.15,decoder_by_matrix,5c8c81bfec719079c388cedc47a351f264c1bf769ae28a89f9b4fc7719fea501,"{""distance"":3,""physical_error_rate"":0.0005}","{""detection_events"":1314,""detectors_checked"":829440,""obs_mistake_mask=E"":2}"
     13312,        75,         0,    1.73,decoder_by_matrix,dc80d1b5cd4a369885d36fbbadd410646ee6a9cd91075667cd6e1b71d0442655,"{""distance"":3,""physical_error_rate"":0.01}","{""detection_events"":18291,""detectors_checked"":718848,""obs_mistake_mask=E"":75}"
     22528,         0,         0,    1.29,decoder_by_matrix,36e3cd26fed5ec7649ec51fb08c1a5e7d7f30e615782d954fee045c18a4962ca,"{""distance"":3,""physical_error_rate"":5e-05}","{""detection_events"":138,""detectors_checked"":1216512}"
     14336,         0,         0,    1.31,decoder_by_matrix,5c8c81bfec719079c388cedc47a351f264c1bf769ae28a89f9b4fc7719fea501,"{""distance"":3,""physical_error_rate"":0.0005}","{""detection_events"":924,""detectors_checked"":774144}"
     13312,         0,         0,    1.20,decoder_by_matrix,5c8c81bfec719079c388cedc47a351f264c1bf769ae28a89f9b4fc7719fea501,"{""distance"":3,""physical_error_rate"":0.0005}","{""detection_events"":918,""detectors_checked"":718848}"
     15360,        22,         0,    1.34,decoder_by_matrix,bf84ffc61868c0acf247eb3d31d6d1ff07feed51ae0b0770ddaf58683dcdd22c,"{""distance"":3,""physical_error_rate"":0.005}","{""detection_events"":10524,""detectors_checked"":829440,""obs_mistake_mask=E"":22}"
     10240,         0,         0,   0.905,decoder_by_matrix,beec9fd12293a9cfe53c9b61fb8ce2a525e4eed38fa75d132d6dc64699336876,"{""distance"":3,""physical_error_rate"":0.0001}","{""detection_events"":189,""detectors_checked"":552960}"
     12288,         1,         0,    1.25,decoder_by_matrix,f854eed952f7ffb52e4f578393718ba880ba0930c78fe51d50828fe06a713055,"{""distance"":3,""physical_error_rate"":0.001}","{""detection_events"":1665,""detectors_checked"":663552,""obs_mistake_mask=E"":1}"
     27648,         0,         0,   0.640,decoder_by_matrix,e9839e3017c9ef118c4b8aeafef39e78c11ecbdb89764e9ca676a7dc2fb6d062,"{""distance"":3,""physical_error_rate"":1e-06}","{""detectors_checked"":1492992}"
     20480,         0,         0,    1.39,decoder_by_matrix,36e3cd26fed5ec7649ec51fb08c1a5e7d7f30e615782d954fee045c18a4962ca,"{""distance"":3,""physical_error_rate"":5e-05}","{""detection_events"":192,""detectors_checked"":1105920}"
     11264,         0,         0,   0.711,decoder_by_matrix,beec9fd12293a9cfe53c9b61fb8ce2a525e4eed38fa75d132d6dc64699336876,"{""distance"":3,""physical_error_rate"":0.0001}","{""detection_events"":123,""detectors_checked"":608256}"
     22528,         0,         0,   0.926,decoder_by_matrix,e25b8d07214a8afb95d354611a83b9bb1ded39644e323a8585b3aabf687a4fff,"{""distance"":3,""physical_error_rate"":1e-05}","{""detection_events"":27,""detectors_checked"":1216512}"
     30720,         0,         0,    1.29,decoder_by_matrix,e25b8d07214a8afb95d354611a83b9bb1ded39644e323a8585b3aabf687a4fff,"{""distance"":3,""physical_error_rate"":1e-05}","{""detection_events"":45,""detectors_checked"":1658880}"
     34816,         0,         0,    1.03,decoder_by_matrix,e9839e3017c9ef118c4b8aeafef39e78c11ecbdb89764e9ca676a7dc2fb6d062,"{""distance"":3,""physical_error_rate"":1e-06}","{""detectors_checked"":1880064}"
     15360,         1,         0,    1.45,decoder_by_matrix,f854eed952f7ffb52e4f578393718ba880ba0930c78fe51d50828fe06a713055,"{""distance"":3,""physical_error_rate"":0.001}","{""detection_events"":2154,""detectors_checked"":829440,""obs_mistake_mask=E"":1}"
     27648,         0,         0,    1.07,decoder_by_matrix,560c721f87db01d4cacf7dcb7d8812fecde61e9e7776d4b9e1b1a792578ecad7,"{""distance"":3,""physical_error_rate"":5e-06}","{""detection_events"":45,""detectors_checked"":1492992}"
     12288,        28,         0,    1.46,decoder_by_matrix,bf84ffc61868c0acf247eb3d31d6d1ff07feed51ae0b0770ddaf58683dcdd22c,"{""distance"":3,""physical_error_rate"":0.005}","{""detection_events"":8556,""detectors_checked"":663552,""obs_mistake_mask=E"":28}"
     10240,        26,         0,    1.09,decoder_by_matrix,bf84ffc61868c0acf247eb3d31d6d1ff07feed51ae0b0770ddaf58683dcdd22c,"{""distance"":3,""physical_error_rate"":0.005}","{""detection_events"":7728,""detectors_checked"":552960,""obs_mistake_mask=E"":26}"
     36864,         0,         0,   0.948,decoder_by_matrix,560c721f87db01d4cacf7dcb7d8812fecde61e9e7776d4b9e1b1a792578ecad7,"{""distance"":3,""physical_error_rate"":5e-06}","{""detection_events"":21,""detectors_checked"":1990656}"
      7168,        47,         0,   0.977,decoder_by_matrix,dc80d1b5cd4a369885d36fbbadd410646ee6a9cd91075667cd6e1b71d0442655,"{""distance"":3,""physical_error_rate"":0.01}","{""detection_events"":9933,""detectors_checked"":387072,""obs_mistake_mask=E"":47}"
      7168,        46,         0,    1.01,decoder_by_matrix,dc80d1b5cd4a369885d36fbbadd410646ee6a9cd91075667cd6e1b71d0442655,"{""distance"":3,""physical_error_rate"":0.01}","{""detection_events"":10647,""detectors_checked"":387072,""obs_mistake_mask=E"":46}"
     34816,         0,         0,    1.35,decoder_by_matrix,e25b8d07214a8afb95d354611a83b9bb1ded39644e323a8585b3aabf687a4fff,"{""distance"":3,""physical_error_rate"":1e-05}","{""detection_events"":30,""detectors_checked"":1880064}"
     16384,         0,         0,    1.33,decoder_by_matrix,beec9fd12293a9cfe53c9b61fb8ce2a525e4eed38fa75d132d6dc64699336876,"{""distance"":3,""physical_error_rate"":0.0001}","{""detection_events"":219,""detectors_checked"":884736}"
     11264,         0,         0,    1.01,decoder_by_matrix,36e3cd26fed5ec7649ec51fb08c1a5e7d7f30e615782d954fee045c18a4962ca,"{""distance"":3,""physical_error_rate"":5e-05}","{""detection_events"":123,""detectors_checked"":608256}"
     12288,        22,         0,    1.48,decoder_by_matrix,bf84ffc61868c0acf247eb3d31d6d1ff07feed51ae0b0770ddaf58683dcdd22c,"{""distance"":3,""physical_error_rate"":0.005}","{""detection_events"":9045,""detectors_checked"":663552,""obs_mistake_mask=E"":22}"
     10240,         0,         0,    1.04,decoder_by_matrix,f854eed952f7ffb52e4f578393718ba880ba0930c78fe51d50828fe06a713055,"{""distance"":3,""physical_error_rate"":0.001}","{""detection_events"":1482,""detectors_checked"":552960}"
     37888,         0,         0,    1.40,decoder_by_matrix,e25b8d07214a8afb95d354611a83b9bb1ded39644e323a8585b3aabf687a4fff,"{""distance"":3,""physical_error_rate"":1e-05}","{""detection_events"":27,""detectors_checked"":2045952}"
     15360,         0,         0,    1.39,decoder_by_matrix,5c8c81bfec719079c388cedc47a351f264c1bf769ae28a89f9b4fc7719fea501,"{""distance"":3,""physical_error_rate"":0.0005}","{""detection_events"":1059,""detectors_checked"":829440}"
     41984,         0,         0,    1.41,decoder_by_matrix,e9839e3017c9ef118c4b8aeafef39e78c11ecbdb89764e9ca676a7dc2fb6d062,"{""distance"":3,""physical_error_rate"":1e-06}","{""detectors_checked"":2267136}"
     17408,         0,         0,    1.23,decoder_by_matrix,beec9fd12293a9cfe53c9b61fb8ce2a525e4eed38fa75d132d6dc64699336876,"{""distance"":3,""physical_error_rate"":0.0001}","{""detection_events"":216,""detectors_checked"":940032}"
     10240,        75,         0,    1.46,decoder_by_matrix,dc80d1b5cd4a369885d36fbbadd410646ee6a9cd91075667cd6e1b71d0442655,"{""distance"":3,""physical_error_rate"":0.01}","{""detection_events"":14127,""detectors_checked"":552960,""obs_mistake_mask=E"":75}"
     17408,         0,         0,    1.25,decoder_by_matrix,beec9fd12293a9cfe53c9b61fb8ce2a525e4eed38fa75d132d6dc64699336876,"{""distance"":3,""physical_error_rate"":0.0001}","{""detection_events"":285,""detectors_checked"":940032}"
     19456,         0,         0,    1.89,decoder_by_matrix,5c8c81bfec719079c388cedc47a351f264c1bf769ae28a89f9b4fc7719fea501,"{""distance"":3,""physical_error_rate"":0.0005}","{""detection_events"":1461,""detectors_checked"":1050624}"
     15360,         2,         0,    1.26,decoder_by_matrix,f854eed952f7ffb52e4f578393718ba880ba0930c78fe51d50828fe06a713055,"{""distance"":3,""physical_error_rate"":0.001}","{""detection_events"":2298,""detectors_checked"":829440,""obs_mistake_mask=E"":2}"
     16384,         0,         0,    1.26,decoder_by_matrix,beec9fd12293a9cfe53c9b61fb8ce2a525e4eed38fa75d132d6dc64699336876,"{""distance"":3,""physical_error_rate"":0.0001}","{""detection_events"":330,""detectors_checked"":884736}"
     26624,         0,         0,    1.78,decoder_by_matrix,36e3cd26fed5ec7649ec51fb08c1a5e7d7f30e615782d954fee045c18a4962ca,"{""distance"":3,""physical_error_rate"":5e-05}","{""detection_events"":213,""detectors_checked"":1437696}"
     17408,         1,         0,    1.55,decoder_by_matrix,5c8c81bfec719079c388cedc47a351f264c1bf769ae28a89f9b4fc7719fea501,"{""distance"":3,""physical_error_rate"":0.0005}","{""detection_events"":1287,""detectors_checked"":940032,""obs_mistake_mask=E"":1}"
     17408,         0,         0,    1.28,decoder_by_matrix,beec9fd12293a9cfe53c9b61fb8ce2a525e4eed38fa75d132d6dc64699336876,"{""distance"":3,""physical_error_rate"":0.0001}","{""detection_events"":228,""detectors_checked"":940032}"
     28672,         0,         0,    1.96,decoder_by_matrix,36e3cd26fed5ec7649ec51fb08c1a5e7d7f30e615782d954fee045c18a4962ca,"{""distance"":3,""physical_error_rate"":5e-05}","{""detection_events"":168,""detectors_checked"":1548288}"
     27648,         0,         0,    1.50,decoder_by_matrix,e25b8d07214a8afb95d354611a83b9bb1ded39644e323a8585b3aabf687a4fff,"{""distance"":3,""physical_error_rate"":1e-05}","{""detection_events"":84,""detectors_checked"":1492992}"
     14336,         2,         0,    1.43,decoder_by_matrix,f854eed952f7ffb52e4f578393718ba880ba0930c78fe51d50828fe06a713055,"{""distance"":3,""physical_error_rate"":0.001}","{""detection_events"":2175,""detectors_checked"":774144,""obs_mistake_mask=E"":2}"
     50176,         0,         0,    1.32,decoder_by_matrix,560c721f87db01d4cacf7dcb7d8812fecde61e9e7776d4b9e1b1a792578ecad7,"{""distance"":3,""physical_error_rate"":5e-06}","{""detection_events"":18,""detectors_checked"":2709504}"
     13312,        20,         0,    1.67,decoder_by_matrix,bf84ffc61868c0acf247eb3d31d6d1ff07feed51ae0b0770ddaf58683dcdd22c,"{""distance"":3,""physical_error_rate"":0.005}","{""detection_events"":9018,""detectors_checked"":718848,""obs_mistake_mask=E"":20}"
     39936,         0,         0,    1.46,decoder_by_matrix,e9839e3017c9ef118c4b8aeafef39e78c11ecbdb89764e9ca676a7dc2fb6d062,"{""distance"":3,""physical_error_rate"":1e-06}","{""detection_events"":9,""detectors_checked"":2156544}"
     19456,         0,         0,    1.48,decoder_by_matrix,36e3cd26fed5ec7649ec51fb08c1a5e7d7f30e615782d954fee045c18a4962ca,"{""distance"":3,""physical_error_rate"":5e-05}","{""detection_events"":138,""detectors_checked"":1050624}"
     50176,         0,         0,    1.82,decoder_by_matrix,e25b8d07214a8afb95d354611a83b9bb1ded39644e323a8585b3aabf687a4fff,"{""distance"":3,""physical_error_rate"":1e-05}","{""detection_events"":42,""detectors_checked"":2709504}"
     56320,         0,         0,    1.85,decoder_by_matrix,e9839e3017c9ef118c4b8aeafef39e78c11ecbdb89764e9ca676a7dc2fb6d062,"{""distance"":3,""physical_error_rate"":1e-06}","{""detectors_checked"":3041280}"
     57344,         0,         0,    2.12,decoder_by_matrix,560c721f87db01d4cacf7dcb7d8812fecde61e9e7776d4b9e1b1a792578ecad7,"{""distance"":3,""physical_error_rate"":5e-06}","{""detection_events"":33,""detectors_checked"":3096576}"
     55296,         0,         0,    2.16,decoder_by_matrix,560c721f87db01d4cacf7dcb7d8812fecde61e9e7776d4b9e1b1a792578ecad7,"{""distance"":3,""physical_error_rate"":5e-06}","{""detection_events"":36,""detectors_checked"":2985984}"
     39936,         0,         0,    1.81,decoder_by_matrix,560c721f87db01d4cacf7dcb7d8812fecde61e9e7776d4b9e1b1a792578ecad7,"{""distance"":3,""physical_error_rate"":5e-06}","{""detection_events"":45,""detectors_checked"":2156544}"
     15360,       101,         0,    1.97,decoder_by_matrix,dc80d1b5cd4a369885d36fbbadd410646ee6a9cd91075667cd6e1b71d0442655,"{""distance"":3,""physical_error_rate"":0.01}","{""detection_events"":21852,""detectors_checked"":829440,""obs_mistake_mask=E"":101}"
     13312,        97,         0,    1.99,decoder_by_matrix,dc80d1b5cd4a369885d36fbbadd410646ee6a9cd91075667cd6e1b71d0442655,"{""distance"":3,""physical_error_rate"":0.01}","{""detection_events"":18210,""detectors_checked"":718848,""obs_mistake_mask=E"":97}"
     14336,        79,         0,    2.07,decoder_by_matrix,dc80d1b5cd4a369885d36fbbadd410646ee6a9cd91075667cd6e1b71d0442655,"{""distance"":3,""physical_error_rate"":0.01}","{""detection_events"":19575,""detectors_checked"":774144,""obs_mistake_mask=E"":79}"
     19456,         2,         0,    1.90,decoder_by_matrix,f854eed952f7ffb52e4f578393718ba880ba0930c78fe51d50828fe06a713055,"{""distance"":3,""physical_error_rate"":0.001}","{""detection_events"":2778,""detectors_checked"":1050624,""obs_mistake_mask=E"":2}"
     14336,         0,         0,    1.56,decoder_by_matrix,f854eed952f7ffb52e4f578393718ba880ba0930c78fe51d50828fe06a713055,"{""distance"":3,""physical_error_rate"":0.001}","{""detection_events"":2049,""detectors_checked"":774144}"
     17408,         0,         0,    1.82,decoder_by_matrix,5c8c81bfec719079c388cedc47a351f264c1bf769ae28a89f9b4fc7719fea501,"{""distance"":3,""physical_error_rate"":0.0005}","{""detection_events"":1281,""detectors_checked"":940032}"
     18432,         0,         0,    1.55,decoder_by_matrix,beec9fd12293a9cfe53c9b61fb8ce2a525e4eed38fa75d132d6dc64699336876,"{""distance"":3,""physical_error_rate"":0.0001}","{""detection_events"":282,""detectors_checked"":995328}"
     34816,         0,         0,    1.56,decoder_by_matrix,e25b8d07214a8afb95d354611a83b9bb1ded39644e323a8585b3aabf687a4fff,"{""distance"":3,""physical_error_rate"":1e-05}","{""detection_events"":48,""detectors_checked"":1880064}"
     14336,        92,         0,    2.24,decoder_by_matrix,dc80d1b5cd4a369885d36fbbadd410646ee6a9cd91075667cd6e1b71d0442655,"{""distance"":3,""physical_error_rate"":0.01}","{""detection_events"":20157,""detectors_checked"":774144,""obs_mistake_mask=E"":92}"
     14336,        19,         0,    1.80,decoder_by_matrix,bf84ffc61868c0acf247eb3d31d6d1ff07feed51ae0b0770ddaf58683dcdd22c,"{""distance"":3,""physical_error_rate"":0.005}","{""detection_events"":10029,""detectors_checked"":774144,""obs_mistake_mask=E"":19}"
     37888,         0,         0,    1.67,decoder_by_matrix,e9839e3017c9ef118c4b8aeafef39e78c11ecbdb89764e9ca676a7dc2fb6d062,"{""distance"":3,""physical_error_rate"":1e-06}","{""detection_events"":36,""detectors_checked"":2045952}"
     60416,         0,         0,    2.33,decoder_by_matrix,e9839e3017c9ef118c4b8aeafef39e78c11ecbdb89764e9ca676a7dc2fb6d062,"{""distance"":3,""physical_error_rate"":1e-06}","{""detection_events"":6,""detectors_checked"":3262464}"
     47104,         0,         0,    1.75,decoder_by_matrix,e9839e3017c9ef118c4b8aeafef39e78c11ecbdb89764e9ca676a7dc2fb6d062,"{""distance"":3,""physical_error_rate"":1e-06}","{""detectors_checked"":2543616}"
     18432,         0,         0,    1.80,decoder_by_matrix,beec9fd12293a9cfe53c9b61fb8ce2a525e4eed38fa75d132d6dc64699336876,"{""distance"":3,""physical_error_rate"":0.0001}","{""detection_events"":267,""detectors_checked"":995328}"
     16384,        22,         0,    2.08,decoder_by_matrix,bf84ffc61868c0acf247eb3d31d6d1ff07feed51ae0b0770ddaf58683dcdd22c,"{""distance"":3,""physical_error_rate"":0.005}","{""detection_events"":11841,""detectors_checked"":884736,""obs_mistake_mask=E"":22}"
     20480,         0,         0,    2.08,decoder_by_matrix,5c8c81bfec719079c388cedc47a351f264c1bf769ae28a89f9b4fc7719fea501,"{""distance"":3,""physical_error_rate"":0.0005}","{""detection_events"":1536,""detectors_checked"":1105920}"
     53248,         0,         0,    2.20,decoder_by_matrix,560c721f87db01d4cacf7dcb7d8812fecde61e9e7776d4b9e1b1a792578ecad7,"{""distance"":3,""physical_error_rate"":5e-06}","{""detection_events"":33,""detectors_checked"":2875392}"
     50176,         0,         0,    2.07,decoder_by_matrix,e25b8d07214a8afb95d354611a83b9bb1ded39644e323a8585b3aabf687a4fff,"{""distance"":3,""physical_error_rate"":1e-05}","{""detection_events"":51,""detectors_checked"":2709504}"
     21504,         2,         0,    2.22,decoder_by_matrix,f854eed952f7ffb52e4f578393718ba880ba0930c78fe51d50828fe06a713055,"{""distance"":3,""physical_error_rate"":0.001}","{""detection_events"":3066,""detectors_checked"":1161216,""obs_mistake_mask=E"":2}"
     43008,         0,         0,    1.53,decoder_by_matrix,560c721f87db01d4cacf7dcb7d8812fecde61e9e7776d4b9e1b1a792578ecad7,"{""distance"":3,""physical_error_rate"":5e-06}","{""detection_events"":36,""detectors_checked"":2322432}"
     13312,        22,         0,    1.53,decoder_by_matrix,bf84ffc61868c0acf247eb3d31d6d1ff07feed51ae0b0770ddaf58683dcdd22c,"{""distance"":3,""physical_error_rate"":0.005}","{""detection_events"":9612,""detectors_checked"":718848,""obs_mistake_mask=E"":22}"
     10240,        66,         0,    1.60,decoder_by_matrix,dc80d1b5cd4a369885d36fbbadd410646ee6a9cd91075667cd6e1b71d0442655,"{""distance"":3,""physical_error_rate"":0.01}","{""detection_events"":14493,""detectors_checked"":552960,""obs_mistake_mask=E"":66}"
     18432,        26,         0,    2.31,decoder_by_matrix,bf84ffc61868c0acf247eb3d31d6d1ff07feed51ae0b0770ddaf58683dcdd22c,"{""distance"":3,""physical_error_rate"":0.005}","{""detection_events"":12873,""detectors_checked"":995328,""obs_mistake_mask=E"":26}"
     30720,         0,         0,    2.04,decoder_by_matrix,36e3cd26fed5ec7649ec51fb08c1a5e7d7f30e615782d954fee045c18a4962ca,"{""distance"":3,""physical_error_rate"":5e-05}","{""detection_events"":216,""detectors_checked"":1658880}"
     14336,        95,         0,    2.26,decoder_by_matrix,dc80d1b5cd4a369885d36fbbadd410646ee6a9cd91075667cd6e1b71d0442655,"{""distance"":3,""physical_error_rate"":0.01}","{""detection_events"":20586,""detectors_checked"":774144,""obs_mistake_mask=E"":95}"
     10240,        55,         0,    1.65,decoder_by_matrix,dc80d1b5cd4a369885d36fbbadd410646ee6a9cd91075667cd6e1b71d0442655,"{""distance"":3,""physical_error_rate"":0.01}","{""detection_events"":14496,""detectors_checked"":552960,""obs_mistake_mask=E"":55}"
     59392,         0,         0,    2.07,decoder_by_matrix,e9839e3017c9ef118c4b8aeafef39e78c11ecbdb89764e9ca676a7dc2fb6d062,"{""distance"":3,""physical_error_rate"":1e-06}","{""detection_events"":12,""detectors_checked"":3207168}"
     22528,         0,         0,    2.28,decoder_by_matrix,5c8c81bfec719079c388cedc47a351f264c1bf769ae28a89f9b4fc7719fea501,"{""distance"":3,""physical_error_rate"":0.0005}","{""detection_events"":1542,""detectors_checked"":1216512}"
     30720,         0,         0,    2.32,decoder_by_matrix,36e3cd26fed5ec7649ec51fb08c1a5e7d7f30e615782d954fee045c18a4962ca,"{""distance"":3,""physical_error_rate"":5e-05}","{""detection_events"":162,""detectors_checked"":1658880}"
     22528,         1,         0,    2.31,decoder_by_matrix,5c8c81bfec719079c388cedc47a351f264c1bf769ae28a89f9b4fc7719fea501,"{""distance"":3,""physical_error_rate"":0.0005}","{""detection_events"":1800,""detectors_checked"":1216512,""obs_mistake_mask=E"":1}"
     22528,         0,         0,    1.81,decoder_by_matrix,36e3cd26fed5ec7649ec51fb08c1a5e7d7f30e615782d954fee045c18a4962ca,"{""distance"":3,""physical_error_rate"":5e-05}","{""detection_events"":147,""detectors_checked"":1216512}"
     16384,         1,         0,    1.81,decoder_by_matrix,f854eed952f7ffb52e4f578393718ba880ba0930c78fe51d50828fe06a713055,"{""distance"":3,""physical_error_rate"":0.001}","{""detection_events"":2556,""detectors_checked"":884736,""obs_mistake_mask=E"":1}"
     43008,         0,         0,    2.29,decoder_by_matrix,e25b8d07214a8afb95d354611a83b9bb1ded39644e323a8585b3aabf687a4fff,"{""distance"":3,""physical_error_rate"":1e-05}","{""detection_events"":96,""detectors_checked"":2322432}"
     26624,         0,         0,    2.33,decoder_by_matrix,36e3cd26fed5ec7649ec51fb08c1a5e7d7f30e615782d954fee045c18a4962ca,"{""distance"":3,""physical_error_rate"":5e-05}","{""detection_events"":291,""detectors_checked"":1437696}"
     16384,        31,         0,    2.01,decoder_by_matrix,bf84ffc61868c0acf247eb3d31d6d1ff07feed51ae0b0770ddaf58683dcdd22c,"{""distance"":3,""physical_error_rate"":0.005}","{""detection_events"":12225,""detectors_checked"":884736,""obs_mistake_mask=E"":31}"
     21504,         2,         0,    2.33,decoder_by_matrix,f854eed952f7ffb52e4f578393718ba880ba0930c78fe51d50828fe06a713055,"{""distance"":3,""physical_error_rate"":0.001}","{""detection_events"":3318,""detectors_checked"":1161216,""obs_mistake_mask=E"":2}"
     50176,         0,         0,    2.32,decoder_by_matrix,560c721f87db01d4cacf7dcb7d8812fecde61e9e7776d4b9e1b1a792578ecad7,"{""distance"":3,""physical_error_rate"":5e-06}","{""detection_events"":54,""detectors_checked"":2709504}"
     48128,         0,         0,    2.30,decoder_by_matrix,e25b8d07214a8afb95d354611a83b9bb1ded39644e323a8585b3aabf687a4fff,"{""distance"":3,""physical_error_rate"":1e-05}","{""detection_events"":75,""detectors_checked"":2598912}"
     47104,         0,         0,    2.00,decoder_by_matrix,e25b8d07214a8afb95d354611a83b9bb1ded39644e323a8585b3aabf687a4fff,"{""distance"":3,""physical_error_rate"":1e-05}","{""detection_events"":51,""detectors_checked"":2543616}"
     23552,         0,         0,    2.31,decoder_by_matrix,beec9fd12293a9cfe53c9b61fb8ce2a525e4eed38fa75d132d6dc64699336876,"{""distance"":3,""physical_error_rate"":0.0001}","{""detection_events"":363,""detectors_checked"":1271808}"
     18432,        26,         0,    2.32,decoder_by_matrix,bf84ffc61868c0acf247eb3d31d6d1ff07feed51ae0b0770ddaf58683dcdd22c,"{""distance"":3,""physical_error_rate"":0.005}","{""detection_events"":13356,""detectors_checked"":995328,""obs_mistake_mask=E"":26}"
     21504,         0,         0,    2.28,decoder_by_matrix,5c8c81bfec719079c388cedc47a351f264c1bf769ae28a89f9b4fc7719fea501,"{""distance"":3,""physical_error_rate"":0.0005}","{""detection_events"":1518,""detectors_checked"":1161216}"
     62464,         0,         0,    2.06,decoder_by_matrix,e9839e3017c9ef118c4b8aeafef39e78c11ecbdb89764e9ca676a7dc2fb6d062,"{""distance"":3,""physical_error_rate"":1e-06}","{""detectors_checked"":3373056}"
     23552,         0,         0,    2.33,decoder_by_matrix,beec9fd12293a9cfe53c9b61fb8ce2a525e4eed38fa75d132d6dc64699336876,"{""distance"":3,""physical_error_rate"":0.0001}","{""detection_events"":285,""detectors_checked"":1271808}"
     15360,        83,         0,    2.33,decoder_by_matrix,dc80d1b5cd4a369885d36fbbadd410646ee6a9cd91075667cd6e1b71d0442655,"{""distance"":3,""physical_error_rate"":0.01}","{""detection_events"":20973,""detectors_checked"":829440,""obs_mistake_mask=E"":83}"
     25600,         0,         0,    2.28,decoder_by_matrix,beec9fd12293a9cfe53c9b61fb8ce2a525e4eed38fa75d132d6dc64699336876,"{""distance"":3,""physical_error_rate"":0.0001}","{""detection_events"":405,""detectors_checked"":1382400}"
     21504,         2,         0,    2.31,decoder_by_matrix,f854eed952f7ffb52e4f578393718ba880ba0930c78fe51d50828fe06a713055,"{""distance"":3,""physical_error_rate"":0.001}","{""detection_events"":2937,""detectors_checked"":1161216,""obs_mistake_mask=E"":2}"
     26624,         0,         0,    2.02,decoder_by_matrix,beec9fd12293a9cfe53c9b61fb8ce2a525e4eed38fa75d132d6dc64699336876,"{""distance"":3,""physical_error_rate"":0.0001}","{""detection_events"":387,""detectors_checked"":1437696}"
     25600,         0,         0,    2.43,decoder_by_matrix,beec9fd12293a9cfe53c9b61fb8ce2a525e4eed38fa75d132d6dc64699336876,"{""distance"":3,""physical_error_rate"":0.0001}","{""detection_events"":465,""detectors_checked"":1382400}"
     22528,         2,         0,    2.32,decoder_by_matrix,5c8c81bfec719079c388cedc47a351f264c1bf769ae28a89f9b4fc7719fea501,"{""distance"":3,""physical_error_rate"":0.0005}","{""detection_events"":1848,""detectors_checked"":1216512,""obs_mistake_mask=E"":2}"
     48128,         0,         0,    2.29,decoder_by_matrix,e25b8d07214a8afb95d354611a83b9bb1ded39644e323a8585b3aabf687a4fff,"{""distance"":3,""physical_error_rate"":1e-05}","{""detection_events"":48,""detectors_checked"":2598912}"
     21504,         2,         0,    2.32,decoder_by_matrix,f854eed952f7ffb52e4f578393718ba880ba0930c78fe51d50828fe06a713055,"{""distance"":3,""physical_error_rate"":0.001}","{""detection_events"":3102,""detectors_checked"":1161216,""obs_mistake_mask=E"":2}"
     59392,         0,         0,    2.29,decoder_by_matrix,e9839e3017c9ef118c4b8aeafef39e78c11ecbdb89764e9ca676a7dc2fb6d062,"{""distance"":3,""physical_error_rate"":1e-06}","{""detection_events"":6,""detectors_checked"":3207168}"
     17408,        32,         0,    2.32,decoder_by_matrix,bf84ffc61868c0acf247eb3d31d6d1ff07feed51ae0b0770ddaf58683dcdd22c,"{""distance"":3,""physical_error_rate"":0.005}","{""detection_events"":12720,""detectors_checked"":940032,""obs_mistake_mask=E"":32}"
     26624,         1,         0,    2.32,decoder_by_matrix,36e3cd26fed5ec7649ec51fb08c1a5e7d7f30e615782d954fee045c18a4962ca,"{""distance"":3,""physical_error_rate"":5e-05}","{""detection_events"":201,""detectors_checked"":1437696,""obs_mistake_mask=E"":1}"
     48128,         0,         0,    2.33,decoder_by_matrix,560c721f87db01d4cacf7dcb7d8812fecde61e9e7776d4b9e1b1a792578ecad7,"{""distance"":3,""physical_error_rate"":5e-06}","{""detection_events"":66,""detectors_checked"":2598912}"
     29696,         1,         0,    3.10,decoder_by_matrix,5c8c81bfec719079c388cedc47a351f264c1bf769ae28a89f9b4fc7719fea501,"{""distance"":3,""physical_error_rate"":0.0005}","{""detection_events"":1953,""detectors_checked"":1603584,""obs_mistake_mask=E"":1}"
     41984,         0,         0,    3.04,decoder_by_matrix,36e3cd26fed5ec7649ec51fb08c1a5e7d7f30e615782d954fee045c18a4962ca,"{""distance"":3,""physical_error_rate"":5e-05}","{""detection_events"":234,""detectors_checked"":2267136}"
     38912,         0,         0,    3.03,decoder_by_matrix,36e3cd26fed5ec7649ec51fb08c1a5e7d7f30e615782d954fee045c18a4962ca,"{""distance"":3,""physical_error_rate"":5e-05}","{""detection_events"":243,""detectors_checked"":2101248}"
     21504,         0,         0,    2.29,decoder_by_matrix,5c8c81bfec719079c388cedc47a351f264c1bf769ae28a89f9b4fc7719fea501,"{""distance"":3,""physical_error_rate"":0.0005}","{""detection_events"":1587,""detectors_checked"":1161216}"
     49152,         0,         0,    2.26,decoder_by_matrix,e25b8d07214a8afb95d354611a83b9bb1ded39644e323a8585b3aabf687a4fff,"{""distance"":3,""physical_error_rate"":1e-05}","{""detection_events"":60,""detectors_checked"":2654208}"
     21504,         2,         0,    2.32,decoder_by_matrix,f854eed952f7ffb52e4f578393718ba880ba0930c78fe51d50828fe06a713055,"{""distance"":3,""physical_error_rate"":0.001}","{""detection_events"":3429,""detectors_checked"":1161216,""obs_mistake_mask=E"":2}"
     22528,         0,         0,    2.33,decoder_by_matrix,beec9fd12293a9cfe53c9b61fb8ce2a525e4eed38fa75d132d6dc64699336876,"{""distance"":3,""physical_error_rate"":0.0001}","{""detection_events"":387,""detectors_checked"":1216512}"
     17408,        35,         0,    2.32,decoder_by_matrix,bf84ffc61868c0acf247eb3d31d6d1ff07feed51ae0b0770ddaf58683dcdd22c,"{""distance"":3,""physical_error_rate"":0.005}","{""detection_events"":12483,""detectors_checked"":940032,""obs_mistake_mask=E"":35}"
     60416,         0,         0,    2.33,decoder_by_matrix,e9839e3017c9ef118c4b8aeafef39e78c11ecbdb89764e9ca676a7dc2fb6d062,"{""distance"":3,""physical_error_rate"":1e-06}","{""detection_events"":9,""detectors_checked"":3262464}"
     59392,         0,         0,    2.33,decoder_by_matrix,e9839e3017c9ef118c4b8aeafef39e78c11ecbdb89764e9ca676a7dc2fb6d062,"{""distance"":3,""physical_error_rate"":1e-06}","{""detection_events"":12,""detectors_checked"":3207168}"
     24576,         0,         0,    2.32,decoder_by_matrix,beec9fd12293a9cfe53c9b61fb8ce2a525e4eed38fa75d132d6dc64699336876,"{""distance"":3,""physical_error_rate"":0.0001}","{""detection_events"":465,""detectors_checked"":1327104}"
     16384,        31,         0,    2.18,decoder_by_matrix,bf84ffc61868c0acf247eb3d31d6d1ff07feed51ae0b0770ddaf58683dcdd22c,"{""distance"":3,""physical_error_rate"":0.005}","{""detection_events"":11400,""detectors_checked"":884736,""obs_mistake_mask=E"":31}"
     72704,         0,         0,    3.08,decoder_by_matrix,560c721f87db01d4cacf7dcb7d8812fecde61e9e7776d4b9e1b1a792578ecad7,"{""distance"":3,""physical_error_rate"":5e-06}","{""detection_events"":42,""detectors_checked"":3926016}"
     48128,         0,         0,    1.80,decoder_by_matrix,560c721f87db01d4cacf7dcb7d8812fecde61e9e7776d4b9e1b1a792578ecad7,"{""distance"":3,""physical_error_rate"":5e-06}","{""detection_events"":63,""detectors_checked"":2598912}"
     68608,         0,         0,    2.83,decoder_by_matrix,e25b8d07214a8afb95d354611a83b9bb1ded39644e323a8585b3aabf687a4fff,"{""distance"":3,""physical_error_rate"":1e-05}","{""detection_events"":54,""detectors_checked"":3704832}"
     15360,        85,         0,    2.05,decoder_by_matrix,dc80d1b5cd4a369885d36fbbadd410646ee6a9cd91075667cd6e1b71d0442655,"{""distance"":3,""physical_error_rate"":0.01}","{""detection_events"":20313,""detectors_checked"":829440,""obs_mistake_mask=E"":85}"
     82944,         0,         0,    2.82,decoder_by_matrix,e9839e3017c9ef118c4b8aeafef39e78c11ecbdb89764e9ca676a7dc2fb6d062,"{""distance"":3,""physical_error_rate"":1e-06}","{""detectors_checked"":4478976}"
     70656,         0,         0,    3.09,decoder_by_matrix,560c721f87db01d4cacf7dcb7d8812fecde61e9e7776d4b9e1b1a792578ecad7,"{""distance"":3,""physical_error_rate"":5e-06}","{""detection_events"":51,""detectors_checked"":3815424}"
     75776,         0,         0,    3.08,decoder_by_matrix,560c721f87db01d4cacf7dcb7d8812fecde61e9e7776d4b9e1b1a792578ecad7,"{""distance"":3,""physical_error_rate"":5e-06}","{""detection_events"":33,""detectors_checked"":4091904}"
     14336,        67,         0,    2.26,decoder_by_matrix,dc80d1b5cd4a369885d36fbbadd410646ee6a9cd91075667cd6e1b71d0442655,"{""distance"":3,""physical_error_rate"":0.01}","{""detection_events"":20232,""detectors_checked"":774144,""obs_mistake_mask=E"":67}"
     19456,       131,         0,    3.12,decoder_by_matrix,dc80d1b5cd4a369885d36fbbadd410646ee6a9cd91075667cd6e1b71d0442655,"{""distance"":3,""physical_error_rate"":0.01}","{""detection_events"":27537,""detectors_checked"":1050624,""obs_mistake_mask=E"":131}"
     20480,       137,         0,    3.14,decoder_by_matrix,dc80d1b5cd4a369885d36fbbadd410646ee6a9cd91075667cd6e1b71d0442655,"{""distance"":3,""physical_error_rate"":0.01}","{""detection_events"":28422,""detectors_checked"":1105920,""obs_mistake_mask=E"":137}"
     26624,         0,         0,    2.31,decoder_by_matrix,36e3cd26fed5ec7649ec51fb08c1a5e7d7f30e615782d954fee045c18a4962ca,"{""distance"":3,""physical_error_rate"":5e-05}","{""detection_events"":246,""detectors_checked"":1437696}"
     21504,         2,         0,    2.32,decoder_by_matrix,f854eed952f7ffb52e4f578393718ba880ba0930c78fe51d50828fe06a713055,"{""distance"":3,""physical_error_rate"":0.001}","{""detection_events"":3501,""detectors_checked"":1161216,""obs_mistake_mask=E"":2}"
     28672,         4,         0,    3.10,decoder_by_matrix,f854eed952f7ffb52e4f578393718ba880ba0930c78fe51d50828fe06a713055,"{""distance"":3,""physical_error_rate"":0.001}","{""detection_events"":4083,""detectors_checked"":1548288,""obs_mistake_mask=E"":4}"
     20480,       114,         0,    3.20,decoder_by_matrix,dc80d1b5cd4a369885d36fbbadd410646ee6a9cd91075667cd6e1b71d0442655,"{""distance"":3,""physical_error_rate"":0.01}","{""detection_events"":29406,""detectors_checked"":1105920,""obs_mistake_mask=E"":114}"
     20480,       121,         0,    3.06,decoder_by_matrix,dc80d1b5cd4a369885d36fbbadd410646ee6a9cd91075667cd6e1b71d0442655,"{""distance"":3,""physical_error_rate"":0.01}","{""detection_events"":28467,""detectors_checked"":1105920,""obs_mistake_mask=E"":121}"
     22528,        59,         0,    2.83,decoder_by_matrix,bf84ffc61868c0acf247eb3d31d6d1ff07feed51ae0b0770ddaf58683dcdd22c,"{""distance"":3,""physical_error_rate"":0.005}","{""detection_events"":16644,""detectors_checked"":1216512,""obs_mistake_mask=E"":59}"
     29696,         0,         0,    3.08,decoder_by_matrix,5c8c81bfec719079c388cedc47a351f264c1bf769ae28a89f9b4fc7719fea501,"{""distance"":3,""physical_error_rate"":0.0005}","{""detection_events"":2250,""detectors_checked"":1603584}"
     71680,         0,         0,    2.84,decoder_by_matrix,560c721f87db01d4cacf7dcb7d8812fecde61e9e7776d4b9e1b1a792578ecad7,"{""distance"":3,""physical_error_rate"":5e-06}","{""detection_events"":30,""detectors_checked"":3870720}"
     68608,         0,         0,    3.09,decoder_by_matrix,e25b8d07214a8afb95d354611a83b9bb1ded39644e323a8585b3aabf687a4fff,"{""distance"":3,""physical_error_rate"":1e-05}","{""detection_events"":57,""detectors_checked"":3704832}"
     28672,         3,         0,    2.83,decoder_by_matrix,f854eed952f7ffb52e4f578393718ba880ba0930c78fe51d50828fe06a713055,"{""distance"":3,""physical_error_rate"":0.001}","{""detection_events"":4107,""detectors_checked"":1548288,""obs_mistake_mask=E"":3}"
     87040,         0,         0,    3.03,decoder_by_matrix,e9839e3017c9ef118c4b8aeafef39e78c11ecbdb89764e9ca676a7dc2fb6d062,"{""distance"":3,""physical_error_rate"":1e-06}","{""detection_events"":3,""detectors_checked"":4700160}"
     43008,         0,         0,    3.09,decoder_by_matrix,36e3cd26fed5ec7649ec51fb08c1a5e7d7f30e615782d954fee045c18a4962ca,"{""distance"":3,""physical_error_rate"":5e-05}","{""detection_events"":237,""detectors_checked"":2322432}"
     24576,        36,         0,    3.17,decoder_by_matrix,bf84ffc61868c0acf247eb3d31d6d1ff07feed51ae0b0770ddaf58683dcdd22c,"{""distance"":3,""physical_error_rate"":0.005}","{""detection_events"":17463,""detectors_checked"":1327104,""obs_mistake_mask=E"":36}"
     20480,       130,         0,    2.86,decoder_by_matrix,dc80d1b5cd4a369885d36fbbadd410646ee6a9cd91075667cd6e1b71d0442655,"{""distance"":3,""physical_error_rate"":0.01}","{""detection_events"":29133,""detectors_checked"":1105920,""obs_mistake_mask=E"":130}"
     40960,         0,         0,    3.06,decoder_by_matrix,36e3cd26fed5ec7649ec51fb08c1a5e7d7f30e615782d954fee045c18a4962ca,"{""distance"":3,""physical_error_rate"":5e-05}","{""detection_events"":327,""detectors_checked"":2211840}"
     29696,         2,         0,    3.10,decoder_by_matrix,5c8c81bfec719079c388cedc47a351f264c1bf769ae28a89f9b4fc7719fea501,"{""distance"":3,""physical_error_rate"":0.0005}","{""detection_events"":2445,""detectors_checked"":1603584,""obs_mistake_mask=E"":2}"
     86016,         0,         0,    2.70,decoder_by_matrix,e9839e3017c9ef118c4b8aeafef39e78c11ecbdb89764e9ca676a7dc2fb6d062,"{""distance"":3,""physical_error_rate"":1e-06}","{""detectors_checked"":4644864}"
     30720,         1,         0,    3.17,decoder_by_matrix,5c8c81bfec719079c388cedc47a351f264c1bf769ae28a89f9b4fc7719fea501,"{""distance"":3,""physical_error_rate"":0.0005}","{""detection_events"":2220,""detectors_checked"":1658880,""obs_mistake_mask=E"":1}"
     58368,         0,         0,    3.09,decoder_by_matrix,e25b8d07214a8afb95d354611a83b9bb1ded39644e323a8585b3aabf687a4fff,"{""distance"":3,""physical_error_rate"":1e-05}","{""detection_events"":102,""detectors_checked"":3151872}"
     38912,         0,         0,    3.10,decoder_by_matrix,36e3cd26fed5ec7649ec51fb08c1a5e7d7f30e615782d954fee045c18a4962ca,"{""distance"":3,""physical_error_rate"":5e-05}","{""detection_events"":330,""detectors_checked"":2101248}"
     23552,        25,         0,    2.83,decoder_by_matrix,bf84ffc61868c0acf247eb3d31d6d1ff07feed51ae0b0770ddaf58683dcdd22c,"{""distance"":3,""physical_error_rate"":0.005}","{""detection_events"":16332,""detectors_checked"":1271808,""obs_mistake_mask=E"":25}"
     28672,         3,         0,    3.09,decoder_by_matrix,f854eed952f7ffb52e4f578393718ba880ba0930c78fe51d50828fe06a713055,"{""distance"":3,""physical_error_rate"":0.001}","{""detection_events"":4389,""detectors_checked"":1548288,""obs_mistake_mask=E"":3}"
     77824,         0,         0,    2.83,decoder_by_matrix,560c721f87db01d4cacf7dcb7d8812fecde61e9e7776d4b9e1b1a792578ecad7,"{""distance"":3,""physical_error_rate"":5e-06}","{""detection_events"":27,""detectors_checked"":4202496}"
     61440,         0,         0,    2.79,decoder_by_matrix,e25b8d07214a8afb95d354611a83b9bb1ded39644e323a8585b3aabf687a4fff,"{""distance"":3,""physical_error_rate"":1e-05}","{""detection_events"":99,""detectors_checked"":3317760}"
     58368,         0,         0,    2.84,decoder_by_matrix,e25b8d07214a8afb95d354611a83b9bb1ded39644e323a8585b3aabf687a4fff,"{""distance"":3,""physical_error_rate"":1e-05}","{""detection_events"":108,""detectors_checked"":3151872}"
     32768,         0,         0,    2.85,decoder_by_matrix,beec9fd12293a9cfe53c9b61fb8ce2a525e4eed38fa75d132d6dc64699336876,"{""distance"":3,""physical_error_rate"":0.0001}","{""detection_events"":516,""detectors_checked"":1769472}"
     82944,         0,         0,    2.84,decoder_by_matrix,e9839e3017c9ef118c4b8aeafef39e78c11ecbdb89764e9ca676a7dc2fb6d062,"{""distance"":3,""physical_error_rate"":1e-06}","{""detectors_checked"":4478976}"
     19456,       127,         0,    3.07,decoder_by_matrix,dc80d1b5cd4a369885d36fbbadd410646ee6a9cd91075667cd6e1b71d0442655,"{""distance"":3,""physical_error_rate"":0.01}","{""detection_events"":27573,""detectors_checked"":1050624,""obs_mistake_mask=E"":127}"
     32768,         0,         0,    2.85,decoder_by_matrix,beec9fd12293a9cfe53c9b61fb8ce2a525e4eed38fa75d132d6dc64699336876,"{""distance"":3,""physical_error_rate"":0.0001}","{""detection_events"":591,""detectors_checked"":1769472}"
     30720,         0,         0,    3.23,decoder_by_matrix,5c8c81bfec719079c388cedc47a351f264c1bf769ae28a89f9b4fc7719fea501,"{""distance"":3,""physical_error_rate"":0.0005}","{""detection_events"":2427,""detectors_checked"":1658880}"
     24576,        34,         0,    3.28,decoder_by_matrix,bf84ffc61868c0acf247eb3d31d6d1ff07feed51ae0b0770ddaf58683dcdd22c,"{""distance"":3,""physical_error_rate"":0.005}","{""detection_events"":17526,""detectors_checked"":1327104,""obs_mistake_mask=E"":34}"
     28672,         1,         0,    3.08,decoder_by_matrix,f854eed952f7ffb52e4f578393718ba880ba0930c78fe51d50828fe06a713055,"{""distance"":3,""physical_error_rate"":0.001}","{""detection_events"":4563,""detectors_checked"":1548288,""obs_mistake_mask=E"":1}"
     33792,         0,         0,    3.09,decoder_by_matrix,beec9fd12293a9cfe53c9b61fb8ce2a525e4eed38fa75d132d6dc64699336876,"{""distance"":3,""physical_error_rate"":0.0001}","{""detection_events"":588,""detectors_checked"":1824768}"
     32768,         0,         0,    2.84,decoder_by_matrix,beec9fd12293a9cfe53c9b61fb8ce2a525e4eed38fa75d132d6dc64699336876,"{""distance"":3,""physical_error_rate"":0.0001}","{""detection_events"":654,""detectors_checked"":1769472}"
     33792,         0,         0,    2.57,decoder_by_matrix,beec9fd12293a9cfe53c9b61fb8ce2a525e4eed38fa75d132d6dc64699336876,"{""distance"":3,""physical_error_rate"":0.0001}","{""detection_events"":435,""detectors_checked"":1824768}"
     30720,         0,         0,    3.24,decoder_by_matrix,5c8c81bfec719079c388cedc47a351f264c1bf769ae28a89f9b4fc7719fea501,"{""distance"":3,""physical_error_rate"":0.0005}","{""detection_events"":2274,""detectors_checked"":1658880}"
     74752,         0,         0,    3.10,decoder_by_matrix,e25b8d07214a8afb95d354611a83b9bb1ded39644e323a8585b3aabf687a4fff,"{""distance"":3,""physical_error_rate"":1e-05}","{""detection_events"":33,""detectors_checked"":4036608}"
     28672,         0,         0,    2.83,decoder_by_matrix,f854eed952f7ffb52e4f578393718ba880ba0930c78fe51d50828fe06a713055,"{""distance"":3,""physical_error_rate"":0.001}","{""detection_events"":4266,""detectors_checked"":1548288}"
     80896,         0,         0,    3.08,decoder_by_matrix,e9839e3017c9ef118c4b8aeafef39e78c11ecbdb89764e9ca676a7dc2fb6d062,"{""distance"":3,""physical_error_rate"":1e-06}","{""detection_events"":6,""detectors_checked"":4368384}"
     38912,         0,         0,    3.10,decoder_by_matrix,36e3cd26fed5ec7649ec51fb08c1a5e7d7f30e615782d954fee045c18a4962ca,"{""distance"":3,""physical_error_rate"":5e-05}","{""detection_events"":270,""detectors_checked"":2101248}"
     24576,        46,         0,    3.20,decoder_by_matrix,bf84ffc61868c0acf247eb3d31d6d1ff07feed51ae0b0770ddaf58683dcdd22c,"{""distance"":3,""physical_error_rate"":0.005}","{""detection_events"":17313,""detectors_checked"":1327104,""obs_mistake_mask=E"":46}"
     71680,         0,         0,    3.07,decoder_by_matrix,560c721f87db01d4cacf7dcb7d8812fecde61e9e7776d4b9e1b1a792578ecad7,"{""distance"":3,""physical_error_rate"":5e-06}","{""detection_events"":48,""detectors_checked"":3870720}"
     30720,         0,         0,    3.08,decoder_by_matrix,5c8c81bfec719079c388cedc47a351f264c1bf769ae28a89f9b4fc7719fea501,"{""distance"":3,""physical_error_rate"":0.0005}","{""detection_events"":2394,""detectors_checked"":1658880}"
     33792,         0,         0,    3.06,decoder_by_matrix,beec9fd12293a9cfe53c9b61fb8ce2a525e4eed38fa75d132d6dc64699336876,"{""distance"":3,""physical_error_rate"":0.0001}","{""detection_events"":450,""detectors_checked"":1824768}"
     69632,         0,         0,    2.84,decoder_by_matrix,e25b8d07214a8afb95d354611a83b9bb1ded39644e323a8585b3aabf687a4fff,"{""distance"":3,""physical_error_rate"":1e-05}","{""detection_events"":66,""detectors_checked"":3760128}"
     28672,         0,         0,    3.09,decoder_by_matrix,f854eed952f7ffb52e4f578393718ba880ba0930c78fe51d50828fe06a713055,"{""distance"":3,""physical_error_rate"":0.001}","{""detection_events"":4230,""detectors_checked"":1548288}"
     78848,         0,         0,    3.06,decoder_by_matrix,e9839e3017c9ef118c4b8aeafef39e78c11ecbdb89764e9ca676a7dc2fb6d062,"{""distance"":3,""physical_error_rate"":1e-06}","{""detection_events"":24,""detectors_checked"":4257792}"
     23552,        37,         0,    2.85,decoder_by_matrix,bf84ffc61868c0acf247eb3d31d6d1ff07feed51ae0b0770ddaf58683dcdd22c,"{""distance"":3,""physical_error_rate"":0.005}","{""detection_events"":17136,""detectors_checked"":1271808,""obs_mistake_mask=E"":37}"
     78848,         0,         0,    2.82,decoder_by_matrix,e9839e3017c9ef118c4b8aeafef39e78c11ecbdb89764e9ca676a7dc2fb6d062,"{""distance"":3,""physical_error_rate"":1e-06}","{""detection_events"":21,""detectors_checked"":4257792}"
     34816,         0,         0,    2.82,decoder_by_matrix,beec9fd12293a9cfe53c9b61fb8ce2a525e4eed38fa75d132d6dc64699336876,"{""distance"":3,""physical_error_rate"":0.0001}","{""detection_events"":477,""detectors_checked"":1880064}"
     23552,        47,         0,    3.08,decoder_by_matrix,bf84ffc61868c0acf247eb3d31d6d1ff07feed51ae0b0770ddaf58683dcdd22c,"{""distance"":3,""physical_error_rate"":0.005}","{""detection_events"":17298,""detectors_checked"":1271808,""obs_mistake_mask=E"":47}"
     78848,         0,         0,    3.10,decoder_by_matrix,560c721f87db01d4cacf7dcb7d8812fecde61e9e7776d4b9e1b1a792578ecad7,"{""distance"":3,""physical_error_rate"":5e-06}","{""detection_events"":24,""detectors_checked"":4257792}"
     20480,       129,         0,    3.10,decoder_by_matrix,dc80d1b5cd4a369885d36fbbadd410646ee6a9cd91075667cd6e1b71d0442655,"{""distance"":3,""physical_error_rate"":0.01}","{""detection_events"":27987,""detectors_checked"":1105920,""obs_mistake_mask=E"":129}"
     20480,       131,         0,    3.17,decoder_by_matrix,dc80d1b5cd4a369885d36fbbadd410646ee6a9cd91075667cd6e1b71d0442655,"{""distance"":3,""physical_error_rate"":0.01}","{""detection_events"":28269,""detectors_checked"":1105920,""obs_mistake_mask=E"":131}"
     44032,         0,         0,    2.83,decoder_by_matrix,36e3cd26fed5ec7649ec51fb08c1a5e7d7f30e615782d954fee045c18a4962ca,"{""distance"":3,""physical_error_rate"":5e-05}","{""detection_events"":309,""detectors_checked"":2377728}"
     29696,         0,         0,    3.08,decoder_by_matrix,f854eed952f7ffb52e4f578393718ba880ba0930c78fe51d50828fe06a713055,"{""distance"":3,""physical_error_rate"":0.001}","{""detection_events"":4338,""detectors_checked"":1603584}"
     41984,         0,         0,    4.15,decoder_by_matrix,5c8c81bfec719079c388cedc47a351f264c1bf769ae28a89f9b4fc7719fea501,"{""distance"":3,""physical_error_rate"":0.0005}","{""detection_events"":3060,""detectors_checked"":2267136}"
     59392,         0,         0,    4.38,decoder_by_matrix,36e3cd26fed5ec7649ec51fb08c1a5e7d7f30e615782d954fee045c18a4962ca,"{""distance"":3,""physical_error_rate"":5e-05}","{""detection_events"":474,""detectors_checked"":3207168}"
     55296,         0,         0,    4.14,decoder_by_matrix,36e3cd26fed5ec7649ec51fb08c1a5e7d7f30e615782d954fee045c18a4962ca,"{""distance"":3,""physical_error_rate"":5e-05}","{""detection_events"":489,""detectors_checked"":2985984}"
     96256,         0,         0,    4.08,decoder_by_matrix,560c721f87db01d4cacf7dcb7d8812fecde61e9e7776d4b9e1b1a792578ecad7,"{""distance"":3,""physical_error_rate"":5e-06}","{""detection_events"":81,""detectors_checked"":5197824}"
     83968,         0,         0,    3.85,decoder_by_matrix,e25b8d07214a8afb95d354611a83b9bb1ded39644e323a8585b3aabf687a4fff,"{""distance"":3,""physical_error_rate"":1e-05}","{""detection_events"":153,""detectors_checked"":4534272}"
    111616,         0,         0,    4.10,decoder_by_matrix,e9839e3017c9ef118c4b8aeafef39e78c11ecbdb89764e9ca676a7dc2fb6d062,"{""distance"":3,""physical_error_rate"":1e-06}","{""detection_events"":24,""detectors_checked"":6027264}"
    101376,         0,         0,    4.12,decoder_by_matrix,560c721f87db01d4cacf7dcb7d8812fecde61e9e7776d4b9e1b1a792578ecad7,"{""distance"":3,""physical_error_rate"":5e-06}","{""detection_events"":78,""detectors_checked"":5474304}"
    100352,         0,         0,    3.86,decoder_by_matrix,560c721f87db01d4cacf7dcb7d8812fecde61e9e7776d4b9e1b1a792578ecad7,"{""distance"":3,""physical_error_rate"":5e-06}","{""detection_events"":57,""detectors_checked"":5419008}"
     28672,       173,         0,    4.36,decoder_by_matrix,dc80d1b5cd4a369885d36fbbadd410646ee6a9cd91075667cd6e1b71d0442655,"{""distance"":3,""physical_error_rate"":0.01}","{""detection_events"":40161,""detectors_checked"":1548288,""obs_mistake_mask=E"":173}"
     28672,       179,         0,    4.48,decoder_by_matrix,dc80d1b5cd4a369885d36fbbadd410646ee6a9cd91075667cd6e1b71d0442655,"{""distance"":3,""physical_error_rate"":0.01}","{""detection_events"":39030,""detectors_checked"":1548288,""obs_mistake_mask=E"":179}"
     40960,         1,         0,    4.11,decoder_by_matrix,f854eed952f7ffb52e4f578393718ba880ba0930c78fe51d50828fe06a713055,"{""distance"":3,""physical_error_rate"":0.001}","{""detection_events"":6003,""detectors_checked"":2211840,""obs_mistake_mask=E"":1}"
     27648,       186,         0,    4.37,decoder_by_matrix,dc80d1b5cd4a369885d36fbbadd410646ee6a9cd91075667cd6e1b71d0442655,"{""distance"":3,""physical_error_rate"":0.01}","{""detection_events"":38904,""detectors_checked"":1492992,""obs_mistake_mask=E"":186}"
     28672,       193,         0,    4.47,decoder_by_matrix,dc80d1b5cd4a369885d36fbbadd410646ee6a9cd91075667cd6e1b71d0442655,"{""distance"":3,""physical_error_rate"":0.01}","{""detection_events"":40551,""detectors_checked"":1548288,""obs_mistake_mask=E"":193}"
    103424,         0,         0,    4.29,decoder_by_matrix,560c721f87db01d4cacf7dcb7d8812fecde61e9e7776d4b9e1b1a792578ecad7,"{""distance"":3,""physical_error_rate"":5e-06}","{""detection_events"":48,""detectors_checked"":5584896}"
     41984,         1,         0,    4.11,decoder_by_matrix,5c8c81bfec719079c388cedc47a351f264c1bf769ae28a89f9b4fc7719fea501,"{""distance"":3,""physical_error_rate"":0.0005}","{""detection_events"":3357,""detectors_checked"":2267136,""obs_mistake_mask=E"":1}"
    110592,         0,         0,    4.03,decoder_by_matrix,e9839e3017c9ef118c4b8aeafef39e78c11ecbdb89764e9ca676a7dc2fb6d062,"{""distance"":3,""physical_error_rate"":1e-06}","{""detection_events"":18,""detectors_checked"":5971968}"
     33792,        58,         0,    4.20,decoder_by_matrix,bf84ffc61868c0acf247eb3d31d6d1ff07feed51ae0b0770ddaf58683dcdd22c,"{""distance"":3,""physical_error_rate"":0.005}","{""detection_events"":24081,""detectors_checked"":1824768,""obs_mistake_mask=E"":58}"
     40960,         1,         0,    4.36,decoder_by_matrix,f854eed952f7ffb52e4f578393718ba880ba0930c78fe51d50828fe06a713055,"{""distance"":3,""physical_error_rate"":0.001}","{""detection_events"":5730,""detectors_checked"":2211840,""obs_mistake_mask=E"":1}"
     90112,         0,         0,    4.13,decoder_by_matrix,e25b8d07214a8afb95d354611a83b9bb1ded39644e323a8585b3aabf687a4fff,"{""distance"":3,""physical_error_rate"":1e-05}","{""detection_events"":135,""detectors_checked"":4866048}"
     61440,         0,         0,    4.11,decoder_by_matrix,36e3cd26fed5ec7649ec51fb08c1a5e7d7f30e615782d954fee045c18a4962ca,"{""distance"":3,""physical_error_rate"":5e-05}","{""detection_events"":336,""detectors_checked"":3317760}"
     32768,        43,         0,    4.36,decoder_by_matrix,bf84ffc61868c0acf247eb3d31d6d1ff07feed51ae0b0770ddaf58683dcdd22c,"{""distance"":3,""physical_error_rate"":0.005}","{""detection_events"":22581,""detectors_checked"":1769472,""obs_mistake_mask=E"":43}"
     27648,       174,         0,    4.11,decoder_by_matrix,dc80d1b5cd4a369885d36fbbadd410646ee6a9cd91075667cd6e1b71d0442655,"{""distance"":3,""physical_error_rate"":0.01}","{""detection_events"":38124,""detectors_checked"":1492992,""obs_mistake_mask=E"":174}"
     57344,         0,         0,    4.39,decoder_by_matrix,36e3cd26fed5ec7649ec51fb08c1a5e7d7f30e615782d954fee045c18a4962ca,"{""distance"":3,""physical_error_rate"":5e-05}","{""detection_events"":363,""detectors_checked"":3096576}"
     41984,         0,         0,    4.36,decoder_by_matrix,5c8c81bfec719079c388cedc47a351f264c1bf769ae28a89f9b4fc7719fea501,"{""distance"":3,""physical_error_rate"":0.0005}","{""detection_events"":2886,""detectors_checked"":2267136}"
    114688,         0,         0,    4.37,decoder_by_matrix,e9839e3017c9ef118c4b8aeafef39e78c11ecbdb89764e9ca676a7dc2fb6d062,"{""distance"":3,""physical_error_rate"":1e-06}","{""detection_events"":15,""detectors_checked"":6193152}"
     41984,         2,         0,    4.37,decoder_by_matrix,5c8c81bfec719079c388cedc47a351f264c1bf769ae28a89f9b4fc7719fea501,"{""distance"":3,""physical_error_rate"":0.0005}","{""detection_events"":3168,""detectors_checked"":2267136,""obs_mistake_mask=E"":2}"
     84992,         0,         0,    4.33,decoder_by_matrix,e25b8d07214a8afb95d354611a83b9bb1ded39644e323a8585b3aabf687a4fff,"{""distance"":3,""physical_error_rate"":1e-05}","{""detection_events"":177,""detectors_checked"":4589568}"
     53248,         0,         0,    4.37,decoder_by_matrix,36e3cd26fed5ec7649ec51fb08c1a5e7d7f30e615782d954fee045c18a4962ca,"{""distance"":3,""physical_error_rate"":5e-05}","{""detection_events"":429,""detectors_checked"":2875392}"
     39936,         2,         0,    4.31,decoder_by_matrix,f854eed952f7ffb52e4f578393718ba880ba0930c78fe51d50828fe06a713055,"{""distance"":3,""physical_error_rate"":0.001}","{""detection_events"":5628,""detectors_checked"":2156544,""obs_mistake_mask=E"":2}"
     32768,        46,         0,    4.11,decoder_by_matrix,bf84ffc61868c0acf247eb3d31d6d1ff07feed51ae0b0770ddaf58683dcdd22c,"{""distance"":3,""physical_error_rate"":0.005}","{""detection_events"":23694,""detectors_checked"":1769472,""obs_mistake_mask=E"":46}"
    107520,         0,         0,    4.11,decoder_by_matrix,560c721f87db01d4cacf7dcb7d8812fecde61e9e7776d4b9e1b1a792578ecad7,"{""distance"":3,""physical_error_rate"":5e-06}","{""detection_events"":33,""detectors_checked"":5806080}"
     93184,         0,         0,    4.41,decoder_by_matrix,e25b8d07214a8afb95d354611a83b9bb1ded39644e323a8585b3aabf687a4fff,"{""distance"":3,""physical_error_rate"":1e-05}","{""detection_events"":111,""detectors_checked"":5031936}"
     46080,         0,         0,    4.11,decoder_by_matrix,beec9fd12293a9cfe53c9b61fb8ce2a525e4eed38fa75d132d6dc64699336876,"{""distance"":3,""physical_error_rate"":0.0001}","{""detection_events"":657,""detectors_checked"":2488320}"
     90112,         0,         0,    4.11,decoder_by_matrix,e25b8d07214a8afb95d354611a83b9bb1ded39644e323a8585b3aabf687a4fff,"{""distance"":3,""physical_error_rate"":1e-05}","{""detection_events"":135,""detectors_checked"":4866048}"
    114688,         0,         0,    4.10,decoder_by_matrix,e9839e3017c9ef118c4b8aeafef39e78c11ecbdb89764e9ca676a7dc2fb6d062,"{""distance"":3,""physical_error_rate"":1e-06}","{""detection_events"":12,""detectors_checked"":6193152}"
     48128,         0,         0,    4.07,decoder_by_matrix,beec9fd12293a9cfe53c9b61fb8ce2a525e4eed38fa75d132d6dc64699336876,"{""distance"":3,""physical_error_rate"":0.0001}","{""detection_events"":669,""detectors_checked"":2598912}"
     28672,       161,         0,    4.11,decoder_by_matrix,dc80d1b5cd4a369885d36fbbadd410646ee6a9cd91075667cd6e1b71d0442655,"{""distance"":3,""physical_error_rate"":0.01}","{""detection_events"":40443,""detectors_checked"":1548288,""obs_mistake_mask=E"":161}"
     41984,         1,         0,    3.87,decoder_by_matrix,5c8c81bfec719079c388cedc47a351f264c1bf769ae28a89f9b4fc7719fea501,"{""distance"":3,""physical_error_rate"":0.0005}","{""detection_events"":3261,""detectors_checked"":2267136,""obs_mistake_mask=E"":1}"
     40960,         4,         0,    4.38,decoder_by_matrix,f854eed952f7ffb52e4f578393718ba880ba0930c78fe51d50828fe06a713055,"{""distance"":3,""physical_error_rate"":0.001}","{""detection_events"":6087,""detectors_checked"":2211840,""obs_mistake_mask=E"":4}"
     45056,         1,         0,    4.10,decoder_by_matrix,beec9fd12293a9cfe53c9b61fb8ce2a525e4eed38fa75d132d6dc64699336876,"{""distance"":3,""physical_error_rate"":0.0001}","{""detection_events"":729,""detectors_checked"":2433024,""obs_mistake_mask=E"":1}"
     46080,         0,         0,    4.38,decoder_by_matrix,beec9fd12293a9cfe53c9b61fb8ce2a525e4eed38fa75d132d6dc64699336876,"{""distance"":3,""physical_error_rate"":0.0001}","{""detection_events"":792,""detectors_checked"":2488320}"
     46080,         0,         0,    4.37,decoder_by_matrix,beec9fd12293a9cfe53c9b61fb8ce2a525e4eed38fa75d132d6dc64699336876,"{""distance"":3,""physical_error_rate"":0.0001}","{""detection_events"":729,""detectors_checked"":2488320}"
     33792,        51,         0,    4.41,decoder_by_matrix,bf84ffc61868c0acf247eb3d31d6d1ff07feed51ae0b0770ddaf58683dcdd22c,"{""distance"":3,""physical_error_rate"":0.005}","{""detection_events"":24585,""detectors_checked"":1824768,""obs_mistake_mask=E"":51}"
     43008,         1,         0,    3.87,decoder_by_matrix,5c8c81bfec719079c388cedc47a351f264c1bf769ae28a89f9b4fc7719fea501,"{""distance"":3,""physical_error_rate"":0.0005}","{""detection_events"":3225,""detectors_checked"":2322432,""obs_mistake_mask=E"":1}"
     81920,         0,         0,    4.11,decoder_by_matrix,e25b8d07214a8afb95d354611a83b9bb1ded39644e323a8585b3aabf687a4fff,"{""distance"":3,""physical_error_rate"":1e-05}","{""detection_events"":153,""detectors_checked"":4423680}"
     39936,         2,         0,    4.39,decoder_by_matrix,f854eed952f7ffb52e4f578393718ba880ba0930c78fe51d50828fe06a713055,"{""distance"":3,""physical_error_rate"":0.001}","{""detection_events"":6303,""detectors_checked"":2156544,""obs_mistake_mask=E"":2}"
    115712,         0,         0,    4.12,decoder_by_matrix,e9839e3017c9ef118c4b8aeafef39e78c11ecbdb89764e9ca676a7dc2fb6d062,"{""distance"":3,""physical_error_rate"":1e-06}","{""detection_events"":6,""detectors_checked"":6248448}"
     54272,         0,         0,    4.36,decoder_by_matrix,36e3cd26fed5ec7649ec51fb08c1a5e7d7f30e615782d954fee045c18a4962ca,"{""distance"":3,""physical_error_rate"":5e-05}","{""detection_events"":420,""detectors_checked"":2930688}"
     33792,        54,         0,    4.36,decoder_by_matrix,bf84ffc61868c0acf247eb3d31d6d1ff07feed51ae0b0770ddaf58683dcdd22c,"{""distance"":3,""physical_error_rate"":0.005}","{""detection_events"":23373,""detectors_checked"":1824768,""obs_mistake_mask=E"":54}"
    105472,         0,         0,    4.37,decoder_by_matrix,560c721f87db01d4cacf7dcb7d8812fecde61e9e7776d4b9e1b1a792578ecad7,"{""distance"":3,""physical_error_rate"":5e-06}","{""detection_events"":45,""detectors_checked"":5695488}"
     93184,         0,         0,    4.36,decoder_by_matrix,e25b8d07214a8afb95d354611a83b9bb1ded39644e323a8585b3aabf687a4fff,"{""distance"":3,""physical_error_rate"":1e-05}","{""detection_events"":99,""detectors_checked"":5031936}"
     41984,         5,         0,    4.37,decoder_by_matrix,f854eed952f7ffb52e4f578393718ba880ba0930c78fe51d50828fe06a713055,"{""distance"":3,""physical_error_rate"":0.001}","{""detection_events"":6249,""detectors_checked"":2267136,""obs_mistake_mask=E"":5}"
     43008,         1,         0,    4.48,decoder_by_matrix,5c8c81bfec719079c388cedc47a351f264c1bf769ae28a89f9b4fc7719fea501,"{""distance"":3,""physical_error_rate"":0.0005}","{""detection_events"":3240,""detectors_checked"":2322432,""obs_mistake_mask=E"":1}"
     50176,         0,         0,    4.48,decoder_by_matrix,beec9fd12293a9cfe53c9b61fb8ce2a525e4eed38fa75d132d6dc64699336876,"{""distance"":3,""physical_error_rate"":0.0001}","{""detection_events"":690,""detectors_checked"":2709504}"
    115712,         0,         0,    4.36,decoder_by_matrix,e9839e3017c9ef118c4b8aeafef39e78c11ecbdb89764e9ca676a7dc2fb6d062,"{""distance"":3,""physical_error_rate"":1e-06}","{""detection_events"":9,""detectors_checked"":6248448}"
    113664,         0,         0,    4.11,decoder_by_matrix,e9839e3017c9ef118c4b8aeafef39e78c11ecbdb89764e9ca676a7dc2fb6d062,"{""distance"":3,""physical_error_rate"":1e-06}","{""detection_events"":15,""detectors_checked"":6137856}"
     46080,         0,         0,    4.13,decoder_by_matrix,beec9fd12293a9cfe53c9b61fb8ce2a525e4eed38fa75d132d6dc64699336876,"{""distance"":3,""physical_error_rate"":0.0001}","{""detection_events"":753,""detectors_checked"":2488320}"
     33792,        50,         0,    4.16,decoder_by_matrix,bf84ffc61868c0acf247eb3d31d6d1ff07feed51ae0b0770ddaf58683dcdd22c,"{""distance"":3,""physical_error_rate"":0.005}","{""detection_events"":23868,""detectors_checked"":1824768,""obs_mistake_mask=E"":50}"
     99328,         0,         0,    4.10,decoder_by_matrix,560c721f87db01d4cacf7dcb7d8812fecde61e9e7776d4b9e1b1a792578ecad7,"{""distance"":3,""physical_error_rate"":5e-06}","{""detection_events"":96,""detectors_checked"":5363712}"
     34816,        59,         0,    4.51,decoder_by_matrix,bf84ffc61868c0acf247eb3d31d6d1ff07feed51ae0b0770ddaf58683dcdd22c,"{""distance"":3,""physical_error_rate"":0.005}","{""detection_events"":24951,""detectors_checked"":1880064,""obs_mistake_mask=E"":59}"
     27648,       165,         0,    4.13,decoder_by_matrix,dc80d1b5cd4a369885d36fbbadd410646ee6a9cd91075667cd6e1b71d0442655,"{""distance"":3,""physical_error_rate"":0.01}","{""detection_events"":39261,""detectors_checked"":1492992,""obs_mistake_mask=E"":165}"
     28672,       173,         0,    4.34,decoder_by_matrix,dc80d1b5cd4a369885d36fbbadd410646ee6a9cd91075667cd6e1b71d0442655,"{""distance"":3,""physical_error_rate"":0.01}","{""detection_events"":40569,""detectors_checked"":1548288,""obs_mistake_mask=E"":173}"
     39936,         6,         0,    4.09,decoder_by_matrix,f854eed952f7ffb52e4f578393718ba880ba0930c78fe51d50828fe06a713055,"{""distance"":3,""physical_error_rate"":0.001}","{""detection_events"":5904,""detectors_checked"":2156544,""obs_mistake_mask=E"":6}"
     59392,         0,         0,    4.16,decoder_by_matrix,36e3cd26fed5ec7649ec51fb08c1a5e7d7f30e615782d954fee045c18a4962ca,"{""distance"":3,""physical_error_rate"":5e-05}","{""detection_events"":387,""detectors_checked"":3207168}"
     58368,         0,         0,    6.02,decoder_by_matrix,5c8c81bfec719079c388cedc47a351f264c1bf769ae28a89f9b4fc7719fea501,"{""distance"":3,""physical_error_rate"":0.0005}","{""detection_events"":4575,""detectors_checked"":3151872}"
     79872,         0,         0,    5.90,decoder_by_matrix,36e3cd26fed5ec7649ec51fb08c1a5e7d7f30e615782d954fee045c18a4962ca,"{""distance"":3,""physical_error_rate"":5e-05}","{""detection_events"":597,""detectors_checked"":4313088}"
     76800,         0,         0,    5.92,decoder_by_matrix,36e3cd26fed5ec7649ec51fb08c1a5e7d7f30e615782d954fee045c18a4962ca,"{""distance"":3,""physical_error_rate"":5e-05}","{""detection_events"":570,""detectors_checked"":4147200}"
    147456,         0,         0,    6.10,decoder_by_matrix,560c721f87db01d4cacf7dcb7d8812fecde61e9e7776d4b9e1b1a792578ecad7,"{""distance"":3,""physical_error_rate"":5e-06}","{""detection_events"":96,""detectors_checked"":7962624}"
    119808,         0,         0,    6.15,decoder_by_matrix,e25b8d07214a8afb95d354611a83b9bb1ded39644e323a8585b3aabf687a4fff,"{""distance"":3,""physical_error_rate"":1e-05}","{""detection_events"":225,""detectors_checked"":6469632}"
    166912,         0,         0,    5.67,decoder_by_matrix,e9839e3017c9ef118c4b8aeafef39e78c11ecbdb89764e9ca676a7dc2fb6d062,"{""distance"":3,""physical_error_rate"":1e-06}","{""detectors_checked"":9013248}"
    134144,         0,         0,    5.92,decoder_by_matrix,560c721f87db01d4cacf7dcb7d8812fecde61e9e7776d4b9e1b1a792578ecad7,"{""distance"":3,""physical_error_rate"":5e-06}","{""detection_events"":138,""detectors_checked"":7243776}"
    137216,         0,         0,    6.17,decoder_by_matrix,560c721f87db01d4cacf7dcb7d8812fecde61e9e7776d4b9e1b1a792578ecad7,"{""distance"":3,""physical_error_rate"":5e-06}","{""detection_events"":135,""detectors_checked"":7409664}"
     38912,       246,         0,    5.89,decoder_by_matrix,dc80d1b5cd4a369885d36fbbadd410646ee6a9cd91075667cd6e1b71d0442655,"{""distance"":3,""physical_error_rate"":0.01}","{""detection_events"":53883,""detectors_checked"":2101248,""obs_mistake_mask=E"":246}"
     56320,         5,         0,    6.00,decoder_by_matrix,f854eed952f7ffb52e4f578393718ba880ba0930c78fe51d50828fe06a713055,"{""distance"":3,""physical_error_rate"":0.001}","{""detection_events"":8043,""detectors_checked"":3041280,""obs_mistake_mask=E"":5}"
     39936,       268,         0,    6.19,decoder_by_matrix,dc80d1b5cd4a369885d36fbbadd410646ee6a9cd91075667cd6e1b71d0442655,"{""distance"":3,""physical_error_rate"":0.01}","{""detection_events"":55524,""detectors_checked"":2156544,""obs_mistake_mask=E"":268}"
     38912,       241,         0,    5.98,decoder_by_matrix,dc80d1b5cd4a369885d36fbbadd410646ee6a9cd91075667cd6e1b71d0442655,"{""distance"":3,""physical_error_rate"":0.01}","{""detection_events"":55278,""detectors_checked"":2101248,""obs_mistake_mask=E"":241}"
    149504,         0,         0,    5.79,decoder_by_matrix,560c721f87db01d4cacf7dcb7d8812fecde61e9e7776d4b9e1b1a792578ecad7,"{""distance"":3,""physical_error_rate"":5e-06}","{""detection_events"":54,""detectors_checked"":8073216}"
     39936,       218,         0,    6.24,decoder_by_matrix,dc80d1b5cd4a369885d36fbbadd410646ee6a9cd91075667cd6e1b71d0442655,"{""distance"":3,""physical_error_rate"":0.01}","{""detection_events"":56097,""detectors_checked"":2156544,""obs_mistake_mask=E"":218}"
     59392,         2,         0,    6.12,decoder_by_matrix,5c8c81bfec719079c388cedc47a351f264c1bf769ae28a89f9b4fc7719fea501,"{""distance"":3,""physical_error_rate"":0.0005}","{""detection_events"":4377,""detectors_checked"":3207168,""obs_mistake_mask=E"":2}"
    155648,         0,         0,    5.89,decoder_by_matrix,e9839e3017c9ef118c4b8aeafef39e78c11ecbdb89764e9ca676a7dc2fb6d062,"{""distance"":3,""physical_error_rate"":1e-06}","{""detection_events"":54,""detectors_checked"":8404992}"
     47104,       100,         0,    6.16,decoder_by_matrix,bf84ffc61868c0acf247eb3d31d6d1ff07feed51ae0b0770ddaf58683dcdd22c,"{""distance"":3,""physical_error_rate"":0.005}","{""detection_events"":34137,""detectors_checked"":2543616,""obs_mistake_mask=E"":100}"
     58368,         4,         0,    6.17,decoder_by_matrix,f854eed952f7ffb52e4f578393718ba880ba0930c78fe51d50828fe06a713055,"{""distance"":3,""physical_error_rate"":0.001}","{""detection_events"":8865,""detectors_checked"":3151872,""obs_mistake_mask=E"":4}"
    128000,         0,         0,    6.17,decoder_by_matrix,e25b8d07214a8afb95d354611a83b9bb1ded39644e323a8585b3aabf687a4fff,"{""distance"":3,""physical_error_rate"":1e-05}","{""detection_events"":141,""detectors_checked"":6912000}"
     48128,        70,         0,    5.91,decoder_by_matrix,bf84ffc61868c0acf247eb3d31d6d1ff07feed51ae0b0770ddaf58683dcdd22c,"{""distance"":3,""physical_error_rate"":0.005}","{""detection_events"":35292,""detectors_checked"":2598912,""obs_mistake_mask=E"":70}"
     79872,         0,         0,    6.21,decoder_by_matrix,36e3cd26fed5ec7649ec51fb08c1a5e7d7f30e615782d954fee045c18a4962ca,"{""distance"":3,""physical_error_rate"":5e-05}","{""detection_events"":492,""detectors_checked"":4313088}"
     80896,         0,         0,    5.88,decoder_by_matrix,36e3cd26fed5ec7649ec51fb08c1a5e7d7f30e615782d954fee045c18a4962ca,"{""distance"":3,""physical_error_rate"":5e-05}","{""detection_events"":594,""detectors_checked"":4368384}"
     39936,       234,         0,    5.92,decoder_by_matrix,dc80d1b5cd4a369885d36fbbadd410646ee6a9cd91075667cd6e1b71d0442655,"{""distance"":3,""physical_error_rate"":0.01}","{""detection_events"":55653,""detectors_checked"":2156544,""obs_mistake_mask=E"":234}"
     59392,         2,         0,    6.15,decoder_by_matrix,5c8c81bfec719079c388cedc47a351f264c1bf769ae28a89f9b4fc7719fea501,"{""distance"":3,""physical_error_rate"":0.0005}","{""detection_events"":4296,""detectors_checked"":3207168,""obs_mistake_mask=E"":2}"
     58368,         0,         0,    6.02,decoder_by_matrix,5c8c81bfec719079c388cedc47a351f264c1bf769ae28a89f9b4fc7719fea501,"{""distance"":3,""physical_error_rate"":0.0005}","{""detection_events"":4332,""detectors_checked"":3151872}"
    159744,         0,         0,    6.15,decoder_by_matrix,e9839e3017c9ef118c4b8aeafef39e78c11ecbdb89764e9ca676a7dc2fb6d062,"{""distance"":3,""physical_error_rate"":1e-06}","{""detection_events"":18,""detectors_checked"":8626176}"
    122880,         0,         0,    6.09,decoder_by_matrix,e25b8d07214a8afb95d354611a83b9bb1ded39644e323a8585b3aabf687a4fff,"{""distance"":3,""physical_error_rate"":1e-05}","{""detection_events"":186,""detectors_checked"":6635520}"
     46080,        85,         0,    6.08,decoder_by_matrix,bf84ffc61868c0acf247eb3d31d6d1ff07feed51ae0b0770ddaf58683dcdd22c,"{""distance"":3,""physical_error_rate"":0.005}","{""detection_events"":33228,""detectors_checked"":2488320,""obs_mistake_mask=E"":85}"
     78848,         0,         0,    5.89,decoder_by_matrix,36e3cd26fed5ec7649ec51fb08c1a5e7d7f30e615782d954fee045c18a4962ca,"{""distance"":3,""physical_error_rate"":5e-05}","{""detection_events"":684,""detectors_checked"":4257792}"
     57344,         3,         0,    5.89,decoder_by_matrix,f854eed952f7ffb52e4f578393718ba880ba0930c78fe51d50828fe06a713055,"{""distance"":3,""physical_error_rate"":0.001}","{""detection_events"":8934,""detectors_checked"":3096576,""obs_mistake_mask=E"":3}"
    136192,         0,         0,    5.89,decoder_by_matrix,560c721f87db01d4cacf7dcb7d8812fecde61e9e7776d4b9e1b1a792578ecad7,"{""distance"":3,""physical_error_rate"":5e-06}","{""detection_events"":123,""detectors_checked"":7354368}"
    126976,         0,         0,    5.82,decoder_by_matrix,e25b8d07214a8afb95d354611a83b9bb1ded39644e323a8585b3aabf687a4fff,"{""distance"":3,""physical_error_rate"":1e-05}","{""detection_events"":144,""detectors_checked"":6856704}"
    156672,         0,         0,    5.53,decoder_by_matrix,e9839e3017c9ef118c4b8aeafef39e78c11ecbdb89764e9ca676a7dc2fb6d062,"{""distance"":3,""physical_error_rate"":1e-06}","{""detection_events"":27,""detectors_checked"":8460288}"
     64512,         0,         0,    6.15,decoder_by_matrix,beec9fd12293a9cfe53c9b61fb8ce2a525e4eed38fa75d132d6dc64699336876,"{""distance"":3,""physical_error_rate"":0.0001}","{""detection_events"":1035,""detectors_checked"":3483648}"
    129024,         0,         0,    5.64,decoder_by_matrix,e25b8d07214a8afb95d354611a83b9bb1ded39644e323a8585b3aabf687a4fff,"{""distance"":3,""physical_error_rate"":1e-05}","{""detection_events"":150,""detectors_checked"":6967296}"
     39936,       253,         0,    6.12,decoder_by_matrix,dc80d1b5cd4a369885d36fbbadd410646ee6a9cd91075667cd6e1b71d0442655,"{""distance"":3,""physical_error_rate"":0.01}","{""detection_events"":56007,""detectors_checked"":2156544,""obs_mistake_mask=E"":253}"
     65536,         0,         0,    5.88,decoder_by_matrix,beec9fd12293a9cfe53c9b61fb8ce2a525e4eed38fa75d132d6dc64699336876,"{""distance"":3,""physical_error_rate"":0.0001}","{""detection_events"":882,""detectors_checked"":3538944}"
     59392,         1,         0,    5.83,decoder_by_matrix,5c8c81bfec719079c388cedc47a351f264c1bf769ae28a89f9b4fc7719fea501,"{""distance"":3,""physical_error_rate"":0.0005}","{""detection_events"":4569,""detectors_checked"":3207168,""obs_mistake_mask=E"":1}"
     63488,         0,         0,    6.05,decoder_by_matrix,beec9fd12293a9cfe53c9b61fb8ce2a525e4eed38fa75d132d6dc64699336876,"{""distance"":3,""physical_error_rate"":0.0001}","{""detection_events"":903,""detectors_checked"":3428352}"
     47104,        87,         0,    5.61,decoder_by_matrix,bf84ffc61868c0acf247eb3d31d6d1ff07feed51ae0b0770ddaf58683dcdd22c,"{""distance"":3,""physical_error_rate"":0.005}","{""detection_events"":32661,""detectors_checked"":2543616,""obs_mistake_mask=E"":87}"
     63488,         0,         0,    5.38,decoder_by_matrix,beec9fd12293a9cfe53c9b61fb8ce2a525e4eed38fa75d132d6dc64699336876,"{""distance"":3,""physical_error_rate"":0.0001}","{""detection_events"":984,""detectors_checked"":3428352}"
     67584,         0,         0,    6.16,decoder_by_matrix,beec9fd12293a9cfe53c9b61fb8ce2a525e4eed38fa75d132d6dc64699336876,"{""distance"":3,""physical_error_rate"":0.0001}","{""detection_events"":1101,""detectors_checked"":3649536}"
     57344,         2,         0,    6.18,decoder_by_matrix,f854eed952f7ffb52e4f578393718ba880ba0930c78fe51d50828fe06a713055,"{""distance"":3,""physical_error_rate"":0.001}","{""detection_events"":8646,""detectors_checked"":3096576,""obs_mistake_mask=E"":2}"
     58368,         1,         0,    5.75,decoder_by_matrix,5c8c81bfec719079c388cedc47a351f264c1bf769ae28a89f9b4fc7719fea501,"{""distance"":3,""physical_error_rate"":0.0005}","{""detection_events"":4152,""detectors_checked"":3151872,""obs_mistake_mask=E"":1}"
    124928,         0,         0,    6.17,decoder_by_matrix,e25b8d07214a8afb95d354611a83b9bb1ded39644e323a8585b3aabf687a4fff,"{""distance"":3,""physical_error_rate"":1e-05}","{""detection_events"":174,""detectors_checked"":6746112}"
     77824,         0,         0,    5.97,decoder_by_matrix,36e3cd26fed5ec7649ec51fb08c1a5e7d7f30e615782d954fee045c18a4962ca,"{""distance"":3,""physical_error_rate"":5e-05}","{""detection_events"":630,""detectors_checked"":4202496}"
    159744,         0,         0,    5.90,decoder_by_matrix,e9839e3017c9ef118c4b8aeafef39e78c11ecbdb89764e9ca676a7dc2fb6d062,"{""distance"":3,""physical_error_rate"":1e-06}","{""detection_events"":18,""detectors_checked"":8626176}"
     57344,         6,         0,    6.20,decoder_by_matrix,f854eed952f7ffb52e4f578393718ba880ba0930c78fe51d50828fe06a713055,"{""distance"":3,""physical_error_rate"":0.001}","{""detection_events"":8382,""detectors_checked"":3096576,""obs_mistake_mask=E"":6}"
     47104,        72,         0,    5.91,decoder_by_matrix,bf84ffc61868c0acf247eb3d31d6d1ff07feed51ae0b0770ddaf58683dcdd22c,"{""distance"":3,""physical_error_rate"":0.005}","{""detection_events"":34023,""detectors_checked"":2543616,""obs_mistake_mask=E"":72}"
    139264,         0,         0,    5.41,decoder_by_matrix,560c721f87db01d4cacf7dcb7d8812fecde61e9e7776d4b9e1b1a792578ecad7,"{""distance"":3,""physical_error_rate"":5e-06}","{""detection_events"":99,""detectors_checked"":7520256}"
     56320,         4,         0,    6.00,decoder_by_matrix,f854eed952f7ffb52e4f578393718ba880ba0930c78fe51d50828fe06a713055,"{""distance"":3,""physical_error_rate"":0.001}","{""detection_events"":7959,""detectors_checked"":3041280,""obs_mistake_mask=E"":4}"
    121856,         0,         0,    5.89,decoder_by_matrix,e25b8d07214a8afb95d354611a83b9bb1ded39644e323a8585b3aabf687a4fff,"{""distance"":3,""physical_error_rate"":1e-05}","{""detection_events"":234,""detectors_checked"":6580224}"
     59392,         1,         0,    6.16,decoder_by_matrix,5c8c81bfec719079c388cedc47a351f264c1bf769ae28a89f9b4fc7719fea501,"{""distance"":3,""physical_error_rate"":0.0005}","{""detection_events"":4083,""detectors_checked"":3207168,""obs_mistake_mask=E"":1}"
     62464,         0,         0,    6.16,decoder_by_matrix,beec9fd12293a9cfe53c9b61fb8ce2a525e4eed38fa75d132d6dc64699336876,"{""distance"":3,""physical_error_rate"":0.0001}","{""detection_events"":936,""detectors_checked"":3373056}"
    159744,         0,         0,    5.83,decoder_by_matrix,e9839e3017c9ef118c4b8aeafef39e78c11ecbdb89764e9ca676a7dc2fb6d062,"{""distance"":3,""physical_error_rate"":1e-06}","{""detection_events"":18,""detectors_checked"":8626176}"
     66560,         0,         0,    6.11,decoder_by_matrix,beec9fd12293a9cfe53c9b61fb8ce2a525e4eed38fa75d132d6dc64699336876,"{""distance"":3,""physical_error_rate"":0.0001}","{""detection_events"":927,""detectors_checked"":3594240}"
    159744,         0,         0,    5.93,decoder_by_matrix,e9839e3017c9ef118c4b8aeafef39e78c11ecbdb89764e9ca676a7dc2fb6d062,"{""distance"":3,""physical_error_rate"":1e-06}","{""detection_events"":24,""detectors_checked"":8626176}"
     46080,        60,         0,    5.77,decoder_by_matrix,bf84ffc61868c0acf247eb3d31d6d1ff07feed51ae0b0770ddaf58683dcdd22c,"{""distance"":3,""physical_error_rate"":0.005}","{""detection_events"":32583,""detectors_checked"":2488320,""obs_mistake_mask=E"":60}"
     48128,        78,         0,    6.17,decoder_by_matrix,bf84ffc61868c0acf247eb3d31d6d1ff07feed51ae0b0770ddaf58683dcdd22c,"{""distance"":3,""physical_error_rate"":0.005}","{""detection_events"":34641,""detectors_checked"":2598912,""obs_mistake_mask=E"":78}"
     38912,       241,         0,    6.05,decoder_by_matrix,dc80d1b5cd4a369885d36fbbadd410646ee6a9cd91075667cd6e1b71d0442655,"{""distance"":3,""physical_error_rate"":0.01}","{""detection_events"":54750,""detectors_checked"":2101248,""obs_mistake_mask=E"":241}"
    142336,         0,         0,    5.87,decoder_by_matrix,560c721f87db01d4cacf7dcb7d8812fecde61e9e7776d4b9e1b1a792578ecad7,"{""distance"":3,""physical_error_rate"":5e-06}","{""detection_events"":108,""detectors_checked"":7686144}"
     38912,       238,         0,    5.63,decoder_by_matrix,dc80d1b5cd4a369885d36fbbadd410646ee6a9cd91075667cd6e1b71d0442655,"{""distance"":3,""physical_error_rate"":0.01}","{""detection_events"":55461,""detectors_checked"":2101248,""obs_mistake_mask=E"":238}"
     56320,         4,         0,    6.08,decoder_by_matrix,f854eed952f7ffb52e4f578393718ba880ba0930c78fe51d50828fe06a713055,"{""distance"":3,""physical_error_rate"":0.001}","{""detection_events"":8094,""detectors_checked"":3041280,""obs_mistake_mask=E"":4}"
     81920,         0,         0,    6.14,decoder_by_matrix,36e3cd26fed5ec7649ec51fb08c1a5e7d7f30e615782d954fee045c18a4962ca,"{""distance"":3,""physical_error_rate"":5e-05}","{""detection_events"":576,""detectors_checked"":4423680}"
     82944,         3,         0,    8.01,decoder_by_matrix,5c8c81bfec719079c388cedc47a351f264c1bf769ae28a89f9b4fc7719fea501,"{""distance"":3,""physical_error_rate"":0.0005}","{""detection_events"":6072,""detectors_checked"":4478976,""obs_mistake_mask=E"":3}"
    112640,         1,         0,    7.99,decoder_by_matrix,36e3cd26fed5ec7649ec51fb08c1a5e7d7f30e615782d954fee045c18a4962ca,"{""distance"":3,""physical_error_rate"":5e-05}","{""detection_events"":780,""detectors_checked"":6082560,""obs_mistake_mask=E"":1}"
    110592,         0,         0,    7.57,decoder_by_matrix,36e3cd26fed5ec7649ec51fb08c1a5e7d7f30e615782d954fee045c18a4962ca,"{""distance"":3,""physical_error_rate"":5e-05}","{""detection_events"":786,""detectors_checked"":5971968}"
    169984,         0,         0,    7.87,decoder_by_matrix,e25b8d07214a8afb95d354611a83b9bb1ded39644e323a8585b3aabf687a4fff,"{""distance"":3,""physical_error_rate"":1e-05}","{""detection_events"":264,""detectors_checked"":9179136}"
    184320,         0,         0,    8.34,decoder_by_matrix,560c721f87db01d4cacf7dcb7d8812fecde61e9e7776d4b9e1b1a792578ecad7,"{""distance"":3,""physical_error_rate"":5e-06}","{""detection_events"":210,""detectors_checked"":9953280}"
     55296,       341,         0,    8.16,decoder_by_matrix,dc80d1b5cd4a369885d36fbbadd410646ee6a9cd91075667cd6e1b71d0442655,"{""distance"":3,""physical_error_rate"":0.01}","{""detection_events"":77190,""detectors_checked"":2985984,""obs_mistake_mask=E"":341}"
    207872,         0,         0,    8.20,decoder_by_matrix,560c721f87db01d4cacf7dcb7d8812fecde61e9e7776d4b9e1b1a792578ecad7,"{""distance"":3,""physical_error_rate"":5e-06}","{""detection_events"":93,""detectors_checked"":11225088}"
    183296,         0,         0,    7.95,decoder_by_matrix,560c721f87db01d4cacf7dcb7d8812fecde61e9e7776d4b9e1b1a792578ecad7,"{""distance"":3,""physical_error_rate"":5e-06}","{""detection_events"":234,""detectors_checked"":9897984}"
    221184,         0,         0,    7.98,decoder_by_matrix,e9839e3017c9ef118c4b8aeafef39e78c11ecbdb89764e9ca676a7dc2fb6d062,"{""distance"":3,""physical_error_rate"":1e-06}","{""detection_events"":33,""detectors_checked"":11943936}"
     78848,         5,         0,    8.12,decoder_by_matrix,f854eed952f7ffb52e4f578393718ba880ba0930c78fe51d50828fe06a713055,"{""distance"":3,""physical_error_rate"":0.001}","{""detection_events"":11556,""detectors_checked"":4257792,""obs_mistake_mask=E"":5}"
     54272,       368,         0,    8.42,decoder_by_matrix,dc80d1b5cd4a369885d36fbbadd410646ee6a9cd91075667cd6e1b71d0442655,"{""distance"":3,""physical_error_rate"":0.01}","{""detection_events"":76407,""detectors_checked"":2930688,""obs_mistake_mask=E"":368}"
     54272,       336,         0,    8.18,decoder_by_matrix,dc80d1b5cd4a369885d36fbbadd410646ee6a9cd91075667cd6e1b71d0442655,"{""distance"":3,""physical_error_rate"":0.01}","{""detection_events"":75975,""detectors_checked"":2930688,""obs_mistake_mask=E"":336}"
    202752,         0,         0,    8.15,decoder_by_matrix,560c721f87db01d4cacf7dcb7d8812fecde61e9e7776d4b9e1b1a792578ecad7,"{""distance"":3,""physical_error_rate"":5e-06}","{""detection_events"":138,""detectors_checked"":10948608}"
     54272,       344,         0,    8.12,decoder_by_matrix,dc80d1b5cd4a369885d36fbbadd410646ee6a9cd91075667cd6e1b71d0442655,"{""distance"":3,""physical_error_rate"":0.01}","{""detection_events"":76992,""detectors_checked"":2930688,""obs_mistake_mask=E"":344}"
     63488,       110,         0,    8.41,decoder_by_matrix,bf84ffc61868c0acf247eb3d31d6d1ff07feed51ae0b0770ddaf58683dcdd22c,"{""distance"":3,""physical_error_rate"":0.005}","{""detection_events"":45945,""detectors_checked"":3428352,""obs_mistake_mask=E"":110}"
     78848,         4,         0,    8.45,decoder_by_matrix,f854eed952f7ffb52e4f578393718ba880ba0930c78fe51d50828fe06a713055,"{""distance"":3,""physical_error_rate"":0.001}","{""detection_events"":11661,""detectors_checked"":4257792,""obs_mistake_mask=E"":4}"
     81920,         1,         0,    8.31,decoder_by_matrix,5c8c81bfec719079c388cedc47a351f264c1bf769ae28a89f9b4fc7719fea501,"{""distance"":3,""physical_error_rate"":0.0005}","{""detection_events"":5844,""detectors_checked"":4423680,""obs_mistake_mask=E"":1}"
    165888,         0,         0,    7.70,decoder_by_matrix,e25b8d07214a8afb95d354611a83b9bb1ded39644e323a8585b3aabf687a4fff,"{""distance"":3,""physical_error_rate"":1e-05}","{""detection_events"":264,""detectors_checked"":8957952}"
    219136,         0,         0,    8.55,decoder_by_matrix,e9839e3017c9ef118c4b8aeafef39e78c11ecbdb89764e9ca676a7dc2fb6d062,"{""distance"":3,""physical_error_rate"":1e-06}","{""detection_events"":66,""detectors_checked"":11833344}"
     80896,         0,         0,    8.37,decoder_by_matrix,5c8c81bfec719079c388cedc47a351f264c1bf769ae28a89f9b4fc7719fea501,"{""distance"":3,""physical_error_rate"":0.0005}","{""detection_events"":5928,""detectors_checked"":4368384}"
    107520,         0,         0,    8.45,decoder_by_matrix,36e3cd26fed5ec7649ec51fb08c1a5e7d7f30e615782d954fee045c18a4962ca,"{""distance"":3,""physical_error_rate"":5e-05}","{""detection_events"":756,""detectors_checked"":5806080}"
     82944,         0,         0,    8.46,decoder_by_matrix,5c8c81bfec719079c388cedc47a351f264c1bf769ae28a89f9b4fc7719fea501,"{""distance"":3,""physical_error_rate"":0.0005}","{""detection_events"":6105,""detectors_checked"":4478976}"
    221184,         0,         0,    8.18,decoder_by_matrix,e9839e3017c9ef118c4b8aeafef39e78c11ecbdb89764e9ca676a7dc2fb6d062,"{""distance"":3,""physical_error_rate"":1e-06}","{""detection_events"":18,""detectors_checked"":11943936}"
     55296,       322,         0,    8.29,decoder_by_matrix,dc80d1b5cd4a369885d36fbbadd410646ee6a9cd91075667cd6e1b71d0442655,"{""distance"":3,""physical_error_rate"":0.01}","{""detection_events"":77808,""detectors_checked"":2985984,""obs_mistake_mask=E"":322}"
     65536,       129,         0,    8.33,decoder_by_matrix,bf84ffc61868c0acf247eb3d31d6d1ff07feed51ae0b0770ddaf58683dcdd22c,"{""distance"":3,""physical_error_rate"":0.005}","{""detection_events"":47388,""detectors_checked"":3538944,""obs_mistake_mask=E"":129}"
    110592,         0,         0,    8.38,decoder_by_matrix,36e3cd26fed5ec7649ec51fb08c1a5e7d7f30e615782d954fee045c18a4962ca,"{""distance"":3,""physical_error_rate"":5e-05}","{""detection_events"":840,""detectors_checked"":5971968}"
    167936,         0,         0,    8.26,decoder_by_matrix,e25b8d07214a8afb95d354611a83b9bb1ded39644e323a8585b3aabf687a4fff,"{""distance"":3,""physical_error_rate"":1e-05}","{""detection_events"":297,""detectors_checked"":9068544}"
     64512,       107,         0,    8.48,decoder_by_matrix,bf84ffc61868c0acf247eb3d31d6d1ff07feed51ae0b0770ddaf58683dcdd22c,"{""distance"":3,""physical_error_rate"":0.005}","{""detection_events"":45942,""detectors_checked"":3483648,""obs_mistake_mask=E"":107}"
     79872,         5,         0,    8.46,decoder_by_matrix,f854eed952f7ffb52e4f578393718ba880ba0930c78fe51d50828fe06a713055,"{""distance"":3,""physical_error_rate"":0.001}","{""detection_events"":12369,""detectors_checked"":4313088,""obs_mistake_mask=E"":5}"
    110592,         0,         0,    8.49,decoder_by_matrix,36e3cd26fed5ec7649ec51fb08c1a5e7d7f30e615782d954fee045c18a4962ca,"{""distance"":3,""physical_error_rate"":5e-05}","{""detection_events"":852,""detectors_checked"":5971968}"
    200704,         0,         0,    8.26,decoder_by_matrix,560c721f87db01d4cacf7dcb7d8812fecde61e9e7776d4b9e1b1a792578ecad7,"{""distance"":3,""physical_error_rate"":5e-06}","{""detection_events"":108,""detectors_checked"":10838016}"
    168960,         0,         0,    8.18,decoder_by_matrix,e25b8d07214a8afb95d354611a83b9bb1ded39644e323a8585b3aabf687a4fff,"{""distance"":3,""physical_error_rate"":1e-05}","{""detection_events"":309,""detectors_checked"":9123840}"
    222208,         0,         0,    7.92,decoder_by_matrix,e9839e3017c9ef118c4b8aeafef39e78c11ecbdb89764e9ca676a7dc2fb6d062,"{""distance"":3,""physical_error_rate"":1e-06}","{""detection_events"":21,""detectors_checked"":11999232}"
    166912,         0,         0,    8.45,decoder_by_matrix,e25b8d07214a8afb95d354611a83b9bb1ded39644e323a8585b3aabf687a4fff,"{""distance"":3,""physical_error_rate"":1e-05}","{""detection_events"":327,""detectors_checked"":9013248}"
     89088,         0,         0,    8.48,decoder_by_matrix,beec9fd12293a9cfe53c9b61fb8ce2a525e4eed38fa75d132d6dc64699336876,"{""distance"":3,""physical_error_rate"":0.0001}","{""detection_events"":1320,""detectors_checked"":4810752}"
     54272,       376,         0,    8.20,decoder_by_matrix,dc80d1b5cd4a369885d36fbbadd410646ee6a9cd91075667cd6e1b71d0442655,"{""distance"":3,""physical_error_rate"":0.01}","{""detection_events"":76500,""detectors_checked"":2930688,""obs_mistake_mask=E"":376}"
     87040,         0,         0,    8.46,decoder_by_matrix,beec9fd12293a9cfe53c9b61fb8ce2a525e4eed38fa75d132d6dc64699336876,"{""distance"":3,""physical_error_rate"":0.0001}","{""detection_events"":1473,""detectors_checked"":4700160}"
     10240,        51,         0,    1.62,decoder_by_matrix,dc80d1b5cd4a369885d36fbbadd410646ee6a9cd91075667cd6e1b71d0442655,"{""distance"":3,""physical_error_rate"":0.01}","{""detection_events"":14022,""detectors_checked"":552960,""obs_mistake_mask=E"":51}"
      8192,        61,         0,    1.31,decoder_by_matrix,dc80d1b5cd4a369885d36fbbadd410646ee6a9cd91075667cd6e1b71d0442655,"{""distance"":3,""physical_error_rate"":0.01}","{""detection_events"":11778,""detectors_checked"":442368,""obs_mistake_mask=E"":61}"
     81920,         1,         0,    8.20,decoder_by_matrix,5c8c81bfec719079c388cedc47a351f264c1bf769ae28a89f9b4fc7719fea501,"{""distance"":3,""physical_error_rate"":0.0005}","{""detection_events"":6081,""detectors_checked"":4423680,""obs_mistake_mask=E"":1}"
      8192,        59,         0,    1.31,decoder_by_matrix,dc80d1b5cd4a369885d36fbbadd410646ee6a9cd91075667cd6e1b71d0442655,"{""distance"":3,""physical_error_rate"":0.01}","{""detection_events"":11853,""detectors_checked"":442368,""obs_mistake_mask=E"":59}"
     96256,         0,         0,    8.44,decoder_by_matrix,beec9fd12293a9cfe53c9b61fb8ce2a525e4eed38fa75d132d6dc64699336876,"{""distance"":3,""physical_error_rate"":0.0001}","{""detection_events"":1290,""detectors_checked"":5197824}"
      5120,        39,         0,   0.756,decoder_by_matrix,dc80d1b5cd4a369885d36fbbadd410646ee6a9cd91075667cd6e1b71d0442655,"{""distance"":3,""physical_error_rate"":0.01}","{""detection_events"":7386,""detectors_checked"":276480,""obs_mistake_mask=E"":39}"
      8192,        55,         0,    1.01,decoder_by_matrix,dc80d1b5cd4a369885d36fbbadd410646ee6a9cd91075667cd6e1b71d0442655,"{""distance"":3,""physical_error_rate"":0.01}","{""detection_events"":11916,""detectors_checked"":442368,""obs_mistake_mask=E"":55}"
     90112,         0,         0,    8.45,decoder_by_matrix,beec9fd12293a9cfe53c9b61fb8ce2a525e4eed38fa75d132d6dc64699336876,"{""distance"":3,""physical_error_rate"":0.0001}","{""detection_events"":1353,""detectors_checked"":4866048}"
     92160,         0,         0,    7.94,decoder_by_matrix,beec9fd12293a9cfe53c9b61fb8ce2a525e4eed38fa75d132d6dc64699336876,"{""distance"":3,""physical_error_rate"":0.0001}","{""detection_events"":1404,""detectors_checked"":4976640}"
     78848,         2,         0,    7.95,decoder_by_matrix,f854eed952f7ffb52e4f578393718ba880ba0930c78fe51d50828fe06a713055,"{""distance"":3,""physical_error_rate"":0.001}","{""detection_events"":11448,""detectors_checked"":4257792,""obs_mistake_mask=E"":2}"
     48128,       274,         0,    7.32,decoder_by_matrix,dc80d1b5cd4a369885d36fbbadd410646ee6a9cd91075667cd6e1b71d0442655,"{""distance"":3,""physical_error_rate"":0.01}","{""detection_events"":66924,""detectors_checked"":2598912,""obs_mistake_mask=E"":274}"
     47104,       276,         0,    7.16,decoder_by_matrix,dc80d1b5cd4a369885d36fbbadd410646ee6a9cd91075667cd6e1b71d0442655,"{""distance"":3,""physical_error_rate"":0.01}","{""detection_events"":64515,""detectors_checked"":2543616,""obs_mistake_mask=E"":276}"
     65536,        97,         0,    8.55,decoder_by_matrix,bf84ffc61868c0acf247eb3d31d6d1ff07feed51ae0b0770ddaf58683dcdd22c,"{""distance"":3,""physical_error_rate"":0.005}","{""detection_events"":47373,""detectors_checked"":3538944,""obs_mistake_mask=E"":97}"
     81920,         1,         0,    8.16,decoder_by_matrix,5c8c81bfec719079c388cedc47a351f264c1bf769ae28a89f9b4fc7719fea501,"{""distance"":3,""physical_error_rate"":0.0005}","{""detection_events"":5451,""detectors_checked"":4423680,""obs_mistake_mask=E"":1}"
         1,         0,         0,   0.000,decoder_by_matrix,36e3cd26fed5ec7649ec51fb08c1a5e7d7f30e615782d954fee045c18a4962ca,"{""distance"":3,""physical_error_rate"":5e-05}","{""detectors_checked"":54}"
         1,         0,         0,   0.000,decoder_by_matrix,f854eed952f7ffb52e4f578393718ba880ba0930c78fe51d50828fe06a713055,"{""distance"":3,""physical_error_rate"":0.001}","{""detectors_checked"":54}"
      6417,         0,         0,   0.043,decoder_by_matrix,e25b8d07214a8afb95d354611a83b9bb1ded39644e323a8585b3aabf687a4fff,"{""distance"":3,""physical_error_rate"":1e-05}","{""detection_events"":12,""detectors_checked"":346518}"
    186368,         0,         0,    8.30,decoder_by_matrix,e25b8d07214a8afb95d354611a83b9bb1ded39644e323a8585b3aabf687a4fff,"{""distance"":3,""physical_error_rate"":1e-05}","{""detection_events"":204,""detectors_checked"":10063872}"
      3344,         0,         0,   0.046,decoder_by_matrix,36e3cd26fed5ec7649ec51fb08c1a5e7d7f30e615782d954fee045c18a4962ca,"{""distance"":3,""physical_error_rate"":5e-05}","{""detection_events"":18,""detectors_checked"":180576}"
    119808,         0,         0,    8.58,decoder_by_matrix,36e3cd26fed5ec7649ec51fb08c1a5e7d7f30e615782d954fee045c18a4962ca,"{""distance"":3,""physical_error_rate"":5e-05}","{""detection_events"":675,""detectors_checked"":6469632}"
    225280,         0,         0,    7.94,decoder_by_matrix,e9839e3017c9ef118c4b8aeafef39e78c11ecbdb89764e9ca676a7dc2fb6d062,"{""distance"":3,""physical_error_rate"":1e-06}","{""detection_events"":12,""detectors_checked"":12165120}"
         1,         0,         0,   0.000,decoder_by_matrix,5c8c81bfec719079c388cedc47a351f264c1bf769ae28a89f9b4fc7719fea501,"{""distance"":3,""physical_error_rate"":0.0005}","{""detectors_checked"":54}"
         1,         0,         0,   0.000,decoder_by_matrix,beec9fd12293a9cfe53c9b61fb8ce2a525e4eed38fa75d132d6dc64699336876,"{""distance"":3,""physical_error_rate"":0.0001}","{""detectors_checked"":54}"
         1,         0,         0,   0.000,decoder_by_matrix,560c721f87db01d4cacf7dcb7d8812fecde61e9e7776d4b9e1b1a792578ecad7,"{""distance"":3,""physical_error_rate"":5e-06}","{""detectors_checked"":54}"
         1,         0,         0,   0.000,decoder_by_matrix,e9839e3017c9ef118c4b8aeafef39e78c11ecbdb89764e9ca676a7dc2fb6d062,"{""distance"":3,""physical_error_rate"":1e-06}","{""detectors_checked"":54}"
      3344,         0,         0,   0.017,decoder_by_matrix,beec9fd12293a9cfe53c9b61fb8ce2a525e4eed38fa75d132d6dc64699336876,"{""distance"":3,""physical_error_rate"":0.0001}","{""detection_events"":39,""detectors_checked"":180576}"
         1,         0,         0,   0.000,decoder_by_matrix,bf84ffc61868c0acf247eb3d31d6d1ff07feed51ae0b0770ddaf58683dcdd22c,"{""distance"":3,""physical_error_rate"":0.005}","{""detectors_checked"":54}"
      2320,         0,         0,   0.028,decoder_by_matrix,5c8c81bfec719079c388cedc47a351f264c1bf769ae28a89f9b4fc7719fea501,"{""distance"":3,""physical_error_rate"":0.0005}","{""detection_events"":111,""detectors_checked"":125280}"
      6416,         0,         0,   0.032,decoder_by_matrix,560c721f87db01d4cacf7dcb7d8812fecde61e9e7776d4b9e1b1a792578ecad7,"{""distance"":3,""physical_error_rate"":5e-06}","{""detectors_checked"":346464}"
      1024,         0,         0,   0.001,decoder_by_matrix,560c721f87db01d4cacf7dcb7d8812fecde61e9e7776d4b9e1b1a792578ecad7,"{""distance"":3,""physical_error_rate"":5e-06}","{""detectors_checked"":55296}"
      4368,         0,         0,   0.028,decoder_by_matrix,e9839e3017c9ef118c4b8aeafef39e78c11ecbdb89764e9ca676a7dc2fb6d062,"{""distance"":3,""physical_error_rate"":1e-06}","{""detection_events"":12,""detectors_checked"":235872}"
      1024,         0,         0,   0.001,decoder_by_matrix,e9839e3017c9ef118c4b8aeafef39e78c11ecbdb89764e9ca676a7dc2fb6d062,"{""distance"":3,""physical_error_rate"":1e-06}","{""detectors_checked"":55296}"
     65536,       114,         0,    8.14,decoder_by_matrix,bf84ffc61868c0acf247eb3d31d6d1ff07feed51ae0b0770ddaf58683dcdd22c,"{""distance"":3,""physical_error_rate"":0.005}","{""detection_events"":46209,""detectors_checked"":3538944,""obs_mistake_mask=E"":114}"
      5120,         0,         0,   0.169,decoder_by_matrix,e25b8d07214a8afb95d354611a83b9bb1ded39644e323a8585b3aabf687a4fff,"{""distance"":3,""physical_error_rate"":1e-05}","{""detectors_checked"":276480}"
      1024,         0,         0,   0.001,decoder_by_matrix,e25b8d07214a8afb95d354611a83b9bb1ded39644e323a8585b3aabf687a4fff,"{""distance"":3,""physical_error_rate"":1e-05}","{""detectors_checked"":55296}"
      1024,         0,         0,   0.001,decoder_by_matrix,e25b8d07214a8afb95d354611a83b9bb1ded39644e323a8585b3aabf687a4fff,"{""distance"":3,""physical_error_rate"":1e-05}","{""detectors_checked"":55296}"
     79872,         6,         0,    8.49,decoder_by_matrix,f854eed952f7ffb52e4f578393718ba880ba0930c78fe51d50828fe06a713055,"{""distance"":3,""physical_error_rate"":0.001}","{""detection_events"":11820,""detectors_checked"":4313088,""obs_mistake_mask=E"":6}"
      2048,         0,         0,   0.049,decoder_by_matrix,beec9fd12293a9cfe53c9b61fb8ce2a525e4eed38fa75d132d6dc64699336876,"{""distance"":3,""physical_error_rate"":0.0001}","{""detection_events"":15,""detectors_checked"":110592}"
      1024,         0,         0,   0.002,decoder_by_matrix,beec9fd12293a9cfe53c9b61fb8ce2a525e4eed38fa75d132d6dc64699336876,"{""distance"":3,""physical_error_rate"":0.0001}","{""detection_events"":12,""detectors_checked"":55296}"
      3344,         0,         0,   0.305,decoder_by_matrix,f854eed952f7ffb52e4f578393718ba880ba0930c78fe51d50828fe06a713055,"{""distance"":3,""physical_error_rate"":0.001}","{""detection_events"":480,""detectors_checked"":180576}"
      1024,         0,         0,   0.002,decoder_by_matrix,f854eed952f7ffb52e4f578393718ba880ba0930c78fe51d50828fe06a713055,"{""distance"":3,""physical_error_rate"":0.001}","{""detection_events"":108,""detectors_checked"":55296}"
      1024,         1,         0,   0.002,decoder_by_matrix,f854eed952f7ffb52e4f578393718ba880ba0930c78fe51d50828fe06a713055,"{""distance"":3,""physical_error_rate"":0.001}","{""detection_events"":198,""detectors_checked"":55296,""obs_mistake_mask=E"":1}"
      2320,         4,         0,   0.048,decoder_by_matrix,bf84ffc61868c0acf247eb3d31d6d1ff07feed51ae0b0770ddaf58683dcdd22c,"{""distance"":3,""physical_error_rate"":0.005}","{""detection_events"":1839,""detectors_checked"":125280,""obs_mistake_mask=E"":4}"
      1024,         0,         0,   0.002,decoder_by_matrix,bf84ffc61868c0acf247eb3d31d6d1ff07feed51ae0b0770ddaf58683dcdd22c,"{""distance"":3,""physical_error_rate"":0.005}","{""detection_events"":735,""detectors_checked"":55296}"
     86016,         0,         0,    7.73,decoder_by_matrix,beec9fd12293a9cfe53c9b61fb8ce2a525e4eed38fa75d132d6dc64699336876,"{""distance"":3,""physical_error_rate"":0.0001}","{""detection_events"":1107,""detectors_checked"":4644864}"
      3072,         0,         0,   0.050,decoder_by_matrix,5c8c81bfec719079c388cedc47a351f264c1bf769ae28a89f9b4fc7719fea501,"{""distance"":3,""physical_error_rate"":0.0005}","{""detection_events"":270,""detectors_checked"":165888}"
      1024,         0,         0,   0.002,decoder_by_matrix,5c8c81bfec719079c388cedc47a351f264c1bf769ae28a89f9b4fc7719fea501,"{""distance"":3,""physical_error_rate"":0.0005}","{""detection_events"":72,""detectors_checked"":55296}"
    200704,         0,         0,    7.99,decoder_by_matrix,560c721f87db01d4cacf7dcb7d8812fecde61e9e7776d4b9e1b1a792578ecad7,"{""distance"":3,""physical_error_rate"":5e-06}","{""detection_events"":126,""detectors_checked"":10838016}"
      4096,         1,         0,   0.280,decoder_by_matrix,36e3cd26fed5ec7649ec51fb08c1a5e7d7f30e615782d954fee045c18a4962ca,"{""distance"":3,""physical_error_rate"":5e-05}","{""detection_events"":54,""detectors_checked"":221184,""obs_mistake_mask=E"":1}"
      1024,         0,         0,   0.002,decoder_by_matrix,36e3cd26fed5ec7649ec51fb08c1a5e7d7f30e615782d954fee045c18a4962ca,"{""distance"":3,""physical_error_rate"":5e-05}","{""detection_events"":9,""detectors_checked"":55296}"
      4096,         0,         0,   0.125,decoder_by_matrix,560c721f87db01d4cacf7dcb7d8812fecde61e9e7776d4b9e1b1a792578ecad7,"{""distance"":3,""physical_error_rate"":5e-06}","{""detection_events"":18,""detectors_checked"":221184}"
      1024,         0,         0,   0.001,decoder_by_matrix,560c721f87db01d4cacf7dcb7d8812fecde61e9e7776d4b9e1b1a792578ecad7,"{""distance"":3,""physical_error_rate"":5e-06}","{""detectors_checked"":55296}"
      6144,         0,         0,   0.114,decoder_by_matrix,e9839e3017c9ef118c4b8aeafef39e78c11ecbdb89764e9ca676a7dc2fb6d062,"{""distance"":3,""physical_error_rate"":1e-06}","{""detectors_checked"":331776}"
      1024,         0,         0,   0.001,decoder_by_matrix,e9839e3017c9ef118c4b8aeafef39e78c11ecbdb89764e9ca676a7dc2fb6d062,"{""distance"":3,""physical_error_rate"":1e-06}","{""detectors_checked"":55296}"
     79872,         5,         0,    8.29,decoder_by_matrix,f854eed952f7ffb52e4f578393718ba880ba0930c78fe51d50828fe06a713055,"{""distance"":3,""physical_error_rate"":0.001}","{""detection_events"":11652,""detectors_checked"":4313088,""obs_mistake_mask=E"":5}"
     81920,         2,         0,    8.39,decoder_by_matrix,5c8c81bfec719079c388cedc47a351f264c1bf769ae28a89f9b4fc7719fea501,"{""distance"":3,""physical_error_rate"":0.0005}","{""detection_events"":5883,""detectors_checked"":4423680,""obs_mistake_mask=E"":2}"
      2048,         0,         0,   0.057,decoder_by_matrix,beec9fd12293a9cfe53c9b61fb8ce2a525e4eed38fa75d132d6dc64699336876,"{""distance"":3,""physical_error_rate"":0.0001}","{""detection_events"":51,""detectors_checked"":110592}"
      1024,         0,         0,   0.002,decoder_by_matrix,beec9fd12293a9cfe53c9b61fb8ce2a525e4eed38fa75d132d6dc64699336876,"{""distance"":3,""physical_error_rate"":0.0001}","{""detection_events"":3,""detectors_checked"":55296}"
      6144,         0,         0,   0.111,decoder_by_matrix,e25b8d07214a8afb95d354611a83b9bb1ded39644e323a8585b3aabf687a4fff,"{""distance"":3,""physical_error_rate"":1e-05}","{""detection_events"":9,""detectors_checked"":331776}"
      1024,         0,         0,   0.001,decoder_by_matrix,e25b8d07214a8afb95d354611a83b9bb1ded39644e323a8585b3aabf687a4fff,"{""distance"":3,""physical_error_rate"":1e-05}","{""detectors_checked"":55296}"
    212992,         0,         0,    7.85,decoder_by_matrix,e9839e3017c9ef118c4b8aeafef39e78c11ecbdb89764e9ca676a7dc2fb6d062,"{""distance"":3,""physical_error_rate"":1e-06}","{""detection_events"":63,""detectors_checked"":11501568}"
    195584,         0,         0,    8.46,decoder_by_matrix,e25b8d07214a8afb95d354611a83b9bb1ded39644e323a8585b3aabf687a4fff,"{""distance"":3,""physical_error_rate"":1e-05}","{""detection_events"":189,""detectors_checked"":10561536}"
     64512,       113,         0,    8.00,decoder_by_matrix,bf84ffc61868c0acf247eb3d31d6d1ff07feed51ae0b0770ddaf58683dcdd22c,"{""distance"":3,""physical_error_rate"":0.005}","{""detection_events"":46425,""detectors_checked"":3483648,""obs_mistake_mask=E"":113}"
      2048,         2,         0,   0.043,decoder_by_matrix,f854eed952f7ffb52e4f578393718ba880ba0930c78fe51d50828fe06a713055,"{""distance"":3,""physical_error_rate"":0.001}","{""detection_events"":249,""detectors_checked"":110592,""obs_mistake_mask=E"":2}"
      1024,         0,         0,   0.002,decoder_by_matrix,f854eed952f7ffb52e4f578393718ba880ba0930c78fe51d50828fe06a713055,"{""distance"":3,""physical_error_rate"":0.001}","{""detection_events"":135,""detectors_checked"":55296}"
      4096,         0,         0,   0.070,decoder_by_matrix,36e3cd26fed5ec7649ec51fb08c1a5e7d7f30e615782d954fee045c18a4962ca,"{""distance"":3,""physical_error_rate"":5e-05}","{""detection_events"":36,""detectors_checked"":221184}"
      4096,         0,         0,   0.123,decoder_by_matrix,5c8c81bfec719079c388cedc47a351f264c1bf769ae28a89f9b4fc7719fea501,"{""distance"":3,""physical_error_rate"":0.0005}","{""detection_events"":234,""detectors_checked"":221184}"
      1024,         0,         0,   0.002,decoder_by_matrix,5c8c81bfec719079c388cedc47a351f264c1bf769ae28a89f9b4fc7719fea501,"{""distance"":3,""physical_error_rate"":0.0005}","{""detection_events"":78,""detectors_checked"":55296}"
      3072,         0,         0,   0.129,decoder_by_matrix,bf84ffc61868c0acf247eb3d31d6d1ff07feed51ae0b0770ddaf58683dcdd22c,"{""distance"":3,""physical_error_rate"":0.005}","{""detection_events"":2046,""detectors_checked"":165888}"
      1024,         2,         0,   0.002,decoder_by_matrix,bf84ffc61868c0acf247eb3d31d6d1ff07feed51ae0b0770ddaf58683dcdd22c,"{""distance"":3,""physical_error_rate"":0.005}","{""detection_events"":747,""detectors_checked"":55296,""obs_mistake_mask=E"":2}"
     65536,       105,         0,    8.43,decoder_by_matrix,bf84ffc61868c0acf247eb3d31d6d1ff07feed51ae0b0770ddaf58683dcdd22c,"{""distance"":3,""physical_error_rate"":0.005}","{""detection_events"":47970,""detectors_checked"":3538944,""obs_mistake_mask=E"":105}"
     12288,         0,         0,   0.098,decoder_by_matrix,e9839e3017c9ef118c4b8aeafef39e78c11ecbdb89764e9ca676a7dc2fb6d062,"{""distance"":3,""physical_error_rate"":1e-06}","{""detectors_checked"":663552}"
      9216,         0,         0,   0.108,decoder_by_matrix,560c721f87db01d4cacf7dcb7d8812fecde61e9e7776d4b9e1b1a792578ecad7,"{""distance"":3,""physical_error_rate"":5e-06}","{""detection_events"":15,""detectors_checked"":497664}"
      5120,         0,         0,   0.091,decoder_by_matrix,e25b8d07214a8afb95d354611a83b9bb1ded39644e323a8585b3aabf687a4fff,"{""distance"":3,""physical_error_rate"":1e-05}","{""detection_events"":12,""detectors_checked"":276480}"
    209920,         0,         0,    7.80,decoder_by_matrix,560c721f87db01d4cacf7dcb7d8812fecde61e9e7776d4b9e1b1a792578ecad7,"{""distance"":3,""physical_error_rate"":5e-06}","{""detection_events"":126,""detectors_checked"":11335680}"
    217088,         0,         0,    8.22,decoder_by_matrix,e9839e3017c9ef118c4b8aeafef39e78c11ecbdb89764e9ca676a7dc2fb6d062,"{""distance"":3,""physical_error_rate"":1e-06}","{""detection_events"":96,""detectors_checked"":11722752}"
     97280,         0,         0,    8.43,decoder_by_matrix,beec9fd12293a9cfe53c9b61fb8ce2a525e4eed38fa75d132d6dc64699336876,"{""distance"":3,""physical_error_rate"":0.0001}","{""detection_events"":1323,""detectors_checked"":5253120}"
     78848,         4,         0,    8.12,decoder_by_matrix,f854eed952f7ffb52e4f578393718ba880ba0930c78fe51d50828fe06a713055,"{""distance"":3,""physical_error_rate"":0.001}","{""detection_events"":11412,""detectors_checked"":4257792,""obs_mistake_mask=E"":4}"
      4096,         0,         0,   0.283,decoder_by_matrix,beec9fd12293a9cfe53c9b61fb8ce2a525e4eed38fa75d132d6dc64699336876,"{""distance"":3,""physical_error_rate"":0.0001}","{""detection_events"":75,""detectors_checked"":221184}"
      3072,         0,         0,   0.239,decoder_by_matrix,36e3cd26fed5ec7649ec51fb08c1a5e7d7f30e615782d954fee045c18a4962ca,"{""distance"":3,""physical_error_rate"":5e-05}","{""detection_events"":18,""detectors_checked"":165888}"
      3072,         0,         0,   0.279,decoder_by_matrix,f854eed952f7ffb52e4f578393718ba880ba0930c78fe51d50828fe06a713055,"{""distance"":3,""physical_error_rate"":0.001}","{""detection_events"":378,""detectors_checked"":165888}"
      5120,         0,         0,   0.245,decoder_by_matrix,560c721f87db01d4cacf7dcb7d8812fecde61e9e7776d4b9e1b1a792578ecad7,"{""distance"":3,""physical_error_rate"":5e-06}","{""detectors_checked"":276480}"
      7168,         0,         0,   0.246,decoder_by_matrix,e25b8d07214a8afb95d354611a83b9bb1ded39644e323a8585b3aabf687a4fff,"{""distance"":3,""physical_error_rate"":1e-05}","{""detectors_checked"":387072}"
      7168,         0,         0,   0.274,decoder_by_matrix,e9839e3017c9ef118c4b8aeafef39e78c11ecbdb89764e9ca676a7dc2fb6d062,"{""distance"":3,""physical_error_rate"":1e-06}","{""detectors_checked"":387072}"
      3072,         0,         0,   0.376,decoder_by_matrix,5c8c81bfec719079c388cedc47a351f264c1bf769ae28a89f9b4fc7719fea501,"{""distance"":3,""physical_error_rate"":0.0005}","{""detection_events"":192,""detectors_checked"":165888}"
      2048,         2,         0,   0.373,decoder_by_matrix,bf84ffc61868c0acf247eb3d31d6d1ff07feed51ae0b0770ddaf58683dcdd22c,"{""distance"":3,""physical_error_rate"":0.005}","{""detection_events"":1290,""detectors_checked"":110592,""obs_mistake_mask=E"":2}"
    107520,         0,         0,    7.55,decoder_by_matrix,36e3cd26fed5ec7649ec51fb08c1a5e7d7f30e615782d954fee045c18a4962ca,"{""distance"":3,""physical_error_rate"":5e-05}","{""detection_events"":744,""detectors_checked"":5806080}"
      2048,         0,         0,   0.260,decoder_by_matrix,beec9fd12293a9cfe53c9b61fb8ce2a525e4eed38fa75d132d6dc64699336876,"{""distance"":3,""physical_error_rate"":0.0001}","{""detection_events"":30,""detectors_checked"":110592}"
      5120,         0,         0,   0.263,decoder_by_matrix,36e3cd26fed5ec7649ec51fb08c1a5e7d7f30e615782d954fee045c18a4962ca,"{""distance"":3,""physical_error_rate"":5e-05}","{""detection_events"":27,""detectors_checked"":276480}"
      6144,         0,         0,   0.253,decoder_by_matrix,560c721f87db01d4cacf7dcb7d8812fecde61e9e7776d4b9e1b1a792578ecad7,"{""distance"":3,""physical_error_rate"":5e-06}","{""detectors_checked"":331776}"
      6144,         0,         0,   0.003,decoder_by_matrix,e25b8d07214a8afb95d354611a83b9bb1ded39644e323a8585b3aabf687a4fff,"{""distance"":3,""physical_error_rate"":1e-05}","{""detectors_checked"":331776}"
      2048,         0,         0,   0.285,decoder_by_matrix,f854eed952f7ffb52e4f578393718ba880ba0930c78fe51d50828fe06a713055,"{""distance"":3,""physical_error_rate"":0.001}","{""detection_events"":222,""detectors_checked"":110592}"
      7168,         0,         0,   0.258,decoder_by_matrix,e9839e3017c9ef118c4b8aeafef39e78c11ecbdb89764e9ca676a7dc2fb6d062,"{""distance"":3,""physical_error_rate"":1e-06}","{""detectors_checked"":387072}"
      2048,         0,         0,   0.261,decoder_by_matrix,5c8c81bfec719079c388cedc47a351f264c1bf769ae28a89f9b4fc7719fea501,"{""distance"":3,""physical_error_rate"":0.0005}","{""detection_events"":162,""detectors_checked"":110592}"
      2048,         4,         0,   0.262,decoder_by_matrix,bf84ffc61868c0acf247eb3d31d6d1ff07feed51ae0b0770ddaf58683dcdd22c,"{""distance"":3,""physical_error_rate"":0.005}","{""detection_events"":1479,""detectors_checked"":110592,""obs_mistake_mask=E"":4}"
      4096,         0,         0,   0.261,decoder_by_matrix,beec9fd12293a9cfe53c9b61fb8ce2a525e4eed38fa75d132d6dc64699336876,"{""distance"":3,""physical_error_rate"":0.0001}","{""detection_events"":57,""detectors_checked"":221184}"
      4096,         0,         0,   0.291,decoder_by_matrix,36e3cd26fed5ec7649ec51fb08c1a5e7d7f30e615782d954fee045c18a4962ca,"{""distance"":3,""physical_error_rate"":5e-05}","{""detection_events"":21,""detectors_checked"":221184}"
      7168,         0,         0,   0.260,decoder_by_matrix,560c721f87db01d4cacf7dcb7d8812fecde61e9e7776d4b9e1b1a792578ecad7,"{""distance"":3,""physical_error_rate"":5e-06}","{""detection_events"":12,""detectors_checked"":387072}"
      6144,         0,         0,   0.259,decoder_by_matrix,e25b8d07214a8afb95d354611a83b9bb1ded39644e323a8585b3aabf687a4fff,"{""distance"":3,""physical_error_rate"":1e-05}","{""detection_events"":12,""detectors_checked"":331776}"
      3072,         0,         0,   0.260,decoder_by_matrix,f854eed952f7ffb52e4f578393718ba880ba0930c78fe51d50828fe06a713055,"{""distance"":3,""physical_error_rate"":0.001}","{""detection_events"":411,""detectors_checked"":165888}"
      7168,         0,         0,   0.259,decoder_by_matrix,e9839e3017c9ef118c4b8aeafef39e78c11ecbdb89764e9ca676a7dc2fb6d062,"{""distance"":3,""physical_error_rate"":1e-06}","{""detectors_checked"":387072}"
      3072,         0,         0,   0.260,decoder_by_matrix,5c8c81bfec719079c388cedc47a351f264c1bf769ae28a89f9b4fc7719fea501,"{""distance"":3,""physical_error_rate"":0.0005}","{""detection_events"":216,""detectors_checked"":165888}"
      2048,         1,         0,   0.259,decoder_by_matrix,bf84ffc61868c0acf247eb3d31d6d1ff07feed51ae0b0770ddaf58683dcdd22c,"{""distance"":3,""physical_error_rate"":0.005}","{""detection_events"":1563,""detectors_checked"":110592,""obs_mistake_mask=E"":1}"
      2048,         0,         0,   0.251,decoder_by_matrix,36e3cd26fed5ec7649ec51fb08c1a5e7d7f30e615782d954fee045c18a4962ca,"{""distance"":3,""physical_error_rate"":5e-05}","{""detection_events"":24,""detectors_checked"":110592}"
      3072,         0,         0,   0.297,decoder_by_matrix,beec9fd12293a9cfe53c9b61fb8ce2a525e4eed38fa75d132d6dc64699336876,"{""distance"":3,""physical_error_rate"":0.0001}","{""detection_events"":21,""detectors_checked"":165888}"
      5120,         0,         0,   0.255,decoder_by_matrix,560c721f87db01d4cacf7dcb7d8812fecde61e9e7776d4b9e1b1a792578ecad7,"{""distance"":3,""physical_error_rate"":5e-06}","{""detectors_checked"":276480}"
      2048,         1,         0,   0.255,decoder_by_matrix,f854eed952f7ffb52e4f578393718ba880ba0930c78fe51d50828fe06a713055,"{""distance"":3,""physical_error_rate"":0.001}","{""detection_events"":243,""detectors_checked"":110592,""obs_mistake_mask=E"":1}"
      6144,         0,         0,   0.255,decoder_by_matrix,e9839e3017c9ef118c4b8aeafef39e78c11ecbdb89764e9ca676a7dc2fb6d062,"{""distance"":3,""physical_error_rate"":1e-06}","{""detectors_checked"":331776}"
      2048,         0,         0,   0.255,decoder_by_matrix,5c8c81bfec719079c388cedc47a351f264c1bf769ae28a89f9b4fc7719fea501,"{""distance"":3,""physical_error_rate"":0.0005}","{""detection_events"":54,""detectors_checked"":110592}"
      2048,         7,         0,   0.256,decoder_by_matrix,bf84ffc61868c0acf247eb3d31d6d1ff07feed51ae0b0770ddaf58683dcdd22c,"{""distance"":3,""physical_error_rate"":0.005}","{""detection_events"":1827,""detectors_checked"":110592,""obs_mistake_mask=E"":7}"
      3072,         0,         0,   0.237,decoder_by_matrix,36e3cd26fed5ec7649ec51fb08c1a5e7d7f30e615782d954fee045c18a4962ca,"{""distance"":3,""physical_error_rate"":5e-05}","{""detection_events"":24,""detectors_checked"":165888}"
      7168,         0,         0,   0.513,decoder_by_matrix,e25b8d07214a8afb95d354611a83b9bb1ded39644e323a8585b3aabf687a4fff,"{""distance"":3,""physical_error_rate"":1e-05}","{""detection_events"":30,""detectors_checked"":387072}"
      2048,         4,         0,   0.258,decoder_by_matrix,bf84ffc61868c0acf247eb3d31d6d1ff07feed51ae0b0770ddaf58683dcdd22c,"{""distance"":3,""physical_error_rate"":0.005}","{""detection_events"":1494,""detectors_checked"":110592,""obs_mistake_mask=E"":4}"
      6144,         0,         0,   0.513,decoder_by_matrix,beec9fd12293a9cfe53c9b61fb8ce2a525e4eed38fa75d132d6dc64699336876,"{""distance"":3,""physical_error_rate"":0.0001}","{""detection_events"":93,""detectors_checked"":331776}"
     13312,         0,         0,   0.514,decoder_by_matrix,560c721f87db01d4cacf7dcb7d8812fecde61e9e7776d4b9e1b1a792578ecad7,"{""distance"":3,""physical_error_rate"":5e-06}","{""detectors_checked"":718848}"
      5120,         0,         0,   0.515,decoder_by_matrix,f854eed952f7ffb52e4f578393718ba880ba0930c78fe51d50828fe06a713055,"{""distance"":3,""physical_error_rate"":0.001}","{""detection_events"":723,""detectors_checked"":276480}"
     13312,         0,         0,   0.514,decoder_by_matrix,e9839e3017c9ef118c4b8aeafef39e78c11ecbdb89764e9ca676a7dc2fb6d062,"{""distance"":3,""physical_error_rate"":1e-06}","{""detectors_checked"":718848}"
      5120,         0,         0,   0.511,decoder_by_matrix,5c8c81bfec719079c388cedc47a351f264c1bf769ae28a89f9b4fc7719fea501,"{""distance"":3,""physical_error_rate"":0.0005}","{""detection_events"":402,""detectors_checked"":276480}"
      7168,         0,         0,   0.543,decoder_by_matrix,36e3cd26fed5ec7649ec51fb08c1a5e7d7f30e615782d954fee045c18a4962ca,"{""distance"":3,""physical_error_rate"":5e-05}","{""detection_events"":54,""detectors_checked"":387072}"
     10240,         0,         0,   0.511,decoder_by_matrix,e25b8d07214a8afb95d354611a83b9bb1ded39644e323a8585b3aabf687a4fff,"{""distance"":3,""physical_error_rate"":1e-05}","{""detection_events"":12,""detectors_checked"":552960}"
      3072,         3,         0,   0.513,decoder_by_matrix,bf84ffc61868c0acf247eb3d31d6d1ff07feed51ae0b0770ddaf58683dcdd22c,"{""distance"":3,""physical_error_rate"":0.005}","{""detection_events"":2271,""detectors_checked"":165888,""obs_mistake_mask=E"":3}"
     10240,         0,         0,   0.506,decoder_by_matrix,560c721f87db01d4cacf7dcb7d8812fecde61e9e7776d4b9e1b1a792578ecad7,"{""distance"":3,""physical_error_rate"":5e-06}","{""detection_events"":18,""detectors_checked"":552960}"
      4096,         0,         0,   0.509,decoder_by_matrix,f854eed952f7ffb52e4f578393718ba880ba0930c78fe51d50828fe06a713055,"{""distance"":3,""physical_error_rate"":0.001}","{""detection_events"":567,""detectors_checked"":221184}"
     14336,         0,         0,   0.510,decoder_by_matrix,e9839e3017c9ef118c4b8aeafef39e78c11ecbdb89764e9ca676a7dc2fb6d062,"{""distance"":3,""physical_error_rate"":1e-06}","{""detectors_checked"":774144}"
      5120,         0,         0,   0.554,decoder_by_matrix,beec9fd12293a9cfe53c9b61fb8ce2a525e4eed38fa75d132d6dc64699336876,"{""distance"":3,""physical_error_rate"":0.0001}","{""detection_events"":84,""detectors_checked"":276480}"
      5120,         0,         0,   0.518,decoder_by_matrix,5c8c81bfec719079c388cedc47a351f264c1bf769ae28a89f9b4fc7719fea501,"{""distance"":3,""physical_error_rate"":0.0005}","{""detection_events"":405,""detectors_checked"":276480}"
      8192,         0,         0,   0.605,decoder_by_matrix,36e3cd26fed5ec7649ec51fb08c1a5e7d7f30e615782d954fee045c18a4962ca,"{""distance"":3,""physical_error_rate"":5e-05}","{""detection_events"":51,""detectors_checked"":442368}"
      4096,         5,         0,   0.519,decoder_by_matrix,bf84ffc61868c0acf247eb3d31d6d1ff07feed51ae0b0770ddaf58683dcdd22c,"{""distance"":3,""physical_error_rate"":0.005}","{""detection_events"":2985,""detectors_checked"":221184,""obs_mistake_mask=E"":5}"
     14336,         0,         0,   0.772,decoder_by_matrix,e25b8d07214a8afb95d354611a83b9bb1ded39644e323a8585b3aabf687a4fff,"{""distance"":3,""physical_error_rate"":1e-05}","{""detection_events"":45,""detectors_checked"":774144}"
     20480,         0,         0,   0.764,decoder_by_matrix,560c721f87db01d4cacf7dcb7d8812fecde61e9e7776d4b9e1b1a792578ecad7,"{""distance"":3,""physical_error_rate"":5e-06}","{""detectors_checked"":1105920}"
      7168,         1,         0,   0.769,decoder_by_matrix,f854eed952f7ffb52e4f578393718ba880ba0930c78fe51d50828fe06a713055,"{""distance"":3,""physical_error_rate"":0.001}","{""detection_events"":1047,""detectors_checked"":387072,""obs_mistake_mask=E"":1}"
     20480,         0,         0,   0.769,decoder_by_matrix,e9839e3017c9ef118c4b8aeafef39e78c11ecbdb89764e9ca676a7dc2fb6d062,"{""distance"":3,""physical_error_rate"":1e-06}","{""detectors_checked"":1105920}"
      8192,         0,         0,   0.774,decoder_by_matrix,beec9fd12293a9cfe53c9b61fb8ce2a525e4eed38fa75d132d6dc64699336876,"{""distance"":3,""physical_error_rate"":0.0001}","{""detection_events"":120,""detectors_checked"":442368}"
      7168,         0,         0,   0.769,decoder_by_matrix,5c8c81bfec719079c388cedc47a351f264c1bf769ae28a89f9b4fc7719fea501,"{""distance"":3,""physical_error_rate"":0.0005}","{""detection_events"":486,""detectors_checked"":387072}"
      7168,         0,         0,   0.627,decoder_by_matrix,36e3cd26fed5ec7649ec51fb08c1a5e7d7f30e615782d954fee045c18a4962ca,"{""distance"":3,""physical_error_rate"":5e-05}","{""detection_events"":66,""detectors_checked"":387072}"
      6144,        10,         0,   0.806,decoder_by_matrix,bf84ffc61868c0acf247eb3d31d6d1ff07feed51ae0b0770ddaf58683dcdd22c,"{""distance"":3,""physical_error_rate"":0.005}","{""detection_events"":4323,""detectors_checked"":331776,""obs_mistake_mask=E"":10}"
     16384,         0,         0,   0.868,decoder_by_matrix,e25b8d07214a8afb95d354611a83b9bb1ded39644e323a8585b3aabf687a4fff,"{""distance"":3,""physical_error_rate"":1e-05}","{""detection_events"":21,""detectors_checked"":884736}"
     21504,         0,         0,   0.798,decoder_by_matrix,560c721f87db01d4cacf7dcb7d8812fecde61e9e7776d4b9e1b1a792578ecad7,"{""distance"":3,""physical_error_rate"":5e-06}","{""detectors_checked"":1161216}"
     10240,         3,         0,    1.03,decoder_by_matrix,f854eed952f7ffb52e4f578393718ba880ba0930c78fe51d50828fe06a713055,"{""distance"":3,""physical_error_rate"":0.001}","{""detection_events"":1338,""detectors_checked"":552960,""obs_mistake_mask=E"":3}"
     26624,         0,         0,   0.765,decoder_by_matrix,e9839e3017c9ef118c4b8aeafef39e78c11ecbdb89764e9ca676a7dc2fb6d062,"{""distance"":3,""physical_error_rate"":1e-06}","{""detectors_checked"":1437696}"
     10240,         0,         0,    1.03,decoder_by_matrix,beec9fd12293a9cfe53c9b61fb8ce2a525e4eed38fa75d132d6dc64699336876,"{""distance"":3,""physical_error_rate"":0.0001}","{""detection_events"":102,""detectors_checked"":552960}"
     10240,         0,         0,    1.03,decoder_by_matrix,5c8c81bfec719079c388cedc47a351f264c1bf769ae28a89f9b4fc7719fea501,"{""distance"":3,""physical_error_rate"":0.0005}","{""detection_events"":732,""detectors_checked"":552960}"
      6144,        11,         0,   0.812,decoder_by_matrix,bf84ffc61868c0acf247eb3d31d6d1ff07feed51ae0b0770ddaf58683dcdd22c,"{""distance"":3,""physical_error_rate"":0.005}","{""detection_events"":4239,""detectors_checked"":331776,""obs_mistake_mask=E"":11}"
     13312,         0,         0,    1.02,decoder_by_matrix,36e3cd26fed5ec7649ec51fb08c1a5e7d7f30e615782d954fee045c18a4962ca,"{""distance"":3,""physical_error_rate"":5e-05}","{""detection_events"":75,""detectors_checked"":718848}"
     24576,         0,         0,    1.21,decoder_by_matrix,e25b8d07214a8afb95d354611a83b9bb1ded39644e323a8585b3aabf687a4fff,"{""distance"":3,""physical_error_rate"":1e-05}","{""detection_events"":42,""detectors_checked"":1327104}"
     32768,         0,         0,    1.29,decoder_by_matrix,560c721f87db01d4cacf7dcb7d8812fecde61e9e7776d4b9e1b1a792578ecad7,"{""distance"":3,""physical_error_rate"":5e-06}","{""detection_events"":3,""detectors_checked"":1769472}"
     10240,         2,         0,    1.12,decoder_by_matrix,f854eed952f7ffb52e4f578393718ba880ba0930c78fe51d50828fe06a713055,"{""distance"":3,""physical_error_rate"":0.001}","{""detection_events"":1650,""detectors_checked"":552960,""obs_mistake_mask=E"":2}"
     32768,         0,         0,    1.28,decoder_by_matrix,e9839e3017c9ef118c4b8aeafef39e78c11ecbdb89764e9ca676a7dc2fb6d062,"{""distance"":3,""physical_error_rate"":1e-06}","{""detection_events"":9,""detectors_checked"":1769472}"
     15360,         0,         0,    1.29,decoder_by_matrix,beec9fd12293a9cfe53c9b61fb8ce2a525e4eed38fa75d132d6dc64699336876,"{""distance"":3,""physical_error_rate"":0.0001}","{""detection_events"":189,""detectors_checked"":829440}"
     12288,         1,         0,    1.28,decoder_by_matrix,5c8c81bfec719079c388cedc47a351f264c1bf769ae28a89f9b4fc7719fea501,"{""distance"":3,""physical_error_rate"":0.0005}","{""detection_events"":846,""detectors_checked"":663552,""obs_mistake_mask=E"":1}"
     10240,        16,         0,    1.28,decoder_by_matrix,bf84ffc61868c0acf247eb3d31d6d1ff07feed51ae0b0770ddaf58683dcdd22c,"{""distance"":3,""physical_error_rate"":0.005}","{""detection_events"":7071,""detectors_checked"":552960,""obs_mistake_mask=E"":16}"
     17408,         0,         0,    1.03,decoder_by_matrix,36e3cd26fed5ec7649ec51fb08c1a5e7d7f30e615782d954fee045c18a4962ca,"{""distance"":3,""physical_error_rate"":5e-05}","{""detection_events"":153,""detectors_checked"":940032}"
     39936,         0,         0,    1.77,decoder_by_matrix,e25b8d07214a8afb95d354611a83b9bb1ded39644e323a8585b3aabf687a4fff,"{""distance"":3,""physical_error_rate"":1e-05}","{""detection_events"":42,""detectors_checked"":2156544}"
     40960,         0,         0,    1.36,decoder_by_matrix,560c721f87db01d4cacf7dcb7d8812fecde61e9e7776d4b9e1b1a792578ecad7,"{""distance"":3,""physical_error_rate"":5e-06}","{""detection_events"":15,""detectors_checked"":2211840}"
     15360,         6,         0,    1.63,decoder_by_matrix,f854eed952f7ffb52e4f578393718ba880ba0930c78fe51d50828fe06a713055,"{""distance"":3,""physical_error_rate"":0.001}","{""detection_events"":2313,""detectors_checked"":829440,""obs_mistake_mask=E"":6}"
     40960,         0,         0,    1.60,decoder_by_matrix,e9839e3017c9ef118c4b8aeafef39e78c11ecbdb89764e9ca676a7dc2fb6d062,"{""distance"":3,""physical_error_rate"":1e-06}","{""detection_events"":12,""detectors_checked"":2211840}"
     19456,         0,         0,    1.78,decoder_by_matrix,beec9fd12293a9cfe53c9b61fb8ce2a525e4eed38fa75d132d6dc64699336876,"{""distance"":3,""physical_error_rate"":0.0001}","{""detection_events"":303,""detectors_checked"":1050624}"
     17408,         0,         0,    1.79,decoder_by_matrix,5c8c81bfec719079c388cedc47a351f264c1bf769ae28a89f9b4fc7719fea501,"{""distance"":3,""physical_error_rate"":0.0005}","{""detection_events"":1074,""detectors_checked"":940032}"
     14336,        31,         0,    1.80,decoder_by_matrix,bf84ffc61868c0acf247eb3d31d6d1ff07feed51ae0b0770ddaf58683dcdd22c,"{""distance"":3,""physical_error_rate"":0.005}","{""detection_events"":10095,""detectors_checked"":774144,""obs_mistake_mask=E"":31}"
     22528,         0,         0,    1.80,decoder_by_matrix,36e3cd26fed5ec7649ec51fb08c1a5e7d7f30e615782d954fee045c18a4962ca,"{""distance"":3,""physical_error_rate"":5e-05}","{""detection_events"":183,""detectors_checked"":1216512}"
    113664,         0,         0,    11.5,decoder_by_matrix,5c8c81bfec719079c388cedc47a351f264c1bf769ae28a89f9b4fc7719fea501,"{""distance"":3,""physical_error_rate"":0.0005}","{""detection_events"":7887,""detectors_checked"":6137856}"
    157696,         0,         0,    11.0,decoder_by_matrix,36e3cd26fed5ec7649ec51fb08c1a5e7d7f30e615782d954fee045c18a4962ca,"{""distance"":3,""physical_error_rate"":5e-05}","{""detection_events"":921,""detectors_checked"":8515584}"
    148480,         0,         0,    11.2,decoder_by_matrix,36e3cd26fed5ec7649ec51fb08c1a5e7d7f30e615782d954fee045c18a4962ca,"{""distance"":3,""physical_error_rate"":5e-05}","{""detection_events"":1341,""detectors_checked"":8017920}"
     47104,         0,         0,    1.95,decoder_by_matrix,e25b8d07214a8afb95d354611a83b9bb1ded39644e323a8585b3aabf687a4fff,"{""distance"":3,""physical_error_rate"":1e-05}","{""detection_events"":57,""detectors_checked"":2543616}"
    242688,         0,         0,    11.9,decoder_by_matrix,e25b8d07214a8afb95d354611a83b9bb1ded39644e323a8585b3aabf687a4fff,"{""distance"":3,""physical_error_rate"":1e-05}","{""detection_events"":351,""detectors_checked"":13105152}"
    275456,         0,         0,    11.4,decoder_by_matrix,560c721f87db01d4cacf7dcb7d8812fecde61e9e7776d4b9e1b1a792578ecad7,"{""distance"":3,""physical_error_rate"":5e-06}","{""detection_events"":216,""detectors_checked"":14874624}"
    110592,        10,         0,    11.4,decoder_by_matrix,f854eed952f7ffb52e4f578393718ba880ba0930c78fe51d50828fe06a713055,"{""distance"":3,""physical_error_rate"":0.001}","{""detection_events"":16311,""detectors_checked"":5971968,""obs_mistake_mask=E"":10}"
    277504,         0,         0,    10.9,decoder_by_matrix,560c721f87db01d4cacf7dcb7d8812fecde61e9e7776d4b9e1b1a792578ecad7,"{""distance"":3,""physical_error_rate"":5e-06}","{""detection_events"":147,""detectors_checked"":14985216}"
    306176,         0,         0,    10.9,decoder_by_matrix,e9839e3017c9ef118c4b8aeafef39e78c11ecbdb89764e9ca676a7dc2fb6d062,"{""distance"":3,""physical_error_rate"":1e-06}","{""detection_events"":60,""detectors_checked"":16533504}"
     59392,         0,         0,    2.05,decoder_by_matrix,560c721f87db01d4cacf7dcb7d8812fecde61e9e7776d4b9e1b1a792578ecad7,"{""distance"":3,""physical_error_rate"":5e-06}","{""detection_events"":9,""detectors_checked"":3207168}"
     21504,         3,         0,    2.31,decoder_by_matrix,f854eed952f7ffb52e4f578393718ba880ba0930c78fe51d50828fe06a713055,"{""distance"":3,""physical_error_rate"":0.001}","{""detection_events"":2817,""detectors_checked"":1161216,""obs_mistake_mask=E"":3}"
    274432,         0,         0,    11.7,decoder_by_matrix,560c721f87db01d4cacf7dcb7d8812fecde61e9e7776d4b9e1b1a792578ecad7,"{""distance"":3,""physical_error_rate"":5e-06}","{""detection_events"":198,""detectors_checked"":14819328}"
     63488,         0,         0,    2.35,decoder_by_matrix,e9839e3017c9ef118c4b8aeafef39e78c11ecbdb89764e9ca676a7dc2fb6d062,"{""distance"":3,""physical_error_rate"":1e-06}","{""detectors_checked"":3428352}"
    269312,         0,         0,    11.1,decoder_by_matrix,560c721f87db01d4cacf7dcb7d8812fecde61e9e7776d4b9e1b1a792578ecad7,"{""distance"":3,""physical_error_rate"":5e-06}","{""detection_events"":207,""detectors_checked"":14542848}"
     22528,         2,         0,    2.30,decoder_by_matrix,5c8c81bfec719079c388cedc47a351f264c1bf769ae28a89f9b4fc7719fea501,"{""distance"":3,""physical_error_rate"":0.0005}","{""detection_events"":1590,""detectors_checked"":1216512,""obs_mistake_mask=E"":2}"
     27648,         0,         0,    2.37,decoder_by_matrix,beec9fd12293a9cfe53c9b61fb8ce2a525e4eed38fa75d132d6dc64699336876,"{""distance"":3,""physical_error_rate"":0.0001}","{""detection_events"":324,""detectors_checked"":1492992}"
     89088,       155,         0,    11.8,decoder_by_matrix,bf84ffc61868c0acf247eb3d31d6d1ff07feed51ae0b0770ddaf58683dcdd22c,"{""distance"":3,""physical_error_rate"":0.005}","{""detection_events"":64851,""detectors_checked"":4810752,""obs_mistake_mask=E"":155}"
     17408,        25,         0,    2.30,decoder_by_matrix,bf84ffc61868c0acf247eb3d31d6d1ff07feed51ae0b0770ddaf58683dcdd22c,"{""distance"":3,""physical_error_rate"":0.005}","{""detection_events"":12267,""detectors_checked"":940032,""obs_mistake_mask=E"":25}"
     27648,         0,         0,    2.31,decoder_by_matrix,36e3cd26fed5ec7649ec51fb08c1a5e7d7f30e615782d954fee045c18a4962ca,"{""distance"":3,""physical_error_rate"":5e-05}","{""detection_events"":183,""detectors_checked"":1492992}"
    235520,         0,         0,    11.0,decoder_by_matrix,e25b8d07214a8afb95d354611a83b9bb1ded39644e323a8585b3aabf687a4fff,"{""distance"":3,""physical_error_rate"":1e-05}","{""detection_events"":384,""detectors_checked"":12718080}"
    113664,         0,         0,    11.5,decoder_by_matrix,5c8c81bfec719079c388cedc47a351f264c1bf769ae28a89f9b4fc7719fea501,"{""distance"":3,""physical_error_rate"":0.0005}","{""detection_events"":8130,""detectors_checked"":6137856}"
    111616,         9,         0,    11.4,decoder_by_matrix,f854eed952f7ffb52e4f578393718ba880ba0930c78fe51d50828fe06a713055,"{""distance"":3,""physical_error_rate"":0.001}","{""detection_events"":16068,""detectors_checked"":6027264,""obs_mistake_mask=E"":9}"
    115712,         0,         0,    11.5,decoder_by_matrix,5c8c81bfec719079c388cedc47a351f264c1bf769ae28a89f9b4fc7719fea501,"{""distance"":3,""physical_error_rate"":0.0005}","{""detection_events"":7773,""detectors_checked"":6248448}"
    310272,         0,         0,    11.4,decoder_by_matrix,e9839e3017c9ef118c4b8aeafef39e78c11ecbdb89764e9ca676a7dc2fb6d062,"{""distance"":3,""physical_error_rate"":1e-06}","{""detection_events"":45,""detectors_checked"":16754688}"
    112640,         1,         0,    11.5,decoder_by_matrix,5c8c81bfec719079c388cedc47a351f264c1bf769ae28a89f9b4fc7719fea501,"{""distance"":3,""physical_error_rate"":0.0005}","{""detection_events"":8406,""detectors_checked"":6082560,""obs_mistake_mask=E"":1}"
    317440,         0,         0,    11.7,decoder_by_matrix,e9839e3017c9ef118c4b8aeafef39e78c11ecbdb89764e9ca676a7dc2fb6d062,"{""distance"":3,""physical_error_rate"":1e-06}","{""detection_events"":33,""detectors_checked"":17141760}"
    154624,         0,         0,    11.8,decoder_by_matrix,36e3cd26fed5ec7649ec51fb08c1a5e7d7f30e615782d954fee045c18a4962ca,"{""distance"":3,""physical_error_rate"":5e-05}","{""detection_events"":1083,""detectors_checked"":8349696}"
    148480,         0,         0,    11.7,decoder_by_matrix,36e3cd26fed5ec7649ec51fb08c1a5e7d7f30e615782d954fee045c18a4962ca,"{""distance"":3,""physical_error_rate"":5e-05}","{""detection_events"":1170,""detectors_checked"":8017920}"
     91136,       155,         0,    11.4,decoder_by_matrix,bf84ffc61868c0acf247eb3d31d6d1ff07feed51ae0b0770ddaf58683dcdd22c,"{""distance"":3,""physical_error_rate"":0.005}","{""detection_events"":64152,""detectors_checked"":4921344,""obs_mistake_mask=E"":155}"
     89088,       151,         0,    11.7,decoder_by_matrix,bf84ffc61868c0acf247eb3d31d6d1ff07feed51ae0b0770ddaf58683dcdd22c,"{""distance"":3,""physical_error_rate"":0.005}","{""detection_events"":62481,""detectors_checked"":4810752,""obs_mistake_mask=E"":151}"
    110592,         5,         0,    11.4,decoder_by_matrix,f854eed952f7ffb52e4f578393718ba880ba0930c78fe51d50828fe06a713055,"{""distance"":3,""physical_error_rate"":0.001}","{""detection_events"":15951,""detectors_checked"":5971968,""obs_mistake_mask=E"":5}"
    228352,         0,         0,    10.7,decoder_by_matrix,e25b8d07214a8afb95d354611a83b9bb1ded39644e323a8585b3aabf687a4fff,"{""distance"":3,""physical_error_rate"":1e-05}","{""detection_events"":435,""detectors_checked"":12331008}"
    265216,         0,         0,    11.0,decoder_by_matrix,560c721f87db01d4cacf7dcb7d8812fecde61e9e7776d4b9e1b1a792578ecad7,"{""distance"":3,""physical_error_rate"":5e-06}","{""detection_events"":189,""detectors_checked"":14321664}"
    155648,         0,         0,    11.8,decoder_by_matrix,36e3cd26fed5ec7649ec51fb08c1a5e7d7f30e615782d954fee045c18a4962ca,"{""distance"":3,""physical_error_rate"":5e-05}","{""detection_events"":1107,""detectors_checked"":8404992}"
    249856,         0,         0,    11.4,decoder_by_matrix,e25b8d07214a8afb95d354611a83b9bb1ded39644e323a8585b3aabf687a4fff,"{""distance"":3,""physical_error_rate"":1e-05}","{""detection_events"":282,""detectors_checked"":13492224}"
    245760,         1,         0,    11.0,decoder_by_matrix,e25b8d07214a8afb95d354611a83b9bb1ded39644e323a8585b3aabf687a4fff,"{""distance"":3,""physical_error_rate"":1e-05}","{""detection_events"":342,""detectors_checked"":13271040,""obs_mistake_mask=E"":1}"
    129024,         0,         0,    11.8,decoder_by_matrix,beec9fd12293a9cfe53c9b61fb8ce2a525e4eed38fa75d132d6dc64699336876,"{""distance"":3,""physical_error_rate"":0.0001}","{""detection_events"":1884,""detectors_checked"":6967296}"
    303104,         0,         0,    11.0,decoder_by_matrix,e9839e3017c9ef118c4b8aeafef39e78c11ecbdb89764e9ca676a7dc2fb6d062,"{""distance"":3,""physical_error_rate"":1e-06}","{""detection_events"":54,""detectors_checked"":16367616}"
    121856,         0,         0,    11.4,decoder_by_matrix,beec9fd12293a9cfe53c9b61fb8ce2a525e4eed38fa75d132d6dc64699336876,"{""distance"":3,""physical_error_rate"":0.0001}","{""detection_events"":1947,""detectors_checked"":6580224}"
    126976,         0,         0,    11.2,decoder_by_matrix,beec9fd12293a9cfe53c9b61fb8ce2a525e4eed38fa75d132d6dc64699336876,"{""distance"":3,""physical_error_rate"":0.0001}","{""detection_events"":1971,""detectors_checked"":6856704}"
    125952,         0,         0,    11.8,decoder_by_matrix,beec9fd12293a9cfe53c9b61fb8ce2a525e4eed38fa75d132d6dc64699336876,"{""distance"":3,""physical_error_rate"":0.0001}","{""detection_events"":1911,""detectors_checked"":6801408}"
    112640,         3,         0,    11.6,decoder_by_matrix,5c8c81bfec719079c388cedc47a351f264c1bf769ae28a89f9b4fc7719fea501,"{""distance"":3,""physical_error_rate"":0.0005}","{""detection_events"":8085,""detectors_checked"":6082560,""obs_mistake_mask=E"":3}"
    114688,         0,         0,    11.7,decoder_by_matrix,5c8c81bfec719079c388cedc47a351f264c1bf769ae28a89f9b4fc7719fea501,"{""distance"":3,""physical_error_rate"":0.0005}","{""detection_events"":8205,""detectors_checked"":6193152}"
    128000,         1,         0,    11.1,decoder_by_matrix,beec9fd12293a9cfe53c9b61fb8ce2a525e4eed38fa75d132d6dc64699336876,"{""distance"":3,""physical_error_rate"":0.0001}","{""detection_events"":2061,""detectors_checked"":6912000,""obs_mistake_mask=E"":1}"
    110592,         7,         0,    11.3,decoder_by_matrix,f854eed952f7ffb52e4f578393718ba880ba0930c78fe51d50828fe06a713055,"{""distance"":3,""physical_error_rate"":0.001}","{""detection_events"":15660,""detectors_checked"":5971968,""obs_mistake_mask=E"":7}"
     90112,       136,         0,    11.1,decoder_by_matrix,bf84ffc61868c0acf247eb3d31d6d1ff07feed51ae0b0770ddaf58683dcdd22c,"{""distance"":3,""physical_error_rate"":0.005}","{""detection_events"":64254,""detectors_checked"":4866048,""obs_mistake_mask=E"":136}"
    246784,         0,         0,    11.5,decoder_by_matrix,e25b8d07214a8afb95d354611a83b9bb1ded39644e323a8585b3aabf687a4fff,"{""distance"":3,""physical_error_rate"":1e-05}","{""detection_events"":360,""detectors_checked"":13326336}"
     91136,       139,         0,    11.4,decoder_by_matrix,bf84ffc61868c0acf247eb3d31d6d1ff07feed51ae0b0770ddaf58683dcdd22c,"{""distance"":3,""physical_error_rate"":0.005}","{""detection_events"":64776,""detectors_checked"":4921344,""obs_mistake_mask=E"":139}"
    306176,         0,         0,    11.2,decoder_by_matrix,e9839e3017c9ef118c4b8aeafef39e78c11ecbdb89764e9ca676a7dc2fb6d062,"{""distance"":3,""physical_error_rate"":1e-06}","{""detection_events"":33,""detectors_checked"":16533504}"
    148480,         0,         0,    11.4,decoder_by_matrix,36e3cd26fed5ec7649ec51fb08c1a5e7d7f30e615782d954fee045c18a4962ca,"{""distance"":3,""physical_error_rate"":5e-05}","{""detection_events"":1200,""detectors_checked"":8017920}"
    278528,         0,         0,    11.3,decoder_by_matrix,560c721f87db01d4cacf7dcb7d8812fecde61e9e7776d4b9e1b1a792578ecad7,"{""distance"":3,""physical_error_rate"":5e-06}","{""detection_events"":141,""detectors_checked"":15040512}"
    110592,         9,         0,    11.3,decoder_by_matrix,f854eed952f7ffb52e4f578393718ba880ba0930c78fe51d50828fe06a713055,"{""distance"":3,""physical_error_rate"":0.001}","{""detection_events"":15741,""detectors_checked"":5971968,""obs_mistake_mask=E"":9}"
    113664,         2,         0,    11.2,decoder_by_matrix,5c8c81bfec719079c388cedc47a351f264c1bf769ae28a89f9b4fc7719fea501,"{""distance"":3,""physical_error_rate"":0.0005}","{""detection_events"":8058,""detectors_checked"":6137856,""obs_mistake_mask=E"":2}"
    110592,         5,         0,    11.0,decoder_by_matrix,f854eed952f7ffb52e4f578393718ba880ba0930c78fe51d50828fe06a713055,"{""distance"":3,""physical_error_rate"":0.001}","{""detection_events"":16533,""detectors_checked"":5971968,""obs_mistake_mask=E"":5}"
    310272,         0,         0,    10.6,decoder_by_matrix,e9839e3017c9ef118c4b8aeafef39e78c11ecbdb89764e9ca676a7dc2fb6d062,"{""distance"":3,""physical_error_rate"":1e-06}","{""detection_events"":30,""detectors_checked"":16754688}"
    128000,         0,         0,    11.9,decoder_by_matrix,beec9fd12293a9cfe53c9b61fb8ce2a525e4eed38fa75d132d6dc64699336876,"{""distance"":3,""physical_error_rate"":0.0001}","{""detection_events"":1815,""detectors_checked"":6912000}"
    253952,         0,         0,    11.4,decoder_by_matrix,e25b8d07214a8afb95d354611a83b9bb1ded39644e323a8585b3aabf687a4fff,"{""distance"":3,""physical_error_rate"":1e-05}","{""detection_events"":270,""detectors_checked"":13713408}"
     92160,       156,         0,    11.7,decoder_by_matrix,bf84ffc61868c0acf247eb3d31d6d1ff07feed51ae0b0770ddaf58683dcdd22c,"{""distance"":3,""physical_error_rate"":0.005}","{""detection_events"":65802,""detectors_checked"":4976640,""obs_mistake_mask=E"":156}"
    121856,         0,         0,    11.3,decoder_by_matrix,beec9fd12293a9cfe53c9b61fb8ce2a525e4eed38fa75d132d6dc64699336876,"{""distance"":3,""physical_error_rate"":0.0001}","{""detection_events"":1683,""detectors_checked"":6580224}"
     62464,         0,         0,    2.79,decoder_by_matrix,e25b8d07214a8afb95d354611a83b9bb1ded39644e323a8585b3aabf687a4fff,"{""distance"":3,""physical_error_rate"":1e-05}","{""detection_events"":105,""detectors_checked"":3373056}"
     91136,       147,         0,    11.0,decoder_by_matrix,bf84ffc61868c0acf247eb3d31d6d1ff07feed51ae0b0770ddaf58683dcdd22c,"{""distance"":3,""physical_error_rate"":0.005}","{""detection_events"":63981,""detectors_checked"":4921344,""obs_mistake_mask=E"":147}"
    279552,         0,         0,    11.3,decoder_by_matrix,560c721f87db01d4cacf7dcb7d8812fecde61e9e7776d4b9e1b1a792578ecad7,"{""distance"":3,""physical_error_rate"":5e-06}","{""detection_events"":177,""detectors_checked"":15095808}"
    302080,         0,         0,    11.1,decoder_by_matrix,e9839e3017c9ef118c4b8aeafef39e78c11ecbdb89764e9ca676a7dc2fb6d062,"{""distance"":3,""physical_error_rate"":1e-06}","{""detection_events"":84,""detectors_checked"":16312320}"
     29696,         0,         0,    2.79,decoder_by_matrix,f854eed952f7ffb52e4f578393718ba880ba0930c78fe51d50828fe06a713055,"{""distance"":3,""physical_error_rate"":0.001}","{""detection_events"":4242,""detectors_checked"":1603584}"
     70656,         0,         0,    3.09,decoder_by_matrix,560c721f87db01d4cacf7dcb7d8812fecde61e9e7776d4b9e1b1a792578ecad7,"{""distance"":3,""physical_error_rate"":5e-06}","{""detection_events"":48,""detectors_checked"":3815424}"
    109568,         6,         0,    11.3,decoder_by_matrix,f854eed952f7ffb52e4f578393718ba880ba0930c78fe51d50828fe06a713055,"{""distance"":3,""physical_error_rate"":0.001}","{""detection_events"":16707,""detectors_checked"":5916672,""obs_mistake_mask=E"":6}"
     77824,         0,         0,    2.80,decoder_by_matrix,e9839e3017c9ef118c4b8aeafef39e78c11ecbdb89764e9ca676a7dc2fb6d062,"{""distance"":3,""physical_error_rate"":1e-06}","{""detection_events"":27,""detectors_checked"":4202496}"
    148480,         0,         0,    11.6,decoder_by_matrix,36e3cd26fed5ec7649ec51fb08c1a5e7d7f30e615782d954fee045c18a4962ca,"{""distance"":3,""physical_error_rate"":5e-05}","{""detection_events"":1179,""detectors_checked"":8017920}"
     33792,         0,         0,    2.83,decoder_by_matrix,beec9fd12293a9cfe53c9b61fb8ce2a525e4eed38fa75d132d6dc64699336876,"{""distance"":3,""physical_error_rate"":0.0001}","{""detection_events"":516,""detectors_checked"":1824768}"
     23552,        41,         0,    3.10,decoder_by_matrix,bf84ffc61868c0acf247eb3d31d6d1ff07feed51ae0b0770ddaf58683dcdd22c,"{""distance"":3,""physical_error_rate"":0.005}","{""detection_events"":17193,""detectors_checked"":1271808,""obs_mistake_mask=E"":41}"
     43008,         0,         0,    2.84,decoder_by_matrix,36e3cd26fed5ec7649ec51fb08c1a5e7d7f30e615782d954fee045c18a4962ca,"{""distance"":3,""physical_error_rate"":5e-05}","{""detection_events"":282,""detectors_checked"":2322432}"
     29696,         1,         0,    2.95,decoder_by_matrix,5c8c81bfec719079c388cedc47a351f264c1bf769ae28a89f9b4fc7719fea501,"{""distance"":3,""physical_error_rate"":0.0005}","{""detection_events"":2184,""detectors_checked"":1603584,""obs_mistake_mask=E"":1}"
     93184,         0,         0,    4.35,decoder_by_matrix,e25b8d07214a8afb95d354611a83b9bb1ded39644e323a8585b3aabf687a4fff,"{""distance"":3,""physical_error_rate"":1e-05}","{""detection_events"":123,""detectors_checked"":5031936}"
     94208,         0,         0,    4.34,decoder_by_matrix,560c721f87db01d4cacf7dcb7d8812fecde61e9e7776d4b9e1b1a792578ecad7,"{""distance"":3,""physical_error_rate"":5e-06}","{""detection_events"":84,""detectors_checked"":5087232}"
     39936,         4,         0,    4.17,decoder_by_matrix,f854eed952f7ffb52e4f578393718ba880ba0930c78fe51d50828fe06a713055,"{""distance"":3,""physical_error_rate"":0.001}","{""detection_events"":6300,""detectors_checked"":2156544,""obs_mistake_mask=E"":4}"
    117760,         0,         0,    4.08,decoder_by_matrix,e9839e3017c9ef118c4b8aeafef39e78c11ecbdb89764e9ca676a7dc2fb6d062,"{""distance"":3,""physical_error_rate"":1e-06}","{""detectors_checked"":6359040}"
     48128,         0,         0,    4.39,decoder_by_matrix,beec9fd12293a9cfe53c9b61fb8ce2a525e4eed38fa75d132d6dc64699336876,"{""distance"":3,""physical_error_rate"":0.0001}","{""detection_events"":774,""detectors_checked"":2598912}"
     43008,         1,         0,    4.33,decoder_by_matrix,5c8c81bfec719079c388cedc47a351f264c1bf769ae28a89f9b4fc7719fea501,"{""distance"":3,""physical_error_rate"":0.0005}","{""detection_events"":2982,""detectors_checked"":2322432,""obs_mistake_mask=E"":1}"
     54272,         0,         0,    4.34,decoder_by_matrix,36e3cd26fed5ec7649ec51fb08c1a5e7d7f30e615782d954fee045c18a4962ca,"{""distance"":3,""physical_error_rate"":5e-05}","{""detection_events"":366,""detectors_checked"":2930688}"
     33792,        41,         0,    4.12,decoder_by_matrix,bf84ffc61868c0acf247eb3d31d6d1ff07feed51ae0b0770ddaf58683dcdd22c,"{""distance"":3,""physical_error_rate"":0.005}","{""detection_events"":24045,""detectors_checked"":1824768,""obs_mistake_mask=E"":41}"
    116736,         0,         0,    6.13,decoder_by_matrix,e25b8d07214a8afb95d354611a83b9bb1ded39644e323a8585b3aabf687a4fff,"{""distance"":3,""physical_error_rate"":1e-05}","{""detection_events"":267,""detectors_checked"":6303744}"
    138240,         0,         0,    6.00,decoder_by_matrix,560c721f87db01d4cacf7dcb7d8812fecde61e9e7776d4b9e1b1a792578ecad7,"{""distance"":3,""physical_error_rate"":5e-06}","{""detection_events"":108,""detectors_checked"":7464960}"
     56320,         5,         0,    5.78,decoder_by_matrix,f854eed952f7ffb52e4f578393718ba880ba0930c78fe51d50828fe06a713055,"{""distance"":3,""physical_error_rate"":0.001}","{""detection_events"":8175,""detectors_checked"":3041280,""obs_mistake_mask=E"":5}"
    160768,         0,         0,    5.89,decoder_by_matrix,e9839e3017c9ef118c4b8aeafef39e78c11ecbdb89764e9ca676a7dc2fb6d062,"{""distance"":3,""physical_error_rate"":1e-06}","{""detection_events"":18,""detectors_checked"":8681472}"
     67584,         0,         0,    6.14,decoder_by_matrix,beec9fd12293a9cfe53c9b61fb8ce2a525e4eed38fa75d132d6dc64699336876,"{""distance"":3,""physical_error_rate"":0.0001}","{""detection_events"":921,""detectors_checked"":3649536}"
     76800,         0,         0,    6.14,decoder_by_matrix,36e3cd26fed5ec7649ec51fb08c1a5e7d7f30e615782d954fee045c18a4962ca,"{""distance"":3,""physical_error_rate"":5e-05}","{""detection_events"":594,""detectors_checked"":4147200}"
     48128,        71,         0,    6.15,decoder_by_matrix,bf84ffc61868c0acf247eb3d31d6d1ff07feed51ae0b0770ddaf58683dcdd22c,"{""distance"":3,""physical_error_rate"":0.005}","{""detection_events"":34980,""detectors_checked"":2598912,""obs_mistake_mask=E"":71}"
     60416,         2,         0,    6.18,decoder_by_matrix,5c8c81bfec719079c388cedc47a351f264c1bf769ae28a89f9b4fc7719fea501,"{""distance"":3,""physical_error_rate"":0.0005}","{""detection_events"":4707,""detectors_checked"":3262464,""obs_mistake_mask=E"":2}"
    160768,         1,         0,    15.9,decoder_by_matrix,5c8c81bfec719079c388cedc47a351f264c1bf769ae28a89f9b4fc7719fea501,"{""distance"":3,""physical_error_rate"":0.0005}","{""detection_events"":11454,""detectors_checked"":8681472,""obs_mistake_mask=E"":1}"
    219136,         0,         0,    16.0,decoder_by_matrix,36e3cd26fed5ec7649ec51fb08c1a5e7d7f30e615782d954fee045c18a4962ca,"{""distance"":3,""physical_error_rate"":5e-05}","{""detection_events"":1443,""detectors_checked"":11833344}"
    216064,         0,         0,    16.3,decoder_by_matrix,36e3cd26fed5ec7649ec51fb08c1a5e7d7f30e615782d954fee045c18a4962ca,"{""distance"":3,""physical_error_rate"":5e-05}","{""detection_events"":1434,""detectors_checked"":11667456}"
    378880,         0,         0,    15.6,decoder_by_matrix,560c721f87db01d4cacf7dcb7d8812fecde61e9e7776d4b9e1b1a792578ecad7,"{""distance"":3,""physical_error_rate"":5e-06}","{""detection_events"":249,""detectors_checked"":20459520}"
    387072,         0,         0,    15.9,decoder_by_matrix,560c721f87db01d4cacf7dcb7d8812fecde61e9e7776d4b9e1b1a792578ecad7,"{""distance"":3,""physical_error_rate"":5e-06}","{""detection_events"":231,""detectors_checked"":20901888}"
    345088,         0,         0,    16.1,decoder_by_matrix,e25b8d07214a8afb95d354611a83b9bb1ded39644e323a8585b3aabf687a4fff,"{""distance"":3,""physical_error_rate"":1e-05}","{""detection_events"":441,""detectors_checked"":18634752}"
    155648,         8,         0,    15.5,decoder_by_matrix,f854eed952f7ffb52e4f578393718ba880ba0930c78fe51d50828fe06a713055,"{""distance"":3,""physical_error_rate"":0.001}","{""detection_events"":22548,""detectors_checked"":8404992,""obs_mistake_mask=E"":8}"
    375808,         0,         0,    15.0,decoder_by_matrix,560c721f87db01d4cacf7dcb7d8812fecde61e9e7776d4b9e1b1a792578ecad7,"{""distance"":3,""physical_error_rate"":5e-06}","{""detection_events"":288,""detectors_checked"":20293632}"
    436224,         0,         0,    15.6,decoder_by_matrix,e9839e3017c9ef118c4b8aeafef39e78c11ecbdb89764e9ca676a7dc2fb6d062,"{""distance"":3,""physical_error_rate"":1e-06}","{""detection_events"":57,""detectors_checked"":23556096}"
    379904,         0,         0,    15.8,decoder_by_matrix,560c721f87db01d4cacf7dcb7d8812fecde61e9e7776d4b9e1b1a792578ecad7,"{""distance"":3,""physical_error_rate"":5e-06}","{""detection_events"":285,""detectors_checked"":20514816}"
    334848,         0,         0,    15.1,decoder_by_matrix,e25b8d07214a8afb95d354611a83b9bb1ded39644e323a8585b3aabf687a4fff,"{""distance"":3,""physical_error_rate"":1e-05}","{""detection_events"":492,""detectors_checked"":18081792}"
    125952,       217,         0,    16.3,decoder_by_matrix,bf84ffc61868c0acf247eb3d31d6d1ff07feed51ae0b0770ddaf58683dcdd22c,"{""distance"":3,""physical_error_rate"":0.005}","{""detection_events"":90516,""detectors_checked"":6801408,""obs_mistake_mask=E"":217}"
    159744,         2,         0,    16.1,decoder_by_matrix,5c8c81bfec719079c388cedc47a351f264c1bf769ae28a89f9b4fc7719fea501,"{""distance"":3,""physical_error_rate"":0.0005}","{""detection_events"":11310,""detectors_checked"":8626176,""obs_mistake_mask=E"":2}"
    154624,        13,         0,    16.2,decoder_by_matrix,f854eed952f7ffb52e4f578393718ba880ba0930c78fe51d50828fe06a713055,"{""distance"":3,""physical_error_rate"":0.001}","{""detection_events"":22227,""detectors_checked"":8349696,""obs_mistake_mask=E"":13}"
    417792,         0,         0,    15.7,decoder_by_matrix,e9839e3017c9ef118c4b8aeafef39e78c11ecbdb89764e9ca676a7dc2fb6d062,"{""distance"":3,""physical_error_rate"":1e-06}","{""detection_events"":96,""detectors_checked"":22560768}"
    161792,         3,         0,    16.6,decoder_by_matrix,5c8c81bfec719079c388cedc47a351f264c1bf769ae28a89f9b4fc7719fea501,"{""distance"":3,""physical_error_rate"":0.0005}","{""detection_events"":11931,""detectors_checked"":8736768,""obs_mistake_mask=E"":3}"
    206848,         0,         0,    16.1,decoder_by_matrix,36e3cd26fed5ec7649ec51fb08c1a5e7d7f30e615782d954fee045c18a4962ca,"{""distance"":3,""physical_error_rate"":5e-05}","{""detection_events"":1359,""detectors_checked"":11169792}"
    160768,         1,         0,    16.3,decoder_by_matrix,5c8c81bfec719079c388cedc47a351f264c1bf769ae28a89f9b4fc7719fea501,"{""distance"":3,""physical_error_rate"":0.0005}","{""detection_events"":12027,""detectors_checked"":8681472,""obs_mistake_mask=E"":1}"
    431104,         0,         0,    15.6,decoder_by_matrix,e9839e3017c9ef118c4b8aeafef39e78c11ecbdb89764e9ca676a7dc2fb6d062,"{""distance"":3,""physical_error_rate"":1e-06}","{""detection_events"":69,""detectors_checked"":23279616}"
    126976,       216,         0,    16.5,decoder_by_matrix,bf84ffc61868c0acf247eb3d31d6d1ff07feed51ae0b0770ddaf58683dcdd22c,"{""distance"":3,""physical_error_rate"":0.005}","{""detection_events"":91230,""detectors_checked"":6856704,""obs_mistake_mask=E"":216}"
    222208,         0,         0,    15.8,decoder_by_matrix,36e3cd26fed5ec7649ec51fb08c1a5e7d7f30e615782d954fee045c18a4962ca,"{""distance"":3,""physical_error_rate"":5e-05}","{""detection_events"":1419,""detectors_checked"":11999232}"
    124928,       173,         0,    16.3,decoder_by_matrix,bf84ffc61868c0acf247eb3d31d6d1ff07feed51ae0b0770ddaf58683dcdd22c,"{""distance"":3,""physical_error_rate"":0.005}","{""detection_events"":88272,""detectors_checked"":6746112,""obs_mistake_mask=E"":173}"
    153600,        14,         0,    15.9,decoder_by_matrix,f854eed952f7ffb52e4f578393718ba880ba0930c78fe51d50828fe06a713055,"{""distance"":3,""physical_error_rate"":0.001}","{""detection_events"":22587,""detectors_checked"":8294400,""obs_mistake_mask=E"":14}"
    330752,         0,         0,    15.9,decoder_by_matrix,e25b8d07214a8afb95d354611a83b9bb1ded39644e323a8585b3aabf687a4fff,"{""distance"":3,""physical_error_rate"":1e-05}","{""detection_events"":465,""detectors_checked"":17860608}"
    208896,         0,         0,    16.2,decoder_by_matrix,36e3cd26fed5ec7649ec51fb08c1a5e7d7f30e615782d954fee045c18a4962ca,"{""distance"":3,""physical_error_rate"":5e-05}","{""detection_events"":1422,""detectors_checked"":11280384}"
    318464,         0,         0,    15.7,decoder_by_matrix,e25b8d07214a8afb95d354611a83b9bb1ded39644e323a8585b3aabf687a4fff,"{""distance"":3,""physical_error_rate"":1e-05}","{""detection_events"":597,""detectors_checked"":17197056}"
    393216,         0,         0,    15.5,decoder_by_matrix,560c721f87db01d4cacf7dcb7d8812fecde61e9e7776d4b9e1b1a792578ecad7,"{""distance"":3,""physical_error_rate"":5e-06}","{""detection_events"":198,""detectors_checked"":21233664}"
    177152,         0,         0,    16.2,decoder_by_matrix,beec9fd12293a9cfe53c9b61fb8ce2a525e4eed38fa75d132d6dc64699336876,"{""distance"":3,""physical_error_rate"":0.0001}","{""detection_events"":2610,""detectors_checked"":9566208}"
    180224,         0,         0,    16.4,decoder_by_matrix,beec9fd12293a9cfe53c9b61fb8ce2a525e4eed38fa75d132d6dc64699336876,"{""distance"":3,""physical_error_rate"":0.0001}","{""detection_events"":2694,""detectors_checked"":9732096}"
    346112,         0,         0,    16.3,decoder_by_matrix,e25b8d07214a8afb95d354611a83b9bb1ded39644e323a8585b3aabf687a4fff,"{""distance"":3,""physical_error_rate"":1e-05}","{""detection_events"":468,""detectors_checked"":18690048}"
    437248,         0,         0,    15.9,decoder_by_matrix,e9839e3017c9ef118c4b8aeafef39e78c11ecbdb89764e9ca676a7dc2fb6d062,"{""distance"":3,""physical_error_rate"":1e-06}","{""detection_events"":54,""detectors_checked"":23611392}"
    158720,         1,         0,    15.9,decoder_by_matrix,5c8c81bfec719079c388cedc47a351f264c1bf769ae28a89f9b4fc7719fea501,"{""distance"":3,""physical_error_rate"":0.0005}","{""detection_events"":11676,""detectors_checked"":8570880,""obs_mistake_mask=E"":1}"
    153600,        17,         0,    16.2,decoder_by_matrix,f854eed952f7ffb52e4f578393718ba880ba0930c78fe51d50828fe06a713055,"{""distance"":3,""physical_error_rate"":0.001}","{""detection_events"":22218,""detectors_checked"":8294400,""obs_mistake_mask=E"":17}"
    180224,         0,         0,    15.8,decoder_by_matrix,beec9fd12293a9cfe53c9b61fb8ce2a525e4eed38fa75d132d6dc64699336876,"{""distance"":3,""physical_error_rate"":0.0001}","{""detection_events"":2577,""detectors_checked"":9732096}"
    180224,         0,         0,    15.5,decoder_by_matrix,beec9fd12293a9cfe53c9b61fb8ce2a525e4eed38fa75d132d6dc64699336876,"{""distance"":3,""physical_error_rate"":0.0001}","{""detection_events"":2649,""detectors_checked"":9732096}"
    180224,         0,         0,    16.6,decoder_by_matrix,beec9fd12293a9cfe53c9b61fb8ce2a525e4eed38fa75d132d6dc64699336876,"{""distance"":3,""physical_error_rate"":0.0001}","{""detection_events"":2595,""detectors_checked"":9732096}"
    161792,         5,         0,    16.1,decoder_by_matrix,5c8c81bfec719079c388cedc47a351f264c1bf769ae28a89f9b4fc7719fea501,"{""distance"":3,""physical_error_rate"":0.0005}","{""detection_events"":11481,""detectors_checked"":8736768,""obs_mistake_mask=E"":5}"
    128000,       212,         0,    16.4,decoder_by_matrix,bf84ffc61868c0acf247eb3d31d6d1ff07feed51ae0b0770ddaf58683dcdd22c,"{""distance"":3,""physical_error_rate"":0.005}","{""detection_events"":91569,""detectors_checked"":6912000,""obs_mistake_mask=E"":212}"
    126976,       201,         0,    16.2,decoder_by_matrix,bf84ffc61868c0acf247eb3d31d6d1ff07feed51ae0b0770ddaf58683dcdd22c,"{""distance"":3,""physical_error_rate"":0.005}","{""detection_events"":90735,""detectors_checked"":6856704,""obs_mistake_mask=E"":201}"
    337920,         0,         0,    16.6,decoder_by_matrix,e25b8d07214a8afb95d354611a83b9bb1ded39644e323a8585b3aabf687a4fff,"{""distance"":3,""physical_error_rate"":1e-05}","{""detection_events"":528,""detectors_checked"":18247680}"
    389120,         0,         0,    15.9,decoder_by_matrix,560c721f87db01d4cacf7dcb7d8812fecde61e9e7776d4b9e1b1a792578ecad7,"{""distance"":3,""physical_error_rate"":5e-06}","{""detection_events"":255,""detectors_checked"":21012480}"
    434176,         0,         0,    16.1,decoder_by_matrix,e9839e3017c9ef118c4b8aeafef39e78c11ecbdb89764e9ca676a7dc2fb6d062,"{""distance"":3,""physical_error_rate"":1e-06}","{""detection_events"":51,""detectors_checked"":23445504}"
    217088,         0,         0,    15.9,decoder_by_matrix,36e3cd26fed5ec7649ec51fb08c1a5e7d7f30e615782d954fee045c18a4962ca,"{""distance"":3,""physical_error_rate"":5e-05}","{""detection_events"":1677,""detectors_checked"":11722752}"
    153600,        16,         0,    16.1,decoder_by_matrix,f854eed952f7ffb52e4f578393718ba880ba0930c78fe51d50828fe06a713055,"{""distance"":3,""physical_error_rate"":0.001}","{""detection_events"":22974,""detectors_checked"":8294400,""obs_mistake_mask=E"":16}"
    161792,         1,         0,    16.3,decoder_by_matrix,5c8c81bfec719079c388cedc47a351f264c1bf769ae28a89f9b4fc7719fea501,"{""distance"":3,""physical_error_rate"":0.0005}","{""detection_events"":11586,""detectors_checked"":8736768,""obs_mistake_mask=E"":1}"
    436224,         0,         0,    15.9,decoder_by_matrix,e9839e3017c9ef118c4b8aeafef39e78c11ecbdb89764e9ca676a7dc2fb6d062,"{""distance"":3,""physical_error_rate"":1e-06}","{""detection_events"":15,""detectors_checked"":23556096}"
    156672,        15,         0,    16.6,decoder_by_matrix,f854eed952f7ffb52e4f578393718ba880ba0930c78fe51d50828fe06a713055,"{""distance"":3,""physical_error_rate"":0.001}","{""detection_events"":22404,""detectors_checked"":8460288,""obs_mistake_mask=E"":15}"
    176128,         0,         0,    16.1,decoder_by_matrix,beec9fd12293a9cfe53c9b61fb8ce2a525e4eed38fa75d132d6dc64699336876,"{""distance"":3,""physical_error_rate"":0.0001}","{""detection_events"":2595,""detectors_checked"":9510912}"
    126976,       234,         0,    16.2,decoder_by_matrix,bf84ffc61868c0acf247eb3d31d6d1ff07feed51ae0b0770ddaf58683dcdd22c,"{""distance"":3,""physical_error_rate"":0.005}","{""detection_events"":90312,""detectors_checked"":6856704,""obs_mistake_mask=E"":234}"
    126976,       191,         0,    16.4,decoder_by_matrix,bf84ffc61868c0acf247eb3d31d6d1ff07feed51ae0b0770ddaf58683dcdd22c,"{""distance"":3,""physical_error_rate"":0.005}","{""detection_events"":90195,""detectors_checked"":6856704,""obs_mistake_mask=E"":191}"
    329728,         0,         0,    16.0,decoder_by_matrix,e25b8d07214a8afb95d354611a83b9bb1ded39644e323a8585b3aabf687a4fff,"{""distance"":3,""physical_error_rate"":1e-05}","{""detection_events"":546,""detectors_checked"":17805312}"
    372736,         0,         0,    15.4,decoder_by_matrix,560c721f87db01d4cacf7dcb7d8812fecde61e9e7776d4b9e1b1a792578ecad7,"{""distance"":3,""physical_error_rate"":5e-06}","{""detection_events"":348,""detectors_checked"":20127744}"
    179200,         0,         0,    16.6,decoder_by_matrix,beec9fd12293a9cfe53c9b61fb8ce2a525e4eed38fa75d132d6dc64699336876,"{""distance"":3,""physical_error_rate"":0.0001}","{""detection_events"":2601,""detectors_checked"":9676800}"
    430080,         0,         0,    16.4,decoder_by_matrix,e9839e3017c9ef118c4b8aeafef39e78c11ecbdb89764e9ca676a7dc2fb6d062,"{""distance"":3,""physical_error_rate"":1e-06}","{""detection_events"":69,""detectors_checked"":23224320}"
    156672,        15,         0,    15.9,decoder_by_matrix,f854eed952f7ffb52e4f578393718ba880ba0930c78fe51d50828fe06a713055,"{""distance"":3,""physical_error_rate"":0.001}","{""detection_events"":23130,""detectors_checked"":8460288,""obs_mistake_mask=E"":15}"
    206848,         0,         0,    16.0,decoder_by_matrix,36e3cd26fed5ec7649ec51fb08c1a5e7d7f30e615782d954fee045c18a4962ca,"{""distance"":3,""physical_error_rate"":5e-05}","{""detection_events"":1614,""detectors_checked"":11169792}"
    192512,         0,         0,    8.23,decoder_by_matrix,e25b8d07214a8afb95d354611a83b9bb1ded39644e323a8585b3aabf687a4fff,"{""distance"":3,""physical_error_rate"":1e-05}","{""detection_events"":168,""detectors_checked"":10395648}"
    199680,         0,         0,    8.26,decoder_by_matrix,560c721f87db01d4cacf7dcb7d8812fecde61e9e7776d4b9e1b1a792578ecad7,"{""distance"":3,""physical_error_rate"":5e-06}","{""detection_events"":129,""detectors_checked"":10782720}"
     79872,         3,         0,    8.50,decoder_by_matrix,f854eed952f7ffb52e4f578393718ba880ba0930c78fe51d50828fe06a713055,"{""distance"":3,""physical_error_rate"":0.001}","{""detection_events"":11640,""detectors_checked"":4313088,""obs_mistake_mask=E"":3}"
    226304,         0,         0,    8.07,decoder_by_matrix,e9839e3017c9ef118c4b8aeafef39e78c11ecbdb89764e9ca676a7dc2fb6d062,"{""distance"":3,""physical_error_rate"":1e-06}","{""detection_events"":27,""detectors_checked"":12220416}"
     88064,         0,         0,    7.99,decoder_by_matrix,beec9fd12293a9cfe53c9b61fb8ce2a525e4eed38fa75d132d6dc64699336876,"{""distance"":3,""physical_error_rate"":0.0001}","{""detection_events"":1437,""detectors_checked"":4755456}"
    112640,         0,         0,    8.18,decoder_by_matrix,36e3cd26fed5ec7649ec51fb08c1a5e7d7f30e615782d954fee045c18a4962ca,"{""distance"":3,""physical_error_rate"":5e-05}","{""detection_events"":792,""detectors_checked"":6082560}"
     66560,       122,         0,    8.61,decoder_by_matrix,bf84ffc61868c0acf247eb3d31d6d1ff07feed51ae0b0770ddaf58683dcdd22c,"{""distance"":3,""physical_error_rate"":0.005}","{""detection_events"":46758,""detectors_checked"":3594240,""obs_mistake_mask=E"":122}"
     82944,         1,         0,    8.36,decoder_by_matrix,5c8c81bfec719079c388cedc47a351f264c1bf769ae28a89f9b4fc7719fea501,"{""distance"":3,""physical_error_rate"":0.0005}","{""detection_events"":6111,""detectors_checked"":4478976,""obs_mistake_mask=E"":1}"
    243712,         0,         0,    11.8,decoder_by_matrix,e25b8d07214a8afb95d354611a83b9bb1ded39644e323a8585b3aabf687a4fff,"{""distance"":3,""physical_error_rate"":1e-05}","{""detection_events"":327,""detectors_checked"":13160448}"
    112640,        13,         0,    11.9,decoder_by_matrix,f854eed952f7ffb52e4f578393718ba880ba0930c78fe51d50828fe06a713055,"{""distance"":3,""physical_error_rate"":0.001}","{""detection_events"":16530,""detectors_checked"":6082560,""obs_mistake_mask=E"":13}"
    268288,         0,         0,    11.7,decoder_by_matrix,560c721f87db01d4cacf7dcb7d8812fecde61e9e7776d4b9e1b1a792578ecad7,"{""distance"":3,""physical_error_rate"":5e-06}","{""detection_events"":273,""detectors_checked"":14487552}"
    307200,         0,         0,    11.5,decoder_by_matrix,e9839e3017c9ef118c4b8aeafef39e78c11ecbdb89764e9ca676a7dc2fb6d062,"{""distance"":3,""physical_error_rate"":1e-06}","{""detection_events"":72,""detectors_checked"":16588800}"
    151552,         0,         0,    11.2,decoder_by_matrix,36e3cd26fed5ec7649ec51fb08c1a5e7d7f30e615782d954fee045c18a4962ca,"{""distance"":3,""physical_error_rate"":5e-05}","{""detection_events"":1140,""detectors_checked"":8183808}"
    125952,         1,         0,    11.7,decoder_by_matrix,beec9fd12293a9cfe53c9b61fb8ce2a525e4eed38fa75d132d6dc64699336876,"{""distance"":3,""physical_error_rate"":0.0001}","{""detection_events"":2031,""detectors_checked"":6801408,""obs_mistake_mask=E"":1}"
     92160,       158,         0,    11.9,decoder_by_matrix,bf84ffc61868c0acf247eb3d31d6d1ff07feed51ae0b0770ddaf58683dcdd22c,"{""distance"":3,""physical_error_rate"":0.005}","{""detection_events"":65736,""detectors_checked"":4976640,""obs_mistake_mask=E"":158}"
    115712,         0,         0,    11.9,decoder_by_matrix,5c8c81bfec719079c388cedc47a351f264c1bf769ae28a89f9b4fc7719fea501,"{""distance"":3,""physical_error_rate"":0.0005}","{""detection_events"":8292,""detectors_checked"":6248448}"
    224256,         6,         0,    22.6,decoder_by_matrix,5c8c81bfec719079c388cedc47a351f264c1bf769ae28a89f9b4fc7719fea501,"{""distance"":3,""physical_error_rate"":0.0005}","{""detection_events"":16557,""detectors_checked"":12109824,""obs_mistake_mask=E"":6}"
    301056,         0,         0,    22.6,decoder_by_matrix,36e3cd26fed5ec7649ec51fb08c1a5e7d7f30e615782d954fee045c18a4962ca,"{""distance"":3,""physical_error_rate"":5e-05}","{""detection_events"":2145,""detectors_checked"":16257024}"
    295936,         0,         0,    22.8,decoder_by_matrix,36e3cd26fed5ec7649ec51fb08c1a5e7d7f30e615782d954fee045c18a4962ca,"{""distance"":3,""physical_error_rate"":5e-05}","{""detection_events"":2223,""detectors_checked"":15980544}"
    525312,         0,         0,    22.3,decoder_by_matrix,560c721f87db01d4cacf7dcb7d8812fecde61e9e7776d4b9e1b1a792578ecad7,"{""distance"":3,""physical_error_rate"":5e-06}","{""detection_events"":396,""detectors_checked"":28366848}"
    532480,         0,         0,    22.6,decoder_by_matrix,560c721f87db01d4cacf7dcb7d8812fecde61e9e7776d4b9e1b1a792578ecad7,"{""distance"":3,""physical_error_rate"":5e-06}","{""detection_events"":444,""detectors_checked"":28753920}"
    458752,         0,         0,    22.1,decoder_by_matrix,e25b8d07214a8afb95d354611a83b9bb1ded39644e323a8585b3aabf687a4fff,"{""distance"":3,""physical_error_rate"":1e-05}","{""detection_events"":741,""detectors_checked"":24772608}"
    217088,        12,         0,    23.1,decoder_by_matrix,f854eed952f7ffb52e4f578393718ba880ba0930c78fe51d50828fe06a713055,"{""distance"":3,""physical_error_rate"":0.001}","{""detection_events"":31590,""detectors_checked"":11722752,""obs_mistake_mask=E"":12}"
    524288,         0,         0,    22.0,decoder_by_matrix,560c721f87db01d4cacf7dcb7d8812fecde61e9e7776d4b9e1b1a792578ecad7,"{""distance"":3,""physical_error_rate"":5e-06}","{""detection_events"":405,""detectors_checked"":28311552}"
    602112,         0,         0,    21.7,decoder_by_matrix,e9839e3017c9ef118c4b8aeafef39e78c11ecbdb89764e9ca676a7dc2fb6d062,"{""distance"":3,""physical_error_rate"":1e-06}","{""detection_events"":60,""detectors_checked"":32514048}"
    536576,         0,         0,    21.7,decoder_by_matrix,560c721f87db01d4cacf7dcb7d8812fecde61e9e7776d4b9e1b1a792578ecad7,"{""distance"":3,""physical_error_rate"":5e-06}","{""detection_events"":396,""detectors_checked"":28975104}"
    175104,       323,         0,    22.5,decoder_by_matrix,bf84ffc61868c0acf247eb3d31d6d1ff07feed51ae0b0770ddaf58683dcdd22c,"{""distance"":3,""physical_error_rate"":0.005}","{""detection_events"":124143,""detectors_checked"":9455616,""obs_mistake_mask=E"":323}"
    457728,         0,         0,    22.6,decoder_by_matrix,e25b8d07214a8afb95d354611a83b9bb1ded39644e323a8585b3aabf687a4fff,"{""distance"":3,""physical_error_rate"":1e-05}","{""detection_events"":825,""detectors_checked"":24717312}"
    222208,         7,         0,    22.2,decoder_by_matrix,5c8c81bfec719079c388cedc47a351f264c1bf769ae28a89f9b4fc7719fea501,"{""distance"":3,""physical_error_rate"":0.0005}","{""detection_events"":15393,""detectors_checked"":11999232,""obs_mistake_mask=E"":7}"
    223232,         4,         0,    22.5,decoder_by_matrix,5c8c81bfec719079c388cedc47a351f264c1bf769ae28a89f9b4fc7719fea501,"{""distance"":3,""physical_error_rate"":0.0005}","{""detection_events"":16659,""detectors_checked"":12054528,""obs_mistake_mask=E"":4}"
    223232,         5,         0,    22.5,decoder_by_matrix,5c8c81bfec719079c388cedc47a351f264c1bf769ae28a89f9b4fc7719fea501,"{""distance"":3,""physical_error_rate"":0.0005}","{""detection_events"":16662,""detectors_checked"":12054528,""obs_mistake_mask=E"":5}"
    218112,        13,         0,    22.6,decoder_by_matrix,f854eed952f7ffb52e4f578393718ba880ba0930c78fe51d50828fe06a713055,"{""distance"":3,""physical_error_rate"":0.001}","{""detection_events"":31971,""detectors_checked"":11778048,""obs_mistake_mask=E"":13}"
    603136,         0,         0,    21.6,decoder_by_matrix,e9839e3017c9ef118c4b8aeafef39e78c11ecbdb89764e9ca676a7dc2fb6d062,"{""distance"":3,""physical_error_rate"":1e-06}","{""detection_events"":66,""detectors_checked"":32569344}"
    296960,         0,         0,    22.6,decoder_by_matrix,36e3cd26fed5ec7649ec51fb08c1a5e7d7f30e615782d954fee045c18a4962ca,"{""distance"":3,""physical_error_rate"":5e-05}","{""detection_events"":2181,""detectors_checked"":16035840}"
    176128,       318,         0,    21.7,decoder_by_matrix,bf84ffc61868c0acf247eb3d31d6d1ff07feed51ae0b0770ddaf58683dcdd22c,"{""distance"":3,""physical_error_rate"":0.005}","{""detection_events"":125271,""detectors_checked"":9510912,""obs_mistake_mask=E"":318}"
    605184,         0,         0,    22.0,decoder_by_matrix,e9839e3017c9ef118c4b8aeafef39e78c11ecbdb89764e9ca676a7dc2fb6d062,"{""distance"":3,""physical_error_rate"":1e-06}","{""detection_events"":72,""detectors_checked"":32679936}"
    285696,         0,         0,    23.0,decoder_by_matrix,36e3cd26fed5ec7649ec51fb08c1a5e7d7f30e615782d954fee045c18a4962ca,"{""distance"":3,""physical_error_rate"":5e-05}","{""detection_events"":2160,""detectors_checked"":15427584}"
    174080,       294,         0,    22.8,decoder_by_matrix,bf84ffc61868c0acf247eb3d31d6d1ff07feed51ae0b0770ddaf58683dcdd22c,"{""distance"":3,""physical_error_rate"":0.005}","{""detection_events"":124362,""detectors_checked"":9400320,""obs_mistake_mask=E"":294}"
    216064,        16,         0,    22.3,decoder_by_matrix,f854eed952f7ffb52e4f578393718ba880ba0930c78fe51d50828fe06a713055,"{""distance"":3,""physical_error_rate"":0.001}","{""detection_events"":31968,""detectors_checked"":11667456,""obs_mistake_mask=E"":16}"
    472064,         0,         0,    22.0,decoder_by_matrix,e25b8d07214a8afb95d354611a83b9bb1ded39644e323a8585b3aabf687a4fff,"{""distance"":3,""physical_error_rate"":1e-05}","{""detection_events"":705,""detectors_checked"":25491456}"
    304128,         0,         0,    22.3,decoder_by_matrix,36e3cd26fed5ec7649ec51fb08c1a5e7d7f30e615782d954fee045c18a4962ca,"{""distance"":3,""physical_error_rate"":5e-05}","{""detection_events"":2403,""detectors_checked"":16422912}"
    477184,         0,         0,    21.8,decoder_by_matrix,e25b8d07214a8afb95d354611a83b9bb1ded39644e323a8585b3aabf687a4fff,"{""distance"":3,""physical_error_rate"":1e-05}","{""detection_events"":627,""detectors_checked"":25767936}"
    248832,         2,         0,    23.0,decoder_by_matrix,beec9fd12293a9cfe53c9b61fb8ce2a525e4eed38fa75d132d6dc64699336876,"{""distance"":3,""physical_error_rate"":0.0001}","{""detection_events"":3564,""detectors_checked"":13436928,""obs_mistake_mask=E"":2}"
    540672,         0,         0,    22.4,decoder_by_matrix,560c721f87db01d4cacf7dcb7d8812fecde61e9e7776d4b9e1b1a792578ecad7,"{""distance"":3,""physical_error_rate"":5e-06}","{""detection_events"":366,""detectors_checked"":29196288}"
    245760,         0,         0,    22.8,decoder_by_matrix,beec9fd12293a9cfe53c9b61fb8ce2a525e4eed38fa75d132d6dc64699336876,"{""distance"":3,""physical_error_rate"":0.0001}","{""detection_events"":3882,""detectors_checked"":13271040}"
    481280,         0,         0,    22.5,decoder_by_matrix,e25b8d07214a8afb95d354611a83b9bb1ded39644e323a8585b3aabf687a4fff,"{""distance"":3,""physical_error_rate"":1e-05}","{""detection_events"":624,""detectors_checked"":25989120}"
    595968,         0,         0,    21.8,decoder_by_matrix,e9839e3017c9ef118c4b8aeafef39e78c11ecbdb89764e9ca676a7dc2fb6d062,"{""distance"":3,""physical_error_rate"":1e-06}","{""detection_events"":99,""detectors_checked"":32182272}"
    215040,        21,         0,    23.0,decoder_by_matrix,f854eed952f7ffb52e4f578393718ba880ba0930c78fe51d50828fe06a713055,"{""distance"":3,""physical_error_rate"":0.001}","{""detection_events"":30996,""detectors_checked"":11612160,""obs_mistake_mask=E"":21}"
    223232,         3,         0,    22.6,decoder_by_matrix,5c8c81bfec719079c388cedc47a351f264c1bf769ae28a89f9b4fc7719fea501,"{""distance"":3,""physical_error_rate"":0.0005}","{""detection_events"":16362,""detectors_checked"":12054528,""obs_mistake_mask=E"":3}"
    249856,         1,         0,    22.5,decoder_by_matrix,beec9fd12293a9cfe53c9b61fb8ce2a525e4eed38fa75d132d6dc64699336876,"{""distance"":3,""physical_error_rate"":0.0001}","{""detection_events"":3486,""detectors_checked"":13492224,""obs_mistake_mask=E"":1}"
    252928,         1,         0,    22.6,decoder_by_matrix,beec9fd12293a9cfe53c9b61fb8ce2a525e4eed38fa75d132d6dc64699336876,"{""distance"":3,""physical_error_rate"":0.0001}","{""detection_events"":3762,""detectors_checked"":13658112,""obs_mistake_mask=E"":1}"
    222208,         1,         0,    22.8,decoder_by_matrix,5c8c81bfec719079c388cedc47a351f264c1bf769ae28a89f9b4fc7719fea501,"{""distance"":3,""physical_error_rate"":0.0005}","{""detection_events"":15957,""detectors_checked"":11999232,""obs_mistake_mask=E"":1}"
    249856,         0,         0,    23.2,decoder_by_matrix,beec9fd12293a9cfe53c9b61fb8ce2a525e4eed38fa75d132d6dc64699336876,"{""distance"":3,""physical_error_rate"":0.0001}","{""detection_events"":3720,""detectors_checked"":13492224}"
    177152,       285,         0,    23.0,decoder_by_matrix,bf84ffc61868c0acf247eb3d31d6d1ff07feed51ae0b0770ddaf58683dcdd22c,"{""distance"":3,""physical_error_rate"":0.005}","{""detection_events"":126558,""detectors_checked"":9566208,""obs_mistake_mask=E"":285}"
    177152,       274,         0,    22.6,decoder_by_matrix,bf84ffc61868c0acf247eb3d31d6d1ff07feed51ae0b0770ddaf58683dcdd22c,"{""distance"":3,""physical_error_rate"":0.005}","{""detection_events"":127680,""detectors_checked"":9566208,""obs_mistake_mask=E"":274}"
    471040,         0,         0,    22.6,decoder_by_matrix,e25b8d07214a8afb95d354611a83b9bb1ded39644e323a8585b3aabf687a4fff,"{""distance"":3,""physical_error_rate"":1e-05}","{""detection_events"":717,""detectors_checked"":25436160}"
    599040,         0,         0,    22.5,decoder_by_matrix,e9839e3017c9ef118c4b8aeafef39e78c11ecbdb89764e9ca676a7dc2fb6d062,"{""distance"":3,""physical_error_rate"":1e-06}","{""detection_events"":120,""detectors_checked"":32348160}"
    524288,         0,         0,    22.4,decoder_by_matrix,560c721f87db01d4cacf7dcb7d8812fecde61e9e7776d4b9e1b1a792578ecad7,"{""distance"":3,""physical_error_rate"":5e-06}","{""detection_events"":483,""detectors_checked"":28311552}"
    293888,         0,         0,    22.5,decoder_by_matrix,36e3cd26fed5ec7649ec51fb08c1a5e7d7f30e615782d954fee045c18a4962ca,"{""distance"":3,""physical_error_rate"":5e-05}","{""detection_events"":2118,""detectors_checked"":15869952}"
    215040,        14,         0,    22.6,decoder_by_matrix,f854eed952f7ffb52e4f578393718ba880ba0930c78fe51d50828fe06a713055,"{""distance"":3,""physical_error_rate"":0.001}","{""detection_events"":31581,""detectors_checked"":11612160,""obs_mistake_mask=E"":14}"
    584704,         0,         0,    22.1,decoder_by_matrix,e9839e3017c9ef118c4b8aeafef39e78c11ecbdb89764e9ca676a7dc2fb6d062,"{""distance"":3,""physical_error_rate"":1e-06}","{""detection_events"":159,""detectors_checked"":31574016}"
    251904,         0,         0,    22.0,decoder_by_matrix,beec9fd12293a9cfe53c9b61fb8ce2a525e4eed38fa75d132d6dc64699336876,"{""distance"":3,""physical_error_rate"":0.0001}","{""detection_events"":3519,""detectors_checked"":13602816}"
    225280,         6,         0,    22.4,decoder_by_matrix,5c8c81bfec719079c388cedc47a351f264c1bf769ae28a89f9b4fc7719fea501,"{""distance"":3,""physical_error_rate"":0.0005}","{""detection_events"":16848,""detectors_checked"":12165120,""obs_mistake_mask=E"":6}"
    218112,        10,         0,    23.1,decoder_by_matrix,f854eed952f7ffb52e4f578393718ba880ba0930c78fe51d50828fe06a713055,"{""distance"":3,""physical_error_rate"":0.001}","{""detection_events"":32445,""detectors_checked"":11778048,""obs_mistake_mask=E"":10}"
    177152,       315,         0,    22.3,decoder_by_matrix,bf84ffc61868c0acf247eb3d31d6d1ff07feed51ae0b0770ddaf58683dcdd22c,"{""distance"":3,""physical_error_rate"":0.005}","{""detection_events"":125463,""detectors_checked"":9566208,""obs_mistake_mask=E"":315}"
    178176,       308,         0,    22.9,decoder_by_matrix,bf84ffc61868c0acf247eb3d31d6d1ff07feed51ae0b0770ddaf58683dcdd22c,"{""distance"":3,""physical_error_rate"":0.005}","{""detection_events"":128112,""detectors_checked"":9621504,""obs_mistake_mask=E"":308}"
    535552,         0,         0,    22.5,decoder_by_matrix,560c721f87db01d4cacf7dcb7d8812fecde61e9e7776d4b9e1b1a792578ecad7,"{""distance"":3,""physical_error_rate"":5e-06}","{""detection_events"":354,""detectors_checked"":28919808}"
    471040,         0,         0,    22.4,decoder_by_matrix,e25b8d07214a8afb95d354611a83b9bb1ded39644e323a8585b3aabf687a4fff,"{""distance"":3,""physical_error_rate"":1e-05}","{""detection_events"":774,""detectors_checked"":25436160}"
    607232,         0,         0,    21.5,decoder_by_matrix,e9839e3017c9ef118c4b8aeafef39e78c11ecbdb89764e9ca676a7dc2fb6d062,"{""distance"":3,""physical_error_rate"":1e-06}","{""detection_events"":102,""detectors_checked"":32790528}"
    251904,         0,         0,    23.2,decoder_by_matrix,beec9fd12293a9cfe53c9b61fb8ce2a525e4eed38fa75d132d6dc64699336876,"{""distance"":3,""physical_error_rate"":0.0001}","{""detection_events"":3516,""detectors_checked"":13602816}"
    217088,        16,         0,    22.6,decoder_by_matrix,f854eed952f7ffb52e4f578393718ba880ba0930c78fe51d50828fe06a713055,"{""distance"":3,""physical_error_rate"":0.001}","{""detection_events"":31539,""detectors_checked"":11722752,""obs_mistake_mask=E"":16}"
    286720,         0,         0,    23.1,decoder_by_matrix,36e3cd26fed5ec7649ec51fb08c1a5e7d7f30e615782d954fee045c18a4962ca,"{""distance"":3,""physical_error_rate"":5e-05}","{""detection_events"":2247,""detectors_checked"":15482880}"
    328704,         0,         0,    16.2,decoder_by_matrix,e25b8d07214a8afb95d354611a83b9bb1ded39644e323a8585b3aabf687a4fff,"{""distance"":3,""physical_error_rate"":1e-05}","{""detection_events"":456,""detectors_checked"":17750016}"
    382976,         0,         0,    15.4,decoder_by_matrix,560c721f87db01d4cacf7dcb7d8812fecde61e9e7776d4b9e1b1a792578ecad7,"{""distance"":3,""physical_error_rate"":5e-06}","{""detection_events"":261,""detectors_checked"":20680704}"
    153600,        20,         0,    16.0,decoder_by_matrix,f854eed952f7ffb52e4f578393718ba880ba0930c78fe51d50828fe06a713055,"{""distance"":3,""physical_error_rate"":0.001}","{""detection_events"":22116,""detectors_checked"":8294400,""obs_mistake_mask=E"":20}"
    435200,         0,         0,    15.4,decoder_by_matrix,e9839e3017c9ef118c4b8aeafef39e78c11ecbdb89764e9ca676a7dc2fb6d062,"{""distance"":3,""physical_error_rate"":1e-06}","{""detection_events"":75,""detectors_checked"":23500800}"
    206848,         0,         0,    15.9,decoder_by_matrix,36e3cd26fed5ec7649ec51fb08c1a5e7d7f30e615782d954fee045c18a4962ca,"{""distance"":3,""physical_error_rate"":5e-05}","{""detection_events"":1725,""detectors_checked"":11169792}"
    177152,         0,         0,    16.3,decoder_by_matrix,beec9fd12293a9cfe53c9b61fb8ce2a525e4eed38fa75d132d6dc64699336876,"{""distance"":3,""physical_error_rate"":0.0001}","{""detection_events"":2595,""detectors_checked"":9566208}"
    126976,       183,         0,    15.7,decoder_by_matrix,bf84ffc61868c0acf247eb3d31d6d1ff07feed51ae0b0770ddaf58683dcdd22c,"{""distance"":3,""physical_error_rate"":0.005}","{""detection_events"":89157,""detectors_checked"":6856704,""obs_mistake_mask=E"":183}"
    158720,         2,         0,    16.2,decoder_by_matrix,5c8c81bfec719079c388cedc47a351f264c1bf769ae28a89f9b4fc7719fea501,"{""distance"":3,""physical_error_rate"":0.0005}","{""detection_events"":11949,""detectors_checked"":8570880,""obs_mistake_mask=E"":2}"
    314368,         4,         0,    31.7,decoder_by_matrix,5c8c81bfec719079c388cedc47a351f264c1bf769ae28a89f9b4fc7719fea501,"{""distance"":3,""physical_error_rate"":0.0005}","{""detection_events"":22410,""detectors_checked"":16975872,""obs_mistake_mask=E"":4}"
    416768,         0,         0,    31.3,decoder_by_matrix,36e3cd26fed5ec7649ec51fb08c1a5e7d7f30e615782d954fee045c18a4962ca,"{""distance"":3,""physical_error_rate"":5e-05}","{""detection_events"":3096,""detectors_checked"":22505472}"
    414720,         0,         0,    31.9,decoder_by_matrix,36e3cd26fed5ec7649ec51fb08c1a5e7d7f30e615782d954fee045c18a4962ca,"{""distance"":3,""physical_error_rate"":5e-05}","{""detection_events"":2964,""detectors_checked"":22394880}"
    746496,         0,         0,    31.1,decoder_by_matrix,560c721f87db01d4cacf7dcb7d8812fecde61e9e7776d4b9e1b1a792578ecad7,"{""distance"":3,""physical_error_rate"":5e-06}","{""detection_events"":492,""detectors_checked"":40310784}"
    761856,         0,         0,    30.9,decoder_by_matrix,560c721f87db01d4cacf7dcb7d8812fecde61e9e7776d4b9e1b1a792578ecad7,"{""distance"":3,""physical_error_rate"":5e-06}","{""detection_events"":489,""detectors_checked"":41140224}"
    842752,         0,         0,    28.8,decoder_by_matrix,e9839e3017c9ef118c4b8aeafef39e78c11ecbdb89764e9ca676a7dc2fb6d062,"{""distance"":3,""physical_error_rate"":1e-06}","{""detection_events"":123,""detectors_checked"":45508608}"
    643072,         0,         0,    31.5,decoder_by_matrix,e25b8d07214a8afb95d354611a83b9bb1ded39644e323a8585b3aabf687a4fff,"{""distance"":3,""physical_error_rate"":1e-05}","{""detection_events"":987,""detectors_checked"":34725888}"
    303104,        23,         0,    30.5,decoder_by_matrix,f854eed952f7ffb52e4f578393718ba880ba0930c78fe51d50828fe06a713055,"{""distance"":3,""physical_error_rate"":0.001}","{""detection_events"":42921,""detectors_checked"":16367616,""obs_mistake_mask=E"":23}"
    731136,         0,         0,    30.8,decoder_by_matrix,560c721f87db01d4cacf7dcb7d8812fecde61e9e7776d4b9e1b1a792578ecad7,"{""distance"":3,""physical_error_rate"":5e-06}","{""detection_events"":642,""detectors_checked"":39481344}"
    770048,         0,         0,    31.9,decoder_by_matrix,560c721f87db01d4cacf7dcb7d8812fecde61e9e7776d4b9e1b1a792578ecad7,"{""distance"":3,""physical_error_rate"":5e-06}","{""detection_events"":435,""detectors_checked"":41582592}"
    245760,       409,         0,    31.2,decoder_by_matrix,bf84ffc61868c0acf247eb3d31d6d1ff07feed51ae0b0770ddaf58683dcdd22c,"{""distance"":3,""physical_error_rate"":0.005}","{""detection_events"":174861,""detectors_checked"":13271040,""obs_mistake_mask=E"":409}"
    311296,         5,         0,    30.9,decoder_by_matrix,5c8c81bfec719079c388cedc47a351f264c1bf769ae28a89f9b4fc7719fea501,"{""distance"":3,""physical_error_rate"":0.0005}","{""detection_events"":22584,""detectors_checked"":16809984,""obs_mistake_mask=E"":5}"
    312320,         3,         0,    31.8,decoder_by_matrix,5c8c81bfec719079c388cedc47a351f264c1bf769ae28a89f9b4fc7719fea501,"{""distance"":3,""physical_error_rate"":0.0005}","{""detection_events"":22989,""detectors_checked"":16865280,""obs_mistake_mask=E"":3}"
    657408,         0,         0,    30.8,decoder_by_matrix,e25b8d07214a8afb95d354611a83b9bb1ded39644e323a8585b3aabf687a4fff,"{""distance"":3,""physical_error_rate"":1e-05}","{""detection_events"":888,""detectors_checked"":35500032}"
    302080,        24,         0,    32.2,decoder_by_matrix,f854eed952f7ffb52e4f578393718ba880ba0930c78fe51d50828fe06a713055,"{""distance"":3,""physical_error_rate"":0.001}","{""detection_events"":43956,""detectors_checked"":16312320,""obs_mistake_mask=E"":24}"
    312320,         5,         0,    32.0,decoder_by_matrix,5c8c81bfec719079c388cedc47a351f264c1bf769ae28a89f9b4fc7719fea501,"{""distance"":3,""physical_error_rate"":0.0005}","{""detection_events"":23055,""detectors_checked"":16865280,""obs_mistake_mask=E"":5}"
    248832,       427,         0,    31.7,decoder_by_matrix,bf84ffc61868c0acf247eb3d31d6d1ff07feed51ae0b0770ddaf58683dcdd22c,"{""distance"":3,""physical_error_rate"":0.005}","{""detection_events"":178107,""detectors_checked"":13436928,""obs_mistake_mask=E"":427}"
    847872,         0,         0,    31.6,decoder_by_matrix,e9839e3017c9ef118c4b8aeafef39e78c11ecbdb89764e9ca676a7dc2fb6d062,"{""distance"":3,""physical_error_rate"":1e-06}","{""detection_events"":96,""detectors_checked"":45785088}"
    847872,         0,         0,    30.5,decoder_by_matrix,e9839e3017c9ef118c4b8aeafef39e78c11ecbdb89764e9ca676a7dc2fb6d062,"{""distance"":3,""physical_error_rate"":1e-06}","{""detection_events"":66,""detectors_checked"":45785088}"
    302080,        25,         0,    31.4,decoder_by_matrix,f854eed952f7ffb52e4f578393718ba880ba0930c78fe51d50828fe06a713055,"{""distance"":3,""physical_error_rate"":0.001}","{""detection_events"":44199,""detectors_checked"":16312320,""obs_mistake_mask=E"":25}"
    420864,         0,         0,    31.4,decoder_by_matrix,36e3cd26fed5ec7649ec51fb08c1a5e7d7f30e615782d954fee045c18a4962ca,"{""distance"":3,""physical_error_rate"":5e-05}","{""detection_events"":2817,""detectors_checked"":22726656}"
    245760,       394,         0,    31.5,decoder_by_matrix,bf84ffc61868c0acf247eb3d31d6d1ff07feed51ae0b0770ddaf58683dcdd22c,"{""distance"":3,""physical_error_rate"":0.005}","{""detection_events"":174465,""detectors_checked"":13271040,""obs_mistake_mask=E"":394}"
    404480,         0,         0,    31.3,decoder_by_matrix,36e3cd26fed5ec7649ec51fb08c1a5e7d7f30e615782d954fee045c18a4962ca,"{""distance"":3,""physical_error_rate"":5e-05}","{""detection_events"":2964,""detectors_checked"":21841920}"
    658432,         0,         0,    31.5,decoder_by_matrix,e25b8d07214a8afb95d354611a83b9bb1ded39644e323a8585b3aabf687a4fff,"{""distance"":3,""physical_error_rate"":1e-05}","{""detection_events"":966,""detectors_checked"":35555328}"
    643072,         0,         0,    31.1,decoder_by_matrix,e25b8d07214a8afb95d354611a83b9bb1ded39644e323a8585b3aabf687a4fff,"{""distance"":3,""physical_error_rate"":1e-05}","{""detection_events"":1143,""detectors_checked"":34725888}"
    351232,         0,         0,    31.4,decoder_by_matrix,beec9fd12293a9cfe53c9b61fb8ce2a525e4eed38fa75d132d6dc64699336876,"{""distance"":3,""physical_error_rate"":0.0001}","{""detection_events"":5019,""detectors_checked"":18966528}"
    423936,         0,         0,    31.8,decoder_by_matrix,36e3cd26fed5ec7649ec51fb08c1a5e7d7f30e615782d954fee045c18a4962ca,"{""distance"":3,""physical_error_rate"":5e-05}","{""detection_events"":2979,""detectors_checked"":22892544}"
    744448,         0,         0,    31.7,decoder_by_matrix,560c721f87db01d4cacf7dcb7d8812fecde61e9e7776d4b9e1b1a792578ecad7,"{""distance"":3,""physical_error_rate"":5e-06}","{""detection_events"":456,""detectors_checked"":40200192}"
    484352,         0,         0,    22.5,decoder_by_matrix,e25b8d07214a8afb95d354611a83b9bb1ded39644e323a8585b3aabf687a4fff,"{""distance"":3,""physical_error_rate"":1e-05}","{""detection_events"":645,""detectors_checked"":26155008}"
    345088,         1,         0,    31.3,decoder_by_matrix,beec9fd12293a9cfe53c9b61fb8ce2a525e4eed38fa75d132d6dc64699336876,"{""distance"":3,""physical_error_rate"":0.0001}","{""detection_events"":4905,""detectors_checked"":18634752,""obs_mistake_mask=E"":1}"
    302080,        25,         0,    31.9,decoder_by_matrix,f854eed952f7ffb52e4f578393718ba880ba0930c78fe51d50828fe06a713055,"{""distance"":3,""physical_error_rate"":0.001}","{""detection_events"":45222,""detectors_checked"":16312320,""obs_mistake_mask=E"":25}"
    656384,         1,         0,    31.1,decoder_by_matrix,e25b8d07214a8afb95d354611a83b9bb1ded39644e323a8585b3aabf687a4fff,"{""distance"":3,""physical_error_rate"":1e-05}","{""detection_events"":1113,""detectors_checked"":35444736,""obs_mistake_mask=E"":1}"
    854016,         0,         0,    30.7,decoder_by_matrix,e9839e3017c9ef118c4b8aeafef39e78c11ecbdb89764e9ca676a7dc2fb6d062,"{""distance"":3,""physical_error_rate"":1e-06}","{""detection_events"":108,""detectors_checked"":46116864}"
    311296,         6,         0,    31.5,decoder_by_matrix,5c8c81bfec719079c388cedc47a351f264c1bf769ae28a89f9b4fc7719fea501,"{""distance"":3,""physical_error_rate"":0.0005}","{""detection_events"":22785,""detectors_checked"":16809984,""obs_mistake_mask=E"":6}"
    217088,        13,         0,    23.0,decoder_by_matrix,f854eed952f7ffb52e4f578393718ba880ba0930c78fe51d50828fe06a713055,"{""distance"":3,""physical_error_rate"":0.001}","{""detection_events"":32127,""detectors_checked"":11722752,""obs_mistake_mask=E"":13}"
    352256,         1,         0,    31.8,decoder_by_matrix,beec9fd12293a9cfe53c9b61fb8ce2a525e4eed38fa75d132d6dc64699336876,"{""distance"":3,""physical_error_rate"":0.0001}","{""detection_events"":5067,""detectors_checked"":19021824,""obs_mistake_mask=E"":1}"
    348160,         0,         0,    32.0,decoder_by_matrix,beec9fd12293a9cfe53c9b61fb8ce2a525e4eed38fa75d132d6dc64699336876,"{""distance"":3,""physical_error_rate"":0.0001}","{""detection_events"":5181,""detectors_checked"":18800640}"
    311296,        10,         0,    31.7,decoder_by_matrix,5c8c81bfec719079c388cedc47a351f264c1bf769ae28a89f9b4fc7719fea501,"{""distance"":3,""physical_error_rate"":0.0005}","{""detection_events"":23565,""detectors_checked"":16809984,""obs_mistake_mask=E"":10}"
    541696,         0,         0,    21.9,decoder_by_matrix,560c721f87db01d4cacf7dcb7d8812fecde61e9e7776d4b9e1b1a792578ecad7,"{""distance"":3,""physical_error_rate"":5e-06}","{""detection_events"":354,""detectors_checked"":29251584}"
    344064,         0,         0,    31.9,decoder_by_matrix,beec9fd12293a9cfe53c9b61fb8ce2a525e4eed38fa75d132d6dc64699336876,"{""distance"":3,""physical_error_rate"":0.0001}","{""detection_events"":5367,""detectors_checked"":18579456}"
    248832,       431,         0,    31.9,decoder_by_matrix,bf84ffc61868c0acf247eb3d31d6d1ff07feed51ae0b0770ddaf58683dcdd22c,"{""distance"":3,""physical_error_rate"":0.005}","{""detection_events"":178440,""detectors_checked"":13436928,""obs_mistake_mask=E"":431}"
    243712,       399,         0,    30.8,decoder_by_matrix,bf84ffc61868c0acf247eb3d31d6d1ff07feed51ae0b0770ddaf58683dcdd22c,"{""distance"":3,""physical_error_rate"":0.005}","{""detection_events"":172746,""detectors_checked"":13160448,""obs_mistake_mask=E"":399}"
      8192,        17,         0,    1.04,decoder_by_matrix,bf84ffc61868c0acf247eb3d31d6d1ff07feed51ae0b0770ddaf58683dcdd22c,"{""distance"":3,""physical_error_rate"":0.005}","{""detection_events"":5739,""detectors_checked"":442368,""obs_mistake_mask=E"":17}"
    248832,       404,         0,    31.8,decoder_by_matrix,bf84ffc61868c0acf247eb3d31d6d1ff07feed51ae0b0770ddaf58683dcdd22c,"{""distance"":3,""physical_error_rate"":0.005}","{""detection_events"":174753,""detectors_checked"":13436928,""obs_mistake_mask=E"":404}"
    243712,       430,         0,    30.8,decoder_by_matrix,bf84ffc61868c0acf247eb3d31d6d1ff07feed51ae0b0770ddaf58683dcdd22c,"{""distance"":3,""physical_error_rate"":0.005}","{""detection_events"":176034,""detectors_checked"":13160448,""obs_mistake_mask=E"":430}"
    681984,         0,         0,    31.4,decoder_by_matrix,e25b8d07214a8afb95d354611a83b9bb1ded39644e323a8585b3aabf687a4fff,"{""distance"":3,""physical_error_rate"":1e-05}","{""detection_events"":807,""detectors_checked"":36827136}"
    611328,         0,         0,    21.9,decoder_by_matrix,e9839e3017c9ef118c4b8aeafef39e78c11ecbdb89764e9ca676a7dc2fb6d062,"{""distance"":3,""physical_error_rate"":1e-06}","{""detection_events"":78,""detectors_checked"":33011712}"
     12288,        18,         0,    1.63,decoder_by_matrix,bf84ffc61868c0acf247eb3d31d6d1ff07feed51ae0b0770ddaf58683dcdd22c,"{""distance"":3,""physical_error_rate"":0.005}","{""detection_events"":8760,""detectors_checked"":663552,""obs_mistake_mask=E"":18}"
    294912,         0,         0,    22.6,decoder_by_matrix,36e3cd26fed5ec7649ec51fb08c1a5e7d7f30e615782d954fee045c18a4962ca,"{""distance"":3,""physical_error_rate"":5e-05}","{""detection_events"":2169,""detectors_checked"":15925248}"
    177152,       289,         0,    22.1,decoder_by_matrix,bf84ffc61868c0acf247eb3d31d6d1ff07feed51ae0b0770ddaf58683dcdd22c,"{""distance"":3,""physical_error_rate"":0.005}","{""detection_events"":126000,""detectors_checked"":9566208,""obs_mistake_mask=E"":289}"
     10240,        14,         0,    1.36,decoder_by_matrix,bf84ffc61868c0acf247eb3d31d6d1ff07feed51ae0b0770ddaf58683dcdd22c,"{""distance"":3,""physical_error_rate"":0.005}","{""detection_events"":7182,""detectors_checked"":552960,""obs_mistake_mask=E"":14}"
      2048,         5,         0,   0.243,decoder_by_matrix,bf84ffc61868c0acf247eb3d31d6d1ff07feed51ae0b0770ddaf58683dcdd22c,"{""distance"":3,""physical_error_rate"":0.005}","{""detection_events"":1458,""detectors_checked"":110592,""obs_mistake_mask=E"":5}"
    406528,         1,         0,    31.1,decoder_by_matrix,36e3cd26fed5ec7649ec51fb08c1a5e7d7f30e615782d954fee045c18a4962ca,"{""distance"":3,""physical_error_rate"":5e-05}","{""detection_events"":3015,""detectors_checked"":21952512,""obs_mistake_mask=E"":1}"
    256000,         0,         0,    22.4,decoder_by_matrix,beec9fd12293a9cfe53c9b61fb8ce2a525e4eed38fa75d132d6dc64699336876,"{""distance"":3,""physical_error_rate"":0.0001}","{""detection_events"":3681,""detectors_checked"":13824000}"
    761856,         0,         0,    31.8,decoder_by_matrix,560c721f87db01d4cacf7dcb7d8812fecde61e9e7776d4b9e1b1a792578ecad7,"{""distance"":3,""physical_error_rate"":5e-06}","{""detection_events"":462,""detectors_checked"":41140224}"
    842752,         0,         0,    30.8,decoder_by_matrix,e9839e3017c9ef118c4b8aeafef39e78c11ecbdb89764e9ca676a7dc2fb6d062,"{""distance"":3,""physical_error_rate"":1e-06}","{""detection_events"":153,""detectors_checked"":45508608}"
    299008,        19,         0,    30.9,decoder_by_matrix,f854eed952f7ffb52e4f578393718ba880ba0930c78fe51d50828fe06a713055,"{""distance"":3,""physical_error_rate"":0.001}","{""detection_events"":42978,""detectors_checked"":16146432,""obs_mistake_mask=E"":19}"
    223232,         4,         0,    22.3,decoder_by_matrix,5c8c81bfec719079c388cedc47a351f264c1bf769ae28a89f9b4fc7719fea501,"{""distance"":3,""physical_error_rate"":0.0005}","{""detection_events"":16038,""detectors_checked"":12054528,""obs_mistake_mask=E"":4}"
         1,         0,         0,   0.000,decoder_by_matrix,5c8c81bfec719079c388cedc47a351f264c1bf769ae28a89f9b4fc7719fea501,"{""distance"":3,""physical_error_rate"":0.0005}","{""detectors_checked"":54}"
         1,         0,         0,   0.000,decoder_by_matrix,e25b8d07214a8afb95d354611a83b9bb1ded39644e323a8585b3aabf687a4fff,"{""distance"":3,""physical_error_rate"":1e-05}","{""detectors_checked"":54}"
         1,         0,         0,   0.000,decoder_by_matrix,beec9fd12293a9cfe53c9b61fb8ce2a525e4eed38fa75d132d6dc64699336876,"{""distance"":3,""physical_error_rate"":0.0001}","{""detectors_checked"":54}"
    345088,         0,         0,    31.4,decoder_by_matrix,beec9fd12293a9cfe53c9b61fb8ce2a525e4eed38fa75d132d6dc64699336876,"{""distance"":3,""physical_error_rate"":0.0001}","{""detection_events"":5055,""detectors_checked"":18634752}"
         1,         0,         0,   0.000,decoder_by_matrix,f854eed952f7ffb52e4f578393718ba880ba0930c78fe51d50828fe06a713055,"{""distance"":3,""physical_error_rate"":0.001}","{""detectors_checked"":54}"
         1,         0,         0,   0.000,decoder_by_matrix,36e3cd26fed5ec7649ec51fb08c1a5e7d7f30e615782d954fee045c18a4962ca,"{""distance"":3,""physical_error_rate"":5e-05}","{""detectors_checked"":54}"
         1,         0,         0,   0.000,decoder_by_matrix,e9839e3017c9ef118c4b8aeafef39e78c11ecbdb89764e9ca676a7dc2fb6d062,"{""distance"":3,""physical_error_rate"":1e-06}","{""detectors_checked"":54}"
         1,         0,         0,   0.000,decoder_by_matrix,f854eed952f7ffb52e4f578393718ba880ba0930c78fe51d50828fe06a713055,"{""distance"":3,""physical_error_rate"":0.001}","{""detectors_checked"":54}"
         1,         0,         0,   0.000,decoder_by_matrix,560c721f87db01d4cacf7dcb7d8812fecde61e9e7776d4b9e1b1a792578ecad7,"{""distance"":3,""physical_error_rate"":5e-06}","{""detectors_checked"":54}"
      2320,         0,         0,   0.020,decoder_by_matrix,f854eed952f7ffb52e4f578393718ba880ba0930c78fe51d50828fe06a713055,"{""distance"":3,""physical_error_rate"":0.001}","{""detection_events"":399,""detectors_checked"":125280}"
      2320,         0,         0,   0.003,decoder_by_matrix,36e3cd26fed5ec7649ec51fb08c1a5e7d7f30e615782d954fee045c18a4962ca,"{""distance"":3,""physical_error_rate"":5e-05}","{""detection_events"":30,""detectors_checked"":125280}"
      6416,         0,         0,   0.020,decoder_by_matrix,e9839e3017c9ef118c4b8aeafef39e78c11ecbdb89764e9ca676a7dc2fb6d062,"{""distance"":3,""physical_error_rate"":1e-06}","{""detectors_checked"":346464}"
      2320,         1,         0,   0.020,decoder_by_matrix,f854eed952f7ffb52e4f578393718ba880ba0930c78fe51d50828fe06a713055,"{""distance"":3,""physical_error_rate"":0.001}","{""detection_events"":336,""detectors_checked"":125280,""obs_mistake_mask=E"":1}"
      1024,         0,         0,   0.002,decoder_by_matrix,f854eed952f7ffb52e4f578393718ba880ba0930c78fe51d50828fe06a713055,"{""distance"":3,""physical_error_rate"":0.001}","{""detection_events"":207,""detectors_checked"":55296}"
      4368,         0,         0,   0.165,decoder_by_matrix,e25b8d07214a8afb95d354611a83b9bb1ded39644e323a8585b3aabf687a4fff,"{""distance"":3,""physical_error_rate"":1e-05}","{""detection_events"":3,""detectors_checked"":235872}"
      1024,         0,         0,   0.001,decoder_by_matrix,e25b8d07214a8afb95d354611a83b9bb1ded39644e323a8585b3aabf687a4fff,"{""distance"":3,""physical_error_rate"":1e-05}","{""detectors_checked"":55296}"
      5392,         0,         0,   0.017,decoder_by_matrix,560c721f87db01d4cacf7dcb7d8812fecde61e9e7776d4b9e1b1a792578ecad7,"{""distance"":3,""physical_error_rate"":5e-06}","{""detection_events"":12,""detectors_checked"":291168}"
      1024,         0,         0,   0.001,decoder_by_matrix,560c721f87db01d4cacf7dcb7d8812fecde61e9e7776d4b9e1b1a792578ecad7,"{""distance"":3,""physical_error_rate"":5e-06}","{""detectors_checked"":55296}"
    313344,         7,         0,    32.3,decoder_by_matrix,5c8c81bfec719079c388cedc47a351f264c1bf769ae28a89f9b4fc7719fea501,"{""distance"":3,""physical_error_rate"":0.0005}","{""detection_events"":22857,""detectors_checked"":16920576,""obs_mistake_mask=E"":7}"
    303104,        23,         0,    31.5,decoder_by_matrix,f854eed952f7ffb52e4f578393718ba880ba0930c78fe51d50828fe06a713055,"{""distance"":3,""physical_error_rate"":0.001}","{""detection_events"":45147,""detectors_checked"":16367616,""obs_mistake_mask=E"":23}"
    846848,         0,         0,    31.0,decoder_by_matrix,e9839e3017c9ef118c4b8aeafef39e78c11ecbdb89764e9ca676a7dc2fb6d062,"{""distance"":3,""physical_error_rate"":1e-06}","{""detection_events"":117,""detectors_checked"":45729792}"
      4368,         0,         0,   0.244,decoder_by_matrix,5c8c81bfec719079c388cedc47a351f264c1bf769ae28a89f9b4fc7719fea501,"{""distance"":3,""physical_error_rate"":0.0005}","{""detection_events"":294,""detectors_checked"":235872}"
      1024,         0,         0,   0.002,decoder_by_matrix,5c8c81bfec719079c388cedc47a351f264c1bf769ae28a89f9b4fc7719fea501,"{""distance"":3,""physical_error_rate"":0.0005}","{""detection_events"":90,""detectors_checked"":55296}"
      3344,         0,         0,   0.250,decoder_by_matrix,beec9fd12293a9cfe53c9b61fb8ce2a525e4eed38fa75d132d6dc64699336876,"{""distance"":3,""physical_error_rate"":0.0001}","{""detection_events"":84,""detectors_checked"":180576}"
      1024,         0,         0,   0.002,decoder_by_matrix,beec9fd12293a9cfe53c9b61fb8ce2a525e4eed38fa75d132d6dc64699336876,"{""distance"":3,""physical_error_rate"":0.0001}","{""detection_events"":3,""detectors_checked"":55296}"
      3072,         0,         0,   0.030,decoder_by_matrix,f854eed952f7ffb52e4f578393718ba880ba0930c78fe51d50828fe06a713055,"{""distance"":3,""physical_error_rate"":0.001}","{""detection_events"":501,""detectors_checked"":165888}"
      1024,         0,         0,   0.002,decoder_by_matrix,f854eed952f7ffb52e4f578393718ba880ba0930c78fe51d50828fe06a713055,"{""distance"":3,""physical_error_rate"":0.001}","{""detection_events"":123,""detectors_checked"":55296}"
      7168,         0,         0,   0.050,decoder_by_matrix,e9839e3017c9ef118c4b8aeafef39e78c11ecbdb89764e9ca676a7dc2fb6d062,"{""distance"":3,""physical_error_rate"":1e-06}","{""detectors_checked"":387072}"
      1024,         0,         0,   0.001,decoder_by_matrix,e9839e3017c9ef118c4b8aeafef39e78c11ecbdb89764e9ca676a7dc2fb6d062,"{""distance"":3,""physical_error_rate"":1e-06}","{""detectors_checked"":55296}"
    687104,         0,         0,    30.6,decoder_by_matrix,e25b8d07214a8afb95d354611a83b9bb1ded39644e323a8585b3aabf687a4fff,"{""distance"":3,""physical_error_rate"":1e-05}","{""detection_events"":828,""detectors_checked"":37103616}"
      4096,         0,         0,   0.043,decoder_by_matrix,36e3cd26fed5ec7649ec51fb08c1a5e7d7f30e615782d954fee045c18a4962ca,"{""distance"":3,""physical_error_rate"":5e-05}","{""detection_events"":45,""detectors_checked"":221184}"
      1024,         0,         0,   0.001,decoder_by_matrix,36e3cd26fed5ec7649ec51fb08c1a5e7d7f30e615782d954fee045c18a4962ca,"{""distance"":3,""physical_error_rate"":5e-05}","{""detectors_checked"":55296}"
    834560,         0,         0,    30.1,decoder_by_matrix,e9839e3017c9ef118c4b8aeafef39e78c11ecbdb89764e9ca676a7dc2fb6d062,"{""distance"":3,""physical_error_rate"":1e-06}","{""detection_events"":153,""detectors_checked"":45066240}"
      5120,         0,         0,   0.230,decoder_by_matrix,e25b8d07214a8afb95d354611a83b9bb1ded39644e323a8585b3aabf687a4fff,"{""distance"":3,""physical_error_rate"":1e-05}","{""detection_events"":6,""detectors_checked"":276480}"
      2048,         0,         0,   0.250,decoder_by_matrix,f854eed952f7ffb52e4f578393718ba880ba0930c78fe51d50828fe06a713055,"{""distance"":3,""physical_error_rate"":0.001}","{""detection_events"":198,""detectors_checked"":110592}"
      7168,         0,         0,   0.250,decoder_by_matrix,560c721f87db01d4cacf7dcb7d8812fecde61e9e7776d4b9e1b1a792578ecad7,"{""distance"":3,""physical_error_rate"":5e-06}","{""detection_events"":12,""detectors_checked"":387072}"
    748544,         0,         0,    30.9,decoder_by_matrix,560c721f87db01d4cacf7dcb7d8812fecde61e9e7776d4b9e1b1a792578ecad7,"{""distance"":3,""physical_error_rate"":5e-06}","{""detection_events"":522,""detectors_checked"":40421376}"
    352256,         0,         0,    31.8,decoder_by_matrix,beec9fd12293a9cfe53c9b61fb8ce2a525e4eed38fa75d132d6dc64699336876,"{""distance"":3,""physical_error_rate"":0.0001}","{""detection_events"":4788,""detectors_checked"":19021824}"
      2048,         0,         0,   0.234,decoder_by_matrix,36e3cd26fed5ec7649ec51fb08c1a5e7d7f30e615782d954fee045c18a4962ca,"{""distance"":3,""physical_error_rate"":5e-05}","{""detection_events"":30,""detectors_checked"":110592}"
      7168,         0,         0,   0.301,decoder_by_matrix,e9839e3017c9ef118c4b8aeafef39e78c11ecbdb89764e9ca676a7dc2fb6d062,"{""distance"":3,""physical_error_rate"":1e-06}","{""detectors_checked"":387072}"
      3072,         0,         0,   0.367,decoder_by_matrix,5c8c81bfec719079c388cedc47a351f264c1bf769ae28a89f9b4fc7719fea501,"{""distance"":3,""physical_error_rate"":0.0005}","{""detection_events"":306,""detectors_checked"":165888}"
      3072,         0,         0,   0.373,decoder_by_matrix,beec9fd12293a9cfe53c9b61fb8ce2a525e4eed38fa75d132d6dc64699336876,"{""distance"":3,""physical_error_rate"":0.0001}","{""detection_events"":66,""detectors_checked"":165888}"
      3072,         0,         0,   0.383,decoder_by_matrix,f854eed952f7ffb52e4f578393718ba880ba0930c78fe51d50828fe06a713055,"{""distance"":3,""physical_error_rate"":0.001}","{""detection_events"":438,""detectors_checked"":165888}"
      5120,         0,         0,   0.259,decoder_by_matrix,e25b8d07214a8afb95d354611a83b9bb1ded39644e323a8585b3aabf687a4fff,"{""distance"":3,""physical_error_rate"":1e-05}","{""detection_events"":9,""detectors_checked"":276480}"
      3072,         2,         0,   0.260,decoder_by_matrix,f854eed952f7ffb52e4f578393718ba880ba0930c78fe51d50828fe06a713055,"{""distance"":3,""physical_error_rate"":0.001}","{""detection_events"":369,""detectors_checked"":165888,""obs_mistake_mask=E"":2}"
      4096,         0,         0,   0.262,decoder_by_matrix,560c721f87db01d4cacf7dcb7d8812fecde61e9e7776d4b9e1b1a792578ecad7,"{""distance"":3,""physical_error_rate"":5e-06}","{""detection_events"":9,""detectors_checked"":221184}"
      3072,         0,         0,   0.251,decoder_by_matrix,36e3cd26fed5ec7649ec51fb08c1a5e7d7f30e615782d954fee045c18a4962ca,"{""distance"":3,""physical_error_rate"":5e-05}","{""detection_events"":12,""detectors_checked"":165888}"
      4096,         0,         0,   0.250,decoder_by_matrix,e9839e3017c9ef118c4b8aeafef39e78c11ecbdb89764e9ca676a7dc2fb6d062,"{""distance"":3,""physical_error_rate"":1e-06}","{""detection_events"":3,""detectors_checked"":221184}"
    412672,         0,         0,    32.2,decoder_by_matrix,36e3cd26fed5ec7649ec51fb08c1a5e7d7f30e615782d954fee045c18a4962ca,"{""distance"":3,""physical_error_rate"":5e-05}","{""detection_events"":3003,""detectors_checked"":22284288}"
      2048,         0,         0,   0.254,decoder_by_matrix,5c8c81bfec719079c388cedc47a351f264c1bf769ae28a89f9b4fc7719fea501,"{""distance"":3,""physical_error_rate"":0.0005}","{""detection_events"":180,""detectors_checked"":110592}"
    302080,        22,         0,    31.8,decoder_by_matrix,f854eed952f7ffb52e4f578393718ba880ba0930c78fe51d50828fe06a713055,"{""distance"":3,""physical_error_rate"":0.001}","{""detection_events"":45075,""detectors_checked"":16312320,""obs_mistake_mask=E"":22}"
      3072,         0,         0,   0.255,decoder_by_matrix,beec9fd12293a9cfe53c9b61fb8ce2a525e4eed38fa75d132d6dc64699336876,"{""distance"":3,""physical_error_rate"":0.0001}","{""detection_events"":33,""detectors_checked"":165888}"
      2048,         0,         0,   0.258,decoder_by_matrix,f854eed952f7ffb52e4f578393718ba880ba0930c78fe51d50828fe06a713055,"{""distance"":3,""physical_error_rate"":0.001}","{""detection_events"":339,""detectors_checked"":110592}"
      5120,         0,         0,   0.259,decoder_by_matrix,e25b8d07214a8afb95d354611a83b9bb1ded39644e323a8585b3aabf687a4fff,"{""distance"":3,""physical_error_rate"":1e-05}","{""detection_events"":12,""detectors_checked"":276480}"
      2048,         0,         0,   0.258,decoder_by_matrix,f854eed952f7ffb52e4f578393718ba880ba0930c78fe51d50828fe06a713055,"{""distance"":3,""physical_error_rate"":0.001}","{""detection_events"":252,""detectors_checked"":110592}"
      5120,         0,         0,   0.258,decoder_by_matrix,560c721f87db01d4cacf7dcb7d8812fecde61e9e7776d4b9e1b1a792578ecad7,"{""distance"":3,""physical_error_rate"":5e-06}","{""detectors_checked"":276480}"
      3072,         0,         0,   0.217,decoder_by_matrix,36e3cd26fed5ec7649ec51fb08c1a5e7d7f30e615782d954fee045c18a4962ca,"{""distance"":3,""physical_error_rate"":5e-05}","{""detection_events"":15,""detectors_checked"":165888}"
      7168,         0,         0,   0.257,decoder_by_matrix,e9839e3017c9ef118c4b8aeafef39e78c11ecbdb89764e9ca676a7dc2fb6d062,"{""distance"":3,""physical_error_rate"":1e-06}","{""detectors_checked"":387072}"
      2048,         0,         0,   0.255,decoder_by_matrix,5c8c81bfec719079c388cedc47a351f264c1bf769ae28a89f9b4fc7719fea501,"{""distance"":3,""physical_error_rate"":0.0005}","{""detection_events"":150,""detectors_checked"":110592}"
      2048,         0,         0,   0.255,decoder_by_matrix,beec9fd12293a9cfe53c9b61fb8ce2a525e4eed38fa75d132d6dc64699336876,"{""distance"":3,""physical_error_rate"":0.0001}","{""detection_events"":33,""detectors_checked"":110592}"
      2048,         0,         0,   0.255,decoder_by_matrix,f854eed952f7ffb52e4f578393718ba880ba0930c78fe51d50828fe06a713055,"{""distance"":3,""physical_error_rate"":0.001}","{""detection_events"":273,""detectors_checked"":110592}"
      6144,         0,         0,   0.252,decoder_by_matrix,e25b8d07214a8afb95d354611a83b9bb1ded39644e323a8585b3aabf687a4fff,"{""distance"":3,""physical_error_rate"":1e-05}","{""detectors_checked"":331776}"
      2048,         1,         0,   0.252,decoder_by_matrix,f854eed952f7ffb52e4f578393718ba880ba0930c78fe51d50828fe06a713055,"{""distance"":3,""physical_error_rate"":0.001}","{""detection_events"":267,""detectors_checked"":110592,""obs_mistake_mask=E"":1}"
      5120,         0,         0,   0.253,decoder_by_matrix,560c721f87db01d4cacf7dcb7d8812fecde61e9e7776d4b9e1b1a792578ecad7,"{""distance"":3,""physical_error_rate"":5e-06}","{""detection_events"":3,""detectors_checked"":276480}"
      3072,         0,         0,   0.245,decoder_by_matrix,36e3cd26fed5ec7649ec51fb08c1a5e7d7f30e615782d954fee045c18a4962ca,"{""distance"":3,""physical_error_rate"":5e-05}","{""detection_events"":18,""detectors_checked"":165888}"
      5120,         0,         0,   0.262,decoder_by_matrix,e9839e3017c9ef118c4b8aeafef39e78c11ecbdb89764e9ca676a7dc2fb6d062,"{""distance"":3,""physical_error_rate"":1e-06}","{""detection_events"":12,""detectors_checked"":276480}"
      3072,         0,         0,   0.260,decoder_by_matrix,5c8c81bfec719079c388cedc47a351f264c1bf769ae28a89f9b4fc7719fea501,"{""distance"":3,""physical_error_rate"":0.0005}","{""detection_events"":303,""detectors_checked"":165888}"
      3072,         0,         0,   0.260,decoder_by_matrix,beec9fd12293a9cfe53c9b61fb8ce2a525e4eed38fa75d132d6dc64699336876,"{""distance"":3,""physical_error_rate"":0.0001}","{""detection_events"":24,""detectors_checked"":165888}"
      3072,         0,         0,   0.260,decoder_by_matrix,f854eed952f7ffb52e4f578393718ba880ba0930c78fe51d50828fe06a713055,"{""distance"":3,""physical_error_rate"":0.001}","{""detection_events"":462,""detectors_checked"":165888}"
      3072,         0,         0,   0.259,decoder_by_matrix,e25b8d07214a8afb95d354611a83b9bb1ded39644e323a8585b3aabf687a4fff,"{""distance"":3,""physical_error_rate"":1e-05}","{""detection_events"":36,""detectors_checked"":165888}"
      3072,         0,         0,   0.259,decoder_by_matrix,f854eed952f7ffb52e4f578393718ba880ba0930c78fe51d50828fe06a713055,"{""distance"":3,""physical_error_rate"":0.001}","{""detection_events"":348,""detectors_checked"":165888}"
      7168,         0,         0,   0.258,decoder_by_matrix,560c721f87db01d4cacf7dcb7d8812fecde61e9e7776d4b9e1b1a792578ecad7,"{""distance"":3,""physical_error_rate"":5e-06}","{""detectors_checked"":387072}"
      3072,         0,         0,   0.004,decoder_by_matrix,36e3cd26fed5ec7649ec51fb08c1a5e7d7f30e615782d954fee045c18a4962ca,"{""distance"":3,""physical_error_rate"":5e-05}","{""detection_events"":33,""detectors_checked"":165888}"
      7168,         0,         0,   0.257,decoder_by_matrix,e9839e3017c9ef118c4b8aeafef39e78c11ecbdb89764e9ca676a7dc2fb6d062,"{""distance"":3,""physical_error_rate"":1e-06}","{""detectors_checked"":387072}"
      2048,         0,         0,   0.256,decoder_by_matrix,5c8c81bfec719079c388cedc47a351f264c1bf769ae28a89f9b4fc7719fea501,"{""distance"":3,""physical_error_rate"":0.0005}","{""detection_events"":132,""detectors_checked"":110592}"
      3072,         0,         0,   0.257,decoder_by_matrix,beec9fd12293a9cfe53c9b61fb8ce2a525e4eed38fa75d132d6dc64699336876,"{""distance"":3,""physical_error_rate"":0.0001}","{""detection_events"":42,""detectors_checked"":165888}"
      2048,         0,         0,   0.256,decoder_by_matrix,f854eed952f7ffb52e4f578393718ba880ba0930c78fe51d50828fe06a713055,"{""distance"":3,""physical_error_rate"":0.001}","{""detection_events"":240,""detectors_checked"":110592}"
      5120,         0,         0,   0.003,decoder_by_matrix,e25b8d07214a8afb95d354611a83b9bb1ded39644e323a8585b3aabf687a4fff,"{""distance"":3,""physical_error_rate"":1e-05}","{""detectors_checked"":276480}"
      2048,         0,         0,   0.256,decoder_by_matrix,f854eed952f7ffb52e4f578393718ba880ba0930c78fe51d50828fe06a713055,"{""distance"":3,""physical_error_rate"":0.001}","{""detection_events"":300,""detectors_checked"":110592}"
      5120,         0,         0,   0.254,decoder_by_matrix,560c721f87db01d4cacf7dcb7d8812fecde61e9e7776d4b9e1b1a792578ecad7,"{""distance"":3,""physical_error_rate"":5e-06}","{""detection_events"":6,""detectors_checked"":276480}"
      5120,         0,         0,   0.229,decoder_by_matrix,36e3cd26fed5ec7649ec51fb08c1a5e7d7f30e615782d954fee045c18a4962ca,"{""distance"":3,""physical_error_rate"":5e-05}","{""detection_events"":21,""detectors_checked"":276480}"
      6144,         0,         0,   0.261,decoder_by_matrix,e9839e3017c9ef118c4b8aeafef39e78c11ecbdb89764e9ca676a7dc2fb6d062,"{""distance"":3,""physical_error_rate"":1e-06}","{""detectors_checked"":331776}"
      3072,         0,         0,   0.263,decoder_by_matrix,5c8c81bfec719079c388cedc47a351f264c1bf769ae28a89f9b4fc7719fea501,"{""distance"":3,""physical_error_rate"":0.0005}","{""detection_events"":165,""detectors_checked"":165888}"
      2048,         0,         0,   0.261,decoder_by_matrix,beec9fd12293a9cfe53c9b61fb8ce2a525e4eed38fa75d132d6dc64699336876,"{""distance"":3,""physical_error_rate"":0.0001}","{""detection_events"":21,""detectors_checked"":110592}"
      2048,         0,         0,   0.261,decoder_by_matrix,f854eed952f7ffb52e4f578393718ba880ba0930c78fe51d50828fe06a713055,"{""distance"":3,""physical_error_rate"":0.001}","{""detection_events"":291,""detectors_checked"":110592}"
      5120,         0,         0,   0.263,decoder_by_matrix,e25b8d07214a8afb95d354611a83b9bb1ded39644e323a8585b3aabf687a4fff,"{""distance"":3,""physical_error_rate"":1e-05}","{""detection_events"":21,""detectors_checked"":276480}"
      2048,         0,         0,   0.265,decoder_by_matrix,f854eed952f7ffb52e4f578393718ba880ba0930c78fe51d50828fe06a713055,"{""distance"":3,""physical_error_rate"":0.001}","{""detection_events"":255,""detectors_checked"":110592}"
      5120,         0,         0,   0.261,decoder_by_matrix,560c721f87db01d4cacf7dcb7d8812fecde61e9e7776d4b9e1b1a792578ecad7,"{""distance"":3,""physical_error_rate"":5e-06}","{""detection_events"":3,""detectors_checked"":276480}"
      2048,         0,         0,   0.250,decoder_by_matrix,5c8c81bfec719079c388cedc47a351f264c1bf769ae28a89f9b4fc7719fea501,"{""distance"":3,""physical_error_rate"":0.0005}","{""detection_events"":252,""detectors_checked"":110592}"
      3072,         0,         0,   0.253,decoder_by_matrix,beec9fd12293a9cfe53c9b61fb8ce2a525e4eed38fa75d132d6dc64699336876,"{""distance"":3,""physical_error_rate"":0.0001}","{""detection_events"":57,""detectors_checked"":165888}"
      3072,         0,         0,   0.392,decoder_by_matrix,36e3cd26fed5ec7649ec51fb08c1a5e7d7f30e615782d954fee045c18a4962ca,"{""distance"":3,""physical_error_rate"":5e-05}","{""detection_events"":30,""detectors_checked"":165888}"
     12288,         0,         0,   0.512,decoder_by_matrix,e9839e3017c9ef118c4b8aeafef39e78c11ecbdb89764e9ca676a7dc2fb6d062,"{""distance"":3,""physical_error_rate"":1e-06}","{""detection_events"":12,""detectors_checked"":663552}"
      5120,         0,         0,   0.505,decoder_by_matrix,f854eed952f7ffb52e4f578393718ba880ba0930c78fe51d50828fe06a713055,"{""distance"":3,""physical_error_rate"":0.001}","{""detection_events"":774,""detectors_checked"":276480}"
      3072,         0,         0,   0.310,decoder_by_matrix,5c8c81bfec719079c388cedc47a351f264c1bf769ae28a89f9b4fc7719fea501,"{""distance"":3,""physical_error_rate"":0.0005}","{""detection_events"":144,""detectors_checked"":165888}"
     10240,         0,         0,   0.254,decoder_by_matrix,e25b8d07214a8afb95d354611a83b9bb1ded39644e323a8585b3aabf687a4fff,"{""distance"":3,""physical_error_rate"":1e-05}","{""detection_events"":3,""detectors_checked"":552960}"
      5120,         0,         0,   0.513,decoder_by_matrix,f854eed952f7ffb52e4f578393718ba880ba0930c78fe51d50828fe06a713055,"{""distance"":3,""physical_error_rate"":0.001}","{""detection_events"":768,""detectors_checked"":276480}"
     13312,         0,         0,   0.512,decoder_by_matrix,560c721f87db01d4cacf7dcb7d8812fecde61e9e7776d4b9e1b1a792578ecad7,"{""distance"":3,""physical_error_rate"":5e-06}","{""detectors_checked"":718848}"
      5120,         0,         0,   0.505,decoder_by_matrix,beec9fd12293a9cfe53c9b61fb8ce2a525e4eed38fa75d132d6dc64699336876,"{""distance"":3,""physical_error_rate"":0.0001}","{""detection_events"":87,""detectors_checked"":276480}"
      7168,         0,         0,   0.511,decoder_by_matrix,36e3cd26fed5ec7649ec51fb08c1a5e7d7f30e615782d954fee045c18a4962ca,"{""distance"":3,""physical_error_rate"":5e-05}","{""detection_events"":45,""detectors_checked"":387072}"
     14336,         0,         0,   0.569,decoder_by_matrix,e9839e3017c9ef118c4b8aeafef39e78c11ecbdb89764e9ca676a7dc2fb6d062,"{""distance"":3,""physical_error_rate"":1e-06}","{""detection_events"":6,""detectors_checked"":774144}"
     11264,         0,         0,   0.497,decoder_by_matrix,e25b8d07214a8afb95d354611a83b9bb1ded39644e323a8585b3aabf687a4fff,"{""distance"":3,""physical_error_rate"":1e-05}","{""detection_events"":18,""detectors_checked"":608256}"
      5120,         0,         0,   0.521,decoder_by_matrix,f854eed952f7ffb52e4f578393718ba880ba0930c78fe51d50828fe06a713055,"{""distance"":3,""physical_error_rate"":0.001}","{""detection_events"":678,""detectors_checked"":276480}"
      5120,         0,         0,   0.513,decoder_by_matrix,f854eed952f7ffb52e4f578393718ba880ba0930c78fe51d50828fe06a713055,"{""distance"":3,""physical_error_rate"":0.001}","{""detection_events"":846,""detectors_checked"":276480}"
     12288,         0,         0,   0.509,decoder_by_matrix,560c721f87db01d4cacf7dcb7d8812fecde61e9e7776d4b9e1b1a792578ecad7,"{""distance"":3,""physical_error_rate"":5e-06}","{""detection_events"":12,""detectors_checked"":663552}"
      5120,         0,         0,   0.620,decoder_by_matrix,5c8c81bfec719079c388cedc47a351f264c1bf769ae28a89f9b4fc7719fea501,"{""distance"":3,""physical_error_rate"":0.0005}","{""detection_events"":348,""detectors_checked"":276480}"
      5120,         0,         0,   0.485,decoder_by_matrix,beec9fd12293a9cfe53c9b61fb8ce2a525e4eed38fa75d132d6dc64699336876,"{""distance"":3,""physical_error_rate"":0.0001}","{""detection_events"":114,""detectors_checked"":276480}"
      9216,         0,         0,   0.768,decoder_by_matrix,36e3cd26fed5ec7649ec51fb08c1a5e7d7f30e615782d954fee045c18a4962ca,"{""distance"":3,""physical_error_rate"":5e-05}","{""detection_events"":51,""detectors_checked"":497664}"
     16384,         0,         0,   0.768,decoder_by_matrix,e25b8d07214a8afb95d354611a83b9bb1ded39644e323a8585b3aabf687a4fff,"{""distance"":3,""physical_error_rate"":1e-05}","{""detection_events"":18,""detectors_checked"":884736}"
      7168,         0,         0,   0.770,decoder_by_matrix,f854eed952f7ffb52e4f578393718ba880ba0930c78fe51d50828fe06a713055,"{""distance"":3,""physical_error_rate"":0.001}","{""detection_events"":1182,""detectors_checked"":387072}"
     19456,         0,         0,   0.810,decoder_by_matrix,e9839e3017c9ef118c4b8aeafef39e78c11ecbdb89764e9ca676a7dc2fb6d062,"{""distance"":3,""physical_error_rate"":1e-06}","{""detectors_checked"":1050624}"
      7168,         0,         0,   0.770,decoder_by_matrix,f854eed952f7ffb52e4f578393718ba880ba0930c78fe51d50828fe06a713055,"{""distance"":3,""physical_error_rate"":0.001}","{""detection_events"":759,""detectors_checked"":387072}"
     18432,         0,         0,   0.517,decoder_by_matrix,560c721f87db01d4cacf7dcb7d8812fecde61e9e7776d4b9e1b1a792578ecad7,"{""distance"":3,""physical_error_rate"":5e-06}","{""detection_events"":18,""detectors_checked"":995328}"
      8192,         1,         0,   0.772,decoder_by_matrix,5c8c81bfec719079c388cedc47a351f264c1bf769ae28a89f9b4fc7719fea501,"{""distance"":3,""physical_error_rate"":0.0005}","{""detection_events"":477,""detectors_checked"":442368,""obs_mistake_mask=E"":1}"
      8192,         0,         0,   0.814,decoder_by_matrix,beec9fd12293a9cfe53c9b61fb8ce2a525e4eed38fa75d132d6dc64699336876,"{""distance"":3,""physical_error_rate"":0.0001}","{""detection_events"":111,""detectors_checked"":442368}"
     14336,         0,         0,   0.998,decoder_by_matrix,36e3cd26fed5ec7649ec51fb08c1a5e7d7f30e615782d954fee045c18a4962ca,"{""distance"":3,""physical_error_rate"":5e-05}","{""detection_events"":105,""detectors_checked"":774144}"
     15360,         0,         0,   0.803,decoder_by_matrix,e25b8d07214a8afb95d354611a83b9bb1ded39644e323a8585b3aabf687a4fff,"{""distance"":3,""physical_error_rate"":1e-05}","{""detection_events"":30,""detectors_checked"":829440}"
      7168,         0,         0,   0.807,decoder_by_matrix,f854eed952f7ffb52e4f578393718ba880ba0930c78fe51d50828fe06a713055,"{""distance"":3,""physical_error_rate"":0.001}","{""detection_events"":1206,""detectors_checked"":387072}"
     27648,         0,         0,    1.01,decoder_by_matrix,e9839e3017c9ef118c4b8aeafef39e78c11ecbdb89764e9ca676a7dc2fb6d062,"{""distance"":3,""physical_error_rate"":1e-06}","{""detectors_checked"":1492992}"
      7168,         0,         0,   0.797,decoder_by_matrix,beec9fd12293a9cfe53c9b61fb8ce2a525e4eed38fa75d132d6dc64699336876,"{""distance"":3,""physical_error_rate"":0.0001}","{""detection_events"":108,""detectors_checked"":387072}"
      9216,         1,         0,    1.01,decoder_by_matrix,f854eed952f7ffb52e4f578393718ba880ba0930c78fe51d50828fe06a713055,"{""distance"":3,""physical_error_rate"":0.001}","{""detection_events"":1134,""detectors_checked"":497664,""obs_mistake_mask=E"":1}"
     21504,         0,         0,   0.766,decoder_by_matrix,560c721f87db01d4cacf7dcb7d8812fecde61e9e7776d4b9e1b1a792578ecad7,"{""distance"":3,""physical_error_rate"":5e-06}","{""detection_events"":30,""detectors_checked"":1161216}"
      9216,         0,         0,    1.02,decoder_by_matrix,5c8c81bfec719079c388cedc47a351f264c1bf769ae28a89f9b4fc7719fea501,"{""distance"":3,""physical_error_rate"":0.0005}","{""detection_events"":744,""detectors_checked"":497664}"
     17408,         0,         0,    1.26,decoder_by_matrix,36e3cd26fed5ec7649ec51fb08c1a5e7d7f30e615782d954fee045c18a4962ca,"{""distance"":3,""physical_error_rate"":5e-05}","{""detection_events"":120,""detectors_checked"":940032}"
     12288,         0,         0,    1.27,decoder_by_matrix,f854eed952f7ffb52e4f578393718ba880ba0930c78fe51d50828fe06a713055,"{""distance"":3,""physical_error_rate"":0.001}","{""detection_events"":1869,""detectors_checked"":663552}"
     29696,         0,         0,    1.32,decoder_by_matrix,e25b8d07214a8afb95d354611a83b9bb1ded39644e323a8585b3aabf687a4fff,"{""distance"":3,""physical_error_rate"":1e-05}","{""detection_events"":18,""detectors_checked"":1603584}"
     33792,         0,         0,    1.26,decoder_by_matrix,e9839e3017c9ef118c4b8aeafef39e78c11ecbdb89764e9ca676a7dc2fb6d062,"{""distance"":3,""physical_error_rate"":1e-06}","{""detectors_checked"":1824768}"
     15360,         0,         0,    1.28,decoder_by_matrix,beec9fd12293a9cfe53c9b61fb8ce2a525e4eed38fa75d132d6dc64699336876,"{""distance"":3,""physical_error_rate"":0.0001}","{""detection_events"":180,""detectors_checked"":829440}"
     12288,         0,         0,    1.28,decoder_by_matrix,f854eed952f7ffb52e4f578393718ba880ba0930c78fe51d50828fe06a713055,"{""distance"":3,""physical_error_rate"":0.001}","{""detection_events"":1680,""detectors_checked"":663552}"
     32768,         0,         0,    1.28,decoder_by_matrix,560c721f87db01d4cacf7dcb7d8812fecde61e9e7776d4b9e1b1a792578ecad7,"{""distance"":3,""physical_error_rate"":5e-06}","{""detection_events"":6,""detectors_checked"":1769472}"
     12288,         1,         0,    1.03,decoder_by_matrix,5c8c81bfec719079c388cedc47a351f264c1bf769ae28a89f9b4fc7719fea501,"{""distance"":3,""physical_error_rate"":0.0005}","{""detection_events"":954,""detectors_checked"":663552,""obs_mistake_mask=E"":1}"
     18432,         0,         0,    1.57,decoder_by_matrix,36e3cd26fed5ec7649ec51fb08c1a5e7d7f30e615782d954fee045c18a4962ca,"{""distance"":3,""physical_error_rate"":5e-05}","{""detection_events"":147,""detectors_checked"":995328}"
     14336,         2,         0,    1.58,decoder_by_matrix,f854eed952f7ffb52e4f578393718ba880ba0930c78fe51d50828fe06a713055,"{""distance"":3,""physical_error_rate"":0.001}","{""detection_events"":2172,""detectors_checked"":774144,""obs_mistake_mask=E"":2}"
     34816,         0,         0,    1.65,decoder_by_matrix,e25b8d07214a8afb95d354611a83b9bb1ded39644e323a8585b3aabf687a4fff,"{""distance"":3,""physical_error_rate"":1e-05}","{""detection_events"":36,""detectors_checked"":1880064}"
     45056,         0,         0,    1.77,decoder_by_matrix,e9839e3017c9ef118c4b8aeafef39e78c11ecbdb89764e9ca676a7dc2fb6d062,"{""distance"":3,""physical_error_rate"":1e-06}","{""detection_events"":9,""detectors_checked"":2433024}"
     19456,         0,         0,    1.79,decoder_by_matrix,beec9fd12293a9cfe53c9b61fb8ce2a525e4eed38fa75d132d6dc64699336876,"{""distance"":3,""physical_error_rate"":0.0001}","{""detection_events"":276,""detectors_checked"":1050624}"
     17408,         0,         0,    1.79,decoder_by_matrix,f854eed952f7ffb52e4f578393718ba880ba0930c78fe51d50828fe06a713055,"{""distance"":3,""physical_error_rate"":0.001}","{""detection_events"":2466,""detectors_checked"":940032}"
     43008,         0,         0,    1.79,decoder_by_matrix,560c721f87db01d4cacf7dcb7d8812fecde61e9e7776d4b9e1b1a792578ecad7,"{""distance"":3,""physical_error_rate"":5e-06}","{""detection_events"":18,""detectors_checked"":2322432}"
     17408,         2,         0,    1.79,decoder_by_matrix,5c8c81bfec719079c388cedc47a351f264c1bf769ae28a89f9b4fc7719fea501,"{""distance"":3,""physical_error_rate"":0.0005}","{""detection_events"":1398,""detectors_checked"":940032,""obs_mistake_mask=E"":2}"
     27648,         0,         0,    2.29,decoder_by_matrix,36e3cd26fed5ec7649ec51fb08c1a5e7d7f30e615782d954fee045c18a4962ca,"{""distance"":3,""physical_error_rate"":5e-05}","{""detection_events"":228,""detectors_checked"":1492992}"
     22528,         1,         0,    2.35,decoder_by_matrix,f854eed952f7ffb52e4f578393718ba880ba0930c78fe51d50828fe06a713055,"{""distance"":3,""physical_error_rate"":0.001}","{""detection_events"":3273,""detectors_checked"":1216512,""obs_mistake_mask=E"":1}"
     44032,         0,         0,    2.31,decoder_by_matrix,e25b8d07214a8afb95d354611a83b9bb1ded39644e323a8585b3aabf687a4fff,"{""distance"":3,""physical_error_rate"":1e-05}","{""detection_events"":75,""detectors_checked"":2377728}"
     59392,         0,         0,    2.02,decoder_by_matrix,e9839e3017c9ef118c4b8aeafef39e78c11ecbdb89764e9ca676a7dc2fb6d062,"{""distance"":3,""physical_error_rate"":1e-06}","{""detection_events"":6,""detectors_checked"":3207168}"
     21504,         1,         0,    2.30,decoder_by_matrix,f854eed952f7ffb52e4f578393718ba880ba0930c78fe51d50828fe06a713055,"{""distance"":3,""physical_error_rate"":0.001}","{""detection_events"":3093,""detectors_checked"":1161216,""obs_mistake_mask=E"":1}"
     56320,         0,         0,    2.30,decoder_by_matrix,560c721f87db01d4cacf7dcb7d8812fecde61e9e7776d4b9e1b1a792578ecad7,"{""distance"":3,""physical_error_rate"":5e-06}","{""detection_events"":9,""detectors_checked"":3041280}"
     24576,         0,         0,    2.36,decoder_by_matrix,beec9fd12293a9cfe53c9b61fb8ce2a525e4eed38fa75d132d6dc64699336876,"{""distance"":3,""physical_error_rate"":0.0001}","{""detection_events"":357,""detectors_checked"":1327104}"
     22528,         0,         0,    2.31,decoder_by_matrix,5c8c81bfec719079c388cedc47a351f264c1bf769ae28a89f9b4fc7719fea501,"{""distance"":3,""physical_error_rate"":0.0005}","{""detection_events"":1908,""detectors_checked"":1216512}"
     38912,         0,         0,    3.17,decoder_by_matrix,36e3cd26fed5ec7649ec51fb08c1a5e7d7f30e615782d954fee045c18a4962ca,"{""distance"":3,""physical_error_rate"":5e-05}","{""detection_events"":285,""detectors_checked"":2101248}"
     66560,         0,         0,    3.05,decoder_by_matrix,e25b8d07214a8afb95d354611a83b9bb1ded39644e323a8585b3aabf687a4fff,"{""distance"":3,""physical_error_rate"":1e-05}","{""detection_events"":81,""detectors_checked"":3594240}"
     29696,         0,         0,    3.18,decoder_by_matrix,f854eed952f7ffb52e4f578393718ba880ba0930c78fe51d50828fe06a713055,"{""distance"":3,""physical_error_rate"":0.001}","{""detection_events"":4101,""detectors_checked"":1603584}"
     29696,         1,         0,    2.82,decoder_by_matrix,f854eed952f7ffb52e4f578393718ba880ba0930c78fe51d50828fe06a713055,"{""distance"":3,""physical_error_rate"":0.001}","{""detection_events"":4086,""detectors_checked"":1603584,""obs_mistake_mask=E"":1}"
     35840,         0,         0,    2.82,decoder_by_matrix,beec9fd12293a9cfe53c9b61fb8ce2a525e4eed38fa75d132d6dc64699336876,"{""distance"":3,""physical_error_rate"":0.0001}","{""detection_events"":567,""detectors_checked"":1935360}"
     29696,         1,         0,    3.07,decoder_by_matrix,5c8c81bfec719079c388cedc47a351f264c1bf769ae28a89f9b4fc7719fea501,"{""distance"":3,""physical_error_rate"":0.0005}","{""detection_events"":2364,""detectors_checked"":1603584,""obs_mistake_mask=E"":1}"
     76800,         0,         0,    3.08,decoder_by_matrix,560c721f87db01d4cacf7dcb7d8812fecde61e9e7776d4b9e1b1a792578ecad7,"{""distance"":3,""physical_error_rate"":5e-06}","{""detection_events"":42,""detectors_checked"":4147200}"
     89088,         0,         0,    3.04,decoder_by_matrix,e9839e3017c9ef118c4b8aeafef39e78c11ecbdb89764e9ca676a7dc2fb6d062,"{""distance"":3,""physical_error_rate"":1e-06}","{""detectors_checked"":4810752}"
     53248,         0,         0,    3.63,decoder_by_matrix,36e3cd26fed5ec7649ec51fb08c1a5e7d7f30e615782d954fee045c18a4962ca,"{""distance"":3,""physical_error_rate"":5e-05}","{""detection_events"":411,""detectors_checked"":2875392}"
     84992,         0,         0,    4.38,decoder_by_matrix,e25b8d07214a8afb95d354611a83b9bb1ded39644e323a8585b3aabf687a4fff,"{""distance"":3,""physical_error_rate"":1e-05}","{""detection_events"":138,""detectors_checked"":4589568}"
     40960,         4,         0,    4.49,decoder_by_matrix,f854eed952f7ffb52e4f578393718ba880ba0930c78fe51d50828fe06a713055,"{""distance"":3,""physical_error_rate"":0.001}","{""detection_events"":6399,""detectors_checked"":2211840,""obs_mistake_mask=E"":4}"
     45056,         0,         0,    4.27,decoder_by_matrix,beec9fd12293a9cfe53c9b61fb8ce2a525e4eed38fa75d132d6dc64699336876,"{""distance"":3,""physical_error_rate"":0.0001}","{""detection_events"":636,""detectors_checked"":2433024}"
     43008,         2,         0,    4.35,decoder_by_matrix,5c8c81bfec719079c388cedc47a351f264c1bf769ae28a89f9b4fc7719fea501,"{""distance"":3,""physical_error_rate"":0.0005}","{""detection_events"":2979,""detectors_checked"":2322432,""obs_mistake_mask=E"":2}"
    103424,         0,         0,    4.35,decoder_by_matrix,560c721f87db01d4cacf7dcb7d8812fecde61e9e7776d4b9e1b1a792578ecad7,"{""distance"":3,""physical_error_rate"":5e-06}","{""detection_events"":63,""detectors_checked"":5584896}"
     41984,         6,         0,    4.49,decoder_by_matrix,f854eed952f7ffb52e4f578393718ba880ba0930c78fe51d50828fe06a713055,"{""distance"":3,""physical_error_rate"":0.001}","{""detection_events"":6039,""detectors_checked"":2267136,""obs_mistake_mask=E"":6}"
    113664,         0,         0,    4.36,decoder_by_matrix,e9839e3017c9ef118c4b8aeafef39e78c11ecbdb89764e9ca676a7dc2fb6d062,"{""distance"":3,""physical_error_rate"":1e-06}","{""detection_events"":27,""detectors_checked"":6137856}"
     75776,         0,         0,    6.16,decoder_by_matrix,36e3cd26fed5ec7649ec51fb08c1a5e7d7f30e615782d954fee045c18a4962ca,"{""distance"":3,""physical_error_rate"":5e-05}","{""detection_events"":609,""detectors_checked"":4091904}"
    119808,         0,         0,    6.10,decoder_by_matrix,e25b8d07214a8afb95d354611a83b9bb1ded39644e323a8585b3aabf687a4fff,"{""distance"":3,""physical_error_rate"":1e-05}","{""detection_events"":219,""detectors_checked"":6469632}"
     58368,         6,         0,    5.64,decoder_by_matrix,f854eed952f7ffb52e4f578393718ba880ba0930c78fe51d50828fe06a713055,"{""distance"":3,""physical_error_rate"":0.001}","{""detection_events"":8517,""detectors_checked"":3151872,""obs_mistake_mask=E"":6}"
     64512,         0,         0,    6.16,decoder_by_matrix,beec9fd12293a9cfe53c9b61fb8ce2a525e4eed38fa75d132d6dc64699336876,"{""distance"":3,""physical_error_rate"":0.0001}","{""detection_events"":1077,""detectors_checked"":3483648}"
     59392,         2,         0,    6.14,decoder_by_matrix,5c8c81bfec719079c388cedc47a351f264c1bf769ae28a89f9b4fc7719fea501,"{""distance"":3,""physical_error_rate"":0.0005}","{""detection_events"":4272,""detectors_checked"":3207168,""obs_mistake_mask=E"":2}"
    132096,         0,         0,    6.13,decoder_by_matrix,560c721f87db01d4cacf7dcb7d8812fecde61e9e7776d4b9e1b1a792578ecad7,"{""distance"":3,""physical_error_rate"":5e-06}","{""detection_events"":102,""detectors_checked"":7133184}"
     57344,         3,         0,    5.62,decoder_by_matrix,f854eed952f7ffb52e4f578393718ba880ba0930c78fe51d50828fe06a713055,"{""distance"":3,""physical_error_rate"":0.001}","{""detection_events"":8406,""detectors_checked"":3096576,""obs_mistake_mask=E"":3}"
    162816,         0,         0,    5.87,decoder_by_matrix,e9839e3017c9ef118c4b8aeafef39e78c11ecbdb89764e9ca676a7dc2fb6d062,"{""distance"":3,""physical_error_rate"":1e-06}","{""detection_events"":3,""detectors_checked"":8792064}"
    631808,         0,         0,    31.1,decoder_by_matrix,e25b8d07214a8afb95d354611a83b9bb1ded39644e323a8585b3aabf687a4fff,"{""distance"":3,""physical_error_rate"":1e-05}","{""detection_events"":1128,""detectors_checked"":34117632}"
    302080,        20,         0,    31.5,decoder_by_matrix,f854eed952f7ffb52e4f578393718ba880ba0930c78fe51d50828fe06a713055,"{""distance"":3,""physical_error_rate"":0.001}","{""detection_events"":43770,""detectors_checked"":16312320,""obs_mistake_mask=E"":20}"
    742400,         0,         0,    30.6,decoder_by_matrix,560c721f87db01d4cacf7dcb7d8812fecde61e9e7776d4b9e1b1a792578ecad7,"{""distance"":3,""physical_error_rate"":5e-06}","{""detection_events"":612,""detectors_checked"":40089600}"
    397312,         0,         0,    30.5,decoder_by_matrix,36e3cd26fed5ec7649ec51fb08c1a5e7d7f30e615782d954fee045c18a4962ca,"{""distance"":3,""physical_error_rate"":5e-05}","{""detection_events"":3147,""detectors_checked"":21454848}"
    847872,         0,         0,    30.5,decoder_by_matrix,e9839e3017c9ef118c4b8aeafef39e78c11ecbdb89764e9ca676a7dc2fb6d062,"{""distance"":3,""physical_error_rate"":1e-06}","{""detection_events"":87,""detectors_checked"":45785088}"
    108544,         0,         0,    8.32,decoder_by_matrix,36e3cd26fed5ec7649ec51fb08c1a5e7d7f30e615782d954fee045c18a4962ca,"{""distance"":3,""physical_error_rate"":5e-05}","{""detection_events"":747,""detectors_checked"":5861376}"
    178176,         0,         0,    8.33,decoder_by_matrix,e25b8d07214a8afb95d354611a83b9bb1ded39644e323a8585b3aabf687a4fff,"{""distance"":3,""physical_error_rate"":1e-05}","{""detection_events"":204,""detectors_checked"":9621504}"
    311296,         8,         0,    31.9,decoder_by_matrix,5c8c81bfec719079c388cedc47a351f264c1bf769ae28a89f9b4fc7719fea501,"{""distance"":3,""physical_error_rate"":0.0005}","{""detection_events"":22356,""detectors_checked"":16809984,""obs_mistake_mask=E"":8}"
    349184,         1,         0,    31.5,decoder_by_matrix,beec9fd12293a9cfe53c9b61fb8ce2a525e4eed38fa75d132d6dc64699336876,"{""distance"":3,""physical_error_rate"":0.0001}","{""detection_events"":4878,""detectors_checked"":18855936,""obs_mistake_mask=E"":1}"
     87040,         0,         0,    8.41,decoder_by_matrix,beec9fd12293a9cfe53c9b61fb8ce2a525e4eed38fa75d132d6dc64699336876,"{""distance"":3,""physical_error_rate"":0.0001}","{""detection_events"":1605,""detectors_checked"":4700160}"
     79872,         4,         0,    8.32,decoder_by_matrix,f854eed952f7ffb52e4f578393718ba880ba0930c78fe51d50828fe06a713055,"{""distance"":3,""physical_error_rate"":0.001}","{""detection_events"":11772,""detectors_checked"":4313088,""obs_mistake_mask=E"":4}"
    201728,         0,         0,    8.18,decoder_by_matrix,560c721f87db01d4cacf7dcb7d8812fecde61e9e7776d4b9e1b1a792578ecad7,"{""distance"":3,""physical_error_rate"":5e-06}","{""detection_events"":105,""detectors_checked"":10893312}"
     79872,         4,         0,    8.20,decoder_by_matrix,f854eed952f7ffb52e4f578393718ba880ba0930c78fe51d50828fe06a713055,"{""distance"":3,""physical_error_rate"":0.001}","{""detection_events"":11583,""detectors_checked"":4313088,""obs_mistake_mask=E"":4}"
     82944,         1,         0,    8.23,decoder_by_matrix,5c8c81bfec719079c388cedc47a351f264c1bf769ae28a89f9b4fc7719fea501,"{""distance"":3,""physical_error_rate"":0.0005}","{""detection_events"":6144,""detectors_checked"":4478976,""obs_mistake_mask=E"":1}"
    222208,         0,         0,    7.95,decoder_by_matrix,e9839e3017c9ef118c4b8aeafef39e78c11ecbdb89764e9ca676a7dc2fb6d062,"{""distance"":3,""physical_error_rate"":1e-06}","{""detection_events"":24,""detectors_checked"":11999232}"
    586752,         0,         0,    43.9,decoder_by_matrix,36e3cd26fed5ec7649ec51fb08c1a5e7d7f30e615782d954fee045c18a4962ca,"{""distance"":3,""physical_error_rate"":5e-05}","{""detection_events"":4074,""detectors_checked"":31684608}"
    437248,        11,         0,    44.3,decoder_by_matrix,5c8c81bfec719079c388cedc47a351f264c1bf769ae28a89f9b4fc7719fea501,"{""distance"":3,""physical_error_rate"":0.0005}","{""detection_events"":32106,""detectors_checked"":23611392,""obs_mistake_mask=E"":11}"
    570368,         0,         0,    44.1,decoder_by_matrix,36e3cd26fed5ec7649ec51fb08c1a5e7d7f30e615782d954fee045c18a4962ca,"{""distance"":3,""physical_error_rate"":5e-05}","{""detection_events"":4191,""detectors_checked"":30799872}"
   1038336,         0,         0,    42.5,decoder_by_matrix,560c721f87db01d4cacf7dcb7d8812fecde61e9e7776d4b9e1b1a792578ecad7,"{""distance"":3,""physical_error_rate"":5e-06}","{""detection_events"":723,""detectors_checked"":56070144}"
   1049600,         0,         0,    43.2,decoder_by_matrix,560c721f87db01d4cacf7dcb7d8812fecde61e9e7776d4b9e1b1a792578ecad7,"{""distance"":3,""physical_error_rate"":5e-06}","{""detection_events"":729,""detectors_checked"":56678400}"
   1179648,         0,         0,    43.1,decoder_by_matrix,e9839e3017c9ef118c4b8aeafef39e78c11ecbdb89764e9ca676a7dc2fb6d062,"{""distance"":3,""physical_error_rate"":1e-06}","{""detection_events"":174,""detectors_checked"":63700992}"
    924672,         0,         0,    43.6,decoder_by_matrix,e25b8d07214a8afb95d354611a83b9bb1ded39644e323a8585b3aabf687a4fff,"{""distance"":3,""physical_error_rate"":1e-05}","{""detection_events"":1383,""detectors_checked"":49932288}"
    424960,        30,         0,    44.7,decoder_by_matrix,f854eed952f7ffb52e4f578393718ba880ba0930c78fe51d50828fe06a713055,"{""distance"":3,""physical_error_rate"":0.001}","{""detection_events"":61911,""detectors_checked"":22947840,""obs_mistake_mask=E"":30}"
   1067008,         0,         0,    42.3,decoder_by_matrix,560c721f87db01d4cacf7dcb7d8812fecde61e9e7776d4b9e1b1a792578ecad7,"{""distance"":3,""physical_error_rate"":5e-06}","{""detection_events"":651,""detectors_checked"":57618432}"
   1040384,         0,         0,    43.0,decoder_by_matrix,560c721f87db01d4cacf7dcb7d8812fecde61e9e7776d4b9e1b1a792578ecad7,"{""distance"":3,""physical_error_rate"":5e-06}","{""detection_events"":801,""detectors_checked"":56180736}"
    437248,         5,         0,    43.5,decoder_by_matrix,5c8c81bfec719079c388cedc47a351f264c1bf769ae28a89f9b4fc7719fea501,"{""distance"":3,""physical_error_rate"":0.0005}","{""detection_events"":31704,""detectors_checked"":23611392,""obs_mistake_mask=E"":5}"
    434176,         9,         0,    43.2,decoder_by_matrix,5c8c81bfec719079c388cedc47a351f264c1bf769ae28a89f9b4fc7719fea501,"{""distance"":3,""physical_error_rate"":0.0005}","{""detection_events"":32037,""detectors_checked"":23445504,""obs_mistake_mask=E"":9}"
    904192,         0,         0,    43.6,decoder_by_matrix,e25b8d07214a8afb95d354611a83b9bb1ded39644e323a8585b3aabf687a4fff,"{""distance"":3,""physical_error_rate"":1e-05}","{""detection_events"":1404,""detectors_checked"":48826368}"
    424960,        39,         0,    43.9,decoder_by_matrix,f854eed952f7ffb52e4f578393718ba880ba0930c78fe51d50828fe06a713055,"{""distance"":3,""physical_error_rate"":0.001}","{""detection_events"":60903,""detectors_checked"":22947840,""obs_mistake_mask=E"":39}"
    437248,         8,         0,    43.6,decoder_by_matrix,5c8c81bfec719079c388cedc47a351f264c1bf769ae28a89f9b4fc7719fea501,"{""distance"":3,""physical_error_rate"":0.0005}","{""detection_events"":32373,""detectors_checked"":23611392,""obs_mistake_mask=E"":8}"
   1174528,         0,         0,    41.7,decoder_by_matrix,e9839e3017c9ef118c4b8aeafef39e78c11ecbdb89764e9ca676a7dc2fb6d062,"{""distance"":3,""physical_error_rate"":1e-06}","{""detection_events"":156,""detectors_checked"":63424512}"
    421888,        31,         0,    43.5,decoder_by_matrix,f854eed952f7ffb52e4f578393718ba880ba0930c78fe51d50828fe06a713055,"{""distance"":3,""physical_error_rate"":0.001}","{""detection_events"":60729,""detectors_checked"":22781952,""obs_mistake_mask=E"":31}"
   1173504,         0,         0,    44.0,decoder_by_matrix,e9839e3017c9ef118c4b8aeafef39e78c11ecbdb89764e9ca676a7dc2fb6d062,"{""distance"":3,""physical_error_rate"":1e-06}","{""detection_events"":174,""detectors_checked"":63369216}"
    570368,         0,         0,    42.4,decoder_by_matrix,36e3cd26fed5ec7649ec51fb08c1a5e7d7f30e615782d954fee045c18a4962ca,"{""distance"":3,""physical_error_rate"":5e-05}","{""detection_events"":4200,""detectors_checked"":30799872}"
    602112,         0,         0,    43.6,decoder_by_matrix,36e3cd26fed5ec7649ec51fb08c1a5e7d7f30e615782d954fee045c18a4962ca,"{""distance"":3,""physical_error_rate"":5e-05}","{""detection_events"":3975,""detectors_checked"":32514048}"
    940032,         0,         0,    43.9,decoder_by_matrix,e25b8d07214a8afb95d354611a83b9bb1ded39644e323a8585b3aabf687a4fff,"{""distance"":3,""physical_error_rate"":1e-05}","{""detection_events"":1320,""detectors_checked"":50761728}"
    147456,         0,         0,    11.8,decoder_by_matrix,36e3cd26fed5ec7649ec51fb08c1a5e7d7f30e615782d954fee045c18a4962ca,"{""distance"":3,""physical_error_rate"":5e-05}","{""detection_events"":1029,""detectors_checked"":7962624}"
    245760,         0,         0,    11.0,decoder_by_matrix,e25b8d07214a8afb95d354611a83b9bb1ded39644e323a8585b3aabf687a4fff,"{""distance"":3,""physical_error_rate"":1e-05}","{""detection_events"":330,""detectors_checked"":13271040}"
    601088,         0,         0,    44.4,decoder_by_matrix,36e3cd26fed5ec7649ec51fb08c1a5e7d7f30e615782d954fee045c18a4962ca,"{""distance"":3,""physical_error_rate"":5e-05}","{""detection_events"":4053,""detectors_checked"":32458752}"
    492544,         0,         0,    43.6,decoder_by_matrix,beec9fd12293a9cfe53c9b61fb8ce2a525e4eed38fa75d132d6dc64699336876,"{""distance"":3,""physical_error_rate"":0.0001}","{""detection_events"":6897,""detectors_checked"":26597376}"
    934912,         0,         0,    44.5,decoder_by_matrix,e25b8d07214a8afb95d354611a83b9bb1ded39644e323a8585b3aabf687a4fff,"{""distance"":3,""physical_error_rate"":1e-05}","{""detection_events"":1335,""detectors_checked"":50485248}"
    479232,         0,         0,    43.5,decoder_by_matrix,beec9fd12293a9cfe53c9b61fb8ce2a525e4eed38fa75d132d6dc64699336876,"{""distance"":3,""physical_error_rate"":0.0001}","{""detection_events"":6663,""detectors_checked"":25878528}"
   1072128,         0,         0,    42.1,decoder_by_matrix,560c721f87db01d4cacf7dcb7d8812fecde61e9e7776d4b9e1b1a792578ecad7,"{""distance"":3,""physical_error_rate"":5e-06}","{""detection_events"":585,""detectors_checked"":57894912}"
    131072,         0,         0,    11.1,decoder_by_matrix,beec9fd12293a9cfe53c9b61fb8ce2a525e4eed38fa75d132d6dc64699336876,"{""distance"":3,""physical_error_rate"":0.0001}","{""detection_events"":1698,""detectors_checked"":7077888}"
   1181696,         0,         0,    43.4,decoder_by_matrix,e9839e3017c9ef118c4b8aeafef39e78c11ecbdb89764e9ca676a7dc2fb6d062,"{""distance"":3,""physical_error_rate"":1e-06}","{""detection_events"":120,""detectors_checked"":63811584}"
    111616,         6,         0,    11.9,decoder_by_matrix,f854eed952f7ffb52e4f578393718ba880ba0930c78fe51d50828fe06a713055,"{""distance"":3,""physical_error_rate"":0.001}","{""detection_events"":16131,""detectors_checked"":6027264,""obs_mistake_mask=E"":6}"
    270336,         0,         0,    11.0,decoder_by_matrix,560c721f87db01d4cacf7dcb7d8812fecde61e9e7776d4b9e1b1a792578ecad7,"{""distance"":3,""physical_error_rate"":5e-06}","{""detection_events"":216,""detectors_checked"":14598144}"
    111616,         6,         0,    11.3,decoder_by_matrix,f854eed952f7ffb52e4f578393718ba880ba0930c78fe51d50828fe06a713055,"{""distance"":3,""physical_error_rate"":0.001}","{""detection_events"":15987,""detectors_checked"":6027264,""obs_mistake_mask=E"":6}"
    420864,        30,         0,    43.9,decoder_by_matrix,f854eed952f7ffb52e4f578393718ba880ba0930c78fe51d50828fe06a713055,"{""distance"":3,""physical_error_rate"":0.001}","{""detection_events"":61125,""detectors_checked"":22726656,""obs_mistake_mask=E"":30}"
    495616,         0,         0,    44.2,decoder_by_matrix,beec9fd12293a9cfe53c9b61fb8ce2a525e4eed38fa75d132d6dc64699336876,"{""distance"":3,""physical_error_rate"":0.0001}","{""detection_events"":7032,""detectors_checked"":26763264}"
    937984,         0,         0,    43.3,decoder_by_matrix,e25b8d07214a8afb95d354611a83b9bb1ded39644e323a8585b3aabf687a4fff,"{""distance"":3,""physical_error_rate"":1e-05}","{""detection_events"":1305,""detectors_checked"":50651136}"
    115712,         3,         0,    11.9,decoder_by_matrix,5c8c81bfec719079c388cedc47a351f264c1bf769ae28a89f9b4fc7719fea501,"{""distance"":3,""physical_error_rate"":0.0005}","{""detection_events"":8229,""detectors_checked"":6248448,""obs_mistake_mask=E"":3}"
    310272,         0,         0,    11.2,decoder_by_matrix,e9839e3017c9ef118c4b8aeafef39e78c11ecbdb89764e9ca676a7dc2fb6d062,"{""distance"":3,""physical_error_rate"":1e-06}","{""detection_events"":42,""detectors_checked"":16754688}"
    436224,         6,         0,    44.1,decoder_by_matrix,5c8c81bfec719079c388cedc47a351f264c1bf769ae28a89f9b4fc7719fea501,"{""distance"":3,""physical_error_rate"":0.0005}","{""detection_events"":31611,""detectors_checked"":23556096,""obs_mistake_mask=E"":6}"
    491520,         1,         0,    43.8,decoder_by_matrix,beec9fd12293a9cfe53c9b61fb8ce2a525e4eed38fa75d132d6dc64699336876,"{""distance"":3,""physical_error_rate"":0.0001}","{""detection_events"":6696,""detectors_checked"":26542080,""obs_mistake_mask=E"":1}"
    492544,         1,         0,    43.8,decoder_by_matrix,beec9fd12293a9cfe53c9b61fb8ce2a525e4eed38fa75d132d6dc64699336876,"{""distance"":3,""physical_error_rate"":0.0001}","{""detection_events"":7194,""detectors_checked"":26597376,""obs_mistake_mask=E"":1}"
    437248,         7,         0,    44.3,decoder_by_matrix,5c8c81bfec719079c388cedc47a351f264c1bf769ae28a89f9b4fc7719fea501,"{""distance"":3,""physical_error_rate"":0.0005}","{""detection_events"":32340,""detectors_checked"":23611392,""obs_mistake_mask=E"":7}"
    904192,         0,         0,    43.3,decoder_by_matrix,e25b8d07214a8afb95d354611a83b9bb1ded39644e323a8585b3aabf687a4fff,"{""distance"":3,""physical_error_rate"":1e-05}","{""detection_events"":1488,""detectors_checked"":48826368}"
   1047552,         0,         0,    42.5,decoder_by_matrix,560c721f87db01d4cacf7dcb7d8812fecde61e9e7776d4b9e1b1a792578ecad7,"{""distance"":3,""physical_error_rate"":5e-06}","{""detection_events"":654,""detectors_checked"":56567808}"
   1167360,         0,         0,    43.3,decoder_by_matrix,e9839e3017c9ef118c4b8aeafef39e78c11ecbdb89764e9ca676a7dc2fb6d062,"{""distance"":3,""physical_error_rate"":1e-06}","{""detection_events"":198,""detectors_checked"":63037440}"
    585728,         0,         0,    44.1,decoder_by_matrix,36e3cd26fed5ec7649ec51fb08c1a5e7d7f30e615782d954fee045c18a4962ca,"{""distance"":3,""physical_error_rate"":5e-05}","{""detection_events"":4383,""detectors_checked"":31629312}"
    420864,        23,         0,    44.7,decoder_by_matrix,f854eed952f7ffb52e4f578393718ba880ba0930c78fe51d50828fe06a713055,"{""distance"":3,""physical_error_rate"":0.001}","{""detection_events"":61440,""detectors_checked"":22726656,""obs_mistake_mask=E"":23}"
    482304,         1,         0,    44.9,decoder_by_matrix,beec9fd12293a9cfe53c9b61fb8ce2a525e4eed38fa75d132d6dc64699336876,"{""distance"":3,""physical_error_rate"":0.0001}","{""detection_events"":7434,""detectors_checked"":26044416,""obs_mistake_mask=E"":1}"
    424960,        31,         0,    44.8,decoder_by_matrix,f854eed952f7ffb52e4f578393718ba880ba0930c78fe51d50828fe06a713055,"{""distance"":3,""physical_error_rate"":0.001}","{""detection_events"":62007,""detectors_checked"":22947840,""obs_mistake_mask=E"":31}"
   1169408,         0,         0,    43.2,decoder_by_matrix,e9839e3017c9ef118c4b8aeafef39e78c11ecbdb89764e9ca676a7dc2fb6d062,"{""distance"":3,""physical_error_rate"":1e-06}","{""detection_events"":180,""detectors_checked"":63148032}"
    439296,        12,         0,    44.1,decoder_by_matrix,5c8c81bfec719079c388cedc47a351f264c1bf769ae28a89f9b4fc7719fea501,"{""distance"":3,""physical_error_rate"":0.0005}","{""detection_events"":31776,""detectors_checked"":23721984,""obs_mistake_mask=E"":12}"
   1176576,         0,         0,    42.9,decoder_by_matrix,e9839e3017c9ef118c4b8aeafef39e78c11ecbdb89764e9ca676a7dc2fb6d062,"{""distance"":3,""physical_error_rate"":1e-06}","{""detection_events"":123,""detectors_checked"":63535104}"
   1039360,         0,         0,    43.0,decoder_by_matrix,560c721f87db01d4cacf7dcb7d8812fecde61e9e7776d4b9e1b1a792578ecad7,"{""distance"":3,""physical_error_rate"":5e-06}","{""detection_events"":804,""detectors_checked"":56125440}"
    914432,         0,         0,    42.8,decoder_by_matrix,e25b8d07214a8afb95d354611a83b9bb1ded39644e323a8585b3aabf687a4fff,"{""distance"":3,""physical_error_rate"":1e-05}","{""detection_events"":1419,""detectors_checked"":49379328}"
    488448,         1,         0,    44.9,decoder_by_matrix,beec9fd12293a9cfe53c9b61fb8ce2a525e4eed38fa75d132d6dc64699336876,"{""distance"":3,""physical_error_rate"":0.0001}","{""detection_events"":7035,""detectors_checked"":26376192,""obs_mistake_mask=E"":1}"
    421888,        33,         0,    44.7,decoder_by_matrix,f854eed952f7ffb52e4f578393718ba880ba0930c78fe51d50828fe06a713055,"{""distance"":3,""physical_error_rate"":0.001}","{""detection_events"":62865,""detectors_checked"":22781952,""obs_mistake_mask=E"":33}"
    584704,         0,         0,    43.8,decoder_by_matrix,36e3cd26fed5ec7649ec51fb08c1a5e7d7f30e615782d954fee045c18a4962ca,"{""distance"":3,""physical_error_rate"":5e-05}","{""detection_events"":4350,""detectors_checked"":31574016}"
    207872,         0,         0,    16.3,decoder_by_matrix,36e3cd26fed5ec7649ec51fb08c1a5e7d7f30e615782d954fee045c18a4962ca,"{""distance"":3,""physical_error_rate"":5e-05}","{""detection_events"":1542,""detectors_checked"":11225088}"
    360448,         0,         0,    16.1,decoder_by_matrix,e25b8d07214a8afb95d354611a83b9bb1ded39644e323a8585b3aabf687a4fff,"{""distance"":3,""physical_error_rate"":1e-05}","{""detection_events"":435,""detectors_checked"":19464192}"
    153600,        11,         0,    16.4,decoder_by_matrix,f854eed952f7ffb52e4f578393718ba880ba0930c78fe51d50828fe06a713055,"{""distance"":3,""physical_error_rate"":0.001}","{""detection_events"":22608,""detectors_checked"":8294400,""obs_mistake_mask=E"":11}"
    180224,         0,         0,    15.9,decoder_by_matrix,beec9fd12293a9cfe53c9b61fb8ce2a525e4eed38fa75d132d6dc64699336876,"{""distance"":3,""physical_error_rate"":0.0001}","{""detection_events"":2436,""detectors_checked"":9732096}"
    388096,         0,         0,    16.1,decoder_by_matrix,560c721f87db01d4cacf7dcb7d8812fecde61e9e7776d4b9e1b1a792578ecad7,"{""distance"":3,""physical_error_rate"":5e-06}","{""detection_events"":285,""detectors_checked"":20957184}"
    156672,         8,         0,    15.6,decoder_by_matrix,f854eed952f7ffb52e4f578393718ba880ba0930c78fe51d50828fe06a713055,"{""distance"":3,""physical_error_rate"":0.001}","{""detection_events"":22890,""detectors_checked"":8460288,""obs_mistake_mask=E"":8}"
    161792,         3,         0,    16.4,decoder_by_matrix,5c8c81bfec719079c388cedc47a351f264c1bf769ae28a89f9b4fc7719fea501,"{""distance"":3,""physical_error_rate"":0.0005}","{""detection_events"":11571,""detectors_checked"":8736768,""obs_mistake_mask=E"":3}"
    441344,         0,         0,    15.6,decoder_by_matrix,e9839e3017c9ef118c4b8aeafef39e78c11ecbdb89764e9ca676a7dc2fb6d062,"{""distance"":3,""physical_error_rate"":1e-06}","{""detection_events"":33,""detectors_checked"":23832576}"
    926720,         0,         0,    42.8,decoder_by_matrix,e25b8d07214a8afb95d354611a83b9bb1ded39644e323a8585b3aabf687a4fff,"{""distance"":3,""physical_error_rate"":1e-05}","{""detection_events"":1290,""detectors_checked"":50042880}"
    423936,        25,         0,    44.6,decoder_by_matrix,f854eed952f7ffb52e4f578393718ba880ba0930c78fe51d50828fe06a713055,"{""distance"":3,""physical_error_rate"":0.001}","{""detection_events"":60384,""detectors_checked"":22892544,""obs_mistake_mask=E"":25}"
   1058816,         0,         0,    44.0,decoder_by_matrix,560c721f87db01d4cacf7dcb7d8812fecde61e9e7776d4b9e1b1a792578ecad7,"{""distance"":3,""physical_error_rate"":5e-06}","{""detection_events"":786,""detectors_checked"":57176064}"
    587776,         0,         0,    43.0,decoder_by_matrix,36e3cd26fed5ec7649ec51fb08c1a5e7d7f30e615782d954fee045c18a4962ca,"{""distance"":3,""physical_error_rate"":5e-05}","{""detection_events"":4284,""detectors_checked"":31739904}"
   1169408,         0,         0,    43.4,decoder_by_matrix,e9839e3017c9ef118c4b8aeafef39e78c11ecbdb89764e9ca676a7dc2fb6d062,"{""distance"":3,""physical_error_rate"":1e-06}","{""detection_events"":210,""detectors_checked"":63148032}"
    498688,         0,         0,    44.6,decoder_by_matrix,beec9fd12293a9cfe53c9b61fb8ce2a525e4eed38fa75d132d6dc64699336876,"{""distance"":3,""physical_error_rate"":0.0001}","{""detection_events"":6747,""detectors_checked"":26929152}"
    438272,        13,         0,    44.7,decoder_by_matrix,5c8c81bfec719079c388cedc47a351f264c1bf769ae28a89f9b4fc7719fea501,"{""distance"":3,""physical_error_rate"":0.0005}","{""detection_events"":30816,""detectors_checked"":23666688,""obs_mistake_mask=E"":13}"
    285696,         0,         0,    23.1,decoder_by_matrix,36e3cd26fed5ec7649ec51fb08c1a5e7d7f30e615782d954fee045c18a4962ca,"{""distance"":3,""physical_error_rate"":5e-05}","{""detection_events"":2244,""detectors_checked"":15427584}"
    216064,        10,         0,    22.0,decoder_by_matrix,f854eed952f7ffb52e4f578393718ba880ba0930c78fe51d50828fe06a713055,"{""distance"":3,""physical_error_rate"":0.001}","{""detection_events"":31020,""detectors_checked"":11667456,""obs_mistake_mask=E"":10}"
    460800,         0,         0,    21.8,decoder_by_matrix,e25b8d07214a8afb95d354611a83b9bb1ded39644e323a8585b3aabf687a4fff,"{""distance"":3,""physical_error_rate"":1e-05}","{""detection_events"":744,""detectors_checked"":24883200}"
    252928,         0,         0,    22.7,decoder_by_matrix,beec9fd12293a9cfe53c9b61fb8ce2a525e4eed38fa75d132d6dc64699336876,"{""distance"":3,""physical_error_rate"":0.0001}","{""detection_events"":3564,""detectors_checked"":13658112}"
    524288,         0,         0,    22.5,decoder_by_matrix,560c721f87db01d4cacf7dcb7d8812fecde61e9e7776d4b9e1b1a792578ecad7,"{""distance"":3,""physical_error_rate"":5e-06}","{""detection_events"":435,""detectors_checked"":28311552}"
    218112,        23,         0,    22.5,decoder_by_matrix,f854eed952f7ffb52e4f578393718ba880ba0930c78fe51d50828fe06a713055,"{""distance"":3,""physical_error_rate"":0.001}","{""detection_events"":32319,""detectors_checked"":11778048,""obs_mistake_mask=E"":23}"
    604160,         0,         0,    22.0,decoder_by_matrix,e9839e3017c9ef118c4b8aeafef39e78c11ecbdb89764e9ca676a7dc2fb6d062,"{""distance"":3,""physical_error_rate"":1e-06}","{""detection_events"":57,""detectors_checked"":32624640}"
    225280,         3,         0,    22.4,decoder_by_matrix,5c8c81bfec719079c388cedc47a351f264c1bf769ae28a89f9b4fc7719fea501,"{""distance"":3,""physical_error_rate"":0.0005}","{""detection_events"":16173,""detectors_checked"":12165120,""obs_mistake_mask=E"":3}"
    817152,         1,         0,    62.1,decoder_by_matrix,36e3cd26fed5ec7649ec51fb08c1a5e7d7f30e615782d954fee045c18a4962ca,"{""distance"":3,""physical_error_rate"":5e-05}","{""detection_events"":5802,""detectors_checked"":44126208,""obs_mistake_mask=E"":1}"
    614400,         5,         0,    61.1,decoder_by_matrix,5c8c81bfec719079c388cedc47a351f264c1bf769ae28a89f9b4fc7719fea501,"{""distance"":3,""physical_error_rate"":0.0005}","{""detection_events"":43935,""detectors_checked"":33177600,""obs_mistake_mask=E"":5}"
    823296,         0,         0,    61.8,decoder_by_matrix,36e3cd26fed5ec7649ec51fb08c1a5e7d7f30e615782d954fee045c18a4962ca,"{""distance"":3,""physical_error_rate"":5e-05}","{""detection_events"":5943,""detectors_checked"":44457984}"
   1441792,         0,         0,    59.5,decoder_by_matrix,560c721f87db01d4cacf7dcb7d8812fecde61e9e7776d4b9e1b1a792578ecad7,"{""distance"":3,""physical_error_rate"":5e-06}","{""detection_events"":1185,""detectors_checked"":77856768}"
   1443840,         0,         0,    61.1,decoder_by_matrix,560c721f87db01d4cacf7dcb7d8812fecde61e9e7776d4b9e1b1a792578ecad7,"{""distance"":3,""physical_error_rate"":5e-06}","{""detection_events"":1185,""detectors_checked"":77967360}"
    592896,        48,         0,    62.5,decoder_by_matrix,f854eed952f7ffb52e4f578393718ba880ba0930c78fe51d50828fe06a713055,"{""distance"":3,""physical_error_rate"":0.001}","{""detection_events"":87930,""detectors_checked"":32016384,""obs_mistake_mask=E"":48}"
   1667072,         0,         0,    60.1,decoder_by_matrix,e9839e3017c9ef118c4b8aeafef39e78c11ecbdb89764e9ca676a7dc2fb6d062,"{""distance"":3,""physical_error_rate"":1e-06}","{""detection_events"":201,""detectors_checked"":90021888}"
   1305600,         1,         0,    61.5,decoder_by_matrix,e25b8d07214a8afb95d354611a83b9bb1ded39644e323a8585b3aabf687a4fff,"{""distance"":3,""physical_error_rate"":1e-05}","{""detection_events"":1743,""detectors_checked"":70502400,""obs_mistake_mask=E"":1}"
   1482752,         0,         0,    60.8,decoder_by_matrix,560c721f87db01d4cacf7dcb7d8812fecde61e9e7776d4b9e1b1a792578ecad7,"{""distance"":3,""physical_error_rate"":5e-06}","{""detection_events"":1053,""detectors_checked"":80068608}"
   1463296,         0,         0,    61.4,decoder_by_matrix,560c721f87db01d4cacf7dcb7d8812fecde61e9e7776d4b9e1b1a792578ecad7,"{""distance"":3,""physical_error_rate"":5e-06}","{""detection_events"":1059,""detectors_checked"":79017984}"
    593920,        51,         0,    61.5,decoder_by_matrix,f854eed952f7ffb52e4f578393718ba880ba0930c78fe51d50828fe06a713055,"{""distance"":3,""physical_error_rate"":0.001}","{""detection_events"":86565,""detectors_checked"":32071680,""obs_mistake_mask=E"":51}"
    611328,         8,         0,    61.1,decoder_by_matrix,5c8c81bfec719079c388cedc47a351f264c1bf769ae28a89f9b4fc7719fea501,"{""distance"":3,""physical_error_rate"":0.0005}","{""detection_events"":44928,""detectors_checked"":33011712,""obs_mistake_mask=E"":8}"
    614400,         9,         0,    62.2,decoder_by_matrix,5c8c81bfec719079c388cedc47a351f264c1bf769ae28a89f9b4fc7719fea501,"{""distance"":3,""physical_error_rate"":0.0005}","{""detection_events"":43449,""detectors_checked"":33177600,""obs_mistake_mask=E"":9}"
   1261568,         0,         0,    60.4,decoder_by_matrix,e25b8d07214a8afb95d354611a83b9bb1ded39644e323a8585b3aabf687a4fff,"{""distance"":3,""physical_error_rate"":1e-05}","{""detection_events"":1974,""detectors_checked"":68124672}"
   1655808,         0,         0,    60.3,decoder_by_matrix,e9839e3017c9ef118c4b8aeafef39e78c11ecbdb89764e9ca676a7dc2fb6d062,"{""distance"":3,""physical_error_rate"":1e-06}","{""detection_events"":216,""detectors_checked"":89413632}"
    591872,        35,         0,    61.6,decoder_by_matrix,f854eed952f7ffb52e4f578393718ba880ba0930c78fe51d50828fe06a713055,"{""distance"":3,""physical_error_rate"":0.001}","{""detection_events"":86772,""detectors_checked"":31961088,""obs_mistake_mask=E"":35}"
    614400,        14,         0,    61.7,decoder_by_matrix,5c8c81bfec719079c388cedc47a351f264c1bf769ae28a89f9b4fc7719fea501,"{""distance"":3,""physical_error_rate"":0.0005}","{""detection_events"":44604,""detectors_checked"":33177600,""obs_mistake_mask=E"":14}"
   1651712,         0,         0,    59.7,decoder_by_matrix,e9839e3017c9ef118c4b8aeafef39e78c11ecbdb89764e9ca676a7dc2fb6d062,"{""distance"":3,""physical_error_rate"":1e-06}","{""detection_events"":264,""detectors_checked"":89192448}"
    818176,         0,         0,    61.4,decoder_by_matrix,36e3cd26fed5ec7649ec51fb08c1a5e7d7f30e615782d954fee045c18a4962ca,"{""distance"":3,""physical_error_rate"":5e-05}","{""detection_events"":5754,""detectors_checked"":44181504}"
    813056,         0,         0,    62.4,decoder_by_matrix,36e3cd26fed5ec7649ec51fb08c1a5e7d7f30e615782d954fee045c18a4962ca,"{""distance"":3,""physical_error_rate"":5e-05}","{""detection_events"":6084,""detectors_checked"":43905024}"
   1273856,         0,         0,    60.9,decoder_by_matrix,e25b8d07214a8afb95d354611a83b9bb1ded39644e323a8585b3aabf687a4fff,"{""distance"":3,""physical_error_rate"":1e-05}","{""detection_events"":1899,""detectors_checked"":68788224}"
    692224,         0,         0,    61.3,decoder_by_matrix,beec9fd12293a9cfe53c9b61fb8ce2a525e4eed38fa75d132d6dc64699336876,"{""distance"":3,""physical_error_rate"":0.0001}","{""detection_events"":9879,""detectors_checked"":37380096}"
    672768,         0,         0,    61.4,decoder_by_matrix,beec9fd12293a9cfe53c9b61fb8ce2a525e4eed38fa75d132d6dc64699336876,"{""distance"":3,""physical_error_rate"":0.0001}","{""detection_events"":9837,""detectors_checked"":36329472}"
    824320,         0,         0,    61.9,decoder_by_matrix,36e3cd26fed5ec7649ec51fb08c1a5e7d7f30e615782d954fee045c18a4962ca,"{""distance"":3,""physical_error_rate"":5e-05}","{""detection_events"":5985,""detectors_checked"":44513280}"
   1299456,         0,         0,    61.1,decoder_by_matrix,e25b8d07214a8afb95d354611a83b9bb1ded39644e323a8585b3aabf687a4fff,"{""distance"":3,""physical_error_rate"":1e-05}","{""detection_events"":1797,""detectors_checked"":70170624}"
   1432576,         0,         0,    60.3,decoder_by_matrix,560c721f87db01d4cacf7dcb7d8812fecde61e9e7776d4b9e1b1a792578ecad7,"{""distance"":3,""physical_error_rate"":5e-06}","{""detection_events"":1107,""detectors_checked"":77359104}"
   1659904,         0,         0,    61.0,decoder_by_matrix,e9839e3017c9ef118c4b8aeafef39e78c11ecbdb89764e9ca676a7dc2fb6d062,"{""distance"":3,""physical_error_rate"":1e-06}","{""detection_events"":204,""detectors_checked"":89634816}"
    678912,         1,         0,    61.8,decoder_by_matrix,beec9fd12293a9cfe53c9b61fb8ce2a525e4eed38fa75d132d6dc64699336876,"{""distance"":3,""physical_error_rate"":0.0001}","{""detection_events"":10464,""detectors_checked"":36661248,""obs_mistake_mask=E"":1}"
    590848,        36,         0,    61.4,decoder_by_matrix,f854eed952f7ffb52e4f578393718ba880ba0930c78fe51d50828fe06a713055,"{""distance"":3,""physical_error_rate"":0.001}","{""detection_events"":86457,""detectors_checked"":31905792,""obs_mistake_mask=E"":36}"
   1255424,         0,         0,    62.6,decoder_by_matrix,e25b8d07214a8afb95d354611a83b9bb1ded39644e323a8585b3aabf687a4fff,"{""distance"":3,""physical_error_rate"":1e-05}","{""detection_events"":2148,""detectors_checked"":67792896}"
    610304,        14,         0,    61.8,decoder_by_matrix,5c8c81bfec719079c388cedc47a351f264c1bf769ae28a89f9b4fc7719fea501,"{""distance"":3,""physical_error_rate"":0.0005}","{""detection_events"":44754,""detectors_checked"":32956416,""obs_mistake_mask=E"":14}"
    609280,        16,         0,    62.7,decoder_by_matrix,5c8c81bfec719079c388cedc47a351f264c1bf769ae28a89f9b4fc7719fea501,"{""distance"":3,""physical_error_rate"":0.0005}","{""detection_events"":44001,""detectors_checked"":32901120,""obs_mistake_mask=E"":16}"
    684032,         2,         0,    62.5,decoder_by_matrix,beec9fd12293a9cfe53c9b61fb8ce2a525e4eed38fa75d132d6dc64699336876,"{""distance"":3,""physical_error_rate"":0.0001}","{""detection_events"":10287,""detectors_checked"":36937728,""obs_mistake_mask=E"":2}"
    689152,         1,         0,    59.6,decoder_by_matrix,beec9fd12293a9cfe53c9b61fb8ce2a525e4eed38fa75d132d6dc64699336876,"{""distance"":3,""physical_error_rate"":0.0001}","{""detection_events"":9693,""detectors_checked"":37214208,""obs_mistake_mask=E"":1}"
   1297408,         0,         0,    59.9,decoder_by_matrix,e25b8d07214a8afb95d354611a83b9bb1ded39644e323a8585b3aabf687a4fff,"{""distance"":3,""physical_error_rate"":1e-05}","{""detection_events"":1887,""detectors_checked"":70060032}"
   1637376,         0,         0,    59.3,decoder_by_matrix,e9839e3017c9ef118c4b8aeafef39e78c11ecbdb89764e9ca676a7dc2fb6d062,"{""distance"":3,""physical_error_rate"":1e-06}","{""detection_events"":309,""detectors_checked"":88418304}"
   1453056,         0,         0,    61.4,decoder_by_matrix,560c721f87db01d4cacf7dcb7d8812fecde61e9e7776d4b9e1b1a792578ecad7,"{""distance"":3,""physical_error_rate"":5e-06}","{""detection_events"":1116,""detectors_checked"":78465024}"
    812032,         0,         0,    61.6,decoder_by_matrix,36e3cd26fed5ec7649ec51fb08c1a5e7d7f30e615782d954fee045c18a4962ca,"{""distance"":3,""physical_error_rate"":5e-05}","{""detection_events"":5874,""detectors_checked"":43849728}"
    589824,        48,         0,    62.1,decoder_by_matrix,f854eed952f7ffb52e4f578393718ba880ba0930c78fe51d50828fe06a713055,"{""distance"":3,""physical_error_rate"":0.001}","{""detection_events"":85575,""detectors_checked"":31850496,""obs_mistake_mask=E"":48}"
    689152,         0,         0,    60.8,decoder_by_matrix,beec9fd12293a9cfe53c9b61fb8ce2a525e4eed38fa75d132d6dc64699336876,"{""distance"":3,""physical_error_rate"":0.0001}","{""detection_events"":9672,""detectors_checked"":37214208}"
    594944,        39,         0,    61.5,decoder_by_matrix,f854eed952f7ffb52e4f578393718ba880ba0930c78fe51d50828fe06a713055,"{""distance"":3,""physical_error_rate"":0.001}","{""detection_events"":86787,""detectors_checked"":32126976,""obs_mistake_mask=E"":39}"
   1656832,         0,         0,    60.2,decoder_by_matrix,e9839e3017c9ef118c4b8aeafef39e78c11ecbdb89764e9ca676a7dc2fb6d062,"{""distance"":3,""physical_error_rate"":1e-06}","{""detection_events"":186,""detectors_checked"":89468928}"
    615424,         7,         0,    61.7,decoder_by_matrix,5c8c81bfec719079c388cedc47a351f264c1bf769ae28a89f9b4fc7719fea501,"{""distance"":3,""physical_error_rate"":0.0005}","{""detection_events"":44322,""detectors_checked"":33232896,""obs_mistake_mask=E"":7}"
   1643520,         0,         0,    59.8,decoder_by_matrix,e9839e3017c9ef118c4b8aeafef39e78c11ecbdb89764e9ca676a7dc2fb6d062,"{""distance"":3,""physical_error_rate"":1e-06}","{""detection_events"":282,""detectors_checked"":88750080}"
   1284096,         0,         0,    61.8,decoder_by_matrix,e25b8d07214a8afb95d354611a83b9bb1ded39644e323a8585b3aabf687a4fff,"{""distance"":3,""physical_error_rate"":1e-05}","{""detection_events"":2067,""detectors_checked"":69341184}"
   1478656,         0,         0,    59.8,decoder_by_matrix,560c721f87db01d4cacf7dcb7d8812fecde61e9e7776d4b9e1b1a792578ecad7,"{""distance"":3,""physical_error_rate"":5e-06}","{""detection_events"":1029,""detectors_checked"":79847424}"
    690176,         1,         0,    62.9,decoder_by_matrix,beec9fd12293a9cfe53c9b61fb8ce2a525e4eed38fa75d132d6dc64699336876,"{""distance"":3,""physical_error_rate"":0.0001}","{""detection_events"":9840,""detectors_checked"":37269504,""obs_mistake_mask=E"":1}"
    592896,        43,         0,    62.9,decoder_by_matrix,f854eed952f7ffb52e4f578393718ba880ba0930c78fe51d50828fe06a713055,"{""distance"":3,""physical_error_rate"":0.001}","{""detection_events"":85542,""detectors_checked"":32016384,""obs_mistake_mask=E"":43}"
    811008,         0,         0,    61.9,decoder_by_matrix,36e3cd26fed5ec7649ec51fb08c1a5e7d7f30e615782d954fee045c18a4962ca,"{""distance"":3,""physical_error_rate"":5e-05}","{""detection_events"":5844,""detectors_checked"":43794432}"
    396288,         0,         0,    31.2,decoder_by_matrix,36e3cd26fed5ec7649ec51fb08c1a5e7d7f30e615782d954fee045c18a4962ca,"{""distance"":3,""physical_error_rate"":5e-05}","{""detection_events"":3036,""detectors_checked"":21399552}"
    353280,         0,         0,    31.6,decoder_by_matrix,beec9fd12293a9cfe53c9b61fb8ce2a525e4eed38fa75d132d6dc64699336876,"{""distance"":3,""physical_error_rate"":0.0001}","{""detection_events"":5190,""detectors_checked"":19077120}"
    668672,         0,         0,    31.6,decoder_by_matrix,e25b8d07214a8afb95d354611a83b9bb1ded39644e323a8585b3aabf687a4fff,"{""distance"":3,""physical_error_rate"":1e-05}","{""detection_events"":1053,""detectors_checked"":36108288}"
    304128,        18,         0,    31.6,decoder_by_matrix,f854eed952f7ffb52e4f578393718ba880ba0930c78fe51d50828fe06a713055,"{""distance"":3,""physical_error_rate"":0.001}","{""detection_events"":44733,""detectors_checked"":16422912,""obs_mistake_mask=E"":18}"
    303104,        22,         0,    30.9,decoder_by_matrix,f854eed952f7ffb52e4f578393718ba880ba0930c78fe51d50828fe06a713055,"{""distance"":3,""physical_error_rate"":0.001}","{""detection_events"":44229,""detectors_checked"":16367616,""obs_mistake_mask=E"":22}"
    729088,         0,         0,    31.9,decoder_by_matrix,560c721f87db01d4cacf7dcb7d8812fecde61e9e7776d4b9e1b1a792578ecad7,"{""distance"":3,""physical_error_rate"":5e-06}","{""detection_events"":663,""detectors_checked"":39370752}"
    840704,         0,         0,    31.0,decoder_by_matrix,e9839e3017c9ef118c4b8aeafef39e78c11ecbdb89764e9ca676a7dc2fb6d062,"{""distance"":3,""physical_error_rate"":1e-06}","{""detection_events"":153,""detectors_checked"":45398016}"
    315392,         9,         0,    32.1,decoder_by_matrix,5c8c81bfec719079c388cedc47a351f264c1bf769ae28a89f9b4fc7719fea501,"{""distance"":3,""physical_error_rate"":0.0005}","{""detection_events"":22836,""detectors_checked"":17031168,""obs_mistake_mask=E"":9}"
   1300480,         0,         0,    60.1,decoder_by_matrix,e25b8d07214a8afb95d354611a83b9bb1ded39644e323a8585b3aabf687a4fff,"{""distance"":3,""physical_error_rate"":1e-05}","{""detection_events"":1902,""detectors_checked"":70225920}"
   1438720,         0,         0,    57.2,decoder_by_matrix,560c721f87db01d4cacf7dcb7d8812fecde61e9e7776d4b9e1b1a792578ecad7,"{""distance"":3,""physical_error_rate"":5e-06}","{""detection_events"":1101,""detectors_checked"":77690880}"
    593920,        46,         0,    60.9,decoder_by_matrix,f854eed952f7ffb52e4f578393718ba880ba0930c78fe51d50828fe06a713055,"{""distance"":3,""physical_error_rate"":0.001}","{""detection_events"":87501,""detectors_checked"":32071680,""obs_mistake_mask=E"":46}"
    817152,         0,         0,    62.1,decoder_by_matrix,36e3cd26fed5ec7649ec51fb08c1a5e7d7f30e615782d954fee045c18a4962ca,"{""distance"":3,""physical_error_rate"":5e-05}","{""detection_events"":5907,""detectors_checked"":44126208}"
   1637376,         0,         0,    59.7,decoder_by_matrix,e9839e3017c9ef118c4b8aeafef39e78c11ecbdb89764e9ca676a7dc2fb6d062,"{""distance"":3,""physical_error_rate"":1e-06}","{""detection_events"":285,""detectors_checked"":88418304}"
    689152,         0,         0,    62.3,decoder_by_matrix,beec9fd12293a9cfe53c9b61fb8ce2a525e4eed38fa75d132d6dc64699336876,"{""distance"":3,""physical_error_rate"":0.0001}","{""detection_events"":10002,""detectors_checked"":37214208}"
    611328,        16,         0,    62.5,decoder_by_matrix,5c8c81bfec719079c388cedc47a351f264c1bf769ae28a89f9b4fc7719fea501,"{""distance"":3,""physical_error_rate"":0.0005}","{""detection_events"":44751,""detectors_checked"":33011712,""obs_mistake_mask=E"":16}"
    562176,         0,         0,    44.3,decoder_by_matrix,36e3cd26fed5ec7649ec51fb08c1a5e7d7f30e615782d954fee045c18a4962ca,"{""distance"":3,""physical_error_rate"":5e-05}","{""detection_events"":4365,""detectors_checked"":30357504}"
    489472,         0,         0,    44.5,decoder_by_matrix,beec9fd12293a9cfe53c9b61fb8ce2a525e4eed38fa75d132d6dc64699336876,"{""distance"":3,""physical_error_rate"":0.0001}","{""detection_events"":7167,""detectors_checked"":26431488}"
    423936,        28,         0,    44.1,decoder_by_matrix,f854eed952f7ffb52e4f578393718ba880ba0930c78fe51d50828fe06a713055,"{""distance"":3,""physical_error_rate"":0.001}","{""detection_events"":62079,""detectors_checked"":22892544,""obs_mistake_mask=E"":28}"
    945152,         0,         0,    43.1,decoder_by_matrix,e25b8d07214a8afb95d354611a83b9bb1ded39644e323a8585b3aabf687a4fff,"{""distance"":3,""physical_error_rate"":1e-05}","{""detection_events"":1260,""detectors_checked"":51038208}"
    425984,        18,         0,    44.4,decoder_by_matrix,f854eed952f7ffb52e4f578393718ba880ba0930c78fe51d50828fe06a713055,"{""distance"":3,""physical_error_rate"":0.001}","{""detection_events"":61353,""detectors_checked"":23003136,""obs_mistake_mask=E"":18}"
   1038336,         0,         0,    43.7,decoder_by_matrix,560c721f87db01d4cacf7dcb7d8812fecde61e9e7776d4b9e1b1a792578ecad7,"{""distance"":3,""physical_error_rate"":5e-06}","{""detection_events"":810,""detectors_checked"":56070144}"
   1168384,         0,         0,    42.1,decoder_by_matrix,e9839e3017c9ef118c4b8aeafef39e78c11ecbdb89764e9ca676a7dc2fb6d062,"{""distance"":3,""physical_error_rate"":1e-06}","{""detection_events"":234,""detectors_checked"":63092736}"
    439296,         2,         0,    43.6,decoder_by_matrix,5c8c81bfec719079c388cedc47a351f264c1bf769ae28a89f9b4fc7719fea501,"{""distance"":3,""physical_error_rate"":0.0005}","{""detection_events"":32040,""detectors_checked"":23721984,""obs_mistake_mask=E"":2}"
    856064,        20,         0,    85.9,decoder_by_matrix,5c8c81bfec719079c388cedc47a351f264c1bf769ae28a89f9b4fc7719fea501,"{""distance"":3,""physical_error_rate"":0.0005}","{""detection_events"":63096,""detectors_checked"":46227456,""obs_mistake_mask=E"":20}"
   1135616,         0,         0,    86.1,decoder_by_matrix,36e3cd26fed5ec7649ec51fb08c1a5e7d7f30e615782d954fee045c18a4962ca,"{""distance"":3,""physical_error_rate"":5e-05}","{""detection_events"":8004,""detectors_checked"":61323264}"
   1148928,         0,         0,    86.7,decoder_by_matrix,36e3cd26fed5ec7649ec51fb08c1a5e7d7f30e615782d954fee045c18a4962ca,"{""distance"":3,""physical_error_rate"":5e-05}","{""detection_events"":8031,""detectors_checked"":62042112}"
   2036736,         0,         0,    83.7,decoder_by_matrix,560c721f87db01d4cacf7dcb7d8812fecde61e9e7776d4b9e1b1a792578ecad7,"{""distance"":3,""physical_error_rate"":5e-06}","{""detection_events"":1539,""detectors_checked"":109983744}"
   2002944,         0,         0,    83.7,decoder_by_matrix,560c721f87db01d4cacf7dcb7d8812fecde61e9e7776d4b9e1b1a792578ecad7,"{""distance"":3,""physical_error_rate"":5e-06}","{""detection_events"":1644,""detectors_checked"":108158976}"
   1811456,         0,         0,    86.9,decoder_by_matrix,e25b8d07214a8afb95d354611a83b9bb1ded39644e323a8585b3aabf687a4fff,"{""distance"":3,""physical_error_rate"":1e-05}","{""detection_events"":2697,""detectors_checked"":97818624}"
    830464,        51,         0,    88.1,decoder_by_matrix,f854eed952f7ffb52e4f578393718ba880ba0930c78fe51d50828fe06a713055,"{""distance"":3,""physical_error_rate"":0.001}","{""detection_events"":121125,""detectors_checked"":44845056,""obs_mistake_mask=E"":51}"
   2308096,         0,         0,    84.0,decoder_by_matrix,e9839e3017c9ef118c4b8aeafef39e78c11ecbdb89764e9ca676a7dc2fb6d062,"{""distance"":3,""physical_error_rate"":1e-06}","{""detection_events"":354,""detectors_checked"":124637184}"
   2086912,         0,         0,    83.7,decoder_by_matrix,560c721f87db01d4cacf7dcb7d8812fecde61e9e7776d4b9e1b1a792578ecad7,"{""distance"":3,""physical_error_rate"":5e-06}","{""detection_events"":1398,""detectors_checked"":112693248}"
   2054144,         0,         0,    84.6,decoder_by_matrix,560c721f87db01d4cacf7dcb7d8812fecde61e9e7776d4b9e1b1a792578ecad7,"{""distance"":3,""physical_error_rate"":5e-06}","{""detection_events"":1431,""detectors_checked"":110923776}"
    854016,        21,         0,    86.5,decoder_by_matrix,5c8c81bfec719079c388cedc47a351f264c1bf769ae28a89f9b4fc7719fea501,"{""distance"":3,""physical_error_rate"":0.0005}","{""detection_events"":63555,""detectors_checked"":46116864,""obs_mistake_mask=E"":21}"
    856064,        19,         0,    86.2,decoder_by_matrix,5c8c81bfec719079c388cedc47a351f264c1bf769ae28a89f9b4fc7719fea501,"{""distance"":3,""physical_error_rate"":0.0005}","{""detection_events"":61851,""detectors_checked"":46227456,""obs_mistake_mask=E"":19}"
   1802240,         0,         0,    84.9,decoder_by_matrix,e25b8d07214a8afb95d354611a83b9bb1ded39644e323a8585b3aabf687a4fff,"{""distance"":3,""physical_error_rate"":1e-05}","{""detection_events"":2592,""detectors_checked"":97320960}"
    829440,        70,         0,    86.8,decoder_by_matrix,f854eed952f7ffb52e4f578393718ba880ba0930c78fe51d50828fe06a713055,"{""distance"":3,""physical_error_rate"":0.001}","{""detection_events"":122010,""detectors_checked"":44789760,""obs_mistake_mask=E"":70}"
    830464,        66,         0,    86.0,decoder_by_matrix,f854eed952f7ffb52e4f578393718ba880ba0930c78fe51d50828fe06a713055,"{""distance"":3,""physical_error_rate"":0.001}","{""detection_events"":120180,""detectors_checked"":44845056,""obs_mistake_mask=E"":66}"
   2304000,         0,         0,    84.5,decoder_by_matrix,e9839e3017c9ef118c4b8aeafef39e78c11ecbdb89764e9ca676a7dc2fb6d062,"{""distance"":3,""physical_error_rate"":1e-06}","{""detection_events"":336,""detectors_checked"":124416000}"
   2320384,         0,         0,    83.5,decoder_by_matrix,e9839e3017c9ef118c4b8aeafef39e78c11ecbdb89764e9ca676a7dc2fb6d062,"{""distance"":3,""physical_error_rate"":1e-06}","{""detection_events"":300,""detectors_checked"":125300736}"
    858112,        16,         0,    87.6,decoder_by_matrix,5c8c81bfec719079c388cedc47a351f264c1bf769ae28a89f9b4fc7719fea501,"{""distance"":3,""physical_error_rate"":0.0005}","{""detection_events"":62148,""detectors_checked"":46338048,""obs_mistake_mask=E"":16}"
   1167360,         0,         0,    85.0,decoder_by_matrix,36e3cd26fed5ec7649ec51fb08c1a5e7d7f30e615782d954fee045c18a4962ca,"{""distance"":3,""physical_error_rate"":5e-05}","{""detection_events"":8274,""detectors_checked"":63037440}"
   1131520,         1,         0,    87.3,decoder_by_matrix,36e3cd26fed5ec7649ec51fb08c1a5e7d7f30e615782d954fee045c18a4962ca,"{""distance"":3,""physical_error_rate"":5e-05}","{""detection_events"":8286,""detectors_checked"":61102080,""obs_mistake_mask=E"":1}"
    956416,         1,         0,    86.8,decoder_by_matrix,beec9fd12293a9cfe53c9b61fb8ce2a525e4eed38fa75d132d6dc64699336876,"{""distance"":3,""physical_error_rate"":0.0001}","{""detection_events"":14082,""detectors_checked"":51646464,""obs_mistake_mask=E"":1}"
   1831936,         0,         0,    85.8,decoder_by_matrix,e25b8d07214a8afb95d354611a83b9bb1ded39644e323a8585b3aabf687a4fff,"{""distance"":3,""physical_error_rate"":1e-05}","{""detection_events"":2550,""detectors_checked"":98924544}"
   1823744,         0,         0,    85.6,decoder_by_matrix,e25b8d07214a8afb95d354611a83b9bb1ded39644e323a8585b3aabf687a4fff,"{""distance"":3,""physical_error_rate"":1e-05}","{""detection_events"":2538,""detectors_checked"":98482176}"
   2308096,         0,         0,    85.8,decoder_by_matrix,e9839e3017c9ef118c4b8aeafef39e78c11ecbdb89764e9ca676a7dc2fb6d062,"{""distance"":3,""physical_error_rate"":1e-06}","{""detection_events"":378,""detectors_checked"":124637184}"
   2052096,         0,         0,    84.6,decoder_by_matrix,560c721f87db01d4cacf7dcb7d8812fecde61e9e7776d4b9e1b1a792578ecad7,"{""distance"":3,""physical_error_rate"":5e-06}","{""detection_events"":1344,""detectors_checked"":110813184}"
    937984,         0,         0,    86.6,decoder_by_matrix,beec9fd12293a9cfe53c9b61fb8ce2a525e4eed38fa75d132d6dc64699336876,"{""distance"":3,""physical_error_rate"":0.0001}","{""detection_events"":14043,""detectors_checked"":50651136}"
   1140736,         0,         0,    86.8,decoder_by_matrix,36e3cd26fed5ec7649ec51fb08c1a5e7d7f30e615782d954fee045c18a4962ca,"{""distance"":3,""physical_error_rate"":5e-05}","{""detection_events"":7950,""detectors_checked"":61599744}"
    826368,        61,         0,    86.5,decoder_by_matrix,f854eed952f7ffb52e4f578393718ba880ba0930c78fe51d50828fe06a713055,"{""distance"":3,""physical_error_rate"":0.001}","{""detection_events"":119571,""detectors_checked"":44623872,""obs_mistake_mask=E"":61}"
   1853440,         0,         0,    85.5,decoder_by_matrix,e25b8d07214a8afb95d354611a83b9bb1ded39644e323a8585b3aabf687a4fff,"{""distance"":3,""physical_error_rate"":1e-05}","{""detection_events"":2580,""detectors_checked"":100085760}"
    953344,         1,         0,    86.9,decoder_by_matrix,beec9fd12293a9cfe53c9b61fb8ce2a525e4eed38fa75d132d6dc64699336876,"{""distance"":3,""physical_error_rate"":0.0001}","{""detection_events"":13860,""detectors_checked"":51480576,""obs_mistake_mask=E"":1}"
    951296,         0,         0,    86.5,decoder_by_matrix,beec9fd12293a9cfe53c9b61fb8ce2a525e4eed38fa75d132d6dc64699336876,"{""distance"":3,""physical_error_rate"":0.0001}","{""detection_events"":14805,""detectors_checked"":51369984}"
    854016,        12,         0,    86.6,decoder_by_matrix,5c8c81bfec719079c388cedc47a351f264c1bf769ae28a89f9b4fc7719fea501,"{""distance"":3,""physical_error_rate"":0.0005}","{""detection_events"":63078,""detectors_checked"":46116864,""obs_mistake_mask=E"":12}"
    856064,        13,         0,    86.9,decoder_by_matrix,5c8c81bfec719079c388cedc47a351f264c1bf769ae28a89f9b4fc7719fea501,"{""distance"":3,""physical_error_rate"":0.0005}","{""detection_events"":62610,""detectors_checked"":46227456,""obs_mistake_mask=E"":13}"
    952320,         1,         0,    86.4,decoder_by_matrix,beec9fd12293a9cfe53c9b61fb8ce2a525e4eed38fa75d132d6dc64699336876,"{""distance"":3,""physical_error_rate"":0.0001}","{""detection_events"":13944,""detectors_checked"":51425280,""obs_mistake_mask=E"":1}"
   1816576,         0,         0,    85.8,decoder_by_matrix,e25b8d07214a8afb95d354611a83b9bb1ded39644e323a8585b3aabf687a4fff,"{""distance"":3,""physical_error_rate"":1e-05}","{""detection_events"":2685,""detectors_checked"":98095104}"
   2040832,         0,         0,    86.4,decoder_by_matrix,560c721f87db01d4cacf7dcb7d8812fecde61e9e7776d4b9e1b1a792578ecad7,"{""distance"":3,""physical_error_rate"":5e-06}","{""detection_events"":1596,""detectors_checked"":110204928}"
   2295808,         0,         0,    84.6,decoder_by_matrix,e9839e3017c9ef118c4b8aeafef39e78c11ecbdb89764e9ca676a7dc2fb6d062,"{""distance"":3,""physical_error_rate"":1e-06}","{""detection_events"":366,""detectors_checked"":123973632}"
    820224,        69,         0,    87.2,decoder_by_matrix,f854eed952f7ffb52e4f578393718ba880ba0930c78fe51d50828fe06a713055,"{""distance"":3,""physical_error_rate"":0.001}","{""detection_events"":120033,""detectors_checked"":44292096,""obs_mistake_mask=E"":69}"
   1135616,         0,         0,    86.1,decoder_by_matrix,36e3cd26fed5ec7649ec51fb08c1a5e7d7f30e615782d954fee045c18a4962ca,"{""distance"":3,""physical_error_rate"":5e-05}","{""detection_events"":8361,""detectors_checked"":61323264}"
   2285568,         0,         0,    85.6,decoder_by_matrix,e9839e3017c9ef118c4b8aeafef39e78c11ecbdb89764e9ca676a7dc2fb6d062,"{""distance"":3,""physical_error_rate"":1e-06}","{""detection_events"":405,""detectors_checked"":123420672}"
    860160,        11,         0,    87.2,decoder_by_matrix,5c8c81bfec719079c388cedc47a351f264c1bf769ae28a89f9b4fc7719fea501,"{""distance"":3,""physical_error_rate"":0.0005}","{""detection_events"":62934,""detectors_checked"":46448640,""obs_mistake_mask=E"":11}"
    947200,         1,         0,    86.8,decoder_by_matrix,beec9fd12293a9cfe53c9b61fb8ce2a525e4eed38fa75d132d6dc64699336876,"{""distance"":3,""physical_error_rate"":0.0001}","{""detection_events"":14052,""detectors_checked"":51148800,""obs_mistake_mask=E"":1}"
    832512,        45,         0,    86.3,decoder_by_matrix,f854eed952f7ffb52e4f578393718ba880ba0930c78fe51d50828fe06a713055,"{""distance"":3,""physical_error_rate"":0.001}","{""detection_events"":122175,""detectors_checked"":44955648,""obs_mistake_mask=E"":45}"
   2315264,         0,         0,    83.0,decoder_by_matrix,e9839e3017c9ef118c4b8aeafef39e78c11ecbdb89764e9ca676a7dc2fb6d062,"{""distance"":3,""physical_error_rate"":1e-06}","{""detection_events"":291,""detectors_checked"":125024256}"
   1850368,         0,         0,    84.7,decoder_by_matrix,e25b8d07214a8afb95d354611a83b9bb1ded39644e323a8585b3aabf687a4fff,"{""distance"":3,""physical_error_rate"":1e-05}","{""detection_events"":2664,""detectors_checked"":99919872}"
   2022400,         0,         0,    85.3,decoder_by_matrix,560c721f87db01d4cacf7dcb7d8812fecde61e9e7776d4b9e1b1a792578ecad7,"{""distance"":3,""physical_error_rate"":5e-06}","{""detection_events"":1647,""detectors_checked"":109209600}"
    950272,         1,         0,    86.9,decoder_by_matrix,beec9fd12293a9cfe53c9b61fb8ce2a525e4eed38fa75d132d6dc64699336876,"{""distance"":3,""physical_error_rate"":0.0001}","{""detection_events"":14298,""detectors_checked"":51314688,""obs_mistake_mask=E"":1}"
    830464,        54,         0,    86.1,decoder_by_matrix,f854eed952f7ffb52e4f578393718ba880ba0930c78fe51d50828fe06a713055,"{""distance"":3,""physical_error_rate"":0.001}","{""detection_events"":121455,""detectors_checked"":44845056,""obs_mistake_mask=E"":54}"
   1133568,         0,         0,    86.3,decoder_by_matrix,36e3cd26fed5ec7649ec51fb08c1a5e7d7f30e615782d954fee045c18a4962ca,"{""distance"":3,""physical_error_rate"":5e-05}","{""detection_events"":8334,""detectors_checked"":61212672}"
    793600,         0,         0,    61.5,decoder_by_matrix,36e3cd26fed5ec7649ec51fb08c1a5e7d7f30e615782d954fee045c18a4962ca,"{""distance"":3,""physical_error_rate"":5e-05}","{""detection_events"":6021,""detectors_checked"":42854400}"
    685056,         0,         0,    61.5,decoder_by_matrix,beec9fd12293a9cfe53c9b61fb8ce2a525e4eed38fa75d132d6dc64699336876,"{""distance"":3,""physical_error_rate"":0.0001}","{""detection_events"":10116,""detectors_checked"":36993024}"
    590848,        34,         0,    62.0,decoder_by_matrix,f854eed952f7ffb52e4f578393718ba880ba0930c78fe51d50828fe06a713055,"{""distance"":3,""physical_error_rate"":0.001}","{""detection_events"":84300,""detectors_checked"":31905792,""obs_mistake_mask=E"":34}"
   1304576,         0,         0,    60.2,decoder_by_matrix,e25b8d07214a8afb95d354611a83b9bb1ded39644e323a8585b3aabf687a4fff,"{""distance"":3,""physical_error_rate"":1e-05}","{""detection_events"":1770,""detectors_checked"":70447104}"
    595968,        44,         0,    61.8,decoder_by_matrix,f854eed952f7ffb52e4f578393718ba880ba0930c78fe51d50828fe06a713055,"{""distance"":3,""physical_error_rate"":0.001}","{""detection_events"":86889,""detectors_checked"":32182272,""obs_mistake_mask=E"":44}"
   1477632,         0,         0,    60.4,decoder_by_matrix,560c721f87db01d4cacf7dcb7d8812fecde61e9e7776d4b9e1b1a792578ecad7,"{""distance"":3,""physical_error_rate"":5e-06}","{""detection_events"":1017,""detectors_checked"":79792128}"
   1659904,         0,         0,    59.4,decoder_by_matrix,e9839e3017c9ef118c4b8aeafef39e78c11ecbdb89764e9ca676a7dc2fb6d062,"{""distance"":3,""physical_error_rate"":1e-06}","{""detection_events"":252,""detectors_checked"":89634816}"
    614400,        10,         0,    62.2,decoder_by_matrix,5c8c81bfec719079c388cedc47a351f264c1bf769ae28a89f9b4fc7719fea501,"{""distance"":3,""physical_error_rate"":0.0005}","{""detection_events"":44628,""detectors_checked"":33177600,""obs_mistake_mask=E"":10}"
   1819648,         0,         0,    85.5,decoder_by_matrix,e25b8d07214a8afb95d354611a83b9bb1ded39644e323a8585b3aabf687a4fff,"{""distance"":3,""physical_error_rate"":1e-05}","{""detection_events"":2475,""detectors_checked"":98260992}"
   2024448,         0,         0,    85.7,decoder_by_matrix,560c721f87db01d4cacf7dcb7d8812fecde61e9e7776d4b9e1b1a792578ecad7,"{""distance"":3,""physical_error_rate"":5e-06}","{""detection_events"":1743,""detectors_checked"":109320192}"
    829440,        66,         0,    86.7,decoder_by_matrix,f854eed952f7ffb52e4f578393718ba880ba0930c78fe51d50828fe06a713055,"{""distance"":3,""physical_error_rate"":0.001}","{""detection_events"":121296,""detectors_checked"":44789760,""obs_mistake_mask=E"":66}"
   1156096,         0,         0,    86.6,decoder_by_matrix,36e3cd26fed5ec7649ec51fb08c1a5e7d7f30e615782d954fee045c18a4962ca,"{""distance"":3,""physical_error_rate"":5e-05}","{""detection_events"":8295,""detectors_checked"":62429184}"
    963584,         0,         0,    85.9,decoder_by_matrix,beec9fd12293a9cfe53c9b61fb8ce2a525e4eed38fa75d132d6dc64699336876,"{""distance"":3,""physical_error_rate"":0.0001}","{""detection_events"":14172,""detectors_checked"":52033536}"
   2309120,         0,         0,    83.2,decoder_by_matrix,e9839e3017c9ef118c4b8aeafef39e78c11ecbdb89764e9ca676a7dc2fb6d062,"{""distance"":3,""physical_error_rate"":1e-06}","{""detection_events"":321,""detectors_checked"":124692480}"
    857088,        17,         0,    87.3,decoder_by_matrix,5c8c81bfec719079c388cedc47a351f264c1bf769ae28a89f9b4fc7719fea501,"{""distance"":3,""physical_error_rate"":0.0005}","{""detection_events"":62226,""detectors_checked"":46282752,""obs_mistake_mask=E"":17}"
   1108992,         0,         0,    85.6,decoder_by_matrix,36e3cd26fed5ec7649ec51fb08c1a5e7d7f30e615782d954fee045c18a4962ca,"{""distance"":3,""physical_error_rate"":5e-05}","{""detection_events"":8100,""detectors_checked"":59885568}"
    959488,         1,         0,    86.7,decoder_by_matrix,beec9fd12293a9cfe53c9b61fb8ce2a525e4eed38fa75d132d6dc64699336876,"{""distance"":3,""physical_error_rate"":0.0001}","{""detection_events"":14145,""detectors_checked"":51812352,""obs_mistake_mask=E"":1}"
    830464,        55,         0,    86.7,decoder_by_matrix,f854eed952f7ffb52e4f578393718ba880ba0930c78fe51d50828fe06a713055,"{""distance"":3,""physical_error_rate"":0.001}","{""detection_events"":119709,""detectors_checked"":44845056,""obs_mistake_mask=E"":55}"
   1826816,         0,         0,    84.9,decoder_by_matrix,e25b8d07214a8afb95d354611a83b9bb1ded39644e323a8585b3aabf687a4fff,"{""distance"":3,""physical_error_rate"":1e-05}","{""detection_events"":2562,""detectors_checked"":98648064}"
    835584,        50,         0,    86.9,decoder_by_matrix,f854eed952f7ffb52e4f578393718ba880ba0930c78fe51d50828fe06a713055,"{""distance"":3,""physical_error_rate"":0.001}","{""detection_events"":121284,""detectors_checked"":45121536,""obs_mistake_mask=E"":50}"
   2072576,         0,         0,    85.5,decoder_by_matrix,560c721f87db01d4cacf7dcb7d8812fecde61e9e7776d4b9e1b1a792578ecad7,"{""distance"":3,""physical_error_rate"":5e-06}","{""detection_events"":1314,""detectors_checked"":111919104}"
   2322432,         0,         0,    83.5,decoder_by_matrix,e9839e3017c9ef118c4b8aeafef39e78c11ecbdb89764e9ca676a7dc2fb6d062,"{""distance"":3,""physical_error_rate"":1e-06}","{""detection_events"":330,""detectors_checked"":125411328}"
    859136,        21,         0,    86.1,decoder_by_matrix,5c8c81bfec719079c388cedc47a351f264c1bf769ae28a89f9b4fc7719fea501,"{""distance"":3,""physical_error_rate"":0.0005}","{""detection_events"":63234,""detectors_checked"":46393344,""obs_mistake_mask=E"":21}"
   1170432,        20,         0,   117.4,decoder_by_matrix,5c8c81bfec719079c388cedc47a351f264c1bf769ae28a89f9b4fc7719fea501,"{""distance"":3,""physical_error_rate"":0.0005}","{""detection_events"":85365,""detectors_checked"":63203328,""obs_mistake_mask=E"":20}"
   1557504,         0,         0,   116.5,decoder_by_matrix,36e3cd26fed5ec7649ec51fb08c1a5e7d7f30e615782d954fee045c18a4962ca,"{""distance"":3,""physical_error_rate"":5e-05}","{""detection_events"":11385,""detectors_checked"":84105216}"
   1567744,         0,         0,   116.4,decoder_by_matrix,36e3cd26fed5ec7649ec51fb08c1a5e7d7f30e615782d954fee045c18a4962ca,"{""distance"":3,""physical_error_rate"":5e-05}","{""detection_events"":10860,""detectors_checked"":84658176}"
   2733056,         0,         0,   115.3,decoder_by_matrix,560c721f87db01d4cacf7dcb7d8812fecde61e9e7776d4b9e1b1a792578ecad7,"{""distance"":3,""physical_error_rate"":5e-06}","{""detection_events"":2268,""detectors_checked"":147585024}"
   2751488,         0,         0,   115.1,decoder_by_matrix,560c721f87db01d4cacf7dcb7d8812fecde61e9e7776d4b9e1b1a792578ecad7,"{""distance"":3,""physical_error_rate"":5e-06}","{""detection_events"":1989,""detectors_checked"":148580352}"
   2458624,         0,         0,   115.2,decoder_by_matrix,e25b8d07214a8afb95d354611a83b9bb1ded39644e323a8585b3aabf687a4fff,"{""distance"":3,""physical_error_rate"":1e-05}","{""detection_events"":3672,""detectors_checked"":132765696}"
   3135488,         0,         0,   113.8,decoder_by_matrix,e9839e3017c9ef118c4b8aeafef39e78c11ecbdb89764e9ca676a7dc2fb6d062,"{""distance"":3,""physical_error_rate"":1e-06}","{""detection_events"":501,""detectors_checked"":169316352}"
   2781184,         0,         0,   115.5,decoder_by_matrix,560c721f87db01d4cacf7dcb7d8812fecde61e9e7776d4b9e1b1a792578ecad7,"{""distance"":3,""physical_error_rate"":5e-06}","{""detection_events"":2034,""detectors_checked"":150183936}"
   1134592,        73,         0,   118.2,decoder_by_matrix,f854eed952f7ffb52e4f578393718ba880ba0930c78fe51d50828fe06a713055,"{""distance"":3,""physical_error_rate"":0.001}","{""detection_events"":164349,""detectors_checked"":61267968,""obs_mistake_mask=E"":73}"
   2792448,         0,         0,   115.2,decoder_by_matrix,560c721f87db01d4cacf7dcb7d8812fecde61e9e7776d4b9e1b1a792578ecad7,"{""distance"":3,""physical_error_rate"":5e-06}","{""detection_events"":1938,""detectors_checked"":150792192}"
   1167360,        20,         0,   117.6,decoder_by_matrix,5c8c81bfec719079c388cedc47a351f264c1bf769ae28a89f9b4fc7719fea501,"{""distance"":3,""physical_error_rate"":0.0005}","{""detection_events"":84780,""detectors_checked"":63037440,""obs_mistake_mask=E"":20}"
   2480128,         0,         0,   114.5,decoder_by_matrix,e25b8d07214a8afb95d354611a83b9bb1ded39644e323a8585b3aabf687a4fff,"{""distance"":3,""physical_error_rate"":1e-05}","{""detection_events"":3573,""detectors_checked"":133926912}"
   1165312,        21,         0,   117.2,decoder_by_matrix,5c8c81bfec719079c388cedc47a351f264c1bf769ae28a89f9b4fc7719fea501,"{""distance"":3,""physical_error_rate"":0.0005}","{""detection_events"":84780,""detectors_checked"":62926848,""obs_mistake_mask=E"":21}"
   1131520,        75,         0,   117.4,decoder_by_matrix,f854eed952f7ffb52e4f578393718ba880ba0930c78fe51d50828fe06a713055,"{""distance"":3,""physical_error_rate"":0.001}","{""detection_events"":163458,""detectors_checked"":61102080,""obs_mistake_mask=E"":75}"
   1128448,        82,         0,   117.3,decoder_by_matrix,f854eed952f7ffb52e4f578393718ba880ba0930c78fe51d50828fe06a713055,"{""distance"":3,""physical_error_rate"":0.001}","{""detection_events"":164391,""detectors_checked"":60936192,""obs_mistake_mask=E"":82}"
   3138560,         0,         0,   113.5,decoder_by_matrix,e9839e3017c9ef118c4b8aeafef39e78c11ecbdb89764e9ca676a7dc2fb6d062,"{""distance"":3,""physical_error_rate"":1e-06}","{""detection_events"":459,""detectors_checked"":169482240}"
   1573888,         0,         0,   116.2,decoder_by_matrix,36e3cd26fed5ec7649ec51fb08c1a5e7d7f30e615782d954fee045c18a4962ca,"{""distance"":3,""physical_error_rate"":5e-05}","{""detection_events"":11115,""detectors_checked"":84989952}"
   3142656,         0,         0,   112.4,decoder_by_matrix,e9839e3017c9ef118c4b8aeafef39e78c11ecbdb89764e9ca676a7dc2fb6d062,"{""distance"":3,""physical_error_rate"":1e-06}","{""detection_events"":453,""detectors_checked"":169703424}"
   1168384,        11,         0,   118.3,decoder_by_matrix,5c8c81bfec719079c388cedc47a351f264c1bf769ae28a89f9b4fc7719fea501,"{""distance"":3,""physical_error_rate"":0.0005}","{""detection_events"":85659,""detectors_checked"":63092736,""obs_mistake_mask=E"":11}"
   1564672,         0,         0,   116.9,decoder_by_matrix,36e3cd26fed5ec7649ec51fb08c1a5e7d7f30e615782d954fee045c18a4962ca,"{""distance"":3,""physical_error_rate"":5e-05}","{""detection_events"":11229,""detectors_checked"":84492288}"
   3148800,         0,         0,   113.9,decoder_by_matrix,e9839e3017c9ef118c4b8aeafef39e78c11ecbdb89764e9ca676a7dc2fb6d062,"{""distance"":3,""physical_error_rate"":1e-06}","{""detection_events"":444,""detectors_checked"":170035200}"
   2799616,         0,         0,   116.3,decoder_by_matrix,560c721f87db01d4cacf7dcb7d8812fecde61e9e7776d4b9e1b1a792578ecad7,"{""distance"":3,""physical_error_rate"":5e-06}","{""detection_events"":1899,""detectors_checked"":151179264}"
   1533952,         1,         0,   116.9,decoder_by_matrix,36e3cd26fed5ec7649ec51fb08c1a5e7d7f30e615782d954fee045c18a4962ca,"{""distance"":3,""physical_error_rate"":5e-05}","{""detection_events"":11691,""detectors_checked"":82833408,""obs_mistake_mask=E"":1}"
   1299456,         3,         0,   118.1,decoder_by_matrix,beec9fd12293a9cfe53c9b61fb8ce2a525e4eed38fa75d132d6dc64699336876,"{""distance"":3,""physical_error_rate"":0.0001}","{""detection_events"":19020,""detectors_checked"":70170624,""obs_mistake_mask=E"":3}"
   1292288,         2,         0,   116.3,decoder_by_matrix,beec9fd12293a9cfe53c9b61fb8ce2a525e4eed38fa75d132d6dc64699336876,"{""distance"":3,""physical_error_rate"":0.0001}","{""detection_events"":18774,""detectors_checked"":69783552,""obs_mistake_mask=E"":2}"
   2445312,         0,         0,   117.4,decoder_by_matrix,e25b8d07214a8afb95d354611a83b9bb1ded39644e323a8585b3aabf687a4fff,"{""distance"":3,""physical_error_rate"":1e-05}","{""detection_events"":3771,""detectors_checked"":132046848}"
   2464768,         0,         0,   113.6,decoder_by_matrix,e25b8d07214a8afb95d354611a83b9bb1ded39644e323a8585b3aabf687a4fff,"{""distance"":3,""physical_error_rate"":1e-05}","{""detection_events"":3546,""detectors_checked"":133097472}"
   1121280,        86,         0,   118.2,decoder_by_matrix,f854eed952f7ffb52e4f578393718ba880ba0930c78fe51d50828fe06a713055,"{""distance"":3,""physical_error_rate"":0.001}","{""detection_events"":162114,""detectors_checked"":60549120,""obs_mistake_mask=E"":86}"
   1306624,         1,         0,   118.5,decoder_by_matrix,beec9fd12293a9cfe53c9b61fb8ce2a525e4eed38fa75d132d6dc64699336876,"{""distance"":3,""physical_error_rate"":0.0001}","{""detection_events"":19110,""detectors_checked"":70557696,""obs_mistake_mask=E"":1}"
   2453504,         0,         0,   115.8,decoder_by_matrix,e25b8d07214a8afb95d354611a83b9bb1ded39644e323a8585b3aabf687a4fff,"{""distance"":3,""physical_error_rate"":1e-05}","{""detection_events"":3603,""detectors_checked"":132489216}"
   1163264,        25,         0,   117.5,decoder_by_matrix,5c8c81bfec719079c388cedc47a351f264c1bf769ae28a89f9b4fc7719fea501,"{""distance"":3,""physical_error_rate"":0.0005}","{""detection_events"":84252,""detectors_checked"":62816256,""obs_mistake_mask=E"":25}"
   1309696,         2,         0,   116.6,decoder_by_matrix,beec9fd12293a9cfe53c9b61fb8ce2a525e4eed38fa75d132d6dc64699336876,"{""distance"":3,""physical_error_rate"":0.0001}","{""detection_events"":19623,""detectors_checked"":70723584,""obs_mistake_mask=E"":2}"
   1295360,         2,         0,   118.2,decoder_by_matrix,beec9fd12293a9cfe53c9b61fb8ce2a525e4eed38fa75d132d6dc64699336876,"{""distance"":3,""physical_error_rate"":0.0001}","{""detection_events"":18897,""detectors_checked"":69949440,""obs_mistake_mask=E"":2}"
   1165312,        27,         0,   117.1,decoder_by_matrix,5c8c81bfec719079c388cedc47a351f264c1bf769ae28a89f9b4fc7719fea501,"{""distance"":3,""physical_error_rate"":0.0005}","{""detection_events"":84420,""detectors_checked"":62926848,""obs_mistake_mask=E"":27}"
   2767872,         0,         0,   115.4,decoder_by_matrix,560c721f87db01d4cacf7dcb7d8812fecde61e9e7776d4b9e1b1a792578ecad7,"{""distance"":3,""physical_error_rate"":5e-06}","{""detection_events"":2028,""detectors_checked"":149465088}"
   2428928,         0,         0,   117.3,decoder_by_matrix,e25b8d07214a8afb95d354611a83b9bb1ded39644e323a8585b3aabf687a4fff,"{""distance"":3,""physical_error_rate"":1e-05}","{""detection_events"":3891,""detectors_checked"":131162112}"
   3138560,         0,         0,   114.1,decoder_by_matrix,e9839e3017c9ef118c4b8aeafef39e78c11ecbdb89764e9ca676a7dc2fb6d062,"{""distance"":3,""physical_error_rate"":1e-06}","{""detection_events"":477,""detectors_checked"":169482240}"
   1118208,        93,         0,   118.8,decoder_by_matrix,f854eed952f7ffb52e4f578393718ba880ba0930c78fe51d50828fe06a713055,"{""distance"":3,""physical_error_rate"":0.001}","{""detection_events"":163335,""detectors_checked"":60383232,""obs_mistake_mask=E"":93}"
   1553408,         0,         0,   117.0,decoder_by_matrix,36e3cd26fed5ec7649ec51fb08c1a5e7d7f30e615782d954fee045c18a4962ca,"{""distance"":3,""physical_error_rate"":5e-05}","{""detection_events"":11274,""detectors_checked"":83884032}"
   1303552,         2,         0,   117.2,decoder_by_matrix,beec9fd12293a9cfe53c9b61fb8ce2a525e4eed38fa75d132d6dc64699336876,"{""distance"":3,""physical_error_rate"":0.0001}","{""detection_events"":19125,""detectors_checked"":70391808,""obs_mistake_mask=E"":2}"
   3130368,         0,         0,   113.3,decoder_by_matrix,e9839e3017c9ef118c4b8aeafef39e78c11ecbdb89764e9ca676a7dc2fb6d062,"{""distance"":3,""physical_error_rate"":1e-06}","{""detection_events"":444,""detectors_checked"":169039872}"
   1170432,        20,         0,   118.4,decoder_by_matrix,5c8c81bfec719079c388cedc47a351f264c1bf769ae28a89f9b4fc7719fea501,"{""distance"":3,""physical_error_rate"":0.0005}","{""detection_events"":84876,""detectors_checked"":63203328,""obs_mistake_mask=E"":20}"
   3136512,         0,         0,   113.6,decoder_by_matrix,e9839e3017c9ef118c4b8aeafef39e78c11ecbdb89764e9ca676a7dc2fb6d062,"{""distance"":3,""physical_error_rate"":1e-06}","{""detection_events"":474,""detectors_checked"":169371648}"
   1132544,        88,         0,   117.8,decoder_by_matrix,f854eed952f7ffb52e4f578393718ba880ba0930c78fe51d50828fe06a713055,"{""distance"":3,""physical_error_rate"":0.001}","{""detection_events"":164397,""detectors_checked"":61157376,""obs_mistake_mask=E"":88}"
   2487296,         0,         0,   114.0,decoder_by_matrix,e25b8d07214a8afb95d354611a83b9bb1ded39644e323a8585b3aabf687a4fff,"{""distance"":3,""physical_error_rate"":1e-05}","{""detection_events"":3552,""detectors_checked"":134313984}"
   2776064,         0,         0,   113.5,decoder_by_matrix,560c721f87db01d4cacf7dcb7d8812fecde61e9e7776d4b9e1b1a792578ecad7,"{""distance"":3,""physical_error_rate"":5e-06}","{""detection_events"":2070,""detectors_checked"":149907456}"
   1305600,         1,         0,   117.8,decoder_by_matrix,beec9fd12293a9cfe53c9b61fb8ce2a525e4eed38fa75d132d6dc64699336876,"{""distance"":3,""physical_error_rate"":0.0001}","{""detection_events"":18837,""detectors_checked"":70502400,""obs_mistake_mask=E"":1}"
   1124352,        70,         0,   117.0,decoder_by_matrix,f854eed952f7ffb52e4f578393718ba880ba0930c78fe51d50828fe06a713055,"{""distance"":3,""physical_error_rate"":0.001}","{""detection_events"":165249,""detectors_checked"":60715008,""obs_mistake_mask=E"":70}"
   1519616,         0,         0,   118.7,decoder_by_matrix,36e3cd26fed5ec7649ec51fb08c1a5e7d7f30e615782d954fee045c18a4962ca,"{""distance"":3,""physical_error_rate"":5e-05}","{""detection_events"":11313,""detectors_checked"":82059264}"
   2802688,         0,         0,   115.9,decoder_by_matrix,560c721f87db01d4cacf7dcb7d8812fecde61e9e7776d4b9e1b1a792578ecad7,"{""distance"":3,""physical_error_rate"":5e-06}","{""detection_events"":1905,""detectors_checked"":151345152}"
   2462720,         0,         0,   117.0,decoder_by_matrix,e25b8d07214a8afb95d354611a83b9bb1ded39644e323a8585b3aabf687a4fff,"{""distance"":3,""physical_error_rate"":1e-05}","{""detection_events"":3513,""detectors_checked"":132986880}"
   1129472,        91,         0,   118.5,decoder_by_matrix,f854eed952f7ffb52e4f578393718ba880ba0930c78fe51d50828fe06a713055,"{""distance"":3,""physical_error_rate"":0.001}","{""detection_events"":164790,""detectors_checked"":60991488,""obs_mistake_mask=E"":91}"
   1548288,         1,         0,   117.4,decoder_by_matrix,36e3cd26fed5ec7649ec51fb08c1a5e7d7f30e615782d954fee045c18a4962ca,"{""distance"":3,""physical_error_rate"":5e-05}","{""detection_events"":11208,""detectors_checked"":83607552,""obs_mistake_mask=E"":1}"
   1292288,         1,         0,   117.2,decoder_by_matrix,beec9fd12293a9cfe53c9b61fb8ce2a525e4eed38fa75d132d6dc64699336876,"{""distance"":3,""physical_error_rate"":0.0001}","{""detection_events"":19491,""detectors_checked"":69783552,""obs_mistake_mask=E"":1}"
   3154944,         0,         0,   115.0,decoder_by_matrix,e9839e3017c9ef118c4b8aeafef39e78c11ecbdb89764e9ca676a7dc2fb6d062,"{""distance"":3,""physical_error_rate"":1e-06}","{""detection_events"":393,""detectors_checked"":170366976}"
   1164288,        26,         0,   117.3,decoder_by_matrix,5c8c81bfec719079c388cedc47a351f264c1bf769ae28a89f9b4fc7719fea501,"{""distance"":3,""physical_error_rate"":0.0005}","{""detection_events"":83784,""detectors_checked"":62871552,""obs_mistake_mask=E"":26}"
   1501184,         0,         0,   115.2,decoder_by_matrix,36e3cd26fed5ec7649ec51fb08c1a5e7d7f30e615782d954fee045c18a4962ca,"{""distance"":3,""physical_error_rate"":5e-05}","{""detection_events"":11268,""detectors_checked"":81063936}"
   1313792,         3,         0,   116.0,decoder_by_matrix,beec9fd12293a9cfe53c9b61fb8ce2a525e4eed38fa75d132d6dc64699336876,"{""distance"":3,""physical_error_rate"":0.0001}","{""detection_events"":18579,""detectors_checked"":70944768,""obs_mistake_mask=E"":3}"
   1127424,        80,         0,   119.2,decoder_by_matrix,f854eed952f7ffb52e4f578393718ba880ba0930c78fe51d50828fe06a713055,"{""distance"":3,""physical_error_rate"":0.001}","{""detection_events"":164472,""detectors_checked"":60880896,""obs_mistake_mask=E"":80}"
   1134592,        87,         0,   118.6,decoder_by_matrix,f854eed952f7ffb52e4f578393718ba880ba0930c78fe51d50828fe06a713055,"{""distance"":3,""physical_error_rate"":0.001}","{""detection_events"":162393,""detectors_checked"":61267968,""obs_mistake_mask=E"":87}"
   2472960,         0,         0,   116.1,decoder_by_matrix,e25b8d07214a8afb95d354611a83b9bb1ded39644e323a8585b3aabf687a4fff,"{""distance"":3,""physical_error_rate"":1e-05}","{""detection_events"":3561,""detectors_checked"":133539840}"
   2789376,         0,         0,   114.7,decoder_by_matrix,560c721f87db01d4cacf7dcb7d8812fecde61e9e7776d4b9e1b1a792578ecad7,"{""distance"":3,""physical_error_rate"":5e-06}","{""detection_events"":2028,""detectors_checked"":150626304}"
   3151872,         0,         0,   115.4,decoder_by_matrix,e9839e3017c9ef118c4b8aeafef39e78c11ecbdb89764e9ca676a7dc2fb6d062,"{""distance"":3,""physical_error_rate"":1e-06}","{""detection_events"":417,""detectors_checked"":170201088}"
   1163264,        30,         0,   117.6,decoder_by_matrix,5c8c81bfec719079c388cedc47a351f264c1bf769ae28a89f9b4fc7719fea501,"{""distance"":3,""physical_error_rate"":0.0005}","{""detection_events"":84339,""detectors_checked"":62816256,""obs_mistake_mask=E"":30}"
   1168384,        30,         0,   118.1,decoder_by_matrix,5c8c81bfec719079c388cedc47a351f264c1bf769ae28a89f9b4fc7719fea501,"{""distance"":3,""physical_error_rate"":0.0005}","{""detection_events"":84378,""detectors_checked"":63092736,""obs_mistake_mask=E"":30}"
   1558528,         0,         0,   116.7,decoder_by_matrix,36e3cd26fed5ec7649ec51fb08c1a5e7d7f30e615782d954fee045c18a4962ca,"{""distance"":3,""physical_error_rate"":5e-05}","{""detection_events"":11472,""detectors_checked"":84160512}"
   1538048,         0,         0,   117.3,decoder_by_matrix,36e3cd26fed5ec7649ec51fb08c1a5e7d7f30e615782d954fee045c18a4962ca,"{""distance"":3,""physical_error_rate"":5e-05}","{""detection_events"":11478,""detectors_checked"":83054592}"
   2765824,         0,         0,   115.3,decoder_by_matrix,560c721f87db01d4cacf7dcb7d8812fecde61e9e7776d4b9e1b1a792578ecad7,"{""distance"":3,""physical_error_rate"":5e-06}","{""detection_events"":2073,""detectors_checked"":149354496}"
   2753536,         0,         0,   116.0,decoder_by_matrix,560c721f87db01d4cacf7dcb7d8812fecde61e9e7776d4b9e1b1a792578ecad7,"{""distance"":3,""physical_error_rate"":5e-06}","{""detection_events"":2154,""detectors_checked"":148690944}"
   3138560,         0,         0,   112.6,decoder_by_matrix,e9839e3017c9ef118c4b8aeafef39e78c11ecbdb89764e9ca676a7dc2fb6d062,"{""distance"":3,""physical_error_rate"":1e-06}","{""detection_events"":408,""detectors_checked"":169482240}"
   2428928,         0,         0,   115.0,decoder_by_matrix,e25b8d07214a8afb95d354611a83b9bb1ded39644e323a8585b3aabf687a4fff,"{""distance"":3,""physical_error_rate"":1e-05}","{""detection_events"":3645,""detectors_checked"":131162112}"
   1130496,        76,         0,   116.8,decoder_by_matrix,f854eed952f7ffb52e4f578393718ba880ba0930c78fe51d50828fe06a713055,"{""distance"":3,""physical_error_rate"":0.001}","{""detection_events"":162948,""detectors_checked"":61046784,""obs_mistake_mask=E"":76}"
   2796544,         0,         0,   114.2,decoder_by_matrix,560c721f87db01d4cacf7dcb7d8812fecde61e9e7776d4b9e1b1a792578ecad7,"{""distance"":3,""physical_error_rate"":5e-06}","{""detection_events"":1974,""detectors_checked"":151013376}"
   2793472,         0,         0,   115.5,decoder_by_matrix,560c721f87db01d4cacf7dcb7d8812fecde61e9e7776d4b9e1b1a792578ecad7,"{""distance"":3,""physical_error_rate"":5e-06}","{""detection_events"":1980,""detectors_checked"":150847488}"
   2464768,         0,         0,   116.4,decoder_by_matrix,e25b8d07214a8afb95d354611a83b9bb1ded39644e323a8585b3aabf687a4fff,"{""distance"":3,""physical_error_rate"":1e-05}","{""detection_events"":3453,""detectors_checked"":133097472}"
   1167360,        16,         0,   117.3,decoder_by_matrix,5c8c81bfec719079c388cedc47a351f264c1bf769ae28a89f9b4fc7719fea501,"{""distance"":3,""physical_error_rate"":0.0005}","{""detection_events"":85161,""detectors_checked"":63037440,""obs_mistake_mask=E"":16}"
   1130496,        81,         0,   118.5,decoder_by_matrix,f854eed952f7ffb52e4f578393718ba880ba0930c78fe51d50828fe06a713055,"{""distance"":3,""physical_error_rate"":0.001}","{""detection_events"":165873,""detectors_checked"":61046784,""obs_mistake_mask=E"":81}"
   1161216,        22,         0,   118.1,decoder_by_matrix,5c8c81bfec719079c388cedc47a351f264c1bf769ae28a89f9b4fc7719fea501,"{""distance"":3,""physical_error_rate"":0.0005}","{""detection_events"":84015,""detectors_checked"":62705664,""obs_mistake_mask=E"":22}"
   1517568,         0,         0,   118.5,decoder_by_matrix,36e3cd26fed5ec7649ec51fb08c1a5e7d7f30e615782d954fee045c18a4962ca,"{""distance"":3,""physical_error_rate"":5e-05}","{""detection_events"":11694,""detectors_checked"":81948672}"
   3122176,         0,         0,   114.9,decoder_by_matrix,e9839e3017c9ef118c4b8aeafef39e78c11ecbdb89764e9ca676a7dc2fb6d062,"{""distance"":3,""physical_error_rate"":1e-06}","{""detection_events"":495,""detectors_checked"":168597504}"
   1127424,        85,         0,   118.6,decoder_by_matrix,f854eed952f7ffb52e4f578393718ba880ba0930c78fe51d50828fe06a713055,"{""distance"":3,""physical_error_rate"":0.001}","{""detection_events"":163578,""detectors_checked"":60880896,""obs_mistake_mask=E"":85}"
   1166336,        24,         0,   116.5,decoder_by_matrix,5c8c81bfec719079c388cedc47a351f264c1bf769ae28a89f9b4fc7719fea501,"{""distance"":3,""physical_error_rate"":0.0005}","{""detection_events"":83271,""detectors_checked"":62982144,""obs_mistake_mask=E"":24}"
   3152896,         0,         0,   115.1,decoder_by_matrix,e9839e3017c9ef118c4b8aeafef39e78c11ecbdb89764e9ca676a7dc2fb6d062,"{""distance"":3,""physical_error_rate"":1e-06}","{""detection_events"":366,""detectors_checked"":170256384}"
   1542144,         0,         0,   116.1,decoder_by_matrix,36e3cd26fed5ec7649ec51fb08c1a5e7d7f30e615782d954fee045c18a4962ca,"{""distance"":3,""physical_error_rate"":5e-05}","{""detection_events"":11295,""detectors_checked"":83275776}"
   3165184,         0,         0,   114.8,decoder_by_matrix,e9839e3017c9ef118c4b8aeafef39e78c11ecbdb89764e9ca676a7dc2fb6d062,"{""distance"":3,""physical_error_rate"":1e-06}","{""detection_events"":348,""detectors_checked"":170919936}"
   1312768,         1,         0,   117.6,decoder_by_matrix,beec9fd12293a9cfe53c9b61fb8ce2a525e4eed38fa75d132d6dc64699336876,"{""distance"":3,""physical_error_rate"":0.0001}","{""detection_events"":19206,""detectors_checked"":70889472,""obs_mistake_mask=E"":1}"
   2747392,         0,         0,   116.9,decoder_by_matrix,560c721f87db01d4cacf7dcb7d8812fecde61e9e7776d4b9e1b1a792578ecad7,"{""distance"":3,""physical_error_rate"":5e-06}","{""detection_events"":2028,""detectors_checked"":148359168}"
   1575936,         0,         0,   116.9,decoder_by_matrix,36e3cd26fed5ec7649ec51fb08c1a5e7d7f30e615782d954fee045c18a4962ca,"{""distance"":3,""physical_error_rate"":5e-05}","{""detection_events"":11091,""detectors_checked"":85100544}"
   1282048,         0,         0,   118.4,decoder_by_matrix,beec9fd12293a9cfe53c9b61fb8ce2a525e4eed38fa75d132d6dc64699336876,"{""distance"":3,""physical_error_rate"":0.0001}","{""detection_events"":18906,""detectors_checked"":69230592}"
   2469888,         0,         0,   115.6,decoder_by_matrix,e25b8d07214a8afb95d354611a83b9bb1ded39644e323a8585b3aabf687a4fff,"{""distance"":3,""physical_error_rate"":1e-05}","{""detection_events"":3630,""detectors_checked"":133373952}"
   2463744,         0,         0,   116.9,decoder_by_matrix,e25b8d07214a8afb95d354611a83b9bb1ded39644e323a8585b3aabf687a4fff,"{""distance"":3,""physical_error_rate"":1e-05}","{""detection_events"":3345,""detectors_checked"":133042176}"
   1120256,        83,         0,   116.8,decoder_by_matrix,f854eed952f7ffb52e4f578393718ba880ba0930c78fe51d50828fe06a713055,"{""distance"":3,""physical_error_rate"":0.001}","{""detection_events"":162189,""detectors_checked"":60493824,""obs_mistake_mask=E"":83}"
   2477056,         0,         0,   113.6,decoder_by_matrix,e25b8d07214a8afb95d354611a83b9bb1ded39644e323a8585b3aabf687a4fff,"{""distance"":3,""physical_error_rate"":1e-05}","{""detection_events"":3465,""detectors_checked"":133761024}"
   1310720,         1,         0,   118.4,decoder_by_matrix,beec9fd12293a9cfe53c9b61fb8ce2a525e4eed38fa75d132d6dc64699336876,"{""distance"":3,""physical_error_rate"":0.0001}","{""detection_events"":19017,""detectors_checked"":70778880,""obs_mistake_mask=E"":1}"
   1305600,         3,         0,   118.3,decoder_by_matrix,beec9fd12293a9cfe53c9b61fb8ce2a525e4eed38fa75d132d6dc64699336876,"{""distance"":3,""physical_error_rate"":0.0001}","{""detection_events"":19191,""detectors_checked"":70502400,""obs_mistake_mask=E"":3}"
   1162240,        16,         0,   117.7,decoder_by_matrix,5c8c81bfec719079c388cedc47a351f264c1bf769ae28a89f9b4fc7719fea501,"{""distance"":3,""physical_error_rate"":0.0005}","{""detection_events"":85947,""detectors_checked"":62760960,""obs_mistake_mask=E"":16}"
   1300480,         1,         0,   116.4,decoder_by_matrix,beec9fd12293a9cfe53c9b61fb8ce2a525e4eed38fa75d132d6dc64699336876,"{""distance"":3,""physical_error_rate"":0.0001}","{""detection_events"":18879,""detectors_checked"":70225920,""obs_mistake_mask=E"":1}"
   1165312,        15,         0,   117.1,decoder_by_matrix,5c8c81bfec719079c388cedc47a351f264c1bf769ae28a89f9b4fc7719fea501,"{""distance"":3,""physical_error_rate"":0.0005}","{""detection_events"":83865,""detectors_checked"":62926848,""obs_mistake_mask=E"":15}"
   2772992,         0,         0,   115.5,decoder_by_matrix,560c721f87db01d4cacf7dcb7d8812fecde61e9e7776d4b9e1b1a792578ecad7,"{""distance"":3,""physical_error_rate"":5e-06}","{""detection_events"":2118,""detectors_checked"":149741568}"
   2418688,         0,         0,   115.0,decoder_by_matrix,e25b8d07214a8afb95d354611a83b9bb1ded39644e323a8585b3aabf687a4fff,"{""distance"":3,""physical_error_rate"":1e-05}","{""detection_events"":3771,""detectors_checked"":130609152}"
   3145728,         0,         0,   115.2,decoder_by_matrix,e9839e3017c9ef118c4b8aeafef39e78c11ecbdb89764e9ca676a7dc2fb6d062,"{""distance"":3,""physical_error_rate"":1e-06}","{""detection_events"":396,""detectors_checked"":169869312}"
   1543168,         1,         0,   118.7,decoder_by_matrix,36e3cd26fed5ec7649ec51fb08c1a5e7d7f30e615782d954fee045c18a4962ca,"{""distance"":3,""physical_error_rate"":5e-05}","{""detection_events"":11352,""detectors_checked"":83331072,""obs_mistake_mask=E"":1}"
   1118208,        70,         0,   118.5,decoder_by_matrix,f854eed952f7ffb52e4f578393718ba880ba0930c78fe51d50828fe06a713055,"{""distance"":3,""physical_error_rate"":0.001}","{""detection_events"":163242,""detectors_checked"":60383232,""obs_mistake_mask=E"":70}"
   3132416,         0,         0,   114.4,decoder_by_matrix,e9839e3017c9ef118c4b8aeafef39e78c11ecbdb89764e9ca676a7dc2fb6d062,"{""distance"":3,""physical_error_rate"":1e-06}","{""detection_events"":447,""detectors_checked"":169150464}"
   1170432,        24,         0,   118.0,decoder_by_matrix,5c8c81bfec719079c388cedc47a351f264c1bf769ae28a89f9b4fc7719fea501,"{""distance"":3,""physical_error_rate"":0.0005}","{""detection_events"":84690,""detectors_checked"":63203328,""obs_mistake_mask=E"":24}"
   1132544,        76,         0,   117.2,decoder_by_matrix,f854eed952f7ffb52e4f578393718ba880ba0930c78fe51d50828fe06a713055,"{""distance"":3,""physical_error_rate"":0.001}","{""detection_events"":164661,""detectors_checked"":61157376,""obs_mistake_mask=E"":76}"
   1303552,         1,         0,   115.9,decoder_by_matrix,beec9fd12293a9cfe53c9b61fb8ce2a525e4eed38fa75d132d6dc64699336876,"{""distance"":3,""physical_error_rate"":0.0001}","{""detection_events"":18906,""detectors_checked"":70391808,""obs_mistake_mask=E"":1}"
   3127296,         0,         0,   116.8,decoder_by_matrix,e9839e3017c9ef118c4b8aeafef39e78c11ecbdb89764e9ca676a7dc2fb6d062,"{""distance"":3,""physical_error_rate"":1e-06}","{""detection_events"":576,""detectors_checked"":168873984}"
   2439168,         0,         0,   114.1,decoder_by_matrix,e25b8d07214a8afb95d354611a83b9bb1ded39644e323a8585b3aabf687a4fff,"{""distance"":3,""physical_error_rate"":1e-05}","{""detection_events"":3501,""detectors_checked"":131715072}"
   2826240,         0,         0,   114.5,decoder_by_matrix,560c721f87db01d4cacf7dcb7d8812fecde61e9e7776d4b9e1b1a792578ecad7,"{""distance"":3,""physical_error_rate"":5e-06}","{""detection_events"":1833,""detectors_checked"":152616960}"
   1302528,         2,         0,   117.3,decoder_by_matrix,beec9fd12293a9cfe53c9b61fb8ce2a525e4eed38fa75d132d6dc64699336876,"{""distance"":3,""physical_error_rate"":0.0001}","{""detection_events"":18882,""detectors_checked"":70336512,""obs_mistake_mask=E"":2}"
   1129472,        76,         0,   118.5,decoder_by_matrix,f854eed952f7ffb52e4f578393718ba880ba0930c78fe51d50828fe06a713055,"{""distance"":3,""physical_error_rate"":0.001}","{""detection_events"":163077,""detectors_checked"":60991488,""obs_mistake_mask=E"":76}"
   1524736,         1,         0,   117.3,decoder_by_matrix,36e3cd26fed5ec7649ec51fb08c1a5e7d7f30e615782d954fee045c18a4962ca,"{""distance"":3,""physical_error_rate"":5e-05}","{""detection_events"":11238,""detectors_checked"":82335744,""obs_mistake_mask=E"":1}"
   2371584,         0,         0,   115.2,decoder_by_matrix,e25b8d07214a8afb95d354611a83b9bb1ded39644e323a8585b3aabf687a4fff,"{""distance"":3,""physical_error_rate"":1e-05}","{""detection_events"":3966,""detectors_checked"":128065536}"
   2811904,         0,         0,   114.6,decoder_by_matrix,560c721f87db01d4cacf7dcb7d8812fecde61e9e7776d4b9e1b1a792578ecad7,"{""distance"":3,""physical_error_rate"":5e-06}","{""detection_events"":1935,""detectors_checked"":151842816}"
   1128448,        88,         0,   118.3,decoder_by_matrix,f854eed952f7ffb52e4f578393718ba880ba0930c78fe51d50828fe06a713055,"{""distance"":3,""physical_error_rate"":0.001}","{""detection_events"":163731,""detectors_checked"":60936192,""obs_mistake_mask=E"":88}"
   1548288,         1,         0,   117.9,decoder_by_matrix,36e3cd26fed5ec7649ec51fb08c1a5e7d7f30e615782d954fee045c18a4962ca,"{""distance"":3,""physical_error_rate"":5e-05}","{""detection_events"":11394,""detectors_checked"":83607552,""obs_mistake_mask=E"":1}"
   1302528,         1,         0,   118.2,decoder_by_matrix,beec9fd12293a9cfe53c9b61fb8ce2a525e4eed38fa75d132d6dc64699336876,"{""distance"":3,""physical_error_rate"":0.0001}","{""detection_events"":18546,""detectors_checked"":70336512,""obs_mistake_mask=E"":1}"
   3127296,         0,         0,   115.8,decoder_by_matrix,e9839e3017c9ef118c4b8aeafef39e78c11ecbdb89764e9ca676a7dc2fb6d062,"{""distance"":3,""physical_error_rate"":1e-06}","{""detection_events"":495,""detectors_checked"":168873984}"
   1165312,        29,         0,   117.7,decoder_by_matrix,5c8c81bfec719079c388cedc47a351f264c1bf769ae28a89f9b4fc7719fea501,"{""distance"":3,""physical_error_rate"":0.0005}","{""detection_events"":84942,""detectors_checked"":62926848,""obs_mistake_mask=E"":29}"
   1518592,         0,         0,   116.7,decoder_by_matrix,36e3cd26fed5ec7649ec51fb08c1a5e7d7f30e615782d954fee045c18a4962ca,"{""distance"":3,""physical_error_rate"":5e-05}","{""detection_events"":10980,""detectors_checked"":82003968}"
   1311744,         0,         0,   116.6,decoder_by_matrix,beec9fd12293a9cfe53c9b61fb8ce2a525e4eed38fa75d132d6dc64699336876,"{""distance"":3,""physical_error_rate"":0.0001}","{""detection_events"":19134,""detectors_checked"":70834176}"
   1129472,       104,         0,   118.6,decoder_by_matrix,f854eed952f7ffb52e4f578393718ba880ba0930c78fe51d50828fe06a713055,"{""distance"":3,""physical_error_rate"":0.001}","{""detection_events"":162801,""detectors_checked"":60991488,""obs_mistake_mask=E"":104}"
   2470912,         0,         0,   114.7,decoder_by_matrix,e25b8d07214a8afb95d354611a83b9bb1ded39644e323a8585b3aabf687a4fff,"{""distance"":3,""physical_error_rate"":1e-05}","{""detection_events"":3474,""detectors_checked"":133429248}"
   2778112,         0,         0,   113.4,decoder_by_matrix,560c721f87db01d4cacf7dcb7d8812fecde61e9e7776d4b9e1b1a792578ecad7,"{""distance"":3,""physical_error_rate"":5e-06}","{""detection_events"":2019,""detectors_checked"":150018048}"
   1136640,        80,         0,   117.4,decoder_by_matrix,f854eed952f7ffb52e4f578393718ba880ba0930c78fe51d50828fe06a713055,"{""distance"":3,""physical_error_rate"":0.001}","{""detection_events"":165588,""detectors_checked"":61378560,""obs_mistake_mask=E"":80}"
   3125248,         0,         0,   115.9,decoder_by_matrix,e9839e3017c9ef118c4b8aeafef39e78c11ecbdb89764e9ca676a7dc2fb6d062,"{""distance"":3,""physical_error_rate"":1e-06}","{""detection_events"":492,""detectors_checked"":168763392}"
   1166336,        21,         0,   117.3,decoder_by_matrix,5c8c81bfec719079c388cedc47a351f264c1bf769ae28a89f9b4fc7719fea501,"{""distance"":3,""physical_error_rate"":0.0005}","{""detection_events"":86724,""detectors_checked"":62982144,""obs_mistake_mask=E"":21}"
   1570816,         0,         0,   117.0,decoder_by_matrix,36e3cd26fed5ec7649ec51fb08c1a5e7d7f30e615782d954fee045c18a4962ca,"{""distance"":3,""physical_error_rate"":5e-05}","{""detection_events"":10716,""detectors_checked"":84824064}"
   1167360,        28,         0,   117.1,decoder_by_matrix,5c8c81bfec719079c388cedc47a351f264c1bf769ae28a89f9b4fc7719fea501,"{""distance"":3,""physical_error_rate"":0.0005}","{""detection_events"":85293,""detectors_checked"":63037440,""obs_mistake_mask=E"":28}"
   1567744,         0,         0,   116.6,decoder_by_matrix,36e3cd26fed5ec7649ec51fb08c1a5e7d7f30e615782d954fee045c18a4962ca,"{""distance"":3,""physical_error_rate"":5e-05}","{""detection_events"":11349,""detectors_checked"":84658176}"
   2774016,         0,         0,   115.4,decoder_by_matrix,560c721f87db01d4cacf7dcb7d8812fecde61e9e7776d4b9e1b1a792578ecad7,"{""distance"":3,""physical_error_rate"":5e-06}","{""detection_events"":2004,""detectors_checked"":149796864}"
   2735104,         0,         0,   115.6,decoder_by_matrix,560c721f87db01d4cacf7dcb7d8812fecde61e9e7776d4b9e1b1a792578ecad7,"{""distance"":3,""physical_error_rate"":5e-06}","{""detection_events"":2109,""detectors_checked"":147695616}"
   1129472,        91,         0,   118.5,decoder_by_matrix,f854eed952f7ffb52e4f578393718ba880ba0930c78fe51d50828fe06a713055,"{""distance"":3,""physical_error_rate"":0.001}","{""detection_events"":166662,""detectors_checked"":60991488,""obs_mistake_mask=E"":91}"
   2463744,         1,         0,   115.6,decoder_by_matrix,e25b8d07214a8afb95d354611a83b9bb1ded39644e323a8585b3aabf687a4fff,"{""distance"":3,""physical_error_rate"":1e-05}","{""detection_events"":3489,""detectors_checked"":133042176,""obs_mistake_mask=E"":1}"
   3160064,         0,         0,   115.3,decoder_by_matrix,e9839e3017c9ef118c4b8aeafef39e78c11ecbdb89764e9ca676a7dc2fb6d062,"{""distance"":3,""physical_error_rate"":1e-06}","{""detection_events"":387,""detectors_checked"":170643456}"
   2774016,         0,         0,   116.5,decoder_by_matrix,560c721f87db01d4cacf7dcb7d8812fecde61e9e7776d4b9e1b1a792578ecad7,"{""distance"":3,""physical_error_rate"":5e-06}","{""detection_events"":2172,""detectors_checked"":149796864}"
   2470912,         0,         0,   115.7,decoder_by_matrix,e25b8d07214a8afb95d354611a83b9bb1ded39644e323a8585b3aabf687a4fff,"{""distance"":3,""physical_error_rate"":1e-05}","{""detection_events"":3540,""detectors_checked"":133429248}"
   2741248,         0,         0,   115.8,decoder_by_matrix,560c721f87db01d4cacf7dcb7d8812fecde61e9e7776d4b9e1b1a792578ecad7,"{""distance"":3,""physical_error_rate"":5e-06}","{""detection_events"":2106,""detectors_checked"":148027392}"
   1169408,        23,         0,   117.3,decoder_by_matrix,5c8c81bfec719079c388cedc47a351f264c1bf769ae28a89f9b4fc7719fea501,"{""distance"":3,""physical_error_rate"":0.0005}","{""detection_events"":84789,""detectors_checked"":63148032,""obs_mistake_mask=E"":23}"
   1128448,        71,         0,   117.8,decoder_by_matrix,f854eed952f7ffb52e4f578393718ba880ba0930c78fe51d50828fe06a713055,"{""distance"":3,""physical_error_rate"":0.001}","{""detection_events"":165786,""detectors_checked"":60936192,""obs_mistake_mask=E"":71}"
   1522688,         0,         0,   115.2,decoder_by_matrix,36e3cd26fed5ec7649ec51fb08c1a5e7d7f30e615782d954fee045c18a4962ca,"{""distance"":3,""physical_error_rate"":5e-05}","{""detection_events"":11175,""detectors_checked"":82225152}"
   1164288,        17,         0,   116.1,decoder_by_matrix,5c8c81bfec719079c388cedc47a351f264c1bf769ae28a89f9b4fc7719fea501,"{""distance"":3,""physical_error_rate"":0.0005}","{""detection_events"":84414,""detectors_checked"":62871552,""obs_mistake_mask=E"":17}"
   3148800,         0,         0,   114.5,decoder_by_matrix,e9839e3017c9ef118c4b8aeafef39e78c11ecbdb89764e9ca676a7dc2fb6d062,"{""distance"":3,""physical_error_rate"":1e-06}","{""detection_events"":453,""detectors_checked"":170035200}"
   3107840,         0,         0,   114.7,decoder_by_matrix,e9839e3017c9ef118c4b8aeafef39e78c11ecbdb89764e9ca676a7dc2fb6d062,"{""distance"":3,""physical_error_rate"":1e-06}","{""detection_events"":612,""detectors_checked"":167823360}"
   1529856,         0,         0,   115.5,decoder_by_matrix,36e3cd26fed5ec7649ec51fb08c1a5e7d7f30e615782d954fee045c18a4962ca,"{""distance"":3,""physical_error_rate"":5e-05}","{""detection_events"":11532,""detectors_checked"":82612224}"
   1129472,        79,         0,   118.2,decoder_by_matrix,f854eed952f7ffb52e4f578393718ba880ba0930c78fe51d50828fe06a713055,"{""distance"":3,""physical_error_rate"":0.001}","{""detection_events"":163011,""detectors_checked"":60991488,""obs_mistake_mask=E"":79}"
   1169408,        16,         0,   118.7,decoder_by_matrix,5c8c81bfec719079c388cedc47a351f264c1bf769ae28a89f9b4fc7719fea501,"{""distance"":3,""physical_error_rate"":0.0005}","{""detection_events"":85758,""detectors_checked"":63148032,""obs_mistake_mask=E"":16}"
   3134464,         0,         0,   111.5,decoder_by_matrix,e9839e3017c9ef118c4b8aeafef39e78c11ecbdb89764e9ca676a7dc2fb6d062,"{""distance"":3,""physical_error_rate"":1e-06}","{""detection_events"":477,""detectors_checked"":169261056}"
   2787328,         0,         0,   116.0,decoder_by_matrix,560c721f87db01d4cacf7dcb7d8812fecde61e9e7776d4b9e1b1a792578ecad7,"{""distance"":3,""physical_error_rate"":5e-06}","{""detection_events"":1923,""detectors_checked"":150515712}"
   1315840,         1,         0,   117.1,decoder_by_matrix,beec9fd12293a9cfe53c9b61fb8ce2a525e4eed38fa75d132d6dc64699336876,"{""distance"":3,""physical_error_rate"":0.0001}","{""detection_events"":19893,""detectors_checked"":71055360,""obs_mistake_mask=E"":1}"
   2457600,         0,         0,   116.4,decoder_by_matrix,e25b8d07214a8afb95d354611a83b9bb1ded39644e323a8585b3aabf687a4fff,"{""distance"":3,""physical_error_rate"":1e-05}","{""detection_events"":3669,""detectors_checked"":132710400}"
   1268736,         2,         0,   118.5,decoder_by_matrix,beec9fd12293a9cfe53c9b61fb8ce2a525e4eed38fa75d132d6dc64699336876,"{""distance"":3,""physical_error_rate"":0.0001}","{""detection_events"":18897,""detectors_checked"":68511744,""obs_mistake_mask=E"":2}"
   1555456,         0,         0,   116.9,decoder_by_matrix,36e3cd26fed5ec7649ec51fb08c1a5e7d7f30e615782d954fee045c18a4962ca,"{""distance"":3,""physical_error_rate"":5e-05}","{""detection_events"":10932,""detectors_checked"":83994624}"
   1120256,        76,         0,   117.2,decoder_by_matrix,f854eed952f7ffb52e4f578393718ba880ba0930c78fe51d50828fe06a713055,"{""distance"":3,""physical_error_rate"":0.001}","{""detection_events"":164310,""detectors_checked"":60493824,""obs_mistake_mask=E"":76}"
   2499584,         0,         0,   114.8,decoder_by_matrix,e25b8d07214a8afb95d354611a83b9bb1ded39644e323a8585b3aabf687a4fff,"{""distance"":3,""physical_error_rate"":1e-05}","{""detection_events"":3384,""detectors_checked"":134977536}"
   1296384,         2,         0,   117.7,decoder_by_matrix,beec9fd12293a9cfe53c9b61fb8ce2a525e4eed38fa75d132d6dc64699336876,"{""distance"":3,""physical_error_rate"":0.0001}","{""detection_events"":18714,""detectors_checked"":70004736,""obs_mistake_mask=E"":2}"
   2492416,         0,         0,   115.6,decoder_by_matrix,e25b8d07214a8afb95d354611a83b9bb1ded39644e323a8585b3aabf687a4fff,"{""distance"":3,""physical_error_rate"":1e-05}","{""detection_events"":3552,""detectors_checked"":134590464}"
   1304576,         2,         0,   117.3,decoder_by_matrix,beec9fd12293a9cfe53c9b61fb8ce2a525e4eed38fa75d132d6dc64699336876,"{""distance"":3,""physical_error_rate"":0.0001}","{""detection_events"":18732,""detectors_checked"":70447104,""obs_mistake_mask=E"":2}"
   1161216,        15,         0,   116.8,decoder_by_matrix,5c8c81bfec719079c388cedc47a351f264c1bf769ae28a89f9b4fc7719fea501,"{""distance"":3,""physical_error_rate"":0.0005}","{""detection_events"":84255,""detectors_checked"":62705664,""obs_mistake_mask=E"":15}"
   1306624,         1,         0,   118.3,decoder_by_matrix,beec9fd12293a9cfe53c9b61fb8ce2a525e4eed38fa75d132d6dc64699336876,"{""distance"":3,""physical_error_rate"":0.0001}","{""detection_events"":18900,""detectors_checked"":70557696,""obs_mistake_mask=E"":1}"
   1163264,        23,         0,   117.0,decoder_by_matrix,5c8c81bfec719079c388cedc47a351f264c1bf769ae28a89f9b4fc7719fea501,"{""distance"":3,""physical_error_rate"":0.0005}","{""detection_events"":83421,""detectors_checked"":62816256,""obs_mistake_mask=E"":23}"
   2463744,         1,         0,   116.1,decoder_by_matrix,e25b8d07214a8afb95d354611a83b9bb1ded39644e323a8585b3aabf687a4fff,"{""distance"":3,""physical_error_rate"":1e-05}","{""detection_events"":3663,""detectors_checked"":133042176,""obs_mistake_mask=E"":1}"
   2760704,         0,         0,   115.8,decoder_by_matrix,560c721f87db01d4cacf7dcb7d8812fecde61e9e7776d4b9e1b1a792578ecad7,"{""distance"":3,""physical_error_rate"":5e-06}","{""detection_events"":2181,""detectors_checked"":149078016}"
   3132416,         0,         0,   112.7,decoder_by_matrix,e9839e3017c9ef118c4b8aeafef39e78c11ecbdb89764e9ca676a7dc2fb6d062,"{""distance"":3,""physical_error_rate"":1e-06}","{""detection_events"":438,""detectors_checked"":169150464}"
   1117184,        82,         0,   115.3,decoder_by_matrix,f854eed952f7ffb52e4f578393718ba880ba0930c78fe51d50828fe06a713055,"{""distance"":3,""physical_error_rate"":0.001}","{""detection_events"":164301,""detectors_checked"":60327936,""obs_mistake_mask=E"":82}"
   1554432,         2,         0,   117.4,decoder_by_matrix,36e3cd26fed5ec7649ec51fb08c1a5e7d7f30e615782d954fee045c18a4962ca,"{""distance"":3,""physical_error_rate"":5e-05}","{""detection_events"":10953,""detectors_checked"":83939328,""obs_mistake_mask=E"":2}"
   3122176,         0,         0,   115.1,decoder_by_matrix,e9839e3017c9ef118c4b8aeafef39e78c11ecbdb89764e9ca676a7dc2fb6d062,"{""distance"":3,""physical_error_rate"":1e-06}","{""detection_events"":534,""detectors_checked"":168597504}"
   1169408,        17,         0,   117.6,decoder_by_matrix,5c8c81bfec719079c388cedc47a351f264c1bf769ae28a89f9b4fc7719fea501,"{""distance"":3,""physical_error_rate"":0.0005}","{""detection_events"":84864,""detectors_checked"":63148032,""obs_mistake_mask=E"":17}"
   2500608,         0,         0,   115.4,decoder_by_matrix,e25b8d07214a8afb95d354611a83b9bb1ded39644e323a8585b3aabf687a4fff,"{""distance"":3,""physical_error_rate"":1e-05}","{""detection_events"":3435,""detectors_checked"":135032832}"
   3164160,         0,         0,   112.9,decoder_by_matrix,e9839e3017c9ef118c4b8aeafef39e78c11ecbdb89764e9ca676a7dc2fb6d062,"{""distance"":3,""physical_error_rate"":1e-06}","{""detection_events"":354,""detectors_checked"":170864640}"
   1132544,        83,         0,   116.9,decoder_by_matrix,f854eed952f7ffb52e4f578393718ba880ba0930c78fe51d50828fe06a713055,"{""distance"":3,""physical_error_rate"":0.001}","{""detection_events"":166269,""detectors_checked"":61157376,""obs_mistake_mask=E"":83}"
   1312768,         2,         0,   118.7,decoder_by_matrix,beec9fd12293a9cfe53c9b61fb8ce2a525e4eed38fa75d132d6dc64699336876,"{""distance"":3,""physical_error_rate"":0.0001}","{""detection_events"":19011,""detectors_checked"":70889472,""obs_mistake_mask=E"":2}"
   2766848,         0,         0,   115.7,decoder_by_matrix,560c721f87db01d4cacf7dcb7d8812fecde61e9e7776d4b9e1b1a792578ecad7,"{""distance"":3,""physical_error_rate"":5e-06}","{""detection_events"":2184,""detectors_checked"":149409792}"
   1296384,         0,         0,   113.6,decoder_by_matrix,beec9fd12293a9cfe53c9b61fb8ce2a525e4eed38fa75d132d6dc64699336876,"{""distance"":3,""physical_error_rate"":0.0001}","{""detection_events"":19689,""detectors_checked"":70004736}"
   1126400,        75,         0,   117.0,decoder_by_matrix,f854eed952f7ffb52e4f578393718ba880ba0930c78fe51d50828fe06a713055,"{""distance"":3,""physical_error_rate"":0.001}","{""detection_events"":163647,""detectors_checked"":60825600,""obs_mistake_mask=E"":75}"
   1513472,         1,         0,   116.3,decoder_by_matrix,36e3cd26fed5ec7649ec51fb08c1a5e7d7f30e615782d954fee045c18a4962ca,"{""distance"":3,""physical_error_rate"":5e-05}","{""detection_events"":11397,""detectors_checked"":81727488,""obs_mistake_mask=E"":1}"
   2441216,         0,         0,   115.3,decoder_by_matrix,e25b8d07214a8afb95d354611a83b9bb1ded39644e323a8585b3aabf687a4fff,"{""distance"":3,""physical_error_rate"":1e-05}","{""detection_events"":3684,""detectors_checked"":131825664}"
   1129472,        69,         0,   116.6,decoder_by_matrix,f854eed952f7ffb52e4f578393718ba880ba0930c78fe51d50828fe06a713055,"{""distance"":3,""physical_error_rate"":0.001}","{""detection_events"":164997,""detectors_checked"":60991488,""obs_mistake_mask=E"":69}"
   2774016,         0,         0,   114.6,decoder_by_matrix,560c721f87db01d4cacf7dcb7d8812fecde61e9e7776d4b9e1b1a792578ecad7,"{""distance"":3,""physical_error_rate"":5e-06}","{""detection_events"":2163,""detectors_checked"":149796864}"
   1305600,         1,         0,   117.2,decoder_by_matrix,beec9fd12293a9cfe53c9b61fb8ce2a525e4eed38fa75d132d6dc64699336876,"{""distance"":3,""physical_error_rate"":0.0001}","{""detection_events"":19191,""detectors_checked"":70502400,""obs_mistake_mask=E"":1}"
   1542144,         1,         0,   117.9,decoder_by_matrix,36e3cd26fed5ec7649ec51fb08c1a5e7d7f30e615782d954fee045c18a4962ca,"{""distance"":3,""physical_error_rate"":5e-05}","{""detection_events"":11511,""detectors_checked"":83275776,""obs_mistake_mask=E"":1}"
   3154944,         0,         0,   115.5,decoder_by_matrix,e9839e3017c9ef118c4b8aeafef39e78c11ecbdb89764e9ca676a7dc2fb6d062,"{""distance"":3,""physical_error_rate"":1e-06}","{""detection_events"":366,""detectors_checked"":170366976}"
   1167360,        21,         0,   117.4,decoder_by_matrix,5c8c81bfec719079c388cedc47a351f264c1bf769ae28a89f9b4fc7719fea501,"{""distance"":3,""physical_error_rate"":0.0005}","{""detection_events"":85113,""detectors_checked"":63037440,""obs_mistake_mask=E"":21}"
   1521664,         1,         0,   116.9,decoder_by_matrix,36e3cd26fed5ec7649ec51fb08c1a5e7d7f30e615782d954fee045c18a4962ca,"{""distance"":3,""physical_error_rate"":5e-05}","{""detection_events"":11196,""detectors_checked"":82169856,""obs_mistake_mask=E"":1}"
   1128448,        79,         0,   118.5,decoder_by_matrix,f854eed952f7ffb52e4f578393718ba880ba0930c78fe51d50828fe06a713055,"{""distance"":3,""physical_error_rate"":0.001}","{""detection_events"":164619,""detectors_checked"":60936192,""obs_mistake_mask=E"":79}"
   1295360,         2,         0,   115.4,decoder_by_matrix,beec9fd12293a9cfe53c9b61fb8ce2a525e4eed38fa75d132d6dc64699336876,"{""distance"":3,""physical_error_rate"":0.0001}","{""detection_events"":19395,""detectors_checked"":69949440,""obs_mistake_mask=E"":2}"
   1131520,        70,         0,   116.7,decoder_by_matrix,f854eed952f7ffb52e4f578393718ba880ba0930c78fe51d50828fe06a713055,"{""distance"":3,""physical_error_rate"":0.001}","{""detection_events"":165297,""detectors_checked"":61102080,""obs_mistake_mask=E"":70}"
   2768896,         0,         0,   115.0,decoder_by_matrix,560c721f87db01d4cacf7dcb7d8812fecde61e9e7776d4b9e1b1a792578ecad7,"{""distance"":3,""physical_error_rate"":5e-06}","{""detection_events"":2103,""detectors_checked"":149520384}"
   2484224,         0,         0,   114.5,decoder_by_matrix,e25b8d07214a8afb95d354611a83b9bb1ded39644e323a8585b3aabf687a4fff,"{""distance"":3,""physical_error_rate"":1e-05}","{""detection_events"":3603,""detectors_checked"":134148096}"
   3141632,         0,         0,   114.1,decoder_by_matrix,e9839e3017c9ef118c4b8aeafef39e78c11ecbdb89764e9ca676a7dc2fb6d062,"{""distance"":3,""physical_error_rate"":1e-06}","{""detection_events"":441,""detectors_checked"":169648128}"
   1168384,        24,         0,   118.4,decoder_by_matrix,5c8c81bfec719079c388cedc47a351f264c1bf769ae28a89f9b4fc7719fea501,"{""distance"":3,""physical_error_rate"":0.0005}","{""detection_events"":84168,""detectors_checked"":63092736,""obs_mistake_mask=E"":24}"
   1550336,         1,         0,   116.8,decoder_by_matrix,36e3cd26fed5ec7649ec51fb08c1a5e7d7f30e615782d954fee045c18a4962ca,"{""distance"":3,""physical_error_rate"":5e-05}","{""detection_events"":11547,""detectors_checked"":83718144,""obs_mistake_mask=E"":1}"
   1169408,        16,         0,   117.1,decoder_by_matrix,5c8c81bfec719079c388cedc47a351f264c1bf769ae28a89f9b4fc7719fea501,"{""distance"":3,""physical_error_rate"":0.0005}","{""detection_events"":84627,""detectors_checked"":63148032,""obs_mistake_mask=E"":16}"
   1555456,         0,         0,   118.1,decoder_by_matrix,36e3cd26fed5ec7649ec51fb08c1a5e7d7f30e615782d954fee045c18a4962ca,"{""distance"":3,""physical_error_rate"":5e-05}","{""detection_events"":11298,""detectors_checked"":83994624}"
   2774016,         0,         0,   116.6,decoder_by_matrix,560c721f87db01d4cacf7dcb7d8812fecde61e9e7776d4b9e1b1a792578ecad7,"{""distance"":3,""physical_error_rate"":5e-06}","{""detection_events"":2133,""detectors_checked"":149796864}"
   2828288,         0,         0,   116.3,decoder_by_matrix,560c721f87db01d4cacf7dcb7d8812fecde61e9e7776d4b9e1b1a792578ecad7,"{""distance"":3,""physical_error_rate"":5e-06}","{""detection_events"":1785,""detectors_checked"":152727552}"
   2452480,         0,         0,   115.8,decoder_by_matrix,e25b8d07214a8afb95d354611a83b9bb1ded39644e323a8585b3aabf687a4fff,"{""distance"":3,""physical_error_rate"":1e-05}","{""detection_events"":3684,""detectors_checked"":132433920}"
   1131520,        89,         0,   117.9,decoder_by_matrix,f854eed952f7ffb52e4f578393718ba880ba0930c78fe51d50828fe06a713055,"{""distance"":3,""physical_error_rate"":0.001}","{""detection_events"":166494,""detectors_checked"":61102080,""obs_mistake_mask=E"":89}"
   2849792,         0,         0,   114.4,decoder_by_matrix,560c721f87db01d4cacf7dcb7d8812fecde61e9e7776d4b9e1b1a792578ecad7,"{""distance"":3,""physical_error_rate"":5e-06}","{""detection_events"":1761,""detectors_checked"":153888768}"
   3112960,         0,         0,   115.2,decoder_by_matrix,e9839e3017c9ef118c4b8aeafef39e78c11ecbdb89764e9ca676a7dc2fb6d062,"{""distance"":3,""physical_error_rate"":1e-06}","{""detection_events"":579,""detectors_checked"":168099840}"
   2487296,         0,         0,   115.9,decoder_by_matrix,e25b8d07214a8afb95d354611a83b9bb1ded39644e323a8585b3aabf687a4fff,"{""distance"":3,""physical_error_rate"":1e-05}","{""detection_events"":3396,""detectors_checked"":134313984}"
   2750464,         0,         0,   114.3,decoder_by_matrix,560c721f87db01d4cacf7dcb7d8812fecde61e9e7776d4b9e1b1a792578ecad7,"{""distance"":3,""physical_error_rate"":5e-06}","{""detection_events"":2118,""detectors_checked"":148525056}"
   1169408,        13,         0,   117.1,decoder_by_matrix,5c8c81bfec719079c388cedc47a351f264c1bf769ae28a89f9b4fc7719fea501,"{""distance"":3,""physical_error_rate"":0.0005}","{""detection_events"":85164,""detectors_checked"":63148032,""obs_mistake_mask=E"":13}"
   1569792,         0,         0,   116.4,decoder_by_matrix,36e3cd26fed5ec7649ec51fb08c1a5e7d7f30e615782d954fee045c18a4962ca,"{""distance"":3,""physical_error_rate"":5e-05}","{""detection_events"":11496,""detectors_checked"":84768768}"
   1131520,        96,         0,   118.4,decoder_by_matrix,f854eed952f7ffb52e4f578393718ba880ba0930c78fe51d50828fe06a713055,"{""distance"":3,""physical_error_rate"":0.001}","{""detection_events"":162783,""detectors_checked"":61102080,""obs_mistake_mask=E"":96}"
   3144704,         0,         0,   113.0,decoder_by_matrix,e9839e3017c9ef118c4b8aeafef39e78c11ecbdb89764e9ca676a7dc2fb6d062,"{""distance"":3,""physical_error_rate"":1e-06}","{""detection_events"":399,""detectors_checked"":169814016}"
   1164288,        21,         0,   116.6,decoder_by_matrix,5c8c81bfec719079c388cedc47a351f264c1bf769ae28a89f9b4fc7719fea501,"{""distance"":3,""physical_error_rate"":0.0005}","{""detection_events"":85503,""detectors_checked"":62871552,""obs_mistake_mask=E"":21}"
   1551360,         0,         0,   115.5,decoder_by_matrix,36e3cd26fed5ec7649ec51fb08c1a5e7d7f30e615782d954fee045c18a4962ca,"{""distance"":3,""physical_error_rate"":5e-05}","{""detection_events"":10920,""detectors_checked"":83773440}"
   3122176,         0,         0,   115.3,decoder_by_matrix,e9839e3017c9ef118c4b8aeafef39e78c11ecbdb89764e9ca676a7dc2fb6d062,"{""distance"":3,""physical_error_rate"":1e-06}","{""detection_events"":561,""detectors_checked"":168597504}"
   1166336,        11,         0,   117.8,decoder_by_matrix,5c8c81bfec719079c388cedc47a351f264c1bf769ae28a89f9b4fc7719fea501,"{""distance"":3,""physical_error_rate"":0.0005}","{""detection_events"":84390,""detectors_checked"":62982144,""obs_mistake_mask=E"":11}"
   1129472,        83,         0,   117.1,decoder_by_matrix,f854eed952f7ffb52e4f578393718ba880ba0930c78fe51d50828fe06a713055,"{""distance"":3,""physical_error_rate"":0.001}","{""detection_events"":163410,""detectors_checked"":60991488,""obs_mistake_mask=E"":83}"
   3125248,         0,         0,   113.7,decoder_by_matrix,e9839e3017c9ef118c4b8aeafef39e78c11ecbdb89764e9ca676a7dc2fb6d062,"{""distance"":3,""physical_error_rate"":1e-06}","{""detection_events"":594,""detectors_checked"":168763392}"
   1284096,         0,         0,   118.2,decoder_by_matrix,beec9fd12293a9cfe53c9b61fb8ce2a525e4eed38fa75d132d6dc64699336876,"{""distance"":3,""physical_error_rate"":0.0001}","{""detection_events"":18837,""detectors_checked"":69341184}"
   1296384,         1,         0,   117.8,decoder_by_matrix,beec9fd12293a9cfe53c9b61fb8ce2a525e4eed38fa75d132d6dc64699336876,"{""distance"":3,""physical_error_rate"":0.0001}","{""detection_events"":19518,""detectors_checked"":70004736,""obs_mistake_mask=E"":1}"
   2477056,         0,         0,   116.3,decoder_by_matrix,e25b8d07214a8afb95d354611a83b9bb1ded39644e323a8585b3aabf687a4fff,"{""distance"":3,""physical_error_rate"":1e-05}","{""detection_events"":3480,""detectors_checked"":133761024}"
   2761728,         0,         0,   114.3,decoder_by_matrix,560c721f87db01d4cacf7dcb7d8812fecde61e9e7776d4b9e1b1a792578ecad7,"{""distance"":3,""physical_error_rate"":5e-06}","{""detection_events"":2082,""detectors_checked"":149133312}"
   1542144,         0,         0,   117.3,decoder_by_matrix,36e3cd26fed5ec7649ec51fb08c1a5e7d7f30e615782d954fee045c18a4962ca,"{""distance"":3,""physical_error_rate"":5e-05}","{""detection_events"":11388,""detectors_checked"":83275776}"
   1123328,        76,         0,   117.5,decoder_by_matrix,f854eed952f7ffb52e4f578393718ba880ba0930c78fe51d50828fe06a713055,"{""distance"":3,""physical_error_rate"":0.001}","{""detection_events"":162378,""detectors_checked"":60659712,""obs_mistake_mask=E"":76}"
   2472960,         1,         0,   115.6,decoder_by_matrix,e25b8d07214a8afb95d354611a83b9bb1ded39644e323a8585b3aabf687a4fff,"{""distance"":3,""physical_error_rate"":1e-05}","{""detection_events"":3738,""detectors_checked"":133539840,""obs_mistake_mask=E"":1}"
   2489344,         0,         0,   113.9,decoder_by_matrix,e25b8d07214a8afb95d354611a83b9bb1ded39644e323a8585b3aabf687a4fff,"{""distance"":3,""physical_error_rate"":1e-05}","{""detection_events"":3423,""detectors_checked"":134424576}"
   1297408,         3,         0,   117.7,decoder_by_matrix,beec9fd12293a9cfe53c9b61fb8ce2a525e4eed38fa75d132d6dc64699336876,"{""distance"":3,""physical_error_rate"":0.0001}","{""detection_events"":19482,""detectors_checked"":70060032,""obs_mistake_mask=E"":3}"
   1309696,         0,         0,   118.5,decoder_by_matrix,beec9fd12293a9cfe53c9b61fb8ce2a525e4eed38fa75d132d6dc64699336876,"{""distance"":3,""physical_error_rate"":0.0001}","{""detection_events"":19017,""detectors_checked"":70723584}"
   1288192,         2,         0,   117.3,decoder_by_matrix,beec9fd12293a9cfe53c9b61fb8ce2a525e4eed38fa75d132d6dc64699336876,"{""distance"":3,""physical_error_rate"":0.0001}","{""detection_events"":19503,""detectors_checked"":69562368,""obs_mistake_mask=E"":2}"
   1163264,        22,         0,   117.3,decoder_by_matrix,5c8c81bfec719079c388cedc47a351f264c1bf769ae28a89f9b4fc7719fea501,"{""distance"":3,""physical_error_rate"":0.0005}","{""detection_events"":85065,""detectors_checked"":62816256,""obs_mistake_mask=E"":22}"
   1165312,        23,         0,   117.4,decoder_by_matrix,5c8c81bfec719079c388cedc47a351f264c1bf769ae28a89f9b4fc7719fea501,"{""distance"":3,""physical_error_rate"":0.0005}","{""detection_events"":84702,""detectors_checked"":62926848,""obs_mistake_mask=E"":23}"
   2760704,         0,         0,   116.6,decoder_by_matrix,560c721f87db01d4cacf7dcb7d8812fecde61e9e7776d4b9e1b1a792578ecad7,"{""distance"":3,""physical_error_rate"":5e-06}","{""detection_events"":1989,""detectors_checked"":149078016}"
   3130368,         0,         0,   113.4,decoder_by_matrix,e9839e3017c9ef118c4b8aeafef39e78c11ecbdb89764e9ca676a7dc2fb6d062,"{""distance"":3,""physical_error_rate"":1e-06}","{""detection_events"":417,""detectors_checked"":169039872}"
   2491392,         0,         0,   115.0,decoder_by_matrix,e25b8d07214a8afb95d354611a83b9bb1ded39644e323a8585b3aabf687a4fff,"{""distance"":3,""physical_error_rate"":1e-05}","{""detection_events"":3474,""detectors_checked"":134535168}"
   1119232,        81,         0,   118.9,decoder_by_matrix,f854eed952f7ffb52e4f578393718ba880ba0930c78fe51d50828fe06a713055,"{""distance"":3,""physical_error_rate"":0.001}","{""detection_events"":163713,""detectors_checked"":60438528,""obs_mistake_mask=E"":81}"
   3127296,         0,         0,   114.4,decoder_by_matrix,e9839e3017c9ef118c4b8aeafef39e78c11ecbdb89764e9ca676a7dc2fb6d062,"{""distance"":3,""physical_error_rate"":1e-06}","{""detection_events"":456,""detectors_checked"":168873984}"
   1551360,         0,         0,   116.8,decoder_by_matrix,36e3cd26fed5ec7649ec51fb08c1a5e7d7f30e615782d954fee045c18a4962ca,"{""distance"":3,""physical_error_rate"":5e-05}","{""detection_events"":11358,""detectors_checked"":83773440}"
   1173504,        17,         0,   116.9,decoder_by_matrix,5c8c81bfec719079c388cedc47a351f264c1bf769ae28a89f9b4fc7719fea501,"{""distance"":3,""physical_error_rate"":0.0005}","{""detection_events"":84336,""detectors_checked"":63369216,""obs_mistake_mask=E"":17}"
   3137536,         0,         0,   114.1,decoder_by_matrix,e9839e3017c9ef118c4b8aeafef39e78c11ecbdb89764e9ca676a7dc2fb6d062,"{""distance"":3,""physical_error_rate"":1e-06}","{""detection_events"":474,""detectors_checked"":169426944}"
   1315840,         1,         0,   118.2,decoder_by_matrix,beec9fd12293a9cfe53c9b61fb8ce2a525e4eed38fa75d132d6dc64699336876,"{""distance"":3,""physical_error_rate"":0.0001}","{""detection_events"":18915,""detectors_checked"":71055360,""obs_mistake_mask=E"":1}"
   2457600,         0,         0,   114.6,decoder_by_matrix,e25b8d07214a8afb95d354611a83b9bb1ded39644e323a8585b3aabf687a4fff,"{""distance"":3,""physical_error_rate"":1e-05}","{""detection_events"":3549,""detectors_checked"":132710400}"
   1133568,        92,         0,   116.8,decoder_by_matrix,f854eed952f7ffb52e4f578393718ba880ba0930c78fe51d50828fe06a713055,"{""distance"":3,""physical_error_rate"":0.001}","{""detection_events"":163614,""detectors_checked"":61212672,""obs_mistake_mask=E"":92}"
   2798592,         0,         0,   116.6,decoder_by_matrix,560c721f87db01d4cacf7dcb7d8812fecde61e9e7776d4b9e1b1a792578ecad7,"{""distance"":3,""physical_error_rate"":5e-06}","{""detection_events"":2112,""detectors_checked"":151123968}"
   1296384,         1,         0,   118.0,decoder_by_matrix,beec9fd12293a9cfe53c9b61fb8ce2a525e4eed38fa75d132d6dc64699336876,"{""distance"":3,""physical_error_rate"":0.0001}","{""detection_events"":19872,""detectors_checked"":70004736,""obs_mistake_mask=E"":1}"
   1129472,        78,         0,   117.6,decoder_by_matrix,f854eed952f7ffb52e4f578393718ba880ba0930c78fe51d50828fe06a713055,"{""distance"":3,""physical_error_rate"":0.001}","{""detection_events"":166821,""detectors_checked"":60991488,""obs_mistake_mask=E"":78}"
   1528832,         0,         0,   116.9,decoder_by_matrix,36e3cd26fed5ec7649ec51fb08c1a5e7d7f30e615782d954fee045c18a4962ca,"{""distance"":3,""physical_error_rate"":5e-05}","{""detection_events"":11124,""detectors_checked"":82556928}"
   1128448,        85,         0,   118.0,decoder_by_matrix,f854eed952f7ffb52e4f578393718ba880ba0930c78fe51d50828fe06a713055,"{""distance"":3,""physical_error_rate"":0.001}","{""detection_events"":164187,""detectors_checked"":60936192,""obs_mistake_mask=E"":85}"
   2460672,         0,         0,   114.4,decoder_by_matrix,e25b8d07214a8afb95d354611a83b9bb1ded39644e323a8585b3aabf687a4fff,"{""distance"":3,""physical_error_rate"":1e-05}","{""detection_events"":3720,""detectors_checked"":132876288}"
   2757632,         0,         0,   115.1,decoder_by_matrix,560c721f87db01d4cacf7dcb7d8812fecde61e9e7776d4b9e1b1a792578ecad7,"{""distance"":3,""physical_error_rate"":5e-06}","{""detection_events"":2157,""detectors_checked"":148912128}"
   1294336,         1,         0,   118.2,decoder_by_matrix,beec9fd12293a9cfe53c9b61fb8ce2a525e4eed38fa75d132d6dc64699336876,"{""distance"":3,""physical_error_rate"":0.0001}","{""detection_events"":19614,""detectors_checked"":69894144,""obs_mistake_mask=E"":1}"
   1559552,         0,         0,   117.4,decoder_by_matrix,36e3cd26fed5ec7649ec51fb08c1a5e7d7f30e615782d954fee045c18a4962ca,"{""distance"":3,""physical_error_rate"":5e-05}","{""detection_events"":11163,""detectors_checked"":84215808}"
   3147776,         0,         0,   115.0,decoder_by_matrix,e9839e3017c9ef118c4b8aeafef39e78c11ecbdb89764e9ca676a7dc2fb6d062,"{""distance"":3,""physical_error_rate"":1e-06}","{""detection_events"":420,""detectors_checked"":169979904}"
   1163264,        13,         0,   117.6,decoder_by_matrix,5c8c81bfec719079c388cedc47a351f264c1bf769ae28a89f9b4fc7719fea501,"{""distance"":3,""physical_error_rate"":0.0005}","{""detection_events"":85035,""detectors_checked"":62816256,""obs_mistake_mask=E"":13}"
   1509376,         0,         0,   115.9,decoder_by_matrix,36e3cd26fed5ec7649ec51fb08c1a5e7d7f30e615782d954fee045c18a4962ca,"{""distance"":3,""physical_error_rate"":5e-05}","{""detection_events"":11010,""detectors_checked"":81506304}"
   1129472,        81,         0,   117.5,decoder_by_matrix,f854eed952f7ffb52e4f578393718ba880ba0930c78fe51d50828fe06a713055,"{""distance"":3,""physical_error_rate"":0.001}","{""detection_events"":163473,""detectors_checked"":60991488,""obs_mistake_mask=E"":81}"
   1303552,         0,         0,   118.4,decoder_by_matrix,beec9fd12293a9cfe53c9b61fb8ce2a525e4eed38fa75d132d6dc64699336876,"{""distance"":3,""physical_error_rate"":0.0001}","{""detection_events"":19104,""detectors_checked"":70391808}"
   1134592,        66,         0,   117.2,decoder_by_matrix,f854eed952f7ffb52e4f578393718ba880ba0930c78fe51d50828fe06a713055,"{""distance"":3,""physical_error_rate"":0.001}","{""detection_events"":164022,""detectors_checked"":61267968,""obs_mistake_mask=E"":66}"
   2455552,         0,         0,   114.8,decoder_by_matrix,e25b8d07214a8afb95d354611a83b9bb1ded39644e323a8585b3aabf687a4fff,"{""distance"":3,""physical_error_rate"":1e-05}","{""detection_events"":3627,""detectors_checked"":132599808}"
   2772992,         0,         0,   116.1,decoder_by_matrix,560c721f87db01d4cacf7dcb7d8812fecde61e9e7776d4b9e1b1a792578ecad7,"{""distance"":3,""physical_error_rate"":5e-06}","{""detection_events"":1986,""detectors_checked"":149741568}"
   3143680,         0,         0,   114.7,decoder_by_matrix,e9839e3017c9ef118c4b8aeafef39e78c11ecbdb89764e9ca676a7dc2fb6d062,"{""distance"":3,""physical_error_rate"":1e-06}","{""detection_events"":456,""detectors_checked"":169758720}"
   1169408,        17,         0,   118.2,decoder_by_matrix,5c8c81bfec719079c388cedc47a351f264c1bf769ae28a89f9b4fc7719fea501,"{""distance"":3,""physical_error_rate"":0.0005}","{""detection_events"":85428,""detectors_checked"":63148032,""obs_mistake_mask=E"":17}"
   1549312,         0,         0,   117.4,decoder_by_matrix,36e3cd26fed5ec7649ec51fb08c1a5e7d7f30e615782d954fee045c18a4962ca,"{""distance"":3,""physical_error_rate"":5e-05}","{""detection_events"":11493,""detectors_checked"":83662848}"
   1551360,         0,         0,   118.1,decoder_by_matrix,36e3cd26fed5ec7649ec51fb08c1a5e7d7f30e615782d954fee045c18a4962ca,"{""distance"":3,""physical_error_rate"":5e-05}","{""detection_events"":11547,""detectors_checked"":83773440}"
   1168384,        23,         0,   118.2,decoder_by_matrix,5c8c81bfec719079c388cedc47a351f264c1bf769ae28a89f9b4fc7719fea501,"{""distance"":3,""physical_error_rate"":0.0005}","{""detection_events"":84180,""detectors_checked"":63092736,""obs_mistake_mask=E"":23}"
   2777088,         0,         0,   115.1,decoder_by_matrix,560c721f87db01d4cacf7dcb7d8812fecde61e9e7776d4b9e1b1a792578ecad7,"{""distance"":3,""physical_error_rate"":5e-06}","{""detection_events"":1890,""detectors_checked"":149962752}"
   2832384,         0,         0,   114.8,decoder_by_matrix,560c721f87db01d4cacf7dcb7d8812fecde61e9e7776d4b9e1b1a792578ecad7,"{""distance"":3,""physical_error_rate"":5e-06}","{""detection_events"":1926,""detectors_checked"":152948736}"
   2470912,         0,         0,   114.7,decoder_by_matrix,e25b8d07214a8afb95d354611a83b9bb1ded39644e323a8585b3aabf687a4fff,"{""distance"":3,""physical_error_rate"":1e-05}","{""detection_events"":3507,""detectors_checked"":133429248}"
   2799616,         0,         0,   116.2,decoder_by_matrix,560c721f87db01d4cacf7dcb7d8812fecde61e9e7776d4b9e1b1a792578ecad7,"{""distance"":3,""physical_error_rate"":5e-06}","{""detection_events"":2049,""detectors_checked"":151179264}"
   3132416,         0,         0,   114.8,decoder_by_matrix,e9839e3017c9ef118c4b8aeafef39e78c11ecbdb89764e9ca676a7dc2fb6d062,"{""distance"":3,""physical_error_rate"":1e-06}","{""detection_events"":483,""detectors_checked"":169150464}"
   1133568,        65,         0,   118.1,decoder_by_matrix,f854eed952f7ffb52e4f578393718ba880ba0930c78fe51d50828fe06a713055,"{""distance"":3,""physical_error_rate"":0.001}","{""detection_events"":163959,""detectors_checked"":61212672,""obs_mistake_mask=E"":65}"
   2454528,         0,         0,   113.5,decoder_by_matrix,e25b8d07214a8afb95d354611a83b9bb1ded39644e323a8585b3aabf687a4fff,"{""distance"":3,""physical_error_rate"":1e-05}","{""detection_events"":3561,""detectors_checked"":132544512}"
   2762752,         0,         0,   116.2,decoder_by_matrix,560c721f87db01d4cacf7dcb7d8812fecde61e9e7776d4b9e1b1a792578ecad7,"{""distance"":3,""physical_error_rate"":5e-06}","{""detection_events"":2187,""detectors_checked"":149188608}"
   1168384,        21,         0,   117.3,decoder_by_matrix,5c8c81bfec719079c388cedc47a351f264c1bf769ae28a89f9b4fc7719fea501,"{""distance"":3,""physical_error_rate"":0.0005}","{""detection_events"":86703,""detectors_checked"":63092736,""obs_mistake_mask=E"":21}"
   1131520,        72,         0,   117.5,decoder_by_matrix,f854eed952f7ffb52e4f578393718ba880ba0930c78fe51d50828fe06a713055,"{""distance"":3,""physical_error_rate"":0.001}","{""detection_events"":165018,""detectors_checked"":61102080,""obs_mistake_mask=E"":72}"
   1163264,        17,         0,   117.7,decoder_by_matrix,5c8c81bfec719079c388cedc47a351f264c1bf769ae28a89f9b4fc7719fea501,"{""distance"":3,""physical_error_rate"":0.0005}","{""detection_events"":83646,""detectors_checked"":62816256,""obs_mistake_mask=E"":17}"
   1532928,         0,         0,   117.8,decoder_by_matrix,36e3cd26fed5ec7649ec51fb08c1a5e7d7f30e615782d954fee045c18a4962ca,"{""distance"":3,""physical_error_rate"":5e-05}","{""detection_events"":11463,""detectors_checked"":82778112}"
   3138560,         0,         0,   114.4,decoder_by_matrix,e9839e3017c9ef118c4b8aeafef39e78c11ecbdb89764e9ca676a7dc2fb6d062,"{""distance"":3,""physical_error_rate"":1e-06}","{""detection_events"":486,""detectors_checked"":169482240}"
   3135488,         0,         0,   114.9,decoder_by_matrix,e9839e3017c9ef118c4b8aeafef39e78c11ecbdb89764e9ca676a7dc2fb6d062,"{""distance"":3,""physical_error_rate"":1e-06}","{""detection_events"":489,""detectors_checked"":169316352}"
   1552384,         0,         0,   115.0,decoder_by_matrix,36e3cd26fed5ec7649ec51fb08c1a5e7d7f30e615782d954fee045c18a4962ca,"{""distance"":3,""physical_error_rate"":5e-05}","{""detection_events"":11004,""detectors_checked"":83828736}"
   1168384,        18,         0,   116.0,decoder_by_matrix,5c8c81bfec719079c388cedc47a351f264c1bf769ae28a89f9b4fc7719fea501,"{""distance"":3,""physical_error_rate"":0.0005}","{""detection_events"":84465,""detectors_checked"":63092736,""obs_mistake_mask=E"":18}"
   3152896,         0,         0,   114.9,decoder_by_matrix,e9839e3017c9ef118c4b8aeafef39e78c11ecbdb89764e9ca676a7dc2fb6d062,"{""distance"":3,""physical_error_rate"":1e-06}","{""detection_events"":378,""detectors_checked"":170256384}"
   1289216,         0,         0,   117.2,decoder_by_matrix,beec9fd12293a9cfe53c9b61fb8ce2a525e4eed38fa75d132d6dc64699336876,"{""distance"":3,""physical_error_rate"":0.0001}","{""detection_events"":19110,""detectors_checked"":69617664}"
   1128448,        93,         0,   117.9,decoder_by_matrix,f854eed952f7ffb52e4f578393718ba880ba0930c78fe51d50828fe06a713055,"{""distance"":3,""physical_error_rate"":0.001}","{""detection_events"":165771,""detectors_checked"":60936192,""obs_mistake_mask=E"":93}"
   1306624,         1,         0,   118.0,decoder_by_matrix,beec9fd12293a9cfe53c9b61fb8ce2a525e4eed38fa75d132d6dc64699336876,"{""distance"":3,""physical_error_rate"":0.0001}","{""detection_events"":19272,""detectors_checked"":70557696,""obs_mistake_mask=E"":1}"
   2435072,         0,         0,   116.5,decoder_by_matrix,e25b8d07214a8afb95d354611a83b9bb1ded39644e323a8585b3aabf687a4fff,"{""distance"":3,""physical_error_rate"":1e-05}","{""detection_events"":3654,""detectors_checked"":131493888}"
   2739200,         0,         0,   115.5,decoder_by_matrix,560c721f87db01d4cacf7dcb7d8812fecde61e9e7776d4b9e1b1a792578ecad7,"{""distance"":3,""physical_error_rate"":5e-06}","{""detection_events"":2115,""detectors_checked"":147916800}"
   1543168,         0,         0,   117.9,decoder_by_matrix,36e3cd26fed5ec7649ec51fb08c1a5e7d7f30e615782d954fee045c18a4962ca,"{""distance"":3,""physical_error_rate"":5e-05}","{""detection_events"":11073,""detectors_checked"":83331072}"
   1125376,        91,         0,   117.8,decoder_by_matrix,f854eed952f7ffb52e4f578393718ba880ba0930c78fe51d50828fe06a713055,"{""distance"":3,""physical_error_rate"":0.001}","{""detection_events"":164595,""detectors_checked"":60770304,""obs_mistake_mask=E"":91}"
   2438144,         0,         0,   115.5,decoder_by_matrix,e25b8d07214a8afb95d354611a83b9bb1ded39644e323a8585b3aabf687a4fff,"{""distance"":3,""physical_error_rate"":1e-05}","{""detection_events"":3561,""detectors_checked"":131659776}"
   2485248,         0,         0,   114.9,decoder_by_matrix,e25b8d07214a8afb95d354611a83b9bb1ded39644e323a8585b3aabf687a4fff,"{""distance"":3,""physical_error_rate"":1e-05}","{""detection_events"":3630,""detectors_checked"":134203392}"
   1308672,         2,         0,   117.8,decoder_by_matrix,beec9fd12293a9cfe53c9b61fb8ce2a525e4eed38fa75d132d6dc64699336876,"{""distance"":3,""physical_error_rate"":0.0001}","{""detection_events"":19026,""detectors_checked"":70668288,""obs_mistake_mask=E"":2}"
   1162240,        17,         0,   117.8,decoder_by_matrix,5c8c81bfec719079c388cedc47a351f264c1bf769ae28a89f9b4fc7719fea501,"{""distance"":3,""physical_error_rate"":0.0005}","{""detection_events"":84321,""detectors_checked"":62760960,""obs_mistake_mask=E"":17}"
   2793472,         0,         0,   114.2,decoder_by_matrix,560c721f87db01d4cacf7dcb7d8812fecde61e9e7776d4b9e1b1a792578ecad7,"{""distance"":3,""physical_error_rate"":5e-06}","{""detection_events"":2106,""detectors_checked"":150847488}"
   1303552,         1,         0,   118.9,decoder_by_matrix,beec9fd12293a9cfe53c9b61fb8ce2a525e4eed38fa75d132d6dc64699336876,"{""distance"":3,""physical_error_rate"":0.0001}","{""detection_events"":19116,""detectors_checked"":70391808,""obs_mistake_mask=E"":1}"
   1283072,         0,         0,   117.2,decoder_by_matrix,beec9fd12293a9cfe53c9b61fb8ce2a525e4eed38fa75d132d6dc64699336876,"{""distance"":3,""physical_error_rate"":0.0001}","{""detection_events"":19539,""detectors_checked"":69285888}"
   1163264,        22,         0,   115.7,decoder_by_matrix,5c8c81bfec719079c388cedc47a351f264c1bf769ae28a89f9b4fc7719fea501,"{""distance"":3,""physical_error_rate"":0.0005}","{""detection_events"":84150,""detectors_checked"":62816256,""obs_mistake_mask=E"":22}"
   3130368,         0,         0,   114.6,decoder_by_matrix,e9839e3017c9ef118c4b8aeafef39e78c11ecbdb89764e9ca676a7dc2fb6d062,"{""distance"":3,""physical_error_rate"":1e-06}","{""detection_events"":447,""detectors_checked"":169039872}"
   2455552,         0,         0,   116.0,decoder_by_matrix,e25b8d07214a8afb95d354611a83b9bb1ded39644e323a8585b3aabf687a4fff,"{""distance"":3,""physical_error_rate"":1e-05}","{""detection_events"":3825,""detectors_checked"":132599808}"
   1120256,        81,         0,   117.1,decoder_by_matrix,f854eed952f7ffb52e4f578393718ba880ba0930c78fe51d50828fe06a713055,"{""distance"":3,""physical_error_rate"":0.001}","{""detection_events"":162657,""detectors_checked"":60493824,""obs_mistake_mask=E"":81}"
   3131392,         0,         0,   114.5,decoder_by_matrix,e9839e3017c9ef118c4b8aeafef39e78c11ecbdb89764e9ca676a7dc2fb6d062,"{""distance"":3,""physical_error_rate"":1e-06}","{""detection_events"":456,""detectors_checked"":169095168}"
   1513472,         3,         0,   118.3,decoder_by_matrix,36e3cd26fed5ec7649ec51fb08c1a5e7d7f30e615782d954fee045c18a4962ca,"{""distance"":3,""physical_error_rate"":5e-05}","{""detection_events"":11868,""detectors_checked"":81727488,""obs_mistake_mask=E"":3}"
   1169408,        17,         0,   116.2,decoder_by_matrix,5c8c81bfec719079c388cedc47a351f264c1bf769ae28a89f9b4fc7719fea501,"{""distance"":3,""physical_error_rate"":0.0005}","{""detection_events"":85737,""detectors_checked"":63148032,""obs_mistake_mask=E"":17}"
   2442240,         0,         0,   114.1,decoder_by_matrix,e25b8d07214a8afb95d354611a83b9bb1ded39644e323a8585b3aabf687a4fff,"{""distance"":3,""physical_error_rate"":1e-05}","{""detection_events"":3882,""detectors_checked"":131880960}"
   1307648,         2,         0,   117.8,decoder_by_matrix,beec9fd12293a9cfe53c9b61fb8ce2a525e4eed38fa75d132d6dc64699336876,"{""distance"":3,""physical_error_rate"":0.0001}","{""detection_events"":18738,""detectors_checked"":70612992,""obs_mistake_mask=E"":2}"
   1135616,        86,         0,   118.0,decoder_by_matrix,f854eed952f7ffb52e4f578393718ba880ba0930c78fe51d50828fe06a713055,"{""distance"":3,""physical_error_rate"":0.001}","{""detection_events"":165375,""detectors_checked"":61323264,""obs_mistake_mask=E"":86}"
   3156992,         0,         0,   115.3,decoder_by_matrix,e9839e3017c9ef118c4b8aeafef39e78c11ecbdb89764e9ca676a7dc2fb6d062,"{""distance"":3,""physical_error_rate"":1e-06}","{""detection_events"":384,""detectors_checked"":170477568}"
   2778112,         0,         0,   113.0,decoder_by_matrix,560c721f87db01d4cacf7dcb7d8812fecde61e9e7776d4b9e1b1a792578ecad7,"{""distance"":3,""physical_error_rate"":5e-06}","{""detection_events"":2091,""detectors_checked"":150018048}"
   1126400,        78,         0,   116.2,decoder_by_matrix,f854eed952f7ffb52e4f578393718ba880ba0930c78fe51d50828fe06a713055,"{""distance"":3,""physical_error_rate"":0.001}","{""detection_events"":162570,""detectors_checked"":60825600,""obs_mistake_mask=E"":78}"
   1309696,         0,         0,   117.6,decoder_by_matrix,beec9fd12293a9cfe53c9b61fb8ce2a525e4eed38fa75d132d6dc64699336876,"{""distance"":3,""physical_error_rate"":0.0001}","{""detection_events"":19557,""detectors_checked"":70723584}"
   1539072,         1,         0,   116.3,decoder_by_matrix,36e3cd26fed5ec7649ec51fb08c1a5e7d7f30e615782d954fee045c18a4962ca,"{""distance"":3,""physical_error_rate"":5e-05}","{""detection_events"":11517,""detectors_checked"":83109888,""obs_mistake_mask=E"":1}"
   1130496,        72,         0,   118.8,decoder_by_matrix,f854eed952f7ffb52e4f578393718ba880ba0930c78fe51d50828fe06a713055,"{""distance"":3,""physical_error_rate"":0.001}","{""detection_events"":164799,""detectors_checked"":61046784,""obs_mistake_mask=E"":72}"
   2475008,         0,         0,   114.0,decoder_by_matrix,e25b8d07214a8afb95d354611a83b9bb1ded39644e323a8585b3aabf687a4fff,"{""distance"":3,""physical_error_rate"":1e-05}","{""detection_events"":3690,""detectors_checked"":133650432}"
   2751488,         0,         0,   115.0,decoder_by_matrix,560c721f87db01d4cacf7dcb7d8812fecde61e9e7776d4b9e1b1a792578ecad7,"{""distance"":3,""physical_error_rate"":5e-06}","{""detection_events"":2232,""detectors_checked"":148580352}"
   1307648,         1,         0,   118.1,decoder_by_matrix,beec9fd12293a9cfe53c9b61fb8ce2a525e4eed38fa75d132d6dc64699336876,"{""distance"":3,""physical_error_rate"":0.0001}","{""detection_events"":18990,""detectors_checked"":70612992,""obs_mistake_mask=E"":1}"
   1580032,         1,         0,   118.8,decoder_by_matrix,36e3cd26fed5ec7649ec51fb08c1a5e7d7f30e615782d954fee045c18a4962ca,"{""distance"":3,""physical_error_rate"":5e-05}","{""detection_events"":11154,""detectors_checked"":85321728,""obs_mistake_mask=E"":1}"
   3169280,         0,         0,   116.6,decoder_by_matrix,e9839e3017c9ef118c4b8aeafef39e78c11ecbdb89764e9ca676a7dc2fb6d062,"{""distance"":3,""physical_error_rate"":1e-06}","{""detection_events"":267,""detectors_checked"":171141120}"
   1164288,        25,         0,   116.5,decoder_by_matrix,5c8c81bfec719079c388cedc47a351f264c1bf769ae28a89f9b4fc7719fea501,"{""distance"":3,""physical_error_rate"":0.0005}","{""detection_events"":83691,""detectors_checked"":62871552,""obs_mistake_mask=E"":25}"
   1539072,         0,         0,   116.6,decoder_by_matrix,36e3cd26fed5ec7649ec51fb08c1a5e7d7f30e615782d954fee045c18a4962ca,"{""distance"":3,""physical_error_rate"":5e-05}","{""detection_events"":11280,""detectors_checked"":83109888}"
   1127424,        69,         0,   118.2,decoder_by_matrix,f854eed952f7ffb52e4f578393718ba880ba0930c78fe51d50828fe06a713055,"{""distance"":3,""physical_error_rate"":0.001}","{""detection_events"":163029,""detectors_checked"":60880896,""obs_mistake_mask=E"":69}"
   1305600,         1,         0,   115.7,decoder_by_matrix,beec9fd12293a9cfe53c9b61fb8ce2a525e4eed38fa75d132d6dc64699336876,"{""distance"":3,""physical_error_rate"":0.0001}","{""detection_events"":19335,""detectors_checked"":70502400,""obs_mistake_mask=E"":1}"
   1134592,        69,         0,   117.8,decoder_by_matrix,f854eed952f7ffb52e4f578393718ba880ba0930c78fe51d50828fe06a713055,"{""distance"":3,""physical_error_rate"":0.001}","{""detection_events"":165387,""detectors_checked"":61267968,""obs_mistake_mask=E"":69}"
   2455552,         0,         0,   117.2,decoder_by_matrix,e25b8d07214a8afb95d354611a83b9bb1ded39644e323a8585b3aabf687a4fff,"{""distance"":3,""physical_error_rate"":1e-05}","{""detection_events"":3558,""detectors_checked"":132599808}"
   2809856,         0,         0,   115.0,decoder_by_matrix,560c721f87db01d4cacf7dcb7d8812fecde61e9e7776d4b9e1b1a792578ecad7,"{""distance"":3,""physical_error_rate"":5e-06}","{""detection_events"":1827,""detectors_checked"":151732224}"
   3135488,         0,         0,   114.0,decoder_by_matrix,e9839e3017c9ef118c4b8aeafef39e78c11ecbdb89764e9ca676a7dc2fb6d062,"{""distance"":3,""physical_error_rate"":1e-06}","{""detection_events"":531,""detectors_checked"":169316352}"
   1169408,        18,         0,   117.4,decoder_by_matrix,5c8c81bfec719079c388cedc47a351f264c1bf769ae28a89f9b4fc7719fea501,"{""distance"":3,""physical_error_rate"":0.0005}","{""detection_events"":85128,""detectors_checked"":63148032,""obs_mistake_mask=E"":18}"
   1524736,         0,         0,   116.7,decoder_by_matrix,36e3cd26fed5ec7649ec51fb08c1a5e7d7f30e615782d954fee045c18a4962ca,"{""distance"":3,""physical_error_rate"":5e-05}","{""detection_events"":11220,""detectors_checked"":82335744}"
   1564672,         0,         0,   116.9,decoder_by_matrix,36e3cd26fed5ec7649ec51fb08c1a5e7d7f30e615782d954fee045c18a4962ca,"{""distance"":3,""physical_error_rate"":5e-05}","{""detection_events"":11493,""detectors_checked"":84492288}"
   1169408,        19,         0,   117.4,decoder_by_matrix,5c8c81bfec719079c388cedc47a351f264c1bf769ae28a89f9b4fc7719fea501,"{""distance"":3,""physical_error_rate"":0.0005}","{""detection_events"":85287,""detectors_checked"":63148032,""obs_mistake_mask=E"":19}"
   2787328,         0,         0,   114.5,decoder_by_matrix,560c721f87db01d4cacf7dcb7d8812fecde61e9e7776d4b9e1b1a792578ecad7,"{""distance"":3,""physical_error_rate"":5e-06}","{""detection_events"":1869,""detectors_checked"":150515712}"
   2780160,         0,         0,   113.4,decoder_by_matrix,560c721f87db01d4cacf7dcb7d8812fecde61e9e7776d4b9e1b1a792578ecad7,"{""distance"":3,""physical_error_rate"":5e-06}","{""detection_events"":2013,""detectors_checked"":150128640}"
   2439168,         0,         0,   115.5,decoder_by_matrix,e25b8d07214a8afb95d354611a83b9bb1ded39644e323a8585b3aabf687a4fff,"{""distance"":3,""physical_error_rate"":1e-05}","{""detection_events"":3678,""detectors_checked"":131715072}"
   2772992,         0,         0,   116.8,decoder_by_matrix,560c721f87db01d4cacf7dcb7d8812fecde61e9e7776d4b9e1b1a792578ecad7,"{""distance"":3,""physical_error_rate"":5e-06}","{""detection_events"":2070,""detectors_checked"":149741568}"
   3159040,         0,         0,   115.1,decoder_by_matrix,e9839e3017c9ef118c4b8aeafef39e78c11ecbdb89764e9ca676a7dc2fb6d062,"{""distance"":3,""physical_error_rate"":1e-06}","{""detection_events"":354,""detectors_checked"":170588160}"
   1129472,        76,         0,   118.0,decoder_by_matrix,f854eed952f7ffb52e4f578393718ba880ba0930c78fe51d50828fe06a713055,"{""distance"":3,""physical_error_rate"":0.001}","{""detection_events"":165672,""detectors_checked"":60991488,""obs_mistake_mask=E"":76}"
   2438144,         0,         0,   116.4,decoder_by_matrix,e25b8d07214a8afb95d354611a83b9bb1ded39644e323a8585b3aabf687a4fff,"{""distance"":3,""physical_error_rate"":1e-05}","{""detection_events"":3564,""detectors_checked"":131659776}"
   2774016,         0,         0,   115.8,decoder_by_matrix,560c721f87db01d4cacf7dcb7d8812fecde61e9e7776d4b9e1b1a792578ecad7,"{""distance"":3,""physical_error_rate"":5e-06}","{""detection_events"":2019,""detectors_checked"":149796864}"
   1167360,        27,         0,   117.3,decoder_by_matrix,5c8c81bfec719079c388cedc47a351f264c1bf769ae28a89f9b4fc7719fea501,"{""distance"":3,""physical_error_rate"":0.0005}","{""detection_events"":84696,""detectors_checked"":63037440,""obs_mistake_mask=E"":27}"
   1161216,        16,         0,   117.5,decoder_by_matrix,5c8c81bfec719079c388cedc47a351f264c1bf769ae28a89f9b4fc7719fea501,"{""distance"":3,""physical_error_rate"":0.0005}","{""detection_events"":84660,""detectors_checked"":62705664,""obs_mistake_mask=E"":16}"
   1543168,         0,         0,   118.0,decoder_by_matrix,36e3cd26fed5ec7649ec51fb08c1a5e7d7f30e615782d954fee045c18a4962ca,"{""distance"":3,""physical_error_rate"":5e-05}","{""detection_events"":11226,""detectors_checked"":83331072}"
   1131520,        89,         0,   117.9,decoder_by_matrix,f854eed952f7ffb52e4f578393718ba880ba0930c78fe51d50828fe06a713055,"{""distance"":3,""physical_error_rate"":0.001}","{""detection_events"":165219,""detectors_checked"":61102080,""obs_mistake_mask=E"":89}"
   3165184,         0,         0,   114.0,decoder_by_matrix,e9839e3017c9ef118c4b8aeafef39e78c11ecbdb89764e9ca676a7dc2fb6d062,"{""distance"":3,""physical_error_rate"":1e-06}","{""detection_events"":330,""detectors_checked"":170919936}"
   3126272,         0,         0,   113.6,decoder_by_matrix,e9839e3017c9ef118c4b8aeafef39e78c11ecbdb89764e9ca676a7dc2fb6d062,"{""distance"":3,""physical_error_rate"":1e-06}","{""detection_events"":480,""detectors_checked"":168818688}"
   1167360,        27,         0,   117.1,decoder_by_matrix,5c8c81bfec719079c388cedc47a351f264c1bf769ae28a89f9b4fc7719fea501,"{""distance"":3,""physical_error_rate"":0.0005}","{""detection_events"":86268,""detectors_checked"":63037440,""obs_mistake_mask=E"":27}"
   1568768,         0,         0,   117.6,decoder_by_matrix,36e3cd26fed5ec7649ec51fb08c1a5e7d7f30e615782d954fee045c18a4962ca,"{""distance"":3,""physical_error_rate"":5e-05}","{""detection_events"":11289,""detectors_checked"":84713472}"
   2506752,         0,         0,   114.8,decoder_by_matrix,e25b8d07214a8afb95d354611a83b9bb1ded39644e323a8585b3aabf687a4fff,"{""distance"":3,""physical_error_rate"":1e-05}","{""detection_events"":3582,""detectors_checked"":135364608}"
   3147776,         0,         0,   114.3,decoder_by_matrix,e9839e3017c9ef118c4b8aeafef39e78c11ecbdb89764e9ca676a7dc2fb6d062,"{""distance"":3,""physical_error_rate"":1e-06}","{""detection_events"":450,""detectors_checked"":169979904}"
   1129472,        87,         0,   116.6,decoder_by_matrix,f854eed952f7ffb52e4f578393718ba880ba0930c78fe51d50828fe06a713055,"{""distance"":3,""physical_error_rate"":0.001}","{""detection_events"":164127,""detectors_checked"":60991488,""obs_mistake_mask=E"":87}"
   1273856,         2,         0,   116.3,decoder_by_matrix,beec9fd12293a9cfe53c9b61fb8ce2a525e4eed38fa75d132d6dc64699336876,"{""distance"":3,""physical_error_rate"":0.0001}","{""detection_events"":18351,""detectors_checked"":68788224,""obs_mistake_mask=E"":2}"
   1312768,         1,         0,   117.1,decoder_by_matrix,beec9fd12293a9cfe53c9b61fb8ce2a525e4eed38fa75d132d6dc64699336876,"{""distance"":3,""physical_error_rate"":0.0001}","{""detection_events"":19578,""detectors_checked"":70889472,""obs_mistake_mask=E"":1}"
   2818048,         0,         0,   114.0,decoder_by_matrix,560c721f87db01d4cacf7dcb7d8812fecde61e9e7776d4b9e1b1a792578ecad7,"{""distance"":3,""physical_error_rate"":5e-06}","{""detection_events"":1809,""detectors_checked"":152174592}"
   1560576,         0,         0,   116.0,decoder_by_matrix,36e3cd26fed5ec7649ec51fb08c1a5e7d7f30e615782d954fee045c18a4962ca,"{""distance"":3,""physical_error_rate"":5e-05}","{""detection_events"":11379,""detectors_checked"":84271104}"
   1122304,        90,         0,   117.4,decoder_by_matrix,f854eed952f7ffb52e4f578393718ba880ba0930c78fe51d50828fe06a713055,"{""distance"":3,""physical_error_rate"":0.001}","{""detection_events"":164922,""detectors_checked"":60604416,""obs_mistake_mask=E"":90}"
   2462720,         0,         0,   116.2,decoder_by_matrix,e25b8d07214a8afb95d354611a83b9bb1ded39644e323a8585b3aabf687a4fff,"{""distance"":3,""physical_error_rate"":1e-05}","{""detection_events"":3618,""detectors_checked"":132986880}"
   2466816,         0,         0,   115.8,decoder_by_matrix,e25b8d07214a8afb95d354611a83b9bb1ded39644e323a8585b3aabf687a4fff,"{""distance"":3,""physical_error_rate"":1e-05}","{""detection_events"":3624,""detectors_checked"":133208064}"
   1163264,        14,         0,   118.3,decoder_by_matrix,5c8c81bfec719079c388cedc47a351f264c1bf769ae28a89f9b4fc7719fea501,"{""distance"":3,""physical_error_rate"":0.0005}","{""detection_events"":84588,""detectors_checked"":62816256,""obs_mistake_mask=E"":14}"
   2780160,         0,         0,   115.1,decoder_by_matrix,560c721f87db01d4cacf7dcb7d8812fecde61e9e7776d4b9e1b1a792578ecad7,"{""distance"":3,""physical_error_rate"":5e-06}","{""detection_events"":2163,""detectors_checked"":150128640}"
   1160192,        13,         0,   117.6,decoder_by_matrix,5c8c81bfec719079c388cedc47a351f264c1bf769ae28a89f9b4fc7719fea501,"{""distance"":3,""physical_error_rate"":0.0005}","{""detection_events"":84183,""detectors_checked"":62650368,""obs_mistake_mask=E"":13}"
   1302528,         1,         0,   118.1,decoder_by_matrix,beec9fd12293a9cfe53c9b61fb8ce2a525e4eed38fa75d132d6dc64699336876,"{""distance"":3,""physical_error_rate"":0.0001}","{""detection_events"":19089,""detectors_checked"":70336512,""obs_mistake_mask=E"":1}"
   3131392,         0,         0,   112.8,decoder_by_matrix,e9839e3017c9ef118c4b8aeafef39e78c11ecbdb89764e9ca676a7dc2fb6d062,"{""distance"":3,""physical_error_rate"":1e-06}","{""detection_events"":462,""detectors_checked"":169095168}"
   1307648,         0,         0,   117.2,decoder_by_matrix,beec9fd12293a9cfe53c9b61fb8ce2a525e4eed38fa75d132d6dc64699336876,"{""distance"":3,""physical_error_rate"":0.0001}","{""detection_events"":18705,""detectors_checked"":70612992}"
   1311744,         1,         0,   117.2,decoder_by_matrix,beec9fd12293a9cfe53c9b61fb8ce2a525e4eed38fa75d132d6dc64699336876,"{""distance"":3,""physical_error_rate"":0.0001}","{""detection_events"":19176,""detectors_checked"":70834176,""obs_mistake_mask=E"":1}"
   2496512,         0,         0,   114.9,decoder_by_matrix,e25b8d07214a8afb95d354611a83b9bb1ded39644e323a8585b3aabf687a4fff,"{""distance"":3,""physical_error_rate"":1e-05}","{""detection_events"":3483,""detectors_checked"":134811648}"
   1115136,        65,         0,   118.0,decoder_by_matrix,f854eed952f7ffb52e4f578393718ba880ba0930c78fe51d50828fe06a713055,"{""distance"":3,""physical_error_rate"":0.001}","{""detection_events"":163026,""detectors_checked"":60217344,""obs_mistake_mask=E"":65}"
   3117056,         0,         0,   114.7,decoder_by_matrix,e9839e3017c9ef118c4b8aeafef39e78c11ecbdb89764e9ca676a7dc2fb6d062,"{""distance"":3,""physical_error_rate"":1e-06}","{""detection_events"":489,""detectors_checked"":168321024}"
   1544192,         0,         0,   117.1,decoder_by_matrix,36e3cd26fed5ec7649ec51fb08c1a5e7d7f30e615782d954fee045c18a4962ca,"{""distance"":3,""physical_error_rate"":5e-05}","{""detection_events"":11067,""detectors_checked"":83386368}"
   1132544,        84,         0,   117.5,decoder_by_matrix,f854eed952f7ffb52e4f578393718ba880ba0930c78fe51d50828fe06a713055,"{""distance"":3,""physical_error_rate"":0.001}","{""detection_events"":164850,""detectors_checked"":61157376,""obs_mistake_mask=E"":84}"
   1171456,        17,         0,   118.3,decoder_by_matrix,5c8c81bfec719079c388cedc47a351f264c1bf769ae28a89f9b4fc7719fea501,"{""distance"":3,""physical_error_rate"":0.0005}","{""detection_events"":84243,""detectors_checked"":63258624,""obs_mistake_mask=E"":17}"
   2471936,         0,         0,   115.8,decoder_by_matrix,e25b8d07214a8afb95d354611a83b9bb1ded39644e323a8585b3aabf687a4fff,"{""distance"":3,""physical_error_rate"":1e-05}","{""detection_events"":3474,""detectors_checked"":133484544}"
   3144704,         0,         0,   115.4,decoder_by_matrix,e9839e3017c9ef118c4b8aeafef39e78c11ecbdb89764e9ca676a7dc2fb6d062,"{""distance"":3,""physical_error_rate"":1e-06}","{""detection_events"":468,""detectors_checked"":169814016}"
   1299456,         1,         0,   117.3,decoder_by_matrix,beec9fd12293a9cfe53c9b61fb8ce2a525e4eed38fa75d132d6dc64699336876,"{""distance"":3,""physical_error_rate"":0.0001}","{""detection_events"":18939,""detectors_checked"":70170624,""obs_mistake_mask=E"":1}"
   2781184,         0,         0,   114.4,decoder_by_matrix,560c721f87db01d4cacf7dcb7d8812fecde61e9e7776d4b9e1b1a792578ecad7,"{""distance"":3,""physical_error_rate"":5e-06}","{""detection_events"":2079,""detectors_checked"":150183936}"
   1129472,        79,         0,   116.9,decoder_by_matrix,f854eed952f7ffb52e4f578393718ba880ba0930c78fe51d50828fe06a713055,"{""distance"":3,""physical_error_rate"":0.001}","{""detection_events"":162294,""detectors_checked"":60991488,""obs_mistake_mask=E"":79}"
   1289216,         1,         0,   117.1,decoder_by_matrix,beec9fd12293a9cfe53c9b61fb8ce2a525e4eed38fa75d132d6dc64699336876,"{""distance"":3,""physical_error_rate"":0.0001}","{""detection_events"":19230,""detectors_checked"":69617664,""obs_mistake_mask=E"":1}"
   1543168,         0,         0,   115.4,decoder_by_matrix,36e3cd26fed5ec7649ec51fb08c1a5e7d7f30e615782d954fee045c18a4962ca,"{""distance"":3,""physical_error_rate"":5e-05}","{""detection_events"":11157,""detectors_checked"":83331072}"
   1128448,        90,         0,   118.3,decoder_by_matrix,f854eed952f7ffb52e4f578393718ba880ba0930c78fe51d50828fe06a713055,"{""distance"":3,""physical_error_rate"":0.001}","{""detection_events"":164586,""detectors_checked"":60936192,""obs_mistake_mask=E"":90}"
   2458624,         0,         0,   115.0,decoder_by_matrix,e25b8d07214a8afb95d354611a83b9bb1ded39644e323a8585b3aabf687a4fff,"{""distance"":3,""physical_error_rate"":1e-05}","{""detection_events"":3741,""detectors_checked"":132765696}"
   2765824,         0,         0,   116.3,decoder_by_matrix,560c721f87db01d4cacf7dcb7d8812fecde61e9e7776d4b9e1b1a792578ecad7,"{""distance"":3,""physical_error_rate"":5e-06}","{""detection_events"":2166,""detectors_checked"":149354496}"
   1299456,         1,         0,   115.7,decoder_by_matrix,beec9fd12293a9cfe53c9b61fb8ce2a525e4eed38fa75d132d6dc64699336876,"{""distance"":3,""physical_error_rate"":0.0001}","{""detection_events"":19254,""detectors_checked"":70170624,""obs_mistake_mask=E"":1}"
   3144704,         0,         0,   113.5,decoder_by_matrix,e9839e3017c9ef118c4b8aeafef39e78c11ecbdb89764e9ca676a7dc2fb6d062,"{""distance"":3,""physical_error_rate"":1e-06}","{""detection_events"":414,""detectors_checked"":169814016}"
   1548288,         1,         0,   116.4,decoder_by_matrix,36e3cd26fed5ec7649ec51fb08c1a5e7d7f30e615782d954fee045c18a4962ca,"{""distance"":3,""physical_error_rate"":5e-05}","{""detection_events"":11190,""detectors_checked"":83607552,""obs_mistake_mask=E"":1}"
   1165312,        24,         0,   118.5,decoder_by_matrix,5c8c81bfec719079c388cedc47a351f264c1bf769ae28a89f9b4fc7719fea501,"{""distance"":3,""physical_error_rate"":0.0005}","{""detection_events"":84465,""detectors_checked"":62926848,""obs_mistake_mask=E"":24}"
   1489920,         0,         0,   116.3,decoder_by_matrix,36e3cd26fed5ec7649ec51fb08c1a5e7d7f30e615782d954fee045c18a4962ca,"{""distance"":3,""physical_error_rate"":5e-05}","{""detection_events"":10773,""detectors_checked"":80455680}"
   1130496,        75,         0,   117.4,decoder_by_matrix,f854eed952f7ffb52e4f578393718ba880ba0930c78fe51d50828fe06a713055,"{""distance"":3,""physical_error_rate"":0.001}","{""detection_events"":163722,""detectors_checked"":61046784,""obs_mistake_mask=E"":75}"
   1301504,         3,         0,   116.9,decoder_by_matrix,beec9fd12293a9cfe53c9b61fb8ce2a525e4eed38fa75d132d6dc64699336876,"{""distance"":3,""physical_error_rate"":0.0001}","{""detection_events"":19689,""detectors_checked"":70281216,""obs_mistake_mask=E"":3}"
   1134592,        75,         0,   117.7,decoder_by_matrix,f854eed952f7ffb52e4f578393718ba880ba0930c78fe51d50828fe06a713055,"{""distance"":3,""physical_error_rate"":0.001}","{""detection_events"":166533,""detectors_checked"":61267968,""obs_mistake_mask=E"":75}"
   2469888,         0,         0,   115.3,decoder_by_matrix,e25b8d07214a8afb95d354611a83b9bb1ded39644e323a8585b3aabf687a4fff,"{""distance"":3,""physical_error_rate"":1e-05}","{""detection_events"":3474,""detectors_checked"":133373952}"
   2765824,         0,         0,   115.1,decoder_by_matrix,560c721f87db01d4cacf7dcb7d8812fecde61e9e7776d4b9e1b1a792578ecad7,"{""distance"":3,""physical_error_rate"":5e-06}","{""detection_events"":2148,""detectors_checked"":149354496}"
   3133440,         0,         0,   112.6,decoder_by_matrix,e9839e3017c9ef118c4b8aeafef39e78c11ecbdb89764e9ca676a7dc2fb6d062,"{""distance"":3,""physical_error_rate"":1e-06}","{""detection_events"":492,""detectors_checked"":169205760}"
   1168384,        17,         0,   118.5,decoder_by_matrix,5c8c81bfec719079c388cedc47a351f264c1bf769ae28a89f9b4fc7719fea501,"{""distance"":3,""physical_error_rate"":0.0005}","{""detection_events"":85014,""detectors_checked"":63092736,""obs_mistake_mask=E"":17}"
   1575936,         1,         0,   117.5,decoder_by_matrix,36e3cd26fed5ec7649ec51fb08c1a5e7d7f30e615782d954fee045c18a4962ca,"{""distance"":3,""physical_error_rate"":5e-05}","{""detection_events"":11520,""detectors_checked"":85100544,""obs_mistake_mask=E"":1}"
   1562624,         0,         0,   117.1,decoder_by_matrix,36e3cd26fed5ec7649ec51fb08c1a5e7d7f30e615782d954fee045c18a4962ca,"{""distance"":3,""physical_error_rate"":5e-05}","{""detection_events"":11256,""detectors_checked"":84381696}"
   1167360,        14,         0,   118.2,decoder_by_matrix,5c8c81bfec719079c388cedc47a351f264c1bf769ae28a89f9b4fc7719fea501,"{""distance"":3,""physical_error_rate"":0.0005}","{""detection_events"":85674,""detectors_checked"":63037440,""obs_mistake_mask=E"":14}"
   2742272,         0,         0,   114.7,decoder_by_matrix,560c721f87db01d4cacf7dcb7d8812fecde61e9e7776d4b9e1b1a792578ecad7,"{""distance"":3,""physical_error_rate"":5e-06}","{""detection_events"":2049,""detectors_checked"":148082688}"
   2534400,         0,         0,   114.2,decoder_by_matrix,e25b8d07214a8afb95d354611a83b9bb1ded39644e323a8585b3aabf687a4fff,"{""distance"":3,""physical_error_rate"":1e-05}","{""detection_events"":3447,""detectors_checked"":136857600}"
   2782208,         0,         0,   116.9,decoder_by_matrix,560c721f87db01d4cacf7dcb7d8812fecde61e9e7776d4b9e1b1a792578ecad7,"{""distance"":3,""physical_error_rate"":5e-06}","{""detection_events"":2073,""detectors_checked"":150239232}"
   3146752,         0,         0,   114.7,decoder_by_matrix,e9839e3017c9ef118c4b8aeafef39e78c11ecbdb89764e9ca676a7dc2fb6d062,"{""distance"":3,""physical_error_rate"":1e-06}","{""detection_events"":444,""detectors_checked"":169924608}"
   2805760,         0,         0,   111.7,decoder_by_matrix,560c721f87db01d4cacf7dcb7d8812fecde61e9e7776d4b9e1b1a792578ecad7,"{""distance"":3,""physical_error_rate"":5e-06}","{""detection_events"":1968,""detectors_checked"":151511040}"
   1132544,        84,         0,   116.8,decoder_by_matrix,f854eed952f7ffb52e4f578393718ba880ba0930c78fe51d50828fe06a713055,"{""distance"":3,""physical_error_rate"":0.001}","{""detection_events"":163734,""detectors_checked"":61157376,""obs_mistake_mask=E"":84}"
   2435072,         0,         0,   114.7,decoder_by_matrix,e25b8d07214a8afb95d354611a83b9bb1ded39644e323a8585b3aabf687a4fff,"{""distance"":3,""physical_error_rate"":1e-05}","{""detection_events"":3735,""detectors_checked"":131493888}"
   1168384,        24,         0,   118.7,decoder_by_matrix,5c8c81bfec719079c388cedc47a351f264c1bf769ae28a89f9b4fc7719fea501,"{""distance"":3,""physical_error_rate"":0.0005}","{""detection_events"":83046,""detectors_checked"":63092736,""obs_mistake_mask=E"":24}"
   2775040,         0,         0,   117.1,decoder_by_matrix,560c721f87db01d4cacf7dcb7d8812fecde61e9e7776d4b9e1b1a792578ecad7,"{""distance"":3,""physical_error_rate"":5e-06}","{""detection_events"":2184,""detectors_checked"":149852160}"
   1162240,        22,         0,   117.8,decoder_by_matrix,5c8c81bfec719079c388cedc47a351f264c1bf769ae28a89f9b4fc7719fea501,"{""distance"":3,""physical_error_rate"":0.0005}","{""detection_events"":84870,""detectors_checked"":62760960,""obs_mistake_mask=E"":22}"
   1551360,         0,         0,   117.3,decoder_by_matrix,36e3cd26fed5ec7649ec51fb08c1a5e7d7f30e615782d954fee045c18a4962ca,"{""distance"":3,""physical_error_rate"":5e-05}","{""detection_events"":11184,""detectors_checked"":83773440}"
   1131520,        75,         0,   118.9,decoder_by_matrix,f854eed952f7ffb52e4f578393718ba880ba0930c78fe51d50828fe06a713055,"{""distance"":3,""physical_error_rate"":0.001}","{""detection_events"":164913,""detectors_checked"":61102080,""obs_mistake_mask=E"":75}"
   3151872,         0,         0,   114.0,decoder_by_matrix,e9839e3017c9ef118c4b8aeafef39e78c11ecbdb89764e9ca676a7dc2fb6d062,"{""distance"":3,""physical_error_rate"":1e-06}","{""detection_events"":498,""detectors_checked"":170201088}"
   3131392,         0,         0,   114.3,decoder_by_matrix,e9839e3017c9ef118c4b8aeafef39e78c11ecbdb89764e9ca676a7dc2fb6d062,"{""distance"":3,""physical_error_rate"":1e-06}","{""detection_events"":477,""detectors_checked"":169095168}"
   2481152,         0,         0,   115.6,decoder_by_matrix,e25b8d07214a8afb95d354611a83b9bb1ded39644e323a8585b3aabf687a4fff,"{""distance"":3,""physical_error_rate"":1e-05}","{""detection_events"":3615,""detectors_checked"":133982208}"
   1545216,         1,         0,   116.6,decoder_by_matrix,36e3cd26fed5ec7649ec51fb08c1a5e7d7f30e615782d954fee045c18a4962ca,"{""distance"":3,""physical_error_rate"":5e-05}","{""detection_events"":11502,""detectors_checked"":83441664,""obs_mistake_mask=E"":1}"
   1169408,        17,         0,   117.9,decoder_by_matrix,5c8c81bfec719079c388cedc47a351f264c1bf769ae28a89f9b4fc7719fea501,"{""distance"":3,""physical_error_rate"":0.0005}","{""detection_events"":84471,""detectors_checked"":63148032,""obs_mistake_mask=E"":17}"
   3150848,         0,         0,   114.6,decoder_by_matrix,e9839e3017c9ef118c4b8aeafef39e78c11ecbdb89764e9ca676a7dc2fb6d062,"{""distance"":3,""physical_error_rate"":1e-06}","{""detection_events"":426,""detectors_checked"":170145792}"
   1128448,        75,         0,   116.1,decoder_by_matrix,f854eed952f7ffb52e4f578393718ba880ba0930c78fe51d50828fe06a713055,"{""distance"":3,""physical_error_rate"":0.001}","{""detection_events"":163089,""detectors_checked"":60936192,""obs_mistake_mask=E"":75}"
   1295360,         0,         0,   116.7,decoder_by_matrix,beec9fd12293a9cfe53c9b61fb8ce2a525e4eed38fa75d132d6dc64699336876,"{""distance"":3,""physical_error_rate"":0.0001}","{""detection_events"":19197,""detectors_checked"":69949440}"
   1277952,         2,         0,   118.6,decoder_by_matrix,beec9fd12293a9cfe53c9b61fb8ce2a525e4eed38fa75d132d6dc64699336876,"{""distance"":3,""physical_error_rate"":0.0001}","{""detection_events"":18807,""detectors_checked"":69009408,""obs_mistake_mask=E"":2}"
   2769920,         0,         0,   115.2,decoder_by_matrix,560c721f87db01d4cacf7dcb7d8812fecde61e9e7776d4b9e1b1a792578ecad7,"{""distance"":3,""physical_error_rate"":5e-06}","{""detection_events"":2100,""detectors_checked"":149575680}"
   1571840,         0,         0,   118.5,decoder_by_matrix,36e3cd26fed5ec7649ec51fb08c1a5e7d7f30e615782d954fee045c18a4962ca,"{""distance"":3,""physical_error_rate"":5e-05}","{""detection_events"":11151,""detectors_checked"":84879360}"
   1125376,        84,         0,   116.5,decoder_by_matrix,f854eed952f7ffb52e4f578393718ba880ba0930c78fe51d50828fe06a713055,"{""distance"":3,""physical_error_rate"":0.001}","{""detection_events"":162267,""detectors_checked"":60770304,""obs_mistake_mask=E"":84}"
   2446336,         0,         0,   116.0,decoder_by_matrix,e25b8d07214a8afb95d354611a83b9bb1ded39644e323a8585b3aabf687a4fff,"{""distance"":3,""physical_error_rate"":1e-05}","{""detection_events"":3789,""detectors_checked"":132102144}"
   1163264,        20,         0,   118.2,decoder_by_matrix,5c8c81bfec719079c388cedc47a351f264c1bf769ae28a89f9b4fc7719fea501,"{""distance"":3,""physical_error_rate"":0.0005}","{""detection_events"":86079,""detectors_checked"":62816256,""obs_mistake_mask=E"":20}"
   2457600,         0,         0,   117.3,decoder_by_matrix,e25b8d07214a8afb95d354611a83b9bb1ded39644e323a8585b3aabf687a4fff,"{""distance"":3,""physical_error_rate"":1e-05}","{""detection_events"":3564,""detectors_checked"":132710400}"
   2779136,         0,         0,   114.1,decoder_by_matrix,560c721f87db01d4cacf7dcb7d8812fecde61e9e7776d4b9e1b1a792578ecad7,"{""distance"":3,""physical_error_rate"":5e-06}","{""detection_events"":2061,""detectors_checked"":150073344}"
   1300480,         0,         0,   115.7,decoder_by_matrix,beec9fd12293a9cfe53c9b61fb8ce2a525e4eed38fa75d132d6dc64699336876,"{""distance"":3,""physical_error_rate"":0.0001}","{""detection_events"":18627,""detectors_checked"":70225920}"
   1163264,        22,         0,   118.9,decoder_by_matrix,5c8c81bfec719079c388cedc47a351f264c1bf769ae28a89f9b4fc7719fea501,"{""distance"":3,""physical_error_rate"":0.0005}","{""detection_events"":85122,""detectors_checked"":62816256,""obs_mistake_mask=E"":22}"
   1296384,         0,         0,   118.3,decoder_by_matrix,beec9fd12293a9cfe53c9b61fb8ce2a525e4eed38fa75d132d6dc64699336876,"{""distance"":3,""physical_error_rate"":0.0001}","{""detection_events"":18660,""detectors_checked"":70004736}"
   3153920,         0,         0,   113.6,decoder_by_matrix,e9839e3017c9ef118c4b8aeafef39e78c11ecbdb89764e9ca676a7dc2fb6d062,"{""distance"":3,""physical_error_rate"":1e-06}","{""detection_events"":372,""detectors_checked"":170311680}"
   1306624,         0,         0,   117.1,decoder_by_matrix,beec9fd12293a9cfe53c9b61fb8ce2a525e4eed38fa75d132d6dc64699336876,"{""distance"":3,""physical_error_rate"":0.0001}","{""detection_events"":18333,""detectors_checked"":70557696}"
   2452480,         0,         0,   114.5,decoder_by_matrix,e25b8d07214a8afb95d354611a83b9bb1ded39644e323a8585b3aabf687a4fff,"{""distance"":3,""physical_error_rate"":1e-05}","{""detection_events"":3882,""detectors_checked"":132433920}"
   1119232,        74,         0,   118.3,decoder_by_matrix,f854eed952f7ffb52e4f578393718ba880ba0930c78fe51d50828fe06a713055,"{""distance"":3,""physical_error_rate"":0.001}","{""detection_events"":163812,""detectors_checked"":60438528,""obs_mistake_mask=E"":74}"
   3120128,         0,         0,   115.8,decoder_by_matrix,e9839e3017c9ef118c4b8aeafef39e78c11ecbdb89764e9ca676a7dc2fb6d062,"{""distance"":3,""physical_error_rate"":1e-06}","{""detection_events"":495,""detectors_checked"":168486912}"
   1579008,         0,         0,   116.0,decoder_by_matrix,36e3cd26fed5ec7649ec51fb08c1a5e7d7f30e615782d954fee045c18a4962ca,"{""distance"":3,""physical_error_rate"":5e-05}","{""detection_events"":11337,""detectors_checked"":85266432}"
   1131520,        86,         0,   117.0,decoder_by_matrix,f854eed952f7ffb52e4f578393718ba880ba0930c78fe51d50828fe06a713055,"{""distance"":3,""physical_error_rate"":0.001}","{""detection_events"":163704,""detectors_checked"":61102080,""obs_mistake_mask=E"":86}"
   1171456,        17,         0,   117.5,decoder_by_matrix,5c8c81bfec719079c388cedc47a351f264c1bf769ae28a89f9b4fc7719fea501,"{""distance"":3,""physical_error_rate"":0.0005}","{""detection_events"":84360,""detectors_checked"":63258624,""obs_mistake_mask=E"":17}"
   2477056,         0,         0,   115.7,decoder_by_matrix,e25b8d07214a8afb95d354611a83b9bb1ded39644e323a8585b3aabf687a4fff,"{""distance"":3,""physical_error_rate"":1e-05}","{""detection_events"":3669,""detectors_checked"":133761024}"
   3151872,         0,         0,   113.8,decoder_by_matrix,e9839e3017c9ef118c4b8aeafef39e78c11ecbdb89764e9ca676a7dc2fb6d062,"{""distance"":3,""physical_error_rate"":1e-06}","{""detection_events"":432,""detectors_checked"":170201088}"
   1305600,         0,         0,   118.1,decoder_by_matrix,beec9fd12293a9cfe53c9b61fb8ce2a525e4eed38fa75d132d6dc64699336876,"{""distance"":3,""physical_error_rate"":0.0001}","{""detection_events"":19017,""detectors_checked"":70502400}"
   2770944,         0,         0,   116.6,decoder_by_matrix,560c721f87db01d4cacf7dcb7d8812fecde61e9e7776d4b9e1b1a792578ecad7,"{""distance"":3,""physical_error_rate"":5e-06}","{""detection_events"":2094,""detectors_checked"":149630976}"
   1284096,         0,         0,   117.2,decoder_by_matrix,beec9fd12293a9cfe53c9b61fb8ce2a525e4eed38fa75d132d6dc64699336876,"{""distance"":3,""physical_error_rate"":0.0001}","{""detection_events"":19278,""detectors_checked"":69341184}"
   1125376,        89,         0,   117.6,decoder_by_matrix,f854eed952f7ffb52e4f578393718ba880ba0930c78fe51d50828fe06a713055,"{""distance"":3,""physical_error_rate"":0.001}","{""detection_events"":165903,""detectors_checked"":60770304,""obs_mistake_mask=E"":89}"
   1511424,         0,         0,   115.5,decoder_by_matrix,36e3cd26fed5ec7649ec51fb08c1a5e7d7f30e615782d954fee045c18a4962ca,"{""distance"":3,""physical_error_rate"":5e-05}","{""detection_events"":11265,""detectors_checked"":81616896}"
   1129472,        71,         0,   116.4,decoder_by_matrix,f854eed952f7ffb52e4f578393718ba880ba0930c78fe51d50828fe06a713055,"{""distance"":3,""physical_error_rate"":0.001}","{""detection_events"":166707,""detectors_checked"":60991488,""obs_mistake_mask=E"":71}"
   2446336,         0,         0,   116.3,decoder_by_matrix,e25b8d07214a8afb95d354611a83b9bb1ded39644e323a8585b3aabf687a4fff,"{""distance"":3,""physical_error_rate"":1e-05}","{""detection_events"":3585,""detectors_checked"":132102144}"
   2828288,         0,         0,   114.6,decoder_by_matrix,560c721f87db01d4cacf7dcb7d8812fecde61e9e7776d4b9e1b1a792578ecad7,"{""distance"":3,""physical_error_rate"":5e-06}","{""detection_events"":1818,""detectors_checked"":152727552}"
   1298432,         0,         0,   117.7,decoder_by_matrix,beec9fd12293a9cfe53c9b61fb8ce2a525e4eed38fa75d132d6dc64699336876,"{""distance"":3,""physical_error_rate"":0.0001}","{""detection_events"":19197,""detectors_checked"":70115328}"
   3116032,         0,         0,   115.1,decoder_by_matrix,e9839e3017c9ef118c4b8aeafef39e78c11ecbdb89764e9ca676a7dc2fb6d062,"{""distance"":3,""physical_error_rate"":1e-06}","{""detection_events"":555,""detectors_checked"":168265728}"
   1573888,         0,         0,   116.5,decoder_by_matrix,36e3cd26fed5ec7649ec51fb08c1a5e7d7f30e615782d954fee045c18a4962ca,"{""distance"":3,""physical_error_rate"":5e-05}","{""detection_events"":10974,""detectors_checked"":84989952}"
   1164288,        18,         0,   116.5,decoder_by_matrix,5c8c81bfec719079c388cedc47a351f264c1bf769ae28a89f9b4fc7719fea501,"{""distance"":3,""physical_error_rate"":0.0005}","{""detection_events"":85023,""detectors_checked"":62871552,""obs_mistake_mask=E"":18}"
   1501184,         0,         0,   117.1,decoder_by_matrix,36e3cd26fed5ec7649ec51fb08c1a5e7d7f30e615782d954fee045c18a4962ca,"{""distance"":3,""physical_error_rate"":5e-05}","{""detection_events"":11166,""detectors_checked"":81063936}"
   1127424,        97,         0,   117.4,decoder_by_matrix,f854eed952f7ffb52e4f578393718ba880ba0930c78fe51d50828fe06a713055,"{""distance"":3,""physical_error_rate"":0.001}","{""detection_events"":168216,""detectors_checked"":60880896,""obs_mistake_mask=E"":97}"
   1289216,         3,         0,   117.7,decoder_by_matrix,beec9fd12293a9cfe53c9b61fb8ce2a525e4eed38fa75d132d6dc64699336876,"{""distance"":3,""physical_error_rate"":0.0001}","{""detection_events"":19239,""detectors_checked"":69617664,""obs_mistake_mask=E"":3}"
   1132544,        84,         0,   117.5,decoder_by_matrix,f854eed952f7ffb52e4f578393718ba880ba0930c78fe51d50828fe06a713055,"{""distance"":3,""physical_error_rate"":0.001}","{""detection_events"":165987,""detectors_checked"":61157376,""obs_mistake_mask=E"":84}"
   2774016,         0,         0,   114.5,decoder_by_matrix,560c721f87db01d4cacf7dcb7d8812fecde61e9e7776d4b9e1b1a792578ecad7,"{""distance"":3,""physical_error_rate"":5e-06}","{""detection_events"":2106,""detectors_checked"":149796864}"
   2458624,         0,         0,   115.3,decoder_by_matrix,e25b8d07214a8afb95d354611a83b9bb1ded39644e323a8585b3aabf687a4fff,"{""distance"":3,""physical_error_rate"":1e-05}","{""detection_events"":3531,""detectors_checked"":132765696}"
   3151872,         0,         0,   114.9,decoder_by_matrix,e9839e3017c9ef118c4b8aeafef39e78c11ecbdb89764e9ca676a7dc2fb6d062,"{""distance"":3,""physical_error_rate"":1e-06}","{""detection_events"":465,""detectors_checked"":170201088}"
   1168384,        15,         0,   115.8,decoder_by_matrix,5c8c81bfec719079c388cedc47a351f264c1bf769ae28a89f9b4fc7719fea501,"{""distance"":3,""physical_error_rate"":0.0005}","{""detection_events"":85842,""detectors_checked"":63092736,""obs_mistake_mask=E"":15}"
   1554432,         1,         0,   116.2,decoder_by_matrix,36e3cd26fed5ec7649ec51fb08c1a5e7d7f30e615782d954fee045c18a4962ca,"{""distance"":3,""physical_error_rate"":5e-05}","{""detection_events"":11790,""detectors_checked"":83939328,""obs_mistake_mask=E"":1}"
   1166336,        24,         0,   118.2,decoder_by_matrix,5c8c81bfec719079c388cedc47a351f264c1bf769ae28a89f9b4fc7719fea501,"{""distance"":3,""physical_error_rate"":0.0005}","{""detection_events"":84786,""detectors_checked"":62982144,""obs_mistake_mask=E"":24}"
   1554432,         1,         0,   117.7,decoder_by_matrix,36e3cd26fed5ec7649ec51fb08c1a5e7d7f30e615782d954fee045c18a4962ca,"{""distance"":3,""physical_error_rate"":5e-05}","{""detection_events"":11310,""detectors_checked"":83939328,""obs_mistake_mask=E"":1}"
   2456576,         1,         0,   114.8,decoder_by_matrix,e25b8d07214a8afb95d354611a83b9bb1ded39644e323a8585b3aabf687a4fff,"{""distance"":3,""physical_error_rate"":1e-05}","{""detection_events"":3375,""detectors_checked"":132655104,""obs_mistake_mask=E"":1}"
   2831360,         0,         0,   115.6,decoder_by_matrix,560c721f87db01d4cacf7dcb7d8812fecde61e9e7776d4b9e1b1a792578ecad7,"{""distance"":3,""physical_error_rate"":5e-06}","{""detection_events"":1821,""detectors_checked"":152893440}"
   3130368,         0,         0,   114.4,decoder_by_matrix,e9839e3017c9ef118c4b8aeafef39e78c11ecbdb89764e9ca676a7dc2fb6d062,"{""distance"":3,""physical_error_rate"":1e-06}","{""detection_events"":489,""detectors_checked"":169039872}"
   2804736,         0,         0,   114.4,decoder_by_matrix,560c721f87db01d4cacf7dcb7d8812fecde61e9e7776d4b9e1b1a792578ecad7,"{""distance"":3,""physical_error_rate"":5e-06}","{""detection_events"":1935,""detectors_checked"":151455744}"
   2805760,         0,         0,   112.5,decoder_by_matrix,560c721f87db01d4cacf7dcb7d8812fecde61e9e7776d4b9e1b1a792578ecad7,"{""distance"":3,""physical_error_rate"":5e-06}","{""detection_events"":2007,""detectors_checked"":151511040}"
   1131520,        87,         0,   116.5,decoder_by_matrix,f854eed952f7ffb52e4f578393718ba880ba0930c78fe51d50828fe06a713055,"{""distance"":3,""physical_error_rate"":0.001}","{""detection_events"":167499,""detectors_checked"":61102080,""obs_mistake_mask=E"":87}"
   2440192,         0,         0,   116.9,decoder_by_matrix,e25b8d07214a8afb95d354611a83b9bb1ded39644e323a8585b3aabf687a4fff,"{""distance"":3,""physical_error_rate"":1e-05}","{""detection_events"":3546,""detectors_checked"":131770368}"
   1163264,        20,         0,   117.4,decoder_by_matrix,5c8c81bfec719079c388cedc47a351f264c1bf769ae28a89f9b4fc7719fea501,"{""distance"":3,""physical_error_rate"":0.0005}","{""detection_events"":84579,""detectors_checked"":62816256,""obs_mistake_mask=E"":20}"
   1167360,        26,         0,   119.2,decoder_by_matrix,5c8c81bfec719079c388cedc47a351f264c1bf769ae28a89f9b4fc7719fea501,"{""distance"":3,""physical_error_rate"":0.0005}","{""detection_events"":85653,""detectors_checked"":63037440,""obs_mistake_mask=E"":26}"
   1545216,         0,         0,   116.8,decoder_by_matrix,36e3cd26fed5ec7649ec51fb08c1a5e7d7f30e615782d954fee045c18a4962ca,"{""distance"":3,""physical_error_rate"":5e-05}","{""detection_events"":11235,""detectors_checked"":83441664}"
   2786304,         0,         0,   116.0,decoder_by_matrix,560c721f87db01d4cacf7dcb7d8812fecde61e9e7776d4b9e1b1a792578ecad7,"{""distance"":3,""physical_error_rate"":5e-06}","{""detection_events"":1965,""detectors_checked"":150460416}"
   3139584,         0,         0,   116.2,decoder_by_matrix,e9839e3017c9ef118c4b8aeafef39e78c11ecbdb89764e9ca676a7dc2fb6d062,"{""distance"":3,""physical_error_rate"":1e-06}","{""detection_events"":429,""detectors_checked"":169537536}"
   1131520,        74,         0,   117.6,decoder_by_matrix,f854eed952f7ffb52e4f578393718ba880ba0930c78fe51d50828fe06a713055,"{""distance"":3,""physical_error_rate"":0.001}","{""detection_events"":163017,""detectors_checked"":61102080,""obs_mistake_mask=E"":74}"
   3112960,         0,         0,   114.8,decoder_by_matrix,e9839e3017c9ef118c4b8aeafef39e78c11ecbdb89764e9ca676a7dc2fb6d062,"{""distance"":3,""physical_error_rate"":1e-06}","{""detection_events"":609,""detectors_checked"":168099840}"
   2445312,         0,         0,   114.5,decoder_by_matrix,e25b8d07214a8afb95d354611a83b9bb1ded39644e323a8585b3aabf687a4fff,"{""distance"":3,""physical_error_rate"":1e-05}","{""detection_events"":3555,""detectors_checked"":132046848}"
   1564672,         0,         0,   116.5,decoder_by_matrix,36e3cd26fed5ec7649ec51fb08c1a5e7d7f30e615782d954fee045c18a4962ca,"{""distance"":3,""physical_error_rate"":5e-05}","{""detection_events"":11370,""detectors_checked"":84492288}"
   1167360,        20,         0,   117.1,decoder_by_matrix,5c8c81bfec719079c388cedc47a351f264c1bf769ae28a89f9b4fc7719fea501,"{""distance"":3,""physical_error_rate"":0.0005}","{""detection_events"":85215,""detectors_checked"":63037440,""obs_mistake_mask=E"":20}"
   1129472,        89,         0,   117.3,decoder_by_matrix,f854eed952f7ffb52e4f578393718ba880ba0930c78fe51d50828fe06a713055,"{""distance"":3,""physical_error_rate"":0.001}","{""detection_events"":162018,""detectors_checked"":60991488,""obs_mistake_mask=E"":89}"
   1288192,         0,         0,   116.0,decoder_by_matrix,beec9fd12293a9cfe53c9b61fb8ce2a525e4eed38fa75d132d6dc64699336876,"{""distance"":3,""physical_error_rate"":0.0001}","{""detection_events"":18516,""detectors_checked"":69562368}"
   3144704,         0,         0,   113.0,decoder_by_matrix,e9839e3017c9ef118c4b8aeafef39e78c11ecbdb89764e9ca676a7dc2fb6d062,"{""distance"":3,""physical_error_rate"":1e-06}","{""detection_events"":465,""detectors_checked"":169814016}"
   2776064,         0,         0,   113.7,decoder_by_matrix,560c721f87db01d4cacf7dcb7d8812fecde61e9e7776d4b9e1b1a792578ecad7,"{""distance"":3,""physical_error_rate"":5e-06}","{""detection_events"":2052,""detectors_checked"":149907456}"
   1305600,         2,         0,   117.4,decoder_by_matrix,beec9fd12293a9cfe53c9b61fb8ce2a525e4eed38fa75d132d6dc64699336876,"{""distance"":3,""physical_error_rate"":0.0001}","{""detection_events"":18915,""detectors_checked"":70502400,""obs_mistake_mask=E"":2}"
   1124352,        96,         0,   118.4,decoder_by_matrix,f854eed952f7ffb52e4f578393718ba880ba0930c78fe51d50828fe06a713055,"{""distance"":3,""physical_error_rate"":0.001}","{""detection_events"":164865,""detectors_checked"":60715008,""obs_mistake_mask=E"":96}"
   1574912,         0,         0,   118.1,decoder_by_matrix,36e3cd26fed5ec7649ec51fb08c1a5e7d7f30e615782d954fee045c18a4962ca,"{""distance"":3,""physical_error_rate"":5e-05}","{""detection_events"":11490,""detectors_checked"":85045248}"
   2469888,         0,         0,   113.9,decoder_by_matrix,e25b8d07214a8afb95d354611a83b9bb1ded39644e323a8585b3aabf687a4fff,"{""distance"":3,""physical_error_rate"":1e-05}","{""detection_events"":3696,""detectors_checked"":133373952}"
   1160192,        17,         0,   116.8,decoder_by_matrix,5c8c81bfec719079c388cedc47a351f264c1bf769ae28a89f9b4fc7719fea501,"{""distance"":3,""physical_error_rate"":0.0005}","{""detection_events"":87132,""detectors_checked"":62650368,""obs_mistake_mask=E"":17}"
   2436096,         0,         0,   115.7,decoder_by_matrix,e25b8d07214a8afb95d354611a83b9bb1ded39644e323a8585b3aabf687a4fff,"{""distance"":3,""physical_error_rate"":1e-05}","{""detection_events"":3597,""detectors_checked"":131549184}"
   2832384,         0,         0,   115.3,decoder_by_matrix,560c721f87db01d4cacf7dcb7d8812fecde61e9e7776d4b9e1b1a792578ecad7,"{""distance"":3,""physical_error_rate"":5e-06}","{""detection_events"":1740,""detectors_checked"":152948736}"
   1300480,         1,         0,   114.3,decoder_by_matrix,beec9fd12293a9cfe53c9b61fb8ce2a525e4eed38fa75d132d6dc64699336876,"{""distance"":3,""physical_error_rate"":0.0001}","{""detection_events"":19878,""detectors_checked"":70225920,""obs_mistake_mask=E"":1}"
   1314816,         2,         0,   118.2,decoder_by_matrix,beec9fd12293a9cfe53c9b61fb8ce2a525e4eed38fa75d132d6dc64699336876,"{""distance"":3,""physical_error_rate"":0.0001}","{""detection_events"":18699,""detectors_checked"":71000064,""obs_mistake_mask=E"":2}"
   1163264,        18,         0,   116.7,decoder_by_matrix,5c8c81bfec719079c388cedc47a351f264c1bf769ae28a89f9b4fc7719fea501,"{""distance"":3,""physical_error_rate"":0.0005}","{""detection_events"":86697,""detectors_checked"":62816256,""obs_mistake_mask=E"":18}"
   2489344,         0,         0,   116.2,decoder_by_matrix,e25b8d07214a8afb95d354611a83b9bb1ded39644e323a8585b3aabf687a4fff,"{""distance"":3,""physical_error_rate"":1e-05}","{""detection_events"":3450,""detectors_checked"":134424576}"
   1118208,        83,         0,   116.7,decoder_by_matrix,f854eed952f7ffb52e4f578393718ba880ba0930c78fe51d50828fe06a713055,"{""distance"":3,""physical_error_rate"":0.001}","{""detection_events"":163671,""detectors_checked"":60383232,""obs_mistake_mask=E"":83}"
   1295360,         2,         0,   116.9,decoder_by_matrix,beec9fd12293a9cfe53c9b61fb8ce2a525e4eed38fa75d132d6dc64699336876,"{""distance"":3,""physical_error_rate"":0.0001}","{""detection_events"":18915,""detectors_checked"":69949440,""obs_mistake_mask=E"":2}"
   3116032,         0,         0,   114.1,decoder_by_matrix,e9839e3017c9ef118c4b8aeafef39e78c11ecbdb89764e9ca676a7dc2fb6d062,"{""distance"":3,""physical_error_rate"":1e-06}","{""detection_events"":534,""detectors_checked"":168265728}"
   3134464,         0,         0,   116.0,decoder_by_matrix,e9839e3017c9ef118c4b8aeafef39e78c11ecbdb89764e9ca676a7dc2fb6d062,"{""distance"":3,""physical_error_rate"":1e-06}","{""detection_events"":426,""detectors_checked"":169261056}"
   2425856,         0,         0,   117.4,decoder_by_matrix,e25b8d07214a8afb95d354611a83b9bb1ded39644e323a8585b3aabf687a4fff,"{""distance"":3,""physical_error_rate"":1e-05}","{""detection_events"":4017,""detectors_checked"":130996224}"
   1169408,        12,         0,   117.5,decoder_by_matrix,5c8c81bfec719079c388cedc47a351f264c1bf769ae28a89f9b4fc7719fea501,"{""distance"":3,""physical_error_rate"":0.0005}","{""detection_events"":85518,""detectors_checked"":63148032,""obs_mistake_mask=E"":12}"
   1523712,         0,         0,   117.9,decoder_by_matrix,36e3cd26fed5ec7649ec51fb08c1a5e7d7f30e615782d954fee045c18a4962ca,"{""distance"":3,""physical_error_rate"":5e-05}","{""detection_events"":11847,""detectors_checked"":82280448}"
   1133568,        71,         0,   118.1,decoder_by_matrix,f854eed952f7ffb52e4f578393718ba880ba0930c78fe51d50828fe06a713055,"{""distance"":3,""physical_error_rate"":0.001}","{""detection_events"":164472,""detectors_checked"":61212672,""obs_mistake_mask=E"":71}"
   3146752,         0,         0,   115.0,decoder_by_matrix,e9839e3017c9ef118c4b8aeafef39e78c11ecbdb89764e9ca676a7dc2fb6d062,"{""distance"":3,""physical_error_rate"":1e-06}","{""detection_events"":522,""detectors_checked"":169924608}"
   1312768,         1,         0,   117.9,decoder_by_matrix,beec9fd12293a9cfe53c9b61fb8ce2a525e4eed38fa75d132d6dc64699336876,"{""distance"":3,""physical_error_rate"":0.0001}","{""detection_events"":19872,""detectors_checked"":70889472,""obs_mistake_mask=E"":1}"
   2772992,         0,         0,   115.6,decoder_by_matrix,560c721f87db01d4cacf7dcb7d8812fecde61e9e7776d4b9e1b1a792578ecad7,"{""distance"":3,""physical_error_rate"":5e-06}","{""detection_events"":2088,""detectors_checked"":149741568}"
   1296384,         0,         0,   118.3,decoder_by_matrix,beec9fd12293a9cfe53c9b61fb8ce2a525e4eed38fa75d132d6dc64699336876,"{""distance"":3,""physical_error_rate"":0.0001}","{""detection_events"":18543,""detectors_checked"":70004736}"
   1128448,        80,         0,   117.0,decoder_by_matrix,f854eed952f7ffb52e4f578393718ba880ba0930c78fe51d50828fe06a713055,"{""distance"":3,""physical_error_rate"":0.001}","{""detection_events"":164559,""detectors_checked"":60936192,""obs_mistake_mask=E"":80}"
   1540096,         0,         0,   116.6,decoder_by_matrix,36e3cd26fed5ec7649ec51fb08c1a5e7d7f30e615782d954fee045c18a4962ca,"{""distance"":3,""physical_error_rate"":5e-05}","{""detection_events"":11007,""detectors_checked"":83165184}"
   1128448,        84,         0,   117.5,decoder_by_matrix,f854eed952f7ffb52e4f578393718ba880ba0930c78fe51d50828fe06a713055,"{""distance"":3,""physical_error_rate"":0.001}","{""detection_events"":164994,""detectors_checked"":60936192,""obs_mistake_mask=E"":84}"
   2462720,         0,         0,   115.6,decoder_by_matrix,e25b8d07214a8afb95d354611a83b9bb1ded39644e323a8585b3aabf687a4fff,"{""distance"":3,""physical_error_rate"":1e-05}","{""detection_events"":3567,""detectors_checked"":132986880}"
   1306624,         0,         0,   117.4,decoder_by_matrix,beec9fd12293a9cfe53c9b61fb8ce2a525e4eed38fa75d132d6dc64699336876,"{""distance"":3,""physical_error_rate"":0.0001}","{""detection_events"":18972,""detectors_checked"":70557696}"
   2788352,         0,         0,   114.7,decoder_by_matrix,560c721f87db01d4cacf7dcb7d8812fecde61e9e7776d4b9e1b1a792578ecad7,"{""distance"":3,""physical_error_rate"":5e-06}","{""detection_events"":2130,""detectors_checked"":150571008}"
   3146752,         0,         0,   114.0,decoder_by_matrix,e9839e3017c9ef118c4b8aeafef39e78c11ecbdb89764e9ca676a7dc2fb6d062,"{""distance"":3,""physical_error_rate"":1e-06}","{""detection_events"":393,""detectors_checked"":169924608}"
   1545216,         2,         0,   117.1,decoder_by_matrix,36e3cd26fed5ec7649ec51fb08c1a5e7d7f30e615782d954fee045c18a4962ca,"{""distance"":3,""physical_error_rate"":5e-05}","{""detection_events"":11469,""detectors_checked"":83441664,""obs_mistake_mask=E"":2}"
   1163264,        21,         0,   117.2,decoder_by_matrix,5c8c81bfec719079c388cedc47a351f264c1bf769ae28a89f9b4fc7719fea501,"{""distance"":3,""physical_error_rate"":0.0005}","{""detection_events"":85632,""detectors_checked"":62816256,""obs_mistake_mask=E"":21}"
   1501184,         0,         0,   117.8,decoder_by_matrix,36e3cd26fed5ec7649ec51fb08c1a5e7d7f30e615782d954fee045c18a4962ca,"{""distance"":3,""physical_error_rate"":5e-05}","{""detection_events"":11097,""detectors_checked"":81063936}"
   1309696,         1,         0,   117.6,decoder_by_matrix,beec9fd12293a9cfe53c9b61fb8ce2a525e4eed38fa75d132d6dc64699336876,"{""distance"":3,""physical_error_rate"":0.0001}","{""detection_events"":18894,""detectors_checked"":70723584,""obs_mistake_mask=E"":1}"
   1128448,        86,         0,   118.1,decoder_by_matrix,f854eed952f7ffb52e4f578393718ba880ba0930c78fe51d50828fe06a713055,"{""distance"":3,""physical_error_rate"":0.001}","{""detection_events"":165426,""detectors_checked"":60936192,""obs_mistake_mask=E"":86}"
   1135616,        80,         0,   116.7,decoder_by_matrix,f854eed952f7ffb52e4f578393718ba880ba0930c78fe51d50828fe06a713055,"{""distance"":3,""physical_error_rate"":0.001}","{""detection_events"":161766,""detectors_checked"":61323264,""obs_mistake_mask=E"":80}"
   2790400,         0,         0,   115.2,decoder_by_matrix,560c721f87db01d4cacf7dcb7d8812fecde61e9e7776d4b9e1b1a792578ecad7,"{""distance"":3,""physical_error_rate"":5e-06}","{""detection_events"":2013,""detectors_checked"":150681600}"
   2512896,         0,         0,   118.6,decoder_by_matrix,e25b8d07214a8afb95d354611a83b9bb1ded39644e323a8585b3aabf687a4fff,"{""distance"":3,""physical_error_rate"":1e-05}","{""detection_events"":3315,""detectors_checked"":135696384}"
   3153920,         0,         0,   114.6,decoder_by_matrix,e9839e3017c9ef118c4b8aeafef39e78c11ecbdb89764e9ca676a7dc2fb6d062,"{""distance"":3,""physical_error_rate"":1e-06}","{""detection_events"":435,""detectors_checked"":170311680}"
   1554432,         0,         0,   117.4,decoder_by_matrix,36e3cd26fed5ec7649ec51fb08c1a5e7d7f30e615782d954fee045c18a4962ca,"{""distance"":3,""physical_error_rate"":5e-05}","{""detection_events"":11289,""detectors_checked"":83939328}"
   1169408,        22,         0,   117.8,decoder_by_matrix,5c8c81bfec719079c388cedc47a351f264c1bf769ae28a89f9b4fc7719fea501,"{""distance"":3,""physical_error_rate"":0.0005}","{""detection_events"":84327,""detectors_checked"":63148032,""obs_mistake_mask=E"":22}"
   1166336,        23,         0,   117.8,decoder_by_matrix,5c8c81bfec719079c388cedc47a351f264c1bf769ae28a89f9b4fc7719fea501,"{""distance"":3,""physical_error_rate"":0.0005}","{""detection_events"":84648,""detectors_checked"":62982144,""obs_mistake_mask=E"":23}"
   1555456,         1,         0,   119.2,decoder_by_matrix,36e3cd26fed5ec7649ec51fb08c1a5e7d7f30e615782d954fee045c18a4962ca,"{""distance"":3,""physical_error_rate"":5e-05}","{""detection_events"":11499,""detectors_checked"":83994624,""obs_mistake_mask=E"":1}"
   2413568,         0,         0,   115.5,decoder_by_matrix,e25b8d07214a8afb95d354611a83b9bb1ded39644e323a8585b3aabf687a4fff,"{""distance"":3,""physical_error_rate"":1e-05}","{""detection_events"":3855,""detectors_checked"":130332672}"
   2786304,         0,         0,   115.1,decoder_by_matrix,560c721f87db01d4cacf7dcb7d8812fecde61e9e7776d4b9e1b1a792578ecad7,"{""distance"":3,""physical_error_rate"":5e-06}","{""detection_events"":1779,""detectors_checked"":150460416}"
   3131392,         0,         0,   112.4,decoder_by_matrix,e9839e3017c9ef118c4b8aeafef39e78c11ecbdb89764e9ca676a7dc2fb6d062,"{""distance"":3,""physical_error_rate"":1e-06}","{""detection_events"":423,""detectors_checked"":169095168}"
   2807808,         0,         0,   115.3,decoder_by_matrix,560c721f87db01d4cacf7dcb7d8812fecde61e9e7776d4b9e1b1a792578ecad7,"{""distance"":3,""physical_error_rate"":5e-06}","{""detection_events"":1845,""detectors_checked"":151621632}"
   1133568,        73,         0,   118.4,decoder_by_matrix,f854eed952f7ffb52e4f578393718ba880ba0930c78fe51d50828fe06a713055,"{""distance"":3,""physical_error_rate"":0.001}","{""detection_events"":164658,""detectors_checked"":61212672,""obs_mistake_mask=E"":73}"
   2806784,         0,         0,   114.1,decoder_by_matrix,560c721f87db01d4cacf7dcb7d8812fecde61e9e7776d4b9e1b1a792578ecad7,"{""distance"":3,""physical_error_rate"":5e-06}","{""detection_events"":1956,""detectors_checked"":151566336}"
   2434048,         0,         0,   116.5,decoder_by_matrix,e25b8d07214a8afb95d354611a83b9bb1ded39644e323a8585b3aabf687a4fff,"{""distance"":3,""physical_error_rate"":1e-05}","{""detection_events"":3828,""detectors_checked"":131438592}"
   1162240,        28,         0,   117.4,decoder_by_matrix,5c8c81bfec719079c388cedc47a351f264c1bf769ae28a89f9b4fc7719fea501,"{""distance"":3,""physical_error_rate"":0.0005}","{""detection_events"":83535,""detectors_checked"":62760960,""obs_mistake_mask=E"":28}"
   1165312,        23,         0,   117.7,decoder_by_matrix,5c8c81bfec719079c388cedc47a351f264c1bf769ae28a89f9b4fc7719fea501,"{""distance"":3,""physical_error_rate"":0.0005}","{""detection_events"":86610,""detectors_checked"":62926848,""obs_mistake_mask=E"":23}"
   1522688,         0,         0,   117.1,decoder_by_matrix,36e3cd26fed5ec7649ec51fb08c1a5e7d7f30e615782d954fee045c18a4962ca,"{""distance"":3,""physical_error_rate"":5e-05}","{""detection_events"":11289,""detectors_checked"":82225152}"
   2813952,         0,         0,   113.3,decoder_by_matrix,560c721f87db01d4cacf7dcb7d8812fecde61e9e7776d4b9e1b1a792578ecad7,"{""distance"":3,""physical_error_rate"":5e-06}","{""detection_events"":1944,""detectors_checked"":151953408}"
   1129472,        82,         0,   117.8,decoder_by_matrix,f854eed952f7ffb52e4f578393718ba880ba0930c78fe51d50828fe06a713055,"{""distance"":3,""physical_error_rate"":0.001}","{""detection_events"":163467,""detectors_checked"":60991488,""obs_mistake_mask=E"":82}"
   3135488,         0,         0,   113.1,decoder_by_matrix,e9839e3017c9ef118c4b8aeafef39e78c11ecbdb89764e9ca676a7dc2fb6d062,"{""distance"":3,""physical_error_rate"":1e-06}","{""detection_events"":522,""detectors_checked"":169316352}"
   3130368,         0,         0,   115.1,decoder_by_matrix,e9839e3017c9ef118c4b8aeafef39e78c11ecbdb89764e9ca676a7dc2fb6d062,"{""distance"":3,""physical_error_rate"":1e-06}","{""detection_events"":438,""detectors_checked"":169039872}"
   1554432,         1,         0,   117.0,decoder_by_matrix,36e3cd26fed5ec7649ec51fb08c1a5e7d7f30e615782d954fee045c18a4962ca,"{""distance"":3,""physical_error_rate"":5e-05}","{""detection_events"":11241,""detectors_checked"":83939328,""obs_mistake_mask=E"":1}"
   1164288,        19,         0,   117.4,decoder_by_matrix,5c8c81bfec719079c388cedc47a351f264c1bf769ae28a89f9b4fc7719fea501,"{""distance"":3,""physical_error_rate"":0.0005}","{""detection_events"":85257,""detectors_checked"":62871552,""obs_mistake_mask=E"":19}"
   2477056,         0,         0,   112.5,decoder_by_matrix,e25b8d07214a8afb95d354611a83b9bb1ded39644e323a8585b3aabf687a4fff,"{""distance"":3,""physical_error_rate"":1e-05}","{""detection_events"":3786,""detectors_checked"":133761024}"
   3145728,         0,         0,   113.4,decoder_by_matrix,e9839e3017c9ef118c4b8aeafef39e78c11ecbdb89764e9ca676a7dc2fb6d062,"{""distance"":3,""physical_error_rate"":1e-06}","{""detection_events"":447,""detectors_checked"":169869312}"
   1129472,        99,         0,   116.6,decoder_by_matrix,f854eed952f7ffb52e4f578393718ba880ba0930c78fe51d50828fe06a713055,"{""distance"":3,""physical_error_rate"":0.001}","{""detection_events"":162741,""detectors_checked"":60991488,""obs_mistake_mask=E"":99}"
   1300480,         0,         0,   117.2,decoder_by_matrix,beec9fd12293a9cfe53c9b61fb8ce2a525e4eed38fa75d132d6dc64699336876,"{""distance"":3,""physical_error_rate"":0.0001}","{""detection_events"":18795,""detectors_checked"":70225920}"
   1293312,         0,         0,   117.4,decoder_by_matrix,beec9fd12293a9cfe53c9b61fb8ce2a525e4eed38fa75d132d6dc64699336876,"{""distance"":3,""physical_error_rate"":0.0001}","{""detection_events"":18870,""detectors_checked"":69838848}"
   2787328,         0,         0,   114.5,decoder_by_matrix,560c721f87db01d4cacf7dcb7d8812fecde61e9e7776d4b9e1b1a792578ecad7,"{""distance"":3,""physical_error_rate"":5e-06}","{""detection_events"":1857,""detectors_checked"":150515712}"
   1561600,         0,         0,   115.9,decoder_by_matrix,36e3cd26fed5ec7649ec51fb08c1a5e7d7f30e615782d954fee045c18a4962ca,"{""distance"":3,""physical_error_rate"":5e-05}","{""detection_events"":11022,""detectors_checked"":84326400}"
   2451456,         0,         0,   116.5,decoder_by_matrix,e25b8d07214a8afb95d354611a83b9bb1ded39644e323a8585b3aabf687a4fff,"{""distance"":3,""physical_error_rate"":1e-05}","{""detection_events"":3633,""detectors_checked"":132378624}"
   1128448,        81,         0,   117.9,decoder_by_matrix,f854eed952f7ffb52e4f578393718ba880ba0930c78fe51d50828fe06a713055,"{""distance"":3,""physical_error_rate"":0.001}","{""detection_events"":163359,""detectors_checked"":60936192,""obs_mistake_mask=E"":81}"
   1161216,        26,         0,   118.0,decoder_by_matrix,5c8c81bfec719079c388cedc47a351f264c1bf769ae28a89f9b4fc7719fea501,"{""distance"":3,""physical_error_rate"":0.0005}","{""detection_events"":83694,""detectors_checked"":62705664,""obs_mistake_mask=E"":26}"
   2799616,         0,         0,   116.1,decoder_by_matrix,560c721f87db01d4cacf7dcb7d8812fecde61e9e7776d4b9e1b1a792578ecad7,"{""distance"":3,""physical_error_rate"":5e-06}","{""detection_events"":1800,""detectors_checked"":151179264}"
   2485248,         0,         0,   116.5,decoder_by_matrix,e25b8d07214a8afb95d354611a83b9bb1ded39644e323a8585b3aabf687a4fff,"{""distance"":3,""physical_error_rate"":1e-05}","{""detection_events"":3471,""detectors_checked"":134203392}"
   1296384,         1,         0,   115.7,decoder_by_matrix,beec9fd12293a9cfe53c9b61fb8ce2a525e4eed38fa75d132d6dc64699336876,"{""distance"":3,""physical_error_rate"":0.0001}","{""detection_events"":19005,""detectors_checked"":70004736,""obs_mistake_mask=E"":1}"
   1310720,         1,         0,   118.3,decoder_by_matrix,beec9fd12293a9cfe53c9b61fb8ce2a525e4eed38fa75d132d6dc64699336876,"{""distance"":3,""physical_error_rate"":0.0001}","{""detection_events"":19200,""detectors_checked"":70778880,""obs_mistake_mask=E"":1}"
   1165312,        27,         0,   116.6,decoder_by_matrix,5c8c81bfec719079c388cedc47a351f264c1bf769ae28a89f9b4fc7719fea501,"{""distance"":3,""physical_error_rate"":0.0005}","{""detection_events"":84510,""detectors_checked"":62926848,""obs_mistake_mask=E"":27}"
   2455552,         0,         0,   115.5,decoder_by_matrix,e25b8d07214a8afb95d354611a83b9bb1ded39644e323a8585b3aabf687a4fff,"{""distance"":3,""physical_error_rate"":1e-05}","{""detection_events"":3783,""detectors_checked"":132599808}"
   1120256,        78,         0,   116.4,decoder_by_matrix,f854eed952f7ffb52e4f578393718ba880ba0930c78fe51d50828fe06a713055,"{""distance"":3,""physical_error_rate"":0.001}","{""detection_events"":162357,""detectors_checked"":60493824,""obs_mistake_mask=E"":78}"
   1287168,         2,         0,   117.8,decoder_by_matrix,beec9fd12293a9cfe53c9b61fb8ce2a525e4eed38fa75d132d6dc64699336876,"{""distance"":3,""physical_error_rate"":0.0001}","{""detection_events"":18792,""detectors_checked"":69507072,""obs_mistake_mask=E"":2}"
   3138560,         0,         0,   116.3,decoder_by_matrix,e9839e3017c9ef118c4b8aeafef39e78c11ecbdb89764e9ca676a7dc2fb6d062,"{""distance"":3,""physical_error_rate"":1e-06}","{""detection_events"":450,""detectors_checked"":169482240}"
   3135488,         0,         0,   113.4,decoder_by_matrix,e9839e3017c9ef118c4b8aeafef39e78c11ecbdb89764e9ca676a7dc2fb6d062,"{""distance"":3,""physical_error_rate"":1e-06}","{""detection_events"":447,""detectors_checked"":169316352}"
   1539072,         0,         0,   117.4,decoder_by_matrix,36e3cd26fed5ec7649ec51fb08c1a5e7d7f30e615782d954fee045c18a4962ca,"{""distance"":3,""physical_error_rate"":5e-05}","{""detection_events"":11262,""detectors_checked"":83109888}"
   2477056,         0,         0,   115.8,decoder_by_matrix,e25b8d07214a8afb95d354611a83b9bb1ded39644e323a8585b3aabf687a4fff,"{""distance"":3,""physical_error_rate"":1e-05}","{""detection_events"":3696,""detectors_checked"":133761024}"
   1171456,        21,         0,   118.0,decoder_by_matrix,5c8c81bfec719079c388cedc47a351f264c1bf769ae28a89f9b4fc7719fea501,"{""distance"":3,""physical_error_rate"":0.0005}","{""detection_events"":85206,""detectors_checked"":63258624,""obs_mistake_mask=E"":21}"
   1134592,        71,         0,   117.7,decoder_by_matrix,f854eed952f7ffb52e4f578393718ba880ba0930c78fe51d50828fe06a713055,"{""distance"":3,""physical_error_rate"":0.001}","{""detection_events"":163203,""detectors_checked"":61267968,""obs_mistake_mask=E"":71}"
   3152896,         0,         0,   116.3,decoder_by_matrix,e9839e3017c9ef118c4b8aeafef39e78c11ecbdb89764e9ca676a7dc2fb6d062,"{""distance"":3,""physical_error_rate"":1e-06}","{""detection_events"":408,""detectors_checked"":170256384}"
   1315840,         1,         0,   118.4,decoder_by_matrix,beec9fd12293a9cfe53c9b61fb8ce2a525e4eed38fa75d132d6dc64699336876,"{""distance"":3,""physical_error_rate"":0.0001}","{""detection_events"":19587,""detectors_checked"":71055360,""obs_mistake_mask=E"":1}"
   1313792,         0,         0,   118.0,decoder_by_matrix,beec9fd12293a9cfe53c9b61fb8ce2a525e4eed38fa75d132d6dc64699336876,"{""distance"":3,""physical_error_rate"":0.0001}","{""detection_events"":18807,""detectors_checked"":70944768}"
   2807808,         0,         0,   114.9,decoder_by_matrix,560c721f87db01d4cacf7dcb7d8812fecde61e9e7776d4b9e1b1a792578ecad7,"{""distance"":3,""physical_error_rate"":5e-06}","{""detection_events"":1932,""detectors_checked"":151621632}"
   1127424,        81,         0,   117.9,decoder_by_matrix,f854eed952f7ffb52e4f578393718ba880ba0930c78fe51d50828fe06a713055,"{""distance"":3,""physical_error_rate"":0.001}","{""detection_events"":164205,""detectors_checked"":60880896,""obs_mistake_mask=E"":81}"
   1515520,         0,         0,   116.5,decoder_by_matrix,36e3cd26fed5ec7649ec51fb08c1a5e7d7f30e615782d954fee045c18a4962ca,"{""distance"":3,""physical_error_rate"":5e-05}","{""detection_events"":11226,""detectors_checked"":81838080}"
   1130496,        98,         0,   118.5,decoder_by_matrix,f854eed952f7ffb52e4f578393718ba880ba0930c78fe51d50828fe06a713055,"{""distance"":3,""physical_error_rate"":0.001}","{""detection_events"":164982,""detectors_checked"":61046784,""obs_mistake_mask=E"":98}"
   2489344,         0,         0,   115.1,decoder_by_matrix,e25b8d07214a8afb95d354611a83b9bb1ded39644e323a8585b3aabf687a4fff,"{""distance"":3,""physical_error_rate"":1e-05}","{""detection_events"":3675,""detectors_checked"":134424576}"
   1300480,         1,         0,   116.0,decoder_by_matrix,beec9fd12293a9cfe53c9b61fb8ce2a525e4eed38fa75d132d6dc64699336876,"{""distance"":3,""physical_error_rate"":0.0001}","{""detection_events"":18426,""detectors_checked"":70225920,""obs_mistake_mask=E"":1}"
   2798592,         0,         0,   114.1,decoder_by_matrix,560c721f87db01d4cacf7dcb7d8812fecde61e9e7776d4b9e1b1a792578ecad7,"{""distance"":3,""physical_error_rate"":5e-06}","{""detection_events"":2067,""detectors_checked"":151123968}"
   3151872,         0,         0,   115.5,decoder_by_matrix,e9839e3017c9ef118c4b8aeafef39e78c11ecbdb89764e9ca676a7dc2fb6d062,"{""distance"":3,""physical_error_rate"":1e-06}","{""detection_events"":423,""detectors_checked"":170201088}"
   1558528,         1,         0,   117.0,decoder_by_matrix,36e3cd26fed5ec7649ec51fb08c1a5e7d7f30e615782d954fee045c18a4962ca,"{""distance"":3,""physical_error_rate"":5e-05}","{""detection_events"":11364,""detectors_checked"":84160512,""obs_mistake_mask=E"":1}"
   1166336,        18,         0,   116.4,decoder_by_matrix,5c8c81bfec719079c388cedc47a351f264c1bf769ae28a89f9b4fc7719fea501,"{""distance"":3,""physical_error_rate"":0.0005}","{""detection_events"":85245,""detectors_checked"":62982144,""obs_mistake_mask=E"":18}"
   1507328,         0,         0,   117.4,decoder_by_matrix,36e3cd26fed5ec7649ec51fb08c1a5e7d7f30e615782d954fee045c18a4962ca,"{""distance"":3,""physical_error_rate"":5e-05}","{""detection_events"":11343,""detectors_checked"":81395712}"
   1129472,        82,         0,   115.9,decoder_by_matrix,f854eed952f7ffb52e4f578393718ba880ba0930c78fe51d50828fe06a713055,"{""distance"":3,""physical_error_rate"":0.001}","{""detection_events"":162138,""detectors_checked"":60991488,""obs_mistake_mask=E"":82}"
   1134592,        73,         0,   116.9,decoder_by_matrix,f854eed952f7ffb52e4f578393718ba880ba0930c78fe51d50828fe06a713055,"{""distance"":3,""physical_error_rate"":0.001}","{""detection_events"":166527,""detectors_checked"":61267968,""obs_mistake_mask=E"":73}"
   1310720,         2,         0,   115.7,decoder_by_matrix,beec9fd12293a9cfe53c9b61fb8ce2a525e4eed38fa75d132d6dc64699336876,"{""distance"":3,""physical_error_rate"":0.0001}","{""detection_events"":19005,""detectors_checked"":70778880,""obs_mistake_mask=E"":2}"
   2817024,         0,         0,   115.2,decoder_by_matrix,560c721f87db01d4cacf7dcb7d8812fecde61e9e7776d4b9e1b1a792578ecad7,"{""distance"":3,""physical_error_rate"":5e-06}","{""detection_events"":1947,""detectors_checked"":152119296}"
   2442240,         0,         0,   114.6,decoder_by_matrix,e25b8d07214a8afb95d354611a83b9bb1ded39644e323a8585b3aabf687a4fff,"{""distance"":3,""physical_error_rate"":1e-05}","{""detection_events"":3645,""detectors_checked"":131880960}"
   3130368,         0,         0,   112.4,decoder_by_matrix,e9839e3017c9ef118c4b8aeafef39e78c11ecbdb89764e9ca676a7dc2fb6d062,"{""distance"":3,""physical_error_rate"":1e-06}","{""detection_events"":462,""detectors_checked"":169039872}"
   1552384,         0,         0,   117.7,decoder_by_matrix,36e3cd26fed5ec7649ec51fb08c1a5e7d7f30e615782d954fee045c18a4962ca,"{""distance"":3,""physical_error_rate"":5e-05}","{""detection_events"":11493,""detectors_checked"":83828736}"
   1166336,        28,         0,   118.0,decoder_by_matrix,5c8c81bfec719079c388cedc47a351f264c1bf769ae28a89f9b4fc7719fea501,"{""distance"":3,""physical_error_rate"":0.0005}","{""detection_events"":86076,""detectors_checked"":62982144,""obs_mistake_mask=E"":28}"
   1168384,        22,         0,   117.5,decoder_by_matrix,5c8c81bfec719079c388cedc47a351f264c1bf769ae28a89f9b4fc7719fea501,"{""distance"":3,""physical_error_rate"":0.0005}","{""detection_events"":86061,""detectors_checked"":63092736,""obs_mistake_mask=E"":22}"
   1556480,         0,         0,   117.9,decoder_by_matrix,36e3cd26fed5ec7649ec51fb08c1a5e7d7f30e615782d954fee045c18a4962ca,"{""distance"":3,""physical_error_rate"":5e-05}","{""detection_events"":11220,""detectors_checked"":84049920}"
   2764800,         0,         0,   113.9,decoder_by_matrix,560c721f87db01d4cacf7dcb7d8812fecde61e9e7776d4b9e1b1a792578ecad7,"{""distance"":3,""physical_error_rate"":5e-06}","{""detection_events"":1998,""detectors_checked"":149299200}"
   2459648,         0,         0,   114.5,decoder_by_matrix,e25b8d07214a8afb95d354611a83b9bb1ded39644e323a8585b3aabf687a4fff,"{""distance"":3,""physical_error_rate"":1e-05}","{""detection_events"":3741,""detectors_checked"":132820992}"
   3140608,         0,         0,   112.8,decoder_by_matrix,e9839e3017c9ef118c4b8aeafef39e78c11ecbdb89764e9ca676a7dc2fb6d062,"{""distance"":3,""physical_error_rate"":1e-06}","{""detection_events"":465,""detectors_checked"":169592832}"
   1130496,        68,         0,   118.1,decoder_by_matrix,f854eed952f7ffb52e4f578393718ba880ba0930c78fe51d50828fe06a713055,"{""distance"":3,""physical_error_rate"":0.001}","{""detection_events"":164583,""detectors_checked"":61046784,""obs_mistake_mask=E"":68}"
   2775040,         0,         0,   114.9,decoder_by_matrix,560c721f87db01d4cacf7dcb7d8812fecde61e9e7776d4b9e1b1a792578ecad7,"{""distance"":3,""physical_error_rate"":5e-06}","{""detection_events"":2142,""detectors_checked"":149852160}"
   2843648,         0,         0,   116.9,decoder_by_matrix,560c721f87db01d4cacf7dcb7d8812fecde61e9e7776d4b9e1b1a792578ecad7,"{""distance"":3,""physical_error_rate"":5e-06}","{""detection_events"":1812,""detectors_checked"":153556992}"
   1163264,        21,         0,   118.7,decoder_by_matrix,5c8c81bfec719079c388cedc47a351f264c1bf769ae28a89f9b4fc7719fea501,"{""distance"":3,""physical_error_rate"":0.0005}","{""detection_events"":84543,""detectors_checked"":62816256,""obs_mistake_mask=E"":21}"
   2459648,         0,         0,   116.3,decoder_by_matrix,e25b8d07214a8afb95d354611a83b9bb1ded39644e323a8585b3aabf687a4fff,"{""distance"":3,""physical_error_rate"":1e-05}","{""detection_events"":3492,""detectors_checked"":132820992}"
   1167360,        15,         0,   116.2,decoder_by_matrix,5c8c81bfec719079c388cedc47a351f264c1bf769ae28a89f9b4fc7719fea501,"{""distance"":3,""physical_error_rate"":0.0005}","{""detection_events"":84948,""detectors_checked"":63037440,""obs_mistake_mask=E"":15}"
   1526784,         0,         0,   118.3,decoder_by_matrix,36e3cd26fed5ec7649ec51fb08c1a5e7d7f30e615782d954fee045c18a4962ca,"{""distance"":3,""physical_error_rate"":5e-05}","{""detection_events"":11364,""detectors_checked"":82446336}"
   2767872,         0,         0,   111.7,decoder_by_matrix,560c721f87db01d4cacf7dcb7d8812fecde61e9e7776d4b9e1b1a792578ecad7,"{""distance"":3,""physical_error_rate"":5e-06}","{""detection_events"":2106,""detectors_checked"":149465088}"
   1133568,        75,         0,   118.1,decoder_by_matrix,f854eed952f7ffb52e4f578393718ba880ba0930c78fe51d50828fe06a713055,"{""distance"":3,""physical_error_rate"":0.001}","{""detection_events"":162693,""detectors_checked"":61212672,""obs_mistake_mask=E"":75}"
   1165312,        15,         0,   117.0,decoder_by_matrix,5c8c81bfec719079c388cedc47a351f264c1bf769ae28a89f9b4fc7719fea501,"{""distance"":3,""physical_error_rate"":0.0005}","{""detection_events"":85308,""detectors_checked"":62926848,""obs_mistake_mask=E"":15}"
   3119104,         0,         0,   112.0,decoder_by_matrix,e9839e3017c9ef118c4b8aeafef39e78c11ecbdb89764e9ca676a7dc2fb6d062,"{""distance"":3,""physical_error_rate"":1e-06}","{""detection_events"":555,""detectors_checked"":168431616}"
   2473984,         0,         0,   116.7,decoder_by_matrix,e25b8d07214a8afb95d354611a83b9bb1ded39644e323a8585b3aabf687a4fff,"{""distance"":3,""physical_error_rate"":1e-05}","{""detection_events"":3540,""detectors_checked"":133595136}"
   3151872,         0,         0,   113.8,decoder_by_matrix,e9839e3017c9ef118c4b8aeafef39e78c11ecbdb89764e9ca676a7dc2fb6d062,"{""distance"":3,""physical_error_rate"":1e-06}","{""detection_events"":402,""detectors_checked"":170201088}"
   1569792,         0,         0,   118.2,decoder_by_matrix,36e3cd26fed5ec7649ec51fb08c1a5e7d7f30e615782d954fee045c18a4962ca,"{""distance"":3,""physical_error_rate"":5e-05}","{""detection_events"":10992,""detectors_checked"":84768768}"
   3130368,         0,         0,   114.8,decoder_by_matrix,e9839e3017c9ef118c4b8aeafef39e78c11ecbdb89764e9ca676a7dc2fb6d062,"{""distance"":3,""physical_error_rate"":1e-06}","{""detection_events"":537,""detectors_checked"":169039872}"
   1126400,        94,         0,   116.8,decoder_by_matrix,f854eed952f7ffb52e4f578393718ba880ba0930c78fe51d50828fe06a713055,"{""distance"":3,""physical_error_rate"":0.001}","{""detection_events"":164220,""detectors_checked"":60825600,""obs_mistake_mask=E"":94}"
   1291264,         1,         0,   117.5,decoder_by_matrix,beec9fd12293a9cfe53c9b61fb8ce2a525e4eed38fa75d132d6dc64699336876,"{""distance"":3,""physical_error_rate"":0.0001}","{""detection_events"":18408,""detectors_checked"":69728256,""obs_mistake_mask=E"":1}"
   1308672,         1,         0,   117.7,decoder_by_matrix,beec9fd12293a9cfe53c9b61fb8ce2a525e4eed38fa75d132d6dc64699336876,"{""distance"":3,""physical_error_rate"":0.0001}","{""detection_events"":18381,""detectors_checked"":70668288,""obs_mistake_mask=E"":1}"
   2465792,         0,         0,   115.4,decoder_by_matrix,e25b8d07214a8afb95d354611a83b9bb1ded39644e323a8585b3aabf687a4fff,"{""distance"":3,""physical_error_rate"":1e-05}","{""detection_events"":3420,""detectors_checked"":133152768}"
   2770944,         0,         0,   116.6,decoder_by_matrix,560c721f87db01d4cacf7dcb7d8812fecde61e9e7776d4b9e1b1a792578ecad7,"{""distance"":3,""physical_error_rate"":5e-06}","{""detection_events"":1983,""detectors_checked"":149630976}"
   1528832,         0,         0,   117.1,decoder_by_matrix,36e3cd26fed5ec7649ec51fb08c1a5e7d7f30e615782d954fee045c18a4962ca,"{""distance"":3,""physical_error_rate"":5e-05}","{""detection_events"":11325,""detectors_checked"":82556928}"
   1122304,        55,         0,   116.7,decoder_by_matrix,f854eed952f7ffb52e4f578393718ba880ba0930c78fe51d50828fe06a713055,"{""distance"":3,""physical_error_rate"":0.001}","{""detection_events"":162630,""detectors_checked"":60604416,""obs_mistake_mask=E"":55}"
   1162240,        30,         0,   116.7,decoder_by_matrix,5c8c81bfec719079c388cedc47a351f264c1bf769ae28a89f9b4fc7719fea501,"{""distance"":3,""physical_error_rate"":0.0005}","{""detection_events"":84180,""detectors_checked"":62760960,""obs_mistake_mask=E"":30}"
   2786304,         0,         0,   114.9,decoder_by_matrix,560c721f87db01d4cacf7dcb7d8812fecde61e9e7776d4b9e1b1a792578ecad7,"{""distance"":3,""physical_error_rate"":5e-06}","{""detection_events"":2049,""detectors_checked"":150460416}"
   1286144,         5,         0,   118.4,decoder_by_matrix,beec9fd12293a9cfe53c9b61fb8ce2a525e4eed38fa75d132d6dc64699336876,"{""distance"":3,""physical_error_rate"":0.0001}","{""detection_events"":18939,""detectors_checked"":69451776,""obs_mistake_mask=E"":5}"
   2453504,         0,         0,   114.2,decoder_by_matrix,e25b8d07214a8afb95d354611a83b9bb1ded39644e323a8585b3aabf687a4fff,"{""distance"":3,""physical_error_rate"":1e-05}","{""detection_events"":3573,""detectors_checked"":132489216}"
   1307648,         1,         0,   118.0,decoder_by_matrix,beec9fd12293a9cfe53c9b61fb8ce2a525e4eed38fa75d132d6dc64699336876,"{""distance"":3,""physical_error_rate"":0.0001}","{""detection_events"":18807,""detectors_checked"":70612992,""obs_mistake_mask=E"":1}"
   1162240,        19,         0,   116.8,decoder_by_matrix,5c8c81bfec719079c388cedc47a351f264c1bf769ae28a89f9b4fc7719fea501,"{""distance"":3,""physical_error_rate"":0.0005}","{""detection_events"":85647,""detectors_checked"":62760960,""obs_mistake_mask=E"":19}"
   1285120,         3,         0,   117.0,decoder_by_matrix,beec9fd12293a9cfe53c9b61fb8ce2a525e4eed38fa75d132d6dc64699336876,"{""distance"":3,""physical_error_rate"":0.0001}","{""detection_events"":19530,""detectors_checked"":69396480,""obs_mistake_mask=E"":3}"
   1118208,        84,         0,   118.3,decoder_by_matrix,f854eed952f7ffb52e4f578393718ba880ba0930c78fe51d50828fe06a713055,"{""distance"":3,""physical_error_rate"":0.001}","{""detection_events"":165339,""detectors_checked"":60383232,""obs_mistake_mask=E"":84}"
   2461696,         0,         0,   114.6,decoder_by_matrix,e25b8d07214a8afb95d354611a83b9bb1ded39644e323a8585b3aabf687a4fff,"{""distance"":3,""physical_error_rate"":1e-05}","{""detection_events"":3798,""detectors_checked"":132931584}"
   3143680,         0,         0,   114.3,decoder_by_matrix,e9839e3017c9ef118c4b8aeafef39e78c11ecbdb89764e9ca676a7dc2fb6d062,"{""distance"":3,""physical_error_rate"":1e-06}","{""detection_events"":411,""detectors_checked"":169758720}"
   3129344,         0,         0,   115.9,decoder_by_matrix,e9839e3017c9ef118c4b8aeafef39e78c11ecbdb89764e9ca676a7dc2fb6d062,"{""distance"":3,""physical_error_rate"":1e-06}","{""detection_events"":537,""detectors_checked"":168984576}"
   1567744,         0,         0,   118.0,decoder_by_matrix,36e3cd26fed5ec7649ec51fb08c1a5e7d7f30e615782d954fee045c18a4962ca,"{""distance"":3,""physical_error_rate"":5e-05}","{""detection_events"":10995,""detectors_checked"":84658176}"
   2484224,         0,         0,   115.7,decoder_by_matrix,e25b8d07214a8afb95d354611a83b9bb1ded39644e323a8585b3aabf687a4fff,"{""distance"":3,""physical_error_rate"":1e-05}","{""detection_events"":3471,""detectors_checked"":134148096}"
   1170432,        22,         0,   118.3,decoder_by_matrix,5c8c81bfec719079c388cedc47a351f264c1bf769ae28a89f9b4fc7719fea501,"{""distance"":3,""physical_error_rate"":0.0005}","{""detection_events"":84942,""detectors_checked"":63203328,""obs_mistake_mask=E"":22}"
   1134592,        80,         0,   118.0,decoder_by_matrix,f854eed952f7ffb52e4f578393718ba880ba0930c78fe51d50828fe06a713055,"{""distance"":3,""physical_error_rate"":0.001}","{""detection_events"":164733,""detectors_checked"":61267968,""obs_mistake_mask=E"":80}"
   3136512,         0,         0,   117.4,decoder_by_matrix,e9839e3017c9ef118c4b8aeafef39e78c11ecbdb89764e9ca676a7dc2fb6d062,"{""distance"":3,""physical_error_rate"":1e-06}","{""detection_events"":471,""detectors_checked"":169371648}"
   1309696,         2,         0,   118.1,decoder_by_matrix,beec9fd12293a9cfe53c9b61fb8ce2a525e4eed38fa75d132d6dc64699336876,"{""distance"":3,""physical_error_rate"":0.0001}","{""detection_events"":18540,""detectors_checked"":70723584,""obs_mistake_mask=E"":2}"
   1287168,         1,         0,   117.9,decoder_by_matrix,beec9fd12293a9cfe53c9b61fb8ce2a525e4eed38fa75d132d6dc64699336876,"{""distance"":3,""physical_error_rate"":0.0001}","{""detection_events"":18024,""detectors_checked"":69507072,""obs_mistake_mask=E"":1}"
   2805760,         0,         0,   114.2,decoder_by_matrix,560c721f87db01d4cacf7dcb7d8812fecde61e9e7776d4b9e1b1a792578ecad7,"{""distance"":3,""physical_error_rate"":5e-06}","{""detection_events"":1875,""detectors_checked"":151511040}"
   1129472,        84,         0,   118.9,decoder_by_matrix,f854eed952f7ffb52e4f578393718ba880ba0930c78fe51d50828fe06a713055,"{""distance"":3,""physical_error_rate"":0.001}","{""detection_events"":165321,""detectors_checked"":60991488,""obs_mistake_mask=E"":84}"
   1537024,         0,         0,   118.2,decoder_by_matrix,36e3cd26fed5ec7649ec51fb08c1a5e7d7f30e615782d954fee045c18a4962ca,"{""distance"":3,""physical_error_rate"":5e-05}","{""detection_events"":11145,""detectors_checked"":82999296}"
   1128448,        83,         0,   118.0,decoder_by_matrix,f854eed952f7ffb52e4f578393718ba880ba0930c78fe51d50828fe06a713055,"{""distance"":3,""physical_error_rate"":0.001}","{""detection_events"":163566,""detectors_checked"":60936192,""obs_mistake_mask=E"":83}"
    308224,        18,         0,    31.5,decoder_by_matrix,f854eed952f7ffb52e4f578393718ba880ba0930c78fe51d50828fe06a713055,"{""distance"":3,""physical_error_rate"":0.001}","{""detection_events"":43905,""detectors_checked"":16644096,""obs_mistake_mask=E"":18}"
    332800,        23,         0,    34.0,decoder_by_matrix,f854eed952f7ffb52e4f578393718ba880ba0930c78fe51d50828fe06a713055,"{""distance"":3,""physical_error_rate"":0.001}","{""detection_events"":50145,""detectors_checked"":17971200,""obs_mistake_mask=E"":23}"
    306176,        18,         0,    31.2,decoder_by_matrix,f854eed952f7ffb52e4f578393718ba880ba0930c78fe51d50828fe06a713055,"{""distance"":3,""physical_error_rate"":0.001}","{""detection_events"":43542,""detectors_checked"":16533504,""obs_mistake_mask=E"":18}"
    300032,        21,         0,    31.7,decoder_by_matrix,f854eed952f7ffb52e4f578393718ba880ba0930c78fe51d50828fe06a713055,"{""distance"":3,""physical_error_rate"":0.001}","{""detection_events"":43866,""detectors_checked"":16201728,""obs_mistake_mask=E"":21}"
    335872,        26,         0,    35.0,decoder_by_matrix,f854eed952f7ffb52e4f578393718ba880ba0930c78fe51d50828fe06a713055,"{""distance"":3,""physical_error_rate"":0.001}","{""detection_events"":48189,""detectors_checked"":18137088,""obs_mistake_mask=E"":26}"
    296960,        13,         0,    31.1,decoder_by_matrix,f854eed952f7ffb52e4f578393718ba880ba0930c78fe51d50828fe06a713055,"{""distance"":3,""physical_error_rate"":0.001}","{""detection_events"":43602,""detectors_checked"":16035840,""obs_mistake_mask=E"":13}"
    284672,        21,         0,    29.1,decoder_by_matrix,f854eed952f7ffb52e4f578393718ba880ba0930c78fe51d50828fe06a713055,"{""distance"":3,""physical_error_rate"":0.001}","{""detection_events"":41985,""detectors_checked"":15372288,""obs_mistake_mask=E"":21}"
    318464,        25,         0,    33.0,decoder_by_matrix,f854eed952f7ffb52e4f578393718ba880ba0930c78fe51d50828fe06a713055,"{""distance"":3,""physical_error_rate"":0.001}","{""detection_events"":46326,""detectors_checked"":17197056,""obs_mistake_mask=E"":25}"
    293888,        21,         0,    30.6,decoder_by_matrix,f854eed952f7ffb52e4f578393718ba880ba0930c78fe51d50828fe06a713055,"{""distance"":3,""physical_error_rate"":0.001}","{""detection_events"":43026,""detectors_checked"":15869952,""obs_mistake_mask=E"":21}"
   1315840,         0,         0,   118.2,decoder_by_matrix,beec9fd12293a9cfe53c9b61fb8ce2a525e4eed38fa75d132d6dc64699336876,"{""distance"":3,""physical_error_rate"":0.0001}","{""detection_events"":18618,""detectors_checked"":71055360}"
   2483200,         0,         0,   114.4,decoder_by_matrix,e25b8d07214a8afb95d354611a83b9bb1ded39644e323a8585b3aabf687a4fff,"{""distance"":3,""physical_error_rate"":1e-05}","{""detection_events"":3582,""detectors_checked"":134092800}"
         1,         0,         0,   0.000,decoder_by_matrix,36e3cd26fed5ec7649ec51fb08c1a5e7d7f30e615782d954fee045c18a4962ca,"{""distance"":3,""physical_error_rate"":5e-05}","{""detectors_checked"":54}"
         1,         0,         0,   0.000,decoder_by_matrix,36e3cd26fed5ec7649ec51fb08c1a5e7d7f30e615782d954fee045c18a4962ca,"{""distance"":3,""physical_error_rate"":5e-05}","{""detectors_checked"":54}"
         1,         0,         0,   0.000,decoder_by_matrix,e25b8d07214a8afb95d354611a83b9bb1ded39644e323a8585b3aabf687a4fff,"{""distance"":3,""physical_error_rate"":1e-05}","{""detectors_checked"":54}"
         1,         0,         0,   0.000,decoder_by_matrix,e25b8d07214a8afb95d354611a83b9bb1ded39644e323a8585b3aabf687a4fff,"{""distance"":3,""physical_error_rate"":1e-05}","{""detectors_checked"":54}"
   2811904,         0,         0,   114.4,decoder_by_matrix,560c721f87db01d4cacf7dcb7d8812fecde61e9e7776d4b9e1b1a792578ecad7,"{""distance"":3,""physical_error_rate"":5e-06}","{""detection_events"":1941,""detectors_checked"":151842816}"
      4368,         0,         0,   0.114,decoder_by_matrix,e25b8d07214a8afb95d354611a83b9bb1ded39644e323a8585b3aabf687a4fff,"{""distance"":3,""physical_error_rate"":1e-05}","{""detection_events"":15,""detectors_checked"":235872}"
      6416,         0,         0,   0.145,decoder_by_matrix,e25b8d07214a8afb95d354611a83b9bb1ded39644e323a8585b3aabf687a4fff,"{""distance"":3,""physical_error_rate"":1e-05}","{""detectors_checked"":346464}"
         1,         0,         0,   0.000,decoder_by_matrix,beec9fd12293a9cfe53c9b61fb8ce2a525e4eed38fa75d132d6dc64699336876,"{""distance"":3,""physical_error_rate"":0.0001}","{""detectors_checked"":54}"
         1,         0,         0,   0.000,decoder_by_matrix,e9839e3017c9ef118c4b8aeafef39e78c11ecbdb89764e9ca676a7dc2fb6d062,"{""distance"":3,""physical_error_rate"":1e-06}","{""detectors_checked"":54}"
         1,         0,         0,   0.000,decoder_by_matrix,560c721f87db01d4cacf7dcb7d8812fecde61e9e7776d4b9e1b1a792578ecad7,"{""distance"":3,""physical_error_rate"":5e-06}","{""detectors_checked"":54}"
         1,         0,         0,   0.000,decoder_by_matrix,5c8c81bfec719079c388cedc47a351f264c1bf769ae28a89f9b4fc7719fea501,"{""distance"":3,""physical_error_rate"":0.0005}","{""detectors_checked"":54}"
      1024,         0,         0,   0.017,decoder_by_matrix,e25b8d07214a8afb95d354611a83b9bb1ded39644e323a8585b3aabf687a4fff,"{""distance"":3,""physical_error_rate"":1e-05}","{""detection_events"":9,""detectors_checked"":55296}"
      3344,         0,         0,   0.021,decoder_by_matrix,beec9fd12293a9cfe53c9b61fb8ce2a525e4eed38fa75d132d6dc64699336876,"{""distance"":3,""physical_error_rate"":0.0001}","{""detection_events"":51,""detectors_checked"":180576}"
         1,         0,         0,   0.000,decoder_by_matrix,5c8c81bfec719079c388cedc47a351f264c1bf769ae28a89f9b4fc7719fea501,"{""distance"":3,""physical_error_rate"":0.0005}","{""detectors_checked"":54}"
         1,         0,         0,   0.000,decoder_by_matrix,beec9fd12293a9cfe53c9b61fb8ce2a525e4eed38fa75d132d6dc64699336876,"{""distance"":3,""physical_error_rate"":0.0001}","{""detectors_checked"":54}"
      6416,         0,         0,   0.020,decoder_by_matrix,560c721f87db01d4cacf7dcb7d8812fecde61e9e7776d4b9e1b1a792578ecad7,"{""distance"":3,""physical_error_rate"":5e-06}","{""detectors_checked"":346464}"
      1024,         0,         0,   0.001,decoder_by_matrix,560c721f87db01d4cacf7dcb7d8812fecde61e9e7776d4b9e1b1a792578ecad7,"{""distance"":3,""physical_error_rate"":5e-06}","{""detectors_checked"":55296}"
      6416,         0,         0,   0.024,decoder_by_matrix,e9839e3017c9ef118c4b8aeafef39e78c11ecbdb89764e9ca676a7dc2fb6d062,"{""distance"":3,""physical_error_rate"":1e-06}","{""detectors_checked"":346464}"
      1024,         0,         0,   0.001,decoder_by_matrix,e9839e3017c9ef118c4b8aeafef39e78c11ecbdb89764e9ca676a7dc2fb6d062,"{""distance"":3,""physical_error_rate"":1e-06}","{""detectors_checked"":55296}"
      2320,         0,         0,   0.016,decoder_by_matrix,5c8c81bfec719079c388cedc47a351f264c1bf769ae28a89f9b4fc7719fea501,"{""distance"":3,""physical_error_rate"":0.0005}","{""detection_events"":180,""detectors_checked"":125280}"
      1024,         0,         0,   0.002,decoder_by_matrix,5c8c81bfec719079c388cedc47a351f264c1bf769ae28a89f9b4fc7719fea501,"{""distance"":3,""physical_error_rate"":0.0005}","{""detection_events"":51,""detectors_checked"":55296}"
      4368,         0,         0,   0.171,decoder_by_matrix,36e3cd26fed5ec7649ec51fb08c1a5e7d7f30e615782d954fee045c18a4962ca,"{""distance"":3,""physical_error_rate"":5e-05}","{""detection_events"":21,""detectors_checked"":235872}"
      1024,         0,         0,   0.002,decoder_by_matrix,36e3cd26fed5ec7649ec51fb08c1a5e7d7f30e615782d954fee045c18a4962ca,"{""distance"":3,""physical_error_rate"":5e-05}","{""detection_events"":12,""detectors_checked"":55296}"
      2320,         0,         0,   0.074,decoder_by_matrix,beec9fd12293a9cfe53c9b61fb8ce2a525e4eed38fa75d132d6dc64699336876,"{""distance"":3,""physical_error_rate"":0.0001}","{""detection_events"":42,""detectors_checked"":125280}"
      2320,         0,         0,   0.023,decoder_by_matrix,5c8c81bfec719079c388cedc47a351f264c1bf769ae28a89f9b4fc7719fea501,"{""distance"":3,""physical_error_rate"":0.0005}","{""detection_events"":246,""detectors_checked"":125280}"
      1024,         0,         0,   0.002,decoder_by_matrix,5c8c81bfec719079c388cedc47a351f264c1bf769ae28a89f9b4fc7719fea501,"{""distance"":3,""physical_error_rate"":0.0005}","{""detection_events"":69,""detectors_checked"":55296}"
      4096,         0,         0,   0.107,decoder_by_matrix,560c721f87db01d4cacf7dcb7d8812fecde61e9e7776d4b9e1b1a792578ecad7,"{""distance"":3,""physical_error_rate"":5e-06}","{""detection_events"":18,""detectors_checked"":221184}"
   1534976,         0,         0,   116.0,decoder_by_matrix,36e3cd26fed5ec7649ec51fb08c1a5e7d7f30e615782d954fee045c18a4962ca,"{""distance"":3,""physical_error_rate"":5e-05}","{""detection_events"":10929,""detectors_checked"":82888704}"
   3133440,         0,         0,   115.6,decoder_by_matrix,e9839e3017c9ef118c4b8aeafef39e78c11ecbdb89764e9ca676a7dc2fb6d062,"{""distance"":3,""physical_error_rate"":1e-06}","{""detection_events"":558,""detectors_checked"":169205760}"
      7440,         0,         0,   0.244,decoder_by_matrix,36e3cd26fed5ec7649ec51fb08c1a5e7d7f30e615782d954fee045c18a4962ca,"{""distance"":3,""physical_error_rate"":5e-05}","{""detection_events"":84,""detectors_checked"":401760}"
      1024,         0,         0,   0.002,decoder_by_matrix,36e3cd26fed5ec7649ec51fb08c1a5e7d7f30e615782d954fee045c18a4962ca,"{""distance"":3,""physical_error_rate"":5e-05}","{""detection_events"":6,""detectors_checked"":55296}"
      7168,         0,         0,   0.141,decoder_by_matrix,e9839e3017c9ef118c4b8aeafef39e78c11ecbdb89764e9ca676a7dc2fb6d062,"{""distance"":3,""physical_error_rate"":1e-06}","{""detectors_checked"":387072}"
      3072,         0,         0,   0.276,decoder_by_matrix,e25b8d07214a8afb95d354611a83b9bb1ded39644e323a8585b3aabf687a4fff,"{""distance"":3,""physical_error_rate"":1e-05}","{""detection_events"":9,""detectors_checked"":165888}"
      4096,         0,         0,   0.020,decoder_by_matrix,beec9fd12293a9cfe53c9b61fb8ce2a525e4eed38fa75d132d6dc64699336876,"{""distance"":3,""physical_error_rate"":0.0001}","{""detection_events"":60,""detectors_checked"":221184}"
      1024,         0,         0,   0.002,decoder_by_matrix,beec9fd12293a9cfe53c9b61fb8ce2a525e4eed38fa75d132d6dc64699336876,"{""distance"":3,""physical_error_rate"":0.0001}","{""detection_events"":15,""detectors_checked"":55296}"
      3072,         0,         0,   0.220,decoder_by_matrix,5c8c81bfec719079c388cedc47a351f264c1bf769ae28a89f9b4fc7719fea501,"{""distance"":3,""physical_error_rate"":0.0005}","{""detection_events"":198,""detectors_checked"":165888}"
      7168,         0,         0,   0.399,decoder_by_matrix,e25b8d07214a8afb95d354611a83b9bb1ded39644e323a8585b3aabf687a4fff,"{""distance"":3,""physical_error_rate"":1e-05}","{""detection_events"":12,""detectors_checked"":387072}"
      1024,         0,         0,   0.001,decoder_by_matrix,e25b8d07214a8afb95d354611a83b9bb1ded39644e323a8585b3aabf687a4fff,"{""distance"":3,""physical_error_rate"":1e-05}","{""detectors_checked"":55296}"
      3072,         0,         0,   0.185,decoder_by_matrix,beec9fd12293a9cfe53c9b61fb8ce2a525e4eed38fa75d132d6dc64699336876,"{""distance"":3,""physical_error_rate"":0.0001}","{""detection_events"":33,""detectors_checked"":165888}"
      1024,         0,         0,   0.002,decoder_by_matrix,beec9fd12293a9cfe53c9b61fb8ce2a525e4eed38fa75d132d6dc64699336876,"{""distance"":3,""physical_error_rate"":0.0001}","{""detection_events"":12,""detectors_checked"":55296}"
      5120,         0,         0,   0.279,decoder_by_matrix,36e3cd26fed5ec7649ec51fb08c1a5e7d7f30e615782d954fee045c18a4962ca,"{""distance"":3,""physical_error_rate"":5e-05}","{""detection_events"":9,""detectors_checked"":276480}"
      7168,         0,         0,   0.256,decoder_by_matrix,560c721f87db01d4cacf7dcb7d8812fecde61e9e7776d4b9e1b1a792578ecad7,"{""distance"":3,""physical_error_rate"":5e-06}","{""detectors_checked"":387072}"
      3072,         0,         0,   0.294,decoder_by_matrix,5c8c81bfec719079c388cedc47a351f264c1bf769ae28a89f9b4fc7719fea501,"{""distance"":3,""physical_error_rate"":0.0005}","{""detection_events"":291,""detectors_checked"":165888}"
      2048,         0,         0,   0.002,decoder_by_matrix,36e3cd26fed5ec7649ec51fb08c1a5e7d7f30e615782d954fee045c18a4962ca,"{""distance"":3,""physical_error_rate"":5e-05}","{""detection_events"":6,""detectors_checked"":110592}"
      6144,         0,         0,   0.003,decoder_by_matrix,e9839e3017c9ef118c4b8aeafef39e78c11ecbdb89764e9ca676a7dc2fb6d062,"{""distance"":3,""physical_error_rate"":1e-06}","{""detectors_checked"":331776}"
      5120,         0,         0,   0.259,decoder_by_matrix,e25b8d07214a8afb95d354611a83b9bb1ded39644e323a8585b3aabf687a4fff,"{""distance"":3,""physical_error_rate"":1e-05}","{""detection_events"":15,""detectors_checked"":276480}"
      1024,         0,         0,   0.002,decoder_by_matrix,e25b8d07214a8afb95d354611a83b9bb1ded39644e323a8585b3aabf687a4fff,"{""distance"":3,""physical_error_rate"":1e-05}","{""detection_events"":9,""detectors_checked"":55296}"
      2048,         0,         0,   0.263,decoder_by_matrix,5c8c81bfec719079c388cedc47a351f264c1bf769ae28a89f9b4fc7719fea501,"{""distance"":3,""physical_error_rate"":0.0005}","{""detection_events"":135,""detectors_checked"":110592}"
      1024,         0,         0,   0.002,decoder_by_matrix,5c8c81bfec719079c388cedc47a351f264c1bf769ae28a89f9b4fc7719fea501,"{""distance"":3,""physical_error_rate"":0.0005}","{""detection_events"":78,""detectors_checked"":55296}"
   1162240,        10,         0,   117.3,decoder_by_matrix,5c8c81bfec719079c388cedc47a351f264c1bf769ae28a89f9b4fc7719fea501,"{""distance"":3,""physical_error_rate"":0.0005}","{""detection_events"":82662,""detectors_checked"":62760960,""obs_mistake_mask=E"":10}"
      2048,         0,         0,   0.262,decoder_by_matrix,beec9fd12293a9cfe53c9b61fb8ce2a525e4eed38fa75d132d6dc64699336876,"{""distance"":3,""physical_error_rate"":0.0001}","{""detection_events"":42,""detectors_checked"":110592}"
      1024,         0,         0,   0.002,decoder_by_matrix,beec9fd12293a9cfe53c9b61fb8ce2a525e4eed38fa75d132d6dc64699336876,"{""distance"":3,""physical_error_rate"":0.0001}","{""detection_events"":27,""detectors_checked"":55296}"
      4096,         0,         0,   0.218,decoder_by_matrix,e25b8d07214a8afb95d354611a83b9bb1ded39644e323a8585b3aabf687a4fff,"{""distance"":3,""physical_error_rate"":1e-05}","{""detection_events"":21,""detectors_checked"":221184}"
      2048,         0,         0,   0.213,decoder_by_matrix,beec9fd12293a9cfe53c9b61fb8ce2a525e4eed38fa75d132d6dc64699336876,"{""distance"":3,""physical_error_rate"":0.0001}","{""detection_events"":30,""detectors_checked"":110592}"
      1024,         0,         0,   0.001,decoder_by_matrix,beec9fd12293a9cfe53c9b61fb8ce2a525e4eed38fa75d132d6dc64699336876,"{""distance"":3,""physical_error_rate"":0.0001}","{""detectors_checked"":55296}"
      3072,         0,         0,   0.262,decoder_by_matrix,36e3cd26fed5ec7649ec51fb08c1a5e7d7f30e615782d954fee045c18a4962ca,"{""distance"":3,""physical_error_rate"":5e-05}","{""detection_events"":54,""detectors_checked"":165888}"
      6144,         0,         0,   0.261,decoder_by_matrix,560c721f87db01d4cacf7dcb7d8812fecde61e9e7776d4b9e1b1a792578ecad7,"{""distance"":3,""physical_error_rate"":5e-06}","{""detection_events"":6,""detectors_checked"":331776}"
      2048,         0,         0,   0.260,decoder_by_matrix,5c8c81bfec719079c388cedc47a351f264c1bf769ae28a89f9b4fc7719fea501,"{""distance"":3,""physical_error_rate"":0.0005}","{""detection_events"":186,""detectors_checked"":110592}"
      4096,         0,         0,   0.262,decoder_by_matrix,36e3cd26fed5ec7649ec51fb08c1a5e7d7f30e615782d954fee045c18a4962ca,"{""distance"":3,""physical_error_rate"":5e-05}","{""detection_events"":36,""detectors_checked"":221184}"
      6144,         0,         0,   0.261,decoder_by_matrix,e9839e3017c9ef118c4b8aeafef39e78c11ecbdb89764e9ca676a7dc2fb6d062,"{""distance"":3,""physical_error_rate"":1e-06}","{""detection_events"":18,""detectors_checked"":331776}"
      1024,         0,         0,   0.001,decoder_by_matrix,e9839e3017c9ef118c4b8aeafef39e78c11ecbdb89764e9ca676a7dc2fb6d062,"{""distance"":3,""physical_error_rate"":1e-06}","{""detectors_checked"":55296}"
      2048,         0,         0,   0.243,decoder_by_matrix,5c8c81bfec719079c388cedc47a351f264c1bf769ae28a89f9b4fc7719fea501,"{""distance"":3,""physical_error_rate"":0.0005}","{""detection_events"":90,""detectors_checked"":110592}"
      4096,         0,         0,   0.254,decoder_by_matrix,e25b8d07214a8afb95d354611a83b9bb1ded39644e323a8585b3aabf687a4fff,"{""distance"":3,""physical_error_rate"":1e-05}","{""detectors_checked"":221184}"
      3072,         0,         0,   0.255,decoder_by_matrix,beec9fd12293a9cfe53c9b61fb8ce2a525e4eed38fa75d132d6dc64699336876,"{""distance"":3,""physical_error_rate"":0.0001}","{""detection_events"":24,""detectors_checked"":165888}"
      5120,         0,         0,   0.004,decoder_by_matrix,e25b8d07214a8afb95d354611a83b9bb1ded39644e323a8585b3aabf687a4fff,"{""distance"":3,""physical_error_rate"":1e-05}","{""detection_events"":6,""detectors_checked"":276480}"
      3072,         0,         0,   0.260,decoder_by_matrix,beec9fd12293a9cfe53c9b61fb8ce2a525e4eed38fa75d132d6dc64699336876,"{""distance"":3,""physical_error_rate"":0.0001}","{""detection_events"":33,""detectors_checked"":165888}"
      2048,         0,         0,   0.259,decoder_by_matrix,36e3cd26fed5ec7649ec51fb08c1a5e7d7f30e615782d954fee045c18a4962ca,"{""distance"":3,""physical_error_rate"":5e-05}","{""detection_events"":57,""detectors_checked"":110592}"
      6144,         0,         0,   0.263,decoder_by_matrix,560c721f87db01d4cacf7dcb7d8812fecde61e9e7776d4b9e1b1a792578ecad7,"{""distance"":3,""physical_error_rate"":5e-06}","{""detectors_checked"":331776}"
      2048,         0,         0,   0.263,decoder_by_matrix,5c8c81bfec719079c388cedc47a351f264c1bf769ae28a89f9b4fc7719fea501,"{""distance"":3,""physical_error_rate"":0.0005}","{""detection_events"":171,""detectors_checked"":110592}"
      3072,         0,         0,   0.264,decoder_by_matrix,36e3cd26fed5ec7649ec51fb08c1a5e7d7f30e615782d954fee045c18a4962ca,"{""distance"":3,""physical_error_rate"":5e-05}","{""detection_events"":27,""detectors_checked"":165888}"
      3072,         0,         0,   0.167,decoder_by_matrix,e9839e3017c9ef118c4b8aeafef39e78c11ecbdb89764e9ca676a7dc2fb6d062,"{""distance"":3,""physical_error_rate"":1e-06}","{""detection_events"":6,""detectors_checked"":165888}"
      2048,         0,         0,   0.253,decoder_by_matrix,5c8c81bfec719079c388cedc47a351f264c1bf769ae28a89f9b4fc7719fea501,"{""distance"":3,""physical_error_rate"":0.0005}","{""detection_events"":153,""detectors_checked"":110592}"
      6144,         0,         0,   0.253,decoder_by_matrix,e25b8d07214a8afb95d354611a83b9bb1ded39644e323a8585b3aabf687a4fff,"{""distance"":3,""physical_error_rate"":1e-05}","{""detectors_checked"":331776}"
      3072,         0,         0,   0.257,decoder_by_matrix,beec9fd12293a9cfe53c9b61fb8ce2a525e4eed38fa75d132d6dc64699336876,"{""distance"":3,""physical_error_rate"":0.0001}","{""detection_events"":51,""detectors_checked"":165888}"
      5120,         0,         0,   0.265,decoder_by_matrix,e25b8d07214a8afb95d354611a83b9bb1ded39644e323a8585b3aabf687a4fff,"{""distance"":3,""physical_error_rate"":1e-05}","{""detection_events"":12,""detectors_checked"":276480}"
      3072,         0,         0,   0.257,decoder_by_matrix,beec9fd12293a9cfe53c9b61fb8ce2a525e4eed38fa75d132d6dc64699336876,"{""distance"":3,""physical_error_rate"":0.0001}","{""detection_events"":66,""detectors_checked"":165888}"
      3072,         0,         0,   0.257,decoder_by_matrix,36e3cd26fed5ec7649ec51fb08c1a5e7d7f30e615782d954fee045c18a4962ca,"{""distance"":3,""physical_error_rate"":5e-05}","{""detection_events"":24,""detectors_checked"":165888}"
      6144,         0,         0,   0.255,decoder_by_matrix,560c721f87db01d4cacf7dcb7d8812fecde61e9e7776d4b9e1b1a792578ecad7,"{""distance"":3,""physical_error_rate"":5e-06}","{""detectors_checked"":331776}"
      3072,         0,         0,   0.257,decoder_by_matrix,5c8c81bfec719079c388cedc47a351f264c1bf769ae28a89f9b4fc7719fea501,"{""distance"":3,""physical_error_rate"":0.0005}","{""detection_events"":228,""detectors_checked"":165888}"
      2048,         0,         0,   0.255,decoder_by_matrix,36e3cd26fed5ec7649ec51fb08c1a5e7d7f30e615782d954fee045c18a4962ca,"{""distance"":3,""physical_error_rate"":5e-05}","{""detection_events"":24,""detectors_checked"":110592}"
      7168,         0,         0,   0.256,decoder_by_matrix,e9839e3017c9ef118c4b8aeafef39e78c11ecbdb89764e9ca676a7dc2fb6d062,"{""distance"":3,""physical_error_rate"":1e-06}","{""detectors_checked"":387072}"
      2048,         0,         0,   0.234,decoder_by_matrix,5c8c81bfec719079c388cedc47a351f264c1bf769ae28a89f9b4fc7719fea501,"{""distance"":3,""physical_error_rate"":0.0005}","{""detection_events"":177,""detectors_checked"":110592}"
      5120,         0,         0,   0.247,decoder_by_matrix,e25b8d07214a8afb95d354611a83b9bb1ded39644e323a8585b3aabf687a4fff,"{""distance"":3,""physical_error_rate"":1e-05}","{""detection_events"":15,""detectors_checked"":276480}"
      2048,         0,         0,   0.260,decoder_by_matrix,beec9fd12293a9cfe53c9b61fb8ce2a525e4eed38fa75d132d6dc64699336876,"{""distance"":3,""physical_error_rate"":0.0001}","{""detection_events"":21,""detectors_checked"":110592}"
      5120,         0,         0,   0.256,decoder_by_matrix,e25b8d07214a8afb95d354611a83b9bb1ded39644e323a8585b3aabf687a4fff,"{""distance"":3,""physical_error_rate"":1e-05}","{""detectors_checked"":276480}"
      2048,         0,         0,   0.256,decoder_by_matrix,beec9fd12293a9cfe53c9b61fb8ce2a525e4eed38fa75d132d6dc64699336876,"{""distance"":3,""physical_error_rate"":0.0001}","{""detection_events"":33,""detectors_checked"":110592}"
      2048,         0,         0,   0.256,decoder_by_matrix,36e3cd26fed5ec7649ec51fb08c1a5e7d7f30e615782d954fee045c18a4962ca,"{""distance"":3,""physical_error_rate"":5e-05}","{""detection_events"":15,""detectors_checked"":110592}"
      7168,         0,         0,   0.257,decoder_by_matrix,560c721f87db01d4cacf7dcb7d8812fecde61e9e7776d4b9e1b1a792578ecad7,"{""distance"":3,""physical_error_rate"":5e-06}","{""detectors_checked"":387072}"
      2048,         0,         0,   0.256,decoder_by_matrix,5c8c81bfec719079c388cedc47a351f264c1bf769ae28a89f9b4fc7719fea501,"{""distance"":3,""physical_error_rate"":0.0005}","{""detection_events"":183,""detectors_checked"":110592}"
      4096,         0,         0,   0.256,decoder_by_matrix,36e3cd26fed5ec7649ec51fb08c1a5e7d7f30e615782d954fee045c18a4962ca,"{""distance"":3,""physical_error_rate"":5e-05}","{""detection_events"":12,""detectors_checked"":221184}"
      6144,         0,         0,   0.256,decoder_by_matrix,e9839e3017c9ef118c4b8aeafef39e78c11ecbdb89764e9ca676a7dc2fb6d062,"{""distance"":3,""physical_error_rate"":1e-06}","{""detectors_checked"":331776}"
      2048,         0,         0,   0.003,decoder_by_matrix,5c8c81bfec719079c388cedc47a351f264c1bf769ae28a89f9b4fc7719fea501,"{""distance"":3,""physical_error_rate"":0.0005}","{""detection_events"":114,""detectors_checked"":110592}"
      6144,         0,         0,   0.257,decoder_by_matrix,e25b8d07214a8afb95d354611a83b9bb1ded39644e323a8585b3aabf687a4fff,"{""distance"":3,""physical_error_rate"":1e-05}","{""detectors_checked"":331776}"
      3072,         0,         0,   0.259,decoder_by_matrix,beec9fd12293a9cfe53c9b61fb8ce2a525e4eed38fa75d132d6dc64699336876,"{""distance"":3,""physical_error_rate"":0.0001}","{""detection_events"":60,""detectors_checked"":165888}"
      4096,         0,         0,   0.258,decoder_by_matrix,e25b8d07214a8afb95d354611a83b9bb1ded39644e323a8585b3aabf687a4fff,"{""distance"":3,""physical_error_rate"":1e-05}","{""detection_events"":9,""detectors_checked"":221184}"
      3072,         0,         0,   0.259,decoder_by_matrix,beec9fd12293a9cfe53c9b61fb8ce2a525e4eed38fa75d132d6dc64699336876,"{""distance"":3,""physical_error_rate"":0.0001}","{""detection_events"":60,""detectors_checked"":165888}"
      2048,         0,         0,   0.257,decoder_by_matrix,36e3cd26fed5ec7649ec51fb08c1a5e7d7f30e615782d954fee045c18a4962ca,"{""distance"":3,""physical_error_rate"":5e-05}","{""detection_events"":21,""detectors_checked"":110592}"
      5120,         0,         0,   0.258,decoder_by_matrix,560c721f87db01d4cacf7dcb7d8812fecde61e9e7776d4b9e1b1a792578ecad7,"{""distance"":3,""physical_error_rate"":5e-06}","{""detection_events"":6,""detectors_checked"":276480}"
      3072,         0,         0,   0.259,decoder_by_matrix,5c8c81bfec719079c388cedc47a351f264c1bf769ae28a89f9b4fc7719fea501,"{""distance"":3,""physical_error_rate"":0.0005}","{""detection_events"":138,""detectors_checked"":165888}"
      3072,         0,         0,   0.263,decoder_by_matrix,36e3cd26fed5ec7649ec51fb08c1a5e7d7f30e615782d954fee045c18a4962ca,"{""distance"":3,""physical_error_rate"":5e-05}","{""detection_events"":30,""detectors_checked"":165888}"
      5120,         0,         0,   0.257,decoder_by_matrix,e25b8d07214a8afb95d354611a83b9bb1ded39644e323a8585b3aabf687a4fff,"{""distance"":3,""physical_error_rate"":1e-05}","{""detection_events"":9,""detectors_checked"":276480}"
      3072,         0,         0,   0.259,decoder_by_matrix,36e3cd26fed5ec7649ec51fb08c1a5e7d7f30e615782d954fee045c18a4962ca,"{""distance"":3,""physical_error_rate"":5e-05}","{""detection_events"":24,""detectors_checked"":165888}"
      2048,         0,         0,   0.258,decoder_by_matrix,5c8c81bfec719079c388cedc47a351f264c1bf769ae28a89f9b4fc7719fea501,"{""distance"":3,""physical_error_rate"":0.0005}","{""detection_events"":141,""detectors_checked"":110592}"
      3072,         0,         0,   0.262,decoder_by_matrix,36e3cd26fed5ec7649ec51fb08c1a5e7d7f30e615782d954fee045c18a4962ca,"{""distance"":3,""physical_error_rate"":5e-05}","{""detection_events"":6,""detectors_checked"":165888}"
     14336,         0,         0,   0.525,decoder_by_matrix,e9839e3017c9ef118c4b8aeafef39e78c11ecbdb89764e9ca676a7dc2fb6d062,"{""distance"":3,""physical_error_rate"":1e-06}","{""detectors_checked"":774144}"
      5120,         0,         0,   0.483,decoder_by_matrix,5c8c81bfec719079c388cedc47a351f264c1bf769ae28a89f9b4fc7719fea501,"{""distance"":3,""physical_error_rate"":0.0005}","{""detection_events"":387,""detectors_checked"":276480}"
     11264,         0,         0,   0.260,decoder_by_matrix,e25b8d07214a8afb95d354611a83b9bb1ded39644e323a8585b3aabf687a4fff,"{""distance"":3,""physical_error_rate"":1e-05}","{""detection_events"":12,""detectors_checked"":608256}"
      4096,         0,         0,   0.512,decoder_by_matrix,beec9fd12293a9cfe53c9b61fb8ce2a525e4eed38fa75d132d6dc64699336876,"{""distance"":3,""physical_error_rate"":0.0001}","{""detection_events"":81,""detectors_checked"":221184}"
      4096,         0,         0,   0.508,decoder_by_matrix,beec9fd12293a9cfe53c9b61fb8ce2a525e4eed38fa75d132d6dc64699336876,"{""distance"":3,""physical_error_rate"":0.0001}","{""detection_events"":60,""detectors_checked"":221184}"
      5120,         0,         0,   0.289,decoder_by_matrix,e25b8d07214a8afb95d354611a83b9bb1ded39644e323a8585b3aabf687a4fff,"{""distance"":3,""physical_error_rate"":1e-05}","{""detection_events"":12,""detectors_checked"":276480}"
     12288,         0,         0,   0.510,decoder_by_matrix,560c721f87db01d4cacf7dcb7d8812fecde61e9e7776d4b9e1b1a792578ecad7,"{""distance"":3,""physical_error_rate"":5e-06}","{""detection_events"":3,""detectors_checked"":663552}"
      4096,         0,         0,   0.299,decoder_by_matrix,36e3cd26fed5ec7649ec51fb08c1a5e7d7f30e615782d954fee045c18a4962ca,"{""distance"":3,""physical_error_rate"":5e-05}","{""detection_events"":12,""detectors_checked"":221184}"
      5120,         0,         0,   0.508,decoder_by_matrix,5c8c81bfec719079c388cedc47a351f264c1bf769ae28a89f9b4fc7719fea501,"{""distance"":3,""physical_error_rate"":0.0005}","{""detection_events"":378,""detectors_checked"":276480}"
      7168,         0,         0,   0.516,decoder_by_matrix,36e3cd26fed5ec7649ec51fb08c1a5e7d7f30e615782d954fee045c18a4962ca,"{""distance"":3,""physical_error_rate"":5e-05}","{""detection_events"":57,""detectors_checked"":387072}"
     13312,         0,         0,   0.515,decoder_by_matrix,e9839e3017c9ef118c4b8aeafef39e78c11ecbdb89764e9ca676a7dc2fb6d062,"{""distance"":3,""physical_error_rate"":1e-06}","{""detectors_checked"":718848}"
      5120,         0,         0,   0.508,decoder_by_matrix,5c8c81bfec719079c388cedc47a351f264c1bf769ae28a89f9b4fc7719fea501,"{""distance"":3,""physical_error_rate"":0.0005}","{""detection_events"":393,""detectors_checked"":276480}"
     12288,         0,         0,   0.494,decoder_by_matrix,e25b8d07214a8afb95d354611a83b9bb1ded39644e323a8585b3aabf687a4fff,"{""distance"":3,""physical_error_rate"":1e-05}","{""detection_events"":9,""detectors_checked"":663552}"
      6144,         0,         0,   0.508,decoder_by_matrix,beec9fd12293a9cfe53c9b61fb8ce2a525e4eed38fa75d132d6dc64699336876,"{""distance"":3,""physical_error_rate"":0.0001}","{""detection_events"":60,""detectors_checked"":331776}"
      5120,         0,         0,   0.517,decoder_by_matrix,beec9fd12293a9cfe53c9b61fb8ce2a525e4eed38fa75d132d6dc64699336876,"{""distance"":3,""physical_error_rate"":0.0001}","{""detection_events"":96,""detectors_checked"":276480}"
      8192,         0,         0,   0.517,decoder_by_matrix,e25b8d07214a8afb95d354611a83b9bb1ded39644e323a8585b3aabf687a4fff,"{""distance"":3,""physical_error_rate"":1e-05}","{""detection_events"":21,""detectors_checked"":442368}"
     11264,         0,         0,   0.518,decoder_by_matrix,560c721f87db01d4cacf7dcb7d8812fecde61e9e7776d4b9e1b1a792578ecad7,"{""distance"":3,""physical_error_rate"":5e-06}","{""detection_events"":3,""detectors_checked"":608256}"
      7168,         0,         0,   0.518,decoder_by_matrix,36e3cd26fed5ec7649ec51fb08c1a5e7d7f30e615782d954fee045c18a4962ca,"{""distance"":3,""physical_error_rate"":5e-05}","{""detection_events"":39,""detectors_checked"":387072}"
      6144,         0,         0,   0.478,decoder_by_matrix,36e3cd26fed5ec7649ec51fb08c1a5e7d7f30e615782d954fee045c18a4962ca,"{""distance"":3,""physical_error_rate"":5e-05}","{""detection_events"":51,""detectors_checked"":331776}"
      5120,         0,         0,   0.559,decoder_by_matrix,5c8c81bfec719079c388cedc47a351f264c1bf769ae28a89f9b4fc7719fea501,"{""distance"":3,""physical_error_rate"":0.0005}","{""detection_events"":408,""detectors_checked"":276480}"
      9216,         0,         0,   0.573,decoder_by_matrix,e25b8d07214a8afb95d354611a83b9bb1ded39644e323a8585b3aabf687a4fff,"{""distance"":3,""physical_error_rate"":1e-05}","{""detection_events"":30,""detectors_checked"":497664}"
     19456,         0,         0,   0.768,decoder_by_matrix,e9839e3017c9ef118c4b8aeafef39e78c11ecbdb89764e9ca676a7dc2fb6d062,"{""distance"":3,""physical_error_rate"":1e-06}","{""detection_events"":12,""detectors_checked"":1050624}"
      7168,         0,         0,   0.775,decoder_by_matrix,5c8c81bfec719079c388cedc47a351f264c1bf769ae28a89f9b4fc7719fea501,"{""distance"":3,""physical_error_rate"":0.0005}","{""detection_events"":453,""detectors_checked"":387072}"
     15360,         0,         0,   0.771,decoder_by_matrix,e25b8d07214a8afb95d354611a83b9bb1ded39644e323a8585b3aabf687a4fff,"{""distance"":3,""physical_error_rate"":1e-05}","{""detection_events"":18,""detectors_checked"":829440}"
      9216,         0,         0,   0.777,decoder_by_matrix,beec9fd12293a9cfe53c9b61fb8ce2a525e4eed38fa75d132d6dc64699336876,"{""distance"":3,""physical_error_rate"":0.0001}","{""detection_events"":93,""detectors_checked"":497664}"
      8192,         0,         0,   0.773,decoder_by_matrix,beec9fd12293a9cfe53c9b61fb8ce2a525e4eed38fa75d132d6dc64699336876,"{""distance"":3,""physical_error_rate"":0.0001}","{""detection_events"":135,""detectors_checked"":442368}"
     15360,         0,         0,   0.775,decoder_by_matrix,560c721f87db01d4cacf7dcb7d8812fecde61e9e7776d4b9e1b1a792578ecad7,"{""distance"":3,""physical_error_rate"":5e-06}","{""detection_events"":18,""detectors_checked"":829440}"
     12288,         0,         0,   0.519,decoder_by_matrix,36e3cd26fed5ec7649ec51fb08c1a5e7d7f30e615782d954fee045c18a4962ca,"{""distance"":3,""physical_error_rate"":5e-05}","{""detection_events"":84,""detectors_checked"":663552}"
      9216,         0,         0,   0.612,decoder_by_matrix,36e3cd26fed5ec7649ec51fb08c1a5e7d7f30e615782d954fee045c18a4962ca,"{""distance"":3,""physical_error_rate"":5e-05}","{""detection_events"":27,""detectors_checked"":497664}"
      7168,         0,         0,   0.762,decoder_by_matrix,5c8c81bfec719079c388cedc47a351f264c1bf769ae28a89f9b4fc7719fea501,"{""distance"":3,""physical_error_rate"":0.0005}","{""detection_events"":468,""detectors_checked"":387072}"
     16384,         0,         0,   0.866,decoder_by_matrix,e25b8d07214a8afb95d354611a83b9bb1ded39644e323a8585b3aabf687a4fff,"{""distance"":3,""physical_error_rate"":1e-05}","{""detection_events"":15,""detectors_checked"":884736}"
      8192,         0,         0,   0.830,decoder_by_matrix,beec9fd12293a9cfe53c9b61fb8ce2a525e4eed38fa75d132d6dc64699336876,"{""distance"":3,""physical_error_rate"":0.0001}","{""detection_events"":96,""detectors_checked"":442368}"
     27648,         0,         0,   0.767,decoder_by_matrix,e9839e3017c9ef118c4b8aeafef39e78c11ecbdb89764e9ca676a7dc2fb6d062,"{""distance"":3,""physical_error_rate"":1e-06}","{""detectors_checked"":1492992}"
     10240,         0,         0,    1.03,decoder_by_matrix,5c8c81bfec719079c388cedc47a351f264c1bf769ae28a89f9b4fc7719fea501,"{""distance"":3,""physical_error_rate"":0.0005}","{""detection_events"":747,""detectors_checked"":552960}"
     17408,         0,         0,    1.03,decoder_by_matrix,e25b8d07214a8afb95d354611a83b9bb1ded39644e323a8585b3aabf687a4fff,"{""distance"":3,""physical_error_rate"":1e-05}","{""detection_events"":54,""detectors_checked"":940032}"
     10240,         0,         0,    1.03,decoder_by_matrix,beec9fd12293a9cfe53c9b61fb8ce2a525e4eed38fa75d132d6dc64699336876,"{""distance"":3,""physical_error_rate"":0.0001}","{""detection_events"":147,""detectors_checked"":552960}"
     24576,         0,         0,    1.03,decoder_by_matrix,560c721f87db01d4cacf7dcb7d8812fecde61e9e7776d4b9e1b1a792578ecad7,"{""distance"":3,""physical_error_rate"":5e-06}","{""detection_events"":21,""detectors_checked"":1327104}"
     13312,         0,         0,    1.03,decoder_by_matrix,36e3cd26fed5ec7649ec51fb08c1a5e7d7f30e615782d954fee045c18a4962ca,"{""distance"":3,""physical_error_rate"":5e-05}","{""detection_events"":81,""detectors_checked"":718848}"
      8192,         0,         0,   0.806,decoder_by_matrix,5c8c81bfec719079c388cedc47a351f264c1bf769ae28a89f9b4fc7719fea501,"{""distance"":3,""physical_error_rate"":0.0005}","{""detection_events"":582,""detectors_checked"":442368}"
     12288,         0,         0,    1.04,decoder_by_matrix,36e3cd26fed5ec7649ec51fb08c1a5e7d7f30e615782d954fee045c18a4962ca,"{""distance"":3,""physical_error_rate"":5e-05}","{""detection_events"":120,""detectors_checked"":663552}"
     24576,         0,         0,    1.00,decoder_by_matrix,e25b8d07214a8afb95d354611a83b9bb1ded39644e323a8585b3aabf687a4fff,"{""distance"":3,""physical_error_rate"":1e-05}","{""detection_events"":36,""detectors_checked"":1327104}"
     13312,         0,         0,    1.03,decoder_by_matrix,beec9fd12293a9cfe53c9b61fb8ce2a525e4eed38fa75d132d6dc64699336876,"{""distance"":3,""physical_error_rate"":0.0001}","{""detection_events"":222,""detectors_checked"":718848}"
     11264,         0,         0,    1.23,decoder_by_matrix,5c8c81bfec719079c388cedc47a351f264c1bf769ae28a89f9b4fc7719fea501,"{""distance"":3,""physical_error_rate"":0.0005}","{""detection_events"":855,""detectors_checked"":608256}"
     34816,         0,         0,    1.06,decoder_by_matrix,e9839e3017c9ef118c4b8aeafef39e78c11ecbdb89764e9ca676a7dc2fb6d062,"{""distance"":3,""physical_error_rate"":1e-06}","{""detectors_checked"":1880064}"
     25600,         0,         0,   0.773,decoder_by_matrix,e25b8d07214a8afb95d354611a83b9bb1ded39644e323a8585b3aabf687a4fff,"{""distance"":3,""physical_error_rate"":1e-05}","{""detection_events"":57,""detectors_checked"":1382400}"
     14336,         0,         0,    1.28,decoder_by_matrix,beec9fd12293a9cfe53c9b61fb8ce2a525e4eed38fa75d132d6dc64699336876,"{""distance"":3,""physical_error_rate"":0.0001}","{""detection_events"":237,""detectors_checked"":774144}"
     32768,         0,         0,    1.27,decoder_by_matrix,560c721f87db01d4cacf7dcb7d8812fecde61e9e7776d4b9e1b1a792578ecad7,"{""distance"":3,""physical_error_rate"":5e-06}","{""detectors_checked"":1769472}"
     13312,         0,         0,    1.28,decoder_by_matrix,36e3cd26fed5ec7649ec51fb08c1a5e7d7f30e615782d954fee045c18a4962ca,"{""distance"":3,""physical_error_rate"":5e-05}","{""detection_events"":126,""detectors_checked"":718848}"
     12288,         0,         0,    1.29,decoder_by_matrix,5c8c81bfec719079c388cedc47a351f264c1bf769ae28a89f9b4fc7719fea501,"{""distance"":3,""physical_error_rate"":0.0005}","{""detection_events"":1026,""detectors_checked"":663552}"
     13312,         0,         0,    1.28,decoder_by_matrix,36e3cd26fed5ec7649ec51fb08c1a5e7d7f30e615782d954fee045c18a4962ca,"{""distance"":3,""physical_error_rate"":5e-05}","{""detection_events"":138,""detectors_checked"":718848}"
     17408,         0,         0,    1.59,decoder_by_matrix,beec9fd12293a9cfe53c9b61fb8ce2a525e4eed38fa75d132d6dc64699336876,"{""distance"":3,""physical_error_rate"":0.0001}","{""detection_events"":228,""detectors_checked"":940032}"
     35840,         0,         0,    1.75,decoder_by_matrix,e25b8d07214a8afb95d354611a83b9bb1ded39644e323a8585b3aabf687a4fff,"{""distance"":3,""physical_error_rate"":1e-05}","{""detection_events"":72,""detectors_checked"":1935360}"
     17408,         1,         0,    1.56,decoder_by_matrix,5c8c81bfec719079c388cedc47a351f264c1bf769ae28a89f9b4fc7719fea501,"{""distance"":3,""physical_error_rate"":0.0005}","{""detection_events"":1242,""detectors_checked"":940032,""obs_mistake_mask=E"":1}"
     49152,         0,         0,    1.79,decoder_by_matrix,e9839e3017c9ef118c4b8aeafef39e78c11ecbdb89764e9ca676a7dc2fb6d062,"{""distance"":3,""physical_error_rate"":1e-06}","{""detectors_checked"":2654208}"
     34816,         0,         0,    1.79,decoder_by_matrix,e25b8d07214a8afb95d354611a83b9bb1ded39644e323a8585b3aabf687a4fff,"{""distance"":3,""physical_error_rate"":1e-05}","{""detection_events"":51,""detectors_checked"":1880064}"
     21504,         0,         0,    1.80,decoder_by_matrix,beec9fd12293a9cfe53c9b61fb8ce2a525e4eed38fa75d132d6dc64699336876,"{""distance"":3,""physical_error_rate"":0.0001}","{""detection_events"":309,""detectors_checked"":1161216}"
     38912,         0,         0,    1.77,decoder_by_matrix,560c721f87db01d4cacf7dcb7d8812fecde61e9e7776d4b9e1b1a792578ecad7,"{""distance"":3,""physical_error_rate"":5e-06}","{""detection_events"":39,""detectors_checked"":2101248}"
     22528,         0,         0,    1.78,decoder_by_matrix,36e3cd26fed5ec7649ec51fb08c1a5e7d7f30e615782d954fee045c18a4962ca,"{""distance"":3,""physical_error_rate"":5e-05}","{""detection_events"":159,""detectors_checked"":1216512}"
     16384,         0,         0,    1.79,decoder_by_matrix,5c8c81bfec719079c388cedc47a351f264c1bf769ae28a89f9b4fc7719fea501,"{""distance"":3,""physical_error_rate"":0.0005}","{""detection_events"":1404,""detectors_checked"":884736}"
     25600,         0,         0,    1.80,decoder_by_matrix,36e3cd26fed5ec7649ec51fb08c1a5e7d7f30e615782d954fee045c18a4962ca,"{""distance"":3,""physical_error_rate"":5e-05}","{""detection_events"":135,""detectors_checked"":1382400}"
     24576,         0,         0,    2.28,decoder_by_matrix,beec9fd12293a9cfe53c9b61fb8ce2a525e4eed38fa75d132d6dc64699336876,"{""distance"":3,""physical_error_rate"":0.0001}","{""detection_events"":363,""detectors_checked"":1327104}"
     20480,         0,         0,    2.04,decoder_by_matrix,5c8c81bfec719079c388cedc47a351f264c1bf769ae28a89f9b4fc7719fea501,"{""distance"":3,""physical_error_rate"":0.0005}","{""detection_events"":1230,""detectors_checked"":1105920}"
     44032,         0,         0,    2.02,decoder_by_matrix,e25b8d07214a8afb95d354611a83b9bb1ded39644e323a8585b3aabf687a4fff,"{""distance"":3,""physical_error_rate"":1e-05}","{""detection_events"":87,""detectors_checked"":2377728}"
     60416,         0,         0,    2.06,decoder_by_matrix,e9839e3017c9ef118c4b8aeafef39e78c11ecbdb89764e9ca676a7dc2fb6d062,"{""distance"":3,""physical_error_rate"":1e-06}","{""detection_events"":3,""detectors_checked"":3262464}"
     43008,         0,         0,    2.18,decoder_by_matrix,560c721f87db01d4cacf7dcb7d8812fecde61e9e7776d4b9e1b1a792578ecad7,"{""distance"":3,""physical_error_rate"":5e-06}","{""detection_events"":69,""detectors_checked"":2322432}"
     47104,         0,         0,    2.31,decoder_by_matrix,e25b8d07214a8afb95d354611a83b9bb1ded39644e323a8585b3aabf687a4fff,"{""distance"":3,""physical_error_rate"":1e-05}","{""detection_events"":66,""detectors_checked"":2543616}"
     24576,         0,         0,    2.06,decoder_by_matrix,beec9fd12293a9cfe53c9b61fb8ce2a525e4eed38fa75d132d6dc64699336876,"{""distance"":3,""physical_error_rate"":0.0001}","{""detection_events"":351,""detectors_checked"":1327104}"
     29696,         0,         0,    2.07,decoder_by_matrix,36e3cd26fed5ec7649ec51fb08c1a5e7d7f30e615782d954fee045c18a4962ca,"{""distance"":3,""physical_error_rate"":5e-05}","{""detection_events"":219,""detectors_checked"":1603584}"
     22528,         0,         0,    2.31,decoder_by_matrix,5c8c81bfec719079c388cedc47a351f264c1bf769ae28a89f9b4fc7719fea501,"{""distance"":3,""physical_error_rate"":0.0005}","{""detection_events"":1758,""detectors_checked"":1216512}"
     30720,         0,         0,    2.31,decoder_by_matrix,36e3cd26fed5ec7649ec51fb08c1a5e7d7f30e615782d954fee045c18a4962ca,"{""distance"":3,""physical_error_rate"":5e-05}","{""detection_events"":270,""detectors_checked"":1658880}"
     32768,         0,         0,    3.11,decoder_by_matrix,beec9fd12293a9cfe53c9b61fb8ce2a525e4eed38fa75d132d6dc64699336876,"{""distance"":3,""physical_error_rate"":0.0001}","{""detection_events"":576,""detectors_checked"":1769472}"
     53248,         0,         0,    3.08,decoder_by_matrix,e25b8d07214a8afb95d354611a83b9bb1ded39644e323a8585b3aabf687a4fff,"{""distance"":3,""physical_error_rate"":1e-05}","{""detection_events"":141,""detectors_checked"":2875392}"
     29696,         0,         0,    3.11,decoder_by_matrix,5c8c81bfec719079c388cedc47a351f264c1bf769ae28a89f9b4fc7719fea501,"{""distance"":3,""physical_error_rate"":0.0005}","{""detection_events"":1998,""detectors_checked"":1603584}"
     77824,         0,         0,    3.05,decoder_by_matrix,560c721f87db01d4cacf7dcb7d8812fecde61e9e7776d4b9e1b1a792578ecad7,"{""distance"":3,""physical_error_rate"":5e-06}","{""detection_events"":57,""detectors_checked"":4202496}"
     57344,         0,         0,    2.83,decoder_by_matrix,e25b8d07214a8afb95d354611a83b9bb1ded39644e323a8585b3aabf687a4fff,"{""distance"":3,""physical_error_rate"":1e-05}","{""detection_events"":165,""detectors_checked"":3096576}"
     33792,         0,         0,    3.07,decoder_by_matrix,beec9fd12293a9cfe53c9b61fb8ce2a525e4eed38fa75d132d6dc64699336876,"{""distance"":3,""physical_error_rate"":0.0001}","{""detection_events"":423,""detectors_checked"":1824768}"
     78848,         0,         0,    3.23,decoder_by_matrix,e9839e3017c9ef118c4b8aeafef39e78c11ecbdb89764e9ca676a7dc2fb6d062,"{""distance"":3,""physical_error_rate"":1e-06}","{""detection_events"":18,""detectors_checked"":4257792}"
     44032,         0,         0,    3.09,decoder_by_matrix,36e3cd26fed5ec7649ec51fb08c1a5e7d7f30e615782d954fee045c18a4962ca,"{""distance"":3,""physical_error_rate"":5e-05}","{""detection_events"":312,""detectors_checked"":2377728}"
     29696,         0,         0,    3.07,decoder_by_matrix,5c8c81bfec719079c388cedc47a351f264c1bf769ae28a89f9b4fc7719fea501,"{""distance"":3,""physical_error_rate"":0.0005}","{""detection_events"":1899,""detectors_checked"":1603584}"
     35840,         0,         0,    2.83,decoder_by_matrix,36e3cd26fed5ec7649ec51fb08c1a5e7d7f30e615782d954fee045c18a4962ca,"{""distance"":3,""physical_error_rate"":5e-05}","{""detection_events"":330,""detectors_checked"":1935360}"
     92160,         0,         0,    4.33,decoder_by_matrix,e25b8d07214a8afb95d354611a83b9bb1ded39644e323a8585b3aabf687a4fff,"{""distance"":3,""physical_error_rate"":1e-05}","{""detection_events"":99,""detectors_checked"":4976640}"
     41984,         1,         0,    4.35,decoder_by_matrix,5c8c81bfec719079c388cedc47a351f264c1bf769ae28a89f9b4fc7719fea501,"{""distance"":3,""physical_error_rate"":0.0005}","{""detection_events"":3177,""detectors_checked"":2267136,""obs_mistake_mask=E"":1}"
     48128,         0,         0,    4.38,decoder_by_matrix,beec9fd12293a9cfe53c9b61fb8ce2a525e4eed38fa75d132d6dc64699336876,"{""distance"":3,""physical_error_rate"":0.0001}","{""detection_events"":732,""detectors_checked"":2598912}"
     95232,         0,         0,    4.32,decoder_by_matrix,e25b8d07214a8afb95d354611a83b9bb1ded39644e323a8585b3aabf687a4fff,"{""distance"":3,""physical_error_rate"":1e-05}","{""detection_events"":153,""detectors_checked"":5142528}"
     99328,         0,         0,    4.40,decoder_by_matrix,560c721f87db01d4cacf7dcb7d8812fecde61e9e7776d4b9e1b1a792578ecad7,"{""distance"":3,""physical_error_rate"":5e-06}","{""detection_events"":57,""detectors_checked"":5363712}"
    115712,         0,         0,    4.03,decoder_by_matrix,e9839e3017c9ef118c4b8aeafef39e78c11ecbdb89764e9ca676a7dc2fb6d062,"{""distance"":3,""physical_error_rate"":1e-06}","{""detectors_checked"":6248448}"
     48128,         0,         0,    3.84,decoder_by_matrix,beec9fd12293a9cfe53c9b61fb8ce2a525e4eed38fa75d132d6dc64699336876,"{""distance"":3,""physical_error_rate"":0.0001}","{""detection_events"":717,""detectors_checked"":2598912}"
     40960,         0,         0,    4.27,decoder_by_matrix,5c8c81bfec719079c388cedc47a351f264c1bf769ae28a89f9b4fc7719fea501,"{""distance"":3,""physical_error_rate"":0.0005}","{""detection_events"":2919,""detectors_checked"":2211840}"
     57344,         0,         0,    4.38,decoder_by_matrix,36e3cd26fed5ec7649ec51fb08c1a5e7d7f30e615782d954fee045c18a4962ca,"{""distance"":3,""physical_error_rate"":5e-05}","{""detection_events"":351,""detectors_checked"":3096576}"
     54272,         0,         0,    4.09,decoder_by_matrix,36e3cd26fed5ec7649ec51fb08c1a5e7d7f30e615782d954fee045c18a4962ca,"{""distance"":3,""physical_error_rate"":5e-05}","{""detection_events"":450,""detectors_checked"":2930688}"
    123904,         0,         0,    5.83,decoder_by_matrix,e25b8d07214a8afb95d354611a83b9bb1ded39644e323a8585b3aabf687a4fff,"{""distance"":3,""physical_error_rate"":1e-05}","{""detection_events"":162,""detectors_checked"":6690816}"
     59392,         0,         0,    5.83,decoder_by_matrix,5c8c81bfec719079c388cedc47a351f264c1bf769ae28a89f9b4fc7719fea501,"{""distance"":3,""physical_error_rate"":0.0005}","{""detection_events"":4446,""detectors_checked"":3207168}"
     67584,         0,         0,    5.65,decoder_by_matrix,beec9fd12293a9cfe53c9b61fb8ce2a525e4eed38fa75d132d6dc64699336876,"{""distance"":3,""physical_error_rate"":0.0001}","{""detection_events"":960,""detectors_checked"":3649536}"
    118784,         0,         0,    5.82,decoder_by_matrix,e25b8d07214a8afb95d354611a83b9bb1ded39644e323a8585b3aabf687a4fff,"{""distance"":3,""physical_error_rate"":1e-05}","{""detection_events"":162,""detectors_checked"":6414336}"
    142336,         0,         0,    6.16,decoder_by_matrix,560c721f87db01d4cacf7dcb7d8812fecde61e9e7776d4b9e1b1a792578ecad7,"{""distance"":3,""physical_error_rate"":5e-06}","{""detection_events"":114,""detectors_checked"":7686144}"
    158720,         0,         0,    6.14,decoder_by_matrix,e9839e3017c9ef118c4b8aeafef39e78c11ecbdb89764e9ca676a7dc2fb6d062,"{""distance"":3,""physical_error_rate"":1e-06}","{""detection_events"":27,""detectors_checked"":8570880}"
     67584,         0,         0,    5.91,decoder_by_matrix,beec9fd12293a9cfe53c9b61fb8ce2a525e4eed38fa75d132d6dc64699336876,"{""distance"":3,""physical_error_rate"":0.0001}","{""detection_events"":858,""detectors_checked"":3649536}"
     59392,         1,         0,    5.63,decoder_by_matrix,5c8c81bfec719079c388cedc47a351f264c1bf769ae28a89f9b4fc7719fea501,"{""distance"":3,""physical_error_rate"":0.0005}","{""detection_events"":4179,""detectors_checked"":3207168,""obs_mistake_mask=E"":1}"
     76800,         0,         0,    5.78,decoder_by_matrix,36e3cd26fed5ec7649ec51fb08c1a5e7d7f30e615782d954fee045c18a4962ca,"{""distance"":3,""physical_error_rate"":5e-05}","{""detection_events"":615,""detectors_checked"":4147200}"
     76800,         0,         0,    6.15,decoder_by_matrix,36e3cd26fed5ec7649ec51fb08c1a5e7d7f30e615782d954fee045c18a4962ca,"{""distance"":3,""physical_error_rate"":5e-05}","{""detection_events"":498,""detectors_checked"":4147200}"
     81920,         1,         0,    8.47,decoder_by_matrix,5c8c81bfec719079c388cedc47a351f264c1bf769ae28a89f9b4fc7719fea501,"{""distance"":3,""physical_error_rate"":0.0005}","{""detection_events"":6477,""detectors_checked"":4423680,""obs_mistake_mask=E"":1}"
    192512,         0,         0,    8.52,decoder_by_matrix,e25b8d07214a8afb95d354611a83b9bb1ded39644e323a8585b3aabf687a4fff,"{""distance"":3,""physical_error_rate"":1e-05}","{""detection_events"":210,""detectors_checked"":10395648}"
     94208,         0,         0,    8.45,decoder_by_matrix,beec9fd12293a9cfe53c9b61fb8ce2a525e4eed38fa75d132d6dc64699336876,"{""distance"":3,""physical_error_rate"":0.0001}","{""detection_events"":1314,""detectors_checked"":5087232}"
    168960,         0,         0,    8.29,decoder_by_matrix,e25b8d07214a8afb95d354611a83b9bb1ded39644e323a8585b3aabf687a4fff,"{""distance"":3,""physical_error_rate"":1e-05}","{""detection_events"":297,""detectors_checked"":9123840}"
    192512,         0,         0,    7.94,decoder_by_matrix,560c721f87db01d4cacf7dcb7d8812fecde61e9e7776d4b9e1b1a792578ecad7,"{""distance"":3,""physical_error_rate"":5e-06}","{""detection_events"":153,""detectors_checked"":10395648}"
    224256,         0,         0,    7.70,decoder_by_matrix,e9839e3017c9ef118c4b8aeafef39e78c11ecbdb89764e9ca676a7dc2fb6d062,"{""distance"":3,""physical_error_rate"":1e-06}","{""detection_events"":12,""detectors_checked"":12109824}"
    113664,         0,         0,    8.17,decoder_by_matrix,36e3cd26fed5ec7649ec51fb08c1a5e7d7f30e615782d954fee045c18a4962ca,"{""distance"":3,""physical_error_rate"":5e-05}","{""detection_events"":747,""detectors_checked"":6137856}"
     81920,         0,         0,    8.45,decoder_by_matrix,5c8c81bfec719079c388cedc47a351f264c1bf769ae28a89f9b4fc7719fea501,"{""distance"":3,""physical_error_rate"":0.0005}","{""detection_events"":5499,""detectors_checked"":4423680}"
     90112,         0,         0,    8.54,decoder_by_matrix,beec9fd12293a9cfe53c9b61fb8ce2a525e4eed38fa75d132d6dc64699336876,"{""distance"":3,""physical_error_rate"":0.0001}","{""detection_events"":1380,""detectors_checked"":4866048}"
    107520,         0,         0,    8.47,decoder_by_matrix,36e3cd26fed5ec7649ec51fb08c1a5e7d7f30e615782d954fee045c18a4962ca,"{""distance"":3,""physical_error_rate"":5e-05}","{""detection_events"":768,""detectors_checked"":5806080}"
    114688,         1,         0,    11.8,decoder_by_matrix,5c8c81bfec719079c388cedc47a351f264c1bf769ae28a89f9b4fc7719fea501,"{""distance"":3,""physical_error_rate"":0.0005}","{""detection_events"":8715,""detectors_checked"":6193152,""obs_mistake_mask=E"":1}"
    248832,         0,         0,    11.6,decoder_by_matrix,e25b8d07214a8afb95d354611a83b9bb1ded39644e323a8585b3aabf687a4fff,"{""distance"":3,""physical_error_rate"":1e-05}","{""detection_events"":363,""detectors_checked"":13436928}"
    130048,         0,         0,    11.7,decoder_by_matrix,beec9fd12293a9cfe53c9b61fb8ce2a525e4eed38fa75d132d6dc64699336876,"{""distance"":3,""physical_error_rate"":0.0001}","{""detection_events"":1725,""detectors_checked"":7022592}"
    308224,         0,         0,    11.2,decoder_by_matrix,e9839e3017c9ef118c4b8aeafef39e78c11ecbdb89764e9ca676a7dc2fb6d062,"{""distance"":3,""physical_error_rate"":1e-06}","{""detection_events"":30,""detectors_checked"":16644096}"
    236544,         0,         0,    11.1,decoder_by_matrix,e25b8d07214a8afb95d354611a83b9bb1ded39644e323a8585b3aabf687a4fff,"{""distance"":3,""physical_error_rate"":1e-05}","{""detection_events"":363,""detectors_checked"":12773376}"
    264192,         0,         0,    11.1,decoder_by_matrix,560c721f87db01d4cacf7dcb7d8812fecde61e9e7776d4b9e1b1a792578ecad7,"{""distance"":3,""physical_error_rate"":5e-06}","{""detection_events"":333,""detectors_checked"":14266368}"
    113664,         0,         0,    11.5,decoder_by_matrix,5c8c81bfec719079c388cedc47a351f264c1bf769ae28a89f9b4fc7719fea501,"{""distance"":3,""physical_error_rate"":0.0005}","{""detection_events"":8520,""detectors_checked"":6137856}"
    128000,         0,         0,    11.3,decoder_by_matrix,beec9fd12293a9cfe53c9b61fb8ce2a525e4eed38fa75d132d6dc64699336876,"{""distance"":3,""physical_error_rate"":0.0001}","{""detection_events"":1833,""detectors_checked"":6912000}"
    154624,         0,         0,    11.9,decoder_by_matrix,36e3cd26fed5ec7649ec51fb08c1a5e7d7f30e615782d954fee045c18a4962ca,"{""distance"":3,""physical_error_rate"":5e-05}","{""detection_events"":1098,""detectors_checked"":8349696}"
    154624,         0,         0,    11.6,decoder_by_matrix,36e3cd26fed5ec7649ec51fb08c1a5e7d7f30e615782d954fee045c18a4962ca,"{""distance"":3,""physical_error_rate"":5e-05}","{""detection_events"":1215,""detectors_checked"":8349696}"
    159744,         5,         0,    15.4,decoder_by_matrix,5c8c81bfec719079c388cedc47a351f264c1bf769ae28a89f9b4fc7719fea501,"{""distance"":3,""physical_error_rate"":0.0005}","{""detection_events"":11610,""detectors_checked"":8626176,""obs_mistake_mask=E"":5}"
    331776,         0,         0,    16.6,decoder_by_matrix,e25b8d07214a8afb95d354611a83b9bb1ded39644e323a8585b3aabf687a4fff,"{""distance"":3,""physical_error_rate"":1e-05}","{""detection_events"":546,""detectors_checked"":17915904}"
    180224,         0,         0,    16.5,decoder_by_matrix,beec9fd12293a9cfe53c9b61fb8ce2a525e4eed38fa75d132d6dc64699336876,"{""distance"":3,""physical_error_rate"":0.0001}","{""detection_events"":2487,""detectors_checked"":9732096}"
    158720,         4,         0,    15.9,decoder_by_matrix,5c8c81bfec719079c388cedc47a351f264c1bf769ae28a89f9b4fc7719fea501,"{""distance"":3,""physical_error_rate"":0.0005}","{""detection_events"":12126,""detectors_checked"":8570880,""obs_mistake_mask=E"":4}"
    325632,         0,         0,    15.9,decoder_by_matrix,e25b8d07214a8afb95d354611a83b9bb1ded39644e323a8585b3aabf687a4fff,"{""distance"":3,""physical_error_rate"":1e-05}","{""detection_events"":528,""detectors_checked"":17584128}"
    177152,         0,         0,    16.1,decoder_by_matrix,beec9fd12293a9cfe53c9b61fb8ce2a525e4eed38fa75d132d6dc64699336876,"{""distance"":3,""physical_error_rate"":0.0001}","{""detection_events"":2676,""detectors_checked"":9566208}"
    433152,         0,         0,    15.8,decoder_by_matrix,e9839e3017c9ef118c4b8aeafef39e78c11ecbdb89764e9ca676a7dc2fb6d062,"{""distance"":3,""physical_error_rate"":1e-06}","{""detection_events"":75,""detectors_checked"":23390208}"
    380928,         0,         0,    16.3,decoder_by_matrix,560c721f87db01d4cacf7dcb7d8812fecde61e9e7776d4b9e1b1a792578ecad7,"{""distance"":3,""physical_error_rate"":5e-06}","{""detection_events"":279,""detectors_checked"":20570112}"
    210944,         0,         0,    16.2,decoder_by_matrix,36e3cd26fed5ec7649ec51fb08c1a5e7d7f30e615782d954fee045c18a4962ca,"{""distance"":3,""physical_error_rate"":5e-05}","{""detection_events"":1464,""detectors_checked"":11390976}"
    205824,         1,         0,    15.6,decoder_by_matrix,36e3cd26fed5ec7649ec51fb08c1a5e7d7f30e615782d954fee045c18a4962ca,"{""distance"":3,""physical_error_rate"":5e-05}","{""detection_events"":1539,""detectors_checked"":11114496,""obs_mistake_mask=E"":1}"
    223232,         6,         0,    23.1,decoder_by_matrix,5c8c81bfec719079c388cedc47a351f264c1bf769ae28a89f9b4fc7719fea501,"{""distance"":3,""physical_error_rate"":0.0005}","{""detection_events"":16965,""detectors_checked"":12054528,""obs_mistake_mask=E"":6}"
    466944,         0,         0,    21.9,decoder_by_matrix,e25b8d07214a8afb95d354611a83b9bb1ded39644e323a8585b3aabf687a4fff,"{""distance"":3,""physical_error_rate"":1e-05}","{""detection_events"":744,""detectors_checked"":25214976}"
    250880,         0,         0,    22.1,decoder_by_matrix,beec9fd12293a9cfe53c9b61fb8ce2a525e4eed38fa75d132d6dc64699336876,"{""distance"":3,""physical_error_rate"":0.0001}","{""detection_events"":3642,""detectors_checked"":13547520}"
    222208,         0,         0,    22.5,decoder_by_matrix,5c8c81bfec719079c388cedc47a351f264c1bf769ae28a89f9b4fc7719fea501,"{""distance"":3,""physical_error_rate"":0.0005}","{""detection_events"":16617,""detectors_checked"":11999232}"
    474112,         0,         0,    21.5,decoder_by_matrix,e25b8d07214a8afb95d354611a83b9bb1ded39644e323a8585b3aabf687a4fff,"{""distance"":3,""physical_error_rate"":1e-05}","{""detection_events"":699,""detectors_checked"":25602048}"
    540672,         0,         0,    22.2,decoder_by_matrix,560c721f87db01d4cacf7dcb7d8812fecde61e9e7776d4b9e1b1a792578ecad7,"{""distance"":3,""physical_error_rate"":5e-06}","{""detection_events"":318,""detectors_checked"":29196288}"
    257024,         0,         0,    22.3,decoder_by_matrix,beec9fd12293a9cfe53c9b61fb8ce2a525e4eed38fa75d132d6dc64699336876,"{""distance"":3,""physical_error_rate"":0.0001}","{""detection_events"":3528,""detectors_checked"":13879296}"
    594944,         0,         0,    22.3,decoder_by_matrix,e9839e3017c9ef118c4b8aeafef39e78c11ecbdb89764e9ca676a7dc2fb6d062,"{""distance"":3,""physical_error_rate"":1e-06}","{""detection_events"":105,""detectors_checked"":32126976}"
   1519616,         0,         0,   118.1,decoder_by_matrix,36e3cd26fed5ec7649ec51fb08c1a5e7d7f30e615782d954fee045c18a4962ca,"{""distance"":3,""physical_error_rate"":5e-05}","{""detection_events"":11331,""detectors_checked"":82059264}"
    285696,         0,         0,    22.3,decoder_by_matrix,36e3cd26fed5ec7649ec51fb08c1a5e7d7f30e615782d954fee045c18a4962ca,"{""distance"":3,""physical_error_rate"":5e-05}","{""detection_events"":2217,""detectors_checked"":15427584}"
    297984,         0,         0,    22.8,decoder_by_matrix,36e3cd26fed5ec7649ec51fb08c1a5e7d7f30e615782d954fee045c18a4962ca,"{""distance"":3,""physical_error_rate"":5e-05}","{""detection_events"":1866,""detectors_checked"":16091136}"
   1301504,         0,         0,   116.8,decoder_by_matrix,beec9fd12293a9cfe53c9b61fb8ce2a525e4eed38fa75d132d6dc64699336876,"{""distance"":3,""physical_error_rate"":0.0001}","{""detection_events"":18669,""detectors_checked"":70281216}"
   2761728,         0,         0,   115.0,decoder_by_matrix,560c721f87db01d4cacf7dcb7d8812fecde61e9e7776d4b9e1b1a792578ecad7,"{""distance"":3,""physical_error_rate"":5e-06}","{""detection_events"":2040,""detectors_checked"":149133312}"
   2501632,         0,         0,   116.7,decoder_by_matrix,e25b8d07214a8afb95d354611a83b9bb1ded39644e323a8585b3aabf687a4fff,"{""distance"":3,""physical_error_rate"":1e-05}","{""detection_events"":3324,""detectors_checked"":135088128}"
   3132416,         0,         0,   115.4,decoder_by_matrix,e9839e3017c9ef118c4b8aeafef39e78c11ecbdb89764e9ca676a7dc2fb6d062,"{""distance"":3,""physical_error_rate"":1e-06}","{""detection_events"":432,""detectors_checked"":169150464}"
   1565696,         1,         0,   117.6,decoder_by_matrix,36e3cd26fed5ec7649ec51fb08c1a5e7d7f30e615782d954fee045c18a4962ca,"{""distance"":3,""physical_error_rate"":5e-05}","{""detection_events"":11250,""detectors_checked"":84547584,""obs_mistake_mask=E"":1}"
   1167360,        15,         0,   117.5,decoder_by_matrix,5c8c81bfec719079c388cedc47a351f264c1bf769ae28a89f9b4fc7719fea501,"{""distance"":3,""physical_error_rate"":0.0005}","{""detection_events"":83967,""detectors_checked"":63037440,""obs_mistake_mask=E"":15}"
   1164288,        26,         0,   116.5,decoder_by_matrix,5c8c81bfec719079c388cedc47a351f264c1bf769ae28a89f9b4fc7719fea501,"{""distance"":3,""physical_error_rate"":0.0005}","{""detection_events"":84825,""detectors_checked"":62871552,""obs_mistake_mask=E"":26}"
   1548288,         0,         0,   117.6,decoder_by_matrix,36e3cd26fed5ec7649ec51fb08c1a5e7d7f30e615782d954fee045c18a4962ca,"{""distance"":3,""physical_error_rate"":5e-05}","{""detection_events"":11229,""detectors_checked"":83607552}"
   2414592,         0,         0,   115.9,decoder_by_matrix,e25b8d07214a8afb95d354611a83b9bb1ded39644e323a8585b3aabf687a4fff,"{""distance"":3,""physical_error_rate"":1e-05}","{""detection_events"":3831,""detectors_checked"":130387968}"
   2772992,         0,         0,   115.7,decoder_by_matrix,560c721f87db01d4cacf7dcb7d8812fecde61e9e7776d4b9e1b1a792578ecad7,"{""distance"":3,""physical_error_rate"":5e-06}","{""detection_events"":2034,""detectors_checked"":149741568}"
   3141632,         0,         0,   114.6,decoder_by_matrix,e9839e3017c9ef118c4b8aeafef39e78c11ecbdb89764e9ca676a7dc2fb6d062,"{""distance"":3,""physical_error_rate"":1e-06}","{""detection_events"":441,""detectors_checked"":169648128}"
   2838528,         0,         0,   114.6,decoder_by_matrix,560c721f87db01d4cacf7dcb7d8812fecde61e9e7776d4b9e1b1a792578ecad7,"{""distance"":3,""physical_error_rate"":5e-06}","{""detection_events"":1812,""detectors_checked"":153280512}"
   2458624,         0,         0,   114.6,decoder_by_matrix,e25b8d07214a8afb95d354611a83b9bb1ded39644e323a8585b3aabf687a4fff,"{""distance"":3,""physical_error_rate"":1e-05}","{""detection_events"":3594,""detectors_checked"":132765696}"
   2798592,         0,         0,   115.4,decoder_by_matrix,560c721f87db01d4cacf7dcb7d8812fecde61e9e7776d4b9e1b1a792578ecad7,"{""distance"":3,""physical_error_rate"":5e-06}","{""detection_events"":2100,""detectors_checked"":151123968}"
   1162240,        22,         0,   117.9,decoder_by_matrix,5c8c81bfec719079c388cedc47a351f264c1bf769ae28a89f9b4fc7719fea501,"{""distance"":3,""physical_error_rate"":0.0005}","{""detection_events"":82623,""detectors_checked"":62760960,""obs_mistake_mask=E"":22}"
   1542144,         0,         0,   116.4,decoder_by_matrix,36e3cd26fed5ec7649ec51fb08c1a5e7d7f30e615782d954fee045c18a4962ca,"{""distance"":3,""physical_error_rate"":5e-05}","{""detection_events"":11163,""detectors_checked"":83275776}"
   1167360,        20,         0,   117.9,decoder_by_matrix,5c8c81bfec719079c388cedc47a351f264c1bf769ae28a89f9b4fc7719fea501,"{""distance"":3,""physical_error_rate"":0.0005}","{""detection_events"":84339,""detectors_checked"":63037440,""obs_mistake_mask=E"":20}"
   1164288,        17,         0,   117.3,decoder_by_matrix,5c8c81bfec719079c388cedc47a351f264c1bf769ae28a89f9b4fc7719fea501,"{""distance"":3,""physical_error_rate"":0.0005}","{""detection_events"":83121,""detectors_checked"":62871552,""obs_mistake_mask=E"":17}"
   3134464,         0,         0,   115.9,decoder_by_matrix,e9839e3017c9ef118c4b8aeafef39e78c11ecbdb89764e9ca676a7dc2fb6d062,"{""distance"":3,""physical_error_rate"":1e-06}","{""detection_events"":486,""detectors_checked"":169261056}"
   2781184,         0,         0,   115.0,decoder_by_matrix,560c721f87db01d4cacf7dcb7d8812fecde61e9e7776d4b9e1b1a792578ecad7,"{""distance"":3,""physical_error_rate"":5e-06}","{""detection_events"":2040,""detectors_checked"":150183936}"
   2464768,         0,         0,   114.4,decoder_by_matrix,e25b8d07214a8afb95d354611a83b9bb1ded39644e323a8585b3aabf687a4fff,"{""distance"":3,""physical_error_rate"":1e-05}","{""detection_events"":3537,""detectors_checked"":133097472}"
   1560576,         0,         0,   117.4,decoder_by_matrix,36e3cd26fed5ec7649ec51fb08c1a5e7d7f30e615782d954fee045c18a4962ca,"{""distance"":3,""physical_error_rate"":5e-05}","{""detection_events"":11046,""detectors_checked"":84271104}"
   3133440,         0,         0,   114.4,decoder_by_matrix,e9839e3017c9ef118c4b8aeafef39e78c11ecbdb89764e9ca676a7dc2fb6d062,"{""distance"":3,""physical_error_rate"":1e-06}","{""detection_events"":471,""detectors_checked"":169205760}"
   3129344,         0,         0,   115.2,decoder_by_matrix,e9839e3017c9ef118c4b8aeafef39e78c11ecbdb89764e9ca676a7dc2fb6d062,"{""distance"":3,""physical_error_rate"":1e-06}","{""detection_events"":516,""detectors_checked"":168984576}"
   1296384,         0,         0,   117.3,decoder_by_matrix,beec9fd12293a9cfe53c9b61fb8ce2a525e4eed38fa75d132d6dc64699336876,"{""distance"":3,""physical_error_rate"":0.0001}","{""detection_events"":18894,""detectors_checked"":70004736}"
   2498560,         0,         0,   115.3,decoder_by_matrix,e25b8d07214a8afb95d354611a83b9bb1ded39644e323a8585b3aabf687a4fff,"{""distance"":3,""physical_error_rate"":1e-05}","{""detection_events"":3216,""detectors_checked"":134922240}"
   1287168,         1,         0,   116.6,decoder_by_matrix,beec9fd12293a9cfe53c9b61fb8ce2a525e4eed38fa75d132d6dc64699336876,"{""distance"":3,""physical_error_rate"":0.0001}","{""detection_events"":19695,""detectors_checked"":69507072,""obs_mistake_mask=E"":1}"
   2755584,         0,         0,   115.9,decoder_by_matrix,560c721f87db01d4cacf7dcb7d8812fecde61e9e7776d4b9e1b1a792578ecad7,"{""distance"":3,""physical_error_rate"":5e-06}","{""detection_events"":2049,""detectors_checked"":148801536}"
   1551360,         0,         0,   116.6,decoder_by_matrix,36e3cd26fed5ec7649ec51fb08c1a5e7d7f30e615782d954fee045c18a4962ca,"{""distance"":3,""physical_error_rate"":5e-05}","{""detection_events"":11334,""detectors_checked"":83773440}"
   1302528,         0,         0,   116.0,decoder_by_matrix,beec9fd12293a9cfe53c9b61fb8ce2a525e4eed38fa75d132d6dc64699336876,"{""distance"":3,""physical_error_rate"":0.0001}","{""detection_events"":19068,""detectors_checked"":70336512}"
   2450432,         0,         0,   116.2,decoder_by_matrix,e25b8d07214a8afb95d354611a83b9bb1ded39644e323a8585b3aabf687a4fff,"{""distance"":3,""physical_error_rate"":1e-05}","{""detection_events"":3735,""detectors_checked"":132323328}"
   1163264,        23,         0,   117.7,decoder_by_matrix,5c8c81bfec719079c388cedc47a351f264c1bf769ae28a89f9b4fc7719fea501,"{""distance"":3,""physical_error_rate"":0.0005}","{""detection_events"":83790,""detectors_checked"":62816256,""obs_mistake_mask=E"":23}"
   2769920,         0,         0,   115.2,decoder_by_matrix,560c721f87db01d4cacf7dcb7d8812fecde61e9e7776d4b9e1b1a792578ecad7,"{""distance"":3,""physical_error_rate"":5e-06}","{""detection_events"":2082,""detectors_checked"":149575680}"
   1313792,         0,         0,   115.5,decoder_by_matrix,beec9fd12293a9cfe53c9b61fb8ce2a525e4eed38fa75d132d6dc64699336876,"{""distance"":3,""physical_error_rate"":0.0001}","{""detection_events"":18927,""detectors_checked"":70944768}"
   1163264,        21,         0,   118.4,decoder_by_matrix,5c8c81bfec719079c388cedc47a351f264c1bf769ae28a89f9b4fc7719fea501,"{""distance"":3,""physical_error_rate"":0.0005}","{""detection_events"":84228,""detectors_checked"":62816256,""obs_mistake_mask=E"":21}"
   1297408,         1,         0,   116.1,decoder_by_matrix,beec9fd12293a9cfe53c9b61fb8ce2a525e4eed38fa75d132d6dc64699336876,"{""distance"":3,""physical_error_rate"":0.0001}","{""detection_events"":19494,""detectors_checked"":70060032,""obs_mistake_mask=E"":1}"
   2425856,         0,         0,   114.5,decoder_by_matrix,e25b8d07214a8afb95d354611a83b9bb1ded39644e323a8585b3aabf687a4fff,"{""distance"":3,""physical_error_rate"":1e-05}","{""detection_events"":3855,""detectors_checked"":130996224}"
   3139584,         0,         0,   114.5,decoder_by_matrix,e9839e3017c9ef118c4b8aeafef39e78c11ecbdb89764e9ca676a7dc2fb6d062,"{""distance"":3,""physical_error_rate"":1e-06}","{""detection_events"":438,""detectors_checked"":169537536}"
   3135488,         0,         0,   113.1,decoder_by_matrix,e9839e3017c9ef118c4b8aeafef39e78c11ecbdb89764e9ca676a7dc2fb6d062,"{""distance"":3,""physical_error_rate"":1e-06}","{""detection_events"":396,""detectors_checked"":169316352}"
   1548288,         0,         0,   116.8,decoder_by_matrix,36e3cd26fed5ec7649ec51fb08c1a5e7d7f30e615782d954fee045c18a4962ca,"{""distance"":3,""physical_error_rate"":5e-05}","{""detection_events"":10905,""detectors_checked"":83607552}"
   2482176,         0,         0,   114.8,decoder_by_matrix,e25b8d07214a8afb95d354611a83b9bb1ded39644e323a8585b3aabf687a4fff,"{""distance"":3,""physical_error_rate"":1e-05}","{""detection_events"":3711,""detectors_checked"":134037504}"
   1170432,        20,         0,   117.9,decoder_by_matrix,5c8c81bfec719079c388cedc47a351f264c1bf769ae28a89f9b4fc7719fea501,"{""distance"":3,""physical_error_rate"":0.0005}","{""detection_events"":85590,""detectors_checked"":63203328,""obs_mistake_mask=E"":20}"
   3136512,         0,         0,   114.2,decoder_by_matrix,e9839e3017c9ef118c4b8aeafef39e78c11ecbdb89764e9ca676a7dc2fb6d062,"{""distance"":3,""physical_error_rate"":1e-06}","{""detection_events"":453,""detectors_checked"":169371648}"
   1305600,         0,         0,   118.2,decoder_by_matrix,beec9fd12293a9cfe53c9b61fb8ce2a525e4eed38fa75d132d6dc64699336876,"{""distance"":3,""physical_error_rate"":0.0001}","{""detection_events"":19098,""detectors_checked"":70502400}"
   1291264,         0,         0,   117.6,decoder_by_matrix,beec9fd12293a9cfe53c9b61fb8ce2a525e4eed38fa75d132d6dc64699336876,"{""distance"":3,""physical_error_rate"":0.0001}","{""detection_events"":18705,""detectors_checked"":69728256}"
   2807808,         0,         0,   114.9,decoder_by_matrix,560c721f87db01d4cacf7dcb7d8812fecde61e9e7776d4b9e1b1a792578ecad7,"{""distance"":3,""physical_error_rate"":5e-06}","{""detection_events"":1920,""detectors_checked"":151621632}"
   1564672,         0,         0,   116.9,decoder_by_matrix,36e3cd26fed5ec7649ec51fb08c1a5e7d7f30e615782d954fee045c18a4962ca,"{""distance"":3,""physical_error_rate"":5e-05}","{""detection_events"":11025,""detectors_checked"":84492288}"
    313344,         5,         0,    31.9,decoder_by_matrix,5c8c81bfec719079c388cedc47a351f264c1bf769ae28a89f9b4fc7719fea501,"{""distance"":3,""physical_error_rate"":0.0005}","{""detection_events"":23139,""detectors_checked"":16920576,""obs_mistake_mask=E"":5}"
    347136,         0,         0,    32.1,decoder_by_matrix,beec9fd12293a9cfe53c9b61fb8ce2a525e4eed38fa75d132d6dc64699336876,"{""distance"":3,""physical_error_rate"":0.0001}","{""detection_events"":5055,""detectors_checked"":18745344}"
    684032,         0,         0,    31.7,decoder_by_matrix,e25b8d07214a8afb95d354611a83b9bb1ded39644e323a8585b3aabf687a4fff,"{""distance"":3,""physical_error_rate"":1e-05}","{""detection_events"":900,""detectors_checked"":36937728}"
    671744,         0,         0,    31.5,decoder_by_matrix,e25b8d07214a8afb95d354611a83b9bb1ded39644e323a8585b3aabf687a4fff,"{""distance"":3,""physical_error_rate"":1e-05}","{""detection_events"":1002,""detectors_checked"":36274176}"
    312320,         2,         0,    31.3,decoder_by_matrix,5c8c81bfec719079c388cedc47a351f264c1bf769ae28a89f9b4fc7719fea501,"{""distance"":3,""physical_error_rate"":0.0005}","{""detection_events"":22263,""detectors_checked"":16865280,""obs_mistake_mask=E"":2}"
    346112,         0,         0,    31.7,decoder_by_matrix,beec9fd12293a9cfe53c9b61fb8ce2a525e4eed38fa75d132d6dc64699336876,"{""distance"":3,""physical_error_rate"":0.0001}","{""detection_events"":5430,""detectors_checked"":18690048}"
    742400,         0,         0,    30.7,decoder_by_matrix,560c721f87db01d4cacf7dcb7d8812fecde61e9e7776d4b9e1b1a792578ecad7,"{""distance"":3,""physical_error_rate"":5e-06}","{""detection_events"":591,""detectors_checked"":40089600}"
    846848,         0,         0,    30.5,decoder_by_matrix,e9839e3017c9ef118c4b8aeafef39e78c11ecbdb89764e9ca676a7dc2fb6d062,"{""distance"":3,""physical_error_rate"":1e-06}","{""detection_events"":123,""detectors_checked"":45729792}"
    403456,         0,         0,    31.9,decoder_by_matrix,36e3cd26fed5ec7649ec51fb08c1a5e7d7f30e615782d954fee045c18a4962ca,"{""distance"":3,""physical_error_rate"":5e-05}","{""detection_events"":2967,""detectors_checked"":21786624}"
    410624,         0,         0,    32.0,decoder_by_matrix,36e3cd26fed5ec7649ec51fb08c1a5e7d7f30e615782d954fee045c18a4962ca,"{""distance"":3,""physical_error_rate"":5e-05}","{""detection_events"":2814,""detectors_checked"":22173696}"
   1292288,         2,         0,   116.4,decoder_by_matrix,beec9fd12293a9cfe53c9b61fb8ce2a525e4eed38fa75d132d6dc64699336876,"{""distance"":3,""physical_error_rate"":0.0001}","{""detection_events"":19314,""detectors_checked"":69783552,""obs_mistake_mask=E"":2}"
   2428928,         0,         0,   114.4,decoder_by_matrix,e25b8d07214a8afb95d354611a83b9bb1ded39644e323a8585b3aabf687a4fff,"{""distance"":3,""physical_error_rate"":1e-05}","{""detection_events"":3639,""detectors_checked"":131162112}"
   2758656,         0,         0,   115.0,decoder_by_matrix,560c721f87db01d4cacf7dcb7d8812fecde61e9e7776d4b9e1b1a792578ecad7,"{""distance"":3,""physical_error_rate"":5e-06}","{""detection_events"":2124,""detectors_checked"":148967424}"
   3136512,         0,         0,   115.7,decoder_by_matrix,e9839e3017c9ef118c4b8aeafef39e78c11ecbdb89764e9ca676a7dc2fb6d062,"{""distance"":3,""physical_error_rate"":1e-06}","{""detection_events"":426,""detectors_checked"":169371648}"
   1545216,         0,         0,   118.2,decoder_by_matrix,36e3cd26fed5ec7649ec51fb08c1a5e7d7f30e615782d954fee045c18a4962ca,"{""distance"":3,""physical_error_rate"":5e-05}","{""detection_events"":11004,""detectors_checked"":83441664}"
   1164288,        22,         0,   117.6,decoder_by_matrix,5c8c81bfec719079c388cedc47a351f264c1bf769ae28a89f9b4fc7719fea501,"{""distance"":3,""physical_error_rate"":0.0005}","{""detection_events"":84669,""detectors_checked"":62871552,""obs_mistake_mask=E"":22}"
    438272,        12,         0,    43.3,decoder_by_matrix,5c8c81bfec719079c388cedc47a351f264c1bf769ae28a89f9b4fc7719fea501,"{""distance"":3,""physical_error_rate"":0.0005}","{""detection_events"":31878,""detectors_checked"":23666688,""obs_mistake_mask=E"":12}"
    496640,         0,         0,    44.6,decoder_by_matrix,beec9fd12293a9cfe53c9b61fb8ce2a525e4eed38fa75d132d6dc64699336876,"{""distance"":3,""physical_error_rate"":0.0001}","{""detection_events"":7287,""detectors_checked"":26818560}"
    924672,         0,         0,    42.0,decoder_by_matrix,e25b8d07214a8afb95d354611a83b9bb1ded39644e323a8585b3aabf687a4fff,"{""distance"":3,""physical_error_rate"":1e-05}","{""detection_events"":1284,""detectors_checked"":49932288}"
    434176,         8,         0,    44.0,decoder_by_matrix,5c8c81bfec719079c388cedc47a351f264c1bf769ae28a89f9b4fc7719fea501,"{""distance"":3,""physical_error_rate"":0.0005}","{""detection_events"":31680,""detectors_checked"":23445504,""obs_mistake_mask=E"":8}"
    910336,         0,         0,    43.4,decoder_by_matrix,e25b8d07214a8afb95d354611a83b9bb1ded39644e323a8585b3aabf687a4fff,"{""distance"":3,""physical_error_rate"":1e-05}","{""detection_events"":1602,""detectors_checked"":49158144}"
    583680,         0,         0,    43.9,decoder_by_matrix,36e3cd26fed5ec7649ec51fb08c1a5e7d7f30e615782d954fee045c18a4962ca,"{""distance"":3,""physical_error_rate"":5e-05}","{""detection_events"":4176,""detectors_checked"":31518720}"
   1057792,         0,         0,    42.3,decoder_by_matrix,560c721f87db01d4cacf7dcb7d8812fecde61e9e7776d4b9e1b1a792578ecad7,"{""distance"":3,""physical_error_rate"":5e-06}","{""detection_events"":654,""detectors_checked"":57120768}"
    482304,         1,         0,    44.2,decoder_by_matrix,beec9fd12293a9cfe53c9b61fb8ce2a525e4eed38fa75d132d6dc64699336876,"{""distance"":3,""physical_error_rate"":0.0001}","{""detection_events"":7032,""detectors_checked"":26044416,""obs_mistake_mask=E"":1}"
   1178624,         0,         0,    42.8,decoder_by_matrix,e9839e3017c9ef118c4b8aeafef39e78c11ecbdb89764e9ca676a7dc2fb6d062,"{""distance"":3,""physical_error_rate"":1e-06}","{""detection_events"":153,""detectors_checked"":63645696}"
    573440,         0,         0,    43.6,decoder_by_matrix,36e3cd26fed5ec7649ec51fb08c1a5e7d7f30e615782d954fee045c18a4962ca,"{""distance"":3,""physical_error_rate"":5e-05}","{""detection_events"":4503,""detectors_checked"":30965760}"
   1509376,         0,         0,   116.9,decoder_by_matrix,36e3cd26fed5ec7649ec51fb08c1a5e7d7f30e615782d954fee045c18a4962ca,"{""distance"":3,""physical_error_rate"":5e-05}","{""detection_events"":11331,""detectors_checked"":81506304}"
   1306624,         1,         0,   118.2,decoder_by_matrix,beec9fd12293a9cfe53c9b61fb8ce2a525e4eed38fa75d132d6dc64699336876,"{""distance"":3,""physical_error_rate"":0.0001}","{""detection_events"":18924,""detectors_checked"":70557696,""obs_mistake_mask=E"":1}"
   2785280,         0,         0,   115.3,decoder_by_matrix,560c721f87db01d4cacf7dcb7d8812fecde61e9e7776d4b9e1b1a792578ecad7,"{""distance"":3,""physical_error_rate"":5e-06}","{""detection_events"":2097,""detectors_checked"":150405120}"
   2411520,         1,         0,   115.7,decoder_by_matrix,e25b8d07214a8afb95d354611a83b9bb1ded39644e323a8585b3aabf687a4fff,"{""distance"":3,""physical_error_rate"":1e-05}","{""detection_events"":3882,""detectors_checked"":130222080,""obs_mistake_mask=E"":1}"
   3134464,         0,         0,   114.8,decoder_by_matrix,e9839e3017c9ef118c4b8aeafef39e78c11ecbdb89764e9ca676a7dc2fb6d062,"{""distance"":3,""physical_error_rate"":1e-06}","{""detection_events"":477,""detectors_checked"":169261056}"
   1539072,         0,         0,   118.1,decoder_by_matrix,36e3cd26fed5ec7649ec51fb08c1a5e7d7f30e615782d954fee045c18a4962ca,"{""distance"":3,""physical_error_rate"":5e-05}","{""detection_events"":11175,""detectors_checked"":83109888}"
   1168384,        21,         0,   117.6,decoder_by_matrix,5c8c81bfec719079c388cedc47a351f264c1bf769ae28a89f9b4fc7719fea501,"{""distance"":3,""physical_error_rate"":0.0005}","{""detection_events"":86148,""detectors_checked"":63092736,""obs_mistake_mask=E"":21}"
   1165312,        26,         0,   118.8,decoder_by_matrix,5c8c81bfec719079c388cedc47a351f264c1bf769ae28a89f9b4fc7719fea501,"{""distance"":3,""physical_error_rate"":0.0005}","{""detection_events"":84234,""detectors_checked"":62926848,""obs_mistake_mask=E"":26}"
   1575936,         1,         0,   116.2,decoder_by_matrix,36e3cd26fed5ec7649ec51fb08c1a5e7d7f30e615782d954fee045c18a4962ca,"{""distance"":3,""physical_error_rate"":5e-05}","{""detection_events"":11217,""detectors_checked"":85100544,""obs_mistake_mask=E"":1}"
   2494464,         0,         0,   116.7,decoder_by_matrix,e25b8d07214a8afb95d354611a83b9bb1ded39644e323a8585b3aabf687a4fff,"{""distance"":3,""physical_error_rate"":1e-05}","{""detection_events"":3384,""detectors_checked"":134701056}"
   2766848,         0,         0,   113.7,decoder_by_matrix,560c721f87db01d4cacf7dcb7d8812fecde61e9e7776d4b9e1b1a792578ecad7,"{""distance"":3,""physical_error_rate"":5e-06}","{""detection_events"":1938,""detectors_checked"":149409792}"
   3139584,         0,         0,   117.1,decoder_by_matrix,e9839e3017c9ef118c4b8aeafef39e78c11ecbdb89764e9ca676a7dc2fb6d062,"{""distance"":3,""physical_error_rate"":1e-06}","{""detection_events"":486,""detectors_checked"":169537536}"
   2763776,         0,         0,   113.3,decoder_by_matrix,560c721f87db01d4cacf7dcb7d8812fecde61e9e7776d4b9e1b1a792578ecad7,"{""distance"":3,""physical_error_rate"":5e-06}","{""detection_events"":2163,""detectors_checked"":149243904}"
   2783232,         0,         0,   115.5,decoder_by_matrix,560c721f87db01d4cacf7dcb7d8812fecde61e9e7776d4b9e1b1a792578ecad7,"{""distance"":3,""physical_error_rate"":5e-06}","{""detection_events"":2073,""detectors_checked"":150294528}"
   2429952,         0,         0,   116.5,decoder_by_matrix,e25b8d07214a8afb95d354611a83b9bb1ded39644e323a8585b3aabf687a4fff,"{""distance"":3,""physical_error_rate"":1e-05}","{""detection_events"":3870,""detectors_checked"":131217408}"
   1161216,        26,         0,   117.9,decoder_by_matrix,5c8c81bfec719079c388cedc47a351f264c1bf769ae28a89f9b4fc7719fea501,"{""distance"":3,""physical_error_rate"":0.0005}","{""detection_events"":84528,""detectors_checked"":62705664,""obs_mistake_mask=E"":26}"
   1562624,         0,         0,   117.3,decoder_by_matrix,36e3cd26fed5ec7649ec51fb08c1a5e7d7f30e615782d954fee045c18a4962ca,"{""distance"":3,""physical_error_rate"":5e-05}","{""detection_events"":11187,""detectors_checked"":84381696}"
   1168384,        28,         0,   118.3,decoder_by_matrix,5c8c81bfec719079c388cedc47a351f264c1bf769ae28a89f9b4fc7719fea501,"{""distance"":3,""physical_error_rate"":0.0005}","{""detection_events"":85557,""detectors_checked"":63092736,""obs_mistake_mask=E"":28}"
   1166336,        15,         0,   117.8,decoder_by_matrix,5c8c81bfec719079c388cedc47a351f264c1bf769ae28a89f9b4fc7719fea501,"{""distance"":3,""physical_error_rate"":0.0005}","{""detection_events"":84918,""detectors_checked"":62982144,""obs_mistake_mask=E"":15}"
   2420736,         0,         0,   116.3,decoder_by_matrix,e25b8d07214a8afb95d354611a83b9bb1ded39644e323a8585b3aabf687a4fff,"{""distance"":3,""physical_error_rate"":1e-05}","{""detection_events"":3843,""detectors_checked"":130719744}"
   2793472,         0,         0,   115.8,decoder_by_matrix,560c721f87db01d4cacf7dcb7d8812fecde61e9e7776d4b9e1b1a792578ecad7,"{""distance"":3,""physical_error_rate"":5e-06}","{""detection_events"":1938,""detectors_checked"":150847488}"
   3146752,         0,         0,   114.1,decoder_by_matrix,e9839e3017c9ef118c4b8aeafef39e78c11ecbdb89764e9ca676a7dc2fb6d062,"{""distance"":3,""physical_error_rate"":1e-06}","{""detection_events"":471,""detectors_checked"":169924608}"
   1559552,         2,         0,   116.8,decoder_by_matrix,36e3cd26fed5ec7649ec51fb08c1a5e7d7f30e615782d954fee045c18a4962ca,"{""distance"":3,""physical_error_rate"":5e-05}","{""detection_events"":10845,""detectors_checked"":84215808,""obs_mistake_mask=E"":2}"
   3124224,         0,         0,   112.0,decoder_by_matrix,e9839e3017c9ef118c4b8aeafef39e78c11ecbdb89764e9ca676a7dc2fb6d062,"{""distance"":3,""physical_error_rate"":1e-06}","{""detection_events"":561,""detectors_checked"":168708096}"
   3136512,         0,         0,   112.8,decoder_by_matrix,e9839e3017c9ef118c4b8aeafef39e78c11ecbdb89764e9ca676a7dc2fb6d062,"{""distance"":3,""physical_error_rate"":1e-06}","{""detection_events"":552,""detectors_checked"":169371648}"
   1315840,         2,         0,   117.3,decoder_by_matrix,beec9fd12293a9cfe53c9b61fb8ce2a525e4eed38fa75d132d6dc64699336876,"{""distance"":3,""physical_error_rate"":0.0001}","{""detection_events"":18879,""detectors_checked"":71055360,""obs_mistake_mask=E"":2}"
   1287168,         1,         0,   118.1,decoder_by_matrix,beec9fd12293a9cfe53c9b61fb8ce2a525e4eed38fa75d132d6dc64699336876,"{""distance"":3,""physical_error_rate"":0.0001}","{""detection_events"":19086,""detectors_checked"":69507072,""obs_mistake_mask=E"":1}"
   2507776,         0,         0,   115.6,decoder_by_matrix,e25b8d07214a8afb95d354611a83b9bb1ded39644e323a8585b3aabf687a4fff,"{""distance"":3,""physical_error_rate"":1e-05}","{""detection_events"":3405,""detectors_checked"":135419904}"
   2704384,         0,         0,   116.2,decoder_by_matrix,560c721f87db01d4cacf7dcb7d8812fecde61e9e7776d4b9e1b1a792578ecad7,"{""distance"":3,""physical_error_rate"":5e-06}","{""detection_events"":2340,""detectors_checked"":146036736}"
   1559552,         0,         0,   117.7,decoder_by_matrix,36e3cd26fed5ec7649ec51fb08c1a5e7d7f30e615782d954fee045c18a4962ca,"{""distance"":3,""physical_error_rate"":5e-05}","{""detection_events"":11691,""detectors_checked"":84215808}"
   2769920,         0,         0,   115.7,decoder_by_matrix,560c721f87db01d4cacf7dcb7d8812fecde61e9e7776d4b9e1b1a792578ecad7,"{""distance"":3,""physical_error_rate"":5e-06}","{""detection_events"":1983,""detectors_checked"":149575680}"
   2493440,         0,         0,   113.7,decoder_by_matrix,e25b8d07214a8afb95d354611a83b9bb1ded39644e323a8585b3aabf687a4fff,"{""distance"":3,""physical_error_rate"":1e-05}","{""detection_events"":3174,""detectors_checked"":134645760}"
   1162240,        23,         0,   117.6,decoder_by_matrix,5c8c81bfec719079c388cedc47a351f264c1bf769ae28a89f9b4fc7719fea501,"{""distance"":3,""physical_error_rate"":0.0005}","{""detection_events"":83913,""detectors_checked"":62760960,""obs_mistake_mask=E"":23}"
   1296384,         3,         0,   117.1,decoder_by_matrix,beec9fd12293a9cfe53c9b61fb8ce2a525e4eed38fa75d132d6dc64699336876,"{""distance"":3,""physical_error_rate"":0.0001}","{""detection_events"":18633,""detectors_checked"":70004736,""obs_mistake_mask=E"":3}"
   1297408,         0,         0,   117.6,decoder_by_matrix,beec9fd12293a9cfe53c9b61fb8ce2a525e4eed38fa75d132d6dc64699336876,"{""distance"":3,""physical_error_rate"":0.0001}","{""detection_events"":18228,""detectors_checked"":70060032}"
   1164288,        25,         0,   117.5,decoder_by_matrix,5c8c81bfec719079c388cedc47a351f264c1bf769ae28a89f9b4fc7719fea501,"{""distance"":3,""physical_error_rate"":0.0005}","{""detection_events"":83859,""detectors_checked"":62871552,""obs_mistake_mask=E"":25}"
   1306624,         0,         0,   117.3,decoder_by_matrix,beec9fd12293a9cfe53c9b61fb8ce2a525e4eed38fa75d132d6dc64699336876,"{""distance"":3,""physical_error_rate"":0.0001}","{""detection_events"":18411,""detectors_checked"":70557696}"
   2484224,         0,         0,   116.0,decoder_by_matrix,e25b8d07214a8afb95d354611a83b9bb1ded39644e323a8585b3aabf687a4fff,"{""distance"":3,""physical_error_rate"":1e-05}","{""detection_events"":3555,""detectors_checked"":134148096}"
   3134464,         0,         0,   114.9,decoder_by_matrix,e9839e3017c9ef118c4b8aeafef39e78c11ecbdb89764e9ca676a7dc2fb6d062,"{""distance"":3,""physical_error_rate"":1e-06}","{""detection_events"":456,""detectors_checked"":169261056}"
   1550336,         0,         0,   116.9,decoder_by_matrix,36e3cd26fed5ec7649ec51fb08c1a5e7d7f30e615782d954fee045c18a4962ca,"{""distance"":3,""physical_error_rate"":5e-05}","{""detection_events"":10995,""detectors_checked"":83718144}"
   3123200,         0,         0,   116.1,decoder_by_matrix,e9839e3017c9ef118c4b8aeafef39e78c11ecbdb89764e9ca676a7dc2fb6d062,"{""distance"":3,""physical_error_rate"":1e-06}","{""detection_events"":513,""detectors_checked"":168652800}"
   2467840,         0,         0,   115.2,decoder_by_matrix,e25b8d07214a8afb95d354611a83b9bb1ded39644e323a8585b3aabf687a4fff,"{""distance"":3,""physical_error_rate"":1e-05}","{""detection_events"":3822,""detectors_checked"":133263360}"
   1170432,        15,         0,   117.8,decoder_by_matrix,5c8c81bfec719079c388cedc47a351f264c1bf769ae28a89f9b4fc7719fea501,"{""distance"":3,""physical_error_rate"":0.0005}","{""detection_events"":85794,""detectors_checked"":63203328,""obs_mistake_mask=E"":15}"
   3158016,         0,         0,   115.3,decoder_by_matrix,e9839e3017c9ef118c4b8aeafef39e78c11ecbdb89764e9ca676a7dc2fb6d062,"{""distance"":3,""physical_error_rate"":1e-06}","{""detection_events"":423,""detectors_checked"":170532864}"
   1313792,         0,         0,   116.9,decoder_by_matrix,beec9fd12293a9cfe53c9b61fb8ce2a525e4eed38fa75d132d6dc64699336876,"{""distance"":3,""physical_error_rate"":0.0001}","{""detection_events"":18657,""detectors_checked"":70944768}"
   1299456,         1,         0,   117.3,decoder_by_matrix,beec9fd12293a9cfe53c9b61fb8ce2a525e4eed38fa75d132d6dc64699336876,"{""distance"":3,""physical_error_rate"":0.0001}","{""detection_events"":19710,""detectors_checked"":70170624,""obs_mistake_mask=E"":1}"
   2722816,         0,         0,   114.9,decoder_by_matrix,560c721f87db01d4cacf7dcb7d8812fecde61e9e7776d4b9e1b1a792578ecad7,"{""distance"":3,""physical_error_rate"":5e-06}","{""detection_events"":2337,""detectors_checked"":147032064}"
   1531904,         0,         0,   118.1,decoder_by_matrix,36e3cd26fed5ec7649ec51fb08c1a5e7d7f30e615782d954fee045c18a4962ca,"{""distance"":3,""physical_error_rate"":5e-05}","{""detection_events"":11481,""detectors_checked"":82722816}"
    613376,         9,         0,    62.0,decoder_by_matrix,5c8c81bfec719079c388cedc47a351f264c1bf769ae28a89f9b4fc7719fea501,"{""distance"":3,""physical_error_rate"":0.0005}","{""detection_events"":44727,""detectors_checked"":33122304,""obs_mistake_mask=E"":9}"
   1268736,         0,         0,    59.8,decoder_by_matrix,e25b8d07214a8afb95d354611a83b9bb1ded39644e323a8585b3aabf687a4fff,"{""distance"":3,""physical_error_rate"":1e-05}","{""detection_events"":2007,""detectors_checked"":68511744}"
    689152,         1,         0,    62.2,decoder_by_matrix,beec9fd12293a9cfe53c9b61fb8ce2a525e4eed38fa75d132d6dc64699336876,"{""distance"":3,""physical_error_rate"":0.0001}","{""detection_events"":9912,""detectors_checked"":37214208,""obs_mistake_mask=E"":1}"
    610304,         9,         0,    61.7,decoder_by_matrix,5c8c81bfec719079c388cedc47a351f264c1bf769ae28a89f9b4fc7719fea501,"{""distance"":3,""physical_error_rate"":0.0005}","{""detection_events"":42786,""detectors_checked"":32956416,""obs_mistake_mask=E"":9}"
    813056,         0,         0,    62.1,decoder_by_matrix,36e3cd26fed5ec7649ec51fb08c1a5e7d7f30e615782d954fee045c18a4962ca,"{""distance"":3,""physical_error_rate"":5e-05}","{""detection_events"":5817,""detectors_checked"":43905024}"
   1264640,         0,         0,    60.5,decoder_by_matrix,e25b8d07214a8afb95d354611a83b9bb1ded39644e323a8585b3aabf687a4fff,"{""distance"":3,""physical_error_rate"":1e-05}","{""detection_events"":2118,""detectors_checked"":68290560}"
    687104,         0,         0,    61.1,decoder_by_matrix,beec9fd12293a9cfe53c9b61fb8ce2a525e4eed38fa75d132d6dc64699336876,"{""distance"":3,""physical_error_rate"":0.0001}","{""detection_events"":10158,""detectors_checked"":37103616}"
   1655808,         0,         0,    60.3,decoder_by_matrix,e9839e3017c9ef118c4b8aeafef39e78c11ecbdb89764e9ca676a7dc2fb6d062,"{""distance"":3,""physical_error_rate"":1e-06}","{""detection_events"":192,""detectors_checked"":89413632}"
   1475584,         0,         0,    60.6,decoder_by_matrix,560c721f87db01d4cacf7dcb7d8812fecde61e9e7776d4b9e1b1a792578ecad7,"{""distance"":3,""physical_error_rate"":5e-06}","{""detection_events"":1053,""detectors_checked"":79681536}"
    830464,         0,         0,    61.9,decoder_by_matrix,36e3cd26fed5ec7649ec51fb08c1a5e7d7f30e615782d954fee045c18a4962ca,"{""distance"":3,""physical_error_rate"":5e-05}","{""detection_events"":5967,""detectors_checked"":44845056}"
   1312768,         0,         0,   116.6,decoder_by_matrix,beec9fd12293a9cfe53c9b61fb8ce2a525e4eed38fa75d132d6dc64699336876,"{""distance"":3,""physical_error_rate"":0.0001}","{""detection_events"":18771,""detectors_checked"":70889472}"
   2766848,         0,         0,   113.5,decoder_by_matrix,560c721f87db01d4cacf7dcb7d8812fecde61e9e7776d4b9e1b1a792578ecad7,"{""distance"":3,""physical_error_rate"":5e-06}","{""detection_events"":2286,""detectors_checked"":149409792}"
   2429952,         0,         0,   113.2,decoder_by_matrix,e25b8d07214a8afb95d354611a83b9bb1ded39644e323a8585b3aabf687a4fff,"{""distance"":3,""physical_error_rate"":1e-05}","{""detection_events"":3918,""detectors_checked"":131217408}"
   3129344,         0,         0,   115.5,decoder_by_matrix,e9839e3017c9ef118c4b8aeafef39e78c11ecbdb89764e9ca676a7dc2fb6d062,"{""distance"":3,""physical_error_rate"":1e-06}","{""detection_events"":546,""detectors_checked"":168984576}"
   1537024,         0,         0,   117.8,decoder_by_matrix,36e3cd26fed5ec7649ec51fb08c1a5e7d7f30e615782d954fee045c18a4962ca,"{""distance"":3,""physical_error_rate"":5e-05}","{""detection_events"":10998,""detectors_checked"":82999296}"
   1165312,        34,         0,   119.2,decoder_by_matrix,5c8c81bfec719079c388cedc47a351f264c1bf769ae28a89f9b4fc7719fea501,"{""distance"":3,""physical_error_rate"":0.0005}","{""detection_events"":85230,""detectors_checked"":62926848,""obs_mistake_mask=E"":34}"
   1809408,         0,         0,    84.9,decoder_by_matrix,e25b8d07214a8afb95d354611a83b9bb1ded39644e323a8585b3aabf687a4fff,"{""distance"":3,""physical_error_rate"":1e-05}","{""detection_events"":2619,""detectors_checked"":97708032}"
   1129472,         1,         0,    85.9,decoder_by_matrix,36e3cd26fed5ec7649ec51fb08c1a5e7d7f30e615782d954fee045c18a4962ca,"{""distance"":3,""physical_error_rate"":5e-05}","{""detection_events"":8634,""detectors_checked"":60991488,""obs_mistake_mask=E"":1}"
    860160,        15,         0,    86.9,decoder_by_matrix,5c8c81bfec719079c388cedc47a351f264c1bf769ae28a89f9b4fc7719fea501,"{""distance"":3,""physical_error_rate"":0.0005}","{""detection_events"":61686,""detectors_checked"":46448640,""obs_mistake_mask=E"":15}"
    950272,         0,         0,    86.6,decoder_by_matrix,beec9fd12293a9cfe53c9b61fb8ce2a525e4eed38fa75d132d6dc64699336876,"{""distance"":3,""physical_error_rate"":0.0001}","{""detection_events"":14151,""detectors_checked"":51314688}"
    851968,        12,         0,    86.4,decoder_by_matrix,5c8c81bfec719079c388cedc47a351f264c1bf769ae28a89f9b4fc7719fea501,"{""distance"":3,""physical_error_rate"":0.0005}","{""detection_events"":62265,""detectors_checked"":46006272,""obs_mistake_mask=E"":12}"
    961536,         1,         0,    86.0,decoder_by_matrix,beec9fd12293a9cfe53c9b61fb8ce2a525e4eed38fa75d132d6dc64699336876,"{""distance"":3,""physical_error_rate"":0.0001}","{""detection_events"":13842,""detectors_checked"":51922944,""obs_mistake_mask=E"":1}"
   2059264,         0,         0,    85.2,decoder_by_matrix,560c721f87db01d4cacf7dcb7d8812fecde61e9e7776d4b9e1b1a792578ecad7,"{""distance"":3,""physical_error_rate"":5e-06}","{""detection_events"":1473,""detectors_checked"":111200256}"
   2324480,         0,         0,    83.7,decoder_by_matrix,e9839e3017c9ef118c4b8aeafef39e78c11ecbdb89764e9ca676a7dc2fb6d062,"{""distance"":3,""physical_error_rate"":1e-06}","{""detection_events"":300,""detectors_checked"":125521920}"
   1829888,         0,         0,    84.3,decoder_by_matrix,e25b8d07214a8afb95d354611a83b9bb1ded39644e323a8585b3aabf687a4fff,"{""distance"":3,""physical_error_rate"":1e-05}","{""detection_events"":2766,""detectors_checked"":98813952}"
   1117184,         0,         0,    87.2,decoder_by_matrix,36e3cd26fed5ec7649ec51fb08c1a5e7d7f30e615782d954fee045c18a4962ca,"{""distance"":3,""physical_error_rate"":5e-05}","{""detection_events"":8580,""detectors_checked"":60327936}"
   1517568,         0,         0,   117.6,decoder_by_matrix,36e3cd26fed5ec7649ec51fb08c1a5e7d7f30e615782d954fee045c18a4962ca,"{""distance"":3,""physical_error_rate"":5e-05}","{""detection_events"":11214,""detectors_checked"":81948672}"
   1303552,         0,         0,   115.3,decoder_by_matrix,beec9fd12293a9cfe53c9b61fb8ce2a525e4eed38fa75d132d6dc64699336876,"{""distance"":3,""physical_error_rate"":0.0001}","{""detection_events"":18090,""detectors_checked"":70391808}"
   2810880,         0,         0,   116.8,decoder_by_matrix,560c721f87db01d4cacf7dcb7d8812fecde61e9e7776d4b9e1b1a792578ecad7,"{""distance"":3,""physical_error_rate"":5e-06}","{""detection_events"":1866,""detectors_checked"":151787520}"
   2472960,         0,         0,   113.8,decoder_by_matrix,e25b8d07214a8afb95d354611a83b9bb1ded39644e323a8585b3aabf687a4fff,"{""distance"":3,""physical_error_rate"":1e-05}","{""detection_events"":3468,""detectors_checked"":133539840}"
   3144704,         0,         0,   113.4,decoder_by_matrix,e9839e3017c9ef118c4b8aeafef39e78c11ecbdb89764e9ca676a7dc2fb6d062,"{""distance"":3,""physical_error_rate"":1e-06}","{""detection_events"":444,""detectors_checked"":169814016}"
   1532928,         0,         0,   116.1,decoder_by_matrix,36e3cd26fed5ec7649ec51fb08c1a5e7d7f30e615782d954fee045c18a4962ca,"{""distance"":3,""physical_error_rate"":5e-05}","{""detection_events"":11571,""detectors_checked"":82778112}"
   1166336,        24,         0,   115.5,decoder_by_matrix,5c8c81bfec719079c388cedc47a351f264c1bf769ae28a89f9b4fc7719fea501,"{""distance"":3,""physical_error_rate"":0.0005}","{""detection_events"":84672,""detectors_checked"":62982144,""obs_mistake_mask=E"":24}"
   1167360,        23,         0,   118.8,decoder_by_matrix,5c8c81bfec719079c388cedc47a351f264c1bf769ae28a89f9b4fc7719fea501,"{""distance"":3,""physical_error_rate"":0.0005}","{""detection_events"":84789,""detectors_checked"":63037440,""obs_mistake_mask=E"":23}"
   2790400,         0,         0,   113.7,decoder_by_matrix,560c721f87db01d4cacf7dcb7d8812fecde61e9e7776d4b9e1b1a792578ecad7,"{""distance"":3,""physical_error_rate"":5e-06}","{""detection_events"":1938,""detectors_checked"":150681600}"
   1560576,         0,         0,   116.6,decoder_by_matrix,36e3cd26fed5ec7649ec51fb08c1a5e7d7f30e615782d954fee045c18a4962ca,"{""distance"":3,""physical_error_rate"":5e-05}","{""detection_events"":11670,""detectors_checked"":84271104}"
   2484224,         0,         0,   116.8,decoder_by_matrix,e25b8d07214a8afb95d354611a83b9bb1ded39644e323a8585b3aabf687a4fff,"{""distance"":3,""physical_error_rate"":1e-05}","{""detection_events"":3459,""detectors_checked"":134148096}"
   3140608,         0,         0,   114.8,decoder_by_matrix,e9839e3017c9ef118c4b8aeafef39e78c11ecbdb89764e9ca676a7dc2fb6d062,"{""distance"":3,""physical_error_rate"":1e-06}","{""detection_events"":462,""detectors_checked"":169592832}"
   2740224,         0,         0,   115.4,decoder_by_matrix,560c721f87db01d4cacf7dcb7d8812fecde61e9e7776d4b9e1b1a792578ecad7,"{""distance"":3,""physical_error_rate"":5e-06}","{""detection_events"":2304,""detectors_checked"":147972096}"
   1161216,        25,         0,   117.4,decoder_by_matrix,5c8c81bfec719079c388cedc47a351f264c1bf769ae28a89f9b4fc7719fea501,"{""distance"":3,""physical_error_rate"":0.0005}","{""detection_events"":84114,""detectors_checked"":62705664,""obs_mistake_mask=E"":25}"
   2436096,         0,         0,   116.7,decoder_by_matrix,e25b8d07214a8afb95d354611a83b9bb1ded39644e323a8585b3aabf687a4fff,"{""distance"":3,""physical_error_rate"":1e-05}","{""detection_events"":3759,""detectors_checked"":131549184}"
   2780160,         0,         0,   114.6,decoder_by_matrix,560c721f87db01d4cacf7dcb7d8812fecde61e9e7776d4b9e1b1a792578ecad7,"{""distance"":3,""physical_error_rate"":5e-06}","{""detection_events"":2172,""detectors_checked"":150128640}"
   1532928,         0,         0,   117.5,decoder_by_matrix,36e3cd26fed5ec7649ec51fb08c1a5e7d7f30e615782d954fee045c18a4962ca,"{""distance"":3,""physical_error_rate"":5e-05}","{""detection_events"":11361,""detectors_checked"":82778112}"
   1166336,        22,         0,   117.2,decoder_by_matrix,5c8c81bfec719079c388cedc47a351f264c1bf769ae28a89f9b4fc7719fea501,"{""distance"":3,""physical_error_rate"":0.0005}","{""detection_events"":85296,""detectors_checked"":62982144,""obs_mistake_mask=E"":22}"
   1167360,        24,         0,   117.7,decoder_by_matrix,5c8c81bfec719079c388cedc47a351f264c1bf769ae28a89f9b4fc7719fea501,"{""distance"":3,""physical_error_rate"":0.0005}","{""detection_events"":84114,""detectors_checked"":63037440,""obs_mistake_mask=E"":24}"
   2487296,         0,         0,   115.8,decoder_by_matrix,e25b8d07214a8afb95d354611a83b9bb1ded39644e323a8585b3aabf687a4fff,"{""distance"":3,""physical_error_rate"":1e-05}","{""detection_events"":3384,""detectors_checked"":134313984}"
   1537024,         1,         0,   117.1,decoder_by_matrix,36e3cd26fed5ec7649ec51fb08c1a5e7d7f30e615782d954fee045c18a4962ca,"{""distance"":3,""physical_error_rate"":5e-05}","{""detection_events"":11583,""detectors_checked"":82999296,""obs_mistake_mask=E"":1}"
   3136512,         0,         0,   113.9,decoder_by_matrix,e9839e3017c9ef118c4b8aeafef39e78c11ecbdb89764e9ca676a7dc2fb6d062,"{""distance"":3,""physical_error_rate"":1e-06}","{""detection_events"":486,""detectors_checked"":169371648}"
   2800640,         0,         0,   115.6,decoder_by_matrix,560c721f87db01d4cacf7dcb7d8812fecde61e9e7776d4b9e1b1a792578ecad7,"{""distance"":3,""physical_error_rate"":5e-06}","{""detection_events"":1899,""detectors_checked"":151234560}"
   3141632,         0,         0,   114.8,decoder_by_matrix,e9839e3017c9ef118c4b8aeafef39e78c11ecbdb89764e9ca676a7dc2fb6d062,"{""distance"":3,""physical_error_rate"":1e-06}","{""detection_events"":516,""detectors_checked"":169648128}"
   3150848,         0,         0,   114.1,decoder_by_matrix,e9839e3017c9ef118c4b8aeafef39e78c11ecbdb89764e9ca676a7dc2fb6d062,"{""distance"":3,""physical_error_rate"":1e-06}","{""detection_events"":429,""detectors_checked"":170145792}"
   2458624,         0,         0,   114.7,decoder_by_matrix,e25b8d07214a8afb95d354611a83b9bb1ded39644e323a8585b3aabf687a4fff,"{""distance"":3,""physical_error_rate"":1e-05}","{""detection_events"":3654,""detectors_checked"":132765696}"
   1297408,         1,         0,   117.0,decoder_by_matrix,beec9fd12293a9cfe53c9b61fb8ce2a525e4eed38fa75d132d6dc64699336876,"{""distance"":3,""physical_error_rate"":0.0001}","{""detection_events"":19479,""detectors_checked"":70060032,""obs_mistake_mask=E"":1}"
   1284096,         2,         0,   118.1,decoder_by_matrix,beec9fd12293a9cfe53c9b61fb8ce2a525e4eed38fa75d132d6dc64699336876,"{""distance"":3,""physical_error_rate"":0.0001}","{""detection_events"":19302,""detectors_checked"":69341184,""obs_mistake_mask=E"":2}"
   2729984,         0,         0,   117.3,decoder_by_matrix,560c721f87db01d4cacf7dcb7d8812fecde61e9e7776d4b9e1b1a792578ecad7,"{""distance"":3,""physical_error_rate"":5e-06}","{""detection_events"":2007,""detectors_checked"":147419136}"
   1562624,         0,         0,   117.3,decoder_by_matrix,36e3cd26fed5ec7649ec51fb08c1a5e7d7f30e615782d954fee045c18a4962ca,"{""distance"":3,""physical_error_rate"":5e-05}","{""detection_events"":11244,""detectors_checked"":84381696}"
   2440192,         0,         0,   112.7,decoder_by_matrix,e25b8d07214a8afb95d354611a83b9bb1ded39644e323a8585b3aabf687a4fff,"{""distance"":3,""physical_error_rate"":1e-05}","{""detection_events"":3735,""detectors_checked"":131770368}"
   2817024,         0,         0,   114.3,decoder_by_matrix,560c721f87db01d4cacf7dcb7d8812fecde61e9e7776d4b9e1b1a792578ecad7,"{""distance"":3,""physical_error_rate"":5e-06}","{""detection_events"":1998,""detectors_checked"":152119296}"
   1292288,         2,         0,   118.5,decoder_by_matrix,beec9fd12293a9cfe53c9b61fb8ce2a525e4eed38fa75d132d6dc64699336876,"{""distance"":3,""physical_error_rate"":0.0001}","{""detection_events"":19026,""detectors_checked"":69783552,""obs_mistake_mask=E"":2}"
   1163264,        19,         0,   117.7,decoder_by_matrix,5c8c81bfec719079c388cedc47a351f264c1bf769ae28a89f9b4fc7719fea501,"{""distance"":3,""physical_error_rate"":0.0005}","{""detection_events"":83493,""detectors_checked"":62816256,""obs_mistake_mask=E"":19}"
   1305600,         1,         0,   116.9,decoder_by_matrix,beec9fd12293a9cfe53c9b61fb8ce2a525e4eed38fa75d132d6dc64699336876,"{""distance"":3,""physical_error_rate"":0.0001}","{""detection_events"":18852,""detectors_checked"":70502400,""obs_mistake_mask=E"":1}"
   1162240,        14,         0,   117.3,decoder_by_matrix,5c8c81bfec719079c388cedc47a351f264c1bf769ae28a89f9b4fc7719fea501,"{""distance"":3,""physical_error_rate"":0.0005}","{""detection_events"":85257,""detectors_checked"":62760960,""obs_mistake_mask=E"":14}"
   1291264,         0,         0,   116.3,decoder_by_matrix,beec9fd12293a9cfe53c9b61fb8ce2a525e4eed38fa75d132d6dc64699336876,"{""distance"":3,""physical_error_rate"":0.0001}","{""detection_events"":18927,""detectors_checked"":69728256}"
   2448384,         0,         0,   116.0,decoder_by_matrix,e25b8d07214a8afb95d354611a83b9bb1ded39644e323a8585b3aabf687a4fff,"{""distance"":3,""physical_error_rate"":1e-05}","{""detection_events"":3582,""detectors_checked"":132212736}"
   3146752,         0,         0,   114.7,decoder_by_matrix,e9839e3017c9ef118c4b8aeafef39e78c11ecbdb89764e9ca676a7dc2fb6d062,"{""distance"":3,""physical_error_rate"":1e-06}","{""detection_events"":384,""detectors_checked"":169924608}"
   1540096,         1,         0,   116.0,decoder_by_matrix,36e3cd26fed5ec7649ec51fb08c1a5e7d7f30e615782d954fee045c18a4962ca,"{""distance"":3,""physical_error_rate"":5e-05}","{""detection_events"":10950,""detectors_checked"":83165184,""obs_mistake_mask=E"":1}"
   3140608,         0,         0,   113.4,decoder_by_matrix,e9839e3017c9ef118c4b8aeafef39e78c11ecbdb89764e9ca676a7dc2fb6d062,"{""distance"":3,""physical_error_rate"":1e-06}","{""detection_events"":366,""detectors_checked"":169592832}"
   2476032,         0,         0,   116.3,decoder_by_matrix,e25b8d07214a8afb95d354611a83b9bb1ded39644e323a8585b3aabf687a4fff,"{""distance"":3,""physical_error_rate"":1e-05}","{""detection_events"":3456,""detectors_checked"":133705728}"
   1170432,        18,         0,   117.1,decoder_by_matrix,5c8c81bfec719079c388cedc47a351f264c1bf769ae28a89f9b4fc7719fea501,"{""distance"":3,""physical_error_rate"":0.0005}","{""detection_events"":85647,""detectors_checked"":63203328,""obs_mistake_mask=E"":18}"
   1299456,         3,         0,   118.0,decoder_by_matrix,beec9fd12293a9cfe53c9b61fb8ce2a525e4eed38fa75d132d6dc64699336876,"{""distance"":3,""physical_error_rate"":0.0001}","{""detection_events"":18732,""detectors_checked"":70170624,""obs_mistake_mask=E"":3}"
   3142656,         0,         0,   115.7,decoder_by_matrix,e9839e3017c9ef118c4b8aeafef39e78c11ecbdb89764e9ca676a7dc2fb6d062,"{""distance"":3,""physical_error_rate"":1e-06}","{""detection_events"":495,""detectors_checked"":169703424}"
   2823168,         0,         0,   114.9,decoder_by_matrix,560c721f87db01d4cacf7dcb7d8812fecde61e9e7776d4b9e1b1a792578ecad7,"{""distance"":3,""physical_error_rate"":5e-06}","{""detection_events"":1929,""detectors_checked"":152451072}"
   1305600,         0,         0,   117.3,decoder_by_matrix,beec9fd12293a9cfe53c9b61fb8ce2a525e4eed38fa75d132d6dc64699336876,"{""distance"":3,""physical_error_rate"":0.0001}","{""detection_events"":19371,""detectors_checked"":70502400}"
   1521664,         0,         0,   117.2,decoder_by_matrix,36e3cd26fed5ec7649ec51fb08c1a5e7d7f30e615782d954fee045c18a4962ca,"{""distance"":3,""physical_error_rate"":5e-05}","{""detection_events"":11214,""detectors_checked"":82169856}"
   1306624,         1,         0,   116.8,decoder_by_matrix,beec9fd12293a9cfe53c9b61fb8ce2a525e4eed38fa75d132d6dc64699336876,"{""distance"":3,""physical_error_rate"":0.0001}","{""detection_events"":19497,""detectors_checked"":70557696,""obs_mistake_mask=E"":1}"
   2767872,         0,         0,   114.5,decoder_by_matrix,560c721f87db01d4cacf7dcb7d8812fecde61e9e7776d4b9e1b1a792578ecad7,"{""distance"":3,""physical_error_rate"":5e-06}","{""detection_events"":2175,""detectors_checked"":149465088}"
   2493440,         0,         0,   116.3,decoder_by_matrix,e25b8d07214a8afb95d354611a83b9bb1ded39644e323a8585b3aabf687a4fff,"{""distance"":3,""physical_error_rate"":1e-05}","{""detection_events"":3558,""detectors_checked"":134645760}"
   3126272,         0,         0,   115.4,decoder_by_matrix,e9839e3017c9ef118c4b8aeafef39e78c11ecbdb89764e9ca676a7dc2fb6d062,"{""distance"":3,""physical_error_rate"":1e-06}","{""detection_events"":504,""detectors_checked"":168818688}"
   1557504,         0,         0,   117.3,decoder_by_matrix,36e3cd26fed5ec7649ec51fb08c1a5e7d7f30e615782d954fee045c18a4962ca,"{""distance"":3,""physical_error_rate"":5e-05}","{""detection_events"":11058,""detectors_checked"":84105216}"
   1164288,        18,         0,   118.2,decoder_by_matrix,5c8c81bfec719079c388cedc47a351f264c1bf769ae28a89f9b4fc7719fea501,"{""distance"":3,""physical_error_rate"":0.0005}","{""detection_events"":87399,""detectors_checked"":62871552,""obs_mistake_mask=E"":18}"
   1540096,         3,         0,   114.9,decoder_by_matrix,36e3cd26fed5ec7649ec51fb08c1a5e7d7f30e615782d954fee045c18a4962ca,"{""distance"":3,""physical_error_rate"":5e-05}","{""detection_events"":11631,""detectors_checked"":83165184,""obs_mistake_mask=E"":3}"
   2453504,         0,         0,   114.3,decoder_by_matrix,e25b8d07214a8afb95d354611a83b9bb1ded39644e323a8585b3aabf687a4fff,"{""distance"":3,""physical_error_rate"":1e-05}","{""detection_events"":3687,""detectors_checked"":132489216}"
   1308672,         2,         0,   118.4,decoder_by_matrix,beec9fd12293a9cfe53c9b61fb8ce2a525e4eed38fa75d132d6dc64699336876,"{""distance"":3,""physical_error_rate"":0.0001}","{""detection_events"":19125,""detectors_checked"":70668288,""obs_mistake_mask=E"":2}"
   1310720,         0,         0,   117.5,decoder_by_matrix,beec9fd12293a9cfe53c9b61fb8ce2a525e4eed38fa75d132d6dc64699336876,"{""distance"":3,""physical_error_rate"":0.0001}","{""detection_events"":19101,""detectors_checked"":70778880}"
   1166336,        17,         0,   118.4,decoder_by_matrix,5c8c81bfec719079c388cedc47a351f264c1bf769ae28a89f9b4fc7719fea501,"{""distance"":3,""physical_error_rate"":0.0005}","{""detection_events"":84042,""detectors_checked"":62982144,""obs_mistake_mask=E"":17}"
   1162240,        24,         0,   117.5,decoder_by_matrix,5c8c81bfec719079c388cedc47a351f264c1bf769ae28a89f9b4fc7719fea501,"{""distance"":3,""physical_error_rate"":0.0005}","{""detection_events"":83400,""detectors_checked"":62760960,""obs_mistake_mask=E"":24}"
   2805760,         0,         0,   115.5,decoder_by_matrix,560c721f87db01d4cacf7dcb7d8812fecde61e9e7776d4b9e1b1a792578ecad7,"{""distance"":3,""physical_error_rate"":5e-06}","{""detection_events"":2007,""detectors_checked"":151511040}"
   2446336,         0,         0,   114.9,decoder_by_matrix,e25b8d07214a8afb95d354611a83b9bb1ded39644e323a8585b3aabf687a4fff,"{""distance"":3,""physical_error_rate"":1e-05}","{""detection_events"":3636,""detectors_checked"":132102144}"
   3140608,         0,         0,   114.2,decoder_by_matrix,e9839e3017c9ef118c4b8aeafef39e78c11ecbdb89764e9ca676a7dc2fb6d062,"{""distance"":3,""physical_error_rate"":1e-06}","{""detection_events"":405,""detectors_checked"":169592832}"
   1531904,         1,         0,   116.3,decoder_by_matrix,36e3cd26fed5ec7649ec51fb08c1a5e7d7f30e615782d954fee045c18a4962ca,"{""distance"":3,""physical_error_rate"":5e-05}","{""detection_events"":11268,""detectors_checked"":82722816,""obs_mistake_mask=E"":1}"
   1538048,         0,         0,   118.1,decoder_by_matrix,36e3cd26fed5ec7649ec51fb08c1a5e7d7f30e615782d954fee045c18a4962ca,"{""distance"":3,""physical_error_rate"":5e-05}","{""detection_events"":11163,""detectors_checked"":83054592}"
   1296384,         1,         0,   117.4,decoder_by_matrix,beec9fd12293a9cfe53c9b61fb8ce2a525e4eed38fa75d132d6dc64699336876,"{""distance"":3,""physical_error_rate"":0.0001}","{""detection_events"":18972,""detectors_checked"":70004736,""obs_mistake_mask=E"":1}"
   2786304,         0,         0,   115.3,decoder_by_matrix,560c721f87db01d4cacf7dcb7d8812fecde61e9e7776d4b9e1b1a792578ecad7,"{""distance"":3,""physical_error_rate"":5e-06}","{""detection_events"":2019,""detectors_checked"":150460416}"
   2449408,         0,         0,   115.6,decoder_by_matrix,e25b8d07214a8afb95d354611a83b9bb1ded39644e323a8585b3aabf687a4fff,"{""distance"":3,""physical_error_rate"":1e-05}","{""detection_events"":3687,""detectors_checked"":132268032}"
   3150848,         0,         0,   113.3,decoder_by_matrix,e9839e3017c9ef118c4b8aeafef39e78c11ecbdb89764e9ca676a7dc2fb6d062,"{""distance"":3,""physical_error_rate"":1e-06}","{""detection_events"":447,""detectors_checked"":170145792}"
   1565696,         0,         0,   117.1,decoder_by_matrix,36e3cd26fed5ec7649ec51fb08c1a5e7d7f30e615782d954fee045c18a4962ca,"{""distance"":3,""physical_error_rate"":5e-05}","{""detection_events"":11211,""detectors_checked"":84547584}"
   1166336,        22,         0,   117.0,decoder_by_matrix,5c8c81bfec719079c388cedc47a351f264c1bf769ae28a89f9b4fc7719fea501,"{""distance"":3,""physical_error_rate"":0.0005}","{""detection_events"":85230,""detectors_checked"":62982144,""obs_mistake_mask=E"":22}"
   1167360,        14,         0,   117.4,decoder_by_matrix,5c8c81bfec719079c388cedc47a351f264c1bf769ae28a89f9b4fc7719fea501,"{""distance"":3,""physical_error_rate"":0.0005}","{""detection_events"":85218,""detectors_checked"":63037440,""obs_mistake_mask=E"":14}"
   1537024,         0,         0,   116.5,decoder_by_matrix,36e3cd26fed5ec7649ec51fb08c1a5e7d7f30e615782d954fee045c18a4962ca,"{""distance"":3,""physical_error_rate"":5e-05}","{""detection_events"":11373,""detectors_checked"":82999296}"
   2743296,         0,         0,   114.7,decoder_by_matrix,560c721f87db01d4cacf7dcb7d8812fecde61e9e7776d4b9e1b1a792578ecad7,"{""distance"":3,""physical_error_rate"":5e-06}","{""detection_events"":2178,""detectors_checked"":148137984}"
   2482176,         0,         0,   115.8,decoder_by_matrix,e25b8d07214a8afb95d354611a83b9bb1ded39644e323a8585b3aabf687a4fff,"{""distance"":3,""physical_error_rate"":1e-05}","{""detection_events"":3453,""detectors_checked"":134037504}"
   3138560,         0,         0,   113.2,decoder_by_matrix,e9839e3017c9ef118c4b8aeafef39e78c11ecbdb89764e9ca676a7dc2fb6d062,"{""distance"":3,""physical_error_rate"":1e-06}","{""detection_events"":489,""detectors_checked"":169482240}"
   2802688,         0,         0,   115.1,decoder_by_matrix,560c721f87db01d4cacf7dcb7d8812fecde61e9e7776d4b9e1b1a792578ecad7,"{""distance"":3,""physical_error_rate"":5e-06}","{""detection_events"":1908,""detectors_checked"":151345152}"
   1160192,        32,         0,   117.3,decoder_by_matrix,5c8c81bfec719079c388cedc47a351f264c1bf769ae28a89f9b4fc7719fea501,"{""distance"":3,""physical_error_rate"":0.0005}","{""detection_events"":86877,""detectors_checked"":62650368,""obs_mistake_mask=E"":32}"
   2440192,         0,         0,   113.7,decoder_by_matrix,e25b8d07214a8afb95d354611a83b9bb1ded39644e323a8585b3aabf687a4fff,"{""distance"":3,""physical_error_rate"":1e-05}","{""detection_events"":3651,""detectors_checked"":131770368}"
   2768896,         0,         0,   117.1,decoder_by_matrix,560c721f87db01d4cacf7dcb7d8812fecde61e9e7776d4b9e1b1a792578ecad7,"{""distance"":3,""physical_error_rate"":5e-06}","{""detection_events"":2121,""detectors_checked"":149520384}"
   1561600,         1,         0,   114.9,decoder_by_matrix,36e3cd26fed5ec7649ec51fb08c1a5e7d7f30e615782d954fee045c18a4962ca,"{""distance"":3,""physical_error_rate"":5e-05}","{""detection_events"":10947,""detectors_checked"":84326400,""obs_mistake_mask=E"":1}"
   1168384,        18,         0,   119.0,decoder_by_matrix,5c8c81bfec719079c388cedc47a351f264c1bf769ae28a89f9b4fc7719fea501,"{""distance"":3,""physical_error_rate"":0.0005}","{""detection_events"":85278,""detectors_checked"":63092736,""obs_mistake_mask=E"":18}"
   2525184,         0,         0,   115.9,decoder_by_matrix,e25b8d07214a8afb95d354611a83b9bb1ded39644e323a8585b3aabf687a4fff,"{""distance"":3,""physical_error_rate"":1e-05}","{""detection_events"":3216,""detectors_checked"":136359936}"
   3126272,         0,         0,   115.5,decoder_by_matrix,e9839e3017c9ef118c4b8aeafef39e78c11ecbdb89764e9ca676a7dc2fb6d062,"{""distance"":3,""physical_error_rate"":1e-06}","{""detection_events"":438,""detectors_checked"":168818688}"
   1167360,        19,         0,   117.3,decoder_by_matrix,5c8c81bfec719079c388cedc47a351f264c1bf769ae28a89f9b4fc7719fea501,"{""distance"":3,""physical_error_rate"":0.0005}","{""detection_events"":84891,""detectors_checked"":63037440,""obs_mistake_mask=E"":19}"
   1558528,         0,         0,   115.8,decoder_by_matrix,36e3cd26fed5ec7649ec51fb08c1a5e7d7f30e615782d954fee045c18a4962ca,"{""distance"":3,""physical_error_rate"":5e-05}","{""detection_events"":11220,""detectors_checked"":84160512}"
   2808832,         0,         0,   115.0,decoder_by_matrix,560c721f87db01d4cacf7dcb7d8812fecde61e9e7776d4b9e1b1a792578ecad7,"{""distance"":3,""physical_error_rate"":5e-06}","{""detection_events"":1932,""detectors_checked"":151676928}"
   3117056,         0,         0,   114.8,decoder_by_matrix,e9839e3017c9ef118c4b8aeafef39e78c11ecbdb89764e9ca676a7dc2fb6d062,"{""distance"":3,""physical_error_rate"":1e-06}","{""detection_events"":579,""detectors_checked"":168321024}"
   3149824,         0,         0,   113.7,decoder_by_matrix,e9839e3017c9ef118c4b8aeafef39e78c11ecbdb89764e9ca676a7dc2fb6d062,"{""distance"":3,""physical_error_rate"":1e-06}","{""detection_events"":405,""detectors_checked"":170090496}"
   1301504,         1,         0,   114.9,decoder_by_matrix,beec9fd12293a9cfe53c9b61fb8ce2a525e4eed38fa75d132d6dc64699336876,"{""distance"":3,""physical_error_rate"":0.0001}","{""detection_events"":18738,""detectors_checked"":70281216,""obs_mistake_mask=E"":1}"
   1270784,         2,         0,   117.7,decoder_by_matrix,beec9fd12293a9cfe53c9b61fb8ce2a525e4eed38fa75d132d6dc64699336876,"{""distance"":3,""physical_error_rate"":0.0001}","{""detection_events"":18849,""detectors_checked"":68622336,""obs_mistake_mask=E"":2}"
   2451456,         0,         0,   115.6,decoder_by_matrix,e25b8d07214a8afb95d354611a83b9bb1ded39644e323a8585b3aabf687a4fff,"{""distance"":3,""physical_error_rate"":1e-05}","{""detection_events"":3702,""detectors_checked"":132378624}"
   2716672,         0,         0,   113.5,decoder_by_matrix,560c721f87db01d4cacf7dcb7d8812fecde61e9e7776d4b9e1b1a792578ecad7,"{""distance"":3,""physical_error_rate"":5e-06}","{""detection_events"":2196,""detectors_checked"":146700288}"
   2458624,         0,         0,   115.5,decoder_by_matrix,e25b8d07214a8afb95d354611a83b9bb1ded39644e323a8585b3aabf687a4fff,"{""distance"":3,""physical_error_rate"":1e-05}","{""detection_events"":3504,""detectors_checked"":132765696}"
   1593344,         0,         0,   116.6,decoder_by_matrix,36e3cd26fed5ec7649ec51fb08c1a5e7d7f30e615782d954fee045c18a4962ca,"{""distance"":3,""physical_error_rate"":5e-05}","{""detection_events"":11421,""detectors_checked"":86040576}"
   2768896,         0,         0,   115.4,decoder_by_matrix,560c721f87db01d4cacf7dcb7d8812fecde61e9e7776d4b9e1b1a792578ecad7,"{""distance"":3,""physical_error_rate"":5e-06}","{""detection_events"":2166,""detectors_checked"":149520384}"
   1288192,         2,         0,   117.4,decoder_by_matrix,beec9fd12293a9cfe53c9b61fb8ce2a525e4eed38fa75d132d6dc64699336876,"{""distance"":3,""physical_error_rate"":0.0001}","{""detection_events"":20181,""detectors_checked"":69562368,""obs_mistake_mask=E"":2}"
   1161216,        22,         0,   118.1,decoder_by_matrix,5c8c81bfec719079c388cedc47a351f264c1bf769ae28a89f9b4fc7719fea501,"{""distance"":3,""physical_error_rate"":0.0005}","{""detection_events"":86004,""detectors_checked"":62705664,""obs_mistake_mask=E"":22}"
   1160192,        20,         0,   117.8,decoder_by_matrix,5c8c81bfec719079c388cedc47a351f264c1bf769ae28a89f9b4fc7719fea501,"{""distance"":3,""physical_error_rate"":0.0005}","{""detection_events"":85584,""detectors_checked"":62650368,""obs_mistake_mask=E"":20}"
   1303552,         2,         0,   117.6,decoder_by_matrix,beec9fd12293a9cfe53c9b61fb8ce2a525e4eed38fa75d132d6dc64699336876,"{""distance"":3,""physical_error_rate"":0.0001}","{""detection_events"":18435,""detectors_checked"":70391808,""obs_mistake_mask=E"":2}"
   2453504,         0,         0,   116.5,decoder_by_matrix,e25b8d07214a8afb95d354611a83b9bb1ded39644e323a8585b3aabf687a4fff,"{""distance"":3,""physical_error_rate"":1e-05}","{""detection_events"":3789,""detectors_checked"":132489216}"
   1315840,         0,         0,   117.6,decoder_by_matrix,beec9fd12293a9cfe53c9b61fb8ce2a525e4eed38fa75d132d6dc64699336876,"{""distance"":3,""physical_error_rate"":0.0001}","{""detection_events"":18768,""detectors_checked"":71055360}"
   3149824,         0,         0,   116.0,decoder_by_matrix,e9839e3017c9ef118c4b8aeafef39e78c11ecbdb89764e9ca676a7dc2fb6d062,"{""distance"":3,""physical_error_rate"":1e-06}","{""detection_events"":348,""detectors_checked"":170090496}"
   3141632,         0,         0,   114.2,decoder_by_matrix,e9839e3017c9ef118c4b8aeafef39e78c11ecbdb89764e9ca676a7dc2fb6d062,"{""distance"":3,""physical_error_rate"":1e-06}","{""detection_events"":411,""detectors_checked"":169648128}"
   2487296,         0,         0,   114.4,decoder_by_matrix,e25b8d07214a8afb95d354611a83b9bb1ded39644e323a8585b3aabf687a4fff,"{""distance"":3,""physical_error_rate"":1e-05}","{""detection_events"":3507,""detectors_checked"":134313984}"
   1563648,         0,         0,   116.9,decoder_by_matrix,36e3cd26fed5ec7649ec51fb08c1a5e7d7f30e615782d954fee045c18a4962ca,"{""distance"":3,""physical_error_rate"":5e-05}","{""detection_events"":11076,""detectors_checked"":84436992}"
   1170432,        26,         0,   117.3,decoder_by_matrix,5c8c81bfec719079c388cedc47a351f264c1bf769ae28a89f9b4fc7719fea501,"{""distance"":3,""physical_error_rate"":0.0005}","{""detection_events"":85923,""detectors_checked"":63203328,""obs_mistake_mask=E"":26}"
   1293312,         0,         0,   118.2,decoder_by_matrix,beec9fd12293a9cfe53c9b61fb8ce2a525e4eed38fa75d132d6dc64699336876,"{""distance"":3,""physical_error_rate"":0.0001}","{""detection_events"":19146,""detectors_checked"":69838848}"
   3151872,         0,         0,   114.5,decoder_by_matrix,e9839e3017c9ef118c4b8aeafef39e78c11ecbdb89764e9ca676a7dc2fb6d062,"{""distance"":3,""physical_error_rate"":1e-06}","{""detection_events"":393,""detectors_checked"":170201088}"
   2798592,         0,         0,   115.4,decoder_by_matrix,560c721f87db01d4cacf7dcb7d8812fecde61e9e7776d4b9e1b1a792578ecad7,"{""distance"":3,""physical_error_rate"":5e-06}","{""detection_events"":1950,""detectors_checked"":151123968}"
   1311744,         0,         0,   118.2,decoder_by_matrix,beec9fd12293a9cfe53c9b61fb8ce2a525e4eed38fa75d132d6dc64699336876,"{""distance"":3,""physical_error_rate"":0.0001}","{""detection_events"":19503,""detectors_checked"":70834176}"
   1537024,         0,         0,   117.8,decoder_by_matrix,36e3cd26fed5ec7649ec51fb08c1a5e7d7f30e615782d954fee045c18a4962ca,"{""distance"":3,""physical_error_rate"":5e-05}","{""detection_events"":11454,""detectors_checked"":82999296}"
   1297408,         1,         0,   117.2,decoder_by_matrix,beec9fd12293a9cfe53c9b61fb8ce2a525e4eed38fa75d132d6dc64699336876,"{""distance"":3,""physical_error_rate"":0.0001}","{""detection_events"":19191,""detectors_checked"":70060032,""obs_mistake_mask=E"":1}"
   2782208,         0,         0,   112.8,decoder_by_matrix,560c721f87db01d4cacf7dcb7d8812fecde61e9e7776d4b9e1b1a792578ecad7,"{""distance"":3,""physical_error_rate"":5e-06}","{""detection_events"":1983,""detectors_checked"":150239232}"
   2470912,         0,         0,   115.5,decoder_by_matrix,e25b8d07214a8afb95d354611a83b9bb1ded39644e323a8585b3aabf687a4fff,"{""distance"":3,""physical_error_rate"":1e-05}","{""detection_events"":3675,""detectors_checked"":133429248}"
   3126272,         0,         0,   116.1,decoder_by_matrix,e9839e3017c9ef118c4b8aeafef39e78c11ecbdb89764e9ca676a7dc2fb6d062,"{""distance"":3,""physical_error_rate"":1e-06}","{""detection_events"":504,""detectors_checked"":168818688}"
   1536000,         0,         0,   117.4,decoder_by_matrix,36e3cd26fed5ec7649ec51fb08c1a5e7d7f30e615782d954fee045c18a4962ca,"{""distance"":3,""physical_error_rate"":5e-05}","{""detection_events"":11157,""detectors_checked"":82944000}"
   1161216,        19,         0,   118.0,decoder_by_matrix,5c8c81bfec719079c388cedc47a351f264c1bf769ae28a89f9b4fc7719fea501,"{""distance"":3,""physical_error_rate"":0.0005}","{""detection_events"":85347,""detectors_checked"":62705664,""obs_mistake_mask=E"":19}"
   1534976,         0,         0,   117.0,decoder_by_matrix,36e3cd26fed5ec7649ec51fb08c1a5e7d7f30e615782d954fee045c18a4962ca,"{""distance"":3,""physical_error_rate"":5e-05}","{""detection_events"":11025,""detectors_checked"":82888704}"
   2441216,         0,         0,   115.0,decoder_by_matrix,e25b8d07214a8afb95d354611a83b9bb1ded39644e323a8585b3aabf687a4fff,"{""distance"":3,""physical_error_rate"":1e-05}","{""detection_events"":3699,""detectors_checked"":131825664}"
   2782208,         0,         0,   114.1,decoder_by_matrix,560c721f87db01d4cacf7dcb7d8812fecde61e9e7776d4b9e1b1a792578ecad7,"{""distance"":3,""physical_error_rate"":5e-06}","{""detection_events"":2064,""detectors_checked"":150239232}"
   1163264,        15,         0,   118.1,decoder_by_matrix,5c8c81bfec719079c388cedc47a351f264c1bf769ae28a89f9b4fc7719fea501,"{""distance"":3,""physical_error_rate"":0.0005}","{""detection_events"":86277,""detectors_checked"":62816256,""obs_mistake_mask=E"":15}"
   1304576,         1,         0,   117.1,decoder_by_matrix,beec9fd12293a9cfe53c9b61fb8ce2a525e4eed38fa75d132d6dc64699336876,"{""distance"":3,""physical_error_rate"":0.0001}","{""detection_events"":19005,""detectors_checked"":70447104,""obs_mistake_mask=E"":1}"
   1159168,        21,         0,   116.8,decoder_by_matrix,5c8c81bfec719079c388cedc47a351f264c1bf769ae28a89f9b4fc7719fea501,"{""distance"":3,""physical_error_rate"":0.0005}","{""detection_events"":85326,""detectors_checked"":62595072,""obs_mistake_mask=E"":21}"
   2444288,         0,         0,   115.0,decoder_by_matrix,e25b8d07214a8afb95d354611a83b9bb1ded39644e323a8585b3aabf687a4fff,"{""distance"":3,""physical_error_rate"":1e-05}","{""detection_events"":3687,""detectors_checked"":131991552}"
   1326080,         0,         0,   117.4,decoder_by_matrix,beec9fd12293a9cfe53c9b61fb8ce2a525e4eed38fa75d132d6dc64699336876,"{""distance"":3,""physical_error_rate"":0.0001}","{""detection_events"":18921,""detectors_checked"":71608320}"
   3121152,         0,         0,   115.0,decoder_by_matrix,e9839e3017c9ef118c4b8aeafef39e78c11ecbdb89764e9ca676a7dc2fb6d062,"{""distance"":3,""physical_error_rate"":1e-06}","{""detection_events"":477,""detectors_checked"":168542208}"
   1565696,         0,         0,   116.8,decoder_by_matrix,36e3cd26fed5ec7649ec51fb08c1a5e7d7f30e615782d954fee045c18a4962ca,"{""distance"":3,""physical_error_rate"":5e-05}","{""detection_events"":11001,""detectors_checked"":84547584}"
   1545216,         0,         0,   116.1,decoder_by_matrix,36e3cd26fed5ec7649ec51fb08c1a5e7d7f30e615782d954fee045c18a4962ca,"{""distance"":3,""physical_error_rate"":5e-05}","{""detection_events"":10986,""detectors_checked"":83441664}"
   1300480,         2,         0,   116.7,decoder_by_matrix,beec9fd12293a9cfe53c9b61fb8ce2a525e4eed38fa75d132d6dc64699336876,"{""distance"":3,""physical_error_rate"":0.0001}","{""detection_events"":19110,""detectors_checked"":70225920,""obs_mistake_mask=E"":2}"
   2449408,         0,         0,   116.0,decoder_by_matrix,e25b8d07214a8afb95d354611a83b9bb1ded39644e323a8585b3aabf687a4fff,"{""distance"":3,""physical_error_rate"":1e-05}","{""detection_events"":3732,""detectors_checked"":132268032}"
   2797568,         0,         0,   114.1,decoder_by_matrix,560c721f87db01d4cacf7dcb7d8812fecde61e9e7776d4b9e1b1a792578ecad7,"{""distance"":3,""physical_error_rate"":5e-06}","{""detection_events"":2115,""detectors_checked"":151068672}"
   3142656,         0,         0,   115.1,decoder_by_matrix,e9839e3017c9ef118c4b8aeafef39e78c11ecbdb89764e9ca676a7dc2fb6d062,"{""distance"":3,""physical_error_rate"":1e-06}","{""detection_events"":450,""detectors_checked"":169703424}"
   1549312,         0,         0,   116.3,decoder_by_matrix,36e3cd26fed5ec7649ec51fb08c1a5e7d7f30e615782d954fee045c18a4962ca,"{""distance"":3,""physical_error_rate"":5e-05}","{""detection_events"":11100,""detectors_checked"":83662848}"
   1169408,        20,         0,   118.3,decoder_by_matrix,5c8c81bfec719079c388cedc47a351f264c1bf769ae28a89f9b4fc7719fea501,"{""distance"":3,""physical_error_rate"":0.0005}","{""detection_events"":84444,""detectors_checked"":63148032,""obs_mistake_mask=E"":20}"
   1165312,        15,         0,   117.8,decoder_by_matrix,5c8c81bfec719079c388cedc47a351f264c1bf769ae28a89f9b4fc7719fea501,"{""distance"":3,""physical_error_rate"":0.0005}","{""detection_events"":84450,""detectors_checked"":62926848,""obs_mistake_mask=E"":15}"
   2793472,         0,         0,   114.3,decoder_by_matrix,560c721f87db01d4cacf7dcb7d8812fecde61e9e7776d4b9e1b1a792578ecad7,"{""distance"":3,""physical_error_rate"":5e-06}","{""detection_events"":1803,""detectors_checked"":150847488}"
   1577984,         0,         0,   117.9,decoder_by_matrix,36e3cd26fed5ec7649ec51fb08c1a5e7d7f30e615782d954fee045c18a4962ca,"{""distance"":3,""physical_error_rate"":5e-05}","{""detection_events"":11226,""detectors_checked"":85211136}"
   2473984,         0,         0,   115.6,decoder_by_matrix,e25b8d07214a8afb95d354611a83b9bb1ded39644e323a8585b3aabf687a4fff,"{""distance"":3,""physical_error_rate"":1e-05}","{""detection_events"":3354,""detectors_checked"":133595136}"
   3133440,         0,         0,   113.2,decoder_by_matrix,e9839e3017c9ef118c4b8aeafef39e78c11ecbdb89764e9ca676a7dc2fb6d062,"{""distance"":3,""physical_error_rate"":1e-06}","{""detection_events"":492,""detectors_checked"":169205760}"
   2798592,         0,         0,   116.2,decoder_by_matrix,560c721f87db01d4cacf7dcb7d8812fecde61e9e7776d4b9e1b1a792578ecad7,"{""distance"":3,""physical_error_rate"":5e-06}","{""detection_events"":2142,""detectors_checked"":151123968}"
   2461696,         0,         0,   116.5,decoder_by_matrix,e25b8d07214a8afb95d354611a83b9bb1ded39644e323a8585b3aabf687a4fff,"{""distance"":3,""physical_error_rate"":1e-05}","{""detection_events"":3477,""detectors_checked"":132931584}"
   1162240,        23,         0,   116.8,decoder_by_matrix,5c8c81bfec719079c388cedc47a351f264c1bf769ae28a89f9b4fc7719fea501,"{""distance"":3,""physical_error_rate"":0.0005}","{""detection_events"":85665,""detectors_checked"":62760960,""obs_mistake_mask=E"":23}"
   2775040,         0,         0,   117.0,decoder_by_matrix,560c721f87db01d4cacf7dcb7d8812fecde61e9e7776d4b9e1b1a792578ecad7,"{""distance"":3,""physical_error_rate"":5e-06}","{""detection_events"":2025,""detectors_checked"":149852160}"
   1524736,         0,         0,   118.1,decoder_by_matrix,36e3cd26fed5ec7649ec51fb08c1a5e7d7f30e615782d954fee045c18a4962ca,"{""distance"":3,""physical_error_rate"":5e-05}","{""detection_events"":11250,""detectors_checked"":82335744}"
   1167360,        18,         0,   118.1,decoder_by_matrix,5c8c81bfec719079c388cedc47a351f264c1bf769ae28a89f9b4fc7719fea501,"{""distance"":3,""physical_error_rate"":0.0005}","{""detection_events"":86151,""detectors_checked"":63037440,""obs_mistake_mask=E"":18}"
   3125248,         0,         0,   114.7,decoder_by_matrix,e9839e3017c9ef118c4b8aeafef39e78c11ecbdb89764e9ca676a7dc2fb6d062,"{""distance"":3,""physical_error_rate"":1e-06}","{""detection_events"":582,""detectors_checked"":168763392}"
   1164288,        25,         0,   117.7,decoder_by_matrix,5c8c81bfec719079c388cedc47a351f264c1bf769ae28a89f9b4fc7719fea501,"{""distance"":3,""physical_error_rate"":0.0005}","{""detection_events"":86286,""detectors_checked"":62871552,""obs_mistake_mask=E"":25}"
   2469888,         0,         0,   117.3,decoder_by_matrix,e25b8d07214a8afb95d354611a83b9bb1ded39644e323a8585b3aabf687a4fff,"{""distance"":3,""physical_error_rate"":1e-05}","{""detection_events"":3573,""detectors_checked"":133373952}"
   1556480,         0,         0,   116.7,decoder_by_matrix,36e3cd26fed5ec7649ec51fb08c1a5e7d7f30e615782d954fee045c18a4962ca,"{""distance"":3,""physical_error_rate"":5e-05}","{""detection_events"":11322,""detectors_checked"":84049920}"
   3153920,         0,         0,   114.4,decoder_by_matrix,e9839e3017c9ef118c4b8aeafef39e78c11ecbdb89764e9ca676a7dc2fb6d062,"{""distance"":3,""physical_error_rate"":1e-06}","{""detection_events"":369,""detectors_checked"":170311680}"
   3134464,         0,         0,   115.4,decoder_by_matrix,e9839e3017c9ef118c4b8aeafef39e78c11ecbdb89764e9ca676a7dc2fb6d062,"{""distance"":3,""physical_error_rate"":1e-06}","{""detection_events"":519,""detectors_checked"":169261056}"
   2752512,         0,         0,   113.5,decoder_by_matrix,560c721f87db01d4cacf7dcb7d8812fecde61e9e7776d4b9e1b1a792578ecad7,"{""distance"":3,""physical_error_rate"":5e-06}","{""detection_events"":2247,""detectors_checked"":148635648}"
   1306624,         1,         0,   118.3,decoder_by_matrix,beec9fd12293a9cfe53c9b61fb8ce2a525e4eed38fa75d132d6dc64699336876,"{""distance"":3,""physical_error_rate"":0.0001}","{""detection_events"":18765,""detectors_checked"":70557696,""obs_mistake_mask=E"":1}"
   1287168,         2,         0,   117.9,decoder_by_matrix,beec9fd12293a9cfe53c9b61fb8ce2a525e4eed38fa75d132d6dc64699336876,"{""distance"":3,""physical_error_rate"":0.0001}","{""detection_events"":18342,""detectors_checked"":69507072,""obs_mistake_mask=E"":2}"
   2490368,         0,         0,   115.4,decoder_by_matrix,e25b8d07214a8afb95d354611a83b9bb1ded39644e323a8585b3aabf687a4fff,"{""distance"":3,""physical_error_rate"":1e-05}","{""detection_events"":3603,""detectors_checked"":134479872}"
   2753536,         0,         0,   115.1,decoder_by_matrix,560c721f87db01d4cacf7dcb7d8812fecde61e9e7776d4b9e1b1a792578ecad7,"{""distance"":3,""physical_error_rate"":5e-06}","{""detection_events"":2028,""detectors_checked"":148690944}"
   2771968,         0,         0,   115.4,decoder_by_matrix,560c721f87db01d4cacf7dcb7d8812fecde61e9e7776d4b9e1b1a792578ecad7,"{""distance"":3,""physical_error_rate"":5e-06}","{""detection_events"":2094,""detectors_checked"":149686272}"
   2495488,         0,         0,   116.9,decoder_by_matrix,e25b8d07214a8afb95d354611a83b9bb1ded39644e323a8585b3aabf687a4fff,"{""distance"":3,""physical_error_rate"":1e-05}","{""detection_events"":3765,""detectors_checked"":134756352}"
   1544192,         0,         0,   116.3,decoder_by_matrix,36e3cd26fed5ec7649ec51fb08c1a5e7d7f30e615782d954fee045c18a4962ca,"{""distance"":3,""physical_error_rate"":5e-05}","{""detection_events"":11403,""detectors_checked"":83386368}"
   1304576,         0,         0,   118.3,decoder_by_matrix,beec9fd12293a9cfe53c9b61fb8ce2a525e4eed38fa75d132d6dc64699336876,"{""distance"":3,""physical_error_rate"":0.0001}","{""detection_events"":19146,""detectors_checked"":70447104}"
   1163264,        20,         0,   117.8,decoder_by_matrix,5c8c81bfec719079c388cedc47a351f264c1bf769ae28a89f9b4fc7719fea501,"{""distance"":3,""physical_error_rate"":0.0005}","{""detection_events"":83037,""detectors_checked"":62816256,""obs_mistake_mask=E"":20}"
   1161216,        25,         0,   117.2,decoder_by_matrix,5c8c81bfec719079c388cedc47a351f264c1bf769ae28a89f9b4fc7719fea501,"{""distance"":3,""physical_error_rate"":0.0005}","{""detection_events"":86154,""detectors_checked"":62705664,""obs_mistake_mask=E"":25}"
   1298432,         0,         0,   117.8,decoder_by_matrix,beec9fd12293a9cfe53c9b61fb8ce2a525e4eed38fa75d132d6dc64699336876,"{""distance"":3,""physical_error_rate"":0.0001}","{""detection_events"":19572,""detectors_checked"":70115328}"
   3135488,         0,         0,   114.0,decoder_by_matrix,e9839e3017c9ef118c4b8aeafef39e78c11ecbdb89764e9ca676a7dc2fb6d062,"{""distance"":3,""physical_error_rate"":1e-06}","{""detection_events"":498,""detectors_checked"":169316352}"
   1304576,         0,         0,   116.0,decoder_by_matrix,beec9fd12293a9cfe53c9b61fb8ce2a525e4eed38fa75d132d6dc64699336876,"{""distance"":3,""physical_error_rate"":0.0001}","{""detection_events"":19158,""detectors_checked"":70447104}"
   2422784,         0,         0,   114.6,decoder_by_matrix,e25b8d07214a8afb95d354611a83b9bb1ded39644e323a8585b3aabf687a4fff,"{""distance"":3,""physical_error_rate"":1e-05}","{""detection_events"":3735,""detectors_checked"":130830336}"
   2499584,         0,         0,   115.9,decoder_by_matrix,e25b8d07214a8afb95d354611a83b9bb1ded39644e323a8585b3aabf687a4fff,"{""distance"":3,""physical_error_rate"":1e-05}","{""detection_events"":3663,""detectors_checked"":134977536}"
   3148800,         0,         0,   116.2,decoder_by_matrix,e9839e3017c9ef118c4b8aeafef39e78c11ecbdb89764e9ca676a7dc2fb6d062,"{""distance"":3,""physical_error_rate"":1e-06}","{""detection_events"":360,""detectors_checked"":170035200}"
   1565696,         0,         0,   117.3,decoder_by_matrix,36e3cd26fed5ec7649ec51fb08c1a5e7d7f30e615782d954fee045c18a4962ca,"{""distance"":3,""physical_error_rate"":5e-05}","{""detection_events"":10875,""detectors_checked"":84547584}"
   1169408,        21,         0,   118.2,decoder_by_matrix,5c8c81bfec719079c388cedc47a351f264c1bf769ae28a89f9b4fc7719fea501,"{""distance"":3,""physical_error_rate"":0.0005}","{""detection_events"":85137,""detectors_checked"":63148032,""obs_mistake_mask=E"":21}"
   1298432,         0,         0,   117.5,decoder_by_matrix,beec9fd12293a9cfe53c9b61fb8ce2a525e4eed38fa75d132d6dc64699336876,"{""distance"":3,""physical_error_rate"":0.0001}","{""detection_events"":19329,""detectors_checked"":70115328}"
   3153920,         0,         0,   115.9,decoder_by_matrix,e9839e3017c9ef118c4b8aeafef39e78c11ecbdb89764e9ca676a7dc2fb6d062,"{""distance"":3,""physical_error_rate"":1e-06}","{""detection_events"":408,""detectors_checked"":170311680}"
   1304576,         1,         0,   117.8,decoder_by_matrix,beec9fd12293a9cfe53c9b61fb8ce2a525e4eed38fa75d132d6dc64699336876,"{""distance"":3,""physical_error_rate"":0.0001}","{""detection_events"":19197,""detectors_checked"":70447104,""obs_mistake_mask=E"":1}"
   2779136,         0,         0,   114.1,decoder_by_matrix,560c721f87db01d4cacf7dcb7d8812fecde61e9e7776d4b9e1b1a792578ecad7,"{""distance"":3,""physical_error_rate"":5e-06}","{""detection_events"":2118,""detectors_checked"":150073344}"
   1530880,         0,         0,   118.1,decoder_by_matrix,36e3cd26fed5ec7649ec51fb08c1a5e7d7f30e615782d954fee045c18a4962ca,"{""distance"":3,""physical_error_rate"":5e-05}","{""detection_events"":11037,""detectors_checked"":82667520}"
   1310720,         0,         0,   117.3,decoder_by_matrix,beec9fd12293a9cfe53c9b61fb8ce2a525e4eed38fa75d132d6dc64699336876,"{""distance"":3,""physical_error_rate"":0.0001}","{""detection_events"":19500,""detectors_checked"":70778880}"
   2522112,         0,         0,   115.7,decoder_by_matrix,e25b8d07214a8afb95d354611a83b9bb1ded39644e323a8585b3aabf687a4fff,"{""distance"":3,""physical_error_rate"":1e-05}","{""detection_events"":3426,""detectors_checked"":136194048}"
   2833408,         0,         0,   116.5,decoder_by_matrix,560c721f87db01d4cacf7dcb7d8812fecde61e9e7776d4b9e1b1a792578ecad7,"{""distance"":3,""physical_error_rate"":5e-06}","{""detection_events"":1863,""detectors_checked"":153004032}"
   3138560,         0,         0,   114.7,decoder_by_matrix,e9839e3017c9ef118c4b8aeafef39e78c11ecbdb89764e9ca676a7dc2fb6d062,"{""distance"":3,""physical_error_rate"":1e-06}","{""detection_events"":495,""detectors_checked"":169482240}"
   1545216,         0,         0,   117.2,decoder_by_matrix,36e3cd26fed5ec7649ec51fb08c1a5e7d7f30e615782d954fee045c18a4962ca,"{""distance"":3,""physical_error_rate"":5e-05}","{""detection_events"":11520,""detectors_checked"":83441664}"
   1163264,        23,         0,   118.2,decoder_by_matrix,5c8c81bfec719079c388cedc47a351f264c1bf769ae28a89f9b4fc7719fea501,"{""distance"":3,""physical_error_rate"":0.0005}","{""detection_events"":85092,""detectors_checked"":62816256,""obs_mistake_mask=E"":23}"
   1562624,         0,         0,   117.7,decoder_by_matrix,36e3cd26fed5ec7649ec51fb08c1a5e7d7f30e615782d954fee045c18a4962ca,"{""distance"":3,""physical_error_rate"":5e-05}","{""detection_events"":11064,""detectors_checked"":84381696}"
   2494464,         0,         0,   114.2,decoder_by_matrix,e25b8d07214a8afb95d354611a83b9bb1ded39644e323a8585b3aabf687a4fff,"{""distance"":3,""physical_error_rate"":1e-05}","{""detection_events"":3489,""detectors_checked"":134701056}"
   2483200,         0,         0,   115.9,decoder_by_matrix,e25b8d07214a8afb95d354611a83b9bb1ded39644e323a8585b3aabf687a4fff,"{""distance"":3,""physical_error_rate"":1e-05}","{""detection_events"":3495,""detectors_checked"":134092800}"
   1307648,         1,         0,   118.2,decoder_by_matrix,beec9fd12293a9cfe53c9b61fb8ce2a525e4eed38fa75d132d6dc64699336876,"{""distance"":3,""physical_error_rate"":0.0001}","{""detection_events"":18891,""detectors_checked"":70612992,""obs_mistake_mask=E"":1}"
   2799616,         0,         0,   114.5,decoder_by_matrix,560c721f87db01d4cacf7dcb7d8812fecde61e9e7776d4b9e1b1a792578ecad7,"{""distance"":3,""physical_error_rate"":5e-06}","{""detection_events"":2040,""detectors_checked"":151179264}"
   1163264,        23,         0,   116.8,decoder_by_matrix,5c8c81bfec719079c388cedc47a351f264c1bf769ae28a89f9b4fc7719fea501,"{""distance"":3,""physical_error_rate"":0.0005}","{""detection_events"":85605,""detectors_checked"":62816256,""obs_mistake_mask=E"":23}"
   1161216,        22,         0,   116.8,decoder_by_matrix,5c8c81bfec719079c388cedc47a351f264c1bf769ae28a89f9b4fc7719fea501,"{""distance"":3,""physical_error_rate"":0.0005}","{""detection_events"":84426,""detectors_checked"":62705664,""obs_mistake_mask=E"":22}"
   1289216,         2,         0,   118.2,decoder_by_matrix,beec9fd12293a9cfe53c9b61fb8ce2a525e4eed38fa75d132d6dc64699336876,"{""distance"":3,""physical_error_rate"":0.0001}","{""detection_events"":19479,""detectors_checked"":69617664,""obs_mistake_mask=E"":2}"
   3153920,         0,         0,   113.2,decoder_by_matrix,e9839e3017c9ef118c4b8aeafef39e78c11ecbdb89764e9ca676a7dc2fb6d062,"{""distance"":3,""physical_error_rate"":1e-06}","{""detection_events"":339,""detectors_checked"":170311680}"
   1545216,         0,         0,   118.2,decoder_by_matrix,36e3cd26fed5ec7649ec51fb08c1a5e7d7f30e615782d954fee045c18a4962ca,"{""distance"":3,""physical_error_rate"":5e-05}","{""detection_events"":11343,""detectors_checked"":83441664}"
   1531904,         0,         0,   117.8,decoder_by_matrix,36e3cd26fed5ec7649ec51fb08c1a5e7d7f30e615782d954fee045c18a4962ca,"{""distance"":3,""physical_error_rate"":5e-05}","{""detection_events"":11172,""detectors_checked"":82722816}"
   1295360,         1,         0,   116.6,decoder_by_matrix,beec9fd12293a9cfe53c9b61fb8ce2a525e4eed38fa75d132d6dc64699336876,"{""distance"":3,""physical_error_rate"":0.0001}","{""detection_events"":19236,""detectors_checked"":69949440,""obs_mistake_mask=E"":1}"
   2760704,         0,         0,   115.9,decoder_by_matrix,560c721f87db01d4cacf7dcb7d8812fecde61e9e7776d4b9e1b1a792578ecad7,"{""distance"":3,""physical_error_rate"":5e-06}","{""detection_events"":2238,""detectors_checked"":149078016}"
   2425856,         0,         0,   115.7,decoder_by_matrix,e25b8d07214a8afb95d354611a83b9bb1ded39644e323a8585b3aabf687a4fff,"{""distance"":3,""physical_error_rate"":1e-05}","{""detection_events"":3840,""detectors_checked"":130996224}"
   3138560,         0,         0,   115.0,decoder_by_matrix,e9839e3017c9ef118c4b8aeafef39e78c11ecbdb89764e9ca676a7dc2fb6d062,"{""distance"":3,""physical_error_rate"":1e-06}","{""detection_events"":441,""detectors_checked"":169482240}"
   1526784,         0,         0,   116.9,decoder_by_matrix,36e3cd26fed5ec7649ec51fb08c1a5e7d7f30e615782d954fee045c18a4962ca,"{""distance"":3,""physical_error_rate"":5e-05}","{""detection_events"":11754,""detectors_checked"":82446336}"
   1167360,        16,         0,   118.2,decoder_by_matrix,5c8c81bfec719079c388cedc47a351f264c1bf769ae28a89f9b4fc7719fea501,"{""distance"":3,""physical_error_rate"":0.0005}","{""detection_events"":83697,""detectors_checked"":63037440,""obs_mistake_mask=E"":16}"
   1581056,         0,         0,   116.2,decoder_by_matrix,36e3cd26fed5ec7649ec51fb08c1a5e7d7f30e615782d954fee045c18a4962ca,"{""distance"":3,""physical_error_rate"":5e-05}","{""detection_events"":11043,""detectors_checked"":85377024}"
   1168384,        19,         0,   118.1,decoder_by_matrix,5c8c81bfec719079c388cedc47a351f264c1bf769ae28a89f9b4fc7719fea501,"{""distance"":3,""physical_error_rate"":0.0005}","{""detection_events"":85794,""detectors_checked"":63092736,""obs_mistake_mask=E"":19}"
   2731008,         0,         0,   117.8,decoder_by_matrix,560c721f87db01d4cacf7dcb7d8812fecde61e9e7776d4b9e1b1a792578ecad7,"{""distance"":3,""physical_error_rate"":5e-06}","{""detection_events"":2127,""detectors_checked"":147474432}"
   2414592,         0,         0,   114.7,decoder_by_matrix,e25b8d07214a8afb95d354611a83b9bb1ded39644e323a8585b3aabf687a4fff,"{""distance"":3,""physical_error_rate"":1e-05}","{""detection_events"":3882,""detectors_checked"":130387968}"
   3137536,         0,         0,   114.0,decoder_by_matrix,e9839e3017c9ef118c4b8aeafef39e78c11ecbdb89764e9ca676a7dc2fb6d062,"{""distance"":3,""physical_error_rate"":1e-06}","{""detection_events"":411,""detectors_checked"":169426944}"
   2803712,         0,         0,   112.4,decoder_by_matrix,560c721f87db01d4cacf7dcb7d8812fecde61e9e7776d4b9e1b1a792578ecad7,"{""distance"":3,""physical_error_rate"":5e-06}","{""detection_events"":2046,""detectors_checked"":151400448}"
   1164288,        30,         0,   117.2,decoder_by_matrix,5c8c81bfec719079c388cedc47a351f264c1bf769ae28a89f9b4fc7719fea501,"{""distance"":3,""physical_error_rate"":0.0005}","{""detection_events"":84516,""detectors_checked"":62871552,""obs_mistake_mask=E"":30}"
   2443264,         0,         0,   115.8,decoder_by_matrix,e25b8d07214a8afb95d354611a83b9bb1ded39644e323a8585b3aabf687a4fff,"{""distance"":3,""physical_error_rate"":1e-05}","{""detection_events"":3621,""detectors_checked"":131936256}"
   2798592,         0,         0,   114.5,decoder_by_matrix,560c721f87db01d4cacf7dcb7d8812fecde61e9e7776d4b9e1b1a792578ecad7,"{""distance"":3,""physical_error_rate"":5e-06}","{""detection_events"":2037,""detectors_checked"":151123968}"
   1541120,         2,         0,   116.7,decoder_by_matrix,36e3cd26fed5ec7649ec51fb08c1a5e7d7f30e615782d954fee045c18a4962ca,"{""distance"":3,""physical_error_rate"":5e-05}","{""detection_events"":11535,""detectors_checked"":83220480,""obs_mistake_mask=E"":2}"
   1167360,        20,         0,   117.9,decoder_by_matrix,5c8c81bfec719079c388cedc47a351f264c1bf769ae28a89f9b4fc7719fea501,"{""distance"":3,""physical_error_rate"":0.0005}","{""detection_events"":83670,""detectors_checked"":63037440,""obs_mistake_mask=E"":20}"
   3137536,         0,         0,   114.7,decoder_by_matrix,e9839e3017c9ef118c4b8aeafef39e78c11ecbdb89764e9ca676a7dc2fb6d062,"{""distance"":3,""physical_error_rate"":1e-06}","{""detection_events"":432,""detectors_checked"":169426944}"
   1561600,         0,         0,   118.1,decoder_by_matrix,36e3cd26fed5ec7649ec51fb08c1a5e7d7f30e615782d954fee045c18a4962ca,"{""distance"":3,""physical_error_rate"":5e-05}","{""detection_events"":11304,""detectors_checked"":84326400}"
   1165312,        15,         0,   117.6,decoder_by_matrix,5c8c81bfec719079c388cedc47a351f264c1bf769ae28a89f9b4fc7719fea501,"{""distance"":3,""physical_error_rate"":0.0005}","{""detection_events"":86508,""detectors_checked"":62926848,""obs_mistake_mask=E"":15}"
   2448384,         0,         0,   115.6,decoder_by_matrix,e25b8d07214a8afb95d354611a83b9bb1ded39644e323a8585b3aabf687a4fff,"{""distance"":3,""physical_error_rate"":1e-05}","{""detection_events"":3570,""detectors_checked"":132212736}"
   3148800,         0,         0,   114.5,decoder_by_matrix,e9839e3017c9ef118c4b8aeafef39e78c11ecbdb89764e9ca676a7dc2fb6d062,"{""distance"":3,""physical_error_rate"":1e-06}","{""detection_events"":426,""detectors_checked"":170035200}"
   2779136,         0,         0,   115.5,decoder_by_matrix,560c721f87db01d4cacf7dcb7d8812fecde61e9e7776d4b9e1b1a792578ecad7,"{""distance"":3,""physical_error_rate"":5e-06}","{""detection_events"":2094,""detectors_checked"":150073344}"
   3135488,         0,         0,   114.0,decoder_by_matrix,e9839e3017c9ef118c4b8aeafef39e78c11ecbdb89764e9ca676a7dc2fb6d062,"{""distance"":3,""physical_error_rate"":1e-06}","{""detection_events"":474,""detectors_checked"":169316352}"
   1300480,         6,         0,   116.5,decoder_by_matrix,beec9fd12293a9cfe53c9b61fb8ce2a525e4eed38fa75d132d6dc64699336876,"{""distance"":3,""physical_error_rate"":0.0001}","{""detection_events"":18750,""detectors_checked"":70225920,""obs_mistake_mask=E"":6}"
   2430976,         0,         0,   117.0,decoder_by_matrix,e25b8d07214a8afb95d354611a83b9bb1ded39644e323a8585b3aabf687a4fff,"{""distance"":3,""physical_error_rate"":1e-05}","{""detection_events"":3726,""detectors_checked"":131272704}"
   1296384,         0,         0,   117.7,decoder_by_matrix,beec9fd12293a9cfe53c9b61fb8ce2a525e4eed38fa75d132d6dc64699336876,"{""distance"":3,""physical_error_rate"":0.0001}","{""detection_events"":19161,""detectors_checked"":70004736}"
   2772992,         0,         0,   116.6,decoder_by_matrix,560c721f87db01d4cacf7dcb7d8812fecde61e9e7776d4b9e1b1a792578ecad7,"{""distance"":3,""physical_error_rate"":5e-06}","{""detection_events"":1953,""detectors_checked"":149741568}"
   2450432,         0,         0,   112.7,decoder_by_matrix,e25b8d07214a8afb95d354611a83b9bb1ded39644e323a8585b3aabf687a4fff,"{""distance"":3,""physical_error_rate"":1e-05}","{""detection_events"":3813,""detectors_checked"":132323328}"
   2757632,         0,         0,   116.3,decoder_by_matrix,560c721f87db01d4cacf7dcb7d8812fecde61e9e7776d4b9e1b1a792578ecad7,"{""distance"":3,""physical_error_rate"":5e-06}","{""detection_events"":2184,""detectors_checked"":148912128}"
   1555456,         0,         0,   116.8,decoder_by_matrix,36e3cd26fed5ec7649ec51fb08c1a5e7d7f30e615782d954fee045c18a4962ca,"{""distance"":3,""physical_error_rate"":5e-05}","{""detection_events"":11289,""detectors_checked"":83994624}"
   1306624,         3,         0,   117.0,decoder_by_matrix,beec9fd12293a9cfe53c9b61fb8ce2a525e4eed38fa75d132d6dc64699336876,"{""distance"":3,""physical_error_rate"":0.0001}","{""detection_events"":18231,""detectors_checked"":70557696,""obs_mistake_mask=E"":3}"
   1160192,        21,         0,   117.5,decoder_by_matrix,5c8c81bfec719079c388cedc47a351f264c1bf769ae28a89f9b4fc7719fea501,"{""distance"":3,""physical_error_rate"":0.0005}","{""detection_events"":84186,""detectors_checked"":62650368,""obs_mistake_mask=E"":21}"
   1162240,        13,         0,   117.6,decoder_by_matrix,5c8c81bfec719079c388cedc47a351f264c1bf769ae28a89f9b4fc7719fea501,"{""distance"":3,""physical_error_rate"":0.0005}","{""detection_events"":85386,""detectors_checked"":62760960,""obs_mistake_mask=E"":13}"
   3146752,         0,         0,   114.4,decoder_by_matrix,e9839e3017c9ef118c4b8aeafef39e78c11ecbdb89764e9ca676a7dc2fb6d062,"{""distance"":3,""physical_error_rate"":1e-06}","{""detection_events"":357,""detectors_checked"":169924608}"
   1301504,         3,         0,   118.6,decoder_by_matrix,beec9fd12293a9cfe53c9b61fb8ce2a525e4eed38fa75d132d6dc64699336876,"{""distance"":3,""physical_error_rate"":0.0001}","{""detection_events"":19131,""detectors_checked"":70281216,""obs_mistake_mask=E"":3}"
   1298432,         0,         0,   118.5,decoder_by_matrix,beec9fd12293a9cfe53c9b61fb8ce2a525e4eed38fa75d132d6dc64699336876,"{""distance"":3,""physical_error_rate"":0.0001}","{""detection_events"":20310,""detectors_checked"":70115328}"
   2476032,         0,         0,   115.1,decoder_by_matrix,e25b8d07214a8afb95d354611a83b9bb1ded39644e323a8585b3aabf687a4fff,"{""distance"":3,""physical_error_rate"":1e-05}","{""detection_events"":3462,""detectors_checked"":133705728}"
   3115008,         0,         0,   114.8,decoder_by_matrix,e9839e3017c9ef118c4b8aeafef39e78c11ecbdb89764e9ca676a7dc2fb6d062,"{""distance"":3,""physical_error_rate"":1e-06}","{""detection_events"":537,""detectors_checked"":168210432}"
   2489344,         0,         0,   116.8,decoder_by_matrix,e25b8d07214a8afb95d354611a83b9bb1ded39644e323a8585b3aabf687a4fff,"{""distance"":3,""physical_error_rate"":1e-05}","{""detection_events"":3528,""detectors_checked"":134424576}"
   1545216,         1,         0,   115.8,decoder_by_matrix,36e3cd26fed5ec7649ec51fb08c1a5e7d7f30e615782d954fee045c18a4962ca,"{""distance"":3,""physical_error_rate"":5e-05}","{""detection_events"":11097,""detectors_checked"":83441664,""obs_mistake_mask=E"":1}"
   1168384,        17,         0,   117.5,decoder_by_matrix,5c8c81bfec719079c388cedc47a351f264c1bf769ae28a89f9b4fc7719fea501,"{""distance"":3,""physical_error_rate"":0.0005}","{""detection_events"":85785,""detectors_checked"":63092736,""obs_mistake_mask=E"":17}"
   1302528,         2,         0,   117.8,decoder_by_matrix,beec9fd12293a9cfe53c9b61fb8ce2a525e4eed38fa75d132d6dc64699336876,"{""distance"":3,""physical_error_rate"":0.0001}","{""detection_events"":18405,""detectors_checked"":70336512,""obs_mistake_mask=E"":2}"
   3151872,         0,         0,   113.4,decoder_by_matrix,e9839e3017c9ef118c4b8aeafef39e78c11ecbdb89764e9ca676a7dc2fb6d062,"{""distance"":3,""physical_error_rate"":1e-06}","{""detection_events"":417,""detectors_checked"":170201088}"
   1304576,         1,         0,   117.2,decoder_by_matrix,beec9fd12293a9cfe53c9b61fb8ce2a525e4eed38fa75d132d6dc64699336876,"{""distance"":3,""physical_error_rate"":0.0001}","{""detection_events"":18843,""detectors_checked"":70447104,""obs_mistake_mask=E"":1}"
   2831360,         0,         0,   115.7,decoder_by_matrix,560c721f87db01d4cacf7dcb7d8812fecde61e9e7776d4b9e1b1a792578ecad7,"{""distance"":3,""physical_error_rate"":5e-06}","{""detection_events"":1755,""detectors_checked"":152893440}"
   1564672,         1,         0,   117.0,decoder_by_matrix,36e3cd26fed5ec7649ec51fb08c1a5e7d7f30e615782d954fee045c18a4962ca,"{""distance"":3,""physical_error_rate"":5e-05}","{""detection_events"":10674,""detectors_checked"":84492288,""obs_mistake_mask=E"":1}"
   1306624,         0,         0,   117.0,decoder_by_matrix,beec9fd12293a9cfe53c9b61fb8ce2a525e4eed38fa75d132d6dc64699336876,"{""distance"":3,""physical_error_rate"":0.0001}","{""detection_events"":19197,""detectors_checked"":70557696}"
   2787328,         0,         0,   115.4,decoder_by_matrix,560c721f87db01d4cacf7dcb7d8812fecde61e9e7776d4b9e1b1a792578ecad7,"{""distance"":3,""physical_error_rate"":5e-06}","{""detection_events"":2112,""detectors_checked"":150515712}"
   2472960,         0,         0,   115.7,decoder_by_matrix,e25b8d07214a8afb95d354611a83b9bb1ded39644e323a8585b3aabf687a4fff,"{""distance"":3,""physical_error_rate"":1e-05}","{""detection_events"":3471,""detectors_checked"":133539840}"
   3135488,         0,         0,   115.8,decoder_by_matrix,e9839e3017c9ef118c4b8aeafef39e78c11ecbdb89764e9ca676a7dc2fb6d062,"{""distance"":3,""physical_error_rate"":1e-06}","{""detection_events"":450,""detectors_checked"":169316352}"
   1559552,         0,         0,   117.1,decoder_by_matrix,36e3cd26fed5ec7649ec51fb08c1a5e7d7f30e615782d954fee045c18a4962ca,"{""distance"":3,""physical_error_rate"":5e-05}","{""detection_events"":10854,""detectors_checked"":84215808}"
   1162240,        19,         0,   118.3,decoder_by_matrix,5c8c81bfec719079c388cedc47a351f264c1bf769ae28a89f9b4fc7719fea501,"{""distance"":3,""physical_error_rate"":0.0005}","{""detection_events"":84951,""detectors_checked"":62760960,""obs_mistake_mask=E"":19}"
   1523712,         0,         0,   117.2,decoder_by_matrix,36e3cd26fed5ec7649ec51fb08c1a5e7d7f30e615782d954fee045c18a4962ca,"{""distance"":3,""physical_error_rate"":5e-05}","{""detection_events"":11775,""detectors_checked"":82280448}"
   2457600,         0,         0,   116.1,decoder_by_matrix,e25b8d07214a8afb95d354611a83b9bb1ded39644e323a8585b3aabf687a4fff,"{""distance"":3,""physical_error_rate"":1e-05}","{""detection_events"":3678,""detectors_checked"":132710400}"
   1159168,        21,         0,   118.1,decoder_by_matrix,5c8c81bfec719079c388cedc47a351f264c1bf769ae28a89f9b4fc7719fea501,"{""distance"":3,""physical_error_rate"":0.0005}","{""detection_events"":84618,""detectors_checked"":62595072,""obs_mistake_mask=E"":21}"
   2802688,         0,         0,   115.5,decoder_by_matrix,560c721f87db01d4cacf7dcb7d8812fecde61e9e7776d4b9e1b1a792578ecad7,"{""distance"":3,""physical_error_rate"":5e-06}","{""detection_events"":2034,""detectors_checked"":151345152}"
   2444288,         0,         0,   115.3,decoder_by_matrix,e25b8d07214a8afb95d354611a83b9bb1ded39644e323a8585b3aabf687a4fff,"{""distance"":3,""physical_error_rate"":1e-05}","{""detection_events"":3570,""detectors_checked"":131991552}"
   1293312,         2,         0,   118.1,decoder_by_matrix,beec9fd12293a9cfe53c9b61fb8ce2a525e4eed38fa75d132d6dc64699336876,"{""distance"":3,""physical_error_rate"":0.0001}","{""detection_events"":19953,""detectors_checked"":69838848,""obs_mistake_mask=E"":2}"
   1165312,        19,         0,   117.1,decoder_by_matrix,5c8c81bfec719079c388cedc47a351f264c1bf769ae28a89f9b4fc7719fea501,"{""distance"":3,""physical_error_rate"":0.0005}","{""detection_events"":84378,""detectors_checked"":62926848,""obs_mistake_mask=E"":19}"
   3144704,         0,         0,   115.7,decoder_by_matrix,e9839e3017c9ef118c4b8aeafef39e78c11ecbdb89764e9ca676a7dc2fb6d062,"{""distance"":3,""physical_error_rate"":1e-06}","{""detection_events"":411,""detectors_checked"":169814016}"
   1300480,         0,         0,   116.9,decoder_by_matrix,beec9fd12293a9cfe53c9b61fb8ce2a525e4eed38fa75d132d6dc64699336876,"{""distance"":3,""physical_error_rate"":0.0001}","{""detection_events"":18993,""detectors_checked"":70225920}"
   1529856,         1,         0,   118.0,decoder_by_matrix,36e3cd26fed5ec7649ec51fb08c1a5e7d7f30e615782d954fee045c18a4962ca,"{""distance"":3,""physical_error_rate"":5e-05}","{""detection_events"":11577,""detectors_checked"":82612224,""obs_mistake_mask=E"":1}"
   1507328,         0,         0,   118.1,decoder_by_matrix,36e3cd26fed5ec7649ec51fb08c1a5e7d7f30e615782d954fee045c18a4962ca,"{""distance"":3,""physical_error_rate"":5e-05}","{""detection_events"":11160,""detectors_checked"":81395712}"
   1311744,         0,         0,   118.1,decoder_by_matrix,beec9fd12293a9cfe53c9b61fb8ce2a525e4eed38fa75d132d6dc64699336876,"{""distance"":3,""physical_error_rate"":0.0001}","{""detection_events"":18957,""detectors_checked"":70834176}"
   2785280,         0,         0,   114.9,decoder_by_matrix,560c721f87db01d4cacf7dcb7d8812fecde61e9e7776d4b9e1b1a792578ecad7,"{""distance"":3,""physical_error_rate"":5e-06}","{""detection_events"":1911,""detectors_checked"":150405120}"
   2489344,         0,         0,   114.2,decoder_by_matrix,e25b8d07214a8afb95d354611a83b9bb1ded39644e323a8585b3aabf687a4fff,"{""distance"":3,""physical_error_rate"":1e-05}","{""detection_events"":3363,""detectors_checked"":134424576}"
   3147776,         0,         0,   115.2,decoder_by_matrix,e9839e3017c9ef118c4b8aeafef39e78c11ecbdb89764e9ca676a7dc2fb6d062,"{""distance"":3,""physical_error_rate"":1e-06}","{""detection_events"":357,""detectors_checked"":169979904}"
   1555456,         0,         0,   116.5,decoder_by_matrix,36e3cd26fed5ec7649ec51fb08c1a5e7d7f30e615782d954fee045c18a4962ca,"{""distance"":3,""physical_error_rate"":5e-05}","{""detection_events"":11301,""detectors_checked"":83994624}"
   1170432,        20,         0,   117.4,decoder_by_matrix,5c8c81bfec719079c388cedc47a351f264c1bf769ae28a89f9b4fc7719fea501,"{""distance"":3,""physical_error_rate"":0.0005}","{""detection_events"":85311,""detectors_checked"":63203328,""obs_mistake_mask=E"":20}"
   1166336,        17,         0,   115.4,decoder_by_matrix,5c8c81bfec719079c388cedc47a351f264c1bf769ae28a89f9b4fc7719fea501,"{""distance"":3,""physical_error_rate"":0.0005}","{""detection_events"":84720,""detectors_checked"":62982144,""obs_mistake_mask=E"":17}"
   1559552,         1,         0,   115.8,decoder_by_matrix,36e3cd26fed5ec7649ec51fb08c1a5e7d7f30e615782d954fee045c18a4962ca,"{""distance"":3,""physical_error_rate"":5e-05}","{""detection_events"":11505,""detectors_checked"":84215808,""obs_mistake_mask=E"":1}"
   2759680,         0,         0,   115.6,decoder_by_matrix,560c721f87db01d4cacf7dcb7d8812fecde61e9e7776d4b9e1b1a792578ecad7,"{""distance"":3,""physical_error_rate"":5e-06}","{""detection_events"":2082,""detectors_checked"":149022720}"
   3135488,         0,         0,   115.1,decoder_by_matrix,e9839e3017c9ef118c4b8aeafef39e78c11ecbdb89764e9ca676a7dc2fb6d062,"{""distance"":3,""physical_error_rate"":1e-06}","{""detection_events"":447,""detectors_checked"":169316352}"
   2466816,         0,         0,   115.1,decoder_by_matrix,e25b8d07214a8afb95d354611a83b9bb1ded39644e323a8585b3aabf687a4fff,"{""distance"":3,""physical_error_rate"":1e-05}","{""detection_events"":3456,""detectors_checked"":133208064}"
   2810880,         0,         0,   116.2,decoder_by_matrix,560c721f87db01d4cacf7dcb7d8812fecde61e9e7776d4b9e1b1a792578ecad7,"{""distance"":3,""physical_error_rate"":5e-06}","{""detection_events"":2016,""detectors_checked"":151787520}"
   2461696,         0,         0,   116.4,decoder_by_matrix,e25b8d07214a8afb95d354611a83b9bb1ded39644e323a8585b3aabf687a4fff,"{""distance"":3,""physical_error_rate"":1e-05}","{""detection_events"":3486,""detectors_checked"":132931584}"
   1161216,        21,         0,   117.8,decoder_by_matrix,5c8c81bfec719079c388cedc47a351f264c1bf769ae28a89f9b4fc7719fea501,"{""distance"":3,""physical_error_rate"":0.0005}","{""detection_events"":84018,""detectors_checked"":62705664,""obs_mistake_mask=E"":21}"
   2785280,         0,         0,   114.8,decoder_by_matrix,560c721f87db01d4cacf7dcb7d8812fecde61e9e7776d4b9e1b1a792578ecad7,"{""distance"":3,""physical_error_rate"":5e-06}","{""detection_events"":2049,""detectors_checked"":150405120}"
   1539072,         0,         0,   115.5,decoder_by_matrix,36e3cd26fed5ec7649ec51fb08c1a5e7d7f30e615782d954fee045c18a4962ca,"{""distance"":3,""physical_error_rate"":5e-05}","{""detection_events"":11136,""detectors_checked"":83109888}"
   1167360,        22,         0,   117.8,decoder_by_matrix,5c8c81bfec719079c388cedc47a351f264c1bf769ae28a89f9b4fc7719fea501,"{""distance"":3,""physical_error_rate"":0.0005}","{""detection_events"":85269,""detectors_checked"":63037440,""obs_mistake_mask=E"":22}"
   3141632,         0,         0,   114.8,decoder_by_matrix,e9839e3017c9ef118c4b8aeafef39e78c11ecbdb89764e9ca676a7dc2fb6d062,"{""distance"":3,""physical_error_rate"":1e-06}","{""detection_events"":486,""detectors_checked"":169648128}"
   2413568,         0,         0,   116.7,decoder_by_matrix,e25b8d07214a8afb95d354611a83b9bb1ded39644e323a8585b3aabf687a4fff,"{""distance"":3,""physical_error_rate"":1e-05}","{""detection_events"":3780,""detectors_checked"":130332672}"
   1165312,        16,         0,   117.3,decoder_by_matrix,5c8c81bfec719079c388cedc47a351f264c1bf769ae28a89f9b4fc7719fea501,"{""distance"":3,""physical_error_rate"":0.0005}","{""detection_events"":84519,""detectors_checked"":62926848,""obs_mistake_mask=E"":16}"
   1555456,         0,         0,   116.5,decoder_by_matrix,36e3cd26fed5ec7649ec51fb08c1a5e7d7f30e615782d954fee045c18a4962ca,"{""distance"":3,""physical_error_rate"":5e-05}","{""detection_events"":10881,""detectors_checked"":83994624}"
   3144704,         0,         0,   113.6,decoder_by_matrix,e9839e3017c9ef118c4b8aeafef39e78c11ecbdb89764e9ca676a7dc2fb6d062,"{""distance"":3,""physical_error_rate"":1e-06}","{""detection_events"":426,""detectors_checked"":169814016}"
   2817024,         0,         0,   115.9,decoder_by_matrix,560c721f87db01d4cacf7dcb7d8812fecde61e9e7776d4b9e1b1a792578ecad7,"{""distance"":3,""physical_error_rate"":5e-06}","{""detection_events"":1914,""detectors_checked"":152119296}"
   1294336,         0,         0,   119.2,decoder_by_matrix,beec9fd12293a9cfe53c9b61fb8ce2a525e4eed38fa75d132d6dc64699336876,"{""distance"":3,""physical_error_rate"":0.0001}","{""detection_events"":19239,""detectors_checked"":69894144}"
   3158016,         0,         0,   114.4,decoder_by_matrix,e9839e3017c9ef118c4b8aeafef39e78c11ecbdb89764e9ca676a7dc2fb6d062,"{""distance"":3,""physical_error_rate"":1e-06}","{""detection_events"":375,""detectors_checked"":170532864}"
   2465792,         0,         0,   115.5,decoder_by_matrix,e25b8d07214a8afb95d354611a83b9bb1ded39644e323a8585b3aabf687a4fff,"{""distance"":3,""physical_error_rate"":1e-05}","{""detection_events"":3693,""detectors_checked"":133152768}"
   1286144,         0,         0,   117.6,decoder_by_matrix,beec9fd12293a9cfe53c9b61fb8ce2a525e4eed38fa75d132d6dc64699336876,"{""distance"":3,""physical_error_rate"":0.0001}","{""detection_events"":18864,""detectors_checked"":69451776}"
   2729984,         0,         0,   115.1,decoder_by_matrix,560c721f87db01d4cacf7dcb7d8812fecde61e9e7776d4b9e1b1a792578ecad7,"{""distance"":3,""physical_error_rate"":5e-06}","{""detection_events"":2262,""detectors_checked"":147419136}"
   2456576,         0,         0,   116.6,decoder_by_matrix,e25b8d07214a8afb95d354611a83b9bb1ded39644e323a8585b3aabf687a4fff,"{""distance"":3,""physical_error_rate"":1e-05}","{""detection_events"":3606,""detectors_checked"":132655104}"
   1560576,         0,         0,   117.8,decoder_by_matrix,36e3cd26fed5ec7649ec51fb08c1a5e7d7f30e615782d954fee045c18a4962ca,"{""distance"":3,""physical_error_rate"":5e-05}","{""detection_events"":11331,""detectors_checked"":84271104}"
   2777088,         0,         0,   115.6,decoder_by_matrix,560c721f87db01d4cacf7dcb7d8812fecde61e9e7776d4b9e1b1a792578ecad7,"{""distance"":3,""physical_error_rate"":5e-06}","{""detection_events"":2121,""detectors_checked"":149962752}"
   1301504,         1,         0,   117.1,decoder_by_matrix,beec9fd12293a9cfe53c9b61fb8ce2a525e4eed38fa75d132d6dc64699336876,"{""distance"":3,""physical_error_rate"":0.0001}","{""detection_events"":19098,""detectors_checked"":70281216,""obs_mistake_mask=E"":1}"
   1162240,        24,         0,   117.3,decoder_by_matrix,5c8c81bfec719079c388cedc47a351f264c1bf769ae28a89f9b4fc7719fea501,"{""distance"":3,""physical_error_rate"":0.0005}","{""detection_events"":84570,""detectors_checked"":62760960,""obs_mistake_mask=E"":24}"
   3131392,         0,         0,   113.8,decoder_by_matrix,e9839e3017c9ef118c4b8aeafef39e78c11ecbdb89764e9ca676a7dc2fb6d062,"{""distance"":3,""physical_error_rate"":1e-06}","{""detection_events"":459,""detectors_checked"":169095168}"
   1162240,        15,         0,   116.7,decoder_by_matrix,5c8c81bfec719079c388cedc47a351f264c1bf769ae28a89f9b4fc7719fea501,"{""distance"":3,""physical_error_rate"":0.0005}","{""detection_events"":85074,""detectors_checked"":62760960,""obs_mistake_mask=E"":15}"
   1308672,         0,         0,   117.0,decoder_by_matrix,beec9fd12293a9cfe53c9b61fb8ce2a525e4eed38fa75d132d6dc64699336876,"{""distance"":3,""physical_error_rate"":0.0001}","{""detection_events"":19185,""detectors_checked"":70668288}"
   1305600,         0,         0,   118.4,decoder_by_matrix,beec9fd12293a9cfe53c9b61fb8ce2a525e4eed38fa75d132d6dc64699336876,"{""distance"":3,""physical_error_rate"":0.0001}","{""detection_events"":19074,""detectors_checked"":70502400}"
   2491392,         0,         0,   116.0,decoder_by_matrix,e25b8d07214a8afb95d354611a83b9bb1ded39644e323a8585b3aabf687a4fff,"{""distance"":3,""physical_error_rate"":1e-05}","{""detection_events"":3540,""detectors_checked"":134535168}"
   2498560,         0,         0,   116.8,decoder_by_matrix,e25b8d07214a8afb95d354611a83b9bb1ded39644e323a8585b3aabf687a4fff,"{""distance"":3,""physical_error_rate"":1e-05}","{""detection_events"":3510,""detectors_checked"":134922240}"
   3118080,         0,         0,   114.8,decoder_by_matrix,e9839e3017c9ef118c4b8aeafef39e78c11ecbdb89764e9ca676a7dc2fb6d062,"{""distance"":3,""physical_error_rate"":1e-06}","{""detection_events"":495,""detectors_checked"":168376320}"
   1527808,         0,         0,   117.1,decoder_by_matrix,36e3cd26fed5ec7649ec51fb08c1a5e7d7f30e615782d954fee045c18a4962ca,"{""distance"":3,""physical_error_rate"":5e-05}","{""detection_events"":11079,""detectors_checked"":82501632}"
   1172480,        19,         0,   117.3,decoder_by_matrix,5c8c81bfec719079c388cedc47a351f264c1bf769ae28a89f9b4fc7719fea501,"{""distance"":3,""physical_error_rate"":0.0005}","{""detection_events"":83412,""detectors_checked"":63313920,""obs_mistake_mask=E"":19}"
   1304576,         4,         0,   116.2,decoder_by_matrix,beec9fd12293a9cfe53c9b61fb8ce2a525e4eed38fa75d132d6dc64699336876,"{""distance"":3,""physical_error_rate"":0.0001}","{""detection_events"":19071,""detectors_checked"":70447104,""obs_mistake_mask=E"":4}"
   3156992,         0,         0,   115.0,decoder_by_matrix,e9839e3017c9ef118c4b8aeafef39e78c11ecbdb89764e9ca676a7dc2fb6d062,"{""distance"":3,""physical_error_rate"":1e-06}","{""detection_events"":420,""detectors_checked"":170477568}"
   1298432,         0,         0,   116.5,decoder_by_matrix,beec9fd12293a9cfe53c9b61fb8ce2a525e4eed38fa75d132d6dc64699336876,"{""distance"":3,""physical_error_rate"":0.0001}","{""detection_events"":18240,""detectors_checked"":70115328}"
   2761728,         0,         0,   115.3,decoder_by_matrix,560c721f87db01d4cacf7dcb7d8812fecde61e9e7776d4b9e1b1a792578ecad7,"{""distance"":3,""physical_error_rate"":5e-06}","{""detection_events"":2121,""detectors_checked"":149133312}"
   1551360,         1,         0,   114.2,decoder_by_matrix,36e3cd26fed5ec7649ec51fb08c1a5e7d7f30e615782d954fee045c18a4962ca,"{""distance"":3,""physical_error_rate"":5e-05}","{""detection_events"":11007,""detectors_checked"":83773440,""obs_mistake_mask=E"":1}"
   1298432,         2,         0,   115.8,decoder_by_matrix,beec9fd12293a9cfe53c9b61fb8ce2a525e4eed38fa75d132d6dc64699336876,"{""distance"":3,""physical_error_rate"":0.0001}","{""detection_events"":19413,""detectors_checked"":70115328,""obs_mistake_mask=E"":2}"
   2779136,         0,         0,   116.0,decoder_by_matrix,560c721f87db01d4cacf7dcb7d8812fecde61e9e7776d4b9e1b1a792578ecad7,"{""distance"":3,""physical_error_rate"":5e-06}","{""detection_events"":2115,""detectors_checked"":150073344}"
   2498560,         0,         0,   115.1,decoder_by_matrix,e25b8d07214a8afb95d354611a83b9bb1ded39644e323a8585b3aabf687a4fff,"{""distance"":3,""physical_error_rate"":1e-05}","{""detection_events"":3420,""detectors_checked"":134922240}"
   3137536,         0,         0,   115.7,decoder_by_matrix,e9839e3017c9ef118c4b8aeafef39e78c11ecbdb89764e9ca676a7dc2fb6d062,"{""distance"":3,""physical_error_rate"":1e-06}","{""detection_events"":459,""detectors_checked"":169426944}"
   1551360,         1,         0,   117.5,decoder_by_matrix,36e3cd26fed5ec7649ec51fb08c1a5e7d7f30e615782d954fee045c18a4962ca,"{""distance"":3,""physical_error_rate"":5e-05}","{""detection_events"":11175,""detectors_checked"":83773440,""obs_mistake_mask=E"":1}"
   1163264,        18,         0,   118.1,decoder_by_matrix,5c8c81bfec719079c388cedc47a351f264c1bf769ae28a89f9b4fc7719fea501,"{""distance"":3,""physical_error_rate"":0.0005}","{""detection_events"":84846,""detectors_checked"":62816256,""obs_mistake_mask=E"":18}"
   1562624,         0,         0,   115.6,decoder_by_matrix,36e3cd26fed5ec7649ec51fb08c1a5e7d7f30e615782d954fee045c18a4962ca,"{""distance"":3,""physical_error_rate"":5e-05}","{""detection_events"":11379,""detectors_checked"":84381696}"
   2492416,         0,         0,   116.5,decoder_by_matrix,e25b8d07214a8afb95d354611a83b9bb1ded39644e323a8585b3aabf687a4fff,"{""distance"":3,""physical_error_rate"":1e-05}","{""detection_events"":3471,""detectors_checked"":134590464}"
   2831360,         0,         0,   114.6,decoder_by_matrix,560c721f87db01d4cacf7dcb7d8812fecde61e9e7776d4b9e1b1a792578ecad7,"{""distance"":3,""physical_error_rate"":5e-06}","{""detection_events"":1920,""detectors_checked"":152893440}"
   2460672,         0,         0,   115.8,decoder_by_matrix,e25b8d07214a8afb95d354611a83b9bb1ded39644e323a8585b3aabf687a4fff,"{""distance"":3,""physical_error_rate"":1e-05}","{""detection_events"":3618,""detectors_checked"":132876288}"
   1162240,        29,         0,   116.8,decoder_by_matrix,5c8c81bfec719079c388cedc47a351f264c1bf769ae28a89f9b4fc7719fea501,"{""distance"":3,""physical_error_rate"":0.0005}","{""detection_events"":85317,""detectors_checked"":62760960,""obs_mistake_mask=E"":29}"
   1291264,         2,         0,   117.1,decoder_by_matrix,beec9fd12293a9cfe53c9b61fb8ce2a525e4eed38fa75d132d6dc64699336876,"{""distance"":3,""physical_error_rate"":0.0001}","{""detection_events"":18576,""detectors_checked"":69728256,""obs_mistake_mask=E"":2}"
   1291264,         0,         0,   118.0,decoder_by_matrix,beec9fd12293a9cfe53c9b61fb8ce2a525e4eed38fa75d132d6dc64699336876,"{""distance"":3,""physical_error_rate"":0.0001}","{""detection_events"":18963,""detectors_checked"":69728256}"
   3130368,         0,         0,   114.7,decoder_by_matrix,e9839e3017c9ef118c4b8aeafef39e78c11ecbdb89764e9ca676a7dc2fb6d062,"{""distance"":3,""physical_error_rate"":1e-06}","{""detection_events"":468,""detectors_checked"":169039872}"
   1164288,        27,         0,   117.9,decoder_by_matrix,5c8c81bfec719079c388cedc47a351f264c1bf769ae28a89f9b4fc7719fea501,"{""distance"":3,""physical_error_rate"":0.0005}","{""detection_events"":84837,""detectors_checked"":62871552,""obs_mistake_mask=E"":27}"
   1523712,         0,         0,   118.1,decoder_by_matrix,36e3cd26fed5ec7649ec51fb08c1a5e7d7f30e615782d954fee045c18a4962ca,"{""distance"":3,""physical_error_rate"":5e-05}","{""detection_events"":11838,""detectors_checked"":82280448}"
   1490944,         0,         0,   118.2,decoder_by_matrix,36e3cd26fed5ec7649ec51fb08c1a5e7d7f30e615782d954fee045c18a4962ca,"{""distance"":3,""physical_error_rate"":5e-05}","{""detection_events"":10968,""detectors_checked"":80510976}"
   1299456,         2,         0,   118.3,decoder_by_matrix,beec9fd12293a9cfe53c9b61fb8ce2a525e4eed38fa75d132d6dc64699336876,"{""distance"":3,""physical_error_rate"":0.0001}","{""detection_events"":19722,""detectors_checked"":70170624,""obs_mistake_mask=E"":2}"
   2488320,         0,         0,   113.8,decoder_by_matrix,e25b8d07214a8afb95d354611a83b9bb1ded39644e323a8585b3aabf687a4fff,"{""distance"":3,""physical_error_rate"":1e-05}","{""detection_events"":3504,""detectors_checked"":134369280}"
   2781184,         0,         0,   116.9,decoder_by_matrix,560c721f87db01d4cacf7dcb7d8812fecde61e9e7776d4b9e1b1a792578ecad7,"{""distance"":3,""physical_error_rate"":5e-06}","{""detection_events"":1980,""detectors_checked"":150183936}"
   3135488,         0,         0,   114.5,decoder_by_matrix,e9839e3017c9ef118c4b8aeafef39e78c11ecbdb89764e9ca676a7dc2fb6d062,"{""distance"":3,""physical_error_rate"":1e-06}","{""detection_events"":456,""detectors_checked"":169316352}"
   1559552,         1,         0,   118.0,decoder_by_matrix,36e3cd26fed5ec7649ec51fb08c1a5e7d7f30e615782d954fee045c18a4962ca,"{""distance"":3,""physical_error_rate"":5e-05}","{""detection_events"":11286,""detectors_checked"":84215808,""obs_mistake_mask=E"":1}"
   1166336,        13,         0,   117.8,decoder_by_matrix,5c8c81bfec719079c388cedc47a351f264c1bf769ae28a89f9b4fc7719fea501,"{""distance"":3,""physical_error_rate"":0.0005}","{""detection_events"":84093,""detectors_checked"":62982144,""obs_mistake_mask=E"":13}"
   1168384,        16,         0,   116.6,decoder_by_matrix,5c8c81bfec719079c388cedc47a351f264c1bf769ae28a89f9b4fc7719fea501,"{""distance"":3,""physical_error_rate"":0.0005}","{""detection_events"":84933,""detectors_checked"":63092736,""obs_mistake_mask=E"":16}"
   1570816,         1,         0,   117.5,decoder_by_matrix,36e3cd26fed5ec7649ec51fb08c1a5e7d7f30e615782d954fee045c18a4962ca,"{""distance"":3,""physical_error_rate"":5e-05}","{""detection_events"":11388,""detectors_checked"":84824064,""obs_mistake_mask=E"":1}"
   3133440,         0,         0,   114.6,decoder_by_matrix,e9839e3017c9ef118c4b8aeafef39e78c11ecbdb89764e9ca676a7dc2fb6d062,"{""distance"":3,""physical_error_rate"":1e-06}","{""detection_events"":435,""detectors_checked"":169205760}"
   2740224,         0,         0,   112.8,decoder_by_matrix,560c721f87db01d4cacf7dcb7d8812fecde61e9e7776d4b9e1b1a792578ecad7,"{""distance"":3,""physical_error_rate"":5e-06}","{""detection_events"":2187,""detectors_checked"":147972096}"
   2448384,         0,         0,   113.7,decoder_by_matrix,e25b8d07214a8afb95d354611a83b9bb1ded39644e323a8585b3aabf687a4fff,"{""distance"":3,""physical_error_rate"":1e-05}","{""detection_events"":3603,""detectors_checked"":132212736}"
   2800640,         0,         0,   116.0,decoder_by_matrix,560c721f87db01d4cacf7dcb7d8812fecde61e9e7776d4b9e1b1a792578ecad7,"{""distance"":3,""physical_error_rate"":5e-06}","{""detection_events"":2025,""detectors_checked"":151234560}"
   1163264,        16,         0,   118.0,decoder_by_matrix,5c8c81bfec719079c388cedc47a351f264c1bf769ae28a89f9b4fc7719fea501,"{""distance"":3,""physical_error_rate"":0.0005}","{""detection_events"":84939,""detectors_checked"":62816256,""obs_mistake_mask=E"":16}"
   2791424,         0,         0,   115.7,decoder_by_matrix,560c721f87db01d4cacf7dcb7d8812fecde61e9e7776d4b9e1b1a792578ecad7,"{""distance"":3,""physical_error_rate"":5e-06}","{""detection_events"":2031,""detectors_checked"":150736896}"
   2447360,         0,         0,   114.8,decoder_by_matrix,e25b8d07214a8afb95d354611a83b9bb1ded39644e323a8585b3aabf687a4fff,"{""distance"":3,""physical_error_rate"":1e-05}","{""detection_events"":3555,""detectors_checked"":132157440}"
   1539072,         0,         0,   116.9,decoder_by_matrix,36e3cd26fed5ec7649ec51fb08c1a5e7d7f30e615782d954fee045c18a4962ca,"{""distance"":3,""physical_error_rate"":5e-05}","{""detection_events"":11526,""detectors_checked"":83109888}"
   2442240,         0,         0,   113.1,decoder_by_matrix,e25b8d07214a8afb95d354611a83b9bb1ded39644e323a8585b3aabf687a4fff,"{""distance"":3,""physical_error_rate"":1e-05}","{""detection_events"":3744,""detectors_checked"":131880960}"
   1168384,        25,         0,   118.6,decoder_by_matrix,5c8c81bfec719079c388cedc47a351f264c1bf769ae28a89f9b4fc7719fea501,"{""distance"":3,""physical_error_rate"":0.0005}","{""detection_events"":82884,""detectors_checked"":63092736,""obs_mistake_mask=E"":25}"
   3133440,         0,         0,   116.6,decoder_by_matrix,e9839e3017c9ef118c4b8aeafef39e78c11ecbdb89764e9ca676a7dc2fb6d062,"{""distance"":3,""physical_error_rate"":1e-06}","{""detection_events"":432,""detectors_checked"":169205760}"
   1166336,        23,         0,   116.7,decoder_by_matrix,5c8c81bfec719079c388cedc47a351f264c1bf769ae28a89f9b4fc7719fea501,"{""distance"":3,""physical_error_rate"":0.0005}","{""detection_events"":84312,""detectors_checked"":62982144,""obs_mistake_mask=E"":23}"
   3161088,         0,         0,   115.3,decoder_by_matrix,e9839e3017c9ef118c4b8aeafef39e78c11ecbdb89764e9ca676a7dc2fb6d062,"{""distance"":3,""physical_error_rate"":1e-06}","{""detection_events"":405,""detectors_checked"":170698752}"
   1532928,         2,         0,   115.8,decoder_by_matrix,36e3cd26fed5ec7649ec51fb08c1a5e7d7f30e615782d954fee045c18a4962ca,"{""distance"":3,""physical_error_rate"":5e-05}","{""detection_events"":11283,""detectors_checked"":82778112,""obs_mistake_mask=E"":2}"
   2786304,         0,         0,   115.5,decoder_by_matrix,560c721f87db01d4cacf7dcb7d8812fecde61e9e7776d4b9e1b1a792578ecad7,"{""distance"":3,""physical_error_rate"":5e-06}","{""detection_events"":1965,""detectors_checked"":150460416}"
   3141632,         0,         0,   113.6,decoder_by_matrix,e9839e3017c9ef118c4b8aeafef39e78c11ecbdb89764e9ca676a7dc2fb6d062,"{""distance"":3,""physical_error_rate"":1e-06}","{""detection_events"":495,""detectors_checked"":169648128}"
   1307648,         2,         0,   117.4,decoder_by_matrix,beec9fd12293a9cfe53c9b61fb8ce2a525e4eed38fa75d132d6dc64699336876,"{""distance"":3,""physical_error_rate"":0.0001}","{""detection_events"":19266,""detectors_checked"":70612992,""obs_mistake_mask=E"":2}"
   2475008,         0,         0,   114.5,decoder_by_matrix,e25b8d07214a8afb95d354611a83b9bb1ded39644e323a8585b3aabf687a4fff,"{""distance"":3,""physical_error_rate"":1e-05}","{""detection_events"":3687,""detectors_checked"":133650432}"
   1302528,         0,         0,   118.2,decoder_by_matrix,beec9fd12293a9cfe53c9b61fb8ce2a525e4eed38fa75d132d6dc64699336876,"{""distance"":3,""physical_error_rate"":0.0001}","{""detection_events"":18525,""detectors_checked"":70336512}"
   2476032,         0,         0,   116.0,decoder_by_matrix,e25b8d07214a8afb95d354611a83b9bb1ded39644e323a8585b3aabf687a4fff,"{""distance"":3,""physical_error_rate"":1e-05}","{""detection_events"":3543,""detectors_checked"":133705728}"
   1560576,         0,         0,   115.9,decoder_by_matrix,36e3cd26fed5ec7649ec51fb08c1a5e7d7f30e615782d954fee045c18a4962ca,"{""distance"":3,""physical_error_rate"":5e-05}","{""detection_events"":11142,""detectors_checked"":84271104}"
   2772992,         0,         0,   116.0,decoder_by_matrix,560c721f87db01d4cacf7dcb7d8812fecde61e9e7776d4b9e1b1a792578ecad7,"{""distance"":3,""physical_error_rate"":5e-06}","{""detection_events"":2013,""detectors_checked"":149741568}"
   2746368,         0,         0,   114.6,decoder_by_matrix,560c721f87db01d4cacf7dcb7d8812fecde61e9e7776d4b9e1b1a792578ecad7,"{""distance"":3,""physical_error_rate"":5e-06}","{""detection_events"":2076,""detectors_checked"":148303872}"
   1164288,        20,         0,   116.8,decoder_by_matrix,5c8c81bfec719079c388cedc47a351f264c1bf769ae28a89f9b4fc7719fea501,"{""distance"":3,""physical_error_rate"":0.0005}","{""detection_events"":84279,""detectors_checked"":62871552,""obs_mistake_mask=E"":20}"
   1311744,         0,         0,   116.6,decoder_by_matrix,beec9fd12293a9cfe53c9b61fb8ce2a525e4eed38fa75d132d6dc64699336876,"{""distance"":3,""physical_error_rate"":0.0001}","{""detection_events"":18639,""detectors_checked"":70834176}"
   3127296,         0,         0,   115.7,decoder_by_matrix,e9839e3017c9ef118c4b8aeafef39e78c11ecbdb89764e9ca676a7dc2fb6d062,"{""distance"":3,""physical_error_rate"":1e-06}","{""detection_events"":474,""detectors_checked"":168873984}"
   1162240,        16,         0,   118.2,decoder_by_matrix,5c8c81bfec719079c388cedc47a351f264c1bf769ae28a89f9b4fc7719fea501,"{""distance"":3,""physical_error_rate"":0.0005}","{""detection_events"":86004,""detectors_checked"":62760960,""obs_mistake_mask=E"":16}"
   1301504,         1,         0,   116.0,decoder_by_matrix,beec9fd12293a9cfe53c9b61fb8ce2a525e4eed38fa75d132d6dc64699336876,"{""distance"":3,""physical_error_rate"":0.0001}","{""detection_events"":19398,""detectors_checked"":70281216,""obs_mistake_mask=E"":1}"
   1304576,         0,         0,   117.3,decoder_by_matrix,beec9fd12293a9cfe53c9b61fb8ce2a525e4eed38fa75d132d6dc64699336876,"{""distance"":3,""physical_error_rate"":0.0001}","{""detection_events"":18354,""detectors_checked"":70447104}"
   2435072,         0,         0,   116.9,decoder_by_matrix,e25b8d07214a8afb95d354611a83b9bb1ded39644e323a8585b3aabf687a4fff,"{""distance"":3,""physical_error_rate"":1e-05}","{""detection_events"":3804,""detectors_checked"":131493888}"
   2499584,         0,         0,   115.6,decoder_by_matrix,e25b8d07214a8afb95d354611a83b9bb1ded39644e323a8585b3aabf687a4fff,"{""distance"":3,""physical_error_rate"":1e-05}","{""detection_events"":3378,""detectors_checked"":134977536}"
   1533952,         1,         0,   117.8,decoder_by_matrix,36e3cd26fed5ec7649ec51fb08c1a5e7d7f30e615782d954fee045c18a4962ca,"{""distance"":3,""physical_error_rate"":5e-05}","{""detection_events"":12009,""detectors_checked"":82833408,""obs_mistake_mask=E"":1}"
   3135488,         0,         0,   113.3,decoder_by_matrix,e9839e3017c9ef118c4b8aeafef39e78c11ecbdb89764e9ca676a7dc2fb6d062,"{""distance"":3,""physical_error_rate"":1e-06}","{""detection_events"":447,""detectors_checked"":169316352}"
   1168384,        11,         0,   117.4,decoder_by_matrix,5c8c81bfec719079c388cedc47a351f264c1bf769ae28a89f9b4fc7719fea501,"{""distance"":3,""physical_error_rate"":0.0005}","{""detection_events"":84798,""detectors_checked"":63092736,""obs_mistake_mask=E"":11}"
   1291264,         1,         0,   117.1,decoder_by_matrix,beec9fd12293a9cfe53c9b61fb8ce2a525e4eed38fa75d132d6dc64699336876,"{""distance"":3,""physical_error_rate"":0.0001}","{""detection_events"":18909,""detectors_checked"":69728256,""obs_mistake_mask=E"":1}"
   1298432,         0,         0,   117.4,decoder_by_matrix,beec9fd12293a9cfe53c9b61fb8ce2a525e4eed38fa75d132d6dc64699336876,"{""distance"":3,""physical_error_rate"":0.0001}","{""detection_events"":18894,""detectors_checked"":70115328}"
   3167232,         0,         0,   114.7,decoder_by_matrix,e9839e3017c9ef118c4b8aeafef39e78c11ecbdb89764e9ca676a7dc2fb6d062,"{""distance"":3,""physical_error_rate"":1e-06}","{""detection_events"":372,""detectors_checked"":171030528}"
   2804736,         0,         0,   115.4,decoder_by_matrix,560c721f87db01d4cacf7dcb7d8812fecde61e9e7776d4b9e1b1a792578ecad7,"{""distance"":3,""physical_error_rate"":5e-06}","{""detection_events"":1863,""detectors_checked"":151455744}"
   1555456,         0,         0,   114.8,decoder_by_matrix,36e3cd26fed5ec7649ec51fb08c1a5e7d7f30e615782d954fee045c18a4962ca,"{""distance"":3,""physical_error_rate"":5e-05}","{""detection_events"":10890,""detectors_checked"":83994624}"
   1315840,         0,         0,   116.9,decoder_by_matrix,beec9fd12293a9cfe53c9b61fb8ce2a525e4eed38fa75d132d6dc64699336876,"{""distance"":3,""physical_error_rate"":0.0001}","{""detection_events"":18237,""detectors_checked"":71055360}"
   2481152,         0,         0,   115.9,decoder_by_matrix,e25b8d07214a8afb95d354611a83b9bb1ded39644e323a8585b3aabf687a4fff,"{""distance"":3,""physical_error_rate"":1e-05}","{""detection_events"":3459,""detectors_checked"":133982208}"
   2758656,         0,         0,   116.1,decoder_by_matrix,560c721f87db01d4cacf7dcb7d8812fecde61e9e7776d4b9e1b1a792578ecad7,"{""distance"":3,""physical_error_rate"":5e-06}","{""detection_events"":2139,""detectors_checked"":148967424}"
   1539072,         0,         0,   116.0,decoder_by_matrix,36e3cd26fed5ec7649ec51fb08c1a5e7d7f30e615782d954fee045c18a4962ca,"{""distance"":3,""physical_error_rate"":5e-05}","{""detection_events"":11286,""detectors_checked"":83109888}"
   3144704,         0,         0,   114.3,decoder_by_matrix,e9839e3017c9ef118c4b8aeafef39e78c11ecbdb89764e9ca676a7dc2fb6d062,"{""distance"":3,""physical_error_rate"":1e-06}","{""detection_events"":498,""detectors_checked"":169814016}"
   1163264,        16,         0,   117.4,decoder_by_matrix,5c8c81bfec719079c388cedc47a351f264c1bf769ae28a89f9b4fc7719fea501,"{""distance"":3,""physical_error_rate"":0.0005}","{""detection_events"":85452,""detectors_checked"":62816256,""obs_mistake_mask=E"":16}"
   2435072,         0,         0,   115.4,decoder_by_matrix,e25b8d07214a8afb95d354611a83b9bb1ded39644e323a8585b3aabf687a4fff,"{""distance"":3,""physical_error_rate"":1e-05}","{""detection_events"":3663,""detectors_checked"":131493888}"
   2809856,         0,         0,   113.7,decoder_by_matrix,560c721f87db01d4cacf7dcb7d8812fecde61e9e7776d4b9e1b1a792578ecad7,"{""distance"":3,""physical_error_rate"":5e-06}","{""detection_events"":1770,""detectors_checked"":151732224}"
   1519616,         0,         0,   117.3,decoder_by_matrix,36e3cd26fed5ec7649ec51fb08c1a5e7d7f30e615782d954fee045c18a4962ca,"{""distance"":3,""physical_error_rate"":5e-05}","{""detection_events"":11529,""detectors_checked"":82059264}"
   2458624,         0,         0,   116.8,decoder_by_matrix,e25b8d07214a8afb95d354611a83b9bb1ded39644e323a8585b3aabf687a4fff,"{""distance"":3,""physical_error_rate"":1e-05}","{""detection_events"":3579,""detectors_checked"":132765696}"
   1309696,         0,         0,   117.2,decoder_by_matrix,beec9fd12293a9cfe53c9b61fb8ce2a525e4eed38fa75d132d6dc64699336876,"{""distance"":3,""physical_error_rate"":0.0001}","{""detection_events"":19824,""detectors_checked"":70723584}"
   1158144,        22,         0,   117.8,decoder_by_matrix,5c8c81bfec719079c388cedc47a351f264c1bf769ae28a89f9b4fc7719fea501,"{""distance"":3,""physical_error_rate"":0.0005}","{""detection_events"":83514,""detectors_checked"":62539776,""obs_mistake_mask=E"":22}"
   1300480,         0,         0,   118.4,decoder_by_matrix,beec9fd12293a9cfe53c9b61fb8ce2a525e4eed38fa75d132d6dc64699336876,"{""distance"":3,""physical_error_rate"":0.0001}","{""detection_events"":18849,""detectors_checked"":70225920}"
   1164288,        22,         0,   118.5,decoder_by_matrix,5c8c81bfec719079c388cedc47a351f264c1bf769ae28a89f9b4fc7719fea501,"{""distance"":3,""physical_error_rate"":0.0005}","{""detection_events"":83139,""detectors_checked"":62871552,""obs_mistake_mask=E"":22}"
   3153920,         0,         0,   113.6,decoder_by_matrix,e9839e3017c9ef118c4b8aeafef39e78c11ecbdb89764e9ca676a7dc2fb6d062,"{""distance"":3,""physical_error_rate"":1e-06}","{""detection_events"":402,""detectors_checked"":170311680}"
   1547264,         0,         0,   118.0,decoder_by_matrix,36e3cd26fed5ec7649ec51fb08c1a5e7d7f30e615782d954fee045c18a4962ca,"{""distance"":3,""physical_error_rate"":5e-05}","{""detection_events"":11553,""detectors_checked"":83552256}"
   1514496,         0,         0,   116.6,decoder_by_matrix,36e3cd26fed5ec7649ec51fb08c1a5e7d7f30e615782d954fee045c18a4962ca,"{""distance"":3,""physical_error_rate"":5e-05}","{""detection_events"":11082,""detectors_checked"":81782784}"
   1307648,         0,         0,   118.9,decoder_by_matrix,beec9fd12293a9cfe53c9b61fb8ce2a525e4eed38fa75d132d6dc64699336876,"{""distance"":3,""physical_error_rate"":0.0001}","{""detection_events"":19023,""detectors_checked"":70612992}"
   2757632,         0,         0,   112.8,decoder_by_matrix,560c721f87db01d4cacf7dcb7d8812fecde61e9e7776d4b9e1b1a792578ecad7,"{""distance"":3,""physical_error_rate"":5e-06}","{""detection_events"":2178,""detectors_checked"":148912128}"
   2486272,         0,         0,   113.4,decoder_by_matrix,e25b8d07214a8afb95d354611a83b9bb1ded39644e323a8585b3aabf687a4fff,"{""distance"":3,""physical_error_rate"":1e-05}","{""detection_events"":3489,""detectors_checked"":134258688}"
   1554432,         1,         0,   116.5,decoder_by_matrix,36e3cd26fed5ec7649ec51fb08c1a5e7d7f30e615782d954fee045c18a4962ca,"{""distance"":3,""physical_error_rate"":5e-05}","{""detection_events"":11739,""detectors_checked"":83939328,""obs_mistake_mask=E"":1}"
   3160064,         0,         0,   114.0,decoder_by_matrix,e9839e3017c9ef118c4b8aeafef39e78c11ecbdb89764e9ca676a7dc2fb6d062,"{""distance"":3,""physical_error_rate"":1e-06}","{""detection_events"":351,""detectors_checked"":170643456}"
   1165312,        27,         0,   119.2,decoder_by_matrix,5c8c81bfec719079c388cedc47a351f264c1bf769ae28a89f9b4fc7719fea501,"{""distance"":3,""physical_error_rate"":0.0005}","{""detection_events"":86271,""detectors_checked"":62926848,""obs_mistake_mask=E"":27}"
   1168384,        13,         0,   116.4,decoder_by_matrix,5c8c81bfec719079c388cedc47a351f264c1bf769ae28a89f9b4fc7719fea501,"{""distance"":3,""physical_error_rate"":0.0005}","{""detection_events"":84219,""detectors_checked"":63092736,""obs_mistake_mask=E"":13}"
   1583104,         0,         0,   117.5,decoder_by_matrix,36e3cd26fed5ec7649ec51fb08c1a5e7d7f30e615782d954fee045c18a4962ca,"{""distance"":3,""physical_error_rate"":5e-05}","{""detection_events"":11079,""detectors_checked"":85487616}"
   3167232,         0,         0,   113.3,decoder_by_matrix,e9839e3017c9ef118c4b8aeafef39e78c11ecbdb89764e9ca676a7dc2fb6d062,"{""distance"":3,""physical_error_rate"":1e-06}","{""detection_events"":357,""detectors_checked"":171030528}"
   2736128,         0,         0,   115.2,decoder_by_matrix,560c721f87db01d4cacf7dcb7d8812fecde61e9e7776d4b9e1b1a792578ecad7,"{""distance"":3,""physical_error_rate"":5e-06}","{""detection_events"":2142,""detectors_checked"":147750912}"
   2482176,         0,         0,   113.7,decoder_by_matrix,e25b8d07214a8afb95d354611a83b9bb1ded39644e323a8585b3aabf687a4fff,"{""distance"":3,""physical_error_rate"":1e-05}","{""detection_events"":3438,""detectors_checked"":134037504}"
   2787328,         0,         0,   115.4,decoder_by_matrix,560c721f87db01d4cacf7dcb7d8812fecde61e9e7776d4b9e1b1a792578ecad7,"{""distance"":3,""physical_error_rate"":5e-06}","{""detection_events"":1983,""detectors_checked"":150515712}"
   1162240,        13,         0,   117.9,decoder_by_matrix,5c8c81bfec719079c388cedc47a351f264c1bf769ae28a89f9b4fc7719fea501,"{""distance"":3,""physical_error_rate"":0.0005}","{""detection_events"":85899,""detectors_checked"":62760960,""obs_mistake_mask=E"":13}"
   2782208,         0,         0,   115.3,decoder_by_matrix,560c721f87db01d4cacf7dcb7d8812fecde61e9e7776d4b9e1b1a792578ecad7,"{""distance"":3,""physical_error_rate"":5e-06}","{""detection_events"":2157,""detectors_checked"":150239232}"
   2476032,         0,         0,   114.6,decoder_by_matrix,e25b8d07214a8afb95d354611a83b9bb1ded39644e323a8585b3aabf687a4fff,"{""distance"":3,""physical_error_rate"":1e-05}","{""detection_events"":3564,""detectors_checked"":133705728}"
   1547264,         0,         0,   117.3,decoder_by_matrix,36e3cd26fed5ec7649ec51fb08c1a5e7d7f30e615782d954fee045c18a4962ca,"{""distance"":3,""physical_error_rate"":5e-05}","{""detection_events"":11349,""detectors_checked"":83552256}"
   1166336,        10,         0,   118.6,decoder_by_matrix,5c8c81bfec719079c388cedc47a351f264c1bf769ae28a89f9b4fc7719fea501,"{""distance"":3,""physical_error_rate"":0.0005}","{""detection_events"":84045,""detectors_checked"":62982144,""obs_mistake_mask=E"":10}"
   2498560,         0,         0,   114.6,decoder_by_matrix,e25b8d07214a8afb95d354611a83b9bb1ded39644e323a8585b3aabf687a4fff,"{""distance"":3,""physical_error_rate"":1e-05}","{""detection_events"":3456,""detectors_checked"":134922240}"
   1507328,         0,         0,   118.0,decoder_by_matrix,36e3cd26fed5ec7649ec51fb08c1a5e7d7f30e615782d954fee045c18a4962ca,"{""distance"":3,""physical_error_rate"":5e-05}","{""detection_events"":11421,""detectors_checked"":81395712}"
   1167360,        18,         0,   119.0,decoder_by_matrix,5c8c81bfec719079c388cedc47a351f264c1bf769ae28a89f9b4fc7719fea501,"{""distance"":3,""physical_error_rate"":0.0005}","{""detection_events"":84375,""detectors_checked"":63037440,""obs_mistake_mask=E"":18}"
   3170304,         0,         0,   115.8,decoder_by_matrix,e9839e3017c9ef118c4b8aeafef39e78c11ecbdb89764e9ca676a7dc2fb6d062,"{""distance"":3,""physical_error_rate"":1e-06}","{""detection_events"":369,""detectors_checked"":171196416}"
   2783232,         0,         0,   115.5,decoder_by_matrix,560c721f87db01d4cacf7dcb7d8812fecde61e9e7776d4b9e1b1a792578ecad7,"{""distance"":3,""physical_error_rate"":5e-06}","{""detection_events"":2028,""detectors_checked"":150294528}"
   3138560,         0,         0,   114.8,decoder_by_matrix,e9839e3017c9ef118c4b8aeafef39e78c11ecbdb89764e9ca676a7dc2fb6d062,"{""distance"":3,""physical_error_rate"":1e-06}","{""detection_events"":456,""detectors_checked"":169482240}"
   1310720,         3,         0,   118.0,decoder_by_matrix,beec9fd12293a9cfe53c9b61fb8ce2a525e4eed38fa75d132d6dc64699336876,"{""distance"":3,""physical_error_rate"":0.0001}","{""detection_events"":18726,""detectors_checked"":70778880,""obs_mistake_mask=E"":3}"
   3147776,         0,         0,   114.6,decoder_by_matrix,e9839e3017c9ef118c4b8aeafef39e78c11ecbdb89764e9ca676a7dc2fb6d062,"{""distance"":3,""physical_error_rate"":1e-06}","{""detection_events"":453,""detectors_checked"":169979904}"
   2461696,         0,         0,   117.0,decoder_by_matrix,e25b8d07214a8afb95d354611a83b9bb1ded39644e323a8585b3aabf687a4fff,"{""distance"":3,""physical_error_rate"":1e-05}","{""detection_events"":3768,""detectors_checked"":132931584}"
   1296384,         0,         0,   117.5,decoder_by_matrix,beec9fd12293a9cfe53c9b61fb8ce2a525e4eed38fa75d132d6dc64699336876,"{""distance"":3,""physical_error_rate"":0.0001}","{""detection_events"":18465,""detectors_checked"":70004736}"
   1530880,         0,         0,   115.2,decoder_by_matrix,36e3cd26fed5ec7649ec51fb08c1a5e7d7f30e615782d954fee045c18a4962ca,"{""distance"":3,""physical_error_rate"":5e-05}","{""detection_events"":11367,""detectors_checked"":82667520}"
   2783232,         0,         0,   114.4,decoder_by_matrix,560c721f87db01d4cacf7dcb7d8812fecde61e9e7776d4b9e1b1a792578ecad7,"{""distance"":3,""physical_error_rate"":5e-06}","{""detection_events"":1998,""detectors_checked"":150294528}"
   2439168,         0,         0,   116.8,decoder_by_matrix,e25b8d07214a8afb95d354611a83b9bb1ded39644e323a8585b3aabf687a4fff,"{""distance"":3,""physical_error_rate"":1e-05}","{""detection_events"":3627,""detectors_checked"":131715072}"
   2786304,         0,         0,   115.3,decoder_by_matrix,560c721f87db01d4cacf7dcb7d8812fecde61e9e7776d4b9e1b1a792578ecad7,"{""distance"":3,""physical_error_rate"":5e-06}","{""detection_events"":1836,""detectors_checked"":150460416}"
   1160192,        17,         0,   118.0,decoder_by_matrix,5c8c81bfec719079c388cedc47a351f264c1bf769ae28a89f9b4fc7719fea501,"{""distance"":3,""physical_error_rate"":0.0005}","{""detection_events"":84762,""detectors_checked"":62650368,""obs_mistake_mask=E"":17}"
   1287168,         1,         0,   118.1,decoder_by_matrix,beec9fd12293a9cfe53c9b61fb8ce2a525e4eed38fa75d132d6dc64699336876,"{""distance"":3,""physical_error_rate"":0.0001}","{""detection_events"":19083,""detectors_checked"":69507072,""obs_mistake_mask=E"":1}"
   3107840,         0,         0,   115.3,decoder_by_matrix,e9839e3017c9ef118c4b8aeafef39e78c11ecbdb89764e9ca676a7dc2fb6d062,"{""distance"":3,""physical_error_rate"":1e-06}","{""detection_events"":501,""detectors_checked"":167823360}"
   1162240,        18,         0,   117.6,decoder_by_matrix,5c8c81bfec719079c388cedc47a351f264c1bf769ae28a89f9b4fc7719fea501,"{""distance"":3,""physical_error_rate"":0.0005}","{""detection_events"":84165,""detectors_checked"":62760960,""obs_mistake_mask=E"":18}"
   1303552,         0,         0,   118.3,decoder_by_matrix,beec9fd12293a9cfe53c9b61fb8ce2a525e4eed38fa75d132d6dc64699336876,"{""distance"":3,""physical_error_rate"":0.0001}","{""detection_events"":19614,""detectors_checked"":70391808}"
   1294336,         2,         0,   117.3,decoder_by_matrix,beec9fd12293a9cfe53c9b61fb8ce2a525e4eed38fa75d132d6dc64699336876,"{""distance"":3,""physical_error_rate"":0.0001}","{""detection_events"":19305,""detectors_checked"":69894144,""obs_mistake_mask=E"":2}"
   2470912,         0,         0,   115.1,decoder_by_matrix,e25b8d07214a8afb95d354611a83b9bb1ded39644e323a8585b3aabf687a4fff,"{""distance"":3,""physical_error_rate"":1e-05}","{""detection_events"":3525,""detectors_checked"":133429248}"
   2458624,         1,         0,   116.8,decoder_by_matrix,e25b8d07214a8afb95d354611a83b9bb1ded39644e323a8585b3aabf687a4fff,"{""distance"":3,""physical_error_rate"":1e-05}","{""detection_events"":3681,""detectors_checked"":132765696,""obs_mistake_mask=E"":1}"
   3122176,         0,         0,   113.9,decoder_by_matrix,e9839e3017c9ef118c4b8aeafef39e78c11ecbdb89764e9ca676a7dc2fb6d062,"{""distance"":3,""physical_error_rate"":1e-06}","{""detection_events"":477,""detectors_checked"":168597504}"
   1168384,        24,         0,   117.0,decoder_by_matrix,5c8c81bfec719079c388cedc47a351f264c1bf769ae28a89f9b4fc7719fea501,"{""distance"":3,""physical_error_rate"":0.0005}","{""detection_events"":85788,""detectors_checked"":63092736,""obs_mistake_mask=E"":24}"
   1550336,         0,         0,   118.4,decoder_by_matrix,36e3cd26fed5ec7649ec51fb08c1a5e7d7f30e615782d954fee045c18a4962ca,"{""distance"":3,""physical_error_rate"":5e-05}","{""detection_events"":11241,""detectors_checked"":83718144}"
   3115008,         0,         0,   115.1,decoder_by_matrix,e9839e3017c9ef118c4b8aeafef39e78c11ecbdb89764e9ca676a7dc2fb6d062,"{""distance"":3,""physical_error_rate"":1e-06}","{""detection_events"":549,""detectors_checked"":168210432}"
   1300480,         2,         0,   117.3,decoder_by_matrix,beec9fd12293a9cfe53c9b61fb8ce2a525e4eed38fa75d132d6dc64699336876,"{""distance"":3,""physical_error_rate"":0.0001}","{""detection_events"":19014,""detectors_checked"":70225920,""obs_mistake_mask=E"":2}"
   1290240,         1,         0,   118.0,decoder_by_matrix,beec9fd12293a9cfe53c9b61fb8ce2a525e4eed38fa75d132d6dc64699336876,"{""distance"":3,""physical_error_rate"":0.0001}","{""detection_events"":19092,""detectors_checked"":69672960,""obs_mistake_mask=E"":1}"
   2787328,         0,         0,   114.7,decoder_by_matrix,560c721f87db01d4cacf7dcb7d8812fecde61e9e7776d4b9e1b1a792578ecad7,"{""distance"":3,""physical_error_rate"":5e-06}","{""detection_events"":2190,""detectors_checked"":150515712}"
   1509376,         0,         0,   118.0,decoder_by_matrix,36e3cd26fed5ec7649ec51fb08c1a5e7d7f30e615782d954fee045c18a4962ca,"{""distance"":3,""physical_error_rate"":5e-05}","{""detection_events"":11184,""detectors_checked"":81506304}"
   1296384,         0,         0,   116.9,decoder_by_matrix,beec9fd12293a9cfe53c9b61fb8ce2a525e4eed38fa75d132d6dc64699336876,"{""distance"":3,""physical_error_rate"":0.0001}","{""detection_events"":19551,""detectors_checked"":70004736}"
   2425856,         0,         0,   115.2,decoder_by_matrix,e25b8d07214a8afb95d354611a83b9bb1ded39644e323a8585b3aabf687a4fff,"{""distance"":3,""physical_error_rate"":1e-05}","{""detection_events"":3705,""detectors_checked"":130996224}"
   2770944,         0,         0,   117.1,decoder_by_matrix,560c721f87db01d4cacf7dcb7d8812fecde61e9e7776d4b9e1b1a792578ecad7,"{""distance"":3,""physical_error_rate"":5e-06}","{""detection_events"":2007,""detectors_checked"":149630976}"
   1501184,         0,         0,   117.0,decoder_by_matrix,36e3cd26fed5ec7649ec51fb08c1a5e7d7f30e615782d954fee045c18a4962ca,"{""distance"":3,""physical_error_rate"":5e-05}","{""detection_events"":11739,""detectors_checked"":81063936}"
   3123200,         0,         0,   113.1,decoder_by_matrix,e9839e3017c9ef118c4b8aeafef39e78c11ecbdb89764e9ca676a7dc2fb6d062,"{""distance"":3,""physical_error_rate"":1e-06}","{""detection_events"":480,""detectors_checked"":168652800}"
   1162240,        17,         0,   117.2,decoder_by_matrix,5c8c81bfec719079c388cedc47a351f264c1bf769ae28a89f9b4fc7719fea501,"{""distance"":3,""physical_error_rate"":0.0005}","{""detection_events"":85098,""detectors_checked"":62760960,""obs_mistake_mask=E"":17}"
   2430976,         0,         0,   116.2,decoder_by_matrix,e25b8d07214a8afb95d354611a83b9bb1ded39644e323a8585b3aabf687a4fff,"{""distance"":3,""physical_error_rate"":1e-05}","{""detection_events"":3804,""detectors_checked"":131272704}"
   2814976,         0,         0,   115.0,decoder_by_matrix,560c721f87db01d4cacf7dcb7d8812fecde61e9e7776d4b9e1b1a792578ecad7,"{""distance"":3,""physical_error_rate"":5e-06}","{""detection_events"":1953,""detectors_checked"":152008704}"
   1564672,         0,         0,   117.1,decoder_by_matrix,36e3cd26fed5ec7649ec51fb08c1a5e7d7f30e615782d954fee045c18a4962ca,"{""distance"":3,""physical_error_rate"":5e-05}","{""detection_events"":11163,""detectors_checked"":84492288}"
   1315840,         1,         0,   118.0,decoder_by_matrix,beec9fd12293a9cfe53c9b61fb8ce2a525e4eed38fa75d132d6dc64699336876,"{""distance"":3,""physical_error_rate"":0.0001}","{""detection_events"":19266,""detectors_checked"":71055360,""obs_mistake_mask=E"":1}"
   1163264,        25,         0,   116.3,decoder_by_matrix,5c8c81bfec719079c388cedc47a351f264c1bf769ae28a89f9b4fc7719fea501,"{""distance"":3,""physical_error_rate"":0.0005}","{""detection_events"":85521,""detectors_checked"":62816256,""obs_mistake_mask=E"":25}"
   1161216,        17,         0,   117.3,decoder_by_matrix,5c8c81bfec719079c388cedc47a351f264c1bf769ae28a89f9b4fc7719fea501,"{""distance"":3,""physical_error_rate"":0.0005}","{""detection_events"":83841,""detectors_checked"":62705664,""obs_mistake_mask=E"":17}"
   1302528,         2,         0,   116.3,decoder_by_matrix,beec9fd12293a9cfe53c9b61fb8ce2a525e4eed38fa75d132d6dc64699336876,"{""distance"":3,""physical_error_rate"":0.0001}","{""detection_events"":18483,""detectors_checked"":70336512,""obs_mistake_mask=E"":2}"
   2484224,         0,         0,   116.2,decoder_by_matrix,e25b8d07214a8afb95d354611a83b9bb1ded39644e323a8585b3aabf687a4fff,"{""distance"":3,""physical_error_rate"":1e-05}","{""detection_events"":3501,""detectors_checked"":134148096}"
   3152896,         0,         0,   112.0,decoder_by_matrix,e9839e3017c9ef118c4b8aeafef39e78c11ecbdb89764e9ca676a7dc2fb6d062,"{""distance"":3,""physical_error_rate"":1e-06}","{""detection_events"":399,""detectors_checked"":170256384}"
   1534976,         1,         0,   117.4,decoder_by_matrix,36e3cd26fed5ec7649ec51fb08c1a5e7d7f30e615782d954fee045c18a4962ca,"{""distance"":3,""physical_error_rate"":5e-05}","{""detection_events"":10998,""detectors_checked"":82888704,""obs_mistake_mask=E"":1}"
   1519616,         0,         0,   117.8,decoder_by_matrix,36e3cd26fed5ec7649ec51fb08c1a5e7d7f30e615782d954fee045c18a4962ca,"{""distance"":3,""physical_error_rate"":5e-05}","{""detection_events"":10821,""detectors_checked"":82059264}"
   1302528,         0,         0,   114.6,decoder_by_matrix,beec9fd12293a9cfe53c9b61fb8ce2a525e4eed38fa75d132d6dc64699336876,"{""distance"":3,""physical_error_rate"":0.0001}","{""detection_events"":19461,""detectors_checked"":70336512}"
   2443264,         0,         0,   115.7,decoder_by_matrix,e25b8d07214a8afb95d354611a83b9bb1ded39644e323a8585b3aabf687a4fff,"{""distance"":3,""physical_error_rate"":1e-05}","{""detection_events"":3627,""detectors_checked"":131936256}"
   2793472,         0,         0,   115.7,decoder_by_matrix,560c721f87db01d4cacf7dcb7d8812fecde61e9e7776d4b9e1b1a792578ecad7,"{""distance"":3,""physical_error_rate"":5e-06}","{""detection_events"":1896,""detectors_checked"":150847488}"
   1543168,         0,         0,   116.8,decoder_by_matrix,36e3cd26fed5ec7649ec51fb08c1a5e7d7f30e615782d954fee045c18a4962ca,"{""distance"":3,""physical_error_rate"":5e-05}","{""detection_events"":11298,""detectors_checked"":83331072}"
   1168384,        15,         0,   117.1,decoder_by_matrix,5c8c81bfec719079c388cedc47a351f264c1bf769ae28a89f9b4fc7719fea501,"{""distance"":3,""physical_error_rate"":0.0005}","{""detection_events"":85254,""detectors_checked"":63092736,""obs_mistake_mask=E"":15}"
   3144704,         0,         0,   113.4,decoder_by_matrix,e9839e3017c9ef118c4b8aeafef39e78c11ecbdb89764e9ca676a7dc2fb6d062,"{""distance"":3,""physical_error_rate"":1e-06}","{""detection_events"":432,""detectors_checked"":169814016}"
   1166336,        16,         0,   118.9,decoder_by_matrix,5c8c81bfec719079c388cedc47a351f264c1bf769ae28a89f9b4fc7719fea501,"{""distance"":3,""physical_error_rate"":0.0005}","{""detection_events"":84225,""detectors_checked"":62982144,""obs_mistake_mask=E"":16}"
   1557504,         0,         0,   117.9,decoder_by_matrix,36e3cd26fed5ec7649ec51fb08c1a5e7d7f30e615782d954fee045c18a4962ca,"{""distance"":3,""physical_error_rate"":5e-05}","{""detection_events"":11586,""detectors_checked"":84105216}"
   3152896,         0,         0,   113.4,decoder_by_matrix,e9839e3017c9ef118c4b8aeafef39e78c11ecbdb89764e9ca676a7dc2fb6d062,"{""distance"":3,""physical_error_rate"":1e-06}","{""detection_events"":435,""detectors_checked"":170256384}"
   2785280,         0,         0,   114.8,decoder_by_matrix,560c721f87db01d4cacf7dcb7d8812fecde61e9e7776d4b9e1b1a792578ecad7,"{""distance"":3,""physical_error_rate"":5e-06}","{""detection_events"":1815,""detectors_checked"":150405120}"
   2452480,         0,         0,   117.3,decoder_by_matrix,e25b8d07214a8afb95d354611a83b9bb1ded39644e323a8585b3aabf687a4fff,"{""distance"":3,""physical_error_rate"":1e-05}","{""detection_events"":3657,""detectors_checked"":132433920}"
   2789376,         0,         0,   116.2,decoder_by_matrix,560c721f87db01d4cacf7dcb7d8812fecde61e9e7776d4b9e1b1a792578ecad7,"{""distance"":3,""physical_error_rate"":5e-06}","{""detection_events"":1992,""detectors_checked"":150626304}"
   2423808,         0,         0,   115.5,decoder_by_matrix,e25b8d07214a8afb95d354611a83b9bb1ded39644e323a8585b3aabf687a4fff,"{""distance"":3,""physical_error_rate"":1e-05}","{""detection_events"":3717,""detectors_checked"":130885632}"
   1164288,        18,         0,   117.9,decoder_by_matrix,5c8c81bfec719079c388cedc47a351f264c1bf769ae28a89f9b4fc7719fea501,"{""distance"":3,""physical_error_rate"":0.0005}","{""detection_events"":84900,""detectors_checked"":62871552,""obs_mistake_mask=E"":18}"
   2793472,         0,         0,   114.8,decoder_by_matrix,560c721f87db01d4cacf7dcb7d8812fecde61e9e7776d4b9e1b1a792578ecad7,"{""distance"":3,""physical_error_rate"":5e-06}","{""detection_events"":2049,""detectors_checked"":150847488}"
   1554432,         0,         0,   116.0,decoder_by_matrix,36e3cd26fed5ec7649ec51fb08c1a5e7d7f30e615782d954fee045c18a4962ca,"{""distance"":3,""physical_error_rate"":5e-05}","{""detection_events"":11112,""detectors_checked"":83939328}"
   2450432,         0,         0,   113.4,decoder_by_matrix,e25b8d07214a8afb95d354611a83b9bb1ded39644e323a8585b3aabf687a4fff,"{""distance"":3,""physical_error_rate"":1e-05}","{""detection_events"":3669,""detectors_checked"":132323328}"
   1523712,         2,         0,   117.4,decoder_by_matrix,36e3cd26fed5ec7649ec51fb08c1a5e7d7f30e615782d954fee045c18a4962ca,"{""distance"":3,""physical_error_rate"":5e-05}","{""detection_events"":11433,""detectors_checked"":82280448,""obs_mistake_mask=E"":2}"
   1168384,        24,         0,   118.6,decoder_by_matrix,5c8c81bfec719079c388cedc47a351f264c1bf769ae28a89f9b4fc7719fea501,"{""distance"":3,""physical_error_rate"":0.0005}","{""detection_events"":85233,""detectors_checked"":63092736,""obs_mistake_mask=E"":24}"
   2750464,         0,         0,   116.2,decoder_by_matrix,560c721f87db01d4cacf7dcb7d8812fecde61e9e7776d4b9e1b1a792578ecad7,"{""distance"":3,""physical_error_rate"":5e-06}","{""detection_events"":2202,""detectors_checked"":148525056}"
   1167360,        21,         0,   116.3,decoder_by_matrix,5c8c81bfec719079c388cedc47a351f264c1bf769ae28a89f9b4fc7719fea501,"{""distance"":3,""physical_error_rate"":0.0005}","{""detection_events"":84285,""detectors_checked"":63037440,""obs_mistake_mask=E"":21}"
   3138560,         0,         0,   113.5,decoder_by_matrix,e9839e3017c9ef118c4b8aeafef39e78c11ecbdb89764e9ca676a7dc2fb6d062,"{""distance"":3,""physical_error_rate"":1e-06}","{""detection_events"":423,""detectors_checked"":169482240}"
   3131392,         0,         0,   114.7,decoder_by_matrix,e9839e3017c9ef118c4b8aeafef39e78c11ecbdb89764e9ca676a7dc2fb6d062,"{""distance"":3,""physical_error_rate"":1e-06}","{""detection_events"":438,""detectors_checked"":169095168}"
   1310720,         4,         0,   117.4,decoder_by_matrix,beec9fd12293a9cfe53c9b61fb8ce2a525e4eed38fa75d132d6dc64699336876,"{""distance"":3,""physical_error_rate"":0.0001}","{""detection_events"":18795,""detectors_checked"":70778880,""obs_mistake_mask=E"":4}"
   3120128,         0,         0,   114.4,decoder_by_matrix,e9839e3017c9ef118c4b8aeafef39e78c11ecbdb89764e9ca676a7dc2fb6d062,"{""distance"":3,""physical_error_rate"":1e-06}","{""detection_events"":594,""detectors_checked"":168486912}"
   2463744,         0,         0,   115.1,decoder_by_matrix,e25b8d07214a8afb95d354611a83b9bb1ded39644e323a8585b3aabf687a4fff,"{""distance"":3,""physical_error_rate"":1e-05}","{""detection_events"":3669,""detectors_checked"":133042176}"
   1316864,         1,         0,   117.6,decoder_by_matrix,beec9fd12293a9cfe53c9b61fb8ce2a525e4eed38fa75d132d6dc64699336876,"{""distance"":3,""physical_error_rate"":0.0001}","{""detection_events"":18840,""detectors_checked"":71110656,""obs_mistake_mask=E"":1}"
   2754560,         0,         0,   114.4,decoder_by_matrix,560c721f87db01d4cacf7dcb7d8812fecde61e9e7776d4b9e1b1a792578ecad7,"{""distance"":3,""physical_error_rate"":5e-06}","{""detection_events"":2130,""detectors_checked"":148746240}"
   1561600,         0,         0,   117.1,decoder_by_matrix,36e3cd26fed5ec7649ec51fb08c1a5e7d7f30e615782d954fee045c18a4962ca,"{""distance"":3,""physical_error_rate"":5e-05}","{""detection_events"":11502,""detectors_checked"":84326400}"
   2469888,         0,         0,   114.5,decoder_by_matrix,e25b8d07214a8afb95d354611a83b9bb1ded39644e323a8585b3aabf687a4fff,"{""distance"":3,""physical_error_rate"":1e-05}","{""detection_events"":3630,""detectors_checked"":133373952}"
   1308672,         1,         0,   116.9,decoder_by_matrix,beec9fd12293a9cfe53c9b61fb8ce2a525e4eed38fa75d132d6dc64699336876,"{""distance"":3,""physical_error_rate"":0.0001}","{""detection_events"":18714,""detectors_checked"":70668288,""obs_mistake_mask=E"":1}"
   2729984,         0,         0,   113.4,decoder_by_matrix,560c721f87db01d4cacf7dcb7d8812fecde61e9e7776d4b9e1b1a792578ecad7,"{""distance"":3,""physical_error_rate"":5e-06}","{""detection_events"":2187,""detectors_checked"":147419136}"
   1163264,        12,         0,   117.2,decoder_by_matrix,5c8c81bfec719079c388cedc47a351f264c1bf769ae28a89f9b4fc7719fea501,"{""distance"":3,""physical_error_rate"":0.0005}","{""detection_events"":83298,""detectors_checked"":62816256,""obs_mistake_mask=E"":12}"
   3133440,         0,         0,   114.5,decoder_by_matrix,e9839e3017c9ef118c4b8aeafef39e78c11ecbdb89764e9ca676a7dc2fb6d062,"{""distance"":3,""physical_error_rate"":1e-06}","{""detection_events"":489,""detectors_checked"":169205760}"
   1292288,         1,         0,   117.0,decoder_by_matrix,beec9fd12293a9cfe53c9b61fb8ce2a525e4eed38fa75d132d6dc64699336876,"{""distance"":3,""physical_error_rate"":0.0001}","{""detection_events"":18438,""detectors_checked"":69783552,""obs_mistake_mask=E"":1}"
   1164288,        34,         0,   117.9,decoder_by_matrix,5c8c81bfec719079c388cedc47a351f264c1bf769ae28a89f9b4fc7719fea501,"{""distance"":3,""physical_error_rate"":0.0005}","{""detection_events"":83490,""detectors_checked"":62871552,""obs_mistake_mask=E"":34}"
   1309696,         3,         0,   118.6,decoder_by_matrix,beec9fd12293a9cfe53c9b61fb8ce2a525e4eed38fa75d132d6dc64699336876,"{""distance"":3,""physical_error_rate"":0.0001}","{""detection_events"":18597,""detectors_checked"":70723584,""obs_mistake_mask=E"":3}"
   2496512,         0,         0,   117.3,decoder_by_matrix,e25b8d07214a8afb95d354611a83b9bb1ded39644e323a8585b3aabf687a4fff,"{""distance"":3,""physical_error_rate"":1e-05}","{""detection_events"":3525,""detectors_checked"":134811648}"
   3124224,         0,         0,   115.8,decoder_by_matrix,e9839e3017c9ef118c4b8aeafef39e78c11ecbdb89764e9ca676a7dc2fb6d062,"{""distance"":3,""physical_error_rate"":1e-06}","{""detection_events"":477,""detectors_checked"":168708096}"
   2493440,         0,         0,   113.5,decoder_by_matrix,e25b8d07214a8afb95d354611a83b9bb1ded39644e323a8585b3aabf687a4fff,"{""distance"":3,""physical_error_rate"":1e-05}","{""detection_events"":3483,""detectors_checked"":134645760}"
   1168384,        21,         0,   117.5,decoder_by_matrix,5c8c81bfec719079c388cedc47a351f264c1bf769ae28a89f9b4fc7719fea501,"{""distance"":3,""physical_error_rate"":0.0005}","{""detection_events"":85767,""detectors_checked"":63092736,""obs_mistake_mask=E"":21}"
   1521664,         0,         0,   117.5,decoder_by_matrix,36e3cd26fed5ec7649ec51fb08c1a5e7d7f30e615782d954fee045c18a4962ca,"{""distance"":3,""physical_error_rate"":5e-05}","{""detection_events"":11094,""detectors_checked"":82169856}"
   1299456,         3,         0,   117.1,decoder_by_matrix,beec9fd12293a9cfe53c9b61fb8ce2a525e4eed38fa75d132d6dc64699336876,"{""distance"":3,""physical_error_rate"":0.0001}","{""detection_events"":18606,""detectors_checked"":70170624,""obs_mistake_mask=E"":3}"
   2751488,         0,         0,   113.6,decoder_by_matrix,560c721f87db01d4cacf7dcb7d8812fecde61e9e7776d4b9e1b1a792578ecad7,"{""distance"":3,""physical_error_rate"":5e-06}","{""detection_events"":2199,""detectors_checked"":148580352}"
   1304576,         1,         0,   116.8,decoder_by_matrix,beec9fd12293a9cfe53c9b61fb8ce2a525e4eed38fa75d132d6dc64699336876,"{""distance"":3,""physical_error_rate"":0.0001}","{""detection_events"":18858,""detectors_checked"":70447104,""obs_mistake_mask=E"":1}"
   3150848,         0,         0,   115.7,decoder_by_matrix,e9839e3017c9ef118c4b8aeafef39e78c11ecbdb89764e9ca676a7dc2fb6d062,"{""distance"":3,""physical_error_rate"":1e-06}","{""detection_events"":474,""detectors_checked"":170145792}"
   1528832,         0,         0,   116.9,decoder_by_matrix,36e3cd26fed5ec7649ec51fb08c1a5e7d7f30e615782d954fee045c18a4962ca,"{""distance"":3,""physical_error_rate"":5e-05}","{""detection_events"":11307,""detectors_checked"":82556928}"
   1308672,         0,         0,   116.6,decoder_by_matrix,beec9fd12293a9cfe53c9b61fb8ce2a525e4eed38fa75d132d6dc64699336876,"{""distance"":3,""physical_error_rate"":0.0001}","{""detection_events"":19578,""detectors_checked"":70668288}"
   2486272,         0,         0,   116.7,decoder_by_matrix,e25b8d07214a8afb95d354611a83b9bb1ded39644e323a8585b3aabf687a4fff,"{""distance"":3,""physical_error_rate"":1e-05}","{""detection_events"":3492,""detectors_checked"":134258688}"
   2827264,         0,         0,   115.0,decoder_by_matrix,560c721f87db01d4cacf7dcb7d8812fecde61e9e7776d4b9e1b1a792578ecad7,"{""distance"":3,""physical_error_rate"":5e-06}","{""detection_events"":1962,""detectors_checked"":152672256}"
   1561600,         1,         0,   117.6,decoder_by_matrix,36e3cd26fed5ec7649ec51fb08c1a5e7d7f30e615782d954fee045c18a4962ca,"{""distance"":3,""physical_error_rate"":5e-05}","{""detection_events"":11271,""detectors_checked"":84326400,""obs_mistake_mask=E"":1}"
   3135488,         0,         0,   113.8,decoder_by_matrix,e9839e3017c9ef118c4b8aeafef39e78c11ecbdb89764e9ca676a7dc2fb6d062,"{""distance"":3,""physical_error_rate"":1e-06}","{""detection_events"":459,""detectors_checked"":169316352}"
   1164288,        18,         0,   118.1,decoder_by_matrix,5c8c81bfec719079c388cedc47a351f264c1bf769ae28a89f9b4fc7719fea501,"{""distance"":3,""physical_error_rate"":0.0005}","{""detection_events"":84861,""detectors_checked"":62871552,""obs_mistake_mask=E"":18}"
   2465792,         0,         0,   115.9,decoder_by_matrix,e25b8d07214a8afb95d354611a83b9bb1ded39644e323a8585b3aabf687a4fff,"{""distance"":3,""physical_error_rate"":1e-05}","{""detection_events"":3639,""detectors_checked"":133152768}"
   1561600,         0,         0,   117.9,decoder_by_matrix,36e3cd26fed5ec7649ec51fb08c1a5e7d7f30e615782d954fee045c18a4962ca,"{""distance"":3,""physical_error_rate"":5e-05}","{""detection_events"":11136,""detectors_checked"":84326400}"
   1315840,         2,         0,   117.6,decoder_by_matrix,beec9fd12293a9cfe53c9b61fb8ce2a525e4eed38fa75d132d6dc64699336876,"{""distance"":3,""physical_error_rate"":0.0001}","{""detection_events"":18291,""detectors_checked"":71055360,""obs_mistake_mask=E"":2}"
   2750464,         0,         0,   115.3,decoder_by_matrix,560c721f87db01d4cacf7dcb7d8812fecde61e9e7776d4b9e1b1a792578ecad7,"{""distance"":3,""physical_error_rate"":5e-06}","{""detection_events"":2157,""detectors_checked"":148525056}"
   1157120,        26,         0,   118.3,decoder_by_matrix,5c8c81bfec719079c388cedc47a351f264c1bf769ae28a89f9b4fc7719fea501,"{""distance"":3,""physical_error_rate"":0.0005}","{""detection_events"":85482,""detectors_checked"":62484480,""obs_mistake_mask=E"":26}"
   1165312,        16,         0,   117.8,decoder_by_matrix,5c8c81bfec719079c388cedc47a351f264c1bf769ae28a89f9b4fc7719fea501,"{""distance"":3,""physical_error_rate"":0.0005}","{""detection_events"":84693,""detectors_checked"":62926848,""obs_mistake_mask=E"":16}"
   2435072,         0,         0,   115.0,decoder_by_matrix,e25b8d07214a8afb95d354611a83b9bb1ded39644e323a8585b3aabf687a4fff,"{""distance"":3,""physical_error_rate"":1e-05}","{""detection_events"":3420,""detectors_checked"":131493888}"
   1303552,         1,         0,   118.8,decoder_by_matrix,beec9fd12293a9cfe53c9b61fb8ce2a525e4eed38fa75d132d6dc64699336876,"{""distance"":3,""physical_error_rate"":0.0001}","{""detection_events"":19296,""detectors_checked"":70391808,""obs_mistake_mask=E"":1}"
   3143680,         0,         0,   113.1,decoder_by_matrix,e9839e3017c9ef118c4b8aeafef39e78c11ecbdb89764e9ca676a7dc2fb6d062,"{""distance"":3,""physical_error_rate"":1e-06}","{""detection_events"":381,""detectors_checked"":169758720}"
   1550336,         0,         0,   117.0,decoder_by_matrix,36e3cd26fed5ec7649ec51fb08c1a5e7d7f30e615782d954fee045c18a4962ca,"{""distance"":3,""physical_error_rate"":5e-05}","{""detection_events"":11154,""detectors_checked"":83718144}"
   1491968,         0,         0,   115.7,decoder_by_matrix,36e3cd26fed5ec7649ec51fb08c1a5e7d7f30e615782d954fee045c18a4962ca,"{""distance"":3,""physical_error_rate"":5e-05}","{""detection_events"":11400,""detectors_checked"":80566272}"
   1295360,         1,         0,   117.0,decoder_by_matrix,beec9fd12293a9cfe53c9b61fb8ce2a525e4eed38fa75d132d6dc64699336876,"{""distance"":3,""physical_error_rate"":0.0001}","{""detection_events"":19470,""detectors_checked"":69949440,""obs_mistake_mask=E"":1}"
   2465792,         0,         0,   114.9,decoder_by_matrix,e25b8d07214a8afb95d354611a83b9bb1ded39644e323a8585b3aabf687a4fff,"{""distance"":3,""physical_error_rate"":1e-05}","{""detection_events"":3603,""detectors_checked"":133152768}"
   2799616,         0,         0,   116.1,decoder_by_matrix,560c721f87db01d4cacf7dcb7d8812fecde61e9e7776d4b9e1b1a792578ecad7,"{""distance"":3,""physical_error_rate"":5e-06}","{""detection_events"":1959,""detectors_checked"":151179264}"
   1586176,         1,         0,   118.0,decoder_by_matrix,36e3cd26fed5ec7649ec51fb08c1a5e7d7f30e615782d954fee045c18a4962ca,"{""distance"":3,""physical_error_rate"":5e-05}","{""detection_events"":11160,""detectors_checked"":85653504,""obs_mistake_mask=E"":1}"
   1165312,        29,         0,   117.8,decoder_by_matrix,5c8c81bfec719079c388cedc47a351f264c1bf769ae28a89f9b4fc7719fea501,"{""distance"":3,""physical_error_rate"":0.0005}","{""detection_events"":85173,""detectors_checked"":62926848,""obs_mistake_mask=E"":29}"
   3136512,         0,         0,   113.0,decoder_by_matrix,e9839e3017c9ef118c4b8aeafef39e78c11ecbdb89764e9ca676a7dc2fb6d062,"{""distance"":3,""physical_error_rate"":1e-06}","{""detection_events"":501,""detectors_checked"":169371648}"
   1167360,        20,         0,   117.9,decoder_by_matrix,5c8c81bfec719079c388cedc47a351f264c1bf769ae28a89f9b4fc7719fea501,"{""distance"":3,""physical_error_rate"":0.0005}","{""detection_events"":86088,""detectors_checked"":63037440,""obs_mistake_mask=E"":20}"
   1552384,         1,         0,   116.3,decoder_by_matrix,36e3cd26fed5ec7649ec51fb08c1a5e7d7f30e615782d954fee045c18a4962ca,"{""distance"":3,""physical_error_rate"":5e-05}","{""detection_events"":11157,""detectors_checked"":83828736,""obs_mistake_mask=E"":1}"
   2430976,         0,         0,   115.9,decoder_by_matrix,e25b8d07214a8afb95d354611a83b9bb1ded39644e323a8585b3aabf687a4fff,"{""distance"":3,""physical_error_rate"":1e-05}","{""detection_events"":3786,""detectors_checked"":131272704}"
   3135488,         0,         0,   114.3,decoder_by_matrix,e9839e3017c9ef118c4b8aeafef39e78c11ecbdb89764e9ca676a7dc2fb6d062,"{""distance"":3,""physical_error_rate"":1e-06}","{""detection_events"":486,""detectors_checked"":169316352}"
   2794496,         0,         0,   114.7,decoder_by_matrix,560c721f87db01d4cacf7dcb7d8812fecde61e9e7776d4b9e1b1a792578ecad7,"{""distance"":3,""physical_error_rate"":5e-06}","{""detection_events"":2028,""detectors_checked"":150902784}"
   2792448,         0,         0,   115.3,decoder_by_matrix,560c721f87db01d4cacf7dcb7d8812fecde61e9e7776d4b9e1b1a792578ecad7,"{""distance"":3,""physical_error_rate"":5e-06}","{""detection_events"":1881,""detectors_checked"":150792192}"
   1160192,        31,         0,   118.5,decoder_by_matrix,5c8c81bfec719079c388cedc47a351f264c1bf769ae28a89f9b4fc7719fea501,"{""distance"":3,""physical_error_rate"":0.0005}","{""detection_events"":85617,""detectors_checked"":62650368,""obs_mistake_mask=E"":31}"
   2480128,         0,         0,   116.6,decoder_by_matrix,e25b8d07214a8afb95d354611a83b9bb1ded39644e323a8585b3aabf687a4fff,"{""distance"":3,""physical_error_rate"":1e-05}","{""detection_events"":3543,""detectors_checked"":133926912}"
   2771968,         0,         0,   115.7,decoder_by_matrix,560c721f87db01d4cacf7dcb7d8812fecde61e9e7776d4b9e1b1a792578ecad7,"{""distance"":3,""physical_error_rate"":5e-06}","{""detection_events"":2208,""detectors_checked"":149686272}"
   1519616,         0,         0,   116.5,decoder_by_matrix,36e3cd26fed5ec7649ec51fb08c1a5e7d7f30e615782d954fee045c18a4962ca,"{""distance"":3,""physical_error_rate"":5e-05}","{""detection_events"":11355,""detectors_checked"":82059264}"
   2486272,         0,         0,   117.2,decoder_by_matrix,e25b8d07214a8afb95d354611a83b9bb1ded39644e323a8585b3aabf687a4fff,"{""distance"":3,""physical_error_rate"":1e-05}","{""detection_events"":3399,""detectors_checked"":134258688}"
   1566720,         1,         0,   115.3,decoder_by_matrix,36e3cd26fed5ec7649ec51fb08c1a5e7d7f30e615782d954fee045c18a4962ca,"{""distance"":3,""physical_error_rate"":5e-05}","{""detection_events"":11100,""detectors_checked"":84602880,""obs_mistake_mask=E"":1}"
   1164288,        19,         0,   117.5,decoder_by_matrix,5c8c81bfec719079c388cedc47a351f264c1bf769ae28a89f9b4fc7719fea501,"{""distance"":3,""physical_error_rate"":0.0005}","{""detection_events"":85626,""detectors_checked"":62871552,""obs_mistake_mask=E"":19}"
   1294336,         0,         0,   117.3,decoder_by_matrix,beec9fd12293a9cfe53c9b61fb8ce2a525e4eed38fa75d132d6dc64699336876,"{""distance"":3,""physical_error_rate"":0.0001}","{""detection_events"":19782,""detectors_checked"":69894144}"
   1167360,        21,         0,   117.9,decoder_by_matrix,5c8c81bfec719079c388cedc47a351f264c1bf769ae28a89f9b4fc7719fea501,"{""distance"":3,""physical_error_rate"":0.0005}","{""detection_events"":84732,""detectors_checked"":63037440,""obs_mistake_mask=E"":21}"
   2776064,         0,         0,   114.7,decoder_by_matrix,560c721f87db01d4cacf7dcb7d8812fecde61e9e7776d4b9e1b1a792578ecad7,"{""distance"":3,""physical_error_rate"":5e-06}","{""detection_events"":2085,""detectors_checked"":149907456}"
   3113984,         0,         0,   113.0,decoder_by_matrix,e9839e3017c9ef118c4b8aeafef39e78c11ecbdb89764e9ca676a7dc2fb6d062,"{""distance"":3,""physical_error_rate"":1e-06}","{""detection_events"":525,""detectors_checked"":168155136}"
   3140608,         0,         0,   114.3,decoder_by_matrix,e9839e3017c9ef118c4b8aeafef39e78c11ecbdb89764e9ca676a7dc2fb6d062,"{""distance"":3,""physical_error_rate"":1e-06}","{""detection_events"":408,""detectors_checked"":169592832}"
   3146752,         0,         0,   113.3,decoder_by_matrix,e9839e3017c9ef118c4b8aeafef39e78c11ecbdb89764e9ca676a7dc2fb6d062,"{""distance"":3,""physical_error_rate"":1e-06}","{""detection_events"":474,""detectors_checked"":169924608}"
   1293312,         2,         0,   116.9,decoder_by_matrix,beec9fd12293a9cfe53c9b61fb8ce2a525e4eed38fa75d132d6dc64699336876,"{""distance"":3,""physical_error_rate"":0.0001}","{""detection_events"":18456,""detectors_checked"":69838848,""obs_mistake_mask=E"":2}"
   2475008,         0,         0,   115.3,decoder_by_matrix,e25b8d07214a8afb95d354611a83b9bb1ded39644e323a8585b3aabf687a4fff,"{""distance"":3,""physical_error_rate"":1e-05}","{""detection_events"":3663,""detectors_checked"":133650432}"
   2791424,         0,         0,   115.0,decoder_by_matrix,560c721f87db01d4cacf7dcb7d8812fecde61e9e7776d4b9e1b1a792578ecad7,"{""distance"":3,""physical_error_rate"":5e-06}","{""detection_events"":1971,""detectors_checked"":150736896}"
   1543168,         1,         0,   115.6,decoder_by_matrix,36e3cd26fed5ec7649ec51fb08c1a5e7d7f30e615782d954fee045c18a4962ca,"{""distance"":3,""physical_error_rate"":5e-05}","{""detection_events"":11007,""detectors_checked"":83331072,""obs_mistake_mask=E"":1}"
   2505728,         0,         0,   114.9,decoder_by_matrix,e25b8d07214a8afb95d354611a83b9bb1ded39644e323a8585b3aabf687a4fff,"{""distance"":3,""physical_error_rate"":1e-05}","{""detection_events"":3510,""detectors_checked"":135309312}"
   2744320,         0,         0,   115.9,decoder_by_matrix,560c721f87db01d4cacf7dcb7d8812fecde61e9e7776d4b9e1b1a792578ecad7,"{""distance"":3,""physical_error_rate"":5e-06}","{""detection_events"":1971,""detectors_checked"":148193280}"
   1162240,        22,         0,   118.1,decoder_by_matrix,5c8c81bfec719079c388cedc47a351f264c1bf769ae28a89f9b4fc7719fea501,"{""distance"":3,""physical_error_rate"":0.0005}","{""detection_events"":83514,""detectors_checked"":62760960,""obs_mistake_mask=E"":22}"
   1303552,         0,         0,   117.2,decoder_by_matrix,beec9fd12293a9cfe53c9b61fb8ce2a525e4eed38fa75d132d6dc64699336876,"{""distance"":3,""physical_error_rate"":0.0001}","{""detection_events"":19095,""detectors_checked"":70391808}"
   3124224,         0,         0,   113.6,decoder_by_matrix,e9839e3017c9ef118c4b8aeafef39e78c11ecbdb89764e9ca676a7dc2fb6d062,"{""distance"":3,""physical_error_rate"":1e-06}","{""detection_events"":567,""detectors_checked"":168708096}"
   1162240,        17,         0,   116.8,decoder_by_matrix,5c8c81bfec719079c388cedc47a351f264c1bf769ae28a89f9b4fc7719fea501,"{""distance"":3,""physical_error_rate"":0.0005}","{""detection_events"":84852,""detectors_checked"":62760960,""obs_mistake_mask=E"":17}"
   2454528,         0,         0,   114.9,decoder_by_matrix,e25b8d07214a8afb95d354611a83b9bb1ded39644e323a8585b3aabf687a4fff,"{""distance"":3,""physical_error_rate"":1e-05}","{""detection_events"":3669,""detectors_checked"":132544512}"
   1302528,         2,         0,   118.2,decoder_by_matrix,beec9fd12293a9cfe53c9b61fb8ce2a525e4eed38fa75d132d6dc64699336876,"{""distance"":3,""physical_error_rate"":0.0001}","{""detection_events"":18762,""detectors_checked"":70336512,""obs_mistake_mask=E"":2}"
   3118080,         0,         0,   115.2,decoder_by_matrix,e9839e3017c9ef118c4b8aeafef39e78c11ecbdb89764e9ca676a7dc2fb6d062,"{""distance"":3,""physical_error_rate"":1e-06}","{""detection_events"":465,""detectors_checked"":168376320}"
   1318912,         4,         0,   116.7,decoder_by_matrix,beec9fd12293a9cfe53c9b61fb8ce2a525e4eed38fa75d132d6dc64699336876,"{""distance"":3,""physical_error_rate"":0.0001}","{""detection_events"":18738,""detectors_checked"":71221248,""obs_mistake_mask=E"":4}"
   1167360,        17,         0,   117.2,decoder_by_matrix,5c8c81bfec719079c388cedc47a351f264c1bf769ae28a89f9b4fc7719fea501,"{""distance"":3,""physical_error_rate"":0.0005}","{""detection_events"":85608,""detectors_checked"":63037440,""obs_mistake_mask=E"":17}"
   2468864,         0,         0,   116.6,decoder_by_matrix,e25b8d07214a8afb95d354611a83b9bb1ded39644e323a8585b3aabf687a4fff,"{""distance"":3,""physical_error_rate"":1e-05}","{""detection_events"":3594,""detectors_checked"":133318656}"
   1537024,         0,         0,   118.1,decoder_by_matrix,36e3cd26fed5ec7649ec51fb08c1a5e7d7f30e615782d954fee045c18a4962ca,"{""distance"":3,""physical_error_rate"":5e-05}","{""detection_events"":11178,""detectors_checked"":82999296}"
   1293312,         0,         0,   117.3,decoder_by_matrix,beec9fd12293a9cfe53c9b61fb8ce2a525e4eed38fa75d132d6dc64699336876,"{""distance"":3,""physical_error_rate"":0.0001}","{""detection_events"":19119,""detectors_checked"":69838848}"
   2786304,         0,         0,   116.2,decoder_by_matrix,560c721f87db01d4cacf7dcb7d8812fecde61e9e7776d4b9e1b1a792578ecad7,"{""distance"":3,""physical_error_rate"":5e-06}","{""detection_events"":2055,""detectors_checked"":150460416}"
   3143680,         0,         0,   111.8,decoder_by_matrix,e9839e3017c9ef118c4b8aeafef39e78c11ecbdb89764e9ca676a7dc2fb6d062,"{""distance"":3,""physical_error_rate"":1e-06}","{""detection_events"":405,""detectors_checked"":169758720}"
   1311744,         0,         0,   116.0,decoder_by_matrix,beec9fd12293a9cfe53c9b61fb8ce2a525e4eed38fa75d132d6dc64699336876,"{""distance"":3,""physical_error_rate"":0.0001}","{""detection_events"":19086,""detectors_checked"":70834176}"
   1529856,         0,         0,   117.8,decoder_by_matrix,36e3cd26fed5ec7649ec51fb08c1a5e7d7f30e615782d954fee045c18a4962ca,"{""distance"":3,""physical_error_rate"":5e-05}","{""detection_events"":10575,""detectors_checked"":82612224}"
   1303552,         0,         0,   117.8,decoder_by_matrix,beec9fd12293a9cfe53c9b61fb8ce2a525e4eed38fa75d132d6dc64699336876,"{""distance"":3,""physical_error_rate"":0.0001}","{""detection_events"":18597,""detectors_checked"":70391808}"
   2454528,         0,         0,   114.2,decoder_by_matrix,e25b8d07214a8afb95d354611a83b9bb1ded39644e323a8585b3aabf687a4fff,"{""distance"":3,""physical_error_rate"":1e-05}","{""detection_events"":3525,""detectors_checked"":132544512}"
   2788352,         0,         0,   114.4,decoder_by_matrix,560c721f87db01d4cacf7dcb7d8812fecde61e9e7776d4b9e1b1a792578ecad7,"{""distance"":3,""physical_error_rate"":5e-06}","{""detection_events"":2085,""detectors_checked"":150571008}"
   1572864,         0,         0,   115.2,decoder_by_matrix,36e3cd26fed5ec7649ec51fb08c1a5e7d7f30e615782d954fee045c18a4962ca,"{""distance"":3,""physical_error_rate"":5e-05}","{""detection_events"":11010,""detectors_checked"":84934656}"
   3109888,         0,         0,   114.8,decoder_by_matrix,e9839e3017c9ef118c4b8aeafef39e78c11ecbdb89764e9ca676a7dc2fb6d062,"{""distance"":3,""physical_error_rate"":1e-06}","{""detection_events"":564,""detectors_checked"":167933952}"
   1164288,        21,         0,   117.9,decoder_by_matrix,5c8c81bfec719079c388cedc47a351f264c1bf769ae28a89f9b4fc7719fea501,"{""distance"":3,""physical_error_rate"":0.0005}","{""detection_events"":85080,""detectors_checked"":62871552,""obs_mistake_mask=E"":21}"
   2465792,         0,         0,   117.0,decoder_by_matrix,e25b8d07214a8afb95d354611a83b9bb1ded39644e323a8585b3aabf687a4fff,"{""distance"":3,""physical_error_rate"":1e-05}","{""detection_events"":3465,""detectors_checked"":133152768}"
   1580032,         0,         0,   115.7,decoder_by_matrix,36e3cd26fed5ec7649ec51fb08c1a5e7d7f30e615782d954fee045c18a4962ca,"{""distance"":3,""physical_error_rate"":5e-05}","{""detection_events"":10818,""detectors_checked"":85321728}"
   1290240,         1,         0,   115.6,decoder_by_matrix,beec9fd12293a9cfe53c9b61fb8ce2a525e4eed38fa75d132d6dc64699336876,"{""distance"":3,""physical_error_rate"":0.0001}","{""detection_events"":18693,""detectors_checked"":69672960,""obs_mistake_mask=E"":1}"
   2754560,         0,         0,   114.7,decoder_by_matrix,560c721f87db01d4cacf7dcb7d8812fecde61e9e7776d4b9e1b1a792578ecad7,"{""distance"":3,""physical_error_rate"":5e-06}","{""detection_events"":2157,""detectors_checked"":148746240}"
   2487296,         0,         0,   117.6,decoder_by_matrix,e25b8d07214a8afb95d354611a83b9bb1ded39644e323a8585b3aabf687a4fff,"{""distance"":3,""physical_error_rate"":1e-05}","{""detection_events"":3444,""detectors_checked"":134313984}"
   1160192,        28,         0,   118.5,decoder_by_matrix,5c8c81bfec719079c388cedc47a351f264c1bf769ae28a89f9b4fc7719fea501,"{""distance"":3,""physical_error_rate"":0.0005}","{""detection_events"":86421,""detectors_checked"":62650368,""obs_mistake_mask=E"":28}"
   1163264,        16,         0,   117.6,decoder_by_matrix,5c8c81bfec719079c388cedc47a351f264c1bf769ae28a89f9b4fc7719fea501,"{""distance"":3,""physical_error_rate"":0.0005}","{""detection_events"":84300,""detectors_checked"":62816256,""obs_mistake_mask=E"":16}"
   1302528,         2,         0,   117.2,decoder_by_matrix,beec9fd12293a9cfe53c9b61fb8ce2a525e4eed38fa75d132d6dc64699336876,"{""distance"":3,""physical_error_rate"":0.0001}","{""detection_events"":19317,""detectors_checked"":70336512,""obs_mistake_mask=E"":2}"
   3140608,         0,         0,   115.7,decoder_by_matrix,e9839e3017c9ef118c4b8aeafef39e78c11ecbdb89764e9ca676a7dc2fb6d062,"{""distance"":3,""physical_error_rate"":1e-06}","{""detection_events"":495,""detectors_checked"":169592832}"
   1546240,         1,         0,   116.5,decoder_by_matrix,36e3cd26fed5ec7649ec51fb08c1a5e7d7f30e615782d954fee045c18a4962ca,"{""distance"":3,""physical_error_rate"":5e-05}","{""detection_events"":11487,""detectors_checked"":83496960,""obs_mistake_mask=E"":1}"
   1542144,         1,         0,   118.0,decoder_by_matrix,36e3cd26fed5ec7649ec51fb08c1a5e7d7f30e615782d954fee045c18a4962ca,"{""distance"":3,""physical_error_rate"":5e-05}","{""detection_events"":10860,""detectors_checked"":83275776,""obs_mistake_mask=E"":1}"
   1298432,         3,         0,   117.6,decoder_by_matrix,beec9fd12293a9cfe53c9b61fb8ce2a525e4eed38fa75d132d6dc64699336876,"{""distance"":3,""physical_error_rate"":0.0001}","{""detection_events"":18600,""detectors_checked"":70115328,""obs_mistake_mask=E"":3}"
   2533376,         0,         0,   115.8,decoder_by_matrix,e25b8d07214a8afb95d354611a83b9bb1ded39644e323a8585b3aabf687a4fff,"{""distance"":3,""physical_error_rate"":1e-05}","{""detection_events"":3306,""detectors_checked"":136802304}"
   2806784,         0,         0,   115.7,decoder_by_matrix,560c721f87db01d4cacf7dcb7d8812fecde61e9e7776d4b9e1b1a792578ecad7,"{""distance"":3,""physical_error_rate"":5e-06}","{""detection_events"":1983,""detectors_checked"":151566336}"
   1166336,        13,         0,   117.9,decoder_by_matrix,5c8c81bfec719079c388cedc47a351f264c1bf769ae28a89f9b4fc7719fea501,"{""distance"":3,""physical_error_rate"":0.0005}","{""detection_events"":84423,""detectors_checked"":62982144,""obs_mistake_mask=E"":13}"
   1165312,        20,         0,   117.1,decoder_by_matrix,5c8c81bfec719079c388cedc47a351f264c1bf769ae28a89f9b4fc7719fea501,"{""distance"":3,""physical_error_rate"":0.0005}","{""detection_events"":84456,""detectors_checked"":62926848,""obs_mistake_mask=E"":20}"
   1571840,         0,         0,   116.4,decoder_by_matrix,36e3cd26fed5ec7649ec51fb08c1a5e7d7f30e615782d954fee045c18a4962ca,"{""distance"":3,""physical_error_rate"":5e-05}","{""detection_events"":11526,""detectors_checked"":84879360}"
   3159040,         0,         0,   114.5,decoder_by_matrix,e9839e3017c9ef118c4b8aeafef39e78c11ecbdb89764e9ca676a7dc2fb6d062,"{""distance"":3,""physical_error_rate"":1e-06}","{""detection_events"":363,""detectors_checked"":170588160}"
   1571840,         0,         0,   117.7,decoder_by_matrix,36e3cd26fed5ec7649ec51fb08c1a5e7d7f30e615782d954fee045c18a4962ca,"{""distance"":3,""physical_error_rate"":5e-05}","{""detection_events"":11343,""detectors_checked"":84879360}"
   2441216,         0,         0,   117.6,decoder_by_matrix,e25b8d07214a8afb95d354611a83b9bb1ded39644e323a8585b3aabf687a4fff,"{""distance"":3,""physical_error_rate"":1e-05}","{""detection_events"":3654,""detectors_checked"":131825664}"
   3149824,         0,         0,   112.9,decoder_by_matrix,e9839e3017c9ef118c4b8aeafef39e78c11ecbdb89764e9ca676a7dc2fb6d062,"{""distance"":3,""physical_error_rate"":1e-06}","{""detection_events"":411,""detectors_checked"":170090496}"
   2744320,         0,         0,   113.3,decoder_by_matrix,560c721f87db01d4cacf7dcb7d8812fecde61e9e7776d4b9e1b1a792578ecad7,"{""distance"":3,""physical_error_rate"":5e-06}","{""detection_events"":2106,""detectors_checked"":148193280}"
   2760704,         0,         0,   114.6,decoder_by_matrix,560c721f87db01d4cacf7dcb7d8812fecde61e9e7776d4b9e1b1a792578ecad7,"{""distance"":3,""physical_error_rate"":5e-06}","{""detection_events"":2265,""detectors_checked"":149078016}"
   1545216,         1,         0,   117.2,decoder_by_matrix,36e3cd26fed5ec7649ec51fb08c1a5e7d7f30e615782d954fee045c18a4962ca,"{""distance"":3,""physical_error_rate"":5e-05}","{""detection_events"":11346,""detectors_checked"":83441664,""obs_mistake_mask=E"":1}"
   1163264,        23,         0,   116.4,decoder_by_matrix,5c8c81bfec719079c388cedc47a351f264c1bf769ae28a89f9b4fc7719fea501,"{""distance"":3,""physical_error_rate"":0.0005}","{""detection_events"":84156,""detectors_checked"":62816256,""obs_mistake_mask=E"":23}"
   2437120,         0,         0,   116.3,decoder_by_matrix,e25b8d07214a8afb95d354611a83b9bb1ded39644e323a8585b3aabf687a4fff,"{""distance"":3,""physical_error_rate"":1e-05}","{""detection_events"":3597,""detectors_checked"":131604480}"
   2777088,         0,         0,   116.0,decoder_by_matrix,560c721f87db01d4cacf7dcb7d8812fecde61e9e7776d4b9e1b1a792578ecad7,"{""distance"":3,""physical_error_rate"":5e-06}","{""detection_events"":2073,""detectors_checked"":149962752}"
   1537024,         0,         0,   115.9,decoder_by_matrix,36e3cd26fed5ec7649ec51fb08c1a5e7d7f30e615782d954fee045c18a4962ca,"{""distance"":3,""physical_error_rate"":5e-05}","{""detection_events"":10992,""detectors_checked"":82999296}"
   2790400,         0,         0,   115.1,decoder_by_matrix,560c721f87db01d4cacf7dcb7d8812fecde61e9e7776d4b9e1b1a792578ecad7,"{""distance"":3,""physical_error_rate"":5e-06}","{""detection_events"":1950,""detectors_checked"":150681600}"
   1291264,         1,         0,   117.5,decoder_by_matrix,beec9fd12293a9cfe53c9b61fb8ce2a525e4eed38fa75d132d6dc64699336876,"{""distance"":3,""physical_error_rate"":0.0001}","{""detection_events"":18885,""detectors_checked"":69728256,""obs_mistake_mask=E"":1}"
   2435072,         0,         0,   117.3,decoder_by_matrix,e25b8d07214a8afb95d354611a83b9bb1ded39644e323a8585b3aabf687a4fff,"{""distance"":3,""physical_error_rate"":1e-05}","{""detection_events"":3636,""detectors_checked"":131493888}"
   1167360,        15,         0,   118.0,decoder_by_matrix,5c8c81bfec719079c388cedc47a351f264c1bf769ae28a89f9b4fc7719fea501,"{""distance"":3,""physical_error_rate"":0.0005}","{""detection_events"":84492,""detectors_checked"":63037440,""obs_mistake_mask=E"":15}"
   1167360,        14,         0,   118.0,decoder_by_matrix,5c8c81bfec719079c388cedc47a351f264c1bf769ae28a89f9b4fc7719fea501,"{""distance"":3,""physical_error_rate"":0.0005}","{""detection_events"":85362,""detectors_checked"":63037440,""obs_mistake_mask=E"":14}"
   3134464,         0,         0,   114.9,decoder_by_matrix,e9839e3017c9ef118c4b8aeafef39e78c11ecbdb89764e9ca676a7dc2fb6d062,"{""distance"":3,""physical_error_rate"":1e-06}","{""detection_events"":447,""detectors_checked"":169261056}"
   3133440,         0,         0,   113.6,decoder_by_matrix,e9839e3017c9ef118c4b8aeafef39e78c11ecbdb89764e9ca676a7dc2fb6d062,"{""distance"":3,""physical_error_rate"":1e-06}","{""detection_events"":471,""detectors_checked"":169205760}"
   3151872,         0,         0,   115.1,decoder_by_matrix,e9839e3017c9ef118c4b8aeafef39e78c11ecbdb89764e9ca676a7dc2fb6d062,"{""distance"":3,""physical_error_rate"":1e-06}","{""detection_events"":441,""detectors_checked"":170201088}"
   2497536,         0,         0,   116.3,decoder_by_matrix,e25b8d07214a8afb95d354611a83b9bb1ded39644e323a8585b3aabf687a4fff,"{""distance"":3,""physical_error_rate"":1e-05}","{""detection_events"":3585,""detectors_checked"":134866944}"
   1296384,         0,         0,   118.1,decoder_by_matrix,beec9fd12293a9cfe53c9b61fb8ce2a525e4eed38fa75d132d6dc64699336876,"{""distance"":3,""physical_error_rate"":0.0001}","{""detection_events"":18606,""detectors_checked"":70004736}"
   2767872,         0,         0,   114.6,decoder_by_matrix,560c721f87db01d4cacf7dcb7d8812fecde61e9e7776d4b9e1b1a792578ecad7,"{""distance"":3,""physical_error_rate"":5e-06}","{""detection_events"":2085,""detectors_checked"":149465088}"
   2466816,         0,         0,   114.2,decoder_by_matrix,e25b8d07214a8afb95d354611a83b9bb1ded39644e323a8585b3aabf687a4fff,"{""distance"":3,""physical_error_rate"":1e-05}","{""detection_events"":3591,""detectors_checked"":133208064}"
   2775040,         0,         0,   113.2,decoder_by_matrix,560c721f87db01d4cacf7dcb7d8812fecde61e9e7776d4b9e1b1a792578ecad7,"{""distance"":3,""physical_error_rate"":5e-06}","{""detection_events"":1935,""detectors_checked"":149852160}"
   1590272,         1,         0,   116.4,decoder_by_matrix,36e3cd26fed5ec7649ec51fb08c1a5e7d7f30e615782d954fee045c18a4962ca,"{""distance"":3,""physical_error_rate"":5e-05}","{""detection_events"":11217,""detectors_checked"":85874688,""obs_mistake_mask=E"":1}"
   1297408,         0,         0,   116.7,decoder_by_matrix,beec9fd12293a9cfe53c9b61fb8ce2a525e4eed38fa75d132d6dc64699336876,"{""distance"":3,""physical_error_rate"":0.0001}","{""detection_events"":19170,""detectors_checked"":70060032}"
   1163264,        17,         0,   117.3,decoder_by_matrix,5c8c81bfec719079c388cedc47a351f264c1bf769ae28a89f9b4fc7719fea501,"{""distance"":3,""physical_error_rate"":0.0005}","{""detection_events"":85056,""detectors_checked"":62816256,""obs_mistake_mask=E"":17}"
   3154944,         0,         0,   115.0,decoder_by_matrix,e9839e3017c9ef118c4b8aeafef39e78c11ecbdb89764e9ca676a7dc2fb6d062,"{""distance"":3,""physical_error_rate"":1e-06}","{""detection_events"":333,""detectors_checked"":170366976}"
   1319936,         0,         0,   118.7,decoder_by_matrix,beec9fd12293a9cfe53c9b61fb8ce2a525e4eed38fa75d132d6dc64699336876,"{""distance"":3,""physical_error_rate"":0.0001}","{""detection_events"":18585,""detectors_checked"":71276544}"
   1163264,        21,         0,   117.1,decoder_by_matrix,5c8c81bfec719079c388cedc47a351f264c1bf769ae28a89f9b4fc7719fea501,"{""distance"":3,""physical_error_rate"":0.0005}","{""detection_events"":86835,""detectors_checked"":62816256,""obs_mistake_mask=E"":21}"
   1301504,         2,         0,   116.9,decoder_by_matrix,beec9fd12293a9cfe53c9b61fb8ce2a525e4eed38fa75d132d6dc64699336876,"{""distance"":3,""physical_error_rate"":0.0001}","{""detection_events"":19416,""detectors_checked"":70281216,""obs_mistake_mask=E"":2}"
   2489344,         0,         0,   116.3,decoder_by_matrix,e25b8d07214a8afb95d354611a83b9bb1ded39644e323a8585b3aabf687a4fff,"{""distance"":3,""physical_error_rate"":1e-05}","{""detection_events"":3522,""detectors_checked"":134424576}"
   3135488,         0,         0,   115.0,decoder_by_matrix,e9839e3017c9ef118c4b8aeafef39e78c11ecbdb89764e9ca676a7dc2fb6d062,"{""distance"":3,""physical_error_rate"":1e-06}","{""detection_events"":480,""detectors_checked"":169316352}"
   1172480,        15,         0,   118.4,decoder_by_matrix,5c8c81bfec719079c388cedc47a351f264c1bf769ae28a89f9b4fc7719fea501,"{""distance"":3,""physical_error_rate"":0.0005}","{""detection_events"":84129,""detectors_checked"":63313920,""obs_mistake_mask=E"":15}"
   2475008,         0,         0,   117.1,decoder_by_matrix,e25b8d07214a8afb95d354611a83b9bb1ded39644e323a8585b3aabf687a4fff,"{""distance"":3,""physical_error_rate"":1e-05}","{""detection_events"":3543,""detectors_checked"":133650432}"
   1549312,         0,         0,   116.7,decoder_by_matrix,36e3cd26fed5ec7649ec51fb08c1a5e7d7f30e615782d954fee045c18a4962ca,"{""distance"":3,""physical_error_rate"":5e-05}","{""detection_events"":11019,""detectors_checked"":83662848}"
   1298432,         1,         0,   117.1,decoder_by_matrix,beec9fd12293a9cfe53c9b61fb8ce2a525e4eed38fa75d132d6dc64699336876,"{""distance"":3,""physical_error_rate"":0.0001}","{""detection_events"":19041,""detectors_checked"":70115328,""obs_mistake_mask=E"":1}"
   3155968,         0,         0,   113.5,decoder_by_matrix,e9839e3017c9ef118c4b8aeafef39e78c11ecbdb89764e9ca676a7dc2fb6d062,"{""distance"":3,""physical_error_rate"":1e-06}","{""detection_events"":441,""detectors_checked"":170422272}"
   2803712,         0,         0,   114.1,decoder_by_matrix,560c721f87db01d4cacf7dcb7d8812fecde61e9e7776d4b9e1b1a792578ecad7,"{""distance"":3,""physical_error_rate"":5e-06}","{""detection_events"":1938,""detectors_checked"":151400448}"
   1287168,         2,         0,   117.1,decoder_by_matrix,beec9fd12293a9cfe53c9b61fb8ce2a525e4eed38fa75d132d6dc64699336876,"{""distance"":3,""physical_error_rate"":0.0001}","{""detection_events"":18747,""detectors_checked"":69507072,""obs_mistake_mask=E"":2}"
   1565696,         0,         0,   117.1,decoder_by_matrix,36e3cd26fed5ec7649ec51fb08c1a5e7d7f30e615782d954fee045c18a4962ca,"{""distance"":3,""physical_error_rate"":5e-05}","{""detection_events"":10983,""detectors_checked"":84547584}"
   2435072,         0,         0,   115.9,decoder_by_matrix,e25b8d07214a8afb95d354611a83b9bb1ded39644e323a8585b3aabf687a4fff,"{""distance"":3,""physical_error_rate"":1e-05}","{""detection_events"":3804,""detectors_checked"":131493888}"
   1310720,         2,         0,   118.1,decoder_by_matrix,beec9fd12293a9cfe53c9b61fb8ce2a525e4eed38fa75d132d6dc64699336876,"{""distance"":3,""physical_error_rate"":0.0001}","{""detection_events"":19431,""detectors_checked"":70778880,""obs_mistake_mask=E"":2}"
   2788352,         0,         0,   115.5,decoder_by_matrix,560c721f87db01d4cacf7dcb7d8812fecde61e9e7776d4b9e1b1a792578ecad7,"{""distance"":3,""physical_error_rate"":5e-06}","{""detection_events"":2112,""detectors_checked"":150571008}"
   1534976,         0,         0,   117.1,decoder_by_matrix,36e3cd26fed5ec7649ec51fb08c1a5e7d7f30e615782d954fee045c18a4962ca,"{""distance"":3,""physical_error_rate"":5e-05}","{""detection_events"":11430,""detectors_checked"":82888704}"
   3139584,         0,         0,   116.8,decoder_by_matrix,e9839e3017c9ef118c4b8aeafef39e78c11ecbdb89764e9ca676a7dc2fb6d062,"{""distance"":3,""physical_error_rate"":1e-06}","{""detection_events"":402,""detectors_checked"":169537536}"
   1164288,        18,         0,   117.4,decoder_by_matrix,5c8c81bfec719079c388cedc47a351f264c1bf769ae28a89f9b4fc7719fea501,"{""distance"":3,""physical_error_rate"":0.0005}","{""detection_events"":84153,""detectors_checked"":62871552,""obs_mistake_mask=E"":18}"
   2515968,         0,         0,   115.5,decoder_by_matrix,e25b8d07214a8afb95d354611a83b9bb1ded39644e323a8585b3aabf687a4fff,"{""distance"":3,""physical_error_rate"":1e-05}","{""detection_events"":3315,""detectors_checked"":135862272}"
   1537024,         1,         0,   117.6,decoder_by_matrix,36e3cd26fed5ec7649ec51fb08c1a5e7d7f30e615782d954fee045c18a4962ca,"{""distance"":3,""physical_error_rate"":5e-05}","{""detection_events"":11082,""detectors_checked"":82999296,""obs_mistake_mask=E"":1}"
   2810880,         0,         0,   115.7,decoder_by_matrix,560c721f87db01d4cacf7dcb7d8812fecde61e9e7776d4b9e1b1a792578ecad7,"{""distance"":3,""physical_error_rate"":5e-06}","{""detection_events"":2034,""detectors_checked"":151787520}"
   1158144,        23,         0,   117.2,decoder_by_matrix,5c8c81bfec719079c388cedc47a351f264c1bf769ae28a89f9b4fc7719fea501,"{""distance"":3,""physical_error_rate"":0.0005}","{""detection_events"":84672,""detectors_checked"":62539776,""obs_mistake_mask=E"":23}"
   1312768,         0,         0,   117.1,decoder_by_matrix,beec9fd12293a9cfe53c9b61fb8ce2a525e4eed38fa75d132d6dc64699336876,"{""distance"":3,""physical_error_rate"":0.0001}","{""detection_events"":19059,""detectors_checked"":70889472}"
   2471936,         0,         0,   114.6,decoder_by_matrix,e25b8d07214a8afb95d354611a83b9bb1ded39644e323a8585b3aabf687a4fff,"{""distance"":3,""physical_error_rate"":1e-05}","{""detection_events"":3612,""detectors_checked"":133484544}"
   1165312,        21,         0,   117.6,decoder_by_matrix,5c8c81bfec719079c388cedc47a351f264c1bf769ae28a89f9b4fc7719fea501,"{""distance"":3,""physical_error_rate"":0.0005}","{""detection_events"":85200,""detectors_checked"":62926848,""obs_mistake_mask=E"":21}"
   1304576,         0,         0,   118.7,decoder_by_matrix,beec9fd12293a9cfe53c9b61fb8ce2a525e4eed38fa75d132d6dc64699336876,"{""distance"":3,""physical_error_rate"":0.0001}","{""detection_events"":19236,""detectors_checked"":70447104}"
   3152896,         0,         0,   114.4,decoder_by_matrix,e9839e3017c9ef118c4b8aeafef39e78c11ecbdb89764e9ca676a7dc2fb6d062,"{""distance"":3,""physical_error_rate"":1e-06}","{""detection_events"":399,""detectors_checked"":170256384}"
   1553408,         0,         0,   117.2,decoder_by_matrix,36e3cd26fed5ec7649ec51fb08c1a5e7d7f30e615782d954fee045c18a4962ca,"{""distance"":3,""physical_error_rate"":5e-05}","{""detection_events"":11544,""detectors_checked"":83884032}"
   1495040,         0,         0,   115.5,decoder_by_matrix,36e3cd26fed5ec7649ec51fb08c1a5e7d7f30e615782d954fee045c18a4962ca,"{""distance"":3,""physical_error_rate"":5e-05}","{""detection_events"":11292,""detectors_checked"":80732160}"
   1303552,         2,         0,   117.7,decoder_by_matrix,beec9fd12293a9cfe53c9b61fb8ce2a525e4eed38fa75d132d6dc64699336876,"{""distance"":3,""physical_error_rate"":0.0001}","{""detection_events"":18771,""detectors_checked"":70391808,""obs_mistake_mask=E"":2}"
   2440192,         0,         0,   117.0,decoder_by_matrix,e25b8d07214a8afb95d354611a83b9bb1ded39644e323a8585b3aabf687a4fff,"{""distance"":3,""physical_error_rate"":1e-05}","{""detection_events"":3723,""detectors_checked"":131770368}"
   2799616,         0,         0,   115.2,decoder_by_matrix,560c721f87db01d4cacf7dcb7d8812fecde61e9e7776d4b9e1b1a792578ecad7,"{""distance"":3,""physical_error_rate"":5e-06}","{""detection_events"":1884,""detectors_checked"":151179264}"
   1162240,        26,         0,   116.9,decoder_by_matrix,5c8c81bfec719079c388cedc47a351f264c1bf769ae28a89f9b4fc7719fea501,"{""distance"":3,""physical_error_rate"":0.0005}","{""detection_events"":84555,""detectors_checked"":62760960,""obs_mistake_mask=E"":26}"
   1167360,        15,         0,   118.1,decoder_by_matrix,5c8c81bfec719079c388cedc47a351f264c1bf769ae28a89f9b4fc7719fea501,"{""distance"":3,""physical_error_rate"":0.0005}","{""detection_events"":84999,""detectors_checked"":63037440,""obs_mistake_mask=E"":15}"
   1569792,         0,         0,   118.5,decoder_by_matrix,36e3cd26fed5ec7649ec51fb08c1a5e7d7f30e615782d954fee045c18a4962ca,"{""distance"":3,""physical_error_rate"":5e-05}","{""detection_events"":11118,""detectors_checked"":84768768}"
   1548288,         0,         0,   117.1,decoder_by_matrix,36e3cd26fed5ec7649ec51fb08c1a5e7d7f30e615782d954fee045c18a4962ca,"{""distance"":3,""physical_error_rate"":5e-05}","{""detection_events"":11859,""detectors_checked"":83607552}"
   3128320,         0,         0,   116.4,decoder_by_matrix,e9839e3017c9ef118c4b8aeafef39e78c11ecbdb89764e9ca676a7dc2fb6d062,"{""distance"":3,""physical_error_rate"":1e-06}","{""detection_events"":501,""detectors_checked"":168929280}"
   2458624,         0,         0,   115.3,decoder_by_matrix,e25b8d07214a8afb95d354611a83b9bb1ded39644e323a8585b3aabf687a4fff,"{""distance"":3,""physical_error_rate"":1e-05}","{""detection_events"":3474,""detectors_checked"":132765696}"
   3143680,         0,         0,   115.6,decoder_by_matrix,e9839e3017c9ef118c4b8aeafef39e78c11ecbdb89764e9ca676a7dc2fb6d062,"{""distance"":3,""physical_error_rate"":1e-06}","{""detection_events"":447,""detectors_checked"":169758720}"
   2756608,         0,         0,   115.6,decoder_by_matrix,560c721f87db01d4cacf7dcb7d8812fecde61e9e7776d4b9e1b1a792578ecad7,"{""distance"":3,""physical_error_rate"":5e-06}","{""detection_events"":2235,""detectors_checked"":148856832}"
   2761728,         0,         0,   115.1,decoder_by_matrix,560c721f87db01d4cacf7dcb7d8812fecde61e9e7776d4b9e1b1a792578ecad7,"{""distance"":3,""physical_error_rate"":5e-06}","{""detection_events"":1983,""detectors_checked"":149133312}"
   2801664,         0,         0,   114.4,decoder_by_matrix,560c721f87db01d4cacf7dcb7d8812fecde61e9e7776d4b9e1b1a792578ecad7,"{""distance"":3,""physical_error_rate"":5e-06}","{""detection_events"":1881,""detectors_checked"":151289856}"
   1163264,        19,         0,   117.3,decoder_by_matrix,5c8c81bfec719079c388cedc47a351f264c1bf769ae28a89f9b4fc7719fea501,"{""distance"":3,""physical_error_rate"":0.0005}","{""detection_events"":83589,""detectors_checked"":62816256,""obs_mistake_mask=E"":19}"
   1570816,         0,         0,   115.9,decoder_by_matrix,36e3cd26fed5ec7649ec51fb08c1a5e7d7f30e615782d954fee045c18a4962ca,"{""distance"":3,""physical_error_rate"":5e-05}","{""detection_events"":10752,""detectors_checked"":84824064}"
   2473984,         0,         0,   112.7,decoder_by_matrix,e25b8d07214a8afb95d354611a83b9bb1ded39644e323a8585b3aabf687a4fff,"{""distance"":3,""physical_error_rate"":1e-05}","{""detection_events"":3489,""detectors_checked"":133595136}"
   1545216,         0,         0,   117.2,decoder_by_matrix,36e3cd26fed5ec7649ec51fb08c1a5e7d7f30e615782d954fee045c18a4962ca,"{""distance"":3,""physical_error_rate"":5e-05}","{""detection_events"":11532,""detectors_checked"":83441664}"
   2430976,         0,         0,   115.7,decoder_by_matrix,e25b8d07214a8afb95d354611a83b9bb1ded39644e323a8585b3aabf687a4fff,"{""distance"":3,""physical_error_rate"":1e-05}","{""detection_events"":3747,""detectors_checked"":131272704}"
   2764800,         0,         0,   114.9,decoder_by_matrix,560c721f87db01d4cacf7dcb7d8812fecde61e9e7776d4b9e1b1a792578ecad7,"{""distance"":3,""physical_error_rate"":5e-06}","{""detection_events"":2118,""detectors_checked"":149299200}"
   1298432,         1,         0,   117.5,decoder_by_matrix,beec9fd12293a9cfe53c9b61fb8ce2a525e4eed38fa75d132d6dc64699336876,"{""distance"":3,""physical_error_rate"":0.0001}","{""detection_events"":19245,""detectors_checked"":70115328,""obs_mistake_mask=E"":1}"
   1168384,        23,         0,   116.0,decoder_by_matrix,5c8c81bfec719079c388cedc47a351f264c1bf769ae28a89f9b4fc7719fea501,"{""distance"":3,""physical_error_rate"":0.0005}","{""detection_events"":84000,""detectors_checked"":63092736,""obs_mistake_mask=E"":23}"
   1168384,        23,         0,   117.3,decoder_by_matrix,5c8c81bfec719079c388cedc47a351f264c1bf769ae28a89f9b4fc7719fea501,"{""distance"":3,""physical_error_rate"":0.0005}","{""detection_events"":84387,""detectors_checked"":63092736,""obs_mistake_mask=E"":23}"
   3116032,         0,         0,   112.5,decoder_by_matrix,e9839e3017c9ef118c4b8aeafef39e78c11ecbdb89764e9ca676a7dc2fb6d062,"{""distance"":3,""physical_error_rate"":1e-06}","{""detection_events"":603,""detectors_checked"":168265728}"
   3148800,         0,         0,   112.6,decoder_by_matrix,e9839e3017c9ef118c4b8aeafef39e78c11ecbdb89764e9ca676a7dc2fb6d062,"{""distance"":3,""physical_error_rate"":1e-06}","{""detection_events"":390,""detectors_checked"":170035200}"
   3154944,         0,         0,   112.9,decoder_by_matrix,e9839e3017c9ef118c4b8aeafef39e78c11ecbdb89764e9ca676a7dc2fb6d062,"{""distance"":3,""physical_error_rate"":1e-06}","{""detection_events"":417,""detectors_checked"":170366976}"
   2464768,         0,         0,   115.3,decoder_by_matrix,e25b8d07214a8afb95d354611a83b9bb1ded39644e323a8585b3aabf687a4fff,"{""distance"":3,""physical_error_rate"":1e-05}","{""detection_events"":3597,""detectors_checked"":133097472}"
   1291264,         2,         0,   117.6,decoder_by_matrix,beec9fd12293a9cfe53c9b61fb8ce2a525e4eed38fa75d132d6dc64699336876,"{""distance"":3,""physical_error_rate"":0.0001}","{""detection_events"":18726,""detectors_checked"":69728256,""obs_mistake_mask=E"":2}"
   2768896,         0,         0,   114.8,decoder_by_matrix,560c721f87db01d4cacf7dcb7d8812fecde61e9e7776d4b9e1b1a792578ecad7,"{""distance"":3,""physical_error_rate"":5e-06}","{""detection_events"":2106,""detectors_checked"":149520384}"
   1308672,         0,         0,   117.8,decoder_by_matrix,beec9fd12293a9cfe53c9b61fb8ce2a525e4eed38fa75d132d6dc64699336876,"{""distance"":3,""physical_error_rate"":0.0001}","{""detection_events"":18453,""detectors_checked"":70668288}"
   2439168,         0,         0,   115.5,decoder_by_matrix,e25b8d07214a8afb95d354611a83b9bb1ded39644e323a8585b3aabf687a4fff,"{""distance"":3,""physical_error_rate"":1e-05}","{""detection_events"":3777,""detectors_checked"":131715072}"
   2820096,         0,         0,   114.1,decoder_by_matrix,560c721f87db01d4cacf7dcb7d8812fecde61e9e7776d4b9e1b1a792578ecad7,"{""distance"":3,""physical_error_rate"":5e-06}","{""detection_events"":1782,""detectors_checked"":152285184}"
   1553408,         0,         0,   116.4,decoder_by_matrix,36e3cd26fed5ec7649ec51fb08c1a5e7d7f30e615782d954fee045c18a4962ca,"{""distance"":3,""physical_error_rate"":5e-05}","{""detection_events"":11034,""detectors_checked"":83884032}"
   1163264,        10,         0,   118.3,decoder_by_matrix,5c8c81bfec719079c388cedc47a351f264c1bf769ae28a89f9b4fc7719fea501,"{""distance"":3,""physical_error_rate"":0.0005}","{""detection_events"":84957,""detectors_checked"":62816256,""obs_mistake_mask=E"":10}"
   3141632,         0,         0,   115.8,decoder_by_matrix,e9839e3017c9ef118c4b8aeafef39e78c11ecbdb89764e9ca676a7dc2fb6d062,"{""distance"":3,""physical_error_rate"":1e-06}","{""detection_events"":420,""detectors_checked"":169648128}"
   1308672,         1,         0,   116.5,decoder_by_matrix,beec9fd12293a9cfe53c9b61fb8ce2a525e4eed38fa75d132d6dc64699336876,"{""distance"":3,""physical_error_rate"":0.0001}","{""detection_events"":18828,""detectors_checked"":70668288,""obs_mistake_mask=E"":1}"
   1165312,        14,         0,   118.6,decoder_by_matrix,5c8c81bfec719079c388cedc47a351f264c1bf769ae28a89f9b4fc7719fea501,"{""distance"":3,""physical_error_rate"":0.0005}","{""detection_events"":83727,""detectors_checked"":62926848,""obs_mistake_mask=E"":14}"
   3135488,         0,         0,   116.2,decoder_by_matrix,e9839e3017c9ef118c4b8aeafef39e78c11ecbdb89764e9ca676a7dc2fb6d062,"{""distance"":3,""physical_error_rate"":1e-06}","{""detection_events"":426,""detectors_checked"":169316352}"
   2455552,         0,         0,   116.0,decoder_by_matrix,e25b8d07214a8afb95d354611a83b9bb1ded39644e323a8585b3aabf687a4fff,"{""distance"":3,""physical_error_rate"":1e-05}","{""detection_events"":3561,""detectors_checked"":132599808}"
   1303552,         1,         0,   117.4,decoder_by_matrix,beec9fd12293a9cfe53c9b61fb8ce2a525e4eed38fa75d132d6dc64699336876,"{""distance"":3,""physical_error_rate"":0.0001}","{""detection_events"":19071,""detectors_checked"":70391808,""obs_mistake_mask=E"":1}"
   2458624,         0,         0,   114.9,decoder_by_matrix,e25b8d07214a8afb95d354611a83b9bb1ded39644e323a8585b3aabf687a4fff,"{""distance"":3,""physical_error_rate"":1e-05}","{""detection_events"":3825,""detectors_checked"":132765696}"
   1171456,        16,         0,   116.9,decoder_by_matrix,5c8c81bfec719079c388cedc47a351f264c1bf769ae28a89f9b4fc7719fea501,"{""distance"":3,""physical_error_rate"":0.0005}","{""detection_events"":84069,""detectors_checked"":63258624,""obs_mistake_mask=E"":16}"
   1575936,         0,         0,   117.6,decoder_by_matrix,36e3cd26fed5ec7649ec51fb08c1a5e7d7f30e615782d954fee045c18a4962ca,"{""distance"":3,""physical_error_rate"":5e-05}","{""detection_events"":10737,""detectors_checked"":85100544}"
   1303552,         1,         0,   116.3,decoder_by_matrix,beec9fd12293a9cfe53c9b61fb8ce2a525e4eed38fa75d132d6dc64699336876,"{""distance"":3,""physical_error_rate"":0.0001}","{""detection_events"":19041,""detectors_checked"":70391808,""obs_mistake_mask=E"":1}"
   2794496,         0,         0,   115.7,decoder_by_matrix,560c721f87db01d4cacf7dcb7d8812fecde61e9e7776d4b9e1b1a792578ecad7,"{""distance"":3,""physical_error_rate"":5e-06}","{""detection_events"":2070,""detectors_checked"":150902784}"
   3152896,         0,         0,   114.4,decoder_by_matrix,e9839e3017c9ef118c4b8aeafef39e78c11ecbdb89764e9ca676a7dc2fb6d062,"{""distance"":3,""physical_error_rate"":1e-06}","{""detection_events"":438,""detectors_checked"":170256384}"
   1311744,         1,         0,   118.1,decoder_by_matrix,beec9fd12293a9cfe53c9b61fb8ce2a525e4eed38fa75d132d6dc64699336876,"{""distance"":3,""physical_error_rate"":0.0001}","{""detection_events"":19311,""detectors_checked"":70834176,""obs_mistake_mask=E"":1}"
   1523712,         0,         0,   116.9,decoder_by_matrix,36e3cd26fed5ec7649ec51fb08c1a5e7d7f30e615782d954fee045c18a4962ca,"{""distance"":3,""physical_error_rate"":5e-05}","{""detection_events"":11226,""detectors_checked"":82280448}"
   2482176,         0,         0,   115.6,decoder_by_matrix,e25b8d07214a8afb95d354611a83b9bb1ded39644e323a8585b3aabf687a4fff,"{""distance"":3,""physical_error_rate"":1e-05}","{""detection_events"":3621,""detectors_checked"":134037504}"
   1308672,         1,         0,   117.9,decoder_by_matrix,beec9fd12293a9cfe53c9b61fb8ce2a525e4eed38fa75d132d6dc64699336876,"{""distance"":3,""physical_error_rate"":0.0001}","{""detection_events"":19179,""detectors_checked"":70668288,""obs_mistake_mask=E"":1}"
   2774016,         0,         0,   116.0,decoder_by_matrix,560c721f87db01d4cacf7dcb7d8812fecde61e9e7776d4b9e1b1a792578ecad7,"{""distance"":3,""physical_error_rate"":5e-06}","{""detection_events"":2085,""detectors_checked"":149796864}"
   1543168,         0,         0,   117.0,decoder_by_matrix,36e3cd26fed5ec7649ec51fb08c1a5e7d7f30e615782d954fee045c18a4962ca,"{""distance"":3,""physical_error_rate"":5e-05}","{""detection_events"":10902,""detectors_checked"":83331072}"
   3138560,         0,         0,   114.7,decoder_by_matrix,e9839e3017c9ef118c4b8aeafef39e78c11ecbdb89764e9ca676a7dc2fb6d062,"{""distance"":3,""physical_error_rate"":1e-06}","{""detection_events"":354,""detectors_checked"":169482240}"
   1163264,        22,         0,   117.3,decoder_by_matrix,5c8c81bfec719079c388cedc47a351f264c1bf769ae28a89f9b4fc7719fea501,"{""distance"":3,""physical_error_rate"":0.0005}","{""detection_events"":85647,""detectors_checked"":62816256,""obs_mistake_mask=E"":22}"
   2441216,         0,         0,   116.7,decoder_by_matrix,e25b8d07214a8afb95d354611a83b9bb1ded39644e323a8585b3aabf687a4fff,"{""distance"":3,""physical_error_rate"":1e-05}","{""detection_events"":3828,""detectors_checked"":131825664}"
   1542144,         0,         0,   117.9,decoder_by_matrix,36e3cd26fed5ec7649ec51fb08c1a5e7d7f30e615782d954fee045c18a4962ca,"{""distance"":3,""physical_error_rate"":5e-05}","{""detection_events"":11310,""detectors_checked"":83275776}"
   2786304,         0,         0,   115.0,decoder_by_matrix,560c721f87db01d4cacf7dcb7d8812fecde61e9e7776d4b9e1b1a792578ecad7,"{""distance"":3,""physical_error_rate"":5e-06}","{""detection_events"":2070,""detectors_checked"":150460416}"
   1160192,        19,         0,   115.8,decoder_by_matrix,5c8c81bfec719079c388cedc47a351f264c1bf769ae28a89f9b4fc7719fea501,"{""distance"":3,""physical_error_rate"":0.0005}","{""detection_events"":85854,""detectors_checked"":62650368,""obs_mistake_mask=E"":19}"
   1307648,         0,         0,   115.3,decoder_by_matrix,beec9fd12293a9cfe53c9b61fb8ce2a525e4eed38fa75d132d6dc64699336876,"{""distance"":3,""physical_error_rate"":0.0001}","{""detection_events"":19050,""detectors_checked"":70612992}"
   2469888,         0,         0,   117.0,decoder_by_matrix,e25b8d07214a8afb95d354611a83b9bb1ded39644e323a8585b3aabf687a4fff,"{""distance"":3,""physical_error_rate"":1e-05}","{""detection_events"":3297,""detectors_checked"":133373952}"
   1162240,        14,         0,   118.6,decoder_by_matrix,5c8c81bfec719079c388cedc47a351f264c1bf769ae28a89f9b4fc7719fea501,"{""distance"":3,""physical_error_rate"":0.0005}","{""detection_events"":84903,""detectors_checked"":62760960,""obs_mistake_mask=E"":14}"
   1308672,         1,         0,   117.0,decoder_by_matrix,beec9fd12293a9cfe53c9b61fb8ce2a525e4eed38fa75d132d6dc64699336876,"{""distance"":3,""physical_error_rate"":0.0001}","{""detection_events"":19533,""detectors_checked"":70668288,""obs_mistake_mask=E"":1}"
   3126272,         0,         0,   114.2,decoder_by_matrix,e9839e3017c9ef118c4b8aeafef39e78c11ecbdb89764e9ca676a7dc2fb6d062,"{""distance"":3,""physical_error_rate"":1e-06}","{""detection_events"":495,""detectors_checked"":168818688}"
   1563648,         0,         0,   118.4,decoder_by_matrix,36e3cd26fed5ec7649ec51fb08c1a5e7d7f30e615782d954fee045c18a4962ca,"{""distance"":3,""physical_error_rate"":5e-05}","{""detection_events"":11586,""detectors_checked"":84436992}"
   1514496,         1,         0,   117.0,decoder_by_matrix,36e3cd26fed5ec7649ec51fb08c1a5e7d7f30e615782d954fee045c18a4962ca,"{""distance"":3,""physical_error_rate"":5e-05}","{""detection_events"":10704,""detectors_checked"":81782784,""obs_mistake_mask=E"":1}"
   1302528,         2,         0,   117.7,decoder_by_matrix,beec9fd12293a9cfe53c9b61fb8ce2a525e4eed38fa75d132d6dc64699336876,"{""distance"":3,""physical_error_rate"":0.0001}","{""detection_events"":18819,""detectors_checked"":70336512,""obs_mistake_mask=E"":2}"
   2466816,         0,         0,   115.3,decoder_by_matrix,e25b8d07214a8afb95d354611a83b9bb1ded39644e323a8585b3aabf687a4fff,"{""distance"":3,""physical_error_rate"":1e-05}","{""detection_events"":3522,""detectors_checked"":133208064}"
   2795520,         0,         0,   115.5,decoder_by_matrix,560c721f87db01d4cacf7dcb7d8812fecde61e9e7776d4b9e1b1a792578ecad7,"{""distance"":3,""physical_error_rate"":5e-06}","{""detection_events"":1929,""detectors_checked"":150958080}"
   1167360,        14,         0,   119.7,decoder_by_matrix,5c8c81bfec719079c388cedc47a351f264c1bf769ae28a89f9b4fc7719fea501,"{""distance"":3,""physical_error_rate"":0.0005}","{""detection_events"":87189,""detectors_checked"":63037440,""obs_mistake_mask=E"":14}"
   1563648,         0,         0,   118.5,decoder_by_matrix,36e3cd26fed5ec7649ec51fb08c1a5e7d7f30e615782d954fee045c18a4962ca,"{""distance"":3,""physical_error_rate"":5e-05}","{""detection_events"":11346,""detectors_checked"":84436992}"
   1167360,        18,         0,   118.1,decoder_by_matrix,5c8c81bfec719079c388cedc47a351f264c1bf769ae28a89f9b4fc7719fea501,"{""distance"":3,""physical_error_rate"":0.0005}","{""detection_events"":85029,""detectors_checked"":63037440,""obs_mistake_mask=E"":18}"
   1553408,         0,         0,   117.1,decoder_by_matrix,36e3cd26fed5ec7649ec51fb08c1a5e7d7f30e615782d954fee045c18a4962ca,"{""distance"":3,""physical_error_rate"":5e-05}","{""detection_events"":11472,""detectors_checked"":83884032}"
   3156992,         0,         0,   114.8,decoder_by_matrix,e9839e3017c9ef118c4b8aeafef39e78c11ecbdb89764e9ca676a7dc2fb6d062,"{""distance"":3,""physical_error_rate"":1e-06}","{""detection_events"":411,""detectors_checked"":170477568}"
   2462720,         0,         0,   116.7,decoder_by_matrix,e25b8d07214a8afb95d354611a83b9bb1ded39644e323a8585b3aabf687a4fff,"{""distance"":3,""physical_error_rate"":1e-05}","{""detection_events"":3696,""detectors_checked"":132986880}"
   3123200,         0,         0,   116.0,decoder_by_matrix,e9839e3017c9ef118c4b8aeafef39e78c11ecbdb89764e9ca676a7dc2fb6d062,"{""distance"":3,""physical_error_rate"":1e-06}","{""detection_events"":534,""detectors_checked"":168652800}"
   2757632,         0,         0,   114.4,decoder_by_matrix,560c721f87db01d4cacf7dcb7d8812fecde61e9e7776d4b9e1b1a792578ecad7,"{""distance"":3,""physical_error_rate"":5e-06}","{""detection_events"":2091,""detectors_checked"":148912128}"
   2777088,         0,         0,   115.3,decoder_by_matrix,560c721f87db01d4cacf7dcb7d8812fecde61e9e7776d4b9e1b1a792578ecad7,"{""distance"":3,""physical_error_rate"":5e-06}","{""detection_events"":2175,""detectors_checked"":149962752}"
   1161216,        25,         0,   117.5,decoder_by_matrix,5c8c81bfec719079c388cedc47a351f264c1bf769ae28a89f9b4fc7719fea501,"{""distance"":3,""physical_error_rate"":0.0005}","{""detection_events"":85707,""detectors_checked"":62705664,""obs_mistake_mask=E"":25}"
   2782208,         0,         0,   116.0,decoder_by_matrix,560c721f87db01d4cacf7dcb7d8812fecde61e9e7776d4b9e1b1a792578ecad7,"{""distance"":3,""physical_error_rate"":5e-06}","{""detection_events"":1989,""detectors_checked"":150239232}"
   1545216,         0,         0,   118.2,decoder_by_matrix,36e3cd26fed5ec7649ec51fb08c1a5e7d7f30e615782d954fee045c18a4962ca,"{""distance"":3,""physical_error_rate"":5e-05}","{""detection_events"":11217,""detectors_checked"":83441664}"
   2444288,         0,         0,   115.0,decoder_by_matrix,e25b8d07214a8afb95d354611a83b9bb1ded39644e323a8585b3aabf687a4fff,"{""distance"":3,""physical_error_rate"":1e-05}","{""detection_events"":3819,""detectors_checked"":131991552}"
   2797568,         0,         0,   114.7,decoder_by_matrix,560c721f87db01d4cacf7dcb7d8812fecde61e9e7776d4b9e1b1a792578ecad7,"{""distance"":3,""physical_error_rate"":5e-06}","{""detection_events"":2022,""detectors_checked"":151068672}"
   1534976,         0,         0,   116.0,decoder_by_matrix,36e3cd26fed5ec7649ec51fb08c1a5e7d7f30e615782d954fee045c18a4962ca,"{""distance"":3,""physical_error_rate"":5e-05}","{""detection_events"":10956,""detectors_checked"":82888704}"
   1291264,         0,         0,   117.7,decoder_by_matrix,beec9fd12293a9cfe53c9b61fb8ce2a525e4eed38fa75d132d6dc64699336876,"{""distance"":3,""physical_error_rate"":0.0001}","{""detection_events"":19131,""detectors_checked"":69728256}"
   1166336,        28,         0,   117.7,decoder_by_matrix,5c8c81bfec719079c388cedc47a351f264c1bf769ae28a89f9b4fc7719fea501,"{""distance"":3,""physical_error_rate"":0.0005}","{""detection_events"":84846,""detectors_checked"":62982144,""obs_mistake_mask=E"":28}"
   2419712,         0,         0,   115.3,decoder_by_matrix,e25b8d07214a8afb95d354611a83b9bb1ded39644e323a8585b3aabf687a4fff,"{""distance"":3,""physical_error_rate"":1e-05}","{""detection_events"":3822,""detectors_checked"":130664448}"
   1166336,        26,         0,   118.3,decoder_by_matrix,5c8c81bfec719079c388cedc47a351f264c1bf769ae28a89f9b4fc7719fea501,"{""distance"":3,""physical_error_rate"":0.0005}","{""detection_events"":85257,""detectors_checked"":62982144,""obs_mistake_mask=E"":26}"
   3115008,         0,         0,   114.7,decoder_by_matrix,e9839e3017c9ef118c4b8aeafef39e78c11ecbdb89764e9ca676a7dc2fb6d062,"{""distance"":3,""physical_error_rate"":1e-06}","{""detection_events"":498,""detectors_checked"":168210432}"
   3134464,         0,         0,   116.8,decoder_by_matrix,e9839e3017c9ef118c4b8aeafef39e78c11ecbdb89764e9ca676a7dc2fb6d062,"{""distance"":3,""physical_error_rate"":1e-06}","{""detection_events"":477,""detectors_checked"":169261056}"
   3125248,         0,         0,   114.2,decoder_by_matrix,e9839e3017c9ef118c4b8aeafef39e78c11ecbdb89764e9ca676a7dc2fb6d062,"{""distance"":3,""physical_error_rate"":1e-06}","{""detection_events"":546,""detectors_checked"":168763392}"
   1283072,         0,         0,   117.3,decoder_by_matrix,beec9fd12293a9cfe53c9b61fb8ce2a525e4eed38fa75d132d6dc64699336876,"{""distance"":3,""physical_error_rate"":0.0001}","{""detection_events"":18672,""detectors_checked"":69285888}"
   2489344,         0,         0,   115.3,decoder_by_matrix,e25b8d07214a8afb95d354611a83b9bb1ded39644e323a8585b3aabf687a4fff,"{""distance"":3,""physical_error_rate"":1e-05}","{""detection_events"":3546,""detectors_checked"":134424576}"
   2786304,         0,         0,   113.0,decoder_by_matrix,560c721f87db01d4cacf7dcb7d8812fecde61e9e7776d4b9e1b1a792578ecad7,"{""distance"":3,""physical_error_rate"":5e-06}","{""detection_events"":2007,""detectors_checked"":150460416}"
   2493440,         0,         0,   114.8,decoder_by_matrix,e25b8d07214a8afb95d354611a83b9bb1ded39644e323a8585b3aabf687a4fff,"{""distance"":3,""physical_error_rate"":1e-05}","{""detection_events"":3369,""detectors_checked"":134645760}"
   1302528,         1,         0,   117.4,decoder_by_matrix,beec9fd12293a9cfe53c9b61fb8ce2a525e4eed38fa75d132d6dc64699336876,"{""distance"":3,""physical_error_rate"":0.0001}","{""detection_events"":18921,""detectors_checked"":70336512,""obs_mistake_mask=E"":1}"
   1543168,         0,         0,   117.1,decoder_by_matrix,36e3cd26fed5ec7649ec51fb08c1a5e7d7f30e615782d954fee045c18a4962ca,"{""distance"":3,""physical_error_rate"":5e-05}","{""detection_events"":11502,""detectors_checked"":83331072}"
   1161216,        24,         0,   118.0,decoder_by_matrix,5c8c81bfec719079c388cedc47a351f264c1bf769ae28a89f9b4fc7719fea501,"{""distance"":3,""physical_error_rate"":0.0005}","{""detection_events"":84408,""detectors_checked"":62705664,""obs_mistake_mask=E"":24}"
   2749440,         0,         0,   115.6,decoder_by_matrix,560c721f87db01d4cacf7dcb7d8812fecde61e9e7776d4b9e1b1a792578ecad7,"{""distance"":3,""physical_error_rate"":5e-06}","{""detection_events"":1806,""detectors_checked"":148469760}"
   1160192,        17,         0,   117.4,decoder_by_matrix,5c8c81bfec719079c388cedc47a351f264c1bf769ae28a89f9b4fc7719fea501,"{""distance"":3,""physical_error_rate"":0.0005}","{""detection_events"":83574,""detectors_checked"":62650368,""obs_mistake_mask=E"":17}"
   3130368,         0,         0,   115.9,decoder_by_matrix,e9839e3017c9ef118c4b8aeafef39e78c11ecbdb89764e9ca676a7dc2fb6d062,"{""distance"":3,""physical_error_rate"":1e-06}","{""detection_events"":417,""detectors_checked"":169039872}"
   2496512,         0,         0,   115.7,decoder_by_matrix,e25b8d07214a8afb95d354611a83b9bb1ded39644e323a8585b3aabf687a4fff,"{""distance"":3,""physical_error_rate"":1e-05}","{""detection_events"":3384,""detectors_checked"":134811648}"
   1309696,         0,         0,   116.5,decoder_by_matrix,beec9fd12293a9cfe53c9b61fb8ce2a525e4eed38fa75d132d6dc64699336876,"{""distance"":3,""physical_error_rate"":0.0001}","{""detection_events"":18396,""detectors_checked"":70723584}"
   3146752,         0,         0,   114.7,decoder_by_matrix,e9839e3017c9ef118c4b8aeafef39e78c11ecbdb89764e9ca676a7dc2fb6d062,"{""distance"":3,""physical_error_rate"":1e-06}","{""detection_events"":396,""detectors_checked"":169924608}"
   1287168,         0,         0,   118.3,decoder_by_matrix,beec9fd12293a9cfe53c9b61fb8ce2a525e4eed38fa75d132d6dc64699336876,"{""distance"":3,""physical_error_rate"":0.0001}","{""detection_events"":19281,""detectors_checked"":69507072}"
   1167360,        25,         0,   116.7,decoder_by_matrix,5c8c81bfec719079c388cedc47a351f264c1bf769ae28a89f9b4fc7719fea501,"{""distance"":3,""physical_error_rate"":0.0005}","{""detection_events"":83529,""detectors_checked"":63037440,""obs_mistake_mask=E"":25}"
   2468864,         0,         0,   115.1,decoder_by_matrix,e25b8d07214a8afb95d354611a83b9bb1ded39644e323a8585b3aabf687a4fff,"{""distance"":3,""physical_error_rate"":1e-05}","{""detection_events"":3741,""detectors_checked"":133318656}"
   2783232,         0,         0,   115.5,decoder_by_matrix,560c721f87db01d4cacf7dcb7d8812fecde61e9e7776d4b9e1b1a792578ecad7,"{""distance"":3,""physical_error_rate"":5e-06}","{""detection_events"":2160,""detectors_checked"":150294528}"
   1561600,         0,         0,   117.1,decoder_by_matrix,36e3cd26fed5ec7649ec51fb08c1a5e7d7f30e615782d954fee045c18a4962ca,"{""distance"":3,""physical_error_rate"":5e-05}","{""detection_events"":11127,""detectors_checked"":84326400}"
   1307648,         1,         0,   116.7,decoder_by_matrix,beec9fd12293a9cfe53c9b61fb8ce2a525e4eed38fa75d132d6dc64699336876,"{""distance"":3,""physical_error_rate"":0.0001}","{""detection_events"":18567,""detectors_checked"":70612992,""obs_mistake_mask=E"":1}"
   1300480,         0,         0,   117.2,decoder_by_matrix,beec9fd12293a9cfe53c9b61fb8ce2a525e4eed38fa75d132d6dc64699336876,"{""distance"":3,""physical_error_rate"":0.0001}","{""detection_events"":19149,""detectors_checked"":70225920}"
   3136512,         0,         0,   112.2,decoder_by_matrix,e9839e3017c9ef118c4b8aeafef39e78c11ecbdb89764e9ca676a7dc2fb6d062,"{""distance"":3,""physical_error_rate"":1e-06}","{""detection_events"":477,""detectors_checked"":169371648}"
   1531904,         1,         0,   116.3,decoder_by_matrix,36e3cd26fed5ec7649ec51fb08c1a5e7d7f30e615782d954fee045c18a4962ca,"{""distance"":3,""physical_error_rate"":5e-05}","{""detection_events"":11556,""detectors_checked"":82722816,""obs_mistake_mask=E"":1}"
   2477056,         0,         0,   115.1,decoder_by_matrix,e25b8d07214a8afb95d354611a83b9bb1ded39644e323a8585b3aabf687a4fff,"{""distance"":3,""physical_error_rate"":1e-05}","{""detection_events"":3627,""detectors_checked"":133761024}"
   1296384,         0,         0,   118.1,decoder_by_matrix,beec9fd12293a9cfe53c9b61fb8ce2a525e4eed38fa75d132d6dc64699336876,"{""distance"":3,""physical_error_rate"":0.0001}","{""detection_events"":19509,""detectors_checked"":70004736}"
   2806784,         0,         0,   115.4,decoder_by_matrix,560c721f87db01d4cacf7dcb7d8812fecde61e9e7776d4b9e1b1a792578ecad7,"{""distance"":3,""physical_error_rate"":5e-06}","{""detection_events"":1992,""detectors_checked"":151566336}"
   3129344,         0,         0,   115.7,decoder_by_matrix,e9839e3017c9ef118c4b8aeafef39e78c11ecbdb89764e9ca676a7dc2fb6d062,"{""distance"":3,""physical_error_rate"":1e-06}","{""detection_events"":468,""detectors_checked"":168984576}"
   1564672,         0,         0,   117.6,decoder_by_matrix,36e3cd26fed5ec7649ec51fb08c1a5e7d7f30e615782d954fee045c18a4962ca,"{""distance"":3,""physical_error_rate"":5e-05}","{""detection_events"":10995,""detectors_checked"":84492288}"
   1162240,        26,         0,   117.6,decoder_by_matrix,5c8c81bfec719079c388cedc47a351f264c1bf769ae28a89f9b4fc7719fea501,"{""distance"":3,""physical_error_rate"":0.0005}","{""detection_events"":85464,""detectors_checked"":62760960,""obs_mistake_mask=E"":26}"
   2469888,         0,         0,   115.9,decoder_by_matrix,e25b8d07214a8afb95d354611a83b9bb1ded39644e323a8585b3aabf687a4fff,"{""distance"":3,""physical_error_rate"":1e-05}","{""detection_events"":3516,""detectors_checked"":133373952}"
   1553408,         0,         0,   118.5,decoder_by_matrix,36e3cd26fed5ec7649ec51fb08c1a5e7d7f30e615782d954fee045c18a4962ca,"{""distance"":3,""physical_error_rate"":5e-05}","{""detection_events"":11592,""detectors_checked"":83884032}"
   1310720,         0,         0,   118.3,decoder_by_matrix,beec9fd12293a9cfe53c9b61fb8ce2a525e4eed38fa75d132d6dc64699336876,"{""distance"":3,""physical_error_rate"":0.0001}","{""detection_events"":19599,""detectors_checked"":70778880}"
   1159168,        19,         0,   117.6,decoder_by_matrix,5c8c81bfec719079c388cedc47a351f264c1bf769ae28a89f9b4fc7719fea501,"{""distance"":3,""physical_error_rate"":0.0005}","{""detection_events"":83667,""detectors_checked"":62595072,""obs_mistake_mask=E"":19}"
   2798592,         0,         0,   115.3,decoder_by_matrix,560c721f87db01d4cacf7dcb7d8812fecde61e9e7776d4b9e1b1a792578ecad7,"{""distance"":3,""physical_error_rate"":5e-06}","{""detection_events"":1920,""detectors_checked"":151123968}"
   1164288,        23,         0,   117.5,decoder_by_matrix,5c8c81bfec719079c388cedc47a351f264c1bf769ae28a89f9b4fc7719fea501,"{""distance"":3,""physical_error_rate"":0.0005}","{""detection_events"":84870,""detectors_checked"":62871552,""obs_mistake_mask=E"":23}"
   3123200,         0,         0,   115.3,decoder_by_matrix,e9839e3017c9ef118c4b8aeafef39e78c11ecbdb89764e9ca676a7dc2fb6d062,"{""distance"":3,""physical_error_rate"":1e-06}","{""detection_events"":513,""detectors_checked"":168652800}"
   1315840,         1,         0,   118.3,decoder_by_matrix,beec9fd12293a9cfe53c9b61fb8ce2a525e4eed38fa75d132d6dc64699336876,"{""distance"":3,""physical_error_rate"":0.0001}","{""detection_events"":18939,""detectors_checked"":71055360,""obs_mistake_mask=E"":1}"
   2520064,         0,         0,   116.4,decoder_by_matrix,e25b8d07214a8afb95d354611a83b9bb1ded39644e323a8585b3aabf687a4fff,"{""distance"":3,""physical_error_rate"":1e-05}","{""detection_events"":3498,""detectors_checked"":136083456}"
   1547264,         1,         0,   116.6,decoder_by_matrix,36e3cd26fed5ec7649ec51fb08c1a5e7d7f30e615782d954fee045c18a4962ca,"{""distance"":3,""physical_error_rate"":5e-05}","{""detection_events"":11622,""detectors_checked"":83552256,""obs_mistake_mask=E"":1}"
   1511424,         0,         0,   116.6,decoder_by_matrix,36e3cd26fed5ec7649ec51fb08c1a5e7d7f30e615782d954fee045c18a4962ca,"{""distance"":3,""physical_error_rate"":5e-05}","{""detection_events"":11202,""detectors_checked"":81616896}"
   1310720,         1,         0,   117.4,decoder_by_matrix,beec9fd12293a9cfe53c9b61fb8ce2a525e4eed38fa75d132d6dc64699336876,"{""distance"":3,""physical_error_rate"":0.0001}","{""detection_events"":19176,""detectors_checked"":70778880,""obs_mistake_mask=E"":1}"
   2413568,         0,         0,   116.5,decoder_by_matrix,e25b8d07214a8afb95d354611a83b9bb1ded39644e323a8585b3aabf687a4fff,"{""distance"":3,""physical_error_rate"":1e-05}","{""detection_events"":3702,""detectors_checked"":130332672}"
   2792448,         0,         0,   114.6,decoder_by_matrix,560c721f87db01d4cacf7dcb7d8812fecde61e9e7776d4b9e1b1a792578ecad7,"{""distance"":3,""physical_error_rate"":5e-06}","{""detection_events"":2010,""detectors_checked"":150792192}"
   1165312,        16,         0,   118.3,decoder_by_matrix,5c8c81bfec719079c388cedc47a351f264c1bf769ae28a89f9b4fc7719fea501,"{""distance"":3,""physical_error_rate"":0.0005}","{""detection_events"":85548,""detectors_checked"":62926848,""obs_mistake_mask=E"":16}"
   1164288,        18,         0,   118.1,decoder_by_matrix,5c8c81bfec719079c388cedc47a351f264c1bf769ae28a89f9b4fc7719fea501,"{""distance"":3,""physical_error_rate"":0.0005}","{""detection_events"":85317,""detectors_checked"":62871552,""obs_mistake_mask=E"":18}"
   1541120,         0,         0,   116.5,decoder_by_matrix,36e3cd26fed5ec7649ec51fb08c1a5e7d7f30e615782d954fee045c18a4962ca,"{""distance"":3,""physical_error_rate"":5e-05}","{""detection_events"":10998,""detectors_checked"":83220480}"
   1563648,         0,         0,   116.5,decoder_by_matrix,36e3cd26fed5ec7649ec51fb08c1a5e7d7f30e615782d954fee045c18a4962ca,"{""distance"":3,""physical_error_rate"":5e-05}","{""detection_events"":11760,""detectors_checked"":84436992}"
   3173376,         0,         0,   114.6,decoder_by_matrix,e9839e3017c9ef118c4b8aeafef39e78c11ecbdb89764e9ca676a7dc2fb6d062,"{""distance"":3,""physical_error_rate"":1e-06}","{""detection_events"":309,""detectors_checked"":171362304}"
   2473984,         0,         0,   116.3,decoder_by_matrix,e25b8d07214a8afb95d354611a83b9bb1ded39644e323a8585b3aabf687a4fff,"{""distance"":3,""physical_error_rate"":1e-05}","{""detection_events"":3588,""detectors_checked"":133595136}"
   3137536,         0,         0,   113.1,decoder_by_matrix,e9839e3017c9ef118c4b8aeafef39e78c11ecbdb89764e9ca676a7dc2fb6d062,"{""distance"":3,""physical_error_rate"":1e-06}","{""detection_events"":453,""detectors_checked"":169426944}"
   2769920,         0,         0,   114.7,decoder_by_matrix,560c721f87db01d4cacf7dcb7d8812fecde61e9e7776d4b9e1b1a792578ecad7,"{""distance"":3,""physical_error_rate"":5e-06}","{""detection_events"":1866,""detectors_checked"":149575680}"
   2755584,         0,         0,   117.1,decoder_by_matrix,560c721f87db01d4cacf7dcb7d8812fecde61e9e7776d4b9e1b1a792578ecad7,"{""distance"":3,""physical_error_rate"":5e-06}","{""detection_events"":2331,""detectors_checked"":148801536}"
   1161216,        22,         0,   117.5,decoder_by_matrix,5c8c81bfec719079c388cedc47a351f264c1bf769ae28a89f9b4fc7719fea501,"{""distance"":3,""physical_error_rate"":0.0005}","{""detection_events"":84690,""detectors_checked"":62705664,""obs_mistake_mask=E"":22}"
   2762752,         0,         0,   117.0,decoder_by_matrix,560c721f87db01d4cacf7dcb7d8812fecde61e9e7776d4b9e1b1a792578ecad7,"{""distance"":3,""physical_error_rate"":5e-06}","{""detection_events"":2127,""detectors_checked"":149188608}"
   1551360,         0,         0,   116.6,decoder_by_matrix,36e3cd26fed5ec7649ec51fb08c1a5e7d7f30e615782d954fee045c18a4962ca,"{""distance"":3,""physical_error_rate"":5e-05}","{""detection_events"":10926,""detectors_checked"":83773440}"
   2456576,         0,         0,   114.9,decoder_by_matrix,e25b8d07214a8afb95d354611a83b9bb1ded39644e323a8585b3aabf687a4fff,"{""distance"":3,""physical_error_rate"":1e-05}","{""detection_events"":3519,""detectors_checked"":132655104}"
   2757632,         0,         0,   114.9,decoder_by_matrix,560c721f87db01d4cacf7dcb7d8812fecde61e9e7776d4b9e1b1a792578ecad7,"{""distance"":3,""physical_error_rate"":5e-06}","{""detection_events"":2145,""detectors_checked"":148912128}"
   1294336,         2,         0,   118.0,decoder_by_matrix,beec9fd12293a9cfe53c9b61fb8ce2a525e4eed38fa75d132d6dc64699336876,"{""distance"":3,""physical_error_rate"":0.0001}","{""detection_events"":19032,""detectors_checked"":69894144,""obs_mistake_mask=E"":2}"
   1166336,        17,         0,   118.3,decoder_by_matrix,5c8c81bfec719079c388cedc47a351f264c1bf769ae28a89f9b4fc7719fea501,"{""distance"":3,""physical_error_rate"":0.0005}","{""detection_events"":83856,""detectors_checked"":62982144,""obs_mistake_mask=E"":17}"
   1525760,         0,         0,   117.9,decoder_by_matrix,36e3cd26fed5ec7649ec51fb08c1a5e7d7f30e615782d954fee045c18a4962ca,"{""distance"":3,""physical_error_rate"":5e-05}","{""detection_events"":11934,""detectors_checked"":82391040}"
   2470912,         0,         0,   113.8,decoder_by_matrix,e25b8d07214a8afb95d354611a83b9bb1ded39644e323a8585b3aabf687a4fff,"{""distance"":3,""physical_error_rate"":1e-05}","{""detection_events"":3489,""detectors_checked"":133429248}"
   1166336,        25,         0,   118.3,decoder_by_matrix,5c8c81bfec719079c388cedc47a351f264c1bf769ae28a89f9b4fc7719fea501,"{""distance"":3,""physical_error_rate"":0.0005}","{""detection_events"":85452,""detectors_checked"":62982144,""obs_mistake_mask=E"":25}"
   3149824,         0,         0,   115.7,decoder_by_matrix,e9839e3017c9ef118c4b8aeafef39e78c11ecbdb89764e9ca676a7dc2fb6d062,"{""distance"":3,""physical_error_rate"":1e-06}","{""detection_events"":417,""detectors_checked"":170090496}"
   3137536,         0,         0,   116.2,decoder_by_matrix,e9839e3017c9ef118c4b8aeafef39e78c11ecbdb89764e9ca676a7dc2fb6d062,"{""distance"":3,""physical_error_rate"":1e-06}","{""detection_events"":444,""detectors_checked"":169426944}"
   3158016,         0,         0,   114.2,decoder_by_matrix,e9839e3017c9ef118c4b8aeafef39e78c11ecbdb89764e9ca676a7dc2fb6d062,"{""distance"":3,""physical_error_rate"":1e-06}","{""detection_events"":426,""detectors_checked"":170532864}"
   2429952,         0,         0,   115.9,decoder_by_matrix,e25b8d07214a8afb95d354611a83b9bb1ded39644e323a8585b3aabf687a4fff,"{""distance"":3,""physical_error_rate"":1e-05}","{""detection_events"":3936,""detectors_checked"":131217408}"
   1301504,         1,         0,   116.5,decoder_by_matrix,beec9fd12293a9cfe53c9b61fb8ce2a525e4eed38fa75d132d6dc64699336876,"{""distance"":3,""physical_error_rate"":0.0001}","{""detection_events"":18144,""detectors_checked"":70281216,""obs_mistake_mask=E"":1}"
   2776064,         0,         0,   113.6,decoder_by_matrix,560c721f87db01d4cacf7dcb7d8812fecde61e9e7776d4b9e1b1a792578ecad7,"{""distance"":3,""physical_error_rate"":5e-06}","{""detection_events"":2070,""detectors_checked"":149907456}"
   2419712,         0,         0,   117.3,decoder_by_matrix,e25b8d07214a8afb95d354611a83b9bb1ded39644e323a8585b3aabf687a4fff,"{""distance"":3,""physical_error_rate"":1e-05}","{""detection_events"":3801,""detectors_checked"":130664448}"
   1161216,        26,         0,   116.8,decoder_by_matrix,5c8c81bfec719079c388cedc47a351f264c1bf769ae28a89f9b4fc7719fea501,"{""distance"":3,""physical_error_rate"":0.0005}","{""detection_events"":85365,""detectors_checked"":62705664,""obs_mistake_mask=E"":26}"
   1297408,         1,         0,   118.1,decoder_by_matrix,beec9fd12293a9cfe53c9b61fb8ce2a525e4eed38fa75d132d6dc64699336876,"{""distance"":3,""physical_error_rate"":0.0001}","{""detection_events"":19524,""detectors_checked"":70060032,""obs_mistake_mask=E"":1}"
   1583104,         0,         0,   116.8,decoder_by_matrix,36e3cd26fed5ec7649ec51fb08c1a5e7d7f30e615782d954fee045c18a4962ca,"{""distance"":3,""physical_error_rate"":5e-05}","{""detection_events"":11157,""detectors_checked"":85487616}"
   2764800,         0,         0,   115.5,decoder_by_matrix,560c721f87db01d4cacf7dcb7d8812fecde61e9e7776d4b9e1b1a792578ecad7,"{""distance"":3,""physical_error_rate"":5e-06}","{""detection_events"":2049,""detectors_checked"":149299200}"
   2489344,         0,         0,   115.9,decoder_by_matrix,e25b8d07214a8afb95d354611a83b9bb1ded39644e323a8585b3aabf687a4fff,"{""distance"":3,""physical_error_rate"":1e-05}","{""detection_events"":3501,""detectors_checked"":134424576}"
   1162240,        23,         0,   117.8,decoder_by_matrix,5c8c81bfec719079c388cedc47a351f264c1bf769ae28a89f9b4fc7719fea501,"{""distance"":3,""physical_error_rate"":0.0005}","{""detection_events"":85665,""detectors_checked"":62760960,""obs_mistake_mask=E"":23}"
   3112960,         0,         0,   113.7,decoder_by_matrix,e9839e3017c9ef118c4b8aeafef39e78c11ecbdb89764e9ca676a7dc2fb6d062,"{""distance"":3,""physical_error_rate"":1e-06}","{""detection_events"":510,""detectors_checked"":168099840}"
   3149824,         0,         0,   114.6,decoder_by_matrix,e9839e3017c9ef118c4b8aeafef39e78c11ecbdb89764e9ca676a7dc2fb6d062,"{""distance"":3,""physical_error_rate"":1e-06}","{""detection_events"":384,""detectors_checked"":170090496}"
   1278976,         1,         0,   116.1,decoder_by_matrix,beec9fd12293a9cfe53c9b61fb8ce2a525e4eed38fa75d132d6dc64699336876,"{""distance"":3,""physical_error_rate"":0.0001}","{""detection_events"":19404,""detectors_checked"":69064704,""obs_mistake_mask=E"":1}"
   1310720,         2,         0,   117.7,decoder_by_matrix,beec9fd12293a9cfe53c9b61fb8ce2a525e4eed38fa75d132d6dc64699336876,"{""distance"":3,""physical_error_rate"":0.0001}","{""detection_events"":18495,""detectors_checked"":70778880,""obs_mistake_mask=E"":2}"
   1171456,        24,         0,   116.8,decoder_by_matrix,5c8c81bfec719079c388cedc47a351f264c1bf769ae28a89f9b4fc7719fea501,"{""distance"":3,""physical_error_rate"":0.0005}","{""detection_events"":84846,""detectors_checked"":63258624,""obs_mistake_mask=E"":24}"
   2421760,         0,         0,   114.9,decoder_by_matrix,e25b8d07214a8afb95d354611a83b9bb1ded39644e323a8585b3aabf687a4fff,"{""distance"":3,""physical_error_rate"":1e-05}","{""detection_events"":3780,""detectors_checked"":130775040}"
   1540096,         1,         0,   117.0,decoder_by_matrix,36e3cd26fed5ec7649ec51fb08c1a5e7d7f30e615782d954fee045c18a4962ca,"{""distance"":3,""physical_error_rate"":5e-05}","{""detection_events"":11400,""detectors_checked"":83165184,""obs_mistake_mask=E"":1}"
   1294336,         1,         0,   116.5,decoder_by_matrix,beec9fd12293a9cfe53c9b61fb8ce2a525e4eed38fa75d132d6dc64699336876,"{""distance"":3,""physical_error_rate"":0.0001}","{""detection_events"":18912,""detectors_checked"":69894144,""obs_mistake_mask=E"":1}"
   1316864,         1,         0,   118.5,decoder_by_matrix,beec9fd12293a9cfe53c9b61fb8ce2a525e4eed38fa75d132d6dc64699336876,"{""distance"":3,""physical_error_rate"":0.0001}","{""detection_events"":18993,""detectors_checked"":71110656,""obs_mistake_mask=E"":1}"
   2795520,         0,         0,   115.6,decoder_by_matrix,560c721f87db01d4cacf7dcb7d8812fecde61e9e7776d4b9e1b1a792578ecad7,"{""distance"":3,""physical_error_rate"":5e-06}","{""detection_events"":2016,""detectors_checked"":150958080}"
   3121152,         0,         0,   114.8,decoder_by_matrix,e9839e3017c9ef118c4b8aeafef39e78c11ecbdb89764e9ca676a7dc2fb6d062,"{""distance"":3,""physical_error_rate"":1e-06}","{""detection_events"":537,""detectors_checked"":168542208}"
   1542144,         0,         0,   119.0,decoder_by_matrix,36e3cd26fed5ec7649ec51fb08c1a5e7d7f30e615782d954fee045c18a4962ca,"{""distance"":3,""physical_error_rate"":5e-05}","{""detection_events"":11013,""detectors_checked"":83275776}"
   2451456,         0,         0,   116.4,decoder_by_matrix,e25b8d07214a8afb95d354611a83b9bb1ded39644e323a8585b3aabf687a4fff,"{""distance"":3,""physical_error_rate"":1e-05}","{""detection_events"":3690,""detectors_checked"":132378624}"
   1298432,         1,         0,   117.6,decoder_by_matrix,beec9fd12293a9cfe53c9b61fb8ce2a525e4eed38fa75d132d6dc64699336876,"{""distance"":3,""physical_error_rate"":0.0001}","{""detection_events"":18489,""detectors_checked"":70115328,""obs_mistake_mask=E"":1}"
   2770944,         0,         0,   116.0,decoder_by_matrix,560c721f87db01d4cacf7dcb7d8812fecde61e9e7776d4b9e1b1a792578ecad7,"{""distance"":3,""physical_error_rate"":5e-06}","{""detection_events"":2142,""detectors_checked"":149630976}"
   3130368,         0,         0,   114.3,decoder_by_matrix,e9839e3017c9ef118c4b8aeafef39e78c11ecbdb89764e9ca676a7dc2fb6d062,"{""distance"":3,""physical_error_rate"":1e-06}","{""detection_events"":471,""detectors_checked"":169039872}"
   1529856,         1,         0,   117.1,decoder_by_matrix,36e3cd26fed5ec7649ec51fb08c1a5e7d7f30e615782d954fee045c18a4962ca,"{""distance"":3,""physical_error_rate"":5e-05}","{""detection_events"":11277,""detectors_checked"":82612224,""obs_mistake_mask=E"":1}"
   1163264,        28,         0,   118.7,decoder_by_matrix,5c8c81bfec719079c388cedc47a351f264c1bf769ae28a89f9b4fc7719fea501,"{""distance"":3,""physical_error_rate"":0.0005}","{""detection_events"":84987,""detectors_checked"":62816256,""obs_mistake_mask=E"":28}"
   2456576,         0,         0,   115.2,decoder_by_matrix,e25b8d07214a8afb95d354611a83b9bb1ded39644e323a8585b3aabf687a4fff,"{""distance"":3,""physical_error_rate"":1e-05}","{""detection_events"":3618,""detectors_checked"":132655104}"
   1299456,         1,         0,   116.9,decoder_by_matrix,beec9fd12293a9cfe53c9b61fb8ce2a525e4eed38fa75d132d6dc64699336876,"{""distance"":3,""physical_error_rate"":0.0001}","{""detection_events"":19077,""detectors_checked"":70170624,""obs_mistake_mask=E"":1}"
   1160192,        16,         0,   117.0,decoder_by_matrix,5c8c81bfec719079c388cedc47a351f264c1bf769ae28a89f9b4fc7719fea501,"{""distance"":3,""physical_error_rate"":0.0005}","{""detection_events"":83631,""detectors_checked"":62650368,""obs_mistake_mask=E"":16}"
   2745344,         0,         0,   116.3,decoder_by_matrix,560c721f87db01d4cacf7dcb7d8812fecde61e9e7776d4b9e1b1a792578ecad7,"{""distance"":3,""physical_error_rate"":5e-06}","{""detection_events"":2097,""detectors_checked"":148248576}"
   1555456,         2,         0,   115.9,decoder_by_matrix,36e3cd26fed5ec7649ec51fb08c1a5e7d7f30e615782d954fee045c18a4962ca,"{""distance"":3,""physical_error_rate"":5e-05}","{""detection_events"":11595,""detectors_checked"":83994624,""obs_mistake_mask=E"":2}"
   3131392,         0,         0,   115.2,decoder_by_matrix,e9839e3017c9ef118c4b8aeafef39e78c11ecbdb89764e9ca676a7dc2fb6d062,"{""distance"":3,""physical_error_rate"":1e-06}","{""detection_events"":492,""detectors_checked"":169095168}"
   2453504,         0,         0,   116.2,decoder_by_matrix,e25b8d07214a8afb95d354611a83b9bb1ded39644e323a8585b3aabf687a4fff,"{""distance"":3,""physical_error_rate"":1e-05}","{""detection_events"":3570,""detectors_checked"":132489216}"
   1165312,        21,         0,   117.1,decoder_by_matrix,5c8c81bfec719079c388cedc47a351f264c1bf769ae28a89f9b4fc7719fea501,"{""distance"":3,""physical_error_rate"":0.0005}","{""detection_events"":83325,""detectors_checked"":62926848,""obs_mistake_mask=E"":21}"
   1330176,         0,         0,   117.5,decoder_by_matrix,beec9fd12293a9cfe53c9b61fb8ce2a525e4eed38fa75d132d6dc64699336876,"{""distance"":3,""physical_error_rate"":0.0001}","{""detection_events"":18531,""detectors_checked"":71829504}"
   1543168,         1,         0,   117.3,decoder_by_matrix,36e3cd26fed5ec7649ec51fb08c1a5e7d7f30e615782d954fee045c18a4962ca,"{""distance"":3,""physical_error_rate"":5e-05}","{""detection_events"":11574,""detectors_checked"":83331072,""obs_mistake_mask=E"":1}"
   1530880,         0,         0,   117.9,decoder_by_matrix,36e3cd26fed5ec7649ec51fb08c1a5e7d7f30e615782d954fee045c18a4962ca,"{""distance"":3,""physical_error_rate"":5e-05}","{""detection_events"":10611,""detectors_checked"":82667520}"
   1311744,         1,         0,   116.8,decoder_by_matrix,beec9fd12293a9cfe53c9b61fb8ce2a525e4eed38fa75d132d6dc64699336876,"{""distance"":3,""physical_error_rate"":0.0001}","{""detection_events"":18687,""detectors_checked"":70834176,""obs_mistake_mask=E"":1}"
   2480128,         0,         0,   115.6,decoder_by_matrix,e25b8d07214a8afb95d354611a83b9bb1ded39644e323a8585b3aabf687a4fff,"{""distance"":3,""physical_error_rate"":1e-05}","{""detection_events"":3471,""detectors_checked"":133926912}"
   2799616,         0,         0,   115.7,decoder_by_matrix,560c721f87db01d4cacf7dcb7d8812fecde61e9e7776d4b9e1b1a792578ecad7,"{""distance"":3,""physical_error_rate"":5e-06}","{""detection_events"":1881,""detectors_checked"":151179264}"
   1164288,        17,         0,   117.5,decoder_by_matrix,5c8c81bfec719079c388cedc47a351f264c1bf769ae28a89f9b4fc7719fea501,"{""distance"":3,""physical_error_rate"":0.0005}","{""detection_events"":84381,""detectors_checked"":62871552,""obs_mistake_mask=E"":17}"
   1164288,        27,         0,   117.0,decoder_by_matrix,5c8c81bfec719079c388cedc47a351f264c1bf769ae28a89f9b4fc7719fea501,"{""distance"":3,""physical_error_rate"":0.0005}","{""detection_events"":84543,""detectors_checked"":62871552,""obs_mistake_mask=E"":27}"
   1548288,         0,         0,   116.3,decoder_by_matrix,36e3cd26fed5ec7649ec51fb08c1a5e7d7f30e615782d954fee045c18a4962ca,"{""distance"":3,""physical_error_rate"":5e-05}","{""detection_events"":11136,""detectors_checked"":83607552}"
   1551360,         0,         0,   115.1,decoder_by_matrix,36e3cd26fed5ec7649ec51fb08c1a5e7d7f30e615782d954fee045c18a4962ca,"{""distance"":3,""physical_error_rate"":5e-05}","{""detection_events"":11268,""detectors_checked"":83773440}"
   3130368,         0,         0,   111.7,decoder_by_matrix,e9839e3017c9ef118c4b8aeafef39e78c11ecbdb89764e9ca676a7dc2fb6d062,"{""distance"":3,""physical_error_rate"":1e-06}","{""detection_events"":486,""detectors_checked"":169039872}"
   2405376,         0,         0,   115.6,decoder_by_matrix,e25b8d07214a8afb95d354611a83b9bb1ded39644e323a8585b3aabf687a4fff,"{""distance"":3,""physical_error_rate"":1e-05}","{""detection_events"":3801,""detectors_checked"":129890304}"
   3148800,         0,         0,   116.7,decoder_by_matrix,e9839e3017c9ef118c4b8aeafef39e78c11ecbdb89764e9ca676a7dc2fb6d062,"{""distance"":3,""physical_error_rate"":1e-06}","{""detection_events"":423,""detectors_checked"":170035200}"
   2714624,         0,         0,   115.6,decoder_by_matrix,560c721f87db01d4cacf7dcb7d8812fecde61e9e7776d4b9e1b1a792578ecad7,"{""distance"":3,""physical_error_rate"":5e-06}","{""detection_events"":2109,""detectors_checked"":146589696}"
   2790400,         0,         0,   115.2,decoder_by_matrix,560c721f87db01d4cacf7dcb7d8812fecde61e9e7776d4b9e1b1a792578ecad7,"{""distance"":3,""physical_error_rate"":5e-06}","{""detection_events"":2058,""detectors_checked"":150681600}"
   2803712,         0,         0,   114.3,decoder_by_matrix,560c721f87db01d4cacf7dcb7d8812fecde61e9e7776d4b9e1b1a792578ecad7,"{""distance"":3,""physical_error_rate"":5e-06}","{""detection_events"":2016,""detectors_checked"":151400448}"
   1163264,        24,         0,   115.9,decoder_by_matrix,5c8c81bfec719079c388cedc47a351f264c1bf769ae28a89f9b4fc7719fea501,"{""distance"":3,""physical_error_rate"":0.0005}","{""detection_events"":82419,""detectors_checked"":62816256,""obs_mistake_mask=E"":24}"
   2795520,         0,         0,   114.9,decoder_by_matrix,560c721f87db01d4cacf7dcb7d8812fecde61e9e7776d4b9e1b1a792578ecad7,"{""distance"":3,""physical_error_rate"":5e-06}","{""detection_events"":1971,""detectors_checked"":150958080}"
   1528832,         1,         0,   114.1,decoder_by_matrix,36e3cd26fed5ec7649ec51fb08c1a5e7d7f30e615782d954fee045c18a4962ca,"{""distance"":3,""physical_error_rate"":5e-05}","{""detection_events"":11523,""detectors_checked"":82556928,""obs_mistake_mask=E"":1}"
   2439168,         0,         0,   117.8,decoder_by_matrix,e25b8d07214a8afb95d354611a83b9bb1ded39644e323a8585b3aabf687a4fff,"{""distance"":3,""physical_error_rate"":1e-05}","{""detection_events"":3822,""detectors_checked"":131715072}"
   1165312,        25,         0,   118.2,decoder_by_matrix,5c8c81bfec719079c388cedc47a351f264c1bf769ae28a89f9b4fc7719fea501,"{""distance"":3,""physical_error_rate"":0.0005}","{""detection_events"":85128,""detectors_checked"":62926848,""obs_mistake_mask=E"":25}"
   1305600,         1,         0,   118.0,decoder_by_matrix,beec9fd12293a9cfe53c9b61fb8ce2a525e4eed38fa75d132d6dc64699336876,"{""distance"":3,""physical_error_rate"":0.0001}","{""detection_events"":19425,""detectors_checked"":70502400,""obs_mistake_mask=E"":1}"
   1166336,        21,         0,   117.4,decoder_by_matrix,5c8c81bfec719079c388cedc47a351f264c1bf769ae28a89f9b4fc7719fea501,"{""distance"":3,""physical_error_rate"":0.0005}","{""detection_events"":85983,""detectors_checked"":62982144,""obs_mistake_mask=E"":21}"
   1544192,         1,         0,   116.8,decoder_by_matrix,36e3cd26fed5ec7649ec51fb08c1a5e7d7f30e615782d954fee045c18a4962ca,"{""distance"":3,""physical_error_rate"":5e-05}","{""detection_events"":11136,""detectors_checked"":83386368,""obs_mistake_mask=E"":1}"
   2438144,         0,         0,   115.8,decoder_by_matrix,e25b8d07214a8afb95d354611a83b9bb1ded39644e323a8585b3aabf687a4fff,"{""distance"":3,""physical_error_rate"":1e-05}","{""detection_events"":3639,""detectors_checked"":131659776}"
   3139584,         0,         0,   114.1,decoder_by_matrix,e9839e3017c9ef118c4b8aeafef39e78c11ecbdb89764e9ca676a7dc2fb6d062,"{""distance"":3,""physical_error_rate"":1e-06}","{""detection_events"":405,""detectors_checked"":169537536}"
   3109888,         0,         0,   115.4,decoder_by_matrix,e9839e3017c9ef118c4b8aeafef39e78c11ecbdb89764e9ca676a7dc2fb6d062,"{""distance"":3,""physical_error_rate"":1e-06}","{""detection_events"":627,""detectors_checked"":167933952}"
   3155968,         0,         0,   115.3,decoder_by_matrix,e9839e3017c9ef118c4b8aeafef39e78c11ecbdb89764e9ca676a7dc2fb6d062,"{""distance"":3,""physical_error_rate"":1e-06}","{""detection_events"":375,""detectors_checked"":170422272}"
   2416640,         0,         0,   113.1,decoder_by_matrix,e25b8d07214a8afb95d354611a83b9bb1ded39644e323a8585b3aabf687a4fff,"{""distance"":3,""physical_error_rate"":1e-05}","{""detection_events"":3942,""detectors_checked"":130498560}"
   1286144,         2,         0,   118.6,decoder_by_matrix,beec9fd12293a9cfe53c9b61fb8ce2a525e4eed38fa75d132d6dc64699336876,"{""distance"":3,""physical_error_rate"":0.0001}","{""detection_events"":18591,""detectors_checked"":69451776,""obs_mistake_mask=E"":2}"
   2789376,         0,         0,   115.2,decoder_by_matrix,560c721f87db01d4cacf7dcb7d8812fecde61e9e7776d4b9e1b1a792578ecad7,"{""distance"":3,""physical_error_rate"":5e-06}","{""detection_events"":1947,""detectors_checked"":150626304}"
   2452480,         0,         0,   116.4,decoder_by_matrix,e25b8d07214a8afb95d354611a83b9bb1ded39644e323a8585b3aabf687a4fff,"{""distance"":3,""physical_error_rate"":1e-05}","{""detection_events"":3630,""detectors_checked"":132433920}"
   1304576,         3,         0,   118.5,decoder_by_matrix,beec9fd12293a9cfe53c9b61fb8ce2a525e4eed38fa75d132d6dc64699336876,"{""distance"":3,""physical_error_rate"":0.0001}","{""detection_events"":18537,""detectors_checked"":70447104,""obs_mistake_mask=E"":3}"
   1159168,        23,         0,   116.8,decoder_by_matrix,5c8c81bfec719079c388cedc47a351f264c1bf769ae28a89f9b4fc7719fea501,"{""distance"":3,""physical_error_rate"":0.0005}","{""detection_events"":84492,""detectors_checked"":62595072,""obs_mistake_mask=E"":23}"
   1540096,         0,         0,   116.0,decoder_by_matrix,36e3cd26fed5ec7649ec51fb08c1a5e7d7f30e615782d954fee045c18a4962ca,"{""distance"":3,""physical_error_rate"":5e-05}","{""detection_events"":11754,""detectors_checked"":83165184}"
   2770944,         0,         0,   114.4,decoder_by_matrix,560c721f87db01d4cacf7dcb7d8812fecde61e9e7776d4b9e1b1a792578ecad7,"{""distance"":3,""physical_error_rate"":5e-06}","{""detection_events"":1917,""detectors_checked"":149630976}"
   1161216,        24,         0,   118.6,decoder_by_matrix,5c8c81bfec719079c388cedc47a351f264c1bf769ae28a89f9b4fc7719fea501,"{""distance"":3,""physical_error_rate"":0.0005}","{""detection_events"":85269,""detectors_checked"":62705664,""obs_mistake_mask=E"":24}"
   3133440,         0,         0,   115.5,decoder_by_matrix,e9839e3017c9ef118c4b8aeafef39e78c11ecbdb89764e9ca676a7dc2fb6d062,"{""distance"":3,""physical_error_rate"":1e-06}","{""detection_events"":402,""detectors_checked"":169205760}"
   2516992,         0,         0,   115.9,decoder_by_matrix,e25b8d07214a8afb95d354611a83b9bb1ded39644e323a8585b3aabf687a4fff,"{""distance"":3,""physical_error_rate"":1e-05}","{""detection_events"":3420,""detectors_checked"":135917568}"
   3122176,         0,         0,   114.8,decoder_by_matrix,e9839e3017c9ef118c4b8aeafef39e78c11ecbdb89764e9ca676a7dc2fb6d062,"{""distance"":3,""physical_error_rate"":1e-06}","{""detection_events"":483,""detectors_checked"":168597504}"
   1299456,         3,         0,   117.2,decoder_by_matrix,beec9fd12293a9cfe53c9b61fb8ce2a525e4eed38fa75d132d6dc64699336876,"{""distance"":3,""physical_error_rate"":0.0001}","{""detection_events"":18702,""detectors_checked"":70170624,""obs_mistake_mask=E"":3}"
   1169408,         8,         0,   118.1,decoder_by_matrix,5c8c81bfec719079c388cedc47a351f264c1bf769ae28a89f9b4fc7719fea501,"{""distance"":3,""physical_error_rate"":0.0005}","{""detection_events"":85707,""detectors_checked"":63148032,""obs_mistake_mask=E"":8}"
   1299456,         0,         0,   116.5,decoder_by_matrix,beec9fd12293a9cfe53c9b61fb8ce2a525e4eed38fa75d132d6dc64699336876,"{""distance"":3,""physical_error_rate"":0.0001}","{""detection_events"":18771,""detectors_checked"":70170624}"
   1311744,         1,         0,   116.2,decoder_by_matrix,beec9fd12293a9cfe53c9b61fb8ce2a525e4eed38fa75d132d6dc64699336876,"{""distance"":3,""physical_error_rate"":0.0001}","{""detection_events"":18435,""detectors_checked"":70834176,""obs_mistake_mask=E"":1}"
   2491392,         0,         0,   114.6,decoder_by_matrix,e25b8d07214a8afb95d354611a83b9bb1ded39644e323a8585b3aabf687a4fff,"{""distance"":3,""physical_error_rate"":1e-05}","{""detection_events"":3534,""detectors_checked"":134535168}"
   2797568,         0,         0,   115.1,decoder_by_matrix,560c721f87db01d4cacf7dcb7d8812fecde61e9e7776d4b9e1b1a792578ecad7,"{""distance"":3,""physical_error_rate"":5e-06}","{""detection_events"":1833,""detectors_checked"":151068672}"
   1316864,         0,         0,   118.8,decoder_by_matrix,beec9fd12293a9cfe53c9b61fb8ce2a525e4eed38fa75d132d6dc64699336876,"{""distance"":3,""physical_error_rate"":0.0001}","{""detection_events"":18504,""detectors_checked"":71110656}"
   1521664,         1,         0,   115.8,decoder_by_matrix,36e3cd26fed5ec7649ec51fb08c1a5e7d7f30e615782d954fee045c18a4962ca,"{""distance"":3,""physical_error_rate"":5e-05}","{""detection_events"":11148,""detectors_checked"":82169856,""obs_mistake_mask=E"":1}"
   3116032,         0,         0,   115.1,decoder_by_matrix,e9839e3017c9ef118c4b8aeafef39e78c11ecbdb89764e9ca676a7dc2fb6d062,"{""distance"":3,""physical_error_rate"":1e-06}","{""detection_events"":516,""detectors_checked"":168265728}"
   1537024,         0,         0,   116.4,decoder_by_matrix,36e3cd26fed5ec7649ec51fb08c1a5e7d7f30e615782d954fee045c18a4962ca,"{""distance"":3,""physical_error_rate"":5e-05}","{""detection_events"":11142,""detectors_checked"":82999296}"
   1307648,         2,         0,   116.9,decoder_by_matrix,beec9fd12293a9cfe53c9b61fb8ce2a525e4eed38fa75d132d6dc64699336876,"{""distance"":3,""physical_error_rate"":0.0001}","{""detection_events"":18333,""detectors_checked"":70612992,""obs_mistake_mask=E"":2}"
   2504704,         0,         0,   114.8,decoder_by_matrix,e25b8d07214a8afb95d354611a83b9bb1ded39644e323a8585b3aabf687a4fff,"{""distance"":3,""physical_error_rate"":1e-05}","{""detection_events"":3411,""detectors_checked"":135254016}"
   2762752,         0,         0,   115.3,decoder_by_matrix,560c721f87db01d4cacf7dcb7d8812fecde61e9e7776d4b9e1b1a792578ecad7,"{""distance"":3,""physical_error_rate"":5e-06}","{""detection_events"":2148,""detectors_checked"":149188608}"
   3111936,         0,         0,   115.7,decoder_by_matrix,e9839e3017c9ef118c4b8aeafef39e78c11ecbdb89764e9ca676a7dc2fb6d062,"{""distance"":3,""physical_error_rate"":1e-06}","{""detection_events"":540,""detectors_checked"":168044544}"
   1550336,         0,         0,   117.0,decoder_by_matrix,36e3cd26fed5ec7649ec51fb08c1a5e7d7f30e615782d954fee045c18a4962ca,"{""distance"":3,""physical_error_rate"":5e-05}","{""detection_events"":11277,""detectors_checked"":83718144}"
   1162240,        27,         0,   116.3,decoder_by_matrix,5c8c81bfec719079c388cedc47a351f264c1bf769ae28a89f9b4fc7719fea501,"{""distance"":3,""physical_error_rate"":0.0005}","{""detection_events"":86277,""detectors_checked"":62760960,""obs_mistake_mask=E"":27}"
   2442240,         0,         0,   116.9,decoder_by_matrix,e25b8d07214a8afb95d354611a83b9bb1ded39644e323a8585b3aabf687a4fff,"{""distance"":3,""physical_error_rate"":1e-05}","{""detection_events"":3786,""detectors_checked"":131880960}"
   1298432,         1,         0,   117.7,decoder_by_matrix,beec9fd12293a9cfe53c9b61fb8ce2a525e4eed38fa75d132d6dc64699336876,"{""distance"":3,""physical_error_rate"":0.0001}","{""detection_events"":19032,""detectors_checked"":70115328,""obs_mistake_mask=E"":1}"
   2768896,         0,         0,   114.9,decoder_by_matrix,560c721f87db01d4cacf7dcb7d8812fecde61e9e7776d4b9e1b1a792578ecad7,"{""distance"":3,""physical_error_rate"":5e-06}","{""detection_events"":2112,""detectors_checked"":149520384}"
   1158144,        27,         0,   116.8,decoder_by_matrix,5c8c81bfec719079c388cedc47a351f264c1bf769ae28a89f9b4fc7719fea501,"{""distance"":3,""physical_error_rate"":0.0005}","{""detection_events"":84843,""detectors_checked"":62539776,""obs_mistake_mask=E"":27}"
   1568768,         1,         0,   116.6,decoder_by_matrix,36e3cd26fed5ec7649ec51fb08c1a5e7d7f30e615782d954fee045c18a4962ca,"{""distance"":3,""physical_error_rate"":5e-05}","{""detection_events"":11091,""detectors_checked"":84713472,""obs_mistake_mask=E"":1}"
   2461696,         0,         0,   114.3,decoder_by_matrix,e25b8d07214a8afb95d354611a83b9bb1ded39644e323a8585b3aabf687a4fff,"{""distance"":3,""physical_error_rate"":1e-05}","{""detection_events"":3570,""detectors_checked"":132931584}"
   1299456,         0,         0,   117.0,decoder_by_matrix,beec9fd12293a9cfe53c9b61fb8ce2a525e4eed38fa75d132d6dc64699336876,"{""distance"":3,""physical_error_rate"":0.0001}","{""detection_events"":19719,""detectors_checked"":70170624}"
   3132416,         0,         0,   113.6,decoder_by_matrix,e9839e3017c9ef118c4b8aeafef39e78c11ecbdb89764e9ca676a7dc2fb6d062,"{""distance"":3,""physical_error_rate"":1e-06}","{""detection_events"":498,""detectors_checked"":169150464}"
   1165312,        16,         0,   115.9,decoder_by_matrix,5c8c81bfec719079c388cedc47a351f264c1bf769ae28a89f9b4fc7719fea501,"{""distance"":3,""physical_error_rate"":0.0005}","{""detection_events"":85605,""detectors_checked"":62926848,""obs_mistake_mask=E"":16}"
   1522688,         2,         0,   116.7,decoder_by_matrix,36e3cd26fed5ec7649ec51fb08c1a5e7d7f30e615782d954fee045c18a4962ca,"{""distance"":3,""physical_error_rate"":5e-05}","{""detection_events"":11349,""detectors_checked"":82225152,""obs_mistake_mask=E"":2}"
   1495040,         2,         0,   116.5,decoder_by_matrix,36e3cd26fed5ec7649ec51fb08c1a5e7d7f30e615782d954fee045c18a4962ca,"{""distance"":3,""physical_error_rate"":5e-05}","{""detection_events"":11331,""detectors_checked"":80732160,""obs_mistake_mask=E"":2}"
   1307648,         0,         0,   115.0,decoder_by_matrix,beec9fd12293a9cfe53c9b61fb8ce2a525e4eed38fa75d132d6dc64699336876,"{""distance"":3,""physical_error_rate"":0.0001}","{""detection_events"":18246,""detectors_checked"":70612992}"
   2484224,         0,         0,   117.0,decoder_by_matrix,e25b8d07214a8afb95d354611a83b9bb1ded39644e323a8585b3aabf687a4fff,"{""distance"":3,""physical_error_rate"":1e-05}","{""detection_events"":3417,""detectors_checked"":134148096}"
   1166336,        14,         0,   116.4,decoder_by_matrix,5c8c81bfec719079c388cedc47a351f264c1bf769ae28a89f9b4fc7719fea501,"{""distance"":3,""physical_error_rate"":0.0005}","{""detection_events"":85125,""detectors_checked"":62982144,""obs_mistake_mask=E"":14}"
   1163264,        27,         0,   117.5,decoder_by_matrix,5c8c81bfec719079c388cedc47a351f264c1bf769ae28a89f9b4fc7719fea501,"{""distance"":3,""physical_error_rate"":0.0005}","{""detection_events"":85887,""detectors_checked"":62816256,""obs_mistake_mask=E"":27}"
   2801664,         0,         0,   114.6,decoder_by_matrix,560c721f87db01d4cacf7dcb7d8812fecde61e9e7776d4b9e1b1a792578ecad7,"{""distance"":3,""physical_error_rate"":5e-06}","{""detection_events"":1956,""detectors_checked"":151289856}"
   1536000,         0,         0,   116.6,decoder_by_matrix,36e3cd26fed5ec7649ec51fb08c1a5e7d7f30e615782d954fee045c18a4962ca,"{""distance"":3,""physical_error_rate"":5e-05}","{""detection_events"":11475,""detectors_checked"":82944000}"
   1544192,         0,         0,   117.4,decoder_by_matrix,36e3cd26fed5ec7649ec51fb08c1a5e7d7f30e615782d954fee045c18a4962ca,"{""distance"":3,""physical_error_rate"":5e-05}","{""detection_events"":11121,""detectors_checked"":83386368}"
   3130368,         0,         0,   115.2,decoder_by_matrix,e9839e3017c9ef118c4b8aeafef39e78c11ecbdb89764e9ca676a7dc2fb6d062,"{""distance"":3,""physical_error_rate"":1e-06}","{""detection_events"":489,""detectors_checked"":169039872}"
   2466816,         0,         0,   114.3,decoder_by_matrix,e25b8d07214a8afb95d354611a83b9bb1ded39644e323a8585b3aabf687a4fff,"{""distance"":3,""physical_error_rate"":1e-05}","{""detection_events"":3384,""detectors_checked"":133208064}"
   3147776,         0,         0,   115.0,decoder_by_matrix,e9839e3017c9ef118c4b8aeafef39e78c11ecbdb89764e9ca676a7dc2fb6d062,"{""distance"":3,""physical_error_rate"":1e-06}","{""detection_events"":438,""detectors_checked"":169979904}"
   2748416,         0,         0,   117.5,decoder_by_matrix,560c721f87db01d4cacf7dcb7d8812fecde61e9e7776d4b9e1b1a792578ecad7,"{""distance"":3,""physical_error_rate"":5e-06}","{""detection_events"":1992,""detectors_checked"":148414464}"
   2793472,         0,         0,   113.7,decoder_by_matrix,560c721f87db01d4cacf7dcb7d8812fecde61e9e7776d4b9e1b1a792578ecad7,"{""distance"":3,""physical_error_rate"":5e-06}","{""detection_events"":2073,""detectors_checked"":150847488}"
   2793472,         0,         0,   113.8,decoder_by_matrix,560c721f87db01d4cacf7dcb7d8812fecde61e9e7776d4b9e1b1a792578ecad7,"{""distance"":3,""physical_error_rate"":5e-06}","{""detection_events"":2031,""detectors_checked"":150847488}"
   2796544,         0,         0,   116.0,decoder_by_matrix,560c721f87db01d4cacf7dcb7d8812fecde61e9e7776d4b9e1b1a792578ecad7,"{""distance"":3,""physical_error_rate"":5e-06}","{""detection_events"":2022,""detectors_checked"":151013376}"
   1162240,        26,         0,   116.9,decoder_by_matrix,5c8c81bfec719079c388cedc47a351f264c1bf769ae28a89f9b4fc7719fea501,"{""distance"":3,""physical_error_rate"":0.0005}","{""detection_events"":84021,""detectors_checked"":62760960,""obs_mistake_mask=E"":26}"
   2485248,         1,         0,   115.5,decoder_by_matrix,e25b8d07214a8afb95d354611a83b9bb1ded39644e323a8585b3aabf687a4fff,"{""distance"":3,""physical_error_rate"":1e-05}","{""detection_events"":3426,""detectors_checked"":134203392,""obs_mistake_mask=E"":1}"
   1166336,        27,         0,   117.4,decoder_by_matrix,5c8c81bfec719079c388cedc47a351f264c1bf769ae28a89f9b4fc7719fea501,"{""distance"":3,""physical_error_rate"":0.0005}","{""detection_events"":84801,""detectors_checked"":62982144,""obs_mistake_mask=E"":27}"
   1538048,         2,         0,   117.6,decoder_by_matrix,36e3cd26fed5ec7649ec51fb08c1a5e7d7f30e615782d954fee045c18a4962ca,"{""distance"":3,""physical_error_rate"":5e-05}","{""detection_events"":11028,""detectors_checked"":83054592,""obs_mistake_mask=E"":2}"
   1166336,        25,         0,   117.8,decoder_by_matrix,5c8c81bfec719079c388cedc47a351f264c1bf769ae28a89f9b4fc7719fea501,"{""distance"":3,""physical_error_rate"":0.0005}","{""detection_events"":84459,""detectors_checked"":62982144,""obs_mistake_mask=E"":25}"
   1299456,         1,         0,   118.2,decoder_by_matrix,beec9fd12293a9cfe53c9b61fb8ce2a525e4eed38fa75d132d6dc64699336876,"{""distance"":3,""physical_error_rate"":0.0001}","{""detection_events"":19404,""detectors_checked"":70170624,""obs_mistake_mask=E"":1}"
   1559552,         1,         0,   116.6,decoder_by_matrix,36e3cd26fed5ec7649ec51fb08c1a5e7d7f30e615782d954fee045c18a4962ca,"{""distance"":3,""physical_error_rate"":5e-05}","{""detection_events"":11283,""detectors_checked"":84215808,""obs_mistake_mask=E"":1}"
   2457600,         0,         0,   116.2,decoder_by_matrix,e25b8d07214a8afb95d354611a83b9bb1ded39644e323a8585b3aabf687a4fff,"{""distance"":3,""physical_error_rate"":1e-05}","{""detection_events"":3612,""detectors_checked"":132710400}"
   3153920,         0,         0,   114.6,decoder_by_matrix,e9839e3017c9ef118c4b8aeafef39e78c11ecbdb89764e9ca676a7dc2fb6d062,"{""distance"":3,""physical_error_rate"":1e-06}","{""detection_events"":447,""detectors_checked"":170311680}"
   3126272,         0,         0,   114.5,decoder_by_matrix,e9839e3017c9ef118c4b8aeafef39e78c11ecbdb89764e9ca676a7dc2fb6d062,"{""distance"":3,""physical_error_rate"":1e-06}","{""detection_events"":474,""detectors_checked"":168818688}"
   3127296,         0,         0,   115.6,decoder_by_matrix,e9839e3017c9ef118c4b8aeafef39e78c11ecbdb89764e9ca676a7dc2fb6d062,"{""distance"":3,""physical_error_rate"":1e-06}","{""detection_events"":525,""detectors_checked"":168873984}"
   2503680,         0,         0,   116.9,decoder_by_matrix,e25b8d07214a8afb95d354611a83b9bb1ded39644e323a8585b3aabf687a4fff,"{""distance"":3,""physical_error_rate"":1e-05}","{""detection_events"":3330,""detectors_checked"":135198720}"
   2771968,         0,         0,   114.9,decoder_by_matrix,560c721f87db01d4cacf7dcb7d8812fecde61e9e7776d4b9e1b1a792578ecad7,"{""distance"":3,""physical_error_rate"":5e-06}","{""detection_events"":2070,""detectors_checked"":149686272}"
   1295360,         1,         0,   118.1,decoder_by_matrix,beec9fd12293a9cfe53c9b61fb8ce2a525e4eed38fa75d132d6dc64699336876,"{""distance"":3,""physical_error_rate"":0.0001}","{""detection_events"":19422,""detectors_checked"":69949440,""obs_mistake_mask=E"":1}"
   2464768,         0,         0,   114.8,decoder_by_matrix,e25b8d07214a8afb95d354611a83b9bb1ded39644e323a8585b3aabf687a4fff,"{""distance"":3,""physical_error_rate"":1e-05}","{""detection_events"":3738,""detectors_checked"":133097472}"
   1162240,        21,         0,   117.2,decoder_by_matrix,5c8c81bfec719079c388cedc47a351f264c1bf769ae28a89f9b4fc7719fea501,"{""distance"":3,""physical_error_rate"":0.0005}","{""detection_events"":84909,""detectors_checked"":62760960,""obs_mistake_mask=E"":21}"
   1569792,         0,         0,   116.4,decoder_by_matrix,36e3cd26fed5ec7649ec51fb08c1a5e7d7f30e615782d954fee045c18a4962ca,"{""distance"":3,""physical_error_rate"":5e-05}","{""detection_events"":11346,""detectors_checked"":84768768}"
   1291264,         4,         0,   117.6,decoder_by_matrix,beec9fd12293a9cfe53c9b61fb8ce2a525e4eed38fa75d132d6dc64699336876,"{""distance"":3,""physical_error_rate"":0.0001}","{""detection_events"":18951,""detectors_checked"":69728256,""obs_mistake_mask=E"":4}"
   3117056,         0,         0,   114.1,decoder_by_matrix,e9839e3017c9ef118c4b8aeafef39e78c11ecbdb89764e9ca676a7dc2fb6d062,"{""distance"":3,""physical_error_rate"":1e-06}","{""detection_events"":540,""detectors_checked"":168321024}"
   2750464,         0,         0,   113.8,decoder_by_matrix,560c721f87db01d4cacf7dcb7d8812fecde61e9e7776d4b9e1b1a792578ecad7,"{""distance"":3,""physical_error_rate"":5e-06}","{""detection_events"":1965,""detectors_checked"":148525056}"
   1164288,        22,         0,   117.6,decoder_by_matrix,5c8c81bfec719079c388cedc47a351f264c1bf769ae28a89f9b4fc7719fea501,"{""distance"":3,""physical_error_rate"":0.0005}","{""detection_events"":84903,""detectors_checked"":62871552,""obs_mistake_mask=E"":22}"
   2499584,         0,         0,   117.3,decoder_by_matrix,e25b8d07214a8afb95d354611a83b9bb1ded39644e323a8585b3aabf687a4fff,"{""distance"":3,""physical_error_rate"":1e-05}","{""detection_events"":3315,""detectors_checked"":134977536}"
   1298432,         0,         0,   118.8,decoder_by_matrix,beec9fd12293a9cfe53c9b61fb8ce2a525e4eed38fa75d132d6dc64699336876,"{""distance"":3,""physical_error_rate"":0.0001}","{""detection_events"":18672,""detectors_checked"":70115328}"
   3126272,         0,         0,   114.8,decoder_by_matrix,e9839e3017c9ef118c4b8aeafef39e78c11ecbdb89764e9ca676a7dc2fb6d062,"{""distance"":3,""physical_error_rate"":1e-06}","{""detection_events"":450,""detectors_checked"":168818688}"
   1167360,        32,         0,   118.0,decoder_by_matrix,5c8c81bfec719079c388cedc47a351f264c1bf769ae28a89f9b4fc7719fea501,"{""distance"":3,""physical_error_rate"":0.0005}","{""detection_events"":85407,""detectors_checked"":63037440,""obs_mistake_mask=E"":32}"
   1310720,         0,         0,   116.5,decoder_by_matrix,beec9fd12293a9cfe53c9b61fb8ce2a525e4eed38fa75d132d6dc64699336876,"{""distance"":3,""physical_error_rate"":0.0001}","{""detection_events"":19053,""detectors_checked"":70778880}"
   2780160,         0,         0,   114.9,decoder_by_matrix,560c721f87db01d4cacf7dcb7d8812fecde61e9e7776d4b9e1b1a792578ecad7,"{""distance"":3,""physical_error_rate"":5e-06}","{""detection_events"":2136,""detectors_checked"":150128640}"
   1306624,         0,         0,   119.1,decoder_by_matrix,beec9fd12293a9cfe53c9b61fb8ce2a525e4eed38fa75d132d6dc64699336876,"{""distance"":3,""physical_error_rate"":0.0001}","{""detection_events"":18876,""detectors_checked"":70557696}"
   2488320,         0,         0,   116.1,decoder_by_matrix,e25b8d07214a8afb95d354611a83b9bb1ded39644e323a8585b3aabf687a4fff,"{""distance"":3,""physical_error_rate"":1e-05}","{""detection_events"":3444,""detectors_checked"":134369280}"
   1566720,         0,         0,   117.6,decoder_by_matrix,36e3cd26fed5ec7649ec51fb08c1a5e7d7f30e615782d954fee045c18a4962ca,"{""distance"":3,""physical_error_rate"":5e-05}","{""detection_events"":11052,""detectors_checked"":84602880}"
   1305600,         0,         0,   118.1,decoder_by_matrix,beec9fd12293a9cfe53c9b61fb8ce2a525e4eed38fa75d132d6dc64699336876,"{""distance"":3,""physical_error_rate"":0.0001}","{""detection_events"":19380,""detectors_checked"":70502400}"
   3161088,         0,         0,   116.0,decoder_by_matrix,e9839e3017c9ef118c4b8aeafef39e78c11ecbdb89764e9ca676a7dc2fb6d062,"{""distance"":3,""physical_error_rate"":1e-06}","{""detection_events"":378,""detectors_checked"":170698752}"
   1538048,         1,         0,   116.7,decoder_by_matrix,36e3cd26fed5ec7649ec51fb08c1a5e7d7f30e615782d954fee045c18a4962ca,"{""distance"":3,""physical_error_rate"":5e-05}","{""detection_events"":10839,""detectors_checked"":83054592,""obs_mistake_mask=E"":1}"
   2425856,         0,         0,   117.4,decoder_by_matrix,e25b8d07214a8afb95d354611a83b9bb1ded39644e323a8585b3aabf687a4fff,"{""distance"":3,""physical_error_rate"":1e-05}","{""detection_events"":3750,""detectors_checked"":130996224}"
   1307648,         0,         0,   117.6,decoder_by_matrix,beec9fd12293a9cfe53c9b61fb8ce2a525e4eed38fa75d132d6dc64699336876,"{""distance"":3,""physical_error_rate"":0.0001}","{""detection_events"":18714,""detectors_checked"":70612992}"
   2789376,         0,         0,   116.3,decoder_by_matrix,560c721f87db01d4cacf7dcb7d8812fecde61e9e7776d4b9e1b1a792578ecad7,"{""distance"":3,""physical_error_rate"":5e-06}","{""detection_events"":1971,""detectors_checked"":150626304}"
   3123200,         0,         0,   116.0,decoder_by_matrix,e9839e3017c9ef118c4b8aeafef39e78c11ecbdb89764e9ca676a7dc2fb6d062,"{""distance"":3,""physical_error_rate"":1e-06}","{""detection_events"":474,""detectors_checked"":168652800}"
   1546240,         0,         0,   118.4,decoder_by_matrix,36e3cd26fed5ec7649ec51fb08c1a5e7d7f30e615782d954fee045c18a4962ca,"{""distance"":3,""physical_error_rate"":5e-05}","{""detection_events"":11175,""detectors_checked"":83496960}"
   1163264,        18,         0,   118.3,decoder_by_matrix,5c8c81bfec719079c388cedc47a351f264c1bf769ae28a89f9b4fc7719fea501,"{""distance"":3,""physical_error_rate"":0.0005}","{""detection_events"":83769,""detectors_checked"":62816256,""obs_mistake_mask=E"":18}"
   2432000,         0,         0,   116.0,decoder_by_matrix,e25b8d07214a8afb95d354611a83b9bb1ded39644e323a8585b3aabf687a4fff,"{""distance"":3,""physical_error_rate"":1e-05}","{""detection_events"":3666,""detectors_checked"":131328000}"
   1300480,         0,         0,   117.7,decoder_by_matrix,beec9fd12293a9cfe53c9b61fb8ce2a525e4eed38fa75d132d6dc64699336876,"{""distance"":3,""physical_error_rate"":0.0001}","{""detection_events"":19506,""detectors_checked"":70225920}"
   2761728,         0,         0,   114.9,decoder_by_matrix,560c721f87db01d4cacf7dcb7d8812fecde61e9e7776d4b9e1b1a792578ecad7,"{""distance"":3,""physical_error_rate"":5e-06}","{""detection_events"":2250,""detectors_checked"":149133312}"
   1161216,        17,         0,   118.5,decoder_by_matrix,5c8c81bfec719079c388cedc47a351f264c1bf769ae28a89f9b4fc7719fea501,"{""distance"":3,""physical_error_rate"":0.0005}","{""detection_events"":84246,""detectors_checked"":62705664,""obs_mistake_mask=E"":17}"
   2490368,         0,         0,   115.0,decoder_by_matrix,e25b8d07214a8afb95d354611a83b9bb1ded39644e323a8585b3aabf687a4fff,"{""distance"":3,""physical_error_rate"":1e-05}","{""detection_events"":3564,""detectors_checked"":134479872}"
   1317888,         3,         0,   117.8,decoder_by_matrix,beec9fd12293a9cfe53c9b61fb8ce2a525e4eed38fa75d132d6dc64699336876,"{""distance"":3,""physical_error_rate"":0.0001}","{""detection_events"":18597,""detectors_checked"":71165952,""obs_mistake_mask=E"":3}"
   1549312,         1,         0,   117.2,decoder_by_matrix,36e3cd26fed5ec7649ec51fb08c1a5e7d7f30e615782d954fee045c18a4962ca,"{""distance"":3,""physical_error_rate"":5e-05}","{""detection_events"":11511,""detectors_checked"":83662848,""obs_mistake_mask=E"":1}"
   1164288,        29,         0,   117.9,decoder_by_matrix,5c8c81bfec719079c388cedc47a351f264c1bf769ae28a89f9b4fc7719fea501,"{""distance"":3,""physical_error_rate"":0.0005}","{""detection_events"":83901,""detectors_checked"":62871552,""obs_mistake_mask=E"":29}"
   3138560,         0,         0,   114.4,decoder_by_matrix,e9839e3017c9ef118c4b8aeafef39e78c11ecbdb89764e9ca676a7dc2fb6d062,"{""distance"":3,""physical_error_rate"":1e-06}","{""detection_events"":438,""detectors_checked"":169482240}"
   1545216,         0,         0,   117.4,decoder_by_matrix,36e3cd26fed5ec7649ec51fb08c1a5e7d7f30e615782d954fee045c18a4962ca,"{""distance"":3,""physical_error_rate"":5e-05}","{""detection_events"":11016,""detectors_checked"":83441664}"
   1532928,         1,         0,   116.3,decoder_by_matrix,36e3cd26fed5ec7649ec51fb08c1a5e7d7f30e615782d954fee045c18a4962ca,"{""distance"":3,""physical_error_rate"":5e-05}","{""detection_events"":11151,""detectors_checked"":82778112,""obs_mistake_mask=E"":1}"
   1309696,         1,         0,   119.7,decoder_by_matrix,beec9fd12293a9cfe53c9b61fb8ce2a525e4eed38fa75d132d6dc64699336876,"{""distance"":3,""physical_error_rate"":0.0001}","{""detection_events"":18510,""detectors_checked"":70723584,""obs_mistake_mask=E"":1}"
   2451456,         0,         0,   116.0,decoder_by_matrix,e25b8d07214a8afb95d354611a83b9bb1ded39644e323a8585b3aabf687a4fff,"{""distance"":3,""physical_error_rate"":1e-05}","{""detection_events"":3576,""detectors_checked"":132378624}"
   1166336,        19,         0,   117.5,decoder_by_matrix,5c8c81bfec719079c388cedc47a351f264c1bf769ae28a89f9b4fc7719fea501,"{""distance"":3,""physical_error_rate"":0.0005}","{""detection_events"":85572,""detectors_checked"":62982144,""obs_mistake_mask=E"":19}"
   2775040,         0,         0,   114.6,decoder_by_matrix,560c721f87db01d4cacf7dcb7d8812fecde61e9e7776d4b9e1b1a792578ecad7,"{""distance"":3,""physical_error_rate"":5e-06}","{""detection_events"":2124,""detectors_checked"":149852160}"
   1167360,        26,         0,   117.8,decoder_by_matrix,5c8c81bfec719079c388cedc47a351f264c1bf769ae28a89f9b4fc7719fea501,"{""distance"":3,""physical_error_rate"":0.0005}","{""detection_events"":84837,""detectors_checked"":63037440,""obs_mistake_mask=E"":26}"
   1554432,         0,         0,   116.6,decoder_by_matrix,36e3cd26fed5ec7649ec51fb08c1a5e7d7f30e615782d954fee045c18a4962ca,"{""distance"":3,""physical_error_rate"":5e-05}","{""detection_events"":11694,""detectors_checked"":83939328}"
   1550336,         0,         0,   118.9,decoder_by_matrix,36e3cd26fed5ec7649ec51fb08c1a5e7d7f30e615782d954fee045c18a4962ca,"{""distance"":3,""physical_error_rate"":5e-05}","{""detection_events"":11409,""detectors_checked"":83718144}"
   3145728,         0,         0,   114.0,decoder_by_matrix,e9839e3017c9ef118c4b8aeafef39e78c11ecbdb89764e9ca676a7dc2fb6d062,"{""distance"":3,""physical_error_rate"":1e-06}","{""detection_events"":465,""detectors_checked"":169869312}"
   3143680,         0,         0,   112.0,decoder_by_matrix,e9839e3017c9ef118c4b8aeafef39e78c11ecbdb89764e9ca676a7dc2fb6d062,"{""distance"":3,""physical_error_rate"":1e-06}","{""detection_events"":417,""detectors_checked"":169758720}"
   2455552,         0,         0,   115.9,decoder_by_matrix,e25b8d07214a8afb95d354611a83b9bb1ded39644e323a8585b3aabf687a4fff,"{""distance"":3,""physical_error_rate"":1e-05}","{""detection_events"":3558,""detectors_checked"":132599808}"
   2770944,         0,         0,   114.8,decoder_by_matrix,560c721f87db01d4cacf7dcb7d8812fecde61e9e7776d4b9e1b1a792578ecad7,"{""distance"":3,""physical_error_rate"":5e-06}","{""detection_events"":2067,""detectors_checked"":149630976}"
   2790400,         0,         0,   112.2,decoder_by_matrix,560c721f87db01d4cacf7dcb7d8812fecde61e9e7776d4b9e1b1a792578ecad7,"{""distance"":3,""physical_error_rate"":5e-06}","{""detection_events"":1998,""detectors_checked"":150681600}"
   2811904,         0,         0,   116.0,decoder_by_matrix,560c721f87db01d4cacf7dcb7d8812fecde61e9e7776d4b9e1b1a792578ecad7,"{""distance"":3,""physical_error_rate"":5e-06}","{""detection_events"":1845,""detectors_checked"":151842816}"
   2759680,         0,         0,   113.7,decoder_by_matrix,560c721f87db01d4cacf7dcb7d8812fecde61e9e7776d4b9e1b1a792578ecad7,"{""distance"":3,""physical_error_rate"":5e-06}","{""detection_events"":2202,""detectors_checked"":149022720}"
   1162240,        21,         0,   116.2,decoder_by_matrix,5c8c81bfec719079c388cedc47a351f264c1bf769ae28a89f9b4fc7719fea501,"{""distance"":3,""physical_error_rate"":0.0005}","{""detection_events"":84348,""detectors_checked"":62760960,""obs_mistake_mask=E"":21}"
   1164288,        25,         0,   118.0,decoder_by_matrix,5c8c81bfec719079c388cedc47a351f264c1bf769ae28a89f9b4fc7719fea501,"{""distance"":3,""physical_error_rate"":0.0005}","{""detection_events"":85035,""detectors_checked"":62871552,""obs_mistake_mask=E"":25}"
   2454528,         0,         0,   116.1,decoder_by_matrix,e25b8d07214a8afb95d354611a83b9bb1ded39644e323a8585b3aabf687a4fff,"{""distance"":3,""physical_error_rate"":1e-05}","{""detection_events"":3531,""detectors_checked"":132544512}"
   1555456,         0,         0,   117.2,decoder_by_matrix,36e3cd26fed5ec7649ec51fb08c1a5e7d7f30e615782d954fee045c18a4962ca,"{""distance"":3,""physical_error_rate"":5e-05}","{""detection_events"":11124,""detectors_checked"":83994624}"
   1166336,        25,         0,   117.2,decoder_by_matrix,5c8c81bfec719079c388cedc47a351f264c1bf769ae28a89f9b4fc7719fea501,"{""distance"":3,""physical_error_rate"":0.0005}","{""detection_events"":86082,""detectors_checked"":62982144,""obs_mistake_mask=E"":25}"
   1306624,         3,         0,   118.4,decoder_by_matrix,beec9fd12293a9cfe53c9b61fb8ce2a525e4eed38fa75d132d6dc64699336876,"{""distance"":3,""physical_error_rate"":0.0001}","{""detection_events"":18453,""detectors_checked"":70557696,""obs_mistake_mask=E"":3}"
   1519616,         0,         0,   115.9,decoder_by_matrix,36e3cd26fed5ec7649ec51fb08c1a5e7d7f30e615782d954fee045c18a4962ca,"{""distance"":3,""physical_error_rate"":5e-05}","{""detection_events"":11415,""detectors_checked"":82059264}"
   3153920,         0,         0,   114.4,decoder_by_matrix,e9839e3017c9ef118c4b8aeafef39e78c11ecbdb89764e9ca676a7dc2fb6d062,"{""distance"":3,""physical_error_rate"":1e-06}","{""detection_events"":420,""detectors_checked"":170311680}"
   3132416,         0,         0,   113.6,decoder_by_matrix,e9839e3017c9ef118c4b8aeafef39e78c11ecbdb89764e9ca676a7dc2fb6d062,"{""distance"":3,""physical_error_rate"":1e-06}","{""detection_events"":537,""detectors_checked"":169150464}"
   2437120,         0,         0,   116.6,decoder_by_matrix,e25b8d07214a8afb95d354611a83b9bb1ded39644e323a8585b3aabf687a4fff,"{""distance"":3,""physical_error_rate"":1e-05}","{""detection_events"":3777,""detectors_checked"":131604480}"
   3130368,         0,         0,   114.3,decoder_by_matrix,e9839e3017c9ef118c4b8aeafef39e78c11ecbdb89764e9ca676a7dc2fb6d062,"{""distance"":3,""physical_error_rate"":1e-06}","{""detection_events"":417,""detectors_checked"":169039872}"
   2493440,         0,         0,   116.4,decoder_by_matrix,e25b8d07214a8afb95d354611a83b9bb1ded39644e323a8585b3aabf687a4fff,"{""distance"":3,""physical_error_rate"":1e-05}","{""detection_events"":3606,""detectors_checked"":134645760}"
   2794496,         0,         0,   115.0,decoder_by_matrix,560c721f87db01d4cacf7dcb7d8812fecde61e9e7776d4b9e1b1a792578ecad7,"{""distance"":3,""physical_error_rate"":5e-06}","{""detection_events"":2043,""detectors_checked"":150902784}"
   1294336,         1,         0,   117.8,decoder_by_matrix,beec9fd12293a9cfe53c9b61fb8ce2a525e4eed38fa75d132d6dc64699336876,"{""distance"":3,""physical_error_rate"":0.0001}","{""detection_events"":19587,""detectors_checked"":69894144,""obs_mistake_mask=E"":1}"
   1163264,        25,         0,   117.1,decoder_by_matrix,5c8c81bfec719079c388cedc47a351f264c1bf769ae28a89f9b4fc7719fea501,"{""distance"":3,""physical_error_rate"":0.0005}","{""detection_events"":84099,""detectors_checked"":62816256,""obs_mistake_mask=E"":25}"
   2461696,         0,         0,   115.2,decoder_by_matrix,e25b8d07214a8afb95d354611a83b9bb1ded39644e323a8585b3aabf687a4fff,"{""distance"":3,""physical_error_rate"":1e-05}","{""detection_events"":3774,""detectors_checked"":132931584}"
   1303552,         0,         0,   117.8,decoder_by_matrix,beec9fd12293a9cfe53c9b61fb8ce2a525e4eed38fa75d132d6dc64699336876,"{""distance"":3,""physical_error_rate"":0.0001}","{""detection_events"":18690,""detectors_checked"":70391808}"
   1576960,         2,         0,   116.8,decoder_by_matrix,36e3cd26fed5ec7649ec51fb08c1a5e7d7f30e615782d954fee045c18a4962ca,"{""distance"":3,""physical_error_rate"":5e-05}","{""detection_events"":11130,""detectors_checked"":85155840,""obs_mistake_mask=E"":2}"
   1165312,        19,         0,   118.0,decoder_by_matrix,5c8c81bfec719079c388cedc47a351f264c1bf769ae28a89f9b4fc7719fea501,"{""distance"":3,""physical_error_rate"":0.0005}","{""detection_events"":85383,""detectors_checked"":62926848,""obs_mistake_mask=E"":19}"
   2776064,         0,         0,   114.0,decoder_by_matrix,560c721f87db01d4cacf7dcb7d8812fecde61e9e7776d4b9e1b1a792578ecad7,"{""distance"":3,""physical_error_rate"":5e-06}","{""detection_events"":1776,""detectors_checked"":149907456}"
   3141632,         0,         0,   114.3,decoder_by_matrix,e9839e3017c9ef118c4b8aeafef39e78c11ecbdb89764e9ca676a7dc2fb6d062,"{""distance"":3,""physical_error_rate"":1e-06}","{""detection_events"":429,""detectors_checked"":169648128}"
   2473984,         0,         0,   114.5,decoder_by_matrix,e25b8d07214a8afb95d354611a83b9bb1ded39644e323a8585b3aabf687a4fff,"{""distance"":3,""physical_error_rate"":1e-05}","{""detection_events"":3672,""detectors_checked"":133595136}"
   1291264,         1,         0,   115.5,decoder_by_matrix,beec9fd12293a9cfe53c9b61fb8ce2a525e4eed38fa75d132d6dc64699336876,"{""distance"":3,""physical_error_rate"":0.0001}","{""detection_events"":18870,""detectors_checked"":69728256,""obs_mistake_mask=E"":1}"
   1290240,         0,         0,   118.1,decoder_by_matrix,beec9fd12293a9cfe53c9b61fb8ce2a525e4eed38fa75d132d6dc64699336876,"{""distance"":3,""physical_error_rate"":0.0001}","{""detection_events"":18732,""detectors_checked"":69672960}"
   3115008,         0,         0,   115.1,decoder_by_matrix,e9839e3017c9ef118c4b8aeafef39e78c11ecbdb89764e9ca676a7dc2fb6d062,"{""distance"":3,""physical_error_rate"":1e-06}","{""detection_events"":585,""detectors_checked"":168210432}"
   1169408,        20,         0,   118.0,decoder_by_matrix,5c8c81bfec719079c388cedc47a351f264c1bf769ae28a89f9b4fc7719fea501,"{""distance"":3,""physical_error_rate"":0.0005}","{""detection_events"":85956,""detectors_checked"":63148032,""obs_mistake_mask=E"":20}"
   2797568,         0,         0,   115.5,decoder_by_matrix,560c721f87db01d4cacf7dcb7d8812fecde61e9e7776d4b9e1b1a792578ecad7,"{""distance"":3,""physical_error_rate"":5e-06}","{""detection_events"":1926,""detectors_checked"":151068672}"
   1306624,         2,         0,   117.7,decoder_by_matrix,beec9fd12293a9cfe53c9b61fb8ce2a525e4eed38fa75d132d6dc64699336876,"{""distance"":3,""physical_error_rate"":0.0001}","{""detection_events"":18759,""detectors_checked"":70557696,""obs_mistake_mask=E"":2}"
   2462720,         0,         0,   117.1,decoder_by_matrix,e25b8d07214a8afb95d354611a83b9bb1ded39644e323a8585b3aabf687a4fff,"{""distance"":3,""physical_error_rate"":1e-05}","{""detection_events"":3621,""detectors_checked"":132986880}"
   1292288,         2,         0,   116.9,decoder_by_matrix,beec9fd12293a9cfe53c9b61fb8ce2a525e4eed38fa75d132d6dc64699336876,"{""distance"":3,""physical_error_rate"":0.0001}","{""detection_events"":18942,""detectors_checked"":69783552,""obs_mistake_mask=E"":2}"
   1539072,         1,         0,   116.3,decoder_by_matrix,36e3cd26fed5ec7649ec51fb08c1a5e7d7f30e615782d954fee045c18a4962ca,"{""distance"":3,""physical_error_rate"":5e-05}","{""detection_events"":11298,""detectors_checked"":83109888,""obs_mistake_mask=E"":1}"
   3119104,         0,         0,   115.7,decoder_by_matrix,e9839e3017c9ef118c4b8aeafef39e78c11ecbdb89764e9ca676a7dc2fb6d062,"{""distance"":3,""physical_error_rate"":1e-06}","{""detection_events"":534,""detectors_checked"":168431616}"
   1544192,         0,         0,   116.4,decoder_by_matrix,36e3cd26fed5ec7649ec51fb08c1a5e7d7f30e615782d954fee045c18a4962ca,"{""distance"":3,""physical_error_rate"":5e-05}","{""detection_events"":10932,""detectors_checked"":83386368}"
   2468864,         0,         0,   115.4,decoder_by_matrix,e25b8d07214a8afb95d354611a83b9bb1ded39644e323a8585b3aabf687a4fff,"{""distance"":3,""physical_error_rate"":1e-05}","{""detection_events"":3588,""detectors_checked"":133318656}"
   1303552,         0,         0,   117.4,decoder_by_matrix,beec9fd12293a9cfe53c9b61fb8ce2a525e4eed38fa75d132d6dc64699336876,"{""distance"":3,""physical_error_rate"":0.0001}","{""detection_events"":19377,""detectors_checked"":70391808}"
   2830336,         0,         0,   114.9,decoder_by_matrix,560c721f87db01d4cacf7dcb7d8812fecde61e9e7776d4b9e1b1a792578ecad7,"{""distance"":3,""physical_error_rate"":5e-06}","{""detection_events"":1851,""detectors_checked"":152838144}"
   3144704,         0,         0,   114.0,decoder_by_matrix,e9839e3017c9ef118c4b8aeafef39e78c11ecbdb89764e9ca676a7dc2fb6d062,"{""distance"":3,""physical_error_rate"":1e-06}","{""detection_events"":459,""detectors_checked"":169814016}"
   1546240,         0,         0,   117.1,decoder_by_matrix,36e3cd26fed5ec7649ec51fb08c1a5e7d7f30e615782d954fee045c18a4962ca,"{""distance"":3,""physical_error_rate"":5e-05}","{""detection_events"":11442,""detectors_checked"":83496960}"
   1162240,        26,         0,   117.9,decoder_by_matrix,5c8c81bfec719079c388cedc47a351f264c1bf769ae28a89f9b4fc7719fea501,"{""distance"":3,""physical_error_rate"":0.0005}","{""detection_events"":84225,""detectors_checked"":62760960,""obs_mistake_mask=E"":26}"
   2432000,         0,         0,   115.8,decoder_by_matrix,e25b8d07214a8afb95d354611a83b9bb1ded39644e323a8585b3aabf687a4fff,"{""distance"":3,""physical_error_rate"":1e-05}","{""detection_events"":3633,""detectors_checked"":131328000}"
   1319936,         1,         0,   117.5,decoder_by_matrix,beec9fd12293a9cfe53c9b61fb8ce2a525e4eed38fa75d132d6dc64699336876,"{""distance"":3,""physical_error_rate"":0.0001}","{""detection_events"":19002,""detectors_checked"":71276544,""obs_mistake_mask=E"":1}"
   2793472,         0,         0,   116.2,decoder_by_matrix,560c721f87db01d4cacf7dcb7d8812fecde61e9e7776d4b9e1b1a792578ecad7,"{""distance"":3,""physical_error_rate"":5e-06}","{""detection_events"":2121,""detectors_checked"":150847488}"
   1156096,        18,         0,   118.9,decoder_by_matrix,5c8c81bfec719079c388cedc47a351f264c1bf769ae28a89f9b4fc7719fea501,"{""distance"":3,""physical_error_rate"":0.0005}","{""detection_events"":85062,""detectors_checked"":62429184,""obs_mistake_mask=E"":18}"
   2452480,         0,         0,   115.1,decoder_by_matrix,e25b8d07214a8afb95d354611a83b9bb1ded39644e323a8585b3aabf687a4fff,"{""distance"":3,""physical_error_rate"":1e-05}","{""detection_events"":3648,""detectors_checked"":132433920}"
   1309696,         2,         0,   115.5,decoder_by_matrix,beec9fd12293a9cfe53c9b61fb8ce2a525e4eed38fa75d132d6dc64699336876,"{""distance"":3,""physical_error_rate"":0.0001}","{""detection_events"":18960,""detectors_checked"":70723584,""obs_mistake_mask=E"":2}"
   1551360,         0,         0,   117.1,decoder_by_matrix,36e3cd26fed5ec7649ec51fb08c1a5e7d7f30e615782d954fee045c18a4962ca,"{""distance"":3,""physical_error_rate"":5e-05}","{""detection_events"":11655,""detectors_checked"":83773440}"
   3120128,         0,         0,   114.9,decoder_by_matrix,e9839e3017c9ef118c4b8aeafef39e78c11ecbdb89764e9ca676a7dc2fb6d062,"{""distance"":3,""physical_error_rate"":1e-06}","{""detection_events"":465,""detectors_checked"":168486912}"
   1165312,        19,         0,   117.3,decoder_by_matrix,5c8c81bfec719079c388cedc47a351f264c1bf769ae28a89f9b4fc7719fea501,"{""distance"":3,""physical_error_rate"":0.0005}","{""detection_events"":85929,""detectors_checked"":62926848,""obs_mistake_mask=E"":19}"
   1539072,         0,         0,   116.6,decoder_by_matrix,36e3cd26fed5ec7649ec51fb08c1a5e7d7f30e615782d954fee045c18a4962ca,"{""distance"":3,""physical_error_rate"":5e-05}","{""detection_events"":11331,""detectors_checked"":83109888}"
   1500160,         0,         0,   117.8,decoder_by_matrix,36e3cd26fed5ec7649ec51fb08c1a5e7d7f30e615782d954fee045c18a4962ca,"{""distance"":3,""physical_error_rate"":5e-05}","{""detection_events"":10896,""detectors_checked"":81008640}"
   1305600,         1,         0,   116.3,decoder_by_matrix,beec9fd12293a9cfe53c9b61fb8ce2a525e4eed38fa75d132d6dc64699336876,"{""distance"":3,""physical_error_rate"":0.0001}","{""detection_events"":19308,""detectors_checked"":70502400,""obs_mistake_mask=E"":1}"
   2434048,         0,         0,   116.7,decoder_by_matrix,e25b8d07214a8afb95d354611a83b9bb1ded39644e323a8585b3aabf687a4fff,"{""distance"":3,""physical_error_rate"":1e-05}","{""detection_events"":3687,""detectors_checked"":131438592}"
   1167360,        27,         0,   118.4,decoder_by_matrix,5c8c81bfec719079c388cedc47a351f264c1bf769ae28a89f9b4fc7719fea501,"{""distance"":3,""physical_error_rate"":0.0005}","{""detection_events"":84936,""detectors_checked"":63037440,""obs_mistake_mask=E"":27}"
   2759680,         0,         0,   115.3,decoder_by_matrix,560c721f87db01d4cacf7dcb7d8812fecde61e9e7776d4b9e1b1a792578ecad7,"{""distance"":3,""physical_error_rate"":5e-06}","{""detection_events"":2085,""detectors_checked"":149022720}"
   1167360,        11,         0,   117.8,decoder_by_matrix,5c8c81bfec719079c388cedc47a351f264c1bf769ae28a89f9b4fc7719fea501,"{""distance"":3,""physical_error_rate"":0.0005}","{""detection_events"":85095,""detectors_checked"":63037440,""obs_mistake_mask=E"":11}"
   1532928,         0,         0,   117.3,decoder_by_matrix,36e3cd26fed5ec7649ec51fb08c1a5e7d7f30e615782d954fee045c18a4962ca,"{""distance"":3,""physical_error_rate"":5e-05}","{""detection_events"":11160,""detectors_checked"":82778112}"
   1583104,         1,         0,   116.4,decoder_by_matrix,36e3cd26fed5ec7649ec51fb08c1a5e7d7f30e615782d954fee045c18a4962ca,"{""distance"":3,""physical_error_rate"":5e-05}","{""detection_events"":11448,""detectors_checked"":85487616,""obs_mistake_mask=E"":1}"
   3132416,         0,         0,   114.5,decoder_by_matrix,e9839e3017c9ef118c4b8aeafef39e78c11ecbdb89764e9ca676a7dc2fb6d062,"{""distance"":3,""physical_error_rate"":1e-06}","{""detection_events"":483,""detectors_checked"":169150464}"
   2472960,         0,         0,   115.0,decoder_by_matrix,e25b8d07214a8afb95d354611a83b9bb1ded39644e323a8585b3aabf687a4fff,"{""distance"":3,""physical_error_rate"":1e-05}","{""detection_events"":3480,""detectors_checked"":133539840}"
   3135488,         0,         0,   115.3,decoder_by_matrix,e9839e3017c9ef118c4b8aeafef39e78c11ecbdb89764e9ca676a7dc2fb6d062,"{""distance"":3,""physical_error_rate"":1e-06}","{""detection_events"":402,""detectors_checked"":169316352}"
   2767872,         0,         0,   115.3,decoder_by_matrix,560c721f87db01d4cacf7dcb7d8812fecde61e9e7776d4b9e1b1a792578ecad7,"{""distance"":3,""physical_error_rate"":5e-06}","{""detection_events"":2154,""detectors_checked"":149465088}"
   2755584,         0,         0,   114.3,decoder_by_matrix,560c721f87db01d4cacf7dcb7d8812fecde61e9e7776d4b9e1b1a792578ecad7,"{""distance"":3,""physical_error_rate"":5e-06}","{""detection_events"":2055,""detectors_checked"":148801536}"
   1160192,        22,         0,   115.9,decoder_by_matrix,5c8c81bfec719079c388cedc47a351f264c1bf769ae28a89f9b4fc7719fea501,"{""distance"":3,""physical_error_rate"":0.0005}","{""detection_events"":83748,""detectors_checked"":62650368,""obs_mistake_mask=E"":22}"
   1165312,        25,         0,   117.5,decoder_by_matrix,5c8c81bfec719079c388cedc47a351f264c1bf769ae28a89f9b4fc7719fea501,"{""distance"":3,""physical_error_rate"":0.0005}","{""detection_events"":84747,""detectors_checked"":62926848,""obs_mistake_mask=E"":25}"
   2814976,         0,         0,   115.7,decoder_by_matrix,560c721f87db01d4cacf7dcb7d8812fecde61e9e7776d4b9e1b1a792578ecad7,"{""distance"":3,""physical_error_rate"":5e-06}","{""detection_events"":1923,""detectors_checked"":152008704}"
   2387968,         0,         0,   117.2,decoder_by_matrix,e25b8d07214a8afb95d354611a83b9bb1ded39644e323a8585b3aabf687a4fff,"{""distance"":3,""physical_error_rate"":1e-05}","{""detection_events"":3897,""detectors_checked"":128950272}"
   2784256,         0,         0,   116.6,decoder_by_matrix,560c721f87db01d4cacf7dcb7d8812fecde61e9e7776d4b9e1b1a792578ecad7,"{""distance"":3,""physical_error_rate"":5e-06}","{""detection_events"":1950,""detectors_checked"":150349824}"
   1554432,         0,         0,   116.3,decoder_by_matrix,36e3cd26fed5ec7649ec51fb08c1a5e7d7f30e615782d954fee045c18a4962ca,"{""distance"":3,""physical_error_rate"":5e-05}","{""detection_events"":11316,""detectors_checked"":83939328}"
   1304576,         0,         0,   117.8,decoder_by_matrix,beec9fd12293a9cfe53c9b61fb8ce2a525e4eed38fa75d132d6dc64699336876,"{""distance"":3,""physical_error_rate"":0.0001}","{""detection_events"":19176,""detectors_checked"":70447104}"
   1168384,        16,         0,   117.6,decoder_by_matrix,5c8c81bfec719079c388cedc47a351f264c1bf769ae28a89f9b4fc7719fea501,"{""distance"":3,""physical_error_rate"":0.0005}","{""detection_events"":84498,""detectors_checked"":63092736,""obs_mistake_mask=E"":16}"
   1568768,         0,         0,   115.9,decoder_by_matrix,36e3cd26fed5ec7649ec51fb08c1a5e7d7f30e615782d954fee045c18a4962ca,"{""distance"":3,""physical_error_rate"":5e-05}","{""detection_events"":11064,""detectors_checked"":84713472}"
   3150848,         0,         0,   114.4,decoder_by_matrix,e9839e3017c9ef118c4b8aeafef39e78c11ecbdb89764e9ca676a7dc2fb6d062,"{""distance"":3,""physical_error_rate"":1e-06}","{""detection_events"":363,""detectors_checked"":170145792}"
   3135488,         0,         0,   115.5,decoder_by_matrix,e9839e3017c9ef118c4b8aeafef39e78c11ecbdb89764e9ca676a7dc2fb6d062,"{""distance"":3,""physical_error_rate"":1e-06}","{""detection_events"":402,""detectors_checked"":169316352}"
   2450432,         0,         0,   114.5,decoder_by_matrix,e25b8d07214a8afb95d354611a83b9bb1ded39644e323a8585b3aabf687a4fff,"{""distance"":3,""physical_error_rate"":1e-05}","{""detection_events"":3624,""detectors_checked"":132323328}"
   3140608,         0,         0,   115.8,decoder_by_matrix,e9839e3017c9ef118c4b8aeafef39e78c11ecbdb89764e9ca676a7dc2fb6d062,"{""distance"":3,""physical_error_rate"":1e-06}","{""detection_events"":432,""detectors_checked"":169592832}"
   2429952,         1,         0,   116.0,decoder_by_matrix,e25b8d07214a8afb95d354611a83b9bb1ded39644e323a8585b3aabf687a4fff,"{""distance"":3,""physical_error_rate"":1e-05}","{""detection_events"":3885,""detectors_checked"":131217408,""obs_mistake_mask=E"":1}"
   2775040,         0,         0,   116.2,decoder_by_matrix,560c721f87db01d4cacf7dcb7d8812fecde61e9e7776d4b9e1b1a792578ecad7,"{""distance"":3,""physical_error_rate"":5e-06}","{""detection_events"":2055,""detectors_checked"":149852160}"
   1296384,         2,         0,   118.1,decoder_by_matrix,beec9fd12293a9cfe53c9b61fb8ce2a525e4eed38fa75d132d6dc64699336876,"{""distance"":3,""physical_error_rate"":0.0001}","{""detection_events"":18966,""detectors_checked"":70004736,""obs_mistake_mask=E"":2}"
   1303552,         0,         0,   118.1,decoder_by_matrix,beec9fd12293a9cfe53c9b61fb8ce2a525e4eed38fa75d132d6dc64699336876,"{""distance"":3,""physical_error_rate"":0.0001}","{""detection_events"":18435,""detectors_checked"":70391808}"
   1527808,         0,         0,   118.4,decoder_by_matrix,36e3cd26fed5ec7649ec51fb08c1a5e7d7f30e615782d954fee045c18a4962ca,"{""distance"":3,""physical_error_rate"":5e-05}","{""detection_events"":11820,""detectors_checked"":82501632}"
   1162240,        15,         0,   118.2,decoder_by_matrix,5c8c81bfec719079c388cedc47a351f264c1bf769ae28a89f9b4fc7719fea501,"{""distance"":3,""physical_error_rate"":0.0005}","{""detection_events"":84300,""detectors_checked"":62760960,""obs_mistake_mask=E"":15}"
   2497536,         0,         0,   115.0,decoder_by_matrix,e25b8d07214a8afb95d354611a83b9bb1ded39644e323a8585b3aabf687a4fff,"{""distance"":3,""physical_error_rate"":1e-05}","{""detection_events"":3306,""detectors_checked"":134866944}"
   1161216,        19,         0,   117.2,decoder_by_matrix,5c8c81bfec719079c388cedc47a351f264c1bf769ae28a89f9b4fc7719fea501,"{""distance"":3,""physical_error_rate"":0.0005}","{""detection_events"":85083,""detectors_checked"":62705664,""obs_mistake_mask=E"":19}"
   2710528,         0,         0,   115.2,decoder_by_matrix,560c721f87db01d4cacf7dcb7d8812fecde61e9e7776d4b9e1b1a792578ecad7,"{""distance"":3,""physical_error_rate"":5e-06}","{""detection_events"":2214,""detectors_checked"":146368512}"
   3131392,         0,         0,   116.0,decoder_by_matrix,e9839e3017c9ef118c4b8aeafef39e78c11ecbdb89764e9ca676a7dc2fb6d062,"{""distance"":3,""physical_error_rate"":1e-06}","{""detection_events"":465,""detectors_checked"":169095168}"
   1309696,         0,         0,   118.3,decoder_by_matrix,beec9fd12293a9cfe53c9b61fb8ce2a525e4eed38fa75d132d6dc64699336876,"{""distance"":3,""physical_error_rate"":0.0001}","{""detection_events"":18468,""detectors_checked"":70723584}"
   2450432,         0,         0,   117.6,decoder_by_matrix,e25b8d07214a8afb95d354611a83b9bb1ded39644e323a8585b3aabf687a4fff,"{""distance"":3,""physical_error_rate"":1e-05}","{""detection_events"":3804,""detectors_checked"":132323328}"
   1292288,         1,         0,   117.7,decoder_by_matrix,beec9fd12293a9cfe53c9b61fb8ce2a525e4eed38fa75d132d6dc64699336876,"{""distance"":3,""physical_error_rate"":0.0001}","{""detection_events"":18924,""detectors_checked"":69783552,""obs_mistake_mask=E"":1}"
   3121152,         0,         0,   116.5,decoder_by_matrix,e9839e3017c9ef118c4b8aeafef39e78c11ecbdb89764e9ca676a7dc2fb6d062,"{""distance"":3,""physical_error_rate"":1e-06}","{""detection_events"":486,""detectors_checked"":168542208}"
   2477056,         0,         0,   116.4,decoder_by_matrix,e25b8d07214a8afb95d354611a83b9bb1ded39644e323a8585b3aabf687a4fff,"{""distance"":3,""physical_error_rate"":1e-05}","{""detection_events"":3606,""detectors_checked"":133761024}"
   1289216,         0,         0,   115.5,decoder_by_matrix,beec9fd12293a9cfe53c9b61fb8ce2a525e4eed38fa75d132d6dc64699336876,"{""distance"":3,""physical_error_rate"":0.0001}","{""detection_events"":18276,""detectors_checked"":69617664}"
   2772992,         0,         0,   114.6,decoder_by_matrix,560c721f87db01d4cacf7dcb7d8812fecde61e9e7776d4b9e1b1a792578ecad7,"{""distance"":3,""physical_error_rate"":5e-06}","{""detection_events"":2166,""detectors_checked"":149741568}"
   1523712,         0,         0,   115.2,decoder_by_matrix,36e3cd26fed5ec7649ec51fb08c1a5e7d7f30e615782d954fee045c18a4962ca,"{""distance"":3,""physical_error_rate"":5e-05}","{""detection_events"":11505,""detectors_checked"":82280448}"
   1170432,        21,         0,   116.6,decoder_by_matrix,5c8c81bfec719079c388cedc47a351f264c1bf769ae28a89f9b4fc7719fea501,"{""distance"":3,""physical_error_rate"":0.0005}","{""detection_events"":85668,""detectors_checked"":63203328,""obs_mistake_mask=E"":21}"
   3147776,         0,         0,   113.9,decoder_by_matrix,e9839e3017c9ef118c4b8aeafef39e78c11ecbdb89764e9ca676a7dc2fb6d062,"{""distance"":3,""physical_error_rate"":1e-06}","{""detection_events"":402,""detectors_checked"":169979904}"
   1291264,         1,         0,   117.9,decoder_by_matrix,beec9fd12293a9cfe53c9b61fb8ce2a525e4eed38fa75d132d6dc64699336876,"{""distance"":3,""physical_error_rate"":0.0001}","{""detection_events"":18828,""detectors_checked"":69728256,""obs_mistake_mask=E"":1}"
   1516544,         0,         0,   117.8,decoder_by_matrix,36e3cd26fed5ec7649ec51fb08c1a5e7d7f30e615782d954fee045c18a4962ca,"{""distance"":3,""physical_error_rate"":5e-05}","{""detection_events"":11328,""detectors_checked"":81893376}"
   2473984,         0,         0,   115.0,decoder_by_matrix,e25b8d07214a8afb95d354611a83b9bb1ded39644e323a8585b3aabf687a4fff,"{""distance"":3,""physical_error_rate"":1e-05}","{""detection_events"":3390,""detectors_checked"":133595136}"
   1301504,         0,         0,   116.2,decoder_by_matrix,beec9fd12293a9cfe53c9b61fb8ce2a525e4eed38fa75d132d6dc64699336876,"{""distance"":3,""physical_error_rate"":0.0001}","{""detection_events"":18177,""detectors_checked"":70281216}"
   2784256,         0,         0,   115.7,decoder_by_matrix,560c721f87db01d4cacf7dcb7d8812fecde61e9e7776d4b9e1b1a792578ecad7,"{""distance"":3,""physical_error_rate"":5e-06}","{""detection_events"":2148,""detectors_checked"":150349824}"
   3123200,         0,         0,   115.1,decoder_by_matrix,e9839e3017c9ef118c4b8aeafef39e78c11ecbdb89764e9ca676a7dc2fb6d062,"{""distance"":3,""physical_error_rate"":1e-06}","{""detection_events"":504,""detectors_checked"":168652800}"
   1532928,         0,         0,   116.9,decoder_by_matrix,36e3cd26fed5ec7649ec51fb08c1a5e7d7f30e615782d954fee045c18a4962ca,"{""distance"":3,""physical_error_rate"":5e-05}","{""detection_events"":11679,""detectors_checked"":82778112}"
   1163264,        23,         0,   117.1,decoder_by_matrix,5c8c81bfec719079c388cedc47a351f264c1bf769ae28a89f9b4fc7719fea501,"{""distance"":3,""physical_error_rate"":0.0005}","{""detection_events"":85500,""detectors_checked"":62816256,""obs_mistake_mask=E"":23}"
   2418688,         0,         0,   116.9,decoder_by_matrix,e25b8d07214a8afb95d354611a83b9bb1ded39644e323a8585b3aabf687a4fff,"{""distance"":3,""physical_error_rate"":1e-05}","{""detection_events"":3744,""detectors_checked"":130609152}"
   2802688,         0,         0,   116.4,decoder_by_matrix,560c721f87db01d4cacf7dcb7d8812fecde61e9e7776d4b9e1b1a792578ecad7,"{""distance"":3,""physical_error_rate"":5e-06}","{""detection_events"":1884,""detectors_checked"":151345152}"
   1298432,         1,         0,   116.4,decoder_by_matrix,beec9fd12293a9cfe53c9b61fb8ce2a525e4eed38fa75d132d6dc64699336876,"{""distance"":3,""physical_error_rate"":0.0001}","{""detection_events"":19542,""detectors_checked"":70115328,""obs_mistake_mask=E"":1}"
   1160192,        24,         0,   117.6,decoder_by_matrix,5c8c81bfec719079c388cedc47a351f264c1bf769ae28a89f9b4fc7719fea501,"{""distance"":3,""physical_error_rate"":0.0005}","{""detection_events"":85566,""detectors_checked"":62650368,""obs_mistake_mask=E"":24}"
   2469888,         0,         0,   116.5,decoder_by_matrix,e25b8d07214a8afb95d354611a83b9bb1ded39644e323a8585b3aabf687a4fff,"{""distance"":3,""physical_error_rate"":1e-05}","{""detection_events"":3669,""detectors_checked"":133373952}"
   1305600,         0,         0,   118.2,decoder_by_matrix,beec9fd12293a9cfe53c9b61fb8ce2a525e4eed38fa75d132d6dc64699336876,"{""distance"":3,""physical_error_rate"":0.0001}","{""detection_events"":19092,""detectors_checked"":70502400}"
   1162240,        21,         0,   117.9,decoder_by_matrix,5c8c81bfec719079c388cedc47a351f264c1bf769ae28a89f9b4fc7719fea501,"{""distance"":3,""physical_error_rate"":0.0005}","{""detection_events"":84603,""detectors_checked"":62760960,""obs_mistake_mask=E"":21}"
   3125248,         0,         0,   113.7,decoder_by_matrix,e9839e3017c9ef118c4b8aeafef39e78c11ecbdb89764e9ca676a7dc2fb6d062,"{""distance"":3,""physical_error_rate"":1e-06}","{""detection_events"":549,""detectors_checked"":168763392}"
   1542144,         0,         0,   117.3,decoder_by_matrix,36e3cd26fed5ec7649ec51fb08c1a5e7d7f30e615782d954fee045c18a4962ca,"{""distance"":3,""physical_error_rate"":5e-05}","{""detection_events"":11580,""detectors_checked"":83275776}"
   1563648,         1,         0,   117.5,decoder_by_matrix,36e3cd26fed5ec7649ec51fb08c1a5e7d7f30e615782d954fee045c18a4962ca,"{""distance"":3,""physical_error_rate"":5e-05}","{""detection_events"":11202,""detectors_checked"":84436992,""obs_mistake_mask=E"":1}"
   1489920,         0,         0,   118.6,decoder_by_matrix,36e3cd26fed5ec7649ec51fb08c1a5e7d7f30e615782d954fee045c18a4962ca,"{""distance"":3,""physical_error_rate"":5e-05}","{""detection_events"":11346,""detectors_checked"":80455680}"
   1299456,         1,         0,   117.9,decoder_by_matrix,beec9fd12293a9cfe53c9b61fb8ce2a525e4eed38fa75d132d6dc64699336876,"{""distance"":3,""physical_error_rate"":0.0001}","{""detection_events"":19626,""detectors_checked"":70170624,""obs_mistake_mask=E"":1}"
   2451456,         0,         0,   117.0,decoder_by_matrix,e25b8d07214a8afb95d354611a83b9bb1ded39644e323a8585b3aabf687a4fff,"{""distance"":3,""physical_error_rate"":1e-05}","{""detection_events"":3669,""detectors_checked"":132378624}"
   1164288,        17,         0,   115.7,decoder_by_matrix,5c8c81bfec719079c388cedc47a351f264c1bf769ae28a89f9b4fc7719fea501,"{""distance"":3,""physical_error_rate"":0.0005}","{""detection_events"":84468,""detectors_checked"":62871552,""obs_mistake_mask=E"":17}"
   1567744,         0,         0,   117.7,decoder_by_matrix,36e3cd26fed5ec7649ec51fb08c1a5e7d7f30e615782d954fee045c18a4962ca,"{""distance"":3,""physical_error_rate"":5e-05}","{""detection_events"":11388,""detectors_checked"":84658176}"
   2764800,         0,         0,   116.5,decoder_by_matrix,560c721f87db01d4cacf7dcb7d8812fecde61e9e7776d4b9e1b1a792578ecad7,"{""distance"":3,""physical_error_rate"":5e-06}","{""detection_events"":2106,""detectors_checked"":149299200}"
   1168384,        19,         0,   117.6,decoder_by_matrix,5c8c81bfec719079c388cedc47a351f264c1bf769ae28a89f9b4fc7719fea501,"{""distance"":3,""physical_error_rate"":0.0005}","{""detection_events"":85995,""detectors_checked"":63092736,""obs_mistake_mask=E"":19}"
   1533952,         0,         0,   117.9,decoder_by_matrix,36e3cd26fed5ec7649ec51fb08c1a5e7d7f30e615782d954fee045c18a4962ca,"{""distance"":3,""physical_error_rate"":5e-05}","{""detection_events"":11526,""detectors_checked"":82833408}"
   3119104,         0,         0,   115.0,decoder_by_matrix,e9839e3017c9ef118c4b8aeafef39e78c11ecbdb89764e9ca676a7dc2fb6d062,"{""distance"":3,""physical_error_rate"":1e-06}","{""detection_events"":549,""detectors_checked"":168431616}"
   3113984,         0,         0,   114.2,decoder_by_matrix,e9839e3017c9ef118c4b8aeafef39e78c11ecbdb89764e9ca676a7dc2fb6d062,"{""distance"":3,""physical_error_rate"":1e-06}","{""detection_events"":594,""detectors_checked"":168155136}"
   2446336,         0,         0,   115.2,decoder_by_matrix,e25b8d07214a8afb95d354611a83b9bb1ded39644e323a8585b3aabf687a4fff,"{""distance"":3,""physical_error_rate"":1e-05}","{""detection_events"":3714,""detectors_checked"":132102144}"
   2726912,         0,         0,   115.0,decoder_by_matrix,560c721f87db01d4cacf7dcb7d8812fecde61e9e7776d4b9e1b1a792578ecad7,"{""distance"":3,""physical_error_rate"":5e-06}","{""detection_events"":2220,""detectors_checked"":147253248}"
   2782208,         0,         0,   114.8,decoder_by_matrix,560c721f87db01d4cacf7dcb7d8812fecde61e9e7776d4b9e1b1a792578ecad7,"{""distance"":3,""physical_error_rate"":5e-06}","{""detection_events"":2019,""detectors_checked"":150239232}"
   2795520,         0,         0,   114.7,decoder_by_matrix,560c721f87db01d4cacf7dcb7d8812fecde61e9e7776d4b9e1b1a792578ecad7,"{""distance"":3,""physical_error_rate"":5e-06}","{""detection_events"":1920,""detectors_checked"":150958080}"
   1162240,        22,         0,   117.4,decoder_by_matrix,5c8c81bfec719079c388cedc47a351f264c1bf769ae28a89f9b4fc7719fea501,"{""distance"":3,""physical_error_rate"":0.0005}","{""detection_events"":85422,""detectors_checked"":62760960,""obs_mistake_mask=E"":22}"
   1166336,        16,         0,   118.1,decoder_by_matrix,5c8c81bfec719079c388cedc47a351f264c1bf769ae28a89f9b4fc7719fea501,"{""distance"":3,""physical_error_rate"":0.0005}","{""detection_events"":85329,""detectors_checked"":62982144,""obs_mistake_mask=E"":16}"
   2777088,         0,         0,   114.4,decoder_by_matrix,560c721f87db01d4cacf7dcb7d8812fecde61e9e7776d4b9e1b1a792578ecad7,"{""distance"":3,""physical_error_rate"":5e-06}","{""detection_events"":1956,""detectors_checked"":149962752}"
   2460672,         0,         0,   115.0,decoder_by_matrix,e25b8d07214a8afb95d354611a83b9bb1ded39644e323a8585b3aabf687a4fff,"{""distance"":3,""physical_error_rate"":1e-05}","{""detection_events"":3693,""detectors_checked"":132876288}"
   1524736,         2,         0,   117.6,decoder_by_matrix,36e3cd26fed5ec7649ec51fb08c1a5e7d7f30e615782d954fee045c18a4962ca,"{""distance"":3,""physical_error_rate"":5e-05}","{""detection_events"":11379,""detectors_checked"":82335744,""obs_mistake_mask=E"":2}"
   1284096,         1,         0,   116.9,decoder_by_matrix,beec9fd12293a9cfe53c9b61fb8ce2a525e4eed38fa75d132d6dc64699336876,"{""distance"":3,""physical_error_rate"":0.0001}","{""detection_events"":18933,""detectors_checked"":69341184,""obs_mistake_mask=E"":1}"
   1579008,         0,         0,   116.7,decoder_by_matrix,36e3cd26fed5ec7649ec51fb08c1a5e7d7f30e615782d954fee045c18a4962ca,"{""distance"":3,""physical_error_rate"":5e-05}","{""detection_events"":11103,""detectors_checked"":85266432}"
   1169408,        19,         0,   117.8,decoder_by_matrix,5c8c81bfec719079c388cedc47a351f264c1bf769ae28a89f9b4fc7719fea501,"{""distance"":3,""physical_error_rate"":0.0005}","{""detection_events"":82770,""detectors_checked"":63148032,""obs_mistake_mask=E"":19}"
   3159040,         0,         0,   114.6,decoder_by_matrix,e9839e3017c9ef118c4b8aeafef39e78c11ecbdb89764e9ca676a7dc2fb6d062,"{""distance"":3,""physical_error_rate"":1e-06}","{""detection_events"":327,""detectors_checked"":170588160}"
   3158016,         0,         0,   114.6,decoder_by_matrix,e9839e3017c9ef118c4b8aeafef39e78c11ecbdb89764e9ca676a7dc2fb6d062,"{""distance"":3,""physical_error_rate"":1e-06}","{""detection_events"":399,""detectors_checked"":170532864}"
   2465792,         0,         0,   115.6,decoder_by_matrix,e25b8d07214a8afb95d354611a83b9bb1ded39644e323a8585b3aabf687a4fff,"{""distance"":3,""physical_error_rate"":1e-05}","{""detection_events"":3531,""detectors_checked"":133152768}"
   3129344,         0,         0,   114.7,decoder_by_matrix,e9839e3017c9ef118c4b8aeafef39e78c11ecbdb89764e9ca676a7dc2fb6d062,"{""distance"":3,""physical_error_rate"":1e-06}","{""detection_events"":501,""detectors_checked"":168984576}"
   2433024,         0,         0,   116.1,decoder_by_matrix,e25b8d07214a8afb95d354611a83b9bb1ded39644e323a8585b3aabf687a4fff,"{""distance"":3,""physical_error_rate"":1e-05}","{""detection_events"":3639,""detectors_checked"":131383296}"
   2771968,         0,         0,   115.7,decoder_by_matrix,560c721f87db01d4cacf7dcb7d8812fecde61e9e7776d4b9e1b1a792578ecad7,"{""distance"":3,""physical_error_rate"":5e-06}","{""detection_events"":1986,""detectors_checked"":149686272}"
   1290240,         1,         0,   117.6,decoder_by_matrix,beec9fd12293a9cfe53c9b61fb8ce2a525e4eed38fa75d132d6dc64699336876,"{""distance"":3,""physical_error_rate"":0.0001}","{""detection_events"":19854,""detectors_checked"":69672960,""obs_mistake_mask=E"":1}"
   1584128,         0,         0,   116.3,decoder_by_matrix,36e3cd26fed5ec7649ec51fb08c1a5e7d7f30e615782d954fee045c18a4962ca,"{""distance"":3,""physical_error_rate"":5e-05}","{""detection_events"":10764,""detectors_checked"":85542912}"
   1161216,        20,         0,   116.9,decoder_by_matrix,5c8c81bfec719079c388cedc47a351f264c1bf769ae28a89f9b4fc7719fea501,"{""distance"":3,""physical_error_rate"":0.0005}","{""detection_events"":83613,""detectors_checked"":62705664,""obs_mistake_mask=E"":20}"
   1304576,         1,         0,   117.1,decoder_by_matrix,beec9fd12293a9cfe53c9b61fb8ce2a525e4eed38fa75d132d6dc64699336876,"{""distance"":3,""physical_error_rate"":0.0001}","{""detection_events"":19068,""detectors_checked"":70447104,""obs_mistake_mask=E"":1}"
   2491392,         0,         0,   114.1,decoder_by_matrix,e25b8d07214a8afb95d354611a83b9bb1ded39644e323a8585b3aabf687a4fff,"{""distance"":3,""physical_error_rate"":1e-05}","{""detection_events"":3495,""detectors_checked"":134535168}"
   1164288,        19,         0,   117.9,decoder_by_matrix,5c8c81bfec719079c388cedc47a351f264c1bf769ae28a89f9b4fc7719fea501,"{""distance"":3,""physical_error_rate"":0.0005}","{""detection_events"":84969,""detectors_checked"":62871552,""obs_mistake_mask=E"":19}"
   2727936,         0,         0,   115.5,decoder_by_matrix,560c721f87db01d4cacf7dcb7d8812fecde61e9e7776d4b9e1b1a792578ecad7,"{""distance"":3,""physical_error_rate"":5e-06}","{""detection_events"":2208,""detectors_checked"":147308544}"
   2481152,         0,         0,   114.9,decoder_by_matrix,e25b8d07214a8afb95d354611a83b9bb1ded39644e323a8585b3aabf687a4fff,"{""distance"":3,""physical_error_rate"":1e-05}","{""detection_events"":3423,""detectors_checked"":133982208}"
   3141632,         0,         0,   114.5,decoder_by_matrix,e9839e3017c9ef118c4b8aeafef39e78c11ecbdb89764e9ca676a7dc2fb6d062,"{""distance"":3,""physical_error_rate"":1e-06}","{""detection_events"":417,""detectors_checked"":169648128}"
   1299456,         1,         0,   116.7,decoder_by_matrix,beec9fd12293a9cfe53c9b61fb8ce2a525e4eed38fa75d132d6dc64699336876,"{""distance"":3,""physical_error_rate"":0.0001}","{""detection_events"":19317,""detectors_checked"":70170624,""obs_mistake_mask=E"":1}"
   1299456,         1,         0,   116.8,decoder_by_matrix,beec9fd12293a9cfe53c9b61fb8ce2a525e4eed38fa75d132d6dc64699336876,"{""distance"":3,""physical_error_rate"":0.0001}","{""detection_events"":18840,""detectors_checked"":70170624,""obs_mistake_mask=E"":1}"
   1169408,        23,         0,   117.4,decoder_by_matrix,5c8c81bfec719079c388cedc47a351f264c1bf769ae28a89f9b4fc7719fea501,"{""distance"":3,""physical_error_rate"":0.0005}","{""detection_events"":84987,""detectors_checked"":63148032,""obs_mistake_mask=E"":23}"
   1306624,         1,         0,   116.8,decoder_by_matrix,beec9fd12293a9cfe53c9b61fb8ce2a525e4eed38fa75d132d6dc64699336876,"{""distance"":3,""physical_error_rate"":0.0001}","{""detection_events"":19257,""detectors_checked"":70557696,""obs_mistake_mask=E"":1}"
   2804736,         0,         0,   115.5,decoder_by_matrix,560c721f87db01d4cacf7dcb7d8812fecde61e9e7776d4b9e1b1a792578ecad7,"{""distance"":3,""physical_error_rate"":5e-06}","{""detection_events"":1917,""detectors_checked"":151455744}"
   3140608,         1,         0,   115.1,decoder_by_matrix,e9839e3017c9ef118c4b8aeafef39e78c11ecbdb89764e9ca676a7dc2fb6d062,"{""distance"":3,""physical_error_rate"":1e-06}","{""detection_events"":333,""detectors_checked"":169592832,""obs_mistake_mask=E"":1}"
   2466816,         0,         0,   117.1,decoder_by_matrix,e25b8d07214a8afb95d354611a83b9bb1ded39644e323a8585b3aabf687a4fff,"{""distance"":3,""physical_error_rate"":1e-05}","{""detection_events"":3483,""detectors_checked"":133208064}"
   1558528,         0,         0,   116.9,decoder_by_matrix,36e3cd26fed5ec7649ec51fb08c1a5e7d7f30e615782d954fee045c18a4962ca,"{""distance"":3,""physical_error_rate"":5e-05}","{""detection_events"":11202,""detectors_checked"":84160512}"
   1305600,         0,         0,   117.7,decoder_by_matrix,beec9fd12293a9cfe53c9b61fb8ce2a525e4eed38fa75d132d6dc64699336876,"{""distance"":3,""physical_error_rate"":0.0001}","{""detection_events"":18675,""detectors_checked"":70502400}"
   3119104,         0,         0,   114.0,decoder_by_matrix,e9839e3017c9ef118c4b8aeafef39e78c11ecbdb89764e9ca676a7dc2fb6d062,"{""distance"":3,""physical_error_rate"":1e-06}","{""detection_events"":567,""detectors_checked"":168431616}"
   1542144,         0,         0,   117.0,decoder_by_matrix,36e3cd26fed5ec7649ec51fb08c1a5e7d7f30e615782d954fee045c18a4962ca,"{""distance"":3,""physical_error_rate"":5e-05}","{""detection_events"":11016,""detectors_checked"":83275776}"
   2394908,         0,         0,    85.8,decoder_by_matrix,e9839e3017c9ef118c4b8aeafef39e78c11ecbdb89764e9ca676a7dc2fb6d062,"{""distance"":3,""physical_error_rate"":1e-06}","{""detection_events"":300,""detectors_checked"":129325032}"
   1297408,         2,         0,   116.7,decoder_by_matrix,beec9fd12293a9cfe53c9b61fb8ce2a525e4eed38fa75d132d6dc64699336876,"{""distance"":3,""physical_error_rate"":0.0001}","{""detection_events"":18936,""detectors_checked"":70060032,""obs_mistake_mask=E"":2}"
   2477056,         0,         0,   113.9,decoder_by_matrix,e25b8d07214a8afb95d354611a83b9bb1ded39644e323a8585b3aabf687a4fff,"{""distance"":3,""physical_error_rate"":1e-05}","{""detection_events"":3414,""detectors_checked"":133761024}"
   2771968,         0,         0,   116.8,decoder_by_matrix,560c721f87db01d4cacf7dcb7d8812fecde61e9e7776d4b9e1b1a792578ecad7,"{""distance"":3,""physical_error_rate"":5e-06}","{""detection_events"":2139,""detectors_checked"":149686272}"
   1538048,         1,         0,   117.1,decoder_by_matrix,36e3cd26fed5ec7649ec51fb08c1a5e7d7f30e615782d954fee045c18a4962ca,"{""distance"":3,""physical_error_rate"":5e-05}","{""detection_events"":11142,""detectors_checked"":83054592,""obs_mistake_mask=E"":1}"
   1162240,        22,         0,   118.3,decoder_by_matrix,5c8c81bfec719079c388cedc47a351f264c1bf769ae28a89f9b4fc7719fea501,"{""distance"":3,""physical_error_rate"":0.0005}","{""detection_events"":86130,""detectors_checked"":62760960,""obs_mistake_mask=E"":22}"
   2144433,         0,         0,    78.4,decoder_by_matrix,e9839e3017c9ef118c4b8aeafef39e78c11ecbdb89764e9ca676a7dc2fb6d062,"{""distance"":3,""physical_error_rate"":1e-06}","{""detection_events"":339,""detectors_checked"":115799382}"
   1929989,         0,         0,    70.9,decoder_by_matrix,e9839e3017c9ef118c4b8aeafef39e78c11ecbdb89764e9ca676a7dc2fb6d062,"{""distance"":3,""physical_error_rate"":1e-06}","{""detection_events"":270,""detectors_checked"":104219406}"
   1918976,         0,         0,    69.8,decoder_by_matrix,e9839e3017c9ef118c4b8aeafef39e78c11ecbdb89764e9ca676a7dc2fb6d062,"{""distance"":3,""physical_error_rate"":1e-06}","{""detection_events"":279,""detectors_checked"":103624704}"
   1760256,         0,         0,    64.7,decoder_by_matrix,e9839e3017c9ef118c4b8aeafef39e78c11ecbdb89764e9ca676a7dc2fb6d062,"{""distance"":3,""physical_error_rate"":1e-06}","{""detection_events"":264,""detectors_checked"":95053824}"
   1905664,         0,         0,    70.2,decoder_by_matrix,e9839e3017c9ef118c4b8aeafef39e78c11ecbdb89764e9ca676a7dc2fb6d062,"{""distance"":3,""physical_error_rate"":1e-06}","{""detection_events"":204,""detectors_checked"":102905856}"
   1869824,         0,         0,    69.5,decoder_by_matrix,e9839e3017c9ef118c4b8aeafef39e78c11ecbdb89764e9ca676a7dc2fb6d062,"{""distance"":3,""physical_error_rate"":1e-06}","{""detection_events"":165,""detectors_checked"":100970496}"
   1903616,         0,         0,    70.5,decoder_by_matrix,e9839e3017c9ef118c4b8aeafef39e78c11ecbdb89764e9ca676a7dc2fb6d062,"{""distance"":3,""physical_error_rate"":1e-06}","{""detection_events"":282,""detectors_checked"":102795264}"
   1858560,         0,         0,    67.7,decoder_by_matrix,e9839e3017c9ef118c4b8aeafef39e78c11ecbdb89764e9ca676a7dc2fb6d062,"{""distance"":3,""physical_error_rate"":1e-06}","{""detection_events"":240,""detectors_checked"":100362240}"
   1821696,         0,         0,    67.8,decoder_by_matrix,e9839e3017c9ef118c4b8aeafef39e78c11ecbdb89764e9ca676a7dc2fb6d062,"{""distance"":3,""physical_error_rate"":1e-06}","{""detection_events"":384,""detectors_checked"":98371584}"
   1922048,         0,         0,    69.4,decoder_by_matrix,e9839e3017c9ef118c4b8aeafef39e78c11ecbdb89764e9ca676a7dc2fb6d062,"{""distance"":3,""physical_error_rate"":1e-06}","{""detection_events"":168,""detectors_checked"":103790592}"
     11013,         0,         0,   0.270,decoder_by_matrix,e9839e3017c9ef118c4b8aeafef39e78c11ecbdb89764e9ca676a7dc2fb6d062,"{""distance"":3,""physical_error_rate"":1e-06}","{""detectors_checked"":594702}"
      7941,         0,         0,   0.207,decoder_by_matrix,e9839e3017c9ef118c4b8aeafef39e78c11ecbdb89764e9ca676a7dc2fb6d062,"{""distance"":3,""physical_error_rate"":1e-06}","{""detectors_checked"":428814}"
    239825,         0,         0,    8.44,decoder_by_matrix,e9839e3017c9ef118c4b8aeafef39e78c11ecbdb89764e9ca676a7dc2fb6d062,"{""distance"":3,""physical_error_rate"":1e-06}","{""detection_events"":9,""detectors_checked"":12950550}"
    215049,         0,         0,    7.41,decoder_by_matrix,e9839e3017c9ef118c4b8aeafef39e78c11ecbdb89764e9ca676a7dc2fb6d062,"{""distance"":3,""physical_error_rate"":1e-06}","{""detection_events"":15,""detectors_checked"":11612646}"
    196608,         0,         0,    6.43,decoder_by_matrix,e9839e3017c9ef118c4b8aeafef39e78c11ecbdb89764e9ca676a7dc2fb6d062,"{""distance"":3,""physical_error_rate"":1e-06}","{""detection_events"":24,""detectors_checked"":10616832}"
    203776,         0,         0,    7.48,decoder_by_matrix,e9839e3017c9ef118c4b8aeafef39e78c11ecbdb89764e9ca676a7dc2fb6d062,"{""distance"":3,""physical_error_rate"":1e-06}","{""detection_events"":30,""detectors_checked"":11003904}"
    209920,         0,         0,    7.29,decoder_by_matrix,e9839e3017c9ef118c4b8aeafef39e78c11ecbdb89764e9ca676a7dc2fb6d062,"{""distance"":3,""physical_error_rate"":1e-06}","{""detection_events"":9,""detectors_checked"":11335680}"
    206848,         0,         0,    7.55,decoder_by_matrix,e9839e3017c9ef118c4b8aeafef39e78c11ecbdb89764e9ca676a7dc2fb6d062,"{""distance"":3,""physical_error_rate"":1e-06}","{""detection_events"":27,""detectors_checked"":11169792}"
    208896,         0,         0,    7.57,decoder_by_matrix,e9839e3017c9ef118c4b8aeafef39e78c11ecbdb89764e9ca676a7dc2fb6d062,"{""distance"":3,""physical_error_rate"":1e-06}","{""detection_events"":12,""detectors_checked"":11280384}"
    209920,         0,         0,    7.59,decoder_by_matrix,e9839e3017c9ef118c4b8aeafef39e78c11ecbdb89764e9ca676a7dc2fb6d062,"{""distance"":3,""physical_error_rate"":1e-06}","{""detection_events"":24,""detectors_checked"":11335680}"
      5129,         0,         0,   0.003,decoder_by_matrix,e9839e3017c9ef118c4b8aeafef39e78c11ecbdb89764e9ca676a7dc2fb6d062,"{""distance"":3,""physical_error_rate"":1e-06}","{""detectors_checked"":276966}"
      6153,         0,         0,   0.003,decoder_by_matrix,e9839e3017c9ef118c4b8aeafef39e78c11ecbdb89764e9ca676a7dc2fb6d062,"{""distance"":3,""physical_error_rate"":1e-06}","{""detectors_checked"":332262}"
      5129,         0,         0,   0.003,decoder_by_matrix,e9839e3017c9ef118c4b8aeafef39e78c11ecbdb89764e9ca676a7dc2fb6d062,"{""distance"":3,""physical_error_rate"":1e-06}","{""detectors_checked"":276966}"
    211968,         0,         0,    7.40,decoder_by_matrix,e9839e3017c9ef118c4b8aeafef39e78c11ecbdb89764e9ca676a7dc2fb6d062,"{""distance"":3,""physical_error_rate"":1e-06}","{""detection_events"":30,""detectors_checked"":11446272}"
    203776,         0,         0,    7.67,decoder_by_matrix,e9839e3017c9ef118c4b8aeafef39e78c11ecbdb89764e9ca676a7dc2fb6d062,"{""distance"":3,""physical_error_rate"":1e-06}","{""detection_events"":6,""detectors_checked"":11003904}"
     94208,         0,         0,    3.34,decoder_by_matrix,e9839e3017c9ef118c4b8aeafef39e78c11ecbdb89764e9ca676a7dc2fb6d062,"{""distance"":3,""physical_error_rate"":1e-06}","{""detection_events"":3,""detectors_checked"":5087232}"
     11273,         0,         0,   0.167,decoder_by_matrix,e9839e3017c9ef118c4b8aeafef39e78c11ecbdb89764e9ca676a7dc2fb6d062,"{""distance"":3,""physical_error_rate"":1e-06}","{""detectors_checked"":608742}"
      8201,         0,         0,   0.195,decoder_by_matrix,e9839e3017c9ef118c4b8aeafef39e78c11ecbdb89764e9ca676a7dc2fb6d062,"{""distance"":3,""physical_error_rate"":1e-06}","{""detectors_checked"":442854}"
       714,         0,         0,   0.001,decoder_by_matrix,e9839e3017c9ef118c4b8aeafef39e78c11ecbdb89764e9ca676a7dc2fb6d062,"{""distance"":3,""physical_error_rate"":1e-06}","{""detectors_checked"":38556}"
     17311,         0,         0,   0.393,decoder_by_matrix,e9839e3017c9ef118c4b8aeafef39e78c11ecbdb89764e9ca676a7dc2fb6d062,"{""distance"":3,""physical_error_rate"":1e-06}","{""detectors_checked"":934794}"
      5168,         0,         0,   0.003,decoder_by_matrix,e9839e3017c9ef118c4b8aeafef39e78c11ecbdb89764e9ca676a7dc2fb6d062,"{""distance"":3,""physical_error_rate"":1e-06}","{""detectors_checked"":279072}"
     17311,         0,         0,   0.452,decoder_by_matrix,e9839e3017c9ef118c4b8aeafef39e78c11ecbdb89764e9ca676a7dc2fb6d062,"{""distance"":3,""physical_error_rate"":1e-06}","{""detectors_checked"":934794}"
      9110,         0,         0,   0.241,decoder_by_matrix,e9839e3017c9ef118c4b8aeafef39e78c11ecbdb89764e9ca676a7dc2fb6d062,"{""distance"":3,""physical_error_rate"":1e-06}","{""detectors_checked"":491940}"
      6204,         0,         0,   0.003,decoder_by_matrix,e9839e3017c9ef118c4b8aeafef39e78c11ecbdb89764e9ca676a7dc2fb6d062,"{""distance"":3,""physical_error_rate"":1e-06}","{""detectors_checked"":335016}"
     14336,         0,         0,   0.398,decoder_by_matrix,e9839e3017c9ef118c4b8aeafef39e78c11ecbdb89764e9ca676a7dc2fb6d062,"{""distance"":3,""physical_error_rate"":1e-06}","{""detectors_checked"":774144}"
      4038,         0,         0,   0.002,decoder_by_matrix,e9839e3017c9ef118c4b8aeafef39e78c11ecbdb89764e9ca676a7dc2fb6d062,"{""distance"":3,""physical_error_rate"":1e-06}","{""detectors_checked"":218052}"
     13561,         0,         0,   0.159,decoder_by_matrix,e9839e3017c9ef118c4b8aeafef39e78c11ecbdb89764e9ca676a7dc2fb6d062,"{""distance"":3,""physical_error_rate"":1e-06}","{""detectors_checked"":732294}"
      2019,         0,         0,   0.001,decoder_by_matrix,e9839e3017c9ef118c4b8aeafef39e78c11ecbdb89764e9ca676a7dc2fb6d062,"{""distance"":3,""physical_error_rate"":1e-06}","{""detectors_checked"":109026}"
     14336,         0,         0,   0.469,decoder_by_matrix,e9839e3017c9ef118c4b8aeafef39e78c11ecbdb89764e9ca676a7dc2fb6d062,"{""distance"":3,""physical_error_rate"":1e-06}","{""detectors_checked"":774144}"
     14336,         0,         0,   0.462,decoder_by_matrix,e9839e3017c9ef118c4b8aeafef39e78c11ecbdb89764e9ca676a7dc2fb6d062,"{""distance"":3,""physical_error_rate"":1e-06}","{""detectors_checked"":774144}"
     14336,         0,         0,   0.458,decoder_by_matrix,e9839e3017c9ef118c4b8aeafef39e78c11ecbdb89764e9ca676a7dc2fb6d062,"{""distance"":3,""physical_error_rate"":1e-06}","{""detectors_checked"":774144}"
     14336,         0,         0,   0.466,decoder_by_matrix,e9839e3017c9ef118c4b8aeafef39e78c11ecbdb89764e9ca676a7dc2fb6d062,"{""distance"":3,""physical_error_rate"":1e-06}","{""detectors_checked"":774144}"
       652,         0,         0,   0.001,decoder_by_matrix,e9839e3017c9ef118c4b8aeafef39e78c11ecbdb89764e9ca676a7dc2fb6d062,"{""distance"":3,""physical_error_rate"":1e-06}","{""detectors_checked"":35208}"
       652,         0,         0,   0.000,decoder_by_matrix,e9839e3017c9ef118c4b8aeafef39e78c11ecbdb89764e9ca676a7dc2fb6d062,"{""distance"":3,""physical_error_rate"":1e-06}","{""detectors_checked"":35208}"
       304,         0,         0,   0.000,decoder_by_matrix,e9839e3017c9ef118c4b8aeafef39e78c11ecbdb89764e9ca676a7dc2fb6d062,"{""distance"":3,""physical_error_rate"":1e-06}","{""detectors_checked"":16416}"
       652,         0,         0,   0.000,decoder_by_matrix,e9839e3017c9ef118c4b8aeafef39e78c11ecbdb89764e9ca676a7dc2fb6d062,"{""distance"":3,""physical_error_rate"":1e-06}","{""detectors_checked"":35208}"
       652,         0,         0,   0.000,decoder_by_matrix,e9839e3017c9ef118c4b8aeafef39e78c11ecbdb89764e9ca676a7dc2fb6d062,"{""distance"":3,""physical_error_rate"":1e-06}","{""detectors_checked"":35208}"
       652,         0,         0,   0.000,decoder_by_matrix,e9839e3017c9ef118c4b8aeafef39e78c11ecbdb89764e9ca676a7dc2fb6d062,"{""distance"":3,""physical_error_rate"":1e-06}","{""detectors_checked"":35208}"
       586,         0,         0,   0.000,decoder_by_matrix,e9839e3017c9ef118c4b8aeafef39e78c11ecbdb89764e9ca676a7dc2fb6d062,"{""distance"":3,""physical_error_rate"":1e-06}","{""detectors_checked"":31644}"
       304,         0,         0,   0.000,decoder_by_matrix,e9839e3017c9ef118c4b8aeafef39e78c11ecbdb89764e9ca676a7dc2fb6d062,"{""distance"":3,""physical_error_rate"":1e-06}","{""detectors_checked"":16416}"
       206,         0,         0,   0.000,decoder_by_matrix,e9839e3017c9ef118c4b8aeafef39e78c11ecbdb89764e9ca676a7dc2fb6d062,"{""distance"":3,""physical_error_rate"":1e-06}","{""detectors_checked"":11124}"
       521,         0,         0,   0.000,decoder_by_matrix,e9839e3017c9ef118c4b8aeafef39e78c11ecbdb89764e9ca676a7dc2fb6d062,"{""distance"":3,""physical_error_rate"":1e-06}","{""detectors_checked"":28134}"
       491,         0,         0,   0.000,decoder_by_matrix,e9839e3017c9ef118c4b8aeafef39e78c11ecbdb89764e9ca676a7dc2fb6d062,"{""distance"":3,""physical_error_rate"":1e-06}","{""detectors_checked"":26514}"
       304,         0,         0,   0.000,decoder_by_matrix,e9839e3017c9ef118c4b8aeafef39e78c11ecbdb89764e9ca676a7dc2fb6d062,"{""distance"":3,""physical_error_rate"":1e-06}","{""detectors_checked"":16416}"
       304,         0,         0,   0.000,decoder_by_matrix,e9839e3017c9ef118c4b8aeafef39e78c11ecbdb89764e9ca676a7dc2fb6d062,"{""distance"":3,""physical_error_rate"":1e-06}","{""detectors_checked"":16416}"
        66,         0,         0,   0.000,decoder_by_matrix,e9839e3017c9ef118c4b8aeafef39e78c11ecbdb89764e9ca676a7dc2fb6d062,"{""distance"":3,""physical_error_rate"":1e-06}","{""detectors_checked"":3564}"
        98,         0,         0,   0.000,decoder_by_matrix,e9839e3017c9ef118c4b8aeafef39e78c11ecbdb89764e9ca676a7dc2fb6d062,"{""distance"":3,""physical_error_rate"":1e-06}","{""detectors_checked"":5292}"
         7,         0,         0,   0.000,decoder_by_matrix,e9839e3017c9ef118c4b8aeafef39e78c11ecbdb89764e9ca676a7dc2fb6d062,"{""distance"":3,""physical_error_rate"":1e-06}","{""detectors_checked"":378}"
         6,         0,         0,   0.000,decoder_by_matrix,e9839e3017c9ef118c4b8aeafef39e78c11ecbdb89764e9ca676a7dc2fb6d062,"{""distance"":3,""physical_error_rate"":1e-06}","{""detectors_checked"":324}"
         6,         0,         0,   0.000,decoder_by_matrix,e9839e3017c9ef118c4b8aeafef39e78c11ecbdb89764e9ca676a7dc2fb6d062,"{""distance"":3,""physical_error_rate"":1e-06}","{""detectors_checked"":324}"
         7,         0,         0,   0.000,decoder_by_matrix,e9839e3017c9ef118c4b8aeafef39e78c11ecbdb89764e9ca676a7dc2fb6d062,"{""distance"":3,""physical_error_rate"":1e-06}","{""detectors_checked"":378}"
         7,         0,         0,   0.000,decoder_by_matrix,e9839e3017c9ef118c4b8aeafef39e78c11ecbdb89764e9ca676a7dc2fb6d062,"{""distance"":3,""physical_error_rate"":1e-06}","{""detectors_checked"":378}"
         7,         0,         0,   0.000,decoder_by_matrix,e9839e3017c9ef118c4b8aeafef39e78c11ecbdb89764e9ca676a7dc2fb6d062,"{""distance"":3,""physical_error_rate"":1e-06}","{""detectors_checked"":378}"
         6,         0,         0,   0.000,decoder_by_matrix,e9839e3017c9ef118c4b8aeafef39e78c11ecbdb89764e9ca676a7dc2fb6d062,"{""distance"":3,""physical_error_rate"":1e-06}","{""detectors_checked"":324}"
         7,         0,         0,   0.000,decoder_by_matrix,e9839e3017c9ef118c4b8aeafef39e78c11ecbdb89764e9ca676a7dc2fb6d062,"{""distance"":3,""physical_error_rate"":1e-06}","{""detectors_checked"":378}"
         4,         0,         0,   0.000,decoder_by_matrix,e9839e3017c9ef118c4b8aeafef39e78c11ecbdb89764e9ca676a7dc2fb6d062,"{""distance"":3,""physical_error_rate"":1e-06}","{""detectors_checked"":216}"
         1,         0,         0,   0.000,decoder_by_matrix,e9839e3017c9ef118c4b8aeafef39e78c11ecbdb89764e9ca676a7dc2fb6d062,"{""distance"":3,""physical_error_rate"":1e-06}","{""detectors_checked"":54}"
         1,         0,         0,   0.000,decoder_by_matrix,e9839e3017c9ef118c4b8aeafef39e78c11ecbdb89764e9ca676a7dc2fb6d062,"{""distance"":3,""physical_error_rate"":1e-06}","{""detectors_checked"":54}"
         7,         0,         0,   0.000,decoder_by_matrix,e9839e3017c9ef118c4b8aeafef39e78c11ecbdb89764e9ca676a7dc2fb6d062,"{""distance"":3,""physical_error_rate"":1e-06}","{""detectors_checked"":378}"
         1,         0,         0,   0.000,decoder_by_matrix,e9839e3017c9ef118c4b8aeafef39e78c11ecbdb89764e9ca676a7dc2fb6d062,"{""distance"":3,""physical_error_rate"":1e-06}","{""detectors_checked"":54}"
      5393,         0,         0,   0.010,decoder_by_matrix,5c8c81bfec719079c388cedc47a351f264c1bf769ae28a89f9b4fc7719fea501,"{""distance"":3,""physical_error_rate"":0.0005}","{""detection_events"":306,""detectors_checked"":291222}"
         1,         0,         0,   0.000,decoder_by_matrix,e25b8d07214a8afb95d354611a83b9bb1ded39644e323a8585b3aabf687a4fff,"{""distance"":3,""physical_error_rate"":1e-05}","{""detectors_checked"":54}"
         1,         0,         0,   0.000,decoder_by_matrix,560c721f87db01d4cacf7dcb7d8812fecde61e9e7776d4b9e1b1a792578ecad7,"{""distance"":3,""physical_error_rate"":5e-06}","{""detectors_checked"":54}"
         1,         0,         0,   0.000,decoder_by_matrix,e25b8d07214a8afb95d354611a83b9bb1ded39644e323a8585b3aabf687a4fff,"{""distance"":3,""physical_error_rate"":1e-05}","{""detectors_checked"":54}"
         1,         0,         0,   0.000,decoder_by_matrix,beec9fd12293a9cfe53c9b61fb8ce2a525e4eed38fa75d132d6dc64699336876,"{""distance"":3,""physical_error_rate"":0.0001}","{""detectors_checked"":54}"
         1,         0,         0,   0.000,decoder_by_matrix,5c8c81bfec719079c388cedc47a351f264c1bf769ae28a89f9b4fc7719fea501,"{""distance"":3,""physical_error_rate"":0.0005}","{""detectors_checked"":54}"
         1,         0,         0,   0.000,decoder_by_matrix,560c721f87db01d4cacf7dcb7d8812fecde61e9e7776d4b9e1b1a792578ecad7,"{""distance"":3,""physical_error_rate"":5e-06}","{""detectors_checked"":54}"
         1,         0,         0,   0.000,decoder_by_matrix,36e3cd26fed5ec7649ec51fb08c1a5e7d7f30e615782d954fee045c18a4962ca,"{""distance"":3,""physical_error_rate"":5e-05}","{""detectors_checked"":54}"
        16,         0,         0,   0.000,decoder_by_matrix,36e3cd26fed5ec7649ec51fb08c1a5e7d7f30e615782d954fee045c18a4962ca,"{""distance"":3,""physical_error_rate"":5e-05}","{""detectors_checked"":864}"
         1,         0,         0,   0.000,decoder_by_matrix,36e3cd26fed5ec7649ec51fb08c1a5e7d7f30e615782d954fee045c18a4962ca,"{""distance"":3,""physical_error_rate"":5e-05}","{""detectors_checked"":54}"
         1,         0,         0,   0.000,decoder_by_matrix,beec9fd12293a9cfe53c9b61fb8ce2a525e4eed38fa75d132d6dc64699336876,"{""distance"":3,""physical_error_rate"":0.0001}","{""detectors_checked"":54}"
      4368,         0,         0,   0.020,decoder_by_matrix,560c721f87db01d4cacf7dcb7d8812fecde61e9e7776d4b9e1b1a792578ecad7,"{""distance"":3,""physical_error_rate"":5e-06}","{""detectors_checked"":235872}"
      1024,         0,         0,   0.001,decoder_by_matrix,560c721f87db01d4cacf7dcb7d8812fecde61e9e7776d4b9e1b1a792578ecad7,"{""distance"":3,""physical_error_rate"":5e-06}","{""detectors_checked"":55296}"
      4368,         0,         0,   0.017,decoder_by_matrix,e25b8d07214a8afb95d354611a83b9bb1ded39644e323a8585b3aabf687a4fff,"{""distance"":3,""physical_error_rate"":1e-05}","{""detection_events"":6,""detectors_checked"":235872}"
      1024,         0,         0,   0.001,decoder_by_matrix,e25b8d07214a8afb95d354611a83b9bb1ded39644e323a8585b3aabf687a4fff,"{""distance"":3,""physical_error_rate"":1e-05}","{""detectors_checked"":55296}"
      3328,         0,         0,   0.021,decoder_by_matrix,36e3cd26fed5ec7649ec51fb08c1a5e7d7f30e615782d954fee045c18a4962ca,"{""distance"":3,""physical_error_rate"":5e-05}","{""detection_events"":33,""detectors_checked"":179712}"
      5392,         0,         0,   0.021,decoder_by_matrix,36e3cd26fed5ec7649ec51fb08c1a5e7d7f30e615782d954fee045c18a4962ca,"{""distance"":3,""physical_error_rate"":5e-05}","{""detection_events"":18,""detectors_checked"":291168}"
      3344,         0,         0,   0.021,decoder_by_matrix,beec9fd12293a9cfe53c9b61fb8ce2a525e4eed38fa75d132d6dc64699336876,"{""distance"":3,""physical_error_rate"":0.0001}","{""detection_events"":75,""detectors_checked"":180576}"
      4368,         0,         0,   0.015,decoder_by_matrix,beec9fd12293a9cfe53c9b61fb8ce2a525e4eed38fa75d132d6dc64699336876,"{""distance"":3,""physical_error_rate"":0.0001}","{""detection_events"":48,""detectors_checked"":235872}"
      1024,         0,         0,   0.001,decoder_by_matrix,beec9fd12293a9cfe53c9b61fb8ce2a525e4eed38fa75d132d6dc64699336876,"{""distance"":3,""physical_error_rate"":0.0001}","{""detectors_checked"":55296}"
      6416,         0,         0,   0.026,decoder_by_matrix,e25b8d07214a8afb95d354611a83b9bb1ded39644e323a8585b3aabf687a4fff,"{""distance"":3,""physical_error_rate"":1e-05}","{""detection_events"":30,""detectors_checked"":346464}"
      1024,         0,         0,   0.001,decoder_by_matrix,e25b8d07214a8afb95d354611a83b9bb1ded39644e323a8585b3aabf687a4fff,"{""distance"":3,""physical_error_rate"":1e-05}","{""detectors_checked"":55296}"
      4096,         0,         0,   0.028,decoder_by_matrix,e25b8d07214a8afb95d354611a83b9bb1ded39644e323a8585b3aabf687a4fff,"{""distance"":3,""physical_error_rate"":1e-05}","{""detection_events"":3,""detectors_checked"":221184}"
      4368,         1,         0,   0.018,decoder_by_matrix,5c8c81bfec719079c388cedc47a351f264c1bf769ae28a89f9b4fc7719fea501,"{""distance"":3,""physical_error_rate"":0.0005}","{""detection_events"":426,""detectors_checked"":235872,""obs_mistake_mask=E"":1}"
      1024,         1,         0,   0.002,decoder_by_matrix,5c8c81bfec719079c388cedc47a351f264c1bf769ae28a89f9b4fc7719fea501,"{""distance"":3,""physical_error_rate"":0.0005}","{""detection_events"":102,""detectors_checked"":55296,""obs_mistake_mask=E"":1}"
     10512,         0,         0,   0.014,decoder_by_matrix,560c721f87db01d4cacf7dcb7d8812fecde61e9e7776d4b9e1b1a792578ecad7,"{""distance"":3,""physical_error_rate"":5e-06}","{""detection_events"":6,""detectors_checked"":567648}"
      1024,         0,         0,   0.001,decoder_by_matrix,560c721f87db01d4cacf7dcb7d8812fecde61e9e7776d4b9e1b1a792578ecad7,"{""distance"":3,""physical_error_rate"":5e-06}","{""detectors_checked"":55296}"
      2048,         0,         0,   0.036,decoder_by_matrix,36e3cd26fed5ec7649ec51fb08c1a5e7d7f30e615782d954fee045c18a4962ca,"{""distance"":3,""physical_error_rate"":5e-05}","{""detection_events"":21,""detectors_checked"":110592}"
      3072,         0,         0,   0.036,decoder_by_matrix,36e3cd26fed5ec7649ec51fb08c1a5e7d7f30e615782d954fee045c18a4962ca,"{""distance"":3,""physical_error_rate"":5e-05}","{""detection_events"":21,""detectors_checked"":165888}"
      2048,         0,         0,   0.035,decoder_by_matrix,beec9fd12293a9cfe53c9b61fb8ce2a525e4eed38fa75d132d6dc64699336876,"{""distance"":3,""physical_error_rate"":0.0001}","{""detection_events"":63,""detectors_checked"":110592}"
      9216,         0,         0,   0.055,decoder_by_matrix,560c721f87db01d4cacf7dcb7d8812fecde61e9e7776d4b9e1b1a792578ecad7,"{""distance"":3,""physical_error_rate"":5e-06}","{""detection_events"":9,""detectors_checked"":497664}"
      3072,         0,         0,   0.040,decoder_by_matrix,beec9fd12293a9cfe53c9b61fb8ce2a525e4eed38fa75d132d6dc64699336876,"{""distance"":3,""physical_error_rate"":0.0001}","{""detection_events"":63,""detectors_checked"":165888}"
      6144,         0,         0,   0.046,decoder_by_matrix,e25b8d07214a8afb95d354611a83b9bb1ded39644e323a8585b3aabf687a4fff,"{""distance"":3,""physical_error_rate"":1e-05}","{""detectors_checked"":331776}"
      3072,         0,         0,   0.055,decoder_by_matrix,e25b8d07214a8afb95d354611a83b9bb1ded39644e323a8585b3aabf687a4fff,"{""distance"":3,""physical_error_rate"":1e-05}","{""detection_events"":12,""detectors_checked"":165888}"
      2048,         0,         0,   0.058,decoder_by_matrix,5c8c81bfec719079c388cedc47a351f264c1bf769ae28a89f9b4fc7719fea501,"{""distance"":3,""physical_error_rate"":0.0005}","{""detection_events"":123,""detectors_checked"":110592}"
      5120,         0,         0,   0.086,decoder_by_matrix,560c721f87db01d4cacf7dcb7d8812fecde61e9e7776d4b9e1b1a792578ecad7,"{""distance"":3,""physical_error_rate"":5e-06}","{""detectors_checked"":276480}"
      3072,         0,         0,   0.098,decoder_by_matrix,36e3cd26fed5ec7649ec51fb08c1a5e7d7f30e615782d954fee045c18a4962ca,"{""distance"":3,""physical_error_rate"":5e-05}","{""detection_events"":9,""detectors_checked"":165888}"
      2048,         0,         0,   0.252,decoder_by_matrix,5c8c81bfec719079c388cedc47a351f264c1bf769ae28a89f9b4fc7719fea501,"{""distance"":3,""physical_error_rate"":0.0005}","{""detection_events"":144,""detectors_checked"":110592}"
      1024,         0,         0,   0.002,decoder_by_matrix,5c8c81bfec719079c388cedc47a351f264c1bf769ae28a89f9b4fc7719fea501,"{""distance"":3,""physical_error_rate"":0.0005}","{""detection_events"":96,""detectors_checked"":55296}"
      3072,         0,         0,   0.102,decoder_by_matrix,36e3cd26fed5ec7649ec51fb08c1a5e7d7f30e615782d954fee045c18a4962ca,"{""distance"":3,""physical_error_rate"":5e-05}","{""detection_events"":12,""detectors_checked"":165888}"
      1024,         0,         0,   0.001,decoder_by_matrix,36e3cd26fed5ec7649ec51fb08c1a5e7d7f30e615782d954fee045c18a4962ca,"{""distance"":3,""physical_error_rate"":5e-05}","{""detectors_checked"":55296}"
      2048,         0,         0,   0.099,decoder_by_matrix,beec9fd12293a9cfe53c9b61fb8ce2a525e4eed38fa75d132d6dc64699336876,"{""distance"":3,""physical_error_rate"":0.0001}","{""detection_events"":27,""detectors_checked"":110592}"
      1024,         0,         0,   0.002,decoder_by_matrix,beec9fd12293a9cfe53c9b61fb8ce2a525e4eed38fa75d132d6dc64699336876,"{""distance"":3,""physical_error_rate"":0.0001}","{""detection_events"":39,""detectors_checked"":55296}"
      6144,         0,         0,   0.096,decoder_by_matrix,560c721f87db01d4cacf7dcb7d8812fecde61e9e7776d4b9e1b1a792578ecad7,"{""distance"":3,""physical_error_rate"":5e-06}","{""detectors_checked"":331776}"
      1024,         0,         0,   0.001,decoder_by_matrix,560c721f87db01d4cacf7dcb7d8812fecde61e9e7776d4b9e1b1a792578ecad7,"{""distance"":3,""physical_error_rate"":5e-06}","{""detectors_checked"":55296}"
      2048,         0,         0,   0.097,decoder_by_matrix,beec9fd12293a9cfe53c9b61fb8ce2a525e4eed38fa75d132d6dc64699336876,"{""distance"":3,""physical_error_rate"":0.0001}","{""detection_events"":57,""detectors_checked"":110592}"
      1024,         0,         0,   0.002,decoder_by_matrix,beec9fd12293a9cfe53c9b61fb8ce2a525e4eed38fa75d132d6dc64699336876,"{""distance"":3,""physical_error_rate"":0.0001}","{""detection_events"":15,""detectors_checked"":55296}"
      6144,         0,         0,   0.142,decoder_by_matrix,e25b8d07214a8afb95d354611a83b9bb1ded39644e323a8585b3aabf687a4fff,"{""distance"":3,""physical_error_rate"":1e-05}","{""detectors_checked"":331776}"
      1024,         0,         0,   0.001,decoder_by_matrix,e25b8d07214a8afb95d354611a83b9bb1ded39644e323a8585b3aabf687a4fff,"{""distance"":3,""physical_error_rate"":1e-05}","{""detectors_checked"":55296}"
      5120,         0,         0,   0.141,decoder_by_matrix,e25b8d07214a8afb95d354611a83b9bb1ded39644e323a8585b3aabf687a4fff,"{""distance"":3,""physical_error_rate"":1e-05}","{""detectors_checked"":276480}"
      1024,         0,         0,   0.001,decoder_by_matrix,e25b8d07214a8afb95d354611a83b9bb1ded39644e323a8585b3aabf687a4fff,"{""distance"":3,""physical_error_rate"":1e-05}","{""detectors_checked"":55296}"
      2048,         0,         0,   0.029,decoder_by_matrix,5c8c81bfec719079c388cedc47a351f264c1bf769ae28a89f9b4fc7719fea501,"{""distance"":3,""physical_error_rate"":0.0005}","{""detection_events"":99,""detectors_checked"":110592}"
      7168,         0,         0,   0.171,decoder_by_matrix,560c721f87db01d4cacf7dcb7d8812fecde61e9e7776d4b9e1b1a792578ecad7,"{""distance"":3,""physical_error_rate"":5e-06}","{""detectors_checked"":387072}"
      1024,         0,         0,   0.001,decoder_by_matrix,560c721f87db01d4cacf7dcb7d8812fecde61e9e7776d4b9e1b1a792578ecad7,"{""distance"":3,""physical_error_rate"":5e-06}","{""detectors_checked"":55296}"
      2048,         0,         0,   0.165,decoder_by_matrix,5c8c81bfec719079c388cedc47a351f264c1bf769ae28a89f9b4fc7719fea501,"{""distance"":3,""physical_error_rate"":0.0005}","{""detection_events"":87,""detectors_checked"":110592}"
      1024,         0,         0,   0.002,decoder_by_matrix,5c8c81bfec719079c388cedc47a351f264c1bf769ae28a89f9b4fc7719fea501,"{""distance"":3,""physical_error_rate"":0.0005}","{""detection_events"":69,""detectors_checked"":55296}"
      3072,         0,         0,   0.064,decoder_by_matrix,36e3cd26fed5ec7649ec51fb08c1a5e7d7f30e615782d954fee045c18a4962ca,"{""distance"":3,""physical_error_rate"":5e-05}","{""detection_events"":18,""detectors_checked"":165888}"
      2048,         0,         0,   0.107,decoder_by_matrix,beec9fd12293a9cfe53c9b61fb8ce2a525e4eed38fa75d132d6dc64699336876,"{""distance"":3,""physical_error_rate"":0.0001}","{""detection_events"":18,""detectors_checked"":110592}"
      5120,         0,         0,   0.115,decoder_by_matrix,560c721f87db01d4cacf7dcb7d8812fecde61e9e7776d4b9e1b1a792578ecad7,"{""distance"":3,""physical_error_rate"":5e-06}","{""detectors_checked"":276480}"
      4096,         0,         0,   0.167,decoder_by_matrix,36e3cd26fed5ec7649ec51fb08c1a5e7d7f30e615782d954fee045c18a4962ca,"{""distance"":3,""physical_error_rate"":5e-05}","{""detection_events"":27,""detectors_checked"":221184}"
      1024,         0,         0,   0.002,decoder_by_matrix,36e3cd26fed5ec7649ec51fb08c1a5e7d7f30e615782d954fee045c18a4962ca,"{""distance"":3,""physical_error_rate"":5e-05}","{""detection_events"":3,""detectors_checked"":55296}"
      2048,         0,         0,   0.131,decoder_by_matrix,beec9fd12293a9cfe53c9b61fb8ce2a525e4eed38fa75d132d6dc64699336876,"{""distance"":3,""physical_error_rate"":0.0001}","{""detection_events"":36,""detectors_checked"":110592}"
      4096,         0,         0,   0.203,decoder_by_matrix,e25b8d07214a8afb95d354611a83b9bb1ded39644e323a8585b3aabf687a4fff,"{""distance"":3,""physical_error_rate"":1e-05}","{""detection_events"":9,""detectors_checked"":221184}"
      5120,         0,         0,   0.215,decoder_by_matrix,e25b8d07214a8afb95d354611a83b9bb1ded39644e323a8585b3aabf687a4fff,"{""distance"":3,""physical_error_rate"":1e-05}","{""detection_events"":9,""detectors_checked"":276480}"
      4096,         0,         0,   0.237,decoder_by_matrix,560c721f87db01d4cacf7dcb7d8812fecde61e9e7776d4b9e1b1a792578ecad7,"{""distance"":3,""physical_error_rate"":5e-06}","{""detection_events"":3,""detectors_checked"":221184}"
      2048,         0,         0,   0.249,decoder_by_matrix,36e3cd26fed5ec7649ec51fb08c1a5e7d7f30e615782d954fee045c18a4962ca,"{""distance"":3,""physical_error_rate"":5e-05}","{""detection_events"":9,""detectors_checked"":110592}"
      2048,         0,         0,   0.291,decoder_by_matrix,5c8c81bfec719079c388cedc47a351f264c1bf769ae28a89f9b4fc7719fea501,"{""distance"":3,""physical_error_rate"":0.0005}","{""detection_events"":84,""detectors_checked"":110592}"
      2048,         0,         0,   0.251,decoder_by_matrix,beec9fd12293a9cfe53c9b61fb8ce2a525e4eed38fa75d132d6dc64699336876,"{""distance"":3,""physical_error_rate"":0.0001}","{""detection_events"":30,""detectors_checked"":110592}"
      7168,         0,         0,   0.253,decoder_by_matrix,560c721f87db01d4cacf7dcb7d8812fecde61e9e7776d4b9e1b1a792578ecad7,"{""distance"":3,""physical_error_rate"":5e-06}","{""detection_events"":9,""detectors_checked"":387072}"
      2048,         0,         0,   0.251,decoder_by_matrix,36e3cd26fed5ec7649ec51fb08c1a5e7d7f30e615782d954fee045c18a4962ca,"{""distance"":3,""physical_error_rate"":5e-05}","{""detection_events"":18,""detectors_checked"":110592}"
      3072,         0,         0,   0.255,decoder_by_matrix,beec9fd12293a9cfe53c9b61fb8ce2a525e4eed38fa75d132d6dc64699336876,"{""distance"":3,""physical_error_rate"":0.0001}","{""detection_events"":6,""detectors_checked"":165888}"
      3072,         0,         0,   0.389,decoder_by_matrix,5c8c81bfec719079c388cedc47a351f264c1bf769ae28a89f9b4fc7719fea501,"{""distance"":3,""physical_error_rate"":0.0005}","{""detection_events"":114,""detectors_checked"":165888}"
      3072,         0,         0,   0.260,decoder_by_matrix,e25b8d07214a8afb95d354611a83b9bb1ded39644e323a8585b3aabf687a4fff,"{""distance"":3,""physical_error_rate"":1e-05}","{""detection_events"":9,""detectors_checked"":165888}"
      5120,         0,         0,   0.231,decoder_by_matrix,e25b8d07214a8afb95d354611a83b9bb1ded39644e323a8585b3aabf687a4fff,"{""distance"":3,""physical_error_rate"":1e-05}","{""detection_events"":6,""detectors_checked"":276480}"
      6144,         0,         0,   0.258,decoder_by_matrix,560c721f87db01d4cacf7dcb7d8812fecde61e9e7776d4b9e1b1a792578ecad7,"{""distance"":3,""physical_error_rate"":5e-06}","{""detectors_checked"":331776}"
      5120,         0,         0,   0.259,decoder_by_matrix,36e3cd26fed5ec7649ec51fb08c1a5e7d7f30e615782d954fee045c18a4962ca,"{""distance"":3,""physical_error_rate"":5e-05}","{""detection_events"":9,""detectors_checked"":276480}"
      2048,         0,         0,   0.232,decoder_by_matrix,5c8c81bfec719079c388cedc47a351f264c1bf769ae28a89f9b4fc7719fea501,"{""distance"":3,""physical_error_rate"":0.0005}","{""detection_events"":132,""detectors_checked"":110592}"
      4096,         0,         0,   0.257,decoder_by_matrix,beec9fd12293a9cfe53c9b61fb8ce2a525e4eed38fa75d132d6dc64699336876,"{""distance"":3,""physical_error_rate"":0.0001}","{""detection_events"":30,""detectors_checked"":221184}"
      5120,         0,         0,   0.256,decoder_by_matrix,560c721f87db01d4cacf7dcb7d8812fecde61e9e7776d4b9e1b1a792578ecad7,"{""distance"":3,""physical_error_rate"":5e-06}","{""detectors_checked"":276480}"
      4096,         0,         0,   0.257,decoder_by_matrix,36e3cd26fed5ec7649ec51fb08c1a5e7d7f30e615782d954fee045c18a4962ca,"{""distance"":3,""physical_error_rate"":5e-05}","{""detection_events"":27,""detectors_checked"":221184}"
      3072,         0,         0,   0.257,decoder_by_matrix,beec9fd12293a9cfe53c9b61fb8ce2a525e4eed38fa75d132d6dc64699336876,"{""distance"":3,""physical_error_rate"":0.0001}","{""detection_events"":42,""detectors_checked"":165888}"
      2048,         0,         0,   0.256,decoder_by_matrix,5c8c81bfec719079c388cedc47a351f264c1bf769ae28a89f9b4fc7719fea501,"{""distance"":3,""physical_error_rate"":0.0005}","{""detection_events"":132,""detectors_checked"":110592}"
      6144,         0,         0,   0.241,decoder_by_matrix,e25b8d07214a8afb95d354611a83b9bb1ded39644e323a8585b3aabf687a4fff,"{""distance"":3,""physical_error_rate"":1e-05}","{""detection_events"":6,""detectors_checked"":331776}"
      6144,         0,         0,   0.258,decoder_by_matrix,e25b8d07214a8afb95d354611a83b9bb1ded39644e323a8585b3aabf687a4fff,"{""distance"":3,""physical_error_rate"":1e-05}","{""detection_events"":3,""detectors_checked"":331776}"
      7168,         0,         0,   0.258,decoder_by_matrix,560c721f87db01d4cacf7dcb7d8812fecde61e9e7776d4b9e1b1a792578ecad7,"{""distance"":3,""physical_error_rate"":5e-06}","{""detectors_checked"":387072}"
      4096,         0,         0,   0.259,decoder_by_matrix,36e3cd26fed5ec7649ec51fb08c1a5e7d7f30e615782d954fee045c18a4962ca,"{""distance"":3,""physical_error_rate"":5e-05}","{""detection_events"":51,""detectors_checked"":221184}"
      3072,         0,         0,   0.259,decoder_by_matrix,5c8c81bfec719079c388cedc47a351f264c1bf769ae28a89f9b4fc7719fea501,"{""distance"":3,""physical_error_rate"":0.0005}","{""detection_events"":174,""detectors_checked"":165888}"
      2048,         0,         0,   0.257,decoder_by_matrix,beec9fd12293a9cfe53c9b61fb8ce2a525e4eed38fa75d132d6dc64699336876,"{""distance"":3,""physical_error_rate"":0.0001}","{""detection_events"":36,""detectors_checked"":110592}"
      5120,         0,         0,   0.254,decoder_by_matrix,560c721f87db01d4cacf7dcb7d8812fecde61e9e7776d4b9e1b1a792578ecad7,"{""distance"":3,""physical_error_rate"":5e-06}","{""detection_events"":3,""detectors_checked"":276480}"
      3072,         0,         0,   0.261,decoder_by_matrix,36e3cd26fed5ec7649ec51fb08c1a5e7d7f30e615782d954fee045c18a4962ca,"{""distance"":3,""physical_error_rate"":5e-05}","{""detection_events"":12,""detectors_checked"":165888}"
      3072,         0,         0,   0.262,decoder_by_matrix,beec9fd12293a9cfe53c9b61fb8ce2a525e4eed38fa75d132d6dc64699336876,"{""distance"":3,""physical_error_rate"":0.0001}","{""detection_events"":15,""detectors_checked"":165888}"
      3072,         0,         0,   0.264,decoder_by_matrix,5c8c81bfec719079c388cedc47a351f264c1bf769ae28a89f9b4fc7719fea501,"{""distance"":3,""physical_error_rate"":0.0005}","{""detection_events"":246,""detectors_checked"":165888}"
      4096,         0,         0,   0.258,decoder_by_matrix,e25b8d07214a8afb95d354611a83b9bb1ded39644e323a8585b3aabf687a4fff,"{""distance"":3,""physical_error_rate"":1e-05}","{""detection_events"":21,""detectors_checked"":221184}"
      6144,         0,         0,   0.257,decoder_by_matrix,560c721f87db01d4cacf7dcb7d8812fecde61e9e7776d4b9e1b1a792578ecad7,"{""distance"":3,""physical_error_rate"":5e-06}","{""detectors_checked"":331776}"
      2048,         0,         0,   0.257,decoder_by_matrix,36e3cd26fed5ec7649ec51fb08c1a5e7d7f30e615782d954fee045c18a4962ca,"{""distance"":3,""physical_error_rate"":5e-05}","{""detection_events"":33,""detectors_checked"":110592}"
      2048,         0,         0,   0.257,decoder_by_matrix,5c8c81bfec719079c388cedc47a351f264c1bf769ae28a89f9b4fc7719fea501,"{""distance"":3,""physical_error_rate"":0.0005}","{""detection_events"":150,""detectors_checked"":110592}"
      3072,         0,         0,   0.259,decoder_by_matrix,beec9fd12293a9cfe53c9b61fb8ce2a525e4eed38fa75d132d6dc64699336876,"{""distance"":3,""physical_error_rate"":0.0001}","{""detection_events"":18,""detectors_checked"":165888}"
      3072,         0,         0,   0.302,decoder_by_matrix,5c8c81bfec719079c388cedc47a351f264c1bf769ae28a89f9b4fc7719fea501,"{""distance"":3,""physical_error_rate"":0.0005}","{""detection_events"":249,""detectors_checked"":165888}"
      9216,         0,         0,   0.540,decoder_by_matrix,e25b8d07214a8afb95d354611a83b9bb1ded39644e323a8585b3aabf687a4fff,"{""distance"":3,""physical_error_rate"":1e-05}","{""detection_events"":6,""detectors_checked"":497664}"
     13312,         0,         0,   0.516,decoder_by_matrix,560c721f87db01d4cacf7dcb7d8812fecde61e9e7776d4b9e1b1a792578ecad7,"{""distance"":3,""physical_error_rate"":5e-06}","{""detectors_checked"":718848}"
      5120,         0,         0,   0.517,decoder_by_matrix,36e3cd26fed5ec7649ec51fb08c1a5e7d7f30e615782d954fee045c18a4962ca,"{""distance"":3,""physical_error_rate"":5e-05}","{""detection_events"":78,""detectors_checked"":276480}"
      5120,         0,         0,   0.517,decoder_by_matrix,beec9fd12293a9cfe53c9b61fb8ce2a525e4eed38fa75d132d6dc64699336876,"{""distance"":3,""physical_error_rate"":0.0001}","{""detection_events"":81,""detectors_checked"":276480}"
      8192,         0,         0,   0.519,decoder_by_matrix,e25b8d07214a8afb95d354611a83b9bb1ded39644e323a8585b3aabf687a4fff,"{""distance"":3,""physical_error_rate"":1e-05}","{""detection_events"":6,""detectors_checked"":442368}"
     10240,         0,         0,   0.260,decoder_by_matrix,560c721f87db01d4cacf7dcb7d8812fecde61e9e7776d4b9e1b1a792578ecad7,"{""distance"":3,""physical_error_rate"":5e-06}","{""detection_events"":24,""detectors_checked"":552960}"
      3072,         0,         0,   0.354,decoder_by_matrix,5c8c81bfec719079c388cedc47a351f264c1bf769ae28a89f9b4fc7719fea501,"{""distance"":3,""physical_error_rate"":0.0005}","{""detection_events"":321,""detectors_checked"":165888}"
      5120,         0,         0,   0.261,decoder_by_matrix,5c8c81bfec719079c388cedc47a351f264c1bf769ae28a89f9b4fc7719fea501,"{""distance"":3,""physical_error_rate"":0.0005}","{""detection_events"":393,""detectors_checked"":276480}"
      8192,         0,         0,   0.540,decoder_by_matrix,36e3cd26fed5ec7649ec51fb08c1a5e7d7f30e615782d954fee045c18a4962ca,"{""distance"":3,""physical_error_rate"":5e-05}","{""detection_events"":48,""detectors_checked"":442368}"
      5120,         0,         0,   0.515,decoder_by_matrix,beec9fd12293a9cfe53c9b61fb8ce2a525e4eed38fa75d132d6dc64699336876,"{""distance"":3,""physical_error_rate"":0.0001}","{""detection_events"":60,""detectors_checked"":276480}"
     12288,         0,         0,   0.516,decoder_by_matrix,e25b8d07214a8afb95d354611a83b9bb1ded39644e323a8585b3aabf687a4fff,"{""distance"":3,""physical_error_rate"":1e-05}","{""detection_events"":12,""detectors_checked"":663552}"
      2048,         0,         0,   0.258,decoder_by_matrix,5c8c81bfec719079c388cedc47a351f264c1bf769ae28a89f9b4fc7719fea501,"{""distance"":3,""physical_error_rate"":0.0005}","{""detection_events"":75,""detectors_checked"":110592}"
     14336,         0,         0,   0.516,decoder_by_matrix,560c721f87db01d4cacf7dcb7d8812fecde61e9e7776d4b9e1b1a792578ecad7,"{""distance"":3,""physical_error_rate"":5e-06}","{""detectors_checked"":774144}"
      6144,         0,         0,   0.515,decoder_by_matrix,36e3cd26fed5ec7649ec51fb08c1a5e7d7f30e615782d954fee045c18a4962ca,"{""distance"":3,""physical_error_rate"":5e-05}","{""detection_events"":54,""detectors_checked"":331776}"
      7168,         0,         0,   0.517,decoder_by_matrix,beec9fd12293a9cfe53c9b61fb8ce2a525e4eed38fa75d132d6dc64699336876,"{""distance"":3,""physical_error_rate"":0.0001}","{""detection_events"":84,""detectors_checked"":387072}"
      9216,         0,         0,   0.487,decoder_by_matrix,e25b8d07214a8afb95d354611a83b9bb1ded39644e323a8585b3aabf687a4fff,"{""distance"":3,""physical_error_rate"":1e-05}","{""detection_events"":9,""detectors_checked"":497664}"
     11264,         0,         0,   0.499,decoder_by_matrix,560c721f87db01d4cacf7dcb7d8812fecde61e9e7776d4b9e1b1a792578ecad7,"{""distance"":3,""physical_error_rate"":5e-06}","{""detection_events"":3,""detectors_checked"":608256}"
      5120,         0,         0,   0.516,decoder_by_matrix,5c8c81bfec719079c388cedc47a351f264c1bf769ae28a89f9b4fc7719fea501,"{""distance"":3,""physical_error_rate"":0.0005}","{""detection_events"":378,""detectors_checked"":276480}"
      6144,         0,         0,   0.511,decoder_by_matrix,36e3cd26fed5ec7649ec51fb08c1a5e7d7f30e615782d954fee045c18a4962ca,"{""distance"":3,""physical_error_rate"":5e-05}","{""detection_events"":63,""detectors_checked"":331776}"
      6144,         0,         0,   0.516,decoder_by_matrix,beec9fd12293a9cfe53c9b61fb8ce2a525e4eed38fa75d132d6dc64699336876,"{""distance"":3,""physical_error_rate"":0.0001}","{""detection_events"":114,""detectors_checked"":331776}"
      5120,         0,         0,   0.512,decoder_by_matrix,5c8c81bfec719079c388cedc47a351f264c1bf769ae28a89f9b4fc7719fea501,"{""distance"":3,""physical_error_rate"":0.0005}","{""detection_events"":468,""detectors_checked"":276480}"
     14336,         0,         0,   0.816,decoder_by_matrix,e25b8d07214a8afb95d354611a83b9bb1ded39644e323a8585b3aabf687a4fff,"{""distance"":3,""physical_error_rate"":1e-05}","{""detection_events"":36,""detectors_checked"":774144}"
     16384,         0,         0,   0.768,decoder_by_matrix,560c721f87db01d4cacf7dcb7d8812fecde61e9e7776d4b9e1b1a792578ecad7,"{""distance"":3,""physical_error_rate"":5e-06}","{""detection_events"":15,""detectors_checked"":884736}"
     10240,         0,         0,   0.767,decoder_by_matrix,36e3cd26fed5ec7649ec51fb08c1a5e7d7f30e615782d954fee045c18a4962ca,"{""distance"":3,""physical_error_rate"":5e-05}","{""detection_events"":63,""detectors_checked"":552960}"
      7168,         0,         0,   0.765,decoder_by_matrix,beec9fd12293a9cfe53c9b61fb8ce2a525e4eed38fa75d132d6dc64699336876,"{""distance"":3,""physical_error_rate"":0.0001}","{""detection_events"":150,""detectors_checked"":387072}"
     16384,         0,         0,   0.756,decoder_by_matrix,e25b8d07214a8afb95d354611a83b9bb1ded39644e323a8585b3aabf687a4fff,"{""distance"":3,""physical_error_rate"":1e-05}","{""detection_events"":6,""detectors_checked"":884736}"
     19456,         0,         0,   0.773,decoder_by_matrix,560c721f87db01d4cacf7dcb7d8812fecde61e9e7776d4b9e1b1a792578ecad7,"{""distance"":3,""physical_error_rate"":5e-06}","{""detection_events"":9,""detectors_checked"":1050624}"
      7168,         0,         0,   0.765,decoder_by_matrix,5c8c81bfec719079c388cedc47a351f264c1bf769ae28a89f9b4fc7719fea501,"{""distance"":3,""physical_error_rate"":0.0005}","{""detection_events"":495,""detectors_checked"":387072}"
     10240,         0,         0,   0.786,decoder_by_matrix,36e3cd26fed5ec7649ec51fb08c1a5e7d7f30e615782d954fee045c18a4962ca,"{""distance"":3,""physical_error_rate"":5e-05}","{""detection_events"":78,""detectors_checked"":552960}"
      5120,         0,         0,   0.567,decoder_by_matrix,5c8c81bfec719079c388cedc47a351f264c1bf769ae28a89f9b4fc7719fea501,"{""distance"":3,""physical_error_rate"":0.0005}","{""detection_events"":465,""detectors_checked"":276480}"
      8192,         0,         0,   0.774,decoder_by_matrix,beec9fd12293a9cfe53c9b61fb8ce2a525e4eed38fa75d132d6dc64699336876,"{""distance"":3,""physical_error_rate"":0.0001}","{""detection_events"":138,""detectors_checked"":442368}"
     17408,         0,         0,   0.886,decoder_by_matrix,e25b8d07214a8afb95d354611a83b9bb1ded39644e323a8585b3aabf687a4fff,"{""distance"":3,""physical_error_rate"":1e-05}","{""detection_events"":15,""detectors_checked"":940032}"
     23552,         0,         0,   0.990,decoder_by_matrix,560c721f87db01d4cacf7dcb7d8812fecde61e9e7776d4b9e1b1a792578ecad7,"{""distance"":3,""physical_error_rate"":5e-06}","{""detection_events"":18,""detectors_checked"":1271808}"
      7168,         0,         0,   0.760,decoder_by_matrix,5c8c81bfec719079c388cedc47a351f264c1bf769ae28a89f9b4fc7719fea501,"{""distance"":3,""physical_error_rate"":0.0005}","{""detection_events"":585,""detectors_checked"":387072}"
      7168,         1,         0,   0.833,decoder_by_matrix,5c8c81bfec719079c388cedc47a351f264c1bf769ae28a89f9b4fc7719fea501,"{""distance"":3,""physical_error_rate"":0.0005}","{""detection_events"":495,""detectors_checked"":387072,""obs_mistake_mask=E"":1}"
     11264,         0,         0,    1.03,decoder_by_matrix,36e3cd26fed5ec7649ec51fb08c1a5e7d7f30e615782d954fee045c18a4962ca,"{""distance"":3,""physical_error_rate"":5e-05}","{""detection_events"":120,""detectors_checked"":608256}"
     11264,         0,         0,    1.03,decoder_by_matrix,beec9fd12293a9cfe53c9b61fb8ce2a525e4eed38fa75d132d6dc64699336876,"{""distance"":3,""physical_error_rate"":0.0001}","{""detection_events"":159,""detectors_checked"":608256}"
     21504,         0,         0,    1.01,decoder_by_matrix,e25b8d07214a8afb95d354611a83b9bb1ded39644e323a8585b3aabf687a4fff,"{""distance"":3,""physical_error_rate"":1e-05}","{""detection_events"":21,""detectors_checked"":1161216}"
     21504,         0,         0,    1.03,decoder_by_matrix,560c721f87db01d4cacf7dcb7d8812fecde61e9e7776d4b9e1b1a792578ecad7,"{""distance"":3,""physical_error_rate"":5e-06}","{""detection_events"":21,""detectors_checked"":1161216}"
     12288,         0,         0,    1.01,decoder_by_matrix,36e3cd26fed5ec7649ec51fb08c1a5e7d7f30e615782d954fee045c18a4962ca,"{""distance"":3,""physical_error_rate"":5e-05}","{""detection_events"":57,""detectors_checked"":663552}"
     12288,         0,         0,    1.01,decoder_by_matrix,beec9fd12293a9cfe53c9b61fb8ce2a525e4eed38fa75d132d6dc64699336876,"{""distance"":3,""physical_error_rate"":0.0001}","{""detection_events"":126,""detectors_checked"":663552}"
      8192,         0,         0,   0.823,decoder_by_matrix,5c8c81bfec719079c388cedc47a351f264c1bf769ae28a89f9b4fc7719fea501,"{""distance"":3,""physical_error_rate"":0.0005}","{""detection_events"":627,""detectors_checked"":442368}"
     26624,         0,         0,   0.998,decoder_by_matrix,e25b8d07214a8afb95d354611a83b9bb1ded39644e323a8585b3aabf687a4fff,"{""distance"":3,""physical_error_rate"":1e-05}","{""detection_events"":33,""detectors_checked"":1437696}"
     13312,         0,         0,    1.28,decoder_by_matrix,5c8c81bfec719079c388cedc47a351f264c1bf769ae28a89f9b4fc7719fea501,"{""distance"":3,""physical_error_rate"":0.0005}","{""detection_events"":906,""detectors_checked"":718848}"
     15360,         0,         0,    1.02,decoder_by_matrix,36e3cd26fed5ec7649ec51fb08c1a5e7d7f30e615782d954fee045c18a4962ca,"{""distance"":3,""physical_error_rate"":5e-05}","{""detection_events"":99,""detectors_checked"":829440}"
     28672,         0,         0,    1.34,decoder_by_matrix,560c721f87db01d4cacf7dcb7d8812fecde61e9e7776d4b9e1b1a792578ecad7,"{""distance"":3,""physical_error_rate"":5e-06}","{""detection_events"":42,""detectors_checked"":1548288}"
     13312,         0,         0,    1.28,decoder_by_matrix,beec9fd12293a9cfe53c9b61fb8ce2a525e4eed38fa75d132d6dc64699336876,"{""distance"":3,""physical_error_rate"":0.0001}","{""detection_events"":219,""detectors_checked"":718848}"
     23552,         0,         0,    1.29,decoder_by_matrix,e25b8d07214a8afb95d354611a83b9bb1ded39644e323a8585b3aabf687a4fff,"{""distance"":3,""physical_error_rate"":1e-05}","{""detection_events"":66,""detectors_checked"":1271808}"
     27648,         0,         0,    1.29,decoder_by_matrix,560c721f87db01d4cacf7dcb7d8812fecde61e9e7776d4b9e1b1a792578ecad7,"{""distance"":3,""physical_error_rate"":5e-06}","{""detection_events"":21,""detectors_checked"":1492992}"
     12288,         0,         0,    1.29,decoder_by_matrix,beec9fd12293a9cfe53c9b61fb8ce2a525e4eed38fa75d132d6dc64699336876,"{""distance"":3,""physical_error_rate"":0.0001}","{""detection_events"":246,""detectors_checked"":663552}"
     15360,         0,         0,    1.32,decoder_by_matrix,36e3cd26fed5ec7649ec51fb08c1a5e7d7f30e615782d954fee045c18a4962ca,"{""distance"":3,""physical_error_rate"":5e-05}","{""detection_events"":111,""detectors_checked"":829440}"
     12288,         0,         0,    1.31,decoder_by_matrix,5c8c81bfec719079c388cedc47a351f264c1bf769ae28a89f9b4fc7719fea501,"{""distance"":3,""physical_error_rate"":0.0005}","{""detection_events"":993,""detectors_checked"":663552}"
     35840,         0,         0,    1.78,decoder_by_matrix,e25b8d07214a8afb95d354611a83b9bb1ded39644e323a8585b3aabf687a4fff,"{""distance"":3,""physical_error_rate"":1e-05}","{""detection_events"":51,""detectors_checked"":1935360}"
     18432,         0,         0,    1.57,decoder_by_matrix,36e3cd26fed5ec7649ec51fb08c1a5e7d7f30e615782d954fee045c18a4962ca,"{""distance"":3,""physical_error_rate"":5e-05}","{""detection_events"":141,""detectors_checked"":995328}"
     15360,         0,         0,    1.40,decoder_by_matrix,5c8c81bfec719079c388cedc47a351f264c1bf769ae28a89f9b4fc7719fea501,"{""distance"":3,""physical_error_rate"":0.0005}","{""detection_events"":966,""detectors_checked"":829440}"
     36864,         0,         0,    1.80,decoder_by_matrix,560c721f87db01d4cacf7dcb7d8812fecde61e9e7776d4b9e1b1a792578ecad7,"{""distance"":3,""physical_error_rate"":5e-06}","{""detection_events"":33,""detectors_checked"":1990656}"
     18432,         0,         0,    1.79,decoder_by_matrix,beec9fd12293a9cfe53c9b61fb8ce2a525e4eed38fa75d132d6dc64699336876,"{""distance"":3,""physical_error_rate"":0.0001}","{""detection_events"":315,""detectors_checked"":995328}"
     35840,         0,         0,    1.53,decoder_by_matrix,e25b8d07214a8afb95d354611a83b9bb1ded39644e323a8585b3aabf687a4fff,"{""distance"":3,""physical_error_rate"":1e-05}","{""detection_events"":42,""detectors_checked"":1935360}"
     43008,         0,         0,    1.79,decoder_by_matrix,560c721f87db01d4cacf7dcb7d8812fecde61e9e7776d4b9e1b1a792578ecad7,"{""distance"":3,""physical_error_rate"":5e-06}","{""detection_events"":30,""detectors_checked"":2322432}"
     17408,         0,         0,    1.72,decoder_by_matrix,beec9fd12293a9cfe53c9b61fb8ce2a525e4eed38fa75d132d6dc64699336876,"{""distance"":3,""physical_error_rate"":0.0001}","{""detection_events"":321,""detectors_checked"":940032}"
     25600,         0,         0,    1.81,decoder_by_matrix,36e3cd26fed5ec7649ec51fb08c1a5e7d7f30e615782d954fee045c18a4962ca,"{""distance"":3,""physical_error_rate"":5e-05}","{""detection_events"":198,""detectors_checked"":1382400}"
     15360,         0,         0,    1.58,decoder_by_matrix,5c8c81bfec719079c388cedc47a351f264c1bf769ae28a89f9b4fc7719fea501,"{""distance"":3,""physical_error_rate"":0.0005}","{""detection_events"":1137,""detectors_checked"":829440}"
     44032,         0,         0,    2.34,decoder_by_matrix,e25b8d07214a8afb95d354611a83b9bb1ded39644e323a8585b3aabf687a4fff,"{""distance"":3,""physical_error_rate"":1e-05}","{""detection_events"":84,""detectors_checked"":2377728}"
     27648,         0,         0,    2.35,decoder_by_matrix,36e3cd26fed5ec7649ec51fb08c1a5e7d7f30e615782d954fee045c18a4962ca,"{""distance"":3,""physical_error_rate"":5e-05}","{""detection_events"":216,""detectors_checked"":1492992}"
     21504,         0,         0,    2.31,decoder_by_matrix,5c8c81bfec719079c388cedc47a351f264c1bf769ae28a89f9b4fc7719fea501,"{""distance"":3,""physical_error_rate"":0.0005}","{""detection_events"":1614,""detectors_checked"":1161216}"
     26624,         0,         0,    2.30,decoder_by_matrix,beec9fd12293a9cfe53c9b61fb8ce2a525e4eed38fa75d132d6dc64699336876,"{""distance"":3,""physical_error_rate"":0.0001}","{""detection_events"":261,""detectors_checked"":1437696}"
     50176,         0,         0,    1.82,decoder_by_matrix,560c721f87db01d4cacf7dcb7d8812fecde61e9e7776d4b9e1b1a792578ecad7,"{""distance"":3,""physical_error_rate"":5e-06}","{""detection_events"":57,""detectors_checked"":2709504}"
     43008,         0,         0,    2.30,decoder_by_matrix,e25b8d07214a8afb95d354611a83b9bb1ded39644e323a8585b3aabf687a4fff,"{""distance"":3,""physical_error_rate"":1e-05}","{""detection_events"":108,""detectors_checked"":2322432}"
     24576,         0,         0,    2.30,decoder_by_matrix,beec9fd12293a9cfe53c9b61fb8ce2a525e4eed38fa75d132d6dc64699336876,"{""distance"":3,""physical_error_rate"":0.0001}","{""detection_events"":417,""detectors_checked"":1327104}"
     48128,         0,         0,    2.31,decoder_by_matrix,560c721f87db01d4cacf7dcb7d8812fecde61e9e7776d4b9e1b1a792578ecad7,"{""distance"":3,""physical_error_rate"":5e-06}","{""detection_events"":57,""detectors_checked"":2598912}"
     29696,         0,         0,    2.21,decoder_by_matrix,36e3cd26fed5ec7649ec51fb08c1a5e7d7f30e615782d954fee045c18a4962ca,"{""distance"":3,""physical_error_rate"":5e-05}","{""detection_events"":207,""detectors_checked"":1603584}"
     22528,         0,         0,    2.35,decoder_by_matrix,5c8c81bfec719079c388cedc47a351f264c1bf769ae28a89f9b4fc7719fea501,"{""distance"":3,""physical_error_rate"":0.0005}","{""detection_events"":1455,""detectors_checked"":1216512}"
     61440,         0,         0,    2.84,decoder_by_matrix,e25b8d07214a8afb95d354611a83b9bb1ded39644e323a8585b3aabf687a4fff,"{""distance"":3,""physical_error_rate"":1e-05}","{""detection_events"":117,""detectors_checked"":3317760}"
     29696,         1,         0,    3.08,decoder_by_matrix,5c8c81bfec719079c388cedc47a351f264c1bf769ae28a89f9b4fc7719fea501,"{""distance"":3,""physical_error_rate"":0.0005}","{""detection_events"":2157,""detectors_checked"":1603584,""obs_mistake_mask=E"":1}"
     49152,         0,         0,    3.11,decoder_by_matrix,36e3cd26fed5ec7649ec51fb08c1a5e7d7f30e615782d954fee045c18a4962ca,"{""distance"":3,""physical_error_rate"":5e-05}","{""detection_events"":222,""detectors_checked"":2654208}"
     32768,         0,         0,    3.07,decoder_by_matrix,beec9fd12293a9cfe53c9b61fb8ce2a525e4eed38fa75d132d6dc64699336876,"{""distance"":3,""physical_error_rate"":0.0001}","{""detection_events"":474,""detectors_checked"":1769472}"
     65536,         0,         0,    3.05,decoder_by_matrix,560c721f87db01d4cacf7dcb7d8812fecde61e9e7776d4b9e1b1a792578ecad7,"{""distance"":3,""physical_error_rate"":5e-06}","{""detection_events"":87,""detectors_checked"":3538944}"
     63488,         0,         0,    2.81,decoder_by_matrix,e25b8d07214a8afb95d354611a83b9bb1ded39644e323a8585b3aabf687a4fff,"{""distance"":3,""physical_error_rate"":1e-05}","{""detection_events"":75,""detectors_checked"":3428352}"
     31744,         0,         0,    2.57,decoder_by_matrix,beec9fd12293a9cfe53c9b61fb8ce2a525e4eed38fa75d132d6dc64699336876,"{""distance"":3,""physical_error_rate"":0.0001}","{""detection_events"":543,""detectors_checked"":1714176}"
     68608,         0,         0,    2.83,decoder_by_matrix,560c721f87db01d4cacf7dcb7d8812fecde61e9e7776d4b9e1b1a792578ecad7,"{""distance"":3,""physical_error_rate"":5e-06}","{""detection_events"":57,""detectors_checked"":3704832}"
     40960,         0,         0,    3.07,decoder_by_matrix,36e3cd26fed5ec7649ec51fb08c1a5e7d7f30e615782d954fee045c18a4962ca,"{""distance"":3,""physical_error_rate"":5e-05}","{""detection_events"":315,""detectors_checked"":2211840}"
     29696,         0,         0,    2.86,decoder_by_matrix,5c8c81bfec719079c388cedc47a351f264c1bf769ae28a89f9b4fc7719fea501,"{""distance"":3,""physical_error_rate"":0.0005}","{""detection_events"":2004,""detectors_checked"":1603584}"
     41984,         0,         0,    4.32,decoder_by_matrix,5c8c81bfec719079c388cedc47a351f264c1bf769ae28a89f9b4fc7719fea501,"{""distance"":3,""physical_error_rate"":0.0005}","{""detection_events"":3072,""detectors_checked"":2267136}"
     84992,         0,         0,    4.14,decoder_by_matrix,e25b8d07214a8afb95d354611a83b9bb1ded39644e323a8585b3aabf687a4fff,"{""distance"":3,""physical_error_rate"":1e-05}","{""detection_events"":102,""detectors_checked"":4589568}"
     46080,         0,         0,    3.80,decoder_by_matrix,beec9fd12293a9cfe53c9b61fb8ce2a525e4eed38fa75d132d6dc64699336876,"{""distance"":3,""physical_error_rate"":0.0001}","{""detection_events"":741,""detectors_checked"":2488320}"
     54272,         0,         0,    4.46,decoder_by_matrix,36e3cd26fed5ec7649ec51fb08c1a5e7d7f30e615782d954fee045c18a4962ca,"{""distance"":3,""physical_error_rate"":5e-05}","{""detection_events"":426,""detectors_checked"":2930688}"
     99328,         0,         0,    4.35,decoder_by_matrix,560c721f87db01d4cacf7dcb7d8812fecde61e9e7776d4b9e1b1a792578ecad7,"{""distance"":3,""physical_error_rate"":5e-06}","{""detection_events"":60,""detectors_checked"":5363712}"
     97280,         0,         0,    3.54,decoder_by_matrix,560c721f87db01d4cacf7dcb7d8812fecde61e9e7776d4b9e1b1a792578ecad7,"{""distance"":3,""physical_error_rate"":5e-06}","{""detection_events"":81,""detectors_checked"":5253120}"
     91136,         0,         0,    4.40,decoder_by_matrix,e25b8d07214a8afb95d354611a83b9bb1ded39644e323a8585b3aabf687a4fff,"{""distance"":3,""physical_error_rate"":1e-05}","{""detection_events"":123,""detectors_checked"":4921344}"
     57344,         0,         0,    4.35,decoder_by_matrix,36e3cd26fed5ec7649ec51fb08c1a5e7d7f30e615782d954fee045c18a4962ca,"{""distance"":3,""physical_error_rate"":5e-05}","{""detection_events"":411,""detectors_checked"":3096576}"
     46080,         0,         0,    4.43,decoder_by_matrix,beec9fd12293a9cfe53c9b61fb8ce2a525e4eed38fa75d132d6dc64699336876,"{""distance"":3,""physical_error_rate"":0.0001}","{""detection_events"":726,""detectors_checked"":2488320}"
     43008,         1,         0,    4.12,decoder_by_matrix,5c8c81bfec719079c388cedc47a351f264c1bf769ae28a89f9b4fc7719fea501,"{""distance"":3,""physical_error_rate"":0.0005}","{""detection_events"":3075,""detectors_checked"":2322432,""obs_mistake_mask=E"":1}"
   2444288,         0,         0,   116.2,decoder_by_matrix,e25b8d07214a8afb95d354611a83b9bb1ded39644e323a8585b3aabf687a4fff,"{""distance"":3,""physical_error_rate"":1e-05}","{""detection_events"":3549,""detectors_checked"":131991552}"
   1297408,         0,         0,   118.7,decoder_by_matrix,beec9fd12293a9cfe53c9b61fb8ce2a525e4eed38fa75d132d6dc64699336876,"{""distance"":3,""physical_error_rate"":0.0001}","{""detection_events"":18843,""detectors_checked"":70060032}"
   2769920,         0,         0,   114.9,decoder_by_matrix,560c721f87db01d4cacf7dcb7d8812fecde61e9e7776d4b9e1b1a792578ecad7,"{""distance"":3,""physical_error_rate"":5e-06}","{""detection_events"":2064,""detectors_checked"":149575680}"
   1157120,        16,         0,   117.1,decoder_by_matrix,5c8c81bfec719079c388cedc47a351f264c1bf769ae28a89f9b4fc7719fea501,"{""distance"":3,""physical_error_rate"":0.0005}","{""detection_events"":84036,""detectors_checked"":62484480,""obs_mistake_mask=E"":16}"
   2434048,         0,         0,   115.1,decoder_by_matrix,e25b8d07214a8afb95d354611a83b9bb1ded39644e323a8585b3aabf687a4fff,"{""distance"":3,""physical_error_rate"":1e-05}","{""detection_events"":3573,""detectors_checked"":131438592}"
     59392,         1,         0,    5.89,decoder_by_matrix,5c8c81bfec719079c388cedc47a351f264c1bf769ae28a89f9b4fc7719fea501,"{""distance"":3,""physical_error_rate"":0.0005}","{""detection_events"":4458,""detectors_checked"":3207168,""obs_mistake_mask=E"":1}"
    129024,         0,         0,    5.62,decoder_by_matrix,e25b8d07214a8afb95d354611a83b9bb1ded39644e323a8585b3aabf687a4fff,"{""distance"":3,""physical_error_rate"":1e-05}","{""detection_events"":177,""detectors_checked"":6967296}"
   1310720,         0,         0,   118.0,decoder_by_matrix,beec9fd12293a9cfe53c9b61fb8ce2a525e4eed38fa75d132d6dc64699336876,"{""distance"":3,""physical_error_rate"":0.0001}","{""detection_events"":18765,""detectors_checked"":70778880}"
     66560,         0,         0,    6.05,decoder_by_matrix,beec9fd12293a9cfe53c9b61fb8ce2a525e4eed38fa75d132d6dc64699336876,"{""distance"":3,""physical_error_rate"":0.0001}","{""detection_events"":915,""detectors_checked"":3594240}"
   1162240,        25,         0,   117.8,decoder_by_matrix,5c8c81bfec719079c388cedc47a351f264c1bf769ae28a89f9b4fc7719fea501,"{""distance"":3,""physical_error_rate"":0.0005}","{""detection_events"":85122,""detectors_checked"":62760960,""obs_mistake_mask=E"":25}"
     78848,         0,         0,    6.14,decoder_by_matrix,36e3cd26fed5ec7649ec51fb08c1a5e7d7f30e615782d954fee045c18a4962ca,"{""distance"":3,""physical_error_rate"":5e-05}","{""detection_events"":573,""detectors_checked"":4257792}"
    142336,         0,         0,    4.88,decoder_by_matrix,560c721f87db01d4cacf7dcb7d8812fecde61e9e7776d4b9e1b1a792578ecad7,"{""distance"":3,""physical_error_rate"":5e-06}","{""detection_events"":99,""detectors_checked"":7686144}"
    116736,         0,         0,    5.83,decoder_by_matrix,e25b8d07214a8afb95d354611a83b9bb1ded39644e323a8585b3aabf687a4fff,"{""distance"":3,""physical_error_rate"":1e-05}","{""detection_events"":246,""detectors_checked"":6303744}"
     77824,         0,         0,    6.12,decoder_by_matrix,36e3cd26fed5ec7649ec51fb08c1a5e7d7f30e615782d954fee045c18a4962ca,"{""distance"":3,""physical_error_rate"":5e-05}","{""detection_events"":498,""detectors_checked"":4202496}"
   1544192,         0,         0,   116.8,decoder_by_matrix,36e3cd26fed5ec7649ec51fb08c1a5e7d7f30e615782d954fee045c18a4962ca,"{""distance"":3,""physical_error_rate"":5e-05}","{""detection_events"":11082,""detectors_checked"":83386368}"
    138240,         0,         0,    5.95,decoder_by_matrix,560c721f87db01d4cacf7dcb7d8812fecde61e9e7776d4b9e1b1a792578ecad7,"{""distance"":3,""physical_error_rate"":5e-06}","{""detection_events"":147,""detectors_checked"":7464960}"
     65536,         0,         0,    5.89,decoder_by_matrix,beec9fd12293a9cfe53c9b61fb8ce2a525e4eed38fa75d132d6dc64699336876,"{""distance"":3,""physical_error_rate"":0.0001}","{""detection_events"":1053,""detectors_checked"":3538944}"
   1568768,         0,         0,   116.1,decoder_by_matrix,36e3cd26fed5ec7649ec51fb08c1a5e7d7f30e615782d954fee045c18a4962ca,"{""distance"":3,""physical_error_rate"":5e-05}","{""detection_events"":10740,""detectors_checked"":84713472}"
     58368,         1,         0,    6.09,decoder_by_matrix,5c8c81bfec719079c388cedc47a351f264c1bf769ae28a89f9b4fc7719fea501,"{""distance"":3,""physical_error_rate"":0.0005}","{""detection_events"":4383,""detectors_checked"":3151872,""obs_mistake_mask=E"":1}"
    162816,         0,         0,    8.18,decoder_by_matrix,e25b8d07214a8afb95d354611a83b9bb1ded39644e323a8585b3aabf687a4fff,"{""distance"":3,""physical_error_rate"":1e-05}","{""detection_events"":276,""detectors_checked"":8792064}"
     88064,         0,         0,    8.44,decoder_by_matrix,beec9fd12293a9cfe53c9b61fb8ce2a525e4eed38fa75d132d6dc64699336876,"{""distance"":3,""physical_error_rate"":0.0001}","{""detection_events"":1359,""detectors_checked"":4755456}"
     82944,         2,         0,    8.28,decoder_by_matrix,5c8c81bfec719079c388cedc47a351f264c1bf769ae28a89f9b4fc7719fea501,"{""distance"":3,""physical_error_rate"":0.0005}","{""detection_events"":6036,""detectors_checked"":4478976,""obs_mistake_mask=E"":2}"
    185344,         0,         0,    7.65,decoder_by_matrix,560c721f87db01d4cacf7dcb7d8812fecde61e9e7776d4b9e1b1a792578ecad7,"{""distance"":3,""physical_error_rate"":5e-06}","{""detection_events"":243,""detectors_checked"":10008576}"
    108544,         0,         0,    8.21,decoder_by_matrix,36e3cd26fed5ec7649ec51fb08c1a5e7d7f30e615782d954fee045c18a4962ca,"{""distance"":3,""physical_error_rate"":5e-05}","{""detection_events"":816,""detectors_checked"":5861376}"
    178176,         0,         0,    8.44,decoder_by_matrix,e25b8d07214a8afb95d354611a83b9bb1ded39644e323a8585b3aabf687a4fff,"{""distance"":3,""physical_error_rate"":1e-05}","{""detection_events"":267,""detectors_checked"":9621504}"
    107520,         0,         0,    8.20,decoder_by_matrix,36e3cd26fed5ec7649ec51fb08c1a5e7d7f30e615782d954fee045c18a4962ca,"{""distance"":3,""physical_error_rate"":5e-05}","{""detection_events"":879,""detectors_checked"":5806080}"
    187392,         0,         0,    7.43,decoder_by_matrix,560c721f87db01d4cacf7dcb7d8812fecde61e9e7776d4b9e1b1a792578ecad7,"{""distance"":3,""physical_error_rate"":5e-06}","{""detection_events"":195,""detectors_checked"":10119168}"
     91136,         0,         0,    8.16,decoder_by_matrix,beec9fd12293a9cfe53c9b61fb8ce2a525e4eed38fa75d132d6dc64699336876,"{""distance"":3,""physical_error_rate"":0.0001}","{""detection_events"":1335,""detectors_checked"":4921344}"
     81920,         3,         0,    8.49,decoder_by_matrix,5c8c81bfec719079c388cedc47a351f264c1bf769ae28a89f9b4fc7719fea501,"{""distance"":3,""physical_error_rate"":0.0005}","{""detection_events"":6093,""detectors_checked"":4423680,""obs_mistake_mask=E"":3}"
   1503232,         1,         0,   117.1,decoder_by_matrix,36e3cd26fed5ec7649ec51fb08c1a5e7d7f30e615782d954fee045c18a4962ca,"{""distance"":3,""physical_error_rate"":5e-05}","{""detection_events"":11415,""detectors_checked"":81174528,""obs_mistake_mask=E"":1}"
   1307648,         1,         0,   116.5,decoder_by_matrix,beec9fd12293a9cfe53c9b61fb8ce2a525e4eed38fa75d132d6dc64699336876,"{""distance"":3,""physical_error_rate"":0.0001}","{""detection_events"":19041,""detectors_checked"":70612992,""obs_mistake_mask=E"":1}"
   2419712,         0,         0,   114.9,decoder_by_matrix,e25b8d07214a8afb95d354611a83b9bb1ded39644e323a8585b3aabf687a4fff,"{""distance"":3,""physical_error_rate"":1e-05}","{""detection_events"":3729,""detectors_checked"":130664448}"
   1164288,        32,         0,   117.6,decoder_by_matrix,5c8c81bfec719079c388cedc47a351f264c1bf769ae28a89f9b4fc7719fea501,"{""distance"":3,""physical_error_rate"":0.0005}","{""detection_events"":85011,""detectors_checked"":62871552,""obs_mistake_mask=E"":32}"
   2784256,         0,         0,   114.2,decoder_by_matrix,560c721f87db01d4cacf7dcb7d8812fecde61e9e7776d4b9e1b1a792578ecad7,"{""distance"":3,""physical_error_rate"":5e-06}","{""detection_events"":2091,""detectors_checked"":150349824}"
   1583104,         1,         0,   116.6,decoder_by_matrix,36e3cd26fed5ec7649ec51fb08c1a5e7d7f30e615782d954fee045c18a4962ca,"{""distance"":3,""physical_error_rate"":5e-05}","{""detection_events"":11553,""detectors_checked"":85487616,""obs_mistake_mask=E"":1}"
   1166336,        16,         0,   117.9,decoder_by_matrix,5c8c81bfec719079c388cedc47a351f264c1bf769ae28a89f9b4fc7719fea501,"{""distance"":3,""physical_error_rate"":0.0005}","{""detection_events"":85689,""detectors_checked"":62982144,""obs_mistake_mask=E"":16}"
   1556480,         0,         0,   117.2,decoder_by_matrix,36e3cd26fed5ec7649ec51fb08c1a5e7d7f30e615782d954fee045c18a4962ca,"{""distance"":3,""physical_error_rate"":5e-05}","{""detection_events"":11634,""detectors_checked"":84049920}"
   2451456,         0,         0,   115.6,decoder_by_matrix,e25b8d07214a8afb95d354611a83b9bb1ded39644e323a8585b3aabf687a4fff,"{""distance"":3,""physical_error_rate"":1e-05}","{""detection_events"":3648,""detectors_checked"":132378624}"
   2755584,         0,         0,   115.7,decoder_by_matrix,560c721f87db01d4cacf7dcb7d8812fecde61e9e7776d4b9e1b1a792578ecad7,"{""distance"":3,""physical_error_rate"":5e-06}","{""detection_events"":2049,""detectors_checked"":148801536}"
   2805760,         0,         0,   115.6,decoder_by_matrix,560c721f87db01d4cacf7dcb7d8812fecde61e9e7776d4b9e1b1a792578ecad7,"{""distance"":3,""physical_error_rate"":5e-06}","{""detection_events"":1926,""detectors_checked"":151511040}"
   1161216,        23,         0,   116.9,decoder_by_matrix,5c8c81bfec719079c388cedc47a351f264c1bf769ae28a89f9b4fc7719fea501,"{""distance"":3,""physical_error_rate"":0.0005}","{""detection_events"":84417,""detectors_checked"":62705664,""obs_mistake_mask=E"":23}"
   2778112,         0,         0,   111.6,decoder_by_matrix,560c721f87db01d4cacf7dcb7d8812fecde61e9e7776d4b9e1b1a792578ecad7,"{""distance"":3,""physical_error_rate"":5e-06}","{""detection_events"":2079,""detectors_checked"":150018048}"
   2771968,         0,         0,   115.8,decoder_by_matrix,560c721f87db01d4cacf7dcb7d8812fecde61e9e7776d4b9e1b1a792578ecad7,"{""distance"":3,""physical_error_rate"":5e-06}","{""detection_events"":2040,""detectors_checked"":149686272}"
   1547264,         1,         0,   116.7,decoder_by_matrix,36e3cd26fed5ec7649ec51fb08c1a5e7d7f30e615782d954fee045c18a4962ca,"{""distance"":3,""physical_error_rate"":5e-05}","{""detection_events"":11151,""detectors_checked"":83552256,""obs_mistake_mask=E"":1}"
   1166336,        22,         0,   117.6,decoder_by_matrix,5c8c81bfec719079c388cedc47a351f264c1bf769ae28a89f9b4fc7719fea501,"{""distance"":3,""physical_error_rate"":0.0005}","{""detection_events"":84099,""detectors_checked"":62982144,""obs_mistake_mask=E"":22}"
   1298432,         0,         0,   117.0,decoder_by_matrix,beec9fd12293a9cfe53c9b61fb8ce2a525e4eed38fa75d132d6dc64699336876,"{""distance"":3,""physical_error_rate"":0.0001}","{""detection_events"":18984,""detectors_checked"":70115328}"
   2466816,         0,         0,   114.6,decoder_by_matrix,e25b8d07214a8afb95d354611a83b9bb1ded39644e323a8585b3aabf687a4fff,"{""distance"":3,""physical_error_rate"":1e-05}","{""detection_events"":3378,""detectors_checked"":133208064}"
   1550336,         0,         0,   116.3,decoder_by_matrix,36e3cd26fed5ec7649ec51fb08c1a5e7d7f30e615782d954fee045c18a4962ca,"{""distance"":3,""physical_error_rate"":5e-05}","{""detection_events"":11208,""detectors_checked"":83718144}"
   1166336,        22,         0,   118.4,decoder_by_matrix,5c8c81bfec719079c388cedc47a351f264c1bf769ae28a89f9b4fc7719fea501,"{""distance"":3,""physical_error_rate"":0.0005}","{""detection_events"":85992,""detectors_checked"":62982144,""obs_mistake_mask=E"":22}"
   2451456,         0,         0,   116.5,decoder_by_matrix,e25b8d07214a8afb95d354611a83b9bb1ded39644e323a8585b3aabf687a4fff,"{""distance"":3,""physical_error_rate"":1e-05}","{""detection_events"":3777,""detectors_checked"":132378624}"
   2462720,         0,         0,   114.6,decoder_by_matrix,e25b8d07214a8afb95d354611a83b9bb1ded39644e323a8585b3aabf687a4fff,"{""distance"":3,""physical_error_rate"":1e-05}","{""detection_events"":3432,""detectors_checked"":132986880}"
   2764800,         0,         0,   114.4,decoder_by_matrix,560c721f87db01d4cacf7dcb7d8812fecde61e9e7776d4b9e1b1a792578ecad7,"{""distance"":3,""physical_error_rate"":5e-06}","{""detection_events"":2112,""detectors_checked"":149299200}"
   1281024,         0,         0,   116.7,decoder_by_matrix,beec9fd12293a9cfe53c9b61fb8ce2a525e4eed38fa75d132d6dc64699336876,"{""distance"":3,""physical_error_rate"":0.0001}","{""detection_events"":18180,""detectors_checked"":69175296}"
   1159168,        17,         0,   116.4,decoder_by_matrix,5c8c81bfec719079c388cedc47a351f264c1bf769ae28a89f9b4fc7719fea501,"{""distance"":3,""physical_error_rate"":0.0005}","{""detection_events"":85635,""detectors_checked"":62595072,""obs_mistake_mask=E"":17}"
   1529856,         0,         0,   117.3,decoder_by_matrix,36e3cd26fed5ec7649ec51fb08c1a5e7d7f30e615782d954fee045c18a4962ca,"{""distance"":3,""physical_error_rate"":5e-05}","{""detection_events"":11622,""detectors_checked"":82612224}"
   1316864,         1,         0,   117.3,decoder_by_matrix,beec9fd12293a9cfe53c9b61fb8ce2a525e4eed38fa75d132d6dc64699336876,"{""distance"":3,""physical_error_rate"":0.0001}","{""detection_events"":18768,""detectors_checked"":71110656,""obs_mistake_mask=E"":1}"
   1160192,        19,         0,   118.5,decoder_by_matrix,5c8c81bfec719079c388cedc47a351f264c1bf769ae28a89f9b4fc7719fea501,"{""distance"":3,""physical_error_rate"":0.0005}","{""detection_events"":85533,""detectors_checked"":62650368,""obs_mistake_mask=E"":19}"
   2460672,         0,         0,   114.5,decoder_by_matrix,e25b8d07214a8afb95d354611a83b9bb1ded39644e323a8585b3aabf687a4fff,"{""distance"":3,""physical_error_rate"":1e-05}","{""detection_events"":3621,""detectors_checked"":132876288}"
   2748416,         0,         0,   117.5,decoder_by_matrix,560c721f87db01d4cacf7dcb7d8812fecde61e9e7776d4b9e1b1a792578ecad7,"{""distance"":3,""physical_error_rate"":5e-06}","{""detection_events"":1968,""detectors_checked"":148414464}"
   2513920,         0,         0,   114.6,decoder_by_matrix,e25b8d07214a8afb95d354611a83b9bb1ded39644e323a8585b3aabf687a4fff,"{""distance"":3,""physical_error_rate"":1e-05}","{""detection_events"":3132,""detectors_checked"":135751680}"
   1297408,         1,         0,   116.8,decoder_by_matrix,beec9fd12293a9cfe53c9b61fb8ce2a525e4eed38fa75d132d6dc64699336876,"{""distance"":3,""physical_error_rate"":0.0001}","{""detection_events"":18510,""detectors_checked"":70060032,""obs_mistake_mask=E"":1}"
   1293312,         1,         0,   118.4,decoder_by_matrix,beec9fd12293a9cfe53c9b61fb8ce2a525e4eed38fa75d132d6dc64699336876,"{""distance"":3,""physical_error_rate"":0.0001}","{""detection_events"":19173,""detectors_checked"":69838848,""obs_mistake_mask=E"":1}"
   1301504,         1,         0,   117.5,decoder_by_matrix,beec9fd12293a9cfe53c9b61fb8ce2a525e4eed38fa75d132d6dc64699336876,"{""distance"":3,""physical_error_rate"":0.0001}","{""detection_events"":19059,""detectors_checked"":70281216,""obs_mistake_mask=E"":1}"
   1166336,        24,         0,   118.6,decoder_by_matrix,5c8c81bfec719079c388cedc47a351f264c1bf769ae28a89f9b4fc7719fea501,"{""distance"":3,""physical_error_rate"":0.0005}","{""detection_events"":85374,""detectors_checked"":62982144,""obs_mistake_mask=E"":24}"
   2819072,         0,         0,   115.2,decoder_by_matrix,560c721f87db01d4cacf7dcb7d8812fecde61e9e7776d4b9e1b1a792578ecad7,"{""distance"":3,""physical_error_rate"":5e-06}","{""detection_events"":2016,""detectors_checked"":152229888}"
   1309696,         3,         0,   117.8,decoder_by_matrix,beec9fd12293a9cfe53c9b61fb8ce2a525e4eed38fa75d132d6dc64699336876,"{""distance"":3,""physical_error_rate"":0.0001}","{""detection_events"":18882,""detectors_checked"":70723584,""obs_mistake_mask=E"":3}"
   2462720,         0,         0,   117.1,decoder_by_matrix,e25b8d07214a8afb95d354611a83b9bb1ded39644e323a8585b3aabf687a4fff,"{""distance"":3,""physical_error_rate"":1e-05}","{""detection_events"":3705,""detectors_checked"":132986880}"
   1545216,         1,         0,   115.9,decoder_by_matrix,36e3cd26fed5ec7649ec51fb08c1a5e7d7f30e615782d954fee045c18a4962ca,"{""distance"":3,""physical_error_rate"":5e-05}","{""detection_events"":11196,""detectors_checked"":83441664,""obs_mistake_mask=E"":1}"
   1510400,         0,         0,   116.2,decoder_by_matrix,36e3cd26fed5ec7649ec51fb08c1a5e7d7f30e615782d954fee045c18a4962ca,"{""distance"":3,""physical_error_rate"":5e-05}","{""detection_events"":11163,""detectors_checked"":81561600}"
    240640,         0,         0,    11.8,decoder_by_matrix,e25b8d07214a8afb95d354611a83b9bb1ded39644e323a8585b3aabf687a4fff,"{""distance"":3,""physical_error_rate"":1e-05}","{""detection_events"":390,""detectors_checked"":12994560}"
    129024,         0,         0,    11.8,decoder_by_matrix,beec9fd12293a9cfe53c9b61fb8ce2a525e4eed38fa75d132d6dc64699336876,"{""distance"":3,""physical_error_rate"":0.0001}","{""detection_events"":1659,""detectors_checked"":6967296}"
    113664,         2,         0,    11.1,decoder_by_matrix,5c8c81bfec719079c388cedc47a351f264c1bf769ae28a89f9b4fc7719fea501,"{""distance"":3,""physical_error_rate"":0.0005}","{""detection_events"":8046,""detectors_checked"":6137856,""obs_mistake_mask=E"":2}"
    273408,         0,         0,    11.3,decoder_by_matrix,560c721f87db01d4cacf7dcb7d8812fecde61e9e7776d4b9e1b1a792578ecad7,"{""distance"":3,""physical_error_rate"":5e-06}","{""detection_events"":195,""detectors_checked"":14764032}"
    156672,         0,         0,    11.3,decoder_by_matrix,36e3cd26fed5ec7649ec51fb08c1a5e7d7f30e615782d954fee045c18a4962ca,"{""distance"":3,""physical_error_rate"":5e-05}","{""detection_events"":1101,""detectors_checked"":8460288}"
    228352,         0,         0,    11.5,decoder_by_matrix,e25b8d07214a8afb95d354611a83b9bb1ded39644e323a8585b3aabf687a4fff,"{""distance"":3,""physical_error_rate"":1e-05}","{""detection_events"":411,""detectors_checked"":12331008}"
    147456,         0,         0,    11.8,decoder_by_matrix,36e3cd26fed5ec7649ec51fb08c1a5e7d7f30e615782d954fee045c18a4962ca,"{""distance"":3,""physical_error_rate"":5e-05}","{""detection_events"":1227,""detectors_checked"":7962624}"
    267264,         0,         0,    11.3,decoder_by_matrix,560c721f87db01d4cacf7dcb7d8812fecde61e9e7776d4b9e1b1a792578ecad7,"{""distance"":3,""physical_error_rate"":5e-06}","{""detection_events"":240,""detectors_checked"":14432256}"
    126976,         0,         0,    11.5,decoder_by_matrix,beec9fd12293a9cfe53c9b61fb8ce2a525e4eed38fa75d132d6dc64699336876,"{""distance"":3,""physical_error_rate"":0.0001}","{""detection_events"":1950,""detectors_checked"":6856704}"
    112640,         2,         0,    11.8,decoder_by_matrix,5c8c81bfec719079c388cedc47a351f264c1bf769ae28a89f9b4fc7719fea501,"{""distance"":3,""physical_error_rate"":0.0005}","{""detection_events"":7812,""detectors_checked"":6082560,""obs_mistake_mask=E"":2}"
    375808,         0,         0,    15.5,decoder_by_matrix,560c721f87db01d4cacf7dcb7d8812fecde61e9e7776d4b9e1b1a792578ecad7,"{""distance"":3,""physical_error_rate"":5e-06}","{""detection_events"":339,""detectors_checked"":20293632}"
    355328,         0,         0,    16.3,decoder_by_matrix,e25b8d07214a8afb95d354611a83b9bb1ded39644e323a8585b3aabf687a4fff,"{""distance"":3,""physical_error_rate"":1e-05}","{""detection_events"":372,""detectors_checked"":19187712}"
    183296,         1,         0,    16.3,decoder_by_matrix,beec9fd12293a9cfe53c9b61fb8ce2a525e4eed38fa75d132d6dc64699336876,"{""distance"":3,""physical_error_rate"":0.0001}","{""detection_events"":2676,""detectors_checked"":9897984,""obs_mistake_mask=E"":1}"
    160768,         5,         0,    15.9,decoder_by_matrix,5c8c81bfec719079c388cedc47a351f264c1bf769ae28a89f9b4fc7719fea501,"{""distance"":3,""physical_error_rate"":0.0005}","{""detection_events"":11547,""detectors_checked"":8681472,""obs_mistake_mask=E"":5}"
    339968,         0,         0,    16.0,decoder_by_matrix,e25b8d07214a8afb95d354611a83b9bb1ded39644e323a8585b3aabf687a4fff,"{""distance"":3,""physical_error_rate"":1e-05}","{""detection_events"":474,""detectors_checked"":18358272}"
    215040,         0,         0,    14.7,decoder_by_matrix,36e3cd26fed5ec7649ec51fb08c1a5e7d7f30e615782d954fee045c18a4962ca,"{""distance"":3,""physical_error_rate"":5e-05}","{""detection_events"":1542,""detectors_checked"":11612160}"
    211968,         1,         0,    16.1,decoder_by_matrix,36e3cd26fed5ec7649ec51fb08c1a5e7d7f30e615782d954fee045c18a4962ca,"{""distance"":3,""physical_error_rate"":5e-05}","{""detection_events"":1581,""detectors_checked"":11446272,""obs_mistake_mask=E"":1}"
    406528,         0,         0,    15.3,decoder_by_matrix,560c721f87db01d4cacf7dcb7d8812fecde61e9e7776d4b9e1b1a792578ecad7,"{""distance"":3,""physical_error_rate"":5e-06}","{""detection_events"":180,""detectors_checked"":21952512}"
    181248,         0,         0,    15.9,decoder_by_matrix,beec9fd12293a9cfe53c9b61fb8ce2a525e4eed38fa75d132d6dc64699336876,"{""distance"":3,""physical_error_rate"":0.0001}","{""detection_events"":2550,""detectors_checked"":9787392}"
    160768,         3,         0,    16.6,decoder_by_matrix,5c8c81bfec719079c388cedc47a351f264c1bf769ae28a89f9b4fc7719fea501,"{""distance"":3,""physical_error_rate"":0.0005}","{""detection_events"":12129,""detectors_checked"":8681472,""obs_mistake_mask=E"":3}"
   2449408,         0,         0,   116.3,decoder_by_matrix,e25b8d07214a8afb95d354611a83b9bb1ded39644e323a8585b3aabf687a4fff,"{""distance"":3,""physical_error_rate"":1e-05}","{""detection_events"":3666,""detectors_checked"":132268032}"
   1317888,         1,         0,   117.9,decoder_by_matrix,beec9fd12293a9cfe53c9b61fb8ce2a525e4eed38fa75d132d6dc64699336876,"{""distance"":3,""physical_error_rate"":0.0001}","{""detection_events"":19089,""detectors_checked"":71165952,""obs_mistake_mask=E"":1}"
   2844672,         0,         0,   116.6,decoder_by_matrix,560c721f87db01d4cacf7dcb7d8812fecde61e9e7776d4b9e1b1a792578ecad7,"{""distance"":3,""physical_error_rate"":5e-06}","{""detection_events"":1653,""detectors_checked"":153612288}"
   1545216,         0,         0,   116.0,decoder_by_matrix,36e3cd26fed5ec7649ec51fb08c1a5e7d7f30e615782d954fee045c18a4962ca,"{""distance"":3,""physical_error_rate"":5e-05}","{""detection_events"":11511,""detectors_checked"":83441664}"
   1160192,        33,         0,   116.8,decoder_by_matrix,5c8c81bfec719079c388cedc47a351f264c1bf769ae28a89f9b4fc7719fea501,"{""distance"":3,""physical_error_rate"":0.0005}","{""detection_events"":84861,""detectors_checked"":62650368,""obs_mistake_mask=E"":33}"
    251904,         0,         0,    23.0,decoder_by_matrix,beec9fd12293a9cfe53c9b61fb8ce2a525e4eed38fa75d132d6dc64699336876,"{""distance"":3,""physical_error_rate"":0.0001}","{""detection_events"":3456,""detectors_checked"":13602816}"
    477184,         0,         0,    22.6,decoder_by_matrix,e25b8d07214a8afb95d354611a83b9bb1ded39644e323a8585b3aabf687a4fff,"{""distance"":3,""physical_error_rate"":1e-05}","{""detection_events"":660,""detectors_checked"":25767936}"
    532480,         0,         0,    21.6,decoder_by_matrix,560c721f87db01d4cacf7dcb7d8812fecde61e9e7776d4b9e1b1a792578ecad7,"{""distance"":3,""physical_error_rate"":5e-06}","{""detection_events"":360,""detectors_checked"":28753920}"
    473088,         0,         0,    22.8,decoder_by_matrix,e25b8d07214a8afb95d354611a83b9bb1ded39644e323a8585b3aabf687a4fff,"{""distance"":3,""physical_error_rate"":1e-05}","{""detection_events"":630,""detectors_checked"":25546752}"
    223232,         2,         0,    22.9,decoder_by_matrix,5c8c81bfec719079c388cedc47a351f264c1bf769ae28a89f9b4fc7719fea501,"{""distance"":3,""physical_error_rate"":0.0005}","{""detection_events"":16155,""detectors_checked"":12054528,""obs_mistake_mask=E"":2}"
    308224,         0,         0,    22.2,decoder_by_matrix,36e3cd26fed5ec7649ec51fb08c1a5e7d7f30e615782d954fee045c18a4962ca,"{""distance"":3,""physical_error_rate"":5e-05}","{""detection_events"":2310,""detectors_checked"":16644096}"
    304128,         0,         0,    22.4,decoder_by_matrix,36e3cd26fed5ec7649ec51fb08c1a5e7d7f30e615782d954fee045c18a4962ca,"{""distance"":3,""physical_error_rate"":5e-05}","{""detection_events"":2064,""detectors_checked"":16422912}"
    250880,         2,         0,    22.6,decoder_by_matrix,beec9fd12293a9cfe53c9b61fb8ce2a525e4eed38fa75d132d6dc64699336876,"{""distance"":3,""physical_error_rate"":0.0001}","{""detection_events"":3627,""detectors_checked"":13547520,""obs_mistake_mask=E"":2}"
    535552,         0,         0,    22.9,decoder_by_matrix,560c721f87db01d4cacf7dcb7d8812fecde61e9e7776d4b9e1b1a792578ecad7,"{""distance"":3,""physical_error_rate"":5e-06}","{""detection_events"":417,""detectors_checked"":28919808}"
    223232,         5,         0,    21.9,decoder_by_matrix,5c8c81bfec719079c388cedc47a351f264c1bf769ae28a89f9b4fc7719fea501,"{""distance"":3,""physical_error_rate"":0.0005}","{""detection_events"":15945,""detectors_checked"":12054528,""obs_mistake_mask=E"":5}"
    351232,         1,         0,    32.1,decoder_by_matrix,beec9fd12293a9cfe53c9b61fb8ce2a525e4eed38fa75d132d6dc64699336876,"{""distance"":3,""physical_error_rate"":0.0001}","{""detection_events"":5142,""detectors_checked"":18966528,""obs_mistake_mask=E"":1}"
    650240,         0,         0,    31.5,decoder_by_matrix,e25b8d07214a8afb95d354611a83b9bb1ded39644e323a8585b3aabf687a4fff,"{""distance"":3,""physical_error_rate"":1e-05}","{""detection_events"":960,""detectors_checked"":35112960}"
    312320,         8,         0,    31.4,decoder_by_matrix,5c8c81bfec719079c388cedc47a351f264c1bf769ae28a89f9b4fc7719fea501,"{""distance"":3,""physical_error_rate"":0.0005}","{""detection_events"":22590,""detectors_checked"":16865280,""obs_mistake_mask=E"":8}"
    659456,         0,         0,    30.7,decoder_by_matrix,e25b8d07214a8afb95d354611a83b9bb1ded39644e323a8585b3aabf687a4fff,"{""distance"":3,""physical_error_rate"":1e-05}","{""detection_events"":915,""detectors_checked"":35610624}"
    711680,         0,         0,    30.1,decoder_by_matrix,560c721f87db01d4cacf7dcb7d8812fecde61e9e7776d4b9e1b1a792578ecad7,"{""distance"":3,""physical_error_rate"":5e-06}","{""detection_events"":663,""detectors_checked"":38430720}"
    400384,         0,         0,    31.7,decoder_by_matrix,36e3cd26fed5ec7649ec51fb08c1a5e7d7f30e615782d954fee045c18a4962ca,"{""distance"":3,""physical_error_rate"":5e-05}","{""detection_events"":2979,""detectors_checked"":21620736}"
    740352,         0,         0,    31.6,decoder_by_matrix,560c721f87db01d4cacf7dcb7d8812fecde61e9e7776d4b9e1b1a792578ecad7,"{""distance"":3,""physical_error_rate"":5e-06}","{""detection_events"":564,""detectors_checked"":39979008}"
    430080,         0,         0,    30.3,decoder_by_matrix,36e3cd26fed5ec7649ec51fb08c1a5e7d7f30e615782d954fee045c18a4962ca,"{""distance"":3,""physical_error_rate"":5e-05}","{""detection_events"":3063,""detectors_checked"":23224320}"
    348160,         0,         0,    31.2,decoder_by_matrix,beec9fd12293a9cfe53c9b61fb8ce2a525e4eed38fa75d132d6dc64699336876,"{""distance"":3,""physical_error_rate"":0.0001}","{""detection_events"":5289,""detectors_checked"":18800640}"
    311296,         6,         0,    31.8,decoder_by_matrix,5c8c81bfec719079c388cedc47a351f264c1bf769ae28a89f9b4fc7719fea501,"{""distance"":3,""physical_error_rate"":0.0005}","{""detection_events"":22122,""detectors_checked"":16809984,""obs_mistake_mask=E"":6}"
   2418688,         0,         0,   114.5,decoder_by_matrix,e25b8d07214a8afb95d354611a83b9bb1ded39644e323a8585b3aabf687a4fff,"{""distance"":3,""physical_error_rate"":1e-05}","{""detection_events"":3933,""detectors_checked"":130609152}"
   1302528,         0,         0,   117.9,decoder_by_matrix,beec9fd12293a9cfe53c9b61fb8ce2a525e4eed38fa75d132d6dc64699336876,"{""distance"":3,""physical_error_rate"":0.0001}","{""detection_events"":19140,""detectors_checked"":70336512}"
   2750464,         0,         0,   117.0,decoder_by_matrix,560c721f87db01d4cacf7dcb7d8812fecde61e9e7776d4b9e1b1a792578ecad7,"{""distance"":3,""physical_error_rate"":5e-06}","{""detection_events"":2265,""detectors_checked"":148525056}"
   1160192,        25,         0,   116.3,decoder_by_matrix,5c8c81bfec719079c388cedc47a351f264c1bf769ae28a89f9b4fc7719fea501,"{""distance"":3,""physical_error_rate"":0.0005}","{""detection_events"":84747,""detectors_checked"":62650368,""obs_mistake_mask=E"":25}"
   2434048,         0,         0,   117.5,decoder_by_matrix,e25b8d07214a8afb95d354611a83b9bb1ded39644e323a8585b3aabf687a4fff,"{""distance"":3,""physical_error_rate"":1e-05}","{""detection_events"":3843,""detectors_checked"":131438592}"
   1292288,         3,         0,   118.9,decoder_by_matrix,beec9fd12293a9cfe53c9b61fb8ce2a525e4eed38fa75d132d6dc64699336876,"{""distance"":3,""physical_error_rate"":0.0001}","{""detection_events"":19461,""detectors_checked"":69783552,""obs_mistake_mask=E"":3}"
   1165312,        27,         0,   117.8,decoder_by_matrix,5c8c81bfec719079c388cedc47a351f264c1bf769ae28a89f9b4fc7719fea501,"{""distance"":3,""physical_error_rate"":0.0005}","{""detection_events"":85329,""detectors_checked"":62926848,""obs_mistake_mask=E"":27}"
   1553408,         0,         0,   117.7,decoder_by_matrix,36e3cd26fed5ec7649ec51fb08c1a5e7d7f30e615782d954fee045c18a4962ca,"{""distance"":3,""physical_error_rate"":5e-05}","{""detection_events"":11286,""detectors_checked"":83884032}"
   1552384,         3,         0,   116.7,decoder_by_matrix,36e3cd26fed5ec7649ec51fb08c1a5e7d7f30e615782d954fee045c18a4962ca,"{""distance"":3,""physical_error_rate"":5e-05}","{""detection_events"":12150,""detectors_checked"":83828736,""obs_mistake_mask=E"":3}"
   1476608,         0,         0,   115.7,decoder_by_matrix,36e3cd26fed5ec7649ec51fb08c1a5e7d7f30e615782d954fee045c18a4962ca,"{""distance"":3,""physical_error_rate"":5e-05}","{""detection_events"":10728,""detectors_checked"":79736832}"
   1303552,         0,         0,   117.9,decoder_by_matrix,beec9fd12293a9cfe53c9b61fb8ce2a525e4eed38fa75d132d6dc64699336876,"{""distance"":3,""physical_error_rate"":0.0001}","{""detection_events"":18600,""detectors_checked"":70391808}"
   2486272,         0,         0,   116.1,decoder_by_matrix,e25b8d07214a8afb95d354611a83b9bb1ded39644e323a8585b3aabf687a4fff,"{""distance"":3,""physical_error_rate"":1e-05}","{""detection_events"":3510,""detectors_checked"":134258688}"
   2788352,         0,         0,   115.4,decoder_by_matrix,560c721f87db01d4cacf7dcb7d8812fecde61e9e7776d4b9e1b1a792578ecad7,"{""distance"":3,""physical_error_rate"":5e-06}","{""detection_events"":1878,""detectors_checked"":150571008}"
   1166336,        11,         0,   117.8,decoder_by_matrix,5c8c81bfec719079c388cedc47a351f264c1bf769ae28a89f9b4fc7719fea501,"{""distance"":3,""physical_error_rate"":0.0005}","{""detection_events"":84726,""detectors_checked"":62982144,""obs_mistake_mask=E"":11}"
   1537024,         0,         0,   116.9,decoder_by_matrix,36e3cd26fed5ec7649ec51fb08c1a5e7d7f30e615782d954fee045c18a4962ca,"{""distance"":3,""physical_error_rate"":5e-05}","{""detection_events"":11169,""detectors_checked"":82999296}"
   1168384,        23,         0,   118.1,decoder_by_matrix,5c8c81bfec719079c388cedc47a351f264c1bf769ae28a89f9b4fc7719fea501,"{""distance"":3,""physical_error_rate"":0.0005}","{""detection_events"":84801,""detectors_checked"":63092736,""obs_mistake_mask=E"":23}"
   1566720,         1,         0,   118.6,decoder_by_matrix,36e3cd26fed5ec7649ec51fb08c1a5e7d7f30e615782d954fee045c18a4962ca,"{""distance"":3,""physical_error_rate"":5e-05}","{""detection_events"":11247,""detectors_checked"":84602880,""obs_mistake_mask=E"":1}"
   2459648,         0,         0,   117.2,decoder_by_matrix,e25b8d07214a8afb95d354611a83b9bb1ded39644e323a8585b3aabf687a4fff,"{""distance"":3,""physical_error_rate"":1e-05}","{""detection_events"":3519,""detectors_checked"":132820992}"
   2768896,         0,         0,   115.8,decoder_by_matrix,560c721f87db01d4cacf7dcb7d8812fecde61e9e7776d4b9e1b1a792578ecad7,"{""distance"":3,""physical_error_rate"":5e-06}","{""detection_events"":1956,""detectors_checked"":149520384}"
   2817024,         0,         0,   116.2,decoder_by_matrix,560c721f87db01d4cacf7dcb7d8812fecde61e9e7776d4b9e1b1a792578ecad7,"{""distance"":3,""physical_error_rate"":5e-06}","{""detection_events"":1875,""detectors_checked"":152119296}"
   2777088,         0,         0,   114.3,decoder_by_matrix,560c721f87db01d4cacf7dcb7d8812fecde61e9e7776d4b9e1b1a792578ecad7,"{""distance"":3,""physical_error_rate"":5e-06}","{""detection_events"":2097,""detectors_checked"":149962752}"
   2783232,         0,         0,   115.2,decoder_by_matrix,560c721f87db01d4cacf7dcb7d8812fecde61e9e7776d4b9e1b1a792578ecad7,"{""distance"":3,""physical_error_rate"":5e-06}","{""detection_events"":2049,""detectors_checked"":150294528}"
   1306624,         2,         0,   117.0,decoder_by_matrix,beec9fd12293a9cfe53c9b61fb8ce2a525e4eed38fa75d132d6dc64699336876,"{""distance"":3,""physical_error_rate"":0.0001}","{""detection_events"":19242,""detectors_checked"":70557696,""obs_mistake_mask=E"":2}"
   1162240,        20,         0,   117.4,decoder_by_matrix,5c8c81bfec719079c388cedc47a351f264c1bf769ae28a89f9b4fc7719fea501,"{""distance"":3,""physical_error_rate"":0.0005}","{""detection_events"":85662,""detectors_checked"":62760960,""obs_mistake_mask=E"":20}"
   1167360,        20,         0,   117.1,decoder_by_matrix,5c8c81bfec719079c388cedc47a351f264c1bf769ae28a89f9b4fc7719fea501,"{""distance"":3,""physical_error_rate"":0.0005}","{""detection_events"":83619,""detectors_checked"":63037440,""obs_mistake_mask=E"":20}"
   1503232,         0,         0,   117.1,decoder_by_matrix,36e3cd26fed5ec7649ec51fb08c1a5e7d7f30e615782d954fee045c18a4962ca,"{""distance"":3,""physical_error_rate"":5e-05}","{""detection_events"":11514,""detectors_checked"":81174528}"
   2455552,         0,         0,   116.5,decoder_by_matrix,e25b8d07214a8afb95d354611a83b9bb1ded39644e323a8585b3aabf687a4fff,"{""distance"":3,""physical_error_rate"":1e-05}","{""detection_events"":3528,""detectors_checked"":132599808}"
   1538048,         0,         0,   117.8,decoder_by_matrix,36e3cd26fed5ec7649ec51fb08c1a5e7d7f30e615782d954fee045c18a4962ca,"{""distance"":3,""physical_error_rate"":5e-05}","{""detection_events"":11514,""detectors_checked"":83054592}"
   1164288,        30,         0,   118.7,decoder_by_matrix,5c8c81bfec719079c388cedc47a351f264c1bf769ae28a89f9b4fc7719fea501,"{""distance"":3,""physical_error_rate"":0.0005}","{""detection_events"":86943,""detectors_checked"":62871552,""obs_mistake_mask=E"":30}"
   2487296,         0,         0,   115.3,decoder_by_matrix,e25b8d07214a8afb95d354611a83b9bb1ded39644e323a8585b3aabf687a4fff,"{""distance"":3,""physical_error_rate"":1e-05}","{""detection_events"":3591,""detectors_checked"":134313984}"
   2824192,         0,         0,   116.5,decoder_by_matrix,560c721f87db01d4cacf7dcb7d8812fecde61e9e7776d4b9e1b1a792578ecad7,"{""distance"":3,""physical_error_rate"":5e-06}","{""detection_events"":1932,""detectors_checked"":152506368}"
   2447360,         0,         0,   115.0,decoder_by_matrix,e25b8d07214a8afb95d354611a83b9bb1ded39644e323a8585b3aabf687a4fff,"{""distance"":3,""physical_error_rate"":1e-05}","{""detection_events"":3636,""detectors_checked"":132157440}"
   1291264,         0,         0,   118.4,decoder_by_matrix,beec9fd12293a9cfe53c9b61fb8ce2a525e4eed38fa75d132d6dc64699336876,"{""distance"":3,""physical_error_rate"":0.0001}","{""detection_events"":17994,""detectors_checked"":69728256}"
   1160192,        17,         0,   117.5,decoder_by_matrix,5c8c81bfec719079c388cedc47a351f264c1bf769ae28a89f9b4fc7719fea501,"{""distance"":3,""physical_error_rate"":0.0005}","{""detection_events"":85932,""detectors_checked"":62650368,""obs_mistake_mask=E"":17}"
   1285120,         1,         0,   118.4,decoder_by_matrix,beec9fd12293a9cfe53c9b61fb8ce2a525e4eed38fa75d132d6dc64699336876,"{""distance"":3,""physical_error_rate"":0.0001}","{""detection_events"":19230,""detectors_checked"":69396480,""obs_mistake_mask=E"":1}"
   1552384,         1,         0,   117.5,decoder_by_matrix,36e3cd26fed5ec7649ec51fb08c1a5e7d7f30e615782d954fee045c18a4962ca,"{""distance"":3,""physical_error_rate"":5e-05}","{""detection_events"":11001,""detectors_checked"":83828736,""obs_mistake_mask=E"":1}"
   2452480,         0,         0,   116.1,decoder_by_matrix,e25b8d07214a8afb95d354611a83b9bb1ded39644e323a8585b3aabf687a4fff,"{""distance"":3,""physical_error_rate"":1e-05}","{""detection_events"":3696,""detectors_checked"":132433920}"
   1164288,        15,         0,   118.4,decoder_by_matrix,5c8c81bfec719079c388cedc47a351f264c1bf769ae28a89f9b4fc7719fea501,"{""distance"":3,""physical_error_rate"":0.0005}","{""detection_events"":84324,""detectors_checked"":62871552,""obs_mistake_mask=E"":15}"
   2471936,         0,         0,   115.1,decoder_by_matrix,e25b8d07214a8afb95d354611a83b9bb1ded39644e323a8585b3aabf687a4fff,"{""distance"":3,""physical_error_rate"":1e-05}","{""detection_events"":3516,""detectors_checked"":133484544}"
   2734080,         0,         0,   115.0,decoder_by_matrix,560c721f87db01d4cacf7dcb7d8812fecde61e9e7776d4b9e1b1a792578ecad7,"{""distance"":3,""physical_error_rate"":5e-06}","{""detection_events"":1923,""detectors_checked"":147640320}"
   1312768,         1,         0,   118.9,decoder_by_matrix,beec9fd12293a9cfe53c9b61fb8ce2a525e4eed38fa75d132d6dc64699336876,"{""distance"":3,""physical_error_rate"":0.0001}","{""detection_events"":19023,""detectors_checked"":70889472,""obs_mistake_mask=E"":1}"
   1297408,         0,         0,   118.6,decoder_by_matrix,beec9fd12293a9cfe53c9b61fb8ce2a525e4eed38fa75d132d6dc64699336876,"{""distance"":3,""physical_error_rate"":0.0001}","{""detection_events"":19425,""detectors_checked"":70060032}"
   1167360,         7,         0,   118.0,decoder_by_matrix,5c8c81bfec719079c388cedc47a351f264c1bf769ae28a89f9b4fc7719fea501,"{""distance"":3,""physical_error_rate"":0.0005}","{""detection_events"":85731,""detectors_checked"":63037440,""obs_mistake_mask=E"":7}"
   1319936,         0,         0,   116.7,decoder_by_matrix,beec9fd12293a9cfe53c9b61fb8ce2a525e4eed38fa75d132d6dc64699336876,"{""distance"":3,""physical_error_rate"":0.0001}","{""detection_events"":18573,""detectors_checked"":71276544}"
   1307648,         1,         0,   117.3,decoder_by_matrix,beec9fd12293a9cfe53c9b61fb8ce2a525e4eed38fa75d132d6dc64699336876,"{""distance"":3,""physical_error_rate"":0.0001}","{""detection_events"":19155,""detectors_checked"":70612992,""obs_mistake_mask=E"":1}"
   2793472,         0,         0,   116.3,decoder_by_matrix,560c721f87db01d4cacf7dcb7d8812fecde61e9e7776d4b9e1b1a792578ecad7,"{""distance"":3,""physical_error_rate"":5e-06}","{""detection_events"":2085,""detectors_checked"":150847488}"
   2506752,         0,         0,   114.5,decoder_by_matrix,e25b8d07214a8afb95d354611a83b9bb1ded39644e323a8585b3aabf687a4fff,"{""distance"":3,""physical_error_rate"":1e-05}","{""detection_events"":3492,""detectors_checked"":135364608}"
   1536000,         0,         0,   117.6,decoder_by_matrix,36e3cd26fed5ec7649ec51fb08c1a5e7d7f30e615782d954fee045c18a4962ca,"{""distance"":3,""physical_error_rate"":5e-05}","{""detection_events"":11157,""detectors_checked"":82944000}"
    484352,         0,         0,    44.3,decoder_by_matrix,beec9fd12293a9cfe53c9b61fb8ce2a525e4eed38fa75d132d6dc64699336876,"{""distance"":3,""physical_error_rate"":0.0001}","{""detection_events"":7164,""detectors_checked"":26155008}"
    912384,         0,         0,    43.2,decoder_by_matrix,e25b8d07214a8afb95d354611a83b9bb1ded39644e323a8585b3aabf687a4fff,"{""distance"":3,""physical_error_rate"":1e-05}","{""detection_events"":1485,""detectors_checked"":49268736}"
    942080,         0,         0,    42.8,decoder_by_matrix,e25b8d07214a8afb95d354611a83b9bb1ded39644e323a8585b3aabf687a4fff,"{""distance"":3,""physical_error_rate"":1e-05}","{""detection_events"":1230,""detectors_checked"":50872320}"
    437248,         4,         0,    44.5,decoder_by_matrix,5c8c81bfec719079c388cedc47a351f264c1bf769ae28a89f9b4fc7719fea501,"{""distance"":3,""physical_error_rate"":0.0005}","{""detection_events"":31272,""detectors_checked"":23611392,""obs_mistake_mask=E"":4}"
    583680,         0,         0,    43.5,decoder_by_matrix,36e3cd26fed5ec7649ec51fb08c1a5e7d7f30e615782d954fee045c18a4962ca,"{""distance"":3,""physical_error_rate"":5e-05}","{""detection_events"":4293,""detectors_checked"":31518720}"
   1016832,         0,         0,    43.9,decoder_by_matrix,560c721f87db01d4cacf7dcb7d8812fecde61e9e7776d4b9e1b1a792578ecad7,"{""distance"":3,""physical_error_rate"":5e-06}","{""detection_events"":840,""detectors_checked"":54908928}"
    563200,         1,         0,    43.8,decoder_by_matrix,36e3cd26fed5ec7649ec51fb08c1a5e7d7f30e615782d954fee045c18a4962ca,"{""distance"":3,""physical_error_rate"":5e-05}","{""detection_events"":4347,""detectors_checked"":30412800,""obs_mistake_mask=E"":1}"
   1037312,         0,         0,    42.8,decoder_by_matrix,560c721f87db01d4cacf7dcb7d8812fecde61e9e7776d4b9e1b1a792578ecad7,"{""distance"":3,""physical_error_rate"":5e-06}","{""detection_events"":813,""detectors_checked"":56014848}"
    492544,         1,         0,    45.0,decoder_by_matrix,beec9fd12293a9cfe53c9b61fb8ce2a525e4eed38fa75d132d6dc64699336876,"{""distance"":3,""physical_error_rate"":0.0001}","{""detection_events"":7506,""detectors_checked"":26597376,""obs_mistake_mask=E"":1}"
   1537024,         0,         0,   116.9,decoder_by_matrix,36e3cd26fed5ec7649ec51fb08c1a5e7d7f30e615782d954fee045c18a4962ca,"{""distance"":3,""physical_error_rate"":5e-05}","{""detection_events"":11166,""detectors_checked"":82999296}"
    434176,         7,         0,    43.6,decoder_by_matrix,5c8c81bfec719079c388cedc47a351f264c1bf769ae28a89f9b4fc7719fea501,"{""distance"":3,""physical_error_rate"":0.0005}","{""detection_events"":33138,""detectors_checked"":23445504,""obs_mistake_mask=E"":7}"
   2489344,         0,         0,   114.4,decoder_by_matrix,e25b8d07214a8afb95d354611a83b9bb1ded39644e323a8585b3aabf687a4fff,"{""distance"":3,""physical_error_rate"":1e-05}","{""detection_events"":3531,""detectors_checked"":134424576}"
   1296384,         1,         0,   117.7,decoder_by_matrix,beec9fd12293a9cfe53c9b61fb8ce2a525e4eed38fa75d132d6dc64699336876,"{""distance"":3,""physical_error_rate"":0.0001}","{""detection_events"":19086,""detectors_checked"":70004736,""obs_mistake_mask=E"":1}"
   2801664,         0,         0,   113.7,decoder_by_matrix,560c721f87db01d4cacf7dcb7d8812fecde61e9e7776d4b9e1b1a792578ecad7,"{""distance"":3,""physical_error_rate"":5e-06}","{""detection_events"":2058,""detectors_checked"":151289856}"
   1523712,         1,         0,   117.8,decoder_by_matrix,36e3cd26fed5ec7649ec51fb08c1a5e7d7f30e615782d954fee045c18a4962ca,"{""distance"":3,""physical_error_rate"":5e-05}","{""detection_events"":11415,""detectors_checked"":82280448,""obs_mistake_mask=E"":1}"
   1164288,        15,         0,   116.4,decoder_by_matrix,5c8c81bfec719079c388cedc47a351f264c1bf769ae28a89f9b4fc7719fea501,"{""distance"":3,""physical_error_rate"":0.0005}","{""detection_events"":84552,""detectors_checked"":62871552,""obs_mistake_mask=E"":15}"
    695296,         0,         0,    61.6,decoder_by_matrix,beec9fd12293a9cfe53c9b61fb8ce2a525e4eed38fa75d132d6dc64699336876,"{""distance"":3,""physical_error_rate"":0.0001}","{""detection_events"":9384,""detectors_checked"":37545984}"
   1280000,         0,         0,    61.1,decoder_by_matrix,e25b8d07214a8afb95d354611a83b9bb1ded39644e323a8585b3aabf687a4fff,"{""distance"":3,""physical_error_rate"":1e-05}","{""detection_events"":1962,""detectors_checked"":69120000}"
   1308672,         0,         0,    62.2,decoder_by_matrix,e25b8d07214a8afb95d354611a83b9bb1ded39644e323a8585b3aabf687a4fff,"{""distance"":3,""physical_error_rate"":1e-05}","{""detection_events"":1683,""detectors_checked"":70668288}"
    611328,         6,         0,    62.3,decoder_by_matrix,5c8c81bfec719079c388cedc47a351f264c1bf769ae28a89f9b4fc7719fea501,"{""distance"":3,""physical_error_rate"":0.0005}","{""detection_events"":45075,""detectors_checked"":33011712,""obs_mistake_mask=E"":6}"
    825344,         0,         0,    61.1,decoder_by_matrix,36e3cd26fed5ec7649ec51fb08c1a5e7d7f30e615782d954fee045c18a4962ca,"{""distance"":3,""physical_error_rate"":5e-05}","{""detection_events"":5802,""detectors_checked"":44568576}"
   1461248,         0,         0,    60.9,decoder_by_matrix,560c721f87db01d4cacf7dcb7d8812fecde61e9e7776d4b9e1b1a792578ecad7,"{""distance"":3,""physical_error_rate"":5e-06}","{""detection_events"":1095,""detectors_checked"":78907392}"
   1433600,         0,         0,    59.6,decoder_by_matrix,560c721f87db01d4cacf7dcb7d8812fecde61e9e7776d4b9e1b1a792578ecad7,"{""distance"":3,""physical_error_rate"":5e-06}","{""detection_events"":1098,""detectors_checked"":77414400}"
    807936,         1,         0,    62.3,decoder_by_matrix,36e3cd26fed5ec7649ec51fb08c1a5e7d7f30e615782d954fee045c18a4962ca,"{""distance"":3,""physical_error_rate"":5e-05}","{""detection_events"":5874,""detectors_checked"":43628544,""obs_mistake_mask=E"":1}"
    690176,         0,         0,    61.4,decoder_by_matrix,beec9fd12293a9cfe53c9b61fb8ce2a525e4eed38fa75d132d6dc64699336876,"{""distance"":3,""physical_error_rate"":0.0001}","{""detection_events"":10347,""detectors_checked"":37269504}"
    609280,         9,         0,    62.4,decoder_by_matrix,5c8c81bfec719079c388cedc47a351f264c1bf769ae28a89f9b4fc7719fea501,"{""distance"":3,""physical_error_rate"":0.0005}","{""detection_events"":44013,""detectors_checked"":32901120,""obs_mistake_mask=E"":9}"
   2432000,         0,         0,   115.4,decoder_by_matrix,e25b8d07214a8afb95d354611a83b9bb1ded39644e323a8585b3aabf687a4fff,"{""distance"":3,""physical_error_rate"":1e-05}","{""detection_events"":3762,""detectors_checked"":131328000}"
   1295360,         2,         0,   117.0,decoder_by_matrix,beec9fd12293a9cfe53c9b61fb8ce2a525e4eed38fa75d132d6dc64699336876,"{""distance"":3,""physical_error_rate"":0.0001}","{""detection_events"":19005,""detectors_checked"":69949440,""obs_mistake_mask=E"":2}"
   2806784,         0,         0,   115.0,decoder_by_matrix,560c721f87db01d4cacf7dcb7d8812fecde61e9e7776d4b9e1b1a792578ecad7,"{""distance"":3,""physical_error_rate"":5e-06}","{""detection_events"":1977,""detectors_checked"":151566336}"
   2454528,         0,         0,   115.6,decoder_by_matrix,e25b8d07214a8afb95d354611a83b9bb1ded39644e323a8585b3aabf687a4fff,"{""distance"":3,""physical_error_rate"":1e-05}","{""detection_events"":3699,""detectors_checked"":132544512}"
   1160192,        27,         0,   119.2,decoder_by_matrix,5c8c81bfec719079c388cedc47a351f264c1bf769ae28a89f9b4fc7719fea501,"{""distance"":3,""physical_error_rate"":0.0005}","{""detection_events"":85422,""detectors_checked"":62650368,""obs_mistake_mask=E"":27}"
   1305600,         3,         0,   117.1,decoder_by_matrix,beec9fd12293a9cfe53c9b61fb8ce2a525e4eed38fa75d132d6dc64699336876,"{""distance"":3,""physical_error_rate"":0.0001}","{""detection_events"":19587,""detectors_checked"":70502400,""obs_mistake_mask=E"":3}"
   1165312,        25,         0,   118.2,decoder_by_matrix,5c8c81bfec719079c388cedc47a351f264c1bf769ae28a89f9b4fc7719fea501,"{""distance"":3,""physical_error_rate"":0.0005}","{""detection_events"":85011,""detectors_checked"":62926848,""obs_mistake_mask=E"":25}"
   1561600,         0,         0,   118.1,decoder_by_matrix,36e3cd26fed5ec7649ec51fb08c1a5e7d7f30e615782d954fee045c18a4962ca,"{""distance"":3,""physical_error_rate"":5e-05}","{""detection_events"":11088,""detectors_checked"":84326400}"
   1560576,         0,         0,   117.8,decoder_by_matrix,36e3cd26fed5ec7649ec51fb08c1a5e7d7f30e615782d954fee045c18a4962ca,"{""distance"":3,""physical_error_rate"":5e-05}","{""detection_events"":11631,""detectors_checked"":84271104}"
   1510400,         0,         0,   117.3,decoder_by_matrix,36e3cd26fed5ec7649ec51fb08c1a5e7d7f30e615782d954fee045c18a4962ca,"{""distance"":3,""physical_error_rate"":5e-05}","{""detection_events"":11721,""detectors_checked"":81561600}"
   1296384,         1,         0,   117.3,decoder_by_matrix,beec9fd12293a9cfe53c9b61fb8ce2a525e4eed38fa75d132d6dc64699336876,"{""distance"":3,""physical_error_rate"":0.0001}","{""detection_events"":18657,""detectors_checked"":70004736,""obs_mistake_mask=E"":1}"
   2458624,         0,         0,   114.6,decoder_by_matrix,e25b8d07214a8afb95d354611a83b9bb1ded39644e323a8585b3aabf687a4fff,"{""distance"":3,""physical_error_rate"":1e-05}","{""detection_events"":3561,""detectors_checked"":132765696}"
   1166336,        18,         0,   117.7,decoder_by_matrix,5c8c81bfec719079c388cedc47a351f264c1bf769ae28a89f9b4fc7719fea501,"{""distance"":3,""physical_error_rate"":0.0005}","{""detection_events"":85245,""detectors_checked"":62982144,""obs_mistake_mask=E"":18}"
   2795520,         0,         0,   116.1,decoder_by_matrix,560c721f87db01d4cacf7dcb7d8812fecde61e9e7776d4b9e1b1a792578ecad7,"{""distance"":3,""physical_error_rate"":5e-06}","{""detection_events"":1917,""detectors_checked"":150958080}"
   1571840,         0,         0,   118.1,decoder_by_matrix,36e3cd26fed5ec7649ec51fb08c1a5e7d7f30e615782d954fee045c18a4962ca,"{""distance"":3,""physical_error_rate"":5e-05}","{""detection_events"":11187,""detectors_checked"":84879360}"
   1168384,        21,         0,   115.8,decoder_by_matrix,5c8c81bfec719079c388cedc47a351f264c1bf769ae28a89f9b4fc7719fea501,"{""distance"":3,""physical_error_rate"":0.0005}","{""detection_events"":85548,""detectors_checked"":63092736,""obs_mistake_mask=E"":21}"
   1564672,         0,         0,   117.7,decoder_by_matrix,36e3cd26fed5ec7649ec51fb08c1a5e7d7f30e615782d954fee045c18a4962ca,"{""distance"":3,""physical_error_rate"":5e-05}","{""detection_events"":11562,""detectors_checked"":84492288}"
   2476032,         0,         0,   116.1,decoder_by_matrix,e25b8d07214a8afb95d354611a83b9bb1ded39644e323a8585b3aabf687a4fff,"{""distance"":3,""physical_error_rate"":1e-05}","{""detection_events"":3516,""detectors_checked"":133705728}"
   2786304,         0,         0,   114.9,decoder_by_matrix,560c721f87db01d4cacf7dcb7d8812fecde61e9e7776d4b9e1b1a792578ecad7,"{""distance"":3,""physical_error_rate"":5e-06}","{""detection_events"":1884,""detectors_checked"":150460416}"
   2814976,         0,         0,   115.3,decoder_by_matrix,560c721f87db01d4cacf7dcb7d8812fecde61e9e7776d4b9e1b1a792578ecad7,"{""distance"":3,""physical_error_rate"":5e-06}","{""detection_events"":1977,""detectors_checked"":152008704}"
   1306624,         1,         0,   118.5,decoder_by_matrix,beec9fd12293a9cfe53c9b61fb8ce2a525e4eed38fa75d132d6dc64699336876,"{""distance"":3,""physical_error_rate"":0.0001}","{""detection_events"":18735,""detectors_checked"":70557696,""obs_mistake_mask=E"":1}"
   2738176,         0,         0,   117.0,decoder_by_matrix,560c721f87db01d4cacf7dcb7d8812fecde61e9e7776d4b9e1b1a792578ecad7,"{""distance"":3,""physical_error_rate"":5e-06}","{""detection_events"":2190,""detectors_checked"":147861504}"
   2816000,         0,         0,   115.8,decoder_by_matrix,560c721f87db01d4cacf7dcb7d8812fecde61e9e7776d4b9e1b1a792578ecad7,"{""distance"":3,""physical_error_rate"":5e-06}","{""detection_events"":1986,""detectors_checked"":152064000}"
   1164288,        23,         0,   118.0,decoder_by_matrix,5c8c81bfec719079c388cedc47a351f264c1bf769ae28a89f9b4fc7719fea501,"{""distance"":3,""physical_error_rate"":0.0005}","{""detection_events"":84471,""detectors_checked"":62871552,""obs_mistake_mask=E"":23}"
   1522688,         0,         0,   116.2,decoder_by_matrix,36e3cd26fed5ec7649ec51fb08c1a5e7d7f30e615782d954fee045c18a4962ca,"{""distance"":3,""physical_error_rate"":5e-05}","{""detection_events"":11121,""detectors_checked"":82225152}"
   1162240,        16,         0,   118.1,decoder_by_matrix,5c8c81bfec719079c388cedc47a351f264c1bf769ae28a89f9b4fc7719fea501,"{""distance"":3,""physical_error_rate"":0.0005}","{""detection_events"":84174,""detectors_checked"":62760960,""obs_mistake_mask=E"":16}"
   2455552,         0,         0,   115.8,decoder_by_matrix,e25b8d07214a8afb95d354611a83b9bb1ded39644e323a8585b3aabf687a4fff,"{""distance"":3,""physical_error_rate"":1e-05}","{""detection_events"":3618,""detectors_checked"":132599808}"
   1539072,         0,         0,   116.8,decoder_by_matrix,36e3cd26fed5ec7649ec51fb08c1a5e7d7f30e615782d954fee045c18a4962ca,"{""distance"":3,""physical_error_rate"":5e-05}","{""detection_events"":10974,""detectors_checked"":83109888}"
   1165312,        22,         0,   116.1,decoder_by_matrix,5c8c81bfec719079c388cedc47a351f264c1bf769ae28a89f9b4fc7719fea501,"{""distance"":3,""physical_error_rate"":0.0005}","{""detection_events"":85461,""detectors_checked"":62926848,""obs_mistake_mask=E"":22}"
   2443264,         0,         0,   115.8,decoder_by_matrix,e25b8d07214a8afb95d354611a83b9bb1ded39644e323a8585b3aabf687a4fff,"{""distance"":3,""physical_error_rate"":1e-05}","{""detection_events"":3759,""detectors_checked"":131936256}"
   2484224,         0,         0,   116.5,decoder_by_matrix,e25b8d07214a8afb95d354611a83b9bb1ded39644e323a8585b3aabf687a4fff,"{""distance"":3,""physical_error_rate"":1e-05}","{""detection_events"":3540,""detectors_checked"":134148096}"
   2799616,         0,         0,   116.9,decoder_by_matrix,560c721f87db01d4cacf7dcb7d8812fecde61e9e7776d4b9e1b1a792578ecad7,"{""distance"":3,""physical_error_rate"":5e-06}","{""detection_events"":1989,""detectors_checked"":151179264}"
   1282048,         0,         0,   118.8,decoder_by_matrix,beec9fd12293a9cfe53c9b61fb8ce2a525e4eed38fa75d132d6dc64699336876,"{""distance"":3,""physical_error_rate"":0.0001}","{""detection_events"":18867,""detectors_checked"":69230592}"
   1163264,        13,         0,   117.7,decoder_by_matrix,5c8c81bfec719079c388cedc47a351f264c1bf769ae28a89f9b4fc7719fea501,"{""distance"":3,""physical_error_rate"":0.0005}","{""detection_events"":83649,""detectors_checked"":62816256,""obs_mistake_mask=E"":13}"
   1312768,         1,         0,   115.9,decoder_by_matrix,beec9fd12293a9cfe53c9b61fb8ce2a525e4eed38fa75d132d6dc64699336876,"{""distance"":3,""physical_error_rate"":0.0001}","{""detection_events"":18912,""detectors_checked"":70889472,""obs_mistake_mask=E"":1}"
   1551360,         0,         0,   116.9,decoder_by_matrix,36e3cd26fed5ec7649ec51fb08c1a5e7d7f30e615782d954fee045c18a4962ca,"{""distance"":3,""physical_error_rate"":5e-05}","{""detection_events"":11790,""detectors_checked"":83773440}"
   2495488,         0,         0,   115.2,decoder_by_matrix,e25b8d07214a8afb95d354611a83b9bb1ded39644e323a8585b3aabf687a4fff,"{""distance"":3,""physical_error_rate"":1e-05}","{""detection_events"":3543,""detectors_checked"":134756352}"
   2487296,         0,         0,   116.8,decoder_by_matrix,e25b8d07214a8afb95d354611a83b9bb1ded39644e323a8585b3aabf687a4fff,"{""distance"":3,""physical_error_rate"":1e-05}","{""detection_events"":3543,""detectors_checked"":134313984}"
   1165312,        26,         0,   117.9,decoder_by_matrix,5c8c81bfec719079c388cedc47a351f264c1bf769ae28a89f9b4fc7719fea501,"{""distance"":3,""physical_error_rate"":0.0005}","{""detection_events"":85584,""detectors_checked"":62926848,""obs_mistake_mask=E"":26}"
   2776064,         0,         0,   116.6,decoder_by_matrix,560c721f87db01d4cacf7dcb7d8812fecde61e9e7776d4b9e1b1a792578ecad7,"{""distance"":3,""physical_error_rate"":5e-06}","{""detection_events"":2025,""detectors_checked"":149907456}"
   1304576,         0,         0,   118.4,decoder_by_matrix,beec9fd12293a9cfe53c9b61fb8ce2a525e4eed38fa75d132d6dc64699336876,"{""distance"":3,""physical_error_rate"":0.0001}","{""detection_events"":19053,""detectors_checked"":70447104}"
   1315840,         0,         0,   116.6,decoder_by_matrix,beec9fd12293a9cfe53c9b61fb8ce2a525e4eed38fa75d132d6dc64699336876,"{""distance"":3,""physical_error_rate"":0.0001}","{""detection_events"":19422,""detectors_checked"":71055360}"
   1293312,         2,         0,   116.0,decoder_by_matrix,beec9fd12293a9cfe53c9b61fb8ce2a525e4eed38fa75d132d6dc64699336876,"{""distance"":3,""physical_error_rate"":0.0001}","{""detection_events"":18495,""detectors_checked"":69838848,""obs_mistake_mask=E"":2}"
   1292288,         1,         0,   116.7,decoder_by_matrix,beec9fd12293a9cfe53c9b61fb8ce2a525e4eed38fa75d132d6dc64699336876,"{""distance"":3,""physical_error_rate"":0.0001}","{""detection_events"":18609,""detectors_checked"":69783552,""obs_mistake_mask=E"":1}"
   1171456,        19,         0,   116.9,decoder_by_matrix,5c8c81bfec719079c388cedc47a351f264c1bf769ae28a89f9b4fc7719fea501,"{""distance"":3,""physical_error_rate"":0.0005}","{""detection_events"":84873,""detectors_checked"":63258624,""obs_mistake_mask=E"":19}"
   2854912,         0,         0,   115.0,decoder_by_matrix,560c721f87db01d4cacf7dcb7d8812fecde61e9e7776d4b9e1b1a792578ecad7,"{""distance"":3,""physical_error_rate"":5e-06}","{""detection_events"":1770,""detectors_checked"":154165248}"
   2490368,         0,         0,   115.3,decoder_by_matrix,e25b8d07214a8afb95d354611a83b9bb1ded39644e323a8585b3aabf687a4fff,"{""distance"":3,""physical_error_rate"":1e-05}","{""detection_events"":3456,""detectors_checked"":134479872}"
   1564672,         0,         0,   116.3,decoder_by_matrix,36e3cd26fed5ec7649ec51fb08c1a5e7d7f30e615782d954fee045c18a4962ca,"{""distance"":3,""physical_error_rate"":5e-05}","{""detection_events"":10809,""detectors_checked"":84492288}"
   1511424,         0,         0,   118.2,decoder_by_matrix,36e3cd26fed5ec7649ec51fb08c1a5e7d7f30e615782d954fee045c18a4962ca,"{""distance"":3,""physical_error_rate"":5e-05}","{""detection_events"":11688,""detectors_checked"":81616896}"
   2522112,         0,         0,   116.0,decoder_by_matrix,e25b8d07214a8afb95d354611a83b9bb1ded39644e323a8585b3aabf687a4fff,"{""distance"":3,""physical_error_rate"":1e-05}","{""detection_events"":3279,""detectors_checked"":136194048}"
   1309696,         0,         0,   117.9,decoder_by_matrix,beec9fd12293a9cfe53c9b61fb8ce2a525e4eed38fa75d132d6dc64699336876,"{""distance"":3,""physical_error_rate"":0.0001}","{""detection_events"":19011,""detectors_checked"":70723584}"
   2813952,         0,         0,   112.3,decoder_by_matrix,560c721f87db01d4cacf7dcb7d8812fecde61e9e7776d4b9e1b1a792578ecad7,"{""distance"":3,""physical_error_rate"":5e-06}","{""detection_events"":1944,""detectors_checked"":151953408}"
    959488,         1,         0,    86.8,decoder_by_matrix,beec9fd12293a9cfe53c9b61fb8ce2a525e4eed38fa75d132d6dc64699336876,"{""distance"":3,""physical_error_rate"":0.0001}","{""detection_events"":14277,""detectors_checked"":51812352,""obs_mistake_mask=E"":1}"
   1811456,         0,         0,    84.9,decoder_by_matrix,e25b8d07214a8afb95d354611a83b9bb1ded39644e323a8585b3aabf687a4fff,"{""distance"":3,""physical_error_rate"":1e-05}","{""detection_events"":2745,""detectors_checked"":97818624}"
   1790976,         0,         0,    84.2,decoder_by_matrix,e25b8d07214a8afb95d354611a83b9bb1ded39644e323a8585b3aabf687a4fff,"{""distance"":3,""physical_error_rate"":1e-05}","{""detection_events"":2664,""detectors_checked"":96712704}"
    854016,        11,         0,    86.2,decoder_by_matrix,5c8c81bfec719079c388cedc47a351f264c1bf769ae28a89f9b4fc7719fea501,"{""distance"":3,""physical_error_rate"":0.0005}","{""detection_events"":62454,""detectors_checked"":46116864,""obs_mistake_mask=E"":11}"
   2025472,         0,         0,    84.2,decoder_by_matrix,560c721f87db01d4cacf7dcb7d8812fecde61e9e7776d4b9e1b1a792578ecad7,"{""distance"":3,""physical_error_rate"":5e-06}","{""detection_events"":1632,""detectors_checked"":109375488}"
   1139712,         0,         0,    86.8,decoder_by_matrix,36e3cd26fed5ec7649ec51fb08c1a5e7d7f30e615782d954fee045c18a4962ca,"{""distance"":3,""physical_error_rate"":5e-05}","{""detection_events"":8103,""detectors_checked"":61544448}"
   2016256,         0,         0,    85.0,decoder_by_matrix,560c721f87db01d4cacf7dcb7d8812fecde61e9e7776d4b9e1b1a792578ecad7,"{""distance"":3,""physical_error_rate"":5e-06}","{""detection_events"":1626,""detectors_checked"":108877824}"
   1137664,         1,         0,    85.9,decoder_by_matrix,36e3cd26fed5ec7649ec51fb08c1a5e7d7f30e615782d954fee045c18a4962ca,"{""distance"":3,""physical_error_rate"":5e-05}","{""detection_events"":8100,""detectors_checked"":61433856,""obs_mistake_mask=E"":1}"
   1572864,         1,         0,   117.4,decoder_by_matrix,36e3cd26fed5ec7649ec51fb08c1a5e7d7f30e615782d954fee045c18a4962ca,"{""distance"":3,""physical_error_rate"":5e-05}","{""detection_events"":11286,""detectors_checked"":84934656,""obs_mistake_mask=E"":1}"
    948224,         1,         0,    87.4,decoder_by_matrix,beec9fd12293a9cfe53c9b61fb8ce2a525e4eed38fa75d132d6dc64699336876,"{""distance"":3,""physical_error_rate"":0.0001}","{""detection_events"":13983,""detectors_checked"":51204096,""obs_mistake_mask=E"":1}"
    851968,        17,         0,    86.6,decoder_by_matrix,5c8c81bfec719079c388cedc47a351f264c1bf769ae28a89f9b4fc7719fea501,"{""distance"":3,""physical_error_rate"":0.0005}","{""detection_events"":63339,""detectors_checked"":46006272,""obs_mistake_mask=E"":17}"
   1163264,        20,         0,   117.6,decoder_by_matrix,5c8c81bfec719079c388cedc47a351f264c1bf769ae28a89f9b4fc7719fea501,"{""distance"":3,""physical_error_rate"":0.0005}","{""detection_events"":84762,""detectors_checked"":62816256,""obs_mistake_mask=E"":20}"
   2685335,         0,         0,   110.1,decoder_by_matrix,560c721f87db01d4cacf7dcb7d8812fecde61e9e7776d4b9e1b1a792578ecad7,"{""distance"":3,""physical_error_rate"":5e-06}","{""detection_events"":1887,""detectors_checked"":145008090}"
   2478080,         0,         0,   116.3,decoder_by_matrix,e25b8d07214a8afb95d354611a83b9bb1ded39644e323a8585b3aabf687a4fff,"{""distance"":3,""physical_error_rate"":1e-05}","{""detection_events"":3525,""detectors_checked"":133816320}"
   1309696,         2,         0,   119.1,decoder_by_matrix,beec9fd12293a9cfe53c9b61fb8ce2a525e4eed38fa75d132d6dc64699336876,"{""distance"":3,""physical_error_rate"":0.0001}","{""detection_events"":18612,""detectors_checked"":70723584,""obs_mistake_mask=E"":2}"
   2497536,         0,         0,   115.2,decoder_by_matrix,e25b8d07214a8afb95d354611a83b9bb1ded39644e323a8585b3aabf687a4fff,"{""distance"":3,""physical_error_rate"":1e-05}","{""detection_events"":3576,""detectors_checked"":134866944}"
   1161216,        23,         0,   118.8,decoder_by_matrix,5c8c81bfec719079c388cedc47a351f264c1bf769ae28a89f9b4fc7719fea501,"{""distance"":3,""physical_error_rate"":0.0005}","{""detection_events"":85446,""detectors_checked"":62705664,""obs_mistake_mask=E"":23}"
   1301504,         2,         0,   119.2,decoder_by_matrix,beec9fd12293a9cfe53c9b61fb8ce2a525e4eed38fa75d132d6dc64699336876,"{""distance"":3,""physical_error_rate"":0.0001}","{""detection_events"":18672,""detectors_checked"":70281216,""obs_mistake_mask=E"":2}"
   1557504,         0,         0,   117.2,decoder_by_matrix,36e3cd26fed5ec7649ec51fb08c1a5e7d7f30e615782d954fee045c18a4962ca,"{""distance"":3,""physical_error_rate"":5e-05}","{""detection_events"":11025,""detectors_checked"":84105216}"
   1165312,        18,         0,   117.9,decoder_by_matrix,5c8c81bfec719079c388cedc47a351f264c1bf769ae28a89f9b4fc7719fea501,"{""distance"":3,""physical_error_rate"":0.0005}","{""detection_events"":85614,""detectors_checked"":62926848,""obs_mistake_mask=E"":18}"
   1537024,         0,         0,   117.4,decoder_by_matrix,36e3cd26fed5ec7649ec51fb08c1a5e7d7f30e615782d954fee045c18a4962ca,"{""distance"":3,""physical_error_rate"":5e-05}","{""detection_events"":11013,""detectors_checked"":82999296}"
   2625522,         0,         0,   108.7,decoder_by_matrix,560c721f87db01d4cacf7dcb7d8812fecde61e9e7776d4b9e1b1a792578ecad7,"{""distance"":3,""physical_error_rate"":5e-06}","{""detection_events"":1737,""detectors_checked"":141778188}"
   2590720,         0,         0,   106.9,decoder_by_matrix,560c721f87db01d4cacf7dcb7d8812fecde61e9e7776d4b9e1b1a792578ecad7,"{""distance"":3,""physical_error_rate"":5e-06}","{""detection_events"":1833,""detectors_checked"":139898880}"
   2579456,         0,         0,   104.3,decoder_by_matrix,560c721f87db01d4cacf7dcb7d8812fecde61e9e7776d4b9e1b1a792578ecad7,"{""distance"":3,""physical_error_rate"":5e-06}","{""detection_events"":1638,""detectors_checked"":139290624}"
   2577408,         0,         0,   106.1,decoder_by_matrix,560c721f87db01d4cacf7dcb7d8812fecde61e9e7776d4b9e1b1a792578ecad7,"{""distance"":3,""physical_error_rate"":5e-06}","{""detection_events"":1632,""detectors_checked"":139180032}"
   2619392,         0,         0,   106.4,decoder_by_matrix,560c721f87db01d4cacf7dcb7d8812fecde61e9e7776d4b9e1b1a792578ecad7,"{""distance"":3,""physical_error_rate"":5e-06}","{""detection_events"":1689,""detectors_checked"":141447168}"
   2589696,         0,         0,   107.6,decoder_by_matrix,560c721f87db01d4cacf7dcb7d8812fecde61e9e7776d4b9e1b1a792578ecad7,"{""distance"":3,""physical_error_rate"":5e-06}","{""detection_events"":2061,""detectors_checked"":139843584}"
   2563072,         0,         0,   106.9,decoder_by_matrix,560c721f87db01d4cacf7dcb7d8812fecde61e9e7776d4b9e1b1a792578ecad7,"{""distance"":3,""physical_error_rate"":5e-06}","{""detection_events"":1992,""detectors_checked"":138405888}"
   2619392,         0,         0,   111.4,decoder_by_matrix,560c721f87db01d4cacf7dcb7d8812fecde61e9e7776d4b9e1b1a792578ecad7,"{""distance"":3,""physical_error_rate"":5e-06}","{""detection_events"":2061,""detectors_checked"":141447168}"
      6130,         0,         0,   0.003,decoder_by_matrix,560c721f87db01d4cacf7dcb7d8812fecde61e9e7776d4b9e1b1a792578ecad7,"{""distance"":3,""physical_error_rate"":5e-06}","{""detectors_checked"":331020}"
   1795072,         0,         0,    75.4,decoder_by_matrix,560c721f87db01d4cacf7dcb7d8812fecde61e9e7776d4b9e1b1a792578ecad7,"{""distance"":3,""physical_error_rate"":5e-06}","{""detection_events"":1404,""detectors_checked"":96933888}"
   1862656,         0,         0,    75.3,decoder_by_matrix,560c721f87db01d4cacf7dcb7d8812fecde61e9e7776d4b9e1b1a792578ecad7,"{""distance"":3,""physical_error_rate"":5e-06}","{""detection_events"":1248,""detectors_checked"":100583424}"
   1816576,         0,         0,    75.1,decoder_by_matrix,560c721f87db01d4cacf7dcb7d8812fecde61e9e7776d4b9e1b1a792578ecad7,"{""distance"":3,""physical_error_rate"":5e-06}","{""detection_events"":1347,""detectors_checked"":98095104}"
     62450,         0,         0,    2.43,decoder_by_matrix,560c721f87db01d4cacf7dcb7d8812fecde61e9e7776d4b9e1b1a792578ecad7,"{""distance"":3,""physical_error_rate"":5e-06}","{""detection_events"":36,""detectors_checked"":3372300}"
   1542144,         0,         0,   116.1,decoder_by_matrix,36e3cd26fed5ec7649ec51fb08c1a5e7d7f30e615782d954fee045c18a4962ca,"{""distance"":3,""physical_error_rate"":5e-05}","{""detection_events"":10926,""detectors_checked"":83275776}"
   1301504,         1,         0,   118.3,decoder_by_matrix,beec9fd12293a9cfe53c9b61fb8ce2a525e4eed38fa75d132d6dc64699336876,"{""distance"":3,""physical_error_rate"":0.0001}","{""detection_events"":18945,""detectors_checked"":70281216,""obs_mistake_mask=E"":1}"
   2462720,         0,         0,   114.2,decoder_by_matrix,e25b8d07214a8afb95d354611a83b9bb1ded39644e323a8585b3aabf687a4fff,"{""distance"":3,""physical_error_rate"":1e-05}","{""detection_events"":3522,""detectors_checked"":132986880}"
   1166336,        29,         0,   118.2,decoder_by_matrix,5c8c81bfec719079c388cedc47a351f264c1bf769ae28a89f9b4fc7719fea501,"{""distance"":3,""physical_error_rate"":0.0005}","{""detection_events"":84309,""detectors_checked"":62982144,""obs_mistake_mask=E"":29}"
   1571840,         0,         0,   116.9,decoder_by_matrix,36e3cd26fed5ec7649ec51fb08c1a5e7d7f30e615782d954fee045c18a4962ca,"{""distance"":3,""physical_error_rate"":5e-05}","{""detection_events"":10920,""detectors_checked"":84879360}"
   1561600,         0,         0,   117.6,decoder_by_matrix,36e3cd26fed5ec7649ec51fb08c1a5e7d7f30e615782d954fee045c18a4962ca,"{""distance"":3,""physical_error_rate"":5e-05}","{""detection_events"":11070,""detectors_checked"":84326400}"
   1168384,        16,         0,   119.6,decoder_by_matrix,5c8c81bfec719079c388cedc47a351f264c1bf769ae28a89f9b4fc7719fea501,"{""distance"":3,""physical_error_rate"":0.0005}","{""detection_events"":85200,""detectors_checked"":63092736,""obs_mistake_mask=E"":16}"
    433227,         0,         0,    17.7,decoder_by_matrix,560c721f87db01d4cacf7dcb7d8812fecde61e9e7776d4b9e1b1a792578ecad7,"{""distance"":3,""physical_error_rate"":5e-06}","{""detection_events"":354,""detectors_checked"":23394258}"
   2402304,         0,         0,   115.5,decoder_by_matrix,e25b8d07214a8afb95d354611a83b9bb1ded39644e323a8585b3aabf687a4fff,"{""distance"":3,""physical_error_rate"":1e-05}","{""detection_events"":4050,""detectors_checked"":129724416}"
   1318912,         4,         0,   116.5,decoder_by_matrix,beec9fd12293a9cfe53c9b61fb8ce2a525e4eed38fa75d132d6dc64699336876,"{""distance"":3,""physical_error_rate"":0.0001}","{""detection_events"":18276,""detectors_checked"":71221248,""obs_mistake_mask=E"":4}"
   1553408,         0,         0,   116.8,decoder_by_matrix,36e3cd26fed5ec7649ec51fb08c1a5e7d7f30e615782d954fee045c18a4962ca,"{""distance"":3,""physical_error_rate"":5e-05}","{""detection_events"":11181,""detectors_checked"":83884032}"
   1167360,        21,         0,   117.2,decoder_by_matrix,5c8c81bfec719079c388cedc47a351f264c1bf769ae28a89f9b4fc7719fea501,"{""distance"":3,""physical_error_rate"":0.0005}","{""detection_events"":86028,""detectors_checked"":63037440,""obs_mistake_mask=E"":21}"
   1163264,        17,         0,   118.1,decoder_by_matrix,5c8c81bfec719079c388cedc47a351f264c1bf769ae28a89f9b4fc7719fea501,"{""distance"":3,""physical_error_rate"":0.0005}","{""detection_events"":83871,""detectors_checked"":62816256,""obs_mistake_mask=E"":17}"
   2433024,         0,         0,   115.8,decoder_by_matrix,e25b8d07214a8afb95d354611a83b9bb1ded39644e323a8585b3aabf687a4fff,"{""distance"":3,""physical_error_rate"":1e-05}","{""detection_events"":3786,""detectors_checked"":131383296}"
   1504256,         3,         0,   116.9,decoder_by_matrix,36e3cd26fed5ec7649ec51fb08c1a5e7d7f30e615782d954fee045c18a4962ca,"{""distance"":3,""physical_error_rate"":5e-05}","{""detection_events"":11313,""detectors_checked"":81229824,""obs_mistake_mask=E"":3}"
   1164288,        21,         0,   117.0,decoder_by_matrix,5c8c81bfec719079c388cedc47a351f264c1bf769ae28a89f9b4fc7719fea501,"{""distance"":3,""physical_error_rate"":0.0005}","{""detection_events"":86262,""detectors_checked"":62871552,""obs_mistake_mask=E"":21}"
   2438144,         0,         0,   116.0,decoder_by_matrix,e25b8d07214a8afb95d354611a83b9bb1ded39644e323a8585b3aabf687a4fff,"{""distance"":3,""physical_error_rate"":1e-05}","{""detection_events"":3660,""detectors_checked"":131659776}"
   2478080,         0,         0,   114.5,decoder_by_matrix,e25b8d07214a8afb95d354611a83b9bb1ded39644e323a8585b3aabf687a4fff,"{""distance"":3,""physical_error_rate"":1e-05}","{""detection_events"":3465,""detectors_checked"":133816320}"
   1298432,         2,         0,   118.5,decoder_by_matrix,beec9fd12293a9cfe53c9b61fb8ce2a525e4eed38fa75d132d6dc64699336876,"{""distance"":3,""physical_error_rate"":0.0001}","{""detection_events"":19050,""detectors_checked"":70115328,""obs_mistake_mask=E"":2}"
   1160192,        18,         0,   118.5,decoder_by_matrix,5c8c81bfec719079c388cedc47a351f264c1bf769ae28a89f9b4fc7719fea501,"{""distance"":3,""physical_error_rate"":0.0005}","{""detection_events"":83853,""detectors_checked"":62650368,""obs_mistake_mask=E"":18}"
   1532928,         0,         0,   117.0,decoder_by_matrix,36e3cd26fed5ec7649ec51fb08c1a5e7d7f30e615782d954fee045c18a4962ca,"{""distance"":3,""physical_error_rate"":5e-05}","{""detection_events"":11502,""detectors_checked"":82778112}"
   1308672,         0,         0,   118.6,decoder_by_matrix,beec9fd12293a9cfe53c9b61fb8ce2a525e4eed38fa75d132d6dc64699336876,"{""distance"":3,""physical_error_rate"":0.0001}","{""detection_events"":19323,""detectors_checked"":70668288}"
   2447360,         0,         0,   116.5,decoder_by_matrix,e25b8d07214a8afb95d354611a83b9bb1ded39644e323a8585b3aabf687a4fff,"{""distance"":3,""physical_error_rate"":1e-05}","{""detection_events"":3564,""detectors_checked"":132157440}"
   2491392,         0,         0,   115.9,decoder_by_matrix,e25b8d07214a8afb95d354611a83b9bb1ded39644e323a8585b3aabf687a4fff,"{""distance"":3,""physical_error_rate"":1e-05}","{""detection_events"":3276,""detectors_checked"":134535168}"
   1163264,        22,         0,   118.0,decoder_by_matrix,5c8c81bfec719079c388cedc47a351f264c1bf769ae28a89f9b4fc7719fea501,"{""distance"":3,""physical_error_rate"":0.0005}","{""detection_events"":84390,""detectors_checked"":62816256,""obs_mistake_mask=E"":22}"
   1296384,         1,         0,   117.3,decoder_by_matrix,beec9fd12293a9cfe53c9b61fb8ce2a525e4eed38fa75d132d6dc64699336876,"{""distance"":3,""physical_error_rate"":0.0001}","{""detection_events"":19614,""detectors_checked"":70004736,""obs_mistake_mask=E"":1}"
   1293312,         1,         0,   116.7,decoder_by_matrix,beec9fd12293a9cfe53c9b61fb8ce2a525e4eed38fa75d132d6dc64699336876,"{""distance"":3,""physical_error_rate"":0.0001}","{""detection_events"":19230,""detectors_checked"":69838848,""obs_mistake_mask=E"":1}"
   1169408,        12,         0,   117.7,decoder_by_matrix,5c8c81bfec719079c388cedc47a351f264c1bf769ae28a89f9b4fc7719fea501,"{""distance"":3,""physical_error_rate"":0.0005}","{""detection_events"":84879,""detectors_checked"":63148032,""obs_mistake_mask=E"":12}"
   1289216,         0,         0,   117.9,decoder_by_matrix,beec9fd12293a9cfe53c9b61fb8ce2a525e4eed38fa75d132d6dc64699336876,"{""distance"":3,""physical_error_rate"":0.0001}","{""detection_events"":19467,""detectors_checked"":69617664}"
   1296384,         0,         0,   118.4,decoder_by_matrix,beec9fd12293a9cfe53c9b61fb8ce2a525e4eed38fa75d132d6dc64699336876,"{""distance"":3,""physical_error_rate"":0.0001}","{""detection_events"":18867,""detectors_checked"":70004736}"
   2446336,         0,         0,   115.5,decoder_by_matrix,e25b8d07214a8afb95d354611a83b9bb1ded39644e323a8585b3aabf687a4fff,"{""distance"":3,""physical_error_rate"":1e-05}","{""detection_events"":3657,""detectors_checked"":132102144}"
   1563648,         0,         0,   118.1,decoder_by_matrix,36e3cd26fed5ec7649ec51fb08c1a5e7d7f30e615782d954fee045c18a4962ca,"{""distance"":3,""physical_error_rate"":5e-05}","{""detection_events"":11193,""detectors_checked"":84436992}"
   1531904,         0,         0,   117.4,decoder_by_matrix,36e3cd26fed5ec7649ec51fb08c1a5e7d7f30e615782d954fee045c18a4962ca,"{""distance"":3,""physical_error_rate"":5e-05}","{""detection_events"":11622,""detectors_checked"":82722816}"
    397125,         0,         0,    15.0,decoder_by_matrix,560c721f87db01d4cacf7dcb7d8812fecde61e9e7776d4b9e1b1a792578ecad7,"{""distance"":3,""physical_error_rate"":5e-06}","{""detection_events"":162,""detectors_checked"":21444750}"
    380928,         0,         0,    14.9,decoder_by_matrix,560c721f87db01d4cacf7dcb7d8812fecde61e9e7776d4b9e1b1a792578ecad7,"{""distance"":3,""physical_error_rate"":5e-06}","{""detection_events"":261,""detectors_checked"":20570112}"
    379904,         0,         0,    15.0,decoder_by_matrix,560c721f87db01d4cacf7dcb7d8812fecde61e9e7776d4b9e1b1a792578ecad7,"{""distance"":3,""physical_error_rate"":5e-06}","{""detection_events"":240,""detectors_checked"":20514816}"
    376832,         0,         0,    15.3,decoder_by_matrix,560c721f87db01d4cacf7dcb7d8812fecde61e9e7776d4b9e1b1a792578ecad7,"{""distance"":3,""physical_error_rate"":5e-06}","{""detection_events"":204,""detectors_checked"":20348928}"
    390144,         0,         0,    16.0,decoder_by_matrix,560c721f87db01d4cacf7dcb7d8812fecde61e9e7776d4b9e1b1a792578ecad7,"{""distance"":3,""physical_error_rate"":5e-06}","{""detection_events"":261,""detectors_checked"":21067776}"
    364031,         0,         0,    14.8,decoder_by_matrix,560c721f87db01d4cacf7dcb7d8812fecde61e9e7776d4b9e1b1a792578ecad7,"{""distance"":3,""physical_error_rate"":5e-06}","{""detection_events"":276,""detectors_checked"":19657674}"
    379904,         0,         0,    15.8,decoder_by_matrix,560c721f87db01d4cacf7dcb7d8812fecde61e9e7776d4b9e1b1a792578ecad7,"{""distance"":3,""physical_error_rate"":5e-06}","{""detection_events"":234,""detectors_checked"":20514816}"
    375808,         0,         0,    15.6,decoder_by_matrix,560c721f87db01d4cacf7dcb7d8812fecde61e9e7776d4b9e1b1a792578ecad7,"{""distance"":3,""physical_error_rate"":5e-06}","{""detection_events"":261,""detectors_checked"":20293632}"
    386048,         0,         0,    15.5,decoder_by_matrix,560c721f87db01d4cacf7dcb7d8812fecde61e9e7776d4b9e1b1a792578ecad7,"{""distance"":3,""physical_error_rate"":5e-06}","{""detection_events"":216,""detectors_checked"":20846592}"
    327680,         0,         0,    13.5,decoder_by_matrix,560c721f87db01d4cacf7dcb7d8812fecde61e9e7776d4b9e1b1a792578ecad7,"{""distance"":3,""physical_error_rate"":5e-06}","{""detection_events"":174,""detectors_checked"":17694720}"
    364031,         0,         0,    15.7,decoder_by_matrix,560c721f87db01d4cacf7dcb7d8812fecde61e9e7776d4b9e1b1a792578ecad7,"{""distance"":3,""physical_error_rate"":5e-06}","{""detection_events"":312,""detectors_checked"":19657674}"
     17221,         0,         0,   0.392,decoder_by_matrix,560c721f87db01d4cacf7dcb7d8812fecde61e9e7776d4b9e1b1a792578ecad7,"{""distance"":3,""physical_error_rate"":5e-06}","{""detection_events"":6,""detectors_checked"":929934}"
    220160,         0,         0,    8.68,decoder_by_matrix,560c721f87db01d4cacf7dcb7d8812fecde61e9e7776d4b9e1b1a792578ecad7,"{""distance"":3,""physical_error_rate"":5e-06}","{""detection_events"":162,""detectors_checked"":11888640}"
     17221,         0,         0,   0.473,decoder_by_matrix,560c721f87db01d4cacf7dcb7d8812fecde61e9e7776d4b9e1b1a792578ecad7,"{""distance"":3,""physical_error_rate"":5e-06}","{""detection_events"":3,""detectors_checked"":929934}"
     21317,         0,         0,   0.531,decoder_by_matrix,560c721f87db01d4cacf7dcb7d8812fecde61e9e7776d4b9e1b1a792578ecad7,"{""distance"":3,""physical_error_rate"":5e-06}","{""detection_events"":6,""detectors_checked"":1151118}"
     11077,         0,         0,   0.521,decoder_by_matrix,560c721f87db01d4cacf7dcb7d8812fecde61e9e7776d4b9e1b1a792578ecad7,"{""distance"":3,""physical_error_rate"":5e-06}","{""detection_events"":30,""detectors_checked"":598158}"
     23427,         0,         0,   0.438,decoder_by_matrix,560c721f87db01d4cacf7dcb7d8812fecde61e9e7776d4b9e1b1a792578ecad7,"{""distance"":3,""physical_error_rate"":5e-06}","{""detection_events"":39,""detectors_checked"":1265058}"
     27720,         0,         0,    1.03,decoder_by_matrix,560c721f87db01d4cacf7dcb7d8812fecde61e9e7776d4b9e1b1a792578ecad7,"{""distance"":3,""physical_error_rate"":5e-06}","{""detection_events"":24,""detectors_checked"":1496880}"
     27720,         0,         0,    1.06,decoder_by_matrix,560c721f87db01d4cacf7dcb7d8812fecde61e9e7776d4b9e1b1a792578ecad7,"{""distance"":3,""physical_error_rate"":5e-06}","{""detection_events"":12,""detectors_checked"":1496880}"
     28672,         0,         0,    1.06,decoder_by_matrix,560c721f87db01d4cacf7dcb7d8812fecde61e9e7776d4b9e1b1a792578ecad7,"{""distance"":3,""physical_error_rate"":5e-06}","{""detection_events"":6,""detectors_checked"":1548288}"
     27720,         0,         0,    1.17,decoder_by_matrix,560c721f87db01d4cacf7dcb7d8812fecde61e9e7776d4b9e1b1a792578ecad7,"{""distance"":3,""physical_error_rate"":5e-06}","{""detection_events"":48,""detectors_checked"":1496880}"
      5374,         0,         0,   0.003,decoder_by_matrix,560c721f87db01d4cacf7dcb7d8812fecde61e9e7776d4b9e1b1a792578ecad7,"{""distance"":3,""physical_error_rate"":5e-06}","{""detectors_checked"":290196}"
      6087,         0,         0,   0.003,decoder_by_matrix,560c721f87db01d4cacf7dcb7d8812fecde61e9e7776d4b9e1b1a792578ecad7,"{""distance"":3,""physical_error_rate"":5e-06}","{""detectors_checked"":328698}"
     25600,         0,         0,   0.679,decoder_by_matrix,560c721f87db01d4cacf7dcb7d8812fecde61e9e7776d4b9e1b1a792578ecad7,"{""distance"":3,""physical_error_rate"":5e-06}","{""detection_events"":6,""detectors_checked"":1382400}"
     11222,         0,         0,   0.185,decoder_by_matrix,560c721f87db01d4cacf7dcb7d8812fecde61e9e7776d4b9e1b1a792578ecad7,"{""distance"":3,""physical_error_rate"":5e-06}","{""detection_events"":6,""detectors_checked"":605988}"
      3351,         0,         0,   0.002,decoder_by_matrix,560c721f87db01d4cacf7dcb7d8812fecde61e9e7776d4b9e1b1a792578ecad7,"{""distance"":3,""physical_error_rate"":5e-06}","{""detectors_checked"":180954}"
     18401,         0,         0,   0.728,decoder_by_matrix,560c721f87db01d4cacf7dcb7d8812fecde61e9e7776d4b9e1b1a792578ecad7,"{""distance"":3,""physical_error_rate"":5e-06}","{""detection_events"":24,""detectors_checked"":993654}"
     23552,         0,         0,   0.822,decoder_by_matrix,560c721f87db01d4cacf7dcb7d8812fecde61e9e7776d4b9e1b1a792578ecad7,"{""distance"":3,""physical_error_rate"":5e-06}","{""detection_events"":18,""detectors_checked"":1271808}"
     19456,         0,         0,   0.721,decoder_by_matrix,560c721f87db01d4cacf7dcb7d8812fecde61e9e7776d4b9e1b1a792578ecad7,"{""distance"":3,""physical_error_rate"":5e-06}","{""detection_events"":3,""detectors_checked"":1050624}"
     17953,         0,         0,   0.844,decoder_by_matrix,560c721f87db01d4cacf7dcb7d8812fecde61e9e7776d4b9e1b1a792578ecad7,"{""distance"":3,""physical_error_rate"":5e-06}","{""detection_events"":45,""detectors_checked"":969462}"
     27648,         0,         0,    1.21,decoder_by_matrix,560c721f87db01d4cacf7dcb7d8812fecde61e9e7776d4b9e1b1a792578ecad7,"{""distance"":3,""physical_error_rate"":5e-06}","{""detection_events"":39,""detectors_checked"":1492992}"
      2120,         0,         0,   0.001,decoder_by_matrix,560c721f87db01d4cacf7dcb7d8812fecde61e9e7776d4b9e1b1a792578ecad7,"{""distance"":3,""physical_error_rate"":5e-06}","{""detectors_checked"":114480}"
      8397,         0,         0,   0.235,decoder_by_matrix,560c721f87db01d4cacf7dcb7d8812fecde61e9e7776d4b9e1b1a792578ecad7,"{""distance"":3,""physical_error_rate"":5e-06}","{""detectors_checked"":453438}"
     11453,         0,         0,   0.493,decoder_by_matrix,560c721f87db01d4cacf7dcb7d8812fecde61e9e7776d4b9e1b1a792578ecad7,"{""distance"":3,""physical_error_rate"":5e-06}","{""detection_events"":30,""detectors_checked"":618462}"
      1858,         0,         0,   0.001,decoder_by_matrix,560c721f87db01d4cacf7dcb7d8812fecde61e9e7776d4b9e1b1a792578ecad7,"{""distance"":3,""physical_error_rate"":5e-06}","{""detectors_checked"":100332}"
      3195,         0,         0,   0.003,decoder_by_matrix,560c721f87db01d4cacf7dcb7d8812fecde61e9e7776d4b9e1b1a792578ecad7,"{""distance"":3,""physical_error_rate"":5e-06}","{""detection_events"":9,""detectors_checked"":172530}"
       787,         0,         0,   0.001,decoder_by_matrix,560c721f87db01d4cacf7dcb7d8812fecde61e9e7776d4b9e1b1a792578ecad7,"{""distance"":3,""physical_error_rate"":5e-06}","{""detectors_checked"":42498}"
        72,         0,         0,   0.000,decoder_by_matrix,560c721f87db01d4cacf7dcb7d8812fecde61e9e7776d4b9e1b1a792578ecad7,"{""distance"":3,""physical_error_rate"":5e-06}","{""detectors_checked"":3888}"
     18401,         0,         0,   0.754,decoder_by_matrix,560c721f87db01d4cacf7dcb7d8812fecde61e9e7776d4b9e1b1a792578ecad7,"{""distance"":3,""physical_error_rate"":5e-06}","{""detection_events"":15,""detectors_checked"":993654}"
      6087,         0,         0,   0.183,decoder_by_matrix,560c721f87db01d4cacf7dcb7d8812fecde61e9e7776d4b9e1b1a792578ecad7,"{""distance"":3,""physical_error_rate"":5e-06}","{""detectors_checked"":328698}"
       729,         0,         0,   0.001,decoder_by_matrix,560c721f87db01d4cacf7dcb7d8812fecde61e9e7776d4b9e1b1a792578ecad7,"{""distance"":3,""physical_error_rate"":5e-06}","{""detectors_checked"":39366}"
      7484,         0,         0,   0.110,decoder_by_matrix,560c721f87db01d4cacf7dcb7d8812fecde61e9e7776d4b9e1b1a792578ecad7,"{""distance"":3,""physical_error_rate"":5e-06}","{""detection_events"":12,""detectors_checked"":404136}"
       132,         0,         0,   0.000,decoder_by_matrix,560c721f87db01d4cacf7dcb7d8812fecde61e9e7776d4b9e1b1a792578ecad7,"{""distance"":3,""physical_error_rate"":5e-06}","{""detectors_checked"":7128}"
       121,         0,         0,   0.000,decoder_by_matrix,560c721f87db01d4cacf7dcb7d8812fecde61e9e7776d4b9e1b1a792578ecad7,"{""distance"":3,""physical_error_rate"":5e-06}","{""detectors_checked"":6534}"
       121,         0,         0,   0.000,decoder_by_matrix,560c721f87db01d4cacf7dcb7d8812fecde61e9e7776d4b9e1b1a792578ecad7,"{""distance"":3,""physical_error_rate"":5e-06}","{""detection_events"":3,""detectors_checked"":6534}"
       121,         0,         0,   0.000,decoder_by_matrix,560c721f87db01d4cacf7dcb7d8812fecde61e9e7776d4b9e1b1a792578ecad7,"{""distance"":3,""physical_error_rate"":5e-06}","{""detectors_checked"":6534}"
       121,         0,         0,   0.000,decoder_by_matrix,560c721f87db01d4cacf7dcb7d8812fecde61e9e7776d4b9e1b1a792578ecad7,"{""distance"":3,""physical_error_rate"":5e-06}","{""detectors_checked"":6534}"
       121,         0,         0,   0.000,decoder_by_matrix,560c721f87db01d4cacf7dcb7d8812fecde61e9e7776d4b9e1b1a792578ecad7,"{""distance"":3,""physical_error_rate"":5e-06}","{""detectors_checked"":6534}"
       121,         0,         0,   0.000,decoder_by_matrix,560c721f87db01d4cacf7dcb7d8812fecde61e9e7776d4b9e1b1a792578ecad7,"{""distance"":3,""physical_error_rate"":5e-06}","{""detectors_checked"":6534}"
       121,         0,         0,   0.000,decoder_by_matrix,560c721f87db01d4cacf7dcb7d8812fecde61e9e7776d4b9e1b1a792578ecad7,"{""distance"":3,""physical_error_rate"":5e-06}","{""detectors_checked"":6534}"
       121,         0,         0,   0.000,decoder_by_matrix,560c721f87db01d4cacf7dcb7d8812fecde61e9e7776d4b9e1b1a792578ecad7,"{""distance"":3,""physical_error_rate"":5e-06}","{""detectors_checked"":6534}"
        11,         0,         0,   0.000,decoder_by_matrix,560c721f87db01d4cacf7dcb7d8812fecde61e9e7776d4b9e1b1a792578ecad7,"{""distance"":3,""physical_error_rate"":5e-06}","{""detectors_checked"":594}"
        11,         0,         0,   0.000,decoder_by_matrix,560c721f87db01d4cacf7dcb7d8812fecde61e9e7776d4b9e1b1a792578ecad7,"{""distance"":3,""physical_error_rate"":5e-06}","{""detectors_checked"":594}"
         2,         0,         0,   0.000,decoder_by_matrix,560c721f87db01d4cacf7dcb7d8812fecde61e9e7776d4b9e1b1a792578ecad7,"{""distance"":3,""physical_error_rate"":5e-06}","{""detectors_checked"":108}"
        11,         0,         0,   0.000,decoder_by_matrix,560c721f87db01d4cacf7dcb7d8812fecde61e9e7776d4b9e1b1a792578ecad7,"{""distance"":3,""physical_error_rate"":5e-06}","{""detectors_checked"":594}"
        37,         0,         0,   0.000,decoder_by_matrix,560c721f87db01d4cacf7dcb7d8812fecde61e9e7776d4b9e1b1a792578ecad7,"{""distance"":3,""physical_error_rate"":5e-06}","{""detectors_checked"":1998}"
        34,         0,         0,   0.000,decoder_by_matrix,560c721f87db01d4cacf7dcb7d8812fecde61e9e7776d4b9e1b1a792578ecad7,"{""distance"":3,""physical_error_rate"":5e-06}","{""detectors_checked"":1836}"
        31,         0,         0,   0.000,decoder_by_matrix,560c721f87db01d4cacf7dcb7d8812fecde61e9e7776d4b9e1b1a792578ecad7,"{""distance"":3,""physical_error_rate"":5e-06}","{""detectors_checked"":1674}"
        21,         0,         0,   0.000,decoder_by_matrix,560c721f87db01d4cacf7dcb7d8812fecde61e9e7776d4b9e1b1a792578ecad7,"{""distance"":3,""physical_error_rate"":5e-06}","{""detectors_checked"":1134}"
        29,         0,         0,   0.000,decoder_by_matrix,560c721f87db01d4cacf7dcb7d8812fecde61e9e7776d4b9e1b1a792578ecad7,"{""distance"":3,""physical_error_rate"":5e-06}","{""detectors_checked"":1566}"
        29,         0,         0,   0.000,decoder_by_matrix,560c721f87db01d4cacf7dcb7d8812fecde61e9e7776d4b9e1b1a792578ecad7,"{""distance"":3,""physical_error_rate"":5e-06}","{""detectors_checked"":1566}"
        17,         0,         0,   0.000,decoder_by_matrix,560c721f87db01d4cacf7dcb7d8812fecde61e9e7776d4b9e1b1a792578ecad7,"{""distance"":3,""physical_error_rate"":5e-06}","{""detectors_checked"":918}"
        34,         0,         0,   0.000,decoder_by_matrix,560c721f87db01d4cacf7dcb7d8812fecde61e9e7776d4b9e1b1a792578ecad7,"{""distance"":3,""physical_error_rate"":5e-06}","{""detectors_checked"":1836}"
        31,         0,         0,   0.000,decoder_by_matrix,560c721f87db01d4cacf7dcb7d8812fecde61e9e7776d4b9e1b1a792578ecad7,"{""distance"":3,""physical_error_rate"":5e-06}","{""detectors_checked"":1674}"
        31,         0,         0,   0.000,decoder_by_matrix,560c721f87db01d4cacf7dcb7d8812fecde61e9e7776d4b9e1b1a792578ecad7,"{""distance"":3,""physical_error_rate"":5e-06}","{""detectors_checked"":1674}"
        31,         0,         0,   0.000,decoder_by_matrix,560c721f87db01d4cacf7dcb7d8812fecde61e9e7776d4b9e1b1a792578ecad7,"{""distance"":3,""physical_error_rate"":5e-06}","{""detectors_checked"":1674}"
        34,         0,         0,   0.000,decoder_by_matrix,560c721f87db01d4cacf7dcb7d8812fecde61e9e7776d4b9e1b1a792578ecad7,"{""distance"":3,""physical_error_rate"":5e-06}","{""detectors_checked"":1836}"
         3,         0,         0,   0.000,decoder_by_matrix,560c721f87db01d4cacf7dcb7d8812fecde61e9e7776d4b9e1b1a792578ecad7,"{""distance"":3,""physical_error_rate"":5e-06}","{""detectors_checked"":162}"
        29,         0,         0,   0.000,decoder_by_matrix,560c721f87db01d4cacf7dcb7d8812fecde61e9e7776d4b9e1b1a792578ecad7,"{""distance"":3,""physical_error_rate"":5e-06}","{""detectors_checked"":1566}"
        29,         0,         0,   0.000,decoder_by_matrix,560c721f87db01d4cacf7dcb7d8812fecde61e9e7776d4b9e1b1a792578ecad7,"{""distance"":3,""physical_error_rate"":5e-06}","{""detectors_checked"":1566}"
         2,         0,         0,   0.000,decoder_by_matrix,560c721f87db01d4cacf7dcb7d8812fecde61e9e7776d4b9e1b1a792578ecad7,"{""distance"":3,""physical_error_rate"":5e-06}","{""detectors_checked"":108}"
         3,         0,         0,   0.000,decoder_by_matrix,560c721f87db01d4cacf7dcb7d8812fecde61e9e7776d4b9e1b1a792578ecad7,"{""distance"":3,""physical_error_rate"":5e-06}","{""detectors_checked"":162}"
         2,         0,         0,   0.000,decoder_by_matrix,560c721f87db01d4cacf7dcb7d8812fecde61e9e7776d4b9e1b1a792578ecad7,"{""distance"":3,""physical_error_rate"":5e-06}","{""detectors_checked"":108}"
         2,         0,         0,   0.000,decoder_by_matrix,560c721f87db01d4cacf7dcb7d8812fecde61e9e7776d4b9e1b1a792578ecad7,"{""distance"":3,""physical_error_rate"":5e-06}","{""detectors_checked"":108}"
         3,         0,         0,   0.000,decoder_by_matrix,560c721f87db01d4cacf7dcb7d8812fecde61e9e7776d4b9e1b1a792578ecad7,"{""distance"":3,""physical_error_rate"":5e-06}","{""detectors_checked"":162}"
         3,         0,         0,   0.000,decoder_by_matrix,560c721f87db01d4cacf7dcb7d8812fecde61e9e7776d4b9e1b1a792578ecad7,"{""distance"":3,""physical_error_rate"":5e-06}","{""detectors_checked"":162}"
         2,         0,         0,   0.000,decoder_by_matrix,560c721f87db01d4cacf7dcb7d8812fecde61e9e7776d4b9e1b1a792578ecad7,"{""distance"":3,""physical_error_rate"":5e-06}","{""detectors_checked"":108}"
         2,         0,         0,   0.000,decoder_by_matrix,560c721f87db01d4cacf7dcb7d8812fecde61e9e7776d4b9e1b1a792578ecad7,"{""distance"":3,""physical_error_rate"":5e-06}","{""detectors_checked"":108}"
         1,         0,         0,   0.000,decoder_by_matrix,560c721f87db01d4cacf7dcb7d8812fecde61e9e7776d4b9e1b1a792578ecad7,"{""distance"":3,""physical_error_rate"":5e-06}","{""detectors_checked"":54}"
         1,         0,         0,   0.000,decoder_by_matrix,5c8c81bfec719079c388cedc47a351f264c1bf769ae28a89f9b4fc7719fea501,"{""distance"":3,""physical_error_rate"":0.0005}","{""detectors_checked"":54}"
         1,         0,         0,   0.000,decoder_by_matrix,5c8c81bfec719079c388cedc47a351f264c1bf769ae28a89f9b4fc7719fea501,"{""distance"":3,""physical_error_rate"":0.0005}","{""detectors_checked"":54}"
      5392,         0,         0,   0.021,decoder_by_matrix,5c8c81bfec719079c388cedc47a351f264c1bf769ae28a89f9b4fc7719fea501,"{""distance"":3,""physical_error_rate"":0.0005}","{""detection_events"":420,""detectors_checked"":291168}"
      7440,         0,         0,   0.027,decoder_by_matrix,5c8c81bfec719079c388cedc47a351f264c1bf769ae28a89f9b4fc7719fea501,"{""distance"":3,""physical_error_rate"":0.0005}","{""detection_events"":666,""detectors_checked"":401760}"
         1,         0,         0,   0.000,decoder_by_matrix,e25b8d07214a8afb95d354611a83b9bb1ded39644e323a8585b3aabf687a4fff,"{""distance"":3,""physical_error_rate"":1e-05}","{""detectors_checked"":54}"
         1,         0,         0,   0.000,decoder_by_matrix,5c8c81bfec719079c388cedc47a351f264c1bf769ae28a89f9b4fc7719fea501,"{""distance"":3,""physical_error_rate"":0.0005}","{""detectors_checked"":54}"
         1,         0,         0,   0.000,decoder_by_matrix,e25b8d07214a8afb95d354611a83b9bb1ded39644e323a8585b3aabf687a4fff,"{""distance"":3,""physical_error_rate"":1e-05}","{""detectors_checked"":54}"
         1,         0,         0,   0.000,decoder_by_matrix,beec9fd12293a9cfe53c9b61fb8ce2a525e4eed38fa75d132d6dc64699336876,"{""distance"":3,""physical_error_rate"":0.0001}","{""detectors_checked"":54}"
         1,         0,         0,   0.000,decoder_by_matrix,e25b8d07214a8afb95d354611a83b9bb1ded39644e323a8585b3aabf687a4fff,"{""distance"":3,""physical_error_rate"":1e-05}","{""detectors_checked"":54}"
         1,         0,         0,   0.000,decoder_by_matrix,beec9fd12293a9cfe53c9b61fb8ce2a525e4eed38fa75d132d6dc64699336876,"{""distance"":3,""physical_error_rate"":0.0001}","{""detectors_checked"":54}"
         1,         0,         0,   0.000,decoder_by_matrix,beec9fd12293a9cfe53c9b61fb8ce2a525e4eed38fa75d132d6dc64699336876,"{""distance"":3,""physical_error_rate"":0.0001}","{""detectors_checked"":54}"
         1,         0,         0,   0.000,decoder_by_matrix,36e3cd26fed5ec7649ec51fb08c1a5e7d7f30e615782d954fee045c18a4962ca,"{""distance"":3,""physical_error_rate"":5e-05}","{""detectors_checked"":54}"
         1,         0,         0,   0.000,decoder_by_matrix,36e3cd26fed5ec7649ec51fb08c1a5e7d7f30e615782d954fee045c18a4962ca,"{""distance"":3,""physical_error_rate"":5e-05}","{""detectors_checked"":54}"
         1,         0,         0,   0.000,decoder_by_matrix,36e3cd26fed5ec7649ec51fb08c1a5e7d7f30e615782d954fee045c18a4962ca,"{""distance"":3,""physical_error_rate"":5e-05}","{""detectors_checked"":54}"
      5392,         0,         0,   0.003,decoder_by_matrix,e25b8d07214a8afb95d354611a83b9bb1ded39644e323a8585b3aabf687a4fff,"{""distance"":3,""physical_error_rate"":1e-05}","{""detectors_checked"":291168}"
      1024,         0,         0,   0.002,decoder_by_matrix,e25b8d07214a8afb95d354611a83b9bb1ded39644e323a8585b3aabf687a4fff,"{""distance"":3,""physical_error_rate"":1e-05}","{""detection_events"":3,""detectors_checked"":55296}"
      6416,         0,         0,   0.022,decoder_by_matrix,e25b8d07214a8afb95d354611a83b9bb1ded39644e323a8585b3aabf687a4fff,"{""distance"":3,""physical_error_rate"":1e-05}","{""detectors_checked"":346464}"
      1024,         0,         0,   0.001,decoder_by_matrix,e25b8d07214a8afb95d354611a83b9bb1ded39644e323a8585b3aabf687a4fff,"{""distance"":3,""physical_error_rate"":1e-05}","{""detectors_checked"":55296}"
      2320,         0,         0,   0.027,decoder_by_matrix,5c8c81bfec719079c388cedc47a351f264c1bf769ae28a89f9b4fc7719fea501,"{""distance"":3,""physical_error_rate"":0.0005}","{""detection_events"":168,""detectors_checked"":125280}"
      1024,         0,         0,   0.002,decoder_by_matrix,5c8c81bfec719079c388cedc47a351f264c1bf769ae28a89f9b4fc7719fea501,"{""distance"":3,""physical_error_rate"":0.0005}","{""detection_events"":66,""detectors_checked"":55296}"
      6416,         0,         0,   0.018,decoder_by_matrix,e25b8d07214a8afb95d354611a83b9bb1ded39644e323a8585b3aabf687a4fff,"{""distance"":3,""physical_error_rate"":1e-05}","{""detectors_checked"":346464}"
      1024,         0,         0,   0.001,decoder_by_matrix,e25b8d07214a8afb95d354611a83b9bb1ded39644e323a8585b3aabf687a4fff,"{""distance"":3,""physical_error_rate"":1e-05}","{""detectors_checked"":55296}"
      3344,         0,         0,   0.018,decoder_by_matrix,beec9fd12293a9cfe53c9b61fb8ce2a525e4eed38fa75d132d6dc64699336876,"{""distance"":3,""physical_error_rate"":0.0001}","{""detection_events"":78,""detectors_checked"":180576}"
      1024,         0,         0,   0.002,decoder_by_matrix,beec9fd12293a9cfe53c9b61fb8ce2a525e4eed38fa75d132d6dc64699336876,"{""distance"":3,""physical_error_rate"":0.0001}","{""detection_events"":24,""detectors_checked"":55296}"
      3344,         0,         0,   0.033,decoder_by_matrix,36e3cd26fed5ec7649ec51fb08c1a5e7d7f30e615782d954fee045c18a4962ca,"{""distance"":3,""physical_error_rate"":5e-05}","{""detection_events"":9,""detectors_checked"":180576}"
      2320,         0,         0,   0.029,decoder_by_matrix,36e3cd26fed5ec7649ec51fb08c1a5e7d7f30e615782d954fee045c18a4962ca,"{""distance"":3,""physical_error_rate"":5e-05}","{""detection_events"":18,""detectors_checked"":125280}"
      4368,         0,         0,   0.037,decoder_by_matrix,36e3cd26fed5ec7649ec51fb08c1a5e7d7f30e615782d954fee045c18a4962ca,"{""distance"":3,""physical_error_rate"":5e-05}","{""detection_events"":9,""detectors_checked"":235872}"
      4368,         0,         0,   0.014,decoder_by_matrix,beec9fd12293a9cfe53c9b61fb8ce2a525e4eed38fa75d132d6dc64699336876,"{""distance"":3,""physical_error_rate"":0.0001}","{""detection_events"":78,""detectors_checked"":235872}"
      1024,         0,         0,   0.002,decoder_by_matrix,beec9fd12293a9cfe53c9b61fb8ce2a525e4eed38fa75d132d6dc64699336876,"{""distance"":3,""physical_error_rate"":0.0001}","{""detection_events"":27,""detectors_checked"":55296}"
      4096,         0,         0,   0.032,decoder_by_matrix,e25b8d07214a8afb95d354611a83b9bb1ded39644e323a8585b3aabf687a4fff,"{""distance"":3,""physical_error_rate"":1e-05}","{""detectors_checked"":221184}"
      4096,         0,         0,   0.039,decoder_by_matrix,e25b8d07214a8afb95d354611a83b9bb1ded39644e323a8585b3aabf687a4fff,"{""distance"":3,""physical_error_rate"":1e-05}","{""detectors_checked"":221184}"
      2048,         0,         0,   0.036,decoder_by_matrix,5c8c81bfec719079c388cedc47a351f264c1bf769ae28a89f9b4fc7719fea501,"{""distance"":3,""physical_error_rate"":0.0005}","{""detection_events"":189,""detectors_checked"":110592}"
      4096,         0,         0,   0.036,decoder_by_matrix,e25b8d07214a8afb95d354611a83b9bb1ded39644e323a8585b3aabf687a4fff,"{""distance"":3,""physical_error_rate"":1e-05}","{""detection_events"":24,""detectors_checked"":221184}"
      5392,         0,         0,   0.015,decoder_by_matrix,beec9fd12293a9cfe53c9b61fb8ce2a525e4eed38fa75d132d6dc64699336876,"{""distance"":3,""physical_error_rate"":0.0001}","{""detection_events"":63,""detectors_checked"":291168}"
      1024,         0,         0,   0.002,decoder_by_matrix,beec9fd12293a9cfe53c9b61fb8ce2a525e4eed38fa75d132d6dc64699336876,"{""distance"":3,""physical_error_rate"":0.0001}","{""detection_events"":18,""detectors_checked"":55296}"
      2048,         0,         0,   0.039,decoder_by_matrix,beec9fd12293a9cfe53c9b61fb8ce2a525e4eed38fa75d132d6dc64699336876,"{""distance"":3,""physical_error_rate"":0.0001}","{""detection_events"":30,""detectors_checked"":110592}"
      3072,         0,         0,   0.039,decoder_by_matrix,36e3cd26fed5ec7649ec51fb08c1a5e7d7f30e615782d954fee045c18a4962ca,"{""distance"":3,""physical_error_rate"":5e-05}","{""detection_events"":3,""detectors_checked"":165888}"
      4096,         0,         0,   0.036,decoder_by_matrix,36e3cd26fed5ec7649ec51fb08c1a5e7d7f30e615782d954fee045c18a4962ca,"{""distance"":3,""physical_error_rate"":5e-05}","{""detection_events"":30,""detectors_checked"":221184}"
      3072,         0,         0,   0.044,decoder_by_matrix,36e3cd26fed5ec7649ec51fb08c1a5e7d7f30e615782d954fee045c18a4962ca,"{""distance"":3,""physical_error_rate"":5e-05}","{""detection_events"":6,""detectors_checked"":165888}"
      2048,         0,         0,   0.038,decoder_by_matrix,beec9fd12293a9cfe53c9b61fb8ce2a525e4eed38fa75d132d6dc64699336876,"{""distance"":3,""physical_error_rate"":0.0001}","{""detection_events"":9,""detectors_checked"":110592}"
      5120,         0,         0,   0.040,decoder_by_matrix,e25b8d07214a8afb95d354611a83b9bb1ded39644e323a8585b3aabf687a4fff,"{""distance"":3,""physical_error_rate"":1e-05}","{""detection_events"":15,""detectors_checked"":276480}"
      3072,         0,         0,   0.048,decoder_by_matrix,e25b8d07214a8afb95d354611a83b9bb1ded39644e323a8585b3aabf687a4fff,"{""distance"":3,""physical_error_rate"":1e-05}","{""detection_events"":12,""detectors_checked"":165888}"
      2048,         0,         0,   0.051,decoder_by_matrix,5c8c81bfec719079c388cedc47a351f264c1bf769ae28a89f9b4fc7719fea501,"{""distance"":3,""physical_error_rate"":0.0005}","{""detection_events"":99,""detectors_checked"":110592}"
      7168,         0,         0,   0.052,decoder_by_matrix,e25b8d07214a8afb95d354611a83b9bb1ded39644e323a8585b3aabf687a4fff,"{""distance"":3,""physical_error_rate"":1e-05}","{""detectors_checked"":387072}"
      2048,         0,         0,   0.055,decoder_by_matrix,beec9fd12293a9cfe53c9b61fb8ce2a525e4eed38fa75d132d6dc64699336876,"{""distance"":3,""physical_error_rate"":0.0001}","{""detection_events"":27,""detectors_checked"":110592}"
      2048,         0,         0,   0.087,decoder_by_matrix,beec9fd12293a9cfe53c9b61fb8ce2a525e4eed38fa75d132d6dc64699336876,"{""distance"":3,""physical_error_rate"":0.0001}","{""detection_events"":24,""detectors_checked"":110592}"
      3072,         0,         0,   0.121,decoder_by_matrix,36e3cd26fed5ec7649ec51fb08c1a5e7d7f30e615782d954fee045c18a4962ca,"{""distance"":3,""physical_error_rate"":5e-05}","{""detection_events"":45,""detectors_checked"":165888}"
      2048,         0,         0,   0.123,decoder_by_matrix,36e3cd26fed5ec7649ec51fb08c1a5e7d7f30e615782d954fee045c18a4962ca,"{""distance"":3,""physical_error_rate"":5e-05}","{""detection_events"":12,""detectors_checked"":110592}"
      3072,         0,         0,   0.125,decoder_by_matrix,36e3cd26fed5ec7649ec51fb08c1a5e7d7f30e615782d954fee045c18a4962ca,"{""distance"":3,""physical_error_rate"":5e-05}","{""detection_events"":51,""detectors_checked"":165888}"
      1024,         0,         0,   0.002,decoder_by_matrix,36e3cd26fed5ec7649ec51fb08c1a5e7d7f30e615782d954fee045c18a4962ca,"{""distance"":3,""physical_error_rate"":5e-05}","{""detection_events"":12,""detectors_checked"":55296}"
      3072,         0,         0,   0.222,decoder_by_matrix,5c8c81bfec719079c388cedc47a351f264c1bf769ae28a89f9b4fc7719fea501,"{""distance"":3,""physical_error_rate"":0.0005}","{""detection_events"":198,""detectors_checked"":165888}"
      1024,         0,         0,   0.002,decoder_by_matrix,5c8c81bfec719079c388cedc47a351f264c1bf769ae28a89f9b4fc7719fea501,"{""distance"":3,""physical_error_rate"":0.0005}","{""detection_events"":60,""detectors_checked"":55296}"
      6144,         0,         0,   0.118,decoder_by_matrix,e25b8d07214a8afb95d354611a83b9bb1ded39644e323a8585b3aabf687a4fff,"{""distance"":3,""physical_error_rate"":1e-05}","{""detectors_checked"":331776}"
      1024,         0,         0,   0.001,decoder_by_matrix,e25b8d07214a8afb95d354611a83b9bb1ded39644e323a8585b3aabf687a4fff,"{""distance"":3,""physical_error_rate"":1e-05}","{""detectors_checked"":55296}"
      5120,         0,         0,   0.127,decoder_by_matrix,e25b8d07214a8afb95d354611a83b9bb1ded39644e323a8585b3aabf687a4fff,"{""distance"":3,""physical_error_rate"":1e-05}","{""detection_events"":6,""detectors_checked"":276480}"
      1024,         0,         0,   0.001,decoder_by_matrix,e25b8d07214a8afb95d354611a83b9bb1ded39644e323a8585b3aabf687a4fff,"{""distance"":3,""physical_error_rate"":1e-05}","{""detectors_checked"":55296}"
      3072,         0,         0,   0.122,decoder_by_matrix,beec9fd12293a9cfe53c9b61fb8ce2a525e4eed38fa75d132d6dc64699336876,"{""distance"":3,""physical_error_rate"":0.0001}","{""detection_events"":66,""detectors_checked"":165888}"
      1024,         0,         0,   0.002,decoder_by_matrix,beec9fd12293a9cfe53c9b61fb8ce2a525e4eed38fa75d132d6dc64699336876,"{""distance"":3,""physical_error_rate"":0.0001}","{""detection_events"":12,""detectors_checked"":55296}"
      2048,         0,         0,   0.134,decoder_by_matrix,5c8c81bfec719079c388cedc47a351f264c1bf769ae28a89f9b4fc7719fea501,"{""distance"":3,""physical_error_rate"":0.0005}","{""detection_events"":117,""detectors_checked"":110592}"
      1024,         0,         0,   0.002,decoder_by_matrix,5c8c81bfec719079c388cedc47a351f264c1bf769ae28a89f9b4fc7719fea501,"{""distance"":3,""physical_error_rate"":0.0005}","{""detection_events"":57,""detectors_checked"":55296}"
      6144,         1,         0,   0.522,decoder_by_matrix,5c8c81bfec719079c388cedc47a351f264c1bf769ae28a89f9b4fc7719fea501,"{""distance"":3,""physical_error_rate"":0.0005}","{""detection_events"":420,""detectors_checked"":331776,""obs_mistake_mask=E"":1}"
      1024,         0,         0,   0.002,decoder_by_matrix,5c8c81bfec719079c388cedc47a351f264c1bf769ae28a89f9b4fc7719fea501,"{""distance"":3,""physical_error_rate"":0.0005}","{""detection_events"":66,""detectors_checked"":55296}"
      5120,         0,         0,   0.131,decoder_by_matrix,e25b8d07214a8afb95d354611a83b9bb1ded39644e323a8585b3aabf687a4fff,"{""distance"":3,""physical_error_rate"":1e-05}","{""detection_events"":6,""detectors_checked"":276480}"
      1024,         0,         0,   0.001,decoder_by_matrix,e25b8d07214a8afb95d354611a83b9bb1ded39644e323a8585b3aabf687a4fff,"{""distance"":3,""physical_error_rate"":1e-05}","{""detectors_checked"":55296}"
      2048,         0,         0,   0.150,decoder_by_matrix,beec9fd12293a9cfe53c9b61fb8ce2a525e4eed38fa75d132d6dc64699336876,"{""distance"":3,""physical_error_rate"":0.0001}","{""detection_events"":48,""detectors_checked"":110592}"
      1024,         0,         0,   0.002,decoder_by_matrix,beec9fd12293a9cfe53c9b61fb8ce2a525e4eed38fa75d132d6dc64699336876,"{""distance"":3,""physical_error_rate"":0.0001}","{""detection_events"":6,""detectors_checked"":55296}"
      2048,         0,         0,   0.059,decoder_by_matrix,5c8c81bfec719079c388cedc47a351f264c1bf769ae28a89f9b4fc7719fea501,"{""distance"":3,""physical_error_rate"":0.0005}","{""detection_events"":219,""detectors_checked"":110592}"
      3072,         0,         0,   0.227,decoder_by_matrix,36e3cd26fed5ec7649ec51fb08c1a5e7d7f30e615782d954fee045c18a4962ca,"{""distance"":3,""physical_error_rate"":5e-05}","{""detection_events"":42,""detectors_checked"":165888}"
      3072,         0,         0,   0.005,decoder_by_matrix,beec9fd12293a9cfe53c9b61fb8ce2a525e4eed38fa75d132d6dc64699336876,"{""distance"":3,""physical_error_rate"":0.0001}","{""detection_events"":24,""detectors_checked"":165888}"
      1024,         0,         0,   0.002,decoder_by_matrix,beec9fd12293a9cfe53c9b61fb8ce2a525e4eed38fa75d132d6dc64699336876,"{""distance"":3,""physical_error_rate"":0.0001}","{""detection_events"":15,""detectors_checked"":55296}"
      5120,         0,         0,   0.126,decoder_by_matrix,e25b8d07214a8afb95d354611a83b9bb1ded39644e323a8585b3aabf687a4fff,"{""distance"":3,""physical_error_rate"":1e-05}","{""detection_events"":12,""detectors_checked"":276480}"
      3072,         0,         0,   0.154,decoder_by_matrix,36e3cd26fed5ec7649ec51fb08c1a5e7d7f30e615782d954fee045c18a4962ca,"{""distance"":3,""physical_error_rate"":5e-05}","{""detection_events"":24,""detectors_checked"":165888}"
      1024,         0,         0,   0.002,decoder_by_matrix,36e3cd26fed5ec7649ec51fb08c1a5e7d7f30e615782d954fee045c18a4962ca,"{""distance"":3,""physical_error_rate"":5e-05}","{""detection_events"":12,""detectors_checked"":55296}"
      1024,         0,         0,   0.164,decoder_by_matrix,36e3cd26fed5ec7649ec51fb08c1a5e7d7f30e615782d954fee045c18a4962ca,"{""distance"":3,""physical_error_rate"":5e-05}","{""detection_events"":3,""detectors_checked"":55296}"
      2048,         0,         0,   0.145,decoder_by_matrix,beec9fd12293a9cfe53c9b61fb8ce2a525e4eed38fa75d132d6dc64699336876,"{""distance"":3,""physical_error_rate"":0.0001}","{""detection_events"":33,""detectors_checked"":110592}"
      4096,         0,         0,   0.169,decoder_by_matrix,e25b8d07214a8afb95d354611a83b9bb1ded39644e323a8585b3aabf687a4fff,"{""distance"":3,""physical_error_rate"":1e-05}","{""detection_events"":3,""detectors_checked"":221184}"
      2048,         0,         0,   0.165,decoder_by_matrix,5c8c81bfec719079c388cedc47a351f264c1bf769ae28a89f9b4fc7719fea501,"{""distance"":3,""physical_error_rate"":0.0005}","{""detection_events"":66,""detectors_checked"":110592}"
      2048,         0,         0,   0.165,decoder_by_matrix,5c8c81bfec719079c388cedc47a351f264c1bf769ae28a89f9b4fc7719fea501,"{""distance"":3,""physical_error_rate"":0.0005}","{""detection_events"":138,""detectors_checked"":110592}"
      1024,         0,         0,   0.002,decoder_by_matrix,5c8c81bfec719079c388cedc47a351f264c1bf769ae28a89f9b4fc7719fea501,"{""distance"":3,""physical_error_rate"":0.0005}","{""detection_events"":87,""detectors_checked"":55296}"
      2048,         0,         0,   0.190,decoder_by_matrix,e25b8d07214a8afb95d354611a83b9bb1ded39644e323a8585b3aabf687a4fff,"{""distance"":3,""physical_error_rate"":1e-05}","{""detection_events"":24,""detectors_checked"":110592}"
      2048,         0,         0,   0.194,decoder_by_matrix,beec9fd12293a9cfe53c9b61fb8ce2a525e4eed38fa75d132d6dc64699336876,"{""distance"":3,""physical_error_rate"":0.0001}","{""detection_events"":42,""detectors_checked"":110592}"
      3072,         0,         0,   0.255,decoder_by_matrix,36e3cd26fed5ec7649ec51fb08c1a5e7d7f30e615782d954fee045c18a4962ca,"{""distance"":3,""physical_error_rate"":5e-05}","{""detection_events"":21,""detectors_checked"":165888}"
      3072,         0,         0,   0.254,decoder_by_matrix,beec9fd12293a9cfe53c9b61fb8ce2a525e4eed38fa75d132d6dc64699336876,"{""distance"":3,""physical_error_rate"":0.0001}","{""detection_events"":15,""detectors_checked"":165888}"
      4096,         0,         0,   0.252,decoder_by_matrix,e25b8d07214a8afb95d354611a83b9bb1ded39644e323a8585b3aabf687a4fff,"{""distance"":3,""physical_error_rate"":1e-05}","{""detection_events"":6,""detectors_checked"":221184}"
      4096,         0,         0,   0.248,decoder_by_matrix,36e3cd26fed5ec7649ec51fb08c1a5e7d7f30e615782d954fee045c18a4962ca,"{""distance"":3,""physical_error_rate"":5e-05}","{""detection_events"":15,""detectors_checked"":221184}"
      3072,         0,         0,   0.257,decoder_by_matrix,36e3cd26fed5ec7649ec51fb08c1a5e7d7f30e615782d954fee045c18a4962ca,"{""distance"":3,""physical_error_rate"":5e-05}","{""detection_events"":45,""detectors_checked"":165888}"
      3072,         0,         0,   0.257,decoder_by_matrix,beec9fd12293a9cfe53c9b61fb8ce2a525e4eed38fa75d132d6dc64699336876,"{""distance"":3,""physical_error_rate"":0.0001}","{""detection_events"":9,""detectors_checked"":165888}"
      5120,         0,         0,   0.257,decoder_by_matrix,e25b8d07214a8afb95d354611a83b9bb1ded39644e323a8585b3aabf687a4fff,"{""distance"":3,""physical_error_rate"":1e-05}","{""detection_events"":9,""detectors_checked"":276480}"
      2048,         0,         0,   0.256,decoder_by_matrix,5c8c81bfec719079c388cedc47a351f264c1bf769ae28a89f9b4fc7719fea501,"{""distance"":3,""physical_error_rate"":0.0005}","{""detection_events"":156,""detectors_checked"":110592}"
      3072,         0,         0,   0.394,decoder_by_matrix,5c8c81bfec719079c388cedc47a351f264c1bf769ae28a89f9b4fc7719fea501,"{""distance"":3,""physical_error_rate"":0.0005}","{""detection_events"":159,""detectors_checked"":165888}"
      7168,         0,         0,   0.210,decoder_by_matrix,e25b8d07214a8afb95d354611a83b9bb1ded39644e323a8585b3aabf687a4fff,"{""distance"":3,""physical_error_rate"":1e-05}","{""detectors_checked"":387072}"
      1024,         0,         0,   0.216,decoder_by_matrix,5c8c81bfec719079c388cedc47a351f264c1bf769ae28a89f9b4fc7719fea501,"{""distance"":3,""physical_error_rate"":0.0005}","{""detection_events"":105,""detectors_checked"":55296}"
      3072,         0,         0,   0.261,decoder_by_matrix,beec9fd12293a9cfe53c9b61fb8ce2a525e4eed38fa75d132d6dc64699336876,"{""distance"":3,""physical_error_rate"":0.0001}","{""detection_events"":24,""detectors_checked"":165888}"
      5120,         0,         0,   0.261,decoder_by_matrix,36e3cd26fed5ec7649ec51fb08c1a5e7d7f30e615782d954fee045c18a4962ca,"{""distance"":3,""physical_error_rate"":5e-05}","{""detection_events"":21,""detectors_checked"":276480}"
      3072,         0,         0,   0.261,decoder_by_matrix,beec9fd12293a9cfe53c9b61fb8ce2a525e4eed38fa75d132d6dc64699336876,"{""distance"":3,""physical_error_rate"":0.0001}","{""detection_events"":48,""detectors_checked"":165888}"
      7168,         0,         0,   0.258,decoder_by_matrix,e25b8d07214a8afb95d354611a83b9bb1ded39644e323a8585b3aabf687a4fff,"{""distance"":3,""physical_error_rate"":1e-05}","{""detectors_checked"":387072}"
      3072,         0,         0,   0.258,decoder_by_matrix,36e3cd26fed5ec7649ec51fb08c1a5e7d7f30e615782d954fee045c18a4962ca,"{""distance"":3,""physical_error_rate"":5e-05}","{""detection_events"":30,""detectors_checked"":165888}"
      4096,         0,         0,   0.258,decoder_by_matrix,36e3cd26fed5ec7649ec51fb08c1a5e7d7f30e615782d954fee045c18a4962ca,"{""distance"":3,""physical_error_rate"":5e-05}","{""detection_events"":24,""detectors_checked"":221184}"
      2048,         0,         0,   0.257,decoder_by_matrix,beec9fd12293a9cfe53c9b61fb8ce2a525e4eed38fa75d132d6dc64699336876,"{""distance"":3,""physical_error_rate"":0.0001}","{""detection_events"":33,""detectors_checked"":110592}"
      5120,         0,         0,   0.258,decoder_by_matrix,e25b8d07214a8afb95d354611a83b9bb1ded39644e323a8585b3aabf687a4fff,"{""distance"":3,""physical_error_rate"":1e-05}","{""detection_events"":12,""detectors_checked"":276480}"
      2048,         0,         0,   0.257,decoder_by_matrix,5c8c81bfec719079c388cedc47a351f264c1bf769ae28a89f9b4fc7719fea501,"{""distance"":3,""physical_error_rate"":0.0005}","{""detection_events"":123,""detectors_checked"":110592}"
      2048,         0,         0,   0.265,decoder_by_matrix,5c8c81bfec719079c388cedc47a351f264c1bf769ae28a89f9b4fc7719fea501,"{""distance"":3,""physical_error_rate"":0.0005}","{""detection_events"":153,""detectors_checked"":110592}"
      7168,         0,         0,   0.238,decoder_by_matrix,e25b8d07214a8afb95d354611a83b9bb1ded39644e323a8585b3aabf687a4fff,"{""distance"":3,""physical_error_rate"":1e-05}","{""detectors_checked"":387072}"
      3072,         0,         0,   0.260,decoder_by_matrix,5c8c81bfec719079c388cedc47a351f264c1bf769ae28a89f9b4fc7719fea501,"{""distance"":3,""physical_error_rate"":0.0005}","{""detection_events"":168,""detectors_checked"":165888}"
      4096,         0,         0,   0.258,decoder_by_matrix,beec9fd12293a9cfe53c9b61fb8ce2a525e4eed38fa75d132d6dc64699336876,"{""distance"":3,""physical_error_rate"":0.0001}","{""detection_events"":12,""detectors_checked"":221184}"
      2048,         0,         0,   0.258,decoder_by_matrix,36e3cd26fed5ec7649ec51fb08c1a5e7d7f30e615782d954fee045c18a4962ca,"{""distance"":3,""physical_error_rate"":5e-05}","{""detection_events"":24,""detectors_checked"":110592}"
      2048,         0,         0,   0.258,decoder_by_matrix,beec9fd12293a9cfe53c9b61fb8ce2a525e4eed38fa75d132d6dc64699336876,"{""distance"":3,""physical_error_rate"":0.0001}","{""detection_events"":39,""detectors_checked"":110592}"
      3072,         0,         0,   0.259,decoder_by_matrix,36e3cd26fed5ec7649ec51fb08c1a5e7d7f30e615782d954fee045c18a4962ca,"{""distance"":3,""physical_error_rate"":5e-05}","{""detection_events"":42,""detectors_checked"":165888}"
      3072,         0,         0,   0.258,decoder_by_matrix,36e3cd26fed5ec7649ec51fb08c1a5e7d7f30e615782d954fee045c18a4962ca,"{""distance"":3,""physical_error_rate"":5e-05}","{""detection_events"":21,""detectors_checked"":165888}"
      3072,         0,         0,   0.258,decoder_by_matrix,beec9fd12293a9cfe53c9b61fb8ce2a525e4eed38fa75d132d6dc64699336876,"{""distance"":3,""physical_error_rate"":0.0001}","{""detection_events"":30,""detectors_checked"":165888}"
      3072,         0,         0,   0.257,decoder_by_matrix,5c8c81bfec719079c388cedc47a351f264c1bf769ae28a89f9b4fc7719fea501,"{""distance"":3,""physical_error_rate"":0.0005}","{""detection_events"":219,""detectors_checked"":165888}"
      2048,         0,         0,   0.253,decoder_by_matrix,5c8c81bfec719079c388cedc47a351f264c1bf769ae28a89f9b4fc7719fea501,"{""distance"":3,""physical_error_rate"":0.0005}","{""detection_events"":159,""detectors_checked"":110592}"
      9216,         0,         0,   0.007,decoder_by_matrix,e25b8d07214a8afb95d354611a83b9bb1ded39644e323a8585b3aabf687a4fff,"{""distance"":3,""physical_error_rate"":1e-05}","{""detection_events"":12,""detectors_checked"":497664}"
      3072,         0,         0,   0.259,decoder_by_matrix,beec9fd12293a9cfe53c9b61fb8ce2a525e4eed38fa75d132d6dc64699336876,"{""distance"":3,""physical_error_rate"":0.0001}","{""detection_events"":72,""detectors_checked"":165888}"
      3072,         0,         0,   0.258,decoder_by_matrix,36e3cd26fed5ec7649ec51fb08c1a5e7d7f30e615782d954fee045c18a4962ca,"{""distance"":3,""physical_error_rate"":5e-05}","{""detection_events"":15,""detectors_checked"":165888}"
      3072,         0,         0,   0.232,decoder_by_matrix,36e3cd26fed5ec7649ec51fb08c1a5e7d7f30e615782d954fee045c18a4962ca,"{""distance"":3,""physical_error_rate"":5e-05}","{""detection_events"":18,""detectors_checked"":165888}"
     11264,         0,         0,   0.527,decoder_by_matrix,e25b8d07214a8afb95d354611a83b9bb1ded39644e323a8585b3aabf687a4fff,"{""distance"":3,""physical_error_rate"":1e-05}","{""detection_events"":15,""detectors_checked"":608256}"
      4096,         0,         0,   0.268,decoder_by_matrix,36e3cd26fed5ec7649ec51fb08c1a5e7d7f30e615782d954fee045c18a4962ca,"{""distance"":3,""physical_error_rate"":5e-05}","{""detection_events"":21,""detectors_checked"":221184}"
      5120,         0,         0,   0.491,decoder_by_matrix,5c8c81bfec719079c388cedc47a351f264c1bf769ae28a89f9b4fc7719fea501,"{""distance"":3,""physical_error_rate"":0.0005}","{""detection_events"":333,""detectors_checked"":276480}"
     12288,         0,         0,   0.528,decoder_by_matrix,e25b8d07214a8afb95d354611a83b9bb1ded39644e323a8585b3aabf687a4fff,"{""distance"":3,""physical_error_rate"":1e-05}","{""detection_events"":21,""detectors_checked"":663552}"
      2048,         0,         0,   0.289,decoder_by_matrix,5c8c81bfec719079c388cedc47a351f264c1bf769ae28a89f9b4fc7719fea501,"{""distance"":3,""physical_error_rate"":0.0005}","{""detection_events"":102,""detectors_checked"":110592}"
      3072,         0,         0,   0.259,decoder_by_matrix,5c8c81bfec719079c388cedc47a351f264c1bf769ae28a89f9b4fc7719fea501,"{""distance"":3,""physical_error_rate"":0.0005}","{""detection_events"":303,""detectors_checked"":165888}"
      3072,         0,         0,   0.259,decoder_by_matrix,36e3cd26fed5ec7649ec51fb08c1a5e7d7f30e615782d954fee045c18a4962ca,"{""distance"":3,""physical_error_rate"":5e-05}","{""detection_events"":30,""detectors_checked"":165888}"
      6144,         0,         0,   0.516,decoder_by_matrix,beec9fd12293a9cfe53c9b61fb8ce2a525e4eed38fa75d132d6dc64699336876,"{""distance"":3,""physical_error_rate"":0.0001}","{""detection_events"":78,""detectors_checked"":331776}"
      6144,         0,         0,   0.518,decoder_by_matrix,beec9fd12293a9cfe53c9b61fb8ce2a525e4eed38fa75d132d6dc64699336876,"{""distance"":3,""physical_error_rate"":0.0001}","{""detection_events"":105,""detectors_checked"":331776}"
      4096,         0,         0,   0.309,decoder_by_matrix,36e3cd26fed5ec7649ec51fb08c1a5e7d7f30e615782d954fee045c18a4962ca,"{""distance"":3,""physical_error_rate"":5e-05}","{""detection_events"":9,""detectors_checked"":221184}"
      3072,         0,         0,   0.258,decoder_by_matrix,5c8c81bfec719079c388cedc47a351f264c1bf769ae28a89f9b4fc7719fea501,"{""distance"":3,""physical_error_rate"":0.0005}","{""detection_events"":312,""detectors_checked"":165888}"
      6144,         0,         0,   0.258,decoder_by_matrix,e25b8d07214a8afb95d354611a83b9bb1ded39644e323a8585b3aabf687a4fff,"{""distance"":3,""physical_error_rate"":1e-05}","{""detection_events"":3,""detectors_checked"":331776}"
      5120,         0,         0,   0.516,decoder_by_matrix,beec9fd12293a9cfe53c9b61fb8ce2a525e4eed38fa75d132d6dc64699336876,"{""distance"":3,""physical_error_rate"":0.0001}","{""detection_events"":75,""detectors_checked"":276480}"
      7168,         0,         0,   0.257,decoder_by_matrix,e25b8d07214a8afb95d354611a83b9bb1ded39644e323a8585b3aabf687a4fff,"{""distance"":3,""physical_error_rate"":1e-05}","{""detection_events"":39,""detectors_checked"":387072}"
      5120,         0,         0,   0.323,decoder_by_matrix,36e3cd26fed5ec7649ec51fb08c1a5e7d7f30e615782d954fee045c18a4962ca,"{""distance"":3,""physical_error_rate"":5e-05}","{""detection_events"":18,""detectors_checked"":276480}"
      4096,         0,         0,   0.513,decoder_by_matrix,36e3cd26fed5ec7649ec51fb08c1a5e7d7f30e615782d954fee045c18a4962ca,"{""distance"":3,""physical_error_rate"":5e-05}","{""detection_events"":63,""detectors_checked"":221184}"
      5120,         0,         0,   0.511,decoder_by_matrix,5c8c81bfec719079c388cedc47a351f264c1bf769ae28a89f9b4fc7719fea501,"{""distance"":3,""physical_error_rate"":0.0005}","{""detection_events"":378,""detectors_checked"":276480}"
     11264,         0,         0,   0.513,decoder_by_matrix,e25b8d07214a8afb95d354611a83b9bb1ded39644e323a8585b3aabf687a4fff,"{""distance"":3,""physical_error_rate"":1e-05}","{""detectors_checked"":608256}"
      5120,         0,         0,   0.519,decoder_by_matrix,5c8c81bfec719079c388cedc47a351f264c1bf769ae28a89f9b4fc7719fea501,"{""distance"":3,""physical_error_rate"":0.0005}","{""detection_events"":348,""detectors_checked"":276480}"
      5120,         0,         0,   0.507,decoder_by_matrix,beec9fd12293a9cfe53c9b61fb8ce2a525e4eed38fa75d132d6dc64699336876,"{""distance"":3,""physical_error_rate"":0.0001}","{""detection_events"":57,""detectors_checked"":276480}"
      5120,         0,         0,   0.512,decoder_by_matrix,beec9fd12293a9cfe53c9b61fb8ce2a525e4eed38fa75d132d6dc64699336876,"{""distance"":3,""physical_error_rate"":0.0001}","{""detection_events"":57,""detectors_checked"":276480}"
      6144,         0,         0,   0.512,decoder_by_matrix,36e3cd26fed5ec7649ec51fb08c1a5e7d7f30e615782d954fee045c18a4962ca,"{""distance"":3,""physical_error_rate"":5e-05}","{""detection_events"":51,""detectors_checked"":331776}"
      4096,         0,         0,   0.260,decoder_by_matrix,5c8c81bfec719079c388cedc47a351f264c1bf769ae28a89f9b4fc7719fea501,"{""distance"":3,""physical_error_rate"":0.0005}","{""detection_events"":276,""detectors_checked"":221184}"
      5120,         0,         0,   0.565,decoder_by_matrix,beec9fd12293a9cfe53c9b61fb8ce2a525e4eed38fa75d132d6dc64699336876,"{""distance"":3,""physical_error_rate"":0.0001}","{""detection_events"":120,""detectors_checked"":276480}"
      6144,         0,         0,   0.512,decoder_by_matrix,36e3cd26fed5ec7649ec51fb08c1a5e7d7f30e615782d954fee045c18a4962ca,"{""distance"":3,""physical_error_rate"":5e-05}","{""detection_events"":45,""detectors_checked"":331776}"
      8192,         0,         0,   0.514,decoder_by_matrix,36e3cd26fed5ec7649ec51fb08c1a5e7d7f30e615782d954fee045c18a4962ca,"{""distance"":3,""physical_error_rate"":5e-05}","{""detection_events"":45,""detectors_checked"":442368}"
     17408,         0,         0,   0.764,decoder_by_matrix,e25b8d07214a8afb95d354611a83b9bb1ded39644e323a8585b3aabf687a4fff,"{""distance"":3,""physical_error_rate"":1e-05}","{""detection_events"":30,""detectors_checked"":940032}"
      4096,         0,         0,   0.516,decoder_by_matrix,5c8c81bfec719079c388cedc47a351f264c1bf769ae28a89f9b4fc7719fea501,"{""distance"":3,""physical_error_rate"":0.0005}","{""detection_events"":267,""detectors_checked"":221184}"
     14336,         0,         0,   0.733,decoder_by_matrix,e25b8d07214a8afb95d354611a83b9bb1ded39644e323a8585b3aabf687a4fff,"{""distance"":3,""physical_error_rate"":1e-05}","{""detection_events"":33,""detectors_checked"":774144}"
      5120,         0,         0,   0.576,decoder_by_matrix,beec9fd12293a9cfe53c9b61fb8ce2a525e4eed38fa75d132d6dc64699336876,"{""distance"":3,""physical_error_rate"":0.0001}","{""detection_events"":105,""detectors_checked"":276480}"
      7168,         0,         0,   0.769,decoder_by_matrix,5c8c81bfec719079c388cedc47a351f264c1bf769ae28a89f9b4fc7719fea501,"{""distance"":3,""physical_error_rate"":0.0005}","{""detection_events"":681,""detectors_checked"":387072}"
     16384,         0,         0,   0.769,decoder_by_matrix,e25b8d07214a8afb95d354611a83b9bb1ded39644e323a8585b3aabf687a4fff,"{""distance"":3,""physical_error_rate"":1e-05}","{""detection_events"":9,""detectors_checked"":884736}"
      5120,         0,         0,   0.516,decoder_by_matrix,5c8c81bfec719079c388cedc47a351f264c1bf769ae28a89f9b4fc7719fea501,"{""distance"":3,""physical_error_rate"":0.0005}","{""detection_events"":327,""detectors_checked"":276480}"
      8192,         0,         0,   0.772,decoder_by_matrix,beec9fd12293a9cfe53c9b61fb8ce2a525e4eed38fa75d132d6dc64699336876,"{""distance"":3,""physical_error_rate"":0.0001}","{""detection_events"":81,""detectors_checked"":442368}"
      9216,         0,         0,   0.518,decoder_by_matrix,36e3cd26fed5ec7649ec51fb08c1a5e7d7f30e615782d954fee045c18a4962ca,"{""distance"":3,""physical_error_rate"":5e-05}","{""detection_events"":81,""detectors_checked"":497664}"
      8192,         0,         0,   0.731,decoder_by_matrix,beec9fd12293a9cfe53c9b61fb8ce2a525e4eed38fa75d132d6dc64699336876,"{""distance"":3,""physical_error_rate"":0.0001}","{""detection_events"":75,""detectors_checked"":442368}"
     10240,         0,         0,   0.765,decoder_by_matrix,36e3cd26fed5ec7649ec51fb08c1a5e7d7f30e615782d954fee045c18a4962ca,"{""distance"":3,""physical_error_rate"":5e-05}","{""detection_events"":54,""detectors_checked"":552960}"
      9216,         0,         0,   0.764,decoder_by_matrix,36e3cd26fed5ec7649ec51fb08c1a5e7d7f30e615782d954fee045c18a4962ca,"{""distance"":3,""physical_error_rate"":5e-05}","{""detection_events"":87,""detectors_checked"":497664}"
      8192,         0,         0,   0.773,decoder_by_matrix,5c8c81bfec719079c388cedc47a351f264c1bf769ae28a89f9b4fc7719fea501,"{""distance"":3,""physical_error_rate"":0.0005}","{""detection_events"":417,""detectors_checked"":442368}"
     13312,         0,         0,   0.819,decoder_by_matrix,e25b8d07214a8afb95d354611a83b9bb1ded39644e323a8585b3aabf687a4fff,"{""distance"":3,""physical_error_rate"":1e-05}","{""detection_events"":36,""detectors_checked"":718848}"
      7168,         0,         0,   0.767,decoder_by_matrix,5c8c81bfec719079c388cedc47a351f264c1bf769ae28a89f9b4fc7719fea501,"{""distance"":3,""physical_error_rate"":0.0005}","{""detection_events"":462,""detectors_checked"":387072}"
     20480,         0,         0,    1.03,decoder_by_matrix,e25b8d07214a8afb95d354611a83b9bb1ded39644e323a8585b3aabf687a4fff,"{""distance"":3,""physical_error_rate"":1e-05}","{""detection_events"":30,""detectors_checked"":1105920}"
      9216,         0,         0,   0.916,decoder_by_matrix,beec9fd12293a9cfe53c9b61fb8ce2a525e4eed38fa75d132d6dc64699336876,"{""distance"":3,""physical_error_rate"":0.0001}","{""detection_events"":180,""detectors_checked"":497664}"
      9216,         0,         0,    1.02,decoder_by_matrix,5c8c81bfec719079c388cedc47a351f264c1bf769ae28a89f9b4fc7719fea501,"{""distance"":3,""physical_error_rate"":0.0005}","{""detection_events"":537,""detectors_checked"":497664}"
     24576,         0,         0,    1.02,decoder_by_matrix,e25b8d07214a8afb95d354611a83b9bb1ded39644e323a8585b3aabf687a4fff,"{""distance"":3,""physical_error_rate"":1e-05}","{""detection_events"":21,""detectors_checked"":1327104}"
      8192,         0,         0,   0.799,decoder_by_matrix,beec9fd12293a9cfe53c9b61fb8ce2a525e4eed38fa75d132d6dc64699336876,"{""distance"":3,""physical_error_rate"":0.0001}","{""detection_events"":111,""detectors_checked"":442368}"
     12288,         0,         0,   0.811,decoder_by_matrix,36e3cd26fed5ec7649ec51fb08c1a5e7d7f30e615782d954fee045c18a4962ca,"{""distance"":3,""physical_error_rate"":5e-05}","{""detection_events"":63,""detectors_checked"":663552}"
     11264,         0,         0,   0.994,decoder_by_matrix,beec9fd12293a9cfe53c9b61fb8ce2a525e4eed38fa75d132d6dc64699336876,"{""distance"":3,""physical_error_rate"":0.0001}","{""detection_events"":162,""detectors_checked"":608256}"
     15360,         0,         0,   0.995,decoder_by_matrix,36e3cd26fed5ec7649ec51fb08c1a5e7d7f30e615782d954fee045c18a4962ca,"{""distance"":3,""physical_error_rate"":5e-05}","{""detection_events"":108,""detectors_checked"":829440}"
     13312,         0,         0,   0.767,decoder_by_matrix,36e3cd26fed5ec7649ec51fb08c1a5e7d7f30e615782d954fee045c18a4962ca,"{""distance"":3,""physical_error_rate"":5e-05}","{""detection_events"":96,""detectors_checked"":718848}"
      9216,         1,         0,    1.03,decoder_by_matrix,5c8c81bfec719079c388cedc47a351f264c1bf769ae28a89f9b4fc7719fea501,"{""distance"":3,""physical_error_rate"":0.0005}","{""detection_events"":621,""detectors_checked"":497664,""obs_mistake_mask=E"":1}"
     10240,         0,         0,    1.03,decoder_by_matrix,5c8c81bfec719079c388cedc47a351f264c1bf769ae28a89f9b4fc7719fea501,"{""distance"":3,""physical_error_rate"":0.0005}","{""detection_events"":831,""detectors_checked"":552960}"
     28672,         0,         0,    1.27,decoder_by_matrix,e25b8d07214a8afb95d354611a83b9bb1ded39644e323a8585b3aabf687a4fff,"{""distance"":3,""physical_error_rate"":1e-05}","{""detection_events"":18,""detectors_checked"":1548288}"
     11264,         0,         0,    1.14,decoder_by_matrix,beec9fd12293a9cfe53c9b61fb8ce2a525e4eed38fa75d132d6dc64699336876,"{""distance"":3,""physical_error_rate"":0.0001}","{""detection_events"":225,""detectors_checked"":608256}"
     27648,         0,         0,    1.02,decoder_by_matrix,e25b8d07214a8afb95d354611a83b9bb1ded39644e323a8585b3aabf687a4fff,"{""distance"":3,""physical_error_rate"":1e-05}","{""detection_events"":33,""detectors_checked"":1492992}"
     12288,         0,         0,    1.25,decoder_by_matrix,5c8c81bfec719079c388cedc47a351f264c1bf769ae28a89f9b4fc7719fea501,"{""distance"":3,""physical_error_rate"":0.0005}","{""detection_events"":948,""detectors_checked"":663552}"
     32768,         0,         0,    1.28,decoder_by_matrix,e25b8d07214a8afb95d354611a83b9bb1ded39644e323a8585b3aabf687a4fff,"{""distance"":3,""physical_error_rate"":1e-05}","{""detection_events"":15,""detectors_checked"":1769472}"
     13312,         0,         0,    1.29,decoder_by_matrix,beec9fd12293a9cfe53c9b61fb8ce2a525e4eed38fa75d132d6dc64699336876,"{""distance"":3,""physical_error_rate"":0.0001}","{""detection_events"":189,""detectors_checked"":718848}"
     16384,         0,         0,    1.28,decoder_by_matrix,36e3cd26fed5ec7649ec51fb08c1a5e7d7f30e615782d954fee045c18a4962ca,"{""distance"":3,""physical_error_rate"":5e-05}","{""detection_events"":81,""detectors_checked"":884736}"
     13312,         0,         0,    1.03,decoder_by_matrix,beec9fd12293a9cfe53c9b61fb8ce2a525e4eed38fa75d132d6dc64699336876,"{""distance"":3,""physical_error_rate"":0.0001}","{""detection_events"":210,""detectors_checked"":718848}"
     15360,         0,         0,    1.28,decoder_by_matrix,36e3cd26fed5ec7649ec51fb08c1a5e7d7f30e615782d954fee045c18a4962ca,"{""distance"":3,""physical_error_rate"":5e-05}","{""detection_events"":126,""detectors_checked"":829440}"
     17408,         0,         0,    1.34,decoder_by_matrix,36e3cd26fed5ec7649ec51fb08c1a5e7d7f30e615782d954fee045c18a4962ca,"{""distance"":3,""physical_error_rate"":5e-05}","{""detection_events"":129,""detectors_checked"":940032}"
     12288,         0,         0,    1.27,decoder_by_matrix,5c8c81bfec719079c388cedc47a351f264c1bf769ae28a89f9b4fc7719fea501,"{""distance"":3,""physical_error_rate"":0.0005}","{""detection_events"":900,""detectors_checked"":663552}"
     12288,         1,         0,    1.34,decoder_by_matrix,5c8c81bfec719079c388cedc47a351f264c1bf769ae28a89f9b4fc7719fea501,"{""distance"":3,""physical_error_rate"":0.0005}","{""detection_events"":777,""detectors_checked"":663552,""obs_mistake_mask=E"":1}"
     37888,         0,         0,    1.75,decoder_by_matrix,e25b8d07214a8afb95d354611a83b9bb1ded39644e323a8585b3aabf687a4fff,"{""distance"":3,""physical_error_rate"":1e-05}","{""detection_events"":42,""detectors_checked"":2045952}"
     20480,         0,         0,    1.51,decoder_by_matrix,beec9fd12293a9cfe53c9b61fb8ce2a525e4eed38fa75d132d6dc64699336876,"{""distance"":3,""physical_error_rate"":0.0001}","{""detection_events"":318,""detectors_checked"":1105920}"
     15360,         1,         0,    1.57,decoder_by_matrix,5c8c81bfec719079c388cedc47a351f264c1bf769ae28a89f9b4fc7719fea501,"{""distance"":3,""physical_error_rate"":0.0005}","{""detection_events"":1215,""detectors_checked"":829440,""obs_mistake_mask=E"":1}"
     40960,         0,         0,    1.81,decoder_by_matrix,e25b8d07214a8afb95d354611a83b9bb1ded39644e323a8585b3aabf687a4fff,"{""distance"":3,""physical_error_rate"":1e-05}","{""detection_events"":45,""detectors_checked"":2211840}"
     32768,         0,         0,    1.79,decoder_by_matrix,e25b8d07214a8afb95d354611a83b9bb1ded39644e323a8585b3aabf687a4fff,"{""distance"":3,""physical_error_rate"":1e-05}","{""detection_events"":78,""detectors_checked"":1769472}"
     17408,         0,         0,    1.79,decoder_by_matrix,beec9fd12293a9cfe53c9b61fb8ce2a525e4eed38fa75d132d6dc64699336876,"{""distance"":3,""physical_error_rate"":0.0001}","{""detection_events"":378,""detectors_checked"":940032}"
     24576,         0,         0,    1.80,decoder_by_matrix,36e3cd26fed5ec7649ec51fb08c1a5e7d7f30e615782d954fee045c18a4962ca,"{""distance"":3,""physical_error_rate"":5e-05}","{""detection_events"":156,""detectors_checked"":1327104}"
     16384,         0,         0,    1.59,decoder_by_matrix,beec9fd12293a9cfe53c9b61fb8ce2a525e4eed38fa75d132d6dc64699336876,"{""distance"":3,""physical_error_rate"":0.0001}","{""detection_events"":294,""detectors_checked"":884736}"
     18432,         0,         0,    1.59,decoder_by_matrix,36e3cd26fed5ec7649ec51fb08c1a5e7d7f30e615782d954fee045c18a4962ca,"{""distance"":3,""physical_error_rate"":5e-05}","{""detection_events"":108,""detectors_checked"":995328}"
     19456,         0,         0,    1.59,decoder_by_matrix,36e3cd26fed5ec7649ec51fb08c1a5e7d7f30e615782d954fee045c18a4962ca,"{""distance"":3,""physical_error_rate"":5e-05}","{""detection_events"":126,""detectors_checked"":1050624}"
     15360,         1,         0,    1.57,decoder_by_matrix,5c8c81bfec719079c388cedc47a351f264c1bf769ae28a89f9b4fc7719fea501,"{""distance"":3,""physical_error_rate"":0.0005}","{""detection_events"":1185,""detectors_checked"":829440,""obs_mistake_mask=E"":1}"
     17408,         0,         0,    1.77,decoder_by_matrix,5c8c81bfec719079c388cedc47a351f264c1bf769ae28a89f9b4fc7719fea501,"{""distance"":3,""physical_error_rate"":0.0005}","{""detection_events"":1128,""detectors_checked"":940032}"
     46080,         0,         0,    2.36,decoder_by_matrix,e25b8d07214a8afb95d354611a83b9bb1ded39644e323a8585b3aabf687a4fff,"{""distance"":3,""physical_error_rate"":1e-05}","{""detection_events"":69,""detectors_checked"":2488320}"
     23552,         0,         0,    2.35,decoder_by_matrix,beec9fd12293a9cfe53c9b61fb8ce2a525e4eed38fa75d132d6dc64699336876,"{""distance"":3,""physical_error_rate"":0.0001}","{""detection_events"":345,""detectors_checked"":1271808}"
     21504,         0,         0,    2.31,decoder_by_matrix,5c8c81bfec719079c388cedc47a351f264c1bf769ae28a89f9b4fc7719fea501,"{""distance"":3,""physical_error_rate"":0.0005}","{""detection_events"":1668,""detectors_checked"":1161216}"
     44032,         0,         0,    2.27,decoder_by_matrix,e25b8d07214a8afb95d354611a83b9bb1ded39644e323a8585b3aabf687a4fff,"{""distance"":3,""physical_error_rate"":1e-05}","{""detection_events"":87,""detectors_checked"":2377728}"
     47104,         0,         0,    2.05,decoder_by_matrix,e25b8d07214a8afb95d354611a83b9bb1ded39644e323a8585b3aabf687a4fff,"{""distance"":3,""physical_error_rate"":1e-05}","{""detection_events"":69,""detectors_checked"":2543616}"
     32768,         0,         0,    2.30,decoder_by_matrix,36e3cd26fed5ec7649ec51fb08c1a5e7d7f30e615782d954fee045c18a4962ca,"{""distance"":3,""physical_error_rate"":5e-05}","{""detection_events"":177,""detectors_checked"":1769472}"
     24576,         0,         0,    2.35,decoder_by_matrix,beec9fd12293a9cfe53c9b61fb8ce2a525e4eed38fa75d132d6dc64699336876,"{""distance"":3,""physical_error_rate"":0.0001}","{""detection_events"":489,""detectors_checked"":1327104}"
     25600,         0,         0,    2.30,decoder_by_matrix,beec9fd12293a9cfe53c9b61fb8ce2a525e4eed38fa75d132d6dc64699336876,"{""distance"":3,""physical_error_rate"":0.0001}","{""detection_events"":390,""detectors_checked"":1382400}"
     27648,         0,         0,    2.06,decoder_by_matrix,36e3cd26fed5ec7649ec51fb08c1a5e7d7f30e615782d954fee045c18a4962ca,"{""distance"":3,""physical_error_rate"":5e-05}","{""detection_events"":213,""detectors_checked"":1492992}"
     28672,         0,         0,    2.36,decoder_by_matrix,36e3cd26fed5ec7649ec51fb08c1a5e7d7f30e615782d954fee045c18a4962ca,"{""distance"":3,""physical_error_rate"":5e-05}","{""detection_events"":204,""detectors_checked"":1548288}"
     22528,         0,         0,    2.05,decoder_by_matrix,5c8c81bfec719079c388cedc47a351f264c1bf769ae28a89f9b4fc7719fea501,"{""distance"":3,""physical_error_rate"":0.0005}","{""detection_events"":1686,""detectors_checked"":1216512}"
     22528,         0,         0,    2.35,decoder_by_matrix,5c8c81bfec719079c388cedc47a351f264c1bf769ae28a89f9b4fc7719fea501,"{""distance"":3,""physical_error_rate"":0.0005}","{""detection_events"":1578,""detectors_checked"":1216512}"
     63488,         0,         0,    2.80,decoder_by_matrix,e25b8d07214a8afb95d354611a83b9bb1ded39644e323a8585b3aabf687a4fff,"{""distance"":3,""physical_error_rate"":1e-05}","{""detection_events"":90,""detectors_checked"":3428352}"
     29696,         2,         0,    2.83,decoder_by_matrix,5c8c81bfec719079c388cedc47a351f264c1bf769ae28a89f9b4fc7719fea501,"{""distance"":3,""physical_error_rate"":0.0005}","{""detection_events"":2172,""detectors_checked"":1603584,""obs_mistake_mask=E"":2}"
     31744,         0,         0,    3.09,decoder_by_matrix,beec9fd12293a9cfe53c9b61fb8ce2a525e4eed38fa75d132d6dc64699336876,"{""distance"":3,""physical_error_rate"":0.0001}","{""detection_events"":489,""detectors_checked"":1714176}"
     68608,         0,         0,    2.95,decoder_by_matrix,e25b8d07214a8afb95d354611a83b9bb1ded39644e323a8585b3aabf687a4fff,"{""distance"":3,""physical_error_rate"":1e-05}","{""detection_events"":102,""detectors_checked"":3704832}"
     38912,         0,         0,    3.07,decoder_by_matrix,36e3cd26fed5ec7649ec51fb08c1a5e7d7f30e615782d954fee045c18a4962ca,"{""distance"":3,""physical_error_rate"":5e-05}","{""detection_events"":363,""detectors_checked"":2101248}"
     31744,         0,         0,    3.08,decoder_by_matrix,beec9fd12293a9cfe53c9b61fb8ce2a525e4eed38fa75d132d6dc64699336876,"{""distance"":3,""physical_error_rate"":0.0001}","{""detection_events"":552,""detectors_checked"":1714176}"
     34816,         0,         0,    3.07,decoder_by_matrix,beec9fd12293a9cfe53c9b61fb8ce2a525e4eed38fa75d132d6dc64699336876,"{""distance"":3,""physical_error_rate"":0.0001}","{""detection_events"":378,""detectors_checked"":1880064}"
     67584,         0,         0,    3.29,decoder_by_matrix,e25b8d07214a8afb95d354611a83b9bb1ded39644e323a8585b3aabf687a4fff,"{""distance"":3,""physical_error_rate"":1e-05}","{""detection_events"":96,""detectors_checked"":3649536}"
     41984,         0,         0,    3.07,decoder_by_matrix,36e3cd26fed5ec7649ec51fb08c1a5e7d7f30e615782d954fee045c18a4962ca,"{""distance"":3,""physical_error_rate"":5e-05}","{""detection_events"":222,""detectors_checked"":2267136}"
     29696,         1,         0,    2.82,decoder_by_matrix,5c8c81bfec719079c388cedc47a351f264c1bf769ae28a89f9b4fc7719fea501,"{""distance"":3,""physical_error_rate"":0.0005}","{""detection_events"":2205,""detectors_checked"":1603584,""obs_mistake_mask=E"":1}"
     40960,         0,         0,    3.01,decoder_by_matrix,36e3cd26fed5ec7649ec51fb08c1a5e7d7f30e615782d954fee045c18a4962ca,"{""distance"":3,""physical_error_rate"":5e-05}","{""detection_events"":360,""detectors_checked"":2211840}"
     29696,         1,         0,    3.11,decoder_by_matrix,5c8c81bfec719079c388cedc47a351f264c1bf769ae28a89f9b4fc7719fea501,"{""distance"":3,""physical_error_rate"":0.0005}","{""detection_events"":1956,""detectors_checked"":1603584,""obs_mistake_mask=E"":1}"
     87040,         0,         0,    4.32,decoder_by_matrix,e25b8d07214a8afb95d354611a83b9bb1ded39644e323a8585b3aabf687a4fff,"{""distance"":3,""physical_error_rate"":1e-05}","{""detection_events"":141,""detectors_checked"":4700160}"
     47104,         0,         0,    4.35,decoder_by_matrix,beec9fd12293a9cfe53c9b61fb8ce2a525e4eed38fa75d132d6dc64699336876,"{""distance"":3,""physical_error_rate"":0.0001}","{""detection_events"":774,""detectors_checked"":2543616}"
     41984,         0,         0,    4.41,decoder_by_matrix,5c8c81bfec719079c388cedc47a351f264c1bf769ae28a89f9b4fc7719fea501,"{""distance"":3,""physical_error_rate"":0.0005}","{""detection_events"":3258,""detectors_checked"":2267136}"
     90112,         0,         0,    4.31,decoder_by_matrix,e25b8d07214a8afb95d354611a83b9bb1ded39644e323a8585b3aabf687a4fff,"{""distance"":3,""physical_error_rate"":1e-05}","{""detection_events"":96,""detectors_checked"":4866048}"
     53248,         0,         0,    4.11,decoder_by_matrix,36e3cd26fed5ec7649ec51fb08c1a5e7d7f30e615782d954fee045c18a4962ca,"{""distance"":3,""physical_error_rate"":5e-05}","{""detection_events"":462,""detectors_checked"":2875392}"
     47104,         0,         0,    4.37,decoder_by_matrix,beec9fd12293a9cfe53c9b61fb8ce2a525e4eed38fa75d132d6dc64699336876,"{""distance"":3,""physical_error_rate"":0.0001}","{""detection_events"":792,""detectors_checked"":2543616}"
     45056,         0,         0,    3.85,decoder_by_matrix,beec9fd12293a9cfe53c9b61fb8ce2a525e4eed38fa75d132d6dc64699336876,"{""distance"":3,""physical_error_rate"":0.0001}","{""detection_events"":816,""detectors_checked"":2433024}"
     83968,         0,         0,    4.10,decoder_by_matrix,e25b8d07214a8afb95d354611a83b9bb1ded39644e323a8585b3aabf687a4fff,"{""distance"":3,""physical_error_rate"":1e-05}","{""detection_events"":126,""detectors_checked"":4534272}"
     57344,         0,         0,    4.36,decoder_by_matrix,36e3cd26fed5ec7649ec51fb08c1a5e7d7f30e615782d954fee045c18a4962ca,"{""distance"":3,""physical_error_rate"":5e-05}","{""detection_events"":381,""detectors_checked"":3096576}"
     40960,         1,         0,    4.05,decoder_by_matrix,5c8c81bfec719079c388cedc47a351f264c1bf769ae28a89f9b4fc7719fea501,"{""distance"":3,""physical_error_rate"":0.0005}","{""detection_events"":3174,""detectors_checked"":2211840,""obs_mistake_mask=E"":1}"
     55296,         0,         0,    4.36,decoder_by_matrix,36e3cd26fed5ec7649ec51fb08c1a5e7d7f30e615782d954fee045c18a4962ca,"{""distance"":3,""physical_error_rate"":5e-05}","{""detection_events"":372,""detectors_checked"":2985984}"
     41984,         1,         0,    3.85,decoder_by_matrix,5c8c81bfec719079c388cedc47a351f264c1bf769ae28a89f9b4fc7719fea501,"{""distance"":3,""physical_error_rate"":0.0005}","{""detection_events"":3129,""detectors_checked"":2267136,""obs_mistake_mask=E"":1}"
   1299456,         0,         0,   116.6,decoder_by_matrix,beec9fd12293a9cfe53c9b61fb8ce2a525e4eed38fa75d132d6dc64699336876,"{""distance"":3,""physical_error_rate"":0.0001}","{""detection_events"":19221,""detectors_checked"":70170624}"
   2491392,         0,         0,   115.7,decoder_by_matrix,e25b8d07214a8afb95d354611a83b9bb1ded39644e323a8585b3aabf687a4fff,"{""distance"":3,""physical_error_rate"":1e-05}","{""detection_events"":3489,""detectors_checked"":134535168}"
   1300480,         1,         0,   115.2,decoder_by_matrix,beec9fd12293a9cfe53c9b61fb8ce2a525e4eed38fa75d132d6dc64699336876,"{""distance"":3,""physical_error_rate"":0.0001}","{""detection_events"":19206,""detectors_checked"":70225920,""obs_mistake_mask=E"":1}"
   2479104,         0,         0,   113.3,decoder_by_matrix,e25b8d07214a8afb95d354611a83b9bb1ded39644e323a8585b3aabf687a4fff,"{""distance"":3,""physical_error_rate"":1e-05}","{""detection_events"":3267,""detectors_checked"":133871616}"
   2434048,         0,         0,   116.7,decoder_by_matrix,e25b8d07214a8afb95d354611a83b9bb1ded39644e323a8585b3aabf687a4fff,"{""distance"":3,""physical_error_rate"":1e-05}","{""detection_events"":3582,""detectors_checked"":131438592}"
    131072,         0,         0,    5.37,decoder_by_matrix,e25b8d07214a8afb95d354611a83b9bb1ded39644e323a8585b3aabf687a4fff,"{""distance"":3,""physical_error_rate"":1e-05}","{""detection_events"":216,""detectors_checked"":7077888}"
     61440,         0,         0,    6.12,decoder_by_matrix,beec9fd12293a9cfe53c9b61fb8ce2a525e4eed38fa75d132d6dc64699336876,"{""distance"":3,""physical_error_rate"":0.0001}","{""detection_events"":930,""detectors_checked"":3317760}"
   1540096,         0,         0,   118.0,decoder_by_matrix,36e3cd26fed5ec7649ec51fb08c1a5e7d7f30e615782d954fee045c18a4962ca,"{""distance"":3,""physical_error_rate"":5e-05}","{""detection_events"":10890,""detectors_checked"":83165184}"
   1159168,        24,         0,   115.9,decoder_by_matrix,5c8c81bfec719079c388cedc47a351f264c1bf769ae28a89f9b4fc7719fea501,"{""distance"":3,""physical_error_rate"":0.0005}","{""detection_events"":84963,""detectors_checked"":62595072,""obs_mistake_mask=E"":24}"
     59392,         0,         0,    6.15,decoder_by_matrix,5c8c81bfec719079c388cedc47a351f264c1bf769ae28a89f9b4fc7719fea501,"{""distance"":3,""physical_error_rate"":0.0005}","{""detection_events"":4329,""detectors_checked"":3207168}"
    126976,         0,         0,    6.13,decoder_by_matrix,e25b8d07214a8afb95d354611a83b9bb1ded39644e323a8585b3aabf687a4fff,"{""distance"":3,""physical_error_rate"":1e-05}","{""detection_events"":210,""detectors_checked"":6856704}"
   1533952,         0,         0,   117.0,decoder_by_matrix,36e3cd26fed5ec7649ec51fb08c1a5e7d7f30e615782d954fee045c18a4962ca,"{""distance"":3,""physical_error_rate"":5e-05}","{""detection_events"":11352,""detectors_checked"":82833408}"
   1545216,         1,         0,   116.4,decoder_by_matrix,36e3cd26fed5ec7649ec51fb08c1a5e7d7f30e615782d954fee045c18a4962ca,"{""distance"":3,""physical_error_rate"":5e-05}","{""detection_events"":11193,""detectors_checked"":83441664,""obs_mistake_mask=E"":1}"
     78848,         0,         0,    5.65,decoder_by_matrix,36e3cd26fed5ec7649ec51fb08c1a5e7d7f30e615782d954fee045c18a4962ca,"{""distance"":3,""physical_error_rate"":5e-05}","{""detection_events"":486,""detectors_checked"":4257792}"
     66560,         0,         0,    6.17,decoder_by_matrix,beec9fd12293a9cfe53c9b61fb8ce2a525e4eed38fa75d132d6dc64699336876,"{""distance"":3,""physical_error_rate"":0.0001}","{""detection_events"":837,""detectors_checked"":3594240}"
     65536,         0,         0,    6.14,decoder_by_matrix,beec9fd12293a9cfe53c9b61fb8ce2a525e4eed38fa75d132d6dc64699336876,"{""distance"":3,""physical_error_rate"":0.0001}","{""detection_events"":804,""detectors_checked"":3538944}"
    122880,         0,         0,    5.85,decoder_by_matrix,e25b8d07214a8afb95d354611a83b9bb1ded39644e323a8585b3aabf687a4fff,"{""distance"":3,""physical_error_rate"":1e-05}","{""detection_events"":171,""detectors_checked"":6635520}"
   1287168,         1,         0,   117.3,decoder_by_matrix,beec9fd12293a9cfe53c9b61fb8ce2a525e4eed38fa75d132d6dc64699336876,"{""distance"":3,""physical_error_rate"":0.0001}","{""detection_events"":18186,""detectors_checked"":69507072,""obs_mistake_mask=E"":1}"
     78848,         0,         0,    5.91,decoder_by_matrix,36e3cd26fed5ec7649ec51fb08c1a5e7d7f30e615782d954fee045c18a4962ca,"{""distance"":3,""physical_error_rate"":5e-05}","{""detection_events"":531,""detectors_checked"":4257792}"
     74752,         0,         0,    5.79,decoder_by_matrix,36e3cd26fed5ec7649ec51fb08c1a5e7d7f30e615782d954fee045c18a4962ca,"{""distance"":3,""physical_error_rate"":5e-05}","{""detection_events"":642,""detectors_checked"":4036608}"
     60416,         3,         0,    6.22,decoder_by_matrix,5c8c81bfec719079c388cedc47a351f264c1bf769ae28a89f9b4fc7719fea501,"{""distance"":3,""physical_error_rate"":0.0005}","{""detection_events"":4254,""detectors_checked"":3262464,""obs_mistake_mask=E"":3}"
   1158144,        22,         0,   117.8,decoder_by_matrix,5c8c81bfec719079c388cedc47a351f264c1bf769ae28a89f9b4fc7719fea501,"{""distance"":3,""physical_error_rate"":0.0005}","{""detection_events"":84972,""detectors_checked"":62539776,""obs_mistake_mask=E"":22}"
   1163264,        13,         0,   116.8,decoder_by_matrix,5c8c81bfec719079c388cedc47a351f264c1bf769ae28a89f9b4fc7719fea501,"{""distance"":3,""physical_error_rate"":0.0005}","{""detection_events"":85449,""detectors_checked"":62816256,""obs_mistake_mask=E"":13}"
     59392,         2,         0,    6.22,decoder_by_matrix,5c8c81bfec719079c388cedc47a351f264c1bf769ae28a89f9b4fc7719fea501,"{""distance"":3,""physical_error_rate"":0.0005}","{""detection_events"":4527,""detectors_checked"":3207168,""obs_mistake_mask=E"":2}"
    165888,         0,         0,    7.99,decoder_by_matrix,e25b8d07214a8afb95d354611a83b9bb1ded39644e323a8585b3aabf687a4fff,"{""distance"":3,""physical_error_rate"":1e-05}","{""detection_events"":273,""detectors_checked"":8957952}"
     81920,         0,         0,    8.45,decoder_by_matrix,5c8c81bfec719079c388cedc47a351f264c1bf769ae28a89f9b4fc7719fea501,"{""distance"":3,""physical_error_rate"":0.0005}","{""detection_events"":5910,""detectors_checked"":4423680}"
     96256,         0,         0,    8.54,decoder_by_matrix,beec9fd12293a9cfe53c9b61fb8ce2a525e4eed38fa75d132d6dc64699336876,"{""distance"":3,""physical_error_rate"":0.0001}","{""detection_events"":1341,""detectors_checked"":5197824}"
    171008,         0,         0,    7.69,decoder_by_matrix,e25b8d07214a8afb95d354611a83b9bb1ded39644e323a8585b3aabf687a4fff,"{""distance"":3,""physical_error_rate"":1e-05}","{""detection_events"":252,""detectors_checked"":9234432}"
    106496,         0,         0,    7.96,decoder_by_matrix,36e3cd26fed5ec7649ec51fb08c1a5e7d7f30e615782d954fee045c18a4962ca,"{""distance"":3,""physical_error_rate"":5e-05}","{""detection_events"":807,""detectors_checked"":5750784}"
     89088,         0,         0,    8.45,decoder_by_matrix,beec9fd12293a9cfe53c9b61fb8ce2a525e4eed38fa75d132d6dc64699336876,"{""distance"":3,""physical_error_rate"":0.0001}","{""detection_events"":1227,""detectors_checked"":4810752}"
     96256,         0,         0,    8.10,decoder_by_matrix,beec9fd12293a9cfe53c9b61fb8ce2a525e4eed38fa75d132d6dc64699336876,"{""distance"":3,""physical_error_rate"":0.0001}","{""detection_events"":1152,""detectors_checked"":5197824}"
    168960,         0,         0,    8.04,decoder_by_matrix,e25b8d07214a8afb95d354611a83b9bb1ded39644e323a8585b3aabf687a4fff,"{""distance"":3,""physical_error_rate"":1e-05}","{""detection_events"":270,""detectors_checked"":9123840}"
    110592,         0,         0,    8.19,decoder_by_matrix,36e3cd26fed5ec7649ec51fb08c1a5e7d7f30e615782d954fee045c18a4962ca,"{""distance"":3,""physical_error_rate"":5e-05}","{""detection_events"":888,""detectors_checked"":5971968}"
     81920,         2,         0,    8.11,decoder_by_matrix,5c8c81bfec719079c388cedc47a351f264c1bf769ae28a89f9b4fc7719fea501,"{""distance"":3,""physical_error_rate"":0.0005}","{""detection_events"":5616,""detectors_checked"":4423680,""obs_mistake_mask=E"":2}"
    110592,         0,         0,    8.45,decoder_by_matrix,36e3cd26fed5ec7649ec51fb08c1a5e7d7f30e615782d954fee045c18a4962ca,"{""distance"":3,""physical_error_rate"":5e-05}","{""detection_events"":810,""detectors_checked"":5971968}"
     80896,         1,         0,    8.46,decoder_by_matrix,5c8c81bfec719079c388cedc47a351f264c1bf769ae28a89f9b4fc7719fea501,"{""distance"":3,""physical_error_rate"":0.0005}","{""detection_events"":6141,""detectors_checked"":4368384,""obs_mistake_mask=E"":1}"
    237568,         0,         0,    11.7,decoder_by_matrix,e25b8d07214a8afb95d354611a83b9bb1ded39644e323a8585b3aabf687a4fff,"{""distance"":3,""physical_error_rate"":1e-05}","{""detection_events"":387,""detectors_checked"":12828672}"
    126976,         0,         0,    11.5,decoder_by_matrix,beec9fd12293a9cfe53c9b61fb8ce2a525e4eed38fa75d132d6dc64699336876,"{""distance"":3,""physical_error_rate"":0.0001}","{""detection_events"":1974,""detectors_checked"":6856704}"
    238592,         0,         0,    11.8,decoder_by_matrix,e25b8d07214a8afb95d354611a83b9bb1ded39644e323a8585b3aabf687a4fff,"{""distance"":3,""physical_error_rate"":1e-05}","{""detection_events"":318,""detectors_checked"":12883968}"
    115712,         0,         0,    11.5,decoder_by_matrix,5c8c81bfec719079c388cedc47a351f264c1bf769ae28a89f9b4fc7719fea501,"{""distance"":3,""physical_error_rate"":0.0005}","{""detection_events"":8532,""detectors_checked"":6248448}"
    151552,         0,         0,    11.2,decoder_by_matrix,36e3cd26fed5ec7649ec51fb08c1a5e7d7f30e615782d954fee045c18a4962ca,"{""distance"":3,""physical_error_rate"":5e-05}","{""detection_events"":1104,""detectors_checked"":8183808}"
    130048,         0,         0,    11.8,decoder_by_matrix,beec9fd12293a9cfe53c9b61fb8ce2a525e4eed38fa75d132d6dc64699336876,"{""distance"":3,""physical_error_rate"":0.0001}","{""detection_events"":1779,""detectors_checked"":7022592}"
    128000,         1,         0,    11.3,decoder_by_matrix,beec9fd12293a9cfe53c9b61fb8ce2a525e4eed38fa75d132d6dc64699336876,"{""distance"":3,""physical_error_rate"":0.0001}","{""detection_events"":1719,""detectors_checked"":6912000,""obs_mistake_mask=E"":1}"
    256000,         0,         0,    10.5,decoder_by_matrix,e25b8d07214a8afb95d354611a83b9bb1ded39644e323a8585b3aabf687a4fff,"{""distance"":3,""physical_error_rate"":1e-05}","{""detection_events"":294,""detectors_checked"":13824000}"
    113664,         2,         0,    11.8,decoder_by_matrix,5c8c81bfec719079c388cedc47a351f264c1bf769ae28a89f9b4fc7719fea501,"{""distance"":3,""physical_error_rate"":0.0005}","{""detection_events"":8088,""detectors_checked"":6137856,""obs_mistake_mask=E"":2}"
    148480,         0,         0,    11.8,decoder_by_matrix,36e3cd26fed5ec7649ec51fb08c1a5e7d7f30e615782d954fee045c18a4962ca,"{""distance"":3,""physical_error_rate"":5e-05}","{""detection_events"":1158,""detectors_checked"":8017920}"
    164864,         0,         0,    11.7,decoder_by_matrix,36e3cd26fed5ec7649ec51fb08c1a5e7d7f30e615782d954fee045c18a4962ca,"{""distance"":3,""physical_error_rate"":5e-05}","{""detection_events"":954,""detectors_checked"":8902656}"
    113664,         1,         0,    11.5,decoder_by_matrix,5c8c81bfec719079c388cedc47a351f264c1bf769ae28a89f9b4fc7719fea501,"{""distance"":3,""physical_error_rate"":0.0005}","{""detection_events"":8694,""detectors_checked"":6137856,""obs_mistake_mask=E"":1}"
    336896,         0,         0,    16.1,decoder_by_matrix,e25b8d07214a8afb95d354611a83b9bb1ded39644e323a8585b3aabf687a4fff,"{""distance"":3,""physical_error_rate"":1e-05}","{""detection_events"":522,""detectors_checked"":18192384}"
    179200,         0,         0,    16.1,decoder_by_matrix,beec9fd12293a9cfe53c9b61fb8ce2a525e4eed38fa75d132d6dc64699336876,"{""distance"":3,""physical_error_rate"":0.0001}","{""detection_events"":2568,""detectors_checked"":9676800}"
    158720,         4,         0,    16.4,decoder_by_matrix,5c8c81bfec719079c388cedc47a351f264c1bf769ae28a89f9b4fc7719fea501,"{""distance"":3,""physical_error_rate"":0.0005}","{""detection_events"":11637,""detectors_checked"":8570880,""obs_mistake_mask=E"":4}"
    342016,         0,         0,    15.0,decoder_by_matrix,e25b8d07214a8afb95d354611a83b9bb1ded39644e323a8585b3aabf687a4fff,"{""distance"":3,""physical_error_rate"":1e-05}","{""detection_events"":531,""detectors_checked"":18468864}"
    208896,         0,         0,    16.3,decoder_by_matrix,36e3cd26fed5ec7649ec51fb08c1a5e7d7f30e615782d954fee045c18a4962ca,"{""distance"":3,""physical_error_rate"":5e-05}","{""detection_events"":1584,""detectors_checked"":11280384}"
    159744,         3,         0,    16.1,decoder_by_matrix,5c8c81bfec719079c388cedc47a351f264c1bf769ae28a89f9b4fc7719fea501,"{""distance"":3,""physical_error_rate"":0.0005}","{""detection_events"":11529,""detectors_checked"":8626176,""obs_mistake_mask=E"":3}"
    180224,         0,         0,    16.4,decoder_by_matrix,beec9fd12293a9cfe53c9b61fb8ce2a525e4eed38fa75d132d6dc64699336876,"{""distance"":3,""physical_error_rate"":0.0001}","{""detection_events"":2790,""detectors_checked"":9732096}"
    183296,         0,         0,    16.0,decoder_by_matrix,beec9fd12293a9cfe53c9b61fb8ce2a525e4eed38fa75d132d6dc64699336876,"{""distance"":3,""physical_error_rate"":0.0001}","{""detection_events"":2577,""detectors_checked"":9897984}"
    338944,         0,         0,    15.6,decoder_by_matrix,e25b8d07214a8afb95d354611a83b9bb1ded39644e323a8585b3aabf687a4fff,"{""distance"":3,""physical_error_rate"":1e-05}","{""detection_events"":513,""detectors_checked"":18302976}"
    204800,         0,         0,    16.3,decoder_by_matrix,36e3cd26fed5ec7649ec51fb08c1a5e7d7f30e615782d954fee045c18a4962ca,"{""distance"":3,""physical_error_rate"":5e-05}","{""detection_events"":1539,""detectors_checked"":11059200}"
    215040,         0,         0,    16.1,decoder_by_matrix,36e3cd26fed5ec7649ec51fb08c1a5e7d7f30e615782d954fee045c18a4962ca,"{""distance"":3,""physical_error_rate"":5e-05}","{""detection_events"":1446,""detectors_checked"":11612160}"
    158720,         3,         0,    15.9,decoder_by_matrix,5c8c81bfec719079c388cedc47a351f264c1bf769ae28a89f9b4fc7719fea501,"{""distance"":3,""physical_error_rate"":0.0005}","{""detection_events"":11406,""detectors_checked"":8570880,""obs_mistake_mask=E"":3}"
    465920,         0,         0,    22.4,decoder_by_matrix,e25b8d07214a8afb95d354611a83b9bb1ded39644e323a8585b3aabf687a4fff,"{""distance"":3,""physical_error_rate"":1e-05}","{""detection_events"":690,""detectors_checked"":25159680}"
    475136,         0,         0,    22.3,decoder_by_matrix,e25b8d07214a8afb95d354611a83b9bb1ded39644e323a8585b3aabf687a4fff,"{""distance"":3,""physical_error_rate"":1e-05}","{""detection_events"":660,""detectors_checked"":25657344}"
    221184,         3,         0,    22.8,decoder_by_matrix,5c8c81bfec719079c388cedc47a351f264c1bf769ae28a89f9b4fc7719fea501,"{""distance"":3,""physical_error_rate"":0.0005}","{""detection_events"":16257,""detectors_checked"":11943936,""obs_mistake_mask=E"":3}"
    256000,         0,         0,    21.8,decoder_by_matrix,beec9fd12293a9cfe53c9b61fb8ce2a525e4eed38fa75d132d6dc64699336876,"{""distance"":3,""physical_error_rate"":0.0001}","{""detection_events"":3687,""detectors_checked"":13824000}"
    296960,         0,         0,    22.5,decoder_by_matrix,36e3cd26fed5ec7649ec51fb08c1a5e7d7f30e615782d954fee045c18a4962ca,"{""distance"":3,""physical_error_rate"":5e-05}","{""detection_events"":2067,""detectors_checked"":16035840}"
    252928,         0,         0,    22.7,decoder_by_matrix,beec9fd12293a9cfe53c9b61fb8ce2a525e4eed38fa75d132d6dc64699336876,"{""distance"":3,""physical_error_rate"":0.0001}","{""detection_events"":3483,""detectors_checked"":13658112}"
    222208,         5,         0,    23.0,decoder_by_matrix,5c8c81bfec719079c388cedc47a351f264c1bf769ae28a89f9b4fc7719fea501,"{""distance"":3,""physical_error_rate"":0.0005}","{""detection_events"":15801,""detectors_checked"":11999232,""obs_mistake_mask=E"":5}"
    246784,         0,         0,    22.3,decoder_by_matrix,beec9fd12293a9cfe53c9b61fb8ce2a525e4eed38fa75d132d6dc64699336876,"{""distance"":3,""physical_error_rate"":0.0001}","{""detection_events"":3576,""detectors_checked"":13326336}"
    297984,         0,         0,    22.5,decoder_by_matrix,36e3cd26fed5ec7649ec51fb08c1a5e7d7f30e615782d954fee045c18a4962ca,"{""distance"":3,""physical_error_rate"":5e-05}","{""detection_events"":2130,""detectors_checked"":16091136}"
    475136,         0,         0,    22.9,decoder_by_matrix,e25b8d07214a8afb95d354611a83b9bb1ded39644e323a8585b3aabf687a4fff,"{""distance"":3,""physical_error_rate"":1e-05}","{""detection_events"":687,""detectors_checked"":25657344}"
    297984,         1,         0,    22.4,decoder_by_matrix,36e3cd26fed5ec7649ec51fb08c1a5e7d7f30e615782d954fee045c18a4962ca,"{""distance"":3,""physical_error_rate"":5e-05}","{""detection_events"":2334,""detectors_checked"":16091136,""obs_mistake_mask=E"":1}"
    223232,         6,         0,    22.5,decoder_by_matrix,5c8c81bfec719079c388cedc47a351f264c1bf769ae28a89f9b4fc7719fea501,"{""distance"":3,""physical_error_rate"":0.0005}","{""detection_events"":16128,""detectors_checked"":12054528,""obs_mistake_mask=E"":6}"
   2412544,         0,         0,   116.2,decoder_by_matrix,e25b8d07214a8afb95d354611a83b9bb1ded39644e323a8585b3aabf687a4fff,"{""distance"":3,""physical_error_rate"":1e-05}","{""detection_events"":3708,""detectors_checked"":130277376}"
   1312768,         0,         0,   117.1,decoder_by_matrix,beec9fd12293a9cfe53c9b61fb8ce2a525e4eed38fa75d132d6dc64699336876,"{""distance"":3,""physical_error_rate"":0.0001}","{""detection_events"":18783,""detectors_checked"":70889472}"
   1158144,        25,         0,   115.4,decoder_by_matrix,5c8c81bfec719079c388cedc47a351f264c1bf769ae28a89f9b4fc7719fea501,"{""distance"":3,""physical_error_rate"":0.0005}","{""detection_events"":84660,""detectors_checked"":62539776,""obs_mistake_mask=E"":25}"
   2447360,         0,         0,   115.6,decoder_by_matrix,e25b8d07214a8afb95d354611a83b9bb1ded39644e323a8585b3aabf687a4fff,"{""distance"":3,""physical_error_rate"":1e-05}","{""detection_events"":3756,""detectors_checked"":132157440}"
   1296384,         1,         0,   116.9,decoder_by_matrix,beec9fd12293a9cfe53c9b61fb8ce2a525e4eed38fa75d132d6dc64699336876,"{""distance"":3,""physical_error_rate"":0.0001}","{""detection_events"":19347,""detectors_checked"":70004736,""obs_mistake_mask=E"":1}"
   1163264,        22,         0,   117.9,decoder_by_matrix,5c8c81bfec719079c388cedc47a351f264c1bf769ae28a89f9b4fc7719fea501,"{""distance"":3,""physical_error_rate"":0.0005}","{""detection_events"":83085,""detectors_checked"":62816256,""obs_mistake_mask=E"":22}"
   1523712,         0,         0,   116.3,decoder_by_matrix,36e3cd26fed5ec7649ec51fb08c1a5e7d7f30e615782d954fee045c18a4962ca,"{""distance"":3,""physical_error_rate"":5e-05}","{""detection_events"":11523,""detectors_checked"":82280448}"
   1550336,         0,         0,   116.2,decoder_by_matrix,36e3cd26fed5ec7649ec51fb08c1a5e7d7f30e615782d954fee045c18a4962ca,"{""distance"":3,""physical_error_rate"":5e-05}","{""detection_events"":11607,""detectors_checked"":83718144}"
   1533477,         0,         0,    69.8,decoder_by_matrix,e25b8d07214a8afb95d354611a83b9bb1ded39644e323a8585b3aabf687a4fff,"{""distance"":3,""physical_error_rate"":1e-05}","{""detection_events"":2094,""detectors_checked"":82807758}"
   1519616,         0,         0,   117.5,decoder_by_matrix,36e3cd26fed5ec7649ec51fb08c1a5e7d7f30e615782d954fee045c18a4962ca,"{""distance"":3,""physical_error_rate"":5e-05}","{""detection_events"":11262,""detectors_checked"":82059264}"
   1299456,         0,         0,   117.2,decoder_by_matrix,beec9fd12293a9cfe53c9b61fb8ce2a525e4eed38fa75d132d6dc64699336876,"{""distance"":3,""physical_error_rate"":0.0001}","{""detection_events"":18639,""detectors_checked"":70170624}"
   2454528,         0,         0,   116.9,decoder_by_matrix,e25b8d07214a8afb95d354611a83b9bb1ded39644e323a8585b3aabf687a4fff,"{""distance"":3,""physical_error_rate"":1e-05}","{""detection_events"":3738,""detectors_checked"":132544512}"
   1164288,        19,         0,   117.2,decoder_by_matrix,5c8c81bfec719079c388cedc47a351f264c1bf769ae28a89f9b4fc7719fea501,"{""distance"":3,""physical_error_rate"":0.0005}","{""detection_events"":84315,""detectors_checked"":62871552,""obs_mistake_mask=E"":19}"
   1558528,         0,         0,   117.7,decoder_by_matrix,36e3cd26fed5ec7649ec51fb08c1a5e7d7f30e615782d954fee045c18a4962ca,"{""distance"":3,""physical_error_rate"":5e-05}","{""detection_events"":11337,""detectors_checked"":84160512}"
   1551360,         0,         0,   117.7,decoder_by_matrix,36e3cd26fed5ec7649ec51fb08c1a5e7d7f30e615782d954fee045c18a4962ca,"{""distance"":3,""physical_error_rate"":5e-05}","{""detection_events"":11346,""detectors_checked"":83773440}"
   1168384,        15,         0,   117.7,decoder_by_matrix,5c8c81bfec719079c388cedc47a351f264c1bf769ae28a89f9b4fc7719fea501,"{""distance"":3,""physical_error_rate"":0.0005}","{""detection_events"":83541,""detectors_checked"":63092736,""obs_mistake_mask=E"":15}"
   2477056,         0,         0,   115.8,decoder_by_matrix,e25b8d07214a8afb95d354611a83b9bb1ded39644e323a8585b3aabf687a4fff,"{""distance"":3,""physical_error_rate"":1e-05}","{""detection_events"":3513,""detectors_checked"":133761024}"
   1312768,         1,         0,   117.0,decoder_by_matrix,beec9fd12293a9cfe53c9b61fb8ce2a525e4eed38fa75d132d6dc64699336876,"{""distance"":3,""physical_error_rate"":0.0001}","{""detection_events"":18963,""detectors_checked"":70889472,""obs_mistake_mask=E"":1}"
   1162240,        23,         0,   117.9,decoder_by_matrix,5c8c81bfec719079c388cedc47a351f264c1bf769ae28a89f9b4fc7719fea501,"{""distance"":3,""physical_error_rate"":0.0005}","{""detection_events"":84279,""detectors_checked"":62760960,""obs_mistake_mask=E"":23}"
   1537024,         0,         0,   116.7,decoder_by_matrix,36e3cd26fed5ec7649ec51fb08c1a5e7d7f30e615782d954fee045c18a4962ca,"{""distance"":3,""physical_error_rate"":5e-05}","{""detection_events"":11373,""detectors_checked"":82999296}"
   2443264,         0,         0,   116.5,decoder_by_matrix,e25b8d07214a8afb95d354611a83b9bb1ded39644e323a8585b3aabf687a4fff,"{""distance"":3,""physical_error_rate"":1e-05}","{""detection_events"":3633,""detectors_checked"":131936256}"
   1167360,        16,         0,   116.9,decoder_by_matrix,5c8c81bfec719079c388cedc47a351f264c1bf769ae28a89f9b4fc7719fea501,"{""distance"":3,""physical_error_rate"":0.0005}","{""detection_events"":84021,""detectors_checked"":63037440,""obs_mistake_mask=E"":16}"
   1530880,         1,         0,   117.1,decoder_by_matrix,36e3cd26fed5ec7649ec51fb08c1a5e7d7f30e615782d954fee045c18a4962ca,"{""distance"":3,""physical_error_rate"":5e-05}","{""detection_events"":11148,""detectors_checked"":82667520,""obs_mistake_mask=E"":1}"
   1163264,        19,         0,   116.9,decoder_by_matrix,5c8c81bfec719079c388cedc47a351f264c1bf769ae28a89f9b4fc7719fea501,"{""distance"":3,""physical_error_rate"":0.0005}","{""detection_events"":84618,""detectors_checked"":62816256,""obs_mistake_mask=E"":19}"
   2459648,         0,         0,   116.5,decoder_by_matrix,e25b8d07214a8afb95d354611a83b9bb1ded39644e323a8585b3aabf687a4fff,"{""distance"":3,""physical_error_rate"":1e-05}","{""detection_events"":3735,""detectors_checked"":132820992}"
   2468864,         0,         0,   116.0,decoder_by_matrix,e25b8d07214a8afb95d354611a83b9bb1ded39644e323a8585b3aabf687a4fff,"{""distance"":3,""physical_error_rate"":1e-05}","{""detection_events"":3648,""detectors_checked"":133318656}"
   1272832,         2,         0,   116.7,decoder_by_matrix,beec9fd12293a9cfe53c9b61fb8ce2a525e4eed38fa75d132d6dc64699336876,"{""distance"":3,""physical_error_rate"":0.0001}","{""detection_events"":18591,""detectors_checked"":68732928,""obs_mistake_mask=E"":2}"
   1162240,        25,         0,   116.2,decoder_by_matrix,5c8c81bfec719079c388cedc47a351f264c1bf769ae28a89f9b4fc7719fea501,"{""distance"":3,""physical_error_rate"":0.0005}","{""detection_events"":85839,""detectors_checked"":62760960,""obs_mistake_mask=E"":25}"
   1545216,         1,         0,   115.5,decoder_by_matrix,36e3cd26fed5ec7649ec51fb08c1a5e7d7f30e615782d954fee045c18a4962ca,"{""distance"":3,""physical_error_rate"":5e-05}","{""detection_events"":11439,""detectors_checked"":83441664,""obs_mistake_mask=E"":1}"
   1295360,         4,         0,   118.5,decoder_by_matrix,beec9fd12293a9cfe53c9b61fb8ce2a525e4eed38fa75d132d6dc64699336876,"{""distance"":3,""physical_error_rate"":0.0001}","{""detection_events"":19125,""detectors_checked"":69949440,""obs_mistake_mask=E"":4}"
   2426880,         0,         0,   114.0,decoder_by_matrix,e25b8d07214a8afb95d354611a83b9bb1ded39644e323a8585b3aabf687a4fff,"{""distance"":3,""physical_error_rate"":1e-05}","{""detection_events"":3861,""detectors_checked"":131051520}"
   2467840,         0,         0,   114.8,decoder_by_matrix,e25b8d07214a8afb95d354611a83b9bb1ded39644e323a8585b3aabf687a4fff,"{""distance"":3,""physical_error_rate"":1e-05}","{""detection_events"":3522,""detectors_checked"":133263360}"
   1160192,        28,         0,   118.8,decoder_by_matrix,5c8c81bfec719079c388cedc47a351f264c1bf769ae28a89f9b4fc7719fea501,"{""distance"":3,""physical_error_rate"":0.0005}","{""detection_events"":85158,""detectors_checked"":62650368,""obs_mistake_mask=E"":28}"
   1313792,         1,         0,   117.7,decoder_by_matrix,beec9fd12293a9cfe53c9b61fb8ce2a525e4eed38fa75d132d6dc64699336876,"{""distance"":3,""physical_error_rate"":0.0001}","{""detection_events"":19116,""detectors_checked"":70944768,""obs_mistake_mask=E"":1}"
   1299456,         0,         0,   118.9,decoder_by_matrix,beec9fd12293a9cfe53c9b61fb8ce2a525e4eed38fa75d132d6dc64699336876,"{""distance"":3,""physical_error_rate"":0.0001}","{""detection_events"":19545,""detectors_checked"":70170624}"
   1169408,        28,         0,   118.6,decoder_by_matrix,5c8c81bfec719079c388cedc47a351f264c1bf769ae28a89f9b4fc7719fea501,"{""distance"":3,""physical_error_rate"":0.0005}","{""detection_events"":85782,""detectors_checked"":63148032,""obs_mistake_mask=E"":28}"
   1294336,         1,         0,   118.3,decoder_by_matrix,beec9fd12293a9cfe53c9b61fb8ce2a525e4eed38fa75d132d6dc64699336876,"{""distance"":3,""physical_error_rate"":0.0001}","{""detection_events"":18921,""detectors_checked"":69894144,""obs_mistake_mask=E"":1}"
   2501632,         0,         0,   114.5,decoder_by_matrix,e25b8d07214a8afb95d354611a83b9bb1ded39644e323a8585b3aabf687a4fff,"{""distance"":3,""physical_error_rate"":1e-05}","{""detection_events"":3378,""detectors_checked"":135088128}"
   1295360,         2,         0,   115.7,decoder_by_matrix,beec9fd12293a9cfe53c9b61fb8ce2a525e4eed38fa75d132d6dc64699336876,"{""distance"":3,""physical_error_rate"":0.0001}","{""detection_events"":19221,""detectors_checked"":69949440,""obs_mistake_mask=E"":2}"
   1531904,         0,         0,   116.0,decoder_by_matrix,36e3cd26fed5ec7649ec51fb08c1a5e7d7f30e615782d954fee045c18a4962ca,"{""distance"":3,""physical_error_rate"":5e-05}","{""detection_events"":11754,""detectors_checked"":82722816}"
   1536000,         0,         0,   116.5,decoder_by_matrix,36e3cd26fed5ec7649ec51fb08c1a5e7d7f30e615782d954fee045c18a4962ca,"{""distance"":3,""physical_error_rate"":5e-05}","{""detection_events"":11136,""detectors_checked"":82944000}"
    310272,         7,         0,    32.2,decoder_by_matrix,5c8c81bfec719079c388cedc47a351f264c1bf769ae28a89f9b4fc7719fea501,"{""distance"":3,""physical_error_rate"":0.0005}","{""detection_events"":22602,""detectors_checked"":16754688,""obs_mistake_mask=E"":7}"
    649216,         0,         0,    29.6,decoder_by_matrix,e25b8d07214a8afb95d354611a83b9bb1ded39644e323a8585b3aabf687a4fff,"{""distance"":3,""physical_error_rate"":1e-05}","{""detection_events"":987,""detectors_checked"":35057664}"
    661504,         0,         0,    31.1,decoder_by_matrix,e25b8d07214a8afb95d354611a83b9bb1ded39644e323a8585b3aabf687a4fff,"{""distance"":3,""physical_error_rate"":1e-05}","{""detection_events"":972,""detectors_checked"":35721216}"
    345088,         0,         0,    31.8,decoder_by_matrix,beec9fd12293a9cfe53c9b61fb8ce2a525e4eed38fa75d132d6dc64699336876,"{""distance"":3,""physical_error_rate"":0.0001}","{""detection_events"":4971,""detectors_checked"":18634752}"
    413696,         1,         0,    31.3,decoder_by_matrix,36e3cd26fed5ec7649ec51fb08c1a5e7d7f30e615782d954fee045c18a4962ca,"{""distance"":3,""physical_error_rate"":5e-05}","{""detection_events"":2982,""detectors_checked"":22339584,""obs_mistake_mask=E"":1}"
    350208,         0,         0,    31.3,decoder_by_matrix,beec9fd12293a9cfe53c9b61fb8ce2a525e4eed38fa75d132d6dc64699336876,"{""distance"":3,""physical_error_rate"":0.0001}","{""detection_events"":4995,""detectors_checked"":18911232}"
    312320,         7,         0,    31.6,decoder_by_matrix,5c8c81bfec719079c388cedc47a351f264c1bf769ae28a89f9b4fc7719fea501,"{""distance"":3,""physical_error_rate"":0.0005}","{""detection_events"":23637,""detectors_checked"":16865280,""obs_mistake_mask=E"":7}"
    349184,         0,         0,    29.5,decoder_by_matrix,beec9fd12293a9cfe53c9b61fb8ce2a525e4eed38fa75d132d6dc64699336876,"{""distance"":3,""physical_error_rate"":0.0001}","{""detection_events"":5139,""detectors_checked"":18855936}"
    657408,         0,         0,    29.7,decoder_by_matrix,e25b8d07214a8afb95d354611a83b9bb1ded39644e323a8585b3aabf687a4fff,"{""distance"":3,""physical_error_rate"":1e-05}","{""detection_events"":993,""detectors_checked"":35500032}"
    419840,         1,         0,    31.5,decoder_by_matrix,36e3cd26fed5ec7649ec51fb08c1a5e7d7f30e615782d954fee045c18a4962ca,"{""distance"":3,""physical_error_rate"":5e-05}","{""detection_events"":2874,""detectors_checked"":22671360,""obs_mistake_mask=E"":1}"
    425984,         0,         0,    31.2,decoder_by_matrix,36e3cd26fed5ec7649ec51fb08c1a5e7d7f30e615782d954fee045c18a4962ca,"{""distance"":3,""physical_error_rate"":5e-05}","{""detection_events"":2997,""detectors_checked"":23003136}"
    308224,         7,         0,    32.1,decoder_by_matrix,5c8c81bfec719079c388cedc47a351f264c1bf769ae28a89f9b4fc7719fea501,"{""distance"":3,""physical_error_rate"":0.0005}","{""detection_events"":22689,""detectors_checked"":16644096,""obs_mistake_mask=E"":7}"
    387279,         0,         0,    17.9,decoder_by_matrix,e25b8d07214a8afb95d354611a83b9bb1ded39644e323a8585b3aabf687a4fff,"{""distance"":3,""physical_error_rate"":1e-05}","{""detection_events"":555,""detectors_checked"":20913066}"
   2092032,         0,         0,    97.5,decoder_by_matrix,e25b8d07214a8afb95d354611a83b9bb1ded39644e323a8585b3aabf687a4fff,"{""distance"":3,""physical_error_rate"":1e-05}","{""detection_events"":3195,""detectors_checked"":112969728}"
   2116608,         0,         0,    98.3,decoder_by_matrix,e25b8d07214a8afb95d354611a83b9bb1ded39644e323a8585b3aabf687a4fff,"{""distance"":3,""physical_error_rate"":1e-05}","{""detection_events"":3060,""detectors_checked"":114296832}"
   1300480,         1,         0,   115.9,decoder_by_matrix,beec9fd12293a9cfe53c9b61fb8ce2a525e4eed38fa75d132d6dc64699336876,"{""distance"":3,""physical_error_rate"":0.0001}","{""detection_events"":18657,""detectors_checked"":70225920,""obs_mistake_mask=E"":1}"
   1294336,         0,         0,   118.2,decoder_by_matrix,beec9fd12293a9cfe53c9b61fb8ce2a525e4eed38fa75d132d6dc64699336876,"{""distance"":3,""physical_error_rate"":0.0001}","{""detection_events"":19104,""detectors_checked"":69894144}"
   1541120,         0,         0,   117.3,decoder_by_matrix,36e3cd26fed5ec7649ec51fb08c1a5e7d7f30e615782d954fee045c18a4962ca,"{""distance"":3,""physical_error_rate"":5e-05}","{""detection_events"":11298,""detectors_checked"":83220480}"
   1162240,        13,         0,   117.7,decoder_by_matrix,5c8c81bfec719079c388cedc47a351f264c1bf769ae28a89f9b4fc7719fea501,"{""distance"":3,""physical_error_rate"":0.0005}","{""detection_events"":86256,""detectors_checked"":62760960,""obs_mistake_mask=E"":13}"
   1571840,         1,         0,   117.4,decoder_by_matrix,36e3cd26fed5ec7649ec51fb08c1a5e7d7f30e615782d954fee045c18a4962ca,"{""distance"":3,""physical_error_rate"":5e-05}","{""detection_events"":11472,""detectors_checked"":84879360,""obs_mistake_mask=E"":1}"
   1534976,         1,         0,   117.6,decoder_by_matrix,36e3cd26fed5ec7649ec51fb08c1a5e7d7f30e615782d954fee045c18a4962ca,"{""distance"":3,""physical_error_rate"":5e-05}","{""detection_events"":11052,""detectors_checked"":82888704,""obs_mistake_mask=E"":1}"
   1289216,         0,         0,   119.1,decoder_by_matrix,beec9fd12293a9cfe53c9b61fb8ce2a525e4eed38fa75d132d6dc64699336876,"{""distance"":3,""physical_error_rate"":0.0001}","{""detection_events"":18354,""detectors_checked"":69617664}"
   1158144,        28,         0,   118.2,decoder_by_matrix,5c8c81bfec719079c388cedc47a351f264c1bf769ae28a89f9b4fc7719fea501,"{""distance"":3,""physical_error_rate"":0.0005}","{""detection_events"":85629,""detectors_checked"":62539776,""obs_mistake_mask=E"":28}"
   1163264,        22,         0,   117.7,decoder_by_matrix,5c8c81bfec719079c388cedc47a351f264c1bf769ae28a89f9b4fc7719fea501,"{""distance"":3,""physical_error_rate"":0.0005}","{""detection_events"":83937,""detectors_checked"":62816256,""obs_mistake_mask=E"":22}"
    792745,         0,         0,    37.8,decoder_by_matrix,e25b8d07214a8afb95d354611a83b9bb1ded39644e323a8585b3aabf687a4fff,"{""distance"":3,""physical_error_rate"":1e-05}","{""detection_events"":1278,""detectors_checked"":42808230}"
   1165312,         0,         0,    54.8,decoder_by_matrix,e25b8d07214a8afb95d354611a83b9bb1ded39644e323a8585b3aabf687a4fff,"{""distance"":3,""physical_error_rate"":1e-05}","{""detection_events"":1701,""detectors_checked"":62926848}"
   1163264,         0,         0,    54.3,decoder_by_matrix,e25b8d07214a8afb95d354611a83b9bb1ded39644e323a8585b3aabf687a4fff,"{""distance"":3,""physical_error_rate"":1e-05}","{""detection_events"":1584,""detectors_checked"":62816256}"
    826532,         0,         0,    39.7,decoder_by_matrix,e25b8d07214a8afb95d354611a83b9bb1ded39644e323a8585b3aabf687a4fff,"{""distance"":3,""physical_error_rate"":1e-05}","{""detection_events"":1245,""detectors_checked"":44632728}"
   1113088,         0,         0,    53.3,decoder_by_matrix,e25b8d07214a8afb95d354611a83b9bb1ded39644e323a8585b3aabf687a4fff,"{""distance"":3,""physical_error_rate"":1e-05}","{""detection_events"":1716,""detectors_checked"":60106752}"
    953581,         0,         0,    43.6,decoder_by_matrix,e25b8d07214a8afb95d354611a83b9bb1ded39644e323a8585b3aabf687a4fff,"{""distance"":3,""physical_error_rate"":1e-05}","{""detection_events"":1287,""detectors_checked"":51493374}"
    832512,         0,         0,    39.0,decoder_by_matrix,e25b8d07214a8afb95d354611a83b9bb1ded39644e323a8585b3aabf687a4fff,"{""distance"":3,""physical_error_rate"":1e-05}","{""detection_events"":1092,""detectors_checked"":44955648}"
    835584,         0,         0,    39.2,decoder_by_matrix,e25b8d07214a8afb95d354611a83b9bb1ded39644e323a8585b3aabf687a4fff,"{""distance"":3,""physical_error_rate"":1e-05}","{""detection_events"":1341,""detectors_checked"":45121536}"
    975872,         0,         0,    45.1,decoder_by_matrix,e25b8d07214a8afb95d354611a83b9bb1ded39644e323a8585b3aabf687a4fff,"{""distance"":3,""physical_error_rate"":1e-05}","{""detection_events"":1437,""detectors_checked"":52697088}"
    941056,         0,         0,    44.8,decoder_by_matrix,e25b8d07214a8afb95d354611a83b9bb1ded39644e323a8585b3aabf687a4fff,"{""distance"":3,""physical_error_rate"":1e-05}","{""detection_events"":1461,""detectors_checked"":50817024}"
    910336,         0,         0,    42.4,decoder_by_matrix,e25b8d07214a8afb95d354611a83b9bb1ded39644e323a8585b3aabf687a4fff,"{""distance"":3,""physical_error_rate"":1e-05}","{""detection_events"":1437,""detectors_checked"":49158144}"
    927744,         0,         0,    44.1,decoder_by_matrix,e25b8d07214a8afb95d354611a83b9bb1ded39644e323a8585b3aabf687a4fff,"{""distance"":3,""physical_error_rate"":1e-05}","{""detection_events"":1494,""detectors_checked"":50098176}"
    824415,         0,         0,    39.2,decoder_by_matrix,e25b8d07214a8afb95d354611a83b9bb1ded39644e323a8585b3aabf687a4fff,"{""distance"":3,""physical_error_rate"":1e-05}","{""detection_events"":1230,""detectors_checked"":44518410}"
    619520,         0,         0,    28.5,decoder_by_matrix,e25b8d07214a8afb95d354611a83b9bb1ded39644e323a8585b3aabf687a4fff,"{""distance"":3,""physical_error_rate"":1e-05}","{""detection_events"":990,""detectors_checked"":33454080}"
    632832,         0,         0,    29.9,decoder_by_matrix,e25b8d07214a8afb95d354611a83b9bb1ded39644e323a8585b3aabf687a4fff,"{""distance"":3,""physical_error_rate"":1e-05}","{""detection_events"":927,""detectors_checked"":34172928}"
    625664,         0,         0,    29.3,decoder_by_matrix,e25b8d07214a8afb95d354611a83b9bb1ded39644e323a8585b3aabf687a4fff,"{""distance"":3,""physical_error_rate"":1e-05}","{""detection_events"":960,""detectors_checked"":33785856}"
    435200,        13,         0,    43.8,decoder_by_matrix,5c8c81bfec719079c388cedc47a351f264c1bf769ae28a89f9b4fc7719fea501,"{""distance"":3,""physical_error_rate"":0.0005}","{""detection_events"":32313,""detectors_checked"":23500800,""obs_mistake_mask=E"":13}"
    479232,         0,         0,    44.0,decoder_by_matrix,beec9fd12293a9cfe53c9b61fb8ce2a525e4eed38fa75d132d6dc64699336876,"{""distance"":3,""physical_error_rate"":0.0001}","{""detection_events"":7200,""detectors_checked"":25878528}"
    591872,         0,         0,    44.8,decoder_by_matrix,36e3cd26fed5ec7649ec51fb08c1a5e7d7f30e615782d954fee045c18a4962ca,"{""distance"":3,""physical_error_rate"":5e-05}","{""detection_events"":4044,""detectors_checked"":31961088}"
    483328,         1,         0,    43.5,decoder_by_matrix,beec9fd12293a9cfe53c9b61fb8ce2a525e4eed38fa75d132d6dc64699336876,"{""distance"":3,""physical_error_rate"":0.0001}","{""detection_events"":7227,""detectors_checked"":26099712,""obs_mistake_mask=E"":1}"
    485376,         0,         0,    44.3,decoder_by_matrix,beec9fd12293a9cfe53c9b61fb8ce2a525e4eed38fa75d132d6dc64699336876,"{""distance"":3,""physical_error_rate"":0.0001}","{""detection_events"":7368,""detectors_checked"":26210304}"
    436224,        11,         0,    44.9,decoder_by_matrix,5c8c81bfec719079c388cedc47a351f264c1bf769ae28a89f9b4fc7719fea501,"{""distance"":3,""physical_error_rate"":0.0005}","{""detection_events"":31452,""detectors_checked"":23556096,""obs_mistake_mask=E"":11}"
    595968,         0,         0,    42.9,decoder_by_matrix,36e3cd26fed5ec7649ec51fb08c1a5e7d7f30e615782d954fee045c18a4962ca,"{""distance"":3,""physical_error_rate"":5e-05}","{""detection_events"":3888,""detectors_checked"":32182272}"
    589824,         0,         0,    44.4,decoder_by_matrix,36e3cd26fed5ec7649ec51fb08c1a5e7d7f30e615782d954fee045c18a4962ca,"{""distance"":3,""physical_error_rate"":5e-05}","{""detection_events"":4194,""detectors_checked"":31850496}"
    435200,         7,         0,    44.1,decoder_by_matrix,5c8c81bfec719079c388cedc47a351f264c1bf769ae28a89f9b4fc7719fea501,"{""distance"":3,""physical_error_rate"":0.0005}","{""detection_events"":30777,""detectors_checked"":23500800,""obs_mistake_mask=E"":7}"
    209720,         0,         0,    10.2,decoder_by_matrix,e25b8d07214a8afb95d354611a83b9bb1ded39644e323a8585b3aabf687a4fff,"{""distance"":3,""physical_error_rate"":1e-05}","{""detection_events"":333,""detectors_checked"":11324880}"
    347136,         0,         0,    16.0,decoder_by_matrix,e25b8d07214a8afb95d354611a83b9bb1ded39644e323a8585b3aabf687a4fff,"{""distance"":3,""physical_error_rate"":1e-05}","{""detection_events"":420,""detectors_checked"":18745344}"
    330752,         0,         0,    15.1,decoder_by_matrix,e25b8d07214a8afb95d354611a83b9bb1ded39644e323a8585b3aabf687a4fff,"{""distance"":3,""physical_error_rate"":1e-05}","{""detection_events"":453,""detectors_checked"":17860608}"
    335872,         0,         0,    15.4,decoder_by_matrix,e25b8d07214a8afb95d354611a83b9bb1ded39644e323a8585b3aabf687a4fff,"{""distance"":3,""physical_error_rate"":1e-05}","{""detection_events"":465,""detectors_checked"":18137088}"
    335872,         0,         0,    15.3,decoder_by_matrix,e25b8d07214a8afb95d354611a83b9bb1ded39644e323a8585b3aabf687a4fff,"{""distance"":3,""physical_error_rate"":1e-05}","{""detection_events"":438,""detectors_checked"":18137088}"
    335872,         0,         0,    16.1,decoder_by_matrix,e25b8d07214a8afb95d354611a83b9bb1ded39644e323a8585b3aabf687a4fff,"{""distance"":3,""physical_error_rate"":1e-05}","{""detection_events"":546,""detectors_checked"":18137088}"
    224580,         0,         0,    10.7,decoder_by_matrix,e25b8d07214a8afb95d354611a83b9bb1ded39644e323a8585b3aabf687a4fff,"{""distance"":3,""physical_error_rate"":1e-05}","{""detection_events"":348,""detectors_checked"":12127320}"
    214016,         0,         0,    10.4,decoder_by_matrix,e25b8d07214a8afb95d354611a83b9bb1ded39644e323a8585b3aabf687a4fff,"{""distance"":3,""physical_error_rate"":1e-05}","{""detection_events"":330,""detectors_checked"":11556864}"
    221184,         0,         0,    9.88,decoder_by_matrix,e25b8d07214a8afb95d354611a83b9bb1ded39644e323a8585b3aabf687a4fff,"{""distance"":3,""physical_error_rate"":1e-05}","{""detection_events"":261,""detectors_checked"":11943936}"
    216064,         0,         0,    10.2,decoder_by_matrix,e25b8d07214a8afb95d354611a83b9bb1ded39644e323a8585b3aabf687a4fff,"{""distance"":3,""physical_error_rate"":1e-05}","{""detection_events"":339,""detectors_checked"":11667456}"
    226304,         0,         0,    9.93,decoder_by_matrix,e25b8d07214a8afb95d354611a83b9bb1ded39644e323a8585b3aabf687a4fff,"{""distance"":3,""physical_error_rate"":1e-05}","{""detection_events"":249,""detectors_checked"":12220416}"
    228352,         0,         0,    10.2,decoder_by_matrix,e25b8d07214a8afb95d354611a83b9bb1ded39644e323a8585b3aabf687a4fff,"{""distance"":3,""physical_error_rate"":1e-05}","{""detection_events"":351,""detectors_checked"":12331008}"
    235520,         0,         0,    10.5,decoder_by_matrix,e25b8d07214a8afb95d354611a83b9bb1ded39644e323a8585b3aabf687a4fff,"{""distance"":3,""physical_error_rate"":1e-05}","{""detection_events"":282,""detectors_checked"":12718080}"
    236544,         0,         0,    10.9,decoder_by_matrix,e25b8d07214a8afb95d354611a83b9bb1ded39644e323a8585b3aabf687a4fff,"{""distance"":3,""physical_error_rate"":1e-05}","{""detection_events"":249,""detectors_checked"":12773376}"
    236544,         0,         0,    10.9,decoder_by_matrix,e25b8d07214a8afb95d354611a83b9bb1ded39644e323a8585b3aabf687a4fff,"{""distance"":3,""physical_error_rate"":1e-05}","{""detection_events"":291,""detectors_checked"":12773376}"
    210944,         0,         0,    10.1,decoder_by_matrix,e25b8d07214a8afb95d354611a83b9bb1ded39644e323a8585b3aabf687a4fff,"{""distance"":3,""physical_error_rate"":1e-05}","{""detection_events"":354,""detectors_checked"":11390976}"
     12825,         0,         0,   0.495,decoder_by_matrix,e25b8d07214a8afb95d354611a83b9bb1ded39644e323a8585b3aabf687a4fff,"{""distance"":3,""physical_error_rate"":1e-05}","{""detection_events"":18,""detectors_checked"":692550}"
      5788,         0,         0,   0.213,decoder_by_matrix,e25b8d07214a8afb95d354611a83b9bb1ded39644e323a8585b3aabf687a4fff,"{""distance"":3,""physical_error_rate"":1e-05}","{""detectors_checked"":312552}"
     56326,         0,         0,    2.52,decoder_by_matrix,e25b8d07214a8afb95d354611a83b9bb1ded39644e323a8585b3aabf687a4fff,"{""distance"":3,""physical_error_rate"":1e-05}","{""detection_events"":75,""detectors_checked"":3041604}"
     53248,         0,         0,    2.55,decoder_by_matrix,e25b8d07214a8afb95d354611a83b9bb1ded39644e323a8585b3aabf687a4fff,"{""distance"":3,""physical_error_rate"":1e-05}","{""detection_events"":36,""detectors_checked"":2875392}"
     53248,         0,         0,    2.45,decoder_by_matrix,e25b8d07214a8afb95d354611a83b9bb1ded39644e323a8585b3aabf687a4fff,"{""distance"":3,""physical_error_rate"":1e-05}","{""detection_events"":99,""detectors_checked"":2875392}"
     53248,         0,         0,    2.32,decoder_by_matrix,e25b8d07214a8afb95d354611a83b9bb1ded39644e323a8585b3aabf687a4fff,"{""distance"":3,""physical_error_rate"":1e-05}","{""detection_events"":78,""detectors_checked"":2875392}"
     52805,         0,         0,    2.60,decoder_by_matrix,e25b8d07214a8afb95d354611a83b9bb1ded39644e323a8585b3aabf687a4fff,"{""distance"":3,""physical_error_rate"":1e-05}","{""detection_events"":93,""detectors_checked"":2851470}"
     52805,         0,         0,    2.23,decoder_by_matrix,e25b8d07214a8afb95d354611a83b9bb1ded39644e323a8585b3aabf687a4fff,"{""distance"":3,""physical_error_rate"":1e-05}","{""detection_events"":66,""detectors_checked"":2851470}"
     52805,         0,         0,    2.24,decoder_by_matrix,e25b8d07214a8afb95d354611a83b9bb1ded39644e323a8585b3aabf687a4fff,"{""distance"":3,""physical_error_rate"":1e-05}","{""detection_events"":51,""detectors_checked"":2851470}"
     52805,         0,         0,    1.82,decoder_by_matrix,e25b8d07214a8afb95d354611a83b9bb1ded39644e323a8585b3aabf687a4fff,"{""distance"":3,""physical_error_rate"":1e-05}","{""detection_events"":60,""detectors_checked"":2851470}"
     52805,         0,         0,    2.06,decoder_by_matrix,e25b8d07214a8afb95d354611a83b9bb1ded39644e323a8585b3aabf687a4fff,"{""distance"":3,""physical_error_rate"":1e-05}","{""detection_events"":63,""detectors_checked"":2851470}"
     45056,         0,         0,    1.92,decoder_by_matrix,e25b8d07214a8afb95d354611a83b9bb1ded39644e323a8585b3aabf687a4fff,"{""distance"":3,""physical_error_rate"":1e-05}","{""detection_events"":78,""detectors_checked"":2433024}"
     43008,         0,         0,    2.02,decoder_by_matrix,e25b8d07214a8afb95d354611a83b9bb1ded39644e323a8585b3aabf687a4fff,"{""distance"":3,""physical_error_rate"":1e-05}","{""detection_events"":96,""detectors_checked"":2322432}"
     49152,         0,         0,    2.37,decoder_by_matrix,e25b8d07214a8afb95d354611a83b9bb1ded39644e323a8585b3aabf687a4fff,"{""distance"":3,""physical_error_rate"":1e-05}","{""detection_events"":102,""detectors_checked"":2654208}"
      6599,         0,         0,   0.004,decoder_by_matrix,e25b8d07214a8afb95d354611a83b9bb1ded39644e323a8585b3aabf687a4fff,"{""distance"":3,""physical_error_rate"":1e-05}","{""detectors_checked"":356346}"
     43008,         0,         0,    2.83,decoder_by_matrix,e25b8d07214a8afb95d354611a83b9bb1ded39644e323a8585b3aabf687a4fff,"{""distance"":3,""physical_error_rate"":1e-05}","{""detection_events"":150,""detectors_checked"":2322432}"
      3521,         0,         0,   0.248,decoder_by_matrix,e25b8d07214a8afb95d354611a83b9bb1ded39644e323a8585b3aabf687a4fff,"{""distance"":3,""physical_error_rate"":1e-05}","{""detection_events"":15,""detectors_checked"":190134}"
      3521,         0,         0,   0.003,decoder_by_matrix,e25b8d07214a8afb95d354611a83b9bb1ded39644e323a8585b3aabf687a4fff,"{""distance"":3,""physical_error_rate"":1e-05}","{""detection_events"":9,""detectors_checked"":190134}"
     51200,         0,         0,    2.23,decoder_by_matrix,e25b8d07214a8afb95d354611a83b9bb1ded39644e323a8585b3aabf687a4fff,"{""distance"":3,""physical_error_rate"":1e-05}","{""detection_events"":72,""detectors_checked"":2764800}"
      6599,         0,         0,   0.119,decoder_by_matrix,e25b8d07214a8afb95d354611a83b9bb1ded39644e323a8585b3aabf687a4fff,"{""distance"":3,""physical_error_rate"":1e-05}","{""detectors_checked"":356346}"
      6599,         0,         0,   0.122,decoder_by_matrix,e25b8d07214a8afb95d354611a83b9bb1ded39644e323a8585b3aabf687a4fff,"{""distance"":3,""physical_error_rate"":1e-05}","{""detection_events"":24,""detectors_checked"":356346}"
     45056,         0,         0,    2.25,decoder_by_matrix,e25b8d07214a8afb95d354611a83b9bb1ded39644e323a8585b3aabf687a4fff,"{""distance"":3,""physical_error_rate"":1e-05}","{""detection_events"":93,""detectors_checked"":2433024}"
      3521,         0,         0,   0.003,decoder_by_matrix,e25b8d07214a8afb95d354611a83b9bb1ded39644e323a8585b3aabf687a4fff,"{""distance"":3,""physical_error_rate"":1e-05}","{""detection_events"":18,""detectors_checked"":190134}"
      3653,         0,         0,   0.003,decoder_by_matrix,e25b8d07214a8afb95d354611a83b9bb1ded39644e323a8585b3aabf687a4fff,"{""distance"":3,""physical_error_rate"":1e-05}","{""detection_events"":12,""detectors_checked"":197262}"
     35840,         0,         0,    1.74,decoder_by_matrix,e25b8d07214a8afb95d354611a83b9bb1ded39644e323a8585b3aabf687a4fff,"{""distance"":3,""physical_error_rate"":1e-05}","{""detection_events"":60,""detectors_checked"":1935360}"
      7042,         0,         0,   0.205,decoder_by_matrix,e25b8d07214a8afb95d354611a83b9bb1ded39644e323a8585b3aabf687a4fff,"{""distance"":3,""physical_error_rate"":1e-05}","{""detectors_checked"":380268}"
      7042,         0,         0,   0.258,decoder_by_matrix,e25b8d07214a8afb95d354611a83b9bb1ded39644e323a8585b3aabf687a4fff,"{""distance"":3,""physical_error_rate"":1e-05}","{""detection_events"":15,""detectors_checked"":380268}"
      1605,         0,         0,   0.002,decoder_by_matrix,e25b8d07214a8afb95d354611a83b9bb1ded39644e323a8585b3aabf687a4fff,"{""distance"":3,""physical_error_rate"":1e-05}","{""detection_events"":6,""detectors_checked"":86670}"
      7362,         0,         0,   0.073,decoder_by_matrix,e25b8d07214a8afb95d354611a83b9bb1ded39644e323a8585b3aabf687a4fff,"{""distance"":3,""physical_error_rate"":1e-05}","{""detectors_checked"":397548}"
      7362,         0,         0,   0.071,decoder_by_matrix,e25b8d07214a8afb95d354611a83b9bb1ded39644e323a8585b3aabf687a4fff,"{""distance"":3,""physical_error_rate"":1e-05}","{""detection_events"":3,""detectors_checked"":397548}"
      7028,         0,         0,   0.229,decoder_by_matrix,e25b8d07214a8afb95d354611a83b9bb1ded39644e323a8585b3aabf687a4fff,"{""distance"":3,""physical_error_rate"":1e-05}","{""detection_events"":6,""detectors_checked"":379512}"
      2334,         0,         0,   0.001,decoder_by_matrix,e25b8d07214a8afb95d354611a83b9bb1ded39644e323a8585b3aabf687a4fff,"{""distance"":3,""physical_error_rate"":1e-05}","{""detectors_checked"":126036}"
       387,         0,         0,   0.000,decoder_by_matrix,e25b8d07214a8afb95d354611a83b9bb1ded39644e323a8585b3aabf687a4fff,"{""distance"":3,""physical_error_rate"":1e-05}","{""detectors_checked"":20898}"
      2334,         0,         0,   0.001,decoder_by_matrix,e25b8d07214a8afb95d354611a83b9bb1ded39644e323a8585b3aabf687a4fff,"{""distance"":3,""physical_error_rate"":1e-05}","{""detectors_checked"":126036}"
      4234,         0,         0,   0.002,decoder_by_matrix,e25b8d07214a8afb95d354611a83b9bb1ded39644e323a8585b3aabf687a4fff,"{""distance"":3,""physical_error_rate"":1e-05}","{""detectors_checked"":228636}"
      4234,         0,         0,   0.011,decoder_by_matrix,e25b8d07214a8afb95d354611a83b9bb1ded39644e323a8585b3aabf687a4fff,"{""distance"":3,""physical_error_rate"":1e-05}","{""detection_events"":6,""detectors_checked"":228636}"
      4234,         0,         0,   0.003,decoder_by_matrix,e25b8d07214a8afb95d354611a83b9bb1ded39644e323a8585b3aabf687a4fff,"{""distance"":3,""physical_error_rate"":1e-05}","{""detection_events"":6,""detectors_checked"":228636}"
       387,         0,         0,   0.000,decoder_by_matrix,e25b8d07214a8afb95d354611a83b9bb1ded39644e323a8585b3aabf687a4fff,"{""distance"":3,""physical_error_rate"":1e-05}","{""detectors_checked"":20898}"
      2773,         0,         0,   0.015,decoder_by_matrix,e25b8d07214a8afb95d354611a83b9bb1ded39644e323a8585b3aabf687a4fff,"{""distance"":3,""physical_error_rate"":1e-05}","{""detection_events"":21,""detectors_checked"":149742}"
       101,         0,         0,   0.000,decoder_by_matrix,e25b8d07214a8afb95d354611a83b9bb1ded39644e323a8585b3aabf687a4fff,"{""distance"":3,""physical_error_rate"":1e-05}","{""detectors_checked"":5454}"
       440,         0,         0,   0.000,decoder_by_matrix,e25b8d07214a8afb95d354611a83b9bb1ded39644e323a8585b3aabf687a4fff,"{""distance"":3,""physical_error_rate"":1e-05}","{""detectors_checked"":23760}"
      7142,         0,         0,   0.252,decoder_by_matrix,e25b8d07214a8afb95d354611a83b9bb1ded39644e323a8585b3aabf687a4fff,"{""distance"":3,""physical_error_rate"":1e-05}","{""detection_events"":45,""detectors_checked"":385668}"
      7142,         0,         0,   0.076,decoder_by_matrix,e25b8d07214a8afb95d354611a83b9bb1ded39644e323a8585b3aabf687a4fff,"{""distance"":3,""physical_error_rate"":1e-05}","{""detection_events"":9,""detectors_checked"":385668}"
       440,         0,         0,   0.000,decoder_by_matrix,e25b8d07214a8afb95d354611a83b9bb1ded39644e323a8585b3aabf687a4fff,"{""distance"":3,""physical_error_rate"":1e-05}","{""detectors_checked"":23760}"
       170,         0,         0,   0.000,decoder_by_matrix,e25b8d07214a8afb95d354611a83b9bb1ded39644e323a8585b3aabf687a4fff,"{""distance"":3,""physical_error_rate"":1e-05}","{""detectors_checked"":9180}"
       220,         0,         0,   0.000,decoder_by_matrix,e25b8d07214a8afb95d354611a83b9bb1ded39644e323a8585b3aabf687a4fff,"{""distance"":3,""physical_error_rate"":1e-05}","{""detectors_checked"":11880}"
       440,         0,         0,   0.000,decoder_by_matrix,e25b8d07214a8afb95d354611a83b9bb1ded39644e323a8585b3aabf687a4fff,"{""distance"":3,""physical_error_rate"":1e-05}","{""detectors_checked"":23760}"
       101,         0,         0,   0.000,decoder_by_matrix,e25b8d07214a8afb95d354611a83b9bb1ded39644e323a8585b3aabf687a4fff,"{""distance"":3,""physical_error_rate"":1e-05}","{""detectors_checked"":5454}"
       100,         0,         0,   0.000,decoder_by_matrix,e25b8d07214a8afb95d354611a83b9bb1ded39644e323a8585b3aabf687a4fff,"{""distance"":3,""physical_error_rate"":1e-05}","{""detectors_checked"":5400}"
         8,         0,         0,   0.000,decoder_by_matrix,e25b8d07214a8afb95d354611a83b9bb1ded39644e323a8585b3aabf687a4fff,"{""distance"":3,""physical_error_rate"":1e-05}","{""detectors_checked"":432}"
         8,         0,         0,   0.000,decoder_by_matrix,e25b8d07214a8afb95d354611a83b9bb1ded39644e323a8585b3aabf687a4fff,"{""distance"":3,""physical_error_rate"":1e-05}","{""detectors_checked"":432}"
         8,         0,         0,   0.000,decoder_by_matrix,e25b8d07214a8afb95d354611a83b9bb1ded39644e323a8585b3aabf687a4fff,"{""distance"":3,""physical_error_rate"":1e-05}","{""detectors_checked"":432}"
         8,         0,         0,   0.000,decoder_by_matrix,e25b8d07214a8afb95d354611a83b9bb1ded39644e323a8585b3aabf687a4fff,"{""distance"":3,""physical_error_rate"":1e-05}","{""detectors_checked"":432}"
         8,         0,         0,   0.000,decoder_by_matrix,e25b8d07214a8afb95d354611a83b9bb1ded39644e323a8585b3aabf687a4fff,"{""distance"":3,""physical_error_rate"":1e-05}","{""detectors_checked"":432}"
         8,         0,         0,   0.000,decoder_by_matrix,e25b8d07214a8afb95d354611a83b9bb1ded39644e323a8585b3aabf687a4fff,"{""distance"":3,""physical_error_rate"":1e-05}","{""detectors_checked"":432}"
         8,         0,         0,   0.000,decoder_by_matrix,e25b8d07214a8afb95d354611a83b9bb1ded39644e323a8585b3aabf687a4fff,"{""distance"":3,""physical_error_rate"":1e-05}","{""detectors_checked"":432}"
         8,         0,         0,   0.000,decoder_by_matrix,e25b8d07214a8afb95d354611a83b9bb1ded39644e323a8585b3aabf687a4fff,"{""distance"":3,""physical_error_rate"":1e-05}","{""detectors_checked"":432}"
         8,         0,         0,   0.000,decoder_by_matrix,e25b8d07214a8afb95d354611a83b9bb1ded39644e323a8585b3aabf687a4fff,"{""distance"":3,""physical_error_rate"":1e-05}","{""detectors_checked"":432}"
         1,         0,         0,   0.000,decoder_by_matrix,e25b8d07214a8afb95d354611a83b9bb1ded39644e323a8585b3aabf687a4fff,"{""distance"":3,""physical_error_rate"":1e-05}","{""detectors_checked"":54}"
         6,         0,         0,   0.000,decoder_by_matrix,e25b8d07214a8afb95d354611a83b9bb1ded39644e323a8585b3aabf687a4fff,"{""distance"":3,""physical_error_rate"":1e-05}","{""detectors_checked"":324}"
         1,         0,         0,   0.000,decoder_by_matrix,e25b8d07214a8afb95d354611a83b9bb1ded39644e323a8585b3aabf687a4fff,"{""distance"":3,""physical_error_rate"":1e-05}","{""detectors_checked"":54}"
         6,         0,         0,   0.000,decoder_by_matrix,e25b8d07214a8afb95d354611a83b9bb1ded39644e323a8585b3aabf687a4fff,"{""distance"":3,""physical_error_rate"":1e-05}","{""detectors_checked"":324}"
         6,         0,         0,   0.000,decoder_by_matrix,e25b8d07214a8afb95d354611a83b9bb1ded39644e323a8585b3aabf687a4fff,"{""distance"":3,""physical_error_rate"":1e-05}","{""detectors_checked"":324}"
         5,         0,         0,   0.000,decoder_by_matrix,e25b8d07214a8afb95d354611a83b9bb1ded39644e323a8585b3aabf687a4fff,"{""distance"":3,""physical_error_rate"":1e-05}","{""detectors_checked"":270}"
         5,         0,         0,   0.000,decoder_by_matrix,e25b8d07214a8afb95d354611a83b9bb1ded39644e323a8585b3aabf687a4fff,"{""distance"":3,""physical_error_rate"":1e-05}","{""detectors_checked"":270}"
         2,         0,         0,   0.000,decoder_by_matrix,e25b8d07214a8afb95d354611a83b9bb1ded39644e323a8585b3aabf687a4fff,"{""distance"":3,""physical_error_rate"":1e-05}","{""detectors_checked"":108}"
         4,         0,         0,   0.000,decoder_by_matrix,e25b8d07214a8afb95d354611a83b9bb1ded39644e323a8585b3aabf687a4fff,"{""distance"":3,""physical_error_rate"":1e-05}","{""detectors_checked"":216}"
         4,         0,         0,   0.000,decoder_by_matrix,e25b8d07214a8afb95d354611a83b9bb1ded39644e323a8585b3aabf687a4fff,"{""distance"":3,""physical_error_rate"":1e-05}","{""detectors_checked"":216}"
         6,         0,         0,   0.000,decoder_by_matrix,e25b8d07214a8afb95d354611a83b9bb1ded39644e323a8585b3aabf687a4fff,"{""distance"":3,""physical_error_rate"":1e-05}","{""detectors_checked"":324}"
         2,         0,         0,   0.000,decoder_by_matrix,e25b8d07214a8afb95d354611a83b9bb1ded39644e323a8585b3aabf687a4fff,"{""distance"":3,""physical_error_rate"":1e-05}","{""detectors_checked"":108}"
         1,         0,         0,   0.000,decoder_by_matrix,beec9fd12293a9cfe53c9b61fb8ce2a525e4eed38fa75d132d6dc64699336876,"{""distance"":3,""physical_error_rate"":0.0001}","{""detectors_checked"":54}"
         1,         0,         0,   0.000,decoder_by_matrix,36e3cd26fed5ec7649ec51fb08c1a5e7d7f30e615782d954fee045c18a4962ca,"{""distance"":3,""physical_error_rate"":5e-05}","{""detectors_checked"":54}"
         1,         0,         0,   0.000,decoder_by_matrix,5c8c81bfec719079c388cedc47a351f264c1bf769ae28a89f9b4fc7719fea501,"{""distance"":3,""physical_error_rate"":0.0005}","{""detectors_checked"":54}"
         1,         0,         0,   0.000,decoder_by_matrix,beec9fd12293a9cfe53c9b61fb8ce2a525e4eed38fa75d132d6dc64699336876,"{""distance"":3,""physical_error_rate"":0.0001}","{""detectors_checked"":54}"
         1,         0,         0,   0.000,decoder_by_matrix,beec9fd12293a9cfe53c9b61fb8ce2a525e4eed38fa75d132d6dc64699336876,"{""distance"":3,""physical_error_rate"":0.0001}","{""detectors_checked"":54}"
         1,         0,         0,   0.000,decoder_by_matrix,36e3cd26fed5ec7649ec51fb08c1a5e7d7f30e615782d954fee045c18a4962ca,"{""distance"":3,""physical_error_rate"":5e-05}","{""detectors_checked"":54}"
         1,         0,         0,   0.000,decoder_by_matrix,5c8c81bfec719079c388cedc47a351f264c1bf769ae28a89f9b4fc7719fea501,"{""distance"":3,""physical_error_rate"":0.0005}","{""detectors_checked"":54}"
         1,         0,         0,   0.000,decoder_by_matrix,36e3cd26fed5ec7649ec51fb08c1a5e7d7f30e615782d954fee045c18a4962ca,"{""distance"":3,""physical_error_rate"":5e-05}","{""detectors_checked"":54}"
         1,         0,         0,   0.000,decoder_by_matrix,beec9fd12293a9cfe53c9b61fb8ce2a525e4eed38fa75d132d6dc64699336876,"{""distance"":3,""physical_error_rate"":0.0001}","{""detectors_checked"":54}"
         1,         0,         0,   0.000,decoder_by_matrix,5c8c81bfec719079c388cedc47a351f264c1bf769ae28a89f9b4fc7719fea501,"{""distance"":3,""physical_error_rate"":0.0005}","{""detectors_checked"":54}"
         1,         0,         0,   0.000,decoder_by_matrix,5c8c81bfec719079c388cedc47a351f264c1bf769ae28a89f9b4fc7719fea501,"{""distance"":3,""physical_error_rate"":0.0005}","{""detectors_checked"":54}"
        16,         0,         0,   0.000,decoder_by_matrix,5c8c81bfec719079c388cedc47a351f264c1bf769ae28a89f9b4fc7719fea501,"{""distance"":3,""physical_error_rate"":0.0005}","{""detection_events"":12,""detectors_checked"":864}"
      7440,         0,         0,   0.109,decoder_by_matrix,beec9fd12293a9cfe53c9b61fb8ce2a525e4eed38fa75d132d6dc64699336876,"{""distance"":3,""physical_error_rate"":0.0001}","{""detection_events"":129,""detectors_checked"":401760}"
      1024,         0,         0,   0.002,decoder_by_matrix,beec9fd12293a9cfe53c9b61fb8ce2a525e4eed38fa75d132d6dc64699336876,"{""distance"":3,""physical_error_rate"":0.0001}","{""detection_events"":9,""detectors_checked"":55296}"
         1,         0,         0,   0.000,decoder_by_matrix,5c8c81bfec719079c388cedc47a351f264c1bf769ae28a89f9b4fc7719fea501,"{""distance"":3,""physical_error_rate"":0.0005}","{""detectors_checked"":54}"
         1,         0,         0,   0.000,decoder_by_matrix,5c8c81bfec719079c388cedc47a351f264c1bf769ae28a89f9b4fc7719fea501,"{""distance"":3,""physical_error_rate"":0.0005}","{""detectors_checked"":54}"
         1,         0,         0,   0.000,decoder_by_matrix,36e3cd26fed5ec7649ec51fb08c1a5e7d7f30e615782d954fee045c18a4962ca,"{""distance"":3,""physical_error_rate"":5e-05}","{""detectors_checked"":54}"
         1,         0,         0,   0.000,decoder_by_matrix,beec9fd12293a9cfe53c9b61fb8ce2a525e4eed38fa75d132d6dc64699336876,"{""distance"":3,""physical_error_rate"":0.0001}","{""detectors_checked"":54}"
         1,         0,         0,   0.000,decoder_by_matrix,36e3cd26fed5ec7649ec51fb08c1a5e7d7f30e615782d954fee045c18a4962ca,"{""distance"":3,""physical_error_rate"":5e-05}","{""detectors_checked"":54}"
      2320,         0,         0,   0.018,decoder_by_matrix,5c8c81bfec719079c388cedc47a351f264c1bf769ae28a89f9b4fc7719fea501,"{""distance"":3,""physical_error_rate"":0.0005}","{""detection_events"":147,""detectors_checked"":125280}"
      1024,         0,         0,   0.002,decoder_by_matrix,5c8c81bfec719079c388cedc47a351f264c1bf769ae28a89f9b4fc7719fea501,"{""distance"":3,""physical_error_rate"":0.0005}","{""detection_events"":57,""detectors_checked"":55296}"
      2320,         0,         0,   0.035,decoder_by_matrix,5c8c81bfec719079c388cedc47a351f264c1bf769ae28a89f9b4fc7719fea501,"{""distance"":3,""physical_error_rate"":0.0005}","{""detection_events"":183,""detectors_checked"":125280}"
      1024,         0,         0,   0.002,decoder_by_matrix,5c8c81bfec719079c388cedc47a351f264c1bf769ae28a89f9b4fc7719fea501,"{""distance"":3,""physical_error_rate"":0.0005}","{""detection_events"":57,""detectors_checked"":55296}"
      3344,         0,         0,   0.037,decoder_by_matrix,36e3cd26fed5ec7649ec51fb08c1a5e7d7f30e615782d954fee045c18a4962ca,"{""distance"":3,""physical_error_rate"":5e-05}","{""detection_events"":51,""detectors_checked"":180576}"
      1024,         0,         0,   0.002,decoder_by_matrix,36e3cd26fed5ec7649ec51fb08c1a5e7d7f30e615782d954fee045c18a4962ca,"{""distance"":3,""physical_error_rate"":5e-05}","{""detection_events"":6,""detectors_checked"":55296}"
      2320,         0,         0,   0.039,decoder_by_matrix,5c8c81bfec719079c388cedc47a351f264c1bf769ae28a89f9b4fc7719fea501,"{""distance"":3,""physical_error_rate"":0.0005}","{""detection_events"":177,""detectors_checked"":125280}"
      3344,         0,         0,   0.027,decoder_by_matrix,36e3cd26fed5ec7649ec51fb08c1a5e7d7f30e615782d954fee045c18a4962ca,"{""distance"":3,""physical_error_rate"":5e-05}","{""detection_events"":45,""detectors_checked"":180576}"
      2320,         0,         0,   0.043,decoder_by_matrix,5c8c81bfec719079c388cedc47a351f264c1bf769ae28a89f9b4fc7719fea501,"{""distance"":3,""physical_error_rate"":0.0005}","{""detection_events"":150,""detectors_checked"":125280}"
      2320,         0,         0,   0.043,decoder_by_matrix,36e3cd26fed5ec7649ec51fb08c1a5e7d7f30e615782d954fee045c18a4962ca,"{""distance"":3,""physical_error_rate"":5e-05}","{""detection_events"":57,""detectors_checked"":125280}"
      3344,         0,         0,   0.044,decoder_by_matrix,beec9fd12293a9cfe53c9b61fb8ce2a525e4eed38fa75d132d6dc64699336876,"{""distance"":3,""physical_error_rate"":0.0001}","{""detection_events"":84,""detectors_checked"":180576}"
      2048,         0,         0,   0.039,decoder_by_matrix,5c8c81bfec719079c388cedc47a351f264c1bf769ae28a89f9b4fc7719fea501,"{""distance"":3,""physical_error_rate"":0.0005}","{""detection_events"":105,""detectors_checked"":110592}"
      2048,         0,         0,   0.039,decoder_by_matrix,5c8c81bfec719079c388cedc47a351f264c1bf769ae28a89f9b4fc7719fea501,"{""distance"":3,""physical_error_rate"":0.0005}","{""detection_events"":162,""detectors_checked"":110592}"
      5392,         0,         0,   0.020,decoder_by_matrix,5c8c81bfec719079c388cedc47a351f264c1bf769ae28a89f9b4fc7719fea501,"{""distance"":3,""physical_error_rate"":0.0005}","{""detection_events"":384,""detectors_checked"":291168}"
      1024,         0,         0,   0.002,decoder_by_matrix,5c8c81bfec719079c388cedc47a351f264c1bf769ae28a89f9b4fc7719fea501,"{""distance"":3,""physical_error_rate"":0.0005}","{""detection_events"":78,""detectors_checked"":55296}"
      3344,         0,         0,   0.031,decoder_by_matrix,beec9fd12293a9cfe53c9b61fb8ce2a525e4eed38fa75d132d6dc64699336876,"{""distance"":3,""physical_error_rate"":0.0001}","{""detection_events"":27,""detectors_checked"":180576}"
      1024,         0,         0,   0.002,decoder_by_matrix,beec9fd12293a9cfe53c9b61fb8ce2a525e4eed38fa75d132d6dc64699336876,"{""distance"":3,""physical_error_rate"":0.0001}","{""detection_events"":30,""detectors_checked"":55296}"
      3344,         0,         0,   0.031,decoder_by_matrix,36e3cd26fed5ec7649ec51fb08c1a5e7d7f30e615782d954fee045c18a4962ca,"{""distance"":3,""physical_error_rate"":5e-05}","{""detection_events"":33,""detectors_checked"":180576}"
      1024,         0,         0,   0.001,decoder_by_matrix,36e3cd26fed5ec7649ec51fb08c1a5e7d7f30e615782d954fee045c18a4962ca,"{""distance"":3,""physical_error_rate"":5e-05}","{""detectors_checked"":55296}"
      3344,         0,         0,   0.031,decoder_by_matrix,beec9fd12293a9cfe53c9b61fb8ce2a525e4eed38fa75d132d6dc64699336876,"{""distance"":3,""physical_error_rate"":0.0001}","{""detection_events"":75,""detectors_checked"":180576}"
      1024,         0,         0,   0.002,decoder_by_matrix,beec9fd12293a9cfe53c9b61fb8ce2a525e4eed38fa75d132d6dc64699336876,"{""distance"":3,""physical_error_rate"":0.0001}","{""detection_events"":6,""detectors_checked"":55296}"
      3344,         0,         0,   0.018,decoder_by_matrix,beec9fd12293a9cfe53c9b61fb8ce2a525e4eed38fa75d132d6dc64699336876,"{""distance"":3,""physical_error_rate"":0.0001}","{""detection_events"":39,""detectors_checked"":180576}"
      1024,         0,         0,   0.002,decoder_by_matrix,beec9fd12293a9cfe53c9b61fb8ce2a525e4eed38fa75d132d6dc64699336876,"{""distance"":3,""physical_error_rate"":0.0001}","{""detection_events"":15,""detectors_checked"":55296}"
      3344,         0,         0,   0.020,decoder_by_matrix,36e3cd26fed5ec7649ec51fb08c1a5e7d7f30e615782d954fee045c18a4962ca,"{""distance"":3,""physical_error_rate"":5e-05}","{""detection_events"":33,""detectors_checked"":180576}"
      1024,         0,         0,   0.002,decoder_by_matrix,36e3cd26fed5ec7649ec51fb08c1a5e7d7f30e615782d954fee045c18a4962ca,"{""distance"":3,""physical_error_rate"":5e-05}","{""detection_events"":27,""detectors_checked"":55296}"
      2048,         0,         0,   0.057,decoder_by_matrix,beec9fd12293a9cfe53c9b61fb8ce2a525e4eed38fa75d132d6dc64699336876,"{""distance"":3,""physical_error_rate"":0.0001}","{""detection_events"":63,""detectors_checked"":110592}"
      2048,         0,         0,   0.057,decoder_by_matrix,36e3cd26fed5ec7649ec51fb08c1a5e7d7f30e615782d954fee045c18a4962ca,"{""distance"":3,""physical_error_rate"":5e-05}","{""detection_events"":24,""detectors_checked"":110592}"
      3072,         0,         0,   0.166,decoder_by_matrix,36e3cd26fed5ec7649ec51fb08c1a5e7d7f30e615782d954fee045c18a4962ca,"{""distance"":3,""physical_error_rate"":5e-05}","{""detection_events"":45,""detectors_checked"":165888}"
      3072,         0,         0,   0.178,decoder_by_matrix,5c8c81bfec719079c388cedc47a351f264c1bf769ae28a89f9b4fc7719fea501,"{""distance"":3,""physical_error_rate"":0.0005}","{""detection_events"":291,""detectors_checked"":165888}"
      4096,         0,         0,   0.004,decoder_by_matrix,36e3cd26fed5ec7649ec51fb08c1a5e7d7f30e615782d954fee045c18a4962ca,"{""distance"":3,""physical_error_rate"":5e-05}","{""detection_events"":36,""detectors_checked"":221184}"
      3072,         0,         0,   0.181,decoder_by_matrix,36e3cd26fed5ec7649ec51fb08c1a5e7d7f30e615782d954fee045c18a4962ca,"{""distance"":3,""physical_error_rate"":5e-05}","{""detection_events"":12,""detectors_checked"":165888}"
      3072,         0,         0,   0.182,decoder_by_matrix,5c8c81bfec719079c388cedc47a351f264c1bf769ae28a89f9b4fc7719fea501,"{""distance"":3,""physical_error_rate"":0.0005}","{""detection_events"":222,""detectors_checked"":165888}"
      3072,         0,         0,   0.177,decoder_by_matrix,beec9fd12293a9cfe53c9b61fb8ce2a525e4eed38fa75d132d6dc64699336876,"{""distance"":3,""physical_error_rate"":0.0001}","{""detection_events"":42,""detectors_checked"":165888}"
      6144,         0,         0,   0.154,decoder_by_matrix,36e3cd26fed5ec7649ec51fb08c1a5e7d7f30e615782d954fee045c18a4962ca,"{""distance"":3,""physical_error_rate"":5e-05}","{""detection_events"":63,""detectors_checked"":331776}"
      2048,         0,         0,   0.166,decoder_by_matrix,5c8c81bfec719079c388cedc47a351f264c1bf769ae28a89f9b4fc7719fea501,"{""distance"":3,""physical_error_rate"":0.0005}","{""detection_events"":156,""detectors_checked"":110592}"
      2048,         0,         0,   0.180,decoder_by_matrix,5c8c81bfec719079c388cedc47a351f264c1bf769ae28a89f9b4fc7719fea501,"{""distance"":3,""physical_error_rate"":0.0005}","{""detection_events"":114,""detectors_checked"":110592}"
      2048,         0,         0,   0.174,decoder_by_matrix,5c8c81bfec719079c388cedc47a351f264c1bf769ae28a89f9b4fc7719fea501,"{""distance"":3,""physical_error_rate"":0.0005}","{""detection_events"":87,""detectors_checked"":110592}"
      5120,         0,         0,   0.178,decoder_by_matrix,beec9fd12293a9cfe53c9b61fb8ce2a525e4eed38fa75d132d6dc64699336876,"{""distance"":3,""physical_error_rate"":0.0001}","{""detection_events"":75,""detectors_checked"":276480}"
      5120,         0,         0,   0.136,decoder_by_matrix,beec9fd12293a9cfe53c9b61fb8ce2a525e4eed38fa75d132d6dc64699336876,"{""distance"":3,""physical_error_rate"":0.0001}","{""detection_events"":60,""detectors_checked"":276480}"
      1024,         0,         0,   0.002,decoder_by_matrix,beec9fd12293a9cfe53c9b61fb8ce2a525e4eed38fa75d132d6dc64699336876,"{""distance"":3,""physical_error_rate"":0.0001}","{""detection_events"":6,""detectors_checked"":55296}"
      3072,         0,         0,   0.162,decoder_by_matrix,beec9fd12293a9cfe53c9b61fb8ce2a525e4eed38fa75d132d6dc64699336876,"{""distance"":3,""physical_error_rate"":0.0001}","{""detection_events"":72,""detectors_checked"":165888}"
      6144,         0,         0,   0.162,decoder_by_matrix,36e3cd26fed5ec7649ec51fb08c1a5e7d7f30e615782d954fee045c18a4962ca,"{""distance"":3,""physical_error_rate"":5e-05}","{""detection_events"":3,""detectors_checked"":331776}"
      7424,         1,         0,   0.392,decoder_by_matrix,5c8c81bfec719079c388cedc47a351f264c1bf769ae28a89f9b4fc7719fea501,"{""distance"":3,""physical_error_rate"":0.0005}","{""detection_events"":471,""detectors_checked"":400896,""obs_mistake_mask=E"":1}"
      2048,         0,         0,   0.003,decoder_by_matrix,36e3cd26fed5ec7649ec51fb08c1a5e7d7f30e615782d954fee045c18a4962ca,"{""distance"":3,""physical_error_rate"":5e-05}","{""detection_events"":27,""detectors_checked"":110592}"
      3072,         0,         0,   0.400,decoder_by_matrix,beec9fd12293a9cfe53c9b61fb8ce2a525e4eed38fa75d132d6dc64699336876,"{""distance"":3,""physical_error_rate"":0.0001}","{""detection_events"":45,""detectors_checked"":165888}"
      2048,         0,         0,   0.178,decoder_by_matrix,5c8c81bfec719079c388cedc47a351f264c1bf769ae28a89f9b4fc7719fea501,"{""distance"":3,""physical_error_rate"":0.0005}","{""detection_events"":162,""detectors_checked"":110592}"
      3072,         0,         0,   0.180,decoder_by_matrix,36e3cd26fed5ec7649ec51fb08c1a5e7d7f30e615782d954fee045c18a4962ca,"{""distance"":3,""physical_error_rate"":5e-05}","{""detection_events"":48,""detectors_checked"":165888}"
      4096,         0,         0,   0.178,decoder_by_matrix,36e3cd26fed5ec7649ec51fb08c1a5e7d7f30e615782d954fee045c18a4962ca,"{""distance"":3,""physical_error_rate"":5e-05}","{""detection_events"":12,""detectors_checked"":221184}"
      2048,         0,         0,   0.178,decoder_by_matrix,5c8c81bfec719079c388cedc47a351f264c1bf769ae28a89f9b4fc7719fea501,"{""distance"":3,""physical_error_rate"":0.0005}","{""detection_events"":102,""detectors_checked"":110592}"
      3072,         0,         0,   0.227,decoder_by_matrix,beec9fd12293a9cfe53c9b61fb8ce2a525e4eed38fa75d132d6dc64699336876,"{""distance"":3,""physical_error_rate"":0.0001}","{""detection_events"":51,""detectors_checked"":165888}"
      3072,         0,         0,   0.230,decoder_by_matrix,36e3cd26fed5ec7649ec51fb08c1a5e7d7f30e615782d954fee045c18a4962ca,"{""distance"":3,""physical_error_rate"":5e-05}","{""detection_events"":30,""detectors_checked"":165888}"
      2048,         0,         0,   0.229,decoder_by_matrix,5c8c81bfec719079c388cedc47a351f264c1bf769ae28a89f9b4fc7719fea501,"{""distance"":3,""physical_error_rate"":0.0005}","{""detection_events"":156,""detectors_checked"":110592}"
      3072,         0,         0,   0.235,decoder_by_matrix,5c8c81bfec719079c388cedc47a351f264c1bf769ae28a89f9b4fc7719fea501,"{""distance"":3,""physical_error_rate"":0.0005}","{""detection_events"":201,""detectors_checked"":165888}"
      3072,         0,         0,   0.239,decoder_by_matrix,5c8c81bfec719079c388cedc47a351f264c1bf769ae28a89f9b4fc7719fea501,"{""distance"":3,""physical_error_rate"":0.0005}","{""detection_events"":198,""detectors_checked"":165888}"
      1024,         0,         0,   0.002,decoder_by_matrix,5c8c81bfec719079c388cedc47a351f264c1bf769ae28a89f9b4fc7719fea501,"{""distance"":3,""physical_error_rate"":0.0005}","{""detection_events"":48,""detectors_checked"":55296}"
      3072,         0,         0,   0.235,decoder_by_matrix,beec9fd12293a9cfe53c9b61fb8ce2a525e4eed38fa75d132d6dc64699336876,"{""distance"":3,""physical_error_rate"":0.0001}","{""detection_events"":36,""detectors_checked"":165888}"
      1024,         0,         0,   0.001,decoder_by_matrix,beec9fd12293a9cfe53c9b61fb8ce2a525e4eed38fa75d132d6dc64699336876,"{""distance"":3,""physical_error_rate"":0.0001}","{""detectors_checked"":55296}"
      2048,         0,         0,   0.238,decoder_by_matrix,beec9fd12293a9cfe53c9b61fb8ce2a525e4eed38fa75d132d6dc64699336876,"{""distance"":3,""physical_error_rate"":0.0001}","{""detection_events"":39,""detectors_checked"":110592}"
      2048,         0,         0,   0.241,decoder_by_matrix,beec9fd12293a9cfe53c9b61fb8ce2a525e4eed38fa75d132d6dc64699336876,"{""distance"":3,""physical_error_rate"":0.0001}","{""detection_events"":36,""detectors_checked"":110592}"
      2048,         0,         0,   0.240,decoder_by_matrix,5c8c81bfec719079c388cedc47a351f264c1bf769ae28a89f9b4fc7719fea501,"{""distance"":3,""physical_error_rate"":0.0005}","{""detection_events"":126,""detectors_checked"":110592}"
      2048,         0,         0,   0.232,decoder_by_matrix,beec9fd12293a9cfe53c9b61fb8ce2a525e4eed38fa75d132d6dc64699336876,"{""distance"":3,""physical_error_rate"":0.0001}","{""detection_events"":21,""detectors_checked"":110592}"
      3072,         0,         0,   0.255,decoder_by_matrix,5c8c81bfec719079c388cedc47a351f264c1bf769ae28a89f9b4fc7719fea501,"{""distance"":3,""physical_error_rate"":0.0005}","{""detection_events"":216,""detectors_checked"":165888}"
      2048,         0,         0,   0.253,decoder_by_matrix,36e3cd26fed5ec7649ec51fb08c1a5e7d7f30e615782d954fee045c18a4962ca,"{""distance"":3,""physical_error_rate"":5e-05}","{""detection_events"":18,""detectors_checked"":110592}"
      3072,         0,         0,   0.255,decoder_by_matrix,36e3cd26fed5ec7649ec51fb08c1a5e7d7f30e615782d954fee045c18a4962ca,"{""distance"":3,""physical_error_rate"":5e-05}","{""detection_events"":36,""detectors_checked"":165888}"
      3072,         0,         0,   0.252,decoder_by_matrix,5c8c81bfec719079c388cedc47a351f264c1bf769ae28a89f9b4fc7719fea501,"{""distance"":3,""physical_error_rate"":0.0005}","{""detection_events"":192,""detectors_checked"":165888}"
      3072,         0,         0,   0.235,decoder_by_matrix,36e3cd26fed5ec7649ec51fb08c1a5e7d7f30e615782d954fee045c18a4962ca,"{""distance"":3,""physical_error_rate"":5e-05}","{""detection_events"":36,""detectors_checked"":165888}"
      1024,         0,         0,   0.002,decoder_by_matrix,36e3cd26fed5ec7649ec51fb08c1a5e7d7f30e615782d954fee045c18a4962ca,"{""distance"":3,""physical_error_rate"":5e-05}","{""detection_events"":9,""detectors_checked"":55296}"
      3072,         0,         0,   0.242,decoder_by_matrix,36e3cd26fed5ec7649ec51fb08c1a5e7d7f30e615782d954fee045c18a4962ca,"{""distance"":3,""physical_error_rate"":5e-05}","{""detection_events"":15,""detectors_checked"":165888}"
      1024,         0,         0,   0.002,decoder_by_matrix,36e3cd26fed5ec7649ec51fb08c1a5e7d7f30e615782d954fee045c18a4962ca,"{""distance"":3,""physical_error_rate"":5e-05}","{""detection_events"":12,""detectors_checked"":55296}"
      1024,         0,         0,   0.067,decoder_by_matrix,36e3cd26fed5ec7649ec51fb08c1a5e7d7f30e615782d954fee045c18a4962ca,"{""distance"":3,""physical_error_rate"":5e-05}","{""detection_events"":12,""detectors_checked"":55296}"
      3072,         0,         0,   0.265,decoder_by_matrix,beec9fd12293a9cfe53c9b61fb8ce2a525e4eed38fa75d132d6dc64699336876,"{""distance"":3,""physical_error_rate"":0.0001}","{""detection_events"":39,""detectors_checked"":165888}"
      4096,         0,         0,   0.266,decoder_by_matrix,36e3cd26fed5ec7649ec51fb08c1a5e7d7f30e615782d954fee045c18a4962ca,"{""distance"":3,""physical_error_rate"":5e-05}","{""detection_events"":45,""detectors_checked"":221184}"
      2048,         0,         0,   0.264,decoder_by_matrix,5c8c81bfec719079c388cedc47a351f264c1bf769ae28a89f9b4fc7719fea501,"{""distance"":3,""physical_error_rate"":0.0005}","{""detection_events"":126,""detectors_checked"":110592}"
      2048,         0,         0,   0.264,decoder_by_matrix,5c8c81bfec719079c388cedc47a351f264c1bf769ae28a89f9b4fc7719fea501,"{""distance"":3,""physical_error_rate"":0.0005}","{""detection_events"":177,""detectors_checked"":110592}"
      2048,         0,         0,   0.166,decoder_by_matrix,beec9fd12293a9cfe53c9b61fb8ce2a525e4eed38fa75d132d6dc64699336876,"{""distance"":3,""physical_error_rate"":0.0001}","{""detection_events"":39,""detectors_checked"":110592}"
      3072,         0,         0,   0.251,decoder_by_matrix,beec9fd12293a9cfe53c9b61fb8ce2a525e4eed38fa75d132d6dc64699336876,"{""distance"":3,""physical_error_rate"":0.0001}","{""detection_events"":63,""detectors_checked"":165888}"
      3072,         0,         0,   0.255,decoder_by_matrix,5c8c81bfec719079c388cedc47a351f264c1bf769ae28a89f9b4fc7719fea501,"{""distance"":3,""physical_error_rate"":0.0005}","{""detection_events"":213,""detectors_checked"":165888}"
      4096,         0,         0,   0.220,decoder_by_matrix,beec9fd12293a9cfe53c9b61fb8ce2a525e4eed38fa75d132d6dc64699336876,"{""distance"":3,""physical_error_rate"":0.0001}","{""detection_events"":36,""detectors_checked"":221184}"
      3072,         0,         0,   0.259,decoder_by_matrix,beec9fd12293a9cfe53c9b61fb8ce2a525e4eed38fa75d132d6dc64699336876,"{""distance"":3,""physical_error_rate"":0.0001}","{""detection_events"":45,""detectors_checked"":165888}"
      2048,         0,         0,   0.248,decoder_by_matrix,5c8c81bfec719079c388cedc47a351f264c1bf769ae28a89f9b4fc7719fea501,"{""distance"":3,""physical_error_rate"":0.0005}","{""detection_events"":141,""detectors_checked"":110592}"
      2048,         0,         0,   0.261,decoder_by_matrix,5c8c81bfec719079c388cedc47a351f264c1bf769ae28a89f9b4fc7719fea501,"{""distance"":3,""physical_error_rate"":0.0005}","{""detection_events"":162,""detectors_checked"":110592}"
      2048,         0,         0,   0.261,decoder_by_matrix,36e3cd26fed5ec7649ec51fb08c1a5e7d7f30e615782d954fee045c18a4962ca,"{""distance"":3,""physical_error_rate"":5e-05}","{""detection_events"":18,""detectors_checked"":110592}"
      3072,         0,         0,   0.257,decoder_by_matrix,36e3cd26fed5ec7649ec51fb08c1a5e7d7f30e615782d954fee045c18a4962ca,"{""distance"":3,""physical_error_rate"":5e-05}","{""detection_events"":30,""detectors_checked"":165888}"
      2048,         0,         0,   0.206,decoder_by_matrix,5c8c81bfec719079c388cedc47a351f264c1bf769ae28a89f9b4fc7719fea501,"{""distance"":3,""physical_error_rate"":0.0005}","{""detection_events"":207,""detectors_checked"":110592}"
      3072,         0,         0,   0.265,decoder_by_matrix,36e3cd26fed5ec7649ec51fb08c1a5e7d7f30e615782d954fee045c18a4962ca,"{""distance"":3,""physical_error_rate"":5e-05}","{""detection_events"":30,""detectors_checked"":165888}"
      3072,         0,         0,   0.262,decoder_by_matrix,36e3cd26fed5ec7649ec51fb08c1a5e7d7f30e615782d954fee045c18a4962ca,"{""distance"":3,""physical_error_rate"":5e-05}","{""detection_events"":12,""detectors_checked"":165888}"
      2048,         0,         0,   0.262,decoder_by_matrix,beec9fd12293a9cfe53c9b61fb8ce2a525e4eed38fa75d132d6dc64699336876,"{""distance"":3,""physical_error_rate"":0.0001}","{""detection_events"":33,""detectors_checked"":110592}"
      2048,         0,         0,   0.262,decoder_by_matrix,36e3cd26fed5ec7649ec51fb08c1a5e7d7f30e615782d954fee045c18a4962ca,"{""distance"":3,""physical_error_rate"":5e-05}","{""detection_events"":33,""detectors_checked"":110592}"
      3072,         0,         0,   0.264,decoder_by_matrix,5c8c81bfec719079c388cedc47a351f264c1bf769ae28a89f9b4fc7719fea501,"{""distance"":3,""physical_error_rate"":0.0005}","{""detection_events"":294,""detectors_checked"":165888}"
      3072,         0,         0,   0.213,decoder_by_matrix,5c8c81bfec719079c388cedc47a351f264c1bf769ae28a89f9b4fc7719fea501,"{""distance"":3,""physical_error_rate"":0.0005}","{""detection_events"":216,""detectors_checked"":165888}"
      3072,         0,         0,   0.250,decoder_by_matrix,beec9fd12293a9cfe53c9b61fb8ce2a525e4eed38fa75d132d6dc64699336876,"{""distance"":3,""physical_error_rate"":0.0001}","{""detection_events"":69,""detectors_checked"":165888}"
      3072,         0,         0,   0.226,decoder_by_matrix,beec9fd12293a9cfe53c9b61fb8ce2a525e4eed38fa75d132d6dc64699336876,"{""distance"":3,""physical_error_rate"":0.0001}","{""detection_events"":78,""detectors_checked"":165888}"
      2048,         0,         0,   0.252,decoder_by_matrix,beec9fd12293a9cfe53c9b61fb8ce2a525e4eed38fa75d132d6dc64699336876,"{""distance"":3,""physical_error_rate"":0.0001}","{""detection_events"":36,""detectors_checked"":110592}"
      2048,         0,         0,   0.252,decoder_by_matrix,5c8c81bfec719079c388cedc47a351f264c1bf769ae28a89f9b4fc7719fea501,"{""distance"":3,""physical_error_rate"":0.0005}","{""detection_events"":120,""detectors_checked"":110592}"
      2048,         0,         0,   0.252,decoder_by_matrix,5c8c81bfec719079c388cedc47a351f264c1bf769ae28a89f9b4fc7719fea501,"{""distance"":3,""physical_error_rate"":0.0005}","{""detection_events"":174,""detectors_checked"":110592}"
      3072,         0,         0,   0.254,decoder_by_matrix,36e3cd26fed5ec7649ec51fb08c1a5e7d7f30e615782d954fee045c18a4962ca,"{""distance"":3,""physical_error_rate"":5e-05}","{""detection_events"":21,""detectors_checked"":165888}"
      2048,         0,         0,   0.252,decoder_by_matrix,36e3cd26fed5ec7649ec51fb08c1a5e7d7f30e615782d954fee045c18a4962ca,"{""distance"":3,""physical_error_rate"":5e-05}","{""detection_events"":21,""detectors_checked"":110592}"
      3072,         0,         0,   0.254,decoder_by_matrix,5c8c81bfec719079c388cedc47a351f264c1bf769ae28a89f9b4fc7719fea501,"{""distance"":3,""physical_error_rate"":0.0005}","{""detection_events"":207,""detectors_checked"":165888}"
      2048,         0,         0,   0.248,decoder_by_matrix,5c8c81bfec719079c388cedc47a351f264c1bf769ae28a89f9b4fc7719fea501,"{""distance"":3,""physical_error_rate"":0.0005}","{""detection_events"":87,""detectors_checked"":110592}"
      3072,         0,         0,   0.256,decoder_by_matrix,36e3cd26fed5ec7649ec51fb08c1a5e7d7f30e615782d954fee045c18a4962ca,"{""distance"":3,""physical_error_rate"":5e-05}","{""detection_events"":15,""detectors_checked"":165888}"
      3072,         0,         0,   0.256,decoder_by_matrix,beec9fd12293a9cfe53c9b61fb8ce2a525e4eed38fa75d132d6dc64699336876,"{""distance"":3,""physical_error_rate"":0.0001}","{""detection_events"":48,""detectors_checked"":165888}"
      5120,         0,         0,   0.262,decoder_by_matrix,36e3cd26fed5ec7649ec51fb08c1a5e7d7f30e615782d954fee045c18a4962ca,"{""distance"":3,""physical_error_rate"":5e-05}","{""detection_events"":21,""detectors_checked"":276480}"
      3072,         0,         0,   0.262,decoder_by_matrix,beec9fd12293a9cfe53c9b61fb8ce2a525e4eed38fa75d132d6dc64699336876,"{""distance"":3,""physical_error_rate"":0.0001}","{""detection_events"":24,""detectors_checked"":165888}"
      4096,         0,         0,   0.261,decoder_by_matrix,36e3cd26fed5ec7649ec51fb08c1a5e7d7f30e615782d954fee045c18a4962ca,"{""distance"":3,""physical_error_rate"":5e-05}","{""detection_events"":15,""detectors_checked"":221184}"
      2048,         0,         0,   0.258,decoder_by_matrix,5c8c81bfec719079c388cedc47a351f264c1bf769ae28a89f9b4fc7719fea501,"{""distance"":3,""physical_error_rate"":0.0005}","{""detection_events"":96,""detectors_checked"":110592}"
      2048,         0,         0,   0.231,decoder_by_matrix,5c8c81bfec719079c388cedc47a351f264c1bf769ae28a89f9b4fc7719fea501,"{""distance"":3,""physical_error_rate"":0.0005}","{""detection_events"":42,""detectors_checked"":110592}"
      2048,         0,         0,   0.255,decoder_by_matrix,beec9fd12293a9cfe53c9b61fb8ce2a525e4eed38fa75d132d6dc64699336876,"{""distance"":3,""physical_error_rate"":0.0001}","{""detection_events"":24,""detectors_checked"":110592}"
      3072,         0,         0,   0.261,decoder_by_matrix,beec9fd12293a9cfe53c9b61fb8ce2a525e4eed38fa75d132d6dc64699336876,"{""distance"":3,""physical_error_rate"":0.0001}","{""detection_events"":45,""detectors_checked"":165888}"
      3072,         0,         0,   0.260,decoder_by_matrix,beec9fd12293a9cfe53c9b61fb8ce2a525e4eed38fa75d132d6dc64699336876,"{""distance"":3,""physical_error_rate"":0.0001}","{""detection_events"":54,""detectors_checked"":165888}"
      3072,         0,         0,   0.005,decoder_by_matrix,5c8c81bfec719079c388cedc47a351f264c1bf769ae28a89f9b4fc7719fea501,"{""distance"":3,""physical_error_rate"":0.0005}","{""detection_events"":192,""detectors_checked"":165888}"
      3072,         1,         0,   0.261,decoder_by_matrix,5c8c81bfec719079c388cedc47a351f264c1bf769ae28a89f9b4fc7719fea501,"{""distance"":3,""physical_error_rate"":0.0005}","{""detection_events"":258,""detectors_checked"":165888,""obs_mistake_mask=E"":1}"
      2048,         0,         0,   0.259,decoder_by_matrix,36e3cd26fed5ec7649ec51fb08c1a5e7d7f30e615782d954fee045c18a4962ca,"{""distance"":3,""physical_error_rate"":5e-05}","{""detection_events"":33,""detectors_checked"":110592}"
      3072,         0,         0,   0.260,decoder_by_matrix,36e3cd26fed5ec7649ec51fb08c1a5e7d7f30e615782d954fee045c18a4962ca,"{""distance"":3,""physical_error_rate"":5e-05}","{""detection_events"":33,""detectors_checked"":165888}"
      2048,         0,         0,   0.259,decoder_by_matrix,5c8c81bfec719079c388cedc47a351f264c1bf769ae28a89f9b4fc7719fea501,"{""distance"":3,""physical_error_rate"":0.0005}","{""detection_events"":147,""detectors_checked"":110592}"
      3072,         0,         0,   0.261,decoder_by_matrix,5c8c81bfec719079c388cedc47a351f264c1bf769ae28a89f9b4fc7719fea501,"{""distance"":3,""physical_error_rate"":0.0005}","{""detection_events"":246,""detectors_checked"":165888}"
      3072,         0,         0,   0.260,decoder_by_matrix,36e3cd26fed5ec7649ec51fb08c1a5e7d7f30e615782d954fee045c18a4962ca,"{""distance"":3,""physical_error_rate"":5e-05}","{""detection_events"":48,""detectors_checked"":165888}"
      4096,         0,         0,   0.261,decoder_by_matrix,beec9fd12293a9cfe53c9b61fb8ce2a525e4eed38fa75d132d6dc64699336876,"{""distance"":3,""physical_error_rate"":0.0001}","{""detection_events"":36,""detectors_checked"":221184}"
      2048,         0,         0,   0.256,decoder_by_matrix,36e3cd26fed5ec7649ec51fb08c1a5e7d7f30e615782d954fee045c18a4962ca,"{""distance"":3,""physical_error_rate"":5e-05}","{""detection_events"":30,""detectors_checked"":110592}"
      2048,         0,         0,   0.256,decoder_by_matrix,beec9fd12293a9cfe53c9b61fb8ce2a525e4eed38fa75d132d6dc64699336876,"{""distance"":3,""physical_error_rate"":0.0001}","{""detection_events"":6,""detectors_checked"":110592}"
      3072,         0,         0,   0.249,decoder_by_matrix,5c8c81bfec719079c388cedc47a351f264c1bf769ae28a89f9b4fc7719fea501,"{""distance"":3,""physical_error_rate"":0.0005}","{""detection_events"":114,""detectors_checked"":165888}"
      4096,         0,         0,   0.264,decoder_by_matrix,36e3cd26fed5ec7649ec51fb08c1a5e7d7f30e615782d954fee045c18a4962ca,"{""distance"":3,""physical_error_rate"":5e-05}","{""detection_events"":30,""detectors_checked"":221184}"
      3072,         0,         0,   0.255,decoder_by_matrix,beec9fd12293a9cfe53c9b61fb8ce2a525e4eed38fa75d132d6dc64699336876,"{""distance"":3,""physical_error_rate"":0.0001}","{""detection_events"":45,""detectors_checked"":165888}"
      3072,         0,         0,   0.174,decoder_by_matrix,5c8c81bfec719079c388cedc47a351f264c1bf769ae28a89f9b4fc7719fea501,"{""distance"":3,""physical_error_rate"":0.0005}","{""detection_events"":237,""detectors_checked"":165888}"
      2048,         0,         0,   0.257,decoder_by_matrix,beec9fd12293a9cfe53c9b61fb8ce2a525e4eed38fa75d132d6dc64699336876,"{""distance"":3,""physical_error_rate"":0.0001}","{""detection_events"":60,""detectors_checked"":110592}"
      5120,         0,         0,   0.259,decoder_by_matrix,beec9fd12293a9cfe53c9b61fb8ce2a525e4eed38fa75d132d6dc64699336876,"{""distance"":3,""physical_error_rate"":0.0001}","{""detection_events"":30,""detectors_checked"":276480}"
      2048,         0,         0,   0.257,decoder_by_matrix,5c8c81bfec719079c388cedc47a351f264c1bf769ae28a89f9b4fc7719fea501,"{""distance"":3,""physical_error_rate"":0.0005}","{""detection_events"":171,""detectors_checked"":110592}"
      2048,         1,         0,   0.257,decoder_by_matrix,5c8c81bfec719079c388cedc47a351f264c1bf769ae28a89f9b4fc7719fea501,"{""distance"":3,""physical_error_rate"":0.0005}","{""detection_events"":177,""detectors_checked"":110592,""obs_mistake_mask=E"":1}"
      3072,         0,         0,   0.258,decoder_by_matrix,36e3cd26fed5ec7649ec51fb08c1a5e7d7f30e615782d954fee045c18a4962ca,"{""distance"":3,""physical_error_rate"":5e-05}","{""detection_events"":30,""detectors_checked"":165888}"
      2048,         0,         0,   0.263,decoder_by_matrix,5c8c81bfec719079c388cedc47a351f264c1bf769ae28a89f9b4fc7719fea501,"{""distance"":3,""physical_error_rate"":0.0005}","{""detection_events"":150,""detectors_checked"":110592}"
      3072,         0,         0,   0.223,decoder_by_matrix,beec9fd12293a9cfe53c9b61fb8ce2a525e4eed38fa75d132d6dc64699336876,"{""distance"":3,""physical_error_rate"":0.0001}","{""detection_events"":51,""detectors_checked"":165888}"
      3072,         0,         0,   0.220,decoder_by_matrix,beec9fd12293a9cfe53c9b61fb8ce2a525e4eed38fa75d132d6dc64699336876,"{""distance"":3,""physical_error_rate"":0.0001}","{""detection_events"":69,""detectors_checked"":165888}"
      4096,         0,         0,   0.407,decoder_by_matrix,36e3cd26fed5ec7649ec51fb08c1a5e7d7f30e615782d954fee045c18a4962ca,"{""distance"":3,""physical_error_rate"":5e-05}","{""detection_events"":48,""detectors_checked"":221184}"
      4096,         0,         0,   0.267,decoder_by_matrix,36e3cd26fed5ec7649ec51fb08c1a5e7d7f30e615782d954fee045c18a4962ca,"{""distance"":3,""physical_error_rate"":5e-05}","{""detection_events"":21,""detectors_checked"":221184}"
      3072,         0,         0,   0.267,decoder_by_matrix,36e3cd26fed5ec7649ec51fb08c1a5e7d7f30e615782d954fee045c18a4962ca,"{""distance"":3,""physical_error_rate"":5e-05}","{""detection_events"":30,""detectors_checked"":165888}"
      3072,         0,         0,   0.262,decoder_by_matrix,5c8c81bfec719079c388cedc47a351f264c1bf769ae28a89f9b4fc7719fea501,"{""distance"":3,""physical_error_rate"":0.0005}","{""detection_events"":201,""detectors_checked"":165888}"
      2048,         0,         0,   0.260,decoder_by_matrix,beec9fd12293a9cfe53c9b61fb8ce2a525e4eed38fa75d132d6dc64699336876,"{""distance"":3,""physical_error_rate"":0.0001}","{""detection_events"":57,""detectors_checked"":110592}"
      2048,         0,         0,   0.260,decoder_by_matrix,5c8c81bfec719079c388cedc47a351f264c1bf769ae28a89f9b4fc7719fea501,"{""distance"":3,""physical_error_rate"":0.0005}","{""detection_events"":156,""detectors_checked"":110592}"
      2048,         0,         0,   0.260,decoder_by_matrix,5c8c81bfec719079c388cedc47a351f264c1bf769ae28a89f9b4fc7719fea501,"{""distance"":3,""physical_error_rate"":0.0005}","{""detection_events"":192,""detectors_checked"":110592}"
      3072,         0,         0,   0.266,decoder_by_matrix,36e3cd26fed5ec7649ec51fb08c1a5e7d7f30e615782d954fee045c18a4962ca,"{""distance"":3,""physical_error_rate"":5e-05}","{""detection_events"":33,""detectors_checked"":165888}"
      5120,         0,         0,   0.515,decoder_by_matrix,5c8c81bfec719079c388cedc47a351f264c1bf769ae28a89f9b4fc7719fea501,"{""distance"":3,""physical_error_rate"":0.0005}","{""detection_events"":411,""detectors_checked"":276480}"
      3072,         0,         0,   0.256,decoder_by_matrix,5c8c81bfec719079c388cedc47a351f264c1bf769ae28a89f9b4fc7719fea501,"{""distance"":3,""physical_error_rate"":0.0005}","{""detection_events"":315,""detectors_checked"":165888}"
      7168,         0,         0,   0.519,decoder_by_matrix,36e3cd26fed5ec7649ec51fb08c1a5e7d7f30e615782d954fee045c18a4962ca,"{""distance"":3,""physical_error_rate"":5e-05}","{""detection_events"":36,""detectors_checked"":387072}"
      2048,         0,         0,   0.250,decoder_by_matrix,beec9fd12293a9cfe53c9b61fb8ce2a525e4eed38fa75d132d6dc64699336876,"{""distance"":3,""physical_error_rate"":0.0001}","{""detection_events"":27,""detectors_checked"":110592}"
      3072,         0,         0,   0.320,decoder_by_matrix,beec9fd12293a9cfe53c9b61fb8ce2a525e4eed38fa75d132d6dc64699336876,"{""distance"":3,""physical_error_rate"":0.0001}","{""detection_events"":45,""detectors_checked"":165888}"
      6144,         0,         0,   0.507,decoder_by_matrix,beec9fd12293a9cfe53c9b61fb8ce2a525e4eed38fa75d132d6dc64699336876,"{""distance"":3,""physical_error_rate"":0.0001}","{""detection_events"":90,""detectors_checked"":331776}"
      5120,         1,         0,   0.526,decoder_by_matrix,5c8c81bfec719079c388cedc47a351f264c1bf769ae28a89f9b4fc7719fea501,"{""distance"":3,""physical_error_rate"":0.0005}","{""detection_events"":471,""detectors_checked"":276480,""obs_mistake_mask=E"":1}"
      6144,         0,         0,   0.520,decoder_by_matrix,beec9fd12293a9cfe53c9b61fb8ce2a525e4eed38fa75d132d6dc64699336876,"{""distance"":3,""physical_error_rate"":0.0001}","{""detection_events"":69,""detectors_checked"":331776}"
      2048,         0,         0,   0.254,decoder_by_matrix,5c8c81bfec719079c388cedc47a351f264c1bf769ae28a89f9b4fc7719fea501,"{""distance"":3,""physical_error_rate"":0.0005}","{""detection_events"":165,""detectors_checked"":110592}"
      5120,         0,         0,   0.508,decoder_by_matrix,36e3cd26fed5ec7649ec51fb08c1a5e7d7f30e615782d954fee045c18a4962ca,"{""distance"":3,""physical_error_rate"":5e-05}","{""detection_events"":69,""detectors_checked"":276480}"
      8192,         0,         0,   0.509,decoder_by_matrix,36e3cd26fed5ec7649ec51fb08c1a5e7d7f30e615782d954fee045c18a4962ca,"{""distance"":3,""physical_error_rate"":5e-05}","{""detection_events"":30,""detectors_checked"":442368}"
      8192,         0,         0,   0.516,decoder_by_matrix,36e3cd26fed5ec7649ec51fb08c1a5e7d7f30e615782d954fee045c18a4962ca,"{""distance"":3,""physical_error_rate"":5e-05}","{""detection_events"":33,""detectors_checked"":442368}"
      5120,         0,         0,   0.517,decoder_by_matrix,5c8c81bfec719079c388cedc47a351f264c1bf769ae28a89f9b4fc7719fea501,"{""distance"":3,""physical_error_rate"":0.0005}","{""detection_events"":441,""detectors_checked"":276480}"
      6144,         0,         0,   0.517,decoder_by_matrix,beec9fd12293a9cfe53c9b61fb8ce2a525e4eed38fa75d132d6dc64699336876,"{""distance"":3,""physical_error_rate"":0.0001}","{""detection_events"":123,""detectors_checked"":331776}"
      5120,         0,         0,   0.517,decoder_by_matrix,5c8c81bfec719079c388cedc47a351f264c1bf769ae28a89f9b4fc7719fea501,"{""distance"":3,""physical_error_rate"":0.0005}","{""detection_events"":393,""detectors_checked"":276480}"
      5120,         0,         0,   0.517,decoder_by_matrix,5c8c81bfec719079c388cedc47a351f264c1bf769ae28a89f9b4fc7719fea501,"{""distance"":3,""physical_error_rate"":0.0005}","{""detection_events"":420,""detectors_checked"":276480}"
      6144,         0,         0,   0.516,decoder_by_matrix,36e3cd26fed5ec7649ec51fb08c1a5e7d7f30e615782d954fee045c18a4962ca,"{""distance"":3,""physical_error_rate"":5e-05}","{""detection_events"":39,""detectors_checked"":331776}"
      5120,         0,         0,   0.262,decoder_by_matrix,5c8c81bfec719079c388cedc47a351f264c1bf769ae28a89f9b4fc7719fea501,"{""distance"":3,""physical_error_rate"":0.0005}","{""detection_events"":273,""detectors_checked"":276480}"
      8192,         0,         0,   0.517,decoder_by_matrix,36e3cd26fed5ec7649ec51fb08c1a5e7d7f30e615782d954fee045c18a4962ca,"{""distance"":3,""physical_error_rate"":5e-05}","{""detection_events"":36,""detectors_checked"":442368}"
      5120,         0,         0,   0.479,decoder_by_matrix,beec9fd12293a9cfe53c9b61fb8ce2a525e4eed38fa75d132d6dc64699336876,"{""distance"":3,""physical_error_rate"":0.0001}","{""detection_events"":63,""detectors_checked"":276480}"
      4096,         0,         0,   0.506,decoder_by_matrix,beec9fd12293a9cfe53c9b61fb8ce2a525e4eed38fa75d132d6dc64699336876,"{""distance"":3,""physical_error_rate"":0.0001}","{""detection_events"":48,""detectors_checked"":221184}"
      5120,         0,         0,   0.512,decoder_by_matrix,beec9fd12293a9cfe53c9b61fb8ce2a525e4eed38fa75d132d6dc64699336876,"{""distance"":3,""physical_error_rate"":0.0001}","{""detection_events"":72,""detectors_checked"":276480}"
      4096,         0,         0,   0.514,decoder_by_matrix,5c8c81bfec719079c388cedc47a351f264c1bf769ae28a89f9b4fc7719fea501,"{""distance"":3,""physical_error_rate"":0.0005}","{""detection_events"":258,""detectors_checked"":221184}"
      6144,         0,         0,   0.517,decoder_by_matrix,beec9fd12293a9cfe53c9b61fb8ce2a525e4eed38fa75d132d6dc64699336876,"{""distance"":3,""physical_error_rate"":0.0001}","{""detection_events"":117,""detectors_checked"":331776}"
      5120,         0,         0,   0.516,decoder_by_matrix,5c8c81bfec719079c388cedc47a351f264c1bf769ae28a89f9b4fc7719fea501,"{""distance"":3,""physical_error_rate"":0.0005}","{""detection_events"":306,""detectors_checked"":276480}"
      7168,         0,         0,   0.518,decoder_by_matrix,36e3cd26fed5ec7649ec51fb08c1a5e7d7f30e615782d954fee045c18a4962ca,"{""distance"":3,""physical_error_rate"":5e-05}","{""detection_events"":36,""detectors_checked"":387072}"
      4096,         0,         0,   0.482,decoder_by_matrix,5c8c81bfec719079c388cedc47a351f264c1bf769ae28a89f9b4fc7719fea501,"{""distance"":3,""physical_error_rate"":0.0005}","{""detection_events"":243,""detectors_checked"":221184}"
      5120,         0,         0,   0.520,decoder_by_matrix,5c8c81bfec719079c388cedc47a351f264c1bf769ae28a89f9b4fc7719fea501,"{""distance"":3,""physical_error_rate"":0.0005}","{""detection_events"":384,""detectors_checked"":276480}"
      5120,         0,         0,   0.519,decoder_by_matrix,beec9fd12293a9cfe53c9b61fb8ce2a525e4eed38fa75d132d6dc64699336876,"{""distance"":3,""physical_error_rate"":0.0001}","{""detection_events"":81,""detectors_checked"":276480}"
      5120,         0,         0,   0.262,decoder_by_matrix,5c8c81bfec719079c388cedc47a351f264c1bf769ae28a89f9b4fc7719fea501,"{""distance"":3,""physical_error_rate"":0.0005}","{""detection_events"":336,""detectors_checked"":276480}"
      6144,         0,         0,   0.516,decoder_by_matrix,36e3cd26fed5ec7649ec51fb08c1a5e7d7f30e615782d954fee045c18a4962ca,"{""distance"":3,""physical_error_rate"":5e-05}","{""detection_events"":57,""detectors_checked"":331776}"
      9216,         0,         0,   0.621,decoder_by_matrix,36e3cd26fed5ec7649ec51fb08c1a5e7d7f30e615782d954fee045c18a4962ca,"{""distance"":3,""physical_error_rate"":5e-05}","{""detection_events"":51,""detectors_checked"":497664}"
      8192,         0,         0,   0.573,decoder_by_matrix,beec9fd12293a9cfe53c9b61fb8ce2a525e4eed38fa75d132d6dc64699336876,"{""distance"":3,""physical_error_rate"":0.0001}","{""detection_events"":69,""detectors_checked"":442368}"
      9216,         0,         0,   0.776,decoder_by_matrix,36e3cd26fed5ec7649ec51fb08c1a5e7d7f30e615782d954fee045c18a4962ca,"{""distance"":3,""physical_error_rate"":5e-05}","{""detection_events"":51,""detectors_checked"":497664}"
      7168,         0,         0,   0.775,decoder_by_matrix,5c8c81bfec719079c388cedc47a351f264c1bf769ae28a89f9b4fc7719fea501,"{""distance"":3,""physical_error_rate"":0.0005}","{""detection_events"":432,""detectors_checked"":387072}"
      4096,         0,         0,   0.260,decoder_by_matrix,5c8c81bfec719079c388cedc47a351f264c1bf769ae28a89f9b4fc7719fea501,"{""distance"":3,""physical_error_rate"":0.0005}","{""detection_events"":279,""detectors_checked"":221184}"
     11264,         0,         0,   0.779,decoder_by_matrix,36e3cd26fed5ec7649ec51fb08c1a5e7d7f30e615782d954fee045c18a4962ca,"{""distance"":3,""physical_error_rate"":5e-05}","{""detection_events"":66,""detectors_checked"":608256}"
      9216,         0,         0,   0.771,decoder_by_matrix,beec9fd12293a9cfe53c9b61fb8ce2a525e4eed38fa75d132d6dc64699336876,"{""distance"":3,""physical_error_rate"":0.0001}","{""detection_events"":120,""detectors_checked"":497664}"
      8192,         0,         0,   0.774,decoder_by_matrix,beec9fd12293a9cfe53c9b61fb8ce2a525e4eed38fa75d132d6dc64699336876,"{""distance"":3,""physical_error_rate"":0.0001}","{""detection_events"":144,""detectors_checked"":442368}"
      6144,         0,         0,   0.574,decoder_by_matrix,36e3cd26fed5ec7649ec51fb08c1a5e7d7f30e615782d954fee045c18a4962ca,"{""distance"":3,""physical_error_rate"":5e-05}","{""detection_events"":51,""detectors_checked"":331776}"
      8192,         0,         0,   0.780,decoder_by_matrix,5c8c81bfec719079c388cedc47a351f264c1bf769ae28a89f9b4fc7719fea501,"{""distance"":3,""physical_error_rate"":0.0005}","{""detection_events"":606,""detectors_checked"":442368}"
      7168,         0,         0,   0.777,decoder_by_matrix,beec9fd12293a9cfe53c9b61fb8ce2a525e4eed38fa75d132d6dc64699336876,"{""distance"":3,""physical_error_rate"":0.0001}","{""detection_events"":78,""detectors_checked"":387072}"
      7168,         0,         0,   0.330,decoder_by_matrix,beec9fd12293a9cfe53c9b61fb8ce2a525e4eed38fa75d132d6dc64699336876,"{""distance"":3,""physical_error_rate"":0.0001}","{""detection_events"":75,""detectors_checked"":387072}"
      8192,         0,         0,   0.787,decoder_by_matrix,5c8c81bfec719079c388cedc47a351f264c1bf769ae28a89f9b4fc7719fea501,"{""distance"":3,""physical_error_rate"":0.0005}","{""detection_events"":618,""detectors_checked"":442368}"
      7168,         0,         0,   0.770,decoder_by_matrix,5c8c81bfec719079c388cedc47a351f264c1bf769ae28a89f9b4fc7719fea501,"{""distance"":3,""physical_error_rate"":0.0005}","{""detection_events"":555,""detectors_checked"":387072}"
      8192,         0,         0,   0.771,decoder_by_matrix,beec9fd12293a9cfe53c9b61fb8ce2a525e4eed38fa75d132d6dc64699336876,"{""distance"":3,""physical_error_rate"":0.0001}","{""detection_events"":144,""detectors_checked"":442368}"
      7168,         0,         0,   0.770,decoder_by_matrix,5c8c81bfec719079c388cedc47a351f264c1bf769ae28a89f9b4fc7719fea501,"{""distance"":3,""physical_error_rate"":0.0005}","{""detection_events"":537,""detectors_checked"":387072}"
      9216,         0,         0,   0.771,decoder_by_matrix,36e3cd26fed5ec7649ec51fb08c1a5e7d7f30e615782d954fee045c18a4962ca,"{""distance"":3,""physical_error_rate"":5e-05}","{""detection_events"":93,""detectors_checked"":497664}"
      8192,         0,         0,   0.777,decoder_by_matrix,36e3cd26fed5ec7649ec51fb08c1a5e7d7f30e615782d954fee045c18a4962ca,"{""distance"":3,""physical_error_rate"":5e-05}","{""detection_events"":69,""detectors_checked"":442368}"
      8192,         1,         0,   0.769,decoder_by_matrix,5c8c81bfec719079c388cedc47a351f264c1bf769ae28a89f9b4fc7719fea501,"{""distance"":3,""physical_error_rate"":0.0005}","{""detection_events"":669,""detectors_checked"":442368,""obs_mistake_mask=E"":1}"
     13312,         0,         0,    1.04,decoder_by_matrix,36e3cd26fed5ec7649ec51fb08c1a5e7d7f30e615782d954fee045c18a4962ca,"{""distance"":3,""physical_error_rate"":5e-05}","{""detection_events"":123,""detectors_checked"":718848}"
      8192,         0,         0,   0.832,decoder_by_matrix,beec9fd12293a9cfe53c9b61fb8ce2a525e4eed38fa75d132d6dc64699336876,"{""distance"":3,""physical_error_rate"":0.0001}","{""detection_events"":135,""detectors_checked"":442368}"
     10240,         0,         0,    1.03,decoder_by_matrix,5c8c81bfec719079c388cedc47a351f264c1bf769ae28a89f9b4fc7719fea501,"{""distance"":3,""physical_error_rate"":0.0005}","{""detection_events"":660,""detectors_checked"":552960}"
     13312,         0,         0,    1.02,decoder_by_matrix,36e3cd26fed5ec7649ec51fb08c1a5e7d7f30e615782d954fee045c18a4962ca,"{""distance"":3,""physical_error_rate"":5e-05}","{""detection_events"":87,""detectors_checked"":718848}"
     11264,         0,         0,    1.03,decoder_by_matrix,beec9fd12293a9cfe53c9b61fb8ce2a525e4eed38fa75d132d6dc64699336876,"{""distance"":3,""physical_error_rate"":0.0001}","{""detection_events"":252,""detectors_checked"":608256}"
     12288,         0,         0,    1.03,decoder_by_matrix,36e3cd26fed5ec7649ec51fb08c1a5e7d7f30e615782d954fee045c18a4962ca,"{""distance"":3,""physical_error_rate"":5e-05}","{""detection_events"":126,""detectors_checked"":663552}"
      9216,         0,         0,    1.03,decoder_by_matrix,5c8c81bfec719079c388cedc47a351f264c1bf769ae28a89f9b4fc7719fea501,"{""distance"":3,""physical_error_rate"":0.0005}","{""detection_events"":567,""detectors_checked"":497664}"
     11264,         0,         0,    1.02,decoder_by_matrix,beec9fd12293a9cfe53c9b61fb8ce2a525e4eed38fa75d132d6dc64699336876,"{""distance"":3,""physical_error_rate"":0.0001}","{""detection_events"":156,""detectors_checked"":608256}"
      9216,         0,         0,   0.521,decoder_by_matrix,5c8c81bfec719079c388cedc47a351f264c1bf769ae28a89f9b4fc7719fea501,"{""distance"":3,""physical_error_rate"":0.0005}","{""detection_events"":663,""detectors_checked"":497664}"
      9216,         0,         0,   0.627,decoder_by_matrix,beec9fd12293a9cfe53c9b61fb8ce2a525e4eed38fa75d132d6dc64699336876,"{""distance"":3,""physical_error_rate"":0.0001}","{""detection_events"":165,""detectors_checked"":497664}"
      9216,         0,         0,   0.984,decoder_by_matrix,5c8c81bfec719079c388cedc47a351f264c1bf769ae28a89f9b4fc7719fea501,"{""distance"":3,""physical_error_rate"":0.0005}","{""detection_events"":567,""detectors_checked"":497664}"
     11264,         0,         0,    1.02,decoder_by_matrix,beec9fd12293a9cfe53c9b61fb8ce2a525e4eed38fa75d132d6dc64699336876,"{""distance"":3,""physical_error_rate"":0.0001}","{""detection_events"":165,""detectors_checked"":608256}"
     10240,         0,         0,    1.02,decoder_by_matrix,5c8c81bfec719079c388cedc47a351f264c1bf769ae28a89f9b4fc7719fea501,"{""distance"":3,""physical_error_rate"":0.0005}","{""detection_events"":639,""detectors_checked"":552960}"
     15360,         0,         0,   0.771,decoder_by_matrix,36e3cd26fed5ec7649ec51fb08c1a5e7d7f30e615782d954fee045c18a4962ca,"{""distance"":3,""physical_error_rate"":5e-05}","{""detection_events"":75,""detectors_checked"":829440}"
      7168,         0,         0,   0.822,decoder_by_matrix,5c8c81bfec719079c388cedc47a351f264c1bf769ae28a89f9b4fc7719fea501,"{""distance"":3,""physical_error_rate"":0.0005}","{""detection_events"":438,""detectors_checked"":387072}"
     16384,         0,         0,    1.03,decoder_by_matrix,36e3cd26fed5ec7649ec51fb08c1a5e7d7f30e615782d954fee045c18a4962ca,"{""distance"":3,""physical_error_rate"":5e-05}","{""detection_events"":99,""detectors_checked"":884736}"
     15360,         0,         0,    1.20,decoder_by_matrix,36e3cd26fed5ec7649ec51fb08c1a5e7d7f30e615782d954fee045c18a4962ca,"{""distance"":3,""physical_error_rate"":5e-05}","{""detection_events"":153,""detectors_checked"":829440}"
     13312,         0,         0,    1.16,decoder_by_matrix,36e3cd26fed5ec7649ec51fb08c1a5e7d7f30e615782d954fee045c18a4962ca,"{""distance"":3,""physical_error_rate"":5e-05}","{""detection_events"":111,""detectors_checked"":718848}"
     15360,         0,         0,    1.28,decoder_by_matrix,beec9fd12293a9cfe53c9b61fb8ce2a525e4eed38fa75d132d6dc64699336876,"{""distance"":3,""physical_error_rate"":0.0001}","{""detection_events"":138,""detectors_checked"":829440}"
     12288,         0,         0,    1.32,decoder_by_matrix,5c8c81bfec719079c388cedc47a351f264c1bf769ae28a89f9b4fc7719fea501,"{""distance"":3,""physical_error_rate"":0.0005}","{""detection_events"":1074,""detectors_checked"":663552}"
     15360,         0,         0,    1.28,decoder_by_matrix,beec9fd12293a9cfe53c9b61fb8ce2a525e4eed38fa75d132d6dc64699336876,"{""distance"":3,""physical_error_rate"":0.0001}","{""detection_events"":222,""detectors_checked"":829440}"
     15360,         0,         0,    1.27,decoder_by_matrix,36e3cd26fed5ec7649ec51fb08c1a5e7d7f30e615782d954fee045c18a4962ca,"{""distance"":3,""physical_error_rate"":5e-05}","{""detection_events"":153,""detectors_checked"":829440}"
     12288,         0,         0,    1.28,decoder_by_matrix,5c8c81bfec719079c388cedc47a351f264c1bf769ae28a89f9b4fc7719fea501,"{""distance"":3,""physical_error_rate"":0.0005}","{""detection_events"":846,""detectors_checked"":663552}"
     13312,         0,         0,    1.28,decoder_by_matrix,beec9fd12293a9cfe53c9b61fb8ce2a525e4eed38fa75d132d6dc64699336876,"{""distance"":3,""physical_error_rate"":0.0001}","{""detection_events"":207,""detectors_checked"":718848}"
     11264,         3,         0,    1.03,decoder_by_matrix,5c8c81bfec719079c388cedc47a351f264c1bf769ae28a89f9b4fc7719fea501,"{""distance"":3,""physical_error_rate"":0.0005}","{""detection_events"":846,""detectors_checked"":608256,""obs_mistake_mask=E"":3}"
     13312,         0,         0,    1.28,decoder_by_matrix,beec9fd12293a9cfe53c9b61fb8ce2a525e4eed38fa75d132d6dc64699336876,"{""distance"":3,""physical_error_rate"":0.0001}","{""detection_events"":222,""detectors_checked"":718848}"
     12288,         0,         0,    1.28,decoder_by_matrix,5c8c81bfec719079c388cedc47a351f264c1bf769ae28a89f9b4fc7719fea501,"{""distance"":3,""physical_error_rate"":0.0005}","{""detection_events"":987,""detectors_checked"":663552}"
     13312,         0,         0,    1.27,decoder_by_matrix,beec9fd12293a9cfe53c9b61fb8ce2a525e4eed38fa75d132d6dc64699336876,"{""distance"":3,""physical_error_rate"":0.0001}","{""detection_events"":222,""detectors_checked"":718848}"
     12288,         0,         0,    1.29,decoder_by_matrix,5c8c81bfec719079c388cedc47a351f264c1bf769ae28a89f9b4fc7719fea501,"{""distance"":3,""physical_error_rate"":0.0005}","{""detection_events"":927,""detectors_checked"":663552}"
     13312,         0,         0,    1.29,decoder_by_matrix,36e3cd26fed5ec7649ec51fb08c1a5e7d7f30e615782d954fee045c18a4962ca,"{""distance"":3,""physical_error_rate"":5e-05}","{""detection_events"":147,""detectors_checked"":718848}"
     12288,         0,         0,    1.29,decoder_by_matrix,5c8c81bfec719079c388cedc47a351f264c1bf769ae28a89f9b4fc7719fea501,"{""distance"":3,""physical_error_rate"":0.0005}","{""detection_events"":786,""detectors_checked"":663552}"
     15360,         0,         0,    1.29,decoder_by_matrix,36e3cd26fed5ec7649ec51fb08c1a5e7d7f30e615782d954fee045c18a4962ca,"{""distance"":3,""physical_error_rate"":5e-05}","{""detection_events"":93,""detectors_checked"":829440}"
     20480,         0,         0,    1.57,decoder_by_matrix,36e3cd26fed5ec7649ec51fb08c1a5e7d7f30e615782d954fee045c18a4962ca,"{""distance"":3,""physical_error_rate"":5e-05}","{""detection_events"":168,""detectors_checked"":1105920}"
     15360,         0,         0,    1.30,decoder_by_matrix,beec9fd12293a9cfe53c9b61fb8ce2a525e4eed38fa75d132d6dc64699336876,"{""distance"":3,""physical_error_rate"":0.0001}","{""detection_events"":216,""detectors_checked"":829440}"
     22528,         0,         0,    1.79,decoder_by_matrix,36e3cd26fed5ec7649ec51fb08c1a5e7d7f30e615782d954fee045c18a4962ca,"{""distance"":3,""physical_error_rate"":5e-05}","{""detection_events"":129,""detectors_checked"":1216512}"
     16384,         0,         0,    1.56,decoder_by_matrix,5c8c81bfec719079c388cedc47a351f264c1bf769ae28a89f9b4fc7719fea501,"{""distance"":3,""physical_error_rate"":0.0005}","{""detection_events"":1281,""detectors_checked"":884736}"
     16384,         0,         0,    1.56,decoder_by_matrix,beec9fd12293a9cfe53c9b61fb8ce2a525e4eed38fa75d132d6dc64699336876,"{""distance"":3,""physical_error_rate"":0.0001}","{""detection_events"":243,""detectors_checked"":884736}"
     19456,         1,         0,    1.53,decoder_by_matrix,36e3cd26fed5ec7649ec51fb08c1a5e7d7f30e615782d954fee045c18a4962ca,"{""distance"":3,""physical_error_rate"":5e-05}","{""detection_events"":189,""detectors_checked"":1050624,""obs_mistake_mask=E"":1}"
     17408,         0,         0,    1.78,decoder_by_matrix,5c8c81bfec719079c388cedc47a351f264c1bf769ae28a89f9b4fc7719fea501,"{""distance"":3,""physical_error_rate"":0.0005}","{""detection_events"":1167,""detectors_checked"":940032}"
     19456,         0,         0,    1.79,decoder_by_matrix,beec9fd12293a9cfe53c9b61fb8ce2a525e4eed38fa75d132d6dc64699336876,"{""distance"":3,""physical_error_rate"":0.0001}","{""detection_events"":246,""detectors_checked"":1050624}"
     16384,         0,         0,    1.79,decoder_by_matrix,5c8c81bfec719079c388cedc47a351f264c1bf769ae28a89f9b4fc7719fea501,"{""distance"":3,""physical_error_rate"":0.0005}","{""detection_events"":1227,""detectors_checked"":884736}"
     15360,         0,         0,    1.61,decoder_by_matrix,5c8c81bfec719079c388cedc47a351f264c1bf769ae28a89f9b4fc7719fea501,"{""distance"":3,""physical_error_rate"":0.0005}","{""detection_events"":1155,""detectors_checked"":829440}"
     18432,         0,         0,    1.80,decoder_by_matrix,beec9fd12293a9cfe53c9b61fb8ce2a525e4eed38fa75d132d6dc64699336876,"{""distance"":3,""physical_error_rate"":0.0001}","{""detection_events"":336,""detectors_checked"":995328}"
     19456,         0,         0,    1.79,decoder_by_matrix,beec9fd12293a9cfe53c9b61fb8ce2a525e4eed38fa75d132d6dc64699336876,"{""distance"":3,""physical_error_rate"":0.0001}","{""detection_events"":312,""detectors_checked"":1050624}"
     17408,         0,         0,    1.80,decoder_by_matrix,5c8c81bfec719079c388cedc47a351f264c1bf769ae28a89f9b4fc7719fea501,"{""distance"":3,""physical_error_rate"":0.0005}","{""detection_events"":1248,""detectors_checked"":940032}"
     23552,         0,         0,    1.80,decoder_by_matrix,36e3cd26fed5ec7649ec51fb08c1a5e7d7f30e615782d954fee045c18a4962ca,"{""distance"":3,""physical_error_rate"":5e-05}","{""detection_events"":165,""detectors_checked"":1271808}"
     24576,         0,         0,    1.79,decoder_by_matrix,36e3cd26fed5ec7649ec51fb08c1a5e7d7f30e615782d954fee045c18a4962ca,"{""distance"":3,""physical_error_rate"":5e-05}","{""detection_events"":150,""detectors_checked"":1327104}"
     17408,         0,         0,    1.80,decoder_by_matrix,5c8c81bfec719079c388cedc47a351f264c1bf769ae28a89f9b4fc7719fea501,"{""distance"":3,""physical_error_rate"":0.0005}","{""detection_events"":1257,""detectors_checked"":940032}"
     25600,         0,         0,    2.29,decoder_by_matrix,beec9fd12293a9cfe53c9b61fb8ce2a525e4eed38fa75d132d6dc64699336876,"{""distance"":3,""physical_error_rate"":0.0001}","{""detection_events"":330,""detectors_checked"":1382400}"
     29696,         0,         0,    2.33,decoder_by_matrix,36e3cd26fed5ec7649ec51fb08c1a5e7d7f30e615782d954fee045c18a4962ca,"{""distance"":3,""physical_error_rate"":5e-05}","{""detection_events"":231,""detectors_checked"":1603584}"
     30720,         0,         0,    2.05,decoder_by_matrix,36e3cd26fed5ec7649ec51fb08c1a5e7d7f30e615782d954fee045c18a4962ca,"{""distance"":3,""physical_error_rate"":5e-05}","{""detection_events"":255,""detectors_checked"":1658880}"
     20480,         0,         0,    2.30,decoder_by_matrix,5c8c81bfec719079c388cedc47a351f264c1bf769ae28a89f9b4fc7719fea501,"{""distance"":3,""physical_error_rate"":0.0005}","{""detection_events"":1539,""detectors_checked"":1105920}"
     25600,         0,         0,    2.41,decoder_by_matrix,beec9fd12293a9cfe53c9b61fb8ce2a525e4eed38fa75d132d6dc64699336876,"{""distance"":3,""physical_error_rate"":0.0001}","{""detection_events"":360,""detectors_checked"":1382400}"
     22528,         0,         0,    2.25,decoder_by_matrix,5c8c81bfec719079c388cedc47a351f264c1bf769ae28a89f9b4fc7719fea501,"{""distance"":3,""physical_error_rate"":0.0005}","{""detection_events"":1644,""detectors_checked"":1216512}"
     27648,         0,         0,    2.05,decoder_by_matrix,36e3cd26fed5ec7649ec51fb08c1a5e7d7f30e615782d954fee045c18a4962ca,"{""distance"":3,""physical_error_rate"":5e-05}","{""detection_events"":273,""detectors_checked"":1492992}"
     24576,         0,         0,    2.31,decoder_by_matrix,beec9fd12293a9cfe53c9b61fb8ce2a525e4eed38fa75d132d6dc64699336876,"{""distance"":3,""physical_error_rate"":0.0001}","{""detection_events"":279,""detectors_checked"":1327104}"
     22528,         0,         0,    2.32,decoder_by_matrix,5c8c81bfec719079c388cedc47a351f264c1bf769ae28a89f9b4fc7719fea501,"{""distance"":3,""physical_error_rate"":0.0005}","{""detection_events"":1905,""detectors_checked"":1216512}"
     22528,         0,         0,    2.31,decoder_by_matrix,5c8c81bfec719079c388cedc47a351f264c1bf769ae28a89f9b4fc7719fea501,"{""distance"":3,""physical_error_rate"":0.0005}","{""detection_events"":1782,""detectors_checked"":1216512}"
     27648,         0,         0,    2.41,decoder_by_matrix,beec9fd12293a9cfe53c9b61fb8ce2a525e4eed38fa75d132d6dc64699336876,"{""distance"":3,""physical_error_rate"":0.0001}","{""detection_events"":375,""detectors_checked"":1492992}"
     26624,         0,         0,    2.34,decoder_by_matrix,beec9fd12293a9cfe53c9b61fb8ce2a525e4eed38fa75d132d6dc64699336876,"{""distance"":3,""physical_error_rate"":0.0001}","{""detection_events"":372,""detectors_checked"":1437696}"
     21504,         0,         0,    2.06,decoder_by_matrix,5c8c81bfec719079c388cedc47a351f264c1bf769ae28a89f9b4fc7719fea501,"{""distance"":3,""physical_error_rate"":0.0005}","{""detection_events"":1590,""detectors_checked"":1161216}"
     30720,         0,         0,    2.31,decoder_by_matrix,36e3cd26fed5ec7649ec51fb08c1a5e7d7f30e615782d954fee045c18a4962ca,"{""distance"":3,""physical_error_rate"":5e-05}","{""detection_events"":219,""detectors_checked"":1658880}"
     26624,         0,         0,    2.31,decoder_by_matrix,36e3cd26fed5ec7649ec51fb08c1a5e7d7f30e615782d954fee045c18a4962ca,"{""distance"":3,""physical_error_rate"":5e-05}","{""detection_events"":258,""detectors_checked"":1437696}"
     22528,         0,         0,    2.31,decoder_by_matrix,5c8c81bfec719079c388cedc47a351f264c1bf769ae28a89f9b4fc7719fea501,"{""distance"":3,""physical_error_rate"":0.0005}","{""detection_events"":1518,""detectors_checked"":1216512}"
     34816,         0,         0,    3.10,decoder_by_matrix,beec9fd12293a9cfe53c9b61fb8ce2a525e4eed38fa75d132d6dc64699336876,"{""distance"":3,""physical_error_rate"":0.0001}","{""detection_events"":384,""detectors_checked"":1880064}"
     39936,         0,         0,    3.13,decoder_by_matrix,36e3cd26fed5ec7649ec51fb08c1a5e7d7f30e615782d954fee045c18a4962ca,"{""distance"":3,""physical_error_rate"":5e-05}","{""detection_events"":294,""detectors_checked"":2156544}"
     40960,         0,         0,    2.82,decoder_by_matrix,36e3cd26fed5ec7649ec51fb08c1a5e7d7f30e615782d954fee045c18a4962ca,"{""distance"":3,""physical_error_rate"":5e-05}","{""detection_events"":261,""detectors_checked"":2211840}"
     30720,         1,         0,    3.14,decoder_by_matrix,5c8c81bfec719079c388cedc47a351f264c1bf769ae28a89f9b4fc7719fea501,"{""distance"":3,""physical_error_rate"":0.0005}","{""detection_events"":2169,""detectors_checked"":1658880,""obs_mistake_mask=E"":1}"
     33792,         0,         0,    3.06,decoder_by_matrix,beec9fd12293a9cfe53c9b61fb8ce2a525e4eed38fa75d132d6dc64699336876,"{""distance"":3,""physical_error_rate"":0.0001}","{""detection_events"":399,""detectors_checked"":1824768}"
     39936,         0,         0,    3.07,decoder_by_matrix,36e3cd26fed5ec7649ec51fb08c1a5e7d7f30e615782d954fee045c18a4962ca,"{""distance"":3,""physical_error_rate"":5e-05}","{""detection_events"":279,""detectors_checked"":2156544}"
     34816,         0,         0,    3.08,decoder_by_matrix,beec9fd12293a9cfe53c9b61fb8ce2a525e4eed38fa75d132d6dc64699336876,"{""distance"":3,""physical_error_rate"":0.0001}","{""detection_events"":432,""detectors_checked"":1880064}"
     29696,         0,         0,    2.56,decoder_by_matrix,5c8c81bfec719079c388cedc47a351f264c1bf769ae28a89f9b4fc7719fea501,"{""distance"":3,""physical_error_rate"":0.0005}","{""detection_events"":1959,""detectors_checked"":1603584}"
     30720,         0,         0,    3.06,decoder_by_matrix,5c8c81bfec719079c388cedc47a351f264c1bf769ae28a89f9b4fc7719fea501,"{""distance"":3,""physical_error_rate"":0.0005}","{""detection_events"":2289,""detectors_checked"":1658880}"
     30720,         2,         0,    2.74,decoder_by_matrix,5c8c81bfec719079c388cedc47a351f264c1bf769ae28a89f9b4fc7719fea501,"{""distance"":3,""physical_error_rate"":0.0005}","{""detection_events"":2340,""detectors_checked"":1658880,""obs_mistake_mask=E"":2}"
     33792,         0,         0,    2.82,decoder_by_matrix,beec9fd12293a9cfe53c9b61fb8ce2a525e4eed38fa75d132d6dc64699336876,"{""distance"":3,""physical_error_rate"":0.0001}","{""detection_events"":465,""detectors_checked"":1824768}"
     32768,         0,         0,    2.81,decoder_by_matrix,beec9fd12293a9cfe53c9b61fb8ce2a525e4eed38fa75d132d6dc64699336876,"{""distance"":3,""physical_error_rate"":0.0001}","{""detection_events"":573,""detectors_checked"":1769472}"
     29696,         0,         0,    3.06,decoder_by_matrix,5c8c81bfec719079c388cedc47a351f264c1bf769ae28a89f9b4fc7719fea501,"{""distance"":3,""physical_error_rate"":0.0005}","{""detection_events"":2043,""detectors_checked"":1603584}"
     39936,         0,         0,    3.07,decoder_by_matrix,36e3cd26fed5ec7649ec51fb08c1a5e7d7f30e615782d954fee045c18a4962ca,"{""distance"":3,""physical_error_rate"":5e-05}","{""detection_events"":348,""detectors_checked"":2156544}"
     29696,         0,         0,    2.82,decoder_by_matrix,5c8c81bfec719079c388cedc47a351f264c1bf769ae28a89f9b4fc7719fea501,"{""distance"":3,""physical_error_rate"":0.0005}","{""detection_events"":1959,""detectors_checked"":1603584}"
     45056,         0,         0,    3.23,decoder_by_matrix,36e3cd26fed5ec7649ec51fb08c1a5e7d7f30e615782d954fee045c18a4962ca,"{""distance"":3,""physical_error_rate"":5e-05}","{""detection_events"":282,""detectors_checked"":2433024}"
     46080,         0,         0,    4.40,decoder_by_matrix,beec9fd12293a9cfe53c9b61fb8ce2a525e4eed38fa75d132d6dc64699336876,"{""distance"":3,""physical_error_rate"":0.0001}","{""detection_events"":636,""detectors_checked"":2488320}"
     56320,         0,         0,    4.09,decoder_by_matrix,36e3cd26fed5ec7649ec51fb08c1a5e7d7f30e615782d954fee045c18a4962ca,"{""distance"":3,""physical_error_rate"":5e-05}","{""detection_events"":369,""detectors_checked"":3041280}"
     56320,         0,         0,    4.40,decoder_by_matrix,36e3cd26fed5ec7649ec51fb08c1a5e7d7f30e615782d954fee045c18a4962ca,"{""distance"":3,""physical_error_rate"":5e-05}","{""detection_events"":345,""detectors_checked"":3041280}"
     43008,         1,         0,    4.48,decoder_by_matrix,5c8c81bfec719079c388cedc47a351f264c1bf769ae28a89f9b4fc7719fea501,"{""distance"":3,""physical_error_rate"":0.0005}","{""detection_events"":3348,""detectors_checked"":2322432,""obs_mistake_mask=E"":1}"
     49152,         0,         0,    4.40,decoder_by_matrix,beec9fd12293a9cfe53c9b61fb8ce2a525e4eed38fa75d132d6dc64699336876,"{""distance"":3,""physical_error_rate"":0.0001}","{""detection_events"":621,""detectors_checked"":2654208}"
     50176,         0,         0,    4.35,decoder_by_matrix,36e3cd26fed5ec7649ec51fb08c1a5e7d7f30e615782d954fee045c18a4962ca,"{""distance"":3,""physical_error_rate"":5e-05}","{""detection_events"":435,""detectors_checked"":2709504}"
     49152,         0,         0,    4.35,decoder_by_matrix,beec9fd12293a9cfe53c9b61fb8ce2a525e4eed38fa75d132d6dc64699336876,"{""distance"":3,""physical_error_rate"":0.0001}","{""detection_events"":594,""detectors_checked"":2654208}"
     41984,         1,         0,    4.33,decoder_by_matrix,5c8c81bfec719079c388cedc47a351f264c1bf769ae28a89f9b4fc7719fea501,"{""distance"":3,""physical_error_rate"":0.0005}","{""detection_events"":3141,""detectors_checked"":2267136,""obs_mistake_mask=E"":1}"
     41984,         1,         0,    4.35,decoder_by_matrix,5c8c81bfec719079c388cedc47a351f264c1bf769ae28a89f9b4fc7719fea501,"{""distance"":3,""physical_error_rate"":0.0005}","{""detection_events"":2994,""detectors_checked"":2267136,""obs_mistake_mask=E"":1}"
     43008,         0,         0,    4.35,decoder_by_matrix,5c8c81bfec719079c388cedc47a351f264c1bf769ae28a89f9b4fc7719fea501,"{""distance"":3,""physical_error_rate"":0.0005}","{""detection_events"":2550,""detectors_checked"":2322432}"
     45056,         0,         0,    4.08,decoder_by_matrix,beec9fd12293a9cfe53c9b61fb8ce2a525e4eed38fa75d132d6dc64699336876,"{""distance"":3,""physical_error_rate"":0.0001}","{""detection_events"":522,""detectors_checked"":2433024}"
     41984,         0,         0,    4.34,decoder_by_matrix,5c8c81bfec719079c388cedc47a351f264c1bf769ae28a89f9b4fc7719fea501,"{""distance"":3,""physical_error_rate"":0.0005}","{""detection_events"":3093,""detectors_checked"":2267136}"
     49152,         0,         0,    4.39,decoder_by_matrix,beec9fd12293a9cfe53c9b61fb8ce2a525e4eed38fa75d132d6dc64699336876,"{""distance"":3,""physical_error_rate"":0.0001}","{""detection_events"":738,""detectors_checked"":2654208}"
     56320,         0,         0,    4.11,decoder_by_matrix,36e3cd26fed5ec7649ec51fb08c1a5e7d7f30e615782d954fee045c18a4962ca,"{""distance"":3,""physical_error_rate"":5e-05}","{""detection_events"":450,""detectors_checked"":3041280}"
     41984,         0,         0,    4.10,decoder_by_matrix,5c8c81bfec719079c388cedc47a351f264c1bf769ae28a89f9b4fc7719fea501,"{""distance"":3,""physical_error_rate"":0.0005}","{""detection_events"":3042,""detectors_checked"":2267136}"
     51200,         0,         0,    4.35,decoder_by_matrix,36e3cd26fed5ec7649ec51fb08c1a5e7d7f30e615782d954fee045c18a4962ca,"{""distance"":3,""physical_error_rate"":5e-05}","{""detection_events"":486,""detectors_checked"":2764800}"
     79872,         0,         0,    5.77,decoder_by_matrix,36e3cd26fed5ec7649ec51fb08c1a5e7d7f30e615782d954fee045c18a4962ca,"{""distance"":3,""physical_error_rate"":5e-05}","{""detection_events"":519,""detectors_checked"":4313088}"
     62464,         0,         0,    6.19,decoder_by_matrix,beec9fd12293a9cfe53c9b61fb8ce2a525e4eed38fa75d132d6dc64699336876,"{""distance"":3,""physical_error_rate"":0.0001}","{""detection_events"":1032,""detectors_checked"":3373056}"
     76800,         0,         0,    6.19,decoder_by_matrix,36e3cd26fed5ec7649ec51fb08c1a5e7d7f30e615782d954fee045c18a4962ca,"{""distance"":3,""physical_error_rate"":5e-05}","{""detection_events"":615,""detectors_checked"":4147200}"
     59392,         0,         0,    5.96,decoder_by_matrix,5c8c81bfec719079c388cedc47a351f264c1bf769ae28a89f9b4fc7719fea501,"{""distance"":3,""physical_error_rate"":0.0005}","{""detection_events"":4389,""detectors_checked"":3207168}"
     65536,         0,         0,    5.35,decoder_by_matrix,beec9fd12293a9cfe53c9b61fb8ce2a525e4eed38fa75d132d6dc64699336876,"{""distance"":3,""physical_error_rate"":0.0001}","{""detection_events"":1080,""detectors_checked"":3538944}"
     61440,         0,         0,    5.51,decoder_by_matrix,beec9fd12293a9cfe53c9b61fb8ce2a525e4eed38fa75d132d6dc64699336876,"{""distance"":3,""physical_error_rate"":0.0001}","{""detection_events"":1065,""detectors_checked"":3317760}"
     58368,         2,         0,    6.05,decoder_by_matrix,5c8c81bfec719079c388cedc47a351f264c1bf769ae28a89f9b4fc7719fea501,"{""distance"":3,""physical_error_rate"":0.0005}","{""detection_events"":4308,""detectors_checked"":3151872,""obs_mistake_mask=E"":2}"
     83968,         0,         0,    5.90,decoder_by_matrix,36e3cd26fed5ec7649ec51fb08c1a5e7d7f30e615782d954fee045c18a4962ca,"{""distance"":3,""physical_error_rate"":5e-05}","{""detection_events"":588,""detectors_checked"":4534272}"
     58368,         0,         0,    6.06,decoder_by_matrix,5c8c81bfec719079c388cedc47a351f264c1bf769ae28a89f9b4fc7719fea501,"{""distance"":3,""physical_error_rate"":0.0005}","{""detection_events"":4284,""detectors_checked"":3151872}"
     59392,         1,         0,    6.16,decoder_by_matrix,5c8c81bfec719079c388cedc47a351f264c1bf769ae28a89f9b4fc7719fea501,"{""distance"":3,""physical_error_rate"":0.0005}","{""detection_events"":4524,""detectors_checked"":3207168,""obs_mistake_mask=E"":1}"
     64512,         0,         0,    5.07,decoder_by_matrix,beec9fd12293a9cfe53c9b61fb8ce2a525e4eed38fa75d132d6dc64699336876,"{""distance"":3,""physical_error_rate"":0.0001}","{""detection_events"":1071,""detectors_checked"":3483648}"
     59392,         2,         0,    6.13,decoder_by_matrix,5c8c81bfec719079c388cedc47a351f264c1bf769ae28a89f9b4fc7719fea501,"{""distance"":3,""physical_error_rate"":0.0005}","{""detection_events"":4173,""detectors_checked"":3207168,""obs_mistake_mask=E"":2}"
     71680,         0,         0,    6.02,decoder_by_matrix,36e3cd26fed5ec7649ec51fb08c1a5e7d7f30e615782d954fee045c18a4962ca,"{""distance"":3,""physical_error_rate"":5e-05}","{""detection_events"":513,""detectors_checked"":3870720}"
     64512,         0,         0,    6.16,decoder_by_matrix,beec9fd12293a9cfe53c9b61fb8ce2a525e4eed38fa75d132d6dc64699336876,"{""distance"":3,""physical_error_rate"":0.0001}","{""detection_events"":1041,""detectors_checked"":3483648}"
     59392,         1,         0,    6.15,decoder_by_matrix,5c8c81bfec719079c388cedc47a351f264c1bf769ae28a89f9b4fc7719fea501,"{""distance"":3,""physical_error_rate"":0.0005}","{""detection_events"":4146,""detectors_checked"":3207168,""obs_mistake_mask=E"":1}"
     79872,         0,         0,    6.15,decoder_by_matrix,36e3cd26fed5ec7649ec51fb08c1a5e7d7f30e615782d954fee045c18a4962ca,"{""distance"":3,""physical_error_rate"":5e-05}","{""detection_events"":594,""detectors_checked"":4313088}"
    115712,         0,         0,    8.47,decoder_by_matrix,36e3cd26fed5ec7649ec51fb08c1a5e7d7f30e615782d954fee045c18a4962ca,"{""distance"":3,""physical_error_rate"":5e-05}","{""detection_events"":738,""detectors_checked"":6248448}"
    110592,         0,         0,    8.47,decoder_by_matrix,36e3cd26fed5ec7649ec51fb08c1a5e7d7f30e615782d954fee045c18a4962ca,"{""distance"":3,""physical_error_rate"":5e-05}","{""detection_events"":726,""detectors_checked"":5971968}"
     91136,         0,         0,    8.54,decoder_by_matrix,beec9fd12293a9cfe53c9b61fb8ce2a525e4eed38fa75d132d6dc64699336876,"{""distance"":3,""physical_error_rate"":0.0001}","{""detection_events"":1560,""detectors_checked"":4921344}"
     93184,         0,         0,    8.38,decoder_by_matrix,beec9fd12293a9cfe53c9b61fb8ce2a525e4eed38fa75d132d6dc64699336876,"{""distance"":3,""physical_error_rate"":0.0001}","{""detection_events"":1413,""detectors_checked"":5031936}"
     92160,         0,         0,    8.19,decoder_by_matrix,beec9fd12293a9cfe53c9b61fb8ce2a525e4eed38fa75d132d6dc64699336876,"{""distance"":3,""physical_error_rate"":0.0001}","{""detection_events"":1254,""detectors_checked"":4976640}"
     81920,         0,         0,    8.23,decoder_by_matrix,5c8c81bfec719079c388cedc47a351f264c1bf769ae28a89f9b4fc7719fea501,"{""distance"":3,""physical_error_rate"":0.0005}","{""detection_events"":5874,""detectors_checked"":4423680}"
     81920,         1,         0,    8.40,decoder_by_matrix,5c8c81bfec719079c388cedc47a351f264c1bf769ae28a89f9b4fc7719fea501,"{""distance"":3,""physical_error_rate"":0.0005}","{""detection_events"":6426,""detectors_checked"":4423680,""obs_mistake_mask=E"":1}"
     81920,         0,         0,    8.21,decoder_by_matrix,5c8c81bfec719079c388cedc47a351f264c1bf769ae28a89f9b4fc7719fea501,"{""distance"":3,""physical_error_rate"":0.0005}","{""detection_events"":6366,""detectors_checked"":4423680}"
     82944,         1,         0,    8.46,decoder_by_matrix,5c8c81bfec719079c388cedc47a351f264c1bf769ae28a89f9b4fc7719fea501,"{""distance"":3,""physical_error_rate"":0.0005}","{""detection_events"":6006,""detectors_checked"":4478976,""obs_mistake_mask=E"":1}"
    112640,         0,         0,    8.55,decoder_by_matrix,36e3cd26fed5ec7649ec51fb08c1a5e7d7f30e615782d954fee045c18a4962ca,"{""distance"":3,""physical_error_rate"":5e-05}","{""detection_events"":810,""detectors_checked"":6082560}"
     91136,         0,         0,    7.93,decoder_by_matrix,beec9fd12293a9cfe53c9b61fb8ce2a525e4eed38fa75d132d6dc64699336876,"{""distance"":3,""physical_error_rate"":0.0001}","{""detection_events"":1554,""detectors_checked"":4921344}"
     79872,         1,         0,    8.37,decoder_by_matrix,5c8c81bfec719079c388cedc47a351f264c1bf769ae28a89f9b4fc7719fea501,"{""distance"":3,""physical_error_rate"":0.0005}","{""detection_events"":6018,""detectors_checked"":4313088,""obs_mistake_mask=E"":1}"
    108544,         0,         0,    8.15,decoder_by_matrix,36e3cd26fed5ec7649ec51fb08c1a5e7d7f30e615782d954fee045c18a4962ca,"{""distance"":3,""physical_error_rate"":5e-05}","{""detection_events"":957,""detectors_checked"":5861376}"
     92160,         1,         0,    8.24,decoder_by_matrix,beec9fd12293a9cfe53c9b61fb8ce2a525e4eed38fa75d132d6dc64699336876,"{""distance"":3,""physical_error_rate"":0.0001}","{""detection_events"":1284,""detectors_checked"":4976640,""obs_mistake_mask=E"":1}"
     80896,         2,         0,    8.19,decoder_by_matrix,5c8c81bfec719079c388cedc47a351f264c1bf769ae28a89f9b4fc7719fea501,"{""distance"":3,""physical_error_rate"":0.0005}","{""detection_events"":5538,""detectors_checked"":4368384,""obs_mistake_mask=E"":2}"
    107520,         0,         0,    8.15,decoder_by_matrix,36e3cd26fed5ec7649ec51fb08c1a5e7d7f30e615782d954fee045c18a4962ca,"{""distance"":3,""physical_error_rate"":5e-05}","{""detection_events"":744,""detectors_checked"":5806080}"
   1296384,         1,         0,   116.9,decoder_by_matrix,beec9fd12293a9cfe53c9b61fb8ce2a525e4eed38fa75d132d6dc64699336876,"{""distance"":3,""physical_error_rate"":0.0001}","{""detection_events"":19134,""detectors_checked"":70004736,""obs_mistake_mask=E"":1}"
    148480,         0,         0,    11.6,decoder_by_matrix,36e3cd26fed5ec7649ec51fb08c1a5e7d7f30e615782d954fee045c18a4962ca,"{""distance"":3,""physical_error_rate"":5e-05}","{""detection_events"":1236,""detectors_checked"":8017920}"
   1159168,        20,         0,   117.6,decoder_by_matrix,5c8c81bfec719079c388cedc47a351f264c1bf769ae28a89f9b4fc7719fea501,"{""distance"":3,""physical_error_rate"":0.0005}","{""detection_events"":85221,""detectors_checked"":62595072,""obs_mistake_mask=E"":20}"
    152576,         0,         0,    11.1,decoder_by_matrix,36e3cd26fed5ec7649ec51fb08c1a5e7d7f30e615782d954fee045c18a4962ca,"{""distance"":3,""physical_error_rate"":5e-05}","{""detection_events"":1077,""detectors_checked"":8239104}"
    132096,         0,         0,    11.6,decoder_by_matrix,beec9fd12293a9cfe53c9b61fb8ce2a525e4eed38fa75d132d6dc64699336876,"{""distance"":3,""physical_error_rate"":0.0001}","{""detection_events"":1899,""detectors_checked"":7133184}"
    126976,         0,         0,    11.2,decoder_by_matrix,beec9fd12293a9cfe53c9b61fb8ce2a525e4eed38fa75d132d6dc64699336876,"{""distance"":3,""physical_error_rate"":0.0001}","{""detection_events"":1917,""detectors_checked"":6856704}"
    113664,         1,         0,    11.3,decoder_by_matrix,5c8c81bfec719079c388cedc47a351f264c1bf769ae28a89f9b4fc7719fea501,"{""distance"":3,""physical_error_rate"":0.0005}","{""detection_events"":8838,""detectors_checked"":6137856,""obs_mistake_mask=E"":1}"
    129024,         0,         0,    11.6,decoder_by_matrix,beec9fd12293a9cfe53c9b61fb8ce2a525e4eed38fa75d132d6dc64699336876,"{""distance"":3,""physical_error_rate"":0.0001}","{""detection_events"":1857,""detectors_checked"":6967296}"
    115712,         1,         0,    11.8,decoder_by_matrix,5c8c81bfec719079c388cedc47a351f264c1bf769ae28a89f9b4fc7719fea501,"{""distance"":3,""physical_error_rate"":0.0005}","{""detection_events"":8250,""detectors_checked"":6248448,""obs_mistake_mask=E"":1}"
   1311744,         3,         0,   116.4,decoder_by_matrix,beec9fd12293a9cfe53c9b61fb8ce2a525e4eed38fa75d132d6dc64699336876,"{""distance"":3,""physical_error_rate"":0.0001}","{""detection_events"":19098,""detectors_checked"":70834176,""obs_mistake_mask=E"":3}"
    113664,         1,         0,    11.0,decoder_by_matrix,5c8c81bfec719079c388cedc47a351f264c1bf769ae28a89f9b4fc7719fea501,"{""distance"":3,""physical_error_rate"":0.0005}","{""detection_events"":8706,""detectors_checked"":6137856,""obs_mistake_mask=E"":1}"
    113664,         2,         0,    11.3,decoder_by_matrix,5c8c81bfec719079c388cedc47a351f264c1bf769ae28a89f9b4fc7719fea501,"{""distance"":3,""physical_error_rate"":0.0005}","{""detection_events"":8901,""detectors_checked"":6137856,""obs_mistake_mask=E"":2}"
   1572864,         1,         0,   118.0,decoder_by_matrix,36e3cd26fed5ec7649ec51fb08c1a5e7d7f30e615782d954fee045c18a4962ca,"{""distance"":3,""physical_error_rate"":5e-05}","{""detection_events"":10911,""detectors_checked"":84934656,""obs_mistake_mask=E"":1}"
    128000,         0,         0,    11.5,decoder_by_matrix,beec9fd12293a9cfe53c9b61fb8ce2a525e4eed38fa75d132d6dc64699336876,"{""distance"":3,""physical_error_rate"":0.0001}","{""detection_events"":1821,""detectors_checked"":6912000}"
    155648,         0,         0,    11.5,decoder_by_matrix,36e3cd26fed5ec7649ec51fb08c1a5e7d7f30e615782d954fee045c18a4962ca,"{""distance"":3,""physical_error_rate"":5e-05}","{""detection_events"":1065,""detectors_checked"":8404992}"
    156672,         0,         0,    11.5,decoder_by_matrix,36e3cd26fed5ec7649ec51fb08c1a5e7d7f30e615782d954fee045c18a4962ca,"{""distance"":3,""physical_error_rate"":5e-05}","{""detection_events"":1113,""detectors_checked"":8460288}"
   1164288,        25,         0,   118.2,decoder_by_matrix,5c8c81bfec719079c388cedc47a351f264c1bf769ae28a89f9b4fc7719fea501,"{""distance"":3,""physical_error_rate"":0.0005}","{""detection_events"":85446,""detectors_checked"":62871552,""obs_mistake_mask=E"":25}"
    114688,         5,         0,    11.5,decoder_by_matrix,5c8c81bfec719079c388cedc47a351f264c1bf769ae28a89f9b4fc7719fea501,"{""distance"":3,""physical_error_rate"":0.0005}","{""detection_events"":8076,""detectors_checked"":6193152,""obs_mistake_mask=E"":5}"
   1528832,         1,         0,   116.1,decoder_by_matrix,36e3cd26fed5ec7649ec51fb08c1a5e7d7f30e615782d954fee045c18a4962ca,"{""distance"":3,""physical_error_rate"":5e-05}","{""detection_events"":11565,""detectors_checked"":82556928,""obs_mistake_mask=E"":1}"
    113664,         7,         0,    11.8,decoder_by_matrix,5c8c81bfec719079c388cedc47a351f264c1bf769ae28a89f9b4fc7719fea501,"{""distance"":3,""physical_error_rate"":0.0005}","{""detection_events"":7998,""detectors_checked"":6137856,""obs_mistake_mask=E"":7}"
    126976,         0,         0,    11.8,decoder_by_matrix,beec9fd12293a9cfe53c9b61fb8ce2a525e4eed38fa75d132d6dc64699336876,"{""distance"":3,""physical_error_rate"":0.0001}","{""detection_events"":1896,""detectors_checked"":6856704}"
    159744,         0,         0,    11.6,decoder_by_matrix,36e3cd26fed5ec7649ec51fb08c1a5e7d7f30e615782d954fee045c18a4962ca,"{""distance"":3,""physical_error_rate"":5e-05}","{""detection_events"":1083,""detectors_checked"":8626176}"
    679936,         1,         0,    62.4,decoder_by_matrix,beec9fd12293a9cfe53c9b61fb8ce2a525e4eed38fa75d132d6dc64699336876,"{""distance"":3,""physical_error_rate"":0.0001}","{""detection_events"":9903,""detectors_checked"":36716544,""obs_mistake_mask=E"":1}"
    609280,         6,         0,    61.3,decoder_by_matrix,5c8c81bfec719079c388cedc47a351f264c1bf769ae28a89f9b4fc7719fea501,"{""distance"":3,""physical_error_rate"":0.0005}","{""detection_events"":43956,""detectors_checked"":32901120,""obs_mistake_mask=E"":6}"
    684032,         0,         0,    61.9,decoder_by_matrix,beec9fd12293a9cfe53c9b61fb8ce2a525e4eed38fa75d132d6dc64699336876,"{""distance"":3,""physical_error_rate"":0.0001}","{""detection_events"":9948,""detectors_checked"":36937728}"
    816128,         0,         0,    60.3,decoder_by_matrix,36e3cd26fed5ec7649ec51fb08c1a5e7d7f30e615782d954fee045c18a4962ca,"{""distance"":3,""physical_error_rate"":5e-05}","{""detection_events"":5952,""detectors_checked"":44070912}"
    608256,         9,         0,    60.8,decoder_by_matrix,5c8c81bfec719079c388cedc47a351f264c1bf769ae28a89f9b4fc7719fea501,"{""distance"":3,""physical_error_rate"":0.0005}","{""detection_events"":44748,""detectors_checked"":32845824,""obs_mistake_mask=E"":9}"
    681984,         0,         0,    61.0,decoder_by_matrix,beec9fd12293a9cfe53c9b61fb8ce2a525e4eed38fa75d132d6dc64699336876,"{""distance"":3,""physical_error_rate"":0.0001}","{""detection_events"":10107,""detectors_checked"":36827136}"
    842752,         1,         0,    60.7,decoder_by_matrix,36e3cd26fed5ec7649ec51fb08c1a5e7d7f30e615782d954fee045c18a4962ca,"{""distance"":3,""physical_error_rate"":5e-05}","{""detection_events"":5760,""detectors_checked"":45508608,""obs_mistake_mask=E"":1}"
    809984,         0,         0,    61.2,decoder_by_matrix,36e3cd26fed5ec7649ec51fb08c1a5e7d7f30e615782d954fee045c18a4962ca,"{""distance"":3,""physical_error_rate"":5e-05}","{""detection_events"":5979,""detectors_checked"":43739136}"
    607232,        11,         0,    61.1,decoder_by_matrix,5c8c81bfec719079c388cedc47a351f264c1bf769ae28a89f9b4fc7719fea501,"{""distance"":3,""physical_error_rate"":0.0005}","{""detection_events"":45204,""detectors_checked"":32790528,""obs_mistake_mask=E"":11}"
   1515520,         0,         0,   116.7,decoder_by_matrix,36e3cd26fed5ec7649ec51fb08c1a5e7d7f30e615782d954fee045c18a4962ca,"{""distance"":3,""physical_error_rate"":5e-05}","{""detection_events"":11211,""detectors_checked"":81838080}"
   1298432,         1,         0,   116.5,decoder_by_matrix,beec9fd12293a9cfe53c9b61fb8ce2a525e4eed38fa75d132d6dc64699336876,"{""distance"":3,""physical_error_rate"":0.0001}","{""detection_events"":18876,""detectors_checked"":70115328,""obs_mistake_mask=E"":1}"
   1162240,        20,         0,   118.3,decoder_by_matrix,5c8c81bfec719079c388cedc47a351f264c1bf769ae28a89f9b4fc7719fea501,"{""distance"":3,""physical_error_rate"":0.0005}","{""detection_events"":86034,""detectors_checked"":62760960,""obs_mistake_mask=E"":20}"
   1561600,         0,         0,   116.1,decoder_by_matrix,36e3cd26fed5ec7649ec51fb08c1a5e7d7f30e615782d954fee045c18a4962ca,"{""distance"":3,""physical_error_rate"":5e-05}","{""detection_events"":11412,""detectors_checked"":84326400}"
   1588224,         0,         0,   114.7,decoder_by_matrix,36e3cd26fed5ec7649ec51fb08c1a5e7d7f30e615782d954fee045c18a4962ca,"{""distance"":3,""physical_error_rate"":5e-05}","{""detection_events"":11511,""detectors_checked"":85764096}"
   1172480,        23,         0,   117.6,decoder_by_matrix,5c8c81bfec719079c388cedc47a351f264c1bf769ae28a89f9b4fc7719fea501,"{""distance"":3,""physical_error_rate"":0.0005}","{""detection_events"":85815,""detectors_checked"":63313920,""obs_mistake_mask=E"":23}"
   1311744,         2,         0,   117.0,decoder_by_matrix,beec9fd12293a9cfe53c9b61fb8ce2a525e4eed38fa75d132d6dc64699336876,"{""distance"":3,""physical_error_rate"":0.0001}","{""detection_events"":19281,""detectors_checked"":70834176,""obs_mistake_mask=E"":2}"
   1539072,         0,         0,   117.1,decoder_by_matrix,36e3cd26fed5ec7649ec51fb08c1a5e7d7f30e615782d954fee045c18a4962ca,"{""distance"":3,""physical_error_rate"":5e-05}","{""detection_events"":11208,""detectors_checked"":83109888}"
   1167360,        20,         0,   116.9,decoder_by_matrix,5c8c81bfec719079c388cedc47a351f264c1bf769ae28a89f9b4fc7719fea501,"{""distance"":3,""physical_error_rate"":0.0005}","{""detection_events"":84408,""detectors_checked"":63037440,""obs_mistake_mask=E"":20}"
   1164288,        23,         0,   116.4,decoder_by_matrix,5c8c81bfec719079c388cedc47a351f264c1bf769ae28a89f9b4fc7719fea501,"{""distance"":3,""physical_error_rate"":0.0005}","{""detection_events"":84558,""detectors_checked"":62871552,""obs_mistake_mask=E"":23}"
   1554432,         0,         0,   117.6,decoder_by_matrix,36e3cd26fed5ec7649ec51fb08c1a5e7d7f30e615782d954fee045c18a4962ca,"{""distance"":3,""physical_error_rate"":5e-05}","{""detection_events"":11139,""detectors_checked"":83939328}"
   1165312,        15,         0,   117.9,decoder_by_matrix,5c8c81bfec719079c388cedc47a351f264c1bf769ae28a89f9b4fc7719fea501,"{""distance"":3,""physical_error_rate"":0.0005}","{""detection_events"":84432,""detectors_checked"":62926848,""obs_mistake_mask=E"":15}"
   1285120,         0,         0,   117.6,decoder_by_matrix,beec9fd12293a9cfe53c9b61fb8ce2a525e4eed38fa75d132d6dc64699336876,"{""distance"":3,""physical_error_rate"":0.0001}","{""detection_events"":18966,""detectors_checked"":69396480}"
   1164288,        23,         0,   117.3,decoder_by_matrix,5c8c81bfec719079c388cedc47a351f264c1bf769ae28a89f9b4fc7719fea501,"{""distance"":3,""physical_error_rate"":0.0005}","{""detection_events"":82077,""detectors_checked"":62871552,""obs_mistake_mask=E"":23}"
   1300480,         1,         0,   115.9,decoder_by_matrix,beec9fd12293a9cfe53c9b61fb8ce2a525e4eed38fa75d132d6dc64699336876,"{""distance"":3,""physical_error_rate"":0.0001}","{""detection_events"":19098,""detectors_checked"":70225920,""obs_mistake_mask=E"":1}"
   1547264,         0,         0,   116.6,decoder_by_matrix,36e3cd26fed5ec7649ec51fb08c1a5e7d7f30e615782d954fee045c18a4962ca,"{""distance"":3,""physical_error_rate"":5e-05}","{""detection_events"":11016,""detectors_checked"":83552256}"
    226304,         0,         0,    15.8,decoder_by_matrix,36e3cd26fed5ec7649ec51fb08c1a5e7d7f30e615782d954fee045c18a4962ca,"{""distance"":3,""physical_error_rate"":5e-05}","{""detection_events"":1356,""detectors_checked"":12220416}"
   1168384,        26,         0,   117.0,decoder_by_matrix,5c8c81bfec719079c388cedc47a351f264c1bf769ae28a89f9b4fc7719fea501,"{""distance"":3,""physical_error_rate"":0.0005}","{""detection_events"":87099,""detectors_checked"":63092736,""obs_mistake_mask=E"":26}"
    179200,         0,         0,    16.1,decoder_by_matrix,beec9fd12293a9cfe53c9b61fb8ce2a525e4eed38fa75d132d6dc64699336876,"{""distance"":3,""physical_error_rate"":0.0001}","{""detection_events"":2367,""detectors_checked"":9676800}"
    173056,         0,         0,    16.5,decoder_by_matrix,beec9fd12293a9cfe53c9b61fb8ce2a525e4eed38fa75d132d6dc64699336876,"{""distance"":3,""physical_error_rate"":0.0001}","{""detection_events"":2439,""detectors_checked"":9345024}"
    211968,         0,         0,    16.6,decoder_by_matrix,36e3cd26fed5ec7649ec51fb08c1a5e7d7f30e615782d954fee045c18a4962ca,"{""distance"":3,""physical_error_rate"":5e-05}","{""detection_events"":1557,""detectors_checked"":11446272}"
   1310720,         0,         0,   116.6,decoder_by_matrix,beec9fd12293a9cfe53c9b61fb8ce2a525e4eed38fa75d132d6dc64699336876,"{""distance"":3,""physical_error_rate"":0.0001}","{""detection_events"":19392,""detectors_checked"":70778880}"
   1293312,         1,         0,   117.5,decoder_by_matrix,beec9fd12293a9cfe53c9b61fb8ce2a525e4eed38fa75d132d6dc64699336876,"{""distance"":3,""physical_error_rate"":0.0001}","{""detection_events"":19290,""detectors_checked"":69838848,""obs_mistake_mask=E"":1}"
    160768,         3,         0,    15.6,decoder_by_matrix,5c8c81bfec719079c388cedc47a351f264c1bf769ae28a89f9b4fc7719fea501,"{""distance"":3,""physical_error_rate"":0.0005}","{""detection_events"":11856,""detectors_checked"":8681472,""obs_mistake_mask=E"":3}"
   1169408,        16,         0,   118.9,decoder_by_matrix,5c8c81bfec719079c388cedc47a351f264c1bf769ae28a89f9b4fc7719fea501,"{""distance"":3,""physical_error_rate"":0.0005}","{""detection_events"":84900,""detectors_checked"":63148032,""obs_mistake_mask=E"":16}"
    178176,         0,         0,    16.6,decoder_by_matrix,beec9fd12293a9cfe53c9b61fb8ce2a525e4eed38fa75d132d6dc64699336876,"{""distance"":3,""physical_error_rate"":0.0001}","{""detection_events"":2766,""detectors_checked"":9621504}"
    209920,         0,         0,    15.9,decoder_by_matrix,36e3cd26fed5ec7649ec51fb08c1a5e7d7f30e615782d954fee045c18a4962ca,"{""distance"":3,""physical_error_rate"":5e-05}","{""detection_events"":1485,""detectors_checked"":11335680}"
    159744,         5,         0,    15.7,decoder_by_matrix,5c8c81bfec719079c388cedc47a351f264c1bf769ae28a89f9b4fc7719fea501,"{""distance"":3,""physical_error_rate"":0.0005}","{""detection_events"":11367,""detectors_checked"":8626176,""obs_mistake_mask=E"":5}"
    160768,         4,         0,    16.0,decoder_by_matrix,5c8c81bfec719079c388cedc47a351f264c1bf769ae28a89f9b4fc7719fea501,"{""distance"":3,""physical_error_rate"":0.0005}","{""detection_events"":11754,""detectors_checked"":8681472,""obs_mistake_mask=E"":4}"
   1308672,         2,         0,   116.9,decoder_by_matrix,beec9fd12293a9cfe53c9b61fb8ce2a525e4eed38fa75d132d6dc64699336876,"{""distance"":3,""physical_error_rate"":0.0001}","{""detection_events"":19140,""detectors_checked"":70668288,""obs_mistake_mask=E"":2}"
    178176,         0,         0,    15.7,decoder_by_matrix,beec9fd12293a9cfe53c9b61fb8ce2a525e4eed38fa75d132d6dc64699336876,"{""distance"":3,""physical_error_rate"":0.0001}","{""detection_events"":2676,""detectors_checked"":9621504}"
    161792,         1,         0,    16.1,decoder_by_matrix,5c8c81bfec719079c388cedc47a351f264c1bf769ae28a89f9b4fc7719fea501,"{""distance"":3,""physical_error_rate"":0.0005}","{""detection_events"":12012,""detectors_checked"":8736768,""obs_mistake_mask=E"":1}"
   1310720,         3,         0,   117.2,decoder_by_matrix,beec9fd12293a9cfe53c9b61fb8ce2a525e4eed38fa75d132d6dc64699336876,"{""distance"":3,""physical_error_rate"":0.0001}","{""detection_events"":18663,""detectors_checked"":70778880,""obs_mistake_mask=E"":3}"
    204800,         0,         0,    16.0,decoder_by_matrix,36e3cd26fed5ec7649ec51fb08c1a5e7d7f30e615782d954fee045c18a4962ca,"{""distance"":3,""physical_error_rate"":5e-05}","{""detection_events"":1737,""detectors_checked"":11059200}"
    159744,         2,         0,    15.8,decoder_by_matrix,5c8c81bfec719079c388cedc47a351f264c1bf769ae28a89f9b4fc7719fea501,"{""distance"":3,""physical_error_rate"":0.0005}","{""detection_events"":11130,""detectors_checked"":8626176,""obs_mistake_mask=E"":2}"
    159744,         1,         0,    16.5,decoder_by_matrix,5c8c81bfec719079c388cedc47a351f264c1bf769ae28a89f9b4fc7719fea501,"{""distance"":3,""physical_error_rate"":0.0005}","{""detection_events"":11580,""detectors_checked"":8626176,""obs_mistake_mask=E"":1}"
   1557504,         0,         0,   117.4,decoder_by_matrix,36e3cd26fed5ec7649ec51fb08c1a5e7d7f30e615782d954fee045c18a4962ca,"{""distance"":3,""physical_error_rate"":5e-05}","{""detection_events"":10998,""detectors_checked"":84105216}"
    180224,         0,         0,    16.0,decoder_by_matrix,beec9fd12293a9cfe53c9b61fb8ce2a525e4eed38fa75d132d6dc64699336876,"{""distance"":3,""physical_error_rate"":0.0001}","{""detection_events"":2637,""detectors_checked"":9732096}"
    216064,         0,         0,    16.4,decoder_by_matrix,36e3cd26fed5ec7649ec51fb08c1a5e7d7f30e615782d954fee045c18a4962ca,"{""distance"":3,""physical_error_rate"":5e-05}","{""detection_events"":1632,""detectors_checked"":11667456}"
   1533952,         0,         0,   116.9,decoder_by_matrix,36e3cd26fed5ec7649ec51fb08c1a5e7d7f30e615782d954fee045c18a4962ca,"{""distance"":3,""physical_error_rate"":5e-05}","{""detection_events"":11208,""detectors_checked"":82833408}"
    286720,         0,         0,    23.1,decoder_by_matrix,36e3cd26fed5ec7649ec51fb08c1a5e7d7f30e615782d954fee045c18a4962ca,"{""distance"":3,""physical_error_rate"":5e-05}","{""detection_events"":2217,""detectors_checked"":15482880}"
    248832,         0,         0,    22.5,decoder_by_matrix,beec9fd12293a9cfe53c9b61fb8ce2a525e4eed38fa75d132d6dc64699336876,"{""distance"":3,""physical_error_rate"":0.0001}","{""detection_events"":3687,""detectors_checked"":13436928}"
    290816,         0,         0,    22.2,decoder_by_matrix,36e3cd26fed5ec7649ec51fb08c1a5e7d7f30e615782d954fee045c18a4962ca,"{""distance"":3,""physical_error_rate"":5e-05}","{""detection_events"":2415,""detectors_checked"":15704064}"
    244736,         0,         0,    22.7,decoder_by_matrix,beec9fd12293a9cfe53c9b61fb8ce2a525e4eed38fa75d132d6dc64699336876,"{""distance"":3,""physical_error_rate"":0.0001}","{""detection_events"":3747,""detectors_checked"":13215744}"
    223232,         2,         0,    22.5,decoder_by_matrix,5c8c81bfec719079c388cedc47a351f264c1bf769ae28a89f9b4fc7719fea501,"{""distance"":3,""physical_error_rate"":0.0005}","{""detection_events"":16107,""detectors_checked"":12054528,""obs_mistake_mask=E"":2}"
    301056,         0,         0,    22.5,decoder_by_matrix,36e3cd26fed5ec7649ec51fb08c1a5e7d7f30e615782d954fee045c18a4962ca,"{""distance"":3,""physical_error_rate"":5e-05}","{""detection_events"":2067,""detectors_checked"":16257024}"
    247808,         0,         0,    22.3,decoder_by_matrix,beec9fd12293a9cfe53c9b61fb8ce2a525e4eed38fa75d132d6dc64699336876,"{""distance"":3,""physical_error_rate"":0.0001}","{""detection_events"":3717,""detectors_checked"":13381632}"
    224256,         4,         0,    22.5,decoder_by_matrix,5c8c81bfec719079c388cedc47a351f264c1bf769ae28a89f9b4fc7719fea501,"{""distance"":3,""physical_error_rate"":0.0005}","{""detection_events"":16539,""detectors_checked"":12109824,""obs_mistake_mask=E"":4}"
    246784,         1,         0,    21.5,decoder_by_matrix,beec9fd12293a9cfe53c9b61fb8ce2a525e4eed38fa75d132d6dc64699336876,"{""distance"":3,""physical_error_rate"":0.0001}","{""detection_events"":3807,""detectors_checked"":13326336,""obs_mistake_mask=E"":1}"
    224256,         3,         0,    22.8,decoder_by_matrix,5c8c81bfec719079c388cedc47a351f264c1bf769ae28a89f9b4fc7719fea501,"{""distance"":3,""physical_error_rate"":0.0005}","{""detection_events"":16161,""detectors_checked"":12109824,""obs_mistake_mask=E"":3}"
    226304,         1,         0,    22.7,decoder_by_matrix,5c8c81bfec719079c388cedc47a351f264c1bf769ae28a89f9b4fc7719fea501,"{""distance"":3,""physical_error_rate"":0.0005}","{""detection_events"":16266,""detectors_checked"":12220416,""obs_mistake_mask=E"":1}"
    305152,         0,         0,    22.8,decoder_by_matrix,36e3cd26fed5ec7649ec51fb08c1a5e7d7f30e615782d954fee045c18a4962ca,"{""distance"":3,""physical_error_rate"":5e-05}","{""detection_events"":2109,""detectors_checked"":16478208}"
    222208,         3,         0,    22.8,decoder_by_matrix,5c8c81bfec719079c388cedc47a351f264c1bf769ae28a89f9b4fc7719fea501,"{""distance"":3,""physical_error_rate"":0.0005}","{""detection_events"":15993,""detectors_checked"":11999232,""obs_mistake_mask=E"":3}"
    222208,         2,         0,    22.8,decoder_by_matrix,5c8c81bfec719079c388cedc47a351f264c1bf769ae28a89f9b4fc7719fea501,"{""distance"":3,""physical_error_rate"":0.0005}","{""detection_events"":15630,""detectors_checked"":11999232,""obs_mistake_mask=E"":2}"
    248832,         0,         0,    23.0,decoder_by_matrix,beec9fd12293a9cfe53c9b61fb8ce2a525e4eed38fa75d132d6dc64699336876,"{""distance"":3,""physical_error_rate"":0.0001}","{""detection_events"":3924,""detectors_checked"":13436928}"
    307200,         0,         0,    21.8,decoder_by_matrix,36e3cd26fed5ec7649ec51fb08c1a5e7d7f30e615782d954fee045c18a4962ca,"{""distance"":3,""physical_error_rate"":5e-05}","{""detection_events"":1929,""detectors_checked"":16588800}"
   1302528,         1,         0,   117.8,decoder_by_matrix,beec9fd12293a9cfe53c9b61fb8ce2a525e4eed38fa75d132d6dc64699336876,"{""distance"":3,""physical_error_rate"":0.0001}","{""detection_events"":19158,""detectors_checked"":70336512,""obs_mistake_mask=E"":1}"
   1297408,         1,         0,   115.7,decoder_by_matrix,beec9fd12293a9cfe53c9b61fb8ce2a525e4eed38fa75d132d6dc64699336876,"{""distance"":3,""physical_error_rate"":0.0001}","{""detection_events"":19650,""detectors_checked"":70060032,""obs_mistake_mask=E"":1}"
   1540096,         1,         0,   116.9,decoder_by_matrix,36e3cd26fed5ec7649ec51fb08c1a5e7d7f30e615782d954fee045c18a4962ca,"{""distance"":3,""physical_error_rate"":5e-05}","{""detection_events"":11010,""detectors_checked"":83165184,""obs_mistake_mask=E"":1}"
   1162240,        20,         0,   117.3,decoder_by_matrix,5c8c81bfec719079c388cedc47a351f264c1bf769ae28a89f9b4fc7719fea501,"{""distance"":3,""physical_error_rate"":0.0005}","{""detection_events"":84345,""detectors_checked"":62760960,""obs_mistake_mask=E"":20}"
   1540096,         1,         0,   116.9,decoder_by_matrix,36e3cd26fed5ec7649ec51fb08c1a5e7d7f30e615782d954fee045c18a4962ca,"{""distance"":3,""physical_error_rate"":5e-05}","{""detection_events"":11283,""detectors_checked"":83165184,""obs_mistake_mask=E"":1}"
   1299456,         0,         0,   117.8,decoder_by_matrix,beec9fd12293a9cfe53c9b61fb8ce2a525e4eed38fa75d132d6dc64699336876,"{""distance"":3,""physical_error_rate"":0.0001}","{""detection_events"":18906,""detectors_checked"":70170624}"
   1574912,         0,         0,   116.7,decoder_by_matrix,36e3cd26fed5ec7649ec51fb08c1a5e7d7f30e615782d954fee045c18a4962ca,"{""distance"":3,""physical_error_rate"":5e-05}","{""detection_events"":11292,""detectors_checked"":85045248}"
   1161216,        24,         0,   118.2,decoder_by_matrix,5c8c81bfec719079c388cedc47a351f264c1bf769ae28a89f9b4fc7719fea501,"{""distance"":3,""physical_error_rate"":0.0005}","{""detection_events"":84588,""detectors_checked"":62705664,""obs_mistake_mask=E"":24}"
   1163264,        19,         0,   117.3,decoder_by_matrix,5c8c81bfec719079c388cedc47a351f264c1bf769ae28a89f9b4fc7719fea501,"{""distance"":3,""physical_error_rate"":0.0005}","{""detection_events"":82962,""detectors_checked"":62816256,""obs_mistake_mask=E"":19}"
    414720,         0,         0,    31.9,decoder_by_matrix,36e3cd26fed5ec7649ec51fb08c1a5e7d7f30e615782d954fee045c18a4962ca,"{""distance"":3,""physical_error_rate"":5e-05}","{""detection_events"":3177,""detectors_checked"":22394880}"
    339968,         0,         0,    32.0,decoder_by_matrix,beec9fd12293a9cfe53c9b61fb8ce2a525e4eed38fa75d132d6dc64699336876,"{""distance"":3,""physical_error_rate"":0.0001}","{""detection_events"":5073,""detectors_checked"":18358272}"
    339968,         0,         0,    31.4,decoder_by_matrix,beec9fd12293a9cfe53c9b61fb8ce2a525e4eed38fa75d132d6dc64699336876,"{""distance"":3,""physical_error_rate"":0.0001}","{""detection_events"":5154,""detectors_checked"":18358272}"
    413696,         0,         0,    31.5,decoder_by_matrix,36e3cd26fed5ec7649ec51fb08c1a5e7d7f30e615782d954fee045c18a4962ca,"{""distance"":3,""physical_error_rate"":5e-05}","{""detection_events"":3123,""detectors_checked"":22339584}"
    402432,         0,         0,    31.7,decoder_by_matrix,36e3cd26fed5ec7649ec51fb08c1a5e7d7f30e615782d954fee045c18a4962ca,"{""distance"":3,""physical_error_rate"":5e-05}","{""detection_events"":3036,""detectors_checked"":21731328}"
    344064,         1,         0,    31.8,decoder_by_matrix,beec9fd12293a9cfe53c9b61fb8ce2a525e4eed38fa75d132d6dc64699336876,"{""distance"":3,""physical_error_rate"":0.0001}","{""detection_events"":5178,""detectors_checked"":18579456,""obs_mistake_mask=E"":1}"
    345088,         0,         0,    31.5,decoder_by_matrix,beec9fd12293a9cfe53c9b61fb8ce2a525e4eed38fa75d132d6dc64699336876,"{""distance"":3,""physical_error_rate"":0.0001}","{""detection_events"":5292,""detectors_checked"":18634752}"
    311296,         5,         0,    31.3,decoder_by_matrix,5c8c81bfec719079c388cedc47a351f264c1bf769ae28a89f9b4fc7719fea501,"{""distance"":3,""physical_error_rate"":0.0005}","{""detection_events"":22830,""detectors_checked"":16809984,""obs_mistake_mask=E"":5}"
    311296,        12,         0,    31.6,decoder_by_matrix,5c8c81bfec719079c388cedc47a351f264c1bf769ae28a89f9b4fc7719fea501,"{""distance"":3,""physical_error_rate"":0.0005}","{""detection_events"":22968,""detectors_checked"":16809984,""obs_mistake_mask=E"":12}"
    313344,         6,         0,    31.3,decoder_by_matrix,5c8c81bfec719079c388cedc47a351f264c1bf769ae28a89f9b4fc7719fea501,"{""distance"":3,""physical_error_rate"":0.0005}","{""detection_events"":23646,""detectors_checked"":16920576,""obs_mistake_mask=E"":6}"
    315392,         6,         0,    31.4,decoder_by_matrix,5c8c81bfec719079c388cedc47a351f264c1bf769ae28a89f9b4fc7719fea501,"{""distance"":3,""physical_error_rate"":0.0005}","{""detection_events"":23199,""detectors_checked"":17031168,""obs_mistake_mask=E"":6}"
    416768,         0,         0,    32.0,decoder_by_matrix,36e3cd26fed5ec7649ec51fb08c1a5e7d7f30e615782d954fee045c18a4962ca,"{""distance"":3,""physical_error_rate"":5e-05}","{""detection_events"":3132,""detectors_checked"":22505472}"
    310272,         1,         0,    31.4,decoder_by_matrix,5c8c81bfec719079c388cedc47a351f264c1bf769ae28a89f9b4fc7719fea501,"{""distance"":3,""physical_error_rate"":0.0005}","{""detection_events"":22830,""detectors_checked"":16754688,""obs_mistake_mask=E"":1}"
    312320,         3,         0,    31.9,decoder_by_matrix,5c8c81bfec719079c388cedc47a351f264c1bf769ae28a89f9b4fc7719fea501,"{""distance"":3,""physical_error_rate"":0.0005}","{""detection_events"":23322,""detectors_checked"":16865280,""obs_mistake_mask=E"":3}"
    351232,         0,         0,    31.8,decoder_by_matrix,beec9fd12293a9cfe53c9b61fb8ce2a525e4eed38fa75d132d6dc64699336876,"{""distance"":3,""physical_error_rate"":0.0001}","{""detection_events"":5130,""detectors_checked"":18966528}"
    428032,         0,         0,    31.2,decoder_by_matrix,36e3cd26fed5ec7649ec51fb08c1a5e7d7f30e615782d954fee045c18a4962ca,"{""distance"":3,""physical_error_rate"":5e-05}","{""detection_events"":2970,""detectors_checked"":23113728}"
    959488,         1,         0,    84.7,decoder_by_matrix,beec9fd12293a9cfe53c9b61fb8ce2a525e4eed38fa75d132d6dc64699336876,"{""distance"":3,""physical_error_rate"":0.0001}","{""detection_events"":13866,""detectors_checked"":51812352,""obs_mistake_mask=E"":1}"
    851968,        11,         0,    87.2,decoder_by_matrix,5c8c81bfec719079c388cedc47a351f264c1bf769ae28a89f9b4fc7719fea501,"{""distance"":3,""physical_error_rate"":0.0005}","{""detection_events"":62661,""detectors_checked"":46006272,""obs_mistake_mask=E"":11}"
    944128,         0,         0,    86.5,decoder_by_matrix,beec9fd12293a9cfe53c9b61fb8ce2a525e4eed38fa75d132d6dc64699336876,"{""distance"":3,""physical_error_rate"":0.0001}","{""detection_events"":14295,""detectors_checked"":50982912}"
    855040,        17,         0,    86.0,decoder_by_matrix,5c8c81bfec719079c388cedc47a351f264c1bf769ae28a89f9b4fc7719fea501,"{""distance"":3,""physical_error_rate"":0.0005}","{""detection_events"":61806,""detectors_checked"":46172160,""obs_mistake_mask=E"":17}"
   1160192,         0,         0,    85.4,decoder_by_matrix,36e3cd26fed5ec7649ec51fb08c1a5e7d7f30e615782d954fee045c18a4962ca,"{""distance"":3,""physical_error_rate"":5e-05}","{""detection_events"":8478,""detectors_checked"":62650368}"
    961536,         0,         0,    86.3,decoder_by_matrix,beec9fd12293a9cfe53c9b61fb8ce2a525e4eed38fa75d132d6dc64699336876,"{""distance"":3,""physical_error_rate"":0.0001}","{""detection_events"":14223,""detectors_checked"":51922944}"
   1136640,         0,         0,    86.2,decoder_by_matrix,36e3cd26fed5ec7649ec51fb08c1a5e7d7f30e615782d954fee045c18a4962ca,"{""distance"":3,""physical_error_rate"":5e-05}","{""detection_events"":8247,""detectors_checked"":61378560}"
   1148928,         1,         0,    85.9,decoder_by_matrix,36e3cd26fed5ec7649ec51fb08c1a5e7d7f30e615782d954fee045c18a4962ca,"{""distance"":3,""physical_error_rate"":5e-05}","{""detection_events"":8490,""detectors_checked"":62042112,""obs_mistake_mask=E"":1}"
    848896,        12,         0,    85.8,decoder_by_matrix,5c8c81bfec719079c388cedc47a351f264c1bf769ae28a89f9b4fc7719fea501,"{""distance"":3,""physical_error_rate"":0.0005}","{""detection_events"":62097,""detectors_checked"":45840384,""obs_mistake_mask=E"":12}"
    580608,         0,         0,    43.3,decoder_by_matrix,36e3cd26fed5ec7649ec51fb08c1a5e7d7f30e615782d954fee045c18a4962ca,"{""distance"":3,""physical_error_rate"":5e-05}","{""detection_events"":4362,""detectors_checked"":31352832}"
    496640,         0,         0,    44.6,decoder_by_matrix,beec9fd12293a9cfe53c9b61fb8ce2a525e4eed38fa75d132d6dc64699336876,"{""distance"":3,""physical_error_rate"":0.0001}","{""detection_events"":6939,""detectors_checked"":26818560}"
    491520,         0,         0,    44.3,decoder_by_matrix,beec9fd12293a9cfe53c9b61fb8ce2a525e4eed38fa75d132d6dc64699336876,"{""distance"":3,""physical_error_rate"":0.0001}","{""detection_events"":7113,""detectors_checked"":26542080}"
    585728,         0,         0,    44.3,decoder_by_matrix,36e3cd26fed5ec7649ec51fb08c1a5e7d7f30e615782d954fee045c18a4962ca,"{""distance"":3,""physical_error_rate"":5e-05}","{""detection_events"":3864,""detectors_checked"":31629312}"
    575488,         0,         0,    43.5,decoder_by_matrix,36e3cd26fed5ec7649ec51fb08c1a5e7d7f30e615782d954fee045c18a4962ca,"{""distance"":3,""physical_error_rate"":5e-05}","{""detection_events"":4323,""detectors_checked"":31076352}"
    437248,         8,         0,    44.0,decoder_by_matrix,5c8c81bfec719079c388cedc47a351f264c1bf769ae28a89f9b4fc7719fea501,"{""distance"":3,""physical_error_rate"":0.0005}","{""detection_events"":31809,""detectors_checked"":23611392,""obs_mistake_mask=E"":8}"
    493568,         1,         0,    43.8,decoder_by_matrix,beec9fd12293a9cfe53c9b61fb8ce2a525e4eed38fa75d132d6dc64699336876,"{""distance"":3,""physical_error_rate"":0.0001}","{""detection_events"":6843,""detectors_checked"":26652672,""obs_mistake_mask=E"":1}"
    435200,         8,         0,    43.6,decoder_by_matrix,5c8c81bfec719079c388cedc47a351f264c1bf769ae28a89f9b4fc7719fea501,"{""distance"":3,""physical_error_rate"":0.0005}","{""detection_events"":31650,""detectors_checked"":23500800,""obs_mistake_mask=E"":8}"
    490496,         0,         0,    45.2,decoder_by_matrix,beec9fd12293a9cfe53c9b61fb8ce2a525e4eed38fa75d132d6dc64699336876,"{""distance"":3,""physical_error_rate"":0.0001}","{""detection_events"":7233,""detectors_checked"":26486784}"
    436224,        11,         0,    44.1,decoder_by_matrix,5c8c81bfec719079c388cedc47a351f264c1bf769ae28a89f9b4fc7719fea501,"{""distance"":3,""physical_error_rate"":0.0005}","{""detection_events"":31374,""detectors_checked"":23556096,""obs_mistake_mask=E"":11}"
    439296,         9,         0,    43.9,decoder_by_matrix,5c8c81bfec719079c388cedc47a351f264c1bf769ae28a89f9b4fc7719fea501,"{""distance"":3,""physical_error_rate"":0.0005}","{""detection_events"":31836,""detectors_checked"":23721984,""obs_mistake_mask=E"":9}"
    591872,         0,         0,    43.1,decoder_by_matrix,36e3cd26fed5ec7649ec51fb08c1a5e7d7f30e615782d954fee045c18a4962ca,"{""distance"":3,""physical_error_rate"":5e-05}","{""detection_events"":4236,""detectors_checked"":31961088}"
    437248,         5,         0,    44.2,decoder_by_matrix,5c8c81bfec719079c388cedc47a351f264c1bf769ae28a89f9b4fc7719fea501,"{""distance"":3,""physical_error_rate"":0.0005}","{""detection_events"":31482,""detectors_checked"":23611392,""obs_mistake_mask=E"":5}"
    435200,         9,         0,    43.4,decoder_by_matrix,5c8c81bfec719079c388cedc47a351f264c1bf769ae28a89f9b4fc7719fea501,"{""distance"":3,""physical_error_rate"":0.0005}","{""detection_events"":31548,""detectors_checked"":23500800,""obs_mistake_mask=E"":9}"
    562176,         0,         0,    44.0,decoder_by_matrix,36e3cd26fed5ec7649ec51fb08c1a5e7d7f30e615782d954fee045c18a4962ca,"{""distance"":3,""physical_error_rate"":5e-05}","{""detection_events"":4413,""detectors_checked"":30357504}"
    489472,         0,         0,    44.1,decoder_by_matrix,beec9fd12293a9cfe53c9b61fb8ce2a525e4eed38fa75d132d6dc64699336876,"{""distance"":3,""physical_error_rate"":0.0001}","{""detection_events"":7245,""detectors_checked"":26431488}"
   1305600,         0,         0,   118.4,decoder_by_matrix,beec9fd12293a9cfe53c9b61fb8ce2a525e4eed38fa75d132d6dc64699336876,"{""distance"":3,""physical_error_rate"":0.0001}","{""detection_events"":19683,""detectors_checked"":70502400}"
   1158144,        21,         0,   117.5,decoder_by_matrix,5c8c81bfec719079c388cedc47a351f264c1bf769ae28a89f9b4fc7719fea501,"{""distance"":3,""physical_error_rate"":0.0005}","{""detection_events"":84381,""detectors_checked"":62539776,""obs_mistake_mask=E"":21}"
   1304576,         1,         0,   117.7,decoder_by_matrix,beec9fd12293a9cfe53c9b61fb8ce2a525e4eed38fa75d132d6dc64699336876,"{""distance"":3,""physical_error_rate"":0.0001}","{""detection_events"":19836,""detectors_checked"":70447104,""obs_mistake_mask=E"":1}"
   1554432,         0,         0,   117.2,decoder_by_matrix,36e3cd26fed5ec7649ec51fb08c1a5e7d7f30e615782d954fee045c18a4962ca,"{""distance"":3,""physical_error_rate"":5e-05}","{""detection_events"":11208,""detectors_checked"":83939328}"
   1558528,         0,         0,   118.0,decoder_by_matrix,36e3cd26fed5ec7649ec51fb08c1a5e7d7f30e615782d954fee045c18a4962ca,"{""distance"":3,""physical_error_rate"":5e-05}","{""detection_events"":11484,""detectors_checked"":84160512}"
   1166336,        19,         0,   116.9,decoder_by_matrix,5c8c81bfec719079c388cedc47a351f264c1bf769ae28a89f9b4fc7719fea501,"{""distance"":3,""physical_error_rate"":0.0005}","{""detection_events"":85926,""detectors_checked"":62982144,""obs_mistake_mask=E"":19}"
   1529856,         0,         0,   116.8,decoder_by_matrix,36e3cd26fed5ec7649ec51fb08c1a5e7d7f30e615782d954fee045c18a4962ca,"{""distance"":3,""physical_error_rate"":5e-05}","{""detection_events"":10587,""detectors_checked"":82612224}"
   1298432,         1,         0,   118.8,decoder_by_matrix,beec9fd12293a9cfe53c9b61fb8ce2a525e4eed38fa75d132d6dc64699336876,"{""distance"":3,""physical_error_rate"":0.0001}","{""detection_events"":19161,""detectors_checked"":70115328,""obs_mistake_mask=E"":1}"
   1165312,        19,         0,   117.0,decoder_by_matrix,5c8c81bfec719079c388cedc47a351f264c1bf769ae28a89f9b4fc7719fea501,"{""distance"":3,""physical_error_rate"":0.0005}","{""detection_events"":85017,""detectors_checked"":62926848,""obs_mistake_mask=E"":19}"
   1570816,         0,         0,   118.1,decoder_by_matrix,36e3cd26fed5ec7649ec51fb08c1a5e7d7f30e615782d954fee045c18a4962ca,"{""distance"":3,""physical_error_rate"":5e-05}","{""detection_events"":11070,""detectors_checked"":84824064}"
   1558528,         0,         0,   115.7,decoder_by_matrix,36e3cd26fed5ec7649ec51fb08c1a5e7d7f30e615782d954fee045c18a4962ca,"{""distance"":3,""physical_error_rate"":5e-05}","{""detection_events"":10980,""detectors_checked"":84160512}"
   1169408,        16,         0,   118.2,decoder_by_matrix,5c8c81bfec719079c388cedc47a351f264c1bf769ae28a89f9b4fc7719fea501,"{""distance"":3,""physical_error_rate"":0.0005}","{""detection_events"":83772,""detectors_checked"":63148032,""obs_mistake_mask=E"":16}"
   1559552,         0,         0,   117.3,decoder_by_matrix,36e3cd26fed5ec7649ec51fb08c1a5e7d7f30e615782d954fee045c18a4962ca,"{""distance"":3,""physical_error_rate"":5e-05}","{""detection_events"":11193,""detectors_checked"":84215808}"
   1163264,        20,         0,   117.4,decoder_by_matrix,5c8c81bfec719079c388cedc47a351f264c1bf769ae28a89f9b4fc7719fea501,"{""distance"":3,""physical_error_rate"":0.0005}","{""detection_events"":85263,""detectors_checked"":62816256,""obs_mistake_mask=E"":20}"
   1314816,         2,         0,   118.6,decoder_by_matrix,beec9fd12293a9cfe53c9b61fb8ce2a525e4eed38fa75d132d6dc64699336876,"{""distance"":3,""physical_error_rate"":0.0001}","{""detection_events"":19665,""detectors_checked"":71000064,""obs_mistake_mask=E"":2}"
   1167360,        16,         0,   116.8,decoder_by_matrix,5c8c81bfec719079c388cedc47a351f264c1bf769ae28a89f9b4fc7719fea501,"{""distance"":3,""physical_error_rate"":0.0005}","{""detection_events"":84996,""detectors_checked"":63037440,""obs_mistake_mask=E"":16}"
   1570816,         1,         0,   117.4,decoder_by_matrix,36e3cd26fed5ec7649ec51fb08c1a5e7d7f30e615782d954fee045c18a4962ca,"{""distance"":3,""physical_error_rate"":5e-05}","{""detection_events"":10917,""detectors_checked"":84824064,""obs_mistake_mask=E"":1}"
   1165312,        22,         0,   118.5,decoder_by_matrix,5c8c81bfec719079c388cedc47a351f264c1bf769ae28a89f9b4fc7719fea501,"{""distance"":3,""physical_error_rate"":0.0005}","{""detection_events"":85338,""detectors_checked"":62926848,""obs_mistake_mask=E"":22}"
   1282048,         1,         0,   118.0,decoder_by_matrix,beec9fd12293a9cfe53c9b61fb8ce2a525e4eed38fa75d132d6dc64699336876,"{""distance"":3,""physical_error_rate"":0.0001}","{""detection_events"":18894,""detectors_checked"":69230592,""obs_mistake_mask=E"":1}"
   1163264,        25,         0,   118.6,decoder_by_matrix,5c8c81bfec719079c388cedc47a351f264c1bf769ae28a89f9b4fc7719fea501,"{""distance"":3,""physical_error_rate"":0.0005}","{""detection_events"":85557,""detectors_checked"":62816256,""obs_mistake_mask=E"":25}"
   1556480,         0,         0,   116.8,decoder_by_matrix,36e3cd26fed5ec7649ec51fb08c1a5e7d7f30e615782d954fee045c18a4962ca,"{""distance"":3,""physical_error_rate"":5e-05}","{""detection_events"":11463,""detectors_checked"":84049920}"
   1310720,         1,         0,   118.9,decoder_by_matrix,beec9fd12293a9cfe53c9b61fb8ce2a525e4eed38fa75d132d6dc64699336876,"{""distance"":3,""physical_error_rate"":0.0001}","{""detection_events"":19137,""detectors_checked"":70778880,""obs_mistake_mask=E"":1}"
   1170432,        18,         0,   117.9,decoder_by_matrix,5c8c81bfec719079c388cedc47a351f264c1bf769ae28a89f9b4fc7719fea501,"{""distance"":3,""physical_error_rate"":0.0005}","{""detection_events"":85341,""detectors_checked"":63203328,""obs_mistake_mask=E"":18}"
   1169408,        23,         0,   117.7,decoder_by_matrix,5c8c81bfec719079c388cedc47a351f264c1bf769ae28a89f9b4fc7719fea501,"{""distance"":3,""physical_error_rate"":0.0005}","{""detection_events"":85308,""detectors_checked"":63148032,""obs_mistake_mask=E"":23}"
   1302528,         1,         0,   118.3,decoder_by_matrix,beec9fd12293a9cfe53c9b61fb8ce2a525e4eed38fa75d132d6dc64699336876,"{""distance"":3,""physical_error_rate"":0.0001}","{""detection_events"":18417,""detectors_checked"":70336512,""obs_mistake_mask=E"":1}"
   1299456,         2,         0,   118.1,decoder_by_matrix,beec9fd12293a9cfe53c9b61fb8ce2a525e4eed38fa75d132d6dc64699336876,"{""distance"":3,""physical_error_rate"":0.0001}","{""detection_events"":18960,""detectors_checked"":70170624,""obs_mistake_mask=E"":2}"
   1321984,         2,         0,   116.4,decoder_by_matrix,beec9fd12293a9cfe53c9b61fb8ce2a525e4eed38fa75d132d6dc64699336876,"{""distance"":3,""physical_error_rate"":0.0001}","{""detection_events"":18723,""detectors_checked"":71387136,""obs_mistake_mask=E"":2}"
   1313792,         0,         0,   117.4,decoder_by_matrix,beec9fd12293a9cfe53c9b61fb8ce2a525e4eed38fa75d132d6dc64699336876,"{""distance"":3,""physical_error_rate"":0.0001}","{""detection_events"":18837,""detectors_checked"":70944768}"
   1577984,         0,         0,   117.4,decoder_by_matrix,36e3cd26fed5ec7649ec51fb08c1a5e7d7f30e615782d954fee045c18a4962ca,"{""distance"":3,""physical_error_rate"":5e-05}","{""detection_events"":10653,""detectors_checked"":85211136}"
   1536000,         0,         0,   116.2,decoder_by_matrix,36e3cd26fed5ec7649ec51fb08c1a5e7d7f30e615782d954fee045c18a4962ca,"{""distance"":3,""physical_error_rate"":5e-05}","{""detection_events"":11646,""detectors_checked"":82944000}"
   1304576,         1,         0,   118.0,decoder_by_matrix,beec9fd12293a9cfe53c9b61fb8ce2a525e4eed38fa75d132d6dc64699336876,"{""distance"":3,""physical_error_rate"":0.0001}","{""detection_events"":19692,""detectors_checked"":70447104,""obs_mistake_mask=E"":1}"
   1302528,         0,         0,   116.7,decoder_by_matrix,beec9fd12293a9cfe53c9b61fb8ce2a525e4eed38fa75d132d6dc64699336876,"{""distance"":3,""physical_error_rate"":0.0001}","{""detection_events"":19185,""detectors_checked"":70336512}"
   1518592,         1,         0,   117.1,decoder_by_matrix,36e3cd26fed5ec7649ec51fb08c1a5e7d7f30e615782d954fee045c18a4962ca,"{""distance"":3,""physical_error_rate"":5e-05}","{""detection_events"":11745,""detectors_checked"":82003968,""obs_mistake_mask=E"":1}"
   1161216,        24,         0,   117.8,decoder_by_matrix,5c8c81bfec719079c388cedc47a351f264c1bf769ae28a89f9b4fc7719fea501,"{""distance"":3,""physical_error_rate"":0.0005}","{""detection_events"":84915,""detectors_checked"":62705664,""obs_mistake_mask=E"":24}"
   1549312,         0,         0,   117.7,decoder_by_matrix,36e3cd26fed5ec7649ec51fb08c1a5e7d7f30e615782d954fee045c18a4962ca,"{""distance"":3,""physical_error_rate"":5e-05}","{""detection_events"":11409,""detectors_checked"":83662848}"
   1294336,         1,         0,   118.2,decoder_by_matrix,beec9fd12293a9cfe53c9b61fb8ce2a525e4eed38fa75d132d6dc64699336876,"{""distance"":3,""physical_error_rate"":0.0001}","{""detection_events"":18858,""detectors_checked"":69894144,""obs_mistake_mask=E"":1}"
   1539072,         0,         0,   116.8,decoder_by_matrix,36e3cd26fed5ec7649ec51fb08c1a5e7d7f30e615782d954fee045c18a4962ca,"{""distance"":3,""physical_error_rate"":5e-05}","{""detection_events"":11631,""detectors_checked"":83109888}"
   1162240,        22,         0,   117.6,decoder_by_matrix,5c8c81bfec719079c388cedc47a351f264c1bf769ae28a89f9b4fc7719fea501,"{""distance"":3,""physical_error_rate"":0.0005}","{""detection_events"":84183,""detectors_checked"":62760960,""obs_mistake_mask=E"":22}"
   1162240,        17,         0,   118.6,decoder_by_matrix,5c8c81bfec719079c388cedc47a351f264c1bf769ae28a89f9b4fc7719fea501,"{""distance"":3,""physical_error_rate"":0.0005}","{""detection_events"":84210,""detectors_checked"":62760960,""obs_mistake_mask=E"":17}"
    841728,         0,         0,    61.2,decoder_by_matrix,36e3cd26fed5ec7649ec51fb08c1a5e7d7f30e615782d954fee045c18a4962ca,"{""distance"":3,""physical_error_rate"":5e-05}","{""detection_events"":5904,""detectors_checked"":45453312}"
    683008,         2,         0,    61.3,decoder_by_matrix,beec9fd12293a9cfe53c9b61fb8ce2a525e4eed38fa75d132d6dc64699336876,"{""distance"":3,""physical_error_rate"":0.0001}","{""detection_events"":10047,""detectors_checked"":36882432,""obs_mistake_mask=E"":2}"
    801792,         0,         0,    63.0,decoder_by_matrix,36e3cd26fed5ec7649ec51fb08c1a5e7d7f30e615782d954fee045c18a4962ca,"{""distance"":3,""physical_error_rate"":5e-05}","{""detection_events"":6003,""detectors_checked"":43296768}"
    681984,         1,         0,    62.1,decoder_by_matrix,beec9fd12293a9cfe53c9b61fb8ce2a525e4eed38fa75d132d6dc64699336876,"{""distance"":3,""physical_error_rate"":0.0001}","{""detection_events"":10041,""detectors_checked"":36827136,""obs_mistake_mask=E"":1}"
    814080,         0,         0,    61.6,decoder_by_matrix,36e3cd26fed5ec7649ec51fb08c1a5e7d7f30e615782d954fee045c18a4962ca,"{""distance"":3,""physical_error_rate"":5e-05}","{""detection_events"":5883,""detectors_checked"":43960320}"
    613376,        10,         0,    61.8,decoder_by_matrix,5c8c81bfec719079c388cedc47a351f264c1bf769ae28a89f9b4fc7719fea501,"{""distance"":3,""physical_error_rate"":0.0005}","{""detection_events"":45027,""detectors_checked"":33122304,""obs_mistake_mask=E"":10}"
    610304,         8,         0,    61.3,decoder_by_matrix,5c8c81bfec719079c388cedc47a351f264c1bf769ae28a89f9b4fc7719fea501,"{""distance"":3,""physical_error_rate"":0.0005}","{""detection_events"":44223,""detectors_checked"":32956416,""obs_mistake_mask=E"":8}"
    611328,        13,         0,    60.7,decoder_by_matrix,5c8c81bfec719079c388cedc47a351f264c1bf769ae28a89f9b4fc7719fea501,"{""distance"":3,""physical_error_rate"":0.0005}","{""detection_events"":45171,""detectors_checked"":33011712,""obs_mistake_mask=E"":13}"
    683008,         0,         0,    62.3,decoder_by_matrix,beec9fd12293a9cfe53c9b61fb8ce2a525e4eed38fa75d132d6dc64699336876,"{""distance"":3,""physical_error_rate"":0.0001}","{""detection_events"":9651,""detectors_checked"":36882432}"
    689152,         0,         0,    62.0,decoder_by_matrix,beec9fd12293a9cfe53c9b61fb8ce2a525e4eed38fa75d132d6dc64699336876,"{""distance"":3,""physical_error_rate"":0.0001}","{""detection_events"":10338,""detectors_checked"":37214208}"
    615424,         9,         0,    62.1,decoder_by_matrix,5c8c81bfec719079c388cedc47a351f264c1bf769ae28a89f9b4fc7719fea501,"{""distance"":3,""physical_error_rate"":0.0005}","{""detection_events"":44760,""detectors_checked"":33232896,""obs_mistake_mask=E"":9}"
    799744,         1,         0,    61.8,decoder_by_matrix,36e3cd26fed5ec7649ec51fb08c1a5e7d7f30e615782d954fee045c18a4962ca,"{""distance"":3,""physical_error_rate"":5e-05}","{""detection_events"":5853,""detectors_checked"":43186176,""obs_mistake_mask=E"":1}"
    822272,         1,         0,    61.9,decoder_by_matrix,36e3cd26fed5ec7649ec51fb08c1a5e7d7f30e615782d954fee045c18a4962ca,"{""distance"":3,""physical_error_rate"":5e-05}","{""detection_events"":6192,""detectors_checked"":44402688,""obs_mistake_mask=E"":1}"
    609280,        13,         0,    61.9,decoder_by_matrix,5c8c81bfec719079c388cedc47a351f264c1bf769ae28a89f9b4fc7719fea501,"{""distance"":3,""physical_error_rate"":0.0005}","{""detection_events"":44712,""detectors_checked"":32901120,""obs_mistake_mask=E"":13}"
    610304,         7,         0,    62.2,decoder_by_matrix,5c8c81bfec719079c388cedc47a351f264c1bf769ae28a89f9b4fc7719fea501,"{""distance"":3,""physical_error_rate"":0.0005}","{""detection_events"":44190,""detectors_checked"":32956416,""obs_mistake_mask=E"":7}"
    683008,         1,         0,    61.4,decoder_by_matrix,beec9fd12293a9cfe53c9b61fb8ce2a525e4eed38fa75d132d6dc64699336876,"{""distance"":3,""physical_error_rate"":0.0001}","{""detection_events"":10473,""detectors_checked"":36882432,""obs_mistake_mask=E"":1}"
   1158144,        22,         0,   117.5,decoder_by_matrix,5c8c81bfec719079c388cedc47a351f264c1bf769ae28a89f9b4fc7719fea501,"{""distance"":3,""physical_error_rate"":0.0005}","{""detection_events"":84018,""detectors_checked"":62539776,""obs_mistake_mask=E"":22}"
   1296384,         1,         0,   118.1,decoder_by_matrix,beec9fd12293a9cfe53c9b61fb8ce2a525e4eed38fa75d132d6dc64699336876,"{""distance"":3,""physical_error_rate"":0.0001}","{""detection_events"":18726,""detectors_checked"":70004736,""obs_mistake_mask=E"":1}"
   1284096,         1,         0,   117.8,decoder_by_matrix,beec9fd12293a9cfe53c9b61fb8ce2a525e4eed38fa75d132d6dc64699336876,"{""distance"":3,""physical_error_rate"":0.0001}","{""detection_events"":19698,""detectors_checked"":69341184,""obs_mistake_mask=E"":1}"
   1162240,        15,         0,   116.2,decoder_by_matrix,5c8c81bfec719079c388cedc47a351f264c1bf769ae28a89f9b4fc7719fea501,"{""distance"":3,""physical_error_rate"":0.0005}","{""detection_events"":84633,""detectors_checked"":62760960,""obs_mistake_mask=E"":15}"
   1304576,         0,         0,   117.4,decoder_by_matrix,beec9fd12293a9cfe53c9b61fb8ce2a525e4eed38fa75d132d6dc64699336876,"{""distance"":3,""physical_error_rate"":0.0001}","{""detection_events"":19602,""detectors_checked"":70447104}"
   1559552,         0,         0,   116.4,decoder_by_matrix,36e3cd26fed5ec7649ec51fb08c1a5e7d7f30e615782d954fee045c18a4962ca,"{""distance"":3,""physical_error_rate"":5e-05}","{""detection_events"":11613,""detectors_checked"":84215808}"
   1554432,         0,         0,   118.4,decoder_by_matrix,36e3cd26fed5ec7649ec51fb08c1a5e7d7f30e615782d954fee045c18a4962ca,"{""distance"":3,""physical_error_rate"":5e-05}","{""detection_events"":11124,""detectors_checked"":83939328}"
   1540096,         0,         0,   115.9,decoder_by_matrix,36e3cd26fed5ec7649ec51fb08c1a5e7d7f30e615782d954fee045c18a4962ca,"{""distance"":3,""physical_error_rate"":5e-05}","{""detection_events"":11175,""detectors_checked"":83165184}"
   1159168,        21,         0,   117.4,decoder_by_matrix,5c8c81bfec719079c388cedc47a351f264c1bf769ae28a89f9b4fc7719fea501,"{""distance"":3,""physical_error_rate"":0.0005}","{""detection_events"":83502,""detectors_checked"":62595072,""obs_mistake_mask=E"":21}"
   1317888,         0,         0,   115.5,decoder_by_matrix,beec9fd12293a9cfe53c9b61fb8ce2a525e4eed38fa75d132d6dc64699336876,"{""distance"":3,""physical_error_rate"":0.0001}","{""detection_events"":19662,""detectors_checked"":71165952}"
   1163264,        31,         0,   118.5,decoder_by_matrix,5c8c81bfec719079c388cedc47a351f264c1bf769ae28a89f9b4fc7719fea501,"{""distance"":3,""physical_error_rate"":0.0005}","{""detection_events"":85764,""detectors_checked"":62816256,""obs_mistake_mask=E"":31}"
   1304576,         2,         0,   119.0,decoder_by_matrix,beec9fd12293a9cfe53c9b61fb8ce2a525e4eed38fa75d132d6dc64699336876,"{""distance"":3,""physical_error_rate"":0.0001}","{""detection_events"":19611,""detectors_checked"":70447104,""obs_mistake_mask=E"":2}"
   1543168,         0,         0,   118.7,decoder_by_matrix,36e3cd26fed5ec7649ec51fb08c1a5e7d7f30e615782d954fee045c18a4962ca,"{""distance"":3,""physical_error_rate"":5e-05}","{""detection_events"":11292,""detectors_checked"":83331072}"
   1538048,         0,         0,   116.5,decoder_by_matrix,36e3cd26fed5ec7649ec51fb08c1a5e7d7f30e615782d954fee045c18a4962ca,"{""distance"":3,""physical_error_rate"":5e-05}","{""detection_events"":11097,""detectors_checked"":83054592}"
   1168384,        13,         0,   119.0,decoder_by_matrix,5c8c81bfec719079c388cedc47a351f264c1bf769ae28a89f9b4fc7719fea501,"{""distance"":3,""physical_error_rate"":0.0005}","{""detection_events"":83829,""detectors_checked"":63092736,""obs_mistake_mask=E"":13}"
   1522688,         0,         0,   115.9,decoder_by_matrix,36e3cd26fed5ec7649ec51fb08c1a5e7d7f30e615782d954fee045c18a4962ca,"{""distance"":3,""physical_error_rate"":5e-05}","{""detection_events"":11268,""detectors_checked"":82225152}"
   1302528,         2,         0,   116.3,decoder_by_matrix,beec9fd12293a9cfe53c9b61fb8ce2a525e4eed38fa75d132d6dc64699336876,"{""distance"":3,""physical_error_rate"":0.0001}","{""detection_events"":18882,""detectors_checked"":70336512,""obs_mistake_mask=E"":2}"
   1168384,        17,         0,   117.8,decoder_by_matrix,5c8c81bfec719079c388cedc47a351f264c1bf769ae28a89f9b4fc7719fea501,"{""distance"":3,""physical_error_rate"":0.0005}","{""detection_events"":84558,""detectors_checked"":63092736,""obs_mistake_mask=E"":17}"
   1566720,         0,         0,   117.9,decoder_by_matrix,36e3cd26fed5ec7649ec51fb08c1a5e7d7f30e615782d954fee045c18a4962ca,"{""distance"":3,""physical_error_rate"":5e-05}","{""detection_events"":11238,""detectors_checked"":84602880}"
   1575936,         1,         0,   117.3,decoder_by_matrix,36e3cd26fed5ec7649ec51fb08c1a5e7d7f30e615782d954fee045c18a4962ca,"{""distance"":3,""physical_error_rate"":5e-05}","{""detection_events"":10911,""detectors_checked"":85100544,""obs_mistake_mask=E"":1}"
   1169408,        28,         0,   117.9,decoder_by_matrix,5c8c81bfec719079c388cedc47a351f264c1bf769ae28a89f9b4fc7719fea501,"{""distance"":3,""physical_error_rate"":0.0005}","{""detection_events"":86793,""detectors_checked"":63148032,""obs_mistake_mask=E"":28}"
   1580032,         0,         0,   117.4,decoder_by_matrix,36e3cd26fed5ec7649ec51fb08c1a5e7d7f30e615782d954fee045c18a4962ca,"{""distance"":3,""physical_error_rate"":5e-05}","{""detection_events"":10935,""detectors_checked"":85321728}"
   1307648,         1,         0,   116.6,decoder_by_matrix,beec9fd12293a9cfe53c9b61fb8ce2a525e4eed38fa75d132d6dc64699336876,"{""distance"":3,""physical_error_rate"":0.0001}","{""detection_events"":19158,""detectors_checked"":70612992,""obs_mistake_mask=E"":1}"
   1167360,        20,         0,   117.9,decoder_by_matrix,5c8c81bfec719079c388cedc47a351f264c1bf769ae28a89f9b4fc7719fea501,"{""distance"":3,""physical_error_rate"":0.0005}","{""detection_events"":84177,""detectors_checked"":63037440,""obs_mistake_mask=E"":20}"
   1169408,        20,         0,   118.2,decoder_by_matrix,5c8c81bfec719079c388cedc47a351f264c1bf769ae28a89f9b4fc7719fea501,"{""distance"":3,""physical_error_rate"":0.0005}","{""detection_events"":84354,""detectors_checked"":63148032,""obs_mistake_mask=E"":20}"
   1166336,        28,         0,   117.7,decoder_by_matrix,5c8c81bfec719079c388cedc47a351f264c1bf769ae28a89f9b4fc7719fea501,"{""distance"":3,""physical_error_rate"":0.0005}","{""detection_events"":85611,""detectors_checked"":62982144,""obs_mistake_mask=E"":28}"
   1551360,         0,         0,   117.6,decoder_by_matrix,36e3cd26fed5ec7649ec51fb08c1a5e7d7f30e615782d954fee045c18a4962ca,"{""distance"":3,""physical_error_rate"":5e-05}","{""detection_events"":11112,""detectors_checked"":83773440}"
   1308672,         1,         0,   117.8,decoder_by_matrix,beec9fd12293a9cfe53c9b61fb8ce2a525e4eed38fa75d132d6dc64699336876,"{""distance"":3,""physical_error_rate"":0.0001}","{""detection_events"":18945,""detectors_checked"":70668288,""obs_mistake_mask=E"":1}"
   1163264,        13,         0,   118.2,decoder_by_matrix,5c8c81bfec719079c388cedc47a351f264c1bf769ae28a89f9b4fc7719fea501,"{""distance"":3,""physical_error_rate"":0.0005}","{""detection_events"":84552,""detectors_checked"":62816256,""obs_mistake_mask=E"":13}"
   1315840,         0,         0,   118.5,decoder_by_matrix,beec9fd12293a9cfe53c9b61fb8ce2a525e4eed38fa75d132d6dc64699336876,"{""distance"":3,""physical_error_rate"":0.0001}","{""detection_events"":19695,""detectors_checked"":71055360}"
   1531904,         0,         0,   116.1,decoder_by_matrix,36e3cd26fed5ec7649ec51fb08c1a5e7d7f30e615782d954fee045c18a4962ca,"{""distance"":3,""physical_error_rate"":5e-05}","{""detection_events"":11523,""detectors_checked"":82722816}"
   1166336,        20,         0,   116.8,decoder_by_matrix,5c8c81bfec719079c388cedc47a351f264c1bf769ae28a89f9b4fc7719fea501,"{""distance"":3,""physical_error_rate"":0.0005}","{""detection_events"":84828,""detectors_checked"":62982144,""obs_mistake_mask=E"":20}"
   1173504,        18,         0,   117.8,decoder_by_matrix,5c8c81bfec719079c388cedc47a351f264c1bf769ae28a89f9b4fc7719fea501,"{""distance"":3,""physical_error_rate"":0.0005}","{""detection_events"":85140,""detectors_checked"":63369216,""obs_mistake_mask=E"":18}"
   1299456,         0,         0,   117.5,decoder_by_matrix,beec9fd12293a9cfe53c9b61fb8ce2a525e4eed38fa75d132d6dc64699336876,"{""distance"":3,""physical_error_rate"":0.0001}","{""detection_events"":19116,""detectors_checked"":70170624}"
   1302528,         0,         0,   117.1,decoder_by_matrix,beec9fd12293a9cfe53c9b61fb8ce2a525e4eed38fa75d132d6dc64699336876,"{""distance"":3,""physical_error_rate"":0.0001}","{""detection_events"":18960,""detectors_checked"":70336512}"
   1294336,         0,         0,   118.6,decoder_by_matrix,beec9fd12293a9cfe53c9b61fb8ce2a525e4eed38fa75d132d6dc64699336876,"{""distance"":3,""physical_error_rate"":0.0001}","{""detection_events"":18990,""detectors_checked"":69894144}"
   1323008,         0,         0,   116.9,decoder_by_matrix,beec9fd12293a9cfe53c9b61fb8ce2a525e4eed38fa75d132d6dc64699336876,"{""distance"":3,""physical_error_rate"":0.0001}","{""detection_events"":18744,""detectors_checked"":71442432}"
   1547264,         0,         0,   117.4,decoder_by_matrix,36e3cd26fed5ec7649ec51fb08c1a5e7d7f30e615782d954fee045c18a4962ca,"{""distance"":3,""physical_error_rate"":5e-05}","{""detection_events"":11643,""detectors_checked"":83552256}"
   1559552,         0,         0,   118.2,decoder_by_matrix,36e3cd26fed5ec7649ec51fb08c1a5e7d7f30e615782d954fee045c18a4962ca,"{""distance"":3,""physical_error_rate"":5e-05}","{""detection_events"":10995,""detectors_checked"":84215808}"
   1133568,         1,         0,    86.4,decoder_by_matrix,36e3cd26fed5ec7649ec51fb08c1a5e7d7f30e615782d954fee045c18a4962ca,"{""distance"":3,""physical_error_rate"":5e-05}","{""detection_events"":8214,""detectors_checked"":61212672,""obs_mistake_mask=E"":1}"
    946176,         0,         0,    87.2,decoder_by_matrix,beec9fd12293a9cfe53c9b61fb8ce2a525e4eed38fa75d132d6dc64699336876,"{""distance"":3,""physical_error_rate"":0.0001}","{""detection_events"":14151,""detectors_checked"":51093504}"
    951296,         0,         0,    85.8,decoder_by_matrix,beec9fd12293a9cfe53c9b61fb8ce2a525e4eed38fa75d132d6dc64699336876,"{""distance"":3,""physical_error_rate"":0.0001}","{""detection_events"":14091,""detectors_checked"":51369984}"
   1142784,         1,         0,    86.8,decoder_by_matrix,36e3cd26fed5ec7649ec51fb08c1a5e7d7f30e615782d954fee045c18a4962ca,"{""distance"":3,""physical_error_rate"":5e-05}","{""detection_events"":8709,""detectors_checked"":61710336,""obs_mistake_mask=E"":1}"
   1137664,         0,         0,    86.4,decoder_by_matrix,36e3cd26fed5ec7649ec51fb08c1a5e7d7f30e615782d954fee045c18a4962ca,"{""distance"":3,""physical_error_rate"":5e-05}","{""detection_events"":8400,""detectors_checked"":61433856}"
    852992,        14,         0,    86.0,decoder_by_matrix,5c8c81bfec719079c388cedc47a351f264c1bf769ae28a89f9b4fc7719fea501,"{""distance"":3,""physical_error_rate"":0.0005}","{""detection_events"":63039,""detectors_checked"":46061568,""obs_mistake_mask=E"":14}"
    960512,         2,         0,    87.5,decoder_by_matrix,beec9fd12293a9cfe53c9b61fb8ce2a525e4eed38fa75d132d6dc64699336876,"{""distance"":3,""physical_error_rate"":0.0001}","{""detection_events"":14148,""detectors_checked"":51867648,""obs_mistake_mask=E"":2}"
    858112,        14,         0,    86.1,decoder_by_matrix,5c8c81bfec719079c388cedc47a351f264c1bf769ae28a89f9b4fc7719fea501,"{""distance"":3,""physical_error_rate"":0.0005}","{""detection_events"":61818,""detectors_checked"":46338048,""obs_mistake_mask=E"":14}"
    857088,         9,         0,    86.1,decoder_by_matrix,5c8c81bfec719079c388cedc47a351f264c1bf769ae28a89f9b4fc7719fea501,"{""distance"":3,""physical_error_rate"":0.0005}","{""detection_events"":62856,""detectors_checked"":46282752,""obs_mistake_mask=E"":9}"
    952320,         0,         0,    86.4,decoder_by_matrix,beec9fd12293a9cfe53c9b61fb8ce2a525e4eed38fa75d132d6dc64699336876,"{""distance"":3,""physical_error_rate"":0.0001}","{""detection_events"":14790,""detectors_checked"":51425280}"
    858112,        19,         0,    86.3,decoder_by_matrix,5c8c81bfec719079c388cedc47a351f264c1bf769ae28a89f9b4fc7719fea501,"{""distance"":3,""physical_error_rate"":0.0005}","{""detection_events"":63309,""detectors_checked"":46338048,""obs_mistake_mask=E"":19}"
   1127424,         0,         0,    86.3,decoder_by_matrix,36e3cd26fed5ec7649ec51fb08c1a5e7d7f30e615782d954fee045c18a4962ca,"{""distance"":3,""physical_error_rate"":5e-05}","{""detection_events"":8163,""detectors_checked"":60880896}"
   1147904,         0,         0,    86.3,decoder_by_matrix,36e3cd26fed5ec7649ec51fb08c1a5e7d7f30e615782d954fee045c18a4962ca,"{""distance"":3,""physical_error_rate"":5e-05}","{""detection_events"":8652,""detectors_checked"":61986816}"
    852992,        10,         0,    86.8,decoder_by_matrix,5c8c81bfec719079c388cedc47a351f264c1bf769ae28a89f9b4fc7719fea501,"{""distance"":3,""physical_error_rate"":0.0005}","{""detection_events"":63120,""detectors_checked"":46061568,""obs_mistake_mask=E"":10}"
    855040,        15,         0,    85.6,decoder_by_matrix,5c8c81bfec719079c388cedc47a351f264c1bf769ae28a89f9b4fc7719fea501,"{""distance"":3,""physical_error_rate"":0.0005}","{""detection_events"":62754,""detectors_checked"":46172160,""obs_mistake_mask=E"":15}"
    968704,         3,         0,    85.3,decoder_by_matrix,beec9fd12293a9cfe53c9b61fb8ce2a525e4eed38fa75d132d6dc64699336876,"{""distance"":3,""physical_error_rate"":0.0001}","{""detection_events"":13638,""detectors_checked"":52310016,""obs_mistake_mask=E"":3}"
   1299456,         0,         0,   116.7,decoder_by_matrix,beec9fd12293a9cfe53c9b61fb8ce2a525e4eed38fa75d132d6dc64699336876,"{""distance"":3,""physical_error_rate"":0.0001}","{""detection_events"":19458,""detectors_checked"":70170624}"
   1306624,         3,         0,   116.7,decoder_by_matrix,beec9fd12293a9cfe53c9b61fb8ce2a525e4eed38fa75d132d6dc64699336876,"{""distance"":3,""physical_error_rate"":0.0001}","{""detection_events"":18513,""detectors_checked"":70557696,""obs_mistake_mask=E"":3}"
   1552384,         2,         0,   118.3,decoder_by_matrix,36e3cd26fed5ec7649ec51fb08c1a5e7d7f30e615782d954fee045c18a4962ca,"{""distance"":3,""physical_error_rate"":5e-05}","{""detection_events"":11385,""detectors_checked"":83828736,""obs_mistake_mask=E"":2}"
   1162240,        24,         0,   117.5,decoder_by_matrix,5c8c81bfec719079c388cedc47a351f264c1bf769ae28a89f9b4fc7719fea501,"{""distance"":3,""physical_error_rate"":0.0005}","{""detection_events"":86289,""detectors_checked"":62760960,""obs_mistake_mask=E"":24}"
   1300480,         1,         0,   117.5,decoder_by_matrix,beec9fd12293a9cfe53c9b61fb8ce2a525e4eed38fa75d132d6dc64699336876,"{""distance"":3,""physical_error_rate"":0.0001}","{""detection_events"":19239,""detectors_checked"":70225920,""obs_mistake_mask=E"":1}"
   1533952,         0,         0,   118.4,decoder_by_matrix,36e3cd26fed5ec7649ec51fb08c1a5e7d7f30e615782d954fee045c18a4962ca,"{""distance"":3,""physical_error_rate"":5e-05}","{""detection_events"":11301,""detectors_checked"":82833408}"
   1554432,         0,         0,   117.5,decoder_by_matrix,36e3cd26fed5ec7649ec51fb08c1a5e7d7f30e615782d954fee045c18a4962ca,"{""distance"":3,""physical_error_rate"":5e-05}","{""detection_events"":11298,""detectors_checked"":83939328}"
   1166336,        23,         0,   118.0,decoder_by_matrix,5c8c81bfec719079c388cedc47a351f264c1bf769ae28a89f9b4fc7719fea501,"{""distance"":3,""physical_error_rate"":0.0005}","{""detection_events"":83409,""detectors_checked"":62982144,""obs_mistake_mask=E"":23}"
   1162240,        13,         0,   117.1,decoder_by_matrix,5c8c81bfec719079c388cedc47a351f264c1bf769ae28a89f9b4fc7719fea501,"{""distance"":3,""physical_error_rate"":0.0005}","{""detection_events"":85026,""detectors_checked"":62760960,""obs_mistake_mask=E"":13}"
   1158144,        19,         0,   117.3,decoder_by_matrix,5c8c81bfec719079c388cedc47a351f264c1bf769ae28a89f9b4fc7719fea501,"{""distance"":3,""physical_error_rate"":0.0005}","{""detection_events"":83586,""detectors_checked"":62539776,""obs_mistake_mask=E"":19}"
   1289216,         0,         0,   116.4,decoder_by_matrix,beec9fd12293a9cfe53c9b61fb8ce2a525e4eed38fa75d132d6dc64699336876,"{""distance"":3,""physical_error_rate"":0.0001}","{""detection_events"":19251,""detectors_checked"":69617664}"
   1288192,         0,         0,   116.4,decoder_by_matrix,beec9fd12293a9cfe53c9b61fb8ce2a525e4eed38fa75d132d6dc64699336876,"{""distance"":3,""physical_error_rate"":0.0001}","{""detection_events"":18642,""detectors_checked"":69562368}"
   1316864,         2,         0,   116.7,decoder_by_matrix,beec9fd12293a9cfe53c9b61fb8ce2a525e4eed38fa75d132d6dc64699336876,"{""distance"":3,""physical_error_rate"":0.0001}","{""detection_events"":18378,""detectors_checked"":71110656,""obs_mistake_mask=E"":2}"
   1163264,        14,         0,   117.1,decoder_by_matrix,5c8c81bfec719079c388cedc47a351f264c1bf769ae28a89f9b4fc7719fea501,"{""distance"":3,""physical_error_rate"":0.0005}","{""detection_events"":85665,""detectors_checked"":62816256,""obs_mistake_mask=E"":14}"
   1563648,         0,         0,   117.2,decoder_by_matrix,36e3cd26fed5ec7649ec51fb08c1a5e7d7f30e615782d954fee045c18a4962ca,"{""distance"":3,""physical_error_rate"":5e-05}","{""detection_events"":10998,""detectors_checked"":84436992}"
   1539072,         0,         0,   114.7,decoder_by_matrix,36e3cd26fed5ec7649ec51fb08c1a5e7d7f30e615782d954fee045c18a4962ca,"{""distance"":3,""physical_error_rate"":5e-05}","{""detection_events"":11460,""detectors_checked"":83109888}"
   1560576,         2,         0,   117.7,decoder_by_matrix,36e3cd26fed5ec7649ec51fb08c1a5e7d7f30e615782d954fee045c18a4962ca,"{""distance"":3,""physical_error_rate"":5e-05}","{""detection_events"":11109,""detectors_checked"":84271104,""obs_mistake_mask=E"":2}"
   1157120,        18,         0,   117.7,decoder_by_matrix,5c8c81bfec719079c388cedc47a351f264c1bf769ae28a89f9b4fc7719fea501,"{""distance"":3,""physical_error_rate"":0.0005}","{""detection_events"":84708,""detectors_checked"":62484480,""obs_mistake_mask=E"":18}"
   1318912,         0,         0,   117.8,decoder_by_matrix,beec9fd12293a9cfe53c9b61fb8ce2a525e4eed38fa75d132d6dc64699336876,"{""distance"":3,""physical_error_rate"":0.0001}","{""detection_events"":18822,""detectors_checked"":71221248}"
   1161216,        27,         0,   118.2,decoder_by_matrix,5c8c81bfec719079c388cedc47a351f264c1bf769ae28a89f9b4fc7719fea501,"{""distance"":3,""physical_error_rate"":0.0005}","{""detection_events"":84672,""detectors_checked"":62705664,""obs_mistake_mask=E"":27}"
   1313792,         1,         0,   116.3,decoder_by_matrix,beec9fd12293a9cfe53c9b61fb8ce2a525e4eed38fa75d132d6dc64699336876,"{""distance"":3,""physical_error_rate"":0.0001}","{""detection_events"":18831,""detectors_checked"":70944768,""obs_mistake_mask=E"":1}"
   1586176,         0,         0,   117.4,decoder_by_matrix,36e3cd26fed5ec7649ec51fb08c1a5e7d7f30e615782d954fee045c18a4962ca,"{""distance"":3,""physical_error_rate"":5e-05}","{""detection_events"":11394,""detectors_checked"":85653504}"
   1167360,        23,         0,   118.6,decoder_by_matrix,5c8c81bfec719079c388cedc47a351f264c1bf769ae28a89f9b4fc7719fea501,"{""distance"":3,""physical_error_rate"":0.0005}","{""detection_events"":84480,""detectors_checked"":63037440,""obs_mistake_mask=E"":23}"
   1567744,         0,         0,   118.2,decoder_by_matrix,36e3cd26fed5ec7649ec51fb08c1a5e7d7f30e615782d954fee045c18a4962ca,"{""distance"":3,""physical_error_rate"":5e-05}","{""detection_events"":11085,""detectors_checked"":84658176}"
   1524736,         0,         0,   117.5,decoder_by_matrix,36e3cd26fed5ec7649ec51fb08c1a5e7d7f30e615782d954fee045c18a4962ca,"{""distance"":3,""physical_error_rate"":5e-05}","{""detection_events"":10764,""detectors_checked"":82335744}"
   1294336,         0,         0,   118.8,decoder_by_matrix,beec9fd12293a9cfe53c9b61fb8ce2a525e4eed38fa75d132d6dc64699336876,"{""distance"":3,""physical_error_rate"":0.0001}","{""detection_events"":19458,""detectors_checked"":69894144}"
   1165312,        24,         0,   117.3,decoder_by_matrix,5c8c81bfec719079c388cedc47a351f264c1bf769ae28a89f9b4fc7719fea501,"{""distance"":3,""physical_error_rate"":0.0005}","{""detection_events"":85128,""detectors_checked"":62926848,""obs_mistake_mask=E"":24}"
   1572864,         0,         0,   115.3,decoder_by_matrix,36e3cd26fed5ec7649ec51fb08c1a5e7d7f30e615782d954fee045c18a4962ca,"{""distance"":3,""physical_error_rate"":5e-05}","{""detection_events"":11499,""detectors_checked"":84934656}"
   1536000,         1,         0,   117.2,decoder_by_matrix,36e3cd26fed5ec7649ec51fb08c1a5e7d7f30e615782d954fee045c18a4962ca,"{""distance"":3,""physical_error_rate"":5e-05}","{""detection_events"":11877,""detectors_checked"":82944000,""obs_mistake_mask=E"":1}"
   1170432,        23,         0,   118.1,decoder_by_matrix,5c8c81bfec719079c388cedc47a351f264c1bf769ae28a89f9b4fc7719fea501,"{""distance"":3,""physical_error_rate"":0.0005}","{""detection_events"":83691,""detectors_checked"":63203328,""obs_mistake_mask=E"":23}"
   1556480,         0,         0,   117.4,decoder_by_matrix,36e3cd26fed5ec7649ec51fb08c1a5e7d7f30e615782d954fee045c18a4962ca,"{""distance"":3,""physical_error_rate"":5e-05}","{""detection_events"":11310,""detectors_checked"":84049920}"
   1165312,        19,         0,   115.9,decoder_by_matrix,5c8c81bfec719079c388cedc47a351f264c1bf769ae28a89f9b4fc7719fea501,"{""distance"":3,""physical_error_rate"":0.0005}","{""detection_events"":85164,""detectors_checked"":62926848,""obs_mistake_mask=E"":19}"
   1168384,        22,         0,   116.9,decoder_by_matrix,5c8c81bfec719079c388cedc47a351f264c1bf769ae28a89f9b4fc7719fea501,"{""distance"":3,""physical_error_rate"":0.0005}","{""detection_events"":86028,""detectors_checked"":63092736,""obs_mistake_mask=E"":22}"
   1298432,         2,         0,   118.4,decoder_by_matrix,beec9fd12293a9cfe53c9b61fb8ce2a525e4eed38fa75d132d6dc64699336876,"{""distance"":3,""physical_error_rate"":0.0001}","{""detection_events"":19479,""detectors_checked"":70115328,""obs_mistake_mask=E"":2}"
   1551360,         0,         0,   116.8,decoder_by_matrix,36e3cd26fed5ec7649ec51fb08c1a5e7d7f30e615782d954fee045c18a4962ca,"{""distance"":3,""physical_error_rate"":5e-05}","{""detection_events"":11622,""detectors_checked"":83773440}"
   1166336,        21,         0,   118.5,decoder_by_matrix,5c8c81bfec719079c388cedc47a351f264c1bf769ae28a89f9b4fc7719fea501,"{""distance"":3,""physical_error_rate"":0.0005}","{""detection_events"":84993,""detectors_checked"":62982144,""obs_mistake_mask=E"":21}"
   1283072,         2,         0,   118.4,decoder_by_matrix,beec9fd12293a9cfe53c9b61fb8ce2a525e4eed38fa75d132d6dc64699336876,"{""distance"":3,""physical_error_rate"":0.0001}","{""detection_events"":18474,""detectors_checked"":69285888,""obs_mistake_mask=E"":2}"
   1163264,        32,         0,   116.7,decoder_by_matrix,5c8c81bfec719079c388cedc47a351f264c1bf769ae28a89f9b4fc7719fea501,"{""distance"":3,""physical_error_rate"":0.0005}","{""detection_events"":83475,""detectors_checked"":62816256,""obs_mistake_mask=E"":32}"
   1309696,         2,         0,   116.2,decoder_by_matrix,beec9fd12293a9cfe53c9b61fb8ce2a525e4eed38fa75d132d6dc64699336876,"{""distance"":3,""physical_error_rate"":0.0001}","{""detection_events"":19305,""detectors_checked"":70723584,""obs_mistake_mask=E"":2}"
   1565696,         0,         0,   118.1,decoder_by_matrix,36e3cd26fed5ec7649ec51fb08c1a5e7d7f30e615782d954fee045c18a4962ca,"{""distance"":3,""physical_error_rate"":5e-05}","{""detection_events"":11787,""detectors_checked"":84547584}"
   1168384,        26,         0,   117.8,decoder_by_matrix,5c8c81bfec719079c388cedc47a351f264c1bf769ae28a89f9b4fc7719fea501,"{""distance"":3,""physical_error_rate"":0.0005}","{""detection_events"":84618,""detectors_checked"":63092736,""obs_mistake_mask=E"":26}"
   1172480,        24,         0,   118.1,decoder_by_matrix,5c8c81bfec719079c388cedc47a351f264c1bf769ae28a89f9b4fc7719fea501,"{""distance"":3,""physical_error_rate"":0.0005}","{""detection_events"":85989,""detectors_checked"":63313920,""obs_mistake_mask=E"":24}"
   1313792,         0,         0,   117.3,decoder_by_matrix,beec9fd12293a9cfe53c9b61fb8ce2a525e4eed38fa75d132d6dc64699336876,"{""distance"":3,""physical_error_rate"":0.0001}","{""detection_events"":19512,""detectors_checked"":70944768}"
   1292288,         0,         0,   118.6,decoder_by_matrix,beec9fd12293a9cfe53c9b61fb8ce2a525e4eed38fa75d132d6dc64699336876,"{""distance"":3,""physical_error_rate"":0.0001}","{""detection_events"":19503,""detectors_checked"":69783552}"
   1307648,         0,         0,   117.1,decoder_by_matrix,beec9fd12293a9cfe53c9b61fb8ce2a525e4eed38fa75d132d6dc64699336876,"{""distance"":3,""physical_error_rate"":0.0001}","{""detection_events"":18207,""detectors_checked"":70612992}"
   1290240,         5,         0,   117.5,decoder_by_matrix,beec9fd12293a9cfe53c9b61fb8ce2a525e4eed38fa75d132d6dc64699336876,"{""distance"":3,""physical_error_rate"":0.0001}","{""detection_events"":18936,""detectors_checked"":69672960,""obs_mistake_mask=E"":5}"
   1545216,         0,         0,   115.9,decoder_by_matrix,36e3cd26fed5ec7649ec51fb08c1a5e7d7f30e615782d954fee045c18a4962ca,"{""distance"":3,""physical_error_rate"":5e-05}","{""detection_events"":11025,""detectors_checked"":83441664}"
   1537024,         0,         0,   119.1,decoder_by_matrix,36e3cd26fed5ec7649ec51fb08c1a5e7d7f30e615782d954fee045c18a4962ca,"{""distance"":3,""physical_error_rate"":5e-05}","{""detection_events"":11442,""detectors_checked"":82999296}"
   1558528,         0,         0,   117.2,decoder_by_matrix,36e3cd26fed5ec7649ec51fb08c1a5e7d7f30e615782d954fee045c18a4962ca,"{""distance"":3,""physical_error_rate"":5e-05}","{""detection_events"":11250,""detectors_checked"":84160512}"
   1294336,         0,         0,   116.7,decoder_by_matrix,beec9fd12293a9cfe53c9b61fb8ce2a525e4eed38fa75d132d6dc64699336876,"{""distance"":3,""physical_error_rate"":0.0001}","{""detection_events"":18894,""detectors_checked"":69894144}"
   1534976,         1,         0,   117.5,decoder_by_matrix,36e3cd26fed5ec7649ec51fb08c1a5e7d7f30e615782d954fee045c18a4962ca,"{""distance"":3,""physical_error_rate"":5e-05}","{""detection_events"":11172,""detectors_checked"":82888704,""obs_mistake_mask=E"":1}"
   1576960,         0,         0,   116.3,decoder_by_matrix,36e3cd26fed5ec7649ec51fb08c1a5e7d7f30e615782d954fee045c18a4962ca,"{""distance"":3,""physical_error_rate"":5e-05}","{""detection_events"":11358,""detectors_checked"":85155840}"
   1306624,         1,         0,   117.6,decoder_by_matrix,beec9fd12293a9cfe53c9b61fb8ce2a525e4eed38fa75d132d6dc64699336876,"{""distance"":3,""physical_error_rate"":0.0001}","{""detection_events"":18894,""detectors_checked"":70557696,""obs_mistake_mask=E"":1}"
   1161216,        22,         0,   117.3,decoder_by_matrix,5c8c81bfec719079c388cedc47a351f264c1bf769ae28a89f9b4fc7719fea501,"{""distance"":3,""physical_error_rate"":0.0005}","{""detection_events"":84879,""detectors_checked"":62705664,""obs_mistake_mask=E"":22}"
   1309696,         0,         0,   117.0,decoder_by_matrix,beec9fd12293a9cfe53c9b61fb8ce2a525e4eed38fa75d132d6dc64699336876,"{""distance"":3,""physical_error_rate"":0.0001}","{""detection_events"":18483,""detectors_checked"":70723584}"
   1162240,        17,         0,   118.0,decoder_by_matrix,5c8c81bfec719079c388cedc47a351f264c1bf769ae28a89f9b4fc7719fea501,"{""distance"":3,""physical_error_rate"":0.0005}","{""detection_events"":85326,""detectors_checked"":62760960,""obs_mistake_mask=E"":17}"
   1164288,        16,         0,   117.5,decoder_by_matrix,5c8c81bfec719079c388cedc47a351f264c1bf769ae28a89f9b4fc7719fea501,"{""distance"":3,""physical_error_rate"":0.0005}","{""detection_events"":83094,""detectors_checked"":62871552,""obs_mistake_mask=E"":16}"
   1307648,         0,         0,   116.2,decoder_by_matrix,beec9fd12293a9cfe53c9b61fb8ce2a525e4eed38fa75d132d6dc64699336876,"{""distance"":3,""physical_error_rate"":0.0001}","{""detection_events"":18258,""detectors_checked"":70612992}"
   1166336,        24,         0,   117.0,decoder_by_matrix,5c8c81bfec719079c388cedc47a351f264c1bf769ae28a89f9b4fc7719fea501,"{""distance"":3,""physical_error_rate"":0.0005}","{""detection_events"":85149,""detectors_checked"":62982144,""obs_mistake_mask=E"":24}"
   1593344,         0,         0,   117.4,decoder_by_matrix,36e3cd26fed5ec7649ec51fb08c1a5e7d7f30e615782d954fee045c18a4962ca,"{""distance"":3,""physical_error_rate"":5e-05}","{""detection_events"":10767,""detectors_checked"":86040576}"
   1529856,         0,         0,   116.9,decoder_by_matrix,36e3cd26fed5ec7649ec51fb08c1a5e7d7f30e615782d954fee045c18a4962ca,"{""distance"":3,""physical_error_rate"":5e-05}","{""detection_events"":11790,""detectors_checked"":82612224}"
   1159168,        20,         0,   116.8,decoder_by_matrix,5c8c81bfec719079c388cedc47a351f264c1bf769ae28a89f9b4fc7719fea501,"{""distance"":3,""physical_error_rate"":0.0005}","{""detection_events"":82665,""detectors_checked"":62595072,""obs_mistake_mask=E"":20}"
   1159168,        15,         0,   117.6,decoder_by_matrix,5c8c81bfec719079c388cedc47a351f264c1bf769ae28a89f9b4fc7719fea501,"{""distance"":3,""physical_error_rate"":0.0005}","{""detection_events"":84294,""detectors_checked"":62595072,""obs_mistake_mask=E"":15}"
   1319936,         2,         0,   116.5,decoder_by_matrix,beec9fd12293a9cfe53c9b61fb8ce2a525e4eed38fa75d132d6dc64699336876,"{""distance"":3,""physical_error_rate"":0.0001}","{""detection_events"":18420,""detectors_checked"":71276544,""obs_mistake_mask=E"":2}"
   1316864,         0,         0,   117.5,decoder_by_matrix,beec9fd12293a9cfe53c9b61fb8ce2a525e4eed38fa75d132d6dc64699336876,"{""distance"":3,""physical_error_rate"":0.0001}","{""detection_events"":19326,""detectors_checked"":71110656}"
   1315840,         0,         0,   117.3,decoder_by_matrix,beec9fd12293a9cfe53c9b61fb8ce2a525e4eed38fa75d132d6dc64699336876,"{""distance"":3,""physical_error_rate"":0.0001}","{""detection_events"":18576,""detectors_checked"":71055360}"
   1538048,         0,         0,   116.4,decoder_by_matrix,36e3cd26fed5ec7649ec51fb08c1a5e7d7f30e615782d954fee045c18a4962ca,"{""distance"":3,""physical_error_rate"":5e-05}","{""detection_events"":11136,""detectors_checked"":83054592}"
   1162240,        19,         0,   116.4,decoder_by_matrix,5c8c81bfec719079c388cedc47a351f264c1bf769ae28a89f9b4fc7719fea501,"{""distance"":3,""physical_error_rate"":0.0005}","{""detection_events"":85095,""detectors_checked"":62760960,""obs_mistake_mask=E"":19}"
   1308672,         1,         0,   116.9,decoder_by_matrix,beec9fd12293a9cfe53c9b61fb8ce2a525e4eed38fa75d132d6dc64699336876,"{""distance"":3,""physical_error_rate"":0.0001}","{""detection_events"":18771,""detectors_checked"":70668288,""obs_mistake_mask=E"":1}"
   1562624,         0,         0,   116.9,decoder_by_matrix,36e3cd26fed5ec7649ec51fb08c1a5e7d7f30e615782d954fee045c18a4962ca,"{""distance"":3,""physical_error_rate"":5e-05}","{""detection_events"":11292,""detectors_checked"":84381696}"
   1559552,         1,         0,   117.2,decoder_by_matrix,36e3cd26fed5ec7649ec51fb08c1a5e7d7f30e615782d954fee045c18a4962ca,"{""distance"":3,""physical_error_rate"":5e-05}","{""detection_events"":10887,""detectors_checked"":84215808,""obs_mistake_mask=E"":1}"
   1165312,        23,         0,   118.3,decoder_by_matrix,5c8c81bfec719079c388cedc47a351f264c1bf769ae28a89f9b4fc7719fea501,"{""distance"":3,""physical_error_rate"":0.0005}","{""detection_events"":84735,""detectors_checked"":62926848,""obs_mistake_mask=E"":23}"
   1161216,        19,         0,   118.6,decoder_by_matrix,5c8c81bfec719079c388cedc47a351f264c1bf769ae28a89f9b4fc7719fea501,"{""distance"":3,""physical_error_rate"":0.0005}","{""detection_events"":83298,""detectors_checked"":62705664,""obs_mistake_mask=E"":19}"
   1159168,        18,         0,   117.0,decoder_by_matrix,5c8c81bfec719079c388cedc47a351f264c1bf769ae28a89f9b4fc7719fea501,"{""distance"":3,""physical_error_rate"":0.0005}","{""detection_events"":83616,""detectors_checked"":62595072,""obs_mistake_mask=E"":18}"
   1302528,         0,         0,   117.4,decoder_by_matrix,beec9fd12293a9cfe53c9b61fb8ce2a525e4eed38fa75d132d6dc64699336876,"{""distance"":3,""physical_error_rate"":0.0001}","{""detection_events"":18948,""detectors_checked"":70336512}"
   1292288,         1,         0,   116.8,decoder_by_matrix,beec9fd12293a9cfe53c9b61fb8ce2a525e4eed38fa75d132d6dc64699336876,"{""distance"":3,""physical_error_rate"":0.0001}","{""detection_events"":18411,""detectors_checked"":69783552,""obs_mistake_mask=E"":1}"
   1310720,         1,         0,   117.0,decoder_by_matrix,beec9fd12293a9cfe53c9b61fb8ce2a525e4eed38fa75d132d6dc64699336876,"{""distance"":3,""physical_error_rate"":0.0001}","{""detection_events"":19104,""detectors_checked"":70778880,""obs_mistake_mask=E"":1}"
   1161216,        15,         0,   118.6,decoder_by_matrix,5c8c81bfec719079c388cedc47a351f264c1bf769ae28a89f9b4fc7719fea501,"{""distance"":3,""physical_error_rate"":0.0005}","{""detection_events"":83643,""detectors_checked"":62705664,""obs_mistake_mask=E"":15}"
   1555456,         0,         0,   117.4,decoder_by_matrix,36e3cd26fed5ec7649ec51fb08c1a5e7d7f30e615782d954fee045c18a4962ca,"{""distance"":3,""physical_error_rate"":5e-05}","{""detection_events"":11376,""detectors_checked"":83994624}"
   1545216,         0,         0,   116.4,decoder_by_matrix,36e3cd26fed5ec7649ec51fb08c1a5e7d7f30e615782d954fee045c18a4962ca,"{""distance"":3,""physical_error_rate"":5e-05}","{""detection_events"":11238,""detectors_checked"":83441664}"
   1539072,         0,         0,   117.8,decoder_by_matrix,36e3cd26fed5ec7649ec51fb08c1a5e7d7f30e615782d954fee045c18a4962ca,"{""distance"":3,""physical_error_rate"":5e-05}","{""detection_events"":11661,""detectors_checked"":83109888}"
   1157120,        30,         0,   117.5,decoder_by_matrix,5c8c81bfec719079c388cedc47a351f264c1bf769ae28a89f9b4fc7719fea501,"{""distance"":3,""physical_error_rate"":0.0005}","{""detection_events"":84333,""detectors_checked"":62484480,""obs_mistake_mask=E"":30}"
   1298432,         2,         0,   116.3,decoder_by_matrix,beec9fd12293a9cfe53c9b61fb8ce2a525e4eed38fa75d132d6dc64699336876,"{""distance"":3,""physical_error_rate"":0.0001}","{""detection_events"":18999,""detectors_checked"":70115328,""obs_mistake_mask=E"":2}"
   1164288,        19,         0,   116.5,decoder_by_matrix,5c8c81bfec719079c388cedc47a351f264c1bf769ae28a89f9b4fc7719fea501,"{""distance"":3,""physical_error_rate"":0.0005}","{""detection_events"":85437,""detectors_checked"":62871552,""obs_mistake_mask=E"":19}"
    889856,        16,         0,    89.7,decoder_by_matrix,5c8c81bfec719079c388cedc47a351f264c1bf769ae28a89f9b4fc7719fea501,"{""distance"":3,""physical_error_rate"":0.0005}","{""detection_events"":65025,""detectors_checked"":48052224,""obs_mistake_mask=E"":16}"
   1038336,        24,         0,   105.0,decoder_by_matrix,5c8c81bfec719079c388cedc47a351f264c1bf769ae28a89f9b4fc7719fea501,"{""distance"":3,""physical_error_rate"":0.0005}","{""detection_events"":75027,""detectors_checked"":56070144,""obs_mistake_mask=E"":24}"
    691200,         9,         0,    70.3,decoder_by_matrix,5c8c81bfec719079c388cedc47a351f264c1bf769ae28a89f9b4fc7719fea501,"{""distance"":3,""physical_error_rate"":0.0005}","{""detection_events"":49968,""detectors_checked"":37324800,""obs_mistake_mask=E"":9}"
    885760,        15,         0,    88.6,decoder_by_matrix,5c8c81bfec719079c388cedc47a351f264c1bf769ae28a89f9b4fc7719fea501,"{""distance"":3,""physical_error_rate"":0.0005}","{""detection_events"":63885,""detectors_checked"":47831040,""obs_mistake_mask=E"":15}"
   1019904,        15,         0,   103.3,decoder_by_matrix,5c8c81bfec719079c388cedc47a351f264c1bf769ae28a89f9b4fc7719fea501,"{""distance"":3,""physical_error_rate"":0.0005}","{""detection_events"":75759,""detectors_checked"":55074816,""obs_mistake_mask=E"":15}"
    221184,         3,         0,    22.1,decoder_by_matrix,5c8c81bfec719079c388cedc47a351f264c1bf769ae28a89f9b4fc7719fea501,"{""distance"":3,""physical_error_rate"":0.0005}","{""detection_events"":16023,""detectors_checked"":11943936,""obs_mistake_mask=E"":3}"
    880640,        18,         0,    88.6,decoder_by_matrix,5c8c81bfec719079c388cedc47a351f264c1bf769ae28a89f9b4fc7719fea501,"{""distance"":3,""physical_error_rate"":0.0005}","{""detection_events"":63633,""detectors_checked"":47554560,""obs_mistake_mask=E"":18}"
    217088,         4,         0,    22.2,decoder_by_matrix,5c8c81bfec719079c388cedc47a351f264c1bf769ae28a89f9b4fc7719fea501,"{""distance"":3,""physical_error_rate"":0.0005}","{""detection_events"":16026,""detectors_checked"":11722752,""obs_mistake_mask=E"":4}"
   1007616,        21,         0,   101.1,decoder_by_matrix,5c8c81bfec719079c388cedc47a351f264c1bf769ae28a89f9b4fc7719fea501,"{""distance"":3,""physical_error_rate"":0.0005}","{""detection_events"":73695,""detectors_checked"":54411264,""obs_mistake_mask=E"":21}"
    684032,        13,         0,    69.7,decoder_by_matrix,5c8c81bfec719079c388cedc47a351f264c1bf769ae28a89f9b4fc7719fea501,"{""distance"":3,""physical_error_rate"":0.0005}","{""detection_events"":50367,""detectors_checked"":36937728,""obs_mistake_mask=E"":13}"
   1161216,        19,         0,   115.0,decoder_by_matrix,5c8c81bfec719079c388cedc47a351f264c1bf769ae28a89f9b4fc7719fea501,"{""distance"":3,""physical_error_rate"":0.0005}","{""detection_events"":84108,""detectors_checked"":62705664,""obs_mistake_mask=E"":19}"
   1025024,        14,         0,   103.8,decoder_by_matrix,5c8c81bfec719079c388cedc47a351f264c1bf769ae28a89f9b4fc7719fea501,"{""distance"":3,""physical_error_rate"":0.0005}","{""detection_events"":74289,""detectors_checked"":55351296,""obs_mistake_mask=E"":14}"
    881664,        19,         0,    89.7,decoder_by_matrix,5c8c81bfec719079c388cedc47a351f264c1bf769ae28a89f9b4fc7719fea501,"{""distance"":3,""physical_error_rate"":0.0005}","{""detection_events"":62850,""detectors_checked"":47609856,""obs_mistake_mask=E"":19}"
    209920,         2,         0,    21.2,decoder_by_matrix,5c8c81bfec719079c388cedc47a351f264c1bf769ae28a89f9b4fc7719fea501,"{""distance"":3,""physical_error_rate"":0.0005}","{""detection_events"":15507,""detectors_checked"":11335680,""obs_mistake_mask=E"":2}"
   1308672,         2,         0,   116.4,decoder_by_matrix,beec9fd12293a9cfe53c9b61fb8ce2a525e4eed38fa75d132d6dc64699336876,"{""distance"":3,""physical_error_rate"":0.0001}","{""detection_events"":18537,""detectors_checked"":70668288,""obs_mistake_mask=E"":2}"
    679936,         7,         0,    68.8,decoder_by_matrix,5c8c81bfec719079c388cedc47a351f264c1bf769ae28a89f9b4fc7719fea501,"{""distance"":3,""physical_error_rate"":0.0005}","{""detection_events"":50622,""detectors_checked"":36716544,""obs_mistake_mask=E"":7}"
    889856,        14,         0,    90.2,decoder_by_matrix,5c8c81bfec719079c388cedc47a351f264c1bf769ae28a89f9b4fc7719fea501,"{""distance"":3,""physical_error_rate"":0.0005}","{""detection_events"":64932,""detectors_checked"":48052224,""obs_mistake_mask=E"":14}"
   1008640,        18,         0,   100.9,decoder_by_matrix,5c8c81bfec719079c388cedc47a351f264c1bf769ae28a89f9b4fc7719fea501,"{""distance"":3,""physical_error_rate"":0.0005}","{""detection_events"":72546,""detectors_checked"":54466560,""obs_mistake_mask=E"":18}"
   1039360,        12,         0,   104.8,decoder_by_matrix,5c8c81bfec719079c388cedc47a351f264c1bf769ae28a89f9b4fc7719fea501,"{""distance"":3,""physical_error_rate"":0.0005}","{""detection_events"":74337,""detectors_checked"":56125440,""obs_mistake_mask=E"":12}"
   1022976,        24,         0,   104.0,decoder_by_matrix,5c8c81bfec719079c388cedc47a351f264c1bf769ae28a89f9b4fc7719fea501,"{""distance"":3,""physical_error_rate"":0.0005}","{""detection_events"":75129,""detectors_checked"":55240704,""obs_mistake_mask=E"":24}"
   1553408,         0,         0,   117.1,decoder_by_matrix,36e3cd26fed5ec7649ec51fb08c1a5e7d7f30e615782d954fee045c18a4962ca,"{""distance"":3,""physical_error_rate"":5e-05}","{""detection_events"":11322,""detectors_checked"":83884032}"
    889856,        12,         0,    91.1,decoder_by_matrix,5c8c81bfec719079c388cedc47a351f264c1bf769ae28a89f9b4fc7719fea501,"{""distance"":3,""physical_error_rate"":0.0005}","{""detection_events"":65811,""detectors_checked"":48052224,""obs_mistake_mask=E"":12}"
   1013760,        22,         0,   101.2,decoder_by_matrix,5c8c81bfec719079c388cedc47a351f264c1bf769ae28a89f9b4fc7719fea501,"{""distance"":3,""physical_error_rate"":0.0005}","{""detection_events"":72933,""detectors_checked"":54743040,""obs_mistake_mask=E"":22}"
         1,         0,         0,   0.000,decoder_by_matrix,36e3cd26fed5ec7649ec51fb08c1a5e7d7f30e615782d954fee045c18a4962ca,"{""distance"":3,""physical_error_rate"":5e-05}","{""detectors_checked"":54}"
         1,         0,         0,   0.000,decoder_by_matrix,beec9fd12293a9cfe53c9b61fb8ce2a525e4eed38fa75d132d6dc64699336876,"{""distance"":3,""physical_error_rate"":0.0001}","{""detectors_checked"":54}"
      4368,         0,         0,   0.053,decoder_by_matrix,36e3cd26fed5ec7649ec51fb08c1a5e7d7f30e615782d954fee045c18a4962ca,"{""distance"":3,""physical_error_rate"":5e-05}","{""detection_events"":27,""detectors_checked"":235872}"
         1,         0,         0,   0.000,decoder_by_matrix,36e3cd26fed5ec7649ec51fb08c1a5e7d7f30e615782d954fee045c18a4962ca,"{""distance"":3,""physical_error_rate"":5e-05}","{""detectors_checked"":54}"
         1,         0,         0,   0.000,decoder_by_matrix,beec9fd12293a9cfe53c9b61fb8ce2a525e4eed38fa75d132d6dc64699336876,"{""distance"":3,""physical_error_rate"":0.0001}","{""detectors_checked"":54}"
         1,         0,         0,   0.000,decoder_by_matrix,36e3cd26fed5ec7649ec51fb08c1a5e7d7f30e615782d954fee045c18a4962ca,"{""distance"":3,""physical_error_rate"":5e-05}","{""detectors_checked"":54}"
         1,         0,         0,   0.000,decoder_by_matrix,36e3cd26fed5ec7649ec51fb08c1a5e7d7f30e615782d954fee045c18a4962ca,"{""distance"":3,""physical_error_rate"":5e-05}","{""detectors_checked"":54}"
         1,         0,         0,   0.000,decoder_by_matrix,beec9fd12293a9cfe53c9b61fb8ce2a525e4eed38fa75d132d6dc64699336876,"{""distance"":3,""physical_error_rate"":0.0001}","{""detectors_checked"":54}"
         1,         0,         0,   0.000,decoder_by_matrix,36e3cd26fed5ec7649ec51fb08c1a5e7d7f30e615782d954fee045c18a4962ca,"{""distance"":3,""physical_error_rate"":5e-05}","{""detectors_checked"":54}"
         1,         0,         0,   0.000,decoder_by_matrix,36e3cd26fed5ec7649ec51fb08c1a5e7d7f30e615782d954fee045c18a4962ca,"{""distance"":3,""physical_error_rate"":5e-05}","{""detectors_checked"":54}"
         1,         0,         0,   0.000,decoder_by_matrix,beec9fd12293a9cfe53c9b61fb8ce2a525e4eed38fa75d132d6dc64699336876,"{""distance"":3,""physical_error_rate"":0.0001}","{""detectors_checked"":54}"
         1,         0,         0,   0.000,decoder_by_matrix,36e3cd26fed5ec7649ec51fb08c1a5e7d7f30e615782d954fee045c18a4962ca,"{""distance"":3,""physical_error_rate"":5e-05}","{""detectors_checked"":54}"
         1,         0,         0,   0.000,decoder_by_matrix,beec9fd12293a9cfe53c9b61fb8ce2a525e4eed38fa75d132d6dc64699336876,"{""distance"":3,""physical_error_rate"":0.0001}","{""detectors_checked"":54}"
         1,         0,         0,   0.000,decoder_by_matrix,beec9fd12293a9cfe53c9b61fb8ce2a525e4eed38fa75d132d6dc64699336876,"{""distance"":3,""physical_error_rate"":0.0001}","{""detectors_checked"":54}"
         1,         0,         0,   0.000,decoder_by_matrix,beec9fd12293a9cfe53c9b61fb8ce2a525e4eed38fa75d132d6dc64699336876,"{""distance"":3,""physical_error_rate"":0.0001}","{""detectors_checked"":54}"
         1,         0,         0,   0.000,decoder_by_matrix,beec9fd12293a9cfe53c9b61fb8ce2a525e4eed38fa75d132d6dc64699336876,"{""distance"":3,""physical_error_rate"":0.0001}","{""detectors_checked"":54}"
         1,         0,         0,   0.000,decoder_by_matrix,36e3cd26fed5ec7649ec51fb08c1a5e7d7f30e615782d954fee045c18a4962ca,"{""distance"":3,""physical_error_rate"":5e-05}","{""detectors_checked"":54}"
         1,         0,         0,   0.000,decoder_by_matrix,36e3cd26fed5ec7649ec51fb08c1a5e7d7f30e615782d954fee045c18a4962ca,"{""distance"":3,""physical_error_rate"":5e-05}","{""detectors_checked"":54}"
         1,         0,         0,   0.000,decoder_by_matrix,beec9fd12293a9cfe53c9b61fb8ce2a525e4eed38fa75d132d6dc64699336876,"{""distance"":3,""physical_error_rate"":0.0001}","{""detectors_checked"":54}"
         1,         0,         0,   0.000,decoder_by_matrix,36e3cd26fed5ec7649ec51fb08c1a5e7d7f30e615782d954fee045c18a4962ca,"{""distance"":3,""physical_error_rate"":5e-05}","{""detectors_checked"":54}"
      2320,         0,         0,   0.068,decoder_by_matrix,36e3cd26fed5ec7649ec51fb08c1a5e7d7f30e615782d954fee045c18a4962ca,"{""distance"":3,""physical_error_rate"":5e-05}","{""detection_events"":27,""detectors_checked"":125280}"
      2320,         0,         0,   0.064,decoder_by_matrix,36e3cd26fed5ec7649ec51fb08c1a5e7d7f30e615782d954fee045c18a4962ca,"{""distance"":3,""physical_error_rate"":5e-05}","{""detection_events"":30,""detectors_checked"":125280}"
      2320,         0,         0,   0.064,decoder_by_matrix,36e3cd26fed5ec7649ec51fb08c1a5e7d7f30e615782d954fee045c18a4962ca,"{""distance"":3,""physical_error_rate"":5e-05}","{""detection_events"":24,""detectors_checked"":125280}"
      2320,         0,         0,   0.076,decoder_by_matrix,beec9fd12293a9cfe53c9b61fb8ce2a525e4eed38fa75d132d6dc64699336876,"{""distance"":3,""physical_error_rate"":0.0001}","{""detection_events"":45,""detectors_checked"":125280}"
         1,         0,         0,   0.000,decoder_by_matrix,beec9fd12293a9cfe53c9b61fb8ce2a525e4eed38fa75d132d6dc64699336876,"{""distance"":3,""physical_error_rate"":0.0001}","{""detectors_checked"":54}"
         1,         0,         0,   0.000,decoder_by_matrix,36e3cd26fed5ec7649ec51fb08c1a5e7d7f30e615782d954fee045c18a4962ca,"{""distance"":3,""physical_error_rate"":5e-05}","{""detectors_checked"":54}"
         1,         0,         0,   0.000,decoder_by_matrix,beec9fd12293a9cfe53c9b61fb8ce2a525e4eed38fa75d132d6dc64699336876,"{""distance"":3,""physical_error_rate"":0.0001}","{""detectors_checked"":54}"
      3344,         0,         0,   0.080,decoder_by_matrix,beec9fd12293a9cfe53c9b61fb8ce2a525e4eed38fa75d132d6dc64699336876,"{""distance"":3,""physical_error_rate"":0.0001}","{""detection_events"":24,""detectors_checked"":180576}"
      3344,         0,         0,   0.080,decoder_by_matrix,36e3cd26fed5ec7649ec51fb08c1a5e7d7f30e615782d954fee045c18a4962ca,"{""distance"":3,""physical_error_rate"":5e-05}","{""detection_events"":33,""detectors_checked"":180576}"
      2320,         0,         0,   0.080,decoder_by_matrix,36e3cd26fed5ec7649ec51fb08c1a5e7d7f30e615782d954fee045c18a4962ca,"{""distance"":3,""physical_error_rate"":5e-05}","{""detection_events"":42,""detectors_checked"":125280}"
      2320,         0,         0,   0.080,decoder_by_matrix,beec9fd12293a9cfe53c9b61fb8ce2a525e4eed38fa75d132d6dc64699336876,"{""distance"":3,""physical_error_rate"":0.0001}","{""detection_events"":12,""detectors_checked"":125280}"
      2320,         0,         0,   0.080,decoder_by_matrix,36e3cd26fed5ec7649ec51fb08c1a5e7d7f30e615782d954fee045c18a4962ca,"{""distance"":3,""physical_error_rate"":5e-05}","{""detection_events"":30,""detectors_checked"":125280}"
      2320,         0,         0,   0.080,decoder_by_matrix,beec9fd12293a9cfe53c9b61fb8ce2a525e4eed38fa75d132d6dc64699336876,"{""distance"":3,""physical_error_rate"":0.0001}","{""detection_events"":39,""detectors_checked"":125280}"
      2320,         0,         0,   0.080,decoder_by_matrix,beec9fd12293a9cfe53c9b61fb8ce2a525e4eed38fa75d132d6dc64699336876,"{""distance"":3,""physical_error_rate"":0.0001}","{""detection_events"":57,""detectors_checked"":125280}"
      3344,         0,         0,   0.081,decoder_by_matrix,beec9fd12293a9cfe53c9b61fb8ce2a525e4eed38fa75d132d6dc64699336876,"{""distance"":3,""physical_error_rate"":0.0001}","{""detection_events"":33,""detectors_checked"":180576}"
      2320,         0,         0,   0.079,decoder_by_matrix,beec9fd12293a9cfe53c9b61fb8ce2a525e4eed38fa75d132d6dc64699336876,"{""distance"":3,""physical_error_rate"":0.0001}","{""detection_events"":36,""detectors_checked"":125280}"
      2320,         0,         0,   0.079,decoder_by_matrix,36e3cd26fed5ec7649ec51fb08c1a5e7d7f30e615782d954fee045c18a4962ca,"{""distance"":3,""physical_error_rate"":5e-05}","{""detection_events"":15,""detectors_checked"":125280}"
      2320,         0,         0,   0.080,decoder_by_matrix,36e3cd26fed5ec7649ec51fb08c1a5e7d7f30e615782d954fee045c18a4962ca,"{""distance"":3,""physical_error_rate"":5e-05}","{""detection_events"":21,""detectors_checked"":125280}"
      2320,         0,         0,   0.080,decoder_by_matrix,beec9fd12293a9cfe53c9b61fb8ce2a525e4eed38fa75d132d6dc64699336876,"{""distance"":3,""physical_error_rate"":0.0001}","{""detection_events"":42,""detectors_checked"":125280}"
      3344,         0,         0,   0.080,decoder_by_matrix,36e3cd26fed5ec7649ec51fb08c1a5e7d7f30e615782d954fee045c18a4962ca,"{""distance"":3,""physical_error_rate"":5e-05}","{""detection_events"":9,""detectors_checked"":180576}"
      3072,         0,         0,   0.005,decoder_by_matrix,36e3cd26fed5ec7649ec51fb08c1a5e7d7f30e615782d954fee045c18a4962ca,"{""distance"":3,""physical_error_rate"":5e-05}","{""detection_events"":33,""detectors_checked"":165888}"
      3072,         0,         0,   0.081,decoder_by_matrix,36e3cd26fed5ec7649ec51fb08c1a5e7d7f30e615782d954fee045c18a4962ca,"{""distance"":3,""physical_error_rate"":5e-05}","{""detection_events"":18,""detectors_checked"":165888}"
      5120,         0,         0,   0.080,decoder_by_matrix,36e3cd26fed5ec7649ec51fb08c1a5e7d7f30e615782d954fee045c18a4962ca,"{""distance"":3,""physical_error_rate"":5e-05}","{""detection_events"":9,""detectors_checked"":276480}"
      3072,         0,         0,   0.081,decoder_by_matrix,beec9fd12293a9cfe53c9b61fb8ce2a525e4eed38fa75d132d6dc64699336876,"{""distance"":3,""physical_error_rate"":0.0001}","{""detection_events"":45,""detectors_checked"":165888}"
      3344,         0,         0,   0.080,decoder_by_matrix,beec9fd12293a9cfe53c9b61fb8ce2a525e4eed38fa75d132d6dc64699336876,"{""distance"":3,""physical_error_rate"":0.0001}","{""detection_events"":54,""detectors_checked"":180576}"
      5392,         0,         0,   0.079,decoder_by_matrix,36e3cd26fed5ec7649ec51fb08c1a5e7d7f30e615782d954fee045c18a4962ca,"{""distance"":3,""physical_error_rate"":5e-05}","{""detection_events"":6,""detectors_checked"":291168}"
      2320,         0,         0,   0.080,decoder_by_matrix,beec9fd12293a9cfe53c9b61fb8ce2a525e4eed38fa75d132d6dc64699336876,"{""distance"":3,""physical_error_rate"":0.0001}","{""detection_events"":54,""detectors_checked"":125280}"
      2048,         0,         0,   0.079,decoder_by_matrix,beec9fd12293a9cfe53c9b61fb8ce2a525e4eed38fa75d132d6dc64699336876,"{""distance"":3,""physical_error_rate"":0.0001}","{""detection_events"":30,""detectors_checked"":110592}"
      1024,         0,         0,   0.002,decoder_by_matrix,beec9fd12293a9cfe53c9b61fb8ce2a525e4eed38fa75d132d6dc64699336876,"{""distance"":3,""physical_error_rate"":0.0001}","{""detection_events"":39,""detectors_checked"":55296}"
      4096,         0,         0,   0.074,decoder_by_matrix,36e3cd26fed5ec7649ec51fb08c1a5e7d7f30e615782d954fee045c18a4962ca,"{""distance"":3,""physical_error_rate"":5e-05}","{""detection_events"":33,""detectors_checked"":221184}"
      1024,         0,         0,   0.002,decoder_by_matrix,36e3cd26fed5ec7649ec51fb08c1a5e7d7f30e615782d954fee045c18a4962ca,"{""distance"":3,""physical_error_rate"":5e-05}","{""detection_events"":6,""detectors_checked"":55296}"
      3072,         0,         0,   0.076,decoder_by_matrix,36e3cd26fed5ec7649ec51fb08c1a5e7d7f30e615782d954fee045c18a4962ca,"{""distance"":3,""physical_error_rate"":5e-05}","{""detection_events"":15,""detectors_checked"":165888}"
      1024,         0,         0,   0.001,decoder_by_matrix,36e3cd26fed5ec7649ec51fb08c1a5e7d7f30e615782d954fee045c18a4962ca,"{""distance"":3,""physical_error_rate"":5e-05}","{""detectors_checked"":55296}"
      3072,         0,         0,   0.064,decoder_by_matrix,beec9fd12293a9cfe53c9b61fb8ce2a525e4eed38fa75d132d6dc64699336876,"{""distance"":3,""physical_error_rate"":0.0001}","{""detection_events"":18,""detectors_checked"":165888}"
      1024,         0,         0,   0.002,decoder_by_matrix,beec9fd12293a9cfe53c9b61fb8ce2a525e4eed38fa75d132d6dc64699336876,"{""distance"":3,""physical_error_rate"":0.0001}","{""detection_events"":6,""detectors_checked"":55296}"
      4096,         0,         0,   0.068,decoder_by_matrix,36e3cd26fed5ec7649ec51fb08c1a5e7d7f30e615782d954fee045c18a4962ca,"{""distance"":3,""physical_error_rate"":5e-05}","{""detection_events"":15,""detectors_checked"":221184}"
      1024,         0,         0,   0.002,decoder_by_matrix,36e3cd26fed5ec7649ec51fb08c1a5e7d7f30e615782d954fee045c18a4962ca,"{""distance"":3,""physical_error_rate"":5e-05}","{""detection_events"":15,""detectors_checked"":55296}"
      3072,         0,         0,   0.071,decoder_by_matrix,beec9fd12293a9cfe53c9b61fb8ce2a525e4eed38fa75d132d6dc64699336876,"{""distance"":3,""physical_error_rate"":0.0001}","{""detection_events"":48,""detectors_checked"":165888}"
      1024,         0,         0,   0.002,decoder_by_matrix,beec9fd12293a9cfe53c9b61fb8ce2a525e4eed38fa75d132d6dc64699336876,"{""distance"":3,""physical_error_rate"":0.0001}","{""detection_events"":27,""detectors_checked"":55296}"
      2048,         0,         0,   0.061,decoder_by_matrix,beec9fd12293a9cfe53c9b61fb8ce2a525e4eed38fa75d132d6dc64699336876,"{""distance"":3,""physical_error_rate"":0.0001}","{""detection_events"":33,""detectors_checked"":110592}"
      1024,         0,         0,   0.001,decoder_by_matrix,beec9fd12293a9cfe53c9b61fb8ce2a525e4eed38fa75d132d6dc64699336876,"{""distance"":3,""physical_error_rate"":0.0001}","{""detectors_checked"":55296}"
      4096,         0,         0,   0.055,decoder_by_matrix,36e3cd26fed5ec7649ec51fb08c1a5e7d7f30e615782d954fee045c18a4962ca,"{""distance"":3,""physical_error_rate"":5e-05}","{""detection_events"":36,""detectors_checked"":221184}"
      1024,         0,         0,   0.002,decoder_by_matrix,36e3cd26fed5ec7649ec51fb08c1a5e7d7f30e615782d954fee045c18a4962ca,"{""distance"":3,""physical_error_rate"":5e-05}","{""detection_events"":18,""detectors_checked"":55296}"
      4096,         0,         0,   0.049,decoder_by_matrix,36e3cd26fed5ec7649ec51fb08c1a5e7d7f30e615782d954fee045c18a4962ca,"{""distance"":3,""physical_error_rate"":5e-05}","{""detection_events"":6,""detectors_checked"":221184}"
      1024,         0,         0,   0.002,decoder_by_matrix,36e3cd26fed5ec7649ec51fb08c1a5e7d7f30e615782d954fee045c18a4962ca,"{""distance"":3,""physical_error_rate"":5e-05}","{""detection_events"":12,""detectors_checked"":55296}"
      5392,         0,         0,   0.345,decoder_by_matrix,beec9fd12293a9cfe53c9b61fb8ce2a525e4eed38fa75d132d6dc64699336876,"{""distance"":3,""physical_error_rate"":0.0001}","{""detection_events"":75,""detectors_checked"":291168}"
      1024,         0,         0,   0.002,decoder_by_matrix,beec9fd12293a9cfe53c9b61fb8ce2a525e4eed38fa75d132d6dc64699336876,"{""distance"":3,""physical_error_rate"":0.0001}","{""detection_events"":42,""detectors_checked"":55296}"
      3072,         0,         0,   0.053,decoder_by_matrix,beec9fd12293a9cfe53c9b61fb8ce2a525e4eed38fa75d132d6dc64699336876,"{""distance"":3,""physical_error_rate"":0.0001}","{""detection_events"":42,""detectors_checked"":165888}"
      1024,         0,         0,   0.002,decoder_by_matrix,beec9fd12293a9cfe53c9b61fb8ce2a525e4eed38fa75d132d6dc64699336876,"{""distance"":3,""physical_error_rate"":0.0001}","{""detection_events"":9,""detectors_checked"":55296}"
      5120,         0,         0,   0.062,decoder_by_matrix,36e3cd26fed5ec7649ec51fb08c1a5e7d7f30e615782d954fee045c18a4962ca,"{""distance"":3,""physical_error_rate"":5e-05}","{""detection_events"":9,""detectors_checked"":276480}"
      1024,         0,         0,   0.002,decoder_by_matrix,36e3cd26fed5ec7649ec51fb08c1a5e7d7f30e615782d954fee045c18a4962ca,"{""distance"":3,""physical_error_rate"":5e-05}","{""detection_events"":3,""detectors_checked"":55296}"
      3072,         0,         0,   0.053,decoder_by_matrix,36e3cd26fed5ec7649ec51fb08c1a5e7d7f30e615782d954fee045c18a4962ca,"{""distance"":3,""physical_error_rate"":5e-05}","{""detection_events"":21,""detectors_checked"":165888}"
      1024,         0,         0,   0.002,decoder_by_matrix,36e3cd26fed5ec7649ec51fb08c1a5e7d7f30e615782d954fee045c18a4962ca,"{""distance"":3,""physical_error_rate"":5e-05}","{""detection_events"":6,""detectors_checked"":55296}"
      4096,         0,         0,   0.065,decoder_by_matrix,beec9fd12293a9cfe53c9b61fb8ce2a525e4eed38fa75d132d6dc64699336876,"{""distance"":3,""physical_error_rate"":0.0001}","{""detection_events"":54,""detectors_checked"":221184}"
      1024,         0,         0,   0.002,decoder_by_matrix,beec9fd12293a9cfe53c9b61fb8ce2a525e4eed38fa75d132d6dc64699336876,"{""distance"":3,""physical_error_rate"":0.0001}","{""detection_events"":12,""detectors_checked"":55296}"
      3072,         0,         0,   0.061,decoder_by_matrix,beec9fd12293a9cfe53c9b61fb8ce2a525e4eed38fa75d132d6dc64699336876,"{""distance"":3,""physical_error_rate"":0.0001}","{""detection_events"":54,""detectors_checked"":165888}"
      1024,         0,         0,   0.002,decoder_by_matrix,beec9fd12293a9cfe53c9b61fb8ce2a525e4eed38fa75d132d6dc64699336876,"{""distance"":3,""physical_error_rate"":0.0001}","{""detection_events"":12,""detectors_checked"":55296}"
      4096,         0,         0,   0.058,decoder_by_matrix,36e3cd26fed5ec7649ec51fb08c1a5e7d7f30e615782d954fee045c18a4962ca,"{""distance"":3,""physical_error_rate"":5e-05}","{""detection_events"":36,""detectors_checked"":221184}"
      1024,         0,         0,   0.002,decoder_by_matrix,36e3cd26fed5ec7649ec51fb08c1a5e7d7f30e615782d954fee045c18a4962ca,"{""distance"":3,""physical_error_rate"":5e-05}","{""detection_events"":9,""detectors_checked"":55296}"
      3072,         0,         0,   0.314,decoder_by_matrix,36e3cd26fed5ec7649ec51fb08c1a5e7d7f30e615782d954fee045c18a4962ca,"{""distance"":3,""physical_error_rate"":5e-05}","{""detection_events"":63,""detectors_checked"":165888}"
      1024,         0,         0,   0.001,decoder_by_matrix,36e3cd26fed5ec7649ec51fb08c1a5e7d7f30e615782d954fee045c18a4962ca,"{""distance"":3,""physical_error_rate"":5e-05}","{""detectors_checked"":55296}"
      3072,         0,         0,   0.063,decoder_by_matrix,36e3cd26fed5ec7649ec51fb08c1a5e7d7f30e615782d954fee045c18a4962ca,"{""distance"":3,""physical_error_rate"":5e-05}","{""detection_events"":9,""detectors_checked"":165888}"
      1024,         0,         0,   0.002,decoder_by_matrix,36e3cd26fed5ec7649ec51fb08c1a5e7d7f30e615782d954fee045c18a4962ca,"{""distance"":3,""physical_error_rate"":5e-05}","{""detection_events"":3,""detectors_checked"":55296}"
      3072,         0,         0,   0.058,decoder_by_matrix,beec9fd12293a9cfe53c9b61fb8ce2a525e4eed38fa75d132d6dc64699336876,"{""distance"":3,""physical_error_rate"":0.0001}","{""detection_events"":48,""detectors_checked"":165888}"
      1024,         0,         0,   0.002,decoder_by_matrix,beec9fd12293a9cfe53c9b61fb8ce2a525e4eed38fa75d132d6dc64699336876,"{""distance"":3,""physical_error_rate"":0.0001}","{""detection_events"":24,""detectors_checked"":55296}"
      3072,         0,         0,   0.063,decoder_by_matrix,36e3cd26fed5ec7649ec51fb08c1a5e7d7f30e615782d954fee045c18a4962ca,"{""distance"":3,""physical_error_rate"":5e-05}","{""detection_events"":33,""detectors_checked"":165888}"
      1024,         0,         0,   0.002,decoder_by_matrix,36e3cd26fed5ec7649ec51fb08c1a5e7d7f30e615782d954fee045c18a4962ca,"{""distance"":3,""physical_error_rate"":5e-05}","{""detection_events"":12,""detectors_checked"":55296}"
   1562624,         0,         0,   117.2,decoder_by_matrix,36e3cd26fed5ec7649ec51fb08c1a5e7d7f30e615782d954fee045c18a4962ca,"{""distance"":3,""physical_error_rate"":5e-05}","{""detection_events"":11562,""detectors_checked"":84381696}"
      3072,         0,         0,   0.061,decoder_by_matrix,beec9fd12293a9cfe53c9b61fb8ce2a525e4eed38fa75d132d6dc64699336876,"{""distance"":3,""physical_error_rate"":0.0001}","{""detection_events"":24,""detectors_checked"":165888}"
      1024,         0,         0,   0.002,decoder_by_matrix,beec9fd12293a9cfe53c9b61fb8ce2a525e4eed38fa75d132d6dc64699336876,"{""distance"":3,""physical_error_rate"":0.0001}","{""detection_events"":18,""detectors_checked"":55296}"
      3072,         0,         0,   0.120,decoder_by_matrix,beec9fd12293a9cfe53c9b61fb8ce2a525e4eed38fa75d132d6dc64699336876,"{""distance"":3,""physical_error_rate"":0.0001}","{""detection_events"":45,""detectors_checked"":165888}"
      1024,         0,         0,   0.002,decoder_by_matrix,beec9fd12293a9cfe53c9b61fb8ce2a525e4eed38fa75d132d6dc64699336876,"{""distance"":3,""physical_error_rate"":0.0001}","{""detection_events"":15,""detectors_checked"":55296}"
      2048,         0,         0,   0.048,decoder_by_matrix,36e3cd26fed5ec7649ec51fb08c1a5e7d7f30e615782d954fee045c18a4962ca,"{""distance"":3,""physical_error_rate"":5e-05}","{""detection_events"":3,""detectors_checked"":110592}"
      1024,         0,         0,   0.001,decoder_by_matrix,36e3cd26fed5ec7649ec51fb08c1a5e7d7f30e615782d954fee045c18a4962ca,"{""distance"":3,""physical_error_rate"":5e-05}","{""detectors_checked"":55296}"
      2048,         0,         0,   0.157,decoder_by_matrix,beec9fd12293a9cfe53c9b61fb8ce2a525e4eed38fa75d132d6dc64699336876,"{""distance"":3,""physical_error_rate"":0.0001}","{""detection_events"":48,""detectors_checked"":110592}"
      3072,         0,         0,   0.062,decoder_by_matrix,36e3cd26fed5ec7649ec51fb08c1a5e7d7f30e615782d954fee045c18a4962ca,"{""distance"":3,""physical_error_rate"":5e-05}","{""detection_events"":21,""detectors_checked"":165888}"
      1024,         0,         0,   0.002,decoder_by_matrix,36e3cd26fed5ec7649ec51fb08c1a5e7d7f30e615782d954fee045c18a4962ca,"{""distance"":3,""physical_error_rate"":5e-05}","{""detection_events"":18,""detectors_checked"":55296}"
      2048,         0,         0,   0.094,decoder_by_matrix,beec9fd12293a9cfe53c9b61fb8ce2a525e4eed38fa75d132d6dc64699336876,"{""distance"":3,""physical_error_rate"":0.0001}","{""detection_events"":39,""detectors_checked"":110592}"
      1024,         0,         0,   0.002,decoder_by_matrix,beec9fd12293a9cfe53c9b61fb8ce2a525e4eed38fa75d132d6dc64699336876,"{""distance"":3,""physical_error_rate"":0.0001}","{""detection_events"":21,""detectors_checked"":55296}"
      2048,         0,         0,   0.059,decoder_by_matrix,beec9fd12293a9cfe53c9b61fb8ce2a525e4eed38fa75d132d6dc64699336876,"{""distance"":3,""physical_error_rate"":0.0001}","{""detection_events"":18,""detectors_checked"":110592}"
      1024,         0,         0,   0.002,decoder_by_matrix,beec9fd12293a9cfe53c9b61fb8ce2a525e4eed38fa75d132d6dc64699336876,"{""distance"":3,""physical_error_rate"":0.0001}","{""detection_events"":6,""detectors_checked"":55296}"
      3072,         0,         0,   0.004,decoder_by_matrix,36e3cd26fed5ec7649ec51fb08c1a5e7d7f30e615782d954fee045c18a4962ca,"{""distance"":3,""physical_error_rate"":5e-05}","{""detection_events"":21,""detectors_checked"":165888}"
      2048,         0,         0,   0.052,decoder_by_matrix,36e3cd26fed5ec7649ec51fb08c1a5e7d7f30e615782d954fee045c18a4962ca,"{""distance"":3,""physical_error_rate"":5e-05}","{""detection_events"":12,""detectors_checked"":110592}"
      1024,         0,         0,   0.002,decoder_by_matrix,36e3cd26fed5ec7649ec51fb08c1a5e7d7f30e615782d954fee045c18a4962ca,"{""distance"":3,""physical_error_rate"":5e-05}","{""detection_events"":6,""detectors_checked"":55296}"
      2048,         0,         0,   0.162,decoder_by_matrix,36e3cd26fed5ec7649ec51fb08c1a5e7d7f30e615782d954fee045c18a4962ca,"{""distance"":3,""physical_error_rate"":5e-05}","{""detection_events"":12,""detectors_checked"":110592}"
      1024,         0,         0,   0.001,decoder_by_matrix,36e3cd26fed5ec7649ec51fb08c1a5e7d7f30e615782d954fee045c18a4962ca,"{""distance"":3,""physical_error_rate"":5e-05}","{""detectors_checked"":55296}"
      2048,         0,         0,   0.052,decoder_by_matrix,beec9fd12293a9cfe53c9b61fb8ce2a525e4eed38fa75d132d6dc64699336876,"{""distance"":3,""physical_error_rate"":0.0001}","{""detection_events"":24,""detectors_checked"":110592}"
      1024,         0,         0,   0.002,decoder_by_matrix,beec9fd12293a9cfe53c9b61fb8ce2a525e4eed38fa75d132d6dc64699336876,"{""distance"":3,""physical_error_rate"":0.0001}","{""detection_events"":42,""detectors_checked"":55296}"
      2048,         0,         0,   0.099,decoder_by_matrix,beec9fd12293a9cfe53c9b61fb8ce2a525e4eed38fa75d132d6dc64699336876,"{""distance"":3,""physical_error_rate"":0.0001}","{""detection_events"":33,""detectors_checked"":110592}"
      1024,         0,         0,   0.001,decoder_by_matrix,beec9fd12293a9cfe53c9b61fb8ce2a525e4eed38fa75d132d6dc64699336876,"{""distance"":3,""physical_error_rate"":0.0001}","{""detectors_checked"":55296}"
      2048,         0,         0,   0.165,decoder_by_matrix,beec9fd12293a9cfe53c9b61fb8ce2a525e4eed38fa75d132d6dc64699336876,"{""distance"":3,""physical_error_rate"":0.0001}","{""detection_events"":42,""detectors_checked"":110592}"
      1024,         0,         0,   0.002,decoder_by_matrix,beec9fd12293a9cfe53c9b61fb8ce2a525e4eed38fa75d132d6dc64699336876,"{""distance"":3,""physical_error_rate"":0.0001}","{""detection_events"":24,""detectors_checked"":55296}"
      2048,         0,         0,   0.158,decoder_by_matrix,beec9fd12293a9cfe53c9b61fb8ce2a525e4eed38fa75d132d6dc64699336876,"{""distance"":3,""physical_error_rate"":0.0001}","{""detection_events"":51,""detectors_checked"":110592}"
      1024,         0,         0,   0.002,decoder_by_matrix,beec9fd12293a9cfe53c9b61fb8ce2a525e4eed38fa75d132d6dc64699336876,"{""distance"":3,""physical_error_rate"":0.0001}","{""detection_events"":21,""detectors_checked"":55296}"
      2048,         0,         0,   0.103,decoder_by_matrix,36e3cd26fed5ec7649ec51fb08c1a5e7d7f30e615782d954fee045c18a4962ca,"{""distance"":3,""physical_error_rate"":5e-05}","{""detection_events"":48,""detectors_checked"":110592}"
      1024,         0,         0,   0.001,decoder_by_matrix,36e3cd26fed5ec7649ec51fb08c1a5e7d7f30e615782d954fee045c18a4962ca,"{""distance"":3,""physical_error_rate"":5e-05}","{""detectors_checked"":55296}"
      1024,         0,         0,   0.146,decoder_by_matrix,beec9fd12293a9cfe53c9b61fb8ce2a525e4eed38fa75d132d6dc64699336876,"{""distance"":3,""physical_error_rate"":0.0001}","{""detection_events"":3,""detectors_checked"":55296}"
      1024,         0,         0,   0.002,decoder_by_matrix,beec9fd12293a9cfe53c9b61fb8ce2a525e4eed38fa75d132d6dc64699336876,"{""distance"":3,""physical_error_rate"":0.0001}","{""detection_events"":15,""detectors_checked"":55296}"
      3072,         0,         0,   0.192,decoder_by_matrix,beec9fd12293a9cfe53c9b61fb8ce2a525e4eed38fa75d132d6dc64699336876,"{""distance"":3,""physical_error_rate"":0.0001}","{""detection_events"":30,""detectors_checked"":165888}"
      1024,         0,         0,   0.002,decoder_by_matrix,beec9fd12293a9cfe53c9b61fb8ce2a525e4eed38fa75d132d6dc64699336876,"{""distance"":3,""physical_error_rate"":0.0001}","{""detection_events"":27,""detectors_checked"":55296}"
      2048,         0,         0,   0.003,decoder_by_matrix,36e3cd26fed5ec7649ec51fb08c1a5e7d7f30e615782d954fee045c18a4962ca,"{""distance"":3,""physical_error_rate"":5e-05}","{""detection_events"":18,""detectors_checked"":110592}"
      3072,         0,         0,   0.141,decoder_by_matrix,36e3cd26fed5ec7649ec51fb08c1a5e7d7f30e615782d954fee045c18a4962ca,"{""distance"":3,""physical_error_rate"":5e-05}","{""detection_events"":3,""detectors_checked"":165888}"
      2048,         0,         0,   0.162,decoder_by_matrix,36e3cd26fed5ec7649ec51fb08c1a5e7d7f30e615782d954fee045c18a4962ca,"{""distance"":3,""physical_error_rate"":5e-05}","{""detection_events"":12,""detectors_checked"":110592}"
      1024,         0,         0,   0.001,decoder_by_matrix,36e3cd26fed5ec7649ec51fb08c1a5e7d7f30e615782d954fee045c18a4962ca,"{""distance"":3,""physical_error_rate"":5e-05}","{""detectors_checked"":55296}"
      5120,         0,         0,   0.376,decoder_by_matrix,beec9fd12293a9cfe53c9b61fb8ce2a525e4eed38fa75d132d6dc64699336876,"{""distance"":3,""physical_error_rate"":0.0001}","{""detection_events"":63,""detectors_checked"":276480}"
      1024,         0,         0,   0.002,decoder_by_matrix,beec9fd12293a9cfe53c9b61fb8ce2a525e4eed38fa75d132d6dc64699336876,"{""distance"":3,""physical_error_rate"":0.0001}","{""detection_events"":3,""detectors_checked"":55296}"
      3072,         0,         0,   0.120,decoder_by_matrix,36e3cd26fed5ec7649ec51fb08c1a5e7d7f30e615782d954fee045c18a4962ca,"{""distance"":3,""physical_error_rate"":5e-05}","{""detection_events"":24,""detectors_checked"":165888}"
      1024,         0,         0,   0.001,decoder_by_matrix,36e3cd26fed5ec7649ec51fb08c1a5e7d7f30e615782d954fee045c18a4962ca,"{""distance"":3,""physical_error_rate"":5e-05}","{""detectors_checked"":55296}"
      2048,         0,         0,   0.201,decoder_by_matrix,36e3cd26fed5ec7649ec51fb08c1a5e7d7f30e615782d954fee045c18a4962ca,"{""distance"":3,""physical_error_rate"":5e-05}","{""detection_events"":6,""detectors_checked"":110592}"
      1024,         0,         0,   0.002,decoder_by_matrix,36e3cd26fed5ec7649ec51fb08c1a5e7d7f30e615782d954fee045c18a4962ca,"{""distance"":3,""physical_error_rate"":5e-05}","{""detection_events"":12,""detectors_checked"":55296}"
      3072,         0,         0,   0.178,decoder_by_matrix,36e3cd26fed5ec7649ec51fb08c1a5e7d7f30e615782d954fee045c18a4962ca,"{""distance"":3,""physical_error_rate"":5e-05}","{""detection_events"":33,""detectors_checked"":165888}"
      1024,         0,         0,   0.002,decoder_by_matrix,36e3cd26fed5ec7649ec51fb08c1a5e7d7f30e615782d954fee045c18a4962ca,"{""distance"":3,""physical_error_rate"":5e-05}","{""detection_events"":15,""detectors_checked"":55296}"
      2048,         0,         0,   0.184,decoder_by_matrix,beec9fd12293a9cfe53c9b61fb8ce2a525e4eed38fa75d132d6dc64699336876,"{""distance"":3,""physical_error_rate"":0.0001}","{""detection_events"":12,""detectors_checked"":110592}"
      1024,         0,         0,   0.002,decoder_by_matrix,beec9fd12293a9cfe53c9b61fb8ce2a525e4eed38fa75d132d6dc64699336876,"{""distance"":3,""physical_error_rate"":0.0001}","{""detection_events"":12,""detectors_checked"":55296}"
      3072,         0,         0,   0.179,decoder_by_matrix,beec9fd12293a9cfe53c9b61fb8ce2a525e4eed38fa75d132d6dc64699336876,"{""distance"":3,""physical_error_rate"":0.0001}","{""detection_events"":33,""detectors_checked"":165888}"
      1024,         0,         0,   0.002,decoder_by_matrix,beec9fd12293a9cfe53c9b61fb8ce2a525e4eed38fa75d132d6dc64699336876,"{""distance"":3,""physical_error_rate"":0.0001}","{""detection_events"":6,""detectors_checked"":55296}"
      3072,         0,         0,   0.188,decoder_by_matrix,36e3cd26fed5ec7649ec51fb08c1a5e7d7f30e615782d954fee045c18a4962ca,"{""distance"":3,""physical_error_rate"":5e-05}","{""detection_events"":33,""detectors_checked"":165888}"
      1024,         0,         0,   0.002,decoder_by_matrix,36e3cd26fed5ec7649ec51fb08c1a5e7d7f30e615782d954fee045c18a4962ca,"{""distance"":3,""physical_error_rate"":5e-05}","{""detection_events"":3,""detectors_checked"":55296}"
      4096,         0,         0,   0.186,decoder_by_matrix,36e3cd26fed5ec7649ec51fb08c1a5e7d7f30e615782d954fee045c18a4962ca,"{""distance"":3,""physical_error_rate"":5e-05}","{""detection_events"":54,""detectors_checked"":221184}"
      1024,         0,         0,   0.002,decoder_by_matrix,36e3cd26fed5ec7649ec51fb08c1a5e7d7f30e615782d954fee045c18a4962ca,"{""distance"":3,""physical_error_rate"":5e-05}","{""detection_events"":12,""detectors_checked"":55296}"
      2048,         0,         0,   0.182,decoder_by_matrix,beec9fd12293a9cfe53c9b61fb8ce2a525e4eed38fa75d132d6dc64699336876,"{""distance"":3,""physical_error_rate"":0.0001}","{""detection_events"":33,""detectors_checked"":110592}"
      1024,         0,         0,   0.002,decoder_by_matrix,beec9fd12293a9cfe53c9b61fb8ce2a525e4eed38fa75d132d6dc64699336876,"{""distance"":3,""physical_error_rate"":0.0001}","{""detection_events"":12,""detectors_checked"":55296}"
      2048,         0,         0,   0.138,decoder_by_matrix,beec9fd12293a9cfe53c9b61fb8ce2a525e4eed38fa75d132d6dc64699336876,"{""distance"":3,""physical_error_rate"":0.0001}","{""detection_events"":36,""detectors_checked"":110592}"
      1024,         0,         0,   0.002,decoder_by_matrix,beec9fd12293a9cfe53c9b61fb8ce2a525e4eed38fa75d132d6dc64699336876,"{""distance"":3,""physical_error_rate"":0.0001}","{""detection_events"":6,""detectors_checked"":55296}"
      4096,         0,         0,   0.268,decoder_by_matrix,36e3cd26fed5ec7649ec51fb08c1a5e7d7f30e615782d954fee045c18a4962ca,"{""distance"":3,""physical_error_rate"":5e-05}","{""detection_events"":30,""detectors_checked"":221184}"
      1024,         0,         0,   0.001,decoder_by_matrix,36e3cd26fed5ec7649ec51fb08c1a5e7d7f30e615782d954fee045c18a4962ca,"{""distance"":3,""physical_error_rate"":5e-05}","{""detectors_checked"":55296}"
      4096,         0,         0,   0.242,decoder_by_matrix,36e3cd26fed5ec7649ec51fb08c1a5e7d7f30e615782d954fee045c18a4962ca,"{""distance"":3,""physical_error_rate"":5e-05}","{""detection_events"":18,""detectors_checked"":221184}"
      1024,         0,         0,   0.001,decoder_by_matrix,36e3cd26fed5ec7649ec51fb08c1a5e7d7f30e615782d954fee045c18a4962ca,"{""distance"":3,""physical_error_rate"":5e-05}","{""detectors_checked"":55296}"
      2048,         0,         0,   0.074,decoder_by_matrix,beec9fd12293a9cfe53c9b61fb8ce2a525e4eed38fa75d132d6dc64699336876,"{""distance"":3,""physical_error_rate"":0.0001}","{""detection_events"":24,""detectors_checked"":110592}"
      1024,         0,         0,   0.002,decoder_by_matrix,beec9fd12293a9cfe53c9b61fb8ce2a525e4eed38fa75d132d6dc64699336876,"{""distance"":3,""physical_error_rate"":0.0001}","{""detection_events"":39,""detectors_checked"":55296}"
      4096,         0,         0,   0.085,decoder_by_matrix,36e3cd26fed5ec7649ec51fb08c1a5e7d7f30e615782d954fee045c18a4962ca,"{""distance"":3,""physical_error_rate"":5e-05}","{""detection_events"":18,""detectors_checked"":221184}"
      1024,         0,         0,   0.002,decoder_by_matrix,36e3cd26fed5ec7649ec51fb08c1a5e7d7f30e615782d954fee045c18a4962ca,"{""distance"":3,""physical_error_rate"":5e-05}","{""detection_events"":21,""detectors_checked"":55296}"
      3072,         0,         0,   0.142,decoder_by_matrix,beec9fd12293a9cfe53c9b61fb8ce2a525e4eed38fa75d132d6dc64699336876,"{""distance"":3,""physical_error_rate"":0.0001}","{""detection_events"":51,""detectors_checked"":165888}"
      1024,         0,         0,   0.002,decoder_by_matrix,beec9fd12293a9cfe53c9b61fb8ce2a525e4eed38fa75d132d6dc64699336876,"{""distance"":3,""physical_error_rate"":0.0001}","{""detection_events"":15,""detectors_checked"":55296}"
      3072,         0,         0,   0.079,decoder_by_matrix,36e3cd26fed5ec7649ec51fb08c1a5e7d7f30e615782d954fee045c18a4962ca,"{""distance"":3,""physical_error_rate"":5e-05}","{""detection_events"":24,""detectors_checked"":165888}"
      1024,         0,         0,   0.002,decoder_by_matrix,36e3cd26fed5ec7649ec51fb08c1a5e7d7f30e615782d954fee045c18a4962ca,"{""distance"":3,""physical_error_rate"":5e-05}","{""detection_events"":42,""detectors_checked"":55296}"
      3072,         0,         0,   0.080,decoder_by_matrix,beec9fd12293a9cfe53c9b61fb8ce2a525e4eed38fa75d132d6dc64699336876,"{""distance"":3,""physical_error_rate"":0.0001}","{""detection_events"":42,""detectors_checked"":165888}"
      1024,         0,         0,   0.002,decoder_by_matrix,beec9fd12293a9cfe53c9b61fb8ce2a525e4eed38fa75d132d6dc64699336876,"{""distance"":3,""physical_error_rate"":0.0001}","{""detection_events"":18,""detectors_checked"":55296}"
      3072,         0,         0,   0.118,decoder_by_matrix,beec9fd12293a9cfe53c9b61fb8ce2a525e4eed38fa75d132d6dc64699336876,"{""distance"":3,""physical_error_rate"":0.0001}","{""detection_events"":9,""detectors_checked"":165888}"
      1024,         0,         0,   0.002,decoder_by_matrix,beec9fd12293a9cfe53c9b61fb8ce2a525e4eed38fa75d132d6dc64699336876,"{""distance"":3,""physical_error_rate"":0.0001}","{""detection_events"":9,""detectors_checked"":55296}"
      2048,         0,         0,   0.088,decoder_by_matrix,beec9fd12293a9cfe53c9b61fb8ce2a525e4eed38fa75d132d6dc64699336876,"{""distance"":3,""physical_error_rate"":0.0001}","{""detection_events"":48,""detectors_checked"":110592}"
      1024,         0,         0,   0.002,decoder_by_matrix,beec9fd12293a9cfe53c9b61fb8ce2a525e4eed38fa75d132d6dc64699336876,"{""distance"":3,""physical_error_rate"":0.0001}","{""detection_events"":6,""detectors_checked"":55296}"
      1024,         0,         0,   0.002,decoder_by_matrix,beec9fd12293a9cfe53c9b61fb8ce2a525e4eed38fa75d132d6dc64699336876,"{""distance"":3,""physical_error_rate"":0.0001}","{""detection_events"":36,""detectors_checked"":55296}"
      3072,         0,         0,   0.187,decoder_by_matrix,beec9fd12293a9cfe53c9b61fb8ce2a525e4eed38fa75d132d6dc64699336876,"{""distance"":3,""physical_error_rate"":0.0001}","{""detection_events"":12,""detectors_checked"":165888}"
      1024,         0,         0,   0.002,decoder_by_matrix,beec9fd12293a9cfe53c9b61fb8ce2a525e4eed38fa75d132d6dc64699336876,"{""distance"":3,""physical_error_rate"":0.0001}","{""detection_events"":9,""detectors_checked"":55296}"
      4096,         0,         0,   0.308,decoder_by_matrix,36e3cd26fed5ec7649ec51fb08c1a5e7d7f30e615782d954fee045c18a4962ca,"{""distance"":3,""physical_error_rate"":5e-05}","{""detection_events"":27,""detectors_checked"":221184}"
      1024,         0,         0,   0.001,decoder_by_matrix,36e3cd26fed5ec7649ec51fb08c1a5e7d7f30e615782d954fee045c18a4962ca,"{""distance"":3,""physical_error_rate"":5e-05}","{""detectors_checked"":55296}"
      4096,         0,         0,   0.176,decoder_by_matrix,36e3cd26fed5ec7649ec51fb08c1a5e7d7f30e615782d954fee045c18a4962ca,"{""distance"":3,""physical_error_rate"":5e-05}","{""detection_events"":75,""detectors_checked"":221184}"
      1024,         0,         0,   0.002,decoder_by_matrix,36e3cd26fed5ec7649ec51fb08c1a5e7d7f30e615782d954fee045c18a4962ca,"{""distance"":3,""physical_error_rate"":5e-05}","{""detection_events"":15,""detectors_checked"":55296}"
      5120,         0,         0,   0.354,decoder_by_matrix,beec9fd12293a9cfe53c9b61fb8ce2a525e4eed38fa75d132d6dc64699336876,"{""distance"":3,""physical_error_rate"":0.0001}","{""detection_events"":96,""detectors_checked"":276480}"
      1024,         0,         0,   0.002,decoder_by_matrix,beec9fd12293a9cfe53c9b61fb8ce2a525e4eed38fa75d132d6dc64699336876,"{""distance"":3,""physical_error_rate"":0.0001}","{""detection_events"":21,""detectors_checked"":55296}"
      6144,         0,         0,   0.360,decoder_by_matrix,36e3cd26fed5ec7649ec51fb08c1a5e7d7f30e615782d954fee045c18a4962ca,"{""distance"":3,""physical_error_rate"":5e-05}","{""detection_events"":57,""detectors_checked"":331776}"
      1024,         0,         0,   0.002,decoder_by_matrix,36e3cd26fed5ec7649ec51fb08c1a5e7d7f30e615782d954fee045c18a4962ca,"{""distance"":3,""physical_error_rate"":5e-05}","{""detection_events"":12,""detectors_checked"":55296}"
      5120,         0,         0,   0.201,decoder_by_matrix,36e3cd26fed5ec7649ec51fb08c1a5e7d7f30e615782d954fee045c18a4962ca,"{""distance"":3,""physical_error_rate"":5e-05}","{""detection_events"":51,""detectors_checked"":276480}"
      1024,         0,         0,   0.002,decoder_by_matrix,36e3cd26fed5ec7649ec51fb08c1a5e7d7f30e615782d954fee045c18a4962ca,"{""distance"":3,""physical_error_rate"":5e-05}","{""detection_events"":12,""detectors_checked"":55296}"
      6144,         0,         0,   0.303,decoder_by_matrix,beec9fd12293a9cfe53c9b61fb8ce2a525e4eed38fa75d132d6dc64699336876,"{""distance"":3,""physical_error_rate"":0.0001}","{""detection_events"":33,""detectors_checked"":331776}"
      6144,         0,         0,   0.301,decoder_by_matrix,beec9fd12293a9cfe53c9b61fb8ce2a525e4eed38fa75d132d6dc64699336876,"{""distance"":3,""physical_error_rate"":0.0001}","{""detection_events"":51,""detectors_checked"":331776}"
      6144,         0,         0,   0.367,decoder_by_matrix,36e3cd26fed5ec7649ec51fb08c1a5e7d7f30e615782d954fee045c18a4962ca,"{""distance"":3,""physical_error_rate"":5e-05}","{""detection_events"":27,""detectors_checked"":331776}"
      4096,         0,         0,   0.234,decoder_by_matrix,beec9fd12293a9cfe53c9b61fb8ce2a525e4eed38fa75d132d6dc64699336876,"{""distance"":3,""physical_error_rate"":0.0001}","{""detection_events"":51,""detectors_checked"":221184}"
      1024,         0,         0,   0.002,decoder_by_matrix,beec9fd12293a9cfe53c9b61fb8ce2a525e4eed38fa75d132d6dc64699336876,"{""distance"":3,""physical_error_rate"":0.0001}","{""detection_events"":12,""detectors_checked"":55296}"
      5120,         0,         0,   0.235,decoder_by_matrix,36e3cd26fed5ec7649ec51fb08c1a5e7d7f30e615782d954fee045c18a4962ca,"{""distance"":3,""physical_error_rate"":5e-05}","{""detection_events"":36,""detectors_checked"":276480}"
      1024,         0,         0,   0.002,decoder_by_matrix,36e3cd26fed5ec7649ec51fb08c1a5e7d7f30e615782d954fee045c18a4962ca,"{""distance"":3,""physical_error_rate"":5e-05}","{""detection_events"":24,""detectors_checked"":55296}"
      5120,         0,         0,   0.238,decoder_by_matrix,beec9fd12293a9cfe53c9b61fb8ce2a525e4eed38fa75d132d6dc64699336876,"{""distance"":3,""physical_error_rate"":0.0001}","{""detection_events"":63,""detectors_checked"":276480}"
      1024,         0,         0,   0.002,decoder_by_matrix,beec9fd12293a9cfe53c9b61fb8ce2a525e4eed38fa75d132d6dc64699336876,"{""distance"":3,""physical_error_rate"":0.0001}","{""detection_events"":30,""detectors_checked"":55296}"
      7168,         0,         0,   0.254,decoder_by_matrix,36e3cd26fed5ec7649ec51fb08c1a5e7d7f30e615782d954fee045c18a4962ca,"{""distance"":3,""physical_error_rate"":5e-05}","{""detection_events"":30,""detectors_checked"":387072}"
      1024,         0,         0,   0.002,decoder_by_matrix,36e3cd26fed5ec7649ec51fb08c1a5e7d7f30e615782d954fee045c18a4962ca,"{""distance"":3,""physical_error_rate"":5e-05}","{""detection_events"":12,""detectors_checked"":55296}"
      7168,         0,         0,   0.251,decoder_by_matrix,36e3cd26fed5ec7649ec51fb08c1a5e7d7f30e615782d954fee045c18a4962ca,"{""distance"":3,""physical_error_rate"":5e-05}","{""detection_events"":63,""detectors_checked"":387072}"
      6144,         0,         0,   0.400,decoder_by_matrix,36e3cd26fed5ec7649ec51fb08c1a5e7d7f30e615782d954fee045c18a4962ca,"{""distance"":3,""physical_error_rate"":5e-05}","{""detection_events"":57,""detectors_checked"":331776}"
      5120,         0,         0,   0.273,decoder_by_matrix,36e3cd26fed5ec7649ec51fb08c1a5e7d7f30e615782d954fee045c18a4962ca,"{""distance"":3,""physical_error_rate"":5e-05}","{""detection_events"":54,""detectors_checked"":276480}"
      1024,         0,         0,   0.002,decoder_by_matrix,36e3cd26fed5ec7649ec51fb08c1a5e7d7f30e615782d954fee045c18a4962ca,"{""distance"":3,""physical_error_rate"":5e-05}","{""detection_events"":15,""detectors_checked"":55296}"
      6144,         0,         0,   0.319,decoder_by_matrix,36e3cd26fed5ec7649ec51fb08c1a5e7d7f30e615782d954fee045c18a4962ca,"{""distance"":3,""physical_error_rate"":5e-05}","{""detection_events"":66,""detectors_checked"":331776}"
      1024,         0,         0,   0.001,decoder_by_matrix,36e3cd26fed5ec7649ec51fb08c1a5e7d7f30e615782d954fee045c18a4962ca,"{""distance"":3,""physical_error_rate"":5e-05}","{""detectors_checked"":55296}"
      5120,         0,         0,   0.274,decoder_by_matrix,beec9fd12293a9cfe53c9b61fb8ce2a525e4eed38fa75d132d6dc64699336876,"{""distance"":3,""physical_error_rate"":0.0001}","{""detection_events"":66,""detectors_checked"":276480}"
      1024,         0,         0,   0.002,decoder_by_matrix,beec9fd12293a9cfe53c9b61fb8ce2a525e4eed38fa75d132d6dc64699336876,"{""distance"":3,""physical_error_rate"":0.0001}","{""detection_events"":6,""detectors_checked"":55296}"
      4096,         0,         0,   0.408,decoder_by_matrix,beec9fd12293a9cfe53c9b61fb8ce2a525e4eed38fa75d132d6dc64699336876,"{""distance"":3,""physical_error_rate"":0.0001}","{""detection_events"":87,""detectors_checked"":221184}"
      4096,         0,         0,   0.416,decoder_by_matrix,beec9fd12293a9cfe53c9b61fb8ce2a525e4eed38fa75d132d6dc64699336876,"{""distance"":3,""physical_error_rate"":0.0001}","{""detection_events"":51,""detectors_checked"":221184}"
      5120,         0,         0,   0.417,decoder_by_matrix,beec9fd12293a9cfe53c9b61fb8ce2a525e4eed38fa75d132d6dc64699336876,"{""distance"":3,""physical_error_rate"":0.0001}","{""detection_events"":114,""detectors_checked"":276480}"
      4096,         0,         0,   0.254,decoder_by_matrix,beec9fd12293a9cfe53c9b61fb8ce2a525e4eed38fa75d132d6dc64699336876,"{""distance"":3,""physical_error_rate"":0.0001}","{""detection_events"":78,""detectors_checked"":221184}"
      4096,         0,         0,   0.221,decoder_by_matrix,36e3cd26fed5ec7649ec51fb08c1a5e7d7f30e615782d954fee045c18a4962ca,"{""distance"":3,""physical_error_rate"":5e-05}","{""detection_events"":6,""detectors_checked"":221184}"
      7168,         0,         0,   0.247,decoder_by_matrix,36e3cd26fed5ec7649ec51fb08c1a5e7d7f30e615782d954fee045c18a4962ca,"{""distance"":3,""physical_error_rate"":5e-05}","{""detection_events"":45,""detectors_checked"":387072}"
      4096,         0,         0,   0.144,decoder_by_matrix,36e3cd26fed5ec7649ec51fb08c1a5e7d7f30e615782d954fee045c18a4962ca,"{""distance"":3,""physical_error_rate"":5e-05}","{""detection_events"":27,""detectors_checked"":221184}"
      5120,         0,         0,   0.259,decoder_by_matrix,36e3cd26fed5ec7649ec51fb08c1a5e7d7f30e615782d954fee045c18a4962ca,"{""distance"":3,""physical_error_rate"":5e-05}","{""detection_events"":63,""detectors_checked"":276480}"
      3072,         0,         0,   0.283,decoder_by_matrix,36e3cd26fed5ec7649ec51fb08c1a5e7d7f30e615782d954fee045c18a4962ca,"{""distance"":3,""physical_error_rate"":5e-05}","{""detection_events"":36,""detectors_checked"":165888}"
      5120,         0,         0,   0.256,decoder_by_matrix,beec9fd12293a9cfe53c9b61fb8ce2a525e4eed38fa75d132d6dc64699336876,"{""distance"":3,""physical_error_rate"":0.0001}","{""detection_events"":39,""detectors_checked"":276480}"
      3072,         0,         0,   0.227,decoder_by_matrix,beec9fd12293a9cfe53c9b61fb8ce2a525e4eed38fa75d132d6dc64699336876,"{""distance"":3,""physical_error_rate"":0.0001}","{""detection_events"":48,""detectors_checked"":165888}"
      6144,         0,         0,   0.396,decoder_by_matrix,36e3cd26fed5ec7649ec51fb08c1a5e7d7f30e615782d954fee045c18a4962ca,"{""distance"":3,""physical_error_rate"":5e-05}","{""detection_events"":27,""detectors_checked"":331776}"
      3072,         0,         0,   0.224,decoder_by_matrix,beec9fd12293a9cfe53c9b61fb8ce2a525e4eed38fa75d132d6dc64699336876,"{""distance"":3,""physical_error_rate"":0.0001}","{""detection_events"":87,""detectors_checked"":165888}"
      4096,         0,         0,   0.123,decoder_by_matrix,beec9fd12293a9cfe53c9b61fb8ce2a525e4eed38fa75d132d6dc64699336876,"{""distance"":3,""physical_error_rate"":0.0001}","{""detection_events"":45,""detectors_checked"":221184}"
      3072,         0,         0,   0.126,decoder_by_matrix,beec9fd12293a9cfe53c9b61fb8ce2a525e4eed38fa75d132d6dc64699336876,"{""distance"":3,""physical_error_rate"":0.0001}","{""detection_events"":33,""detectors_checked"":165888}"
      4096,         0,         0,   0.352,decoder_by_matrix,beec9fd12293a9cfe53c9b61fb8ce2a525e4eed38fa75d132d6dc64699336876,"{""distance"":3,""physical_error_rate"":0.0001}","{""detection_events"":60,""detectors_checked"":221184}"
      4096,         0,         0,   0.162,decoder_by_matrix,beec9fd12293a9cfe53c9b61fb8ce2a525e4eed38fa75d132d6dc64699336876,"{""distance"":3,""physical_error_rate"":0.0001}","{""detection_events"":54,""detectors_checked"":221184}"
      6144,         0,         0,   0.396,decoder_by_matrix,36e3cd26fed5ec7649ec51fb08c1a5e7d7f30e615782d954fee045c18a4962ca,"{""distance"":3,""physical_error_rate"":5e-05}","{""detection_events"":27,""detectors_checked"":331776}"
      6144,         0,         0,   0.488,decoder_by_matrix,beec9fd12293a9cfe53c9b61fb8ce2a525e4eed38fa75d132d6dc64699336876,"{""distance"":3,""physical_error_rate"":0.0001}","{""detection_events"":114,""detectors_checked"":331776}"
      5120,         0,         0,   0.409,decoder_by_matrix,beec9fd12293a9cfe53c9b61fb8ce2a525e4eed38fa75d132d6dc64699336876,"{""distance"":3,""physical_error_rate"":0.0001}","{""detection_events"":42,""detectors_checked"":276480}"
      3072,         0,         0,   0.218,decoder_by_matrix,36e3cd26fed5ec7649ec51fb08c1a5e7d7f30e615782d954fee045c18a4962ca,"{""distance"":3,""physical_error_rate"":5e-05}","{""detection_events"":51,""detectors_checked"":165888}"
      6144,         0,         0,   0.417,decoder_by_matrix,36e3cd26fed5ec7649ec51fb08c1a5e7d7f30e615782d954fee045c18a4962ca,"{""distance"":3,""physical_error_rate"":5e-05}","{""detection_events"":21,""detectors_checked"":331776}"
      3072,         0,         0,   0.231,decoder_by_matrix,beec9fd12293a9cfe53c9b61fb8ce2a525e4eed38fa75d132d6dc64699336876,"{""distance"":3,""physical_error_rate"":0.0001}","{""detection_events"":42,""detectors_checked"":165888}"
      3072,         0,         0,   0.246,decoder_by_matrix,beec9fd12293a9cfe53c9b61fb8ce2a525e4eed38fa75d132d6dc64699336876,"{""distance"":3,""physical_error_rate"":0.0001}","{""detection_events"":57,""detectors_checked"":165888}"
      4096,         0,         0,   0.229,decoder_by_matrix,36e3cd26fed5ec7649ec51fb08c1a5e7d7f30e615782d954fee045c18a4962ca,"{""distance"":3,""physical_error_rate"":5e-05}","{""detection_events"":12,""detectors_checked"":221184}"
      4096,         0,         0,   0.231,decoder_by_matrix,36e3cd26fed5ec7649ec51fb08c1a5e7d7f30e615782d954fee045c18a4962ca,"{""distance"":3,""physical_error_rate"":5e-05}","{""detection_events"":33,""detectors_checked"":221184}"
      7168,         0,         0,   0.357,decoder_by_matrix,36e3cd26fed5ec7649ec51fb08c1a5e7d7f30e615782d954fee045c18a4962ca,"{""distance"":3,""physical_error_rate"":5e-05}","{""detection_events"":24,""detectors_checked"":387072}"
      3072,         0,         0,   0.262,decoder_by_matrix,beec9fd12293a9cfe53c9b61fb8ce2a525e4eed38fa75d132d6dc64699336876,"{""distance"":3,""physical_error_rate"":0.0001}","{""detection_events"":84,""detectors_checked"":165888}"
      6144,         0,         0,   0.365,decoder_by_matrix,36e3cd26fed5ec7649ec51fb08c1a5e7d7f30e615782d954fee045c18a4962ca,"{""distance"":3,""physical_error_rate"":5e-05}","{""detection_events"":24,""detectors_checked"":331776}"
      5120,         0,         0,   0.262,decoder_by_matrix,beec9fd12293a9cfe53c9b61fb8ce2a525e4eed38fa75d132d6dc64699336876,"{""distance"":3,""physical_error_rate"":0.0001}","{""detection_events"":36,""detectors_checked"":276480}"
      4096,         0,         0,   0.376,decoder_by_matrix,beec9fd12293a9cfe53c9b61fb8ce2a525e4eed38fa75d132d6dc64699336876,"{""distance"":3,""physical_error_rate"":0.0001}","{""detection_events"":78,""detectors_checked"":221184}"
      3072,         0,         0,   0.258,decoder_by_matrix,beec9fd12293a9cfe53c9b61fb8ce2a525e4eed38fa75d132d6dc64699336876,"{""distance"":3,""physical_error_rate"":0.0001}","{""detection_events"":75,""detectors_checked"":165888}"
      4096,         0,         0,   0.227,decoder_by_matrix,36e3cd26fed5ec7649ec51fb08c1a5e7d7f30e615782d954fee045c18a4962ca,"{""distance"":3,""physical_error_rate"":5e-05}","{""detection_events"":39,""detectors_checked"":221184}"
      4096,         0,         0,   0.204,decoder_by_matrix,36e3cd26fed5ec7649ec51fb08c1a5e7d7f30e615782d954fee045c18a4962ca,"{""distance"":3,""physical_error_rate"":5e-05}","{""detection_events"":18,""detectors_checked"":221184}"
      6144,         0,         0,   0.469,decoder_by_matrix,36e3cd26fed5ec7649ec51fb08c1a5e7d7f30e615782d954fee045c18a4962ca,"{""distance"":3,""physical_error_rate"":5e-05}","{""detection_events"":81,""detectors_checked"":331776}"
      4096,         0,         0,   0.201,decoder_by_matrix,36e3cd26fed5ec7649ec51fb08c1a5e7d7f30e615782d954fee045c18a4962ca,"{""distance"":3,""physical_error_rate"":5e-05}","{""detection_events"":51,""detectors_checked"":221184}"
      3072,         0,         0,   0.217,decoder_by_matrix,beec9fd12293a9cfe53c9b61fb8ce2a525e4eed38fa75d132d6dc64699336876,"{""distance"":3,""physical_error_rate"":0.0001}","{""detection_events"":33,""detectors_checked"":165888}"
      3072,         0,         0,   0.237,decoder_by_matrix,36e3cd26fed5ec7649ec51fb08c1a5e7d7f30e615782d954fee045c18a4962ca,"{""distance"":3,""physical_error_rate"":5e-05}","{""detection_events"":27,""detectors_checked"":165888}"
      5120,         0,         0,   0.514,decoder_by_matrix,36e3cd26fed5ec7649ec51fb08c1a5e7d7f30e615782d954fee045c18a4962ca,"{""distance"":3,""physical_error_rate"":5e-05}","{""detection_events"":36,""detectors_checked"":276480}"
      5120,         0,         0,   0.478,decoder_by_matrix,beec9fd12293a9cfe53c9b61fb8ce2a525e4eed38fa75d132d6dc64699336876,"{""distance"":3,""physical_error_rate"":0.0001}","{""detection_events"":63,""detectors_checked"":276480}"
      8192,         0,         0,   0.519,decoder_by_matrix,36e3cd26fed5ec7649ec51fb08c1a5e7d7f30e615782d954fee045c18a4962ca,"{""distance"":3,""physical_error_rate"":5e-05}","{""detection_events"":27,""detectors_checked"":442368}"
      5120,         0,         0,   0.515,decoder_by_matrix,beec9fd12293a9cfe53c9b61fb8ce2a525e4eed38fa75d132d6dc64699336876,"{""distance"":3,""physical_error_rate"":0.0001}","{""detection_events"":72,""detectors_checked"":276480}"
      4096,         0,         0,   0.259,decoder_by_matrix,36e3cd26fed5ec7649ec51fb08c1a5e7d7f30e615782d954fee045c18a4962ca,"{""distance"":3,""physical_error_rate"":5e-05}","{""detection_events"":45,""detectors_checked"":221184}"
      5120,         0,         0,   0.527,decoder_by_matrix,beec9fd12293a9cfe53c9b61fb8ce2a525e4eed38fa75d132d6dc64699336876,"{""distance"":3,""physical_error_rate"":0.0001}","{""detection_events"":105,""detectors_checked"":276480}"
      5120,         0,         0,   0.450,decoder_by_matrix,beec9fd12293a9cfe53c9b61fb8ce2a525e4eed38fa75d132d6dc64699336876,"{""distance"":3,""physical_error_rate"":0.0001}","{""detection_events"":57,""detectors_checked"":276480}"
      5120,         0,         0,   0.487,decoder_by_matrix,beec9fd12293a9cfe53c9b61fb8ce2a525e4eed38fa75d132d6dc64699336876,"{""distance"":3,""physical_error_rate"":0.0001}","{""detection_events"":66,""detectors_checked"":276480}"
      5120,         0,         0,   0.495,decoder_by_matrix,beec9fd12293a9cfe53c9b61fb8ce2a525e4eed38fa75d132d6dc64699336876,"{""distance"":3,""physical_error_rate"":0.0001}","{""detection_events"":75,""detectors_checked"":276480}"
      7168,         0,         0,   0.516,decoder_by_matrix,36e3cd26fed5ec7649ec51fb08c1a5e7d7f30e615782d954fee045c18a4962ca,"{""distance"":3,""physical_error_rate"":5e-05}","{""detection_events"":66,""detectors_checked"":387072}"
      7168,         0,         0,   0.511,decoder_by_matrix,36e3cd26fed5ec7649ec51fb08c1a5e7d7f30e615782d954fee045c18a4962ca,"{""distance"":3,""physical_error_rate"":5e-05}","{""detection_events"":30,""detectors_checked"":387072}"
      6144,         0,         0,   0.515,decoder_by_matrix,36e3cd26fed5ec7649ec51fb08c1a5e7d7f30e615782d954fee045c18a4962ca,"{""distance"":3,""physical_error_rate"":5e-05}","{""detection_events"":45,""detectors_checked"":331776}"
      5120,         0,         0,   0.515,decoder_by_matrix,beec9fd12293a9cfe53c9b61fb8ce2a525e4eed38fa75d132d6dc64699336876,"{""distance"":3,""physical_error_rate"":0.0001}","{""detection_events"":66,""detectors_checked"":276480}"
      7168,         0,         0,   0.516,decoder_by_matrix,36e3cd26fed5ec7649ec51fb08c1a5e7d7f30e615782d954fee045c18a4962ca,"{""distance"":3,""physical_error_rate"":5e-05}","{""detection_events"":63,""detectors_checked"":387072}"
      5120,         0,         0,   0.514,decoder_by_matrix,beec9fd12293a9cfe53c9b61fb8ce2a525e4eed38fa75d132d6dc64699336876,"{""distance"":3,""physical_error_rate"":0.0001}","{""detection_events"":51,""detectors_checked"":276480}"
      5120,         0,         0,   0.515,decoder_by_matrix,beec9fd12293a9cfe53c9b61fb8ce2a525e4eed38fa75d132d6dc64699336876,"{""distance"":3,""physical_error_rate"":0.0001}","{""detection_events"":102,""detectors_checked"":276480}"
      5120,         0,         0,   0.512,decoder_by_matrix,beec9fd12293a9cfe53c9b61fb8ce2a525e4eed38fa75d132d6dc64699336876,"{""distance"":3,""physical_error_rate"":0.0001}","{""detection_events"":69,""detectors_checked"":276480}"
      7168,         0,         0,   0.520,decoder_by_matrix,36e3cd26fed5ec7649ec51fb08c1a5e7d7f30e615782d954fee045c18a4962ca,"{""distance"":3,""physical_error_rate"":5e-05}","{""detection_events"":24,""detectors_checked"":387072}"
      4096,         0,         0,   0.511,decoder_by_matrix,36e3cd26fed5ec7649ec51fb08c1a5e7d7f30e615782d954fee045c18a4962ca,"{""distance"":3,""physical_error_rate"":5e-05}","{""detection_events"":45,""detectors_checked"":221184}"
      6144,         0,         0,   0.528,decoder_by_matrix,36e3cd26fed5ec7649ec51fb08c1a5e7d7f30e615782d954fee045c18a4962ca,"{""distance"":3,""physical_error_rate"":5e-05}","{""detection_events"":33,""detectors_checked"":331776}"
      5120,         0,         0,   0.492,decoder_by_matrix,beec9fd12293a9cfe53c9b61fb8ce2a525e4eed38fa75d132d6dc64699336876,"{""distance"":3,""physical_error_rate"":0.0001}","{""detection_events"":81,""detectors_checked"":276480}"
      7168,         0,         0,   0.516,decoder_by_matrix,36e3cd26fed5ec7649ec51fb08c1a5e7d7f30e615782d954fee045c18a4962ca,"{""distance"":3,""physical_error_rate"":5e-05}","{""detection_events"":60,""detectors_checked"":387072}"
      7168,         0,         0,   0.516,decoder_by_matrix,36e3cd26fed5ec7649ec51fb08c1a5e7d7f30e615782d954fee045c18a4962ca,"{""distance"":3,""physical_error_rate"":5e-05}","{""detection_events"":39,""detectors_checked"":387072}"
      5120,         0,         0,   0.516,decoder_by_matrix,beec9fd12293a9cfe53c9b61fb8ce2a525e4eed38fa75d132d6dc64699336876,"{""distance"":3,""physical_error_rate"":0.0001}","{""detection_events"":69,""detectors_checked"":276480}"
      7168,         0,         0,   0.516,decoder_by_matrix,36e3cd26fed5ec7649ec51fb08c1a5e7d7f30e615782d954fee045c18a4962ca,"{""distance"":3,""physical_error_rate"":5e-05}","{""detection_events"":48,""detectors_checked"":387072}"
      5120,         0,         0,   0.512,decoder_by_matrix,beec9fd12293a9cfe53c9b61fb8ce2a525e4eed38fa75d132d6dc64699336876,"{""distance"":3,""physical_error_rate"":0.0001}","{""detection_events"":81,""detectors_checked"":276480}"
      5120,         0,         0,   0.515,decoder_by_matrix,beec9fd12293a9cfe53c9b61fb8ce2a525e4eed38fa75d132d6dc64699336876,"{""distance"":3,""physical_error_rate"":0.0001}","{""detection_events"":66,""detectors_checked"":276480}"
      5120,         0,         0,   0.521,decoder_by_matrix,beec9fd12293a9cfe53c9b61fb8ce2a525e4eed38fa75d132d6dc64699336876,"{""distance"":3,""physical_error_rate"":0.0001}","{""detection_events"":63,""detectors_checked"":276480}"
      5120,         0,         0,   0.515,decoder_by_matrix,beec9fd12293a9cfe53c9b61fb8ce2a525e4eed38fa75d132d6dc64699336876,"{""distance"":3,""physical_error_rate"":0.0001}","{""detection_events"":54,""detectors_checked"":276480}"
      5120,         0,         0,   0.515,decoder_by_matrix,36e3cd26fed5ec7649ec51fb08c1a5e7d7f30e615782d954fee045c18a4962ca,"{""distance"":3,""physical_error_rate"":5e-05}","{""detection_events"":45,""detectors_checked"":276480}"
      6144,         0,         0,   0.515,decoder_by_matrix,beec9fd12293a9cfe53c9b61fb8ce2a525e4eed38fa75d132d6dc64699336876,"{""distance"":3,""physical_error_rate"":0.0001}","{""detection_events"":81,""detectors_checked"":331776}"
      9216,         0,         0,   0.773,decoder_by_matrix,36e3cd26fed5ec7649ec51fb08c1a5e7d7f30e615782d954fee045c18a4962ca,"{""distance"":3,""physical_error_rate"":5e-05}","{""detection_events"":69,""detectors_checked"":497664}"
      6144,         0,         0,   0.598,decoder_by_matrix,beec9fd12293a9cfe53c9b61fb8ce2a525e4eed38fa75d132d6dc64699336876,"{""distance"":3,""physical_error_rate"":0.0001}","{""detection_events"":108,""detectors_checked"":331776}"
      8192,         0,         0,   0.516,decoder_by_matrix,36e3cd26fed5ec7649ec51fb08c1a5e7d7f30e615782d954fee045c18a4962ca,"{""distance"":3,""physical_error_rate"":5e-05}","{""detection_events"":45,""detectors_checked"":442368}"
      7168,         0,         0,   0.523,decoder_by_matrix,beec9fd12293a9cfe53c9b61fb8ce2a525e4eed38fa75d132d6dc64699336876,"{""distance"":3,""physical_error_rate"":0.0001}","{""detection_events"":138,""detectors_checked"":387072}"
     10240,         0,         0,   0.772,decoder_by_matrix,36e3cd26fed5ec7649ec51fb08c1a5e7d7f30e615782d954fee045c18a4962ca,"{""distance"":3,""physical_error_rate"":5e-05}","{""detection_events"":69,""detectors_checked"":552960}"
     12288,         0,         0,   0.778,decoder_by_matrix,36e3cd26fed5ec7649ec51fb08c1a5e7d7f30e615782d954fee045c18a4962ca,"{""distance"":3,""physical_error_rate"":5e-05}","{""detection_events"":42,""detectors_checked"":663552}"
      8192,         0,         0,   0.773,decoder_by_matrix,beec9fd12293a9cfe53c9b61fb8ce2a525e4eed38fa75d132d6dc64699336876,"{""distance"":3,""physical_error_rate"":0.0001}","{""detection_events"":69,""detectors_checked"":442368}"
      6144,         0,         0,   0.626,decoder_by_matrix,beec9fd12293a9cfe53c9b61fb8ce2a525e4eed38fa75d132d6dc64699336876,"{""distance"":3,""physical_error_rate"":0.0001}","{""detection_events"":126,""detectors_checked"":331776}"
      9216,         0,         0,   0.777,decoder_by_matrix,36e3cd26fed5ec7649ec51fb08c1a5e7d7f30e615782d954fee045c18a4962ca,"{""distance"":3,""physical_error_rate"":5e-05}","{""detection_events"":66,""detectors_checked"":497664}"
      8192,         0,         0,   0.778,decoder_by_matrix,beec9fd12293a9cfe53c9b61fb8ce2a525e4eed38fa75d132d6dc64699336876,"{""distance"":3,""physical_error_rate"":0.0001}","{""detection_events"":126,""detectors_checked"":442368}"
      9216,         0,         0,   0.780,decoder_by_matrix,36e3cd26fed5ec7649ec51fb08c1a5e7d7f30e615782d954fee045c18a4962ca,"{""distance"":3,""physical_error_rate"":5e-05}","{""detection_events"":99,""detectors_checked"":497664}"
     10240,         0,         0,   0.804,decoder_by_matrix,36e3cd26fed5ec7649ec51fb08c1a5e7d7f30e615782d954fee045c18a4962ca,"{""distance"":3,""physical_error_rate"":5e-05}","{""detection_events"":57,""detectors_checked"":552960}"
     11264,         0,         0,   0.771,decoder_by_matrix,36e3cd26fed5ec7649ec51fb08c1a5e7d7f30e615782d954fee045c18a4962ca,"{""distance"":3,""physical_error_rate"":5e-05}","{""detection_events"":45,""detectors_checked"":608256}"
      8192,         0,         0,   0.780,decoder_by_matrix,36e3cd26fed5ec7649ec51fb08c1a5e7d7f30e615782d954fee045c18a4962ca,"{""distance"":3,""physical_error_rate"":5e-05}","{""detection_events"":93,""detectors_checked"":442368}"
      8192,         0,         0,   0.771,decoder_by_matrix,beec9fd12293a9cfe53c9b61fb8ce2a525e4eed38fa75d132d6dc64699336876,"{""distance"":3,""physical_error_rate"":0.0001}","{""detection_events"":147,""detectors_checked"":442368}"
     10240,         0,         0,   0.773,decoder_by_matrix,36e3cd26fed5ec7649ec51fb08c1a5e7d7f30e615782d954fee045c18a4962ca,"{""distance"":3,""physical_error_rate"":5e-05}","{""detection_events"":30,""detectors_checked"":552960}"
      9216,         0,         0,   0.520,decoder_by_matrix,beec9fd12293a9cfe53c9b61fb8ce2a525e4eed38fa75d132d6dc64699336876,"{""distance"":3,""physical_error_rate"":0.0001}","{""detection_events"":117,""detectors_checked"":497664}"
      9216,         0,         0,   0.782,decoder_by_matrix,beec9fd12293a9cfe53c9b61fb8ce2a525e4eed38fa75d132d6dc64699336876,"{""distance"":3,""physical_error_rate"":0.0001}","{""detection_events"":135,""detectors_checked"":497664}"
      9216,         0,         0,   0.753,decoder_by_matrix,beec9fd12293a9cfe53c9b61fb8ce2a525e4eed38fa75d132d6dc64699336876,"{""distance"":3,""physical_error_rate"":0.0001}","{""detection_events"":237,""detectors_checked"":497664}"
      9216,         0,         0,   0.773,decoder_by_matrix,beec9fd12293a9cfe53c9b61fb8ce2a525e4eed38fa75d132d6dc64699336876,"{""distance"":3,""physical_error_rate"":0.0001}","{""detection_events"":93,""detectors_checked"":497664}"
     10240,         0,         0,   0.773,decoder_by_matrix,36e3cd26fed5ec7649ec51fb08c1a5e7d7f30e615782d954fee045c18a4962ca,"{""distance"":3,""physical_error_rate"":5e-05}","{""detection_events"":66,""detectors_checked"":552960}"
      8192,         0,         0,   0.801,decoder_by_matrix,beec9fd12293a9cfe53c9b61fb8ce2a525e4eed38fa75d132d6dc64699336876,"{""distance"":3,""physical_error_rate"":0.0001}","{""detection_events"":96,""detectors_checked"":442368}"
      8192,         0,         0,   0.776,decoder_by_matrix,beec9fd12293a9cfe53c9b61fb8ce2a525e4eed38fa75d132d6dc64699336876,"{""distance"":3,""physical_error_rate"":0.0001}","{""detection_events"":120,""detectors_checked"":442368}"
      8192,         0,         0,   0.776,decoder_by_matrix,36e3cd26fed5ec7649ec51fb08c1a5e7d7f30e615782d954fee045c18a4962ca,"{""distance"":3,""physical_error_rate"":5e-05}","{""detection_events"":75,""detectors_checked"":442368}"
     14336,         0,         0,   0.771,decoder_by_matrix,36e3cd26fed5ec7649ec51fb08c1a5e7d7f30e615782d954fee045c18a4962ca,"{""distance"":3,""physical_error_rate"":5e-05}","{""detection_events"":93,""detectors_checked"":774144}"
     10240,         0,         0,    1.02,decoder_by_matrix,beec9fd12293a9cfe53c9b61fb8ce2a525e4eed38fa75d132d6dc64699336876,"{""distance"":3,""physical_error_rate"":0.0001}","{""detection_events"":168,""detectors_checked"":552960}"
     15360,         0,         0,    1.00,decoder_by_matrix,36e3cd26fed5ec7649ec51fb08c1a5e7d7f30e615782d954fee045c18a4962ca,"{""distance"":3,""physical_error_rate"":5e-05}","{""detection_events"":75,""detectors_checked"":829440}"
     13312,         0,         0,    1.04,decoder_by_matrix,36e3cd26fed5ec7649ec51fb08c1a5e7d7f30e615782d954fee045c18a4962ca,"{""distance"":3,""physical_error_rate"":5e-05}","{""detection_events"":117,""detectors_checked"":718848}"
     10240,         0,         0,   0.527,decoder_by_matrix,beec9fd12293a9cfe53c9b61fb8ce2a525e4eed38fa75d132d6dc64699336876,"{""distance"":3,""physical_error_rate"":0.0001}","{""detection_events"":201,""detectors_checked"":552960}"
     13312,         0,         0,    1.03,decoder_by_matrix,beec9fd12293a9cfe53c9b61fb8ce2a525e4eed38fa75d132d6dc64699336876,"{""distance"":3,""physical_error_rate"":0.0001}","{""detection_events"":135,""detectors_checked"":718848}"
     12288,         0,         0,   0.774,decoder_by_matrix,36e3cd26fed5ec7649ec51fb08c1a5e7d7f30e615782d954fee045c18a4962ca,"{""distance"":3,""physical_error_rate"":5e-05}","{""detection_events"":93,""detectors_checked"":663552}"
     11264,         0,         0,    1.03,decoder_by_matrix,beec9fd12293a9cfe53c9b61fb8ce2a525e4eed38fa75d132d6dc64699336876,"{""distance"":3,""physical_error_rate"":0.0001}","{""detection_events"":141,""detectors_checked"":608256}"
     15360,         0,         0,    1.03,decoder_by_matrix,36e3cd26fed5ec7649ec51fb08c1a5e7d7f30e615782d954fee045c18a4962ca,"{""distance"":3,""physical_error_rate"":5e-05}","{""detection_events"":90,""detectors_checked"":829440}"
     11264,         0,         0,    1.02,decoder_by_matrix,36e3cd26fed5ec7649ec51fb08c1a5e7d7f30e615782d954fee045c18a4962ca,"{""distance"":3,""physical_error_rate"":5e-05}","{""detection_events"":102,""detectors_checked"":608256}"
     13312,         0,         0,    1.02,decoder_by_matrix,36e3cd26fed5ec7649ec51fb08c1a5e7d7f30e615782d954fee045c18a4962ca,"{""distance"":3,""physical_error_rate"":5e-05}","{""detection_events"":96,""detectors_checked"":718848}"
     10240,         0,         0,    1.03,decoder_by_matrix,36e3cd26fed5ec7649ec51fb08c1a5e7d7f30e615782d954fee045c18a4962ca,"{""distance"":3,""physical_error_rate"":5e-05}","{""detection_events"":93,""detectors_checked"":552960}"
     12288,         0,         0,   0.776,decoder_by_matrix,beec9fd12293a9cfe53c9b61fb8ce2a525e4eed38fa75d132d6dc64699336876,"{""distance"":3,""physical_error_rate"":0.0001}","{""detection_events"":111,""detectors_checked"":663552}"
     15360,         0,         0,    1.02,decoder_by_matrix,36e3cd26fed5ec7649ec51fb08c1a5e7d7f30e615782d954fee045c18a4962ca,"{""distance"":3,""physical_error_rate"":5e-05}","{""detection_events"":108,""detectors_checked"":829440}"
     11264,         0,         0,    1.04,decoder_by_matrix,beec9fd12293a9cfe53c9b61fb8ce2a525e4eed38fa75d132d6dc64699336876,"{""distance"":3,""physical_error_rate"":0.0001}","{""detection_events"":156,""detectors_checked"":608256}"
     10240,         0,         0,    1.03,decoder_by_matrix,beec9fd12293a9cfe53c9b61fb8ce2a525e4eed38fa75d132d6dc64699336876,"{""distance"":3,""physical_error_rate"":0.0001}","{""detection_events"":120,""detectors_checked"":552960}"
     10240,         0,         0,    1.03,decoder_by_matrix,beec9fd12293a9cfe53c9b61fb8ce2a525e4eed38fa75d132d6dc64699336876,"{""distance"":3,""physical_error_rate"":0.0001}","{""detection_events"":252,""detectors_checked"":552960}"
     11264,         0,         0,    1.01,decoder_by_matrix,beec9fd12293a9cfe53c9b61fb8ce2a525e4eed38fa75d132d6dc64699336876,"{""distance"":3,""physical_error_rate"":0.0001}","{""detection_events"":171,""detectors_checked"":608256}"
     12288,         0,         0,   0.848,decoder_by_matrix,36e3cd26fed5ec7649ec51fb08c1a5e7d7f30e615782d954fee045c18a4962ca,"{""distance"":3,""physical_error_rate"":5e-05}","{""detection_events"":102,""detectors_checked"":663552}"
     14336,         0,         0,    1.03,decoder_by_matrix,36e3cd26fed5ec7649ec51fb08c1a5e7d7f30e615782d954fee045c18a4962ca,"{""distance"":3,""physical_error_rate"":5e-05}","{""detection_events"":75,""detectors_checked"":774144}"
     11264,         0,         0,    1.04,decoder_by_matrix,beec9fd12293a9cfe53c9b61fb8ce2a525e4eed38fa75d132d6dc64699336876,"{""distance"":3,""physical_error_rate"":0.0001}","{""detection_events"":126,""detectors_checked"":608256}"
     10240,         0,         0,    1.03,decoder_by_matrix,beec9fd12293a9cfe53c9b61fb8ce2a525e4eed38fa75d132d6dc64699336876,"{""distance"":3,""physical_error_rate"":0.0001}","{""detection_events"":204,""detectors_checked"":552960}"
     13312,         0,         0,    1.27,decoder_by_matrix,36e3cd26fed5ec7649ec51fb08c1a5e7d7f30e615782d954fee045c18a4962ca,"{""distance"":3,""physical_error_rate"":5e-05}","{""detection_events"":120,""detectors_checked"":718848}"
     15360,         0,         0,    1.12,decoder_by_matrix,36e3cd26fed5ec7649ec51fb08c1a5e7d7f30e615782d954fee045c18a4962ca,"{""distance"":3,""physical_error_rate"":5e-05}","{""detection_events"":102,""detectors_checked"":829440}"
     17408,         0,         0,    1.30,decoder_by_matrix,beec9fd12293a9cfe53c9b61fb8ce2a525e4eed38fa75d132d6dc64699336876,"{""distance"":3,""physical_error_rate"":0.0001}","{""detection_events"":171,""detectors_checked"":940032}"
     15360,         0,         0,    1.27,decoder_by_matrix,36e3cd26fed5ec7649ec51fb08c1a5e7d7f30e615782d954fee045c18a4962ca,"{""distance"":3,""physical_error_rate"":5e-05}","{""detection_events"":108,""detectors_checked"":829440}"
     13312,         0,         0,    1.28,decoder_by_matrix,beec9fd12293a9cfe53c9b61fb8ce2a525e4eed38fa75d132d6dc64699336876,"{""distance"":3,""physical_error_rate"":0.0001}","{""detection_events"":216,""detectors_checked"":718848}"
     12288,         0,         0,    1.28,decoder_by_matrix,beec9fd12293a9cfe53c9b61fb8ce2a525e4eed38fa75d132d6dc64699336876,"{""distance"":3,""physical_error_rate"":0.0001}","{""detection_events"":180,""detectors_checked"":663552}"
     13312,         0,         0,    1.28,decoder_by_matrix,beec9fd12293a9cfe53c9b61fb8ce2a525e4eed38fa75d132d6dc64699336876,"{""distance"":3,""physical_error_rate"":0.0001}","{""detection_events"":216,""detectors_checked"":718848}"
     14336,         0,         0,    1.35,decoder_by_matrix,36e3cd26fed5ec7649ec51fb08c1a5e7d7f30e615782d954fee045c18a4962ca,"{""distance"":3,""physical_error_rate"":5e-05}","{""detection_events"":117,""detectors_checked"":774144}"
     13312,         0,         0,    1.29,decoder_by_matrix,36e3cd26fed5ec7649ec51fb08c1a5e7d7f30e615782d954fee045c18a4962ca,"{""distance"":3,""physical_error_rate"":5e-05}","{""detection_events"":105,""detectors_checked"":718848}"
     15360,         0,         0,    1.27,decoder_by_matrix,36e3cd26fed5ec7649ec51fb08c1a5e7d7f30e615782d954fee045c18a4962ca,"{""distance"":3,""physical_error_rate"":5e-05}","{""detection_events"":117,""detectors_checked"":829440}"
     13312,         0,         0,    1.28,decoder_by_matrix,36e3cd26fed5ec7649ec51fb08c1a5e7d7f30e615782d954fee045c18a4962ca,"{""distance"":3,""physical_error_rate"":5e-05}","{""detection_events"":132,""detectors_checked"":718848}"
     16384,         0,         0,    1.28,decoder_by_matrix,36e3cd26fed5ec7649ec51fb08c1a5e7d7f30e615782d954fee045c18a4962ca,"{""distance"":3,""physical_error_rate"":5e-05}","{""detection_events"":102,""detectors_checked"":884736}"
     13312,         0,         0,    1.23,decoder_by_matrix,beec9fd12293a9cfe53c9b61fb8ce2a525e4eed38fa75d132d6dc64699336876,"{""distance"":3,""physical_error_rate"":0.0001}","{""detection_events"":162,""detectors_checked"":718848}"
     15360,         0,         0,    1.29,decoder_by_matrix,beec9fd12293a9cfe53c9b61fb8ce2a525e4eed38fa75d132d6dc64699336876,"{""distance"":3,""physical_error_rate"":0.0001}","{""detection_events"":168,""detectors_checked"":829440}"
     18432,         0,         0,    1.29,decoder_by_matrix,36e3cd26fed5ec7649ec51fb08c1a5e7d7f30e615782d954fee045c18a4962ca,"{""distance"":3,""physical_error_rate"":5e-05}","{""detection_events"":117,""detectors_checked"":995328}"
     15360,         0,         0,    1.29,decoder_by_matrix,beec9fd12293a9cfe53c9b61fb8ce2a525e4eed38fa75d132d6dc64699336876,"{""distance"":3,""physical_error_rate"":0.0001}","{""detection_events"":204,""detectors_checked"":829440}"
     13312,         0,         0,    1.29,decoder_by_matrix,beec9fd12293a9cfe53c9b61fb8ce2a525e4eed38fa75d132d6dc64699336876,"{""distance"":3,""physical_error_rate"":0.0001}","{""detection_events"":234,""detectors_checked"":718848}"
     16384,         0,         0,    1.28,decoder_by_matrix,36e3cd26fed5ec7649ec51fb08c1a5e7d7f30e615782d954fee045c18a4962ca,"{""distance"":3,""physical_error_rate"":5e-05}","{""detection_events"":135,""detectors_checked"":884736}"
     12288,         0,         0,    1.32,decoder_by_matrix,beec9fd12293a9cfe53c9b61fb8ce2a525e4eed38fa75d132d6dc64699336876,"{""distance"":3,""physical_error_rate"":0.0001}","{""detection_events"":177,""detectors_checked"":663552}"
     16384,         0,         0,    1.29,decoder_by_matrix,36e3cd26fed5ec7649ec51fb08c1a5e7d7f30e615782d954fee045c18a4962ca,"{""distance"":3,""physical_error_rate"":5e-05}","{""detection_events"":138,""detectors_checked"":884736}"
     13312,         0,         0,    1.28,decoder_by_matrix,beec9fd12293a9cfe53c9b61fb8ce2a525e4eed38fa75d132d6dc64699336876,"{""distance"":3,""physical_error_rate"":0.0001}","{""detection_events"":165,""detectors_checked"":718848}"
     13312,         0,         0,    1.29,decoder_by_matrix,beec9fd12293a9cfe53c9b61fb8ce2a525e4eed38fa75d132d6dc64699336876,"{""distance"":3,""physical_error_rate"":0.0001}","{""detection_events"":216,""detectors_checked"":718848}"
     19456,         0,         0,    1.60,decoder_by_matrix,36e3cd26fed5ec7649ec51fb08c1a5e7d7f30e615782d954fee045c18a4962ca,"{""distance"":3,""physical_error_rate"":5e-05}","{""detection_events"":171,""detectors_checked"":1050624}"
     17408,         0,         0,    1.04,decoder_by_matrix,beec9fd12293a9cfe53c9b61fb8ce2a525e4eed38fa75d132d6dc64699336876,"{""distance"":3,""physical_error_rate"":0.0001}","{""detection_events"":288,""detectors_checked"":940032}"
     20480,         0,         0,    1.76,decoder_by_matrix,36e3cd26fed5ec7649ec51fb08c1a5e7d7f30e615782d954fee045c18a4962ca,"{""distance"":3,""physical_error_rate"":5e-05}","{""detection_events"":204,""detectors_checked"":1105920}"
     20480,         0,         0,    1.56,decoder_by_matrix,36e3cd26fed5ec7649ec51fb08c1a5e7d7f30e615782d954fee045c18a4962ca,"{""distance"":3,""physical_error_rate"":5e-05}","{""detection_events"":111,""detectors_checked"":1105920}"
     19456,         0,         0,    1.80,decoder_by_matrix,beec9fd12293a9cfe53c9b61fb8ce2a525e4eed38fa75d132d6dc64699336876,"{""distance"":3,""physical_error_rate"":0.0001}","{""detection_events"":246,""detectors_checked"":1050624}"
     21504,         0,         0,    1.80,decoder_by_matrix,36e3cd26fed5ec7649ec51fb08c1a5e7d7f30e615782d954fee045c18a4962ca,"{""distance"":3,""physical_error_rate"":5e-05}","{""detection_events"":231,""detectors_checked"":1161216}"
     19456,         0,         0,    1.77,decoder_by_matrix,beec9fd12293a9cfe53c9b61fb8ce2a525e4eed38fa75d132d6dc64699336876,"{""distance"":3,""physical_error_rate"":0.0001}","{""detection_events"":312,""detectors_checked"":1050624}"
     19456,         0,         0,    1.80,decoder_by_matrix,beec9fd12293a9cfe53c9b61fb8ce2a525e4eed38fa75d132d6dc64699336876,"{""distance"":3,""physical_error_rate"":0.0001}","{""detection_events"":291,""detectors_checked"":1050624}"
     22528,         0,         0,    1.80,decoder_by_matrix,36e3cd26fed5ec7649ec51fb08c1a5e7d7f30e615782d954fee045c18a4962ca,"{""distance"":3,""physical_error_rate"":5e-05}","{""detection_events"":141,""detectors_checked"":1216512}"
     24576,         0,         0,    1.76,decoder_by_matrix,36e3cd26fed5ec7649ec51fb08c1a5e7d7f30e615782d954fee045c18a4962ca,"{""distance"":3,""physical_error_rate"":5e-05}","{""detection_events"":183,""detectors_checked"":1327104}"
     21504,         0,         0,    1.81,decoder_by_matrix,36e3cd26fed5ec7649ec51fb08c1a5e7d7f30e615782d954fee045c18a4962ca,"{""distance"":3,""physical_error_rate"":5e-05}","{""detection_events"":174,""detectors_checked"":1161216}"
     22528,         0,         0,    1.80,decoder_by_matrix,36e3cd26fed5ec7649ec51fb08c1a5e7d7f30e615782d954fee045c18a4962ca,"{""distance"":3,""physical_error_rate"":5e-05}","{""detection_events"":183,""detectors_checked"":1216512}"
     19456,         0,         0,    1.80,decoder_by_matrix,beec9fd12293a9cfe53c9b61fb8ce2a525e4eed38fa75d132d6dc64699336876,"{""distance"":3,""physical_error_rate"":0.0001}","{""detection_events"":327,""detectors_checked"":1050624}"
     18432,         0,         0,    1.55,decoder_by_matrix,beec9fd12293a9cfe53c9b61fb8ce2a525e4eed38fa75d132d6dc64699336876,"{""distance"":3,""physical_error_rate"":0.0001}","{""detection_events"":243,""detectors_checked"":995328}"
     28672,         0,         0,    1.79,decoder_by_matrix,36e3cd26fed5ec7649ec51fb08c1a5e7d7f30e615782d954fee045c18a4962ca,"{""distance"":3,""physical_error_rate"":5e-05}","{""detection_events"":96,""detectors_checked"":1548288}"
     20480,         0,         0,    1.60,decoder_by_matrix,36e3cd26fed5ec7649ec51fb08c1a5e7d7f30e615782d954fee045c18a4962ca,"{""distance"":3,""physical_error_rate"":5e-05}","{""detection_events"":186,""detectors_checked"":1105920}"
     17408,         0,         0,    1.57,decoder_by_matrix,36e3cd26fed5ec7649ec51fb08c1a5e7d7f30e615782d954fee045c18a4962ca,"{""distance"":3,""physical_error_rate"":5e-05}","{""detection_events"":153,""detectors_checked"":940032}"
     21504,         0,         0,    1.78,decoder_by_matrix,beec9fd12293a9cfe53c9b61fb8ce2a525e4eed38fa75d132d6dc64699336876,"{""distance"":3,""physical_error_rate"":0.0001}","{""detection_events"":288,""detectors_checked"":1161216}"
     17408,         0,         0,    1.79,decoder_by_matrix,beec9fd12293a9cfe53c9b61fb8ce2a525e4eed38fa75d132d6dc64699336876,"{""distance"":3,""physical_error_rate"":0.0001}","{""detection_events"":252,""detectors_checked"":940032}"
     20480,         0,         0,    1.55,decoder_by_matrix,beec9fd12293a9cfe53c9b61fb8ce2a525e4eed38fa75d132d6dc64699336876,"{""distance"":3,""physical_error_rate"":0.0001}","{""detection_events"":288,""detectors_checked"":1105920}"
     20480,         0,         0,    1.78,decoder_by_matrix,beec9fd12293a9cfe53c9b61fb8ce2a525e4eed38fa75d132d6dc64699336876,"{""distance"":3,""physical_error_rate"":0.0001}","{""detection_events"":315,""detectors_checked"":1105920}"
     18432,         0,         0,    1.79,decoder_by_matrix,beec9fd12293a9cfe53c9b61fb8ce2a525e4eed38fa75d132d6dc64699336876,"{""distance"":3,""physical_error_rate"":0.0001}","{""detection_events"":291,""detectors_checked"":995328}"
     31744,         0,         0,    2.26,decoder_by_matrix,36e3cd26fed5ec7649ec51fb08c1a5e7d7f30e615782d954fee045c18a4962ca,"{""distance"":3,""physical_error_rate"":5e-05}","{""detection_events"":135,""detectors_checked"":1714176}"
     24576,         0,         0,    2.21,decoder_by_matrix,beec9fd12293a9cfe53c9b61fb8ce2a525e4eed38fa75d132d6dc64699336876,"{""distance"":3,""physical_error_rate"":0.0001}","{""detection_events"":294,""detectors_checked"":1327104}"
     27648,         0,         0,    2.35,decoder_by_matrix,36e3cd26fed5ec7649ec51fb08c1a5e7d7f30e615782d954fee045c18a4962ca,"{""distance"":3,""physical_error_rate"":5e-05}","{""detection_events"":243,""detectors_checked"":1492992}"
     24576,         0,         0,    2.21,decoder_by_matrix,beec9fd12293a9cfe53c9b61fb8ce2a525e4eed38fa75d132d6dc64699336876,"{""distance"":3,""physical_error_rate"":0.0001}","{""detection_events"":381,""detectors_checked"":1327104}"
     24576,         0,         0,    2.16,decoder_by_matrix,beec9fd12293a9cfe53c9b61fb8ce2a525e4eed38fa75d132d6dc64699336876,"{""distance"":3,""physical_error_rate"":0.0001}","{""detection_events"":405,""detectors_checked"":1327104}"
     27648,         0,         0,    2.05,decoder_by_matrix,36e3cd26fed5ec7649ec51fb08c1a5e7d7f30e615782d954fee045c18a4962ca,"{""distance"":3,""physical_error_rate"":5e-05}","{""detection_events"":231,""detectors_checked"":1492992}"
     28672,         0,         0,    2.32,decoder_by_matrix,36e3cd26fed5ec7649ec51fb08c1a5e7d7f30e615782d954fee045c18a4962ca,"{""distance"":3,""physical_error_rate"":5e-05}","{""detection_events"":198,""detectors_checked"":1548288}"
     29696,         0,         0,    2.04,decoder_by_matrix,36e3cd26fed5ec7649ec51fb08c1a5e7d7f30e615782d954fee045c18a4962ca,"{""distance"":3,""physical_error_rate"":5e-05}","{""detection_events"":258,""detectors_checked"":1603584}"
     24576,         0,         0,    2.10,decoder_by_matrix,beec9fd12293a9cfe53c9b61fb8ce2a525e4eed38fa75d132d6dc64699336876,"{""distance"":3,""physical_error_rate"":0.0001}","{""detection_events"":381,""detectors_checked"":1327104}"
     28672,         0,         0,    2.30,decoder_by_matrix,36e3cd26fed5ec7649ec51fb08c1a5e7d7f30e615782d954fee045c18a4962ca,"{""distance"":3,""physical_error_rate"":5e-05}","{""detection_events"":219,""detectors_checked"":1548288}"
     30720,         0,         0,    2.20,decoder_by_matrix,36e3cd26fed5ec7649ec51fb08c1a5e7d7f30e615782d954fee045c18a4962ca,"{""distance"":3,""physical_error_rate"":5e-05}","{""detection_events"":210,""detectors_checked"":1658880}"
     29696,         0,         0,    2.32,decoder_by_matrix,36e3cd26fed5ec7649ec51fb08c1a5e7d7f30e615782d954fee045c18a4962ca,"{""distance"":3,""physical_error_rate"":5e-05}","{""detection_events"":303,""detectors_checked"":1603584}"
     25600,         0,         0,    2.30,decoder_by_matrix,beec9fd12293a9cfe53c9b61fb8ce2a525e4eed38fa75d132d6dc64699336876,"{""distance"":3,""physical_error_rate"":0.0001}","{""detection_events"":348,""detectors_checked"":1382400}"
     25600,         0,         0,    2.30,decoder_by_matrix,beec9fd12293a9cfe53c9b61fb8ce2a525e4eed38fa75d132d6dc64699336876,"{""distance"":3,""physical_error_rate"":0.0001}","{""detection_events"":291,""detectors_checked"":1382400}"
     27648,         0,         0,    2.04,decoder_by_matrix,36e3cd26fed5ec7649ec51fb08c1a5e7d7f30e615782d954fee045c18a4962ca,"{""distance"":3,""physical_error_rate"":5e-05}","{""detection_events"":294,""detectors_checked"":1492992}"
     27648,         0,         0,    2.11,decoder_by_matrix,36e3cd26fed5ec7649ec51fb08c1a5e7d7f30e615782d954fee045c18a4962ca,"{""distance"":3,""physical_error_rate"":5e-05}","{""detection_events"":210,""detectors_checked"":1492992}"
     31744,         0,         0,    1.80,decoder_by_matrix,36e3cd26fed5ec7649ec51fb08c1a5e7d7f30e615782d954fee045c18a4962ca,"{""distance"":3,""physical_error_rate"":5e-05}","{""detection_events"":231,""detectors_checked"":1714176}"
     22528,         0,         0,    2.30,decoder_by_matrix,beec9fd12293a9cfe53c9b61fb8ce2a525e4eed38fa75d132d6dc64699336876,"{""distance"":3,""physical_error_rate"":0.0001}","{""detection_events"":429,""detectors_checked"":1216512}"
     24576,         0,         0,    2.30,decoder_by_matrix,beec9fd12293a9cfe53c9b61fb8ce2a525e4eed38fa75d132d6dc64699336876,"{""distance"":3,""physical_error_rate"":0.0001}","{""detection_events"":438,""detectors_checked"":1327104}"
     24576,         0,         0,    2.32,decoder_by_matrix,beec9fd12293a9cfe53c9b61fb8ce2a525e4eed38fa75d132d6dc64699336876,"{""distance"":3,""physical_error_rate"":0.0001}","{""detection_events"":381,""detectors_checked"":1327104}"
     24576,         1,         0,    2.06,decoder_by_matrix,beec9fd12293a9cfe53c9b61fb8ce2a525e4eed38fa75d132d6dc64699336876,"{""distance"":3,""physical_error_rate"":0.0001}","{""detection_events"":285,""detectors_checked"":1327104,""obs_mistake_mask=E"":1}"
     23552,         0,         0,    2.31,decoder_by_matrix,beec9fd12293a9cfe53c9b61fb8ce2a525e4eed38fa75d132d6dc64699336876,"{""distance"":3,""physical_error_rate"":0.0001}","{""detection_events"":252,""detectors_checked"":1271808}"
   1531904,         0,         0,   115.0,decoder_by_matrix,36e3cd26fed5ec7649ec51fb08c1a5e7d7f30e615782d954fee045c18a4962ca,"{""distance"":3,""physical_error_rate"":5e-05}","{""detection_events"":10917,""detectors_checked"":82722816}"
   1302528,         2,         0,   116.7,decoder_by_matrix,beec9fd12293a9cfe53c9b61fb8ce2a525e4eed38fa75d132d6dc64699336876,"{""distance"":3,""physical_error_rate"":0.0001}","{""detection_events"":18741,""detectors_checked"":70336512,""obs_mistake_mask=E"":2}"
     34816,         0,         0,    3.05,decoder_by_matrix,36e3cd26fed5ec7649ec51fb08c1a5e7d7f30e615782d954fee045c18a4962ca,"{""distance"":3,""physical_error_rate"":5e-05}","{""detection_events"":282,""detectors_checked"":1880064}"
     32768,         0,         0,    3.08,decoder_by_matrix,beec9fd12293a9cfe53c9b61fb8ce2a525e4eed38fa75d132d6dc64699336876,"{""distance"":3,""physical_error_rate"":0.0001}","{""detection_events"":477,""detectors_checked"":1769472}"
     34816,         0,         0,    2.83,decoder_by_matrix,beec9fd12293a9cfe53c9b61fb8ce2a525e4eed38fa75d132d6dc64699336876,"{""distance"":3,""physical_error_rate"":0.0001}","{""detection_events"":495,""detectors_checked"":1880064}"
     37888,         0,         0,    3.07,decoder_by_matrix,36e3cd26fed5ec7649ec51fb08c1a5e7d7f30e615782d954fee045c18a4962ca,"{""distance"":3,""physical_error_rate"":5e-05}","{""detection_events"":312,""detectors_checked"":2045952}"
     39936,         0,         0,    3.13,decoder_by_matrix,36e3cd26fed5ec7649ec51fb08c1a5e7d7f30e615782d954fee045c18a4962ca,"{""distance"":3,""physical_error_rate"":5e-05}","{""detection_events"":267,""detectors_checked"":2156544}"
   1570816,         0,         0,   117.6,decoder_by_matrix,36e3cd26fed5ec7649ec51fb08c1a5e7d7f30e615782d954fee045c18a4962ca,"{""distance"":3,""physical_error_rate"":5e-05}","{""detection_events"":10989,""detectors_checked"":84824064}"
     37888,         0,         0,    3.07,decoder_by_matrix,36e3cd26fed5ec7649ec51fb08c1a5e7d7f30e615782d954fee045c18a4962ca,"{""distance"":3,""physical_error_rate"":5e-05}","{""detection_events"":330,""detectors_checked"":2045952}"
   1539072,         1,         0,   116.3,decoder_by_matrix,36e3cd26fed5ec7649ec51fb08c1a5e7d7f30e615782d954fee045c18a4962ca,"{""distance"":3,""physical_error_rate"":5e-05}","{""detection_events"":11769,""detectors_checked"":83109888,""obs_mistake_mask=E"":1}"
     41984,         0,         0,    2.82,decoder_by_matrix,36e3cd26fed5ec7649ec51fb08c1a5e7d7f30e615782d954fee045c18a4962ca,"{""distance"":3,""physical_error_rate"":5e-05}","{""detection_events"":336,""detectors_checked"":2267136}"
     34816,         0,         0,    3.08,decoder_by_matrix,beec9fd12293a9cfe53c9b61fb8ce2a525e4eed38fa75d132d6dc64699336876,"{""distance"":3,""physical_error_rate"":0.0001}","{""detection_events"":624,""detectors_checked"":1880064}"
     38912,         0,         0,    3.08,decoder_by_matrix,36e3cd26fed5ec7649ec51fb08c1a5e7d7f30e615782d954fee045c18a4962ca,"{""distance"":3,""physical_error_rate"":5e-05}","{""detection_events"":246,""detectors_checked"":2101248}"
     34816,         0,         0,    3.14,decoder_by_matrix,beec9fd12293a9cfe53c9b61fb8ce2a525e4eed38fa75d132d6dc64699336876,"{""distance"":3,""physical_error_rate"":0.0001}","{""detection_events"":402,""detectors_checked"":1880064}"
     37888,         0,         0,    2.83,decoder_by_matrix,36e3cd26fed5ec7649ec51fb08c1a5e7d7f30e615782d954fee045c18a4962ca,"{""distance"":3,""physical_error_rate"":5e-05}","{""detection_events"":273,""detectors_checked"":2045952}"
     33792,         0,         0,    3.07,decoder_by_matrix,beec9fd12293a9cfe53c9b61fb8ce2a525e4eed38fa75d132d6dc64699336876,"{""distance"":3,""physical_error_rate"":0.0001}","{""detection_events"":534,""detectors_checked"":1824768}"
     37888,         0,         0,    3.07,decoder_by_matrix,36e3cd26fed5ec7649ec51fb08c1a5e7d7f30e615782d954fee045c18a4962ca,"{""distance"":3,""physical_error_rate"":5e-05}","{""detection_events"":273,""detectors_checked"":2045952}"
     39936,         1,         0,    2.82,decoder_by_matrix,36e3cd26fed5ec7649ec51fb08c1a5e7d7f30e615782d954fee045c18a4962ca,"{""distance"":3,""physical_error_rate"":5e-05}","{""detection_events"":276,""detectors_checked"":2156544,""obs_mistake_mask=E"":1}"
     39936,         0,         0,    3.15,decoder_by_matrix,36e3cd26fed5ec7649ec51fb08c1a5e7d7f30e615782d954fee045c18a4962ca,"{""distance"":3,""physical_error_rate"":5e-05}","{""detection_events"":273,""detectors_checked"":2156544}"
     38912,         0,         0,    3.08,decoder_by_matrix,36e3cd26fed5ec7649ec51fb08c1a5e7d7f30e615782d954fee045c18a4962ca,"{""distance"":3,""physical_error_rate"":5e-05}","{""detection_events"":234,""detectors_checked"":2101248}"
     33792,         0,         0,    3.08,decoder_by_matrix,beec9fd12293a9cfe53c9b61fb8ce2a525e4eed38fa75d132d6dc64699336876,"{""distance"":3,""physical_error_rate"":0.0001}","{""detection_events"":399,""detectors_checked"":1824768}"
     32768,         0,         0,    2.83,decoder_by_matrix,beec9fd12293a9cfe53c9b61fb8ce2a525e4eed38fa75d132d6dc64699336876,"{""distance"":3,""physical_error_rate"":0.0001}","{""detection_events"":606,""detectors_checked"":1769472}"
     32768,         0,         0,    3.13,decoder_by_matrix,beec9fd12293a9cfe53c9b61fb8ce2a525e4eed38fa75d132d6dc64699336876,"{""distance"":3,""physical_error_rate"":0.0001}","{""detection_events"":528,""detectors_checked"":1769472}"
     33792,         1,         0,    3.05,decoder_by_matrix,beec9fd12293a9cfe53c9b61fb8ce2a525e4eed38fa75d132d6dc64699336876,"{""distance"":3,""physical_error_rate"":0.0001}","{""detection_events"":432,""detectors_checked"":1824768,""obs_mistake_mask=E"":1}"
     33792,         0,         0,    3.08,decoder_by_matrix,beec9fd12293a9cfe53c9b61fb8ce2a525e4eed38fa75d132d6dc64699336876,"{""distance"":3,""physical_error_rate"":0.0001}","{""detection_events"":408,""detectors_checked"":1824768}"
     33792,         0,         0,    3.08,decoder_by_matrix,beec9fd12293a9cfe53c9b61fb8ce2a525e4eed38fa75d132d6dc64699336876,"{""distance"":3,""physical_error_rate"":0.0001}","{""detection_events"":543,""detectors_checked"":1824768}"
   1305600,         2,         0,   118.1,decoder_by_matrix,beec9fd12293a9cfe53c9b61fb8ce2a525e4eed38fa75d132d6dc64699336876,"{""distance"":3,""physical_error_rate"":0.0001}","{""detection_events"":18858,""detectors_checked"":70502400,""obs_mistake_mask=E"":2}"
   1543168,         0,         0,   116.0,decoder_by_matrix,36e3cd26fed5ec7649ec51fb08c1a5e7d7f30e615782d954fee045c18a4962ca,"{""distance"":3,""physical_error_rate"":5e-05}","{""detection_events"":11226,""detectors_checked"":83331072}"
   1540096,         0,         0,   116.6,decoder_by_matrix,36e3cd26fed5ec7649ec51fb08c1a5e7d7f30e615782d954fee045c18a4962ca,"{""distance"":3,""physical_error_rate"":5e-05}","{""detection_events"":11391,""detectors_checked"":83165184}"
   1292288,         1,         0,   115.3,decoder_by_matrix,beec9fd12293a9cfe53c9b61fb8ce2a525e4eed38fa75d132d6dc64699336876,"{""distance"":3,""physical_error_rate"":0.0001}","{""detection_events"":18471,""detectors_checked"":69783552,""obs_mistake_mask=E"":1}"
   1309696,         1,         0,   118.4,decoder_by_matrix,beec9fd12293a9cfe53c9b61fb8ce2a525e4eed38fa75d132d6dc64699336876,"{""distance"":3,""physical_error_rate"":0.0001}","{""detection_events"":19392,""detectors_checked"":70723584,""obs_mistake_mask=E"":1}"
   1541120,         0,         0,   117.3,decoder_by_matrix,36e3cd26fed5ec7649ec51fb08c1a5e7d7f30e615782d954fee045c18a4962ca,"{""distance"":3,""physical_error_rate"":5e-05}","{""detection_events"":11643,""detectors_checked"":83220480}"
   1311744,         0,         0,   117.1,decoder_by_matrix,beec9fd12293a9cfe53c9b61fb8ce2a525e4eed38fa75d132d6dc64699336876,"{""distance"":3,""physical_error_rate"":0.0001}","{""detection_events"":18939,""detectors_checked"":70834176}"
   1292288,         0,         0,   118.5,decoder_by_matrix,beec9fd12293a9cfe53c9b61fb8ce2a525e4eed38fa75d132d6dc64699336876,"{""distance"":3,""physical_error_rate"":0.0001}","{""detection_events"":18900,""detectors_checked"":69783552}"
   1289216,         0,         0,   118.2,decoder_by_matrix,beec9fd12293a9cfe53c9b61fb8ce2a525e4eed38fa75d132d6dc64699336876,"{""distance"":3,""physical_error_rate"":0.0001}","{""detection_events"":19092,""detectors_checked"":69617664}"
   1294336,         2,         0,   117.5,decoder_by_matrix,beec9fd12293a9cfe53c9b61fb8ce2a525e4eed38fa75d132d6dc64699336876,"{""distance"":3,""physical_error_rate"":0.0001}","{""detection_events"":19293,""detectors_checked"":69894144,""obs_mistake_mask=E"":2}"
     59392,         0,         0,    4.09,decoder_by_matrix,36e3cd26fed5ec7649ec51fb08c1a5e7d7f30e615782d954fee045c18a4962ca,"{""distance"":3,""physical_error_rate"":5e-05}","{""detection_events"":342,""detectors_checked"":3207168}"
   1545216,         0,         0,   117.3,decoder_by_matrix,36e3cd26fed5ec7649ec51fb08c1a5e7d7f30e615782d954fee045c18a4962ca,"{""distance"":3,""physical_error_rate"":5e-05}","{""detection_events"":11670,""detectors_checked"":83441664}"
   1520640,         1,         0,   116.7,decoder_by_matrix,36e3cd26fed5ec7649ec51fb08c1a5e7d7f30e615782d954fee045c18a4962ca,"{""distance"":3,""physical_error_rate"":5e-05}","{""detection_events"":11259,""detectors_checked"":82114560,""obs_mistake_mask=E"":1}"
     46080,         0,         0,    4.32,decoder_by_matrix,beec9fd12293a9cfe53c9b61fb8ce2a525e4eed38fa75d132d6dc64699336876,"{""distance"":3,""physical_error_rate"":0.0001}","{""detection_events"":768,""detectors_checked"":2488320}"
     57344,         0,         0,    4.34,decoder_by_matrix,36e3cd26fed5ec7649ec51fb08c1a5e7d7f30e615782d954fee045c18a4962ca,"{""distance"":3,""physical_error_rate"":5e-05}","{""detection_events"":417,""detectors_checked"":3096576}"
     54272,         0,         0,    4.34,decoder_by_matrix,36e3cd26fed5ec7649ec51fb08c1a5e7d7f30e615782d954fee045c18a4962ca,"{""distance"":3,""physical_error_rate"":5e-05}","{""detection_events"":459,""detectors_checked"":2930688}"
     47104,         0,         0,    4.13,decoder_by_matrix,beec9fd12293a9cfe53c9b61fb8ce2a525e4eed38fa75d132d6dc64699336876,"{""distance"":3,""physical_error_rate"":0.0001}","{""detection_events"":696,""detectors_checked"":2543616}"
     58368,         0,         0,    4.37,decoder_by_matrix,36e3cd26fed5ec7649ec51fb08c1a5e7d7f30e615782d954fee045c18a4962ca,"{""distance"":3,""physical_error_rate"":5e-05}","{""detection_events"":414,""detectors_checked"":3151872}"
     55296,         0,         0,    4.41,decoder_by_matrix,36e3cd26fed5ec7649ec51fb08c1a5e7d7f30e615782d954fee045c18a4962ca,"{""distance"":3,""physical_error_rate"":5e-05}","{""detection_events"":405,""detectors_checked"":2985984}"
     47104,         0,         0,    4.37,decoder_by_matrix,beec9fd12293a9cfe53c9b61fb8ce2a525e4eed38fa75d132d6dc64699336876,"{""distance"":3,""physical_error_rate"":0.0001}","{""detection_events"":612,""detectors_checked"":2543616}"
     55296,         0,         0,    4.35,decoder_by_matrix,36e3cd26fed5ec7649ec51fb08c1a5e7d7f30e615782d954fee045c18a4962ca,"{""distance"":3,""physical_error_rate"":5e-05}","{""detection_events"":450,""detectors_checked"":2985984}"
     51200,         0,         0,    4.34,decoder_by_matrix,beec9fd12293a9cfe53c9b61fb8ce2a525e4eed38fa75d132d6dc64699336876,"{""distance"":3,""physical_error_rate"":0.0001}","{""detection_events"":594,""detectors_checked"":2764800}"
     52224,         0,         0,    4.35,decoder_by_matrix,36e3cd26fed5ec7649ec51fb08c1a5e7d7f30e615782d954fee045c18a4962ca,"{""distance"":3,""physical_error_rate"":5e-05}","{""detection_events"":447,""detectors_checked"":2820096}"
     49152,         0,         0,    4.12,decoder_by_matrix,beec9fd12293a9cfe53c9b61fb8ce2a525e4eed38fa75d132d6dc64699336876,"{""distance"":3,""physical_error_rate"":0.0001}","{""detection_events"":711,""detectors_checked"":2654208}"
     59392,         0,         0,    4.12,decoder_by_matrix,36e3cd26fed5ec7649ec51fb08c1a5e7d7f30e615782d954fee045c18a4962ca,"{""distance"":3,""physical_error_rate"":5e-05}","{""detection_events"":324,""detectors_checked"":3207168}"
     57344,         0,         0,    4.12,decoder_by_matrix,36e3cd26fed5ec7649ec51fb08c1a5e7d7f30e615782d954fee045c18a4962ca,"{""distance"":3,""physical_error_rate"":5e-05}","{""detection_events"":438,""detectors_checked"":3096576}"
     55296,         0,         0,    4.35,decoder_by_matrix,36e3cd26fed5ec7649ec51fb08c1a5e7d7f30e615782d954fee045c18a4962ca,"{""distance"":3,""physical_error_rate"":5e-05}","{""detection_events"":495,""detectors_checked"":2985984}"
     62464,         0,         0,    4.37,decoder_by_matrix,36e3cd26fed5ec7649ec51fb08c1a5e7d7f30e615782d954fee045c18a4962ca,"{""distance"":3,""physical_error_rate"":5e-05}","{""detection_events"":393,""detectors_checked"":3373056}"
     49152,         0,         0,    4.32,decoder_by_matrix,beec9fd12293a9cfe53c9b61fb8ce2a525e4eed38fa75d132d6dc64699336876,"{""distance"":3,""physical_error_rate"":0.0001}","{""detection_events"":693,""detectors_checked"":2654208}"
     46080,         0,         0,    4.11,decoder_by_matrix,beec9fd12293a9cfe53c9b61fb8ce2a525e4eed38fa75d132d6dc64699336876,"{""distance"":3,""physical_error_rate"":0.0001}","{""detection_events"":684,""detectors_checked"":2488320}"
     49152,         0,         0,    4.37,decoder_by_matrix,beec9fd12293a9cfe53c9b61fb8ce2a525e4eed38fa75d132d6dc64699336876,"{""distance"":3,""physical_error_rate"":0.0001}","{""detection_events"":726,""detectors_checked"":2654208}"
     48128,         0,         0,    4.50,decoder_by_matrix,beec9fd12293a9cfe53c9b61fb8ce2a525e4eed38fa75d132d6dc64699336876,"{""distance"":3,""physical_error_rate"":0.0001}","{""detection_events"":843,""detectors_checked"":2598912}"
     44032,         0,         0,    4.33,decoder_by_matrix,beec9fd12293a9cfe53c9b61fb8ce2a525e4eed38fa75d132d6dc64699336876,"{""distance"":3,""physical_error_rate"":0.0001}","{""detection_events"":852,""detectors_checked"":2377728}"
     47104,         0,         0,    4.40,decoder_by_matrix,beec9fd12293a9cfe53c9b61fb8ce2a525e4eed38fa75d132d6dc64699336876,"{""distance"":3,""physical_error_rate"":0.0001}","{""detection_events"":699,""detectors_checked"":2543616}"
     76800,         0,         0,    5.88,decoder_by_matrix,36e3cd26fed5ec7649ec51fb08c1a5e7d7f30e615782d954fee045c18a4962ca,"{""distance"":3,""physical_error_rate"":5e-05}","{""detection_events"":663,""detectors_checked"":4147200}"
     64512,         0,         0,    6.15,decoder_by_matrix,beec9fd12293a9cfe53c9b61fb8ce2a525e4eed38fa75d132d6dc64699336876,"{""distance"":3,""physical_error_rate"":0.0001}","{""detection_events"":1080,""detectors_checked"":3483648}"
     84992,         0,         0,    5.66,decoder_by_matrix,36e3cd26fed5ec7649ec51fb08c1a5e7d7f30e615782d954fee045c18a4962ca,"{""distance"":3,""physical_error_rate"":5e-05}","{""detection_events"":588,""detectors_checked"":4589568}"
     69632,         0,         0,    6.15,decoder_by_matrix,beec9fd12293a9cfe53c9b61fb8ce2a525e4eed38fa75d132d6dc64699336876,"{""distance"":3,""physical_error_rate"":0.0001}","{""detection_events"":918,""detectors_checked"":3760128}"
     80896,         0,         0,    5.94,decoder_by_matrix,36e3cd26fed5ec7649ec51fb08c1a5e7d7f30e615782d954fee045c18a4962ca,"{""distance"":3,""physical_error_rate"":5e-05}","{""detection_events"":591,""detectors_checked"":4368384}"
     78848,         0,         0,    6.16,decoder_by_matrix,36e3cd26fed5ec7649ec51fb08c1a5e7d7f30e615782d954fee045c18a4962ca,"{""distance"":3,""physical_error_rate"":5e-05}","{""detection_events"":609,""detectors_checked"":4257792}"
     72704,         0,         0,    5.62,decoder_by_matrix,36e3cd26fed5ec7649ec51fb08c1a5e7d7f30e615782d954fee045c18a4962ca,"{""distance"":3,""physical_error_rate"":5e-05}","{""detection_events"":678,""detectors_checked"":3926016}"
     65536,         0,         0,    5.89,decoder_by_matrix,beec9fd12293a9cfe53c9b61fb8ce2a525e4eed38fa75d132d6dc64699336876,"{""distance"":3,""physical_error_rate"":0.0001}","{""detection_events"":996,""detectors_checked"":3538944}"
     77824,         0,         0,    6.14,decoder_by_matrix,36e3cd26fed5ec7649ec51fb08c1a5e7d7f30e615782d954fee045c18a4962ca,"{""distance"":3,""physical_error_rate"":5e-05}","{""detection_events"":492,""detectors_checked"":4202496}"
     64512,         0,         0,    6.00,decoder_by_matrix,beec9fd12293a9cfe53c9b61fb8ce2a525e4eed38fa75d132d6dc64699336876,"{""distance"":3,""physical_error_rate"":0.0001}","{""detection_events"":1041,""detectors_checked"":3483648}"
     64512,         0,         0,    5.70,decoder_by_matrix,beec9fd12293a9cfe53c9b61fb8ce2a525e4eed38fa75d132d6dc64699336876,"{""distance"":3,""physical_error_rate"":0.0001}","{""detection_events"":1026,""detectors_checked"":3483648}"
     81920,         0,         0,    5.90,decoder_by_matrix,36e3cd26fed5ec7649ec51fb08c1a5e7d7f30e615782d954fee045c18a4962ca,"{""distance"":3,""physical_error_rate"":5e-05}","{""detection_events"":603,""detectors_checked"":4423680}"
     79872,         0,         0,    5.89,decoder_by_matrix,36e3cd26fed5ec7649ec51fb08c1a5e7d7f30e615782d954fee045c18a4962ca,"{""distance"":3,""physical_error_rate"":5e-05}","{""detection_events"":585,""detectors_checked"":4313088}"
     76800,         0,         0,    6.14,decoder_by_matrix,36e3cd26fed5ec7649ec51fb08c1a5e7d7f30e615782d954fee045c18a4962ca,"{""distance"":3,""physical_error_rate"":5e-05}","{""detection_events"":609,""detectors_checked"":4147200}"
     81920,         0,         0,    6.14,decoder_by_matrix,36e3cd26fed5ec7649ec51fb08c1a5e7d7f30e615782d954fee045c18a4962ca,"{""distance"":3,""physical_error_rate"":5e-05}","{""detection_events"":537,""detectors_checked"":4423680}"
     66560,         0,         0,    5.63,decoder_by_matrix,beec9fd12293a9cfe53c9b61fb8ce2a525e4eed38fa75d132d6dc64699336876,"{""distance"":3,""physical_error_rate"":0.0001}","{""detection_events"":873,""detectors_checked"":3594240}"
     77824,         0,         0,    6.23,decoder_by_matrix,36e3cd26fed5ec7649ec51fb08c1a5e7d7f30e615782d954fee045c18a4962ca,"{""distance"":3,""physical_error_rate"":5e-05}","{""detection_events"":708,""detectors_checked"":4202496}"
     65536,         0,         0,    5.91,decoder_by_matrix,beec9fd12293a9cfe53c9b61fb8ce2a525e4eed38fa75d132d6dc64699336876,"{""distance"":3,""physical_error_rate"":0.0001}","{""detection_events"":993,""detectors_checked"":3538944}"
     67584,         1,         0,    6.15,decoder_by_matrix,beec9fd12293a9cfe53c9b61fb8ce2a525e4eed38fa75d132d6dc64699336876,"{""distance"":3,""physical_error_rate"":0.0001}","{""detection_events"":981,""detectors_checked"":3649536,""obs_mistake_mask=E"":1}"
     64512,         0,         0,    5.63,decoder_by_matrix,beec9fd12293a9cfe53c9b61fb8ce2a525e4eed38fa75d132d6dc64699336876,"{""distance"":3,""physical_error_rate"":0.0001}","{""detection_events"":1185,""detectors_checked"":3483648}"
     67584,         0,         0,    5.90,decoder_by_matrix,beec9fd12293a9cfe53c9b61fb8ce2a525e4eed38fa75d132d6dc64699336876,"{""distance"":3,""physical_error_rate"":0.0001}","{""detection_events"":906,""detectors_checked"":3649536}"
     63488,         1,         0,    6.20,decoder_by_matrix,beec9fd12293a9cfe53c9b61fb8ce2a525e4eed38fa75d132d6dc64699336876,"{""distance"":3,""physical_error_rate"":0.0001}","{""detection_events"":993,""detectors_checked"":3428352,""obs_mistake_mask=E"":1}"
   1290240,         0,         0,   116.5,decoder_by_matrix,beec9fd12293a9cfe53c9b61fb8ce2a525e4eed38fa75d132d6dc64699336876,"{""distance"":3,""physical_error_rate"":0.0001}","{""detection_events"":19107,""detectors_checked"":69672960}"
   1538048,         3,         0,   117.5,decoder_by_matrix,36e3cd26fed5ec7649ec51fb08c1a5e7d7f30e615782d954fee045c18a4962ca,"{""distance"":3,""physical_error_rate"":5e-05}","{""detection_events"":11616,""detectors_checked"":83054592,""obs_mistake_mask=E"":3}"
   1536000,         0,         0,   117.1,decoder_by_matrix,36e3cd26fed5ec7649ec51fb08c1a5e7d7f30e615782d954fee045c18a4962ca,"{""distance"":3,""physical_error_rate"":5e-05}","{""detection_events"":11838,""detectors_checked"":82944000}"
   1290240,         0,         0,   116.8,decoder_by_matrix,beec9fd12293a9cfe53c9b61fb8ce2a525e4eed38fa75d132d6dc64699336876,"{""distance"":3,""physical_error_rate"":0.0001}","{""detection_events"":18798,""detectors_checked"":69672960}"
   1544192,         0,         0,   116.1,decoder_by_matrix,36e3cd26fed5ec7649ec51fb08c1a5e7d7f30e615782d954fee045c18a4962ca,"{""distance"":3,""physical_error_rate"":5e-05}","{""detection_events"":10770,""detectors_checked"":83386368}"
   1292288,         1,         0,   117.5,decoder_by_matrix,beec9fd12293a9cfe53c9b61fb8ce2a525e4eed38fa75d132d6dc64699336876,"{""distance"":3,""physical_error_rate"":0.0001}","{""detection_events"":19293,""detectors_checked"":69783552,""obs_mistake_mask=E"":1}"
   1302528,         1,         0,   116.8,decoder_by_matrix,beec9fd12293a9cfe53c9b61fb8ce2a525e4eed38fa75d132d6dc64699336876,"{""distance"":3,""physical_error_rate"":0.0001}","{""detection_events"":18105,""detectors_checked"":70336512,""obs_mistake_mask=E"":1}"
   1560576,         2,         0,   116.8,decoder_by_matrix,36e3cd26fed5ec7649ec51fb08c1a5e7d7f30e615782d954fee045c18a4962ca,"{""distance"":3,""physical_error_rate"":5e-05}","{""detection_events"":11166,""detectors_checked"":84271104,""obs_mistake_mask=E"":2}"
   1546240,         0,         0,   116.8,decoder_by_matrix,36e3cd26fed5ec7649ec51fb08c1a5e7d7f30e615782d954fee045c18a4962ca,"{""distance"":3,""physical_error_rate"":5e-05}","{""detection_events"":11667,""detectors_checked"":83496960}"
   1296384,         0,         0,   115.4,decoder_by_matrix,beec9fd12293a9cfe53c9b61fb8ce2a525e4eed38fa75d132d6dc64699336876,"{""distance"":3,""physical_error_rate"":0.0001}","{""detection_events"":19164,""detectors_checked"":70004736}"
    114688,         0,         0,    8.61,decoder_by_matrix,36e3cd26fed5ec7649ec51fb08c1a5e7d7f30e615782d954fee045c18a4962ca,"{""distance"":3,""physical_error_rate"":5e-05}","{""detection_events"":711,""detectors_checked"":6193152}"
     90112,         0,         0,    8.42,decoder_by_matrix,beec9fd12293a9cfe53c9b61fb8ce2a525e4eed38fa75d132d6dc64699336876,"{""distance"":3,""physical_error_rate"":0.0001}","{""detection_events"":1380,""detectors_checked"":4866048}"
    115712,         0,         0,    8.22,decoder_by_matrix,36e3cd26fed5ec7649ec51fb08c1a5e7d7f30e615782d954fee045c18a4962ca,"{""distance"":3,""physical_error_rate"":5e-05}","{""detection_events"":747,""detectors_checked"":6248448}"
     92160,         0,         0,    7.96,decoder_by_matrix,beec9fd12293a9cfe53c9b61fb8ce2a525e4eed38fa75d132d6dc64699336876,"{""distance"":3,""physical_error_rate"":0.0001}","{""detection_events"":1341,""detectors_checked"":4976640}"
    109568,         1,         0,    8.46,decoder_by_matrix,36e3cd26fed5ec7649ec51fb08c1a5e7d7f30e615782d954fee045c18a4962ca,"{""distance"":3,""physical_error_rate"":5e-05}","{""detection_events"":852,""detectors_checked"":5916672,""obs_mistake_mask=E"":1}"
    103424,         1,         0,    8.21,decoder_by_matrix,36e3cd26fed5ec7649ec51fb08c1a5e7d7f30e615782d954fee045c18a4962ca,"{""distance"":3,""physical_error_rate"":5e-05}","{""detection_events"":1008,""detectors_checked"":5584896,""obs_mistake_mask=E"":1}"
    102400,         0,         0,    8.43,decoder_by_matrix,36e3cd26fed5ec7649ec51fb08c1a5e7d7f30e615782d954fee045c18a4962ca,"{""distance"":3,""physical_error_rate"":5e-05}","{""detection_events"":834,""detectors_checked"":5529600}"
     91136,         0,         0,    8.44,decoder_by_matrix,beec9fd12293a9cfe53c9b61fb8ce2a525e4eed38fa75d132d6dc64699336876,"{""distance"":3,""physical_error_rate"":0.0001}","{""detection_events"":1365,""detectors_checked"":4921344}"
    103424,         0,         0,    8.19,decoder_by_matrix,36e3cd26fed5ec7649ec51fb08c1a5e7d7f30e615782d954fee045c18a4962ca,"{""distance"":3,""physical_error_rate"":5e-05}","{""detection_events"":810,""detectors_checked"":5584896}"
     90112,         0,         0,    8.44,decoder_by_matrix,beec9fd12293a9cfe53c9b61fb8ce2a525e4eed38fa75d132d6dc64699336876,"{""distance"":3,""physical_error_rate"":0.0001}","{""detection_events"":1272,""detectors_checked"":4866048}"
     93184,         0,         0,    8.46,decoder_by_matrix,beec9fd12293a9cfe53c9b61fb8ce2a525e4eed38fa75d132d6dc64699336876,"{""distance"":3,""physical_error_rate"":0.0001}","{""detection_events"":1458,""detectors_checked"":5031936}"
    106496,         1,         0,    8.20,decoder_by_matrix,36e3cd26fed5ec7649ec51fb08c1a5e7d7f30e615782d954fee045c18a4962ca,"{""distance"":3,""physical_error_rate"":5e-05}","{""detection_events"":711,""detectors_checked"":5750784,""obs_mistake_mask=E"":1}"
    107520,         0,         0,    8.19,decoder_by_matrix,36e3cd26fed5ec7649ec51fb08c1a5e7d7f30e615782d954fee045c18a4962ca,"{""distance"":3,""physical_error_rate"":5e-05}","{""detection_events"":903,""detectors_checked"":5806080}"
    117760,         0,         0,    8.45,decoder_by_matrix,36e3cd26fed5ec7649ec51fb08c1a5e7d7f30e615782d954fee045c18a4962ca,"{""distance"":3,""physical_error_rate"":5e-05}","{""detection_events"":816,""detectors_checked"":6359040}"
    106496,         0,         0,    8.21,decoder_by_matrix,36e3cd26fed5ec7649ec51fb08c1a5e7d7f30e615782d954fee045c18a4962ca,"{""distance"":3,""physical_error_rate"":5e-05}","{""detection_events"":762,""detectors_checked"":5750784}"
     94208,         0,         0,    8.44,decoder_by_matrix,beec9fd12293a9cfe53c9b61fb8ce2a525e4eed38fa75d132d6dc64699336876,"{""distance"":3,""physical_error_rate"":0.0001}","{""detection_events"":1461,""detectors_checked"":5087232}"
    112640,         0,         0,    7.93,decoder_by_matrix,36e3cd26fed5ec7649ec51fb08c1a5e7d7f30e615782d954fee045c18a4962ca,"{""distance"":3,""physical_error_rate"":5e-05}","{""detection_events"":750,""detectors_checked"":6082560}"
     93184,         0,         0,    8.20,decoder_by_matrix,beec9fd12293a9cfe53c9b61fb8ce2a525e4eed38fa75d132d6dc64699336876,"{""distance"":3,""physical_error_rate"":0.0001}","{""detection_events"":1173,""detectors_checked"":5031936}"
     92160,         0,         0,    8.46,decoder_by_matrix,beec9fd12293a9cfe53c9b61fb8ce2a525e4eed38fa75d132d6dc64699336876,"{""distance"":3,""physical_error_rate"":0.0001}","{""detection_events"":1290,""detectors_checked"":4976640}"
     92160,         0,         0,    8.41,decoder_by_matrix,beec9fd12293a9cfe53c9b61fb8ce2a525e4eed38fa75d132d6dc64699336876,"{""distance"":3,""physical_error_rate"":0.0001}","{""detection_events"":1230,""detectors_checked"":4976640}"
     92160,         0,         0,    8.54,decoder_by_matrix,beec9fd12293a9cfe53c9b61fb8ce2a525e4eed38fa75d132d6dc64699336876,"{""distance"":3,""physical_error_rate"":0.0001}","{""detection_events"":1278,""detectors_checked"":4976640}"
     96256,         0,         0,    8.58,decoder_by_matrix,beec9fd12293a9cfe53c9b61fb8ce2a525e4eed38fa75d132d6dc64699336876,"{""distance"":3,""physical_error_rate"":0.0001}","{""detection_events"":1407,""detectors_checked"":5197824}"
    150528,         0,         0,    11.6,decoder_by_matrix,36e3cd26fed5ec7649ec51fb08c1a5e7d7f30e615782d954fee045c18a4962ca,"{""distance"":3,""physical_error_rate"":5e-05}","{""detection_events"":1266,""detectors_checked"":8128512}"
    132096,         0,         0,    11.3,decoder_by_matrix,beec9fd12293a9cfe53c9b61fb8ce2a525e4eed38fa75d132d6dc64699336876,"{""distance"":3,""physical_error_rate"":0.0001}","{""detection_events"":2115,""detectors_checked"":7133184}"
    129024,         0,         0,    11.2,decoder_by_matrix,beec9fd12293a9cfe53c9b61fb8ce2a525e4eed38fa75d132d6dc64699336876,"{""distance"":3,""physical_error_rate"":0.0001}","{""detection_events"":1812,""detectors_checked"":6967296}"
    151552,         0,         0,    11.5,decoder_by_matrix,36e3cd26fed5ec7649ec51fb08c1a5e7d7f30e615782d954fee045c18a4962ca,"{""distance"":3,""physical_error_rate"":5e-05}","{""detection_events"":1095,""detectors_checked"":8183808}"
    148480,         0,         0,    11.6,decoder_by_matrix,36e3cd26fed5ec7649ec51fb08c1a5e7d7f30e615782d954fee045c18a4962ca,"{""distance"":3,""physical_error_rate"":5e-05}","{""detection_events"":1203,""detectors_checked"":8017920}"
    132096,         0,         0,    11.3,decoder_by_matrix,beec9fd12293a9cfe53c9b61fb8ce2a525e4eed38fa75d132d6dc64699336876,"{""distance"":3,""physical_error_rate"":0.0001}","{""detection_events"":1635,""detectors_checked"":7133184}"
    160768,         0,         0,    11.7,decoder_by_matrix,36e3cd26fed5ec7649ec51fb08c1a5e7d7f30e615782d954fee045c18a4962ca,"{""distance"":3,""physical_error_rate"":5e-05}","{""detection_events"":1146,""detectors_checked"":8681472}"
    121856,         0,         0,    11.8,decoder_by_matrix,beec9fd12293a9cfe53c9b61fb8ce2a525e4eed38fa75d132d6dc64699336876,"{""distance"":3,""physical_error_rate"":0.0001}","{""detection_events"":1842,""detectors_checked"":6580224}"
    153600,         0,         0,    11.4,decoder_by_matrix,36e3cd26fed5ec7649ec51fb08c1a5e7d7f30e615782d954fee045c18a4962ca,"{""distance"":3,""physical_error_rate"":5e-05}","{""detection_events"":1236,""detectors_checked"":8294400}"
    154624,         0,         0,    11.5,decoder_by_matrix,36e3cd26fed5ec7649ec51fb08c1a5e7d7f30e615782d954fee045c18a4962ca,"{""distance"":3,""physical_error_rate"":5e-05}","{""detection_events"":1101,""detectors_checked"":8349696}"
    122880,         0,         0,    11.8,decoder_by_matrix,beec9fd12293a9cfe53c9b61fb8ce2a525e4eed38fa75d132d6dc64699336876,"{""distance"":3,""physical_error_rate"":0.0001}","{""detection_events"":1929,""detectors_checked"":6635520}"
    151552,         0,         0,    11.6,decoder_by_matrix,36e3cd26fed5ec7649ec51fb08c1a5e7d7f30e615782d954fee045c18a4962ca,"{""distance"":3,""physical_error_rate"":5e-05}","{""detection_events"":1128,""detectors_checked"":8183808}"
    154624,         1,         0,    11.5,decoder_by_matrix,36e3cd26fed5ec7649ec51fb08c1a5e7d7f30e615782d954fee045c18a4962ca,"{""distance"":3,""physical_error_rate"":5e-05}","{""detection_events"":1149,""detectors_checked"":8349696,""obs_mistake_mask=E"":1}"
    122880,         1,         0,    11.0,decoder_by_matrix,beec9fd12293a9cfe53c9b61fb8ce2a525e4eed38fa75d132d6dc64699336876,"{""distance"":3,""physical_error_rate"":0.0001}","{""detection_events"":1980,""detectors_checked"":6635520,""obs_mistake_mask=E"":1}"
    150528,         0,         0,    11.5,decoder_by_matrix,36e3cd26fed5ec7649ec51fb08c1a5e7d7f30e615782d954fee045c18a4962ca,"{""distance"":3,""physical_error_rate"":5e-05}","{""detection_events"":1068,""detectors_checked"":8128512}"
    148480,         0,         0,    11.4,decoder_by_matrix,36e3cd26fed5ec7649ec51fb08c1a5e7d7f30e615782d954fee045c18a4962ca,"{""distance"":3,""physical_error_rate"":5e-05}","{""detection_events"":1020,""detectors_checked"":8017920}"
    125952,         1,         0,    11.9,decoder_by_matrix,beec9fd12293a9cfe53c9b61fb8ce2a525e4eed38fa75d132d6dc64699336876,"{""distance"":3,""physical_error_rate"":0.0001}","{""detection_events"":2040,""detectors_checked"":6801408,""obs_mistake_mask=E"":1}"
    158720,         0,         0,    11.7,decoder_by_matrix,36e3cd26fed5ec7649ec51fb08c1a5e7d7f30e615782d954fee045c18a4962ca,"{""distance"":3,""physical_error_rate"":5e-05}","{""detection_events"":957,""detectors_checked"":8570880}"
    133120,         0,         0,    11.6,decoder_by_matrix,beec9fd12293a9cfe53c9b61fb8ce2a525e4eed38fa75d132d6dc64699336876,"{""distance"":3,""physical_error_rate"":0.0001}","{""detection_events"":1983,""detectors_checked"":7188480}"
    134144,         1,         0,    11.8,decoder_by_matrix,beec9fd12293a9cfe53c9b61fb8ce2a525e4eed38fa75d132d6dc64699336876,"{""distance"":3,""physical_error_rate"":0.0001}","{""detection_events"":1899,""detectors_checked"":7243776,""obs_mistake_mask=E"":1}"
    126976,         1,         0,    11.5,decoder_by_matrix,beec9fd12293a9cfe53c9b61fb8ce2a525e4eed38fa75d132d6dc64699336876,"{""distance"":3,""physical_error_rate"":0.0001}","{""detection_events"":1881,""detectors_checked"":6856704,""obs_mistake_mask=E"":1}"
    124928,         0,         0,    11.5,decoder_by_matrix,beec9fd12293a9cfe53c9b61fb8ce2a525e4eed38fa75d132d6dc64699336876,"{""distance"":3,""physical_error_rate"":0.0001}","{""detection_events"":1884,""detectors_checked"":6746112}"
   1303552,         3,         0,   117.6,decoder_by_matrix,beec9fd12293a9cfe53c9b61fb8ce2a525e4eed38fa75d132d6dc64699336876,"{""distance"":3,""physical_error_rate"":0.0001}","{""detection_events"":19404,""detectors_checked"":70391808,""obs_mistake_mask=E"":3}"
   1304576,         0,         0,   117.0,decoder_by_matrix,beec9fd12293a9cfe53c9b61fb8ce2a525e4eed38fa75d132d6dc64699336876,"{""distance"":3,""physical_error_rate"":0.0001}","{""detection_events"":18741,""detectors_checked"":70447104}"
   1564672,         0,         0,   117.1,decoder_by_matrix,36e3cd26fed5ec7649ec51fb08c1a5e7d7f30e615782d954fee045c18a4962ca,"{""distance"":3,""physical_error_rate"":5e-05}","{""detection_events"":11100,""detectors_checked"":84492288}"
   1533952,         0,         0,   116.8,decoder_by_matrix,36e3cd26fed5ec7649ec51fb08c1a5e7d7f30e615782d954fee045c18a4962ca,"{""distance"":3,""physical_error_rate"":5e-05}","{""detection_events"":11436,""detectors_checked"":82833408}"
   1528832,         1,         0,   116.7,decoder_by_matrix,36e3cd26fed5ec7649ec51fb08c1a5e7d7f30e615782d954fee045c18a4962ca,"{""distance"":3,""physical_error_rate"":5e-05}","{""detection_events"":11457,""detectors_checked"":82556928,""obs_mistake_mask=E"":1}"
   1288192,         0,         0,   117.4,decoder_by_matrix,beec9fd12293a9cfe53c9b61fb8ce2a525e4eed38fa75d132d6dc64699336876,"{""distance"":3,""physical_error_rate"":0.0001}","{""detection_events"":18711,""detectors_checked"":69562368}"
    223232,         0,         0,    15.8,decoder_by_matrix,36e3cd26fed5ec7649ec51fb08c1a5e7d7f30e615782d954fee045c18a4962ca,"{""distance"":3,""physical_error_rate"":5e-05}","{""detection_events"":1491,""detectors_checked"":12054528}"
    177152,         0,         0,    15.7,decoder_by_matrix,beec9fd12293a9cfe53c9b61fb8ce2a525e4eed38fa75d132d6dc64699336876,"{""distance"":3,""physical_error_rate"":0.0001}","{""detection_events"":2394,""detectors_checked"":9566208}"
    181248,         0,         0,    16.2,decoder_by_matrix,beec9fd12293a9cfe53c9b61fb8ce2a525e4eed38fa75d132d6dc64699336876,"{""distance"":3,""physical_error_rate"":0.0001}","{""detection_events"":2793,""detectors_checked"":9787392}"
    210944,         0,         0,    15.4,decoder_by_matrix,36e3cd26fed5ec7649ec51fb08c1a5e7d7f30e615782d954fee045c18a4962ca,"{""distance"":3,""physical_error_rate"":5e-05}","{""detection_events"":1389,""detectors_checked"":11390976}"
    217088,         0,         0,    15.7,decoder_by_matrix,36e3cd26fed5ec7649ec51fb08c1a5e7d7f30e615782d954fee045c18a4962ca,"{""distance"":3,""physical_error_rate"":5e-05}","{""detection_events"":1479,""detectors_checked"":11722752}"
    179200,         1,         0,    16.5,decoder_by_matrix,beec9fd12293a9cfe53c9b61fb8ce2a525e4eed38fa75d132d6dc64699336876,"{""distance"":3,""physical_error_rate"":0.0001}","{""detection_events"":2376,""detectors_checked"":9676800,""obs_mistake_mask=E"":1}"
    216064,         0,         0,    16.4,decoder_by_matrix,36e3cd26fed5ec7649ec51fb08c1a5e7d7f30e615782d954fee045c18a4962ca,"{""distance"":3,""physical_error_rate"":5e-05}","{""detection_events"":1791,""detectors_checked"":11667456}"
    178176,         0,         0,    16.0,decoder_by_matrix,beec9fd12293a9cfe53c9b61fb8ce2a525e4eed38fa75d132d6dc64699336876,"{""distance"":3,""physical_error_rate"":0.0001}","{""detection_events"":2592,""detectors_checked"":9621504}"
    212992,         0,         0,    16.3,decoder_by_matrix,36e3cd26fed5ec7649ec51fb08c1a5e7d7f30e615782d954fee045c18a4962ca,"{""distance"":3,""physical_error_rate"":5e-05}","{""detection_events"":1614,""detectors_checked"":11501568}"
    179200,         0,         0,    16.1,decoder_by_matrix,beec9fd12293a9cfe53c9b61fb8ce2a525e4eed38fa75d132d6dc64699336876,"{""distance"":3,""physical_error_rate"":0.0001}","{""detection_events"":2571,""detectors_checked"":9676800}"
    224256,         0,         0,    16.1,decoder_by_matrix,36e3cd26fed5ec7649ec51fb08c1a5e7d7f30e615782d954fee045c18a4962ca,"{""distance"":3,""physical_error_rate"":5e-05}","{""detection_events"":1602,""detectors_checked"":12109824}"
    179200,         0,         0,    15.6,decoder_by_matrix,beec9fd12293a9cfe53c9b61fb8ce2a525e4eed38fa75d132d6dc64699336876,"{""distance"":3,""physical_error_rate"":0.0001}","{""detection_events"":2562,""detectors_checked"":9676800}"
    218112,         0,         0,    16.3,decoder_by_matrix,36e3cd26fed5ec7649ec51fb08c1a5e7d7f30e615782d954fee045c18a4962ca,"{""distance"":3,""physical_error_rate"":5e-05}","{""detection_events"":1626,""detectors_checked"":11778048}"
    214016,         0,         0,    15.8,decoder_by_matrix,36e3cd26fed5ec7649ec51fb08c1a5e7d7f30e615782d954fee045c18a4962ca,"{""distance"":3,""physical_error_rate"":5e-05}","{""detection_events"":1593,""detectors_checked"":11556864}"
    220160,         0,         0,    16.0,decoder_by_matrix,36e3cd26fed5ec7649ec51fb08c1a5e7d7f30e615782d954fee045c18a4962ca,"{""distance"":3,""physical_error_rate"":5e-05}","{""detection_events"":1488,""detectors_checked"":11888640}"
    211968,         0,         0,    16.1,decoder_by_matrix,36e3cd26fed5ec7649ec51fb08c1a5e7d7f30e615782d954fee045c18a4962ca,"{""distance"":3,""physical_error_rate"":5e-05}","{""detection_events"":1479,""detectors_checked"":11446272}"
    178176,         0,         0,    15.7,decoder_by_matrix,beec9fd12293a9cfe53c9b61fb8ce2a525e4eed38fa75d132d6dc64699336876,"{""distance"":3,""physical_error_rate"":0.0001}","{""detection_events"":2535,""detectors_checked"":9621504}"
    229376,         0,         0,    15.9,decoder_by_matrix,36e3cd26fed5ec7649ec51fb08c1a5e7d7f30e615782d954fee045c18a4962ca,"{""distance"":3,""physical_error_rate"":5e-05}","{""detection_events"":1341,""detectors_checked"":12386304}"
    185344,         0,         0,    15.8,decoder_by_matrix,beec9fd12293a9cfe53c9b61fb8ce2a525e4eed38fa75d132d6dc64699336876,"{""distance"":3,""physical_error_rate"":0.0001}","{""detection_events"":2484,""detectors_checked"":10008576}"
    180224,         1,         0,    16.5,decoder_by_matrix,beec9fd12293a9cfe53c9b61fb8ce2a525e4eed38fa75d132d6dc64699336876,"{""distance"":3,""physical_error_rate"":0.0001}","{""detection_events"":2634,""detectors_checked"":9732096,""obs_mistake_mask=E"":1}"
    177152,         1,         0,    16.2,decoder_by_matrix,beec9fd12293a9cfe53c9b61fb8ce2a525e4eed38fa75d132d6dc64699336876,"{""distance"":3,""physical_error_rate"":0.0001}","{""detection_events"":2700,""detectors_checked"":9566208,""obs_mistake_mask=E"":1}"
    180224,         0,         0,    16.4,decoder_by_matrix,beec9fd12293a9cfe53c9b61fb8ce2a525e4eed38fa75d132d6dc64699336876,"{""distance"":3,""physical_error_rate"":0.0001}","{""detection_events"":2322,""detectors_checked"":9732096}"
    288768,         0,         0,    22.8,decoder_by_matrix,36e3cd26fed5ec7649ec51fb08c1a5e7d7f30e615782d954fee045c18a4962ca,"{""distance"":3,""physical_error_rate"":5e-05}","{""detection_events"":2250,""detectors_checked"":15593472}"
    248832,         0,         0,    22.8,decoder_by_matrix,beec9fd12293a9cfe53c9b61fb8ce2a525e4eed38fa75d132d6dc64699336876,"{""distance"":3,""physical_error_rate"":0.0001}","{""detection_events"":3471,""detectors_checked"":13436928}"
    256000,         0,         0,    22.5,decoder_by_matrix,beec9fd12293a9cfe53c9b61fb8ce2a525e4eed38fa75d132d6dc64699336876,"{""distance"":3,""physical_error_rate"":0.0001}","{""detection_events"":3504,""detectors_checked"":13824000}"
    304128,         0,         0,    23.0,decoder_by_matrix,36e3cd26fed5ec7649ec51fb08c1a5e7d7f30e615782d954fee045c18a4962ca,"{""distance"":3,""physical_error_rate"":5e-05}","{""detection_events"":1989,""detectors_checked"":16422912}"
    311296,         0,         0,    21.9,decoder_by_matrix,36e3cd26fed5ec7649ec51fb08c1a5e7d7f30e615782d954fee045c18a4962ca,"{""distance"":3,""physical_error_rate"":5e-05}","{""detection_events"":2193,""detectors_checked"":16809984}"
    302080,         0,         0,    22.5,decoder_by_matrix,36e3cd26fed5ec7649ec51fb08c1a5e7d7f30e615782d954fee045c18a4962ca,"{""distance"":3,""physical_error_rate"":5e-05}","{""detection_events"":2127,""detectors_checked"":16312320}"
    251904,         0,         0,    21.9,decoder_by_matrix,beec9fd12293a9cfe53c9b61fb8ce2a525e4eed38fa75d132d6dc64699336876,"{""distance"":3,""physical_error_rate"":0.0001}","{""detection_events"":3933,""detectors_checked"":13602816}"
    256000,         0,         0,    22.2,decoder_by_matrix,beec9fd12293a9cfe53c9b61fb8ce2a525e4eed38fa75d132d6dc64699336876,"{""distance"":3,""physical_error_rate"":0.0001}","{""detection_events"":3612,""detectors_checked"":13824000}"
    296960,         0,         0,    22.3,decoder_by_matrix,36e3cd26fed5ec7649ec51fb08c1a5e7d7f30e615782d954fee045c18a4962ca,"{""distance"":3,""physical_error_rate"":5e-05}","{""detection_events"":2217,""detectors_checked"":16035840}"
    243712,         0,         0,    23.0,decoder_by_matrix,beec9fd12293a9cfe53c9b61fb8ce2a525e4eed38fa75d132d6dc64699336876,"{""distance"":3,""physical_error_rate"":0.0001}","{""detection_events"":3510,""detectors_checked"":13160448}"
    287744,         0,         0,    22.3,decoder_by_matrix,36e3cd26fed5ec7649ec51fb08c1a5e7d7f30e615782d954fee045c18a4962ca,"{""distance"":3,""physical_error_rate"":5e-05}","{""detection_events"":2118,""detectors_checked"":15538176}"
    253952,         1,         0,    22.8,decoder_by_matrix,beec9fd12293a9cfe53c9b61fb8ce2a525e4eed38fa75d132d6dc64699336876,"{""distance"":3,""physical_error_rate"":0.0001}","{""detection_events"":3708,""detectors_checked"":13713408,""obs_mistake_mask=E"":1}"
    307200,         0,         0,    22.4,decoder_by_matrix,36e3cd26fed5ec7649ec51fb08c1a5e7d7f30e615782d954fee045c18a4962ca,"{""distance"":3,""physical_error_rate"":5e-05}","{""detection_events"":2172,""detectors_checked"":16588800}"
    299008,         0,         0,    22.6,decoder_by_matrix,36e3cd26fed5ec7649ec51fb08c1a5e7d7f30e615782d954fee045c18a4962ca,"{""distance"":3,""physical_error_rate"":5e-05}","{""detection_events"":2229,""detectors_checked"":16146432}"
    245760,         0,         0,    21.8,decoder_by_matrix,beec9fd12293a9cfe53c9b61fb8ce2a525e4eed38fa75d132d6dc64699336876,"{""distance"":3,""physical_error_rate"":0.0001}","{""detection_events"":3678,""detectors_checked"":13271040}"
    300032,         0,         0,    23.0,decoder_by_matrix,36e3cd26fed5ec7649ec51fb08c1a5e7d7f30e615782d954fee045c18a4962ca,"{""distance"":3,""physical_error_rate"":5e-05}","{""detection_events"":2274,""detectors_checked"":16201728}"
    299008,         0,         0,    22.1,decoder_by_matrix,36e3cd26fed5ec7649ec51fb08c1a5e7d7f30e615782d954fee045c18a4962ca,"{""distance"":3,""physical_error_rate"":5e-05}","{""detection_events"":2259,""detectors_checked"":16146432}"
    250880,         1,         0,    22.8,decoder_by_matrix,beec9fd12293a9cfe53c9b61fb8ce2a525e4eed38fa75d132d6dc64699336876,"{""distance"":3,""physical_error_rate"":0.0001}","{""detection_events"":3795,""detectors_checked"":13547520,""obs_mistake_mask=E"":1}"
    250880,         1,         0,    22.8,decoder_by_matrix,beec9fd12293a9cfe53c9b61fb8ce2a525e4eed38fa75d132d6dc64699336876,"{""distance"":3,""physical_error_rate"":0.0001}","{""detection_events"":3633,""detectors_checked"":13547520,""obs_mistake_mask=E"":1}"
    247808,         0,         0,    22.2,decoder_by_matrix,beec9fd12293a9cfe53c9b61fb8ce2a525e4eed38fa75d132d6dc64699336876,"{""distance"":3,""physical_error_rate"":0.0001}","{""detection_events"":3807,""detectors_checked"":13381632}"
    306176,         0,         0,    22.1,decoder_by_matrix,36e3cd26fed5ec7649ec51fb08c1a5e7d7f30e615782d954fee045c18a4962ca,"{""distance"":3,""physical_error_rate"":5e-05}","{""detection_events"":2262,""detectors_checked"":16533504}"
    248832,         0,         0,    22.1,decoder_by_matrix,beec9fd12293a9cfe53c9b61fb8ce2a525e4eed38fa75d132d6dc64699336876,"{""distance"":3,""physical_error_rate"":0.0001}","{""detection_events"":3771,""detectors_checked"":13436928}"
   1305600,         3,         0,   117.2,decoder_by_matrix,beec9fd12293a9cfe53c9b61fb8ce2a525e4eed38fa75d132d6dc64699336876,"{""distance"":3,""physical_error_rate"":0.0001}","{""detection_events"":17895,""detectors_checked"":70502400,""obs_mistake_mask=E"":3}"
   1293312,         0,         0,   117.8,decoder_by_matrix,beec9fd12293a9cfe53c9b61fb8ce2a525e4eed38fa75d132d6dc64699336876,"{""distance"":3,""physical_error_rate"":0.0001}","{""detection_events"":18330,""detectors_checked"":69838848}"
   1321984,         0,         0,   117.2,decoder_by_matrix,beec9fd12293a9cfe53c9b61fb8ce2a525e4eed38fa75d132d6dc64699336876,"{""distance"":3,""physical_error_rate"":0.0001}","{""detection_events"":18720,""detectors_checked"":71387136}"
   1533952,         0,         0,   115.8,decoder_by_matrix,36e3cd26fed5ec7649ec51fb08c1a5e7d7f30e615782d954fee045c18a4962ca,"{""distance"":3,""physical_error_rate"":5e-05}","{""detection_events"":10983,""detectors_checked"":82833408}"
   1543168,         0,         0,   117.9,decoder_by_matrix,36e3cd26fed5ec7649ec51fb08c1a5e7d7f30e615782d954fee045c18a4962ca,"{""distance"":3,""physical_error_rate"":5e-05}","{""detection_events"":10815,""detectors_checked"":83331072}"
   1555456,         0,         0,   116.6,decoder_by_matrix,36e3cd26fed5ec7649ec51fb08c1a5e7d7f30e615782d954fee045c18a4962ca,"{""distance"":3,""physical_error_rate"":5e-05}","{""detection_events"":11121,""detectors_checked"":83994624}"
    352256,         0,         0,    31.5,decoder_by_matrix,beec9fd12293a9cfe53c9b61fb8ce2a525e4eed38fa75d132d6dc64699336876,"{""distance"":3,""physical_error_rate"":0.0001}","{""detection_events"":5052,""detectors_checked"":19021824}"
    407552,         0,         0,    31.7,decoder_by_matrix,36e3cd26fed5ec7649ec51fb08c1a5e7d7f30e615782d954fee045c18a4962ca,"{""distance"":3,""physical_error_rate"":5e-05}","{""detection_events"":3231,""detectors_checked"":22007808}"
    344064,         0,         0,    31.8,decoder_by_matrix,beec9fd12293a9cfe53c9b61fb8ce2a525e4eed38fa75d132d6dc64699336876,"{""distance"":3,""physical_error_rate"":0.0001}","{""detection_events"":5379,""detectors_checked"":18579456}"
    423936,         0,         0,    32.4,decoder_by_matrix,36e3cd26fed5ec7649ec51fb08c1a5e7d7f30e615782d954fee045c18a4962ca,"{""distance"":3,""physical_error_rate"":5e-05}","{""detection_events"":2937,""detectors_checked"":22892544}"
    419840,         0,         0,    31.4,decoder_by_matrix,36e3cd26fed5ec7649ec51fb08c1a5e7d7f30e615782d954fee045c18a4962ca,"{""distance"":3,""physical_error_rate"":5e-05}","{""detection_events"":2859,""detectors_checked"":22671360}"
    347136,         0,         0,    31.7,decoder_by_matrix,beec9fd12293a9cfe53c9b61fb8ce2a525e4eed38fa75d132d6dc64699336876,"{""distance"":3,""physical_error_rate"":0.0001}","{""detection_events"":4947,""detectors_checked"":18745344}"
    430080,         0,         0,    31.7,decoder_by_matrix,36e3cd26fed5ec7649ec51fb08c1a5e7d7f30e615782d954fee045c18a4962ca,"{""distance"":3,""physical_error_rate"":5e-05}","{""detection_events"":2898,""detectors_checked"":23224320}"
    417792,         0,         0,    31.9,decoder_by_matrix,36e3cd26fed5ec7649ec51fb08c1a5e7d7f30e615782d954fee045c18a4962ca,"{""distance"":3,""physical_error_rate"":5e-05}","{""detection_events"":2946,""detectors_checked"":22560768}"
    409600,         0,         0,    31.5,decoder_by_matrix,36e3cd26fed5ec7649ec51fb08c1a5e7d7f30e615782d954fee045c18a4962ca,"{""distance"":3,""physical_error_rate"":5e-05}","{""detection_events"":2814,""detectors_checked"":22118400}"
    349184,         3,         0,    32.4,decoder_by_matrix,beec9fd12293a9cfe53c9b61fb8ce2a525e4eed38fa75d132d6dc64699336876,"{""distance"":3,""physical_error_rate"":0.0001}","{""detection_events"":5127,""detectors_checked"":18855936,""obs_mistake_mask=E"":3}"
    348160,         0,         0,    32.1,decoder_by_matrix,beec9fd12293a9cfe53c9b61fb8ce2a525e4eed38fa75d132d6dc64699336876,"{""distance"":3,""physical_error_rate"":0.0001}","{""detection_events"":5043,""detectors_checked"":18800640}"
    415744,         0,         0,    31.5,decoder_by_matrix,36e3cd26fed5ec7649ec51fb08c1a5e7d7f30e615782d954fee045c18a4962ca,"{""distance"":3,""physical_error_rate"":5e-05}","{""detection_events"":3087,""detectors_checked"":22450176}"
    359424,         0,         0,    31.9,decoder_by_matrix,beec9fd12293a9cfe53c9b61fb8ce2a525e4eed38fa75d132d6dc64699336876,"{""distance"":3,""physical_error_rate"":0.0001}","{""detection_events"":5037,""detectors_checked"":19408896}"
    420864,         0,         0,    31.7,decoder_by_matrix,36e3cd26fed5ec7649ec51fb08c1a5e7d7f30e615782d954fee045c18a4962ca,"{""distance"":3,""physical_error_rate"":5e-05}","{""detection_events"":3174,""detectors_checked"":22726656}"
    347136,         0,         0,    31.4,decoder_by_matrix,beec9fd12293a9cfe53c9b61fb8ce2a525e4eed38fa75d132d6dc64699336876,"{""distance"":3,""physical_error_rate"":0.0001}","{""detection_events"":4959,""detectors_checked"":18745344}"
    354304,         0,         0,    31.8,decoder_by_matrix,beec9fd12293a9cfe53c9b61fb8ce2a525e4eed38fa75d132d6dc64699336876,"{""distance"":3,""physical_error_rate"":0.0001}","{""detection_events"":5451,""detectors_checked"":19132416}"
    414720,         0,         0,    31.8,decoder_by_matrix,36e3cd26fed5ec7649ec51fb08c1a5e7d7f30e615782d954fee045c18a4962ca,"{""distance"":3,""physical_error_rate"":5e-05}","{""detection_events"":3054,""detectors_checked"":22394880}"
    424960,         0,         0,    31.8,decoder_by_matrix,36e3cd26fed5ec7649ec51fb08c1a5e7d7f30e615782d954fee045c18a4962ca,"{""distance"":3,""physical_error_rate"":5e-05}","{""detection_events"":3039,""detectors_checked"":22947840}"
    354304,         0,         0,    32.2,decoder_by_matrix,beec9fd12293a9cfe53c9b61fb8ce2a525e4eed38fa75d132d6dc64699336876,"{""distance"":3,""physical_error_rate"":0.0001}","{""detection_events"":4878,""detectors_checked"":19132416}"
    361472,         0,         0,    32.0,decoder_by_matrix,beec9fd12293a9cfe53c9b61fb8ce2a525e4eed38fa75d132d6dc64699336876,"{""distance"":3,""physical_error_rate"":0.0001}","{""detection_events"":5103,""detectors_checked"":19519488}"
    404480,         0,         0,    30.7,decoder_by_matrix,36e3cd26fed5ec7649ec51fb08c1a5e7d7f30e615782d954fee045c18a4962ca,"{""distance"":3,""physical_error_rate"":5e-05}","{""detection_events"":3051,""detectors_checked"":21841920}"
    356352,         0,         0,    30.5,decoder_by_matrix,beec9fd12293a9cfe53c9b61fb8ce2a525e4eed38fa75d132d6dc64699336876,"{""distance"":3,""physical_error_rate"":0.0001}","{""detection_events"":4749,""detectors_checked"":19243008}"
   1309696,         2,         0,   117.9,decoder_by_matrix,beec9fd12293a9cfe53c9b61fb8ce2a525e4eed38fa75d132d6dc64699336876,"{""distance"":3,""physical_error_rate"":0.0001}","{""detection_events"":19479,""detectors_checked"":70723584,""obs_mistake_mask=E"":2}"
   1566720,         0,         0,   115.3,decoder_by_matrix,36e3cd26fed5ec7649ec51fb08c1a5e7d7f30e615782d954fee045c18a4962ca,"{""distance"":3,""physical_error_rate"":5e-05}","{""detection_events"":11322,""detectors_checked"":84602880}"
   1302528,         1,         0,   116.8,decoder_by_matrix,beec9fd12293a9cfe53c9b61fb8ce2a525e4eed38fa75d132d6dc64699336876,"{""distance"":3,""physical_error_rate"":0.0001}","{""detection_events"":18648,""detectors_checked"":70336512,""obs_mistake_mask=E"":1}"
   1540096,         1,         0,   115.9,decoder_by_matrix,36e3cd26fed5ec7649ec51fb08c1a5e7d7f30e615782d954fee045c18a4962ca,"{""distance"":3,""physical_error_rate"":5e-05}","{""detection_events"":11304,""detectors_checked"":83165184,""obs_mistake_mask=E"":1}"
   1524736,         2,         0,   116.3,decoder_by_matrix,36e3cd26fed5ec7649ec51fb08c1a5e7d7f30e615782d954fee045c18a4962ca,"{""distance"":3,""physical_error_rate"":5e-05}","{""detection_events"":10893,""detectors_checked"":82335744,""obs_mistake_mask=E"":2}"
   1314816,         1,         0,   119.2,decoder_by_matrix,beec9fd12293a9cfe53c9b61fb8ce2a525e4eed38fa75d132d6dc64699336876,"{""distance"":3,""physical_error_rate"":0.0001}","{""detection_events"":18717,""detectors_checked"":71000064,""obs_mistake_mask=E"":1}"
   1532928,         1,         0,   117.2,decoder_by_matrix,36e3cd26fed5ec7649ec51fb08c1a5e7d7f30e615782d954fee045c18a4962ca,"{""distance"":3,""physical_error_rate"":5e-05}","{""detection_events"":11712,""detectors_checked"":82778112,""obs_mistake_mask=E"":1}"
   1544192,         0,         0,   117.2,decoder_by_matrix,36e3cd26fed5ec7649ec51fb08c1a5e7d7f30e615782d954fee045c18a4962ca,"{""distance"":3,""physical_error_rate"":5e-05}","{""detection_events"":11562,""detectors_checked"":83386368}"
   1311744,         0,         0,   116.5,decoder_by_matrix,beec9fd12293a9cfe53c9b61fb8ce2a525e4eed38fa75d132d6dc64699336876,"{""distance"":3,""physical_error_rate"":0.0001}","{""detection_events"":18396,""detectors_checked"":70834176}"
   1541120,         2,         0,   115.9,decoder_by_matrix,36e3cd26fed5ec7649ec51fb08c1a5e7d7f30e615782d954fee045c18a4962ca,"{""distance"":3,""physical_error_rate"":5e-05}","{""detection_events"":11394,""detectors_checked"":83220480,""obs_mistake_mask=E"":2}"
   1564672,         0,         0,   116.8,decoder_by_matrix,36e3cd26fed5ec7649ec51fb08c1a5e7d7f30e615782d954fee045c18a4962ca,"{""distance"":3,""physical_error_rate"":5e-05}","{""detection_events"":11385,""detectors_checked"":84492288}"
   1290240,         0,         0,   117.0,decoder_by_matrix,beec9fd12293a9cfe53c9b61fb8ce2a525e4eed38fa75d132d6dc64699336876,"{""distance"":3,""physical_error_rate"":0.0001}","{""detection_events"":18570,""detectors_checked"":69672960}"
   1306624,         1,         0,   117.8,decoder_by_matrix,beec9fd12293a9cfe53c9b61fb8ce2a525e4eed38fa75d132d6dc64699336876,"{""distance"":3,""physical_error_rate"":0.0001}","{""detection_events"":19512,""detectors_checked"":70557696,""obs_mistake_mask=E"":1}"
   1563648,         1,         0,   117.5,decoder_by_matrix,36e3cd26fed5ec7649ec51fb08c1a5e7d7f30e615782d954fee045c18a4962ca,"{""distance"":3,""physical_error_rate"":5e-05}","{""detection_events"":11238,""detectors_checked"":84436992,""obs_mistake_mask=E"":1}"
   1300480,         0,         0,   116.7,decoder_by_matrix,beec9fd12293a9cfe53c9b61fb8ce2a525e4eed38fa75d132d6dc64699336876,"{""distance"":3,""physical_error_rate"":0.0001}","{""detection_events"":19239,""detectors_checked"":70225920}"
   1307648,         1,         0,   116.1,decoder_by_matrix,beec9fd12293a9cfe53c9b61fb8ce2a525e4eed38fa75d132d6dc64699336876,"{""distance"":3,""physical_error_rate"":0.0001}","{""detection_events"":20067,""detectors_checked"":70612992,""obs_mistake_mask=E"":1}"
   1305600,         0,         0,   117.4,decoder_by_matrix,beec9fd12293a9cfe53c9b61fb8ce2a525e4eed38fa75d132d6dc64699336876,"{""distance"":3,""physical_error_rate"":0.0001}","{""detection_events"":18990,""detectors_checked"":70502400}"
   1292288,         0,         0,   115.6,decoder_by_matrix,beec9fd12293a9cfe53c9b61fb8ce2a525e4eed38fa75d132d6dc64699336876,"{""distance"":3,""physical_error_rate"":0.0001}","{""detection_events"":19020,""detectors_checked"":69783552}"
   1526784,         1,         0,   118.4,decoder_by_matrix,36e3cd26fed5ec7649ec51fb08c1a5e7d7f30e615782d954fee045c18a4962ca,"{""distance"":3,""physical_error_rate"":5e-05}","{""detection_events"":11151,""detectors_checked"":82446336,""obs_mistake_mask=E"":1}"
   1544192,         0,         0,   115.9,decoder_by_matrix,36e3cd26fed5ec7649ec51fb08c1a5e7d7f30e615782d954fee045c18a4962ca,"{""distance"":3,""physical_error_rate"":5e-05}","{""detection_events"":11490,""detectors_checked"":83386368}"
   1542144,         0,         0,   118.4,decoder_by_matrix,36e3cd26fed5ec7649ec51fb08c1a5e7d7f30e615782d954fee045c18a4962ca,"{""distance"":3,""physical_error_rate"":5e-05}","{""detection_events"":11406,""detectors_checked"":83275776}"
   1296384,         1,         0,   116.1,decoder_by_matrix,beec9fd12293a9cfe53c9b61fb8ce2a525e4eed38fa75d132d6dc64699336876,"{""distance"":3,""physical_error_rate"":0.0001}","{""detection_events"":19602,""detectors_checked"":70004736,""obs_mistake_mask=E"":1}"
   1555456,         0,         0,   117.8,decoder_by_matrix,36e3cd26fed5ec7649ec51fb08c1a5e7d7f30e615782d954fee045c18a4962ca,"{""distance"":3,""physical_error_rate"":5e-05}","{""detection_events"":11571,""detectors_checked"":83994624}"
   1299456,         1,         0,   117.3,decoder_by_matrix,beec9fd12293a9cfe53c9b61fb8ce2a525e4eed38fa75d132d6dc64699336876,"{""distance"":3,""physical_error_rate"":0.0001}","{""detection_events"":19176,""detectors_checked"":70170624,""obs_mistake_mask=E"":1}"
   1317888,         1,         0,   117.5,decoder_by_matrix,beec9fd12293a9cfe53c9b61fb8ce2a525e4eed38fa75d132d6dc64699336876,"{""distance"":3,""physical_error_rate"":0.0001}","{""detection_events"":18297,""detectors_checked"":71165952,""obs_mistake_mask=E"":1}"
   1541120,         0,         0,   117.4,decoder_by_matrix,36e3cd26fed5ec7649ec51fb08c1a5e7d7f30e615782d954fee045c18a4962ca,"{""distance"":3,""physical_error_rate"":5e-05}","{""detection_events"":10917,""detectors_checked"":83220480}"
   1312768,         0,         0,   117.3,decoder_by_matrix,beec9fd12293a9cfe53c9b61fb8ce2a525e4eed38fa75d132d6dc64699336876,"{""distance"":3,""physical_error_rate"":0.0001}","{""detection_events"":18444,""detectors_checked"":70889472}"
   1557504,         0,         0,   116.4,decoder_by_matrix,36e3cd26fed5ec7649ec51fb08c1a5e7d7f30e615782d954fee045c18a4962ca,"{""distance"":3,""physical_error_rate"":5e-05}","{""detection_events"":11445,""detectors_checked"":84105216}"
   1556480,         0,         0,   116.4,decoder_by_matrix,36e3cd26fed5ec7649ec51fb08c1a5e7d7f30e615782d954fee045c18a4962ca,"{""distance"":3,""physical_error_rate"":5e-05}","{""detection_events"":11055,""detectors_checked"":84049920}"
   1307648,         1,         0,   118.5,decoder_by_matrix,beec9fd12293a9cfe53c9b61fb8ce2a525e4eed38fa75d132d6dc64699336876,"{""distance"":3,""physical_error_rate"":0.0001}","{""detection_events"":19077,""detectors_checked"":70612992,""obs_mistake_mask=E"":1}"
    482304,         0,         0,    44.3,decoder_by_matrix,beec9fd12293a9cfe53c9b61fb8ce2a525e4eed38fa75d132d6dc64699336876,"{""distance"":3,""physical_error_rate"":0.0001}","{""detection_events"":7194,""detectors_checked"":26044416}"
    578560,         0,         0,    44.3,decoder_by_matrix,36e3cd26fed5ec7649ec51fb08c1a5e7d7f30e615782d954fee045c18a4962ca,"{""distance"":3,""physical_error_rate"":5e-05}","{""detection_events"":4530,""detectors_checked"":31242240}"
    589824,         0,         0,    43.8,decoder_by_matrix,36e3cd26fed5ec7649ec51fb08c1a5e7d7f30e615782d954fee045c18a4962ca,"{""distance"":3,""physical_error_rate"":5e-05}","{""detection_events"":4221,""detectors_checked"":31850496}"
    484352,         0,         0,    43.9,decoder_by_matrix,beec9fd12293a9cfe53c9b61fb8ce2a525e4eed38fa75d132d6dc64699336876,"{""distance"":3,""physical_error_rate"":0.0001}","{""detection_events"":7410,""detectors_checked"":26155008}"
    576512,         0,         0,    44.3,decoder_by_matrix,36e3cd26fed5ec7649ec51fb08c1a5e7d7f30e615782d954fee045c18a4962ca,"{""distance"":3,""physical_error_rate"":5e-05}","{""detection_events"":4365,""detectors_checked"":31131648}"
    578560,         0,         0,    42.9,decoder_by_matrix,36e3cd26fed5ec7649ec51fb08c1a5e7d7f30e615782d954fee045c18a4962ca,"{""distance"":3,""physical_error_rate"":5e-05}","{""detection_events"":4356,""detectors_checked"":31242240}"
    491520,         0,         0,    44.7,decoder_by_matrix,beec9fd12293a9cfe53c9b61fb8ce2a525e4eed38fa75d132d6dc64699336876,"{""distance"":3,""physical_error_rate"":0.0001}","{""detection_events"":7416,""detectors_checked"":26542080}"
    498688,         0,         0,    42.7,decoder_by_matrix,beec9fd12293a9cfe53c9b61fb8ce2a525e4eed38fa75d132d6dc64699336876,"{""distance"":3,""physical_error_rate"":0.0001}","{""detection_events"":7179,""detectors_checked"":26929152}"
    577536,         0,         0,    44.3,decoder_by_matrix,36e3cd26fed5ec7649ec51fb08c1a5e7d7f30e615782d954fee045c18a4962ca,"{""distance"":3,""physical_error_rate"":5e-05}","{""detection_events"":4272,""detectors_checked"":31186944}"
    581632,         0,         0,    44.3,decoder_by_matrix,36e3cd26fed5ec7649ec51fb08c1a5e7d7f30e615782d954fee045c18a4962ca,"{""distance"":3,""physical_error_rate"":5e-05}","{""detection_events"":4233,""detectors_checked"":31408128}"
    491520,         0,         0,    43.8,decoder_by_matrix,beec9fd12293a9cfe53c9b61fb8ce2a525e4eed38fa75d132d6dc64699336876,"{""distance"":3,""physical_error_rate"":0.0001}","{""detection_events"":6603,""detectors_checked"":26542080}"
    570368,         0,         0,    44.4,decoder_by_matrix,36e3cd26fed5ec7649ec51fb08c1a5e7d7f30e615782d954fee045c18a4962ca,"{""distance"":3,""physical_error_rate"":5e-05}","{""detection_events"":4461,""detectors_checked"":30799872}"
    571392,         0,         0,    44.5,decoder_by_matrix,36e3cd26fed5ec7649ec51fb08c1a5e7d7f30e615782d954fee045c18a4962ca,"{""distance"":3,""physical_error_rate"":5e-05}","{""detection_events"":4263,""detectors_checked"":30855168}"
    488448,         0,         0,    44.4,decoder_by_matrix,beec9fd12293a9cfe53c9b61fb8ce2a525e4eed38fa75d132d6dc64699336876,"{""distance"":3,""physical_error_rate"":0.0001}","{""detection_events"":7014,""detectors_checked"":26376192}"
    586752,         0,         0,    44.3,decoder_by_matrix,36e3cd26fed5ec7649ec51fb08c1a5e7d7f30e615782d954fee045c18a4962ca,"{""distance"":3,""physical_error_rate"":5e-05}","{""detection_events"":4254,""detectors_checked"":31684608}"
    484352,         0,         0,    44.3,decoder_by_matrix,beec9fd12293a9cfe53c9b61fb8ce2a525e4eed38fa75d132d6dc64699336876,"{""distance"":3,""physical_error_rate"":0.0001}","{""detection_events"":7371,""detectors_checked"":26155008}"
    487424,         0,         0,    43.0,decoder_by_matrix,beec9fd12293a9cfe53c9b61fb8ce2a525e4eed38fa75d132d6dc64699336876,"{""distance"":3,""physical_error_rate"":0.0001}","{""detection_events"":6909,""detectors_checked"":26320896}"
    492544,         0,         0,    44.2,decoder_by_matrix,beec9fd12293a9cfe53c9b61fb8ce2a525e4eed38fa75d132d6dc64699336876,"{""distance"":3,""physical_error_rate"":0.0001}","{""detection_events"":7191,""detectors_checked"":26597376}"
    599040,         0,         0,    44.1,decoder_by_matrix,36e3cd26fed5ec7649ec51fb08c1a5e7d7f30e615782d954fee045c18a4962ca,"{""distance"":3,""physical_error_rate"":5e-05}","{""detection_events"":4134,""detectors_checked"":32348160}"
    492544,         0,         0,    44.1,decoder_by_matrix,beec9fd12293a9cfe53c9b61fb8ce2a525e4eed38fa75d132d6dc64699336876,"{""distance"":3,""physical_error_rate"":0.0001}","{""detection_events"":7092,""detectors_checked"":26597376}"
    587776,         0,         0,    43.8,decoder_by_matrix,36e3cd26fed5ec7649ec51fb08c1a5e7d7f30e615782d954fee045c18a4962ca,"{""distance"":3,""physical_error_rate"":5e-05}","{""detection_events"":4284,""detectors_checked"":31739904}"
    490496,         0,         0,    43.8,decoder_by_matrix,beec9fd12293a9cfe53c9b61fb8ce2a525e4eed38fa75d132d6dc64699336876,"{""distance"":3,""physical_error_rate"":0.0001}","{""detection_events"":6768,""detectors_checked"":26486784}"
   1305600,         0,         0,   117.7,decoder_by_matrix,beec9fd12293a9cfe53c9b61fb8ce2a525e4eed38fa75d132d6dc64699336876,"{""distance"":3,""physical_error_rate"":0.0001}","{""detection_events"":19347,""detectors_checked"":70502400}"
   1316864,         0,         0,   117.4,decoder_by_matrix,beec9fd12293a9cfe53c9b61fb8ce2a525e4eed38fa75d132d6dc64699336876,"{""distance"":3,""physical_error_rate"":0.0001}","{""detection_events"":19089,""detectors_checked"":71110656}"
   1557504,         0,         0,   118.3,decoder_by_matrix,36e3cd26fed5ec7649ec51fb08c1a5e7d7f30e615782d954fee045c18a4962ca,"{""distance"":3,""physical_error_rate"":5e-05}","{""detection_events"":10824,""detectors_checked"":84105216}"
   1536000,         0,         0,   119.2,decoder_by_matrix,36e3cd26fed5ec7649ec51fb08c1a5e7d7f30e615782d954fee045c18a4962ca,"{""distance"":3,""physical_error_rate"":5e-05}","{""detection_events"":11406,""detectors_checked"":82944000}"
   1557504,         0,         0,   117.8,decoder_by_matrix,36e3cd26fed5ec7649ec51fb08c1a5e7d7f30e615782d954fee045c18a4962ca,"{""distance"":3,""physical_error_rate"":5e-05}","{""detection_events"":11262,""detectors_checked"":84105216}"
   1300480,         0,         0,   116.4,decoder_by_matrix,beec9fd12293a9cfe53c9b61fb8ce2a525e4eed38fa75d132d6dc64699336876,"{""distance"":3,""physical_error_rate"":0.0001}","{""detection_events"":19434,""detectors_checked"":70225920}"
   1309696,         2,         0,   117.0,decoder_by_matrix,beec9fd12293a9cfe53c9b61fb8ce2a525e4eed38fa75d132d6dc64699336876,"{""distance"":3,""physical_error_rate"":0.0001}","{""detection_events"":18387,""detectors_checked"":70723584,""obs_mistake_mask=E"":2}"
   1284096,         0,         0,   117.6,decoder_by_matrix,beec9fd12293a9cfe53c9b61fb8ce2a525e4eed38fa75d132d6dc64699336876,"{""distance"":3,""physical_error_rate"":0.0001}","{""detection_events"":19290,""detectors_checked"":69341184}"
   1552384,         1,         0,   116.7,decoder_by_matrix,36e3cd26fed5ec7649ec51fb08c1a5e7d7f30e615782d954fee045c18a4962ca,"{""distance"":3,""physical_error_rate"":5e-05}","{""detection_events"":11220,""detectors_checked"":83828736,""obs_mistake_mask=E"":1}"
   1303552,         0,         0,   118.1,decoder_by_matrix,beec9fd12293a9cfe53c9b61fb8ce2a525e4eed38fa75d132d6dc64699336876,"{""distance"":3,""physical_error_rate"":0.0001}","{""detection_events"":18162,""detectors_checked"":70391808}"
   1530880,         0,         0,   115.4,decoder_by_matrix,36e3cd26fed5ec7649ec51fb08c1a5e7d7f30e615782d954fee045c18a4962ca,"{""distance"":3,""physical_error_rate"":5e-05}","{""detection_events"":11202,""detectors_checked"":82667520}"
   1564672,         0,         0,   117.0,decoder_by_matrix,36e3cd26fed5ec7649ec51fb08c1a5e7d7f30e615782d954fee045c18a4962ca,"{""distance"":3,""physical_error_rate"":5e-05}","{""detection_events"":11214,""detectors_checked"":84492288}"
    680960,         1,         0,    61.8,decoder_by_matrix,beec9fd12293a9cfe53c9b61fb8ce2a525e4eed38fa75d132d6dc64699336876,"{""distance"":3,""physical_error_rate"":0.0001}","{""detection_events"":10194,""detectors_checked"":36771840,""obs_mistake_mask=E"":1}"
    811008,         0,         0,    61.8,decoder_by_matrix,36e3cd26fed5ec7649ec51fb08c1a5e7d7f30e615782d954fee045c18a4962ca,"{""distance"":3,""physical_error_rate"":5e-05}","{""detection_events"":5877,""detectors_checked"":43794432}"
    811008,         0,         0,    61.2,decoder_by_matrix,36e3cd26fed5ec7649ec51fb08c1a5e7d7f30e615782d954fee045c18a4962ca,"{""distance"":3,""physical_error_rate"":5e-05}","{""detection_events"":5955,""detectors_checked"":43794432}"
    816128,         1,         0,    60.7,decoder_by_matrix,36e3cd26fed5ec7649ec51fb08c1a5e7d7f30e615782d954fee045c18a4962ca,"{""distance"":3,""physical_error_rate"":5e-05}","{""detection_events"":6009,""detectors_checked"":44070912,""obs_mistake_mask=E"":1}"
    680960,         0,         0,    62.7,decoder_by_matrix,beec9fd12293a9cfe53c9b61fb8ce2a525e4eed38fa75d132d6dc64699336876,"{""distance"":3,""physical_error_rate"":0.0001}","{""detection_events"":10047,""detectors_checked"":36771840}"
    817152,         1,         0,    60.8,decoder_by_matrix,36e3cd26fed5ec7649ec51fb08c1a5e7d7f30e615782d954fee045c18a4962ca,"{""distance"":3,""physical_error_rate"":5e-05}","{""detection_events"":5733,""detectors_checked"":44126208,""obs_mistake_mask=E"":1}"
    689152,         0,         0,    62.0,decoder_by_matrix,beec9fd12293a9cfe53c9b61fb8ce2a525e4eed38fa75d132d6dc64699336876,"{""distance"":3,""physical_error_rate"":0.0001}","{""detection_events"":10386,""detectors_checked"":37214208}"
    820224,         0,         0,    61.7,decoder_by_matrix,36e3cd26fed5ec7649ec51fb08c1a5e7d7f30e615782d954fee045c18a4962ca,"{""distance"":3,""physical_error_rate"":5e-05}","{""detection_events"":5805,""detectors_checked"":44292096}"
    683008,         0,         0,    62.7,decoder_by_matrix,beec9fd12293a9cfe53c9b61fb8ce2a525e4eed38fa75d132d6dc64699336876,"{""distance"":3,""physical_error_rate"":0.0001}","{""detection_events"":10203,""detectors_checked"":36882432}"
    797696,         0,         0,    62.2,decoder_by_matrix,36e3cd26fed5ec7649ec51fb08c1a5e7d7f30e615782d954fee045c18a4962ca,"{""distance"":3,""physical_error_rate"":5e-05}","{""detection_events"":5862,""detectors_checked"":43075584}"
    802816,         0,         0,    61.5,decoder_by_matrix,36e3cd26fed5ec7649ec51fb08c1a5e7d7f30e615782d954fee045c18a4962ca,"{""distance"":3,""physical_error_rate"":5e-05}","{""detection_events"":5487,""detectors_checked"":43352064}"
    683008,         1,         0,    62.0,decoder_by_matrix,beec9fd12293a9cfe53c9b61fb8ce2a525e4eed38fa75d132d6dc64699336876,"{""distance"":3,""physical_error_rate"":0.0001}","{""detection_events"":9921,""detectors_checked"":36882432,""obs_mistake_mask=E"":1}"
    806912,         0,         0,    61.6,decoder_by_matrix,36e3cd26fed5ec7649ec51fb08c1a5e7d7f30e615782d954fee045c18a4962ca,"{""distance"":3,""physical_error_rate"":5e-05}","{""detection_events"":5826,""detectors_checked"":43573248}"
    685056,         2,         0,    61.4,decoder_by_matrix,beec9fd12293a9cfe53c9b61fb8ce2a525e4eed38fa75d132d6dc64699336876,"{""distance"":3,""physical_error_rate"":0.0001}","{""detection_events"":9852,""detectors_checked"":36993024,""obs_mistake_mask=E"":2}"
    683008,         0,         0,    60.3,decoder_by_matrix,beec9fd12293a9cfe53c9b61fb8ce2a525e4eed38fa75d132d6dc64699336876,"{""distance"":3,""physical_error_rate"":0.0001}","{""detection_events"":9798,""detectors_checked"":36882432}"
    821248,         0,         0,    61.8,decoder_by_matrix,36e3cd26fed5ec7649ec51fb08c1a5e7d7f30e615782d954fee045c18a4962ca,"{""distance"":3,""physical_error_rate"":5e-05}","{""detection_events"":6003,""detectors_checked"":44347392}"
    802816,         0,         0,    61.6,decoder_by_matrix,36e3cd26fed5ec7649ec51fb08c1a5e7d7f30e615782d954fee045c18a4962ca,"{""distance"":3,""physical_error_rate"":5e-05}","{""detection_events"":5769,""detectors_checked"":43352064}"
    696320,         0,         0,    60.8,decoder_by_matrix,beec9fd12293a9cfe53c9b61fb8ce2a525e4eed38fa75d132d6dc64699336876,"{""distance"":3,""physical_error_rate"":0.0001}","{""detection_events"":9855,""detectors_checked"":37601280}"
    678912,         0,         0,    61.6,decoder_by_matrix,beec9fd12293a9cfe53c9b61fb8ce2a525e4eed38fa75d132d6dc64699336876,"{""distance"":3,""physical_error_rate"":0.0001}","{""detection_events"":9681,""detectors_checked"":36661248}"
    695296,         0,         0,    62.5,decoder_by_matrix,beec9fd12293a9cfe53c9b61fb8ce2a525e4eed38fa75d132d6dc64699336876,"{""distance"":3,""physical_error_rate"":0.0001}","{""detection_events"":9882,""detectors_checked"":37545984}"
    839680,         0,         0,    61.5,decoder_by_matrix,36e3cd26fed5ec7649ec51fb08c1a5e7d7f30e615782d954fee045c18a4962ca,"{""distance"":3,""physical_error_rate"":5e-05}","{""detection_events"":5760,""detectors_checked"":45342720}"
    685056,         0,         0,    61.6,decoder_by_matrix,beec9fd12293a9cfe53c9b61fb8ce2a525e4eed38fa75d132d6dc64699336876,"{""distance"":3,""physical_error_rate"":0.0001}","{""detection_events"":10017,""detectors_checked"":36993024}"
   1302528,         1,         0,   116.7,decoder_by_matrix,beec9fd12293a9cfe53c9b61fb8ce2a525e4eed38fa75d132d6dc64699336876,"{""distance"":3,""physical_error_rate"":0.0001}","{""detection_events"":18705,""detectors_checked"":70336512,""obs_mistake_mask=E"":1}"
   1570816,         0,         0,   117.7,decoder_by_matrix,36e3cd26fed5ec7649ec51fb08c1a5e7d7f30e615782d954fee045c18a4962ca,"{""distance"":3,""physical_error_rate"":5e-05}","{""detection_events"":10887,""detectors_checked"":84824064}"
   1300480,         1,         0,   116.0,decoder_by_matrix,beec9fd12293a9cfe53c9b61fb8ce2a525e4eed38fa75d132d6dc64699336876,"{""distance"":3,""physical_error_rate"":0.0001}","{""detection_events"":19827,""detectors_checked"":70225920,""obs_mistake_mask=E"":1}"
   1528832,         0,         0,   117.6,decoder_by_matrix,36e3cd26fed5ec7649ec51fb08c1a5e7d7f30e615782d954fee045c18a4962ca,"{""distance"":3,""physical_error_rate"":5e-05}","{""detection_events"":11472,""detectors_checked"":82556928}"
   1538048,         1,         0,   117.2,decoder_by_matrix,36e3cd26fed5ec7649ec51fb08c1a5e7d7f30e615782d954fee045c18a4962ca,"{""distance"":3,""physical_error_rate"":5e-05}","{""detection_events"":11076,""detectors_checked"":83054592,""obs_mistake_mask=E"":1}"
   1299456,         1,         0,   117.8,decoder_by_matrix,beec9fd12293a9cfe53c9b61fb8ce2a525e4eed38fa75d132d6dc64699336876,"{""distance"":3,""physical_error_rate"":0.0001}","{""detection_events"":19215,""detectors_checked"":70170624,""obs_mistake_mask=E"":1}"
   1571840,         0,         0,   116.4,decoder_by_matrix,36e3cd26fed5ec7649ec51fb08c1a5e7d7f30e615782d954fee045c18a4962ca,"{""distance"":3,""physical_error_rate"":5e-05}","{""detection_events"":10980,""detectors_checked"":84879360}"
   1558528,         1,         0,   116.6,decoder_by_matrix,36e3cd26fed5ec7649ec51fb08c1a5e7d7f30e615782d954fee045c18a4962ca,"{""distance"":3,""physical_error_rate"":5e-05}","{""detection_events"":11286,""detectors_checked"":84160512,""obs_mistake_mask=E"":1}"
   1311744,         1,         0,   116.7,decoder_by_matrix,beec9fd12293a9cfe53c9b61fb8ce2a525e4eed38fa75d132d6dc64699336876,"{""distance"":3,""physical_error_rate"":0.0001}","{""detection_events"":19308,""detectors_checked"":70834176,""obs_mistake_mask=E"":1}"
   1561600,         0,         0,   118.4,decoder_by_matrix,36e3cd26fed5ec7649ec51fb08c1a5e7d7f30e615782d954fee045c18a4962ca,"{""distance"":3,""physical_error_rate"":5e-05}","{""detection_events"":11130,""detectors_checked"":84326400}"
   1540096,         0,         0,   118.1,decoder_by_matrix,36e3cd26fed5ec7649ec51fb08c1a5e7d7f30e615782d954fee045c18a4962ca,"{""distance"":3,""physical_error_rate"":5e-05}","{""detection_events"":11247,""detectors_checked"":83165184}"
   1283072,         0,         0,   117.6,decoder_by_matrix,beec9fd12293a9cfe53c9b61fb8ce2a525e4eed38fa75d132d6dc64699336876,"{""distance"":3,""physical_error_rate"":0.0001}","{""detection_events"":19377,""detectors_checked"":69285888}"
   1291264,         0,         0,   118.1,decoder_by_matrix,beec9fd12293a9cfe53c9b61fb8ce2a525e4eed38fa75d132d6dc64699336876,"{""distance"":3,""physical_error_rate"":0.0001}","{""detection_events"":19650,""detectors_checked"":69728256}"
   1536000,         0,         0,   117.9,decoder_by_matrix,36e3cd26fed5ec7649ec51fb08c1a5e7d7f30e615782d954fee045c18a4962ca,"{""distance"":3,""physical_error_rate"":5e-05}","{""detection_events"":11340,""detectors_checked"":82944000}"
   1295360,         1,         0,   117.8,decoder_by_matrix,beec9fd12293a9cfe53c9b61fb8ce2a525e4eed38fa75d132d6dc64699336876,"{""distance"":3,""physical_error_rate"":0.0001}","{""detection_events"":18948,""detectors_checked"":69949440,""obs_mistake_mask=E"":1}"
   1304576,         0,         0,   116.8,decoder_by_matrix,beec9fd12293a9cfe53c9b61fb8ce2a525e4eed38fa75d132d6dc64699336876,"{""distance"":3,""physical_error_rate"":0.0001}","{""detection_events"":19551,""detectors_checked"":70447104}"
   1303552,         1,         0,   116.5,decoder_by_matrix,beec9fd12293a9cfe53c9b61fb8ce2a525e4eed38fa75d132d6dc64699336876,"{""distance"":3,""physical_error_rate"":0.0001}","{""detection_events"":19116,""detectors_checked"":70391808,""obs_mistake_mask=E"":1}"
   1314816,         1,         0,   118.1,decoder_by_matrix,beec9fd12293a9cfe53c9b61fb8ce2a525e4eed38fa75d132d6dc64699336876,"{""distance"":3,""physical_error_rate"":0.0001}","{""detection_events"":18261,""detectors_checked"":71000064,""obs_mistake_mask=E"":1}"
   1539072,         0,         0,   117.3,decoder_by_matrix,36e3cd26fed5ec7649ec51fb08c1a5e7d7f30e615782d954fee045c18a4962ca,"{""distance"":3,""physical_error_rate"":5e-05}","{""detection_events"":11499,""detectors_checked"":83109888}"
   1545216,         0,         0,   117.5,decoder_by_matrix,36e3cd26fed5ec7649ec51fb08c1a5e7d7f30e615782d954fee045c18a4962ca,"{""distance"":3,""physical_error_rate"":5e-05}","{""detection_events"":10980,""detectors_checked"":83441664}"
   1291264,         1,         0,   117.2,decoder_by_matrix,beec9fd12293a9cfe53c9b61fb8ce2a525e4eed38fa75d132d6dc64699336876,"{""distance"":3,""physical_error_rate"":0.0001}","{""detection_events"":19110,""detectors_checked"":69728256,""obs_mistake_mask=E"":1}"
   1574912,         0,         0,   117.6,decoder_by_matrix,36e3cd26fed5ec7649ec51fb08c1a5e7d7f30e615782d954fee045c18a4962ca,"{""distance"":3,""physical_error_rate"":5e-05}","{""detection_events"":11319,""detectors_checked"":85045248}"
   1567744,         0,         0,   117.6,decoder_by_matrix,36e3cd26fed5ec7649ec51fb08c1a5e7d7f30e615782d954fee045c18a4962ca,"{""distance"":3,""physical_error_rate"":5e-05}","{""detection_events"":11466,""detectors_checked"":84658176}"
   1305600,         1,         0,   118.1,decoder_by_matrix,beec9fd12293a9cfe53c9b61fb8ce2a525e4eed38fa75d132d6dc64699336876,"{""distance"":3,""physical_error_rate"":0.0001}","{""detection_events"":18969,""detectors_checked"":70502400,""obs_mistake_mask=E"":1}"
   1302528,         0,         0,   118.2,decoder_by_matrix,beec9fd12293a9cfe53c9b61fb8ce2a525e4eed38fa75d132d6dc64699336876,"{""distance"":3,""physical_error_rate"":0.0001}","{""detection_events"":18987,""detectors_checked"":70336512}"
   1549312,         0,         0,   118.1,decoder_by_matrix,36e3cd26fed5ec7649ec51fb08c1a5e7d7f30e615782d954fee045c18a4962ca,"{""distance"":3,""physical_error_rate"":5e-05}","{""detection_events"":11301,""detectors_checked"":83662848}"
   1303552,         2,         0,   117.3,decoder_by_matrix,beec9fd12293a9cfe53c9b61fb8ce2a525e4eed38fa75d132d6dc64699336876,"{""distance"":3,""physical_error_rate"":0.0001}","{""detection_events"":18681,""detectors_checked"":70391808,""obs_mistake_mask=E"":2}"
   1543168,         0,         0,   115.8,decoder_by_matrix,36e3cd26fed5ec7649ec51fb08c1a5e7d7f30e615782d954fee045c18a4962ca,"{""distance"":3,""physical_error_rate"":5e-05}","{""detection_events"":10581,""detectors_checked"":83331072}"
   1566720,         0,         0,   118.4,decoder_by_matrix,36e3cd26fed5ec7649ec51fb08c1a5e7d7f30e615782d954fee045c18a4962ca,"{""distance"":3,""physical_error_rate"":5e-05}","{""detection_events"":11550,""detectors_checked"":84602880}"
   1308672,         1,         0,   117.6,decoder_by_matrix,beec9fd12293a9cfe53c9b61fb8ce2a525e4eed38fa75d132d6dc64699336876,"{""distance"":3,""physical_error_rate"":0.0001}","{""detection_events"":18822,""detectors_checked"":70668288,""obs_mistake_mask=E"":1}"
   1298432,         3,         0,   118.5,decoder_by_matrix,beec9fd12293a9cfe53c9b61fb8ce2a525e4eed38fa75d132d6dc64699336876,"{""distance"":3,""physical_error_rate"":0.0001}","{""detection_events"":19062,""detectors_checked"":70115328,""obs_mistake_mask=E"":3}"
   1289216,         1,         0,   117.5,decoder_by_matrix,beec9fd12293a9cfe53c9b61fb8ce2a525e4eed38fa75d132d6dc64699336876,"{""distance"":3,""physical_error_rate"":0.0001}","{""detection_events"":18873,""detectors_checked"":69617664,""obs_mistake_mask=E"":1}"
   1568768,         0,         0,   117.1,decoder_by_matrix,36e3cd26fed5ec7649ec51fb08c1a5e7d7f30e615782d954fee045c18a4962ca,"{""distance"":3,""physical_error_rate"":5e-05}","{""detection_events"":11229,""detectors_checked"":84713472}"
   1536000,         0,         0,   117.2,decoder_by_matrix,36e3cd26fed5ec7649ec51fb08c1a5e7d7f30e615782d954fee045c18a4962ca,"{""distance"":3,""physical_error_rate"":5e-05}","{""detection_events"":11025,""detectors_checked"":82944000}"
   1538048,         1,         0,   116.7,decoder_by_matrix,36e3cd26fed5ec7649ec51fb08c1a5e7d7f30e615782d954fee045c18a4962ca,"{""distance"":3,""physical_error_rate"":5e-05}","{""detection_events"":11409,""detectors_checked"":83054592,""obs_mistake_mask=E"":1}"
   1305600,         0,         0,   117.8,decoder_by_matrix,beec9fd12293a9cfe53c9b61fb8ce2a525e4eed38fa75d132d6dc64699336876,"{""distance"":3,""physical_error_rate"":0.0001}","{""detection_events"":18768,""detectors_checked"":70502400}"
    947200,         1,         0,    86.2,decoder_by_matrix,beec9fd12293a9cfe53c9b61fb8ce2a525e4eed38fa75d132d6dc64699336876,"{""distance"":3,""physical_error_rate"":0.0001}","{""detection_events"":13623,""detectors_checked"":51148800,""obs_mistake_mask=E"":1}"
   1144832,         0,         0,    85.3,decoder_by_matrix,36e3cd26fed5ec7649ec51fb08c1a5e7d7f30e615782d954fee045c18a4962ca,"{""distance"":3,""physical_error_rate"":5e-05}","{""detection_events"":8469,""detectors_checked"":61820928}"
   1126400,         0,         0,    87.0,decoder_by_matrix,36e3cd26fed5ec7649ec51fb08c1a5e7d7f30e615782d954fee045c18a4962ca,"{""distance"":3,""physical_error_rate"":5e-05}","{""detection_events"":8295,""detectors_checked"":60825600}"
   1130496,         0,         0,    86.1,decoder_by_matrix,36e3cd26fed5ec7649ec51fb08c1a5e7d7f30e615782d954fee045c18a4962ca,"{""distance"":3,""physical_error_rate"":5e-05}","{""detection_events"":8478,""detectors_checked"":61046784}"
   1144832,         1,         0,    86.2,decoder_by_matrix,36e3cd26fed5ec7649ec51fb08c1a5e7d7f30e615782d954fee045c18a4962ca,"{""distance"":3,""physical_error_rate"":5e-05}","{""detection_events"":8145,""detectors_checked"":61820928,""obs_mistake_mask=E"":1}"
    965632,         0,         0,    86.5,decoder_by_matrix,beec9fd12293a9cfe53c9b61fb8ce2a525e4eed38fa75d132d6dc64699336876,"{""distance"":3,""physical_error_rate"":0.0001}","{""detection_events"":14346,""detectors_checked"":52144128}"
    958464,         1,         0,    86.3,decoder_by_matrix,beec9fd12293a9cfe53c9b61fb8ce2a525e4eed38fa75d132d6dc64699336876,"{""distance"":3,""physical_error_rate"":0.0001}","{""detection_events"":13443,""detectors_checked"":51757056,""obs_mistake_mask=E"":1}"
   1106944,         0,         0,    86.8,decoder_by_matrix,36e3cd26fed5ec7649ec51fb08c1a5e7d7f30e615782d954fee045c18a4962ca,"{""distance"":3,""physical_error_rate"":5e-05}","{""detection_events"":8589,""detectors_checked"":59774976}"
    965632,         0,         0,    87.8,decoder_by_matrix,beec9fd12293a9cfe53c9b61fb8ce2a525e4eed38fa75d132d6dc64699336876,"{""distance"":3,""physical_error_rate"":0.0001}","{""detection_events"":14115,""detectors_checked"":52144128}"
   1136640,         0,         0,    86.3,decoder_by_matrix,36e3cd26fed5ec7649ec51fb08c1a5e7d7f30e615782d954fee045c18a4962ca,"{""distance"":3,""physical_error_rate"":5e-05}","{""detection_events"":8535,""detectors_checked"":61378560}"
    951296,         1,         0,    86.0,decoder_by_matrix,beec9fd12293a9cfe53c9b61fb8ce2a525e4eed38fa75d132d6dc64699336876,"{""distance"":3,""physical_error_rate"":0.0001}","{""detection_events"":14085,""detectors_checked"":51369984,""obs_mistake_mask=E"":1}"
   1132544,         0,         0,    86.1,decoder_by_matrix,36e3cd26fed5ec7649ec51fb08c1a5e7d7f30e615782d954fee045c18a4962ca,"{""distance"":3,""physical_error_rate"":5e-05}","{""detection_events"":8292,""detectors_checked"":61157376}"
   1145856,         0,         0,    85.9,decoder_by_matrix,36e3cd26fed5ec7649ec51fb08c1a5e7d7f30e615782d954fee045c18a4962ca,"{""distance"":3,""physical_error_rate"":5e-05}","{""detection_events"":8226,""detectors_checked"":61876224}"
    961536,         0,         0,    87.1,decoder_by_matrix,beec9fd12293a9cfe53c9b61fb8ce2a525e4eed38fa75d132d6dc64699336876,"{""distance"":3,""physical_error_rate"":0.0001}","{""detection_events"":14016,""detectors_checked"":51922944}"
    959488,         0,         0,    86.0,decoder_by_matrix,beec9fd12293a9cfe53c9b61fb8ce2a525e4eed38fa75d132d6dc64699336876,"{""distance"":3,""physical_error_rate"":0.0001}","{""detection_events"":13863,""detectors_checked"":51812352}"
   1124352,         1,         0,    84.5,decoder_by_matrix,36e3cd26fed5ec7649ec51fb08c1a5e7d7f30e615782d954fee045c18a4962ca,"{""distance"":3,""physical_error_rate"":5e-05}","{""detection_events"":8283,""detectors_checked"":60715008,""obs_mistake_mask=E"":1}"
   1115136,         0,         0,    86.2,decoder_by_matrix,36e3cd26fed5ec7649ec51fb08c1a5e7d7f30e615782d954fee045c18a4962ca,"{""distance"":3,""physical_error_rate"":5e-05}","{""detection_events"":8715,""detectors_checked"":60217344}"
    952320,         1,         0,    87.4,decoder_by_matrix,beec9fd12293a9cfe53c9b61fb8ce2a525e4eed38fa75d132d6dc64699336876,"{""distance"":3,""physical_error_rate"":0.0001}","{""detection_events"":14064,""detectors_checked"":51425280,""obs_mistake_mask=E"":1}"
    975872,         1,         0,    87.2,decoder_by_matrix,beec9fd12293a9cfe53c9b61fb8ce2a525e4eed38fa75d132d6dc64699336876,"{""distance"":3,""physical_error_rate"":0.0001}","{""detection_events"":13569,""detectors_checked"":52697088,""obs_mistake_mask=E"":1}"
   1143808,         0,         0,    85.9,decoder_by_matrix,36e3cd26fed5ec7649ec51fb08c1a5e7d7f30e615782d954fee045c18a4962ca,"{""distance"":3,""physical_error_rate"":5e-05}","{""detection_events"":8310,""detectors_checked"":61765632}"
    952320,         1,         0,    84.6,decoder_by_matrix,beec9fd12293a9cfe53c9b61fb8ce2a525e4eed38fa75d132d6dc64699336876,"{""distance"":3,""physical_error_rate"":0.0001}","{""detection_events"":13977,""detectors_checked"":51425280,""obs_mistake_mask=E"":1}"
    952320,         0,         0,    87.9,decoder_by_matrix,beec9fd12293a9cfe53c9b61fb8ce2a525e4eed38fa75d132d6dc64699336876,"{""distance"":3,""physical_error_rate"":0.0001}","{""detection_events"":13917,""detectors_checked"":51425280}"
   1290240,         1,         0,   117.2,decoder_by_matrix,beec9fd12293a9cfe53c9b61fb8ce2a525e4eed38fa75d132d6dc64699336876,"{""distance"":3,""physical_error_rate"":0.0001}","{""detection_events"":18435,""detectors_checked"":69672960,""obs_mistake_mask=E"":1}"
   1285120,         4,         0,   117.5,decoder_by_matrix,beec9fd12293a9cfe53c9b61fb8ce2a525e4eed38fa75d132d6dc64699336876,"{""distance"":3,""physical_error_rate"":0.0001}","{""detection_events"":19128,""detectors_checked"":69396480,""obs_mistake_mask=E"":4}"
   1537024,         0,         0,   117.8,decoder_by_matrix,36e3cd26fed5ec7649ec51fb08c1a5e7d7f30e615782d954fee045c18a4962ca,"{""distance"":3,""physical_error_rate"":5e-05}","{""detection_events"":11373,""detectors_checked"":82999296}"
   1307648,         1,         0,   117.8,decoder_by_matrix,beec9fd12293a9cfe53c9b61fb8ce2a525e4eed38fa75d132d6dc64699336876,"{""distance"":3,""physical_error_rate"":0.0001}","{""detection_events"":19125,""detectors_checked"":70612992,""obs_mistake_mask=E"":1}"
   1543168,         1,         0,   117.8,decoder_by_matrix,36e3cd26fed5ec7649ec51fb08c1a5e7d7f30e615782d954fee045c18a4962ca,"{""distance"":3,""physical_error_rate"":5e-05}","{""detection_events"":10953,""detectors_checked"":83331072,""obs_mistake_mask=E"":1}"
   1553408,         0,         0,   116.8,decoder_by_matrix,36e3cd26fed5ec7649ec51fb08c1a5e7d7f30e615782d954fee045c18a4962ca,"{""distance"":3,""physical_error_rate"":5e-05}","{""detection_events"":11445,""detectors_checked"":83884032}"
   1284096,         0,         0,   117.2,decoder_by_matrix,beec9fd12293a9cfe53c9b61fb8ce2a525e4eed38fa75d132d6dc64699336876,"{""distance"":3,""physical_error_rate"":0.0001}","{""detection_events"":19431,""detectors_checked"":69341184}"
   1563648,         0,         0,   116.6,decoder_by_matrix,36e3cd26fed5ec7649ec51fb08c1a5e7d7f30e615782d954fee045c18a4962ca,"{""distance"":3,""physical_error_rate"":5e-05}","{""detection_events"":11403,""detectors_checked"":84436992}"
   1306624,         2,         0,   117.7,decoder_by_matrix,beec9fd12293a9cfe53c9b61fb8ce2a525e4eed38fa75d132d6dc64699336876,"{""distance"":3,""physical_error_rate"":0.0001}","{""detection_events"":19230,""detectors_checked"":70557696,""obs_mistake_mask=E"":2}"
   1543168,         0,         0,   118.2,decoder_by_matrix,36e3cd26fed5ec7649ec51fb08c1a5e7d7f30e615782d954fee045c18a4962ca,"{""distance"":3,""physical_error_rate"":5e-05}","{""detection_events"":11283,""detectors_checked"":83331072}"
   1534976,         0,         0,   117.4,decoder_by_matrix,36e3cd26fed5ec7649ec51fb08c1a5e7d7f30e615782d954fee045c18a4962ca,"{""distance"":3,""physical_error_rate"":5e-05}","{""detection_events"":10623,""detectors_checked"":82888704}"
   1296384,         2,         0,   116.5,decoder_by_matrix,beec9fd12293a9cfe53c9b61fb8ce2a525e4eed38fa75d132d6dc64699336876,"{""distance"":3,""physical_error_rate"":0.0001}","{""detection_events"":19440,""detectors_checked"":70004736,""obs_mistake_mask=E"":2}"
   1534976,         1,         0,   117.5,decoder_by_matrix,36e3cd26fed5ec7649ec51fb08c1a5e7d7f30e615782d954fee045c18a4962ca,"{""distance"":3,""physical_error_rate"":5e-05}","{""detection_events"":11715,""detectors_checked"":82888704,""obs_mistake_mask=E"":1}"
   1537024,         1,         0,   118.4,decoder_by_matrix,36e3cd26fed5ec7649ec51fb08c1a5e7d7f30e615782d954fee045c18a4962ca,"{""distance"":3,""physical_error_rate"":5e-05}","{""detection_events"":11397,""detectors_checked"":82999296,""obs_mistake_mask=E"":1}"
   1319936,         1,         0,   117.4,decoder_by_matrix,beec9fd12293a9cfe53c9b61fb8ce2a525e4eed38fa75d132d6dc64699336876,"{""distance"":3,""physical_error_rate"":0.0001}","{""detection_events"":18198,""detectors_checked"":71276544,""obs_mistake_mask=E"":1}"
   1555456,         0,         0,   117.6,decoder_by_matrix,36e3cd26fed5ec7649ec51fb08c1a5e7d7f30e615782d954fee045c18a4962ca,"{""distance"":3,""physical_error_rate"":5e-05}","{""detection_events"":11364,""detectors_checked"":83994624}"
   1549312,         0,         0,   117.1,decoder_by_matrix,36e3cd26fed5ec7649ec51fb08c1a5e7d7f30e615782d954fee045c18a4962ca,"{""distance"":3,""physical_error_rate"":5e-05}","{""detection_events"":11388,""detectors_checked"":83662848}"
   1299456,         0,         0,   117.9,decoder_by_matrix,beec9fd12293a9cfe53c9b61fb8ce2a525e4eed38fa75d132d6dc64699336876,"{""distance"":3,""physical_error_rate"":0.0001}","{""detection_events"":19281,""detectors_checked"":70170624}"
   1302528,         1,         0,   118.0,decoder_by_matrix,beec9fd12293a9cfe53c9b61fb8ce2a525e4eed38fa75d132d6dc64699336876,"{""distance"":3,""physical_error_rate"":0.0001}","{""detection_events"":18744,""detectors_checked"":70336512,""obs_mistake_mask=E"":1}"
   1557504,         0,         0,   116.6,decoder_by_matrix,36e3cd26fed5ec7649ec51fb08c1a5e7d7f30e615782d954fee045c18a4962ca,"{""distance"":3,""physical_error_rate"":5e-05}","{""detection_events"":11427,""detectors_checked"":84105216}"
   1310720,         0,         0,   117.7,decoder_by_matrix,beec9fd12293a9cfe53c9b61fb8ce2a525e4eed38fa75d132d6dc64699336876,"{""distance"":3,""physical_error_rate"":0.0001}","{""detection_events"":18915,""detectors_checked"":70778880}"
   1299456,         1,         0,   116.8,decoder_by_matrix,beec9fd12293a9cfe53c9b61fb8ce2a525e4eed38fa75d132d6dc64699336876,"{""distance"":3,""physical_error_rate"":0.0001}","{""detection_events"":19074,""detectors_checked"":70170624,""obs_mistake_mask=E"":1}"
   1307648,         1,         0,   118.2,decoder_by_matrix,beec9fd12293a9cfe53c9b61fb8ce2a525e4eed38fa75d132d6dc64699336876,"{""distance"":3,""physical_error_rate"":0.0001}","{""detection_events"":18519,""detectors_checked"":70612992,""obs_mistake_mask=E"":1}"
   1309696,         2,         0,   117.5,decoder_by_matrix,beec9fd12293a9cfe53c9b61fb8ce2a525e4eed38fa75d132d6dc64699336876,"{""distance"":3,""physical_error_rate"":0.0001}","{""detection_events"":18912,""detectors_checked"":70723584,""obs_mistake_mask=E"":2}"
   1586176,         0,         0,   116.4,decoder_by_matrix,36e3cd26fed5ec7649ec51fb08c1a5e7d7f30e615782d954fee045c18a4962ca,"{""distance"":3,""physical_error_rate"":5e-05}","{""detection_events"":10986,""detectors_checked"":85653504}"
   1558528,         1,         0,   115.8,decoder_by_matrix,36e3cd26fed5ec7649ec51fb08c1a5e7d7f30e615782d954fee045c18a4962ca,"{""distance"":3,""physical_error_rate"":5e-05}","{""detection_events"":10821,""detectors_checked"":84160512,""obs_mistake_mask=E"":1}"
   1538048,         0,         0,   117.3,decoder_by_matrix,36e3cd26fed5ec7649ec51fb08c1a5e7d7f30e615782d954fee045c18a4962ca,"{""distance"":3,""physical_error_rate"":5e-05}","{""detection_events"":11241,""detectors_checked"":83054592}"
   1283072,         1,         0,   117.4,decoder_by_matrix,beec9fd12293a9cfe53c9b61fb8ce2a525e4eed38fa75d132d6dc64699336876,"{""distance"":3,""physical_error_rate"":0.0001}","{""detection_events"":19605,""detectors_checked"":69285888,""obs_mistake_mask=E"":1}"
   1562624,         0,         0,   114.7,decoder_by_matrix,36e3cd26fed5ec7649ec51fb08c1a5e7d7f30e615782d954fee045c18a4962ca,"{""distance"":3,""physical_error_rate"":5e-05}","{""detection_events"":11202,""detectors_checked"":84381696}"
   1542144,         0,         0,   117.0,decoder_by_matrix,36e3cd26fed5ec7649ec51fb08c1a5e7d7f30e615782d954fee045c18a4962ca,"{""distance"":3,""physical_error_rate"":5e-05}","{""detection_events"":11223,""detectors_checked"":83275776}"
   1308672,         0,         0,   118.4,decoder_by_matrix,beec9fd12293a9cfe53c9b61fb8ce2a525e4eed38fa75d132d6dc64699336876,"{""distance"":3,""physical_error_rate"":0.0001}","{""detection_events"":18996,""detectors_checked"":70668288}"
   1299456,         0,         0,   118.1,decoder_by_matrix,beec9fd12293a9cfe53c9b61fb8ce2a525e4eed38fa75d132d6dc64699336876,"{""distance"":3,""physical_error_rate"":0.0001}","{""detection_events"":19761,""detectors_checked"":70170624}"
   1311744,         2,         0,   117.8,decoder_by_matrix,beec9fd12293a9cfe53c9b61fb8ce2a525e4eed38fa75d132d6dc64699336876,"{""distance"":3,""physical_error_rate"":0.0001}","{""detection_events"":19212,""detectors_checked"":70834176,""obs_mistake_mask=E"":2}"
   1553408,         0,         0,   116.8,decoder_by_matrix,36e3cd26fed5ec7649ec51fb08c1a5e7d7f30e615782d954fee045c18a4962ca,"{""distance"":3,""physical_error_rate"":5e-05}","{""detection_events"":11670,""detectors_checked"":83884032}"
   1558528,         0,         0,   118.3,decoder_by_matrix,36e3cd26fed5ec7649ec51fb08c1a5e7d7f30e615782d954fee045c18a4962ca,"{""distance"":3,""physical_error_rate"":5e-05}","{""detection_events"":11100,""detectors_checked"":84160512}"
   1295360,         0,         0,   117.6,decoder_by_matrix,beec9fd12293a9cfe53c9b61fb8ce2a525e4eed38fa75d132d6dc64699336876,"{""distance"":3,""physical_error_rate"":0.0001}","{""detection_events"":18726,""detectors_checked"":69949440}"
   1302528,         1,         0,   118.3,decoder_by_matrix,beec9fd12293a9cfe53c9b61fb8ce2a525e4eed38fa75d132d6dc64699336876,"{""distance"":3,""physical_error_rate"":0.0001}","{""detection_events"":18669,""detectors_checked"":70336512,""obs_mistake_mask=E"":1}"
   1286144,         2,         0,   116.5,decoder_by_matrix,beec9fd12293a9cfe53c9b61fb8ce2a525e4eed38fa75d132d6dc64699336876,"{""distance"":3,""physical_error_rate"":0.0001}","{""detection_events"":19020,""detectors_checked"":69451776,""obs_mistake_mask=E"":2}"
   1540096,         0,         0,   118.7,decoder_by_matrix,36e3cd26fed5ec7649ec51fb08c1a5e7d7f30e615782d954fee045c18a4962ca,"{""distance"":3,""physical_error_rate"":5e-05}","{""detection_events"":11436,""detectors_checked"":83165184}"
   1568768,         1,         0,   117.3,decoder_by_matrix,36e3cd26fed5ec7649ec51fb08c1a5e7d7f30e615782d954fee045c18a4962ca,"{""distance"":3,""physical_error_rate"":5e-05}","{""detection_events"":11106,""detectors_checked"":84713472,""obs_mistake_mask=E"":1}"
   1544192,         0,         0,   117.4,decoder_by_matrix,36e3cd26fed5ec7649ec51fb08c1a5e7d7f30e615782d954fee045c18a4962ca,"{""distance"":3,""physical_error_rate"":5e-05}","{""detection_events"":10860,""detectors_checked"":83386368}"
   1292288,         1,         0,   117.8,decoder_by_matrix,beec9fd12293a9cfe53c9b61fb8ce2a525e4eed38fa75d132d6dc64699336876,"{""distance"":3,""physical_error_rate"":0.0001}","{""detection_events"":18846,""detectors_checked"":69783552,""obs_mistake_mask=E"":1}"
   1314816,         0,         0,   118.1,decoder_by_matrix,beec9fd12293a9cfe53c9b61fb8ce2a525e4eed38fa75d132d6dc64699336876,"{""distance"":3,""physical_error_rate"":0.0001}","{""detection_events"":19404,""detectors_checked"":71000064}"
   1547264,         0,         0,   116.8,decoder_by_matrix,36e3cd26fed5ec7649ec51fb08c1a5e7d7f30e615782d954fee045c18a4962ca,"{""distance"":3,""physical_error_rate"":5e-05}","{""detection_events"":11205,""detectors_checked"":83552256}"
   1544192,         0,         0,   117.7,decoder_by_matrix,36e3cd26fed5ec7649ec51fb08c1a5e7d7f30e615782d954fee045c18a4962ca,"{""distance"":3,""physical_error_rate"":5e-05}","{""detection_events"":11241,""detectors_checked"":83386368}"
   1528832,         0,         0,   118.1,decoder_by_matrix,36e3cd26fed5ec7649ec51fb08c1a5e7d7f30e615782d954fee045c18a4962ca,"{""distance"":3,""physical_error_rate"":5e-05}","{""detection_events"":11523,""detectors_checked"":82556928}"
   1518592,         0,         0,   116.8,decoder_by_matrix,36e3cd26fed5ec7649ec51fb08c1a5e7d7f30e615782d954fee045c18a4962ca,"{""distance"":3,""physical_error_rate"":5e-05}","{""detection_events"":11502,""detectors_checked"":82003968}"
   1310720,         0,         0,   117.9,decoder_by_matrix,beec9fd12293a9cfe53c9b61fb8ce2a525e4eed38fa75d132d6dc64699336876,"{""distance"":3,""physical_error_rate"":0.0001}","{""detection_events"":19512,""detectors_checked"":70778880}"
   1536000,         0,         0,   116.2,decoder_by_matrix,36e3cd26fed5ec7649ec51fb08c1a5e7d7f30e615782d954fee045c18a4962ca,"{""distance"":3,""physical_error_rate"":5e-05}","{""detection_events"":11430,""detectors_checked"":82944000}"
   1305600,         2,         0,   118.1,decoder_by_matrix,beec9fd12293a9cfe53c9b61fb8ce2a525e4eed38fa75d132d6dc64699336876,"{""distance"":3,""physical_error_rate"":0.0001}","{""detection_events"":18987,""detectors_checked"":70502400,""obs_mistake_mask=E"":2}"
   1538048,         1,         0,   117.7,decoder_by_matrix,36e3cd26fed5ec7649ec51fb08c1a5e7d7f30e615782d954fee045c18a4962ca,"{""distance"":3,""physical_error_rate"":5e-05}","{""detection_events"":11931,""detectors_checked"":83054592,""obs_mistake_mask=E"":1}"
   1553408,         0,         0,   117.2,decoder_by_matrix,36e3cd26fed5ec7649ec51fb08c1a5e7d7f30e615782d954fee045c18a4962ca,"{""distance"":3,""physical_error_rate"":5e-05}","{""detection_events"":11076,""detectors_checked"":83884032}"
   1305600,         1,         0,   118.5,decoder_by_matrix,beec9fd12293a9cfe53c9b61fb8ce2a525e4eed38fa75d132d6dc64699336876,"{""distance"":3,""physical_error_rate"":0.0001}","{""detection_events"":18675,""detectors_checked"":70502400,""obs_mistake_mask=E"":1}"
   1307648,         1,         0,   118.0,decoder_by_matrix,beec9fd12293a9cfe53c9b61fb8ce2a525e4eed38fa75d132d6dc64699336876,"{""distance"":3,""physical_error_rate"":0.0001}","{""detection_events"":19176,""detectors_checked"":70612992,""obs_mistake_mask=E"":1}"
   1536000,         0,         0,   117.9,decoder_by_matrix,36e3cd26fed5ec7649ec51fb08c1a5e7d7f30e615782d954fee045c18a4962ca,"{""distance"":3,""physical_error_rate"":5e-05}","{""detection_events"":11442,""detectors_checked"":82944000}"
   1549312,         0,         0,   117.7,decoder_by_matrix,36e3cd26fed5ec7649ec51fb08c1a5e7d7f30e615782d954fee045c18a4962ca,"{""distance"":3,""physical_error_rate"":5e-05}","{""detection_events"":11415,""detectors_checked"":83662848}"
   1296384,         0,         0,   117.3,decoder_by_matrix,beec9fd12293a9cfe53c9b61fb8ce2a525e4eed38fa75d132d6dc64699336876,"{""distance"":3,""physical_error_rate"":0.0001}","{""detection_events"":19032,""detectors_checked"":70004736}"
   1293312,         0,         0,   116.5,decoder_by_matrix,beec9fd12293a9cfe53c9b61fb8ce2a525e4eed38fa75d132d6dc64699336876,"{""distance"":3,""physical_error_rate"":0.0001}","{""detection_events"":18855,""detectors_checked"":69838848}"
   1309696,         2,         0,   118.0,decoder_by_matrix,beec9fd12293a9cfe53c9b61fb8ce2a525e4eed38fa75d132d6dc64699336876,"{""distance"":3,""physical_error_rate"":0.0001}","{""detection_events"":18828,""detectors_checked"":70723584,""obs_mistake_mask=E"":2}"
   1327104,         1,         0,   117.2,decoder_by_matrix,beec9fd12293a9cfe53c9b61fb8ce2a525e4eed38fa75d132d6dc64699336876,"{""distance"":3,""physical_error_rate"":0.0001}","{""detection_events"":18642,""detectors_checked"":71663616,""obs_mistake_mask=E"":1}"
   1573888,         0,         0,   118.0,decoder_by_matrix,36e3cd26fed5ec7649ec51fb08c1a5e7d7f30e615782d954fee045c18a4962ca,"{""distance"":3,""physical_error_rate"":5e-05}","{""detection_events"":11181,""detectors_checked"":84989952}"
   1544192,         0,         0,   115.4,decoder_by_matrix,36e3cd26fed5ec7649ec51fb08c1a5e7d7f30e615782d954fee045c18a4962ca,"{""distance"":3,""physical_error_rate"":5e-05}","{""detection_events"":11427,""detectors_checked"":83386368}"
   1293312,         0,         0,   117.8,decoder_by_matrix,beec9fd12293a9cfe53c9b61fb8ce2a525e4eed38fa75d132d6dc64699336876,"{""distance"":3,""physical_error_rate"":0.0001}","{""detection_events"":19722,""detectors_checked"":69838848}"
   1301504,         0,         0,   117.5,decoder_by_matrix,beec9fd12293a9cfe53c9b61fb8ce2a525e4eed38fa75d132d6dc64699336876,"{""distance"":3,""physical_error_rate"":0.0001}","{""detection_events"":18813,""detectors_checked"":70281216}"
   1269760,         0,         0,   117.4,decoder_by_matrix,beec9fd12293a9cfe53c9b61fb8ce2a525e4eed38fa75d132d6dc64699336876,"{""distance"":3,""physical_error_rate"":0.0001}","{""detection_events"":18858,""detectors_checked"":68567040}"
   1305600,         3,         0,   115.9,decoder_by_matrix,beec9fd12293a9cfe53c9b61fb8ce2a525e4eed38fa75d132d6dc64699336876,"{""distance"":3,""physical_error_rate"":0.0001}","{""detection_events"":18933,""detectors_checked"":70502400,""obs_mistake_mask=E"":3}"
   1296384,         0,         0,   118.3,decoder_by_matrix,beec9fd12293a9cfe53c9b61fb8ce2a525e4eed38fa75d132d6dc64699336876,"{""distance"":3,""physical_error_rate"":0.0001}","{""detection_events"":18273,""detectors_checked"":70004736}"
   1544192,         0,         0,   117.3,decoder_by_matrix,36e3cd26fed5ec7649ec51fb08c1a5e7d7f30e615782d954fee045c18a4962ca,"{""distance"":3,""physical_error_rate"":5e-05}","{""detection_events"":11247,""detectors_checked"":83386368}"
   1532928,         0,         0,   117.3,decoder_by_matrix,36e3cd26fed5ec7649ec51fb08c1a5e7d7f30e615782d954fee045c18a4962ca,"{""distance"":3,""physical_error_rate"":5e-05}","{""detection_events"":11616,""detectors_checked"":82778112}"
   1574912,         1,         0,   116.7,decoder_by_matrix,36e3cd26fed5ec7649ec51fb08c1a5e7d7f30e615782d954fee045c18a4962ca,"{""distance"":3,""physical_error_rate"":5e-05}","{""detection_events"":10809,""detectors_checked"":85045248,""obs_mistake_mask=E"":1}"
   1318912,         3,         0,   117.1,decoder_by_matrix,beec9fd12293a9cfe53c9b61fb8ce2a525e4eed38fa75d132d6dc64699336876,"{""distance"":3,""physical_error_rate"":0.0001}","{""detection_events"":18729,""detectors_checked"":71221248,""obs_mistake_mask=E"":3}"
   1301504,         0,         0,   118.1,decoder_by_matrix,beec9fd12293a9cfe53c9b61fb8ce2a525e4eed38fa75d132d6dc64699336876,"{""distance"":3,""physical_error_rate"":0.0001}","{""detection_events"":19116,""detectors_checked"":70281216}"
   1558528,         2,         0,   117.0,decoder_by_matrix,36e3cd26fed5ec7649ec51fb08c1a5e7d7f30e615782d954fee045c18a4962ca,"{""distance"":3,""physical_error_rate"":5e-05}","{""detection_events"":11229,""detectors_checked"":84160512,""obs_mistake_mask=E"":2}"
   1551360,         0,         0,   117.7,decoder_by_matrix,36e3cd26fed5ec7649ec51fb08c1a5e7d7f30e615782d954fee045c18a4962ca,"{""distance"":3,""physical_error_rate"":5e-05}","{""detection_events"":11313,""detectors_checked"":83773440}"
    152207,         0,         0,    10.5,decoder_by_matrix,36e3cd26fed5ec7649ec51fb08c1a5e7d7f30e615782d954fee045c18a4962ca,"{""distance"":3,""physical_error_rate"":5e-05}","{""detection_events"":1038,""detectors_checked"":8219178}"
   1513472,         0,         0,   117.3,decoder_by_matrix,36e3cd26fed5ec7649ec51fb08c1a5e7d7f30e615782d954fee045c18a4962ca,"{""distance"":3,""physical_error_rate"":5e-05}","{""detection_events"":11445,""detectors_checked"":81727488}"
   1291264,         1,         0,   117.1,decoder_by_matrix,beec9fd12293a9cfe53c9b61fb8ce2a525e4eed38fa75d132d6dc64699336876,"{""distance"":3,""physical_error_rate"":0.0001}","{""detection_events"":19152,""detectors_checked"":69728256,""obs_mistake_mask=E"":1}"
   1564672,         0,         0,   117.5,decoder_by_matrix,36e3cd26fed5ec7649ec51fb08c1a5e7d7f30e615782d954fee045c18a4962ca,"{""distance"":3,""physical_error_rate"":5e-05}","{""detection_events"":11355,""detectors_checked"":84492288}"
   1515520,         0,         0,   117.7,decoder_by_matrix,36e3cd26fed5ec7649ec51fb08c1a5e7d7f30e615782d954fee045c18a4962ca,"{""distance"":3,""physical_error_rate"":5e-05}","{""detection_events"":11508,""detectors_checked"":81838080}"
   1312768,         2,         0,   118.2,decoder_by_matrix,beec9fd12293a9cfe53c9b61fb8ce2a525e4eed38fa75d132d6dc64699336876,"{""distance"":3,""physical_error_rate"":0.0001}","{""detection_events"":18894,""detectors_checked"":70889472,""obs_mistake_mask=E"":2}"
   1546240,         1,         0,   115.8,decoder_by_matrix,36e3cd26fed5ec7649ec51fb08c1a5e7d7f30e615782d954fee045c18a4962ca,"{""distance"":3,""physical_error_rate"":5e-05}","{""detection_events"":11622,""detectors_checked"":83496960,""obs_mistake_mask=E"":1}"
   1552384,         0,         0,   117.2,decoder_by_matrix,36e3cd26fed5ec7649ec51fb08c1a5e7d7f30e615782d954fee045c18a4962ca,"{""distance"":3,""physical_error_rate"":5e-05}","{""detection_events"":11130,""detectors_checked"":83828736}"
   1297408,         1,         0,   117.9,decoder_by_matrix,beec9fd12293a9cfe53c9b61fb8ce2a525e4eed38fa75d132d6dc64699336876,"{""distance"":3,""physical_error_rate"":0.0001}","{""detection_events"":18798,""detectors_checked"":70060032,""obs_mistake_mask=E"":1}"
   1301504,         1,         0,   117.3,decoder_by_matrix,beec9fd12293a9cfe53c9b61fb8ce2a525e4eed38fa75d132d6dc64699336876,"{""distance"":3,""physical_error_rate"":0.0001}","{""detection_events"":18504,""detectors_checked"":70281216,""obs_mistake_mask=E"":1}"
   1551360,         0,         0,   117.4,decoder_by_matrix,36e3cd26fed5ec7649ec51fb08c1a5e7d7f30e615782d954fee045c18a4962ca,"{""distance"":3,""physical_error_rate"":5e-05}","{""detection_events"":11298,""detectors_checked"":83773440}"
   1303552,         2,         0,   117.6,decoder_by_matrix,beec9fd12293a9cfe53c9b61fb8ce2a525e4eed38fa75d132d6dc64699336876,"{""distance"":3,""physical_error_rate"":0.0001}","{""detection_events"":19194,""detectors_checked"":70391808,""obs_mistake_mask=E"":2}"
   1303552,         1,         0,   118.6,decoder_by_matrix,beec9fd12293a9cfe53c9b61fb8ce2a525e4eed38fa75d132d6dc64699336876,"{""distance"":3,""physical_error_rate"":0.0001}","{""detection_events"":19281,""detectors_checked"":70391808,""obs_mistake_mask=E"":1}"
   1303552,         3,         0,   118.0,decoder_by_matrix,beec9fd12293a9cfe53c9b61fb8ce2a525e4eed38fa75d132d6dc64699336876,"{""distance"":3,""physical_error_rate"":0.0001}","{""detection_events"":19113,""detectors_checked"":70391808,""obs_mistake_mask=E"":3}"
   1567744,         0,         0,   118.5,decoder_by_matrix,36e3cd26fed5ec7649ec51fb08c1a5e7d7f30e615782d954fee045c18a4962ca,"{""distance"":3,""physical_error_rate"":5e-05}","{""detection_events"":11214,""detectors_checked"":84658176}"
   1298432,         1,         0,   115.9,decoder_by_matrix,beec9fd12293a9cfe53c9b61fb8ce2a525e4eed38fa75d132d6dc64699336876,"{""distance"":3,""physical_error_rate"":0.0001}","{""detection_events"":18945,""detectors_checked"":70115328,""obs_mistake_mask=E"":1}"
   1522688,         0,         0,   118.0,decoder_by_matrix,36e3cd26fed5ec7649ec51fb08c1a5e7d7f30e615782d954fee045c18a4962ca,"{""distance"":3,""physical_error_rate"":5e-05}","{""detection_events"":11265,""detectors_checked"":82225152}"
   1541120,         1,         0,   117.0,decoder_by_matrix,36e3cd26fed5ec7649ec51fb08c1a5e7d7f30e615782d954fee045c18a4962ca,"{""distance"":3,""physical_error_rate"":5e-05}","{""detection_events"":11871,""detectors_checked"":83220480,""obs_mistake_mask=E"":1}"
   1298432,         3,         0,   117.9,decoder_by_matrix,beec9fd12293a9cfe53c9b61fb8ce2a525e4eed38fa75d132d6dc64699336876,"{""distance"":3,""physical_error_rate"":0.0001}","{""detection_events"":19161,""detectors_checked"":70115328,""obs_mistake_mask=E"":3}"
   1572864,         0,         0,   116.2,decoder_by_matrix,36e3cd26fed5ec7649ec51fb08c1a5e7d7f30e615782d954fee045c18a4962ca,"{""distance"":3,""physical_error_rate"":5e-05}","{""detection_events"":11124,""detectors_checked"":84934656}"
   1309696,         2,         0,   116.2,decoder_by_matrix,beec9fd12293a9cfe53c9b61fb8ce2a525e4eed38fa75d132d6dc64699336876,"{""distance"":3,""physical_error_rate"":0.0001}","{""detection_events"":18612,""detectors_checked"":70723584,""obs_mistake_mask=E"":2}"
   1296384,         1,         0,   117.0,decoder_by_matrix,beec9fd12293a9cfe53c9b61fb8ce2a525e4eed38fa75d132d6dc64699336876,"{""distance"":3,""physical_error_rate"":0.0001}","{""detection_events"":19548,""detectors_checked"":70004736,""obs_mistake_mask=E"":1}"
   1528832,         1,         0,   118.5,decoder_by_matrix,36e3cd26fed5ec7649ec51fb08c1a5e7d7f30e615782d954fee045c18a4962ca,"{""distance"":3,""physical_error_rate"":5e-05}","{""detection_events"":11175,""detectors_checked"":82556928,""obs_mistake_mask=E"":1}"
   1299456,         0,         0,   117.3,decoder_by_matrix,beec9fd12293a9cfe53c9b61fb8ce2a525e4eed38fa75d132d6dc64699336876,"{""distance"":3,""physical_error_rate"":0.0001}","{""detection_events"":19320,""detectors_checked"":70170624}"
   1553408,         0,         0,   118.2,decoder_by_matrix,36e3cd26fed5ec7649ec51fb08c1a5e7d7f30e615782d954fee045c18a4962ca,"{""distance"":3,""physical_error_rate"":5e-05}","{""detection_events"":11292,""detectors_checked"":83884032}"
   1567744,         0,         0,   118.8,decoder_by_matrix,36e3cd26fed5ec7649ec51fb08c1a5e7d7f30e615782d954fee045c18a4962ca,"{""distance"":3,""physical_error_rate"":5e-05}","{""detection_events"":11214,""detectors_checked"":84658176}"
   1285120,         0,         0,   118.9,decoder_by_matrix,beec9fd12293a9cfe53c9b61fb8ce2a525e4eed38fa75d132d6dc64699336876,"{""distance"":3,""physical_error_rate"":0.0001}","{""detection_events"":19368,""detectors_checked"":69396480}"
    279687,         0,         0,    20.9,decoder_by_matrix,36e3cd26fed5ec7649ec51fb08c1a5e7d7f30e615782d954fee045c18a4962ca,"{""distance"":3,""physical_error_rate"":5e-05}","{""detection_events"":1989,""detectors_checked"":15103098}"
   1369088,         0,         0,   103.5,decoder_by_matrix,36e3cd26fed5ec7649ec51fb08c1a5e7d7f30e615782d954fee045c18a4962ca,"{""distance"":3,""physical_error_rate"":5e-05}","{""detection_events"":9564,""detectors_checked"":73930752}"
   1379328,         0,         0,   104.1,decoder_by_matrix,36e3cd26fed5ec7649ec51fb08c1a5e7d7f30e615782d954fee045c18a4962ca,"{""distance"":3,""physical_error_rate"":5e-05}","{""detection_events"":10035,""detectors_checked"":74483712}"
   1366016,         0,         0,   102.1,decoder_by_matrix,36e3cd26fed5ec7649ec51fb08c1a5e7d7f30e615782d954fee045c18a4962ca,"{""distance"":3,""physical_error_rate"":5e-05}","{""detection_events"":9915,""detectors_checked"":73764864}"
   1207554,         0,         0,    89.2,decoder_by_matrix,36e3cd26fed5ec7649ec51fb08c1a5e7d7f30e615782d954fee045c18a4962ca,"{""distance"":3,""physical_error_rate"":5e-05}","{""detection_events"":8355,""detectors_checked"":65207916}"
   1201152,         0,         0,    91.4,decoder_by_matrix,36e3cd26fed5ec7649ec51fb08c1a5e7d7f30e615782d954fee045c18a4962ca,"{""distance"":3,""physical_error_rate"":5e-05}","{""detection_events"":8175,""detectors_checked"":64862208}"
   1197056,         1,         0,    89.3,decoder_by_matrix,36e3cd26fed5ec7649ec51fb08c1a5e7d7f30e615782d954fee045c18a4962ca,"{""distance"":3,""physical_error_rate"":5e-05}","{""detection_events"":8502,""detectors_checked"":64641024,""obs_mistake_mask=E"":1}"
   1185792,         0,         0,    90.0,decoder_by_matrix,36e3cd26fed5ec7649ec51fb08c1a5e7d7f30e615782d954fee045c18a4962ca,"{""distance"":3,""physical_error_rate"":5e-05}","{""detection_events"":8391,""detectors_checked"":64032768}"
   1177600,         0,         0,    88.9,decoder_by_matrix,36e3cd26fed5ec7649ec51fb08c1a5e7d7f30e615782d954fee045c18a4962ca,"{""distance"":3,""physical_error_rate"":5e-05}","{""detection_events"":8634,""detectors_checked"":63590400}"
   1183744,         0,         0,    89.1,decoder_by_matrix,36e3cd26fed5ec7649ec51fb08c1a5e7d7f30e615782d954fee045c18a4962ca,"{""distance"":3,""physical_error_rate"":5e-05}","{""detection_events"":8601,""detectors_checked"":63922176}"
   1195008,         0,         0,    90.5,decoder_by_matrix,36e3cd26fed5ec7649ec51fb08c1a5e7d7f30e615782d954fee045c18a4962ca,"{""distance"":3,""physical_error_rate"":5e-05}","{""detection_events"":8967,""detectors_checked"":64530432}"
   1199104,         0,         0,    88.1,decoder_by_matrix,36e3cd26fed5ec7649ec51fb08c1a5e7d7f30e615782d954fee045c18a4962ca,"{""distance"":3,""physical_error_rate"":5e-05}","{""detection_events"":8526,""detectors_checked"":64751616}"
   1191936,         0,         0,    90.7,decoder_by_matrix,36e3cd26fed5ec7649ec51fb08c1a5e7d7f30e615782d954fee045c18a4962ca,"{""distance"":3,""physical_error_rate"":5e-05}","{""detection_events"":8865,""detectors_checked"":64364544}"
   1196032,         0,         0,    90.2,decoder_by_matrix,36e3cd26fed5ec7649ec51fb08c1a5e7d7f30e615782d954fee045c18a4962ca,"{""distance"":3,""physical_error_rate"":5e-05}","{""detection_events"":8577,""detectors_checked"":64585728}"
   1196032,         2,         0,    88.1,decoder_by_matrix,36e3cd26fed5ec7649ec51fb08c1a5e7d7f30e615782d954fee045c18a4962ca,"{""distance"":3,""physical_error_rate"":5e-05}","{""detection_events"":8553,""detectors_checked"":64585728,""obs_mistake_mask=E"":2}"
     15618,         0,         0,   0.696,decoder_by_matrix,36e3cd26fed5ec7649ec51fb08c1a5e7d7f30e615782d954fee045c18a4962ca,"{""distance"":3,""physical_error_rate"":5e-05}","{""detection_events"":60,""detectors_checked"":843372}"
    893952,         0,         0,    66.1,decoder_by_matrix,36e3cd26fed5ec7649ec51fb08c1a5e7d7f30e615782d954fee045c18a4962ca,"{""distance"":3,""physical_error_rate"":5e-05}","{""detection_events"":6294,""detectors_checked"":48273408}"
    878592,         0,         0,    64.6,decoder_by_matrix,36e3cd26fed5ec7649ec51fb08c1a5e7d7f30e615782d954fee045c18a4962ca,"{""distance"":3,""physical_error_rate"":5e-05}","{""detection_events"":6195,""detectors_checked"":47443968}"
     11522,         0,         0,   0.572,decoder_by_matrix,36e3cd26fed5ec7649ec51fb08c1a5e7d7f30e615782d954fee045c18a4962ca,"{""distance"":3,""physical_error_rate"":5e-05}","{""detection_events"":93,""detectors_checked"":622188}"
    861184,         0,         0,    65.3,decoder_by_matrix,36e3cd26fed5ec7649ec51fb08c1a5e7d7f30e615782d954fee045c18a4962ca,"{""distance"":3,""physical_error_rate"":5e-05}","{""detection_events"":6264,""detectors_checked"":46503936}"
     12546,         0,         0,   0.863,decoder_by_matrix,36e3cd26fed5ec7649ec51fb08c1a5e7d7f30e615782d954fee045c18a4962ca,"{""distance"":3,""physical_error_rate"":5e-05}","{""detection_events"":105,""detectors_checked"":677484}"
     11522,         0,         0,   0.910,decoder_by_matrix,36e3cd26fed5ec7649ec51fb08c1a5e7d7f30e615782d954fee045c18a4962ca,"{""distance"":3,""physical_error_rate"":5e-05}","{""detection_events"":105,""detectors_checked"":622188}"
   1299456,         1,         0,   118.1,decoder_by_matrix,beec9fd12293a9cfe53c9b61fb8ce2a525e4eed38fa75d132d6dc64699336876,"{""distance"":3,""physical_error_rate"":0.0001}","{""detection_events"":19224,""detectors_checked"":70170624,""obs_mistake_mask=E"":1}"
   1302528,         2,         0,   117.7,decoder_by_matrix,beec9fd12293a9cfe53c9b61fb8ce2a525e4eed38fa75d132d6dc64699336876,"{""distance"":3,""physical_error_rate"":0.0001}","{""detection_events"":19038,""detectors_checked"":70336512,""obs_mistake_mask=E"":2}"
   1293312,         3,         0,   117.3,decoder_by_matrix,beec9fd12293a9cfe53c9b61fb8ce2a525e4eed38fa75d132d6dc64699336876,"{""distance"":3,""physical_error_rate"":0.0001}","{""detection_events"":18798,""detectors_checked"":69838848,""obs_mistake_mask=E"":3}"
    668146,         0,         0,    51.3,decoder_by_matrix,36e3cd26fed5ec7649ec51fb08c1a5e7d7f30e615782d954fee045c18a4962ca,"{""distance"":3,""physical_error_rate"":5e-05}","{""detection_events"":5085,""detectors_checked"":36079884}"
    563851,         0,         0,    42.0,decoder_by_matrix,36e3cd26fed5ec7649ec51fb08c1a5e7d7f30e615782d954fee045c18a4962ca,"{""distance"":3,""physical_error_rate"":5e-05}","{""detection_events"":3783,""detectors_checked"":30447954}"
    552960,         0,         0,    41.1,decoder_by_matrix,36e3cd26fed5ec7649ec51fb08c1a5e7d7f30e615782d954fee045c18a4962ca,"{""distance"":3,""physical_error_rate"":5e-05}","{""detection_events"":4035,""detectors_checked"":29859840}"
    559104,         0,         0,    40.4,decoder_by_matrix,36e3cd26fed5ec7649ec51fb08c1a5e7d7f30e615782d954fee045c18a4962ca,"{""distance"":3,""physical_error_rate"":5e-05}","{""detection_events"":3708,""detectors_checked"":30191616}"
    546230,         0,         0,    41.3,decoder_by_matrix,36e3cd26fed5ec7649ec51fb08c1a5e7d7f30e615782d954fee045c18a4962ca,"{""distance"":3,""physical_error_rate"":5e-05}","{""detection_events"":3828,""detectors_checked"":29496420}"
    495616,         0,         0,    38.4,decoder_by_matrix,36e3cd26fed5ec7649ec51fb08c1a5e7d7f30e615782d954fee045c18a4962ca,"{""distance"":3,""physical_error_rate"":5e-05}","{""detection_events"":3609,""detectors_checked"":26763264}"
    521216,         0,         0,    39.7,decoder_by_matrix,36e3cd26fed5ec7649ec51fb08c1a5e7d7f30e615782d954fee045c18a4962ca,"{""distance"":3,""physical_error_rate"":5e-05}","{""detection_events"":3804,""detectors_checked"":28145664}"
    522240,         0,         0,    39.2,decoder_by_matrix,36e3cd26fed5ec7649ec51fb08c1a5e7d7f30e615782d954fee045c18a4962ca,"{""distance"":3,""physical_error_rate"":5e-05}","{""detection_events"":3729,""detectors_checked"":28200960}"
    494592,         0,         0,    38.1,decoder_by_matrix,36e3cd26fed5ec7649ec51fb08c1a5e7d7f30e615782d954fee045c18a4962ca,"{""distance"":3,""physical_error_rate"":5e-05}","{""detection_events"":4047,""detectors_checked"":26707968}"
    494409,         0,         0,    36.3,decoder_by_matrix,36e3cd26fed5ec7649ec51fb08c1a5e7d7f30e615782d954fee045c18a4962ca,"{""distance"":3,""physical_error_rate"":5e-05}","{""detection_events"":3474,""detectors_checked"":26698086}"
    471040,         0,         0,    35.8,decoder_by_matrix,36e3cd26fed5ec7649ec51fb08c1a5e7d7f30e615782d954fee045c18a4962ca,"{""distance"":3,""physical_error_rate"":5e-05}","{""detection_events"":3459,""detectors_checked"":25436160}"
    484352,         0,         0,    35.9,decoder_by_matrix,36e3cd26fed5ec7649ec51fb08c1a5e7d7f30e615782d954fee045c18a4962ca,"{""distance"":3,""physical_error_rate"":5e-05}","{""detection_events"":3354,""detectors_checked"":26155008}"
    484352,         0,         0,    36.4,decoder_by_matrix,36e3cd26fed5ec7649ec51fb08c1a5e7d7f30e615782d954fee045c18a4962ca,"{""distance"":3,""physical_error_rate"":5e-05}","{""detection_events"":3414,""detectors_checked"":26155008}"
    474112,         0,         0,    36.9,decoder_by_matrix,36e3cd26fed5ec7649ec51fb08c1a5e7d7f30e615782d954fee045c18a4962ca,"{""distance"":3,""physical_error_rate"":5e-05}","{""detection_events"":3591,""detectors_checked"":25602048}"
    415406,         0,         0,    31.7,decoder_by_matrix,36e3cd26fed5ec7649ec51fb08c1a5e7d7f30e615782d954fee045c18a4962ca,"{""distance"":3,""physical_error_rate"":5e-05}","{""detection_events"":2850,""detectors_checked"":22431924}"
    399360,         0,         0,    30.8,decoder_by_matrix,36e3cd26fed5ec7649ec51fb08c1a5e7d7f30e615782d954fee045c18a4962ca,"{""distance"":3,""physical_error_rate"":5e-05}","{""detection_events"":3132,""detectors_checked"":21565440}"
    405504,         0,         0,    31.4,decoder_by_matrix,36e3cd26fed5ec7649ec51fb08c1a5e7d7f30e615782d954fee045c18a4962ca,"{""distance"":3,""physical_error_rate"":5e-05}","{""detection_events"":2937,""detectors_checked"":21897216}"
    410624,         0,         0,    32.1,decoder_by_matrix,36e3cd26fed5ec7649ec51fb08c1a5e7d7f30e615782d954fee045c18a4962ca,"{""distance"":3,""physical_error_rate"":5e-05}","{""detection_events"":2940,""detectors_checked"":22173696}"
    342617,         0,         0,    25.5,decoder_by_matrix,36e3cd26fed5ec7649ec51fb08c1a5e7d7f30e615782d954fee045c18a4962ca,"{""distance"":3,""physical_error_rate"":5e-05}","{""detection_events"":2379,""detectors_checked"":18501318}"
    326656,         0,         0,    25.3,decoder_by_matrix,36e3cd26fed5ec7649ec51fb08c1a5e7d7f30e615782d954fee045c18a4962ca,"{""distance"":3,""physical_error_rate"":5e-05}","{""detection_events"":2415,""detectors_checked"":17639424}"
    324608,         0,         0,    23.8,decoder_by_matrix,36e3cd26fed5ec7649ec51fb08c1a5e7d7f30e615782d954fee045c18a4962ca,"{""distance"":3,""physical_error_rate"":5e-05}","{""detection_events"":2244,""detectors_checked"":17528832}"
    339968,         0,         0,    25.2,decoder_by_matrix,36e3cd26fed5ec7649ec51fb08c1a5e7d7f30e615782d954fee045c18a4962ca,"{""distance"":3,""physical_error_rate"":5e-05}","{""detection_events"":2319,""detectors_checked"":18358272}"
    325632,         0,         0,    25.6,decoder_by_matrix,36e3cd26fed5ec7649ec51fb08c1a5e7d7f30e615782d954fee045c18a4962ca,"{""distance"":3,""physical_error_rate"":5e-05}","{""detection_events"":2415,""detectors_checked"":17584128}"
    334848,         0,         0,    24.6,decoder_by_matrix,36e3cd26fed5ec7649ec51fb08c1a5e7d7f30e615782d954fee045c18a4962ca,"{""distance"":3,""physical_error_rate"":5e-05}","{""detection_events"":2610,""detectors_checked"":18081792}"
    324608,         0,         0,    24.4,decoder_by_matrix,36e3cd26fed5ec7649ec51fb08c1a5e7d7f30e615782d954fee045c18a4962ca,"{""distance"":3,""physical_error_rate"":5e-05}","{""detection_events"":2460,""detectors_checked"":17528832}"
    322560,         0,         0,    24.5,decoder_by_matrix,36e3cd26fed5ec7649ec51fb08c1a5e7d7f30e615782d954fee045c18a4962ca,"{""distance"":3,""physical_error_rate"":5e-05}","{""detection_events"":2289,""detectors_checked"":17418240}"
    324608,         0,         0,    24.2,decoder_by_matrix,36e3cd26fed5ec7649ec51fb08c1a5e7d7f30e615782d954fee045c18a4962ca,"{""distance"":3,""physical_error_rate"":5e-05}","{""detection_events"":2304,""detectors_checked"":17528832}"
    336896,         0,         0,    25.2,decoder_by_matrix,36e3cd26fed5ec7649ec51fb08c1a5e7d7f30e615782d954fee045c18a4962ca,"{""distance"":3,""physical_error_rate"":5e-05}","{""detection_events"":2523,""detectors_checked"":18192384}"
    337920,         0,         0,    25.8,decoder_by_matrix,36e3cd26fed5ec7649ec51fb08c1a5e7d7f30e615782d954fee045c18a4962ca,"{""distance"":3,""physical_error_rate"":5e-05}","{""detection_events"":2514,""detectors_checked"":18247680}"
    321536,         0,         0,    24.5,decoder_by_matrix,36e3cd26fed5ec7649ec51fb08c1a5e7d7f30e615782d954fee045c18a4962ca,"{""distance"":3,""physical_error_rate"":5e-05}","{""detection_events"":2385,""detectors_checked"":17362944}"
    322560,         0,         0,    24.1,decoder_by_matrix,36e3cd26fed5ec7649ec51fb08c1a5e7d7f30e615782d954fee045c18a4962ca,"{""distance"":3,""physical_error_rate"":5e-05}","{""detection_events"":2232,""detectors_checked"":17418240}"
    333824,         0,         0,    24.3,decoder_by_matrix,36e3cd26fed5ec7649ec51fb08c1a5e7d7f30e615782d954fee045c18a4962ca,"{""distance"":3,""physical_error_rate"":5e-05}","{""detection_events"":2247,""detectors_checked"":18026496}"
   1303552,         0,         0,   115.1,decoder_by_matrix,beec9fd12293a9cfe53c9b61fb8ce2a525e4eed38fa75d132d6dc64699336876,"{""distance"":3,""physical_error_rate"":0.0001}","{""detection_events"":19065,""detectors_checked"":70391808}"
     18867,         0,         0,   0.751,decoder_by_matrix,36e3cd26fed5ec7649ec51fb08c1a5e7d7f30e615782d954fee045c18a4962ca,"{""distance"":3,""physical_error_rate"":5e-05}","{""detection_events"":93,""detectors_checked"":1018818}"
    199680,         0,         0,    15.0,decoder_by_matrix,36e3cd26fed5ec7649ec51fb08c1a5e7d7f30e615782d954fee045c18a4962ca,"{""distance"":3,""physical_error_rate"":5e-05}","{""detection_events"":1494,""detectors_checked"":10782720}"
    218112,         0,         0,    15.8,decoder_by_matrix,36e3cd26fed5ec7649ec51fb08c1a5e7d7f30e615782d954fee045c18a4962ca,"{""distance"":3,""physical_error_rate"":5e-05}","{""detection_events"":1476,""detectors_checked"":11778048}"
    266240,         0,         0,    19.1,decoder_by_matrix,36e3cd26fed5ec7649ec51fb08c1a5e7d7f30e615782d954fee045c18a4962ca,"{""distance"":3,""physical_error_rate"":5e-05}","{""detection_events"":1659,""detectors_checked"":14376960}"
     21048,         0,         0,    1.12,decoder_by_matrix,36e3cd26fed5ec7649ec51fb08c1a5e7d7f30e615782d954fee045c18a4962ca,"{""distance"":3,""physical_error_rate"":5e-05}","{""detection_events"":90,""detectors_checked"":1136592}"
    209920,         0,         0,    15.2,decoder_by_matrix,36e3cd26fed5ec7649ec51fb08c1a5e7d7f30e615782d954fee045c18a4962ca,"{""distance"":3,""physical_error_rate"":5e-05}","{""detection_events"":1374,""detectors_checked"":11335680}"
     18009,         0,         0,    1.17,decoder_by_matrix,36e3cd26fed5ec7649ec51fb08c1a5e7d7f30e615782d954fee045c18a4962ca,"{""distance"":3,""physical_error_rate"":5e-05}","{""detection_events"":132,""detectors_checked"":972486}"
    218112,         0,         0,    16.5,decoder_by_matrix,36e3cd26fed5ec7649ec51fb08c1a5e7d7f30e615782d954fee045c18a4962ca,"{""distance"":3,""physical_error_rate"":5e-05}","{""detection_events"":1623,""detectors_checked"":11778048}"
    202752,         0,         0,    14.8,decoder_by_matrix,36e3cd26fed5ec7649ec51fb08c1a5e7d7f30e615782d954fee045c18a4962ca,"{""distance"":3,""physical_error_rate"":5e-05}","{""detection_events"":1494,""detectors_checked"":10948608}"
    201728,         0,         0,    14.7,decoder_by_matrix,36e3cd26fed5ec7649ec51fb08c1a5e7d7f30e615782d954fee045c18a4962ca,"{""distance"":3,""physical_error_rate"":5e-05}","{""detection_events"":1395,""detectors_checked"":10893312}"
    202752,         0,         0,    15.2,decoder_by_matrix,36e3cd26fed5ec7649ec51fb08c1a5e7d7f30e615782d954fee045c18a4962ca,"{""distance"":3,""physical_error_rate"":5e-05}","{""detection_events"":1584,""detectors_checked"":10948608}"
    211968,         0,         0,    16.9,decoder_by_matrix,36e3cd26fed5ec7649ec51fb08c1a5e7d7f30e615782d954fee045c18a4962ca,"{""distance"":3,""physical_error_rate"":5e-05}","{""detection_events"":1689,""detectors_checked"":11446272}"
   1300480,         1,         0,   117.2,decoder_by_matrix,beec9fd12293a9cfe53c9b61fb8ce2a525e4eed38fa75d132d6dc64699336876,"{""distance"":3,""physical_error_rate"":0.0001}","{""detection_events"":19119,""detectors_checked"":70225920,""obs_mistake_mask=E"":1}"
   1312768,         2,         0,   117.3,decoder_by_matrix,beec9fd12293a9cfe53c9b61fb8ce2a525e4eed38fa75d132d6dc64699336876,"{""distance"":3,""physical_error_rate"":0.0001}","{""detection_events"":18900,""detectors_checked"":70889472,""obs_mistake_mask=E"":2}"
   1306624,         0,         0,   118.2,decoder_by_matrix,beec9fd12293a9cfe53c9b61fb8ce2a525e4eed38fa75d132d6dc64699336876,"{""distance"":3,""physical_error_rate"":0.0001}","{""detection_events"":19548,""detectors_checked"":70557696}"
   1305600,         3,         0,   117.3,decoder_by_matrix,beec9fd12293a9cfe53c9b61fb8ce2a525e4eed38fa75d132d6dc64699336876,"{""distance"":3,""physical_error_rate"":0.0001}","{""detection_events"":19143,""detectors_checked"":70502400,""obs_mistake_mask=E"":3}"
   1294336,         0,         0,   116.8,decoder_by_matrix,beec9fd12293a9cfe53c9b61fb8ce2a525e4eed38fa75d132d6dc64699336876,"{""distance"":3,""physical_error_rate"":0.0001}","{""detection_events"":19248,""detectors_checked"":69894144}"
   1286144,         1,         0,   116.1,decoder_by_matrix,beec9fd12293a9cfe53c9b61fb8ce2a525e4eed38fa75d132d6dc64699336876,"{""distance"":3,""physical_error_rate"":0.0001}","{""detection_events"":19236,""detectors_checked"":69451776,""obs_mistake_mask=E"":1}"
   1310720,         0,         0,   117.4,decoder_by_matrix,beec9fd12293a9cfe53c9b61fb8ce2a525e4eed38fa75d132d6dc64699336876,"{""distance"":3,""physical_error_rate"":0.0001}","{""detection_events"":18108,""detectors_checked"":70778880}"
   1313792,         0,         0,   118.1,decoder_by_matrix,beec9fd12293a9cfe53c9b61fb8ce2a525e4eed38fa75d132d6dc64699336876,"{""distance"":3,""physical_error_rate"":0.0001}","{""detection_events"":18933,""detectors_checked"":70944768}"
   1289216,         2,         0,   117.7,decoder_by_matrix,beec9fd12293a9cfe53c9b61fb8ce2a525e4eed38fa75d132d6dc64699336876,"{""distance"":3,""physical_error_rate"":0.0001}","{""detection_events"":19251,""detectors_checked"":69617664,""obs_mistake_mask=E"":2}"
   1286144,         1,         0,   116.4,decoder_by_matrix,beec9fd12293a9cfe53c9b61fb8ce2a525e4eed38fa75d132d6dc64699336876,"{""distance"":3,""physical_error_rate"":0.0001}","{""detection_events"":19095,""detectors_checked"":69451776,""obs_mistake_mask=E"":1}"
     77571,         0,         0,    5.86,decoder_by_matrix,36e3cd26fed5ec7649ec51fb08c1a5e7d7f30e615782d954fee045c18a4962ca,"{""distance"":3,""physical_error_rate"":5e-05}","{""detection_events"":609,""detectors_checked"":4188834}"
    102400,         0,         0,    6.80,decoder_by_matrix,36e3cd26fed5ec7649ec51fb08c1a5e7d7f30e615782d954fee045c18a4962ca,"{""distance"":3,""physical_error_rate"":5e-05}","{""detection_events"":684,""detectors_checked"":5529600}"
    107520,         0,         0,    6.99,decoder_by_matrix,36e3cd26fed5ec7649ec51fb08c1a5e7d7f30e615782d954fee045c18a4962ca,"{""distance"":3,""physical_error_rate"":5e-05}","{""detection_events"":651,""detectors_checked"":5806080}"
    101376,         0,         0,    7.26,decoder_by_matrix,36e3cd26fed5ec7649ec51fb08c1a5e7d7f30e615782d954fee045c18a4962ca,"{""distance"":3,""physical_error_rate"":5e-05}","{""detection_events"":573,""detectors_checked"":5474304}"
    102400,         0,         0,    7.03,decoder_by_matrix,36e3cd26fed5ec7649ec51fb08c1a5e7d7f30e615782d954fee045c18a4962ca,"{""distance"":3,""physical_error_rate"":5e-05}","{""detection_events"":669,""detectors_checked"":5529600}"
     82691,         0,         0,    5.76,decoder_by_matrix,36e3cd26fed5ec7649ec51fb08c1a5e7d7f30e615782d954fee045c18a4962ca,"{""distance"":3,""physical_error_rate"":5e-05}","{""detection_events"":615,""detectors_checked"":4465314}"
     87040,         0,         0,    6.45,decoder_by_matrix,36e3cd26fed5ec7649ec51fb08c1a5e7d7f30e615782d954fee045c18a4962ca,"{""distance"":3,""physical_error_rate"":5e-05}","{""detection_events"":594,""detectors_checked"":4700160}"
     95232,         0,         0,    7.67,decoder_by_matrix,36e3cd26fed5ec7649ec51fb08c1a5e7d7f30e615782d954fee045c18a4962ca,"{""distance"":3,""physical_error_rate"":5e-05}","{""detection_events"":678,""detectors_checked"":5142528}"
     84992,         0,         0,    6.53,decoder_by_matrix,36e3cd26fed5ec7649ec51fb08c1a5e7d7f30e615782d954fee045c18a4962ca,"{""distance"":3,""physical_error_rate"":5e-05}","{""detection_events"":588,""detectors_checked"":4589568}"
     58025,         0,         0,    3.73,decoder_by_matrix,36e3cd26fed5ec7649ec51fb08c1a5e7d7f30e615782d954fee045c18a4962ca,"{""distance"":3,""physical_error_rate"":5e-05}","{""detection_events"":339,""detectors_checked"":3133350}"
     70030,         0,         0,    4.67,decoder_by_matrix,36e3cd26fed5ec7649ec51fb08c1a5e7d7f30e615782d954fee045c18a4962ca,"{""distance"":3,""physical_error_rate"":5e-05}","{""detection_events"":393,""detectors_checked"":3781620}"
     70030,         0,         0,    5.05,decoder_by_matrix,36e3cd26fed5ec7649ec51fb08c1a5e7d7f30e615782d954fee045c18a4962ca,"{""distance"":3,""physical_error_rate"":5e-05}","{""detection_events"":489,""detectors_checked"":3781620}"
     67842,         0,         0,    5.09,decoder_by_matrix,36e3cd26fed5ec7649ec51fb08c1a5e7d7f30e615782d954fee045c18a4962ca,"{""distance"":3,""physical_error_rate"":5e-05}","{""detection_events"":477,""detectors_checked"":3663468}"
     67842,         0,         0,    4.89,decoder_by_matrix,36e3cd26fed5ec7649ec51fb08c1a5e7d7f30e615782d954fee045c18a4962ca,"{""distance"":3,""physical_error_rate"":5e-05}","{""detection_events"":507,""detectors_checked"":3663468}"
     67842,         0,         0,    5.01,decoder_by_matrix,36e3cd26fed5ec7649ec51fb08c1a5e7d7f30e615782d954fee045c18a4962ca,"{""distance"":3,""physical_error_rate"":5e-05}","{""detection_events"":633,""detectors_checked"":3663468}"
     67842,         0,         0,    4.90,decoder_by_matrix,36e3cd26fed5ec7649ec51fb08c1a5e7d7f30e615782d954fee045c18a4962ca,"{""distance"":3,""physical_error_rate"":5e-05}","{""detection_events"":480,""detectors_checked"":3663468}"
     67842,         0,         0,    4.96,decoder_by_matrix,36e3cd26fed5ec7649ec51fb08c1a5e7d7f30e615782d954fee045c18a4962ca,"{""distance"":3,""physical_error_rate"":5e-05}","{""detection_events"":516,""detectors_checked"":3663468}"
     66560,         0,         0,    4.93,decoder_by_matrix,36e3cd26fed5ec7649ec51fb08c1a5e7d7f30e615782d954fee045c18a4962ca,"{""distance"":3,""physical_error_rate"":5e-05}","{""detection_events"":450,""detectors_checked"":3594240}"
     63488,         0,         0,    4.39,decoder_by_matrix,36e3cd26fed5ec7649ec51fb08c1a5e7d7f30e615782d954fee045c18a4962ca,"{""distance"":3,""physical_error_rate"":5e-05}","{""detection_events"":510,""detectors_checked"":3428352}"
     59293,         0,         0,    3.60,decoder_by_matrix,36e3cd26fed5ec7649ec51fb08c1a5e7d7f30e615782d954fee045c18a4962ca,"{""distance"":3,""physical_error_rate"":5e-05}","{""detection_events"":336,""detectors_checked"":3201822}"
     61440,         0,         0,    4.92,decoder_by_matrix,36e3cd26fed5ec7649ec51fb08c1a5e7d7f30e615782d954fee045c18a4962ca,"{""distance"":3,""physical_error_rate"":5e-05}","{""detection_events"":498,""detectors_checked"":3317760}"
     52224,         0,         0,    3.78,decoder_by_matrix,36e3cd26fed5ec7649ec51fb08c1a5e7d7f30e615782d954fee045c18a4962ca,"{""distance"":3,""physical_error_rate"":5e-05}","{""detection_events"":333,""detectors_checked"":2820096}"
     52224,         0,         0,    3.91,decoder_by_matrix,36e3cd26fed5ec7649ec51fb08c1a5e7d7f30e615782d954fee045c18a4962ca,"{""distance"":3,""physical_error_rate"":5e-05}","{""detection_events"":306,""detectors_checked"":2820096}"
     49152,         0,         0,    3.62,decoder_by_matrix,36e3cd26fed5ec7649ec51fb08c1a5e7d7f30e615782d954fee045c18a4962ca,"{""distance"":3,""physical_error_rate"":5e-05}","{""detection_events"":438,""detectors_checked"":2654208}"
     53248,         0,         0,    4.06,decoder_by_matrix,36e3cd26fed5ec7649ec51fb08c1a5e7d7f30e615782d954fee045c18a4962ca,"{""distance"":3,""physical_error_rate"":5e-05}","{""detection_events"":387,""detectors_checked"":2875392}"
     55296,         0,         0,    3.99,decoder_by_matrix,36e3cd26fed5ec7649ec51fb08c1a5e7d7f30e615782d954fee045c18a4962ca,"{""distance"":3,""physical_error_rate"":5e-05}","{""detection_events"":381,""detectors_checked"":2985984}"
     53248,         0,         0,    4.10,decoder_by_matrix,36e3cd26fed5ec7649ec51fb08c1a5e7d7f30e615782d954fee045c18a4962ca,"{""distance"":3,""physical_error_rate"":5e-05}","{""detection_events"":393,""detectors_checked"":2875392}"
     57173,         0,         0,    4.30,decoder_by_matrix,36e3cd26fed5ec7649ec51fb08c1a5e7d7f30e615782d954fee045c18a4962ca,"{""distance"":3,""physical_error_rate"":5e-05}","{""detection_events"":396,""detectors_checked"":3087342}"
     59293,         0,         0,    4.03,decoder_by_matrix,36e3cd26fed5ec7649ec51fb08c1a5e7d7f30e615782d954fee045c18a4962ca,"{""distance"":3,""physical_error_rate"":5e-05}","{""detection_events"":372,""detectors_checked"":3201822}"
     37888,         0,         0,    3.05,decoder_by_matrix,36e3cd26fed5ec7649ec51fb08c1a5e7d7f30e615782d954fee045c18a4962ca,"{""distance"":3,""physical_error_rate"":5e-05}","{""detection_events"":327,""detectors_checked"":2045952}"
     43008,         0,         0,    3.39,decoder_by_matrix,36e3cd26fed5ec7649ec51fb08c1a5e7d7f30e615782d954fee045c18a4962ca,"{""distance"":3,""physical_error_rate"":5e-05}","{""detection_events"":312,""detectors_checked"":2322432}"
     54272,         0,         0,    4.33,decoder_by_matrix,36e3cd26fed5ec7649ec51fb08c1a5e7d7f30e615782d954fee045c18a4962ca,"{""distance"":3,""physical_error_rate"":5e-05}","{""detection_events"":420,""detectors_checked"":2930688}"
     38912,         0,         0,    2.87,decoder_by_matrix,36e3cd26fed5ec7649ec51fb08c1a5e7d7f30e615782d954fee045c18a4962ca,"{""distance"":3,""physical_error_rate"":5e-05}","{""detection_events"":375,""detectors_checked"":2101248}"
     47104,         0,         0,    3.40,decoder_by_matrix,36e3cd26fed5ec7649ec51fb08c1a5e7d7f30e615782d954fee045c18a4962ca,"{""distance"":3,""physical_error_rate"":5e-05}","{""detection_events"":237,""detectors_checked"":2543616}"
     49152,         0,         0,    3.32,decoder_by_matrix,36e3cd26fed5ec7649ec51fb08c1a5e7d7f30e615782d954fee045c18a4962ca,"{""distance"":3,""physical_error_rate"":5e-05}","{""detection_events"":375,""detectors_checked"":2654208}"
     37888,         0,         0,    3.08,decoder_by_matrix,36e3cd26fed5ec7649ec51fb08c1a5e7d7f30e615782d954fee045c18a4962ca,"{""distance"":3,""physical_error_rate"":5e-05}","{""detection_events"":342,""detectors_checked"":2045952}"
     59392,         0,         0,    4.41,decoder_by_matrix,36e3cd26fed5ec7649ec51fb08c1a5e7d7f30e615782d954fee045c18a4962ca,"{""distance"":3,""physical_error_rate"":5e-05}","{""detection_events"":471,""detectors_checked"":3207168}"
     57344,         0,         0,    4.27,decoder_by_matrix,36e3cd26fed5ec7649ec51fb08c1a5e7d7f30e615782d954fee045c18a4962ca,"{""distance"":3,""physical_error_rate"":5e-05}","{""detection_events"":453,""detectors_checked"":3096576}"
     47104,         0,         0,    3.50,decoder_by_matrix,36e3cd26fed5ec7649ec51fb08c1a5e7d7f30e615782d954fee045c18a4962ca,"{""distance"":3,""physical_error_rate"":5e-05}","{""detection_events"":360,""detectors_checked"":2543616}"
      2032,         0,         0,   0.002,decoder_by_matrix,36e3cd26fed5ec7649ec51fb08c1a5e7d7f30e615782d954fee045c18a4962ca,"{""distance"":3,""physical_error_rate"":5e-05}","{""detection_events"":6,""detectors_checked"":109728}"
      1949,         0,         0,   0.002,decoder_by_matrix,36e3cd26fed5ec7649ec51fb08c1a5e7d7f30e615782d954fee045c18a4962ca,"{""distance"":3,""physical_error_rate"":5e-05}","{""detection_events"":6,""detectors_checked"":105246}"
     45056,         0,         0,    3.34,decoder_by_matrix,36e3cd26fed5ec7649ec51fb08c1a5e7d7f30e615782d954fee045c18a4962ca,"{""distance"":3,""physical_error_rate"":5e-05}","{""detection_events"":321,""detectors_checked"":2433024}"
     41984,         0,         0,    3.18,decoder_by_matrix,36e3cd26fed5ec7649ec51fb08c1a5e7d7f30e615782d954fee045c18a4962ca,"{""distance"":3,""physical_error_rate"":5e-05}","{""detection_events"":324,""detectors_checked"":2267136}"
      8165,         0,         0,   0.192,decoder_by_matrix,36e3cd26fed5ec7649ec51fb08c1a5e7d7f30e615782d954fee045c18a4962ca,"{""distance"":3,""physical_error_rate"":5e-05}","{""detection_events"":48,""detectors_checked"":440910}"
     10358,         0,         0,   0.373,decoder_by_matrix,36e3cd26fed5ec7649ec51fb08c1a5e7d7f30e615782d954fee045c18a4962ca,"{""distance"":3,""physical_error_rate"":5e-05}","{""detection_events"":57,""detectors_checked"":559332}"
      1636,         0,         0,   0.002,decoder_by_matrix,36e3cd26fed5ec7649ec51fb08c1a5e7d7f30e615782d954fee045c18a4962ca,"{""distance"":3,""physical_error_rate"":5e-05}","{""detection_events"":6,""detectors_checked"":88344}"
      2225,         0,         0,   0.002,decoder_by_matrix,36e3cd26fed5ec7649ec51fb08c1a5e7d7f30e615782d954fee045c18a4962ca,"{""distance"":3,""physical_error_rate"":5e-05}","{""detection_events"":6,""detectors_checked"":120150}"
      1791,         0,         0,   0.001,decoder_by_matrix,36e3cd26fed5ec7649ec51fb08c1a5e7d7f30e615782d954fee045c18a4962ca,"{""distance"":3,""physical_error_rate"":5e-05}","{""detectors_checked"":96714}"
      1873,         0,         0,   0.003,decoder_by_matrix,36e3cd26fed5ec7649ec51fb08c1a5e7d7f30e615782d954fee045c18a4962ca,"{""distance"":3,""physical_error_rate"":5e-05}","{""detection_events"":33,""detectors_checked"":101142}"
       936,         0,         0,   0.002,decoder_by_matrix,36e3cd26fed5ec7649ec51fb08c1a5e7d7f30e615782d954fee045c18a4962ca,"{""distance"":3,""physical_error_rate"":5e-05}","{""detection_events"":9,""detectors_checked"":50544}"
     18969,         0,         0,    1.33,decoder_by_matrix,36e3cd26fed5ec7649ec51fb08c1a5e7d7f30e615782d954fee045c18a4962ca,"{""distance"":3,""physical_error_rate"":5e-05}","{""detection_events"":135,""detectors_checked"":1024326}"
      4141,         0,         0,   0.228,decoder_by_matrix,36e3cd26fed5ec7649ec51fb08c1a5e7d7f30e615782d954fee045c18a4962ca,"{""distance"":3,""physical_error_rate"":5e-05}","{""detection_events"":12,""detectors_checked"":223614}"
     17408,         0,         0,    1.39,decoder_by_matrix,36e3cd26fed5ec7649ec51fb08c1a5e7d7f30e615782d954fee045c18a4962ca,"{""distance"":3,""physical_error_rate"":5e-05}","{""detection_events"":141,""detectors_checked"":940032}"
     33721,         0,         0,    1.78,decoder_by_matrix,36e3cd26fed5ec7649ec51fb08c1a5e7d7f30e615782d954fee045c18a4962ca,"{""distance"":3,""physical_error_rate"":5e-05}","{""detection_events"":195,""detectors_checked"":1820934}"
     16384,         0,         0,    1.09,decoder_by_matrix,36e3cd26fed5ec7649ec51fb08c1a5e7d7f30e615782d954fee045c18a4962ca,"{""distance"":3,""physical_error_rate"":5e-05}","{""detection_events"":141,""detectors_checked"":884736}"
      1413,         0,         0,   0.002,decoder_by_matrix,36e3cd26fed5ec7649ec51fb08c1a5e7d7f30e615782d954fee045c18a4962ca,"{""distance"":3,""physical_error_rate"":5e-05}","{""detection_events"":12,""detectors_checked"":76302}"
     15869,         0,         0,   0.761,decoder_by_matrix,36e3cd26fed5ec7649ec51fb08c1a5e7d7f30e615782d954fee045c18a4962ca,"{""distance"":3,""physical_error_rate"":5e-05}","{""detection_events"":102,""detectors_checked"":856926}"
     16384,         0,         0,    1.22,decoder_by_matrix,36e3cd26fed5ec7649ec51fb08c1a5e7d7f30e615782d954fee045c18a4962ca,"{""distance"":3,""physical_error_rate"":5e-05}","{""detection_events"":120,""detectors_checked"":884736}"
       520,         0,         0,   0.000,decoder_by_matrix,36e3cd26fed5ec7649ec51fb08c1a5e7d7f30e615782d954fee045c18a4962ca,"{""distance"":3,""physical_error_rate"":5e-05}","{""detectors_checked"":28080}"
      1168,         0,         0,   0.002,decoder_by_matrix,36e3cd26fed5ec7649ec51fb08c1a5e7d7f30e615782d954fee045c18a4962ca,"{""distance"":3,""physical_error_rate"":5e-05}","{""detection_events"":18,""detectors_checked"":63072}"
       456,         0,         0,   0.000,decoder_by_matrix,36e3cd26fed5ec7649ec51fb08c1a5e7d7f30e615782d954fee045c18a4962ca,"{""distance"":3,""physical_error_rate"":5e-05}","{""detectors_checked"":24624}"
       520,         0,         0,   0.000,decoder_by_matrix,36e3cd26fed5ec7649ec51fb08c1a5e7d7f30e615782d954fee045c18a4962ca,"{""distance"":3,""physical_error_rate"":5e-05}","{""detectors_checked"":28080}"
      5021,         0,         0,   0.130,decoder_by_matrix,36e3cd26fed5ec7649ec51fb08c1a5e7d7f30e615782d954fee045c18a4962ca,"{""distance"":3,""physical_error_rate"":5e-05}","{""detection_events"":66,""detectors_checked"":271134}"
      5901,         0,         0,   0.137,decoder_by_matrix,36e3cd26fed5ec7649ec51fb08c1a5e7d7f30e615782d954fee045c18a4962ca,"{""distance"":3,""physical_error_rate"":5e-05}","{""detection_events"":51,""detectors_checked"":318654}"
     14336,         0,         0,   0.796,decoder_by_matrix,36e3cd26fed5ec7649ec51fb08c1a5e7d7f30e615782d954fee045c18a4962ca,"{""distance"":3,""physical_error_rate"":5e-05}","{""detection_events"":165,""detectors_checked"":774144}"
      1158,         0,         0,   0.002,decoder_by_matrix,36e3cd26fed5ec7649ec51fb08c1a5e7d7f30e615782d954fee045c18a4962ca,"{""distance"":3,""physical_error_rate"":5e-05}","{""detection_events"":3,""detectors_checked"":62532}"
      1179,         0,         0,   0.002,decoder_by_matrix,36e3cd26fed5ec7649ec51fb08c1a5e7d7f30e615782d954fee045c18a4962ca,"{""distance"":3,""physical_error_rate"":5e-05}","{""detection_events"":15,""detectors_checked"":63666}"
      1954,         0,         0,   0.001,decoder_by_matrix,36e3cd26fed5ec7649ec51fb08c1a5e7d7f30e615782d954fee045c18a4962ca,"{""distance"":3,""physical_error_rate"":5e-05}","{""detectors_checked"":105516}"
      3475,         0,         0,   0.003,decoder_by_matrix,36e3cd26fed5ec7649ec51fb08c1a5e7d7f30e615782d954fee045c18a4962ca,"{""distance"":3,""physical_error_rate"":5e-05}","{""detection_events"":12,""detectors_checked"":187650}"
       416,         0,         0,   0.000,decoder_by_matrix,36e3cd26fed5ec7649ec51fb08c1a5e7d7f30e615782d954fee045c18a4962ca,"{""distance"":3,""physical_error_rate"":5e-05}","{""detectors_checked"":22464}"
     13312,         0,         0,   0.652,decoder_by_matrix,36e3cd26fed5ec7649ec51fb08c1a5e7d7f30e615782d954fee045c18a4962ca,"{""distance"":3,""physical_error_rate"":5e-05}","{""detection_events"":108,""detectors_checked"":718848}"
     14336,         0,         0,   0.976,decoder_by_matrix,36e3cd26fed5ec7649ec51fb08c1a5e7d7f30e615782d954fee045c18a4962ca,"{""distance"":3,""physical_error_rate"":5e-05}","{""detection_events"":102,""detectors_checked"":774144}"
      1533,         0,         0,   0.003,decoder_by_matrix,36e3cd26fed5ec7649ec51fb08c1a5e7d7f30e615782d954fee045c18a4962ca,"{""distance"":3,""physical_error_rate"":5e-05}","{""detection_events"":15,""detectors_checked"":82782}"
     15360,         0,         0,    1.16,decoder_by_matrix,36e3cd26fed5ec7649ec51fb08c1a5e7d7f30e615782d954fee045c18a4962ca,"{""distance"":3,""physical_error_rate"":5e-05}","{""detection_events"":99,""detectors_checked"":829440}"
       186,         0,         0,   0.000,decoder_by_matrix,36e3cd26fed5ec7649ec51fb08c1a5e7d7f30e615782d954fee045c18a4962ca,"{""distance"":3,""physical_error_rate"":5e-05}","{""detectors_checked"":10044}"
     15249,         0,         0,    1.12,decoder_by_matrix,36e3cd26fed5ec7649ec51fb08c1a5e7d7f30e615782d954fee045c18a4962ca,"{""distance"":3,""physical_error_rate"":5e-05}","{""detection_events"":147,""detectors_checked"":823446}"
     18969,         0,         0,    1.03,decoder_by_matrix,36e3cd26fed5ec7649ec51fb08c1a5e7d7f30e615782d954fee045c18a4962ca,"{""distance"":3,""physical_error_rate"":5e-05}","{""detection_events"":147,""detectors_checked"":1024326}"
     12406,         0,         0,   0.816,decoder_by_matrix,36e3cd26fed5ec7649ec51fb08c1a5e7d7f30e615782d954fee045c18a4962ca,"{""distance"":3,""physical_error_rate"":5e-05}","{""detection_events"":132,""detectors_checked"":669924}"
       633,         0,         0,   0.001,decoder_by_matrix,36e3cd26fed5ec7649ec51fb08c1a5e7d7f30e615782d954fee045c18a4962ca,"{""distance"":3,""physical_error_rate"":5e-05}","{""detection_events"":15,""detectors_checked"":34182}"
      7394,         0,         0,   0.399,decoder_by_matrix,36e3cd26fed5ec7649ec51fb08c1a5e7d7f30e615782d954fee045c18a4962ca,"{""distance"":3,""physical_error_rate"":5e-05}","{""detection_events"":75,""detectors_checked"":399276}"
      4080,         0,         0,   0.127,decoder_by_matrix,36e3cd26fed5ec7649ec51fb08c1a5e7d7f30e615782d954fee045c18a4962ca,"{""distance"":3,""physical_error_rate"":5e-05}","{""detection_events"":48,""detectors_checked"":220320}"
     17408,         0,         0,    1.09,decoder_by_matrix,36e3cd26fed5ec7649ec51fb08c1a5e7d7f30e615782d954fee045c18a4962ca,"{""distance"":3,""physical_error_rate"":5e-05}","{""detection_events"":147,""detectors_checked"":940032}"
        44,         0,         0,   0.000,decoder_by_matrix,36e3cd26fed5ec7649ec51fb08c1a5e7d7f30e615782d954fee045c18a4962ca,"{""distance"":3,""physical_error_rate"":5e-05}","{""detectors_checked"":2376}"
      1081,         0,         0,   0.002,decoder_by_matrix,36e3cd26fed5ec7649ec51fb08c1a5e7d7f30e615782d954fee045c18a4962ca,"{""distance"":3,""physical_error_rate"":5e-05}","{""detection_events"":18,""detectors_checked"":58374}"
     18432,         0,         0,    1.16,decoder_by_matrix,36e3cd26fed5ec7649ec51fb08c1a5e7d7f30e615782d954fee045c18a4962ca,"{""distance"":3,""physical_error_rate"":5e-05}","{""detection_events"":225,""detectors_checked"":995328}"
      1296,         0,         0,   0.002,decoder_by_matrix,36e3cd26fed5ec7649ec51fb08c1a5e7d7f30e615782d954fee045c18a4962ca,"{""distance"":3,""physical_error_rate"":5e-05}","{""detection_events"":24,""detectors_checked"":69984}"
     10224,         0,         0,   0.332,decoder_by_matrix,36e3cd26fed5ec7649ec51fb08c1a5e7d7f30e615782d954fee045c18a4962ca,"{""distance"":3,""physical_error_rate"":5e-05}","{""detection_events"":33,""detectors_checked"":552096}"
     16384,         0,         0,   0.920,decoder_by_matrix,36e3cd26fed5ec7649ec51fb08c1a5e7d7f30e615782d954fee045c18a4962ca,"{""distance"":3,""physical_error_rate"":5e-05}","{""detection_events"":129,""detectors_checked"":884736}"
      2182,         0,         0,   0.002,decoder_by_matrix,36e3cd26fed5ec7649ec51fb08c1a5e7d7f30e615782d954fee045c18a4962ca,"{""distance"":3,""physical_error_rate"":5e-05}","{""detection_events"":6,""detectors_checked"":117828}"
      2585,         0,         0,   0.004,decoder_by_matrix,36e3cd26fed5ec7649ec51fb08c1a5e7d7f30e615782d954fee045c18a4962ca,"{""distance"":3,""physical_error_rate"":5e-05}","{""detection_events"":27,""detectors_checked"":139590}"
      2009,         0,         0,   0.002,decoder_by_matrix,36e3cd26fed5ec7649ec51fb08c1a5e7d7f30e615782d954fee045c18a4962ca,"{""distance"":3,""physical_error_rate"":5e-05}","{""detection_events"":3,""detectors_checked"":108486}"
      2521,         0,         0,   0.002,decoder_by_matrix,36e3cd26fed5ec7649ec51fb08c1a5e7d7f30e615782d954fee045c18a4962ca,"{""distance"":3,""physical_error_rate"":5e-05}","{""detectors_checked"":136134}"
     10525,         0,         0,   0.429,decoder_by_matrix,36e3cd26fed5ec7649ec51fb08c1a5e7d7f30e615782d954fee045c18a4962ca,"{""distance"":3,""physical_error_rate"":5e-05}","{""detection_events"":69,""detectors_checked"":568350}"
       444,         0,         0,   0.001,decoder_by_matrix,36e3cd26fed5ec7649ec51fb08c1a5e7d7f30e615782d954fee045c18a4962ca,"{""distance"":3,""physical_error_rate"":5e-05}","{""detection_events"":12,""detectors_checked"":23976}"
       231,         0,         0,   0.000,decoder_by_matrix,36e3cd26fed5ec7649ec51fb08c1a5e7d7f30e615782d954fee045c18a4962ca,"{""distance"":3,""physical_error_rate"":5e-05}","{""detectors_checked"":12474}"
       448,         0,         0,   0.000,decoder_by_matrix,36e3cd26fed5ec7649ec51fb08c1a5e7d7f30e615782d954fee045c18a4962ca,"{""distance"":3,""physical_error_rate"":5e-05}","{""detectors_checked"":24192}"
      4896,         0,         0,   0.045,decoder_by_matrix,36e3cd26fed5ec7649ec51fb08c1a5e7d7f30e615782d954fee045c18a4962ca,"{""distance"":3,""physical_error_rate"":5e-05}","{""detection_events"":30,""detectors_checked"":264384}"
        12,         0,         0,   0.000,decoder_by_matrix,36e3cd26fed5ec7649ec51fb08c1a5e7d7f30e615782d954fee045c18a4962ca,"{""distance"":3,""physical_error_rate"":5e-05}","{""detectors_checked"":648}"
      5120,         0,         0,   0.009,decoder_by_matrix,36e3cd26fed5ec7649ec51fb08c1a5e7d7f30e615782d954fee045c18a4962ca,"{""distance"":3,""physical_error_rate"":5e-05}","{""detection_events"":15,""detectors_checked"":276480}"
         1,         0,         0,   0.000,decoder_by_matrix,36e3cd26fed5ec7649ec51fb08c1a5e7d7f30e615782d954fee045c18a4962ca,"{""distance"":3,""physical_error_rate"":5e-05}","{""detectors_checked"":54}"
        61,         0,         0,   0.000,decoder_by_matrix,36e3cd26fed5ec7649ec51fb08c1a5e7d7f30e615782d954fee045c18a4962ca,"{""distance"":3,""physical_error_rate"":5e-05}","{""detectors_checked"":3294}"
       761,         0,         0,   0.001,decoder_by_matrix,36e3cd26fed5ec7649ec51fb08c1a5e7d7f30e615782d954fee045c18a4962ca,"{""distance"":3,""physical_error_rate"":5e-05}","{""detection_events"":3,""detectors_checked"":41094}"
        28,         0,         0,   0.000,decoder_by_matrix,36e3cd26fed5ec7649ec51fb08c1a5e7d7f30e615782d954fee045c18a4962ca,"{""distance"":3,""physical_error_rate"":5e-05}","{""detectors_checked"":1512}"
       195,         0,         0,   0.000,decoder_by_matrix,36e3cd26fed5ec7649ec51fb08c1a5e7d7f30e615782d954fee045c18a4962ca,"{""distance"":3,""physical_error_rate"":5e-05}","{""detectors_checked"":10530}"
      6429,         0,         0,   0.121,decoder_by_matrix,36e3cd26fed5ec7649ec51fb08c1a5e7d7f30e615782d954fee045c18a4962ca,"{""distance"":3,""physical_error_rate"":5e-05}","{""detection_events"":51,""detectors_checked"":347166}"
      9853,         0,         0,   0.514,decoder_by_matrix,36e3cd26fed5ec7649ec51fb08c1a5e7d7f30e615782d954fee045c18a4962ca,"{""distance"":3,""physical_error_rate"":5e-05}","{""detection_events"":96,""detectors_checked"":532062}"
     12961,         0,         0,   0.607,decoder_by_matrix,36e3cd26fed5ec7649ec51fb08c1a5e7d7f30e615782d954fee045c18a4962ca,"{""distance"":3,""physical_error_rate"":5e-05}","{""detection_events"":111,""detectors_checked"":699894}"
      5120,         0,         0,   0.076,decoder_by_matrix,36e3cd26fed5ec7649ec51fb08c1a5e7d7f30e615782d954fee045c18a4962ca,"{""distance"":3,""physical_error_rate"":5e-05}","{""detection_events"":57,""detectors_checked"":276480}"
      4096,         0,         0,   0.034,decoder_by_matrix,36e3cd26fed5ec7649ec51fb08c1a5e7d7f30e615782d954fee045c18a4962ca,"{""distance"":3,""physical_error_rate"":5e-05}","{""detection_events"":15,""detectors_checked"":221184}"
      3094,         0,         0,   0.004,decoder_by_matrix,36e3cd26fed5ec7649ec51fb08c1a5e7d7f30e615782d954fee045c18a4962ca,"{""distance"":3,""physical_error_rate"":5e-05}","{""detection_events"":6,""detectors_checked"":167076}"
      2384,         0,         0,   0.003,decoder_by_matrix,36e3cd26fed5ec7649ec51fb08c1a5e7d7f30e615782d954fee045c18a4962ca,"{""distance"":3,""physical_error_rate"":5e-05}","{""detection_events"":3,""detectors_checked"":128736}"
       216,         0,         0,   0.000,decoder_by_matrix,36e3cd26fed5ec7649ec51fb08c1a5e7d7f30e615782d954fee045c18a4962ca,"{""distance"":3,""physical_error_rate"":5e-05}","{""detectors_checked"":11664}"
        63,         0,         0,   0.000,decoder_by_matrix,36e3cd26fed5ec7649ec51fb08c1a5e7d7f30e615782d954fee045c18a4962ca,"{""distance"":3,""physical_error_rate"":5e-05}","{""detectors_checked"":3402}"
      2682,         0,         0,   0.003,decoder_by_matrix,36e3cd26fed5ec7649ec51fb08c1a5e7d7f30e615782d954fee045c18a4962ca,"{""distance"":3,""physical_error_rate"":5e-05}","{""detection_events"":6,""detectors_checked"":144828}"
     14559,         0,         0,   0.692,decoder_by_matrix,36e3cd26fed5ec7649ec51fb08c1a5e7d7f30e615782d954fee045c18a4962ca,"{""distance"":3,""physical_error_rate"":5e-05}","{""detection_events"":114,""detectors_checked"":786186}"
      6144,         0,         0,   0.065,decoder_by_matrix,36e3cd26fed5ec7649ec51fb08c1a5e7d7f30e615782d954fee045c18a4962ca,"{""distance"":3,""physical_error_rate"":5e-05}","{""detection_events"":87,""detectors_checked"":331776}"
      4389,         0,         0,   0.014,decoder_by_matrix,36e3cd26fed5ec7649ec51fb08c1a5e7d7f30e615782d954fee045c18a4962ca,"{""distance"":3,""physical_error_rate"":5e-05}","{""detection_events"":21,""detectors_checked"":237006}"
     10525,         0,         0,   0.039,decoder_by_matrix,36e3cd26fed5ec7649ec51fb08c1a5e7d7f30e615782d954fee045c18a4962ca,"{""distance"":3,""physical_error_rate"":5e-05}","{""detection_events"":66,""detectors_checked"":568350}"
     12288,         0,         0,   0.472,decoder_by_matrix,36e3cd26fed5ec7649ec51fb08c1a5e7d7f30e615782d954fee045c18a4962ca,"{""distance"":3,""physical_error_rate"":5e-05}","{""detection_events"":93,""detectors_checked"":663552}"
       405,         0,         0,   0.001,decoder_by_matrix,36e3cd26fed5ec7649ec51fb08c1a5e7d7f30e615782d954fee045c18a4962ca,"{""distance"":3,""physical_error_rate"":5e-05}","{""detection_events"":6,""detectors_checked"":21870}"
      1045,         0,         0,   0.002,decoder_by_matrix,36e3cd26fed5ec7649ec51fb08c1a5e7d7f30e615782d954fee045c18a4962ca,"{""distance"":3,""physical_error_rate"":5e-05}","{""detection_events"":9,""detectors_checked"":56430}"
      1758,         0,         0,   0.002,decoder_by_matrix,36e3cd26fed5ec7649ec51fb08c1a5e7d7f30e615782d954fee045c18a4962ca,"{""distance"":3,""physical_error_rate"":5e-05}","{""detection_events"":3,""detectors_checked"":94932}"
      1033,         0,         0,   0.002,decoder_by_matrix,36e3cd26fed5ec7649ec51fb08c1a5e7d7f30e615782d954fee045c18a4962ca,"{""distance"":3,""physical_error_rate"":5e-05}","{""detection_events"":3,""detectors_checked"":55782}"
         2,         0,         0,   0.000,decoder_by_matrix,36e3cd26fed5ec7649ec51fb08c1a5e7d7f30e615782d954fee045c18a4962ca,"{""distance"":3,""physical_error_rate"":5e-05}","{""detectors_checked"":108}"
      7163,         0,         0,   0.210,decoder_by_matrix,36e3cd26fed5ec7649ec51fb08c1a5e7d7f30e615782d954fee045c18a4962ca,"{""distance"":3,""physical_error_rate"":5e-05}","{""detection_events"":39,""detectors_checked"":386802}"
       293,         0,         0,   0.000,decoder_by_matrix,36e3cd26fed5ec7649ec51fb08c1a5e7d7f30e615782d954fee045c18a4962ca,"{""distance"":3,""physical_error_rate"":5e-05}","{""detectors_checked"":15822}"
      6492,         0,         0,   0.283,decoder_by_matrix,36e3cd26fed5ec7649ec51fb08c1a5e7d7f30e615782d954fee045c18a4962ca,"{""distance"":3,""physical_error_rate"":5e-05}","{""detection_events"":87,""detectors_checked"":350568}"
       137,         0,         0,   0.000,decoder_by_matrix,36e3cd26fed5ec7649ec51fb08c1a5e7d7f30e615782d954fee045c18a4962ca,"{""distance"":3,""physical_error_rate"":5e-05}","{""detectors_checked"":7398}"
      1033,         0,         0,   0.002,decoder_by_matrix,36e3cd26fed5ec7649ec51fb08c1a5e7d7f30e615782d954fee045c18a4962ca,"{""distance"":3,""physical_error_rate"":5e-05}","{""detection_events"":18,""detectors_checked"":55782}"
        67,         0,         0,   0.000,decoder_by_matrix,36e3cd26fed5ec7649ec51fb08c1a5e7d7f30e615782d954fee045c18a4962ca,"{""distance"":3,""physical_error_rate"":5e-05}","{""detectors_checked"":3618}"
       408,         0,         0,   0.001,decoder_by_matrix,36e3cd26fed5ec7649ec51fb08c1a5e7d7f30e615782d954fee045c18a4962ca,"{""distance"":3,""physical_error_rate"":5e-05}","{""detection_events"":3,""detectors_checked"":22032}"
        12,         0,         0,   0.000,decoder_by_matrix,36e3cd26fed5ec7649ec51fb08c1a5e7d7f30e615782d954fee045c18a4962ca,"{""distance"":3,""physical_error_rate"":5e-05}","{""detectors_checked"":648}"
       838,         0,         0,   0.002,decoder_by_matrix,36e3cd26fed5ec7649ec51fb08c1a5e7d7f30e615782d954fee045c18a4962ca,"{""distance"":3,""physical_error_rate"":5e-05}","{""detection_events"":9,""detectors_checked"":45252}"
       247,         0,         0,   0.000,decoder_by_matrix,36e3cd26fed5ec7649ec51fb08c1a5e7d7f30e615782d954fee045c18a4962ca,"{""distance"":3,""physical_error_rate"":5e-05}","{""detectors_checked"":13338}"
      2048,         0,         0,   0.023,decoder_by_matrix,36e3cd26fed5ec7649ec51fb08c1a5e7d7f30e615782d954fee045c18a4962ca,"{""distance"":3,""physical_error_rate"":5e-05}","{""detection_events"":18,""detectors_checked"":110592}"
        12,         0,         0,   0.000,decoder_by_matrix,36e3cd26fed5ec7649ec51fb08c1a5e7d7f30e615782d954fee045c18a4962ca,"{""distance"":3,""physical_error_rate"":5e-05}","{""detectors_checked"":648}"
      8192,         0,         0,   0.275,decoder_by_matrix,36e3cd26fed5ec7649ec51fb08c1a5e7d7f30e615782d954fee045c18a4962ca,"{""distance"":3,""physical_error_rate"":5e-05}","{""detection_events"":54,""detectors_checked"":442368}"
        71,         0,         0,   0.000,decoder_by_matrix,36e3cd26fed5ec7649ec51fb08c1a5e7d7f30e615782d954fee045c18a4962ca,"{""distance"":3,""physical_error_rate"":5e-05}","{""detectors_checked"":3834}"
        71,         0,         0,   0.000,decoder_by_matrix,36e3cd26fed5ec7649ec51fb08c1a5e7d7f30e615782d954fee045c18a4962ca,"{""distance"":3,""physical_error_rate"":5e-05}","{""detectors_checked"":3834}"
        71,         0,         0,   0.000,decoder_by_matrix,36e3cd26fed5ec7649ec51fb08c1a5e7d7f30e615782d954fee045c18a4962ca,"{""distance"":3,""physical_error_rate"":5e-05}","{""detectors_checked"":3834}"
        71,         0,         0,   0.000,decoder_by_matrix,36e3cd26fed5ec7649ec51fb08c1a5e7d7f30e615782d954fee045c18a4962ca,"{""distance"":3,""physical_error_rate"":5e-05}","{""detectors_checked"":3834}"
        71,         0,         0,   0.000,decoder_by_matrix,36e3cd26fed5ec7649ec51fb08c1a5e7d7f30e615782d954fee045c18a4962ca,"{""distance"":3,""physical_error_rate"":5e-05}","{""detectors_checked"":3834}"
        71,         0,         0,   0.000,decoder_by_matrix,36e3cd26fed5ec7649ec51fb08c1a5e7d7f30e615782d954fee045c18a4962ca,"{""distance"":3,""physical_error_rate"":5e-05}","{""detectors_checked"":3834}"
        71,         0,         0,   0.000,decoder_by_matrix,36e3cd26fed5ec7649ec51fb08c1a5e7d7f30e615782d954fee045c18a4962ca,"{""distance"":3,""physical_error_rate"":5e-05}","{""detectors_checked"":3834}"
        71,         0,         0,   0.000,decoder_by_matrix,36e3cd26fed5ec7649ec51fb08c1a5e7d7f30e615782d954fee045c18a4962ca,"{""distance"":3,""physical_error_rate"":5e-05}","{""detectors_checked"":3834}"
        71,         0,         0,   0.000,decoder_by_matrix,36e3cd26fed5ec7649ec51fb08c1a5e7d7f30e615782d954fee045c18a4962ca,"{""distance"":3,""physical_error_rate"":5e-05}","{""detectors_checked"":3834}"
        71,         0,         0,   0.000,decoder_by_matrix,36e3cd26fed5ec7649ec51fb08c1a5e7d7f30e615782d954fee045c18a4962ca,"{""distance"":3,""physical_error_rate"":5e-05}","{""detectors_checked"":3834}"
        66,         0,         0,   0.000,decoder_by_matrix,36e3cd26fed5ec7649ec51fb08c1a5e7d7f30e615782d954fee045c18a4962ca,"{""distance"":3,""physical_error_rate"":5e-05}","{""detectors_checked"":3564}"
        69,         0,         0,   0.000,decoder_by_matrix,36e3cd26fed5ec7649ec51fb08c1a5e7d7f30e615782d954fee045c18a4962ca,"{""distance"":3,""physical_error_rate"":5e-05}","{""detectors_checked"":3726}"
        69,         0,         0,   0.000,decoder_by_matrix,36e3cd26fed5ec7649ec51fb08c1a5e7d7f30e615782d954fee045c18a4962ca,"{""distance"":3,""physical_error_rate"":5e-05}","{""detectors_checked"":3726}"
        69,         0,         0,   0.000,decoder_by_matrix,36e3cd26fed5ec7649ec51fb08c1a5e7d7f30e615782d954fee045c18a4962ca,"{""distance"":3,""physical_error_rate"":5e-05}","{""detectors_checked"":3726}"
        69,         0,         0,   0.000,decoder_by_matrix,36e3cd26fed5ec7649ec51fb08c1a5e7d7f30e615782d954fee045c18a4962ca,"{""distance"":3,""physical_error_rate"":5e-05}","{""detectors_checked"":3726}"
        69,         0,         0,   0.000,decoder_by_matrix,36e3cd26fed5ec7649ec51fb08c1a5e7d7f30e615782d954fee045c18a4962ca,"{""distance"":3,""physical_error_rate"":5e-05}","{""detectors_checked"":3726}"
        69,         0,         0,   0.000,decoder_by_matrix,36e3cd26fed5ec7649ec51fb08c1a5e7d7f30e615782d954fee045c18a4962ca,"{""distance"":3,""physical_error_rate"":5e-05}","{""detectors_checked"":3726}"
        69,         0,         0,   0.000,decoder_by_matrix,36e3cd26fed5ec7649ec51fb08c1a5e7d7f30e615782d954fee045c18a4962ca,"{""distance"":3,""physical_error_rate"":5e-05}","{""detectors_checked"":3726}"
         2,         0,         0,   0.000,decoder_by_matrix,36e3cd26fed5ec7649ec51fb08c1a5e7d7f30e615782d954fee045c18a4962ca,"{""distance"":3,""physical_error_rate"":5e-05}","{""detectors_checked"":108}"
         2,         0,         0,   0.000,decoder_by_matrix,36e3cd26fed5ec7649ec51fb08c1a5e7d7f30e615782d954fee045c18a4962ca,"{""distance"":3,""physical_error_rate"":5e-05}","{""detectors_checked"":108}"
         2,         0,         0,   0.000,decoder_by_matrix,36e3cd26fed5ec7649ec51fb08c1a5e7d7f30e615782d954fee045c18a4962ca,"{""distance"":3,""physical_error_rate"":5e-05}","{""detectors_checked"":108}"
         2,         0,         0,   0.000,decoder_by_matrix,36e3cd26fed5ec7649ec51fb08c1a5e7d7f30e615782d954fee045c18a4962ca,"{""distance"":3,""physical_error_rate"":5e-05}","{""detectors_checked"":108}"
        69,         0,         0,   0.000,decoder_by_matrix,36e3cd26fed5ec7649ec51fb08c1a5e7d7f30e615782d954fee045c18a4962ca,"{""distance"":3,""physical_error_rate"":5e-05}","{""detection_events"":15,""detectors_checked"":3726}"
         2,         0,         0,   0.000,decoder_by_matrix,36e3cd26fed5ec7649ec51fb08c1a5e7d7f30e615782d954fee045c18a4962ca,"{""distance"":3,""physical_error_rate"":5e-05}","{""detectors_checked"":108}"
        69,         0,         0,   0.000,decoder_by_matrix,36e3cd26fed5ec7649ec51fb08c1a5e7d7f30e615782d954fee045c18a4962ca,"{""distance"":3,""physical_error_rate"":5e-05}","{""detectors_checked"":3726}"
        69,         0,         0,   0.000,decoder_by_matrix,36e3cd26fed5ec7649ec51fb08c1a5e7d7f30e615782d954fee045c18a4962ca,"{""distance"":3,""physical_error_rate"":5e-05}","{""detectors_checked"":3726}"
        69,         0,         0,   0.000,decoder_by_matrix,36e3cd26fed5ec7649ec51fb08c1a5e7d7f30e615782d954fee045c18a4962ca,"{""distance"":3,""physical_error_rate"":5e-05}","{""detectors_checked"":3726}"
        69,         0,         0,   0.000,decoder_by_matrix,36e3cd26fed5ec7649ec51fb08c1a5e7d7f30e615782d954fee045c18a4962ca,"{""distance"":3,""physical_error_rate"":5e-05}","{""detectors_checked"":3726}"
        69,         0,         0,   0.000,decoder_by_matrix,36e3cd26fed5ec7649ec51fb08c1a5e7d7f30e615782d954fee045c18a4962ca,"{""distance"":3,""physical_error_rate"":5e-05}","{""detection_events"":6,""detectors_checked"":3726}"
         2,         0,         0,   0.000,decoder_by_matrix,36e3cd26fed5ec7649ec51fb08c1a5e7d7f30e615782d954fee045c18a4962ca,"{""distance"":3,""physical_error_rate"":5e-05}","{""detectors_checked"":108}"
         2,         0,         0,   0.000,decoder_by_matrix,36e3cd26fed5ec7649ec51fb08c1a5e7d7f30e615782d954fee045c18a4962ca,"{""distance"":3,""physical_error_rate"":5e-05}","{""detectors_checked"":108}"
         2,         0,         0,   0.000,decoder_by_matrix,36e3cd26fed5ec7649ec51fb08c1a5e7d7f30e615782d954fee045c18a4962ca,"{""distance"":3,""physical_error_rate"":5e-05}","{""detectors_checked"":108}"
         2,         0,         0,   0.000,decoder_by_matrix,36e3cd26fed5ec7649ec51fb08c1a5e7d7f30e615782d954fee045c18a4962ca,"{""distance"":3,""physical_error_rate"":5e-05}","{""detectors_checked"":108}"
        69,         0,         0,   0.000,decoder_by_matrix,36e3cd26fed5ec7649ec51fb08c1a5e7d7f30e615782d954fee045c18a4962ca,"{""distance"":3,""physical_error_rate"":5e-05}","{""detectors_checked"":3726}"
        55,         0,         0,   0.002,decoder_by_matrix,36e3cd26fed5ec7649ec51fb08c1a5e7d7f30e615782d954fee045c18a4962ca,"{""distance"":3,""physical_error_rate"":5e-05}","{""detection_events"":12,""detectors_checked"":2970}"
        69,         0,         0,   0.000,decoder_by_matrix,36e3cd26fed5ec7649ec51fb08c1a5e7d7f30e615782d954fee045c18a4962ca,"{""distance"":3,""physical_error_rate"":5e-05}","{""detectors_checked"":3726}"
         2,         0,         0,   0.000,decoder_by_matrix,36e3cd26fed5ec7649ec51fb08c1a5e7d7f30e615782d954fee045c18a4962ca,"{""distance"":3,""physical_error_rate"":5e-05}","{""detectors_checked"":108}"
        69,         0,         0,   0.000,decoder_by_matrix,36e3cd26fed5ec7649ec51fb08c1a5e7d7f30e615782d954fee045c18a4962ca,"{""distance"":3,""physical_error_rate"":5e-05}","{""detectors_checked"":3726}"
        69,         0,         0,   0.000,decoder_by_matrix,36e3cd26fed5ec7649ec51fb08c1a5e7d7f30e615782d954fee045c18a4962ca,"{""distance"":3,""physical_error_rate"":5e-05}","{""detectors_checked"":3726}"
        69,         0,         0,   0.000,decoder_by_matrix,36e3cd26fed5ec7649ec51fb08c1a5e7d7f30e615782d954fee045c18a4962ca,"{""distance"":3,""physical_error_rate"":5e-05}","{""detectors_checked"":3726}"
        71,         0,         0,   0.000,decoder_by_matrix,36e3cd26fed5ec7649ec51fb08c1a5e7d7f30e615782d954fee045c18a4962ca,"{""distance"":3,""physical_error_rate"":5e-05}","{""detectors_checked"":3834}"
         2,         0,         0,   0.000,decoder_by_matrix,36e3cd26fed5ec7649ec51fb08c1a5e7d7f30e615782d954fee045c18a4962ca,"{""distance"":3,""physical_error_rate"":5e-05}","{""detectors_checked"":108}"
         2,         0,         0,   0.000,decoder_by_matrix,36e3cd26fed5ec7649ec51fb08c1a5e7d7f30e615782d954fee045c18a4962ca,"{""distance"":3,""physical_error_rate"":5e-05}","{""detectors_checked"":108}"
         2,         0,         0,   0.000,decoder_by_matrix,36e3cd26fed5ec7649ec51fb08c1a5e7d7f30e615782d954fee045c18a4962ca,"{""distance"":3,""physical_error_rate"":5e-05}","{""detectors_checked"":108}"
        71,         0,         0,   0.000,decoder_by_matrix,36e3cd26fed5ec7649ec51fb08c1a5e7d7f30e615782d954fee045c18a4962ca,"{""distance"":3,""physical_error_rate"":5e-05}","{""detectors_checked"":3834}"
         2,         0,         0,   0.000,decoder_by_matrix,36e3cd26fed5ec7649ec51fb08c1a5e7d7f30e615782d954fee045c18a4962ca,"{""distance"":3,""physical_error_rate"":5e-05}","{""detectors_checked"":108}"
         2,         0,         0,   0.000,decoder_by_matrix,36e3cd26fed5ec7649ec51fb08c1a5e7d7f30e615782d954fee045c18a4962ca,"{""distance"":3,""physical_error_rate"":5e-05}","{""detectors_checked"":108}"
         2,         0,         0,   0.000,decoder_by_matrix,36e3cd26fed5ec7649ec51fb08c1a5e7d7f30e615782d954fee045c18a4962ca,"{""distance"":3,""physical_error_rate"":5e-05}","{""detectors_checked"":108}"
         1,         0,         0,   0.000,decoder_by_matrix,36e3cd26fed5ec7649ec51fb08c1a5e7d7f30e615782d954fee045c18a4962ca,"{""distance"":3,""physical_error_rate"":5e-05}","{""detectors_checked"":54}"
         2,         0,         0,   0.000,decoder_by_matrix,36e3cd26fed5ec7649ec51fb08c1a5e7d7f30e615782d954fee045c18a4962ca,"{""distance"":3,""physical_error_rate"":5e-05}","{""detectors_checked"":108}"
         2,         0,         0,   0.000,decoder_by_matrix,36e3cd26fed5ec7649ec51fb08c1a5e7d7f30e615782d954fee045c18a4962ca,"{""distance"":3,""physical_error_rate"":5e-05}","{""detectors_checked"":108}"
         1,         0,         0,   0.000,decoder_by_matrix,36e3cd26fed5ec7649ec51fb08c1a5e7d7f30e615782d954fee045c18a4962ca,"{""distance"":3,""physical_error_rate"":5e-05}","{""detectors_checked"":54}"
         1,         0,         0,   0.000,decoder_by_matrix,beec9fd12293a9cfe53c9b61fb8ce2a525e4eed38fa75d132d6dc64699336876,"{""distance"":3,""physical_error_rate"":0.0001}","{""detectors_checked"":54}"
         1,         0,         0,   0.000,decoder_by_matrix,beec9fd12293a9cfe53c9b61fb8ce2a525e4eed38fa75d132d6dc64699336876,"{""distance"":3,""physical_error_rate"":0.0001}","{""detectors_checked"":54}"
         1,         0,         0,   0.000,decoder_by_matrix,beec9fd12293a9cfe53c9b61fb8ce2a525e4eed38fa75d132d6dc64699336876,"{""distance"":3,""physical_error_rate"":0.0001}","{""detectors_checked"":54}"
      5392,         0,         0,   0.015,decoder_by_matrix,beec9fd12293a9cfe53c9b61fb8ce2a525e4eed38fa75d132d6dc64699336876,"{""distance"":3,""physical_error_rate"":0.0001}","{""detection_events"":87,""detectors_checked"":291168}"
      4368,         0,         0,   0.015,decoder_by_matrix,beec9fd12293a9cfe53c9b61fb8ce2a525e4eed38fa75d132d6dc64699336876,"{""distance"":3,""physical_error_rate"":0.0001}","{""detection_events"":51,""detectors_checked"":235872}"
      3344,         0,         0,   0.016,decoder_by_matrix,beec9fd12293a9cfe53c9b61fb8ce2a525e4eed38fa75d132d6dc64699336876,"{""distance"":3,""physical_error_rate"":0.0001}","{""detection_events"":63,""detectors_checked"":180576}"
      5120,         0,         0,   0.020,decoder_by_matrix,beec9fd12293a9cfe53c9b61fb8ce2a525e4eed38fa75d132d6dc64699336876,"{""distance"":3,""physical_error_rate"":0.0001}","{""detection_events"":27,""detectors_checked"":276480}"
         1,         0,         0,   0.000,decoder_by_matrix,beec9fd12293a9cfe53c9b61fb8ce2a525e4eed38fa75d132d6dc64699336876,"{""distance"":3,""physical_error_rate"":0.0001}","{""detectors_checked"":54}"
         1,         0,         0,   0.000,decoder_by_matrix,beec9fd12293a9cfe53c9b61fb8ce2a525e4eed38fa75d132d6dc64699336876,"{""distance"":3,""physical_error_rate"":0.0001}","{""detectors_checked"":54}"
      5392,         0,         0,   0.014,decoder_by_matrix,beec9fd12293a9cfe53c9b61fb8ce2a525e4eed38fa75d132d6dc64699336876,"{""distance"":3,""physical_error_rate"":0.0001}","{""detection_events"":69,""detectors_checked"":291168}"
      5392,         0,         0,   0.024,decoder_by_matrix,beec9fd12293a9cfe53c9b61fb8ce2a525e4eed38fa75d132d6dc64699336876,"{""distance"":3,""physical_error_rate"":0.0001}","{""detection_events"":57,""detectors_checked"":291168}"
         1,         0,         0,   0.000,decoder_by_matrix,beec9fd12293a9cfe53c9b61fb8ce2a525e4eed38fa75d132d6dc64699336876,"{""distance"":3,""physical_error_rate"":0.0001}","{""detectors_checked"":54}"
      5120,         0,         0,   0.065,decoder_by_matrix,beec9fd12293a9cfe53c9b61fb8ce2a525e4eed38fa75d132d6dc64699336876,"{""distance"":3,""physical_error_rate"":0.0001}","{""detection_events"":120,""detectors_checked"":276480}"
         1,         0,         0,   0.000,decoder_by_matrix,beec9fd12293a9cfe53c9b61fb8ce2a525e4eed38fa75d132d6dc64699336876,"{""distance"":3,""physical_error_rate"":0.0001}","{""detectors_checked"":54}"
         1,         0,         0,   0.000,decoder_by_matrix,beec9fd12293a9cfe53c9b61fb8ce2a525e4eed38fa75d132d6dc64699336876,"{""distance"":3,""physical_error_rate"":0.0001}","{""detectors_checked"":54}"
         1,         0,         0,   0.000,decoder_by_matrix,beec9fd12293a9cfe53c9b61fb8ce2a525e4eed38fa75d132d6dc64699336876,"{""distance"":3,""physical_error_rate"":0.0001}","{""detectors_checked"":54}"
         1,         0,         0,   0.000,decoder_by_matrix,beec9fd12293a9cfe53c9b61fb8ce2a525e4eed38fa75d132d6dc64699336876,"{""distance"":3,""physical_error_rate"":0.0001}","{""detectors_checked"":54}"
      2320,         0,         0,   0.022,decoder_by_matrix,beec9fd12293a9cfe53c9b61fb8ce2a525e4eed38fa75d132d6dc64699336876,"{""distance"":3,""physical_error_rate"":0.0001}","{""detection_events"":27,""detectors_checked"":125280}"
      3344,         0,         0,   0.020,decoder_by_matrix,beec9fd12293a9cfe53c9b61fb8ce2a525e4eed38fa75d132d6dc64699336876,"{""distance"":3,""physical_error_rate"":0.0001}","{""detection_events"":30,""detectors_checked"":180576}"
      2320,         0,         0,   0.028,decoder_by_matrix,beec9fd12293a9cfe53c9b61fb8ce2a525e4eed38fa75d132d6dc64699336876,"{""distance"":3,""physical_error_rate"":0.0001}","{""detection_events"":30,""detectors_checked"":125280}"
      6416,         0,         0,   0.033,decoder_by_matrix,beec9fd12293a9cfe53c9b61fb8ce2a525e4eed38fa75d132d6dc64699336876,"{""distance"":3,""physical_error_rate"":0.0001}","{""detection_events"":129,""detectors_checked"":346464}"
      3072,         0,         0,   0.025,decoder_by_matrix,beec9fd12293a9cfe53c9b61fb8ce2a525e4eed38fa75d132d6dc64699336876,"{""distance"":3,""physical_error_rate"":0.0001}","{""detection_events"":48,""detectors_checked"":165888}"
         1,         0,         0,   0.000,decoder_by_matrix,beec9fd12293a9cfe53c9b61fb8ce2a525e4eed38fa75d132d6dc64699336876,"{""distance"":3,""physical_error_rate"":0.0001}","{""detectors_checked"":54}"
         1,         0,         0,   0.000,decoder_by_matrix,beec9fd12293a9cfe53c9b61fb8ce2a525e4eed38fa75d132d6dc64699336876,"{""distance"":3,""physical_error_rate"":0.0001}","{""detectors_checked"":54}"
         1,         0,         0,   0.000,decoder_by_matrix,beec9fd12293a9cfe53c9b61fb8ce2a525e4eed38fa75d132d6dc64699336876,"{""distance"":3,""physical_error_rate"":0.0001}","{""detectors_checked"":54}"
         1,         0,         0,   0.000,decoder_by_matrix,beec9fd12293a9cfe53c9b61fb8ce2a525e4eed38fa75d132d6dc64699336876,"{""distance"":3,""physical_error_rate"":0.0001}","{""detectors_checked"":54}"
      4368,         0,         0,   0.015,decoder_by_matrix,beec9fd12293a9cfe53c9b61fb8ce2a525e4eed38fa75d132d6dc64699336876,"{""distance"":3,""physical_error_rate"":0.0001}","{""detection_events"":90,""detectors_checked"":235872}"
      3344,         0,         0,   0.021,decoder_by_matrix,beec9fd12293a9cfe53c9b61fb8ce2a525e4eed38fa75d132d6dc64699336876,"{""distance"":3,""physical_error_rate"":0.0001}","{""detection_events"":75,""detectors_checked"":180576}"
      3344,         0,         0,   0.017,decoder_by_matrix,beec9fd12293a9cfe53c9b61fb8ce2a525e4eed38fa75d132d6dc64699336876,"{""distance"":3,""physical_error_rate"":0.0001}","{""detection_events"":42,""detectors_checked"":180576}"
      3344,         0,         0,   0.019,decoder_by_matrix,beec9fd12293a9cfe53c9b61fb8ce2a525e4eed38fa75d132d6dc64699336876,"{""distance"":3,""physical_error_rate"":0.0001}","{""detection_events"":78,""detectors_checked"":180576}"
      3072,         0,         0,   0.020,decoder_by_matrix,beec9fd12293a9cfe53c9b61fb8ce2a525e4eed38fa75d132d6dc64699336876,"{""distance"":3,""physical_error_rate"":0.0001}","{""detection_events"":27,""detectors_checked"":165888}"
      4096,         0,         0,   0.026,decoder_by_matrix,beec9fd12293a9cfe53c9b61fb8ce2a525e4eed38fa75d132d6dc64699336876,"{""distance"":3,""physical_error_rate"":0.0001}","{""detection_events"":66,""detectors_checked"":221184}"
      5120,         0,         0,   0.060,decoder_by_matrix,beec9fd12293a9cfe53c9b61fb8ce2a525e4eed38fa75d132d6dc64699336876,"{""distance"":3,""physical_error_rate"":0.0001}","{""detection_events"":81,""detectors_checked"":276480}"
      1024,         0,         0,   0.002,decoder_by_matrix,beec9fd12293a9cfe53c9b61fb8ce2a525e4eed38fa75d132d6dc64699336876,"{""distance"":3,""physical_error_rate"":0.0001}","{""detection_events"":21,""detectors_checked"":55296}"
         1,         0,         0,   0.000,decoder_by_matrix,beec9fd12293a9cfe53c9b61fb8ce2a525e4eed38fa75d132d6dc64699336876,"{""distance"":3,""physical_error_rate"":0.0001}","{""detectors_checked"":54}"
         1,         0,         0,   0.000,decoder_by_matrix,beec9fd12293a9cfe53c9b61fb8ce2a525e4eed38fa75d132d6dc64699336876,"{""distance"":3,""physical_error_rate"":0.0001}","{""detectors_checked"":54}"
         1,         0,         0,   0.000,decoder_by_matrix,beec9fd12293a9cfe53c9b61fb8ce2a525e4eed38fa75d132d6dc64699336876,"{""distance"":3,""physical_error_rate"":0.0001}","{""detectors_checked"":54}"
         1,         0,         0,   0.000,decoder_by_matrix,beec9fd12293a9cfe53c9b61fb8ce2a525e4eed38fa75d132d6dc64699336876,"{""distance"":3,""physical_error_rate"":0.0001}","{""detectors_checked"":54}"
        79,         0,         0,   0.000,decoder_by_matrix,beec9fd12293a9cfe53c9b61fb8ce2a525e4eed38fa75d132d6dc64699336876,"{""distance"":3,""physical_error_rate"":0.0001}","{""detectors_checked"":4266}"
         1,         0,         0,   0.000,decoder_by_matrix,beec9fd12293a9cfe53c9b61fb8ce2a525e4eed38fa75d132d6dc64699336876,"{""distance"":3,""physical_error_rate"":0.0001}","{""detectors_checked"":54}"
         1,         0,         0,   0.000,decoder_by_matrix,beec9fd12293a9cfe53c9b61fb8ce2a525e4eed38fa75d132d6dc64699336876,"{""distance"":3,""physical_error_rate"":0.0001}","{""detectors_checked"":54}"
      2320,         0,         0,   0.026,decoder_by_matrix,beec9fd12293a9cfe53c9b61fb8ce2a525e4eed38fa75d132d6dc64699336876,"{""distance"":3,""physical_error_rate"":0.0001}","{""detection_events"":30,""detectors_checked"":125280}"
      2320,         0,         0,   0.026,decoder_by_matrix,beec9fd12293a9cfe53c9b61fb8ce2a525e4eed38fa75d132d6dc64699336876,"{""distance"":3,""physical_error_rate"":0.0001}","{""detection_events"":39,""detectors_checked"":125280}"
      4368,         0,         0,   0.030,decoder_by_matrix,beec9fd12293a9cfe53c9b61fb8ce2a525e4eed38fa75d132d6dc64699336876,"{""distance"":3,""physical_error_rate"":0.0001}","{""detection_events"":27,""detectors_checked"":235872}"
      1024,         0,         0,   0.002,decoder_by_matrix,beec9fd12293a9cfe53c9b61fb8ce2a525e4eed38fa75d132d6dc64699336876,"{""distance"":3,""physical_error_rate"":0.0001}","{""detection_events"":30,""detectors_checked"":55296}"
      3344,         0,         0,   0.005,decoder_by_matrix,beec9fd12293a9cfe53c9b61fb8ce2a525e4eed38fa75d132d6dc64699336876,"{""distance"":3,""physical_error_rate"":0.0001}","{""detection_events"":39,""detectors_checked"":180576}"
      1024,         0,         0,   0.002,decoder_by_matrix,beec9fd12293a9cfe53c9b61fb8ce2a525e4eed38fa75d132d6dc64699336876,"{""distance"":3,""physical_error_rate"":0.0001}","{""detection_events"":42,""detectors_checked"":55296}"
         1,         0,         0,   0.000,decoder_by_matrix,beec9fd12293a9cfe53c9b61fb8ce2a525e4eed38fa75d132d6dc64699336876,"{""distance"":3,""physical_error_rate"":0.0001}","{""detectors_checked"":54}"
        67,         0,         0,   0.000,decoder_by_matrix,beec9fd12293a9cfe53c9b61fb8ce2a525e4eed38fa75d132d6dc64699336876,"{""distance"":3,""physical_error_rate"":0.0001}","{""detectors_checked"":3618}"
      6416,         0,         0,   0.034,decoder_by_matrix,beec9fd12293a9cfe53c9b61fb8ce2a525e4eed38fa75d132d6dc64699336876,"{""distance"":3,""physical_error_rate"":0.0001}","{""detection_events"":84,""detectors_checked"":346464}"
      1024,         0,         0,   0.002,decoder_by_matrix,beec9fd12293a9cfe53c9b61fb8ce2a525e4eed38fa75d132d6dc64699336876,"{""distance"":3,""physical_error_rate"":0.0001}","{""detection_events"":12,""detectors_checked"":55296}"
      3072,         0,         0,   0.047,decoder_by_matrix,beec9fd12293a9cfe53c9b61fb8ce2a525e4eed38fa75d132d6dc64699336876,"{""distance"":3,""physical_error_rate"":0.0001}","{""detection_events"":57,""detectors_checked"":165888}"
      2048,         0,         0,   0.059,decoder_by_matrix,beec9fd12293a9cfe53c9b61fb8ce2a525e4eed38fa75d132d6dc64699336876,"{""distance"":3,""physical_error_rate"":0.0001}","{""detection_events"":18,""detectors_checked"":110592}"
         1,         0,         0,   0.000,decoder_by_matrix,beec9fd12293a9cfe53c9b61fb8ce2a525e4eed38fa75d132d6dc64699336876,"{""distance"":3,""physical_error_rate"":0.0001}","{""detectors_checked"":54}"
         1,         0,         0,   0.000,decoder_by_matrix,beec9fd12293a9cfe53c9b61fb8ce2a525e4eed38fa75d132d6dc64699336876,"{""distance"":3,""physical_error_rate"":0.0001}","{""detectors_checked"":54}"
         1,         0,         0,   0.000,decoder_by_matrix,beec9fd12293a9cfe53c9b61fb8ce2a525e4eed38fa75d132d6dc64699336876,"{""distance"":3,""physical_error_rate"":0.0001}","{""detectors_checked"":54}"
         1,         0,         0,   0.000,decoder_by_matrix,beec9fd12293a9cfe53c9b61fb8ce2a525e4eed38fa75d132d6dc64699336876,"{""distance"":3,""physical_error_rate"":0.0001}","{""detectors_checked"":54}"
         1,         0,         0,   0.000,decoder_by_matrix,beec9fd12293a9cfe53c9b61fb8ce2a525e4eed38fa75d132d6dc64699336876,"{""distance"":3,""physical_error_rate"":0.0001}","{""detectors_checked"":54}"
         1,         0,         0,   0.000,decoder_by_matrix,beec9fd12293a9cfe53c9b61fb8ce2a525e4eed38fa75d132d6dc64699336876,"{""distance"":3,""physical_error_rate"":0.0001}","{""detectors_checked"":54}"
         1,         0,         0,   0.000,decoder_by_matrix,beec9fd12293a9cfe53c9b61fb8ce2a525e4eed38fa75d132d6dc64699336876,"{""distance"":3,""physical_error_rate"":0.0001}","{""detectors_checked"":54}"
      1024,         0,         0,   0.002,decoder_by_matrix,beec9fd12293a9cfe53c9b61fb8ce2a525e4eed38fa75d132d6dc64699336876,"{""distance"":3,""physical_error_rate"":0.0001}","{""detection_events"":30,""detectors_checked"":55296}"
         1,         0,         0,   0.000,decoder_by_matrix,beec9fd12293a9cfe53c9b61fb8ce2a525e4eed38fa75d132d6dc64699336876,"{""distance"":3,""physical_error_rate"":0.0001}","{""detectors_checked"":54}"
        16,         0,         0,   0.000,decoder_by_matrix,beec9fd12293a9cfe53c9b61fb8ce2a525e4eed38fa75d132d6dc64699336876,"{""distance"":3,""physical_error_rate"":0.0001}","{""detectors_checked"":864}"
         1,         0,         0,   0.000,decoder_by_matrix,beec9fd12293a9cfe53c9b61fb8ce2a525e4eed38fa75d132d6dc64699336876,"{""distance"":3,""physical_error_rate"":0.0001}","{""detectors_checked"":54}"
       131,         0,         0,   0.000,decoder_by_matrix,beec9fd12293a9cfe53c9b61fb8ce2a525e4eed38fa75d132d6dc64699336876,"{""distance"":3,""physical_error_rate"":0.0001}","{""detectors_checked"":7074}"
         1,         0,         0,   0.000,decoder_by_matrix,beec9fd12293a9cfe53c9b61fb8ce2a525e4eed38fa75d132d6dc64699336876,"{""distance"":3,""physical_error_rate"":0.0001}","{""detectors_checked"":54}"
      1024,         0,         0,   0.080,decoder_by_matrix,beec9fd12293a9cfe53c9b61fb8ce2a525e4eed38fa75d132d6dc64699336876,"{""distance"":3,""physical_error_rate"":0.0001}","{""detection_events"":9,""detectors_checked"":55296}"
      1024,         0,         0,   0.002,decoder_by_matrix,beec9fd12293a9cfe53c9b61fb8ce2a525e4eed38fa75d132d6dc64699336876,"{""distance"":3,""physical_error_rate"":0.0001}","{""detection_events"":42,""detectors_checked"":55296}"
      6144,         0,         0,   0.159,decoder_by_matrix,beec9fd12293a9cfe53c9b61fb8ce2a525e4eed38fa75d132d6dc64699336876,"{""distance"":3,""physical_error_rate"":0.0001}","{""detection_events"":126,""detectors_checked"":331776}"
      1024,         0,         0,   0.002,decoder_by_matrix,beec9fd12293a9cfe53c9b61fb8ce2a525e4eed38fa75d132d6dc64699336876,"{""distance"":3,""physical_error_rate"":0.0001}","{""detection_events"":9,""detectors_checked"":55296}"
      2048,         0,         0,   0.089,decoder_by_matrix,beec9fd12293a9cfe53c9b61fb8ce2a525e4eed38fa75d132d6dc64699336876,"{""distance"":3,""physical_error_rate"":0.0001}","{""detection_events"":66,""detectors_checked"":110592}"
      1024,         0,         0,   0.002,decoder_by_matrix,beec9fd12293a9cfe53c9b61fb8ce2a525e4eed38fa75d132d6dc64699336876,"{""distance"":3,""physical_error_rate"":0.0001}","{""detection_events"":3,""detectors_checked"":55296}"
      1024,         0,         0,   0.002,decoder_by_matrix,beec9fd12293a9cfe53c9b61fb8ce2a525e4eed38fa75d132d6dc64699336876,"{""distance"":3,""physical_error_rate"":0.0001}","{""detection_events"":36,""detectors_checked"":55296}"
      1024,         0,         0,   0.002,decoder_by_matrix,beec9fd12293a9cfe53c9b61fb8ce2a525e4eed38fa75d132d6dc64699336876,"{""distance"":3,""physical_error_rate"":0.0001}","{""detection_events"":15,""detectors_checked"":55296}"
         1,         0,         0,   0.000,decoder_by_matrix,beec9fd12293a9cfe53c9b61fb8ce2a525e4eed38fa75d132d6dc64699336876,"{""distance"":3,""physical_error_rate"":0.0001}","{""detectors_checked"":54}"
      1024,         0,         0,   0.002,decoder_by_matrix,beec9fd12293a9cfe53c9b61fb8ce2a525e4eed38fa75d132d6dc64699336876,"{""distance"":3,""physical_error_rate"":0.0001}","{""detection_events"":6,""detectors_checked"":55296}"
      2320,         0,         0,   0.032,decoder_by_matrix,beec9fd12293a9cfe53c9b61fb8ce2a525e4eed38fa75d132d6dc64699336876,"{""distance"":3,""physical_error_rate"":0.0001}","{""detection_events"":69,""detectors_checked"":125280}"
      1024,         0,         0,   0.002,decoder_by_matrix,beec9fd12293a9cfe53c9b61fb8ce2a525e4eed38fa75d132d6dc64699336876,"{""distance"":3,""physical_error_rate"":0.0001}","{""detection_events"":3,""detectors_checked"":55296}"
      2320,         0,         0,   0.029,decoder_by_matrix,beec9fd12293a9cfe53c9b61fb8ce2a525e4eed38fa75d132d6dc64699336876,"{""distance"":3,""physical_error_rate"":0.0001}","{""detection_events"":54,""detectors_checked"":125280}"
      1024,         0,         0,   0.001,decoder_by_matrix,beec9fd12293a9cfe53c9b61fb8ce2a525e4eed38fa75d132d6dc64699336876,"{""distance"":3,""physical_error_rate"":0.0001}","{""detectors_checked"":55296}"
      3344,         0,         0,   0.022,decoder_by_matrix,beec9fd12293a9cfe53c9b61fb8ce2a525e4eed38fa75d132d6dc64699336876,"{""distance"":3,""physical_error_rate"":0.0001}","{""detection_events"":36,""detectors_checked"":180576}"
      1024,         0,         0,   0.002,decoder_by_matrix,beec9fd12293a9cfe53c9b61fb8ce2a525e4eed38fa75d132d6dc64699336876,"{""distance"":3,""physical_error_rate"":0.0001}","{""detection_events"":12,""detectors_checked"":55296}"
      3344,         0,         0,   0.027,decoder_by_matrix,beec9fd12293a9cfe53c9b61fb8ce2a525e4eed38fa75d132d6dc64699336876,"{""distance"":3,""physical_error_rate"":0.0001}","{""detection_events"":99,""detectors_checked"":180576}"
      1024,         0,         0,   0.002,decoder_by_matrix,beec9fd12293a9cfe53c9b61fb8ce2a525e4eed38fa75d132d6dc64699336876,"{""distance"":3,""physical_error_rate"":0.0001}","{""detection_events"":12,""detectors_checked"":55296}"
      3344,         0,         0,   0.016,decoder_by_matrix,beec9fd12293a9cfe53c9b61fb8ce2a525e4eed38fa75d132d6dc64699336876,"{""distance"":3,""physical_error_rate"":0.0001}","{""detection_events"":36,""detectors_checked"":180576}"
      1024,         0,         0,   0.002,decoder_by_matrix,beec9fd12293a9cfe53c9b61fb8ce2a525e4eed38fa75d132d6dc64699336876,"{""distance"":3,""physical_error_rate"":0.0001}","{""detection_events"":15,""detectors_checked"":55296}"
      4096,         0,         0,   0.156,decoder_by_matrix,beec9fd12293a9cfe53c9b61fb8ce2a525e4eed38fa75d132d6dc64699336876,"{""distance"":3,""physical_error_rate"":0.0001}","{""detection_events"":15,""detectors_checked"":221184}"
      1024,         0,         0,   0.002,decoder_by_matrix,beec9fd12293a9cfe53c9b61fb8ce2a525e4eed38fa75d132d6dc64699336876,"{""distance"":3,""physical_error_rate"":0.0001}","{""detection_events"":9,""detectors_checked"":55296}"
      6144,         0,         0,   0.119,decoder_by_matrix,beec9fd12293a9cfe53c9b61fb8ce2a525e4eed38fa75d132d6dc64699336876,"{""distance"":3,""physical_error_rate"":0.0001}","{""detection_events"":69,""detectors_checked"":331776}"
      1024,         0,         0,   0.002,decoder_by_matrix,beec9fd12293a9cfe53c9b61fb8ce2a525e4eed38fa75d132d6dc64699336876,"{""distance"":3,""physical_error_rate"":0.0001}","{""detection_events"":27,""detectors_checked"":55296}"
      1024,         0,         0,   0.047,decoder_by_matrix,beec9fd12293a9cfe53c9b61fb8ce2a525e4eed38fa75d132d6dc64699336876,"{""distance"":3,""physical_error_rate"":0.0001}","{""detection_events"":15,""detectors_checked"":55296}"
      1024,         0,         0,   0.002,decoder_by_matrix,beec9fd12293a9cfe53c9b61fb8ce2a525e4eed38fa75d132d6dc64699336876,"{""distance"":3,""physical_error_rate"":0.0001}","{""detection_events"":15,""detectors_checked"":55296}"
      9488,         0,         0,   0.230,decoder_by_matrix,beec9fd12293a9cfe53c9b61fb8ce2a525e4eed38fa75d132d6dc64699336876,"{""distance"":3,""physical_error_rate"":0.0001}","{""detection_events"":141,""detectors_checked"":512352}"
      1024,         0,         0,   0.002,decoder_by_matrix,beec9fd12293a9cfe53c9b61fb8ce2a525e4eed38fa75d132d6dc64699336876,"{""distance"":3,""physical_error_rate"":0.0001}","{""detection_events"":30,""detectors_checked"":55296}"
      2048,         0,         0,   0.099,decoder_by_matrix,beec9fd12293a9cfe53c9b61fb8ce2a525e4eed38fa75d132d6dc64699336876,"{""distance"":3,""physical_error_rate"":0.0001}","{""detection_events"":12,""detectors_checked"":110592}"
      1024,         0,         0,   0.002,decoder_by_matrix,beec9fd12293a9cfe53c9b61fb8ce2a525e4eed38fa75d132d6dc64699336876,"{""distance"":3,""physical_error_rate"":0.0001}","{""detection_events"":12,""detectors_checked"":55296}"
      4096,         0,         0,   0.087,decoder_by_matrix,beec9fd12293a9cfe53c9b61fb8ce2a525e4eed38fa75d132d6dc64699336876,"{""distance"":3,""physical_error_rate"":0.0001}","{""detection_events"":21,""detectors_checked"":221184}"
      1024,         0,         0,   0.002,decoder_by_matrix,beec9fd12293a9cfe53c9b61fb8ce2a525e4eed38fa75d132d6dc64699336876,"{""distance"":3,""physical_error_rate"":0.0001}","{""detection_events"":9,""detectors_checked"":55296}"
      2048,         0,         0,   0.053,decoder_by_matrix,beec9fd12293a9cfe53c9b61fb8ce2a525e4eed38fa75d132d6dc64699336876,"{""distance"":3,""physical_error_rate"":0.0001}","{""detection_events"":42,""detectors_checked"":110592}"
      1024,         0,         0,   0.002,decoder_by_matrix,beec9fd12293a9cfe53c9b61fb8ce2a525e4eed38fa75d132d6dc64699336876,"{""distance"":3,""physical_error_rate"":0.0001}","{""detection_events"":21,""detectors_checked"":55296}"
      6144,         0,         0,   0.020,decoder_by_matrix,beec9fd12293a9cfe53c9b61fb8ce2a525e4eed38fa75d132d6dc64699336876,"{""distance"":3,""physical_error_rate"":0.0001}","{""detection_events"":120,""detectors_checked"":331776}"
      1024,         0,         0,   0.002,decoder_by_matrix,beec9fd12293a9cfe53c9b61fb8ce2a525e4eed38fa75d132d6dc64699336876,"{""distance"":3,""physical_error_rate"":0.0001}","{""detection_events"":36,""detectors_checked"":55296}"
      6144,         0,         0,   0.020,decoder_by_matrix,beec9fd12293a9cfe53c9b61fb8ce2a525e4eed38fa75d132d6dc64699336876,"{""distance"":3,""physical_error_rate"":0.0001}","{""detection_events"":108,""detectors_checked"":331776}"
      1024,         0,         0,   0.002,decoder_by_matrix,beec9fd12293a9cfe53c9b61fb8ce2a525e4eed38fa75d132d6dc64699336876,"{""distance"":3,""physical_error_rate"":0.0001}","{""detection_events"":3,""detectors_checked"":55296}"
      4096,         0,         0,   0.173,decoder_by_matrix,beec9fd12293a9cfe53c9b61fb8ce2a525e4eed38fa75d132d6dc64699336876,"{""distance"":3,""physical_error_rate"":0.0001}","{""detection_events"":72,""detectors_checked"":221184}"
      1024,         0,         0,   0.002,decoder_by_matrix,beec9fd12293a9cfe53c9b61fb8ce2a525e4eed38fa75d132d6dc64699336876,"{""distance"":3,""physical_error_rate"":0.0001}","{""detection_events"":3,""detectors_checked"":55296}"
      4368,         0,         0,   0.021,decoder_by_matrix,beec9fd12293a9cfe53c9b61fb8ce2a525e4eed38fa75d132d6dc64699336876,"{""distance"":3,""physical_error_rate"":0.0001}","{""detection_events"":33,""detectors_checked"":235872}"
      1024,         0,         0,   0.002,decoder_by_matrix,beec9fd12293a9cfe53c9b61fb8ce2a525e4eed38fa75d132d6dc64699336876,"{""distance"":3,""physical_error_rate"":0.0001}","{""detection_events"":3,""detectors_checked"":55296}"
      3344,         0,         0,   0.015,decoder_by_matrix,beec9fd12293a9cfe53c9b61fb8ce2a525e4eed38fa75d132d6dc64699336876,"{""distance"":3,""physical_error_rate"":0.0001}","{""detection_events"":48,""detectors_checked"":180576}"
      1024,         0,         0,   0.002,decoder_by_matrix,beec9fd12293a9cfe53c9b61fb8ce2a525e4eed38fa75d132d6dc64699336876,"{""distance"":3,""physical_error_rate"":0.0001}","{""detection_events"":6,""detectors_checked"":55296}"
      5120,         0,         0,   0.040,decoder_by_matrix,beec9fd12293a9cfe53c9b61fb8ce2a525e4eed38fa75d132d6dc64699336876,"{""distance"":3,""physical_error_rate"":0.0001}","{""detection_events"":36,""detectors_checked"":276480}"
      1024,         0,         0,   0.002,decoder_by_matrix,beec9fd12293a9cfe53c9b61fb8ce2a525e4eed38fa75d132d6dc64699336876,"{""distance"":3,""physical_error_rate"":0.0001}","{""detection_events"":3,""detectors_checked"":55296}"
      1024,         0,         0,   0.002,decoder_by_matrix,beec9fd12293a9cfe53c9b61fb8ce2a525e4eed38fa75d132d6dc64699336876,"{""distance"":3,""physical_error_rate"":0.0001}","{""detection_events"":18,""detectors_checked"":55296}"
      1024,         0,         0,   0.038,decoder_by_matrix,beec9fd12293a9cfe53c9b61fb8ce2a525e4eed38fa75d132d6dc64699336876,"{""distance"":3,""physical_error_rate"":0.0001}","{""detection_events"":12,""detectors_checked"":55296}"
      1024,         0,         0,   0.002,decoder_by_matrix,beec9fd12293a9cfe53c9b61fb8ce2a525e4eed38fa75d132d6dc64699336876,"{""distance"":3,""physical_error_rate"":0.0001}","{""detection_events"":33,""detectors_checked"":55296}"
      3072,         0,         0,   0.034,decoder_by_matrix,beec9fd12293a9cfe53c9b61fb8ce2a525e4eed38fa75d132d6dc64699336876,"{""distance"":3,""physical_error_rate"":0.0001}","{""detection_events"":54,""detectors_checked"":165888}"
      1024,         0,         0,   0.001,decoder_by_matrix,beec9fd12293a9cfe53c9b61fb8ce2a525e4eed38fa75d132d6dc64699336876,"{""distance"":3,""physical_error_rate"":0.0001}","{""detectors_checked"":55296}"
      4096,         0,         0,   0.103,decoder_by_matrix,beec9fd12293a9cfe53c9b61fb8ce2a525e4eed38fa75d132d6dc64699336876,"{""distance"":3,""physical_error_rate"":0.0001}","{""detection_events"":60,""detectors_checked"":221184}"
      1024,         0,         0,   0.001,decoder_by_matrix,beec9fd12293a9cfe53c9b61fb8ce2a525e4eed38fa75d132d6dc64699336876,"{""distance"":3,""physical_error_rate"":0.0001}","{""detectors_checked"":55296}"
      5120,         0,         0,   0.102,decoder_by_matrix,beec9fd12293a9cfe53c9b61fb8ce2a525e4eed38fa75d132d6dc64699336876,"{""distance"":3,""physical_error_rate"":0.0001}","{""detection_events"":54,""detectors_checked"":276480}"
      1024,         0,         0,   0.001,decoder_by_matrix,beec9fd12293a9cfe53c9b61fb8ce2a525e4eed38fa75d132d6dc64699336876,"{""distance"":3,""physical_error_rate"":0.0001}","{""detectors_checked"":55296}"
      5120,         0,         0,   0.086,decoder_by_matrix,beec9fd12293a9cfe53c9b61fb8ce2a525e4eed38fa75d132d6dc64699336876,"{""distance"":3,""physical_error_rate"":0.0001}","{""detection_events"":45,""detectors_checked"":276480}"
      3344,         0,         0,   0.025,decoder_by_matrix,beec9fd12293a9cfe53c9b61fb8ce2a525e4eed38fa75d132d6dc64699336876,"{""distance"":3,""physical_error_rate"":0.0001}","{""detection_events"":48,""detectors_checked"":180576}"
      1024,         0,         0,   0.002,decoder_by_matrix,beec9fd12293a9cfe53c9b61fb8ce2a525e4eed38fa75d132d6dc64699336876,"{""distance"":3,""physical_error_rate"":0.0001}","{""detection_events"":3,""detectors_checked"":55296}"
      9216,         0,         0,   0.037,decoder_by_matrix,beec9fd12293a9cfe53c9b61fb8ce2a525e4eed38fa75d132d6dc64699336876,"{""distance"":3,""physical_error_rate"":0.0001}","{""detection_events"":138,""detectors_checked"":497664}"
      1024,         0,         0,   0.002,decoder_by_matrix,beec9fd12293a9cfe53c9b61fb8ce2a525e4eed38fa75d132d6dc64699336876,"{""distance"":3,""physical_error_rate"":0.0001}","{""detection_events"":24,""detectors_checked"":55296}"
      5120,         0,         0,   0.090,decoder_by_matrix,beec9fd12293a9cfe53c9b61fb8ce2a525e4eed38fa75d132d6dc64699336876,"{""distance"":3,""physical_error_rate"":0.0001}","{""detection_events"":45,""detectors_checked"":276480}"
      1024,         0,         0,   0.002,decoder_by_matrix,beec9fd12293a9cfe53c9b61fb8ce2a525e4eed38fa75d132d6dc64699336876,"{""distance"":3,""physical_error_rate"":0.0001}","{""detection_events"":9,""detectors_checked"":55296}"
      4096,         0,         0,   0.050,decoder_by_matrix,beec9fd12293a9cfe53c9b61fb8ce2a525e4eed38fa75d132d6dc64699336876,"{""distance"":3,""physical_error_rate"":0.0001}","{""detection_events"":54,""detectors_checked"":221184}"
      1024,         0,         0,   0.002,decoder_by_matrix,beec9fd12293a9cfe53c9b61fb8ce2a525e4eed38fa75d132d6dc64699336876,"{""distance"":3,""physical_error_rate"":0.0001}","{""detection_events"":33,""detectors_checked"":55296}"
      5120,         0,         0,   0.118,decoder_by_matrix,beec9fd12293a9cfe53c9b61fb8ce2a525e4eed38fa75d132d6dc64699336876,"{""distance"":3,""physical_error_rate"":0.0001}","{""detection_events"":45,""detectors_checked"":276480}"
      1024,         0,         0,   0.001,decoder_by_matrix,beec9fd12293a9cfe53c9b61fb8ce2a525e4eed38fa75d132d6dc64699336876,"{""distance"":3,""physical_error_rate"":0.0001}","{""detectors_checked"":55296}"
      1024,         0,         0,   0.002,decoder_by_matrix,beec9fd12293a9cfe53c9b61fb8ce2a525e4eed38fa75d132d6dc64699336876,"{""distance"":3,""physical_error_rate"":0.0001}","{""detection_events"":12,""detectors_checked"":55296}"
      4096,         0,         0,   0.021,decoder_by_matrix,beec9fd12293a9cfe53c9b61fb8ce2a525e4eed38fa75d132d6dc64699336876,"{""distance"":3,""physical_error_rate"":0.0001}","{""detection_events"":69,""detectors_checked"":221184}"
      1024,         0,         0,   0.002,decoder_by_matrix,beec9fd12293a9cfe53c9b61fb8ce2a525e4eed38fa75d132d6dc64699336876,"{""distance"":3,""physical_error_rate"":0.0001}","{""detection_events"":12,""detectors_checked"":55296}"
      3328,         0,         0,   0.031,decoder_by_matrix,beec9fd12293a9cfe53c9b61fb8ce2a525e4eed38fa75d132d6dc64699336876,"{""distance"":3,""physical_error_rate"":0.0001}","{""detection_events"":45,""detectors_checked"":179712}"
      1024,         0,         0,   0.002,decoder_by_matrix,beec9fd12293a9cfe53c9b61fb8ce2a525e4eed38fa75d132d6dc64699336876,"{""distance"":3,""physical_error_rate"":0.0001}","{""detection_events"":21,""detectors_checked"":55296}"
      2048,         0,         0,   0.031,decoder_by_matrix,beec9fd12293a9cfe53c9b61fb8ce2a525e4eed38fa75d132d6dc64699336876,"{""distance"":3,""physical_error_rate"":0.0001}","{""detection_events"":18,""detectors_checked"":110592}"
      1024,         0,         0,   0.002,decoder_by_matrix,beec9fd12293a9cfe53c9b61fb8ce2a525e4eed38fa75d132d6dc64699336876,"{""distance"":3,""physical_error_rate"":0.0001}","{""detection_events"":24,""detectors_checked"":55296}"
      3344,         0,         0,   0.038,decoder_by_matrix,beec9fd12293a9cfe53c9b61fb8ce2a525e4eed38fa75d132d6dc64699336876,"{""distance"":3,""physical_error_rate"":0.0001}","{""detection_events"":51,""detectors_checked"":180576}"
      1024,         0,         0,   0.001,decoder_by_matrix,beec9fd12293a9cfe53c9b61fb8ce2a525e4eed38fa75d132d6dc64699336876,"{""distance"":3,""physical_error_rate"":0.0001}","{""detectors_checked"":55296}"
      4096,         0,         0,   0.028,decoder_by_matrix,beec9fd12293a9cfe53c9b61fb8ce2a525e4eed38fa75d132d6dc64699336876,"{""distance"":3,""physical_error_rate"":0.0001}","{""detection_events"":54,""detectors_checked"":221184}"
      1024,         0,         0,   0.002,decoder_by_matrix,beec9fd12293a9cfe53c9b61fb8ce2a525e4eed38fa75d132d6dc64699336876,"{""distance"":3,""physical_error_rate"":0.0001}","{""detection_events"":27,""detectors_checked"":55296}"
      4096,         0,         0,   0.161,decoder_by_matrix,beec9fd12293a9cfe53c9b61fb8ce2a525e4eed38fa75d132d6dc64699336876,"{""distance"":3,""physical_error_rate"":0.0001}","{""detection_events"":39,""detectors_checked"":221184}"
      1024,         0,         0,   0.002,decoder_by_matrix,beec9fd12293a9cfe53c9b61fb8ce2a525e4eed38fa75d132d6dc64699336876,"{""distance"":3,""physical_error_rate"":0.0001}","{""detection_events"":3,""detectors_checked"":55296}"
      5120,         0,         0,   0.164,decoder_by_matrix,beec9fd12293a9cfe53c9b61fb8ce2a525e4eed38fa75d132d6dc64699336876,"{""distance"":3,""physical_error_rate"":0.0001}","{""detection_events"":81,""detectors_checked"":276480}"
      1024,         0,         0,   0.002,decoder_by_matrix,beec9fd12293a9cfe53c9b61fb8ce2a525e4eed38fa75d132d6dc64699336876,"{""distance"":3,""physical_error_rate"":0.0001}","{""detection_events"":12,""detectors_checked"":55296}"
      5120,         0,         0,   0.071,decoder_by_matrix,beec9fd12293a9cfe53c9b61fb8ce2a525e4eed38fa75d132d6dc64699336876,"{""distance"":3,""physical_error_rate"":0.0001}","{""detection_events"":72,""detectors_checked"":276480}"
      1024,         0,         0,   0.002,decoder_by_matrix,beec9fd12293a9cfe53c9b61fb8ce2a525e4eed38fa75d132d6dc64699336876,"{""distance"":3,""physical_error_rate"":0.0001}","{""detection_events"":21,""detectors_checked"":55296}"
      7168,         0,         0,   0.185,decoder_by_matrix,beec9fd12293a9cfe53c9b61fb8ce2a525e4eed38fa75d132d6dc64699336876,"{""distance"":3,""physical_error_rate"":0.0001}","{""detection_events"":108,""detectors_checked"":387072}"
      1024,         0,         0,   0.002,decoder_by_matrix,beec9fd12293a9cfe53c9b61fb8ce2a525e4eed38fa75d132d6dc64699336876,"{""distance"":3,""physical_error_rate"":0.0001}","{""detection_events"":21,""detectors_checked"":55296}"
      6144,         0,         0,   0.113,decoder_by_matrix,beec9fd12293a9cfe53c9b61fb8ce2a525e4eed38fa75d132d6dc64699336876,"{""distance"":3,""physical_error_rate"":0.0001}","{""detection_events"":90,""detectors_checked"":331776}"
      5120,         0,         0,   0.045,decoder_by_matrix,beec9fd12293a9cfe53c9b61fb8ce2a525e4eed38fa75d132d6dc64699336876,"{""distance"":3,""physical_error_rate"":0.0001}","{""detection_events"":69,""detectors_checked"":276480}"
      1024,         0,         0,   0.002,decoder_by_matrix,beec9fd12293a9cfe53c9b61fb8ce2a525e4eed38fa75d132d6dc64699336876,"{""distance"":3,""physical_error_rate"":0.0001}","{""detection_events"":6,""detectors_checked"":55296}"
      4096,         0,         0,   0.074,decoder_by_matrix,beec9fd12293a9cfe53c9b61fb8ce2a525e4eed38fa75d132d6dc64699336876,"{""distance"":3,""physical_error_rate"":0.0001}","{""detection_events"":39,""detectors_checked"":221184}"
      1024,         0,         0,   0.002,decoder_by_matrix,beec9fd12293a9cfe53c9b61fb8ce2a525e4eed38fa75d132d6dc64699336876,"{""distance"":3,""physical_error_rate"":0.0001}","{""detection_events"":24,""detectors_checked"":55296}"
      5120,         0,         0,   0.078,decoder_by_matrix,beec9fd12293a9cfe53c9b61fb8ce2a525e4eed38fa75d132d6dc64699336876,"{""distance"":3,""physical_error_rate"":0.0001}","{""detection_events"":36,""detectors_checked"":276480}"
      1024,         0,         0,   0.002,decoder_by_matrix,beec9fd12293a9cfe53c9b61fb8ce2a525e4eed38fa75d132d6dc64699336876,"{""distance"":3,""physical_error_rate"":0.0001}","{""detection_events"":24,""detectors_checked"":55296}"
      2048,         0,         0,   0.063,decoder_by_matrix,beec9fd12293a9cfe53c9b61fb8ce2a525e4eed38fa75d132d6dc64699336876,"{""distance"":3,""physical_error_rate"":0.0001}","{""detection_events"":9,""detectors_checked"":110592}"
      1024,         0,         0,   0.002,decoder_by_matrix,beec9fd12293a9cfe53c9b61fb8ce2a525e4eed38fa75d132d6dc64699336876,"{""distance"":3,""physical_error_rate"":0.0001}","{""detection_events"":9,""detectors_checked"":55296}"
      1024,         0,         0,   0.002,decoder_by_matrix,beec9fd12293a9cfe53c9b61fb8ce2a525e4eed38fa75d132d6dc64699336876,"{""distance"":3,""physical_error_rate"":0.0001}","{""detection_events"":3,""detectors_checked"":55296}"
      1024,         0,         0,   0.002,decoder_by_matrix,beec9fd12293a9cfe53c9b61fb8ce2a525e4eed38fa75d132d6dc64699336876,"{""distance"":3,""physical_error_rate"":0.0001}","{""detection_events"":18,""detectors_checked"":55296}"
      7168,         0,         0,   0.256,decoder_by_matrix,beec9fd12293a9cfe53c9b61fb8ce2a525e4eed38fa75d132d6dc64699336876,"{""distance"":3,""physical_error_rate"":0.0001}","{""detection_events"":84,""detectors_checked"":387072}"
      1024,         0,         0,   0.002,decoder_by_matrix,beec9fd12293a9cfe53c9b61fb8ce2a525e4eed38fa75d132d6dc64699336876,"{""distance"":3,""physical_error_rate"":0.0001}","{""detection_events"":9,""detectors_checked"":55296}"
      6144,         0,         0,   0.077,decoder_by_matrix,beec9fd12293a9cfe53c9b61fb8ce2a525e4eed38fa75d132d6dc64699336876,"{""distance"":3,""physical_error_rate"":0.0001}","{""detection_events"":111,""detectors_checked"":331776}"
      1024,         0,         0,   0.002,decoder_by_matrix,beec9fd12293a9cfe53c9b61fb8ce2a525e4eed38fa75d132d6dc64699336876,"{""distance"":3,""physical_error_rate"":0.0001}","{""detection_events"":15,""detectors_checked"":55296}"
      5120,         0,         0,   0.081,decoder_by_matrix,beec9fd12293a9cfe53c9b61fb8ce2a525e4eed38fa75d132d6dc64699336876,"{""distance"":3,""physical_error_rate"":0.0001}","{""detection_events"":54,""detectors_checked"":276480}"
      1024,         0,         0,   0.002,decoder_by_matrix,beec9fd12293a9cfe53c9b61fb8ce2a525e4eed38fa75d132d6dc64699336876,"{""distance"":3,""physical_error_rate"":0.0001}","{""detection_events"":15,""detectors_checked"":55296}"
      6144,         0,         0,   0.189,decoder_by_matrix,beec9fd12293a9cfe53c9b61fb8ce2a525e4eed38fa75d132d6dc64699336876,"{""distance"":3,""physical_error_rate"":0.0001}","{""detection_events"":81,""detectors_checked"":331776}"
      1024,         0,         0,   0.002,decoder_by_matrix,beec9fd12293a9cfe53c9b61fb8ce2a525e4eed38fa75d132d6dc64699336876,"{""distance"":3,""physical_error_rate"":0.0001}","{""detection_events"":9,""detectors_checked"":55296}"
      4096,         0,         0,   0.047,decoder_by_matrix,beec9fd12293a9cfe53c9b61fb8ce2a525e4eed38fa75d132d6dc64699336876,"{""distance"":3,""physical_error_rate"":0.0001}","{""detection_events"":69,""detectors_checked"":221184}"
      1024,         0,         0,   0.002,decoder_by_matrix,beec9fd12293a9cfe53c9b61fb8ce2a525e4eed38fa75d132d6dc64699336876,"{""distance"":3,""physical_error_rate"":0.0001}","{""detection_events"":3,""detectors_checked"":55296}"
      5120,         0,         0,   0.038,decoder_by_matrix,beec9fd12293a9cfe53c9b61fb8ce2a525e4eed38fa75d132d6dc64699336876,"{""distance"":3,""physical_error_rate"":0.0001}","{""detection_events"":69,""detectors_checked"":276480}"
      1024,         0,         0,   0.001,decoder_by_matrix,beec9fd12293a9cfe53c9b61fb8ce2a525e4eed38fa75d132d6dc64699336876,"{""distance"":3,""physical_error_rate"":0.0001}","{""detectors_checked"":55296}"
      2048,         0,         0,   0.043,decoder_by_matrix,beec9fd12293a9cfe53c9b61fb8ce2a525e4eed38fa75d132d6dc64699336876,"{""distance"":3,""physical_error_rate"":0.0001}","{""detection_events"":63,""detectors_checked"":110592}"
      1024,         0,         0,   0.002,decoder_by_matrix,beec9fd12293a9cfe53c9b61fb8ce2a525e4eed38fa75d132d6dc64699336876,"{""distance"":3,""physical_error_rate"":0.0001}","{""detection_events"":21,""detectors_checked"":55296}"
     10240,         0,         0,   0.108,decoder_by_matrix,beec9fd12293a9cfe53c9b61fb8ce2a525e4eed38fa75d132d6dc64699336876,"{""distance"":3,""physical_error_rate"":0.0001}","{""detection_events"":24,""detectors_checked"":552960}"
      1024,         0,         0,   0.002,decoder_by_matrix,beec9fd12293a9cfe53c9b61fb8ce2a525e4eed38fa75d132d6dc64699336876,"{""distance"":3,""physical_error_rate"":0.0001}","{""detection_events"":6,""detectors_checked"":55296}"
      3072,         0,         0,   0.033,decoder_by_matrix,beec9fd12293a9cfe53c9b61fb8ce2a525e4eed38fa75d132d6dc64699336876,"{""distance"":3,""physical_error_rate"":0.0001}","{""detection_events"":57,""detectors_checked"":165888}"
      1024,         0,         0,   0.002,decoder_by_matrix,beec9fd12293a9cfe53c9b61fb8ce2a525e4eed38fa75d132d6dc64699336876,"{""distance"":3,""physical_error_rate"":0.0001}","{""detection_events"":9,""detectors_checked"":55296}"
      4096,         0,         0,   0.050,decoder_by_matrix,beec9fd12293a9cfe53c9b61fb8ce2a525e4eed38fa75d132d6dc64699336876,"{""distance"":3,""physical_error_rate"":0.0001}","{""detection_events"":48,""detectors_checked"":221184}"
      1024,         0,         0,   0.002,decoder_by_matrix,beec9fd12293a9cfe53c9b61fb8ce2a525e4eed38fa75d132d6dc64699336876,"{""distance"":3,""physical_error_rate"":0.0001}","{""detection_events"":15,""detectors_checked"":55296}"
      1024,         0,         0,   0.018,decoder_by_matrix,beec9fd12293a9cfe53c9b61fb8ce2a525e4eed38fa75d132d6dc64699336876,"{""distance"":3,""physical_error_rate"":0.0001}","{""detection_events"":45,""detectors_checked"":55296}"
      1024,         0,         0,   0.002,decoder_by_matrix,beec9fd12293a9cfe53c9b61fb8ce2a525e4eed38fa75d132d6dc64699336876,"{""distance"":3,""physical_error_rate"":0.0001}","{""detection_events"":27,""detectors_checked"":55296}"
      5120,         0,         0,   0.060,decoder_by_matrix,beec9fd12293a9cfe53c9b61fb8ce2a525e4eed38fa75d132d6dc64699336876,"{""distance"":3,""physical_error_rate"":0.0001}","{""detection_events"":69,""detectors_checked"":276480}"
      1024,         0,         0,   0.002,decoder_by_matrix,beec9fd12293a9cfe53c9b61fb8ce2a525e4eed38fa75d132d6dc64699336876,"{""distance"":3,""physical_error_rate"":0.0001}","{""detection_events"":6,""detectors_checked"":55296}"
      6144,         0,         0,   0.081,decoder_by_matrix,beec9fd12293a9cfe53c9b61fb8ce2a525e4eed38fa75d132d6dc64699336876,"{""distance"":3,""physical_error_rate"":0.0001}","{""detection_events"":111,""detectors_checked"":331776}"
      1024,         0,         0,   0.002,decoder_by_matrix,beec9fd12293a9cfe53c9b61fb8ce2a525e4eed38fa75d132d6dc64699336876,"{""distance"":3,""physical_error_rate"":0.0001}","{""detection_events"":12,""detectors_checked"":55296}"
      5120,         0,         0,   0.040,decoder_by_matrix,beec9fd12293a9cfe53c9b61fb8ce2a525e4eed38fa75d132d6dc64699336876,"{""distance"":3,""physical_error_rate"":0.0001}","{""detection_events"":87,""detectors_checked"":276480}"
      1024,         0,         0,   0.002,decoder_by_matrix,beec9fd12293a9cfe53c9b61fb8ce2a525e4eed38fa75d132d6dc64699336876,"{""distance"":3,""physical_error_rate"":0.0001}","{""detection_events"":12,""detectors_checked"":55296}"
      8192,         0,         0,   0.130,decoder_by_matrix,beec9fd12293a9cfe53c9b61fb8ce2a525e4eed38fa75d132d6dc64699336876,"{""distance"":3,""physical_error_rate"":0.0001}","{""detection_events"":141,""detectors_checked"":442368}"
      1024,         0,         0,   0.002,decoder_by_matrix,beec9fd12293a9cfe53c9b61fb8ce2a525e4eed38fa75d132d6dc64699336876,"{""distance"":3,""physical_error_rate"":0.0001}","{""detection_events"":15,""detectors_checked"":55296}"
      8192,         0,         0,   0.164,decoder_by_matrix,beec9fd12293a9cfe53c9b61fb8ce2a525e4eed38fa75d132d6dc64699336876,"{""distance"":3,""physical_error_rate"":0.0001}","{""detection_events"":90,""detectors_checked"":442368}"
      1024,         0,         0,   0.001,decoder_by_matrix,beec9fd12293a9cfe53c9b61fb8ce2a525e4eed38fa75d132d6dc64699336876,"{""distance"":3,""physical_error_rate"":0.0001}","{""detectors_checked"":55296}"
      4096,         0,         0,   0.086,decoder_by_matrix,beec9fd12293a9cfe53c9b61fb8ce2a525e4eed38fa75d132d6dc64699336876,"{""distance"":3,""physical_error_rate"":0.0001}","{""detection_events"":84,""detectors_checked"":221184}"
      6144,         0,         0,   0.124,decoder_by_matrix,beec9fd12293a9cfe53c9b61fb8ce2a525e4eed38fa75d132d6dc64699336876,"{""distance"":3,""physical_error_rate"":0.0001}","{""detection_events"":45,""detectors_checked"":331776}"
      1024,         0,         0,   0.002,decoder_by_matrix,beec9fd12293a9cfe53c9b61fb8ce2a525e4eed38fa75d132d6dc64699336876,"{""distance"":3,""physical_error_rate"":0.0001}","{""detection_events"":18,""detectors_checked"":55296}"
      7168,         0,         0,   0.099,decoder_by_matrix,beec9fd12293a9cfe53c9b61fb8ce2a525e4eed38fa75d132d6dc64699336876,"{""distance"":3,""physical_error_rate"":0.0001}","{""detection_events"":90,""detectors_checked"":387072}"
      1024,         0,         0,   0.002,decoder_by_matrix,beec9fd12293a9cfe53c9b61fb8ce2a525e4eed38fa75d132d6dc64699336876,"{""distance"":3,""physical_error_rate"":0.0001}","{""detection_events"":15,""detectors_checked"":55296}"
      6144,         0,         0,   0.126,decoder_by_matrix,beec9fd12293a9cfe53c9b61fb8ce2a525e4eed38fa75d132d6dc64699336876,"{""distance"":3,""physical_error_rate"":0.0001}","{""detection_events"":75,""detectors_checked"":331776}"
      1024,         0,         0,   0.001,decoder_by_matrix,beec9fd12293a9cfe53c9b61fb8ce2a525e4eed38fa75d132d6dc64699336876,"{""distance"":3,""physical_error_rate"":0.0001}","{""detectors_checked"":55296}"
      4096,         0,         0,   0.071,decoder_by_matrix,beec9fd12293a9cfe53c9b61fb8ce2a525e4eed38fa75d132d6dc64699336876,"{""distance"":3,""physical_error_rate"":0.0001}","{""detection_events"":48,""detectors_checked"":221184}"
      1024,         0,         0,   0.002,decoder_by_matrix,beec9fd12293a9cfe53c9b61fb8ce2a525e4eed38fa75d132d6dc64699336876,"{""distance"":3,""physical_error_rate"":0.0001}","{""detection_events"":45,""detectors_checked"":55296}"
      4096,         0,         0,   0.032,decoder_by_matrix,beec9fd12293a9cfe53c9b61fb8ce2a525e4eed38fa75d132d6dc64699336876,"{""distance"":3,""physical_error_rate"":0.0001}","{""detection_events"":33,""detectors_checked"":221184}"
      1024,         0,         0,   0.002,decoder_by_matrix,beec9fd12293a9cfe53c9b61fb8ce2a525e4eed38fa75d132d6dc64699336876,"{""distance"":3,""physical_error_rate"":0.0001}","{""detection_events"":6,""detectors_checked"":55296}"
      5120,         0,         0,   0.123,decoder_by_matrix,beec9fd12293a9cfe53c9b61fb8ce2a525e4eed38fa75d132d6dc64699336876,"{""distance"":3,""physical_error_rate"":0.0001}","{""detection_events"":69,""detectors_checked"":276480}"
      1024,         0,         0,   0.002,decoder_by_matrix,beec9fd12293a9cfe53c9b61fb8ce2a525e4eed38fa75d132d6dc64699336876,"{""distance"":3,""physical_error_rate"":0.0001}","{""detection_events"":15,""detectors_checked"":55296}"
      2048,         0,         0,   0.083,decoder_by_matrix,beec9fd12293a9cfe53c9b61fb8ce2a525e4eed38fa75d132d6dc64699336876,"{""distance"":3,""physical_error_rate"":0.0001}","{""detection_events"":36,""detectors_checked"":110592}"
      1024,         0,         0,   0.001,decoder_by_matrix,beec9fd12293a9cfe53c9b61fb8ce2a525e4eed38fa75d132d6dc64699336876,"{""distance"":3,""physical_error_rate"":0.0001}","{""detectors_checked"":55296}"
      4096,         0,         0,   0.089,decoder_by_matrix,beec9fd12293a9cfe53c9b61fb8ce2a525e4eed38fa75d132d6dc64699336876,"{""distance"":3,""physical_error_rate"":0.0001}","{""detection_events"":147,""detectors_checked"":221184}"
      1024,         0,         0,   0.002,decoder_by_matrix,beec9fd12293a9cfe53c9b61fb8ce2a525e4eed38fa75d132d6dc64699336876,"{""distance"":3,""physical_error_rate"":0.0001}","{""detection_events"":27,""detectors_checked"":55296}"
      4096,         0,         0,   0.092,decoder_by_matrix,beec9fd12293a9cfe53c9b61fb8ce2a525e4eed38fa75d132d6dc64699336876,"{""distance"":3,""physical_error_rate"":0.0001}","{""detection_events"":105,""detectors_checked"":221184}"
      6144,         0,         0,   0.095,decoder_by_matrix,beec9fd12293a9cfe53c9b61fb8ce2a525e4eed38fa75d132d6dc64699336876,"{""distance"":3,""physical_error_rate"":0.0001}","{""detection_events"":81,""detectors_checked"":331776}"
      1024,         0,         0,   0.002,decoder_by_matrix,beec9fd12293a9cfe53c9b61fb8ce2a525e4eed38fa75d132d6dc64699336876,"{""distance"":3,""physical_error_rate"":0.0001}","{""detection_events"":15,""detectors_checked"":55296}"
      5120,         0,         0,   0.070,decoder_by_matrix,beec9fd12293a9cfe53c9b61fb8ce2a525e4eed38fa75d132d6dc64699336876,"{""distance"":3,""physical_error_rate"":0.0001}","{""detection_events"":102,""detectors_checked"":276480}"
      1024,         0,         0,   0.002,decoder_by_matrix,beec9fd12293a9cfe53c9b61fb8ce2a525e4eed38fa75d132d6dc64699336876,"{""distance"":3,""physical_error_rate"":0.0001}","{""detection_events"":24,""detectors_checked"":55296}"
      1024,         0,         0,   0.002,decoder_by_matrix,beec9fd12293a9cfe53c9b61fb8ce2a525e4eed38fa75d132d6dc64699336876,"{""distance"":3,""physical_error_rate"":0.0001}","{""detection_events"":3,""detectors_checked"":55296}"
      4096,         0,         0,   0.085,decoder_by_matrix,beec9fd12293a9cfe53c9b61fb8ce2a525e4eed38fa75d132d6dc64699336876,"{""distance"":3,""physical_error_rate"":0.0001}","{""detection_events"":75,""detectors_checked"":221184}"
      1024,         0,         0,   0.002,decoder_by_matrix,beec9fd12293a9cfe53c9b61fb8ce2a525e4eed38fa75d132d6dc64699336876,"{""distance"":3,""physical_error_rate"":0.0001}","{""detection_events"":36,""detectors_checked"":55296}"
     10240,         0,         0,   0.200,decoder_by_matrix,beec9fd12293a9cfe53c9b61fb8ce2a525e4eed38fa75d132d6dc64699336876,"{""distance"":3,""physical_error_rate"":0.0001}","{""detection_events"":105,""detectors_checked"":552960}"
      1024,         0,         0,   0.002,decoder_by_matrix,beec9fd12293a9cfe53c9b61fb8ce2a525e4eed38fa75d132d6dc64699336876,"{""distance"":3,""physical_error_rate"":0.0001}","{""detection_events"":15,""detectors_checked"":55296}"
      1024,         0,         0,   0.002,decoder_by_matrix,beec9fd12293a9cfe53c9b61fb8ce2a525e4eed38fa75d132d6dc64699336876,"{""distance"":3,""physical_error_rate"":0.0001}","{""detection_events"":18,""detectors_checked"":55296}"
      1024,         0,         0,   0.002,decoder_by_matrix,beec9fd12293a9cfe53c9b61fb8ce2a525e4eed38fa75d132d6dc64699336876,"{""distance"":3,""physical_error_rate"":0.0001}","{""detection_events"":27,""detectors_checked"":55296}"
     11264,         0,         0,   0.300,decoder_by_matrix,beec9fd12293a9cfe53c9b61fb8ce2a525e4eed38fa75d132d6dc64699336876,"{""distance"":3,""physical_error_rate"":0.0001}","{""detection_events"":138,""detectors_checked"":608256}"
      1024,         0,         0,   0.002,decoder_by_matrix,beec9fd12293a9cfe53c9b61fb8ce2a525e4eed38fa75d132d6dc64699336876,"{""distance"":3,""physical_error_rate"":0.0001}","{""detection_events"":24,""detectors_checked"":55296}"
      4096,         0,         0,   0.093,decoder_by_matrix,beec9fd12293a9cfe53c9b61fb8ce2a525e4eed38fa75d132d6dc64699336876,"{""distance"":3,""physical_error_rate"":0.0001}","{""detection_events"":57,""detectors_checked"":221184}"
      1024,         0,         0,   0.002,decoder_by_matrix,beec9fd12293a9cfe53c9b61fb8ce2a525e4eed38fa75d132d6dc64699336876,"{""distance"":3,""physical_error_rate"":0.0001}","{""detection_events"":12,""detectors_checked"":55296}"
      4096,         0,         0,   0.084,decoder_by_matrix,beec9fd12293a9cfe53c9b61fb8ce2a525e4eed38fa75d132d6dc64699336876,"{""distance"":3,""physical_error_rate"":0.0001}","{""detection_events"":63,""detectors_checked"":221184}"
      1024,         0,         0,   0.002,decoder_by_matrix,beec9fd12293a9cfe53c9b61fb8ce2a525e4eed38fa75d132d6dc64699336876,"{""distance"":3,""physical_error_rate"":0.0001}","{""detection_events"":6,""detectors_checked"":55296}"
      9216,         0,         0,   0.148,decoder_by_matrix,beec9fd12293a9cfe53c9b61fb8ce2a525e4eed38fa75d132d6dc64699336876,"{""distance"":3,""physical_error_rate"":0.0001}","{""detection_events"":87,""detectors_checked"":497664}"
      1024,         0,         0,   0.002,decoder_by_matrix,beec9fd12293a9cfe53c9b61fb8ce2a525e4eed38fa75d132d6dc64699336876,"{""distance"":3,""physical_error_rate"":0.0001}","{""detection_events"":27,""detectors_checked"":55296}"
      6144,         0,         0,   0.102,decoder_by_matrix,beec9fd12293a9cfe53c9b61fb8ce2a525e4eed38fa75d132d6dc64699336876,"{""distance"":3,""physical_error_rate"":0.0001}","{""detection_events"":60,""detectors_checked"":331776}"
      1024,         0,         0,   0.002,decoder_by_matrix,beec9fd12293a9cfe53c9b61fb8ce2a525e4eed38fa75d132d6dc64699336876,"{""distance"":3,""physical_error_rate"":0.0001}","{""detection_events"":12,""detectors_checked"":55296}"
      8192,         0,         0,   0.132,decoder_by_matrix,beec9fd12293a9cfe53c9b61fb8ce2a525e4eed38fa75d132d6dc64699336876,"{""distance"":3,""physical_error_rate"":0.0001}","{""detection_events"":105,""detectors_checked"":442368}"
      1024,         0,         0,   0.002,decoder_by_matrix,beec9fd12293a9cfe53c9b61fb8ce2a525e4eed38fa75d132d6dc64699336876,"{""distance"":3,""physical_error_rate"":0.0001}","{""detection_events"":15,""detectors_checked"":55296}"
      7168,         0,         0,   0.125,decoder_by_matrix,beec9fd12293a9cfe53c9b61fb8ce2a525e4eed38fa75d132d6dc64699336876,"{""distance"":3,""physical_error_rate"":0.0001}","{""detection_events"":120,""detectors_checked"":387072}"
      1024,         0,         0,   0.001,decoder_by_matrix,beec9fd12293a9cfe53c9b61fb8ce2a525e4eed38fa75d132d6dc64699336876,"{""distance"":3,""physical_error_rate"":0.0001}","{""detectors_checked"":55296}"
     10240,         0,         0,   0.507,decoder_by_matrix,beec9fd12293a9cfe53c9b61fb8ce2a525e4eed38fa75d132d6dc64699336876,"{""distance"":3,""physical_error_rate"":0.0001}","{""detection_events"":150,""detectors_checked"":552960}"
      1024,         0,         0,   0.002,decoder_by_matrix,beec9fd12293a9cfe53c9b61fb8ce2a525e4eed38fa75d132d6dc64699336876,"{""distance"":3,""physical_error_rate"":0.0001}","{""detection_events"":3,""detectors_checked"":55296}"
      8192,         0,         0,   0.245,decoder_by_matrix,beec9fd12293a9cfe53c9b61fb8ce2a525e4eed38fa75d132d6dc64699336876,"{""distance"":3,""physical_error_rate"":0.0001}","{""detection_events"":144,""detectors_checked"":442368}"
      1024,         0,         0,   0.002,decoder_by_matrix,beec9fd12293a9cfe53c9b61fb8ce2a525e4eed38fa75d132d6dc64699336876,"{""distance"":3,""physical_error_rate"":0.0001}","{""detection_events"":3,""detectors_checked"":55296}"
      8192,         0,         0,   0.130,decoder_by_matrix,beec9fd12293a9cfe53c9b61fb8ce2a525e4eed38fa75d132d6dc64699336876,"{""distance"":3,""physical_error_rate"":0.0001}","{""detection_events"":141,""detectors_checked"":442368}"
      1024,         0,         0,   0.002,decoder_by_matrix,beec9fd12293a9cfe53c9b61fb8ce2a525e4eed38fa75d132d6dc64699336876,"{""distance"":3,""physical_error_rate"":0.0001}","{""detection_events"":24,""detectors_checked"":55296}"
     11264,         0,         0,   0.571,decoder_by_matrix,beec9fd12293a9cfe53c9b61fb8ce2a525e4eed38fa75d132d6dc64699336876,"{""distance"":3,""physical_error_rate"":0.0001}","{""detection_events"":120,""detectors_checked"":608256}"
      1024,         0,         0,   0.002,decoder_by_matrix,beec9fd12293a9cfe53c9b61fb8ce2a525e4eed38fa75d132d6dc64699336876,"{""distance"":3,""physical_error_rate"":0.0001}","{""detection_events"":3,""detectors_checked"":55296}"
      8192,         0,         0,   0.314,decoder_by_matrix,beec9fd12293a9cfe53c9b61fb8ce2a525e4eed38fa75d132d6dc64699336876,"{""distance"":3,""physical_error_rate"":0.0001}","{""detection_events"":132,""detectors_checked"":442368}"
      1024,         0,         0,   0.002,decoder_by_matrix,beec9fd12293a9cfe53c9b61fb8ce2a525e4eed38fa75d132d6dc64699336876,"{""distance"":3,""physical_error_rate"":0.0001}","{""detection_events"":21,""detectors_checked"":55296}"
     10240,         0,         0,   0.373,decoder_by_matrix,beec9fd12293a9cfe53c9b61fb8ce2a525e4eed38fa75d132d6dc64699336876,"{""distance"":3,""physical_error_rate"":0.0001}","{""detection_events"":138,""detectors_checked"":552960}"
      1024,         0,         0,   0.002,decoder_by_matrix,beec9fd12293a9cfe53c9b61fb8ce2a525e4eed38fa75d132d6dc64699336876,"{""distance"":3,""physical_error_rate"":0.0001}","{""detection_events"":45,""detectors_checked"":55296}"
      8192,         0,         0,   0.113,decoder_by_matrix,beec9fd12293a9cfe53c9b61fb8ce2a525e4eed38fa75d132d6dc64699336876,"{""distance"":3,""physical_error_rate"":0.0001}","{""detection_events"":120,""detectors_checked"":442368}"
      1024,         0,         0,   0.002,decoder_by_matrix,beec9fd12293a9cfe53c9b61fb8ce2a525e4eed38fa75d132d6dc64699336876,"{""distance"":3,""physical_error_rate"":0.0001}","{""detection_events"":39,""detectors_checked"":55296}"
      6144,         0,         0,   0.050,decoder_by_matrix,beec9fd12293a9cfe53c9b61fb8ce2a525e4eed38fa75d132d6dc64699336876,"{""distance"":3,""physical_error_rate"":0.0001}","{""detection_events"":102,""detectors_checked"":331776}"
      1024,         0,         0,   0.002,decoder_by_matrix,beec9fd12293a9cfe53c9b61fb8ce2a525e4eed38fa75d132d6dc64699336876,"{""distance"":3,""physical_error_rate"":0.0001}","{""detection_events"":21,""detectors_checked"":55296}"
      8192,         0,         0,   0.154,decoder_by_matrix,beec9fd12293a9cfe53c9b61fb8ce2a525e4eed38fa75d132d6dc64699336876,"{""distance"":3,""physical_error_rate"":0.0001}","{""detection_events"":81,""detectors_checked"":442368}"
      1024,         0,         0,   0.002,decoder_by_matrix,beec9fd12293a9cfe53c9b61fb8ce2a525e4eed38fa75d132d6dc64699336876,"{""distance"":3,""physical_error_rate"":0.0001}","{""detection_events"":21,""detectors_checked"":55296}"
      9216,         0,         0,   0.150,decoder_by_matrix,beec9fd12293a9cfe53c9b61fb8ce2a525e4eed38fa75d132d6dc64699336876,"{""distance"":3,""physical_error_rate"":0.0001}","{""detection_events"":66,""detectors_checked"":497664}"
      1024,         0,         0,   0.002,decoder_by_matrix,beec9fd12293a9cfe53c9b61fb8ce2a525e4eed38fa75d132d6dc64699336876,"{""distance"":3,""physical_error_rate"":0.0001}","{""detection_events"":9,""detectors_checked"":55296}"
      9216,         0,         0,   0.202,decoder_by_matrix,beec9fd12293a9cfe53c9b61fb8ce2a525e4eed38fa75d132d6dc64699336876,"{""distance"":3,""physical_error_rate"":0.0001}","{""detection_events"":138,""detectors_checked"":497664}"
      1024,         0,         0,   0.002,decoder_by_matrix,beec9fd12293a9cfe53c9b61fb8ce2a525e4eed38fa75d132d6dc64699336876,"{""distance"":3,""physical_error_rate"":0.0001}","{""detection_events"":15,""detectors_checked"":55296}"
      7168,         0,         0,   0.248,decoder_by_matrix,beec9fd12293a9cfe53c9b61fb8ce2a525e4eed38fa75d132d6dc64699336876,"{""distance"":3,""physical_error_rate"":0.0001}","{""detection_events"":111,""detectors_checked"":387072}"
      1024,         0,         0,   0.002,decoder_by_matrix,beec9fd12293a9cfe53c9b61fb8ce2a525e4eed38fa75d132d6dc64699336876,"{""distance"":3,""physical_error_rate"":0.0001}","{""detection_events"":12,""detectors_checked"":55296}"
      8192,         0,         0,   0.126,decoder_by_matrix,beec9fd12293a9cfe53c9b61fb8ce2a525e4eed38fa75d132d6dc64699336876,"{""distance"":3,""physical_error_rate"":0.0001}","{""detection_events"":132,""detectors_checked"":442368}"
      1024,         0,         0,   0.002,decoder_by_matrix,beec9fd12293a9cfe53c9b61fb8ce2a525e4eed38fa75d132d6dc64699336876,"{""distance"":3,""physical_error_rate"":0.0001}","{""detection_events"":15,""detectors_checked"":55296}"
      8192,         0,         0,   0.207,decoder_by_matrix,beec9fd12293a9cfe53c9b61fb8ce2a525e4eed38fa75d132d6dc64699336876,"{""distance"":3,""physical_error_rate"":0.0001}","{""detection_events"":93,""detectors_checked"":442368}"
      1024,         0,         0,   0.002,decoder_by_matrix,beec9fd12293a9cfe53c9b61fb8ce2a525e4eed38fa75d132d6dc64699336876,"{""distance"":3,""physical_error_rate"":0.0001}","{""detection_events"":15,""detectors_checked"":55296}"
      7168,         0,         0,   0.312,decoder_by_matrix,beec9fd12293a9cfe53c9b61fb8ce2a525e4eed38fa75d132d6dc64699336876,"{""distance"":3,""physical_error_rate"":0.0001}","{""detection_events"":135,""detectors_checked"":387072}"
      1024,         0,         0,   0.002,decoder_by_matrix,beec9fd12293a9cfe53c9b61fb8ce2a525e4eed38fa75d132d6dc64699336876,"{""distance"":3,""physical_error_rate"":0.0001}","{""detection_events"":27,""detectors_checked"":55296}"
     10240,         0,         0,   0.277,decoder_by_matrix,beec9fd12293a9cfe53c9b61fb8ce2a525e4eed38fa75d132d6dc64699336876,"{""distance"":3,""physical_error_rate"":0.0001}","{""detection_events"":153,""detectors_checked"":552960}"
      1024,         0,         0,   0.002,decoder_by_matrix,beec9fd12293a9cfe53c9b61fb8ce2a525e4eed38fa75d132d6dc64699336876,"{""distance"":3,""physical_error_rate"":0.0001}","{""detection_events"":24,""detectors_checked"":55296}"
     10240,         0,         0,   0.270,decoder_by_matrix,beec9fd12293a9cfe53c9b61fb8ce2a525e4eed38fa75d132d6dc64699336876,"{""distance"":3,""physical_error_rate"":0.0001}","{""detection_events"":174,""detectors_checked"":552960}"
      1024,         0,         0,   0.002,decoder_by_matrix,beec9fd12293a9cfe53c9b61fb8ce2a525e4eed38fa75d132d6dc64699336876,"{""distance"":3,""physical_error_rate"":0.0001}","{""detection_events"":3,""detectors_checked"":55296}"
      7168,         0,         0,   0.201,decoder_by_matrix,beec9fd12293a9cfe53c9b61fb8ce2a525e4eed38fa75d132d6dc64699336876,"{""distance"":3,""physical_error_rate"":0.0001}","{""detection_events"":150,""detectors_checked"":387072}"
      1024,         0,         0,   0.002,decoder_by_matrix,beec9fd12293a9cfe53c9b61fb8ce2a525e4eed38fa75d132d6dc64699336876,"{""distance"":3,""physical_error_rate"":0.0001}","{""detection_events"":15,""detectors_checked"":55296}"
      4096,         0,         0,   0.173,decoder_by_matrix,beec9fd12293a9cfe53c9b61fb8ce2a525e4eed38fa75d132d6dc64699336876,"{""distance"":3,""physical_error_rate"":0.0001}","{""detection_events"":33,""detectors_checked"":221184}"
      1024,         0,         0,   0.002,decoder_by_matrix,beec9fd12293a9cfe53c9b61fb8ce2a525e4eed38fa75d132d6dc64699336876,"{""distance"":3,""physical_error_rate"":0.0001}","{""detection_events"":24,""detectors_checked"":55296}"
      7168,         0,         0,   0.205,decoder_by_matrix,beec9fd12293a9cfe53c9b61fb8ce2a525e4eed38fa75d132d6dc64699336876,"{""distance"":3,""physical_error_rate"":0.0001}","{""detection_events"":99,""detectors_checked"":387072}"
      1024,         0,         0,   0.002,decoder_by_matrix,beec9fd12293a9cfe53c9b61fb8ce2a525e4eed38fa75d132d6dc64699336876,"{""distance"":3,""physical_error_rate"":0.0001}","{""detection_events"":21,""detectors_checked"":55296}"
      7168,         0,         0,   0.155,decoder_by_matrix,beec9fd12293a9cfe53c9b61fb8ce2a525e4eed38fa75d132d6dc64699336876,"{""distance"":3,""physical_error_rate"":0.0001}","{""detection_events"":135,""detectors_checked"":387072}"
      1024,         0,         0,   0.002,decoder_by_matrix,beec9fd12293a9cfe53c9b61fb8ce2a525e4eed38fa75d132d6dc64699336876,"{""distance"":3,""physical_error_rate"":0.0001}","{""detection_events"":27,""detectors_checked"":55296}"
      9216,         0,         0,   0.287,decoder_by_matrix,beec9fd12293a9cfe53c9b61fb8ce2a525e4eed38fa75d132d6dc64699336876,"{""distance"":3,""physical_error_rate"":0.0001}","{""detection_events"":147,""detectors_checked"":497664}"
      7168,         0,         0,   0.253,decoder_by_matrix,beec9fd12293a9cfe53c9b61fb8ce2a525e4eed38fa75d132d6dc64699336876,"{""distance"":3,""physical_error_rate"":0.0001}","{""detection_events"":117,""detectors_checked"":387072}"
      5120,         0,         0,   0.224,decoder_by_matrix,beec9fd12293a9cfe53c9b61fb8ce2a525e4eed38fa75d132d6dc64699336876,"{""distance"":3,""physical_error_rate"":0.0001}","{""detection_events"":60,""detectors_checked"":276480}"
      1024,         0,         0,   0.002,decoder_by_matrix,beec9fd12293a9cfe53c9b61fb8ce2a525e4eed38fa75d132d6dc64699336876,"{""distance"":3,""physical_error_rate"":0.0001}","{""detection_events"":30,""detectors_checked"":55296}"
      6144,         0,         0,   0.196,decoder_by_matrix,beec9fd12293a9cfe53c9b61fb8ce2a525e4eed38fa75d132d6dc64699336876,"{""distance"":3,""physical_error_rate"":0.0001}","{""detection_events"":90,""detectors_checked"":331776}"
      1024,         0,         0,   0.002,decoder_by_matrix,beec9fd12293a9cfe53c9b61fb8ce2a525e4eed38fa75d132d6dc64699336876,"{""distance"":3,""physical_error_rate"":0.0001}","{""detection_events"":42,""detectors_checked"":55296}"
     11264,         0,         0,   0.293,decoder_by_matrix,beec9fd12293a9cfe53c9b61fb8ce2a525e4eed38fa75d132d6dc64699336876,"{""distance"":3,""physical_error_rate"":0.0001}","{""detection_events"":108,""detectors_checked"":608256}"
     11264,         0,         0,   0.346,decoder_by_matrix,beec9fd12293a9cfe53c9b61fb8ce2a525e4eed38fa75d132d6dc64699336876,"{""distance"":3,""physical_error_rate"":0.0001}","{""detection_events"":87,""detectors_checked"":608256}"
      4096,         0,         0,   0.224,decoder_by_matrix,beec9fd12293a9cfe53c9b61fb8ce2a525e4eed38fa75d132d6dc64699336876,"{""distance"":3,""physical_error_rate"":0.0001}","{""detection_events"":57,""detectors_checked"":221184}"
      1024,         0,         0,   0.002,decoder_by_matrix,beec9fd12293a9cfe53c9b61fb8ce2a525e4eed38fa75d132d6dc64699336876,"{""distance"":3,""physical_error_rate"":0.0001}","{""detection_events"":33,""detectors_checked"":55296}"
     10240,         0,         0,   0.199,decoder_by_matrix,beec9fd12293a9cfe53c9b61fb8ce2a525e4eed38fa75d132d6dc64699336876,"{""distance"":3,""physical_error_rate"":0.0001}","{""detection_events"":195,""detectors_checked"":552960}"
      1024,         0,         0,   0.002,decoder_by_matrix,beec9fd12293a9cfe53c9b61fb8ce2a525e4eed38fa75d132d6dc64699336876,"{""distance"":3,""physical_error_rate"":0.0001}","{""detection_events"":12,""detectors_checked"":55296}"
      4096,         0,         0,   0.205,decoder_by_matrix,beec9fd12293a9cfe53c9b61fb8ce2a525e4eed38fa75d132d6dc64699336876,"{""distance"":3,""physical_error_rate"":0.0001}","{""detection_events"":78,""detectors_checked"":221184}"
      1024,         0,         0,   0.002,decoder_by_matrix,beec9fd12293a9cfe53c9b61fb8ce2a525e4eed38fa75d132d6dc64699336876,"{""distance"":3,""physical_error_rate"":0.0001}","{""detection_events"":12,""detectors_checked"":55296}"
     12288,         0,         0,   0.208,decoder_by_matrix,beec9fd12293a9cfe53c9b61fb8ce2a525e4eed38fa75d132d6dc64699336876,"{""distance"":3,""physical_error_rate"":0.0001}","{""detection_events"":123,""detectors_checked"":663552}"
      1024,         0,         0,   0.002,decoder_by_matrix,beec9fd12293a9cfe53c9b61fb8ce2a525e4eed38fa75d132d6dc64699336876,"{""distance"":3,""physical_error_rate"":0.0001}","{""detection_events"":21,""detectors_checked"":55296}"
      5120,         0,         0,   0.124,decoder_by_matrix,beec9fd12293a9cfe53c9b61fb8ce2a525e4eed38fa75d132d6dc64699336876,"{""distance"":3,""physical_error_rate"":0.0001}","{""detection_events"":48,""detectors_checked"":276480}"
      1024,         0,         0,   0.002,decoder_by_matrix,beec9fd12293a9cfe53c9b61fb8ce2a525e4eed38fa75d132d6dc64699336876,"{""distance"":3,""physical_error_rate"":0.0001}","{""detection_events"":6,""detectors_checked"":55296}"
      7168,         0,         0,   0.201,decoder_by_matrix,beec9fd12293a9cfe53c9b61fb8ce2a525e4eed38fa75d132d6dc64699336876,"{""distance"":3,""physical_error_rate"":0.0001}","{""detection_events"":108,""detectors_checked"":387072}"
      1024,         0,         0,   0.002,decoder_by_matrix,beec9fd12293a9cfe53c9b61fb8ce2a525e4eed38fa75d132d6dc64699336876,"{""distance"":3,""physical_error_rate"":0.0001}","{""detection_events"":3,""detectors_checked"":55296}"
     11264,         0,         0,   0.243,decoder_by_matrix,beec9fd12293a9cfe53c9b61fb8ce2a525e4eed38fa75d132d6dc64699336876,"{""distance"":3,""physical_error_rate"":0.0001}","{""detection_events"":150,""detectors_checked"":608256}"
      1024,         0,         0,   0.002,decoder_by_matrix,beec9fd12293a9cfe53c9b61fb8ce2a525e4eed38fa75d132d6dc64699336876,"{""distance"":3,""physical_error_rate"":0.0001}","{""detection_events"":18,""detectors_checked"":55296}"
      7168,         0,         0,   0.245,decoder_by_matrix,beec9fd12293a9cfe53c9b61fb8ce2a525e4eed38fa75d132d6dc64699336876,"{""distance"":3,""physical_error_rate"":0.0001}","{""detection_events"":126,""detectors_checked"":387072}"
      1024,         0,         0,   0.001,decoder_by_matrix,beec9fd12293a9cfe53c9b61fb8ce2a525e4eed38fa75d132d6dc64699336876,"{""distance"":3,""physical_error_rate"":0.0001}","{""detectors_checked"":55296}"
      7168,         0,         0,   0.246,decoder_by_matrix,beec9fd12293a9cfe53c9b61fb8ce2a525e4eed38fa75d132d6dc64699336876,"{""distance"":3,""physical_error_rate"":0.0001}","{""detection_events"":99,""detectors_checked"":387072}"
      1024,         0,         0,   0.002,decoder_by_matrix,beec9fd12293a9cfe53c9b61fb8ce2a525e4eed38fa75d132d6dc64699336876,"{""distance"":3,""physical_error_rate"":0.0001}","{""detection_events"":24,""detectors_checked"":55296}"
      8192,         0,         0,   0.261,decoder_by_matrix,beec9fd12293a9cfe53c9b61fb8ce2a525e4eed38fa75d132d6dc64699336876,"{""distance"":3,""physical_error_rate"":0.0001}","{""detection_events"":81,""detectors_checked"":442368}"
      1024,         0,         0,   0.001,decoder_by_matrix,beec9fd12293a9cfe53c9b61fb8ce2a525e4eed38fa75d132d6dc64699336876,"{""distance"":3,""physical_error_rate"":0.0001}","{""detectors_checked"":55296}"
      7168,         0,         0,   0.529,decoder_by_matrix,beec9fd12293a9cfe53c9b61fb8ce2a525e4eed38fa75d132d6dc64699336876,"{""distance"":3,""physical_error_rate"":0.0001}","{""detection_events"":123,""detectors_checked"":387072}"
      4096,         0,         0,   0.110,decoder_by_matrix,beec9fd12293a9cfe53c9b61fb8ce2a525e4eed38fa75d132d6dc64699336876,"{""distance"":3,""physical_error_rate"":0.0001}","{""detection_events"":57,""detectors_checked"":221184}"
      7168,         0,         0,   0.275,decoder_by_matrix,beec9fd12293a9cfe53c9b61fb8ce2a525e4eed38fa75d132d6dc64699336876,"{""distance"":3,""physical_error_rate"":0.0001}","{""detection_events"":117,""detectors_checked"":387072}"
      4096,         0,         0,   0.145,decoder_by_matrix,beec9fd12293a9cfe53c9b61fb8ce2a525e4eed38fa75d132d6dc64699336876,"{""distance"":3,""physical_error_rate"":0.0001}","{""detection_events"":93,""detectors_checked"":221184}"
      3072,         0,         0,   0.185,decoder_by_matrix,beec9fd12293a9cfe53c9b61fb8ce2a525e4eed38fa75d132d6dc64699336876,"{""distance"":3,""physical_error_rate"":0.0001}","{""detection_events"":63,""detectors_checked"":165888}"
      9216,         0,         0,   0.317,decoder_by_matrix,beec9fd12293a9cfe53c9b61fb8ce2a525e4eed38fa75d132d6dc64699336876,"{""distance"":3,""physical_error_rate"":0.0001}","{""detection_events"":126,""detectors_checked"":497664}"
      9216,         0,         0,   0.320,decoder_by_matrix,beec9fd12293a9cfe53c9b61fb8ce2a525e4eed38fa75d132d6dc64699336876,"{""distance"":3,""physical_error_rate"":0.0001}","{""detection_events"":132,""detectors_checked"":497664}"
     10240,         0,         0,   0.350,decoder_by_matrix,beec9fd12293a9cfe53c9b61fb8ce2a525e4eed38fa75d132d6dc64699336876,"{""distance"":3,""physical_error_rate"":0.0001}","{""detection_events"":180,""detectors_checked"":552960}"
      7168,         0,         0,   0.235,decoder_by_matrix,beec9fd12293a9cfe53c9b61fb8ce2a525e4eed38fa75d132d6dc64699336876,"{""distance"":3,""physical_error_rate"":0.0001}","{""detection_events"":126,""detectors_checked"":387072}"
      4096,         0,         0,   0.293,decoder_by_matrix,beec9fd12293a9cfe53c9b61fb8ce2a525e4eed38fa75d132d6dc64699336876,"{""distance"":3,""physical_error_rate"":0.0001}","{""detection_events"":51,""detectors_checked"":221184}"
      7168,         0,         0,   0.114,decoder_by_matrix,beec9fd12293a9cfe53c9b61fb8ce2a525e4eed38fa75d132d6dc64699336876,"{""distance"":3,""physical_error_rate"":0.0001}","{""detection_events"":84,""detectors_checked"":387072}"
      4096,         0,         0,   0.306,decoder_by_matrix,beec9fd12293a9cfe53c9b61fb8ce2a525e4eed38fa75d132d6dc64699336876,"{""distance"":3,""physical_error_rate"":0.0001}","{""detection_events"":90,""detectors_checked"":221184}"
      8192,         0,         0,   0.230,decoder_by_matrix,beec9fd12293a9cfe53c9b61fb8ce2a525e4eed38fa75d132d6dc64699336876,"{""distance"":3,""physical_error_rate"":0.0001}","{""detection_events"":69,""detectors_checked"":442368}"
      1024,         0,         0,   0.002,decoder_by_matrix,beec9fd12293a9cfe53c9b61fb8ce2a525e4eed38fa75d132d6dc64699336876,"{""distance"":3,""physical_error_rate"":0.0001}","{""detection_events"":3,""detectors_checked"":55296}"
      5120,         0,         0,   0.293,decoder_by_matrix,beec9fd12293a9cfe53c9b61fb8ce2a525e4eed38fa75d132d6dc64699336876,"{""distance"":3,""physical_error_rate"":0.0001}","{""detection_events"":138,""detectors_checked"":276480}"
      1024,         0,         0,   0.002,decoder_by_matrix,beec9fd12293a9cfe53c9b61fb8ce2a525e4eed38fa75d132d6dc64699336876,"{""distance"":3,""physical_error_rate"":0.0001}","{""detection_events"":3,""detectors_checked"":55296}"
      5120,         0,         0,   0.279,decoder_by_matrix,beec9fd12293a9cfe53c9b61fb8ce2a525e4eed38fa75d132d6dc64699336876,"{""distance"":3,""physical_error_rate"":0.0001}","{""detection_events"":87,""detectors_checked"":276480}"
      1024,         0,         0,   0.002,decoder_by_matrix,beec9fd12293a9cfe53c9b61fb8ce2a525e4eed38fa75d132d6dc64699336876,"{""distance"":3,""physical_error_rate"":0.0001}","{""detection_events"":3,""detectors_checked"":55296}"
      6144,         0,         0,   0.323,decoder_by_matrix,beec9fd12293a9cfe53c9b61fb8ce2a525e4eed38fa75d132d6dc64699336876,"{""distance"":3,""physical_error_rate"":0.0001}","{""detection_events"":87,""detectors_checked"":331776}"
      1024,         0,         0,   0.002,decoder_by_matrix,beec9fd12293a9cfe53c9b61fb8ce2a525e4eed38fa75d132d6dc64699336876,"{""distance"":3,""physical_error_rate"":0.0001}","{""detection_events"":27,""detectors_checked"":55296}"
      5120,         0,         0,   0.466,decoder_by_matrix,beec9fd12293a9cfe53c9b61fb8ce2a525e4eed38fa75d132d6dc64699336876,"{""distance"":3,""physical_error_rate"":0.0001}","{""detection_events"":87,""detectors_checked"":276480}"
      1024,         0,         0,   0.001,decoder_by_matrix,beec9fd12293a9cfe53c9b61fb8ce2a525e4eed38fa75d132d6dc64699336876,"{""distance"":3,""physical_error_rate"":0.0001}","{""detectors_checked"":55296}"
      9216,         0,         0,   0.335,decoder_by_matrix,beec9fd12293a9cfe53c9b61fb8ce2a525e4eed38fa75d132d6dc64699336876,"{""distance"":3,""physical_error_rate"":0.0001}","{""detection_events"":114,""detectors_checked"":497664}"
      1024,         0,         0,   0.002,decoder_by_matrix,beec9fd12293a9cfe53c9b61fb8ce2a525e4eed38fa75d132d6dc64699336876,"{""distance"":3,""physical_error_rate"":0.0001}","{""detection_events"":42,""detectors_checked"":55296}"
     10240,         0,         0,   0.376,decoder_by_matrix,beec9fd12293a9cfe53c9b61fb8ce2a525e4eed38fa75d132d6dc64699336876,"{""distance"":3,""physical_error_rate"":0.0001}","{""detection_events"":213,""detectors_checked"":552960}"
      1024,         0,         0,   0.002,decoder_by_matrix,beec9fd12293a9cfe53c9b61fb8ce2a525e4eed38fa75d132d6dc64699336876,"{""distance"":3,""physical_error_rate"":0.0001}","{""detection_events"":12,""detectors_checked"":55296}"
      4096,         0,         0,   0.333,decoder_by_matrix,beec9fd12293a9cfe53c9b61fb8ce2a525e4eed38fa75d132d6dc64699336876,"{""distance"":3,""physical_error_rate"":0.0001}","{""detection_events"":36,""detectors_checked"":221184}"
      1024,         0,         0,   0.002,decoder_by_matrix,beec9fd12293a9cfe53c9b61fb8ce2a525e4eed38fa75d132d6dc64699336876,"{""distance"":3,""physical_error_rate"":0.0001}","{""detection_events"":18,""detectors_checked"":55296}"
      4096,         0,         0,   0.337,decoder_by_matrix,beec9fd12293a9cfe53c9b61fb8ce2a525e4eed38fa75d132d6dc64699336876,"{""distance"":3,""physical_error_rate"":0.0001}","{""detection_events"":105,""detectors_checked"":221184}"
      1024,         0,         0,   0.001,decoder_by_matrix,beec9fd12293a9cfe53c9b61fb8ce2a525e4eed38fa75d132d6dc64699336876,"{""distance"":3,""physical_error_rate"":0.0001}","{""detectors_checked"":55296}"
      7168,         0,         0,   0.491,decoder_by_matrix,beec9fd12293a9cfe53c9b61fb8ce2a525e4eed38fa75d132d6dc64699336876,"{""distance"":3,""physical_error_rate"":0.0001}","{""detection_events"":33,""detectors_checked"":387072}"
     10240,         0,         0,   0.624,decoder_by_matrix,beec9fd12293a9cfe53c9b61fb8ce2a525e4eed38fa75d132d6dc64699336876,"{""distance"":3,""physical_error_rate"":0.0001}","{""detection_events"":165,""detectors_checked"":552960}"
      6144,         0,         0,   0.106,decoder_by_matrix,beec9fd12293a9cfe53c9b61fb8ce2a525e4eed38fa75d132d6dc64699336876,"{""distance"":3,""physical_error_rate"":0.0001}","{""detection_events"":117,""detectors_checked"":331776}"
      1024,         0,         0,   0.002,decoder_by_matrix,beec9fd12293a9cfe53c9b61fb8ce2a525e4eed38fa75d132d6dc64699336876,"{""distance"":3,""physical_error_rate"":0.0001}","{""detection_events"":12,""detectors_checked"":55296}"
      4096,         0,         0,   0.095,decoder_by_matrix,beec9fd12293a9cfe53c9b61fb8ce2a525e4eed38fa75d132d6dc64699336876,"{""distance"":3,""physical_error_rate"":0.0001}","{""detection_events"":42,""detectors_checked"":221184}"
      4096,         0,         0,   0.093,decoder_by_matrix,beec9fd12293a9cfe53c9b61fb8ce2a525e4eed38fa75d132d6dc64699336876,"{""distance"":3,""physical_error_rate"":0.0001}","{""detection_events"":78,""detectors_checked"":221184}"
      3072,         0,         0,   0.128,decoder_by_matrix,beec9fd12293a9cfe53c9b61fb8ce2a525e4eed38fa75d132d6dc64699336876,"{""distance"":3,""physical_error_rate"":0.0001}","{""detection_events"":48,""detectors_checked"":165888}"
      3072,         0,         0,   0.144,decoder_by_matrix,beec9fd12293a9cfe53c9b61fb8ce2a525e4eed38fa75d132d6dc64699336876,"{""distance"":3,""physical_error_rate"":0.0001}","{""detection_events"":69,""detectors_checked"":165888}"
     11264,         0,         0,   0.562,decoder_by_matrix,beec9fd12293a9cfe53c9b61fb8ce2a525e4eed38fa75d132d6dc64699336876,"{""distance"":3,""physical_error_rate"":0.0001}","{""detection_events"":123,""detectors_checked"":608256}"
      8192,         0,         0,   0.617,decoder_by_matrix,beec9fd12293a9cfe53c9b61fb8ce2a525e4eed38fa75d132d6dc64699336876,"{""distance"":3,""physical_error_rate"":0.0001}","{""detection_events"":90,""detectors_checked"":442368}"
      4096,         0,         0,   0.167,decoder_by_matrix,beec9fd12293a9cfe53c9b61fb8ce2a525e4eed38fa75d132d6dc64699336876,"{""distance"":3,""physical_error_rate"":0.0001}","{""detection_events"":27,""detectors_checked"":221184}"
      3072,         0,         0,   0.165,decoder_by_matrix,beec9fd12293a9cfe53c9b61fb8ce2a525e4eed38fa75d132d6dc64699336876,"{""distance"":3,""physical_error_rate"":0.0001}","{""detection_events"":54,""detectors_checked"":165888}"
      3072,         0,         0,   0.164,decoder_by_matrix,beec9fd12293a9cfe53c9b61fb8ce2a525e4eed38fa75d132d6dc64699336876,"{""distance"":3,""physical_error_rate"":0.0001}","{""detection_events"":108,""detectors_checked"":165888}"
      9216,         0,         0,   0.112,decoder_by_matrix,beec9fd12293a9cfe53c9b61fb8ce2a525e4eed38fa75d132d6dc64699336876,"{""distance"":3,""physical_error_rate"":0.0001}","{""detection_events"":99,""detectors_checked"":497664}"
      6144,         0,         0,   0.112,decoder_by_matrix,beec9fd12293a9cfe53c9b61fb8ce2a525e4eed38fa75d132d6dc64699336876,"{""distance"":3,""physical_error_rate"":0.0001}","{""detection_events"":90,""detectors_checked"":331776}"
     11264,         0,         0,   0.308,decoder_by_matrix,beec9fd12293a9cfe53c9b61fb8ce2a525e4eed38fa75d132d6dc64699336876,"{""distance"":3,""physical_error_rate"":0.0001}","{""detection_events"":168,""detectors_checked"":608256}"
      1024,         0,         0,   0.002,decoder_by_matrix,beec9fd12293a9cfe53c9b61fb8ce2a525e4eed38fa75d132d6dc64699336876,"{""distance"":3,""physical_error_rate"":0.0001}","{""detection_events"":3,""detectors_checked"":55296}"
      7168,         0,         0,   0.259,decoder_by_matrix,beec9fd12293a9cfe53c9b61fb8ce2a525e4eed38fa75d132d6dc64699336876,"{""distance"":3,""physical_error_rate"":0.0001}","{""detection_events"":90,""detectors_checked"":387072}"
     10240,         0,         0,   0.317,decoder_by_matrix,beec9fd12293a9cfe53c9b61fb8ce2a525e4eed38fa75d132d6dc64699336876,"{""distance"":3,""physical_error_rate"":0.0001}","{""detection_events"":144,""detectors_checked"":552960}"
      1024,         0,         0,   0.002,decoder_by_matrix,beec9fd12293a9cfe53c9b61fb8ce2a525e4eed38fa75d132d6dc64699336876,"{""distance"":3,""physical_error_rate"":0.0001}","{""detection_events"":6,""detectors_checked"":55296}"
      3072,         0,         0,   0.192,decoder_by_matrix,beec9fd12293a9cfe53c9b61fb8ce2a525e4eed38fa75d132d6dc64699336876,"{""distance"":3,""physical_error_rate"":0.0001}","{""detection_events"":36,""detectors_checked"":165888}"
      1024,         0,         0,   0.002,decoder_by_matrix,beec9fd12293a9cfe53c9b61fb8ce2a525e4eed38fa75d132d6dc64699336876,"{""distance"":3,""physical_error_rate"":0.0001}","{""detection_events"":18,""detectors_checked"":55296}"
      6144,         0,         0,   0.271,decoder_by_matrix,beec9fd12293a9cfe53c9b61fb8ce2a525e4eed38fa75d132d6dc64699336876,"{""distance"":3,""physical_error_rate"":0.0001}","{""detection_events"":78,""detectors_checked"":331776}"
      8192,         0,         0,   0.282,decoder_by_matrix,beec9fd12293a9cfe53c9b61fb8ce2a525e4eed38fa75d132d6dc64699336876,"{""distance"":3,""physical_error_rate"":0.0001}","{""detection_events"":123,""detectors_checked"":442368}"
      2048,         0,         0,   0.031,decoder_by_matrix,beec9fd12293a9cfe53c9b61fb8ce2a525e4eed38fa75d132d6dc64699336876,"{""distance"":3,""physical_error_rate"":0.0001}","{""detection_events"":51,""detectors_checked"":110592}"
      5120,         0,         0,   0.434,decoder_by_matrix,beec9fd12293a9cfe53c9b61fb8ce2a525e4eed38fa75d132d6dc64699336876,"{""distance"":3,""physical_error_rate"":0.0001}","{""detection_events"":84,""detectors_checked"":276480}"
      4096,         0,         0,   0.040,decoder_by_matrix,beec9fd12293a9cfe53c9b61fb8ce2a525e4eed38fa75d132d6dc64699336876,"{""distance"":3,""physical_error_rate"":0.0001}","{""detection_events"":39,""detectors_checked"":221184}"
     10240,         0,         0,   0.619,decoder_by_matrix,beec9fd12293a9cfe53c9b61fb8ce2a525e4eed38fa75d132d6dc64699336876,"{""distance"":3,""physical_error_rate"":0.0001}","{""detection_events"":165,""detectors_checked"":552960}"
     10240,         0,         0,   0.627,decoder_by_matrix,beec9fd12293a9cfe53c9b61fb8ce2a525e4eed38fa75d132d6dc64699336876,"{""distance"":3,""physical_error_rate"":0.0001}","{""detection_events"":162,""detectors_checked"":552960}"
      7168,         0,         0,   0.357,decoder_by_matrix,beec9fd12293a9cfe53c9b61fb8ce2a525e4eed38fa75d132d6dc64699336876,"{""distance"":3,""physical_error_rate"":0.0001}","{""detection_events"":72,""detectors_checked"":387072}"
      7168,         0,         0,   0.369,decoder_by_matrix,beec9fd12293a9cfe53c9b61fb8ce2a525e4eed38fa75d132d6dc64699336876,"{""distance"":3,""physical_error_rate"":0.0001}","{""detection_events"":96,""detectors_checked"":387072}"
      9216,         0,         0,   0.592,decoder_by_matrix,beec9fd12293a9cfe53c9b61fb8ce2a525e4eed38fa75d132d6dc64699336876,"{""distance"":3,""physical_error_rate"":0.0001}","{""detection_events"":159,""detectors_checked"":497664}"
      6144,         0,         0,   0.384,decoder_by_matrix,beec9fd12293a9cfe53c9b61fb8ce2a525e4eed38fa75d132d6dc64699336876,"{""distance"":3,""physical_error_rate"":0.0001}","{""detection_events"":78,""detectors_checked"":331776}"
      3072,         0,         0,   0.094,decoder_by_matrix,beec9fd12293a9cfe53c9b61fb8ce2a525e4eed38fa75d132d6dc64699336876,"{""distance"":3,""physical_error_rate"":0.0001}","{""detection_events"":36,""detectors_checked"":165888}"
      6144,         0,         0,   0.555,decoder_by_matrix,beec9fd12293a9cfe53c9b61fb8ce2a525e4eed38fa75d132d6dc64699336876,"{""distance"":3,""physical_error_rate"":0.0001}","{""detection_events"":108,""detectors_checked"":331776}"
     10240,         0,         0,   0.473,decoder_by_matrix,beec9fd12293a9cfe53c9b61fb8ce2a525e4eed38fa75d132d6dc64699336876,"{""distance"":3,""physical_error_rate"":0.0001}","{""detection_events"":87,""detectors_checked"":552960}"
      8192,         0,         0,   0.295,decoder_by_matrix,beec9fd12293a9cfe53c9b61fb8ce2a525e4eed38fa75d132d6dc64699336876,"{""distance"":3,""physical_error_rate"":0.0001}","{""detection_events"":57,""detectors_checked"":442368}"
      7168,         0,         0,   0.421,decoder_by_matrix,beec9fd12293a9cfe53c9b61fb8ce2a525e4eed38fa75d132d6dc64699336876,"{""distance"":3,""physical_error_rate"":0.0001}","{""detection_events"":90,""detectors_checked"":387072}"
      5120,         0,         0,   0.161,decoder_by_matrix,beec9fd12293a9cfe53c9b61fb8ce2a525e4eed38fa75d132d6dc64699336876,"{""distance"":3,""physical_error_rate"":0.0001}","{""detection_events"":108,""detectors_checked"":276480}"
      8192,         0,         0,   0.502,decoder_by_matrix,beec9fd12293a9cfe53c9b61fb8ce2a525e4eed38fa75d132d6dc64699336876,"{""distance"":3,""physical_error_rate"":0.0001}","{""detection_events"":96,""detectors_checked"":442368}"
      5120,         0,         0,   0.161,decoder_by_matrix,beec9fd12293a9cfe53c9b61fb8ce2a525e4eed38fa75d132d6dc64699336876,"{""distance"":3,""physical_error_rate"":0.0001}","{""detection_events"":72,""detectors_checked"":276480}"
      6144,         0,         0,   0.209,decoder_by_matrix,beec9fd12293a9cfe53c9b61fb8ce2a525e4eed38fa75d132d6dc64699336876,"{""distance"":3,""physical_error_rate"":0.0001}","{""detection_events"":78,""detectors_checked"":331776}"
      7168,         0,         0,   0.537,decoder_by_matrix,beec9fd12293a9cfe53c9b61fb8ce2a525e4eed38fa75d132d6dc64699336876,"{""distance"":3,""physical_error_rate"":0.0001}","{""detection_events"":144,""detectors_checked"":387072}"
      6144,         0,         0,   0.470,decoder_by_matrix,beec9fd12293a9cfe53c9b61fb8ce2a525e4eed38fa75d132d6dc64699336876,"{""distance"":3,""physical_error_rate"":0.0001}","{""detection_events"":105,""detectors_checked"":331776}"
      6144,         0,         0,   0.465,decoder_by_matrix,beec9fd12293a9cfe53c9b61fb8ce2a525e4eed38fa75d132d6dc64699336876,"{""distance"":3,""physical_error_rate"":0.0001}","{""detection_events"":108,""detectors_checked"":331776}"
     13312,         0,         0,   0.823,decoder_by_matrix,beec9fd12293a9cfe53c9b61fb8ce2a525e4eed38fa75d132d6dc64699336876,"{""distance"":3,""physical_error_rate"":0.0001}","{""detection_events"":147,""detectors_checked"":718848}"
     12288,         0,         0,   0.597,decoder_by_matrix,beec9fd12293a9cfe53c9b61fb8ce2a525e4eed38fa75d132d6dc64699336876,"{""distance"":3,""physical_error_rate"":0.0001}","{""detection_events"":165,""detectors_checked"":663552}"
      8192,         0,         0,   0.574,decoder_by_matrix,beec9fd12293a9cfe53c9b61fb8ce2a525e4eed38fa75d132d6dc64699336876,"{""distance"":3,""physical_error_rate"":0.0001}","{""detection_events"":114,""detectors_checked"":442368}"
      9216,         0,         0,   0.575,decoder_by_matrix,beec9fd12293a9cfe53c9b61fb8ce2a525e4eed38fa75d132d6dc64699336876,"{""distance"":3,""physical_error_rate"":0.0001}","{""detection_events"":138,""detectors_checked"":497664}"
      8192,         0,         0,   0.571,decoder_by_matrix,beec9fd12293a9cfe53c9b61fb8ce2a525e4eed38fa75d132d6dc64699336876,"{""distance"":3,""physical_error_rate"":0.0001}","{""detection_events"":111,""detectors_checked"":442368}"
      3072,         0,         0,   0.260,decoder_by_matrix,beec9fd12293a9cfe53c9b61fb8ce2a525e4eed38fa75d132d6dc64699336876,"{""distance"":3,""physical_error_rate"":0.0001}","{""detection_events"":66,""detectors_checked"":165888}"
     11264,         0,         0,   0.724,decoder_by_matrix,beec9fd12293a9cfe53c9b61fb8ce2a525e4eed38fa75d132d6dc64699336876,"{""distance"":3,""physical_error_rate"":0.0001}","{""detection_events"":108,""detectors_checked"":608256}"
      7168,         0,         0,   0.432,decoder_by_matrix,beec9fd12293a9cfe53c9b61fb8ce2a525e4eed38fa75d132d6dc64699336876,"{""distance"":3,""physical_error_rate"":0.0001}","{""detection_events"":33,""detectors_checked"":387072}"
      6144,         0,         0,   0.074,decoder_by_matrix,beec9fd12293a9cfe53c9b61fb8ce2a525e4eed38fa75d132d6dc64699336876,"{""distance"":3,""physical_error_rate"":0.0001}","{""detection_events"":126,""detectors_checked"":331776}"
      9216,         0,         0,   0.803,decoder_by_matrix,beec9fd12293a9cfe53c9b61fb8ce2a525e4eed38fa75d132d6dc64699336876,"{""distance"":3,""physical_error_rate"":0.0001}","{""detection_events"":147,""detectors_checked"":497664}"
      6144,         0,         0,   0.474,decoder_by_matrix,beec9fd12293a9cfe53c9b61fb8ce2a525e4eed38fa75d132d6dc64699336876,"{""distance"":3,""physical_error_rate"":0.0001}","{""detection_events"":105,""detectors_checked"":331776}"
      6144,         0,         0,   0.253,decoder_by_matrix,beec9fd12293a9cfe53c9b61fb8ce2a525e4eed38fa75d132d6dc64699336876,"{""distance"":3,""physical_error_rate"":0.0001}","{""detection_events"":99,""detectors_checked"":331776}"
      5120,         0,         0,   0.488,decoder_by_matrix,beec9fd12293a9cfe53c9b61fb8ce2a525e4eed38fa75d132d6dc64699336876,"{""distance"":3,""physical_error_rate"":0.0001}","{""detection_events"":87,""detectors_checked"":276480}"
      5120,         0,         0,   0.512,decoder_by_matrix,beec9fd12293a9cfe53c9b61fb8ce2a525e4eed38fa75d132d6dc64699336876,"{""distance"":3,""physical_error_rate"":0.0001}","{""detection_events"":87,""detectors_checked"":276480}"
      8192,         0,         0,   0.673,decoder_by_matrix,beec9fd12293a9cfe53c9b61fb8ce2a525e4eed38fa75d132d6dc64699336876,"{""distance"":3,""physical_error_rate"":0.0001}","{""detection_events"":132,""detectors_checked"":442368}"
      6144,         0,         0,   0.604,decoder_by_matrix,beec9fd12293a9cfe53c9b61fb8ce2a525e4eed38fa75d132d6dc64699336876,"{""distance"":3,""physical_error_rate"":0.0001}","{""detection_events"":147,""detectors_checked"":331776}"
      9216,         0,         0,   0.775,decoder_by_matrix,beec9fd12293a9cfe53c9b61fb8ce2a525e4eed38fa75d132d6dc64699336876,"{""distance"":3,""physical_error_rate"":0.0001}","{""detection_events"":156,""detectors_checked"":497664}"
      5120,         0,         0,   0.450,decoder_by_matrix,beec9fd12293a9cfe53c9b61fb8ce2a525e4eed38fa75d132d6dc64699336876,"{""distance"":3,""physical_error_rate"":0.0001}","{""detection_events"":141,""detectors_checked"":276480}"
      5120,         0,         0,   0.450,decoder_by_matrix,beec9fd12293a9cfe53c9b61fb8ce2a525e4eed38fa75d132d6dc64699336876,"{""distance"":3,""physical_error_rate"":0.0001}","{""detection_events"":135,""detectors_checked"":276480}"
      7168,         0,         0,   0.727,decoder_by_matrix,beec9fd12293a9cfe53c9b61fb8ce2a525e4eed38fa75d132d6dc64699336876,"{""distance"":3,""physical_error_rate"":0.0001}","{""detection_events"":156,""detectors_checked"":387072}"
      8192,         0,         0,   0.728,decoder_by_matrix,beec9fd12293a9cfe53c9b61fb8ce2a525e4eed38fa75d132d6dc64699336876,"{""distance"":3,""physical_error_rate"":0.0001}","{""detection_events"":174,""detectors_checked"":442368}"
      7168,         0,         0,   0.468,decoder_by_matrix,beec9fd12293a9cfe53c9b61fb8ce2a525e4eed38fa75d132d6dc64699336876,"{""distance"":3,""physical_error_rate"":0.0001}","{""detection_events"":90,""detectors_checked"":387072}"
      8192,         0,         0,   0.764,decoder_by_matrix,beec9fd12293a9cfe53c9b61fb8ce2a525e4eed38fa75d132d6dc64699336876,"{""distance"":3,""physical_error_rate"":0.0001}","{""detection_events"":72,""detectors_checked"":442368}"
      7168,         0,         0,   0.708,decoder_by_matrix,beec9fd12293a9cfe53c9b61fb8ce2a525e4eed38fa75d132d6dc64699336876,"{""distance"":3,""physical_error_rate"":0.0001}","{""detection_events"":108,""detectors_checked"":387072}"
      8192,         0,         0,   0.777,decoder_by_matrix,beec9fd12293a9cfe53c9b61fb8ce2a525e4eed38fa75d132d6dc64699336876,"{""distance"":3,""physical_error_rate"":0.0001}","{""detection_events"":135,""detectors_checked"":442368}"
      7168,         0,         0,   0.776,decoder_by_matrix,beec9fd12293a9cfe53c9b61fb8ce2a525e4eed38fa75d132d6dc64699336876,"{""distance"":3,""physical_error_rate"":0.0001}","{""detection_events"":174,""detectors_checked"":387072}"
      8192,         0,         0,   0.780,decoder_by_matrix,beec9fd12293a9cfe53c9b61fb8ce2a525e4eed38fa75d132d6dc64699336876,"{""distance"":3,""physical_error_rate"":0.0001}","{""detection_events"":90,""detectors_checked"":442368}"
      8192,         0,         0,   0.742,decoder_by_matrix,beec9fd12293a9cfe53c9b61fb8ce2a525e4eed38fa75d132d6dc64699336876,"{""distance"":3,""physical_error_rate"":0.0001}","{""detection_events"":177,""detectors_checked"":442368}"
      9216,         0,         0,   0.785,decoder_by_matrix,beec9fd12293a9cfe53c9b61fb8ce2a525e4eed38fa75d132d6dc64699336876,"{""distance"":3,""physical_error_rate"":0.0001}","{""detection_events"":141,""detectors_checked"":497664}"
      6144,         0,         0,   0.514,decoder_by_matrix,beec9fd12293a9cfe53c9b61fb8ce2a525e4eed38fa75d132d6dc64699336876,"{""distance"":3,""physical_error_rate"":0.0001}","{""detection_events"":72,""detectors_checked"":331776}"
      9216,         0,         0,   0.668,decoder_by_matrix,beec9fd12293a9cfe53c9b61fb8ce2a525e4eed38fa75d132d6dc64699336876,"{""distance"":3,""physical_error_rate"":0.0001}","{""detection_events"":138,""detectors_checked"":497664}"
     11264,         0,         0,   0.991,decoder_by_matrix,beec9fd12293a9cfe53c9b61fb8ce2a525e4eed38fa75d132d6dc64699336876,"{""distance"":3,""physical_error_rate"":0.0001}","{""detection_events"":261,""detectors_checked"":608256}"
     10240,         0,         0,   0.699,decoder_by_matrix,beec9fd12293a9cfe53c9b61fb8ce2a525e4eed38fa75d132d6dc64699336876,"{""distance"":3,""physical_error_rate"":0.0001}","{""detection_events"":201,""detectors_checked"":552960}"
      8192,         0,         0,   0.572,decoder_by_matrix,beec9fd12293a9cfe53c9b61fb8ce2a525e4eed38fa75d132d6dc64699336876,"{""distance"":3,""physical_error_rate"":0.0001}","{""detection_events"":66,""detectors_checked"":442368}"
      9216,         0,         0,   0.717,decoder_by_matrix,beec9fd12293a9cfe53c9b61fb8ce2a525e4eed38fa75d132d6dc64699336876,"{""distance"":3,""physical_error_rate"":0.0001}","{""detection_events"":135,""detectors_checked"":497664}"
     10240,         0,         0,    1.04,decoder_by_matrix,beec9fd12293a9cfe53c9b61fb8ce2a525e4eed38fa75d132d6dc64699336876,"{""distance"":3,""physical_error_rate"":0.0001}","{""detection_events"":114,""detectors_checked"":552960}"
      8192,         0,         0,   0.503,decoder_by_matrix,beec9fd12293a9cfe53c9b61fb8ce2a525e4eed38fa75d132d6dc64699336876,"{""distance"":3,""physical_error_rate"":0.0001}","{""detection_events"":102,""detectors_checked"":442368}"
      8192,         0,         0,   0.749,decoder_by_matrix,beec9fd12293a9cfe53c9b61fb8ce2a525e4eed38fa75d132d6dc64699336876,"{""distance"":3,""physical_error_rate"":0.0001}","{""detection_events"":177,""detectors_checked"":442368}"
      9216,         0,         0,   0.778,decoder_by_matrix,beec9fd12293a9cfe53c9b61fb8ce2a525e4eed38fa75d132d6dc64699336876,"{""distance"":3,""physical_error_rate"":0.0001}","{""detection_events"":189,""detectors_checked"":497664}"
      8192,         0,         0,   0.773,decoder_by_matrix,beec9fd12293a9cfe53c9b61fb8ce2a525e4eed38fa75d132d6dc64699336876,"{""distance"":3,""physical_error_rate"":0.0001}","{""detection_events"":153,""detectors_checked"":442368}"
     10240,         0,         0,    1.04,decoder_by_matrix,beec9fd12293a9cfe53c9b61fb8ce2a525e4eed38fa75d132d6dc64699336876,"{""distance"":3,""physical_error_rate"":0.0001}","{""detection_events"":171,""detectors_checked"":552960}"
     10240,         0,         0,    1.03,decoder_by_matrix,beec9fd12293a9cfe53c9b61fb8ce2a525e4eed38fa75d132d6dc64699336876,"{""distance"":3,""physical_error_rate"":0.0001}","{""detection_events"":129,""detectors_checked"":552960}"
     11264,         0,         0,   0.774,decoder_by_matrix,beec9fd12293a9cfe53c9b61fb8ce2a525e4eed38fa75d132d6dc64699336876,"{""distance"":3,""physical_error_rate"":0.0001}","{""detection_events"":210,""detectors_checked"":608256}"
     12288,         0,         0,   0.777,decoder_by_matrix,beec9fd12293a9cfe53c9b61fb8ce2a525e4eed38fa75d132d6dc64699336876,"{""distance"":3,""physical_error_rate"":0.0001}","{""detection_events"":198,""detectors_checked"":663552}"
     11264,         0,         0,    1.03,decoder_by_matrix,beec9fd12293a9cfe53c9b61fb8ce2a525e4eed38fa75d132d6dc64699336876,"{""distance"":3,""physical_error_rate"":0.0001}","{""detection_events"":204,""detectors_checked"":608256}"
     13312,         0,         0,    1.04,decoder_by_matrix,beec9fd12293a9cfe53c9b61fb8ce2a525e4eed38fa75d132d6dc64699336876,"{""distance"":3,""physical_error_rate"":0.0001}","{""detection_events"":180,""detectors_checked"":718848}"
     10240,         0,         0,    1.03,decoder_by_matrix,beec9fd12293a9cfe53c9b61fb8ce2a525e4eed38fa75d132d6dc64699336876,"{""distance"":3,""physical_error_rate"":0.0001}","{""detection_events"":225,""detectors_checked"":552960}"
     10240,         0,         0,   0.932,decoder_by_matrix,beec9fd12293a9cfe53c9b61fb8ce2a525e4eed38fa75d132d6dc64699336876,"{""distance"":3,""physical_error_rate"":0.0001}","{""detection_events"":150,""detectors_checked"":552960}"
     11264,         0,         0,    1.03,decoder_by_matrix,beec9fd12293a9cfe53c9b61fb8ce2a525e4eed38fa75d132d6dc64699336876,"{""distance"":3,""physical_error_rate"":0.0001}","{""detection_events"":192,""detectors_checked"":608256}"
      8192,         0,         0,   0.771,decoder_by_matrix,beec9fd12293a9cfe53c9b61fb8ce2a525e4eed38fa75d132d6dc64699336876,"{""distance"":3,""physical_error_rate"":0.0001}","{""detection_events"":165,""detectors_checked"":442368}"
     11264,         0,         0,    1.03,decoder_by_matrix,beec9fd12293a9cfe53c9b61fb8ce2a525e4eed38fa75d132d6dc64699336876,"{""distance"":3,""physical_error_rate"":0.0001}","{""detection_events"":135,""detectors_checked"":608256}"
     12288,         0,         0,    1.03,decoder_by_matrix,beec9fd12293a9cfe53c9b61fb8ce2a525e4eed38fa75d132d6dc64699336876,"{""distance"":3,""physical_error_rate"":0.0001}","{""detection_events"":156,""detectors_checked"":663552}"
     10240,         0,         0,    1.03,decoder_by_matrix,beec9fd12293a9cfe53c9b61fb8ce2a525e4eed38fa75d132d6dc64699336876,"{""distance"":3,""physical_error_rate"":0.0001}","{""detection_events"":210,""detectors_checked"":552960}"
     12288,         0,         0,    1.04,decoder_by_matrix,beec9fd12293a9cfe53c9b61fb8ce2a525e4eed38fa75d132d6dc64699336876,"{""distance"":3,""physical_error_rate"":0.0001}","{""detection_events"":102,""detectors_checked"":663552}"
     11264,         0,         0,    1.04,decoder_by_matrix,beec9fd12293a9cfe53c9b61fb8ce2a525e4eed38fa75d132d6dc64699336876,"{""distance"":3,""physical_error_rate"":0.0001}","{""detection_events"":135,""detectors_checked"":608256}"
     11264,         0,         0,    1.03,decoder_by_matrix,beec9fd12293a9cfe53c9b61fb8ce2a525e4eed38fa75d132d6dc64699336876,"{""distance"":3,""physical_error_rate"":0.0001}","{""detection_events"":120,""detectors_checked"":608256}"
     12288,         0,         0,    1.02,decoder_by_matrix,beec9fd12293a9cfe53c9b61fb8ce2a525e4eed38fa75d132d6dc64699336876,"{""distance"":3,""physical_error_rate"":0.0001}","{""detection_events"":126,""detectors_checked"":663552}"
     12288,         0,         0,   0.775,decoder_by_matrix,beec9fd12293a9cfe53c9b61fb8ce2a525e4eed38fa75d132d6dc64699336876,"{""distance"":3,""physical_error_rate"":0.0001}","{""detection_events"":114,""detectors_checked"":663552}"
     10240,         0,         0,   0.774,decoder_by_matrix,beec9fd12293a9cfe53c9b61fb8ce2a525e4eed38fa75d132d6dc64699336876,"{""distance"":3,""physical_error_rate"":0.0001}","{""detection_events"":201,""detectors_checked"":552960}"
     12288,         0,         0,    1.03,decoder_by_matrix,beec9fd12293a9cfe53c9b61fb8ce2a525e4eed38fa75d132d6dc64699336876,"{""distance"":3,""physical_error_rate"":0.0001}","{""detection_events"":201,""detectors_checked"":663552}"
     10240,         0,         0,    1.03,decoder_by_matrix,beec9fd12293a9cfe53c9b61fb8ce2a525e4eed38fa75d132d6dc64699336876,"{""distance"":3,""physical_error_rate"":0.0001}","{""detection_events"":150,""detectors_checked"":552960}"
     10240,         0,         0,    1.02,decoder_by_matrix,beec9fd12293a9cfe53c9b61fb8ce2a525e4eed38fa75d132d6dc64699336876,"{""distance"":3,""physical_error_rate"":0.0001}","{""detection_events"":243,""detectors_checked"":552960}"
      9216,         0,         0,   0.778,decoder_by_matrix,beec9fd12293a9cfe53c9b61fb8ce2a525e4eed38fa75d132d6dc64699336876,"{""distance"":3,""physical_error_rate"":0.0001}","{""detection_events"":132,""detectors_checked"":497664}"
     12288,         0,         0,    1.04,decoder_by_matrix,beec9fd12293a9cfe53c9b61fb8ce2a525e4eed38fa75d132d6dc64699336876,"{""distance"":3,""physical_error_rate"":0.0001}","{""detection_events"":195,""detectors_checked"":663552}"
     10240,         0,         0,    1.00,decoder_by_matrix,beec9fd12293a9cfe53c9b61fb8ce2a525e4eed38fa75d132d6dc64699336876,"{""distance"":3,""physical_error_rate"":0.0001}","{""detection_events"":120,""detectors_checked"":552960}"
     13312,         0,         0,    1.29,decoder_by_matrix,beec9fd12293a9cfe53c9b61fb8ce2a525e4eed38fa75d132d6dc64699336876,"{""distance"":3,""physical_error_rate"":0.0001}","{""detection_events"":207,""detectors_checked"":718848}"
     13312,         0,         0,    1.28,decoder_by_matrix,beec9fd12293a9cfe53c9b61fb8ce2a525e4eed38fa75d132d6dc64699336876,"{""distance"":3,""physical_error_rate"":0.0001}","{""detection_events"":147,""detectors_checked"":718848}"
     12288,         0,         0,    1.29,decoder_by_matrix,beec9fd12293a9cfe53c9b61fb8ce2a525e4eed38fa75d132d6dc64699336876,"{""distance"":3,""physical_error_rate"":0.0001}","{""detection_events"":120,""detectors_checked"":663552}"
     12288,         0,         0,    1.26,decoder_by_matrix,beec9fd12293a9cfe53c9b61fb8ce2a525e4eed38fa75d132d6dc64699336876,"{""distance"":3,""physical_error_rate"":0.0001}","{""detection_events"":183,""detectors_checked"":663552}"
     13312,         0,         0,    1.28,decoder_by_matrix,beec9fd12293a9cfe53c9b61fb8ce2a525e4eed38fa75d132d6dc64699336876,"{""distance"":3,""physical_error_rate"":0.0001}","{""detection_events"":201,""detectors_checked"":718848}"
     13312,         0,         0,    1.28,decoder_by_matrix,beec9fd12293a9cfe53c9b61fb8ce2a525e4eed38fa75d132d6dc64699336876,"{""distance"":3,""physical_error_rate"":0.0001}","{""detection_events"":198,""detectors_checked"":718848}"
     14336,         0,         0,    1.28,decoder_by_matrix,beec9fd12293a9cfe53c9b61fb8ce2a525e4eed38fa75d132d6dc64699336876,"{""distance"":3,""physical_error_rate"":0.0001}","{""detection_events"":204,""detectors_checked"":774144}"
     15360,         0,         0,    1.28,decoder_by_matrix,beec9fd12293a9cfe53c9b61fb8ce2a525e4eed38fa75d132d6dc64699336876,"{""distance"":3,""physical_error_rate"":0.0001}","{""detection_events"":165,""detectors_checked"":829440}"
     14336,         0,         0,    1.25,decoder_by_matrix,beec9fd12293a9cfe53c9b61fb8ce2a525e4eed38fa75d132d6dc64699336876,"{""distance"":3,""physical_error_rate"":0.0001}","{""detection_events"":231,""detectors_checked"":774144}"
     14336,         0,         0,    1.03,decoder_by_matrix,beec9fd12293a9cfe53c9b61fb8ce2a525e4eed38fa75d132d6dc64699336876,"{""distance"":3,""physical_error_rate"":0.0001}","{""detection_events"":165,""detectors_checked"":774144}"
     12288,         0,         0,    1.03,decoder_by_matrix,beec9fd12293a9cfe53c9b61fb8ce2a525e4eed38fa75d132d6dc64699336876,"{""distance"":3,""physical_error_rate"":0.0001}","{""detection_events"":198,""detectors_checked"":663552}"
     10240,         0,         0,    1.03,decoder_by_matrix,beec9fd12293a9cfe53c9b61fb8ce2a525e4eed38fa75d132d6dc64699336876,"{""distance"":3,""physical_error_rate"":0.0001}","{""detection_events"":162,""detectors_checked"":552960}"
     13312,         1,         0,    1.28,decoder_by_matrix,beec9fd12293a9cfe53c9b61fb8ce2a525e4eed38fa75d132d6dc64699336876,"{""distance"":3,""physical_error_rate"":0.0001}","{""detection_events"":225,""detectors_checked"":718848,""obs_mistake_mask=E"":1}"
     13312,         0,         0,    1.29,decoder_by_matrix,beec9fd12293a9cfe53c9b61fb8ce2a525e4eed38fa75d132d6dc64699336876,"{""distance"":3,""physical_error_rate"":0.0001}","{""detection_events"":252,""detectors_checked"":718848}"
     12288,         0,         0,    1.22,decoder_by_matrix,beec9fd12293a9cfe53c9b61fb8ce2a525e4eed38fa75d132d6dc64699336876,"{""distance"":3,""physical_error_rate"":0.0001}","{""detection_events"":273,""detectors_checked"":663552}"
     14336,         0,         0,    1.29,decoder_by_matrix,beec9fd12293a9cfe53c9b61fb8ce2a525e4eed38fa75d132d6dc64699336876,"{""distance"":3,""physical_error_rate"":0.0001}","{""detection_events"":189,""detectors_checked"":774144}"
     12288,         0,         0,    1.28,decoder_by_matrix,beec9fd12293a9cfe53c9b61fb8ce2a525e4eed38fa75d132d6dc64699336876,"{""distance"":3,""physical_error_rate"":0.0001}","{""detection_events"":270,""detectors_checked"":663552}"
     13312,         0,         0,    1.03,decoder_by_matrix,beec9fd12293a9cfe53c9b61fb8ce2a525e4eed38fa75d132d6dc64699336876,"{""distance"":3,""physical_error_rate"":0.0001}","{""detection_events"":180,""detectors_checked"":718848}"
     13312,         0,         0,    1.28,decoder_by_matrix,beec9fd12293a9cfe53c9b61fb8ce2a525e4eed38fa75d132d6dc64699336876,"{""distance"":3,""physical_error_rate"":0.0001}","{""detection_events"":192,""detectors_checked"":718848}"
     13312,         0,         0,    1.28,decoder_by_matrix,beec9fd12293a9cfe53c9b61fb8ce2a525e4eed38fa75d132d6dc64699336876,"{""distance"":3,""physical_error_rate"":0.0001}","{""detection_events"":171,""detectors_checked"":718848}"
     14336,         0,         0,    1.28,decoder_by_matrix,beec9fd12293a9cfe53c9b61fb8ce2a525e4eed38fa75d132d6dc64699336876,"{""distance"":3,""physical_error_rate"":0.0001}","{""detection_events"":129,""detectors_checked"":774144}"
     14336,         0,         0,    1.30,decoder_by_matrix,beec9fd12293a9cfe53c9b61fb8ce2a525e4eed38fa75d132d6dc64699336876,"{""distance"":3,""physical_error_rate"":0.0001}","{""detection_events"":198,""detectors_checked"":774144}"
     13312,         0,         0,    1.29,decoder_by_matrix,beec9fd12293a9cfe53c9b61fb8ce2a525e4eed38fa75d132d6dc64699336876,"{""distance"":3,""physical_error_rate"":0.0001}","{""detection_events"":168,""detectors_checked"":718848}"
     12288,         0,         0,    1.28,decoder_by_matrix,beec9fd12293a9cfe53c9b61fb8ce2a525e4eed38fa75d132d6dc64699336876,"{""distance"":3,""physical_error_rate"":0.0001}","{""detection_events"":264,""detectors_checked"":663552}"
     13312,         0,         0,    1.29,decoder_by_matrix,beec9fd12293a9cfe53c9b61fb8ce2a525e4eed38fa75d132d6dc64699336876,"{""distance"":3,""physical_error_rate"":0.0001}","{""detection_events"":186,""detectors_checked"":718848}"
     13312,         0,         0,    1.33,decoder_by_matrix,beec9fd12293a9cfe53c9b61fb8ce2a525e4eed38fa75d132d6dc64699336876,"{""distance"":3,""physical_error_rate"":0.0001}","{""detection_events"":288,""detectors_checked"":718848}"
     13312,         0,         0,    1.29,decoder_by_matrix,beec9fd12293a9cfe53c9b61fb8ce2a525e4eed38fa75d132d6dc64699336876,"{""distance"":3,""physical_error_rate"":0.0001}","{""detection_events"":204,""detectors_checked"":718848}"
     13312,         0,         0,    1.29,decoder_by_matrix,beec9fd12293a9cfe53c9b61fb8ce2a525e4eed38fa75d132d6dc64699336876,"{""distance"":3,""physical_error_rate"":0.0001}","{""detection_events"":153,""detectors_checked"":718848}"
     13312,         0,         0,    1.29,decoder_by_matrix,beec9fd12293a9cfe53c9b61fb8ce2a525e4eed38fa75d132d6dc64699336876,"{""distance"":3,""physical_error_rate"":0.0001}","{""detection_events"":201,""detectors_checked"":718848}"
     13312,         0,         0,    1.29,decoder_by_matrix,beec9fd12293a9cfe53c9b61fb8ce2a525e4eed38fa75d132d6dc64699336876,"{""distance"":3,""physical_error_rate"":0.0001}","{""detection_events"":201,""detectors_checked"":718848}"
     12288,         0,         0,   0.769,decoder_by_matrix,beec9fd12293a9cfe53c9b61fb8ce2a525e4eed38fa75d132d6dc64699336876,"{""distance"":3,""physical_error_rate"":0.0001}","{""detection_events"":198,""detectors_checked"":663552}"
     13312,         0,         0,    1.30,decoder_by_matrix,beec9fd12293a9cfe53c9b61fb8ce2a525e4eed38fa75d132d6dc64699336876,"{""distance"":3,""physical_error_rate"":0.0001}","{""detection_events"":216,""detectors_checked"":718848}"
     16384,         0,         0,    1.58,decoder_by_matrix,beec9fd12293a9cfe53c9b61fb8ce2a525e4eed38fa75d132d6dc64699336876,"{""distance"":3,""physical_error_rate"":0.0001}","{""detection_events"":315,""detectors_checked"":884736}"
     16384,         0,         0,    1.56,decoder_by_matrix,beec9fd12293a9cfe53c9b61fb8ce2a525e4eed38fa75d132d6dc64699336876,"{""distance"":3,""physical_error_rate"":0.0001}","{""detection_events"":240,""detectors_checked"":884736}"
     21504,         0,         0,    1.67,decoder_by_matrix,beec9fd12293a9cfe53c9b61fb8ce2a525e4eed38fa75d132d6dc64699336876,"{""distance"":3,""physical_error_rate"":0.0001}","{""detection_events"":285,""detectors_checked"":1161216}"
     15360,         0,         0,    1.28,decoder_by_matrix,beec9fd12293a9cfe53c9b61fb8ce2a525e4eed38fa75d132d6dc64699336876,"{""distance"":3,""physical_error_rate"":0.0001}","{""detection_events"":192,""detectors_checked"":829440}"
     18432,         0,         0,    1.80,decoder_by_matrix,beec9fd12293a9cfe53c9b61fb8ce2a525e4eed38fa75d132d6dc64699336876,"{""distance"":3,""physical_error_rate"":0.0001}","{""detection_events"":297,""detectors_checked"":995328}"
     18432,         0,         0,    1.77,decoder_by_matrix,beec9fd12293a9cfe53c9b61fb8ce2a525e4eed38fa75d132d6dc64699336876,"{""distance"":3,""physical_error_rate"":0.0001}","{""detection_events"":225,""detectors_checked"":995328}"
     18432,         0,         0,    1.80,decoder_by_matrix,beec9fd12293a9cfe53c9b61fb8ce2a525e4eed38fa75d132d6dc64699336876,"{""distance"":3,""physical_error_rate"":0.0001}","{""detection_events"":342,""detectors_checked"":995328}"
     19456,         0,         0,    1.80,decoder_by_matrix,beec9fd12293a9cfe53c9b61fb8ce2a525e4eed38fa75d132d6dc64699336876,"{""distance"":3,""physical_error_rate"":0.0001}","{""detection_events"":252,""detectors_checked"":1050624}"
     20480,         0,         0,    1.80,decoder_by_matrix,beec9fd12293a9cfe53c9b61fb8ce2a525e4eed38fa75d132d6dc64699336876,"{""distance"":3,""physical_error_rate"":0.0001}","{""detection_events"":252,""detectors_checked"":1105920}"
     16384,         0,         0,    1.59,decoder_by_matrix,beec9fd12293a9cfe53c9b61fb8ce2a525e4eed38fa75d132d6dc64699336876,"{""distance"":3,""physical_error_rate"":0.0001}","{""detection_events"":264,""detectors_checked"":884736}"
     18432,         0,         0,    1.78,decoder_by_matrix,beec9fd12293a9cfe53c9b61fb8ce2a525e4eed38fa75d132d6dc64699336876,"{""distance"":3,""physical_error_rate"":0.0001}","{""detection_events"":282,""detectors_checked"":995328}"
     18432,         0,         0,    1.40,decoder_by_matrix,beec9fd12293a9cfe53c9b61fb8ce2a525e4eed38fa75d132d6dc64699336876,"{""distance"":3,""physical_error_rate"":0.0001}","{""detection_events"":228,""detectors_checked"":995328}"
     19456,         1,         0,    1.79,decoder_by_matrix,beec9fd12293a9cfe53c9b61fb8ce2a525e4eed38fa75d132d6dc64699336876,"{""distance"":3,""physical_error_rate"":0.0001}","{""detection_events"":318,""detectors_checked"":1050624,""obs_mistake_mask=E"":1}"
     19456,         0,         0,    1.29,decoder_by_matrix,beec9fd12293a9cfe53c9b61fb8ce2a525e4eed38fa75d132d6dc64699336876,"{""distance"":3,""physical_error_rate"":0.0001}","{""detection_events"":288,""detectors_checked"":1050624}"
     19456,         0,         0,    1.79,decoder_by_matrix,beec9fd12293a9cfe53c9b61fb8ce2a525e4eed38fa75d132d6dc64699336876,"{""distance"":3,""physical_error_rate"":0.0001}","{""detection_events"":216,""detectors_checked"":1050624}"
     15360,         0,         0,    1.58,decoder_by_matrix,beec9fd12293a9cfe53c9b61fb8ce2a525e4eed38fa75d132d6dc64699336876,"{""distance"":3,""physical_error_rate"":0.0001}","{""detection_events"":246,""detectors_checked"":829440}"
     19456,         0,         0,    1.30,decoder_by_matrix,beec9fd12293a9cfe53c9b61fb8ce2a525e4eed38fa75d132d6dc64699336876,"{""distance"":3,""physical_error_rate"":0.0001}","{""detection_events"":348,""detectors_checked"":1050624}"
     18432,         0,         0,    1.80,decoder_by_matrix,beec9fd12293a9cfe53c9b61fb8ce2a525e4eed38fa75d132d6dc64699336876,"{""distance"":3,""physical_error_rate"":0.0001}","{""detection_events"":288,""detectors_checked"":995328}"
     20480,         0,         0,    1.81,decoder_by_matrix,beec9fd12293a9cfe53c9b61fb8ce2a525e4eed38fa75d132d6dc64699336876,"{""distance"":3,""physical_error_rate"":0.0001}","{""detection_events"":378,""detectors_checked"":1105920}"
     19456,         0,         0,    1.79,decoder_by_matrix,beec9fd12293a9cfe53c9b61fb8ce2a525e4eed38fa75d132d6dc64699336876,"{""distance"":3,""physical_error_rate"":0.0001}","{""detection_events"":369,""detectors_checked"":1050624}"
     20480,         0,         0,    1.74,decoder_by_matrix,beec9fd12293a9cfe53c9b61fb8ce2a525e4eed38fa75d132d6dc64699336876,"{""distance"":3,""physical_error_rate"":0.0001}","{""detection_events"":360,""detectors_checked"":1105920}"
     17408,         0,         0,    1.57,decoder_by_matrix,beec9fd12293a9cfe53c9b61fb8ce2a525e4eed38fa75d132d6dc64699336876,"{""distance"":3,""physical_error_rate"":0.0001}","{""detection_events"":213,""detectors_checked"":940032}"
     18432,         0,         0,    1.80,decoder_by_matrix,beec9fd12293a9cfe53c9b61fb8ce2a525e4eed38fa75d132d6dc64699336876,"{""distance"":3,""physical_error_rate"":0.0001}","{""detection_events"":348,""detectors_checked"":995328}"
     19456,         0,         0,    1.80,decoder_by_matrix,beec9fd12293a9cfe53c9b61fb8ce2a525e4eed38fa75d132d6dc64699336876,"{""distance"":3,""physical_error_rate"":0.0001}","{""detection_events"":336,""detectors_checked"":1050624}"
     20480,         0,         0,    1.79,decoder_by_matrix,beec9fd12293a9cfe53c9b61fb8ce2a525e4eed38fa75d132d6dc64699336876,"{""distance"":3,""physical_error_rate"":0.0001}","{""detection_events"":330,""detectors_checked"":1105920}"
     18432,         0,         0,    1.56,decoder_by_matrix,beec9fd12293a9cfe53c9b61fb8ce2a525e4eed38fa75d132d6dc64699336876,"{""distance"":3,""physical_error_rate"":0.0001}","{""detection_events"":240,""detectors_checked"":995328}"
     18432,         0,         0,    1.81,decoder_by_matrix,beec9fd12293a9cfe53c9b61fb8ce2a525e4eed38fa75d132d6dc64699336876,"{""distance"":3,""physical_error_rate"":0.0001}","{""detection_events"":270,""detectors_checked"":995328}"
     19456,         0,         0,    1.53,decoder_by_matrix,beec9fd12293a9cfe53c9b61fb8ce2a525e4eed38fa75d132d6dc64699336876,"{""distance"":3,""physical_error_rate"":0.0001}","{""detection_events"":267,""detectors_checked"":1050624}"
     18432,         0,         0,    1.80,decoder_by_matrix,beec9fd12293a9cfe53c9b61fb8ce2a525e4eed38fa75d132d6dc64699336876,"{""distance"":3,""physical_error_rate"":0.0001}","{""detection_events"":315,""detectors_checked"":995328}"
     19456,         0,         0,    1.80,decoder_by_matrix,beec9fd12293a9cfe53c9b61fb8ce2a525e4eed38fa75d132d6dc64699336876,"{""distance"":3,""physical_error_rate"":0.0001}","{""detection_events"":198,""detectors_checked"":1050624}"
     17408,         0,         0,    1.80,decoder_by_matrix,beec9fd12293a9cfe53c9b61fb8ce2a525e4eed38fa75d132d6dc64699336876,"{""distance"":3,""physical_error_rate"":0.0001}","{""detection_events"":333,""detectors_checked"":940032}"
     19456,         0,         0,    1.80,decoder_by_matrix,beec9fd12293a9cfe53c9b61fb8ce2a525e4eed38fa75d132d6dc64699336876,"{""distance"":3,""physical_error_rate"":0.0001}","{""detection_events"":363,""detectors_checked"":1050624}"
     18432,         0,         0,    1.79,decoder_by_matrix,beec9fd12293a9cfe53c9b61fb8ce2a525e4eed38fa75d132d6dc64699336876,"{""distance"":3,""physical_error_rate"":0.0001}","{""detection_events"":225,""detectors_checked"":995328}"
     24576,         0,         0,    2.29,decoder_by_matrix,beec9fd12293a9cfe53c9b61fb8ce2a525e4eed38fa75d132d6dc64699336876,"{""distance"":3,""physical_error_rate"":0.0001}","{""detection_events"":384,""detectors_checked"":1327104}"
     24576,         0,         0,    2.35,decoder_by_matrix,beec9fd12293a9cfe53c9b61fb8ce2a525e4eed38fa75d132d6dc64699336876,"{""distance"":3,""physical_error_rate"":0.0001}","{""detection_events"":402,""detectors_checked"":1327104}"
     23552,         0,         0,    2.07,decoder_by_matrix,beec9fd12293a9cfe53c9b61fb8ce2a525e4eed38fa75d132d6dc64699336876,"{""distance"":3,""physical_error_rate"":0.0001}","{""detection_events"":414,""detectors_checked"":1271808}"
     25600,         0,         0,    2.24,decoder_by_matrix,beec9fd12293a9cfe53c9b61fb8ce2a525e4eed38fa75d132d6dc64699336876,"{""distance"":3,""physical_error_rate"":0.0001}","{""detection_events"":300,""detectors_checked"":1382400}"
     24576,         0,         0,    2.35,decoder_by_matrix,beec9fd12293a9cfe53c9b61fb8ce2a525e4eed38fa75d132d6dc64699336876,"{""distance"":3,""physical_error_rate"":0.0001}","{""detection_events"":375,""detectors_checked"":1327104}"
     25600,         0,         0,    2.31,decoder_by_matrix,beec9fd12293a9cfe53c9b61fb8ce2a525e4eed38fa75d132d6dc64699336876,"{""distance"":3,""physical_error_rate"":0.0001}","{""detection_events"":333,""detectors_checked"":1382400}"
     23552,         0,         0,    2.19,decoder_by_matrix,beec9fd12293a9cfe53c9b61fb8ce2a525e4eed38fa75d132d6dc64699336876,"{""distance"":3,""physical_error_rate"":0.0001}","{""detection_events"":330,""detectors_checked"":1271808}"
     25600,         0,         0,    2.05,decoder_by_matrix,beec9fd12293a9cfe53c9b61fb8ce2a525e4eed38fa75d132d6dc64699336876,"{""distance"":3,""physical_error_rate"":0.0001}","{""detection_events"":327,""detectors_checked"":1382400}"
     26624,         0,         0,    2.29,decoder_by_matrix,beec9fd12293a9cfe53c9b61fb8ce2a525e4eed38fa75d132d6dc64699336876,"{""distance"":3,""physical_error_rate"":0.0001}","{""detection_events"":489,""detectors_checked"":1437696}"
     23552,         0,         0,    2.27,decoder_by_matrix,beec9fd12293a9cfe53c9b61fb8ce2a525e4eed38fa75d132d6dc64699336876,"{""distance"":3,""physical_error_rate"":0.0001}","{""detection_events"":372,""detectors_checked"":1271808}"
     24576,         0,         0,    2.32,decoder_by_matrix,beec9fd12293a9cfe53c9b61fb8ce2a525e4eed38fa75d132d6dc64699336876,"{""distance"":3,""physical_error_rate"":0.0001}","{""detection_events"":303,""detectors_checked"":1327104}"
     25600,         0,         0,    2.13,decoder_by_matrix,beec9fd12293a9cfe53c9b61fb8ce2a525e4eed38fa75d132d6dc64699336876,"{""distance"":3,""physical_error_rate"":0.0001}","{""detection_events"":348,""detectors_checked"":1382400}"
     23552,         0,         0,    2.32,decoder_by_matrix,beec9fd12293a9cfe53c9b61fb8ce2a525e4eed38fa75d132d6dc64699336876,"{""distance"":3,""physical_error_rate"":0.0001}","{""detection_events"":279,""detectors_checked"":1271808}"
     23552,         0,         0,    2.32,decoder_by_matrix,beec9fd12293a9cfe53c9b61fb8ce2a525e4eed38fa75d132d6dc64699336876,"{""distance"":3,""physical_error_rate"":0.0001}","{""detection_events"":324,""detectors_checked"":1271808}"
     23552,         0,         0,    2.04,decoder_by_matrix,beec9fd12293a9cfe53c9b61fb8ce2a525e4eed38fa75d132d6dc64699336876,"{""distance"":3,""physical_error_rate"":0.0001}","{""detection_events"":318,""detectors_checked"":1271808}"
     24576,         0,         0,    2.26,decoder_by_matrix,beec9fd12293a9cfe53c9b61fb8ce2a525e4eed38fa75d132d6dc64699336876,"{""distance"":3,""physical_error_rate"":0.0001}","{""detection_events"":408,""detectors_checked"":1327104}"
     24576,         0,         0,    2.32,decoder_by_matrix,beec9fd12293a9cfe53c9b61fb8ce2a525e4eed38fa75d132d6dc64699336876,"{""distance"":3,""physical_error_rate"":0.0001}","{""detection_events"":285,""detectors_checked"":1327104}"
     25600,         0,         0,    2.38,decoder_by_matrix,beec9fd12293a9cfe53c9b61fb8ce2a525e4eed38fa75d132d6dc64699336876,"{""distance"":3,""physical_error_rate"":0.0001}","{""detection_events"":474,""detectors_checked"":1382400}"
     25600,         0,         0,    2.25,decoder_by_matrix,beec9fd12293a9cfe53c9b61fb8ce2a525e4eed38fa75d132d6dc64699336876,"{""distance"":3,""physical_error_rate"":0.0001}","{""detection_events"":363,""detectors_checked"":1382400}"
     24576,         0,         0,    2.41,decoder_by_matrix,beec9fd12293a9cfe53c9b61fb8ce2a525e4eed38fa75d132d6dc64699336876,"{""distance"":3,""physical_error_rate"":0.0001}","{""detection_events"":333,""detectors_checked"":1327104}"
     24576,         0,         0,    2.05,decoder_by_matrix,beec9fd12293a9cfe53c9b61fb8ce2a525e4eed38fa75d132d6dc64699336876,"{""distance"":3,""physical_error_rate"":0.0001}","{""detection_events"":318,""detectors_checked"":1327104}"
     24576,         0,         0,    2.06,decoder_by_matrix,beec9fd12293a9cfe53c9b61fb8ce2a525e4eed38fa75d132d6dc64699336876,"{""distance"":3,""physical_error_rate"":0.0001}","{""detection_events"":357,""detectors_checked"":1327104}"
     24576,         0,         0,    2.07,decoder_by_matrix,beec9fd12293a9cfe53c9b61fb8ce2a525e4eed38fa75d132d6dc64699336876,"{""distance"":3,""physical_error_rate"":0.0001}","{""detection_events"":312,""detectors_checked"":1327104}"
     24576,         0,         0,    2.31,decoder_by_matrix,beec9fd12293a9cfe53c9b61fb8ce2a525e4eed38fa75d132d6dc64699336876,"{""distance"":3,""physical_error_rate"":0.0001}","{""detection_events"":378,""detectors_checked"":1327104}"
     24576,         0,         0,    2.30,decoder_by_matrix,beec9fd12293a9cfe53c9b61fb8ce2a525e4eed38fa75d132d6dc64699336876,"{""distance"":3,""physical_error_rate"":0.0001}","{""detection_events"":306,""detectors_checked"":1327104}"
     27648,         0,         0,    2.32,decoder_by_matrix,beec9fd12293a9cfe53c9b61fb8ce2a525e4eed38fa75d132d6dc64699336876,"{""distance"":3,""physical_error_rate"":0.0001}","{""detection_events"":279,""detectors_checked"":1492992}"
     26624,         0,         0,    2.32,decoder_by_matrix,beec9fd12293a9cfe53c9b61fb8ce2a525e4eed38fa75d132d6dc64699336876,"{""distance"":3,""physical_error_rate"":0.0001}","{""detection_events"":540,""detectors_checked"":1437696}"
     25600,         0,         0,    2.31,decoder_by_matrix,beec9fd12293a9cfe53c9b61fb8ce2a525e4eed38fa75d132d6dc64699336876,"{""distance"":3,""physical_error_rate"":0.0001}","{""detection_events"":363,""detectors_checked"":1382400}"
     25600,         0,         0,    2.31,decoder_by_matrix,beec9fd12293a9cfe53c9b61fb8ce2a525e4eed38fa75d132d6dc64699336876,"{""distance"":3,""physical_error_rate"":0.0001}","{""detection_events"":312,""detectors_checked"":1382400}"
     25600,         0,         0,    2.31,decoder_by_matrix,beec9fd12293a9cfe53c9b61fb8ce2a525e4eed38fa75d132d6dc64699336876,"{""distance"":3,""physical_error_rate"":0.0001}","{""detection_events"":360,""detectors_checked"":1382400}"
     25600,         0,         0,    2.30,decoder_by_matrix,beec9fd12293a9cfe53c9b61fb8ce2a525e4eed38fa75d132d6dc64699336876,"{""distance"":3,""physical_error_rate"":0.0001}","{""detection_events"":333,""detectors_checked"":1382400}"
     24576,         0,         0,    1.90,decoder_by_matrix,beec9fd12293a9cfe53c9b61fb8ce2a525e4eed38fa75d132d6dc64699336876,"{""distance"":3,""physical_error_rate"":0.0001}","{""detection_events"":375,""detectors_checked"":1327104}"
     33792,         0,         0,    3.11,decoder_by_matrix,beec9fd12293a9cfe53c9b61fb8ce2a525e4eed38fa75d132d6dc64699336876,"{""distance"":3,""physical_error_rate"":0.0001}","{""detection_events"":492,""detectors_checked"":1824768}"
     31744,         0,         0,    3.07,decoder_by_matrix,beec9fd12293a9cfe53c9b61fb8ce2a525e4eed38fa75d132d6dc64699336876,"{""distance"":3,""physical_error_rate"":0.0001}","{""detection_events"":450,""detectors_checked"":1714176}"
     33792,         0,         0,    2.94,decoder_by_matrix,beec9fd12293a9cfe53c9b61fb8ce2a525e4eed38fa75d132d6dc64699336876,"{""distance"":3,""physical_error_rate"":0.0001}","{""detection_events"":513,""detectors_checked"":1824768}"
     35840,         0,         0,    3.07,decoder_by_matrix,beec9fd12293a9cfe53c9b61fb8ce2a525e4eed38fa75d132d6dc64699336876,"{""distance"":3,""physical_error_rate"":0.0001}","{""detection_events"":465,""detectors_checked"":1935360}"
     33792,         0,         0,    3.05,decoder_by_matrix,beec9fd12293a9cfe53c9b61fb8ce2a525e4eed38fa75d132d6dc64699336876,"{""distance"":3,""physical_error_rate"":0.0001}","{""detection_events"":507,""detectors_checked"":1824768}"
     31744,         0,         0,    2.82,decoder_by_matrix,beec9fd12293a9cfe53c9b61fb8ce2a525e4eed38fa75d132d6dc64699336876,"{""distance"":3,""physical_error_rate"":0.0001}","{""detection_events"":498,""detectors_checked"":1714176}"
     31744,         0,         0,    3.08,decoder_by_matrix,beec9fd12293a9cfe53c9b61fb8ce2a525e4eed38fa75d132d6dc64699336876,"{""distance"":3,""physical_error_rate"":0.0001}","{""detection_events"":477,""detectors_checked"":1714176}"
     33792,         0,         0,    3.08,decoder_by_matrix,beec9fd12293a9cfe53c9b61fb8ce2a525e4eed38fa75d132d6dc64699336876,"{""distance"":3,""physical_error_rate"":0.0001}","{""detection_events"":441,""detectors_checked"":1824768}"
     34816,         0,         0,    2.83,decoder_by_matrix,beec9fd12293a9cfe53c9b61fb8ce2a525e4eed38fa75d132d6dc64699336876,"{""distance"":3,""physical_error_rate"":0.0001}","{""detection_events"":462,""detectors_checked"":1880064}"
     32768,         0,         0,    3.06,decoder_by_matrix,beec9fd12293a9cfe53c9b61fb8ce2a525e4eed38fa75d132d6dc64699336876,"{""distance"":3,""physical_error_rate"":0.0001}","{""detection_events"":441,""detectors_checked"":1769472}"
     33792,         0,         0,    3.10,decoder_by_matrix,beec9fd12293a9cfe53c9b61fb8ce2a525e4eed38fa75d132d6dc64699336876,"{""distance"":3,""physical_error_rate"":0.0001}","{""detection_events"":423,""detectors_checked"":1824768}"
     32768,         0,         0,    3.07,decoder_by_matrix,beec9fd12293a9cfe53c9b61fb8ce2a525e4eed38fa75d132d6dc64699336876,"{""distance"":3,""physical_error_rate"":0.0001}","{""detection_events"":540,""detectors_checked"":1769472}"
     35840,         0,         0,    3.13,decoder_by_matrix,beec9fd12293a9cfe53c9b61fb8ce2a525e4eed38fa75d132d6dc64699336876,"{""distance"":3,""physical_error_rate"":0.0001}","{""detection_events"":534,""detectors_checked"":1935360}"
     31744,         0,         0,    3.09,decoder_by_matrix,beec9fd12293a9cfe53c9b61fb8ce2a525e4eed38fa75d132d6dc64699336876,"{""distance"":3,""physical_error_rate"":0.0001}","{""detection_events"":492,""detectors_checked"":1714176}"
     31744,         0,         0,    3.07,decoder_by_matrix,beec9fd12293a9cfe53c9b61fb8ce2a525e4eed38fa75d132d6dc64699336876,"{""distance"":3,""physical_error_rate"":0.0001}","{""detection_events"":528,""detectors_checked"":1714176}"
     32768,         0,         0,    3.07,decoder_by_matrix,beec9fd12293a9cfe53c9b61fb8ce2a525e4eed38fa75d132d6dc64699336876,"{""distance"":3,""physical_error_rate"":0.0001}","{""detection_events"":447,""detectors_checked"":1769472}"
     36864,         0,         0,    2.82,decoder_by_matrix,beec9fd12293a9cfe53c9b61fb8ce2a525e4eed38fa75d132d6dc64699336876,"{""distance"":3,""physical_error_rate"":0.0001}","{""detection_events"":528,""detectors_checked"":1990656}"
     32768,         0,         0,    3.06,decoder_by_matrix,beec9fd12293a9cfe53c9b61fb8ce2a525e4eed38fa75d132d6dc64699336876,"{""distance"":3,""physical_error_rate"":0.0001}","{""detection_events"":513,""detectors_checked"":1769472}"
     32768,         0,         0,    3.08,decoder_by_matrix,beec9fd12293a9cfe53c9b61fb8ce2a525e4eed38fa75d132d6dc64699336876,"{""distance"":3,""physical_error_rate"":0.0001}","{""detection_events"":579,""detectors_checked"":1769472}"
     33792,         0,         0,    3.07,decoder_by_matrix,beec9fd12293a9cfe53c9b61fb8ce2a525e4eed38fa75d132d6dc64699336876,"{""distance"":3,""physical_error_rate"":0.0001}","{""detection_events"":486,""detectors_checked"":1824768}"
     33792,         0,         0,    2.91,decoder_by_matrix,beec9fd12293a9cfe53c9b61fb8ce2a525e4eed38fa75d132d6dc64699336876,"{""distance"":3,""physical_error_rate"":0.0001}","{""detection_events"":402,""detectors_checked"":1824768}"
     33792,         0,         0,    3.12,decoder_by_matrix,beec9fd12293a9cfe53c9b61fb8ce2a525e4eed38fa75d132d6dc64699336876,"{""distance"":3,""physical_error_rate"":0.0001}","{""detection_events"":540,""detectors_checked"":1824768}"
     31744,         0,         0,    3.08,decoder_by_matrix,beec9fd12293a9cfe53c9b61fb8ce2a525e4eed38fa75d132d6dc64699336876,"{""distance"":3,""physical_error_rate"":0.0001}","{""detection_events"":486,""detectors_checked"":1714176}"
     34816,         0,         0,    3.20,decoder_by_matrix,beec9fd12293a9cfe53c9b61fb8ce2a525e4eed38fa75d132d6dc64699336876,"{""distance"":3,""physical_error_rate"":0.0001}","{""detection_events"":564,""detectors_checked"":1880064}"
     32768,         0,         0,    3.08,decoder_by_matrix,beec9fd12293a9cfe53c9b61fb8ce2a525e4eed38fa75d132d6dc64699336876,"{""distance"":3,""physical_error_rate"":0.0001}","{""detection_events"":519,""detectors_checked"":1769472}"
     33792,         0,         0,    2.83,decoder_by_matrix,beec9fd12293a9cfe53c9b61fb8ce2a525e4eed38fa75d132d6dc64699336876,"{""distance"":3,""physical_error_rate"":0.0001}","{""detection_events"":507,""detectors_checked"":1824768}"
     33792,         0,         0,    3.09,decoder_by_matrix,beec9fd12293a9cfe53c9b61fb8ce2a525e4eed38fa75d132d6dc64699336876,"{""distance"":3,""physical_error_rate"":0.0001}","{""detection_events"":567,""detectors_checked"":1824768}"
     33792,         0,         0,    3.08,decoder_by_matrix,beec9fd12293a9cfe53c9b61fb8ce2a525e4eed38fa75d132d6dc64699336876,"{""distance"":3,""physical_error_rate"":0.0001}","{""detection_events"":474,""detectors_checked"":1824768}"
     32768,         0,         0,    2.82,decoder_by_matrix,beec9fd12293a9cfe53c9b61fb8ce2a525e4eed38fa75d132d6dc64699336876,"{""distance"":3,""physical_error_rate"":0.0001}","{""detection_events"":474,""detectors_checked"":1769472}"
     33792,         0,         0,    2.71,decoder_by_matrix,beec9fd12293a9cfe53c9b61fb8ce2a525e4eed38fa75d132d6dc64699336876,"{""distance"":3,""physical_error_rate"":0.0001}","{""detection_events"":462,""detectors_checked"":1824768}"
     35840,         0,         0,    3.29,decoder_by_matrix,beec9fd12293a9cfe53c9b61fb8ce2a525e4eed38fa75d132d6dc64699336876,"{""distance"":3,""physical_error_rate"":0.0001}","{""detection_events"":477,""detectors_checked"":1935360}"
     33792,         0,         0,    2.58,decoder_by_matrix,beec9fd12293a9cfe53c9b61fb8ce2a525e4eed38fa75d132d6dc64699336876,"{""distance"":3,""physical_error_rate"":0.0001}","{""detection_events"":447,""detectors_checked"":1824768}"
     48128,         0,         0,    4.39,decoder_by_matrix,beec9fd12293a9cfe53c9b61fb8ce2a525e4eed38fa75d132d6dc64699336876,"{""distance"":3,""physical_error_rate"":0.0001}","{""detection_events"":774,""detectors_checked"":2598912}"
     48128,         0,         0,    4.07,decoder_by_matrix,beec9fd12293a9cfe53c9b61fb8ce2a525e4eed38fa75d132d6dc64699336876,"{""distance"":3,""physical_error_rate"":0.0001}","{""detection_events"":627,""detectors_checked"":2598912}"
     46080,         0,         0,    4.37,decoder_by_matrix,beec9fd12293a9cfe53c9b61fb8ce2a525e4eed38fa75d132d6dc64699336876,"{""distance"":3,""physical_error_rate"":0.0001}","{""detection_events"":669,""detectors_checked"":2488320}"
     47104,         0,         0,    4.34,decoder_by_matrix,beec9fd12293a9cfe53c9b61fb8ce2a525e4eed38fa75d132d6dc64699336876,"{""distance"":3,""physical_error_rate"":0.0001}","{""detection_events"":654,""detectors_checked"":2543616}"
     47104,         0,         0,    4.36,decoder_by_matrix,beec9fd12293a9cfe53c9b61fb8ce2a525e4eed38fa75d132d6dc64699336876,"{""distance"":3,""physical_error_rate"":0.0001}","{""detection_events"":657,""detectors_checked"":2543616}"
     46080,         0,         0,    4.34,decoder_by_matrix,beec9fd12293a9cfe53c9b61fb8ce2a525e4eed38fa75d132d6dc64699336876,"{""distance"":3,""physical_error_rate"":0.0001}","{""detection_events"":675,""detectors_checked"":2488320}"
     48128,         0,         0,    4.35,decoder_by_matrix,beec9fd12293a9cfe53c9b61fb8ce2a525e4eed38fa75d132d6dc64699336876,"{""distance"":3,""physical_error_rate"":0.0001}","{""detection_events"":654,""detectors_checked"":2598912}"
     47104,         0,         0,    4.35,decoder_by_matrix,beec9fd12293a9cfe53c9b61fb8ce2a525e4eed38fa75d132d6dc64699336876,"{""distance"":3,""physical_error_rate"":0.0001}","{""detection_events"":663,""detectors_checked"":2543616}"
     46080,         0,         0,    4.27,decoder_by_matrix,beec9fd12293a9cfe53c9b61fb8ce2a525e4eed38fa75d132d6dc64699336876,"{""distance"":3,""physical_error_rate"":0.0001}","{""detection_events"":744,""detectors_checked"":2488320}"
     47104,         0,         0,    4.15,decoder_by_matrix,beec9fd12293a9cfe53c9b61fb8ce2a525e4eed38fa75d132d6dc64699336876,"{""distance"":3,""physical_error_rate"":0.0001}","{""detection_events"":696,""detectors_checked"":2543616}"
     46080,         0,         0,    4.35,decoder_by_matrix,beec9fd12293a9cfe53c9b61fb8ce2a525e4eed38fa75d132d6dc64699336876,"{""distance"":3,""physical_error_rate"":0.0001}","{""detection_events"":690,""detectors_checked"":2488320}"
     44032,         1,         0,    4.33,decoder_by_matrix,beec9fd12293a9cfe53c9b61fb8ce2a525e4eed38fa75d132d6dc64699336876,"{""distance"":3,""physical_error_rate"":0.0001}","{""detection_events"":756,""detectors_checked"":2377728,""obs_mistake_mask=E"":1}"
     48128,         0,         0,    4.38,decoder_by_matrix,beec9fd12293a9cfe53c9b61fb8ce2a525e4eed38fa75d132d6dc64699336876,"{""distance"":3,""physical_error_rate"":0.0001}","{""detection_events"":675,""detectors_checked"":2598912}"
     47104,         0,         0,    4.34,decoder_by_matrix,beec9fd12293a9cfe53c9b61fb8ce2a525e4eed38fa75d132d6dc64699336876,"{""distance"":3,""physical_error_rate"":0.0001}","{""detection_events"":756,""detectors_checked"":2543616}"
     46080,         0,         0,    4.33,decoder_by_matrix,beec9fd12293a9cfe53c9b61fb8ce2a525e4eed38fa75d132d6dc64699336876,"{""distance"":3,""physical_error_rate"":0.0001}","{""detection_events"":768,""detectors_checked"":2488320}"
     47104,         0,         0,    4.38,decoder_by_matrix,beec9fd12293a9cfe53c9b61fb8ce2a525e4eed38fa75d132d6dc64699336876,"{""distance"":3,""physical_error_rate"":0.0001}","{""detection_events"":726,""detectors_checked"":2543616}"
     47104,         0,         0,    4.35,decoder_by_matrix,beec9fd12293a9cfe53c9b61fb8ce2a525e4eed38fa75d132d6dc64699336876,"{""distance"":3,""physical_error_rate"":0.0001}","{""detection_events"":681,""detectors_checked"":2543616}"
   1307648,         1,         0,   116.4,decoder_by_matrix,beec9fd12293a9cfe53c9b61fb8ce2a525e4eed38fa75d132d6dc64699336876,"{""distance"":3,""physical_error_rate"":0.0001}","{""detection_events"":18519,""detectors_checked"":70612992,""obs_mistake_mask=E"":1}"
     46080,         0,         0,    4.12,decoder_by_matrix,beec9fd12293a9cfe53c9b61fb8ce2a525e4eed38fa75d132d6dc64699336876,"{""distance"":3,""physical_error_rate"":0.0001}","{""detection_events"":774,""detectors_checked"":2488320}"
     48128,         0,         0,    4.35,decoder_by_matrix,beec9fd12293a9cfe53c9b61fb8ce2a525e4eed38fa75d132d6dc64699336876,"{""distance"":3,""physical_error_rate"":0.0001}","{""detection_events"":708,""detectors_checked"":2598912}"
     46080,         0,         0,    4.36,decoder_by_matrix,beec9fd12293a9cfe53c9b61fb8ce2a525e4eed38fa75d132d6dc64699336876,"{""distance"":3,""physical_error_rate"":0.0001}","{""detection_events"":651,""detectors_checked"":2488320}"
   1291264,         0,         0,   118.9,decoder_by_matrix,beec9fd12293a9cfe53c9b61fb8ce2a525e4eed38fa75d132d6dc64699336876,"{""distance"":3,""physical_error_rate"":0.0001}","{""detection_events"":18981,""detectors_checked"":69728256}"
     47104,         0,         0,    4.35,decoder_by_matrix,beec9fd12293a9cfe53c9b61fb8ce2a525e4eed38fa75d132d6dc64699336876,"{""distance"":3,""physical_error_rate"":0.0001}","{""detection_events"":747,""detectors_checked"":2543616}"
     48128,         0,         0,    4.49,decoder_by_matrix,beec9fd12293a9cfe53c9b61fb8ce2a525e4eed38fa75d132d6dc64699336876,"{""distance"":3,""physical_error_rate"":0.0001}","{""detection_events"":636,""detectors_checked"":2598912}"
     46080,         0,         0,    4.36,decoder_by_matrix,beec9fd12293a9cfe53c9b61fb8ce2a525e4eed38fa75d132d6dc64699336876,"{""distance"":3,""physical_error_rate"":0.0001}","{""detection_events"":699,""detectors_checked"":2488320}"
     48128,         0,         0,    4.51,decoder_by_matrix,beec9fd12293a9cfe53c9b61fb8ce2a525e4eed38fa75d132d6dc64699336876,"{""distance"":3,""physical_error_rate"":0.0001}","{""detection_events"":618,""detectors_checked"":2598912}"
     47104,         0,         0,    4.44,decoder_by_matrix,beec9fd12293a9cfe53c9b61fb8ce2a525e4eed38fa75d132d6dc64699336876,"{""distance"":3,""physical_error_rate"":0.0001}","{""detection_events"":822,""detectors_checked"":2543616}"
     46080,         1,         0,    4.10,decoder_by_matrix,beec9fd12293a9cfe53c9b61fb8ce2a525e4eed38fa75d132d6dc64699336876,"{""distance"":3,""physical_error_rate"":0.0001}","{""detection_events"":564,""detectors_checked"":2488320,""obs_mistake_mask=E"":1}"
     49152,         0,         0,    4.12,decoder_by_matrix,beec9fd12293a9cfe53c9b61fb8ce2a525e4eed38fa75d132d6dc64699336876,"{""distance"":3,""physical_error_rate"":0.0001}","{""detection_events"":654,""detectors_checked"":2654208}"
     48128,         0,         0,    4.51,decoder_by_matrix,beec9fd12293a9cfe53c9b61fb8ce2a525e4eed38fa75d132d6dc64699336876,"{""distance"":3,""physical_error_rate"":0.0001}","{""detection_events"":678,""detectors_checked"":2598912}"
     46080,         0,         0,    4.11,decoder_by_matrix,beec9fd12293a9cfe53c9b61fb8ce2a525e4eed38fa75d132d6dc64699336876,"{""distance"":3,""physical_error_rate"":0.0001}","{""detection_events"":786,""detectors_checked"":2488320}"
     47104,         0,         0,    4.15,decoder_by_matrix,beec9fd12293a9cfe53c9b61fb8ce2a525e4eed38fa75d132d6dc64699336876,"{""distance"":3,""physical_error_rate"":0.0001}","{""detection_events"":777,""detectors_checked"":2543616}"
     49152,         0,         0,    4.35,decoder_by_matrix,beec9fd12293a9cfe53c9b61fb8ce2a525e4eed38fa75d132d6dc64699336876,"{""distance"":3,""physical_error_rate"":0.0001}","{""detection_events"":636,""detectors_checked"":2654208}"
   1309696,         3,         0,   116.8,decoder_by_matrix,beec9fd12293a9cfe53c9b61fb8ce2a525e4eed38fa75d132d6dc64699336876,"{""distance"":3,""physical_error_rate"":0.0001}","{""detection_events"":18996,""detectors_checked"":70723584,""obs_mistake_mask=E"":3}"
     48128,         0,         0,    4.42,decoder_by_matrix,beec9fd12293a9cfe53c9b61fb8ce2a525e4eed38fa75d132d6dc64699336876,"{""distance"":3,""physical_error_rate"":0.0001}","{""detection_events"":765,""detectors_checked"":2598912}"
     65536,         0,         0,    6.19,decoder_by_matrix,beec9fd12293a9cfe53c9b61fb8ce2a525e4eed38fa75d132d6dc64699336876,"{""distance"":3,""physical_error_rate"":0.0001}","{""detection_events"":900,""detectors_checked"":3538944}"
     68608,         0,         0,    5.62,decoder_by_matrix,beec9fd12293a9cfe53c9b61fb8ce2a525e4eed38fa75d132d6dc64699336876,"{""distance"":3,""physical_error_rate"":0.0001}","{""detection_events"":846,""detectors_checked"":3704832}"
     64512,         0,         0,    5.52,decoder_by_matrix,beec9fd12293a9cfe53c9b61fb8ce2a525e4eed38fa75d132d6dc64699336876,"{""distance"":3,""physical_error_rate"":0.0001}","{""detection_events"":996,""detectors_checked"":3483648}"
     69632,         0,         0,    6.15,decoder_by_matrix,beec9fd12293a9cfe53c9b61fb8ce2a525e4eed38fa75d132d6dc64699336876,"{""distance"":3,""physical_error_rate"":0.0001}","{""detection_events"":885,""detectors_checked"":3760128}"
     69632,         0,         0,    5.88,decoder_by_matrix,beec9fd12293a9cfe53c9b61fb8ce2a525e4eed38fa75d132d6dc64699336876,"{""distance"":3,""physical_error_rate"":0.0001}","{""detection_events"":993,""detectors_checked"":3760128}"
     64512,         0,         0,    5.90,decoder_by_matrix,beec9fd12293a9cfe53c9b61fb8ce2a525e4eed38fa75d132d6dc64699336876,"{""distance"":3,""physical_error_rate"":0.0001}","{""detection_events"":1002,""detectors_checked"":3483648}"
     64512,         0,         0,    5.88,decoder_by_matrix,beec9fd12293a9cfe53c9b61fb8ce2a525e4eed38fa75d132d6dc64699336876,"{""distance"":3,""physical_error_rate"":0.0001}","{""detection_events"":927,""detectors_checked"":3483648}"
     64512,         0,         0,    5.92,decoder_by_matrix,beec9fd12293a9cfe53c9b61fb8ce2a525e4eed38fa75d132d6dc64699336876,"{""distance"":3,""physical_error_rate"":0.0001}","{""detection_events"":1152,""detectors_checked"":3483648}"
     61440,         0,         0,    5.78,decoder_by_matrix,beec9fd12293a9cfe53c9b61fb8ce2a525e4eed38fa75d132d6dc64699336876,"{""distance"":3,""physical_error_rate"":0.0001}","{""detection_events"":966,""detectors_checked"":3317760}"
     65536,         0,         0,    6.05,decoder_by_matrix,beec9fd12293a9cfe53c9b61fb8ce2a525e4eed38fa75d132d6dc64699336876,"{""distance"":3,""physical_error_rate"":0.0001}","{""detection_events"":834,""detectors_checked"":3538944}"
     65536,         0,         0,    5.92,decoder_by_matrix,beec9fd12293a9cfe53c9b61fb8ce2a525e4eed38fa75d132d6dc64699336876,"{""distance"":3,""physical_error_rate"":0.0001}","{""detection_events"":1137,""detectors_checked"":3538944}"
     68608,         0,         0,    6.12,decoder_by_matrix,beec9fd12293a9cfe53c9b61fb8ce2a525e4eed38fa75d132d6dc64699336876,"{""distance"":3,""physical_error_rate"":0.0001}","{""detection_events"":876,""detectors_checked"":3704832}"
     66560,         0,         0,    5.91,decoder_by_matrix,beec9fd12293a9cfe53c9b61fb8ce2a525e4eed38fa75d132d6dc64699336876,"{""distance"":3,""physical_error_rate"":0.0001}","{""detection_events"":1011,""detectors_checked"":3594240}"
     66560,         0,         0,    5.91,decoder_by_matrix,beec9fd12293a9cfe53c9b61fb8ce2a525e4eed38fa75d132d6dc64699336876,"{""distance"":3,""physical_error_rate"":0.0001}","{""detection_events"":951,""detectors_checked"":3594240}"
     64512,         0,         0,    5.87,decoder_by_matrix,beec9fd12293a9cfe53c9b61fb8ce2a525e4eed38fa75d132d6dc64699336876,"{""distance"":3,""physical_error_rate"":0.0001}","{""detection_events"":915,""detectors_checked"":3483648}"
     63488,         0,         0,    5.89,decoder_by_matrix,beec9fd12293a9cfe53c9b61fb8ce2a525e4eed38fa75d132d6dc64699336876,"{""distance"":3,""physical_error_rate"":0.0001}","{""detection_events"":837,""detectors_checked"":3428352}"
     67584,         0,         0,    5.63,decoder_by_matrix,beec9fd12293a9cfe53c9b61fb8ce2a525e4eed38fa75d132d6dc64699336876,"{""distance"":3,""physical_error_rate"":0.0001}","{""detection_events"":876,""detectors_checked"":3649536}"
     65536,         0,         0,    6.12,decoder_by_matrix,beec9fd12293a9cfe53c9b61fb8ce2a525e4eed38fa75d132d6dc64699336876,"{""distance"":3,""physical_error_rate"":0.0001}","{""detection_events"":951,""detectors_checked"":3538944}"
     64512,         0,         0,    6.15,decoder_by_matrix,beec9fd12293a9cfe53c9b61fb8ce2a525e4eed38fa75d132d6dc64699336876,"{""distance"":3,""physical_error_rate"":0.0001}","{""detection_events"":861,""detectors_checked"":3483648}"
     68608,         0,         0,    5.90,decoder_by_matrix,beec9fd12293a9cfe53c9b61fb8ce2a525e4eed38fa75d132d6dc64699336876,"{""distance"":3,""physical_error_rate"":0.0001}","{""detection_events"":1038,""detectors_checked"":3704832}"
     63488,         0,         0,    6.02,decoder_by_matrix,beec9fd12293a9cfe53c9b61fb8ce2a525e4eed38fa75d132d6dc64699336876,"{""distance"":3,""physical_error_rate"":0.0001}","{""detection_events"":999,""detectors_checked"":3428352}"
     66560,         0,         0,    5.65,decoder_by_matrix,beec9fd12293a9cfe53c9b61fb8ce2a525e4eed38fa75d132d6dc64699336876,"{""distance"":3,""physical_error_rate"":0.0001}","{""detection_events"":969,""detectors_checked"":3594240}"
     65536,         0,         0,    6.15,decoder_by_matrix,beec9fd12293a9cfe53c9b61fb8ce2a525e4eed38fa75d132d6dc64699336876,"{""distance"":3,""physical_error_rate"":0.0001}","{""detection_events"":999,""detectors_checked"":3538944}"
     64512,         0,         0,    5.40,decoder_by_matrix,beec9fd12293a9cfe53c9b61fb8ce2a525e4eed38fa75d132d6dc64699336876,"{""distance"":3,""physical_error_rate"":0.0001}","{""detection_events"":1023,""detectors_checked"":3483648}"
     66560,         1,         0,    5.64,decoder_by_matrix,beec9fd12293a9cfe53c9b61fb8ce2a525e4eed38fa75d132d6dc64699336876,"{""distance"":3,""physical_error_rate"":0.0001}","{""detection_events"":1044,""detectors_checked"":3594240,""obs_mistake_mask=E"":1}"
     65536,         0,         0,    5.87,decoder_by_matrix,beec9fd12293a9cfe53c9b61fb8ce2a525e4eed38fa75d132d6dc64699336876,"{""distance"":3,""physical_error_rate"":0.0001}","{""detection_events"":1020,""detectors_checked"":3538944}"
     65536,         0,         0,    6.14,decoder_by_matrix,beec9fd12293a9cfe53c9b61fb8ce2a525e4eed38fa75d132d6dc64699336876,"{""distance"":3,""physical_error_rate"":0.0001}","{""detection_events"":1035,""detectors_checked"":3538944}"
     69632,         0,         0,    5.97,decoder_by_matrix,beec9fd12293a9cfe53c9b61fb8ce2a525e4eed38fa75d132d6dc64699336876,"{""distance"":3,""physical_error_rate"":0.0001}","{""detection_events"":870,""detectors_checked"":3760128}"
     64512,         0,         0,    6.10,decoder_by_matrix,beec9fd12293a9cfe53c9b61fb8ce2a525e4eed38fa75d132d6dc64699336876,"{""distance"":3,""physical_error_rate"":0.0001}","{""detection_events"":897,""detectors_checked"":3483648}"
     67584,         0,         0,    5.86,decoder_by_matrix,beec9fd12293a9cfe53c9b61fb8ce2a525e4eed38fa75d132d6dc64699336876,"{""distance"":3,""physical_error_rate"":0.0001}","{""detection_events"":1065,""detectors_checked"":3649536}"
     68608,         0,         0,    6.15,decoder_by_matrix,beec9fd12293a9cfe53c9b61fb8ce2a525e4eed38fa75d132d6dc64699336876,"{""distance"":3,""physical_error_rate"":0.0001}","{""detection_events"":987,""detectors_checked"":3704832}"
     70656,         0,         0,    6.19,decoder_by_matrix,beec9fd12293a9cfe53c9b61fb8ce2a525e4eed38fa75d132d6dc64699336876,"{""distance"":3,""physical_error_rate"":0.0001}","{""detection_events"":852,""detectors_checked"":3815424}"
     91136,         0,         0,    7.94,decoder_by_matrix,beec9fd12293a9cfe53c9b61fb8ce2a525e4eed38fa75d132d6dc64699336876,"{""distance"":3,""physical_error_rate"":0.0001}","{""detection_events"":1311,""detectors_checked"":4921344}"
     88064,         0,         0,    8.15,decoder_by_matrix,beec9fd12293a9cfe53c9b61fb8ce2a525e4eed38fa75d132d6dc64699336876,"{""distance"":3,""physical_error_rate"":0.0001}","{""detection_events"":1272,""detectors_checked"":4755456}"
     93184,         0,         0,    7.76,decoder_by_matrix,beec9fd12293a9cfe53c9b61fb8ce2a525e4eed38fa75d132d6dc64699336876,"{""distance"":3,""physical_error_rate"":0.0001}","{""detection_events"":1155,""detectors_checked"":5031936}"
     92160,         1,         0,    8.44,decoder_by_matrix,beec9fd12293a9cfe53c9b61fb8ce2a525e4eed38fa75d132d6dc64699336876,"{""distance"":3,""physical_error_rate"":0.0001}","{""detection_events"":1479,""detectors_checked"":4976640,""obs_mistake_mask=E"":1}"
     92160,         1,         0,    8.19,decoder_by_matrix,beec9fd12293a9cfe53c9b61fb8ce2a525e4eed38fa75d132d6dc64699336876,"{""distance"":3,""physical_error_rate"":0.0001}","{""detection_events"":1497,""detectors_checked"":4976640,""obs_mistake_mask=E"":1}"
     91136,         1,         0,    7.68,decoder_by_matrix,beec9fd12293a9cfe53c9b61fb8ce2a525e4eed38fa75d132d6dc64699336876,"{""distance"":3,""physical_error_rate"":0.0001}","{""detection_events"":1269,""detectors_checked"":4921344,""obs_mistake_mask=E"":1}"
     89088,         0,         0,    7.94,decoder_by_matrix,beec9fd12293a9cfe53c9b61fb8ce2a525e4eed38fa75d132d6dc64699336876,"{""distance"":3,""physical_error_rate"":0.0001}","{""detection_events"":1431,""detectors_checked"":4810752}"
     90112,         0,         0,    8.12,decoder_by_matrix,beec9fd12293a9cfe53c9b61fb8ce2a525e4eed38fa75d132d6dc64699336876,"{""distance"":3,""physical_error_rate"":0.0001}","{""detection_events"":1458,""detectors_checked"":4866048}"
     94208,         0,         0,    7.96,decoder_by_matrix,beec9fd12293a9cfe53c9b61fb8ce2a525e4eed38fa75d132d6dc64699336876,"{""distance"":3,""physical_error_rate"":0.0001}","{""detection_events"":1455,""detectors_checked"":5087232}"
     90112,         0,         0,    8.20,decoder_by_matrix,beec9fd12293a9cfe53c9b61fb8ce2a525e4eed38fa75d132d6dc64699336876,"{""distance"":3,""physical_error_rate"":0.0001}","{""detection_events"":1353,""detectors_checked"":4866048}"
     91136,         0,         0,    8.19,decoder_by_matrix,beec9fd12293a9cfe53c9b61fb8ce2a525e4eed38fa75d132d6dc64699336876,"{""distance"":3,""physical_error_rate"":0.0001}","{""detection_events"":1338,""detectors_checked"":4921344}"
     93184,         0,         0,    8.50,decoder_by_matrix,beec9fd12293a9cfe53c9b61fb8ce2a525e4eed38fa75d132d6dc64699336876,"{""distance"":3,""physical_error_rate"":0.0001}","{""detection_events"":1452,""detectors_checked"":5031936}"
     87040,         0,         0,    8.45,decoder_by_matrix,beec9fd12293a9cfe53c9b61fb8ce2a525e4eed38fa75d132d6dc64699336876,"{""distance"":3,""physical_error_rate"":0.0001}","{""detection_events"":1365,""detectors_checked"":4700160}"
     88064,         0,         0,    8.18,decoder_by_matrix,beec9fd12293a9cfe53c9b61fb8ce2a525e4eed38fa75d132d6dc64699336876,"{""distance"":3,""physical_error_rate"":0.0001}","{""detection_events"":1233,""detectors_checked"":4755456}"
     92160,         0,         0,    8.25,decoder_by_matrix,beec9fd12293a9cfe53c9b61fb8ce2a525e4eed38fa75d132d6dc64699336876,"{""distance"":3,""physical_error_rate"":0.0001}","{""detection_events"":1302,""detectors_checked"":4976640}"
     96256,         0,         0,    8.45,decoder_by_matrix,beec9fd12293a9cfe53c9b61fb8ce2a525e4eed38fa75d132d6dc64699336876,"{""distance"":3,""physical_error_rate"":0.0001}","{""detection_events"":1257,""detectors_checked"":5197824}"
     87040,         0,         0,    8.41,decoder_by_matrix,beec9fd12293a9cfe53c9b61fb8ce2a525e4eed38fa75d132d6dc64699336876,"{""distance"":3,""physical_error_rate"":0.0001}","{""detection_events"":1275,""detectors_checked"":4700160}"
     88064,         0,         0,    8.17,decoder_by_matrix,beec9fd12293a9cfe53c9b61fb8ce2a525e4eed38fa75d132d6dc64699336876,"{""distance"":3,""physical_error_rate"":0.0001}","{""detection_events"":1344,""detectors_checked"":4755456}"
     90112,         0,         0,    7.69,decoder_by_matrix,beec9fd12293a9cfe53c9b61fb8ce2a525e4eed38fa75d132d6dc64699336876,"{""distance"":3,""physical_error_rate"":0.0001}","{""detection_events"":1404,""detectors_checked"":4866048}"
     92160,         0,         0,    8.19,decoder_by_matrix,beec9fd12293a9cfe53c9b61fb8ce2a525e4eed38fa75d132d6dc64699336876,"{""distance"":3,""physical_error_rate"":0.0001}","{""detection_events"":1488,""detectors_checked"":4976640}"
     95232,         0,         0,    8.32,decoder_by_matrix,beec9fd12293a9cfe53c9b61fb8ce2a525e4eed38fa75d132d6dc64699336876,"{""distance"":3,""physical_error_rate"":0.0001}","{""detection_events"":1119,""detectors_checked"":5142528}"
     95232,         0,         0,    8.48,decoder_by_matrix,beec9fd12293a9cfe53c9b61fb8ce2a525e4eed38fa75d132d6dc64699336876,"{""distance"":3,""physical_error_rate"":0.0001}","{""detection_events"":1173,""detectors_checked"":5142528}"
     87040,         0,         0,    7.70,decoder_by_matrix,beec9fd12293a9cfe53c9b61fb8ce2a525e4eed38fa75d132d6dc64699336876,"{""distance"":3,""physical_error_rate"":0.0001}","{""detection_events"":1491,""detectors_checked"":4700160}"
     87040,         0,         0,    8.42,decoder_by_matrix,beec9fd12293a9cfe53c9b61fb8ce2a525e4eed38fa75d132d6dc64699336876,"{""distance"":3,""physical_error_rate"":0.0001}","{""detection_events"":1398,""detectors_checked"":4700160}"
     91136,         0,         0,    7.92,decoder_by_matrix,beec9fd12293a9cfe53c9b61fb8ce2a525e4eed38fa75d132d6dc64699336876,"{""distance"":3,""physical_error_rate"":0.0001}","{""detection_events"":1341,""detectors_checked"":4921344}"
     90112,         0,         0,    8.21,decoder_by_matrix,beec9fd12293a9cfe53c9b61fb8ce2a525e4eed38fa75d132d6dc64699336876,"{""distance"":3,""physical_error_rate"":0.0001}","{""detection_events"":1272,""detectors_checked"":4866048}"
     92160,         0,         0,    7.94,decoder_by_matrix,beec9fd12293a9cfe53c9b61fb8ce2a525e4eed38fa75d132d6dc64699336876,"{""distance"":3,""physical_error_rate"":0.0001}","{""detection_events"":1308,""detectors_checked"":4976640}"
     91136,         0,         0,    8.12,decoder_by_matrix,beec9fd12293a9cfe53c9b61fb8ce2a525e4eed38fa75d132d6dc64699336876,"{""distance"":3,""physical_error_rate"":0.0001}","{""detection_events"":1104,""detectors_checked"":4921344}"
     93184,         1,         0,    7.95,decoder_by_matrix,beec9fd12293a9cfe53c9b61fb8ce2a525e4eed38fa75d132d6dc64699336876,"{""distance"":3,""physical_error_rate"":0.0001}","{""detection_events"":1356,""detectors_checked"":5031936,""obs_mistake_mask=E"":1}"
     93184,         0,         0,    7.97,decoder_by_matrix,beec9fd12293a9cfe53c9b61fb8ce2a525e4eed38fa75d132d6dc64699336876,"{""distance"":3,""physical_error_rate"":0.0001}","{""detection_events"":1305,""detectors_checked"":5031936}"
     89088,         0,         0,    8.39,decoder_by_matrix,beec9fd12293a9cfe53c9b61fb8ce2a525e4eed38fa75d132d6dc64699336876,"{""distance"":3,""physical_error_rate"":0.0001}","{""detection_events"":1332,""detectors_checked"":4810752}"
     91136,         0,         0,    8.49,decoder_by_matrix,beec9fd12293a9cfe53c9b61fb8ce2a525e4eed38fa75d132d6dc64699336876,"{""distance"":3,""physical_error_rate"":0.0001}","{""detection_events"":1269,""detectors_checked"":4921344}"
   1308672,         0,         0,   117.2,decoder_by_matrix,beec9fd12293a9cfe53c9b61fb8ce2a525e4eed38fa75d132d6dc64699336876,"{""distance"":3,""physical_error_rate"":0.0001}","{""detection_events"":18999,""detectors_checked"":70668288}"
   1317888,         2,         0,   117.9,decoder_by_matrix,beec9fd12293a9cfe53c9b61fb8ce2a525e4eed38fa75d132d6dc64699336876,"{""distance"":3,""physical_error_rate"":0.0001}","{""detection_events"":19002,""detectors_checked"":71165952,""obs_mistake_mask=E"":2}"
    134144,         0,         0,    11.8,decoder_by_matrix,beec9fd12293a9cfe53c9b61fb8ce2a525e4eed38fa75d132d6dc64699336876,"{""distance"":3,""physical_error_rate"":0.0001}","{""detection_events"":1614,""detectors_checked"":7243776}"
    125952,         0,         0,    11.5,decoder_by_matrix,beec9fd12293a9cfe53c9b61fb8ce2a525e4eed38fa75d132d6dc64699336876,"{""distance"":3,""physical_error_rate"":0.0001}","{""detection_events"":1956,""detectors_checked"":6801408}"
    130048,         0,         0,    11.8,decoder_by_matrix,beec9fd12293a9cfe53c9b61fb8ce2a525e4eed38fa75d132d6dc64699336876,"{""distance"":3,""physical_error_rate"":0.0001}","{""detection_events"":1875,""detectors_checked"":7022592}"
    132096,         0,         0,    11.4,decoder_by_matrix,beec9fd12293a9cfe53c9b61fb8ce2a525e4eed38fa75d132d6dc64699336876,"{""distance"":3,""physical_error_rate"":0.0001}","{""detection_events"":1974,""detectors_checked"":7133184}"
    126976,         0,         0,    11.5,decoder_by_matrix,beec9fd12293a9cfe53c9b61fb8ce2a525e4eed38fa75d132d6dc64699336876,"{""distance"":3,""physical_error_rate"":0.0001}","{""detection_events"":1950,""detectors_checked"":6856704}"
    129024,         0,         0,    11.3,decoder_by_matrix,beec9fd12293a9cfe53c9b61fb8ce2a525e4eed38fa75d132d6dc64699336876,"{""distance"":3,""physical_error_rate"":0.0001}","{""detection_events"":1674,""detectors_checked"":6967296}"
    128000,         0,         0,    11.5,decoder_by_matrix,beec9fd12293a9cfe53c9b61fb8ce2a525e4eed38fa75d132d6dc64699336876,"{""distance"":3,""physical_error_rate"":0.0001}","{""detection_events"":1914,""detectors_checked"":6912000}"
    131072,         0,         0,    11.6,decoder_by_matrix,beec9fd12293a9cfe53c9b61fb8ce2a525e4eed38fa75d132d6dc64699336876,"{""distance"":3,""physical_error_rate"":0.0001}","{""detection_events"":1836,""detectors_checked"":7077888}"
    126976,         0,         0,    11.5,decoder_by_matrix,beec9fd12293a9cfe53c9b61fb8ce2a525e4eed38fa75d132d6dc64699336876,"{""distance"":3,""physical_error_rate"":0.0001}","{""detection_events"":1572,""detectors_checked"":6856704}"
    126976,         0,         0,    11.5,decoder_by_matrix,beec9fd12293a9cfe53c9b61fb8ce2a525e4eed38fa75d132d6dc64699336876,"{""distance"":3,""physical_error_rate"":0.0001}","{""detection_events"":2079,""detectors_checked"":6856704}"
    126976,         0,         0,    11.5,decoder_by_matrix,beec9fd12293a9cfe53c9b61fb8ce2a525e4eed38fa75d132d6dc64699336876,"{""distance"":3,""physical_error_rate"":0.0001}","{""detection_events"":1908,""detectors_checked"":6856704}"
    121856,         1,         0,    11.5,decoder_by_matrix,beec9fd12293a9cfe53c9b61fb8ce2a525e4eed38fa75d132d6dc64699336876,"{""distance"":3,""physical_error_rate"":0.0001}","{""detection_events"":1920,""detectors_checked"":6580224,""obs_mistake_mask=E"":1}"
    129024,         0,         0,    11.5,decoder_by_matrix,beec9fd12293a9cfe53c9b61fb8ce2a525e4eed38fa75d132d6dc64699336876,"{""distance"":3,""physical_error_rate"":0.0001}","{""detection_events"":1854,""detectors_checked"":6967296}"
    129024,         0,         0,    11.5,decoder_by_matrix,beec9fd12293a9cfe53c9b61fb8ce2a525e4eed38fa75d132d6dc64699336876,"{""distance"":3,""physical_error_rate"":0.0001}","{""detection_events"":1731,""detectors_checked"":6967296}"
    125952,         0,         0,    11.8,decoder_by_matrix,beec9fd12293a9cfe53c9b61fb8ce2a525e4eed38fa75d132d6dc64699336876,"{""distance"":3,""physical_error_rate"":0.0001}","{""detection_events"":1821,""detectors_checked"":6801408}"
    123904,         0,         0,    11.7,decoder_by_matrix,beec9fd12293a9cfe53c9b61fb8ce2a525e4eed38fa75d132d6dc64699336876,"{""distance"":3,""physical_error_rate"":0.0001}","{""detection_events"":2025,""detectors_checked"":6690816}"
    131072,         0,         0,    12.0,decoder_by_matrix,beec9fd12293a9cfe53c9b61fb8ce2a525e4eed38fa75d132d6dc64699336876,"{""distance"":3,""physical_error_rate"":0.0001}","{""detection_events"":1950,""detectors_checked"":7077888}"
    129024,         0,         0,    11.4,decoder_by_matrix,beec9fd12293a9cfe53c9b61fb8ce2a525e4eed38fa75d132d6dc64699336876,"{""distance"":3,""physical_error_rate"":0.0001}","{""detection_events"":1686,""detectors_checked"":6967296}"
    125952,         0,         0,    11.5,decoder_by_matrix,beec9fd12293a9cfe53c9b61fb8ce2a525e4eed38fa75d132d6dc64699336876,"{""distance"":3,""physical_error_rate"":0.0001}","{""detection_events"":2010,""detectors_checked"":6801408}"
    125952,         0,         0,    11.5,decoder_by_matrix,beec9fd12293a9cfe53c9b61fb8ce2a525e4eed38fa75d132d6dc64699336876,"{""distance"":3,""physical_error_rate"":0.0001}","{""detection_events"":1872,""detectors_checked"":6801408}"
    130048,         0,         0,    11.8,decoder_by_matrix,beec9fd12293a9cfe53c9b61fb8ce2a525e4eed38fa75d132d6dc64699336876,"{""distance"":3,""physical_error_rate"":0.0001}","{""detection_events"":1836,""detectors_checked"":7022592}"
    126976,         0,         0,    11.7,decoder_by_matrix,beec9fd12293a9cfe53c9b61fb8ce2a525e4eed38fa75d132d6dc64699336876,"{""distance"":3,""physical_error_rate"":0.0001}","{""detection_events"":1914,""detectors_checked"":6856704}"
    131072,         1,         0,    11.3,decoder_by_matrix,beec9fd12293a9cfe53c9b61fb8ce2a525e4eed38fa75d132d6dc64699336876,"{""distance"":3,""physical_error_rate"":0.0001}","{""detection_events"":1704,""detectors_checked"":7077888,""obs_mistake_mask=E"":1}"
    129024,         0,         0,    11.7,decoder_by_matrix,beec9fd12293a9cfe53c9b61fb8ce2a525e4eed38fa75d132d6dc64699336876,"{""distance"":3,""physical_error_rate"":0.0001}","{""detection_events"":2061,""detectors_checked"":6967296}"
    125952,         0,         0,    10.9,decoder_by_matrix,beec9fd12293a9cfe53c9b61fb8ce2a525e4eed38fa75d132d6dc64699336876,"{""distance"":3,""physical_error_rate"":0.0001}","{""detection_events"":1758,""detectors_checked"":6801408}"
    134144,         0,         0,    11.3,decoder_by_matrix,beec9fd12293a9cfe53c9b61fb8ce2a525e4eed38fa75d132d6dc64699336876,"{""distance"":3,""physical_error_rate"":0.0001}","{""detection_events"":1710,""detectors_checked"":7243776}"
    124928,         0,         0,    11.3,decoder_by_matrix,beec9fd12293a9cfe53c9b61fb8ce2a525e4eed38fa75d132d6dc64699336876,"{""distance"":3,""physical_error_rate"":0.0001}","{""detection_events"":1593,""detectors_checked"":6746112}"
    132096,         0,         0,    11.4,decoder_by_matrix,beec9fd12293a9cfe53c9b61fb8ce2a525e4eed38fa75d132d6dc64699336876,"{""distance"":3,""physical_error_rate"":0.0001}","{""detection_events"":1824,""detectors_checked"":7133184}"
    131072,         0,         0,    11.9,decoder_by_matrix,beec9fd12293a9cfe53c9b61fb8ce2a525e4eed38fa75d132d6dc64699336876,"{""distance"":3,""physical_error_rate"":0.0001}","{""detection_events"":1893,""detectors_checked"":7077888}"
    128000,         0,         0,    11.7,decoder_by_matrix,beec9fd12293a9cfe53c9b61fb8ce2a525e4eed38fa75d132d6dc64699336876,"{""distance"":3,""physical_error_rate"":0.0001}","{""detection_events"":2085,""detectors_checked"":6912000}"
    128000,         1,         0,    11.6,decoder_by_matrix,beec9fd12293a9cfe53c9b61fb8ce2a525e4eed38fa75d132d6dc64699336876,"{""distance"":3,""physical_error_rate"":0.0001}","{""detection_events"":2085,""detectors_checked"":6912000,""obs_mistake_mask=E"":1}"
    125952,         0,         0,    11.0,decoder_by_matrix,beec9fd12293a9cfe53c9b61fb8ce2a525e4eed38fa75d132d6dc64699336876,"{""distance"":3,""physical_error_rate"":0.0001}","{""detection_events"":1953,""detectors_checked"":6801408}"
   1309696,         1,         0,   115.9,decoder_by_matrix,beec9fd12293a9cfe53c9b61fb8ce2a525e4eed38fa75d132d6dc64699336876,"{""distance"":3,""physical_error_rate"":0.0001}","{""detection_events"":19119,""detectors_checked"":70723584,""obs_mistake_mask=E"":1}"
   1320960,         2,         0,   117.1,decoder_by_matrix,beec9fd12293a9cfe53c9b61fb8ce2a525e4eed38fa75d132d6dc64699336876,"{""distance"":3,""physical_error_rate"":0.0001}","{""detection_events"":18300,""detectors_checked"":71331840,""obs_mistake_mask=E"":2}"
   1287168,         0,         0,   115.6,decoder_by_matrix,beec9fd12293a9cfe53c9b61fb8ce2a525e4eed38fa75d132d6dc64699336876,"{""distance"":3,""physical_error_rate"":0.0001}","{""detection_events"":18540,""detectors_checked"":69507072}"
   1299456,         1,         0,   117.8,decoder_by_matrix,beec9fd12293a9cfe53c9b61fb8ce2a525e4eed38fa75d132d6dc64699336876,"{""distance"":3,""physical_error_rate"":0.0001}","{""detection_events"":19275,""detectors_checked"":70170624,""obs_mistake_mask=E"":1}"
   1306624,         1,         0,   116.7,decoder_by_matrix,beec9fd12293a9cfe53c9b61fb8ce2a525e4eed38fa75d132d6dc64699336876,"{""distance"":3,""physical_error_rate"":0.0001}","{""detection_events"":19053,""detectors_checked"":70557696,""obs_mistake_mask=E"":1}"
   1306624,         0,         0,   117.0,decoder_by_matrix,beec9fd12293a9cfe53c9b61fb8ce2a525e4eed38fa75d132d6dc64699336876,"{""distance"":3,""physical_error_rate"":0.0001}","{""detection_events"":18951,""detectors_checked"":70557696}"
   1296384,         2,         0,   117.5,decoder_by_matrix,beec9fd12293a9cfe53c9b61fb8ce2a525e4eed38fa75d132d6dc64699336876,"{""distance"":3,""physical_error_rate"":0.0001}","{""detection_events"":18744,""detectors_checked"":70004736,""obs_mistake_mask=E"":2}"
   1305600,         0,         0,   117.3,decoder_by_matrix,beec9fd12293a9cfe53c9b61fb8ce2a525e4eed38fa75d132d6dc64699336876,"{""distance"":3,""physical_error_rate"":0.0001}","{""detection_events"":18840,""detectors_checked"":70502400}"
    175104,         0,         0,    16.2,decoder_by_matrix,beec9fd12293a9cfe53c9b61fb8ce2a525e4eed38fa75d132d6dc64699336876,"{""distance"":3,""physical_error_rate"":0.0001}","{""detection_events"":2814,""detectors_checked"":9455616}"
    176128,         0,         0,    15.9,decoder_by_matrix,beec9fd12293a9cfe53c9b61fb8ce2a525e4eed38fa75d132d6dc64699336876,"{""distance"":3,""physical_error_rate"":0.0001}","{""detection_events"":2742,""detectors_checked"":9510912}"
    177152,         0,         0,    16.4,decoder_by_matrix,beec9fd12293a9cfe53c9b61fb8ce2a525e4eed38fa75d132d6dc64699336876,"{""distance"":3,""physical_error_rate"":0.0001}","{""detection_events"":2763,""detectors_checked"":9566208}"
    176128,         0,         0,    16.1,decoder_by_matrix,beec9fd12293a9cfe53c9b61fb8ce2a525e4eed38fa75d132d6dc64699336876,"{""distance"":3,""physical_error_rate"":0.0001}","{""detection_events"":2730,""detectors_checked"":9510912}"
    184320,         0,         0,    16.6,decoder_by_matrix,beec9fd12293a9cfe53c9b61fb8ce2a525e4eed38fa75d132d6dc64699336876,"{""distance"":3,""physical_error_rate"":0.0001}","{""detection_events"":2670,""detectors_checked"":9953280}"
    182272,         0,         0,    15.9,decoder_by_matrix,beec9fd12293a9cfe53c9b61fb8ce2a525e4eed38fa75d132d6dc64699336876,"{""distance"":3,""physical_error_rate"":0.0001}","{""detection_events"":2532,""detectors_checked"":9842688}"
    181248,         0,         0,    16.4,decoder_by_matrix,beec9fd12293a9cfe53c9b61fb8ce2a525e4eed38fa75d132d6dc64699336876,"{""distance"":3,""physical_error_rate"":0.0001}","{""detection_events"":2520,""detectors_checked"":9787392}"
    176128,         0,         0,    15.8,decoder_by_matrix,beec9fd12293a9cfe53c9b61fb8ce2a525e4eed38fa75d132d6dc64699336876,"{""distance"":3,""physical_error_rate"":0.0001}","{""detection_events"":2535,""detectors_checked"":9510912}"
    177152,         0,         0,    16.2,decoder_by_matrix,beec9fd12293a9cfe53c9b61fb8ce2a525e4eed38fa75d132d6dc64699336876,"{""distance"":3,""physical_error_rate"":0.0001}","{""detection_events"":2775,""detectors_checked"":9566208}"
    181248,         0,         0,    16.4,decoder_by_matrix,beec9fd12293a9cfe53c9b61fb8ce2a525e4eed38fa75d132d6dc64699336876,"{""distance"":3,""physical_error_rate"":0.0001}","{""detection_events"":2622,""detectors_checked"":9787392}"
    188416,         0,         0,    16.6,decoder_by_matrix,beec9fd12293a9cfe53c9b61fb8ce2a525e4eed38fa75d132d6dc64699336876,"{""distance"":3,""physical_error_rate"":0.0001}","{""detection_events"":2424,""detectors_checked"":10174464}"
    180224,         0,         0,    15.7,decoder_by_matrix,beec9fd12293a9cfe53c9b61fb8ce2a525e4eed38fa75d132d6dc64699336876,"{""distance"":3,""physical_error_rate"":0.0001}","{""detection_events"":2475,""detectors_checked"":9732096}"
    174080,         0,         0,    16.2,decoder_by_matrix,beec9fd12293a9cfe53c9b61fb8ce2a525e4eed38fa75d132d6dc64699336876,"{""distance"":3,""physical_error_rate"":0.0001}","{""detection_events"":2871,""detectors_checked"":9400320}"
    179200,         0,         0,    16.2,decoder_by_matrix,beec9fd12293a9cfe53c9b61fb8ce2a525e4eed38fa75d132d6dc64699336876,"{""distance"":3,""physical_error_rate"":0.0001}","{""detection_events"":2706,""detectors_checked"":9676800}"
    180224,         0,         0,    16.2,decoder_by_matrix,beec9fd12293a9cfe53c9b61fb8ce2a525e4eed38fa75d132d6dc64699336876,"{""distance"":3,""physical_error_rate"":0.0001}","{""detection_events"":2265,""detectors_checked"":9732096}"
    180224,         0,         0,    16.4,decoder_by_matrix,beec9fd12293a9cfe53c9b61fb8ce2a525e4eed38fa75d132d6dc64699336876,"{""distance"":3,""physical_error_rate"":0.0001}","{""detection_events"":2778,""detectors_checked"":9732096}"
    174080,         0,         0,    16.5,decoder_by_matrix,beec9fd12293a9cfe53c9b61fb8ce2a525e4eed38fa75d132d6dc64699336876,"{""distance"":3,""physical_error_rate"":0.0001}","{""detection_events"":2538,""detectors_checked"":9400320}"
    182272,         0,         0,    15.4,decoder_by_matrix,beec9fd12293a9cfe53c9b61fb8ce2a525e4eed38fa75d132d6dc64699336876,"{""distance"":3,""physical_error_rate"":0.0001}","{""detection_events"":2550,""detectors_checked"":9842688}"
    179200,         0,         0,    15.3,decoder_by_matrix,beec9fd12293a9cfe53c9b61fb8ce2a525e4eed38fa75d132d6dc64699336876,"{""distance"":3,""physical_error_rate"":0.0001}","{""detection_events"":2673,""detectors_checked"":9676800}"
    177152,         0,         0,    16.5,decoder_by_matrix,beec9fd12293a9cfe53c9b61fb8ce2a525e4eed38fa75d132d6dc64699336876,"{""distance"":3,""physical_error_rate"":0.0001}","{""detection_events"":2613,""detectors_checked"":9566208}"
    178176,         0,         0,    16.3,decoder_by_matrix,beec9fd12293a9cfe53c9b61fb8ce2a525e4eed38fa75d132d6dc64699336876,"{""distance"":3,""physical_error_rate"":0.0001}","{""detection_events"":2637,""detectors_checked"":9621504}"
    176128,         1,         0,    16.3,decoder_by_matrix,beec9fd12293a9cfe53c9b61fb8ce2a525e4eed38fa75d132d6dc64699336876,"{""distance"":3,""physical_error_rate"":0.0001}","{""detection_events"":2667,""detectors_checked"":9510912,""obs_mistake_mask=E"":1}"
    175104,         0,         0,    16.1,decoder_by_matrix,beec9fd12293a9cfe53c9b61fb8ce2a525e4eed38fa75d132d6dc64699336876,"{""distance"":3,""physical_error_rate"":0.0001}","{""detection_events"":2634,""detectors_checked"":9455616}"
    182272,         0,         0,    16.2,decoder_by_matrix,beec9fd12293a9cfe53c9b61fb8ce2a525e4eed38fa75d132d6dc64699336876,"{""distance"":3,""physical_error_rate"":0.0001}","{""detection_events"":2580,""detectors_checked"":9842688}"
    178176,         1,         0,    16.4,decoder_by_matrix,beec9fd12293a9cfe53c9b61fb8ce2a525e4eed38fa75d132d6dc64699336876,"{""distance"":3,""physical_error_rate"":0.0001}","{""detection_events"":2661,""detectors_checked"":9621504,""obs_mistake_mask=E"":1}"
    185344,         0,         0,    16.4,decoder_by_matrix,beec9fd12293a9cfe53c9b61fb8ce2a525e4eed38fa75d132d6dc64699336876,"{""distance"":3,""physical_error_rate"":0.0001}","{""detection_events"":2721,""detectors_checked"":10008576}"
    182272,         0,         0,    16.3,decoder_by_matrix,beec9fd12293a9cfe53c9b61fb8ce2a525e4eed38fa75d132d6dc64699336876,"{""distance"":3,""physical_error_rate"":0.0001}","{""detection_events"":2607,""detectors_checked"":9842688}"
    178176,         0,         0,    16.6,decoder_by_matrix,beec9fd12293a9cfe53c9b61fb8ce2a525e4eed38fa75d132d6dc64699336876,"{""distance"":3,""physical_error_rate"":0.0001}","{""detection_events"":3036,""detectors_checked"":9621504}"
    178176,         0,         0,    15.6,decoder_by_matrix,beec9fd12293a9cfe53c9b61fb8ce2a525e4eed38fa75d132d6dc64699336876,"{""distance"":3,""physical_error_rate"":0.0001}","{""detection_events"":2694,""detectors_checked"":9621504}"
    181248,         1,         0,    16.1,decoder_by_matrix,beec9fd12293a9cfe53c9b61fb8ce2a525e4eed38fa75d132d6dc64699336876,"{""distance"":3,""physical_error_rate"":0.0001}","{""detection_events"":2556,""detectors_checked"":9787392,""obs_mistake_mask=E"":1}"
    181248,         0,         0,    15.9,decoder_by_matrix,beec9fd12293a9cfe53c9b61fb8ce2a525e4eed38fa75d132d6dc64699336876,"{""distance"":3,""physical_error_rate"":0.0001}","{""detection_events"":2754,""detectors_checked"":9787392}"
    176128,         0,         0,    16.0,decoder_by_matrix,beec9fd12293a9cfe53c9b61fb8ce2a525e4eed38fa75d132d6dc64699336876,"{""distance"":3,""physical_error_rate"":0.0001}","{""detection_events"":2481,""detectors_checked"":9510912}"
   1296384,         2,         0,   115.7,decoder_by_matrix,beec9fd12293a9cfe53c9b61fb8ce2a525e4eed38fa75d132d6dc64699336876,"{""distance"":3,""physical_error_rate"":0.0001}","{""detection_events"":19443,""detectors_checked"":70004736,""obs_mistake_mask=E"":2}"
   1304576,         4,         0,   115.8,decoder_by_matrix,beec9fd12293a9cfe53c9b61fb8ce2a525e4eed38fa75d132d6dc64699336876,"{""distance"":3,""physical_error_rate"":0.0001}","{""detection_events"":19173,""detectors_checked"":70447104,""obs_mistake_mask=E"":4}"
   1303552,         1,         0,   116.0,decoder_by_matrix,beec9fd12293a9cfe53c9b61fb8ce2a525e4eed38fa75d132d6dc64699336876,"{""distance"":3,""physical_error_rate"":0.0001}","{""detection_events"":19545,""detectors_checked"":70391808,""obs_mistake_mask=E"":1}"
   1309696,         1,         0,   115.4,decoder_by_matrix,beec9fd12293a9cfe53c9b61fb8ce2a525e4eed38fa75d132d6dc64699336876,"{""distance"":3,""physical_error_rate"":0.0001}","{""detection_events"":18882,""detectors_checked"":70723584,""obs_mistake_mask=E"":1}"
   1302528,         0,         0,   117.6,decoder_by_matrix,beec9fd12293a9cfe53c9b61fb8ce2a525e4eed38fa75d132d6dc64699336876,"{""distance"":3,""physical_error_rate"":0.0001}","{""detection_events"":18804,""detectors_checked"":70336512}"
    243712,         1,         0,    22.7,decoder_by_matrix,beec9fd12293a9cfe53c9b61fb8ce2a525e4eed38fa75d132d6dc64699336876,"{""distance"":3,""physical_error_rate"":0.0001}","{""detection_events"":3654,""detectors_checked"":13160448,""obs_mistake_mask=E"":1}"
    249856,         0,         0,    22.2,decoder_by_matrix,beec9fd12293a9cfe53c9b61fb8ce2a525e4eed38fa75d132d6dc64699336876,"{""distance"":3,""physical_error_rate"":0.0001}","{""detection_events"":3819,""detectors_checked"":13492224}"
    245760,         0,         0,    22.3,decoder_by_matrix,beec9fd12293a9cfe53c9b61fb8ce2a525e4eed38fa75d132d6dc64699336876,"{""distance"":3,""physical_error_rate"":0.0001}","{""detection_events"":3522,""detectors_checked"":13271040}"
    248832,         1,         0,    23.1,decoder_by_matrix,beec9fd12293a9cfe53c9b61fb8ce2a525e4eed38fa75d132d6dc64699336876,"{""distance"":3,""physical_error_rate"":0.0001}","{""detection_events"":3723,""detectors_checked"":13436928,""obs_mistake_mask=E"":1}"
    256000,         0,         0,    22.8,decoder_by_matrix,beec9fd12293a9cfe53c9b61fb8ce2a525e4eed38fa75d132d6dc64699336876,"{""distance"":3,""physical_error_rate"":0.0001}","{""detection_events"":3762,""detectors_checked"":13824000}"
    249856,         0,         0,    22.5,decoder_by_matrix,beec9fd12293a9cfe53c9b61fb8ce2a525e4eed38fa75d132d6dc64699336876,"{""distance"":3,""physical_error_rate"":0.0001}","{""detection_events"":3711,""detectors_checked"":13492224}"
    251904,         0,         0,    23.1,decoder_by_matrix,beec9fd12293a9cfe53c9b61fb8ce2a525e4eed38fa75d132d6dc64699336876,"{""distance"":3,""physical_error_rate"":0.0001}","{""detection_events"":3789,""detectors_checked"":13602816}"
    251904,         0,         0,    22.1,decoder_by_matrix,beec9fd12293a9cfe53c9b61fb8ce2a525e4eed38fa75d132d6dc64699336876,"{""distance"":3,""physical_error_rate"":0.0001}","{""detection_events"":3891,""detectors_checked"":13602816}"
    253952,         0,         0,    22.6,decoder_by_matrix,beec9fd12293a9cfe53c9b61fb8ce2a525e4eed38fa75d132d6dc64699336876,"{""distance"":3,""physical_error_rate"":0.0001}","{""detection_events"":3762,""detectors_checked"":13713408}"
    248832,         0,         0,    22.8,decoder_by_matrix,beec9fd12293a9cfe53c9b61fb8ce2a525e4eed38fa75d132d6dc64699336876,"{""distance"":3,""physical_error_rate"":0.0001}","{""detection_events"":3591,""detectors_checked"":13436928}"
    253952,         1,         0,    23.0,decoder_by_matrix,beec9fd12293a9cfe53c9b61fb8ce2a525e4eed38fa75d132d6dc64699336876,"{""distance"":3,""physical_error_rate"":0.0001}","{""detection_events"":3381,""detectors_checked"":13713408,""obs_mistake_mask=E"":1}"
    249856,         1,         0,    23.1,decoder_by_matrix,beec9fd12293a9cfe53c9b61fb8ce2a525e4eed38fa75d132d6dc64699336876,"{""distance"":3,""physical_error_rate"":0.0001}","{""detection_events"":3819,""detectors_checked"":13492224,""obs_mistake_mask=E"":1}"
    249856,         0,         0,    22.5,decoder_by_matrix,beec9fd12293a9cfe53c9b61fb8ce2a525e4eed38fa75d132d6dc64699336876,"{""distance"":3,""physical_error_rate"":0.0001}","{""detection_events"":3501,""detectors_checked"":13492224}"
    254976,         0,         0,    23.1,decoder_by_matrix,beec9fd12293a9cfe53c9b61fb8ce2a525e4eed38fa75d132d6dc64699336876,"{""distance"":3,""physical_error_rate"":0.0001}","{""detection_events"":3642,""detectors_checked"":13768704}"
    252928,         0,         0,    22.8,decoder_by_matrix,beec9fd12293a9cfe53c9b61fb8ce2a525e4eed38fa75d132d6dc64699336876,"{""distance"":3,""physical_error_rate"":0.0001}","{""detection_events"":3849,""detectors_checked"":13658112}"
    251904,         0,         0,    22.6,decoder_by_matrix,beec9fd12293a9cfe53c9b61fb8ce2a525e4eed38fa75d132d6dc64699336876,"{""distance"":3,""physical_error_rate"":0.0001}","{""detection_events"":3483,""detectors_checked"":13602816}"
    252928,         1,         0,    22.3,decoder_by_matrix,beec9fd12293a9cfe53c9b61fb8ce2a525e4eed38fa75d132d6dc64699336876,"{""distance"":3,""physical_error_rate"":0.0001}","{""detection_events"":3780,""detectors_checked"":13658112,""obs_mistake_mask=E"":1}"
    250880,         1,         0,    22.7,decoder_by_matrix,beec9fd12293a9cfe53c9b61fb8ce2a525e4eed38fa75d132d6dc64699336876,"{""distance"":3,""physical_error_rate"":0.0001}","{""detection_events"":3390,""detectors_checked"":13547520,""obs_mistake_mask=E"":1}"
    248832,         0,         0,    23.0,decoder_by_matrix,beec9fd12293a9cfe53c9b61fb8ce2a525e4eed38fa75d132d6dc64699336876,"{""distance"":3,""physical_error_rate"":0.0001}","{""detection_events"":3696,""detectors_checked"":13436928}"
    253952,         0,         0,    23.1,decoder_by_matrix,beec9fd12293a9cfe53c9b61fb8ce2a525e4eed38fa75d132d6dc64699336876,"{""distance"":3,""physical_error_rate"":0.0001}","{""detection_events"":3975,""detectors_checked"":13713408}"
    253952,         0,         0,    22.1,decoder_by_matrix,beec9fd12293a9cfe53c9b61fb8ce2a525e4eed38fa75d132d6dc64699336876,"{""distance"":3,""physical_error_rate"":0.0001}","{""detection_events"":3417,""detectors_checked"":13713408}"
    253952,         0,         0,    23.0,decoder_by_matrix,beec9fd12293a9cfe53c9b61fb8ce2a525e4eed38fa75d132d6dc64699336876,"{""distance"":3,""physical_error_rate"":0.0001}","{""detection_events"":3570,""detectors_checked"":13713408}"
    248832,         0,         0,    22.7,decoder_by_matrix,beec9fd12293a9cfe53c9b61fb8ce2a525e4eed38fa75d132d6dc64699336876,"{""distance"":3,""physical_error_rate"":0.0001}","{""detection_events"":3747,""detectors_checked"":13436928}"
    245760,         0,         0,    23.0,decoder_by_matrix,beec9fd12293a9cfe53c9b61fb8ce2a525e4eed38fa75d132d6dc64699336876,"{""distance"":3,""physical_error_rate"":0.0001}","{""detection_events"":3684,""detectors_checked"":13271040}"
    244736,         0,         0,    22.4,decoder_by_matrix,beec9fd12293a9cfe53c9b61fb8ce2a525e4eed38fa75d132d6dc64699336876,"{""distance"":3,""physical_error_rate"":0.0001}","{""detection_events"":3615,""detectors_checked"":13215744}"
    251904,         0,         0,    22.5,decoder_by_matrix,beec9fd12293a9cfe53c9b61fb8ce2a525e4eed38fa75d132d6dc64699336876,"{""distance"":3,""physical_error_rate"":0.0001}","{""detection_events"":3927,""detectors_checked"":13602816}"
    250880,         0,         0,    21.3,decoder_by_matrix,beec9fd12293a9cfe53c9b61fb8ce2a525e4eed38fa75d132d6dc64699336876,"{""distance"":3,""physical_error_rate"":0.0001}","{""detection_events"":3576,""detectors_checked"":13547520}"
    251904,         0,         0,    21.9,decoder_by_matrix,beec9fd12293a9cfe53c9b61fb8ce2a525e4eed38fa75d132d6dc64699336876,"{""distance"":3,""physical_error_rate"":0.0001}","{""detection_events"":3642,""detectors_checked"":13602816}"
    248832,         0,         0,    22.7,decoder_by_matrix,beec9fd12293a9cfe53c9b61fb8ce2a525e4eed38fa75d132d6dc64699336876,"{""distance"":3,""physical_error_rate"":0.0001}","{""detection_events"":3774,""detectors_checked"":13436928}"
    254976,         1,         0,    22.9,decoder_by_matrix,beec9fd12293a9cfe53c9b61fb8ce2a525e4eed38fa75d132d6dc64699336876,"{""distance"":3,""physical_error_rate"":0.0001}","{""detection_events"":3333,""detectors_checked"":13768704,""obs_mistake_mask=E"":1}"
    249856,         0,         0,    22.9,decoder_by_matrix,beec9fd12293a9cfe53c9b61fb8ce2a525e4eed38fa75d132d6dc64699336876,"{""distance"":3,""physical_error_rate"":0.0001}","{""detection_events"":3513,""detectors_checked"":13492224}"
    246784,         0,         0,    22.6,decoder_by_matrix,beec9fd12293a9cfe53c9b61fb8ce2a525e4eed38fa75d132d6dc64699336876,"{""distance"":3,""physical_error_rate"":0.0001}","{""detection_events"":3636,""detectors_checked"":13326336}"
   1307648,         2,         0,   117.9,decoder_by_matrix,beec9fd12293a9cfe53c9b61fb8ce2a525e4eed38fa75d132d6dc64699336876,"{""distance"":3,""physical_error_rate"":0.0001}","{""detection_events"":19074,""detectors_checked"":70612992,""obs_mistake_mask=E"":2}"
   1298432,         1,         0,   116.5,decoder_by_matrix,beec9fd12293a9cfe53c9b61fb8ce2a525e4eed38fa75d132d6dc64699336876,"{""distance"":3,""physical_error_rate"":0.0001}","{""detection_events"":19020,""detectors_checked"":70115328,""obs_mistake_mask=E"":1}"
   1302528,         2,         0,   116.8,decoder_by_matrix,beec9fd12293a9cfe53c9b61fb8ce2a525e4eed38fa75d132d6dc64699336876,"{""distance"":3,""physical_error_rate"":0.0001}","{""detection_events"":19257,""detectors_checked"":70336512,""obs_mistake_mask=E"":2}"
   1303552,         0,         0,   116.8,decoder_by_matrix,beec9fd12293a9cfe53c9b61fb8ce2a525e4eed38fa75d132d6dc64699336876,"{""distance"":3,""physical_error_rate"":0.0001}","{""detection_events"":19029,""detectors_checked"":70391808}"
   1292288,         0,         0,   117.4,decoder_by_matrix,beec9fd12293a9cfe53c9b61fb8ce2a525e4eed38fa75d132d6dc64699336876,"{""distance"":3,""physical_error_rate"":0.0001}","{""detection_events"":19164,""detectors_checked"":69783552}"
   1311744,         1,         0,   116.5,decoder_by_matrix,beec9fd12293a9cfe53c9b61fb8ce2a525e4eed38fa75d132d6dc64699336876,"{""distance"":3,""physical_error_rate"":0.0001}","{""detection_events"":19158,""detectors_checked"":70834176,""obs_mistake_mask=E"":1}"
   1297408,         0,         0,   117.8,decoder_by_matrix,beec9fd12293a9cfe53c9b61fb8ce2a525e4eed38fa75d132d6dc64699336876,"{""distance"":3,""physical_error_rate"":0.0001}","{""detection_events"":18729,""detectors_checked"":70060032}"
   1298432,         0,         0,   116.8,decoder_by_matrix,beec9fd12293a9cfe53c9b61fb8ce2a525e4eed38fa75d132d6dc64699336876,"{""distance"":3,""physical_error_rate"":0.0001}","{""detection_events"":19494,""detectors_checked"":70115328}"
   1303552,         1,         0,   119.3,decoder_by_matrix,beec9fd12293a9cfe53c9b61fb8ce2a525e4eed38fa75d132d6dc64699336876,"{""distance"":3,""physical_error_rate"":0.0001}","{""detection_events"":19311,""detectors_checked"":70391808,""obs_mistake_mask=E"":1}"
   1301504,         4,         0,   115.9,decoder_by_matrix,beec9fd12293a9cfe53c9b61fb8ce2a525e4eed38fa75d132d6dc64699336876,"{""distance"":3,""physical_error_rate"":0.0001}","{""detection_events"":18807,""detectors_checked"":70281216,""obs_mistake_mask=E"":4}"
   1310720,         1,         0,   117.5,decoder_by_matrix,beec9fd12293a9cfe53c9b61fb8ce2a525e4eed38fa75d132d6dc64699336876,"{""distance"":3,""physical_error_rate"":0.0001}","{""detection_events"":19122,""detectors_checked"":70778880,""obs_mistake_mask=E"":1}"
   1311744,         0,         0,   115.6,decoder_by_matrix,beec9fd12293a9cfe53c9b61fb8ce2a525e4eed38fa75d132d6dc64699336876,"{""distance"":3,""physical_error_rate"":0.0001}","{""detection_events"":19044,""detectors_checked"":70834176}"
   1308672,         1,         0,   117.8,decoder_by_matrix,beec9fd12293a9cfe53c9b61fb8ce2a525e4eed38fa75d132d6dc64699336876,"{""distance"":3,""physical_error_rate"":0.0001}","{""detection_events"":18120,""detectors_checked"":70668288,""obs_mistake_mask=E"":1}"
   1308672,         0,         0,   116.3,decoder_by_matrix,beec9fd12293a9cfe53c9b61fb8ce2a525e4eed38fa75d132d6dc64699336876,"{""distance"":3,""physical_error_rate"":0.0001}","{""detection_events"":19038,""detectors_checked"":70668288}"
    352256,         2,         0,    32.1,decoder_by_matrix,beec9fd12293a9cfe53c9b61fb8ce2a525e4eed38fa75d132d6dc64699336876,"{""distance"":3,""physical_error_rate"":0.0001}","{""detection_events"":4956,""detectors_checked"":19021824,""obs_mistake_mask=E"":2}"
    349184,         1,         0,    30.8,decoder_by_matrix,beec9fd12293a9cfe53c9b61fb8ce2a525e4eed38fa75d132d6dc64699336876,"{""distance"":3,""physical_error_rate"":0.0001}","{""detection_events"":4842,""detectors_checked"":18855936,""obs_mistake_mask=E"":1}"
    351232,         0,         0,    30.6,decoder_by_matrix,beec9fd12293a9cfe53c9b61fb8ce2a525e4eed38fa75d132d6dc64699336876,"{""distance"":3,""physical_error_rate"":0.0001}","{""detection_events"":5484,""detectors_checked"":18966528}"
    346112,         0,         0,    32.2,decoder_by_matrix,beec9fd12293a9cfe53c9b61fb8ce2a525e4eed38fa75d132d6dc64699336876,"{""distance"":3,""physical_error_rate"":0.0001}","{""detection_events"":5040,""detectors_checked"":18690048}"
    355328,         0,         0,    32.2,decoder_by_matrix,beec9fd12293a9cfe53c9b61fb8ce2a525e4eed38fa75d132d6dc64699336876,"{""distance"":3,""physical_error_rate"":0.0001}","{""detection_events"":5268,""detectors_checked"":19187712}"
    348160,         0,         0,    32.0,decoder_by_matrix,beec9fd12293a9cfe53c9b61fb8ce2a525e4eed38fa75d132d6dc64699336876,"{""distance"":3,""physical_error_rate"":0.0001}","{""detection_events"":5166,""detectors_checked"":18800640}"
    346112,         0,         0,    31.4,decoder_by_matrix,beec9fd12293a9cfe53c9b61fb8ce2a525e4eed38fa75d132d6dc64699336876,"{""distance"":3,""physical_error_rate"":0.0001}","{""detection_events"":5076,""detectors_checked"":18690048}"
    345088,         0,         0,    31.8,decoder_by_matrix,beec9fd12293a9cfe53c9b61fb8ce2a525e4eed38fa75d132d6dc64699336876,"{""distance"":3,""physical_error_rate"":0.0001}","{""detection_events"":5415,""detectors_checked"":18634752}"
    346112,         0,         0,    31.1,decoder_by_matrix,beec9fd12293a9cfe53c9b61fb8ce2a525e4eed38fa75d132d6dc64699336876,"{""distance"":3,""physical_error_rate"":0.0001}","{""detection_events"":5352,""detectors_checked"":18690048}"
    348160,         0,         0,    32.4,decoder_by_matrix,beec9fd12293a9cfe53c9b61fb8ce2a525e4eed38fa75d132d6dc64699336876,"{""distance"":3,""physical_error_rate"":0.0001}","{""detection_events"":5439,""detectors_checked"":18800640}"
    340992,         0,         0,    31.7,decoder_by_matrix,beec9fd12293a9cfe53c9b61fb8ce2a525e4eed38fa75d132d6dc64699336876,"{""distance"":3,""physical_error_rate"":0.0001}","{""detection_events"":5241,""detectors_checked"":18413568}"
    340992,         0,         0,    32.2,decoder_by_matrix,beec9fd12293a9cfe53c9b61fb8ce2a525e4eed38fa75d132d6dc64699336876,"{""distance"":3,""physical_error_rate"":0.0001}","{""detection_events"":5220,""detectors_checked"":18413568}"
    357376,         0,         0,    31.9,decoder_by_matrix,beec9fd12293a9cfe53c9b61fb8ce2a525e4eed38fa75d132d6dc64699336876,"{""distance"":3,""physical_error_rate"":0.0001}","{""detection_events"":4746,""detectors_checked"":19298304}"
    353280,         1,         0,    31.4,decoder_by_matrix,beec9fd12293a9cfe53c9b61fb8ce2a525e4eed38fa75d132d6dc64699336876,"{""distance"":3,""physical_error_rate"":0.0001}","{""detection_events"":5091,""detectors_checked"":19077120,""obs_mistake_mask=E"":1}"
    347136,         1,         0,    30.5,decoder_by_matrix,beec9fd12293a9cfe53c9b61fb8ce2a525e4eed38fa75d132d6dc64699336876,"{""distance"":3,""physical_error_rate"":0.0001}","{""detection_events"":5496,""detectors_checked"":18745344,""obs_mistake_mask=E"":1}"
    346112,         0,         0,    31.6,decoder_by_matrix,beec9fd12293a9cfe53c9b61fb8ce2a525e4eed38fa75d132d6dc64699336876,"{""distance"":3,""physical_error_rate"":0.0001}","{""detection_events"":5049,""detectors_checked"":18690048}"
    338944,         0,         0,    31.2,decoder_by_matrix,beec9fd12293a9cfe53c9b61fb8ce2a525e4eed38fa75d132d6dc64699336876,"{""distance"":3,""physical_error_rate"":0.0001}","{""detection_events"":4875,""detectors_checked"":18302976}"
    352256,         0,         0,    30.7,decoder_by_matrix,beec9fd12293a9cfe53c9b61fb8ce2a525e4eed38fa75d132d6dc64699336876,"{""distance"":3,""physical_error_rate"":0.0001}","{""detection_events"":4839,""detectors_checked"":19021824}"
    350208,         0,         0,    31.6,decoder_by_matrix,beec9fd12293a9cfe53c9b61fb8ce2a525e4eed38fa75d132d6dc64699336876,"{""distance"":3,""physical_error_rate"":0.0001}","{""detection_events"":5157,""detectors_checked"":18911232}"
    353280,         0,         0,    31.5,decoder_by_matrix,beec9fd12293a9cfe53c9b61fb8ce2a525e4eed38fa75d132d6dc64699336876,"{""distance"":3,""physical_error_rate"":0.0001}","{""detection_events"":4911,""detectors_checked"":19077120}"
    346112,         0,         0,    32.3,decoder_by_matrix,beec9fd12293a9cfe53c9b61fb8ce2a525e4eed38fa75d132d6dc64699336876,"{""distance"":3,""physical_error_rate"":0.0001}","{""detection_events"":5223,""detectors_checked"":18690048}"
    340992,         0,         0,    32.1,decoder_by_matrix,beec9fd12293a9cfe53c9b61fb8ce2a525e4eed38fa75d132d6dc64699336876,"{""distance"":3,""physical_error_rate"":0.0001}","{""detection_events"":4722,""detectors_checked"":18413568}"
    350208,         0,         0,    31.8,decoder_by_matrix,beec9fd12293a9cfe53c9b61fb8ce2a525e4eed38fa75d132d6dc64699336876,"{""distance"":3,""physical_error_rate"":0.0001}","{""detection_events"":5073,""detectors_checked"":18911232}"
    349184,         1,         0,    31.0,decoder_by_matrix,beec9fd12293a9cfe53c9b61fb8ce2a525e4eed38fa75d132d6dc64699336876,"{""distance"":3,""physical_error_rate"":0.0001}","{""detection_events"":5040,""detectors_checked"":18855936,""obs_mistake_mask=E"":1}"
    339968,         0,         0,    32.2,decoder_by_matrix,beec9fd12293a9cfe53c9b61fb8ce2a525e4eed38fa75d132d6dc64699336876,"{""distance"":3,""physical_error_rate"":0.0001}","{""detection_events"":5307,""detectors_checked"":18358272}"
    349184,         0,         0,    32.1,decoder_by_matrix,beec9fd12293a9cfe53c9b61fb8ce2a525e4eed38fa75d132d6dc64699336876,"{""distance"":3,""physical_error_rate"":0.0001}","{""detection_events"":4860,""detectors_checked"":18855936}"
    346112,         1,         0,    31.7,decoder_by_matrix,beec9fd12293a9cfe53c9b61fb8ce2a525e4eed38fa75d132d6dc64699336876,"{""distance"":3,""physical_error_rate"":0.0001}","{""detection_events"":5427,""detectors_checked"":18690048,""obs_mistake_mask=E"":1}"
    352256,         0,         0,    31.2,decoder_by_matrix,beec9fd12293a9cfe53c9b61fb8ce2a525e4eed38fa75d132d6dc64699336876,"{""distance"":3,""physical_error_rate"":0.0001}","{""detection_events"":5088,""detectors_checked"":19021824}"
    355328,         0,         0,    31.3,decoder_by_matrix,beec9fd12293a9cfe53c9b61fb8ce2a525e4eed38fa75d132d6dc64699336876,"{""distance"":3,""physical_error_rate"":0.0001}","{""detection_events"":5043,""detectors_checked"":19187712}"
    347136,         0,         0,    32.3,decoder_by_matrix,beec9fd12293a9cfe53c9b61fb8ce2a525e4eed38fa75d132d6dc64699336876,"{""distance"":3,""physical_error_rate"":0.0001}","{""detection_events"":4995,""detectors_checked"":18745344}"
    347136,         0,         0,    31.5,decoder_by_matrix,beec9fd12293a9cfe53c9b61fb8ce2a525e4eed38fa75d132d6dc64699336876,"{""distance"":3,""physical_error_rate"":0.0001}","{""detection_events"":5052,""detectors_checked"":18745344}"
    339968,         1,         0,    31.9,decoder_by_matrix,beec9fd12293a9cfe53c9b61fb8ce2a525e4eed38fa75d132d6dc64699336876,"{""distance"":3,""physical_error_rate"":0.0001}","{""detection_events"":5025,""detectors_checked"":18358272,""obs_mistake_mask=E"":1}"
   1292288,         0,         0,   117.4,decoder_by_matrix,beec9fd12293a9cfe53c9b61fb8ce2a525e4eed38fa75d132d6dc64699336876,"{""distance"":3,""physical_error_rate"":0.0001}","{""detection_events"":18828,""detectors_checked"":69783552}"
   1308672,         1,         0,   116.7,decoder_by_matrix,beec9fd12293a9cfe53c9b61fb8ce2a525e4eed38fa75d132d6dc64699336876,"{""distance"":3,""physical_error_rate"":0.0001}","{""detection_events"":18687,""detectors_checked"":70668288,""obs_mistake_mask=E"":1}"
   1304576,         1,         0,   117.8,decoder_by_matrix,beec9fd12293a9cfe53c9b61fb8ce2a525e4eed38fa75d132d6dc64699336876,"{""distance"":3,""physical_error_rate"":0.0001}","{""detection_events"":19305,""detectors_checked"":70447104,""obs_mistake_mask=E"":1}"
     90189,         0,         0,    8.23,decoder_by_matrix,beec9fd12293a9cfe53c9b61fb8ce2a525e4eed38fa75d132d6dc64699336876,"{""distance"":3,""physical_error_rate"":0.0001}","{""detection_events"":1185,""detectors_checked"":4870206}"
    490496,         0,         0,    44.0,decoder_by_matrix,beec9fd12293a9cfe53c9b61fb8ce2a525e4eed38fa75d132d6dc64699336876,"{""distance"":3,""physical_error_rate"":0.0001}","{""detection_events"":6921,""detectors_checked"":26486784}"
    490496,         2,         0,    43.5,decoder_by_matrix,beec9fd12293a9cfe53c9b61fb8ce2a525e4eed38fa75d132d6dc64699336876,"{""distance"":3,""physical_error_rate"":0.0001}","{""detection_events"":7371,""detectors_checked"":26486784,""obs_mistake_mask=E"":2}"
    482304,         0,         0,    44.5,decoder_by_matrix,beec9fd12293a9cfe53c9b61fb8ce2a525e4eed38fa75d132d6dc64699336876,"{""distance"":3,""physical_error_rate"":0.0001}","{""detection_events"":7272,""detectors_checked"":26044416}"
    489472,         0,         0,    44.7,decoder_by_matrix,beec9fd12293a9cfe53c9b61fb8ce2a525e4eed38fa75d132d6dc64699336876,"{""distance"":3,""physical_error_rate"":0.0001}","{""detection_events"":7242,""detectors_checked"":26431488}"
    489472,         0,         0,    44.4,decoder_by_matrix,beec9fd12293a9cfe53c9b61fb8ce2a525e4eed38fa75d132d6dc64699336876,"{""distance"":3,""physical_error_rate"":0.0001}","{""detection_events"":7341,""detectors_checked"":26431488}"
   1312768,         0,         0,   117.5,decoder_by_matrix,beec9fd12293a9cfe53c9b61fb8ce2a525e4eed38fa75d132d6dc64699336876,"{""distance"":3,""physical_error_rate"":0.0001}","{""detection_events"":18876,""detectors_checked"":70889472}"
    490496,         1,         0,    44.6,decoder_by_matrix,beec9fd12293a9cfe53c9b61fb8ce2a525e4eed38fa75d132d6dc64699336876,"{""distance"":3,""physical_error_rate"":0.0001}","{""detection_events"":7266,""detectors_checked"":26486784,""obs_mistake_mask=E"":1}"
    495616,         1,         0,    44.6,decoder_by_matrix,beec9fd12293a9cfe53c9b61fb8ce2a525e4eed38fa75d132d6dc64699336876,"{""distance"":3,""physical_error_rate"":0.0001}","{""detection_events"":7254,""detectors_checked"":26763264,""obs_mistake_mask=E"":1}"
    486400,         1,         0,    44.2,decoder_by_matrix,beec9fd12293a9cfe53c9b61fb8ce2a525e4eed38fa75d132d6dc64699336876,"{""distance"":3,""physical_error_rate"":0.0001}","{""detection_events"":7239,""detectors_checked"":26265600,""obs_mistake_mask=E"":1}"
    486400,         2,         0,    44.6,decoder_by_matrix,beec9fd12293a9cfe53c9b61fb8ce2a525e4eed38fa75d132d6dc64699336876,"{""distance"":3,""physical_error_rate"":0.0001}","{""detection_events"":7110,""detectors_checked"":26265600,""obs_mistake_mask=E"":2}"
   1305600,         1,         0,   118.7,decoder_by_matrix,beec9fd12293a9cfe53c9b61fb8ce2a525e4eed38fa75d132d6dc64699336876,"{""distance"":3,""physical_error_rate"":0.0001}","{""detection_events"":18822,""detectors_checked"":70502400,""obs_mistake_mask=E"":1}"
    484352,         0,         0,    44.4,decoder_by_matrix,beec9fd12293a9cfe53c9b61fb8ce2a525e4eed38fa75d132d6dc64699336876,"{""distance"":3,""physical_error_rate"":0.0001}","{""detection_events"":7038,""detectors_checked"":26155008}"
    489472,         1,         0,    43.6,decoder_by_matrix,beec9fd12293a9cfe53c9b61fb8ce2a525e4eed38fa75d132d6dc64699336876,"{""distance"":3,""physical_error_rate"":0.0001}","{""detection_events"":6747,""detectors_checked"":26431488,""obs_mistake_mask=E"":1}"
    484352,         0,         0,    43.4,decoder_by_matrix,beec9fd12293a9cfe53c9b61fb8ce2a525e4eed38fa75d132d6dc64699336876,"{""distance"":3,""physical_error_rate"":0.0001}","{""detection_events"":7098,""detectors_checked"":26155008}"
    495616,         0,         0,    42.8,decoder_by_matrix,beec9fd12293a9cfe53c9b61fb8ce2a525e4eed38fa75d132d6dc64699336876,"{""distance"":3,""physical_error_rate"":0.0001}","{""detection_events"":7005,""detectors_checked"":26763264}"
    481280,         0,         0,    44.2,decoder_by_matrix,beec9fd12293a9cfe53c9b61fb8ce2a525e4eed38fa75d132d6dc64699336876,"{""distance"":3,""physical_error_rate"":0.0001}","{""detection_events"":6969,""detectors_checked"":25989120}"
    493568,         0,         0,    44.5,decoder_by_matrix,beec9fd12293a9cfe53c9b61fb8ce2a525e4eed38fa75d132d6dc64699336876,"{""distance"":3,""physical_error_rate"":0.0001}","{""detection_events"":7203,""detectors_checked"":26652672}"
    486400,         1,         0,    42.8,decoder_by_matrix,beec9fd12293a9cfe53c9b61fb8ce2a525e4eed38fa75d132d6dc64699336876,"{""distance"":3,""physical_error_rate"":0.0001}","{""detection_events"":7059,""detectors_checked"":26265600,""obs_mistake_mask=E"":1}"
    500736,         0,         0,    44.3,decoder_by_matrix,beec9fd12293a9cfe53c9b61fb8ce2a525e4eed38fa75d132d6dc64699336876,"{""distance"":3,""physical_error_rate"":0.0001}","{""detection_events"":7044,""detectors_checked"":27039744}"
    491520,         0,         0,    44.5,decoder_by_matrix,beec9fd12293a9cfe53c9b61fb8ce2a525e4eed38fa75d132d6dc64699336876,"{""distance"":3,""physical_error_rate"":0.0001}","{""detection_events"":6819,""detectors_checked"":26542080}"
    491520,         0,         0,    44.0,decoder_by_matrix,beec9fd12293a9cfe53c9b61fb8ce2a525e4eed38fa75d132d6dc64699336876,"{""distance"":3,""physical_error_rate"":0.0001}","{""detection_events"":7149,""detectors_checked"":26542080}"
    486400,         0,         0,    44.3,decoder_by_matrix,beec9fd12293a9cfe53c9b61fb8ce2a525e4eed38fa75d132d6dc64699336876,"{""distance"":3,""physical_error_rate"":0.0001}","{""detection_events"":7518,""detectors_checked"":26265600}"
    481280,         1,         0,    43.8,decoder_by_matrix,beec9fd12293a9cfe53c9b61fb8ce2a525e4eed38fa75d132d6dc64699336876,"{""distance"":3,""physical_error_rate"":0.0001}","{""detection_events"":6909,""detectors_checked"":25989120,""obs_mistake_mask=E"":1}"
    485376,         0,         0,    43.7,decoder_by_matrix,beec9fd12293a9cfe53c9b61fb8ce2a525e4eed38fa75d132d6dc64699336876,"{""distance"":3,""physical_error_rate"":0.0001}","{""detection_events"":7422,""detectors_checked"":26210304}"
    485376,         1,         0,    44.9,decoder_by_matrix,beec9fd12293a9cfe53c9b61fb8ce2a525e4eed38fa75d132d6dc64699336876,"{""distance"":3,""physical_error_rate"":0.0001}","{""detection_events"":7455,""detectors_checked"":26210304,""obs_mistake_mask=E"":1}"
    498688,         0,         0,    44.4,decoder_by_matrix,beec9fd12293a9cfe53c9b61fb8ce2a525e4eed38fa75d132d6dc64699336876,"{""distance"":3,""physical_error_rate"":0.0001}","{""detection_events"":6822,""detectors_checked"":26929152}"
    488448,         0,         0,    43.8,decoder_by_matrix,beec9fd12293a9cfe53c9b61fb8ce2a525e4eed38fa75d132d6dc64699336876,"{""distance"":3,""physical_error_rate"":0.0001}","{""detection_events"":7578,""detectors_checked"":26376192}"
    489472,         1,         0,    44.4,decoder_by_matrix,beec9fd12293a9cfe53c9b61fb8ce2a525e4eed38fa75d132d6dc64699336876,"{""distance"":3,""physical_error_rate"":0.0001}","{""detection_events"":7398,""detectors_checked"":26431488,""obs_mistake_mask=E"":1}"
    491520,         0,         0,    44.5,decoder_by_matrix,beec9fd12293a9cfe53c9b61fb8ce2a525e4eed38fa75d132d6dc64699336876,"{""distance"":3,""physical_error_rate"":0.0001}","{""detection_events"":7335,""detectors_checked"":26542080}"
    493568,         0,         0,    44.1,decoder_by_matrix,beec9fd12293a9cfe53c9b61fb8ce2a525e4eed38fa75d132d6dc64699336876,"{""distance"":3,""physical_error_rate"":0.0001}","{""detection_events"":7092,""detectors_checked"":26652672}"
    485376,         1,         0,    44.7,decoder_by_matrix,beec9fd12293a9cfe53c9b61fb8ce2a525e4eed38fa75d132d6dc64699336876,"{""distance"":3,""physical_error_rate"":0.0001}","{""detection_events"":7131,""detectors_checked"":26210304,""obs_mistake_mask=E"":1}"
    483328,         0,         0,    44.5,decoder_by_matrix,beec9fd12293a9cfe53c9b61fb8ce2a525e4eed38fa75d132d6dc64699336876,"{""distance"":3,""physical_error_rate"":0.0001}","{""detection_events"":6672,""detectors_checked"":26099712}"
    493568,         1,         0,    44.0,decoder_by_matrix,beec9fd12293a9cfe53c9b61fb8ce2a525e4eed38fa75d132d6dc64699336876,"{""distance"":3,""physical_error_rate"":0.0001}","{""detection_events"":6954,""detectors_checked"":26652672,""obs_mistake_mask=E"":1}"
    488448,         0,         0,    44.3,decoder_by_matrix,beec9fd12293a9cfe53c9b61fb8ce2a525e4eed38fa75d132d6dc64699336876,"{""distance"":3,""physical_error_rate"":0.0001}","{""detection_events"":7035,""detectors_checked"":26376192}"
     45947,         0,         0,    4.39,decoder_by_matrix,beec9fd12293a9cfe53c9b61fb8ce2a525e4eed38fa75d132d6dc64699336876,"{""distance"":3,""physical_error_rate"":0.0001}","{""detection_events"":924,""detectors_checked"":2481138}"
   1160192,         1,         0,   104.6,decoder_by_matrix,beec9fd12293a9cfe53c9b61fb8ce2a525e4eed38fa75d132d6dc64699336876,"{""distance"":3,""physical_error_rate"":0.0001}","{""detection_events"":16959,""detectors_checked"":62650368,""obs_mistake_mask=E"":1}"
   1178624,         0,         0,   105.1,decoder_by_matrix,beec9fd12293a9cfe53c9b61fb8ce2a525e4eed38fa75d132d6dc64699336876,"{""distance"":3,""physical_error_rate"":0.0001}","{""detection_events"":17700,""detectors_checked"":63645696}"
   1190912,         2,         0,   109.0,decoder_by_matrix,beec9fd12293a9cfe53c9b61fb8ce2a525e4eed38fa75d132d6dc64699336876,"{""distance"":3,""physical_error_rate"":0.0001}","{""detection_events"":17559,""detectors_checked"":64309248,""obs_mistake_mask=E"":2}"
   1161216,         0,         0,   105.7,decoder_by_matrix,beec9fd12293a9cfe53c9b61fb8ce2a525e4eed38fa75d132d6dc64699336876,"{""distance"":3,""physical_error_rate"":0.0001}","{""detection_events"":17187,""detectors_checked"":62705664}"
   1154048,         1,         0,   104.9,decoder_by_matrix,beec9fd12293a9cfe53c9b61fb8ce2a525e4eed38fa75d132d6dc64699336876,"{""distance"":3,""physical_error_rate"":0.0001}","{""detection_events"":17199,""detectors_checked"":62318592,""obs_mistake_mask=E"":1}"
   1159168,         1,         0,   105.3,decoder_by_matrix,beec9fd12293a9cfe53c9b61fb8ce2a525e4eed38fa75d132d6dc64699336876,"{""distance"":3,""physical_error_rate"":0.0001}","{""detection_events"":17694,""detectors_checked"":62595072,""obs_mistake_mask=E"":1}"
   1171456,         1,         0,   105.5,decoder_by_matrix,beec9fd12293a9cfe53c9b61fb8ce2a525e4eed38fa75d132d6dc64699336876,"{""distance"":3,""physical_error_rate"":0.0001}","{""detection_events"":17514,""detectors_checked"":63258624,""obs_mistake_mask=E"":1}"
   1191936,         0,         0,   106.7,decoder_by_matrix,beec9fd12293a9cfe53c9b61fb8ce2a525e4eed38fa75d132d6dc64699336876,"{""distance"":3,""physical_error_rate"":0.0001}","{""detection_events"":17781,""detectors_checked"":64364544}"
   1072542,         0,         0,    96.4,decoder_by_matrix,beec9fd12293a9cfe53c9b61fb8ce2a525e4eed38fa75d132d6dc64699336876,"{""distance"":3,""physical_error_rate"":0.0001}","{""detection_events"":15564,""detectors_checked"":57917268}"
   1067008,         0,         0,    95.4,decoder_by_matrix,beec9fd12293a9cfe53c9b61fb8ce2a525e4eed38fa75d132d6dc64699336876,"{""distance"":3,""physical_error_rate"":0.0001}","{""detection_events"":16155,""detectors_checked"":57618432}"
   1055744,         2,         0,    96.5,decoder_by_matrix,beec9fd12293a9cfe53c9b61fb8ce2a525e4eed38fa75d132d6dc64699336876,"{""distance"":3,""physical_error_rate"":0.0001}","{""detection_events"":16029,""detectors_checked"":57010176,""obs_mistake_mask=E"":2}"
   1063936,         0,         0,    96.4,decoder_by_matrix,beec9fd12293a9cfe53c9b61fb8ce2a525e4eed38fa75d132d6dc64699336876,"{""distance"":3,""physical_error_rate"":0.0001}","{""detection_events"":15708,""detectors_checked"":57452544}"
   1064960,         2,         0,    95.4,decoder_by_matrix,beec9fd12293a9cfe53c9b61fb8ce2a525e4eed38fa75d132d6dc64699336876,"{""distance"":3,""physical_error_rate"":0.0001}","{""detection_events"":16173,""detectors_checked"":57507840,""obs_mistake_mask=E"":2}"
    909415,         0,         0,    81.8,decoder_by_matrix,beec9fd12293a9cfe53c9b61fb8ce2a525e4eed38fa75d132d6dc64699336876,"{""distance"":3,""physical_error_rate"":0.0001}","{""detection_events"":12702,""detectors_checked"":49108410}"
    879616,         0,         0,    79.2,decoder_by_matrix,beec9fd12293a9cfe53c9b61fb8ce2a525e4eed38fa75d132d6dc64699336876,"{""distance"":3,""physical_error_rate"":0.0001}","{""detection_events"":12597,""detectors_checked"":47499264}"
    901120,         0,         0,    82.2,decoder_by_matrix,beec9fd12293a9cfe53c9b61fb8ce2a525e4eed38fa75d132d6dc64699336876,"{""distance"":3,""physical_error_rate"":0.0001}","{""detection_events"":13095,""detectors_checked"":48660480}"
     42689,         0,         0,    3.47,decoder_by_matrix,beec9fd12293a9cfe53c9b61fb8ce2a525e4eed38fa75d132d6dc64699336876,"{""distance"":3,""physical_error_rate"":0.0001}","{""detection_events"":678,""detectors_checked"":2305206}"
    800282,         0,         0,    72.4,decoder_by_matrix,beec9fd12293a9cfe53c9b61fb8ce2a525e4eed38fa75d132d6dc64699336876,"{""distance"":3,""physical_error_rate"":0.0001}","{""detection_events"":11427,""detectors_checked"":43215228}"
    794624,         0,         0,    71.1,decoder_by_matrix,beec9fd12293a9cfe53c9b61fb8ce2a525e4eed38fa75d132d6dc64699336876,"{""distance"":3,""physical_error_rate"":0.0001}","{""detection_events"":11379,""detectors_checked"":42909696}"
    796672,         0,         0,    71.8,decoder_by_matrix,beec9fd12293a9cfe53c9b61fb8ce2a525e4eed38fa75d132d6dc64699336876,"{""distance"":3,""physical_error_rate"":0.0001}","{""detection_events"":11469,""detectors_checked"":43020288}"
    796672,         1,         0,    71.3,decoder_by_matrix,beec9fd12293a9cfe53c9b61fb8ce2a525e4eed38fa75d132d6dc64699336876,"{""distance"":3,""physical_error_rate"":0.0001}","{""detection_events"":11781,""detectors_checked"":43020288,""obs_mistake_mask=E"":1}"
    787778,         1,         0,    71.3,decoder_by_matrix,beec9fd12293a9cfe53c9b61fb8ce2a525e4eed38fa75d132d6dc64699336876,"{""distance"":3,""physical_error_rate"":0.0001}","{""detection_events"":11316,""detectors_checked"":42540012,""obs_mistake_mask=E"":1}"
    794624,         0,         0,    69.9,decoder_by_matrix,beec9fd12293a9cfe53c9b61fb8ce2a525e4eed38fa75d132d6dc64699336876,"{""distance"":3,""physical_error_rate"":0.0001}","{""detection_events"":11298,""detectors_checked"":42909696}"
    789504,         0,         0,    71.8,decoder_by_matrix,beec9fd12293a9cfe53c9b61fb8ce2a525e4eed38fa75d132d6dc64699336876,"{""distance"":3,""physical_error_rate"":0.0001}","{""detection_events"":11448,""detectors_checked"":42633216}"
    788480,         0,         0,    71.3,decoder_by_matrix,beec9fd12293a9cfe53c9b61fb8ce2a525e4eed38fa75d132d6dc64699336876,"{""distance"":3,""physical_error_rate"":0.0001}","{""detection_events"":11541,""detectors_checked"":42577920}"
    783360,         0,         0,    72.1,decoder_by_matrix,beec9fd12293a9cfe53c9b61fb8ce2a525e4eed38fa75d132d6dc64699336876,"{""distance"":3,""physical_error_rate"":0.0001}","{""detection_events"":11358,""detectors_checked"":42301440}"
    791552,         0,         0,    70.5,decoder_by_matrix,beec9fd12293a9cfe53c9b61fb8ce2a525e4eed38fa75d132d6dc64699336876,"{""distance"":3,""physical_error_rate"":0.0001}","{""detection_events"":12333,""detectors_checked"":42743808}"
    787778,         0,         0,    71.2,decoder_by_matrix,beec9fd12293a9cfe53c9b61fb8ce2a525e4eed38fa75d132d6dc64699336876,"{""distance"":3,""physical_error_rate"":0.0001}","{""detection_events"":11769,""detectors_checked"":42540012}"
    664168,         0,         0,    59.0,decoder_by_matrix,beec9fd12293a9cfe53c9b61fb8ce2a525e4eed38fa75d132d6dc64699336876,"{""distance"":3,""physical_error_rate"":0.0001}","{""detection_events"":9402,""detectors_checked"":35865072}"
    657408,         1,         0,    57.9,decoder_by_matrix,beec9fd12293a9cfe53c9b61fb8ce2a525e4eed38fa75d132d6dc64699336876,"{""distance"":3,""physical_error_rate"":0.0001}","{""detection_events"":9618,""detectors_checked"":35500032,""obs_mistake_mask=E"":1}"
    653790,         0,         0,    59.6,decoder_by_matrix,beec9fd12293a9cfe53c9b61fb8ce2a525e4eed38fa75d132d6dc64699336876,"{""distance"":3,""physical_error_rate"":0.0001}","{""detection_events"":9690,""detectors_checked"":35304660}"
    633303,         0,         0,    56.0,decoder_by_matrix,beec9fd12293a9cfe53c9b61fb8ce2a525e4eed38fa75d132d6dc64699336876,"{""distance"":3,""physical_error_rate"":0.0001}","{""detection_events"":9573,""detectors_checked"":34198362}"
    625664,         0,         0,    56.1,decoder_by_matrix,beec9fd12293a9cfe53c9b61fb8ce2a525e4eed38fa75d132d6dc64699336876,"{""distance"":3,""physical_error_rate"":0.0001}","{""detection_events"":9372,""detectors_checked"":33785856}"
    626688,         1,         0,    56.9,decoder_by_matrix,beec9fd12293a9cfe53c9b61fb8ce2a525e4eed38fa75d132d6dc64699336876,"{""distance"":3,""physical_error_rate"":0.0001}","{""detection_events"":8961,""detectors_checked"":33841152,""obs_mistake_mask=E"":1}"
    624640,         1,         0,    56.4,decoder_by_matrix,beec9fd12293a9cfe53c9b61fb8ce2a525e4eed38fa75d132d6dc64699336876,"{""distance"":3,""physical_error_rate"":0.0001}","{""detection_events"":8616,""detectors_checked"":33730560,""obs_mistake_mask=E"":1}"
    623408,         0,         0,    54.5,decoder_by_matrix,beec9fd12293a9cfe53c9b61fb8ce2a525e4eed38fa75d132d6dc64699336876,"{""distance"":3,""physical_error_rate"":0.0001}","{""detection_events"":8997,""detectors_checked"":33664032}"
    628736,         0,         0,    54.7,decoder_by_matrix,beec9fd12293a9cfe53c9b61fb8ce2a525e4eed38fa75d132d6dc64699336876,"{""distance"":3,""physical_error_rate"":0.0001}","{""detection_events"":9117,""detectors_checked"":33951744}"
    623408,         0,         0,    56.2,decoder_by_matrix,beec9fd12293a9cfe53c9b61fb8ce2a525e4eed38fa75d132d6dc64699336876,"{""distance"":3,""physical_error_rate"":0.0001}","{""detection_events"":9153,""detectors_checked"":33664032}"
    626688,         0,         0,    55.8,decoder_by_matrix,beec9fd12293a9cfe53c9b61fb8ce2a525e4eed38fa75d132d6dc64699336876,"{""distance"":3,""physical_error_rate"":0.0001}","{""detection_events"":9318,""detectors_checked"":33841152}"
    630784,         0,         0,    55.4,decoder_by_matrix,beec9fd12293a9cfe53c9b61fb8ce2a525e4eed38fa75d132d6dc64699336876,"{""distance"":3,""physical_error_rate"":0.0001}","{""detection_events"":8607,""detectors_checked"":34062336}"
    598016,         0,         0,    54.6,decoder_by_matrix,beec9fd12293a9cfe53c9b61fb8ce2a525e4eed38fa75d132d6dc64699336876,"{""distance"":3,""physical_error_rate"":0.0001}","{""detection_events"":9201,""detectors_checked"":32292864}"
    617472,         1,         0,    55.5,decoder_by_matrix,beec9fd12293a9cfe53c9b61fb8ce2a525e4eed38fa75d132d6dc64699336876,"{""distance"":3,""physical_error_rate"":0.0001}","{""detection_events"":8967,""detectors_checked"":33343488,""obs_mistake_mask=E"":1}"
    624640,         0,         0,    54.9,decoder_by_matrix,beec9fd12293a9cfe53c9b61fb8ce2a525e4eed38fa75d132d6dc64699336876,"{""distance"":3,""physical_error_rate"":0.0001}","{""detection_events"":8931,""detectors_checked"":33730560}"
    607232,         0,         0,    54.7,decoder_by_matrix,beec9fd12293a9cfe53c9b61fb8ce2a525e4eed38fa75d132d6dc64699336876,"{""distance"":3,""physical_error_rate"":0.0001}","{""detection_events"":9000,""detectors_checked"":32790528}"
    585728,         0,         0,    51.3,decoder_by_matrix,beec9fd12293a9cfe53c9b61fb8ce2a525e4eed38fa75d132d6dc64699336876,"{""distance"":3,""physical_error_rate"":0.0001}","{""detection_events"":7353,""detectors_checked"":31629312}"
    613376,         1,         0,    55.4,decoder_by_matrix,beec9fd12293a9cfe53c9b61fb8ce2a525e4eed38fa75d132d6dc64699336876,"{""distance"":3,""physical_error_rate"":0.0001}","{""detection_events"":9036,""detectors_checked"":33122304,""obs_mistake_mask=E"":1}"
    576512,         0,         0,    51.6,decoder_by_matrix,beec9fd12293a9cfe53c9b61fb8ce2a525e4eed38fa75d132d6dc64699336876,"{""distance"":3,""physical_error_rate"":0.0001}","{""detection_events"":7977,""detectors_checked"":31131648}"
    613376,         0,         0,    54.2,decoder_by_matrix,beec9fd12293a9cfe53c9b61fb8ce2a525e4eed38fa75d132d6dc64699336876,"{""distance"":3,""physical_error_rate"":0.0001}","{""detection_events"":8817,""detectors_checked"":33122304}"
    621568,         0,         0,    54.8,decoder_by_matrix,beec9fd12293a9cfe53c9b61fb8ce2a525e4eed38fa75d132d6dc64699336876,"{""distance"":3,""physical_error_rate"":0.0001}","{""detection_events"":9048,""detectors_checked"":33564672}"
      1840,         0,         0,   0.003,decoder_by_matrix,beec9fd12293a9cfe53c9b61fb8ce2a525e4eed38fa75d132d6dc64699336876,"{""distance"":3,""physical_error_rate"":0.0001}","{""detection_events"":36,""detectors_checked"":99360}"
    575488,         0,         0,    51.4,decoder_by_matrix,beec9fd12293a9cfe53c9b61fb8ce2a525e4eed38fa75d132d6dc64699336876,"{""distance"":3,""physical_error_rate"":0.0001}","{""detection_events"":8475,""detectors_checked"":31076352}"
    622592,         0,         0,    55.6,decoder_by_matrix,beec9fd12293a9cfe53c9b61fb8ce2a525e4eed38fa75d132d6dc64699336876,"{""distance"":3,""physical_error_rate"":0.0001}","{""detection_events"":9276,""detectors_checked"":33619968}"
       816,         0,         0,   0.001,decoder_by_matrix,beec9fd12293a9cfe53c9b61fb8ce2a525e4eed38fa75d132d6dc64699336876,"{""distance"":3,""physical_error_rate"":0.0001}","{""detectors_checked"":44064}"
    549888,         0,         0,    48.2,decoder_by_matrix,beec9fd12293a9cfe53c9b61fb8ce2a525e4eed38fa75d132d6dc64699336876,"{""distance"":3,""physical_error_rate"":0.0001}","{""detection_events"":7692,""detectors_checked"":29693952}"
    623408,         0,         0,    56.0,decoder_by_matrix,beec9fd12293a9cfe53c9b61fb8ce2a525e4eed38fa75d132d6dc64699336876,"{""distance"":3,""physical_error_rate"":0.0001}","{""detection_events"":9006,""detectors_checked"":33664032}"
    586752,         1,         0,    51.9,decoder_by_matrix,beec9fd12293a9cfe53c9b61fb8ce2a525e4eed38fa75d132d6dc64699336876,"{""distance"":3,""physical_error_rate"":0.0001}","{""detection_events"":8490,""detectors_checked"":31684608,""obs_mistake_mask=E"":1}"
    613376,         1,         0,    55.0,decoder_by_matrix,beec9fd12293a9cfe53c9b61fb8ce2a525e4eed38fa75d132d6dc64699336876,"{""distance"":3,""physical_error_rate"":0.0001}","{""detection_events"":8517,""detectors_checked"":33122304,""obs_mistake_mask=E"":1}"
    558080,         1,         0,    49.0,decoder_by_matrix,beec9fd12293a9cfe53c9b61fb8ce2a525e4eed38fa75d132d6dc64699336876,"{""distance"":3,""physical_error_rate"":0.0001}","{""detection_events"":8085,""detectors_checked"":30136320,""obs_mistake_mask=E"":1}"
    615424,         0,         0,    55.0,decoder_by_matrix,beec9fd12293a9cfe53c9b61fb8ce2a525e4eed38fa75d132d6dc64699336876,"{""distance"":3,""physical_error_rate"":0.0001}","{""detection_events"":9342,""detectors_checked"":33232896}"
    615424,         1,         0,    55.2,decoder_by_matrix,beec9fd12293a9cfe53c9b61fb8ce2a525e4eed38fa75d132d6dc64699336876,"{""distance"":3,""physical_error_rate"":0.0001}","{""detection_events"":9459,""detectors_checked"":33232896,""obs_mistake_mask=E"":1}"
    623408,         0,         0,    55.7,decoder_by_matrix,beec9fd12293a9cfe53c9b61fb8ce2a525e4eed38fa75d132d6dc64699336876,"{""distance"":3,""physical_error_rate"":0.0001}","{""detection_events"":9678,""detectors_checked"":33664032}"
    498688,         1,         0,    45.4,decoder_by_matrix,beec9fd12293a9cfe53c9b61fb8ce2a525e4eed38fa75d132d6dc64699336876,"{""distance"":3,""physical_error_rate"":0.0001}","{""detection_events"":7242,""detectors_checked"":26929152,""obs_mistake_mask=E"":1}"
    577536,         0,         0,    52.6,decoder_by_matrix,beec9fd12293a9cfe53c9b61fb8ce2a525e4eed38fa75d132d6dc64699336876,"{""distance"":3,""physical_error_rate"":0.0001}","{""detection_events"":8337,""detectors_checked"":31186944}"
    621568,         0,         0,    56.2,decoder_by_matrix,beec9fd12293a9cfe53c9b61fb8ce2a525e4eed38fa75d132d6dc64699336876,"{""distance"":3,""physical_error_rate"":0.0001}","{""detection_events"":9279,""detectors_checked"":33564672}"
    588800,         1,         0,    52.1,decoder_by_matrix,beec9fd12293a9cfe53c9b61fb8ce2a525e4eed38fa75d132d6dc64699336876,"{""distance"":3,""physical_error_rate"":0.0001}","{""detection_events"":8412,""detectors_checked"":31795200,""obs_mistake_mask=E"":1}"
    573440,         0,         0,    51.9,decoder_by_matrix,beec9fd12293a9cfe53c9b61fb8ce2a525e4eed38fa75d132d6dc64699336876,"{""distance"":3,""physical_error_rate"":0.0001}","{""detection_events"":8967,""detectors_checked"":30965760}"
    582656,         0,         0,    51.5,decoder_by_matrix,beec9fd12293a9cfe53c9b61fb8ce2a525e4eed38fa75d132d6dc64699336876,"{""distance"":3,""physical_error_rate"":0.0001}","{""detection_events"":8760,""detectors_checked"":31463424}"
      1683,         0,         0,   0.003,decoder_by_matrix,beec9fd12293a9cfe53c9b61fb8ce2a525e4eed38fa75d132d6dc64699336876,"{""distance"":3,""physical_error_rate"":0.0001}","{""detection_events"":6,""detectors_checked"":90882}"
    557056,         0,         0,    48.7,decoder_by_matrix,beec9fd12293a9cfe53c9b61fb8ce2a525e4eed38fa75d132d6dc64699336876,"{""distance"":3,""physical_error_rate"":0.0001}","{""detection_events"":8073,""detectors_checked"":30081024}"
    608256,         0,         0,    54.6,decoder_by_matrix,beec9fd12293a9cfe53c9b61fb8ce2a525e4eed38fa75d132d6dc64699336876,"{""distance"":3,""physical_error_rate"":0.0001}","{""detection_events"":8796,""detectors_checked"":32845824}"
    617472,         1,         0,    55.6,decoder_by_matrix,beec9fd12293a9cfe53c9b61fb8ce2a525e4eed38fa75d132d6dc64699336876,"{""distance"":3,""physical_error_rate"":0.0001}","{""detection_events"":9069,""detectors_checked"":33343488,""obs_mistake_mask=E"":1}"
    549888,         0,         0,    49.5,decoder_by_matrix,beec9fd12293a9cfe53c9b61fb8ce2a525e4eed38fa75d132d6dc64699336876,"{""distance"":3,""physical_error_rate"":0.0001}","{""detection_events"":7878,""detectors_checked"":29693952}"
    609280,         0,         0,    55.5,decoder_by_matrix,beec9fd12293a9cfe53c9b61fb8ce2a525e4eed38fa75d132d6dc64699336876,"{""distance"":3,""physical_error_rate"":0.0001}","{""detection_events"":8709,""detectors_checked"":32901120}"
    622592,         0,         0,    55.3,decoder_by_matrix,beec9fd12293a9cfe53c9b61fb8ce2a525e4eed38fa75d132d6dc64699336876,"{""distance"":3,""physical_error_rate"":0.0001}","{""detection_events"":9165,""detectors_checked"":33619968}"
    622592,         0,         0,    55.6,decoder_by_matrix,beec9fd12293a9cfe53c9b61fb8ce2a525e4eed38fa75d132d6dc64699336876,"{""distance"":3,""physical_error_rate"":0.0001}","{""detection_events"":9531,""detectors_checked"":33619968}"
       816,         0,         0,   0.001,decoder_by_matrix,beec9fd12293a9cfe53c9b61fb8ce2a525e4eed38fa75d132d6dc64699336876,"{""distance"":3,""physical_error_rate"":0.0001}","{""detection_events"":24,""detectors_checked"":44064}"
    621568,         1,         0,    55.5,decoder_by_matrix,beec9fd12293a9cfe53c9b61fb8ce2a525e4eed38fa75d132d6dc64699336876,"{""distance"":3,""physical_error_rate"":0.0001}","{""detection_events"":8847,""detectors_checked"":33564672,""obs_mistake_mask=E"":1}"
      1840,         0,         0,   0.003,decoder_by_matrix,beec9fd12293a9cfe53c9b61fb8ce2a525e4eed38fa75d132d6dc64699336876,"{""distance"":3,""physical_error_rate"":0.0001}","{""detection_events"":21,""detectors_checked"":99360}"
    619520,         1,         0,    55.8,decoder_by_matrix,beec9fd12293a9cfe53c9b61fb8ce2a525e4eed38fa75d132d6dc64699336876,"{""distance"":3,""physical_error_rate"":0.0001}","{""detection_events"":9243,""detectors_checked"":33454080,""obs_mistake_mask=E"":1}"
    623408,         0,         0,    55.1,decoder_by_matrix,beec9fd12293a9cfe53c9b61fb8ce2a525e4eed38fa75d132d6dc64699336876,"{""distance"":3,""physical_error_rate"":0.0001}","{""detection_events"":9156,""detectors_checked"":33664032}"
    623408,         0,         0,    54.3,decoder_by_matrix,beec9fd12293a9cfe53c9b61fb8ce2a525e4eed38fa75d132d6dc64699336876,"{""distance"":3,""physical_error_rate"":0.0001}","{""detection_events"":8898,""detectors_checked"":33664032}"
    351232,         2,         0,    31.3,decoder_by_matrix,beec9fd12293a9cfe53c9b61fb8ce2a525e4eed38fa75d132d6dc64699336876,"{""distance"":3,""physical_error_rate"":0.0001}","{""detection_events"":5244,""detectors_checked"":18966528,""obs_mistake_mask=E"":2}"
    475136,         0,         0,    41.1,decoder_by_matrix,beec9fd12293a9cfe53c9b61fb8ce2a525e4eed38fa75d132d6dc64699336876,"{""distance"":3,""physical_error_rate"":0.0001}","{""detection_events"":7053,""detectors_checked"":25657344}"
    348160,         0,         0,    31.0,decoder_by_matrix,beec9fd12293a9cfe53c9b61fb8ce2a525e4eed38fa75d132d6dc64699336876,"{""distance"":3,""physical_error_rate"":0.0001}","{""detection_events"":5172,""detectors_checked"":18800640}"
    580608,         0,         0,    52.1,decoder_by_matrix,beec9fd12293a9cfe53c9b61fb8ce2a525e4eed38fa75d132d6dc64699336876,"{""distance"":3,""physical_error_rate"":0.0001}","{""detection_events"":8583,""detectors_checked"":31352832}"
    557056,         2,         0,    48.8,decoder_by_matrix,beec9fd12293a9cfe53c9b61fb8ce2a525e4eed38fa75d132d6dc64699336876,"{""distance"":3,""physical_error_rate"":0.0001}","{""detection_events"":8052,""detectors_checked"":30081024,""obs_mistake_mask=E"":2}"
    619520,         3,         0,    54.9,decoder_by_matrix,beec9fd12293a9cfe53c9b61fb8ce2a525e4eed38fa75d132d6dc64699336876,"{""distance"":3,""physical_error_rate"":0.0001}","{""detection_events"":9138,""detectors_checked"":33454080,""obs_mistake_mask=E"":3}"
    355328,         0,         0,    30.5,decoder_by_matrix,beec9fd12293a9cfe53c9b61fb8ce2a525e4eed38fa75d132d6dc64699336876,"{""distance"":3,""physical_error_rate"":0.0001}","{""detection_events"":5733,""detectors_checked"":19187712}"
    507904,         0,         0,    46.1,decoder_by_matrix,beec9fd12293a9cfe53c9b61fb8ce2a525e4eed38fa75d132d6dc64699336876,"{""distance"":3,""physical_error_rate"":0.0001}","{""detection_events"":7692,""detectors_checked"":27426816}"
    357376,         0,         0,    30.8,decoder_by_matrix,beec9fd12293a9cfe53c9b61fb8ce2a525e4eed38fa75d132d6dc64699336876,"{""distance"":3,""physical_error_rate"":0.0001}","{""detection_events"":5094,""detectors_checked"":19298304}"
    353280,         0,         0,    31.1,decoder_by_matrix,beec9fd12293a9cfe53c9b61fb8ce2a525e4eed38fa75d132d6dc64699336876,"{""distance"":3,""physical_error_rate"":0.0001}","{""detection_events"":5169,""detectors_checked"":19077120}"
    345088,         1,         0,    31.3,decoder_by_matrix,beec9fd12293a9cfe53c9b61fb8ce2a525e4eed38fa75d132d6dc64699336876,"{""distance"":3,""physical_error_rate"":0.0001}","{""detection_events"":5541,""detectors_checked"":18634752,""obs_mistake_mask=E"":1}"
    358400,         0,         0,    31.7,decoder_by_matrix,beec9fd12293a9cfe53c9b61fb8ce2a525e4eed38fa75d132d6dc64699336876,"{""distance"":3,""physical_error_rate"":0.0001}","{""detection_events"":5385,""detectors_checked"":19353600}"
    355328,         0,         0,    31.4,decoder_by_matrix,beec9fd12293a9cfe53c9b61fb8ce2a525e4eed38fa75d132d6dc64699336876,"{""distance"":3,""physical_error_rate"":0.0001}","{""detection_events"":5046,""detectors_checked"":19187712}"
    350208,         0,         0,    32.0,decoder_by_matrix,beec9fd12293a9cfe53c9b61fb8ce2a525e4eed38fa75d132d6dc64699336876,"{""distance"":3,""physical_error_rate"":0.0001}","{""detection_events"":5232,""detectors_checked"":18911232}"
    359424,         1,         0,    31.1,decoder_by_matrix,beec9fd12293a9cfe53c9b61fb8ce2a525e4eed38fa75d132d6dc64699336876,"{""distance"":3,""physical_error_rate"":0.0001}","{""detection_events"":4992,""detectors_checked"":19408896,""obs_mistake_mask=E"":1}"
    358400,         0,         0,    31.3,decoder_by_matrix,beec9fd12293a9cfe53c9b61fb8ce2a525e4eed38fa75d132d6dc64699336876,"{""distance"":3,""physical_error_rate"":0.0001}","{""detection_events"":5517,""detectors_checked"":19353600}"
     29256,         0,         0,    2.41,decoder_by_matrix,beec9fd12293a9cfe53c9b61fb8ce2a525e4eed38fa75d132d6dc64699336876,"{""distance"":3,""physical_error_rate"":0.0001}","{""detection_events"":483,""detectors_checked"":1579824}"
    241664,         0,         0,    21.6,decoder_by_matrix,beec9fd12293a9cfe53c9b61fb8ce2a525e4eed38fa75d132d6dc64699336876,"{""distance"":3,""physical_error_rate"":0.0001}","{""detection_events"":3360,""detectors_checked"":13049856}"
    242688,         1,         0,    21.0,decoder_by_matrix,beec9fd12293a9cfe53c9b61fb8ce2a525e4eed38fa75d132d6dc64699336876,"{""distance"":3,""physical_error_rate"":0.0001}","{""detection_events"":3363,""detectors_checked"":13105152,""obs_mistake_mask=E"":1}"
    141312,         0,         0,    12.7,decoder_by_matrix,beec9fd12293a9cfe53c9b61fb8ce2a525e4eed38fa75d132d6dc64699336876,"{""distance"":3,""physical_error_rate"":0.0001}","{""detection_events"":2292,""detectors_checked"":7630848}"
     72042,         0,         0,    6.01,decoder_by_matrix,beec9fd12293a9cfe53c9b61fb8ce2a525e4eed38fa75d132d6dc64699336876,"{""distance"":3,""physical_error_rate"":0.0001}","{""detection_events"":1155,""detectors_checked"":3890268}"
     93159,         0,         0,    7.76,decoder_by_matrix,beec9fd12293a9cfe53c9b61fb8ce2a525e4eed38fa75d132d6dc64699336876,"{""distance"":3,""physical_error_rate"":0.0001}","{""detection_events"":1281,""detectors_checked"":5030586}"
     91703,         1,         0,    8.00,decoder_by_matrix,beec9fd12293a9cfe53c9b61fb8ce2a525e4eed38fa75d132d6dc64699336876,"{""distance"":3,""physical_error_rate"":0.0001}","{""detection_events"":1425,""detectors_checked"":4951962,""obs_mistake_mask=E"":1}"
     91703,         0,         0,    7.65,decoder_by_matrix,beec9fd12293a9cfe53c9b61fb8ce2a525e4eed38fa75d132d6dc64699336876,"{""distance"":3,""physical_error_rate"":0.0001}","{""detection_events"":1257,""detectors_checked"":4951962}"
     91703,         0,         0,    8.34,decoder_by_matrix,beec9fd12293a9cfe53c9b61fb8ce2a525e4eed38fa75d132d6dc64699336876,"{""distance"":3,""physical_error_rate"":0.0001}","{""detection_events"":1188,""detectors_checked"":4951962}"
     91703,         0,         0,    8.04,decoder_by_matrix,beec9fd12293a9cfe53c9b61fb8ce2a525e4eed38fa75d132d6dc64699336876,"{""distance"":3,""physical_error_rate"":0.0001}","{""detection_events"":1341,""detectors_checked"":4951962}"
     91703,         0,         0,    7.95,decoder_by_matrix,beec9fd12293a9cfe53c9b61fb8ce2a525e4eed38fa75d132d6dc64699336876,"{""distance"":3,""physical_error_rate"":0.0001}","{""detection_events"":1425,""detectors_checked"":4951962}"
     91703,         0,         0,    8.05,decoder_by_matrix,beec9fd12293a9cfe53c9b61fb8ce2a525e4eed38fa75d132d6dc64699336876,"{""distance"":3,""physical_error_rate"":0.0001}","{""detection_events"":1347,""detectors_checked"":4951962}"
     91703,         0,         0,    7.00,decoder_by_matrix,beec9fd12293a9cfe53c9b61fb8ce2a525e4eed38fa75d132d6dc64699336876,"{""distance"":3,""physical_error_rate"":0.0001}","{""detection_events"":1311,""detectors_checked"":4951962}"
     91703,         0,         0,    7.96,decoder_by_matrix,beec9fd12293a9cfe53c9b61fb8ce2a525e4eed38fa75d132d6dc64699336876,"{""distance"":3,""physical_error_rate"":0.0001}","{""detection_events"":1221,""detectors_checked"":4951962}"
     90270,         0,         0,    8.08,decoder_by_matrix,beec9fd12293a9cfe53c9b61fb8ce2a525e4eed38fa75d132d6dc64699336876,"{""distance"":3,""physical_error_rate"":0.0001}","{""detection_events"":1377,""detectors_checked"":4874580}"
     91703,         0,         0,    8.34,decoder_by_matrix,beec9fd12293a9cfe53c9b61fb8ce2a525e4eed38fa75d132d6dc64699336876,"{""distance"":3,""physical_error_rate"":0.0001}","{""detection_events"":1398,""detectors_checked"":4951962}"
     91703,         0,         0,    7.88,decoder_by_matrix,beec9fd12293a9cfe53c9b61fb8ce2a525e4eed38fa75d132d6dc64699336876,"{""distance"":3,""physical_error_rate"":0.0001}","{""detection_events"":1542,""detectors_checked"":4951962}"
     91136,         0,         0,    7.40,decoder_by_matrix,beec9fd12293a9cfe53c9b61fb8ce2a525e4eed38fa75d132d6dc64699336876,"{""distance"":3,""physical_error_rate"":0.0001}","{""detection_events"":1182,""detectors_checked"":4921344}"
     88838,         0,         0,    8.06,decoder_by_matrix,beec9fd12293a9cfe53c9b61fb8ce2a525e4eed38fa75d132d6dc64699336876,"{""distance"":3,""physical_error_rate"":0.0001}","{""detection_events"":1281,""detectors_checked"":4797252}"
     91703,         0,         0,    7.66,decoder_by_matrix,beec9fd12293a9cfe53c9b61fb8ce2a525e4eed38fa75d132d6dc64699336876,"{""distance"":3,""physical_error_rate"":0.0001}","{""detection_events"":1353,""detectors_checked"":4951962}"
     91703,         0,         0,    7.52,decoder_by_matrix,beec9fd12293a9cfe53c9b61fb8ce2a525e4eed38fa75d132d6dc64699336876,"{""distance"":3,""physical_error_rate"":0.0001}","{""detection_events"":1317,""detectors_checked"":4951962}"
     89088,         0,         0,    7.52,decoder_by_matrix,beec9fd12293a9cfe53c9b61fb8ce2a525e4eed38fa75d132d6dc64699336876,"{""distance"":3,""physical_error_rate"":0.0001}","{""detection_events"":1272,""detectors_checked"":4810752}"
     90112,         0,         0,    8.06,decoder_by_matrix,beec9fd12293a9cfe53c9b61fb8ce2a525e4eed38fa75d132d6dc64699336876,"{""distance"":3,""physical_error_rate"":0.0001}","{""detection_events"":1272,""detectors_checked"":4866048}"
     86016,         0,         0,    7.35,decoder_by_matrix,beec9fd12293a9cfe53c9b61fb8ce2a525e4eed38fa75d132d6dc64699336876,"{""distance"":3,""physical_error_rate"":0.0001}","{""detection_events"":1350,""detectors_checked"":4644864}"
      1389,         0,         0,   0.002,decoder_by_matrix,beec9fd12293a9cfe53c9b61fb8ce2a525e4eed38fa75d132d6dc64699336876,"{""distance"":3,""physical_error_rate"":0.0001}","{""detection_events"":36,""detectors_checked"":75006}"
      2865,         0,         0,   0.003,decoder_by_matrix,beec9fd12293a9cfe53c9b61fb8ce2a525e4eed38fa75d132d6dc64699336876,"{""distance"":3,""physical_error_rate"":0.0001}","{""detection_events"":36,""detectors_checked"":154710}"
      1591,         0,         0,   0.002,decoder_by_matrix,beec9fd12293a9cfe53c9b61fb8ce2a525e4eed38fa75d132d6dc64699336876,"{""distance"":3,""physical_error_rate"":0.0001}","{""detection_events"":3,""detectors_checked"":85914}"
     87405,         0,         0,    7.18,decoder_by_matrix,beec9fd12293a9cfe53c9b61fb8ce2a525e4eed38fa75d132d6dc64699336876,"{""distance"":3,""physical_error_rate"":0.0001}","{""detection_events"":1308,""detectors_checked"":4719870}"
     87405,         0,         0,    7.41,decoder_by_matrix,beec9fd12293a9cfe53c9b61fb8ce2a525e4eed38fa75d132d6dc64699336876,"{""distance"":3,""physical_error_rate"":0.0001}","{""detection_events"":1461,""detectors_checked"":4719870}"
     88838,         0,         0,    7.81,decoder_by_matrix,beec9fd12293a9cfe53c9b61fb8ce2a525e4eed38fa75d132d6dc64699336876,"{""distance"":3,""physical_error_rate"":0.0001}","{""detection_events"":1377,""detectors_checked"":4797252}"
     87405,         1,         0,    7.05,decoder_by_matrix,beec9fd12293a9cfe53c9b61fb8ce2a525e4eed38fa75d132d6dc64699336876,"{""distance"":3,""physical_error_rate"":0.0001}","{""detection_events"":1122,""detectors_checked"":4719870,""obs_mistake_mask=E"":1}"
     89088,         0,         0,    7.82,decoder_by_matrix,beec9fd12293a9cfe53c9b61fb8ce2a525e4eed38fa75d132d6dc64699336876,"{""distance"":3,""physical_error_rate"":0.0001}","{""detection_events"":1194,""detectors_checked"":4810752}"
     87405,         0,         0,    7.57,decoder_by_matrix,beec9fd12293a9cfe53c9b61fb8ce2a525e4eed38fa75d132d6dc64699336876,"{""distance"":3,""physical_error_rate"":0.0001}","{""detection_events"":1440,""detectors_checked"":4719870}"
     87405,         0,         0,    7.64,decoder_by_matrix,beec9fd12293a9cfe53c9b61fb8ce2a525e4eed38fa75d132d6dc64699336876,"{""distance"":3,""physical_error_rate"":0.0001}","{""detection_events"":1311,""detectors_checked"":4719870}"
     87040,         0,         0,    7.11,decoder_by_matrix,beec9fd12293a9cfe53c9b61fb8ce2a525e4eed38fa75d132d6dc64699336876,"{""distance"":3,""physical_error_rate"":0.0001}","{""detection_events"":1083,""detectors_checked"":4700160}"
     91136,         0,         0,    8.07,decoder_by_matrix,beec9fd12293a9cfe53c9b61fb8ce2a525e4eed38fa75d132d6dc64699336876,"{""distance"":3,""physical_error_rate"":0.0001}","{""detection_events"":1326,""detectors_checked"":4921344}"
     89088,         0,         0,    7.22,decoder_by_matrix,beec9fd12293a9cfe53c9b61fb8ce2a525e4eed38fa75d132d6dc64699336876,"{""distance"":3,""physical_error_rate"":0.0001}","{""detection_events"":1077,""detectors_checked"":4810752}"
     91703,         0,         0,    7.36,decoder_by_matrix,beec9fd12293a9cfe53c9b61fb8ce2a525e4eed38fa75d132d6dc64699336876,"{""distance"":3,""physical_error_rate"":0.0001}","{""detection_events"":1395,""detectors_checked"":4951962}"
     90112,         0,         0,    8.22,decoder_by_matrix,beec9fd12293a9cfe53c9b61fb8ce2a525e4eed38fa75d132d6dc64699336876,"{""distance"":3,""physical_error_rate"":0.0001}","{""detection_events"":1326,""detectors_checked"":4866048}"
       567,         0,         0,   0.000,decoder_by_matrix,beec9fd12293a9cfe53c9b61fb8ce2a525e4eed38fa75d132d6dc64699336876,"{""distance"":3,""physical_error_rate"":0.0001}","{""detectors_checked"":30618}"
     88064,         1,         0,    7.37,decoder_by_matrix,beec9fd12293a9cfe53c9b61fb8ce2a525e4eed38fa75d132d6dc64699336876,"{""distance"":3,""physical_error_rate"":0.0001}","{""detection_events"":1242,""detectors_checked"":4755456,""obs_mistake_mask=E"":1}"
      2615,         0,         0,   0.003,decoder_by_matrix,beec9fd12293a9cfe53c9b61fb8ce2a525e4eed38fa75d132d6dc64699336876,"{""distance"":3,""physical_error_rate"":0.0001}","{""detection_events"":45,""detectors_checked"":141210}"
      1591,         0,         0,   0.002,decoder_by_matrix,beec9fd12293a9cfe53c9b61fb8ce2a525e4eed38fa75d132d6dc64699336876,"{""distance"":3,""physical_error_rate"":0.0001}","{""detection_events"":21,""detectors_checked"":85914}"
      2206,         0,         0,   0.002,decoder_by_matrix,beec9fd12293a9cfe53c9b61fb8ce2a525e4eed38fa75d132d6dc64699336876,"{""distance"":3,""physical_error_rate"":0.0001}","{""detection_events"":21,""detectors_checked"":119124}"
     84992,         0,         0,    7.36,decoder_by_matrix,beec9fd12293a9cfe53c9b61fb8ce2a525e4eed38fa75d132d6dc64699336876,"{""distance"":3,""physical_error_rate"":0.0001}","{""detection_events"":1260,""detectors_checked"":4589568}"
     80896,         0,         0,    7.35,decoder_by_matrix,beec9fd12293a9cfe53c9b61fb8ce2a525e4eed38fa75d132d6dc64699336876,"{""distance"":3,""physical_error_rate"":0.0001}","{""detection_events"":1323,""detectors_checked"":4368384}"
     87405,         0,         0,    7.61,decoder_by_matrix,beec9fd12293a9cfe53c9b61fb8ce2a525e4eed38fa75d132d6dc64699336876,"{""distance"":3,""physical_error_rate"":0.0001}","{""detection_events"":1146,""detectors_checked"":4719870}"
     82944,         0,         0,    6.81,decoder_by_matrix,beec9fd12293a9cfe53c9b61fb8ce2a525e4eed38fa75d132d6dc64699336876,"{""distance"":3,""physical_error_rate"":0.0001}","{""detection_events"":1176,""detectors_checked"":4478976}"
     90112,         0,         0,    7.85,decoder_by_matrix,beec9fd12293a9cfe53c9b61fb8ce2a525e4eed38fa75d132d6dc64699336876,"{""distance"":3,""physical_error_rate"":0.0001}","{""detection_events"":1314,""detectors_checked"":4866048}"
     88838,         0,         0,    7.69,decoder_by_matrix,beec9fd12293a9cfe53c9b61fb8ce2a525e4eed38fa75d132d6dc64699336876,"{""distance"":3,""physical_error_rate"":0.0001}","{""detection_events"":1443,""detectors_checked"":4797252}"
     82944,         0,         0,    7.24,decoder_by_matrix,beec9fd12293a9cfe53c9b61fb8ce2a525e4eed38fa75d132d6dc64699336876,"{""distance"":3,""physical_error_rate"":0.0001}","{""detection_events"":1275,""detectors_checked"":4478976}"
     87040,         0,         0,    7.66,decoder_by_matrix,beec9fd12293a9cfe53c9b61fb8ce2a525e4eed38fa75d132d6dc64699336876,"{""distance"":3,""physical_error_rate"":0.0001}","{""detection_events"":1284,""detectors_checked"":4700160}"
      2865,         0,         0,   0.003,decoder_by_matrix,beec9fd12293a9cfe53c9b61fb8ce2a525e4eed38fa75d132d6dc64699336876,"{""distance"":3,""physical_error_rate"":0.0001}","{""detection_events"":39,""detectors_checked"":154710}"
      1591,         0,         0,   0.002,decoder_by_matrix,beec9fd12293a9cfe53c9b61fb8ce2a525e4eed38fa75d132d6dc64699336876,"{""distance"":3,""physical_error_rate"":0.0001}","{""detection_events"":39,""detectors_checked"":85914}"
     87040,         0,         0,    7.51,decoder_by_matrix,beec9fd12293a9cfe53c9b61fb8ce2a525e4eed38fa75d132d6dc64699336876,"{""distance"":3,""physical_error_rate"":0.0001}","{""detection_events"":1269,""detectors_checked"":4700160}"
     88838,         0,         0,    7.75,decoder_by_matrix,beec9fd12293a9cfe53c9b61fb8ce2a525e4eed38fa75d132d6dc64699336876,"{""distance"":3,""physical_error_rate"":0.0001}","{""detection_events"":1395,""detectors_checked"":4797252}"
     88838,         0,         0,    7.22,decoder_by_matrix,beec9fd12293a9cfe53c9b61fb8ce2a525e4eed38fa75d132d6dc64699336876,"{""distance"":3,""physical_error_rate"":0.0001}","{""detection_events"":1335,""detectors_checked"":4797252}"
      2615,         0,         0,   0.173,decoder_by_matrix,beec9fd12293a9cfe53c9b61fb8ce2a525e4eed38fa75d132d6dc64699336876,"{""distance"":3,""physical_error_rate"":0.0001}","{""detection_events"":45,""detectors_checked"":141210}"
      4865,         0,         0,   0.174,decoder_by_matrix,beec9fd12293a9cfe53c9b61fb8ce2a525e4eed38fa75d132d6dc64699336876,"{""distance"":3,""physical_error_rate"":0.0001}","{""detection_events"":63,""detectors_checked"":262710}"
      4298,         0,         0,   0.127,decoder_by_matrix,beec9fd12293a9cfe53c9b61fb8ce2a525e4eed38fa75d132d6dc64699336876,"{""distance"":3,""physical_error_rate"":0.0001}","{""detection_events"":36,""detectors_checked"":232092}"
     87405,         0,         0,    7.71,decoder_by_matrix,beec9fd12293a9cfe53c9b61fb8ce2a525e4eed38fa75d132d6dc64699336876,"{""distance"":3,""physical_error_rate"":0.0001}","{""detection_events"":1332,""detectors_checked"":4719870}"
     81920,         0,         0,    7.36,decoder_by_matrix,beec9fd12293a9cfe53c9b61fb8ce2a525e4eed38fa75d132d6dc64699336876,"{""distance"":3,""physical_error_rate"":0.0001}","{""detection_events"":1248,""detectors_checked"":4423680}"
     64512,         0,         0,    5.26,decoder_by_matrix,beec9fd12293a9cfe53c9b61fb8ce2a525e4eed38fa75d132d6dc64699336876,"{""distance"":3,""physical_error_rate"":0.0001}","{""detection_events"":882,""detectors_checked"":3483648}"
     91703,         0,         0,    7.42,decoder_by_matrix,beec9fd12293a9cfe53c9b61fb8ce2a525e4eed38fa75d132d6dc64699336876,"{""distance"":3,""physical_error_rate"":0.0001}","{""detection_events"":1362,""detectors_checked"":4951962}"
     87405,         0,         0,    7.58,decoder_by_matrix,beec9fd12293a9cfe53c9b61fb8ce2a525e4eed38fa75d132d6dc64699336876,"{""distance"":3,""physical_error_rate"":0.0001}","{""detection_events"":1392,""detectors_checked"":4719870}"
     88838,         0,         0,    8.06,decoder_by_matrix,beec9fd12293a9cfe53c9b61fb8ce2a525e4eed38fa75d132d6dc64699336876,"{""distance"":3,""physical_error_rate"":0.0001}","{""detection_events"":1326,""detectors_checked"":4797252}"
     91136,         0,         0,    7.71,decoder_by_matrix,beec9fd12293a9cfe53c9b61fb8ce2a525e4eed38fa75d132d6dc64699336876,"{""distance"":3,""physical_error_rate"":0.0001}","{""detection_events"":1482,""detectors_checked"":4921344}"
      4663,         0,         0,   0.007,decoder_by_matrix,beec9fd12293a9cfe53c9b61fb8ce2a525e4eed38fa75d132d6dc64699336876,"{""distance"":3,""physical_error_rate"":0.0001}","{""detection_events"":42,""detectors_checked"":251802}"
      4321,         0,         0,   0.148,decoder_by_matrix,beec9fd12293a9cfe53c9b61fb8ce2a525e4eed38fa75d132d6dc64699336876,"{""distance"":3,""physical_error_rate"":0.0001}","{""detection_events"":51,""detectors_checked"":233334}"
     83968,         0,         0,    7.67,decoder_by_matrix,beec9fd12293a9cfe53c9b61fb8ce2a525e4eed38fa75d132d6dc64699336876,"{""distance"":3,""physical_error_rate"":0.0001}","{""detection_events"":1353,""detectors_checked"":4534272}"
      7163,         0,         0,   0.169,decoder_by_matrix,beec9fd12293a9cfe53c9b61fb8ce2a525e4eed38fa75d132d6dc64699336876,"{""distance"":3,""physical_error_rate"":0.0001}","{""detection_events"":48,""detectors_checked"":386802}"
     81920,         0,         0,    6.81,decoder_by_matrix,beec9fd12293a9cfe53c9b61fb8ce2a525e4eed38fa75d132d6dc64699336876,"{""distance"":3,""physical_error_rate"":0.0001}","{""detection_events"":1140,""detectors_checked"":4423680}"
     63488,         0,         0,    5.34,decoder_by_matrix,beec9fd12293a9cfe53c9b61fb8ce2a525e4eed38fa75d132d6dc64699336876,"{""distance"":3,""physical_error_rate"":0.0001}","{""detection_events"":966,""detectors_checked"":3428352}"
     86016,         0,         0,    7.10,decoder_by_matrix,beec9fd12293a9cfe53c9b61fb8ce2a525e4eed38fa75d132d6dc64699336876,"{""distance"":3,""physical_error_rate"":0.0001}","{""detection_events"":1182,""detectors_checked"":4644864}"
     80240,         0,         0,    7.37,decoder_by_matrix,beec9fd12293a9cfe53c9b61fb8ce2a525e4eed38fa75d132d6dc64699336876,"{""distance"":3,""physical_error_rate"":0.0001}","{""detection_events"":1284,""detectors_checked"":4332960}"
     91136,         0,         0,    7.71,decoder_by_matrix,beec9fd12293a9cfe53c9b61fb8ce2a525e4eed38fa75d132d6dc64699336876,"{""distance"":3,""physical_error_rate"":0.0001}","{""detection_events"":1269,""detectors_checked"":4921344}"
     84992,         0,         0,    7.48,decoder_by_matrix,beec9fd12293a9cfe53c9b61fb8ce2a525e4eed38fa75d132d6dc64699336876,"{""distance"":3,""physical_error_rate"":0.0001}","{""detection_events"":1293,""detectors_checked"":4589568}"
       567,         0,         0,   0.001,decoder_by_matrix,beec9fd12293a9cfe53c9b61fb8ce2a525e4eed38fa75d132d6dc64699336876,"{""distance"":3,""physical_error_rate"":0.0001}","{""detection_events"":21,""detectors_checked"":30618}"
      1186,         0,         0,   0.002,decoder_by_matrix,beec9fd12293a9cfe53c9b61fb8ce2a525e4eed38fa75d132d6dc64699336876,"{""distance"":3,""physical_error_rate"":0.0001}","{""detection_events"":21,""detectors_checked"":64044}"
     88064,         0,         0,    7.96,decoder_by_matrix,beec9fd12293a9cfe53c9b61fb8ce2a525e4eed38fa75d132d6dc64699336876,"{""distance"":3,""physical_error_rate"":0.0001}","{""detection_events"":1401,""detectors_checked"":4755456}"
     91136,         0,         0,    7.68,decoder_by_matrix,beec9fd12293a9cfe53c9b61fb8ce2a525e4eed38fa75d132d6dc64699336876,"{""distance"":3,""physical_error_rate"":0.0001}","{""detection_events"":1236,""detectors_checked"":4921344}"
     90112,         1,         0,    7.36,decoder_by_matrix,beec9fd12293a9cfe53c9b61fb8ce2a525e4eed38fa75d132d6dc64699336876,"{""distance"":3,""physical_error_rate"":0.0001}","{""detection_events"":1278,""detectors_checked"":4866048,""obs_mistake_mask=E"":1}"
      4298,         0,         0,   0.147,decoder_by_matrix,beec9fd12293a9cfe53c9b61fb8ce2a525e4eed38fa75d132d6dc64699336876,"{""distance"":3,""physical_error_rate"":0.0001}","{""detection_events"":60,""detectors_checked"":232092}"
      2206,         0,         0,   0.003,decoder_by_matrix,beec9fd12293a9cfe53c9b61fb8ce2a525e4eed38fa75d132d6dc64699336876,"{""distance"":3,""physical_error_rate"":0.0001}","{""detection_events"":12,""detectors_checked"":119124}"
       567,         0,         0,   0.001,decoder_by_matrix,beec9fd12293a9cfe53c9b61fb8ce2a525e4eed38fa75d132d6dc64699336876,"{""distance"":3,""physical_error_rate"":0.0001}","{""detection_events"":6,""detectors_checked"":30618}"
      1591,         0,         0,   0.003,decoder_by_matrix,beec9fd12293a9cfe53c9b61fb8ce2a525e4eed38fa75d132d6dc64699336876,"{""distance"":3,""physical_error_rate"":0.0001}","{""detection_events"":15,""detectors_checked"":85914}"
      8713,         0,         0,   0.478,decoder_by_matrix,beec9fd12293a9cfe53c9b61fb8ce2a525e4eed38fa75d132d6dc64699336876,"{""distance"":3,""physical_error_rate"":0.0001}","{""detection_events"":144,""detectors_checked"":470502}"
     91703,         0,         0,    8.42,decoder_by_matrix,beec9fd12293a9cfe53c9b61fb8ce2a525e4eed38fa75d132d6dc64699336876,"{""distance"":3,""physical_error_rate"":0.0001}","{""detection_events"":1656,""detectors_checked"":4951962}"
       567,         0,         0,   0.001,decoder_by_matrix,beec9fd12293a9cfe53c9b61fb8ce2a525e4eed38fa75d132d6dc64699336876,"{""distance"":3,""physical_error_rate"":0.0001}","{""detection_events"":6,""detectors_checked"":30618}"
      4298,         0,         0,   0.313,decoder_by_matrix,beec9fd12293a9cfe53c9b61fb8ce2a525e4eed38fa75d132d6dc64699336876,"{""distance"":3,""physical_error_rate"":0.0001}","{""detection_events"":69,""detectors_checked"":232092}"
      8689,         0,         0,   0.279,decoder_by_matrix,beec9fd12293a9cfe53c9b61fb8ce2a525e4eed38fa75d132d6dc64699336876,"{""distance"":3,""physical_error_rate"":0.0001}","{""detection_events"":24,""detectors_checked"":469206}"
      4663,         0,         0,   0.135,decoder_by_matrix,beec9fd12293a9cfe53c9b61fb8ce2a525e4eed38fa75d132d6dc64699336876,"{""distance"":3,""physical_error_rate"":0.0001}","{""detection_events"":42,""detectors_checked"":251802}"
      4254,         0,         0,   0.047,decoder_by_matrix,beec9fd12293a9cfe53c9b61fb8ce2a525e4eed38fa75d132d6dc64699336876,"{""distance"":3,""physical_error_rate"":0.0001}","{""detection_events"":60,""detectors_checked"":229716}"
      4298,         0,         0,   0.150,decoder_by_matrix,beec9fd12293a9cfe53c9b61fb8ce2a525e4eed38fa75d132d6dc64699336876,"{""distance"":3,""physical_error_rate"":0.0001}","{""detection_events"":75,""detectors_checked"":232092}"
      4298,         0,         0,   0.147,decoder_by_matrix,beec9fd12293a9cfe53c9b61fb8ce2a525e4eed38fa75d132d6dc64699336876,"{""distance"":3,""physical_error_rate"":0.0001}","{""detection_events"":72,""detectors_checked"":232092}"
      4298,         0,         0,   0.143,decoder_by_matrix,beec9fd12293a9cfe53c9b61fb8ce2a525e4eed38fa75d132d6dc64699336876,"{""distance"":3,""physical_error_rate"":0.0001}","{""detection_events"":63,""detectors_checked"":232092}"
      6913,         0,         0,   0.268,decoder_by_matrix,beec9fd12293a9cfe53c9b61fb8ce2a525e4eed38fa75d132d6dc64699336876,"{""distance"":3,""physical_error_rate"":0.0001}","{""detection_events"":84,""detectors_checked"":373302}"
      1038,         0,         0,   0.002,decoder_by_matrix,beec9fd12293a9cfe53c9b61fb8ce2a525e4eed38fa75d132d6dc64699336876,"{""distance"":3,""physical_error_rate"":0.0001}","{""detection_events"":3,""detectors_checked"":56052}"
      4298,         0,         0,   0.151,decoder_by_matrix,beec9fd12293a9cfe53c9b61fb8ce2a525e4eed38fa75d132d6dc64699336876,"{""distance"":3,""physical_error_rate"":0.0001}","{""detection_events"":105,""detectors_checked"":232092}"
      4298,         0,         0,   0.159,decoder_by_matrix,beec9fd12293a9cfe53c9b61fb8ce2a525e4eed38fa75d132d6dc64699336876,"{""distance"":3,""physical_error_rate"":0.0001}","{""detection_events"":39,""detectors_checked"":232092}"
      4298,         0,         0,   0.133,decoder_by_matrix,beec9fd12293a9cfe53c9b61fb8ce2a525e4eed38fa75d132d6dc64699336876,"{""distance"":3,""physical_error_rate"":0.0001}","{""detection_events"":18,""detectors_checked"":232092}"
     68894,         0,         0,    5.73,decoder_by_matrix,beec9fd12293a9cfe53c9b61fb8ce2a525e4eed38fa75d132d6dc64699336876,"{""distance"":3,""physical_error_rate"":0.0001}","{""detection_events"":963,""detectors_checked"":3720276}"
      5731,         0,         0,   0.328,decoder_by_matrix,beec9fd12293a9cfe53c9b61fb8ce2a525e4eed38fa75d132d6dc64699336876,"{""distance"":3,""physical_error_rate"":0.0001}","{""detection_events"":78,""detectors_checked"":309474}"
      5485,         0,         0,   0.117,decoder_by_matrix,beec9fd12293a9cfe53c9b61fb8ce2a525e4eed38fa75d132d6dc64699336876,"{""distance"":3,""physical_error_rate"":0.0001}","{""detection_events"":96,""detectors_checked"":296190}"
      4663,         0,         0,   0.219,decoder_by_matrix,beec9fd12293a9cfe53c9b61fb8ce2a525e4eed38fa75d132d6dc64699336876,"{""distance"":3,""physical_error_rate"":0.0001}","{""detection_events"":75,""detectors_checked"":251802}"
      2214,         0,         0,   0.030,decoder_by_matrix,beec9fd12293a9cfe53c9b61fb8ce2a525e4eed38fa75d132d6dc64699336876,"{""distance"":3,""physical_error_rate"":0.0001}","{""detection_events"":18,""detectors_checked"":119556}"
      8597,         0,         0,   0.257,decoder_by_matrix,beec9fd12293a9cfe53c9b61fb8ce2a525e4eed38fa75d132d6dc64699336876,"{""distance"":3,""physical_error_rate"":0.0001}","{""detection_events"":99,""detectors_checked"":464238}"
     10024,         0,         0,   0.322,decoder_by_matrix,beec9fd12293a9cfe53c9b61fb8ce2a525e4eed38fa75d132d6dc64699336876,"{""distance"":3,""physical_error_rate"":0.0001}","{""detection_events"":153,""detectors_checked"":541296}"
      7163,         0,         0,   0.253,decoder_by_matrix,beec9fd12293a9cfe53c9b61fb8ce2a525e4eed38fa75d132d6dc64699336876,"{""distance"":3,""physical_error_rate"":0.0001}","{""detection_events"":129,""detectors_checked"":386802}"
      8736,         0,         0,   0.415,decoder_by_matrix,beec9fd12293a9cfe53c9b61fb8ce2a525e4eed38fa75d132d6dc64699336876,"{""distance"":3,""physical_error_rate"":0.0001}","{""detection_events"":117,""detectors_checked"":471744}"
      8455,         0,         0,   0.306,decoder_by_matrix,beec9fd12293a9cfe53c9b61fb8ce2a525e4eed38fa75d132d6dc64699336876,"{""distance"":3,""physical_error_rate"":0.0001}","{""detection_events"":111,""detectors_checked"":456570}"
         6,         0,         0,   0.000,decoder_by_matrix,beec9fd12293a9cfe53c9b61fb8ce2a525e4eed38fa75d132d6dc64699336876,"{""distance"":3,""physical_error_rate"":0.0001}","{""detectors_checked"":324}"
       136,         0,         0,   0.000,decoder_by_matrix,beec9fd12293a9cfe53c9b61fb8ce2a525e4eed38fa75d132d6dc64699336876,"{""distance"":3,""physical_error_rate"":0.0001}","{""detection_events"":12,""detectors_checked"":7344}"
        16,         0,         0,   0.000,decoder_by_matrix,beec9fd12293a9cfe53c9b61fb8ce2a525e4eed38fa75d132d6dc64699336876,"{""distance"":3,""physical_error_rate"":0.0001}","{""detectors_checked"":864}"
      1304,         0,         0,   0.001,decoder_by_matrix,beec9fd12293a9cfe53c9b61fb8ce2a525e4eed38fa75d132d6dc64699336876,"{""distance"":3,""physical_error_rate"":0.0001}","{""detectors_checked"":70416}"
     10092,         0,         0,   0.416,decoder_by_matrix,beec9fd12293a9cfe53c9b61fb8ce2a525e4eed38fa75d132d6dc64699336876,"{""distance"":3,""physical_error_rate"":0.0001}","{""detection_events"":171,""detectors_checked"":544968}"
       765,         0,         0,   0.001,decoder_by_matrix,beec9fd12293a9cfe53c9b61fb8ce2a525e4eed38fa75d132d6dc64699336876,"{""distance"":3,""physical_error_rate"":0.0001}","{""detection_events"":27,""detectors_checked"":41310}"
      3437,         0,         0,   0.005,decoder_by_matrix,beec9fd12293a9cfe53c9b61fb8ce2a525e4eed38fa75d132d6dc64699336876,"{""distance"":3,""physical_error_rate"":0.0001}","{""detection_events"":36,""detectors_checked"":185598}"
      6711,         0,         0,   0.232,decoder_by_matrix,beec9fd12293a9cfe53c9b61fb8ce2a525e4eed38fa75d132d6dc64699336876,"{""distance"":3,""physical_error_rate"":0.0001}","{""detection_events"":72,""detectors_checked"":362394}"
      8678,         0,         0,   0.288,decoder_by_matrix,beec9fd12293a9cfe53c9b61fb8ce2a525e4eed38fa75d132d6dc64699336876,"{""distance"":3,""physical_error_rate"":0.0001}","{""detection_events"":90,""detectors_checked"":468612}"
      3146,         0,         0,   0.005,decoder_by_matrix,beec9fd12293a9cfe53c9b61fb8ce2a525e4eed38fa75d132d6dc64699336876,"{""distance"":3,""physical_error_rate"":0.0001}","{""detection_events"":45,""detectors_checked"":169884}"
       293,         0,         0,   0.001,decoder_by_matrix,beec9fd12293a9cfe53c9b61fb8ce2a525e4eed38fa75d132d6dc64699336876,"{""distance"":3,""physical_error_rate"":0.0001}","{""detection_events"":9,""detectors_checked"":15822}"
        53,         0,         0,   0.000,decoder_by_matrix,beec9fd12293a9cfe53c9b61fb8ce2a525e4eed38fa75d132d6dc64699336876,"{""distance"":3,""physical_error_rate"":0.0001}","{""detectors_checked"":2862}"
      8455,         0,         0,   0.299,decoder_by_matrix,beec9fd12293a9cfe53c9b61fb8ce2a525e4eed38fa75d132d6dc64699336876,"{""distance"":3,""physical_error_rate"":0.0001}","{""detection_events"":189,""detectors_checked"":456570}"
      6500,         0,         0,   0.049,decoder_by_matrix,beec9fd12293a9cfe53c9b61fb8ce2a525e4eed38fa75d132d6dc64699336876,"{""distance"":3,""physical_error_rate"":0.0001}","{""detection_events"":90,""detectors_checked"":351000}"
     14395,         0,         0,   0.628,decoder_by_matrix,beec9fd12293a9cfe53c9b61fb8ce2a525e4eed38fa75d132d6dc64699336876,"{""distance"":3,""physical_error_rate"":0.0001}","{""detection_events"":159,""detectors_checked"":777330}"
     10159,         0,         0,   0.338,decoder_by_matrix,beec9fd12293a9cfe53c9b61fb8ce2a525e4eed38fa75d132d6dc64699336876,"{""distance"":3,""physical_error_rate"":0.0001}","{""detection_events"":135,""detectors_checked"":548586}"
      6411,         0,         0,   0.065,decoder_by_matrix,beec9fd12293a9cfe53c9b61fb8ce2a525e4eed38fa75d132d6dc64699336876,"{""distance"":3,""physical_error_rate"":0.0001}","{""detection_events"":87,""detectors_checked"":346194}"
      5662,         0,         0,   0.007,decoder_by_matrix,beec9fd12293a9cfe53c9b61fb8ce2a525e4eed38fa75d132d6dc64699336876,"{""distance"":3,""physical_error_rate"":0.0001}","{""detection_events"":69,""detectors_checked"":305748}"
      8759,         0,         0,   0.235,decoder_by_matrix,beec9fd12293a9cfe53c9b61fb8ce2a525e4eed38fa75d132d6dc64699336876,"{""distance"":3,""physical_error_rate"":0.0001}","{""detection_events"":156,""detectors_checked"":472986}"
     35840,         0,         0,    2.36,decoder_by_matrix,beec9fd12293a9cfe53c9b61fb8ce2a525e4eed38fa75d132d6dc64699336876,"{""distance"":3,""physical_error_rate"":0.0001}","{""detection_events"":447,""detectors_checked"":1935360}"
       258,         0,         0,   0.000,decoder_by_matrix,beec9fd12293a9cfe53c9b61fb8ce2a525e4eed38fa75d132d6dc64699336876,"{""distance"":3,""physical_error_rate"":0.0001}","{""detectors_checked"":13932}"
      6711,         0,         0,   0.071,decoder_by_matrix,beec9fd12293a9cfe53c9b61fb8ce2a525e4eed38fa75d132d6dc64699336876,"{""distance"":3,""physical_error_rate"":0.0001}","{""detection_events"":93,""detectors_checked"":362394}"
         2,         0,         0,   0.000,decoder_by_matrix,beec9fd12293a9cfe53c9b61fb8ce2a525e4eed38fa75d132d6dc64699336876,"{""distance"":3,""physical_error_rate"":0.0001}","{""detectors_checked"":108}"
       648,         0,         0,   0.001,decoder_by_matrix,beec9fd12293a9cfe53c9b61fb8ce2a525e4eed38fa75d132d6dc64699336876,"{""distance"":3,""physical_error_rate"":0.0001}","{""detection_events"":21,""detectors_checked"":34992}"
      5544,         0,         0,   0.032,decoder_by_matrix,beec9fd12293a9cfe53c9b61fb8ce2a525e4eed38fa75d132d6dc64699336876,"{""distance"":3,""physical_error_rate"":0.0001}","{""detection_events"":117,""detectors_checked"":299376}"
     68608,         0,         0,    5.57,decoder_by_matrix,beec9fd12293a9cfe53c9b61fb8ce2a525e4eed38fa75d132d6dc64699336876,"{""distance"":3,""physical_error_rate"":0.0001}","{""detection_events"":1011,""detectors_checked"":3704832}"
      1077,         0,         0,   0.002,decoder_by_matrix,beec9fd12293a9cfe53c9b61fb8ce2a525e4eed38fa75d132d6dc64699336876,"{""distance"":3,""physical_error_rate"":0.0001}","{""detection_events"":27,""detectors_checked"":58158}"
      3498,         0,         0,   0.004,decoder_by_matrix,beec9fd12293a9cfe53c9b61fb8ce2a525e4eed38fa75d132d6dc64699336876,"{""distance"":3,""physical_error_rate"":0.0001}","{""detection_events"":33,""detectors_checked"":188892}"
      3498,         0,         0,   0.018,decoder_by_matrix,beec9fd12293a9cfe53c9b61fb8ce2a525e4eed38fa75d132d6dc64699336876,"{""distance"":3,""physical_error_rate"":0.0001}","{""detection_events"":54,""detectors_checked"":188892}"
       304,         0,         0,   0.000,decoder_by_matrix,beec9fd12293a9cfe53c9b61fb8ce2a525e4eed38fa75d132d6dc64699336876,"{""distance"":3,""physical_error_rate"":0.0001}","{""detectors_checked"":16416}"
      3498,         0,         0,   0.016,decoder_by_matrix,beec9fd12293a9cfe53c9b61fb8ce2a525e4eed38fa75d132d6dc64699336876,"{""distance"":3,""physical_error_rate"":0.0001}","{""detection_events"":69,""detectors_checked"":188892}"
      2292,         0,         0,   0.004,decoder_by_matrix,beec9fd12293a9cfe53c9b61fb8ce2a525e4eed38fa75d132d6dc64699336876,"{""distance"":3,""physical_error_rate"":0.0001}","{""detection_events"":30,""detectors_checked"":123768}"
      3498,         0,         0,   0.005,decoder_by_matrix,beec9fd12293a9cfe53c9b61fb8ce2a525e4eed38fa75d132d6dc64699336876,"{""distance"":3,""physical_error_rate"":0.0001}","{""detection_events"":57,""detectors_checked"":188892}"
      2207,         0,         0,   0.003,decoder_by_matrix,beec9fd12293a9cfe53c9b61fb8ce2a525e4eed38fa75d132d6dc64699336876,"{""distance"":3,""physical_error_rate"":0.0001}","{""detection_events"":27,""detectors_checked"":119178}"
         4,         0,         0,   0.000,decoder_by_matrix,beec9fd12293a9cfe53c9b61fb8ce2a525e4eed38fa75d132d6dc64699336876,"{""distance"":3,""physical_error_rate"":0.0001}","{""detectors_checked"":216}"
         4,         0,         0,   0.000,decoder_by_matrix,beec9fd12293a9cfe53c9b61fb8ce2a525e4eed38fa75d132d6dc64699336876,"{""distance"":3,""physical_error_rate"":0.0001}","{""detectors_checked"":216}"
       293,         0,         0,   0.000,decoder_by_matrix,beec9fd12293a9cfe53c9b61fb8ce2a525e4eed38fa75d132d6dc64699336876,"{""distance"":3,""physical_error_rate"":0.0001}","{""detectors_checked"":15822}"
         4,         0,         0,   0.000,decoder_by_matrix,beec9fd12293a9cfe53c9b61fb8ce2a525e4eed38fa75d132d6dc64699336876,"{""distance"":3,""physical_error_rate"":0.0001}","{""detectors_checked"":216}"
         4,         0,         0,   0.000,decoder_by_matrix,beec9fd12293a9cfe53c9b61fb8ce2a525e4eed38fa75d132d6dc64699336876,"{""distance"":3,""physical_error_rate"":0.0001}","{""detectors_checked"":216}"
      3498,         0,         0,   0.016,decoder_by_matrix,beec9fd12293a9cfe53c9b61fb8ce2a525e4eed38fa75d132d6dc64699336876,"{""distance"":3,""physical_error_rate"":0.0001}","{""detection_events"":30,""detectors_checked"":188892}"
      2207,         0,         0,   0.003,decoder_by_matrix,beec9fd12293a9cfe53c9b61fb8ce2a525e4eed38fa75d132d6dc64699336876,"{""distance"":3,""physical_error_rate"":0.0001}","{""detection_events"":12,""detectors_checked"":119178}"
      4790,         0,         0,   0.059,decoder_by_matrix,beec9fd12293a9cfe53c9b61fb8ce2a525e4eed38fa75d132d6dc64699336876,"{""distance"":3,""physical_error_rate"":0.0001}","{""detection_events"":60,""detectors_checked"":258660}"
     15723,         0,         0,   0.854,decoder_by_matrix,beec9fd12293a9cfe53c9b61fb8ce2a525e4eed38fa75d132d6dc64699336876,"{""distance"":3,""physical_error_rate"":0.0001}","{""detection_events"":234,""detectors_checked"":849042}"
       165,         0,         0,   0.000,decoder_by_matrix,beec9fd12293a9cfe53c9b61fb8ce2a525e4eed38fa75d132d6dc64699336876,"{""distance"":3,""physical_error_rate"":0.0001}","{""detectors_checked"":8910}"
      3498,         0,         0,   0.016,decoder_by_matrix,beec9fd12293a9cfe53c9b61fb8ce2a525e4eed38fa75d132d6dc64699336876,"{""distance"":3,""physical_error_rate"":0.0001}","{""detection_events"":42,""detectors_checked"":188892}"
     14336,         0,         0,   0.662,decoder_by_matrix,beec9fd12293a9cfe53c9b61fb8ce2a525e4eed38fa75d132d6dc64699336876,"{""distance"":3,""physical_error_rate"":0.0001}","{""detection_events"":258,""detectors_checked"":774144}"
     10159,         0,         0,   0.293,decoder_by_matrix,beec9fd12293a9cfe53c9b61fb8ce2a525e4eed38fa75d132d6dc64699336876,"{""distance"":3,""physical_error_rate"":0.0001}","{""detection_events"":189,""detectors_checked"":548586}"
      9216,         0,         0,   0.222,decoder_by_matrix,beec9fd12293a9cfe53c9b61fb8ce2a525e4eed38fa75d132d6dc64699336876,"{""distance"":3,""physical_error_rate"":0.0001}","{""detection_events"":129,""detectors_checked"":497664}"
      8455,         0,         0,   0.046,decoder_by_matrix,beec9fd12293a9cfe53c9b61fb8ce2a525e4eed38fa75d132d6dc64699336876,"{""distance"":3,""physical_error_rate"":0.0001}","{""detection_events"":120,""detectors_checked"":456570}"
      7577,         0,         0,   0.042,decoder_by_matrix,beec9fd12293a9cfe53c9b61fb8ce2a525e4eed38fa75d132d6dc64699336876,"{""distance"":3,""physical_error_rate"":0.0001}","{""detection_events"":87,""detectors_checked"":409158}"
         4,         0,         0,   0.000,decoder_by_matrix,beec9fd12293a9cfe53c9b61fb8ce2a525e4eed38fa75d132d6dc64699336876,"{""distance"":3,""physical_error_rate"":0.0001}","{""detectors_checked"":216}"
         4,         0,         0,   0.000,decoder_by_matrix,beec9fd12293a9cfe53c9b61fb8ce2a525e4eed38fa75d132d6dc64699336876,"{""distance"":3,""physical_error_rate"":0.0001}","{""detectors_checked"":216}"
       684,         0,         0,   0.001,decoder_by_matrix,beec9fd12293a9cfe53c9b61fb8ce2a525e4eed38fa75d132d6dc64699336876,"{""distance"":3,""physical_error_rate"":0.0001}","{""detection_events"":21,""detectors_checked"":36936}"
        17,         0,         0,   0.000,decoder_by_matrix,beec9fd12293a9cfe53c9b61fb8ce2a525e4eed38fa75d132d6dc64699336876,"{""distance"":3,""physical_error_rate"":0.0001}","{""detectors_checked"":918}"
         4,         0,         0,   0.000,decoder_by_matrix,beec9fd12293a9cfe53c9b61fb8ce2a525e4eed38fa75d132d6dc64699336876,"{""distance"":3,""physical_error_rate"":0.0001}","{""detectors_checked"":216}"
         4,         0,         0,   0.000,decoder_by_matrix,beec9fd12293a9cfe53c9b61fb8ce2a525e4eed38fa75d132d6dc64699336876,"{""distance"":3,""physical_error_rate"":0.0001}","{""detectors_checked"":216}"
         4,         0,         0,   0.000,decoder_by_matrix,beec9fd12293a9cfe53c9b61fb8ce2a525e4eed38fa75d132d6dc64699336876,"{""distance"":3,""physical_error_rate"":0.0001}","{""detectors_checked"":216}"
        17,         0,         0,   0.000,decoder_by_matrix,beec9fd12293a9cfe53c9b61fb8ce2a525e4eed38fa75d132d6dc64699336876,"{""distance"":3,""physical_error_rate"":0.0001}","{""detectors_checked"":918}"
      1059,         0,         0,   0.002,decoder_by_matrix,beec9fd12293a9cfe53c9b61fb8ce2a525e4eed38fa75d132d6dc64699336876,"{""distance"":3,""physical_error_rate"":0.0001}","{""detection_events"":12,""detectors_checked"":57186}"
       783,         0,         0,   0.001,decoder_by_matrix,beec9fd12293a9cfe53c9b61fb8ce2a525e4eed38fa75d132d6dc64699336876,"{""distance"":3,""physical_error_rate"":0.0001}","{""detection_events"":6,""detectors_checked"":42282}"
       783,         0,         0,   0.001,decoder_by_matrix,beec9fd12293a9cfe53c9b61fb8ce2a525e4eed38fa75d132d6dc64699336876,"{""distance"":3,""physical_error_rate"":0.0001}","{""detection_events"":12,""detectors_checked"":42282}"
       102,         0,         0,   0.000,decoder_by_matrix,beec9fd12293a9cfe53c9b61fb8ce2a525e4eed38fa75d132d6dc64699336876,"{""distance"":3,""physical_error_rate"":0.0001}","{""detectors_checked"":5508}"
       783,         0,         0,   0.001,decoder_by_matrix,beec9fd12293a9cfe53c9b61fb8ce2a525e4eed38fa75d132d6dc64699336876,"{""distance"":3,""physical_error_rate"":0.0001}","{""detection_events"":21,""detectors_checked"":42282}"
       783,         0,         0,   0.001,decoder_by_matrix,beec9fd12293a9cfe53c9b61fb8ce2a525e4eed38fa75d132d6dc64699336876,"{""distance"":3,""physical_error_rate"":0.0001}","{""detection_events"":27,""detectors_checked"":42282}"
       783,         0,         0,   0.001,decoder_by_matrix,beec9fd12293a9cfe53c9b61fb8ce2a525e4eed38fa75d132d6dc64699336876,"{""distance"":3,""physical_error_rate"":0.0001}","{""detection_events"":24,""detectors_checked"":42282}"
       783,         0,         0,   0.001,decoder_by_matrix,beec9fd12293a9cfe53c9b61fb8ce2a525e4eed38fa75d132d6dc64699336876,"{""distance"":3,""physical_error_rate"":0.0001}","{""detection_events"":24,""detectors_checked"":42282}"
       783,         0,         0,   0.001,decoder_by_matrix,beec9fd12293a9cfe53c9b61fb8ce2a525e4eed38fa75d132d6dc64699336876,"{""distance"":3,""physical_error_rate"":0.0001}","{""detection_events"":9,""detectors_checked"":42282}"
       783,         0,         0,   0.001,decoder_by_matrix,beec9fd12293a9cfe53c9b61fb8ce2a525e4eed38fa75d132d6dc64699336876,"{""distance"":3,""physical_error_rate"":0.0001}","{""detection_events"":12,""detectors_checked"":42282}"
       169,         0,         0,   0.000,decoder_by_matrix,beec9fd12293a9cfe53c9b61fb8ce2a525e4eed38fa75d132d6dc64699336876,"{""distance"":3,""physical_error_rate"":0.0001}","{""detectors_checked"":9126}"
       132,         0,         0,   0.000,decoder_by_matrix,beec9fd12293a9cfe53c9b61fb8ce2a525e4eed38fa75d132d6dc64699336876,"{""distance"":3,""physical_error_rate"":0.0001}","{""detectors_checked"":7128}"
       132,         0,         0,   0.000,decoder_by_matrix,beec9fd12293a9cfe53c9b61fb8ce2a525e4eed38fa75d132d6dc64699336876,"{""distance"":3,""physical_error_rate"":0.0001}","{""detectors_checked"":7128}"
       783,         0,         0,   0.001,decoder_by_matrix,beec9fd12293a9cfe53c9b61fb8ce2a525e4eed38fa75d132d6dc64699336876,"{""distance"":3,""physical_error_rate"":0.0001}","{""detection_events"":21,""detectors_checked"":42282}"
       783,         0,         0,   0.001,decoder_by_matrix,beec9fd12293a9cfe53c9b61fb8ce2a525e4eed38fa75d132d6dc64699336876,"{""distance"":3,""physical_error_rate"":0.0001}","{""detection_events"":3,""detectors_checked"":42282}"
       783,         0,         0,   0.001,decoder_by_matrix,beec9fd12293a9cfe53c9b61fb8ce2a525e4eed38fa75d132d6dc64699336876,"{""distance"":3,""physical_error_rate"":0.0001}","{""detection_events"":15,""detectors_checked"":42282}"
       159,         0,         0,   0.000,decoder_by_matrix,beec9fd12293a9cfe53c9b61fb8ce2a525e4eed38fa75d132d6dc64699336876,"{""distance"":3,""physical_error_rate"":0.0001}","{""detectors_checked"":8586}"
       783,         0,         0,   0.001,decoder_by_matrix,beec9fd12293a9cfe53c9b61fb8ce2a525e4eed38fa75d132d6dc64699336876,"{""distance"":3,""physical_error_rate"":0.0001}","{""detection_events"":18,""detectors_checked"":42282}"
        17,         0,         0,   0.000,decoder_by_matrix,beec9fd12293a9cfe53c9b61fb8ce2a525e4eed38fa75d132d6dc64699336876,"{""distance"":3,""physical_error_rate"":0.0001}","{""detectors_checked"":918}"
       783,         0,         0,   0.001,decoder_by_matrix,beec9fd12293a9cfe53c9b61fb8ce2a525e4eed38fa75d132d6dc64699336876,"{""distance"":3,""physical_error_rate"":0.0001}","{""detection_events"":6,""detectors_checked"":42282}"
       783,         0,         0,   0.001,decoder_by_matrix,beec9fd12293a9cfe53c9b61fb8ce2a525e4eed38fa75d132d6dc64699336876,"{""distance"":3,""physical_error_rate"":0.0001}","{""detection_events"":18,""detectors_checked"":42282}"
       132,         0,         0,   0.000,decoder_by_matrix,beec9fd12293a9cfe53c9b61fb8ce2a525e4eed38fa75d132d6dc64699336876,"{""distance"":3,""physical_error_rate"":0.0001}","{""detectors_checked"":7128}"
       132,         0,         0,   0.000,decoder_by_matrix,beec9fd12293a9cfe53c9b61fb8ce2a525e4eed38fa75d132d6dc64699336876,"{""distance"":3,""physical_error_rate"":0.0001}","{""detectors_checked"":7128}"
       132,         0,         0,   0.000,decoder_by_matrix,beec9fd12293a9cfe53c9b61fb8ce2a525e4eed38fa75d132d6dc64699336876,"{""distance"":3,""physical_error_rate"":0.0001}","{""detectors_checked"":7128}"
      3072,         0,         0,   0.063,decoder_by_matrix,beec9fd12293a9cfe53c9b61fb8ce2a525e4eed38fa75d132d6dc64699336876,"{""distance"":3,""physical_error_rate"":0.0001}","{""detection_events"":51,""detectors_checked"":165888}"
       132,         0,         0,   0.000,decoder_by_matrix,beec9fd12293a9cfe53c9b61fb8ce2a525e4eed38fa75d132d6dc64699336876,"{""distance"":3,""physical_error_rate"":0.0001}","{""detectors_checked"":7128}"
       132,         0,         0,   0.000,decoder_by_matrix,beec9fd12293a9cfe53c9b61fb8ce2a525e4eed38fa75d132d6dc64699336876,"{""distance"":3,""physical_error_rate"":0.0001}","{""detectors_checked"":7128}"
      6144,         0,         0,   0.061,decoder_by_matrix,beec9fd12293a9cfe53c9b61fb8ce2a525e4eed38fa75d132d6dc64699336876,"{""distance"":3,""physical_error_rate"":0.0001}","{""detection_events"":120,""detectors_checked"":331776}"
       132,         0,         0,   0.000,decoder_by_matrix,beec9fd12293a9cfe53c9b61fb8ce2a525e4eed38fa75d132d6dc64699336876,"{""distance"":3,""physical_error_rate"":0.0001}","{""detectors_checked"":7128}"
       132,         0,         0,   0.000,decoder_by_matrix,beec9fd12293a9cfe53c9b61fb8ce2a525e4eed38fa75d132d6dc64699336876,"{""distance"":3,""physical_error_rate"":0.0001}","{""detection_events"":12,""detectors_checked"":7128}"
       132,         0,         0,   0.000,decoder_by_matrix,beec9fd12293a9cfe53c9b61fb8ce2a525e4eed38fa75d132d6dc64699336876,"{""distance"":3,""physical_error_rate"":0.0001}","{""detectors_checked"":7128}"
       132,         0,         0,   0.000,decoder_by_matrix,beec9fd12293a9cfe53c9b61fb8ce2a525e4eed38fa75d132d6dc64699336876,"{""distance"":3,""physical_error_rate"":0.0001}","{""detectors_checked"":7128}"
      2048,         0,         0,   0.027,decoder_by_matrix,beec9fd12293a9cfe53c9b61fb8ce2a525e4eed38fa75d132d6dc64699336876,"{""distance"":3,""physical_error_rate"":0.0001}","{""detection_events"":30,""detectors_checked"":110592}"
         4,         0,         0,   0.000,decoder_by_matrix,beec9fd12293a9cfe53c9b61fb8ce2a525e4eed38fa75d132d6dc64699336876,"{""distance"":3,""physical_error_rate"":0.0001}","{""detectors_checked"":216}"
       132,         0,         0,   0.000,decoder_by_matrix,beec9fd12293a9cfe53c9b61fb8ce2a525e4eed38fa75d132d6dc64699336876,"{""distance"":3,""physical_error_rate"":0.0001}","{""detectors_checked"":7128}"
      2207,         0,         0,   0.044,decoder_by_matrix,beec9fd12293a9cfe53c9b61fb8ce2a525e4eed38fa75d132d6dc64699336876,"{""distance"":3,""physical_error_rate"":0.0001}","{""detection_events"":63,""detectors_checked"":119178}"
      1453,         0,         0,   0.002,decoder_by_matrix,beec9fd12293a9cfe53c9b61fb8ce2a525e4eed38fa75d132d6dc64699336876,"{""distance"":3,""physical_error_rate"":0.0001}","{""detection_events"":6,""detectors_checked"":78462}"
       132,         0,         0,   0.000,decoder_by_matrix,beec9fd12293a9cfe53c9b61fb8ce2a525e4eed38fa75d132d6dc64699336876,"{""distance"":3,""physical_error_rate"":0.0001}","{""detection_events"":6,""detectors_checked"":7128}"
       132,         0,         0,   0.000,decoder_by_matrix,beec9fd12293a9cfe53c9b61fb8ce2a525e4eed38fa75d132d6dc64699336876,"{""distance"":3,""physical_error_rate"":0.0001}","{""detectors_checked"":7128}"
       398,         0,         0,   0.001,decoder_by_matrix,beec9fd12293a9cfe53c9b61fb8ce2a525e4eed38fa75d132d6dc64699336876,"{""distance"":3,""physical_error_rate"":0.0001}","{""detection_events"":3,""detectors_checked"":21492}"
      3498,         0,         0,   0.061,decoder_by_matrix,beec9fd12293a9cfe53c9b61fb8ce2a525e4eed38fa75d132d6dc64699336876,"{""distance"":3,""physical_error_rate"":0.0001}","{""detection_events"":48,""detectors_checked"":188892}"
      3072,         0,         0,   0.055,decoder_by_matrix,beec9fd12293a9cfe53c9b61fb8ce2a525e4eed38fa75d132d6dc64699336876,"{""distance"":3,""physical_error_rate"":0.0001}","{""detection_events"":36,""detectors_checked"":165888}"
      3072,         0,         0,   0.059,decoder_by_matrix,beec9fd12293a9cfe53c9b61fb8ce2a525e4eed38fa75d132d6dc64699336876,"{""distance"":3,""physical_error_rate"":0.0001}","{""detection_events"":45,""detectors_checked"":165888}"
        26,         0,         0,   0.000,decoder_by_matrix,beec9fd12293a9cfe53c9b61fb8ce2a525e4eed38fa75d132d6dc64699336876,"{""distance"":3,""physical_error_rate"":0.0001}","{""detectors_checked"":1404}"
       181,         0,         0,   0.000,decoder_by_matrix,beec9fd12293a9cfe53c9b61fb8ce2a525e4eed38fa75d132d6dc64699336876,"{""distance"":3,""physical_error_rate"":0.0001}","{""detection_events"":9,""detectors_checked"":9774}"
       258,         0,         0,   0.001,decoder_by_matrix,beec9fd12293a9cfe53c9b61fb8ce2a525e4eed38fa75d132d6dc64699336876,"{""distance"":3,""physical_error_rate"":0.0001}","{""detection_events"":9,""detectors_checked"":13932}"
       258,         0,         0,   0.001,decoder_by_matrix,beec9fd12293a9cfe53c9b61fb8ce2a525e4eed38fa75d132d6dc64699336876,"{""distance"":3,""physical_error_rate"":0.0001}","{""detection_events"":9,""detectors_checked"":13932}"
       258,         0,         0,   0.001,decoder_by_matrix,beec9fd12293a9cfe53c9b61fb8ce2a525e4eed38fa75d132d6dc64699336876,"{""distance"":3,""physical_error_rate"":0.0001}","{""detection_events"":21,""detectors_checked"":13932}"
        36,         0,         0,   0.000,decoder_by_matrix,beec9fd12293a9cfe53c9b61fb8ce2a525e4eed38fa75d132d6dc64699336876,"{""distance"":3,""physical_error_rate"":0.0001}","{""detectors_checked"":1944}"
        39,         0,         0,   0.000,decoder_by_matrix,beec9fd12293a9cfe53c9b61fb8ce2a525e4eed38fa75d132d6dc64699336876,"{""distance"":3,""physical_error_rate"":0.0001}","{""detectors_checked"":2106}"
       258,         0,         0,   0.001,decoder_by_matrix,beec9fd12293a9cfe53c9b61fb8ce2a525e4eed38fa75d132d6dc64699336876,"{""distance"":3,""physical_error_rate"":0.0001}","{""detection_events"":6,""detectors_checked"":13932}"
       135,         0,         0,   0.000,decoder_by_matrix,beec9fd12293a9cfe53c9b61fb8ce2a525e4eed38fa75d132d6dc64699336876,"{""distance"":3,""physical_error_rate"":0.0001}","{""detectors_checked"":7290}"
        36,         0,         0,   0.000,decoder_by_matrix,beec9fd12293a9cfe53c9b61fb8ce2a525e4eed38fa75d132d6dc64699336876,"{""distance"":3,""physical_error_rate"":0.0001}","{""detectors_checked"":1944}"
        87,         0,         0,   0.000,decoder_by_matrix,beec9fd12293a9cfe53c9b61fb8ce2a525e4eed38fa75d132d6dc64699336876,"{""distance"":3,""physical_error_rate"":0.0001}","{""detection_events"":21,""detectors_checked"":4698}"
        36,         0,         0,   0.000,decoder_by_matrix,beec9fd12293a9cfe53c9b61fb8ce2a525e4eed38fa75d132d6dc64699336876,"{""distance"":3,""physical_error_rate"":0.0001}","{""detectors_checked"":1944}"
        36,         0,         0,   0.000,decoder_by_matrix,beec9fd12293a9cfe53c9b61fb8ce2a525e4eed38fa75d132d6dc64699336876,"{""distance"":3,""physical_error_rate"":0.0001}","{""detectors_checked"":1944}"
       258,         0,         0,   0.000,decoder_by_matrix,beec9fd12293a9cfe53c9b61fb8ce2a525e4eed38fa75d132d6dc64699336876,"{""distance"":3,""physical_error_rate"":0.0001}","{""detectors_checked"":13932}"
        36,         0,         0,   0.000,decoder_by_matrix,beec9fd12293a9cfe53c9b61fb8ce2a525e4eed38fa75d132d6dc64699336876,"{""distance"":3,""physical_error_rate"":0.0001}","{""detectors_checked"":1944}"
        36,         0,         0,   0.000,decoder_by_matrix,beec9fd12293a9cfe53c9b61fb8ce2a525e4eed38fa75d132d6dc64699336876,"{""distance"":3,""physical_error_rate"":0.0001}","{""detectors_checked"":1944}"
        36,         0,         0,   0.000,decoder_by_matrix,beec9fd12293a9cfe53c9b61fb8ce2a525e4eed38fa75d132d6dc64699336876,"{""distance"":3,""physical_error_rate"":0.0001}","{""detectors_checked"":1944}"
        36,         0,         0,   0.000,decoder_by_matrix,beec9fd12293a9cfe53c9b61fb8ce2a525e4eed38fa75d132d6dc64699336876,"{""distance"":3,""physical_error_rate"":0.0001}","{""detectors_checked"":1944}"
        36,         0,         0,   0.000,decoder_by_matrix,beec9fd12293a9cfe53c9b61fb8ce2a525e4eed38fa75d132d6dc64699336876,"{""distance"":3,""physical_error_rate"":0.0001}","{""detectors_checked"":1944}"
        36,         0,         0,   0.000,decoder_by_matrix,beec9fd12293a9cfe53c9b61fb8ce2a525e4eed38fa75d132d6dc64699336876,"{""distance"":3,""physical_error_rate"":0.0001}","{""detectors_checked"":1944}"
         2,         0,         0,   0.000,decoder_by_matrix,beec9fd12293a9cfe53c9b61fb8ce2a525e4eed38fa75d132d6dc64699336876,"{""distance"":3,""physical_error_rate"":0.0001}","{""detectors_checked"":108}"
        39,         0,         0,   0.000,decoder_by_matrix,beec9fd12293a9cfe53c9b61fb8ce2a525e4eed38fa75d132d6dc64699336876,"{""distance"":3,""physical_error_rate"":0.0001}","{""detection_events"":3,""detectors_checked"":2106}"
        39,         0,         0,   0.000,decoder_by_matrix,beec9fd12293a9cfe53c9b61fb8ce2a525e4eed38fa75d132d6dc64699336876,"{""distance"":3,""physical_error_rate"":0.0001}","{""detectors_checked"":2106}"
        32,         0,         0,   0.000,decoder_by_matrix,beec9fd12293a9cfe53c9b61fb8ce2a525e4eed38fa75d132d6dc64699336876,"{""distance"":3,""physical_error_rate"":0.0001}","{""detectors_checked"":1728}"
         2,         0,         0,   0.000,decoder_by_matrix,beec9fd12293a9cfe53c9b61fb8ce2a525e4eed38fa75d132d6dc64699336876,"{""distance"":3,""physical_error_rate"":0.0001}","{""detectors_checked"":108}"
         3,         0,         0,   0.000,decoder_by_matrix,beec9fd12293a9cfe53c9b61fb8ce2a525e4eed38fa75d132d6dc64699336876,"{""distance"":3,""physical_error_rate"":0.0001}","{""detectors_checked"":162}"
         3,         0,         0,   0.000,decoder_by_matrix,beec9fd12293a9cfe53c9b61fb8ce2a525e4eed38fa75d132d6dc64699336876,"{""distance"":3,""physical_error_rate"":0.0001}","{""detectors_checked"":162}"
         2,         0,         0,   0.000,decoder_by_matrix,beec9fd12293a9cfe53c9b61fb8ce2a525e4eed38fa75d132d6dc64699336876,"{""distance"":3,""physical_error_rate"":0.0001}","{""detectors_checked"":108}"
         3,         0,         0,   0.000,decoder_by_matrix,beec9fd12293a9cfe53c9b61fb8ce2a525e4eed38fa75d132d6dc64699336876,"{""distance"":3,""physical_error_rate"":0.0001}","{""detectors_checked"":162}"
         2,         0,         0,   0.000,decoder_by_matrix,beec9fd12293a9cfe53c9b61fb8ce2a525e4eed38fa75d132d6dc64699336876,"{""distance"":3,""physical_error_rate"":0.0001}","{""detectors_checked"":108}"
         6,         0,         0,   0.000,decoder_by_matrix,beec9fd12293a9cfe53c9b61fb8ce2a525e4eed38fa75d132d6dc64699336876,"{""distance"":3,""physical_error_rate"":0.0001}","{""detectors_checked"":324}"
         3,         0,         0,   0.000,decoder_by_matrix,beec9fd12293a9cfe53c9b61fb8ce2a525e4eed38fa75d132d6dc64699336876,"{""distance"":3,""physical_error_rate"":0.0001}","{""detectors_checked"":162}"
         3,         0,         0,   0.000,decoder_by_matrix,beec9fd12293a9cfe53c9b61fb8ce2a525e4eed38fa75d132d6dc64699336876,"{""distance"":3,""physical_error_rate"":0.0001}","{""detectors_checked"":162}"
         6,         0,         0,   0.000,decoder_by_matrix,beec9fd12293a9cfe53c9b61fb8ce2a525e4eed38fa75d132d6dc64699336876,"{""distance"":3,""physical_error_rate"":0.0001}","{""detectors_checked"":324}"
         3,         0,         0,   0.000,decoder_by_matrix,beec9fd12293a9cfe53c9b61fb8ce2a525e4eed38fa75d132d6dc64699336876,"{""distance"":3,""physical_error_rate"":0.0001}","{""detectors_checked"":162}"
         3,         0,         0,   0.000,decoder_by_matrix,beec9fd12293a9cfe53c9b61fb8ce2a525e4eed38fa75d132d6dc64699336876,"{""distance"":3,""physical_error_rate"":0.0001}","{""detectors_checked"":162}"
         2,         0,         0,   0.000,decoder_by_matrix,beec9fd12293a9cfe53c9b61fb8ce2a525e4eed38fa75d132d6dc64699336876,"{""distance"":3,""physical_error_rate"":0.0001}","{""detectors_checked"":108}"
         3,         0,         0,   0.000,decoder_by_matrix,beec9fd12293a9cfe53c9b61fb8ce2a525e4eed38fa75d132d6dc64699336876,"{""distance"":3,""physical_error_rate"":0.0001}","{""detectors_checked"":162}"
         5,         0,         0,   0.000,decoder_by_matrix,beec9fd12293a9cfe53c9b61fb8ce2a525e4eed38fa75d132d6dc64699336876,"{""distance"":3,""physical_error_rate"":0.0001}","{""detectors_checked"":270}"
         5,         0,         0,   0.000,decoder_by_matrix,beec9fd12293a9cfe53c9b61fb8ce2a525e4eed38fa75d132d6dc64699336876,"{""distance"":3,""physical_error_rate"":0.0001}","{""detectors_checked"":270}"
         5,         0,         0,   0.000,decoder_by_matrix,beec9fd12293a9cfe53c9b61fb8ce2a525e4eed38fa75d132d6dc64699336876,"{""distance"":3,""physical_error_rate"":0.0001}","{""detectors_checked"":270}"
         5,         0,         0,   0.000,decoder_by_matrix,beec9fd12293a9cfe53c9b61fb8ce2a525e4eed38fa75d132d6dc64699336876,"{""distance"":3,""physical_error_rate"":0.0001}","{""detectors_checked"":270}"
         5,         0,         0,   0.000,decoder_by_matrix,beec9fd12293a9cfe53c9b61fb8ce2a525e4eed38fa75d132d6dc64699336876,"{""distance"":3,""physical_error_rate"":0.0001}","{""detectors_checked"":270}"
         5,         0,         0,   0.000,decoder_by_matrix,beec9fd12293a9cfe53c9b61fb8ce2a525e4eed38fa75d132d6dc64699336876,"{""distance"":3,""physical_error_rate"":0.0001}","{""detectors_checked"":270}"
         5,         0,         0,   0.000,decoder_by_matrix,beec9fd12293a9cfe53c9b61fb8ce2a525e4eed38fa75d132d6dc64699336876,"{""distance"":3,""physical_error_rate"":0.0001}","{""detectors_checked"":270}"
         5,         0,         0,   0.000,decoder_by_matrix,beec9fd12293a9cfe53c9b61fb8ce2a525e4eed38fa75d132d6dc64699336876,"{""distance"":3,""physical_error_rate"":0.0001}","{""detectors_checked"":270}"
         5,         0,         0,   0.000,decoder_by_matrix,beec9fd12293a9cfe53c9b61fb8ce2a525e4eed38fa75d132d6dc64699336876,"{""distance"":3,""physical_error_rate"":0.0001}","{""detectors_checked"":270}"
         5,         0,         0,   0.000,decoder_by_matrix,beec9fd12293a9cfe53c9b61fb8ce2a525e4eed38fa75d132d6dc64699336876,"{""distance"":3,""physical_error_rate"":0.0001}","{""detectors_checked"":270}"
         5,         0,         0,   0.000,decoder_by_matrix,beec9fd12293a9cfe53c9b61fb8ce2a525e4eed38fa75d132d6dc64699336876,"{""distance"":3,""physical_error_rate"":0.0001}","{""detectors_checked"":270}"
         5,         0,         0,   0.000,decoder_by_matrix,beec9fd12293a9cfe53c9b61fb8ce2a525e4eed38fa75d132d6dc64699336876,"{""distance"":3,""physical_error_rate"":0.0001}","{""detectors_checked"":270}"
         5,         0,         0,   0.000,decoder_by_matrix,beec9fd12293a9cfe53c9b61fb8ce2a525e4eed38fa75d132d6dc64699336876,"{""distance"":3,""physical_error_rate"":0.0001}","{""detectors_checked"":270}"
         6,         0,         0,   0.000,decoder_by_matrix,beec9fd12293a9cfe53c9b61fb8ce2a525e4eed38fa75d132d6dc64699336876,"{""distance"":3,""physical_error_rate"":0.0001}","{""detectors_checked"":324}"
         4,         0,         0,   0.000,decoder_by_matrix,beec9fd12293a9cfe53c9b61fb8ce2a525e4eed38fa75d132d6dc64699336876,"{""distance"":3,""physical_error_rate"":0.0001}","{""detectors_checked"":216}"
         3,         0,         0,   0.000,decoder_by_matrix,beec9fd12293a9cfe53c9b61fb8ce2a525e4eed38fa75d132d6dc64699336876,"{""distance"":3,""physical_error_rate"":0.0001}","{""detectors_checked"":162}"
         2,         0,         0,   0.000,decoder_by_matrix,beec9fd12293a9cfe53c9b61fb8ce2a525e4eed38fa75d132d6dc64699336876,"{""distance"":3,""physical_error_rate"":0.0001}","{""detectors_checked"":108}"
        15,         0,         0,   0.000,decoder_by_matrix,beec9fd12293a9cfe53c9b61fb8ce2a525e4eed38fa75d132d6dc64699336876,"{""distance"":3,""physical_error_rate"":0.0001}","{""detectors_checked"":810}"
         1,         0,         0,   0.000,decoder_by_matrix,beec9fd12293a9cfe53c9b61fb8ce2a525e4eed38fa75d132d6dc64699336876,"{""distance"":3,""physical_error_rate"":0.0001}","{""detectors_checked"":54}"
        18,         0,         0,   0.000,decoder_by_matrix,beec9fd12293a9cfe53c9b61fb8ce2a525e4eed38fa75d132d6dc64699336876,"{""distance"":3,""physical_error_rate"":0.0001}","{""detectors_checked"":972}"
         3,         0,         0,   0.000,decoder_by_matrix,beec9fd12293a9cfe53c9b61fb8ce2a525e4eed38fa75d132d6dc64699336876,"{""distance"":3,""physical_error_rate"":0.0001}","{""detectors_checked"":162}"
         1,         0,         0,   0.000,decoder_by_matrix,beec9fd12293a9cfe53c9b61fb8ce2a525e4eed38fa75d132d6dc64699336876,"{""distance"":3,""physical_error_rate"":0.0001}","{""detectors_checked"":54}"
        87,         0,         0,   0.000,decoder_by_matrix,beec9fd12293a9cfe53c9b61fb8ce2a525e4eed38fa75d132d6dc64699336876,"{""distance"":3,""physical_error_rate"":0.0001}","{""detectors_checked"":4698}"
         1,         0,         0,   0.000,decoder_by_matrix,beec9fd12293a9cfe53c9b61fb8ce2a525e4eed38fa75d132d6dc64699336876,"{""distance"":3,""physical_error_rate"":0.0001}","{""detectors_checked"":54}"
         1,         0,         0,   0.000,decoder_by_matrix,beec9fd12293a9cfe53c9b61fb8ce2a525e4eed38fa75d132d6dc64699336876,"{""distance"":3,""physical_error_rate"":0.0001}","{""detectors_checked"":54}"
         1,         0,         0,   0.000,decoder_by_matrix,beec9fd12293a9cfe53c9b61fb8ce2a525e4eed38fa75d132d6dc64699336876,"{""distance"":3,""physical_error_rate"":0.0001}","{""detectors_checked"":54}"
         1,         0,         0,   0.000,decoder_by_matrix,beec9fd12293a9cfe53c9b61fb8ce2a525e4eed38fa75d132d6dc64699336876,"{""distance"":3,""physical_error_rate"":0.0001}","{""detectors_checked"":54}"
         1,         0,         0,   0.000,decoder_by_matrix,beec9fd12293a9cfe53c9b61fb8ce2a525e4eed38fa75d132d6dc64699336876,"{""distance"":3,""physical_error_rate"":0.0001}","{""detectors_checked"":54}"
         1,         0,         0,   0.000,decoder_by_matrix,beec9fd12293a9cfe53c9b61fb8ce2a525e4eed38fa75d132d6dc64699336876,"{""distance"":3,""physical_error_rate"":0.0001}","{""detectors_checked"":54}"
         1,         0,         0,   0.000,decoder_by_matrix,beec9fd12293a9cfe53c9b61fb8ce2a525e4eed38fa75d132d6dc64699336876,"{""distance"":3,""physical_error_rate"":0.0001}","{""detectors_checked"":54}"
         1,         0,         0,   0.000,decoder_by_matrix,beec9fd12293a9cfe53c9b61fb8ce2a525e4eed38fa75d132d6dc64699336876,"{""distance"":3,""physical_error_rate"":0.0001}","{""detectors_checked"":54}"
         1,         0,         0,   0.000,decoder_by_matrix,beec9fd12293a9cfe53c9b61fb8ce2a525e4eed38fa75d132d6dc64699336876,"{""distance"":3,""physical_error_rate"":0.0001}","{""detectors_checked"":54}"
         1,         0,         0,   0.000,decoder_by_matrix,beec9fd12293a9cfe53c9b61fb8ce2a525e4eed38fa75d132d6dc64699336876,"{""distance"":3,""physical_error_rate"":0.0001}","{""detectors_checked"":54}"
         1,         0,         0,   0.000,decoder_by_matrix,beec9fd12293a9cfe53c9b61fb8ce2a525e4eed38fa75d132d6dc64699336876,"{""distance"":3,""physical_error_rate"":0.0001}","{""detectors_checked"":54}"
