     shots,    errors,  discards, seconds,decoder,strong_id,json_metadata,custom_counts
         1,         0,         0,   0.010,decoder_by_matrix,dc80d1b5cd4a369885d36fbbadd410646ee6a9cd91075667cd6e1b71d0442655,"{""distance"":3,""physical_error_rate"":0.01}","{""detectors_checked"":54}"
         1,         0,         0,   0.015,decoder_by_matrix,e9839e3017c9ef118c4b8aeafef39e78c11ecbdb89764e9ca676a7dc2fb6d062,"{""distance"":3,""physical_error_rate"":1e-06}","{""detectors_checked"":54}"
         1,         0,         0,   0.019,decoder_by_matrix,f854eed952f7ffb52e4f578393718ba880ba0930c78fe51d50828fe06a713055,"{""distance"":3,""physical_error_rate"":0.001}","{""detectors_checked"":54}"
         1,         0,         0,   0.021,decoder_by_matrix,dc80d1b5cd4a369885d36fbbadd410646ee6a9cd91075667cd6e1b71d0442655,"{""distance"":3,""physical_error_rate"":0.01}","{""detectors_checked"":54}"
         1,         0,         0,   0.026,decoder_by_matrix,bf84ffc61868c0acf247eb3d31d6d1ff07feed51ae0b0770ddaf58683dcdd22c,"{""distance"":3,""physical_error_rate"":0.005}","{""detectors_checked"":54}"
         1,         0,         0,   0.030,decoder_by_matrix,f854eed952f7ffb52e4f578393718ba880ba0930c78fe51d50828fe06a713055,"{""distance"":3,""physical_error_rate"":0.001}","{""detectors_checked"":54}"
         1,         0,         0,   0.036,decoder_by_matrix,36e3cd26fed5ec7649ec51fb08c1a5e7d7f30e615782d954fee045c18a4962ca,"{""distance"":3,""physical_error_rate"":5e-05}","{""detectors_checked"":54}"
         1,         0,         0,   0.040,decoder_by_matrix,beec9fd12293a9cfe53c9b61fb8ce2a525e4eed38fa75d132d6dc64699336876,"{""distance"":3,""physical_error_rate"":0.0001}","{""detectors_checked"":54}"
         1,         0,         0,   0.041,decoder_by_matrix,e25b8d07214a8afb95d354611a83b9bb1ded39644e323a8585b3aabf687a4fff,"{""distance"":3,""physical_error_rate"":1e-05}","{""detectors_checked"":54}"
         1,         0,         0,   0.044,decoder_by_matrix,5c8c81bfec719079c388cedc47a351f264c1bf769ae28a89f9b4fc7719fea501,"{""distance"":3,""physical_error_rate"":0.0005}","{""detectors_checked"":54}"
         1,         0,         0,   0.048,decoder_by_matrix,bf84ffc61868c0acf247eb3d31d6d1ff07feed51ae0b0770ddaf58683dcdd22c,"{""distance"":3,""physical_error_rate"":0.005}","{""detectors_checked"":54}"
         1,         0,         0,   0.057,decoder_by_matrix,560c721f87db01d4cacf7dcb7d8812fecde61e9e7776d4b9e1b1a792578ecad7,"{""distance"":3,""physical_error_rate"":5e-06}","{""detectors_checked"":54}"
         1,         0,         0,   0.060,decoder_by_matrix,5c8c81bfec719079c388cedc47a351f264c1bf769ae28a89f9b4fc7719fea501,"{""distance"":3,""physical_error_rate"":0.0005}","{""detectors_checked"":54}"
      1160,         0,         0,   0.021,decoder_by_matrix,beec9fd12293a9cfe53c9b61fb8ce2a525e4eed38fa75d132d6dc64699336876,"{""distance"":3,""physical_error_rate"":0.0001}","{""detection_events"":36,""detectors_checked"":62640}"
      8328,         0,         0,   0.015,decoder_by_matrix,560c721f87db01d4cacf7dcb7d8812fecde61e9e7776d4b9e1b1a792578ecad7,"{""distance"":3,""physical_error_rate"":5e-06}","{""detection_events"":3,""detectors_checked"":449712}"
      1296,         7,         0,   0.061,decoder_by_matrix,dc80d1b5cd4a369885d36fbbadd410646ee6a9cd91075667cd6e1b71d0442655,"{""distance"":3,""physical_error_rate"":0.01}","{""detection_events"":1698,""detectors_checked"":69984,""obs_mistake_mask=E"":7}"
      2320,         0,         0,   0.127,decoder_by_matrix,f854eed952f7ffb52e4f578393718ba880ba0930c78fe51d50828fe06a713055,"{""distance"":3,""physical_error_rate"":0.001}","{""detection_events"":378,""detectors_checked"":125280}"
      4368,         0,         0,   0.135,decoder_by_matrix,e9839e3017c9ef118c4b8aeafef39e78c11ecbdb89764e9ca676a7dc2fb6d062,"{""distance"":3,""physical_error_rate"":1e-06}","{""detection_events"":12,""detectors_checked"":235872}"
      3344,         0,         0,   0.127,decoder_by_matrix,f854eed952f7ffb52e4f578393718ba880ba0930c78fe51d50828fe06a713055,"{""distance"":3,""physical_error_rate"":0.001}","{""detection_events"":534,""detectors_checked"":180576}"
      3208,         0,         0,   0.117,decoder_by_matrix,5c8c81bfec719079c388cedc47a351f264c1bf769ae28a89f9b4fc7719fea501,"{""distance"":3,""physical_error_rate"":0.0005}","{""detection_events"":210,""detectors_checked"":173232}"
      2320,        17,         0,   0.145,decoder_by_matrix,dc80d1b5cd4a369885d36fbbadd410646ee6a9cd91075667cd6e1b71d0442655,"{""distance"":3,""physical_error_rate"":0.01}","{""detection_events"":3189,""detectors_checked"":125280,""obs_mistake_mask=E"":17}"
      3344,         0,         0,   0.136,decoder_by_matrix,36e3cd26fed5ec7649ec51fb08c1a5e7d7f30e615782d954fee045c18a4962ca,"{""distance"":3,""physical_error_rate"":5e-05}","{""detection_events"":27,""detectors_checked"":180576}"
      7304,         0,         0,   0.137,decoder_by_matrix,e25b8d07214a8afb95d354611a83b9bb1ded39644e323a8585b3aabf687a4fff,"{""distance"":3,""physical_error_rate"":1e-05}","{""detection_events"":6,""detectors_checked"":394416}"
      3208,         0,         0,   0.127,decoder_by_matrix,5c8c81bfec719079c388cedc47a351f264c1bf769ae28a89f9b4fc7719fea501,"{""distance"":3,""physical_error_rate"":0.0005}","{""detection_events"":321,""detectors_checked"":173232}"
      2320,         5,         0,   0.161,decoder_by_matrix,bf84ffc61868c0acf247eb3d31d6d1ff07feed51ae0b0770ddaf58683dcdd22c,"{""distance"":3,""physical_error_rate"":0.005}","{""detection_events"":1482,""detectors_checked"":125280,""obs_mistake_mask=E"":5}"
      2184,         1,         0,   0.144,decoder_by_matrix,bf84ffc61868c0acf247eb3d31d6d1ff07feed51ae0b0770ddaf58683dcdd22c,"{""distance"":3,""physical_error_rate"":0.005}","{""detection_events"":1605,""detectors_checked"":117936,""obs_mistake_mask=E"":1}"
      3072,         0,         0,   0.142,decoder_by_matrix,beec9fd12293a9cfe53c9b61fb8ce2a525e4eed38fa75d132d6dc64699336876,"{""distance"":3,""physical_error_rate"":0.0001}","{""detection_events"":24,""detectors_checked"":165888}"
      3072,         0,         0,   0.150,decoder_by_matrix,560c721f87db01d4cacf7dcb7d8812fecde61e9e7776d4b9e1b1a792578ecad7,"{""distance"":3,""physical_error_rate"":5e-06}","{""detectors_checked"":165888}"
      2048,        16,         0,   0.155,decoder_by_matrix,dc80d1b5cd4a369885d36fbbadd410646ee6a9cd91075667cd6e1b71d0442655,"{""distance"":3,""physical_error_rate"":0.01}","{""detection_events"":2448,""detectors_checked"":110592,""obs_mistake_mask=E"":16}"
      3072,         0,         0,   0.125,decoder_by_matrix,f854eed952f7ffb52e4f578393718ba880ba0930c78fe51d50828fe06a713055,"{""distance"":3,""physical_error_rate"":0.001}","{""detection_events"":405,""detectors_checked"":165888}"
      2048,         0,         0,   0.120,decoder_by_matrix,f854eed952f7ffb52e4f578393718ba880ba0930c78fe51d50828fe06a713055,"{""distance"":3,""physical_error_rate"":0.001}","{""detection_events"":228,""detectors_checked"":110592}"
      2048,        15,         0,   0.115,decoder_by_matrix,dc80d1b5cd4a369885d36fbbadd410646ee6a9cd91075667cd6e1b71d0442655,"{""distance"":3,""physical_error_rate"":0.01}","{""detection_events"":2841,""detectors_checked"":110592,""obs_mistake_mask=E"":15}"
      4096,         0,         0,   0.110,decoder_by_matrix,e25b8d07214a8afb95d354611a83b9bb1ded39644e323a8585b3aabf687a4fff,"{""distance"":3,""physical_error_rate"":1e-05}","{""detection_events"":24,""detectors_checked"":221184}"
      2048,         4,         0,   0.103,decoder_by_matrix,bf84ffc61868c0acf247eb3d31d6d1ff07feed51ae0b0770ddaf58683dcdd22c,"{""distance"":3,""physical_error_rate"":0.005}","{""detection_events"":1479,""detectors_checked"":110592,""obs_mistake_mask=E"":4}"
     12288,         0,         0,   0.187,decoder_by_matrix,e9839e3017c9ef118c4b8aeafef39e78c11ecbdb89764e9ca676a7dc2fb6d062,"{""distance"":3,""physical_error_rate"":1e-06}","{""detectors_checked"":663552}"
      4096,         0,         0,   0.181,decoder_by_matrix,5c8c81bfec719079c388cedc47a351f264c1bf769ae28a89f9b4fc7719fea501,"{""distance"":3,""physical_error_rate"":0.0005}","{""detection_events"":315,""detectors_checked"":221184}"
      5120,         0,         0,   0.178,decoder_by_matrix,36e3cd26fed5ec7649ec51fb08c1a5e7d7f30e615782d954fee045c18a4962ca,"{""distance"":3,""physical_error_rate"":5e-05}","{""detection_events"":42,""detectors_checked"":276480}"
      4096,        11,         0,   0.162,decoder_by_matrix,bf84ffc61868c0acf247eb3d31d6d1ff07feed51ae0b0770ddaf58683dcdd22c,"{""distance"":3,""physical_error_rate"":0.005}","{""detection_events"":3102,""detectors_checked"":221184,""obs_mistake_mask=E"":11}"
      5120,         0,         0,   0.141,decoder_by_matrix,560c721f87db01d4cacf7dcb7d8812fecde61e9e7776d4b9e1b1a792578ecad7,"{""distance"":3,""physical_error_rate"":5e-06}","{""detection_events"":15,""detectors_checked"":276480}"
      5120,         0,         0,   0.182,decoder_by_matrix,5c8c81bfec719079c388cedc47a351f264c1bf769ae28a89f9b4fc7719fea501,"{""distance"":3,""physical_error_rate"":0.0005}","{""detection_events"":306,""detectors_checked"":276480}"
      5120,         0,         0,   0.167,decoder_by_matrix,beec9fd12293a9cfe53c9b61fb8ce2a525e4eed38fa75d132d6dc64699336876,"{""distance"":3,""physical_error_rate"":0.0001}","{""detection_events"":114,""detectors_checked"":276480}"
      2048,        11,         0,   0.145,decoder_by_matrix,dc80d1b5cd4a369885d36fbbadd410646ee6a9cd91075667cd6e1b71d0442655,"{""distance"":3,""physical_error_rate"":0.01}","{""detection_events"":2835,""detectors_checked"":110592,""obs_mistake_mask=E"":11}"
      3072,         0,         0,   0.122,decoder_by_matrix,f854eed952f7ffb52e4f578393718ba880ba0930c78fe51d50828fe06a713055,"{""distance"":3,""physical_error_rate"":0.001}","{""detection_events"":453,""detectors_checked"":165888}"
      7168,         0,         0,   0.115,decoder_by_matrix,e25b8d07214a8afb95d354611a83b9bb1ded39644e323a8585b3aabf687a4fff,"{""distance"":3,""physical_error_rate"":1e-05}","{""detectors_checked"":387072}"
      4096,         0,         0,   0.186,decoder_by_matrix,f854eed952f7ffb52e4f578393718ba880ba0930c78fe51d50828fe06a713055,"{""distance"":3,""physical_error_rate"":0.001}","{""detection_events"":546,""detectors_checked"":221184}"
      8192,         0,         0,   0.124,decoder_by_matrix,e9839e3017c9ef118c4b8aeafef39e78c11ecbdb89764e9ca676a7dc2fb6d062,"{""distance"":3,""physical_error_rate"":1e-06}","{""detectors_checked"":442368}"
      3072,        14,         0,   0.185,decoder_by_matrix,dc80d1b5cd4a369885d36fbbadd410646ee6a9cd91075667cd6e1b71d0442655,"{""distance"":3,""physical_error_rate"":0.01}","{""detection_events"":3834,""detectors_checked"":165888,""obs_mistake_mask=E"":14}"
      4096,         0,         0,   0.122,decoder_by_matrix,36e3cd26fed5ec7649ec51fb08c1a5e7d7f30e615782d954fee045c18a4962ca,"{""distance"":3,""physical_error_rate"":5e-05}","{""detection_events"":30,""detectors_checked"":221184}"
      7168,         0,         0,   0.130,decoder_by_matrix,560c721f87db01d4cacf7dcb7d8812fecde61e9e7776d4b9e1b1a792578ecad7,"{""distance"":3,""physical_error_rate"":5e-06}","{""detectors_checked"":387072}"
      5120,         6,         0,   0.203,decoder_by_matrix,bf84ffc61868c0acf247eb3d31d6d1ff07feed51ae0b0770ddaf58683dcdd22c,"{""distance"":3,""physical_error_rate"":0.005}","{""detection_events"":3429,""detectors_checked"":276480,""obs_mistake_mask=E"":6}"
      3072,         0,         0,   0.129,decoder_by_matrix,beec9fd12293a9cfe53c9b61fb8ce2a525e4eed38fa75d132d6dc64699336876,"{""distance"":3,""physical_error_rate"":0.0001}","{""detection_events"":81,""detectors_checked"":165888}"
      3072,         0,         0,   0.126,decoder_by_matrix,f854eed952f7ffb52e4f578393718ba880ba0930c78fe51d50828fe06a713055,"{""distance"":3,""physical_error_rate"":0.001}","{""detection_events"":300,""detectors_checked"":165888}"
      4096,         0,         0,   0.186,decoder_by_matrix,5c8c81bfec719079c388cedc47a351f264c1bf769ae28a89f9b4fc7719fea501,"{""distance"":3,""physical_error_rate"":0.0005}","{""detection_events"":360,""detectors_checked"":221184}"
      3072,         4,         0,   0.180,decoder_by_matrix,bf84ffc61868c0acf247eb3d31d6d1ff07feed51ae0b0770ddaf58683dcdd22c,"{""distance"":3,""physical_error_rate"":0.005}","{""detection_events"":2058,""detectors_checked"":165888,""obs_mistake_mask=E"":4}"
      3072,         1,         0,   0.111,decoder_by_matrix,f854eed952f7ffb52e4f578393718ba880ba0930c78fe51d50828fe06a713055,"{""distance"":3,""physical_error_rate"":0.001}","{""detection_events"":417,""detectors_checked"":165888,""obs_mistake_mask=E"":1}"
      8192,         0,         0,   0.108,decoder_by_matrix,e9839e3017c9ef118c4b8aeafef39e78c11ecbdb89764e9ca676a7dc2fb6d062,"{""distance"":3,""physical_error_rate"":1e-06}","{""detectors_checked"":442368}"
      1024,         5,         0,   0.103,decoder_by_matrix,dc80d1b5cd4a369885d36fbbadd410646ee6a9cd91075667cd6e1b71d0442655,"{""distance"":3,""physical_error_rate"":0.01}","{""detection_events"":1458,""detectors_checked"":55296,""obs_mistake_mask=E"":5}"
      3072,         0,         0,   0.101,decoder_by_matrix,36e3cd26fed5ec7649ec51fb08c1a5e7d7f30e615782d954fee045c18a4962ca,"{""distance"":3,""physical_error_rate"":5e-05}","{""detection_events"":36,""detectors_checked"":165888}"
      9216,         0,         0,   0.171,decoder_by_matrix,e25b8d07214a8afb95d354611a83b9bb1ded39644e323a8585b3aabf687a4fff,"{""distance"":3,""physical_error_rate"":1e-05}","{""detection_events"":15,""detectors_checked"":497664}"
      8192,         0,         0,   0.091,decoder_by_matrix,560c721f87db01d4cacf7dcb7d8812fecde61e9e7776d4b9e1b1a792578ecad7,"{""distance"":3,""physical_error_rate"":5e-06}","{""detectors_checked"":442368}"
      3072,         0,         0,   0.084,decoder_by_matrix,beec9fd12293a9cfe53c9b61fb8ce2a525e4eed38fa75d132d6dc64699336876,"{""distance"":3,""physical_error_rate"":0.0001}","{""detection_events"":30,""detectors_checked"":165888}"
      2048,         1,         0,   0.062,decoder_by_matrix,f854eed952f7ffb52e4f578393718ba880ba0930c78fe51d50828fe06a713055,"{""distance"":3,""physical_error_rate"":0.001}","{""detection_events"":378,""detectors_checked"":110592,""obs_mistake_mask=E"":1}"
      4096,         0,         0,   0.185,decoder_by_matrix,5c8c81bfec719079c388cedc47a351f264c1bf769ae28a89f9b4fc7719fea501,"{""distance"":3,""physical_error_rate"":0.0005}","{""detection_events"":288,""detectors_checked"":221184}"
      1024,         0,         0,   0.001,decoder_by_matrix,5c8c81bfec719079c388cedc47a351f264c1bf769ae28a89f9b4fc7719fea501,"{""distance"":3,""physical_error_rate"":0.0005}","{""detection_events"":93,""detectors_checked"":55296}"
      3072,        22,         0,   0.179,decoder_by_matrix,dc80d1b5cd4a369885d36fbbadd410646ee6a9cd91075667cd6e1b71d0442655,"{""distance"":3,""physical_error_rate"":0.01}","{""detection_events"":4254,""detectors_checked"":165888,""obs_mistake_mask=E"":22}"
      1024,         4,         0,   0.002,decoder_by_matrix,dc80d1b5cd4a369885d36fbbadd410646ee6a9cd91075667cd6e1b71d0442655,"{""distance"":3,""physical_error_rate"":0.01}","{""detection_events"":1374,""detectors_checked"":55296,""obs_mistake_mask=E"":4}"
      2048,         6,         0,   0.087,decoder_by_matrix,bf84ffc61868c0acf247eb3d31d6d1ff07feed51ae0b0770ddaf58683dcdd22c,"{""distance"":3,""physical_error_rate"":0.005}","{""detection_events"":1395,""detectors_checked"":110592,""obs_mistake_mask=E"":6}"
      1024,         3,         0,   0.002,decoder_by_matrix,bf84ffc61868c0acf247eb3d31d6d1ff07feed51ae0b0770ddaf58683dcdd22c,"{""distance"":3,""physical_error_rate"":0.005}","{""detection_events"":717,""detectors_checked"":55296,""obs_mistake_mask=E"":3}"
      3072,         0,         0,   0.060,decoder_by_matrix,5c8c81bfec719079c388cedc47a351f264c1bf769ae28a89f9b4fc7719fea501,"{""distance"":3,""physical_error_rate"":0.0005}","{""detection_events"":228,""detectors_checked"":165888}"
      1024,         0,         0,   0.001,decoder_by_matrix,5c8c81bfec719079c388cedc47a351f264c1bf769ae28a89f9b4fc7719fea501,"{""distance"":3,""physical_error_rate"":0.0005}","{""detection_events"":45,""detectors_checked"":55296}"
      2048,         3,         0,   0.056,decoder_by_matrix,bf84ffc61868c0acf247eb3d31d6d1ff07feed51ae0b0770ddaf58683dcdd22c,"{""distance"":3,""physical_error_rate"":0.005}","{""detection_events"":1617,""detectors_checked"":110592,""obs_mistake_mask=E"":3}"
      1024,         2,         0,   0.002,decoder_by_matrix,bf84ffc61868c0acf247eb3d31d6d1ff07feed51ae0b0770ddaf58683dcdd22c,"{""distance"":3,""physical_error_rate"":0.005}","{""detection_events"":660,""detectors_checked"":55296,""obs_mistake_mask=E"":2}"
         1,         0,         0,   0.061,decoder_by_matrix,5c8c81bfec719079c388cedc47a351f264c1bf769ae28a89f9b4fc7719fea501,"{""distance"":3,""physical_error_rate"":0.0005}","{""detectors_checked"":54}"
         1,         0,         0,   0.035,decoder_by_matrix,beec9fd12293a9cfe53c9b61fb8ce2a525e4eed38fa75d132d6dc64699336876,"{""distance"":3,""physical_error_rate"":0.0001}","{""detectors_checked"":54}"
         1,         0,         0,   0.024,decoder_by_matrix,5c8c81bfec719079c388cedc47a351f264c1bf769ae28a89f9b4fc7719fea501,"{""distance"":3,""physical_error_rate"":0.0005}","{""detectors_checked"":54}"
         1,         0,         0,   0.072,decoder_by_matrix,e9839e3017c9ef118c4b8aeafef39e78c11ecbdb89764e9ca676a7dc2fb6d062,"{""distance"":3,""physical_error_rate"":1e-06}","{""detectors_checked"":54}"
         1,         0,         0,   0.048,decoder_by_matrix,560c721f87db01d4cacf7dcb7d8812fecde61e9e7776d4b9e1b1a792578ecad7,"{""distance"":3,""physical_error_rate"":5e-06}","{""detectors_checked"":54}"
         1,         0,         0,   0.048,decoder_by_matrix,f854eed952f7ffb52e4f578393718ba880ba0930c78fe51d50828fe06a713055,"{""distance"":3,""physical_error_rate"":0.001}","{""detectors_checked"":54}"
         1,         0,         0,   0.082,decoder_by_matrix,dc80d1b5cd4a369885d36fbbadd410646ee6a9cd91075667cd6e1b71d0442655,"{""distance"":3,""physical_error_rate"":0.01}","{""detectors_checked"":54}"
         1,         0,         0,   0.130,decoder_by_matrix,e25b8d07214a8afb95d354611a83b9bb1ded39644e323a8585b3aabf687a4fff,"{""distance"":3,""physical_error_rate"":1e-05}","{""detectors_checked"":54}"
         1,         0,         0,   0.056,decoder_by_matrix,beec9fd12293a9cfe53c9b61fb8ce2a525e4eed38fa75d132d6dc64699336876,"{""distance"":3,""physical_error_rate"":0.0001}","{""detectors_checked"":54}"
      1296,         0,         0,   0.023,decoder_by_matrix,5c8c81bfec719079c388cedc47a351f264c1bf769ae28a89f9b4fc7719fea501,"{""distance"":3,""physical_error_rate"":0.0005}","{""detection_events"":90,""detectors_checked"":69984}"
         1,         0,         0,   0.060,decoder_by_matrix,e25b8d07214a8afb95d354611a83b9bb1ded39644e323a8585b3aabf687a4fff,"{""distance"":3,""physical_error_rate"":1e-05}","{""detectors_checked"":54}"
         1,         0,         0,   0.100,decoder_by_matrix,dc80d1b5cd4a369885d36fbbadd410646ee6a9cd91075667cd6e1b71d0442655,"{""distance"":3,""physical_error_rate"":0.01}","{""detectors_checked"":54}"
         1,         0,         0,   0.102,decoder_by_matrix,e9839e3017c9ef118c4b8aeafef39e78c11ecbdb89764e9ca676a7dc2fb6d062,"{""distance"":3,""physical_error_rate"":1e-06}","{""detectors_checked"":54}"
         1,         0,         0,   0.055,decoder_by_matrix,f854eed952f7ffb52e4f578393718ba880ba0930c78fe51d50828fe06a713055,"{""distance"":3,""physical_error_rate"":0.001}","{""detectors_checked"":54}"
         1,         0,         0,   0.059,decoder_by_matrix,36e3cd26fed5ec7649ec51fb08c1a5e7d7f30e615782d954fee045c18a4962ca,"{""distance"":3,""physical_error_rate"":5e-05}","{""detectors_checked"":54}"
         1,         0,         0,   0.060,decoder_by_matrix,bf84ffc61868c0acf247eb3d31d6d1ff07feed51ae0b0770ddaf58683dcdd22c,"{""distance"":3,""physical_error_rate"":0.005}","{""detectors_checked"":54}"
         1,         0,         0,   0.059,decoder_by_matrix,bf84ffc61868c0acf247eb3d31d6d1ff07feed51ae0b0770ddaf58683dcdd22c,"{""distance"":3,""physical_error_rate"":0.005}","{""detectors_checked"":54}"
         4,         0,         0,   0.000,decoder_by_matrix,dc80d1b5cd4a369885d36fbbadd410646ee6a9cd91075667cd6e1b71d0442655,"{""distance"":3,""physical_error_rate"":0.01}","{""detection_events"":12,""detectors_checked"":216}"
         1,         0,         0,   0.106,decoder_by_matrix,560c721f87db01d4cacf7dcb7d8812fecde61e9e7776d4b9e1b1a792578ecad7,"{""distance"":3,""physical_error_rate"":5e-06}","{""detectors_checked"":54}"
      9216,         0,         0,   0.120,decoder_by_matrix,e9839e3017c9ef118c4b8aeafef39e78c11ecbdb89764e9ca676a7dc2fb6d062,"{""distance"":3,""physical_error_rate"":1e-06}","{""detectors_checked"":497664}"
         1,         0,         0,   0.038,decoder_by_matrix,36e3cd26fed5ec7649ec51fb08c1a5e7d7f30e615782d954fee045c18a4962ca,"{""distance"":3,""physical_error_rate"":5e-05}","{""detectors_checked"":54}"
      1092,         6,         0,   0.032,decoder_by_matrix,dc80d1b5cd4a369885d36fbbadd410646ee6a9cd91075667cd6e1b71d0442655,"{""distance"":3,""physical_error_rate"":0.01}","{""detection_events"":1563,""detectors_checked"":58968,""obs_mistake_mask=E"":6}"
      2048,        10,         0,   0.126,decoder_by_matrix,dc80d1b5cd4a369885d36fbbadd410646ee6a9cd91075667cd6e1b71d0442655,"{""distance"":3,""physical_error_rate"":0.01}","{""detection_events"":2739,""detectors_checked"":110592,""obs_mistake_mask=E"":10}"
      1024,         8,         0,   0.099,decoder_by_matrix,dc80d1b5cd4a369885d36fbbadd410646ee6a9cd91075667cd6e1b71d0442655,"{""distance"":3,""physical_error_rate"":0.01}","{""detection_events"":1461,""detectors_checked"":55296,""obs_mistake_mask=E"":8}"
      3072,         0,         0,   0.142,decoder_by_matrix,f854eed952f7ffb52e4f578393718ba880ba0930c78fe51d50828fe06a713055,"{""distance"":3,""physical_error_rate"":0.001}","{""detection_events"":450,""detectors_checked"":165888}"
      4096,         0,         0,   0.134,decoder_by_matrix,36e3cd26fed5ec7649ec51fb08c1a5e7d7f30e615782d954fee045c18a4962ca,"{""distance"":3,""physical_error_rate"":5e-05}","{""detection_events"":12,""detectors_checked"":221184}"
      1024,         0,         0,   0.099,decoder_by_matrix,5c8c81bfec719079c388cedc47a351f264c1bf769ae28a89f9b4fc7719fea501,"{""distance"":3,""physical_error_rate"":0.0005}","{""detection_events"":105,""detectors_checked"":55296}"
      1160,         0,         0,   0.023,decoder_by_matrix,36e3cd26fed5ec7649ec51fb08c1a5e7d7f30e615782d954fee045c18a4962ca,"{""distance"":3,""physical_error_rate"":5e-05}","{""detectors_checked"":62640}"
      1160,         4,         0,   0.039,decoder_by_matrix,bf84ffc61868c0acf247eb3d31d6d1ff07feed51ae0b0770ddaf58683dcdd22c,"{""distance"":3,""physical_error_rate"":0.005}","{""detection_events"":906,""detectors_checked"":62640,""obs_mistake_mask=E"":4}"
      7168,         0,         0,   0.141,decoder_by_matrix,560c721f87db01d4cacf7dcb7d8812fecde61e9e7776d4b9e1b1a792578ecad7,"{""distance"":3,""physical_error_rate"":5e-06}","{""detection_events"":6,""detectors_checked"":387072}"
      4096,         0,         0,   0.135,decoder_by_matrix,beec9fd12293a9cfe53c9b61fb8ce2a525e4eed38fa75d132d6dc64699336876,"{""distance"":3,""physical_error_rate"":0.0001}","{""detection_events"":63,""detectors_checked"":221184}"
      4096,         0,         0,   0.128,decoder_by_matrix,5c8c81bfec719079c388cedc47a351f264c1bf769ae28a89f9b4fc7719fea501,"{""distance"":3,""physical_error_rate"":0.0005}","{""detection_events"":342,""detectors_checked"":221184}"
      2116,         0,         0,   0.054,decoder_by_matrix,560c721f87db01d4cacf7dcb7d8812fecde61e9e7776d4b9e1b1a792578ecad7,"{""distance"":3,""physical_error_rate"":5e-06}","{""detection_events"":3,""detectors_checked"":114264}"
      2184,         0,         0,   0.102,decoder_by_matrix,f854eed952f7ffb52e4f578393718ba880ba0930c78fe51d50828fe06a713055,"{""distance"":3,""physical_error_rate"":0.001}","{""detection_events"":336,""detectors_checked"":117936}"
      7168,         0,         0,   0.171,decoder_by_matrix,e25b8d07214a8afb95d354611a83b9bb1ded39644e323a8585b3aabf687a4fff,"{""distance"":3,""physical_error_rate"":1e-05}","{""detection_events"":15,""detectors_checked"":387072}"
      2048,         6,         0,   0.146,decoder_by_matrix,bf84ffc61868c0acf247eb3d31d6d1ff07feed51ae0b0770ddaf58683dcdd22c,"{""distance"":3,""physical_error_rate"":0.005}","{""detection_events"":1506,""detectors_checked"":110592,""obs_mistake_mask=E"":6}"
      3072,         0,         0,   0.165,decoder_by_matrix,f854eed952f7ffb52e4f578393718ba880ba0930c78fe51d50828fe06a713055,"{""distance"":3,""physical_error_rate"":0.001}","{""detection_events"":336,""detectors_checked"":165888}"
      2048,         4,         0,   0.146,decoder_by_matrix,bf84ffc61868c0acf247eb3d31d6d1ff07feed51ae0b0770ddaf58683dcdd22c,"{""distance"":3,""physical_error_rate"":0.005}","{""detection_events"":1578,""detectors_checked"":110592,""obs_mistake_mask=E"":4}"
      7304,         0,         0,   0.135,decoder_by_matrix,e9839e3017c9ef118c4b8aeafef39e78c11ecbdb89764e9ca676a7dc2fb6d062,"{""distance"":3,""physical_error_rate"":1e-06}","{""detectors_checked"":394416}"
      5188,         0,         0,   0.127,decoder_by_matrix,e25b8d07214a8afb95d354611a83b9bb1ded39644e323a8585b3aabf687a4fff,"{""distance"":3,""physical_error_rate"":1e-05}","{""detection_events"":9,""detectors_checked"":280152}"
      3208,         0,         0,   0.153,decoder_by_matrix,5c8c81bfec719079c388cedc47a351f264c1bf769ae28a89f9b4fc7719fea501,"{""distance"":3,""physical_error_rate"":0.0005}","{""detection_events"":216,""detectors_checked"":173232}"
      6280,         0,         0,   0.004,decoder_by_matrix,560c721f87db01d4cacf7dcb7d8812fecde61e9e7776d4b9e1b1a792578ecad7,"{""distance"":3,""physical_error_rate"":5e-06}","{""detection_events"":15,""detectors_checked"":339120}"
      3208,         0,         0,   0.136,decoder_by_matrix,beec9fd12293a9cfe53c9b61fb8ce2a525e4eed38fa75d132d6dc64699336876,"{""distance"":3,""physical_error_rate"":0.0001}","{""detection_events"":51,""detectors_checked"":173232}"
      7236,         0,         0,   0.126,decoder_by_matrix,e9839e3017c9ef118c4b8aeafef39e78c11ecbdb89764e9ca676a7dc2fb6d062,"{""distance"":3,""physical_error_rate"":1e-06}","{""detectors_checked"":390744}"
      2048,         0,         0,   0.138,decoder_by_matrix,5c8c81bfec719079c388cedc47a351f264c1bf769ae28a89f9b4fc7719fea501,"{""distance"":3,""physical_error_rate"":0.0005}","{""detection_events"":171,""detectors_checked"":110592}"
         1,         0,         0,   0.101,decoder_by_matrix,beec9fd12293a9cfe53c9b61fb8ce2a525e4eed38fa75d132d6dc64699336876,"{""distance"":3,""physical_error_rate"":0.0001}","{""detectors_checked"":54}"
      5256,         0,         0,   0.130,decoder_by_matrix,36e3cd26fed5ec7649ec51fb08c1a5e7d7f30e615782d954fee045c18a4962ca,"{""distance"":3,""physical_error_rate"":5e-05}","{""detection_events"":27,""detectors_checked"":283824}"
      7304,         0,         0,   0.147,decoder_by_matrix,e25b8d07214a8afb95d354611a83b9bb1ded39644e323a8585b3aabf687a4fff,"{""distance"":3,""physical_error_rate"":1e-05}","{""detectors_checked"":394416}"
      3208,         0,         0,   0.143,decoder_by_matrix,f854eed952f7ffb52e4f578393718ba880ba0930c78fe51d50828fe06a713055,"{""distance"":3,""physical_error_rate"":0.001}","{""detection_events"":444,""detectors_checked"":173232}"
      2184,         1,         0,   0.138,decoder_by_matrix,bf84ffc61868c0acf247eb3d31d6d1ff07feed51ae0b0770ddaf58683dcdd22c,"{""distance"":3,""physical_error_rate"":0.005}","{""detection_events"":1452,""detectors_checked"":117936,""obs_mistake_mask=E"":1}"
      2112,        14,         0,   0.136,decoder_by_matrix,dc80d1b5cd4a369885d36fbbadd410646ee6a9cd91075667cd6e1b71d0442655,"{""distance"":3,""physical_error_rate"":0.01}","{""detection_events"":2910,""detectors_checked"":114048,""obs_mistake_mask=E"":14}"
      3344,         0,         0,   0.193,decoder_by_matrix,beec9fd12293a9cfe53c9b61fb8ce2a525e4eed38fa75d132d6dc64699336876,"{""distance"":3,""physical_error_rate"":0.0001}","{""detection_events"":36,""detectors_checked"":180576}"
     10240,         0,         0,   0.105,decoder_by_matrix,560c721f87db01d4cacf7dcb7d8812fecde61e9e7776d4b9e1b1a792578ecad7,"{""distance"":3,""physical_error_rate"":5e-06}","{""detection_events"":12,""detectors_checked"":552960}"
      7168,         0,         0,   0.140,decoder_by_matrix,e9839e3017c9ef118c4b8aeafef39e78c11ecbdb89764e9ca676a7dc2fb6d062,"{""distance"":3,""physical_error_rate"":1e-06}","{""detectors_checked"":387072}"
      2048,        12,         0,   0.135,decoder_by_matrix,dc80d1b5cd4a369885d36fbbadd410646ee6a9cd91075667cd6e1b71d0442655,"{""distance"":3,""physical_error_rate"":0.01}","{""detection_events"":2880,""detectors_checked"":110592,""obs_mistake_mask=E"":12}"
      1024,         7,         0,   0.142,decoder_by_matrix,dc80d1b5cd4a369885d36fbbadd410646ee6a9cd91075667cd6e1b71d0442655,"{""distance"":3,""physical_error_rate"":0.01}","{""detection_events"":1380,""detectors_checked"":55296,""obs_mistake_mask=E"":7}"
      2048,         9,         0,   0.139,decoder_by_matrix,dc80d1b5cd4a369885d36fbbadd410646ee6a9cd91075667cd6e1b71d0442655,"{""distance"":3,""physical_error_rate"":0.01}","{""detection_events"":2721,""detectors_checked"":110592,""obs_mistake_mask=E"":9}"
      3072,         0,         0,   0.139,decoder_by_matrix,f854eed952f7ffb52e4f578393718ba880ba0930c78fe51d50828fe06a713055,"{""distance"":3,""physical_error_rate"":0.001}","{""detection_events"":354,""detectors_checked"":165888}"
      2048,         0,         0,   0.128,decoder_by_matrix,beec9fd12293a9cfe53c9b61fb8ce2a525e4eed38fa75d132d6dc64699336876,"{""distance"":3,""physical_error_rate"":0.0001}","{""detection_events"":51,""detectors_checked"":110592}"
      6144,         0,         0,   0.147,decoder_by_matrix,36e3cd26fed5ec7649ec51fb08c1a5e7d7f30e615782d954fee045c18a4962ca,"{""distance"":3,""physical_error_rate"":5e-05}","{""detection_events"":15,""detectors_checked"":331776}"
      4096,         0,         0,   0.146,decoder_by_matrix,36e3cd26fed5ec7649ec51fb08c1a5e7d7f30e615782d954fee045c18a4962ca,"{""distance"":3,""physical_error_rate"":5e-05}","{""detection_events"":33,""detectors_checked"":221184}"
      2048,         3,         0,   0.145,decoder_by_matrix,bf84ffc61868c0acf247eb3d31d6d1ff07feed51ae0b0770ddaf58683dcdd22c,"{""distance"":3,""physical_error_rate"":0.005}","{""detection_events"":1656,""detectors_checked"":110592,""obs_mistake_mask=E"":3}"
      2048,         0,         0,   0.140,decoder_by_matrix,5c8c81bfec719079c388cedc47a351f264c1bf769ae28a89f9b4fc7719fea501,"{""distance"":3,""physical_error_rate"":0.0005}","{""detection_events"":111,""detectors_checked"":110592}"
      3072,         0,         0,   0.129,decoder_by_matrix,f854eed952f7ffb52e4f578393718ba880ba0930c78fe51d50828fe06a713055,"{""distance"":3,""physical_error_rate"":0.001}","{""detection_events"":396,""detectors_checked"":165888}"
      4096,         0,         0,   0.164,decoder_by_matrix,5c8c81bfec719079c388cedc47a351f264c1bf769ae28a89f9b4fc7719fea501,"{""distance"":3,""physical_error_rate"":0.0005}","{""detection_events"":180,""detectors_checked"":221184}"
      4096,         0,         0,   0.140,decoder_by_matrix,560c721f87db01d4cacf7dcb7d8812fecde61e9e7776d4b9e1b1a792578ecad7,"{""distance"":3,""physical_error_rate"":5e-06}","{""detection_events"":6,""detectors_checked"":221184}"
      8192,         0,         0,   0.133,decoder_by_matrix,e25b8d07214a8afb95d354611a83b9bb1ded39644e323a8585b3aabf687a4fff,"{""distance"":3,""physical_error_rate"":1e-05}","{""detection_events"":6,""detectors_checked"":442368}"
      2048,         2,         0,   0.132,decoder_by_matrix,bf84ffc61868c0acf247eb3d31d6d1ff07feed51ae0b0770ddaf58683dcdd22c,"{""distance"":3,""physical_error_rate"":0.005}","{""detection_events"":1455,""detectors_checked"":110592,""obs_mistake_mask=E"":2}"
      5188,         0,         0,   0.095,decoder_by_matrix,beec9fd12293a9cfe53c9b61fb8ce2a525e4eed38fa75d132d6dc64699336876,"{""distance"":3,""physical_error_rate"":0.0001}","{""detection_events"":21,""detectors_checked"":280152}"
      3072,         0,         0,   0.137,decoder_by_matrix,f854eed952f7ffb52e4f578393718ba880ba0930c78fe51d50828fe06a713055,"{""distance"":3,""physical_error_rate"":0.001}","{""detection_events"":366,""detectors_checked"":165888}"
      2048,         2,         0,   0.136,decoder_by_matrix,bf84ffc61868c0acf247eb3d31d6d1ff07feed51ae0b0770ddaf58683dcdd22c,"{""distance"":3,""physical_error_rate"":0.005}","{""detection_events"":1401,""detectors_checked"":110592,""obs_mistake_mask=E"":2}"
      2048,         0,         0,   0.083,decoder_by_matrix,beec9fd12293a9cfe53c9b61fb8ce2a525e4eed38fa75d132d6dc64699336876,"{""distance"":3,""physical_error_rate"":0.0001}","{""detection_events"":21,""detectors_checked"":110592}"
      8192,         0,         0,   0.140,decoder_by_matrix,e9839e3017c9ef118c4b8aeafef39e78c11ecbdb89764e9ca676a7dc2fb6d062,"{""distance"":3,""physical_error_rate"":1e-06}","{""detectors_checked"":442368}"
      7168,         0,         0,   0.139,decoder_by_matrix,e25b8d07214a8afb95d354611a83b9bb1ded39644e323a8585b3aabf687a4fff,"{""distance"":3,""physical_error_rate"":1e-05}","{""detectors_checked"":387072}"
      3072,         0,         0,   0.140,decoder_by_matrix,5c8c81bfec719079c388cedc47a351f264c1bf769ae28a89f9b4fc7719fea501,"{""distance"":3,""physical_error_rate"":0.0005}","{""detection_events"":213,""detectors_checked"":165888}"
      8192,         0,         0,   0.140,decoder_by_matrix,560c721f87db01d4cacf7dcb7d8812fecde61e9e7776d4b9e1b1a792578ecad7,"{""distance"":3,""physical_error_rate"":5e-06}","{""detectors_checked"":442368}"
      4096,         0,         0,   0.139,decoder_by_matrix,beec9fd12293a9cfe53c9b61fb8ce2a525e4eed38fa75d132d6dc64699336876,"{""distance"":3,""physical_error_rate"":0.0001}","{""detection_events"":27,""detectors_checked"":221184}"
      8192,         0,         0,   0.139,decoder_by_matrix,e9839e3017c9ef118c4b8aeafef39e78c11ecbdb89764e9ca676a7dc2fb6d062,"{""distance"":3,""physical_error_rate"":1e-06}","{""detectors_checked"":442368}"
      3072,         0,         0,   0.139,decoder_by_matrix,5c8c81bfec719079c388cedc47a351f264c1bf769ae28a89f9b4fc7719fea501,"{""distance"":3,""physical_error_rate"":0.0005}","{""detection_events"":261,""detectors_checked"":165888}"
      3072,         0,         0,   0.134,decoder_by_matrix,36e3cd26fed5ec7649ec51fb08c1a5e7d7f30e615782d954fee045c18a4962ca,"{""distance"":3,""physical_error_rate"":5e-05}","{""detection_events"":30,""detectors_checked"":165888}"
      7168,         0,         0,   0.135,decoder_by_matrix,e25b8d07214a8afb95d354611a83b9bb1ded39644e323a8585b3aabf687a4fff,"{""distance"":3,""physical_error_rate"":1e-05}","{""detection_events"":12,""detectors_checked"":387072}"
      3072,         0,         0,   0.135,decoder_by_matrix,f854eed952f7ffb52e4f578393718ba880ba0930c78fe51d50828fe06a713055,"{""distance"":3,""physical_error_rate"":0.001}","{""detection_events"":531,""detectors_checked"":165888}"
      3072,         5,         0,   0.136,decoder_by_matrix,bf84ffc61868c0acf247eb3d31d6d1ff07feed51ae0b0770ddaf58683dcdd22c,"{""distance"":3,""physical_error_rate"":0.005}","{""detection_events"":2226,""detectors_checked"":165888,""obs_mistake_mask=E"":5}"
      2048,        16,         0,   0.135,decoder_by_matrix,dc80d1b5cd4a369885d36fbbadd410646ee6a9cd91075667cd6e1b71d0442655,"{""distance"":3,""physical_error_rate"":0.01}","{""detection_events"":3027,""detectors_checked"":110592,""obs_mistake_mask=E"":16}"
      7168,         0,         0,   0.132,decoder_by_matrix,e9839e3017c9ef118c4b8aeafef39e78c11ecbdb89764e9ca676a7dc2fb6d062,"{""distance"":3,""physical_error_rate"":1e-06}","{""detection_events"":9,""detectors_checked"":387072}"
      2048,        15,         0,   0.136,decoder_by_matrix,dc80d1b5cd4a369885d36fbbadd410646ee6a9cd91075667cd6e1b71d0442655,"{""distance"":3,""physical_error_rate"":0.01}","{""detection_events"":2733,""detectors_checked"":110592,""obs_mistake_mask=E"":15}"
      2048,        15,         0,   0.136,decoder_by_matrix,dc80d1b5cd4a369885d36fbbadd410646ee6a9cd91075667cd6e1b71d0442655,"{""distance"":3,""physical_error_rate"":0.01}","{""detection_events"":3036,""detectors_checked"":110592,""obs_mistake_mask=E"":15}"
      3072,         1,         0,   0.140,decoder_by_matrix,f854eed952f7ffb52e4f578393718ba880ba0930c78fe51d50828fe06a713055,"{""distance"":3,""physical_error_rate"":0.001}","{""detection_events"":528,""detectors_checked"":165888,""obs_mistake_mask=E"":1}"
      3072,         0,         0,   0.131,decoder_by_matrix,36e3cd26fed5ec7649ec51fb08c1a5e7d7f30e615782d954fee045c18a4962ca,"{""distance"":3,""physical_error_rate"":5e-05}","{""detection_events"":9,""detectors_checked"":165888}"
      3072,         0,         0,   0.132,decoder_by_matrix,36e3cd26fed5ec7649ec51fb08c1a5e7d7f30e615782d954fee045c18a4962ca,"{""distance"":3,""physical_error_rate"":5e-05}","{""detection_events"":30,""detectors_checked"":165888}"
      2048,         2,         0,   0.131,decoder_by_matrix,bf84ffc61868c0acf247eb3d31d6d1ff07feed51ae0b0770ddaf58683dcdd22c,"{""distance"":3,""physical_error_rate"":0.005}","{""detection_events"":1506,""detectors_checked"":110592,""obs_mistake_mask=E"":2}"
      3072,         0,         0,   0.132,decoder_by_matrix,5c8c81bfec719079c388cedc47a351f264c1bf769ae28a89f9b4fc7719fea501,"{""distance"":3,""physical_error_rate"":0.0005}","{""detection_events"":213,""detectors_checked"":165888}"
      2048,         0,         0,   0.131,decoder_by_matrix,f854eed952f7ffb52e4f578393718ba880ba0930c78fe51d50828fe06a713055,"{""distance"":3,""physical_error_rate"":0.001}","{""detection_events"":222,""detectors_checked"":110592}"
      7168,         0,         0,   0.132,decoder_by_matrix,560c721f87db01d4cacf7dcb7d8812fecde61e9e7776d4b9e1b1a792578ecad7,"{""distance"":3,""physical_error_rate"":5e-06}","{""detection_events"":15,""detectors_checked"":387072}"
      7168,         0,         0,   0.132,decoder_by_matrix,e25b8d07214a8afb95d354611a83b9bb1ded39644e323a8585b3aabf687a4fff,"{""distance"":3,""physical_error_rate"":1e-05}","{""detection_events"":6,""detectors_checked"":387072}"
      3072,         0,         0,   0.132,decoder_by_matrix,beec9fd12293a9cfe53c9b61fb8ce2a525e4eed38fa75d132d6dc64699336876,"{""distance"":3,""physical_error_rate"":0.0001}","{""detection_events"":45,""detectors_checked"":165888}"
      3072,         0,         0,   0.132,decoder_by_matrix,beec9fd12293a9cfe53c9b61fb8ce2a525e4eed38fa75d132d6dc64699336876,"{""distance"":3,""physical_error_rate"":0.0001}","{""detection_events"":21,""detectors_checked"":165888}"
      8192,         0,         0,   0.132,decoder_by_matrix,e9839e3017c9ef118c4b8aeafef39e78c11ecbdb89764e9ca676a7dc2fb6d062,"{""distance"":3,""physical_error_rate"":1e-06}","{""detectors_checked"":442368}"
      3072,         0,         0,   0.128,decoder_by_matrix,5c8c81bfec719079c388cedc47a351f264c1bf769ae28a89f9b4fc7719fea501,"{""distance"":3,""physical_error_rate"":0.0005}","{""detection_events"":258,""detectors_checked"":165888}"
      5120,         0,         0,   0.136,decoder_by_matrix,e25b8d07214a8afb95d354611a83b9bb1ded39644e323a8585b3aabf687a4fff,"{""distance"":3,""physical_error_rate"":1e-05}","{""detection_events"":12,""detectors_checked"":276480}"
      6144,         0,         0,   0.132,decoder_by_matrix,560c721f87db01d4cacf7dcb7d8812fecde61e9e7776d4b9e1b1a792578ecad7,"{""distance"":3,""physical_error_rate"":5e-06}","{""detection_events"":6,""detectors_checked"":331776}"
      3072,         0,         0,   0.131,decoder_by_matrix,beec9fd12293a9cfe53c9b61fb8ce2a525e4eed38fa75d132d6dc64699336876,"{""distance"":3,""physical_error_rate"":0.0001}","{""detection_events"":42,""detectors_checked"":165888}"
      8192,         0,         0,   0.132,decoder_by_matrix,e9839e3017c9ef118c4b8aeafef39e78c11ecbdb89764e9ca676a7dc2fb6d062,"{""distance"":3,""physical_error_rate"":1e-06}","{""detectors_checked"":442368}"
      3072,         0,         0,   0.132,decoder_by_matrix,5c8c81bfec719079c388cedc47a351f264c1bf769ae28a89f9b4fc7719fea501,"{""distance"":3,""physical_error_rate"":0.0005}","{""detection_events"":192,""detectors_checked"":165888}"
      5120,         0,         0,   0.133,decoder_by_matrix,36e3cd26fed5ec7649ec51fb08c1a5e7d7f30e615782d954fee045c18a4962ca,"{""distance"":3,""physical_error_rate"":5e-05}","{""detection_events"":36,""detectors_checked"":276480}"
      6144,         0,         0,   0.135,decoder_by_matrix,e25b8d07214a8afb95d354611a83b9bb1ded39644e323a8585b3aabf687a4fff,"{""distance"":3,""physical_error_rate"":1e-05}","{""detection_events"":6,""detectors_checked"":331776}"
      2048,         0,         0,   0.134,decoder_by_matrix,f854eed952f7ffb52e4f578393718ba880ba0930c78fe51d50828fe06a713055,"{""distance"":3,""physical_error_rate"":0.001}","{""detection_events"":288,""detectors_checked"":110592}"
      2048,         4,         0,   0.134,decoder_by_matrix,bf84ffc61868c0acf247eb3d31d6d1ff07feed51ae0b0770ddaf58683dcdd22c,"{""distance"":3,""physical_error_rate"":0.005}","{""detection_events"":1530,""detectors_checked"":110592,""obs_mistake_mask=E"":4}"
      2048,        17,         0,   0.135,decoder_by_matrix,dc80d1b5cd4a369885d36fbbadd410646ee6a9cd91075667cd6e1b71d0442655,"{""distance"":3,""physical_error_rate"":0.01}","{""detection_events"":3012,""detectors_checked"":110592,""obs_mistake_mask=E"":17}"
      7168,         0,         0,   0.264,decoder_by_matrix,560c721f87db01d4cacf7dcb7d8812fecde61e9e7776d4b9e1b1a792578ecad7,"{""distance"":3,""physical_error_rate"":5e-06}","{""detection_events"":18,""detectors_checked"":387072}"
      2048,         7,         0,   0.127,decoder_by_matrix,dc80d1b5cd4a369885d36fbbadd410646ee6a9cd91075667cd6e1b71d0442655,"{""distance"":3,""physical_error_rate"":0.01}","{""detection_events"":3069,""detectors_checked"":110592,""obs_mistake_mask=E"":7}"
      4096,        27,         0,   0.267,decoder_by_matrix,dc80d1b5cd4a369885d36fbbadd410646ee6a9cd91075667cd6e1b71d0442655,"{""distance"":3,""physical_error_rate"":0.01}","{""detection_events"":5646,""detectors_checked"":221184,""obs_mistake_mask=E"":27}"
      7168,         0,         0,   0.258,decoder_by_matrix,beec9fd12293a9cfe53c9b61fb8ce2a525e4eed38fa75d132d6dc64699336876,"{""distance"":3,""physical_error_rate"":0.0001}","{""detection_events"":75,""detectors_checked"":387072}"
      3072,         0,         0,   0.131,decoder_by_matrix,36e3cd26fed5ec7649ec51fb08c1a5e7d7f30e615782d954fee045c18a4962ca,"{""distance"":3,""physical_error_rate"":5e-05}","{""detection_events"":36,""detectors_checked"":165888}"
      3072,         2,         0,   0.132,decoder_by_matrix,bf84ffc61868c0acf247eb3d31d6d1ff07feed51ae0b0770ddaf58683dcdd22c,"{""distance"":3,""physical_error_rate"":0.005}","{""detection_events"":2067,""detectors_checked"":165888,""obs_mistake_mask=E"":2}"
      3072,         1,         0,   0.131,decoder_by_matrix,f854eed952f7ffb52e4f578393718ba880ba0930c78fe51d50828fe06a713055,"{""distance"":3,""physical_error_rate"":0.001}","{""detection_events"":438,""detectors_checked"":165888,""obs_mistake_mask=E"":1}"
      5120,         0,         0,   0.134,decoder_by_matrix,5c8c81bfec719079c388cedc47a351f264c1bf769ae28a89f9b4fc7719fea501,"{""distance"":3,""physical_error_rate"":0.0005}","{""detection_events"":366,""detectors_checked"":276480}"
      6144,         0,         0,   0.131,decoder_by_matrix,560c721f87db01d4cacf7dcb7d8812fecde61e9e7776d4b9e1b1a792578ecad7,"{""distance"":3,""physical_error_rate"":5e-06}","{""detection_events"":6,""detectors_checked"":331776}"
      4096,         5,         0,   0.262,decoder_by_matrix,bf84ffc61868c0acf247eb3d31d6d1ff07feed51ae0b0770ddaf58683dcdd22c,"{""distance"":3,""physical_error_rate"":0.005}","{""detection_events"":3111,""detectors_checked"":221184,""obs_mistake_mask=E"":5}"
      3072,         0,         0,   0.004,decoder_by_matrix,beec9fd12293a9cfe53c9b61fb8ce2a525e4eed38fa75d132d6dc64699336876,"{""distance"":3,""physical_error_rate"":0.0001}","{""detection_events"":54,""detectors_checked"":165888}"
      6144,         0,         0,   0.263,decoder_by_matrix,f854eed952f7ffb52e4f578393718ba880ba0930c78fe51d50828fe06a713055,"{""distance"":3,""physical_error_rate"":0.001}","{""detection_events"":843,""detectors_checked"":331776}"
      4096,         8,         0,   0.262,decoder_by_matrix,bf84ffc61868c0acf247eb3d31d6d1ff07feed51ae0b0770ddaf58683dcdd22c,"{""distance"":3,""physical_error_rate"":0.005}","{""detection_events"":2799,""detectors_checked"":221184,""obs_mistake_mask=E"":8}"
      3072,         0,         0,   0.133,decoder_by_matrix,beec9fd12293a9cfe53c9b61fb8ce2a525e4eed38fa75d132d6dc64699336876,"{""distance"":3,""physical_error_rate"":0.0001}","{""detection_events"":39,""detectors_checked"":165888}"
      8192,         0,         0,   0.133,decoder_by_matrix,e9839e3017c9ef118c4b8aeafef39e78c11ecbdb89764e9ca676a7dc2fb6d062,"{""distance"":3,""physical_error_rate"":1e-06}","{""detectors_checked"":442368}"
      3072,         0,         0,   0.004,decoder_by_matrix,5c8c81bfec719079c388cedc47a351f264c1bf769ae28a89f9b4fc7719fea501,"{""distance"":3,""physical_error_rate"":0.0005}","{""detection_events"":204,""detectors_checked"":165888}"
      4096,         0,         0,   0.134,decoder_by_matrix,e25b8d07214a8afb95d354611a83b9bb1ded39644e323a8585b3aabf687a4fff,"{""distance"":3,""physical_error_rate"":1e-05}","{""detection_events"":21,""detectors_checked"":221184}"
      8192,         0,         0,   0.135,decoder_by_matrix,560c721f87db01d4cacf7dcb7d8812fecde61e9e7776d4b9e1b1a792578ecad7,"{""distance"":3,""physical_error_rate"":5e-06}","{""detectors_checked"":442368}"
      3072,         0,         0,   0.112,decoder_by_matrix,f854eed952f7ffb52e4f578393718ba880ba0930c78fe51d50828fe06a713055,"{""distance"":3,""physical_error_rate"":0.001}","{""detection_events"":492,""detectors_checked"":165888}"
      4096,         0,         0,   0.139,decoder_by_matrix,beec9fd12293a9cfe53c9b61fb8ce2a525e4eed38fa75d132d6dc64699336876,"{""distance"":3,""physical_error_rate"":0.0001}","{""detection_events"":57,""detectors_checked"":221184}"
      8192,         0,         0,   0.139,decoder_by_matrix,e9839e3017c9ef118c4b8aeafef39e78c11ecbdb89764e9ca676a7dc2fb6d062,"{""distance"":3,""physical_error_rate"":1e-06}","{""detectors_checked"":442368}"
      3072,         0,         0,   0.139,decoder_by_matrix,5c8c81bfec719079c388cedc47a351f264c1bf769ae28a89f9b4fc7719fea501,"{""distance"":3,""physical_error_rate"":0.0005}","{""detection_events"":207,""detectors_checked"":165888}"
      8192,         0,         0,   0.132,decoder_by_matrix,e25b8d07214a8afb95d354611a83b9bb1ded39644e323a8585b3aabf687a4fff,"{""distance"":3,""physical_error_rate"":1e-05}","{""detectors_checked"":442368}"
      3072,         0,         0,   0.143,decoder_by_matrix,36e3cd26fed5ec7649ec51fb08c1a5e7d7f30e615782d954fee045c18a4962ca,"{""distance"":3,""physical_error_rate"":5e-05}","{""detection_events"":27,""detectors_checked"":165888}"
      2048,         4,         0,   0.131,decoder_by_matrix,bf84ffc61868c0acf247eb3d31d6d1ff07feed51ae0b0770ddaf58683dcdd22c,"{""distance"":3,""physical_error_rate"":0.005}","{""detection_events"":1437,""detectors_checked"":110592,""obs_mistake_mask=E"":4}"
      2048,        15,         0,   0.132,decoder_by_matrix,dc80d1b5cd4a369885d36fbbadd410646ee6a9cd91075667cd6e1b71d0442655,"{""distance"":3,""physical_error_rate"":0.01}","{""detection_events"":2760,""detectors_checked"":110592,""obs_mistake_mask=E"":15}"
     16384,         0,         0,   0.266,decoder_by_matrix,e9839e3017c9ef118c4b8aeafef39e78c11ecbdb89764e9ca676a7dc2fb6d062,"{""distance"":3,""physical_error_rate"":1e-06}","{""detectors_checked"":884736}"
      2048,        14,         0,   0.132,decoder_by_matrix,dc80d1b5cd4a369885d36fbbadd410646ee6a9cd91075667cd6e1b71d0442655,"{""distance"":3,""physical_error_rate"":0.01}","{""detection_events"":3168,""detectors_checked"":110592,""obs_mistake_mask=E"":14}"
      4096,        26,         0,   0.267,decoder_by_matrix,dc80d1b5cd4a369885d36fbbadd410646ee6a9cd91075667cd6e1b71d0442655,"{""distance"":3,""physical_error_rate"":0.01}","{""detection_events"":5814,""detectors_checked"":221184,""obs_mistake_mask=E"":26}"
      5120,         0,         0,   0.131,decoder_by_matrix,f854eed952f7ffb52e4f578393718ba880ba0930c78fe51d50828fe06a713055,"{""distance"":3,""physical_error_rate"":0.001}","{""detection_events"":744,""detectors_checked"":276480}"
      7168,         0,         0,   0.262,decoder_by_matrix,36e3cd26fed5ec7649ec51fb08c1a5e7d7f30e615782d954fee045c18a4962ca,"{""distance"":3,""physical_error_rate"":5e-05}","{""detection_events"":90,""detectors_checked"":387072}"
      3072,         0,         0,   0.131,decoder_by_matrix,36e3cd26fed5ec7649ec51fb08c1a5e7d7f30e615782d954fee045c18a4962ca,"{""distance"":3,""physical_error_rate"":5e-05}","{""detection_events"":6,""detectors_checked"":165888}"
      2048,         4,         0,   0.131,decoder_by_matrix,bf84ffc61868c0acf247eb3d31d6d1ff07feed51ae0b0770ddaf58683dcdd22c,"{""distance"":3,""physical_error_rate"":0.005}","{""detection_events"":1428,""detectors_checked"":110592,""obs_mistake_mask=E"":4}"
      6144,         1,         0,   0.263,decoder_by_matrix,5c8c81bfec719079c388cedc47a351f264c1bf769ae28a89f9b4fc7719fea501,"{""distance"":3,""physical_error_rate"":0.0005}","{""detection_events"":528,""detectors_checked"":331776,""obs_mistake_mask=E"":1}"
      3072,         0,         0,   0.132,decoder_by_matrix,f854eed952f7ffb52e4f578393718ba880ba0930c78fe51d50828fe06a713055,"{""distance"":3,""physical_error_rate"":0.001}","{""detection_events"":492,""detectors_checked"":165888}"
      3072,         0,         0,   0.109,decoder_by_matrix,beec9fd12293a9cfe53c9b61fb8ce2a525e4eed38fa75d132d6dc64699336876,"{""distance"":3,""physical_error_rate"":0.0001}","{""detection_events"":39,""detectors_checked"":165888}"
      8192,         0,         0,   0.140,decoder_by_matrix,560c721f87db01d4cacf7dcb7d8812fecde61e9e7776d4b9e1b1a792578ecad7,"{""distance"":3,""physical_error_rate"":5e-06}","{""detection_events"":6,""detectors_checked"":442368}"
     10240,         0,         0,   0.270,decoder_by_matrix,e25b8d07214a8afb95d354611a83b9bb1ded39644e323a8585b3aabf687a4fff,"{""distance"":3,""physical_error_rate"":1e-05}","{""detection_events"":27,""detectors_checked"":552960}"
      3072,         0,         0,   0.139,decoder_by_matrix,beec9fd12293a9cfe53c9b61fb8ce2a525e4eed38fa75d132d6dc64699336876,"{""distance"":3,""physical_error_rate"":0.0001}","{""detection_events"":24,""detectors_checked"":165888}"
      8192,         0,         0,   0.134,decoder_by_matrix,e9839e3017c9ef118c4b8aeafef39e78c11ecbdb89764e9ca676a7dc2fb6d062,"{""distance"":3,""physical_error_rate"":1e-06}","{""detectors_checked"":442368}"
      5120,         0,         0,   0.128,decoder_by_matrix,e25b8d07214a8afb95d354611a83b9bb1ded39644e323a8585b3aabf687a4fff,"{""distance"":3,""physical_error_rate"":1e-05}","{""detection_events"":18,""detectors_checked"":276480}"
      8192,         0,         0,   0.128,decoder_by_matrix,560c721f87db01d4cacf7dcb7d8812fecde61e9e7776d4b9e1b1a792578ecad7,"{""distance"":3,""physical_error_rate"":5e-06}","{""detectors_checked"":442368}"
      3072,         0,         0,   0.128,decoder_by_matrix,f854eed952f7ffb52e4f578393718ba880ba0930c78fe51d50828fe06a713055,"{""distance"":3,""physical_error_rate"":0.001}","{""detection_events"":528,""detectors_checked"":165888}"
      3072,         0,         0,   0.128,decoder_by_matrix,beec9fd12293a9cfe53c9b61fb8ce2a525e4eed38fa75d132d6dc64699336876,"{""distance"":3,""physical_error_rate"":0.0001}","{""detection_events"":63,""detectors_checked"":165888}"
      8192,         0,         0,   0.128,decoder_by_matrix,e9839e3017c9ef118c4b8aeafef39e78c11ecbdb89764e9ca676a7dc2fb6d062,"{""distance"":3,""physical_error_rate"":1e-06}","{""detectors_checked"":442368}"
      2048,         0,         0,   0.127,decoder_by_matrix,5c8c81bfec719079c388cedc47a351f264c1bf769ae28a89f9b4fc7719fea501,"{""distance"":3,""physical_error_rate"":0.0005}","{""detection_events"":168,""detectors_checked"":110592}"
      8192,         0,         0,   0.128,decoder_by_matrix,e25b8d07214a8afb95d354611a83b9bb1ded39644e323a8585b3aabf687a4fff,"{""distance"":3,""physical_error_rate"":1e-05}","{""detection_events"":3,""detectors_checked"":442368}"
      3072,         0,         0,   0.127,decoder_by_matrix,36e3cd26fed5ec7649ec51fb08c1a5e7d7f30e615782d954fee045c18a4962ca,"{""distance"":3,""physical_error_rate"":5e-05}","{""detection_events"":33,""detectors_checked"":165888}"
      2048,         0,         0,   0.127,decoder_by_matrix,bf84ffc61868c0acf247eb3d31d6d1ff07feed51ae0b0770ddaf58683dcdd22c,"{""distance"":3,""physical_error_rate"":0.005}","{""detection_events"":1449,""detectors_checked"":110592}"
      2048,        13,         0,   0.128,decoder_by_matrix,dc80d1b5cd4a369885d36fbbadd410646ee6a9cd91075667cd6e1b71d0442655,"{""distance"":3,""physical_error_rate"":0.01}","{""detection_events"":2997,""detectors_checked"":110592,""obs_mistake_mask=E"":13}"
     13312,         0,         0,   0.259,decoder_by_matrix,560c721f87db01d4cacf7dcb7d8812fecde61e9e7776d4b9e1b1a792578ecad7,"{""distance"":3,""physical_error_rate"":5e-06}","{""detection_events"":15,""detectors_checked"":718848}"
      2048,        17,         0,   0.128,decoder_by_matrix,dc80d1b5cd4a369885d36fbbadd410646ee6a9cd91075667cd6e1b71d0442655,"{""distance"":3,""physical_error_rate"":0.01}","{""detection_events"":3057,""detectors_checked"":110592,""obs_mistake_mask=E"":17}"
      3072,         0,         0,   0.188,decoder_by_matrix,5c8c81bfec719079c388cedc47a351f264c1bf769ae28a89f9b4fc7719fea501,"{""distance"":3,""physical_error_rate"":0.0005}","{""detection_events"":342,""detectors_checked"":165888}"
      4096,        22,         0,   0.264,decoder_by_matrix,dc80d1b5cd4a369885d36fbbadd410646ee6a9cd91075667cd6e1b71d0442655,"{""distance"":3,""physical_error_rate"":0.01}","{""detection_events"":5562,""detectors_checked"":221184,""obs_mistake_mask=E"":22}"
      6144,         0,         0,   0.268,decoder_by_matrix,beec9fd12293a9cfe53c9b61fb8ce2a525e4eed38fa75d132d6dc64699336876,"{""distance"":3,""physical_error_rate"":0.0001}","{""detection_events"":84,""detectors_checked"":331776}"
      3072,         0,         0,   0.135,decoder_by_matrix,36e3cd26fed5ec7649ec51fb08c1a5e7d7f30e615782d954fee045c18a4962ca,"{""distance"":3,""physical_error_rate"":5e-05}","{""detection_events"":18,""detectors_checked"":165888}"
      2048,         3,         0,   0.135,decoder_by_matrix,bf84ffc61868c0acf247eb3d31d6d1ff07feed51ae0b0770ddaf58683dcdd22c,"{""distance"":3,""physical_error_rate"":0.005}","{""detection_events"":1347,""detectors_checked"":110592,""obs_mistake_mask=E"":3}"
      3072,         0,         0,   0.135,decoder_by_matrix,f854eed952f7ffb52e4f578393718ba880ba0930c78fe51d50828fe06a713055,"{""distance"":3,""physical_error_rate"":0.001}","{""detection_events"":381,""detectors_checked"":165888}"
      6144,         0,         0,   0.267,decoder_by_matrix,5c8c81bfec719079c388cedc47a351f264c1bf769ae28a89f9b4fc7719fea501,"{""distance"":3,""physical_error_rate"":0.0005}","{""detection_events"":381,""detectors_checked"":331776}"
      5120,         0,         0,   0.125,decoder_by_matrix,560c721f87db01d4cacf7dcb7d8812fecde61e9e7776d4b9e1b1a792578ecad7,"{""distance"":3,""physical_error_rate"":5e-06}","{""detection_events"":3,""detectors_checked"":276480}"
      5120,        14,         0,   0.266,decoder_by_matrix,bf84ffc61868c0acf247eb3d31d6d1ff07feed51ae0b0770ddaf58683dcdd22c,"{""distance"":3,""physical_error_rate"":0.005}","{""detection_events"":3699,""detectors_checked"":276480,""obs_mistake_mask=E"":14}"
      3072,         0,         0,   0.126,decoder_by_matrix,beec9fd12293a9cfe53c9b61fb8ce2a525e4eed38fa75d132d6dc64699336876,"{""distance"":3,""physical_error_rate"":0.0001}","{""detection_events"":36,""detectors_checked"":165888}"
      5120,         0,         0,   0.265,decoder_by_matrix,f854eed952f7ffb52e4f578393718ba880ba0930c78fe51d50828fe06a713055,"{""distance"":3,""physical_error_rate"":0.001}","{""detection_events"":744,""detectors_checked"":276480}"
      5120,         7,         0,   0.267,decoder_by_matrix,bf84ffc61868c0acf247eb3d31d6d1ff07feed51ae0b0770ddaf58683dcdd22c,"{""distance"":3,""physical_error_rate"":0.005}","{""detection_events"":3453,""detectors_checked"":276480,""obs_mistake_mask=E"":7}"
      8192,         0,         0,   0.126,decoder_by_matrix,e9839e3017c9ef118c4b8aeafef39e78c11ecbdb89764e9ca676a7dc2fb6d062,"{""distance"":3,""physical_error_rate"":1e-06}","{""detectors_checked"":442368}"
      3072,         0,         0,   0.158,decoder_by_matrix,beec9fd12293a9cfe53c9b61fb8ce2a525e4eed38fa75d132d6dc64699336876,"{""distance"":3,""physical_error_rate"":0.0001}","{""detection_events"":75,""detectors_checked"":165888}"
      8192,         0,         0,   0.130,decoder_by_matrix,e25b8d07214a8afb95d354611a83b9bb1ded39644e323a8585b3aabf687a4fff,"{""distance"":3,""physical_error_rate"":1e-05}","{""detectors_checked"":442368}"
      7168,         0,         0,   0.130,decoder_by_matrix,560c721f87db01d4cacf7dcb7d8812fecde61e9e7776d4b9e1b1a792578ecad7,"{""distance"":3,""physical_error_rate"":5e-06}","{""detection_events"":6,""detectors_checked"":387072}"
      3072,         0,         0,   0.004,decoder_by_matrix,f854eed952f7ffb52e4f578393718ba880ba0930c78fe51d50828fe06a713055,"{""distance"":3,""physical_error_rate"":0.001}","{""detection_events"":348,""detectors_checked"":165888}"
      3072,         0,         0,   0.130,decoder_by_matrix,beec9fd12293a9cfe53c9b61fb8ce2a525e4eed38fa75d132d6dc64699336876,"{""distance"":3,""physical_error_rate"":0.0001}","{""detection_events"":39,""detectors_checked"":165888}"
      9216,         0,         0,   0.130,decoder_by_matrix,e9839e3017c9ef118c4b8aeafef39e78c11ecbdb89764e9ca676a7dc2fb6d062,"{""distance"":3,""physical_error_rate"":1e-06}","{""detectors_checked"":497664}"
      3072,         0,         0,   0.130,decoder_by_matrix,5c8c81bfec719079c388cedc47a351f264c1bf769ae28a89f9b4fc7719fea501,"{""distance"":3,""physical_error_rate"":0.0005}","{""detection_events"":207,""detectors_checked"":165888}"
      6144,         0,         0,   0.130,decoder_by_matrix,e25b8d07214a8afb95d354611a83b9bb1ded39644e323a8585b3aabf687a4fff,"{""distance"":3,""physical_error_rate"":1e-05}","{""detection_events"":3,""detectors_checked"":331776}"
      5120,         0,         0,   0.130,decoder_by_matrix,36e3cd26fed5ec7649ec51fb08c1a5e7d7f30e615782d954fee045c18a4962ca,"{""distance"":3,""physical_error_rate"":5e-05}","{""detection_events"":15,""detectors_checked"":276480}"
      3072,         8,         0,   0.131,decoder_by_matrix,bf84ffc61868c0acf247eb3d31d6d1ff07feed51ae0b0770ddaf58683dcdd22c,"{""distance"":3,""physical_error_rate"":0.005}","{""detection_events"":2220,""detectors_checked"":165888,""obs_mistake_mask=E"":8}"
      2048,        15,         0,   0.130,decoder_by_matrix,dc80d1b5cd4a369885d36fbbadd410646ee6a9cd91075667cd6e1b71d0442655,"{""distance"":3,""physical_error_rate"":0.01}","{""detection_events"":2874,""detectors_checked"":110592,""obs_mistake_mask=E"":15}"
     15360,         0,         0,   0.258,decoder_by_matrix,e9839e3017c9ef118c4b8aeafef39e78c11ecbdb89764e9ca676a7dc2fb6d062,"{""distance"":3,""physical_error_rate"":1e-06}","{""detection_events"":3,""detectors_checked"":829440}"
      2048,         9,         0,   0.130,decoder_by_matrix,dc80d1b5cd4a369885d36fbbadd410646ee6a9cd91075667cd6e1b71d0442655,"{""distance"":3,""physical_error_rate"":0.01}","{""detection_events"":2757,""detectors_checked"":110592,""obs_mistake_mask=E"":9}"
      4096,        28,         0,   0.262,decoder_by_matrix,dc80d1b5cd4a369885d36fbbadd410646ee6a9cd91075667cd6e1b71d0442655,"{""distance"":3,""physical_error_rate"":0.01}","{""detection_events"":5844,""detectors_checked"":221184,""obs_mistake_mask=E"":28}"
      3072,         0,         0,   0.135,decoder_by_matrix,5c8c81bfec719079c388cedc47a351f264c1bf769ae28a89f9b4fc7719fea501,"{""distance"":3,""physical_error_rate"":0.0005}","{""detection_events"":210,""detectors_checked"":165888}"
      6144,         1,         0,   0.267,decoder_by_matrix,f854eed952f7ffb52e4f578393718ba880ba0930c78fe51d50828fe06a713055,"{""distance"":3,""physical_error_rate"":0.001}","{""detection_events"":1032,""detectors_checked"":331776,""obs_mistake_mask=E"":1}"
      7168,         0,         0,   0.271,decoder_by_matrix,36e3cd26fed5ec7649ec51fb08c1a5e7d7f30e615782d954fee045c18a4962ca,"{""distance"":3,""physical_error_rate"":5e-05}","{""detection_events"":90,""detectors_checked"":387072}"
      3072,         9,         0,   0.133,decoder_by_matrix,bf84ffc61868c0acf247eb3d31d6d1ff07feed51ae0b0770ddaf58683dcdd22c,"{""distance"":3,""physical_error_rate"":0.005}","{""detection_events"":2382,""detectors_checked"":165888,""obs_mistake_mask=E"":9}"
      5120,         0,         0,   0.141,decoder_by_matrix,36e3cd26fed5ec7649ec51fb08c1a5e7d7f30e615782d954fee045c18a4962ca,"{""distance"":3,""physical_error_rate"":5e-05}","{""detection_events"":42,""detectors_checked"":276480}"
      6144,         0,         0,   0.271,decoder_by_matrix,5c8c81bfec719079c388cedc47a351f264c1bf769ae28a89f9b4fc7719fea501,"{""distance"":3,""physical_error_rate"":0.0005}","{""detection_events"":354,""detectors_checked"":331776}"
      3072,         0,         0,   0.136,decoder_by_matrix,f854eed952f7ffb52e4f578393718ba880ba0930c78fe51d50828fe06a713055,"{""distance"":3,""physical_error_rate"":0.001}","{""detection_events"":408,""detectors_checked"":165888}"
      8192,         0,         0,   0.133,decoder_by_matrix,560c721f87db01d4cacf7dcb7d8812fecde61e9e7776d4b9e1b1a792578ecad7,"{""distance"":3,""physical_error_rate"":5e-06}","{""detectors_checked"":442368}"
     12288,         0,         0,   0.136,decoder_by_matrix,e25b8d07214a8afb95d354611a83b9bb1ded39644e323a8585b3aabf687a4fff,"{""distance"":3,""physical_error_rate"":1e-05}","{""detection_events"":12,""detectors_checked"":663552}"
      3072,         0,         0,   0.133,decoder_by_matrix,beec9fd12293a9cfe53c9b61fb8ce2a525e4eed38fa75d132d6dc64699336876,"{""distance"":3,""physical_error_rate"":0.0001}","{""detection_events"":42,""detectors_checked"":165888}"
      8192,         0,         0,   0.133,decoder_by_matrix,e9839e3017c9ef118c4b8aeafef39e78c11ecbdb89764e9ca676a7dc2fb6d062,"{""distance"":3,""physical_error_rate"":1e-06}","{""detectors_checked"":442368}"
      3072,         0,         0,   0.133,decoder_by_matrix,beec9fd12293a9cfe53c9b61fb8ce2a525e4eed38fa75d132d6dc64699336876,"{""distance"":3,""physical_error_rate"":0.0001}","{""detection_events"":93,""detectors_checked"":165888}"
      6144,         0,         0,   0.133,decoder_by_matrix,e25b8d07214a8afb95d354611a83b9bb1ded39644e323a8585b3aabf687a4fff,"{""distance"":3,""physical_error_rate"":1e-05}","{""detection_events"":18,""detectors_checked"":331776}"
      6144,         0,         0,   0.133,decoder_by_matrix,560c721f87db01d4cacf7dcb7d8812fecde61e9e7776d4b9e1b1a792578ecad7,"{""distance"":3,""physical_error_rate"":5e-06}","{""detection_events"":3,""detectors_checked"":331776}"
      2048,         1,         0,   0.132,decoder_by_matrix,f854eed952f7ffb52e4f578393718ba880ba0930c78fe51d50828fe06a713055,"{""distance"":3,""physical_error_rate"":0.001}","{""detection_events"":300,""detectors_checked"":110592,""obs_mistake_mask=E"":1}"
      3072,         0,         0,   0.133,decoder_by_matrix,beec9fd12293a9cfe53c9b61fb8ce2a525e4eed38fa75d132d6dc64699336876,"{""distance"":3,""physical_error_rate"":0.0001}","{""detection_events"":39,""detectors_checked"":165888}"
      8192,         0,         0,   0.133,decoder_by_matrix,e9839e3017c9ef118c4b8aeafef39e78c11ecbdb89764e9ca676a7dc2fb6d062,"{""distance"":3,""physical_error_rate"":1e-06}","{""detectors_checked"":442368}"
      5120,         0,         0,   0.132,decoder_by_matrix,e25b8d07214a8afb95d354611a83b9bb1ded39644e323a8585b3aabf687a4fff,"{""distance"":3,""physical_error_rate"":1e-05}","{""detection_events"":6,""detectors_checked"":276480}"
      4096,         0,         0,   0.135,decoder_by_matrix,36e3cd26fed5ec7649ec51fb08c1a5e7d7f30e615782d954fee045c18a4962ca,"{""distance"":3,""physical_error_rate"":5e-05}","{""detection_events"":30,""detectors_checked"":221184}"
      2048,         1,         0,   0.135,decoder_by_matrix,bf84ffc61868c0acf247eb3d31d6d1ff07feed51ae0b0770ddaf58683dcdd22c,"{""distance"":3,""physical_error_rate"":0.005}","{""detection_events"":1614,""detectors_checked"":110592,""obs_mistake_mask=E"":1}"
      3072,         0,         0,   0.125,decoder_by_matrix,5c8c81bfec719079c388cedc47a351f264c1bf769ae28a89f9b4fc7719fea501,"{""distance"":3,""physical_error_rate"":0.0005}","{""detection_events"":192,""detectors_checked"":165888}"
      4096,         0,         0,   0.129,decoder_by_matrix,beec9fd12293a9cfe53c9b61fb8ce2a525e4eed38fa75d132d6dc64699336876,"{""distance"":3,""physical_error_rate"":0.0001}","{""detection_events"":45,""detectors_checked"":221184}"
     19456,         0,         0,   0.363,decoder_by_matrix,560c721f87db01d4cacf7dcb7d8812fecde61e9e7776d4b9e1b1a792578ecad7,"{""distance"":3,""physical_error_rate"":5e-06}","{""detection_events"":24,""detectors_checked"":1050624}"
      6144,         0,         0,   0.273,decoder_by_matrix,5c8c81bfec719079c388cedc47a351f264c1bf769ae28a89f9b4fc7719fea501,"{""distance"":3,""physical_error_rate"":0.0005}","{""detection_events"":510,""detectors_checked"":331776}"
      3072,        20,         0,   0.263,decoder_by_matrix,dc80d1b5cd4a369885d36fbbadd410646ee6a9cd91075667cd6e1b71d0442655,"{""distance"":3,""physical_error_rate"":0.01}","{""detection_events"":4371,""detectors_checked"":165888,""obs_mistake_mask=E"":20}"
      4096,        24,         0,   0.261,decoder_by_matrix,dc80d1b5cd4a369885d36fbbadd410646ee6a9cd91075667cd6e1b71d0442655,"{""distance"":3,""physical_error_rate"":0.01}","{""detection_events"":5580,""detectors_checked"":221184,""obs_mistake_mask=E"":24}"
      6144,        33,         0,   0.391,decoder_by_matrix,dc80d1b5cd4a369885d36fbbadd410646ee6a9cd91075667cd6e1b71d0442655,"{""distance"":3,""physical_error_rate"":0.01}","{""detection_events"":8649,""detectors_checked"":331776,""obs_mistake_mask=E"":33}"
      9216,         0,         0,   0.263,decoder_by_matrix,beec9fd12293a9cfe53c9b61fb8ce2a525e4eed38fa75d132d6dc64699336876,"{""distance"":3,""physical_error_rate"":0.0001}","{""detection_events"":165,""detectors_checked"":497664}"
      4096,         5,         0,   0.247,decoder_by_matrix,bf84ffc61868c0acf247eb3d31d6d1ff07feed51ae0b0770ddaf58683dcdd22c,"{""distance"":3,""physical_error_rate"":0.005}","{""detection_events"":2736,""detectors_checked"":221184,""obs_mistake_mask=E"":5}"
      8192,         0,         0,   0.248,decoder_by_matrix,36e3cd26fed5ec7649ec51fb08c1a5e7d7f30e615782d954fee045c18a4962ca,"{""distance"":3,""physical_error_rate"":5e-05}","{""detection_events"":72,""detectors_checked"":442368}"
      5120,         0,         0,   0.251,decoder_by_matrix,f854eed952f7ffb52e4f578393718ba880ba0930c78fe51d50828fe06a713055,"{""distance"":3,""physical_error_rate"":0.001}","{""detection_events"":651,""detectors_checked"":276480}"
      9216,         1,         0,   0.388,decoder_by_matrix,5c8c81bfec719079c388cedc47a351f264c1bf769ae28a89f9b4fc7719fea501,"{""distance"":3,""physical_error_rate"":0.0005}","{""detection_events"":690,""detectors_checked"":497664,""obs_mistake_mask=E"":1}"
     15360,         0,         0,   0.232,decoder_by_matrix,e9839e3017c9ef118c4b8aeafef39e78c11ecbdb89764e9ca676a7dc2fb6d062,"{""distance"":3,""physical_error_rate"":1e-06}","{""detectors_checked"":829440}"
     17408,         0,         0,   0.260,decoder_by_matrix,560c721f87db01d4cacf7dcb7d8812fecde61e9e7776d4b9e1b1a792578ecad7,"{""distance"":3,""physical_error_rate"":5e-06}","{""detectors_checked"":940032}"
      7168,         6,         0,   0.393,decoder_by_matrix,bf84ffc61868c0acf247eb3d31d6d1ff07feed51ae0b0770ddaf58683dcdd22c,"{""distance"":3,""physical_error_rate"":0.005}","{""detection_events"":5091,""detectors_checked"":387072,""obs_mistake_mask=E"":6}"
     10240,         0,         0,   0.229,decoder_by_matrix,e9839e3017c9ef118c4b8aeafef39e78c11ecbdb89764e9ca676a7dc2fb6d062,"{""distance"":3,""physical_error_rate"":1e-06}","{""detection_events"":12,""detectors_checked"":552960}"
      9216,         1,         0,   0.399,decoder_by_matrix,f854eed952f7ffb52e4f578393718ba880ba0930c78fe51d50828fe06a713055,"{""distance"":3,""physical_error_rate"":0.001}","{""detection_events"":1401,""detectors_checked"":497664,""obs_mistake_mask=E"":1}"
      9216,         0,         0,   0.223,decoder_by_matrix,36e3cd26fed5ec7649ec51fb08c1a5e7d7f30e615782d954fee045c18a4962ca,"{""distance"":3,""physical_error_rate"":5e-05}","{""detection_events"":66,""detectors_checked"":497664}"
      7168,         9,         0,   0.403,decoder_by_matrix,bf84ffc61868c0acf247eb3d31d6d1ff07feed51ae0b0770ddaf58683dcdd22c,"{""distance"":3,""physical_error_rate"":0.005}","{""detection_events"":5166,""detectors_checked"":387072,""obs_mistake_mask=E"":9}"
      8192,         0,         0,   0.267,decoder_by_matrix,beec9fd12293a9cfe53c9b61fb8ce2a525e4eed38fa75d132d6dc64699336876,"{""distance"":3,""physical_error_rate"":0.0001}","{""detection_events"":114,""detectors_checked"":442368}"
     15360,         0,         0,   0.270,decoder_by_matrix,e25b8d07214a8afb95d354611a83b9bb1ded39644e323a8585b3aabf687a4fff,"{""distance"":3,""physical_error_rate"":1e-05}","{""detection_events"":3,""detectors_checked"":829440}"
     16384,         0,         0,   0.269,decoder_by_matrix,560c721f87db01d4cacf7dcb7d8812fecde61e9e7776d4b9e1b1a792578ecad7,"{""distance"":3,""physical_error_rate"":5e-06}","{""detectors_checked"":884736}"
      6144,         0,         0,   0.275,decoder_by_matrix,f854eed952f7ffb52e4f578393718ba880ba0930c78fe51d50828fe06a713055,"{""distance"":3,""physical_error_rate"":0.001}","{""detection_events"":1080,""detectors_checked"":331776}"
      4096,         2,         0,   0.251,decoder_by_matrix,bf84ffc61868c0acf247eb3d31d6d1ff07feed51ae0b0770ddaf58683dcdd22c,"{""distance"":3,""physical_error_rate"":0.005}","{""detection_events"":3000,""detectors_checked"":221184,""obs_mistake_mask=E"":2}"
      5120,         0,         0,   0.144,decoder_by_matrix,beec9fd12293a9cfe53c9b61fb8ce2a525e4eed38fa75d132d6dc64699336876,"{""distance"":3,""physical_error_rate"":0.0001}","{""detection_events"":93,""detectors_checked"":276480}"
     10240,         0,         0,   0.270,decoder_by_matrix,e25b8d07214a8afb95d354611a83b9bb1ded39644e323a8585b3aabf687a4fff,"{""distance"":3,""physical_error_rate"":1e-05}","{""detection_events"":27,""detectors_checked"":552960}"
     23552,         0,         0,   0.267,decoder_by_matrix,e9839e3017c9ef118c4b8aeafef39e78c11ecbdb89764e9ca676a7dc2fb6d062,"{""distance"":3,""physical_error_rate"":1e-06}","{""detection_events"":3,""detectors_checked"":1271808}"
     11264,         0,         0,   0.362,decoder_by_matrix,36e3cd26fed5ec7649ec51fb08c1a5e7d7f30e615782d954fee045c18a4962ca,"{""distance"":3,""physical_error_rate"":5e-05}","{""detection_events"":111,""detectors_checked"":608256}"
      6144,         0,         0,   0.261,decoder_by_matrix,5c8c81bfec719079c388cedc47a351f264c1bf769ae28a89f9b4fc7719fea501,"{""distance"":3,""physical_error_rate"":0.0005}","{""detection_events"":492,""detectors_checked"":331776}"
      8192,         0,         0,   0.385,decoder_by_matrix,f854eed952f7ffb52e4f578393718ba880ba0930c78fe51d50828fe06a713055,"{""distance"":3,""physical_error_rate"":0.001}","{""detection_events"":1335,""detectors_checked"":442368}"
      6144,        37,         0,   0.417,decoder_by_matrix,dc80d1b5cd4a369885d36fbbadd410646ee6a9cd91075667cd6e1b71d0442655,"{""distance"":3,""physical_error_rate"":0.01}","{""detection_events"":8391,""detectors_checked"":331776,""obs_mistake_mask=E"":37}"
      9216,         0,         0,   0.385,decoder_by_matrix,5c8c81bfec719079c388cedc47a351f264c1bf769ae28a89f9b4fc7719fea501,"{""distance"":3,""physical_error_rate"":0.0005}","{""detection_events"":639,""detectors_checked"":497664}"
     16384,         0,         0,   0.268,decoder_by_matrix,e25b8d07214a8afb95d354611a83b9bb1ded39644e323a8585b3aabf687a4fff,"{""distance"":3,""physical_error_rate"":1e-05}","{""detection_events"":51,""detectors_checked"":884736}"
      6144,         0,         0,   0.264,decoder_by_matrix,beec9fd12293a9cfe53c9b61fb8ce2a525e4eed38fa75d132d6dc64699336876,"{""distance"":3,""physical_error_rate"":0.0001}","{""detection_events"":75,""detectors_checked"":331776}"
      6144,         0,         0,   0.250,decoder_by_matrix,5c8c81bfec719079c388cedc47a351f264c1bf769ae28a89f9b4fc7719fea501,"{""distance"":3,""physical_error_rate"":0.0005}","{""detection_events"":519,""detectors_checked"":331776}"
      4096,        31,         0,   0.262,decoder_by_matrix,dc80d1b5cd4a369885d36fbbadd410646ee6a9cd91075667cd6e1b71d0442655,"{""distance"":3,""physical_error_rate"":0.01}","{""detection_events"":5790,""detectors_checked"":221184,""obs_mistake_mask=E"":31}"
      4096,        15,         0,   0.134,decoder_by_matrix,dc80d1b5cd4a369885d36fbbadd410646ee6a9cd91075667cd6e1b71d0442655,"{""distance"":3,""physical_error_rate"":0.01}","{""detection_events"":5568,""detectors_checked"":221184,""obs_mistake_mask=E"":15}"
      5120,        11,         0,   0.263,decoder_by_matrix,bf84ffc61868c0acf247eb3d31d6d1ff07feed51ae0b0770ddaf58683dcdd22c,"{""distance"":3,""physical_error_rate"":0.005}","{""detection_events"":3678,""detectors_checked"":276480,""obs_mistake_mask=E"":11}"
      6144,         0,         0,   0.264,decoder_by_matrix,36e3cd26fed5ec7649ec51fb08c1a5e7d7f30e615782d954fee045c18a4962ca,"{""distance"":3,""physical_error_rate"":5e-05}","{""detection_events"":51,""detectors_checked"":331776}"
      6144,         1,         0,   0.256,decoder_by_matrix,f854eed952f7ffb52e4f578393718ba880ba0930c78fe51d50828fe06a713055,"{""distance"":3,""physical_error_rate"":0.001}","{""detection_events"":879,""detectors_checked"":331776,""obs_mistake_mask=E"":1}"
     16384,         0,         0,   0.255,decoder_by_matrix,e9839e3017c9ef118c4b8aeafef39e78c11ecbdb89764e9ca676a7dc2fb6d062,"{""distance"":3,""physical_error_rate"":1e-06}","{""detectors_checked"":884736}"
     16384,         0,         0,   0.259,decoder_by_matrix,560c721f87db01d4cacf7dcb7d8812fecde61e9e7776d4b9e1b1a792578ecad7,"{""distance"":3,""physical_error_rate"":5e-06}","{""detectors_checked"":884736}"
     16384,         0,         0,   0.245,decoder_by_matrix,e9839e3017c9ef118c4b8aeafef39e78c11ecbdb89764e9ca676a7dc2fb6d062,"{""distance"":3,""physical_error_rate"":1e-06}","{""detectors_checked"":884736}"
      8192,         0,         0,   0.133,decoder_by_matrix,36e3cd26fed5ec7649ec51fb08c1a5e7d7f30e615782d954fee045c18a4962ca,"{""distance"":3,""physical_error_rate"":5e-05}","{""detection_events"":33,""detectors_checked"":442368}"
      6144,         0,         0,   0.262,decoder_by_matrix,beec9fd12293a9cfe53c9b61fb8ce2a525e4eed38fa75d132d6dc64699336876,"{""distance"":3,""physical_error_rate"":0.0001}","{""detection_events"":75,""detectors_checked"":331776}"
     13312,         0,         0,   0.262,decoder_by_matrix,e25b8d07214a8afb95d354611a83b9bb1ded39644e323a8585b3aabf687a4fff,"{""distance"":3,""physical_error_rate"":1e-05}","{""detection_events"":15,""detectors_checked"":718848}"
     14336,         0,         0,   0.262,decoder_by_matrix,560c721f87db01d4cacf7dcb7d8812fecde61e9e7776d4b9e1b1a792578ecad7,"{""distance"":3,""physical_error_rate"":5e-06}","{""detection_events"":15,""detectors_checked"":774144}"
      5120,         0,         0,   0.261,decoder_by_matrix,f854eed952f7ffb52e4f578393718ba880ba0930c78fe51d50828fe06a713055,"{""distance"":3,""physical_error_rate"":0.001}","{""detection_events"":624,""detectors_checked"":276480}"
      5120,        12,         0,   0.262,decoder_by_matrix,bf84ffc61868c0acf247eb3d31d6d1ff07feed51ae0b0770ddaf58683dcdd22c,"{""distance"":3,""physical_error_rate"":0.005}","{""detection_events"":3708,""detectors_checked"":276480,""obs_mistake_mask=E"":12}"
      6144,         0,         0,   0.262,decoder_by_matrix,beec9fd12293a9cfe53c9b61fb8ce2a525e4eed38fa75d132d6dc64699336876,"{""distance"":3,""physical_error_rate"":0.0001}","{""detection_events"":117,""detectors_checked"":331776}"
     13312,         0,         0,   0.262,decoder_by_matrix,e25b8d07214a8afb95d354611a83b9bb1ded39644e323a8585b3aabf687a4fff,"{""distance"":3,""physical_error_rate"":1e-05}","{""detection_events"":27,""detectors_checked"":718848}"
      6144,         0,         0,   0.264,decoder_by_matrix,5c8c81bfec719079c388cedc47a351f264c1bf769ae28a89f9b4fc7719fea501,"{""distance"":3,""physical_error_rate"":0.0005}","{""detection_events"":564,""detectors_checked"":331776}"
      6144,         0,         0,   0.257,decoder_by_matrix,beec9fd12293a9cfe53c9b61fb8ce2a525e4eed38fa75d132d6dc64699336876,"{""distance"":3,""physical_error_rate"":0.0001}","{""detection_events"":96,""detectors_checked"":331776}"
     29696,         0,         0,   0.518,decoder_by_matrix,560c721f87db01d4cacf7dcb7d8812fecde61e9e7776d4b9e1b1a792578ecad7,"{""distance"":3,""physical_error_rate"":5e-06}","{""detection_events"":18,""detectors_checked"":1603584}"
      8192,        50,         0,   0.519,decoder_by_matrix,dc80d1b5cd4a369885d36fbbadd410646ee6a9cd91075667cd6e1b71d0442655,"{""distance"":3,""physical_error_rate"":0.01}","{""detection_events"":11748,""detectors_checked"":442368,""obs_mistake_mask=E"":50}"
     14336,         0,         0,   0.395,decoder_by_matrix,beec9fd12293a9cfe53c9b61fb8ce2a525e4eed38fa75d132d6dc64699336876,"{""distance"":3,""physical_error_rate"":0.0001}","{""detection_events"":174,""detectors_checked"":774144}"
     12288,         0,         0,   0.517,decoder_by_matrix,5c8c81bfec719079c388cedc47a351f264c1bf769ae28a89f9b4fc7719fea501,"{""distance"":3,""physical_error_rate"":0.0005}","{""detection_events"":765,""detectors_checked"":663552}"
      7168,        45,         0,   0.406,decoder_by_matrix,dc80d1b5cd4a369885d36fbbadd410646ee6a9cd91075667cd6e1b71d0442655,"{""distance"":3,""physical_error_rate"":0.01}","{""detection_events"":9888,""detectors_checked"":387072,""obs_mistake_mask=E"":45}"
      9216,         1,         0,   0.419,decoder_by_matrix,5c8c81bfec719079c388cedc47a351f264c1bf769ae28a89f9b4fc7719fea501,"{""distance"":3,""physical_error_rate"":0.0005}","{""detection_events"":675,""detectors_checked"":497664,""obs_mistake_mask=E"":1}"
      9216,        14,         0,   0.532,decoder_by_matrix,bf84ffc61868c0acf247eb3d31d6d1ff07feed51ae0b0770ddaf58683dcdd22c,"{""distance"":3,""physical_error_rate"":0.005}","{""detection_events"":6417,""detectors_checked"":497664,""obs_mistake_mask=E"":14}"
     11264,         1,         0,   0.394,decoder_by_matrix,f854eed952f7ffb52e4f578393718ba880ba0930c78fe51d50828fe06a713055,"{""distance"":3,""physical_error_rate"":0.001}","{""detection_events"":1746,""detectors_checked"":608256,""obs_mistake_mask=E"":1}"
      9216,        13,         0,   0.523,decoder_by_matrix,bf84ffc61868c0acf247eb3d31d6d1ff07feed51ae0b0770ddaf58683dcdd22c,"{""distance"":3,""physical_error_rate"":0.005}","{""detection_events"":6765,""detectors_checked"":497664,""obs_mistake_mask=E"":13}"
      9216,         0,         0,   0.391,decoder_by_matrix,5c8c81bfec719079c388cedc47a351f264c1bf769ae28a89f9b4fc7719fea501,"{""distance"":3,""physical_error_rate"":0.0005}","{""detection_events"":687,""detectors_checked"":497664}"
     31744,         0,         0,   0.518,decoder_by_matrix,e9839e3017c9ef118c4b8aeafef39e78c11ecbdb89764e9ca676a7dc2fb6d062,"{""distance"":3,""physical_error_rate"":1e-06}","{""detectors_checked"":1714176}"
      6144,        39,         0,   0.395,decoder_by_matrix,dc80d1b5cd4a369885d36fbbadd410646ee6a9cd91075667cd6e1b71d0442655,"{""distance"":3,""physical_error_rate"":0.01}","{""detection_events"":8649,""detectors_checked"":331776,""obs_mistake_mask=E"":39}"
      5120,        31,         0,   0.391,decoder_by_matrix,dc80d1b5cd4a369885d36fbbadd410646ee6a9cd91075667cd6e1b71d0442655,"{""distance"":3,""physical_error_rate"":0.01}","{""detection_events"":7485,""detectors_checked"":276480,""obs_mistake_mask=E"":31}"
     15360,         0,         0,   0.521,decoder_by_matrix,36e3cd26fed5ec7649ec51fb08c1a5e7d7f30e615782d954fee045c18a4962ca,"{""distance"":3,""physical_error_rate"":5e-05}","{""detection_events"":144,""detectors_checked"":829440}"
     12288,         3,         0,   0.513,decoder_by_matrix,f854eed952f7ffb52e4f578393718ba880ba0930c78fe51d50828fe06a713055,"{""distance"":3,""physical_error_rate"":0.001}","{""detection_events"":1692,""detectors_checked"":663552,""obs_mistake_mask=E"":3}"
     11264,         0,         0,   0.383,decoder_by_matrix,36e3cd26fed5ec7649ec51fb08c1a5e7d7f30e615782d954fee045c18a4962ca,"{""distance"":3,""physical_error_rate"":5e-05}","{""detection_events"":84,""detectors_checked"":608256}"
      7168,        11,         0,   0.391,decoder_by_matrix,bf84ffc61868c0acf247eb3d31d6d1ff07feed51ae0b0770ddaf58683dcdd22c,"{""distance"":3,""physical_error_rate"":0.005}","{""detection_events"":5421,""detectors_checked"":387072,""obs_mistake_mask=E"":11}"
      9216,         1,         0,   0.265,decoder_by_matrix,f854eed952f7ffb52e4f578393718ba880ba0930c78fe51d50828fe06a713055,"{""distance"":3,""physical_error_rate"":0.001}","{""detection_events"":1404,""detectors_checked"":497664,""obs_mistake_mask=E"":1}"
     23552,         0,         0,   0.386,decoder_by_matrix,e9839e3017c9ef118c4b8aeafef39e78c11ecbdb89764e9ca676a7dc2fb6d062,"{""distance"":3,""physical_error_rate"":1e-06}","{""detection_events"":6,""detectors_checked"":1271808}"
     23552,         0,         0,   0.386,decoder_by_matrix,560c721f87db01d4cacf7dcb7d8812fecde61e9e7776d4b9e1b1a792578ecad7,"{""distance"":3,""physical_error_rate"":5e-06}","{""detection_events"":15,""detectors_checked"":1271808}"
     26624,         0,         0,   0.516,decoder_by_matrix,e25b8d07214a8afb95d354611a83b9bb1ded39644e323a8585b3aabf687a4fff,"{""distance"":3,""physical_error_rate"":1e-05}","{""detection_events"":33,""detectors_checked"":1437696}"
     25600,         0,         0,   0.394,decoder_by_matrix,e9839e3017c9ef118c4b8aeafef39e78c11ecbdb89764e9ca676a7dc2fb6d062,"{""distance"":3,""physical_error_rate"":1e-06}","{""detectors_checked"":1382400}"
     10240,         0,         0,   0.390,decoder_by_matrix,36e3cd26fed5ec7649ec51fb08c1a5e7d7f30e615782d954fee045c18a4962ca,"{""distance"":3,""physical_error_rate"":5e-05}","{""detection_events"":123,""detectors_checked"":552960}"
      9216,         0,         0,   0.390,decoder_by_matrix,beec9fd12293a9cfe53c9b61fb8ce2a525e4eed38fa75d132d6dc64699336876,"{""distance"":3,""physical_error_rate"":0.0001}","{""detection_events"":129,""detectors_checked"":497664}"
     19456,         0,         0,   0.390,decoder_by_matrix,e25b8d07214a8afb95d354611a83b9bb1ded39644e323a8585b3aabf687a4fff,"{""distance"":3,""physical_error_rate"":1e-05}","{""detection_events"":24,""detectors_checked"":1050624}"
     24576,         0,         0,   0.390,decoder_by_matrix,560c721f87db01d4cacf7dcb7d8812fecde61e9e7776d4b9e1b1a792578ecad7,"{""distance"":3,""physical_error_rate"":5e-06}","{""detectors_checked"":1327104}"
      9216,         2,         0,   0.397,decoder_by_matrix,f854eed952f7ffb52e4f578393718ba880ba0930c78fe51d50828fe06a713055,"{""distance"":3,""physical_error_rate"":0.001}","{""detection_events"":1155,""detectors_checked"":497664,""obs_mistake_mask=E"":2}"
      7168,        17,         0,   0.398,decoder_by_matrix,bf84ffc61868c0acf247eb3d31d6d1ff07feed51ae0b0770ddaf58683dcdd22c,"{""distance"":3,""physical_error_rate"":0.005}","{""detection_events"":5412,""detectors_checked"":387072,""obs_mistake_mask=E"":17}"
     11264,         0,         0,   0.399,decoder_by_matrix,beec9fd12293a9cfe53c9b61fb8ce2a525e4eed38fa75d132d6dc64699336876,"{""distance"":3,""physical_error_rate"":0.0001}","{""detection_events"":165,""detectors_checked"":608256}"
     18432,         0,         0,   0.397,decoder_by_matrix,e25b8d07214a8afb95d354611a83b9bb1ded39644e323a8585b3aabf687a4fff,"{""distance"":3,""physical_error_rate"":1e-05}","{""detection_events"":27,""detectors_checked"":995328}"
      9216,         0,         0,   0.395,decoder_by_matrix,5c8c81bfec719079c388cedc47a351f264c1bf769ae28a89f9b4fc7719fea501,"{""distance"":3,""physical_error_rate"":0.0005}","{""detection_events"":681,""detectors_checked"":497664}"
      9216,         0,         0,   0.390,decoder_by_matrix,beec9fd12293a9cfe53c9b61fb8ce2a525e4eed38fa75d132d6dc64699336876,"{""distance"":3,""physical_error_rate"":0.0001}","{""detection_events"":129,""detectors_checked"":497664}"
     36864,         0,         0,   0.647,decoder_by_matrix,560c721f87db01d4cacf7dcb7d8812fecde61e9e7776d4b9e1b1a792578ecad7,"{""distance"":3,""physical_error_rate"":5e-06}","{""detection_events"":15,""detectors_checked"":1990656}"
     11264,         0,         0,   0.523,decoder_by_matrix,5c8c81bfec719079c388cedc47a351f264c1bf769ae28a89f9b4fc7719fea501,"{""distance"":3,""physical_error_rate"":0.0005}","{""detection_events"":873,""detectors_checked"":608256}"
      8192,        53,         0,   0.505,decoder_by_matrix,dc80d1b5cd4a369885d36fbbadd410646ee6a9cd91075667cd6e1b71d0442655,"{""distance"":3,""physical_error_rate"":0.01}","{""detection_events"":11796,""detectors_checked"":442368,""obs_mistake_mask=E"":53}"
     16384,         0,         0,   0.632,decoder_by_matrix,beec9fd12293a9cfe53c9b61fb8ce2a525e4eed38fa75d132d6dc64699336876,"{""distance"":3,""physical_error_rate"":0.0001}","{""detection_events"":273,""detectors_checked"":884736}"
      8192,        53,         0,   0.403,decoder_by_matrix,dc80d1b5cd4a369885d36fbbadd410646ee6a9cd91075667cd6e1b71d0442655,"{""distance"":3,""physical_error_rate"":0.01}","{""detection_events"":10872,""detectors_checked"":442368,""obs_mistake_mask=E"":53}"
     24576,         0,         0,   0.435,decoder_by_matrix,560c721f87db01d4cacf7dcb7d8812fecde61e9e7776d4b9e1b1a792578ecad7,"{""distance"":3,""physical_error_rate"":5e-06}","{""detection_events"":30,""detectors_checked"":1327104}"
     15360,         0,         0,   0.459,decoder_by_matrix,36e3cd26fed5ec7649ec51fb08c1a5e7d7f30e615782d954fee045c18a4962ca,"{""distance"":3,""physical_error_rate"":5e-05}","{""detection_events"":90,""detectors_checked"":829440}"
     15360,         0,         0,   0.517,decoder_by_matrix,36e3cd26fed5ec7649ec51fb08c1a5e7d7f30e615782d954fee045c18a4962ca,"{""distance"":3,""physical_error_rate"":5e-05}","{""detection_events"":87,""detectors_checked"":829440}"
      9216,        16,         0,   0.518,decoder_by_matrix,bf84ffc61868c0acf247eb3d31d6d1ff07feed51ae0b0770ddaf58683dcdd22c,"{""distance"":3,""physical_error_rate"":0.005}","{""detection_events"":6825,""detectors_checked"":497664,""obs_mistake_mask=E"":16}"
     11264,        29,         0,   0.596,decoder_by_matrix,bf84ffc61868c0acf247eb3d31d6d1ff07feed51ae0b0770ddaf58683dcdd22c,"{""distance"":3,""physical_error_rate"":0.005}","{""detection_events"":8316,""detectors_checked"":608256,""obs_mistake_mask=E"":29}"
     11264,         1,         0,   0.522,decoder_by_matrix,f854eed952f7ffb52e4f578393718ba880ba0930c78fe51d50828fe06a713055,"{""distance"":3,""physical_error_rate"":0.001}","{""detection_events"":1626,""detectors_checked"":608256,""obs_mistake_mask=E"":1}"
     14336,         1,         0,   0.521,decoder_by_matrix,5c8c81bfec719079c388cedc47a351f264c1bf769ae28a89f9b4fc7719fea501,"{""distance"":3,""physical_error_rate"":0.0005}","{""detection_events"":1116,""detectors_checked"":774144,""obs_mistake_mask=E"":1}"
     34816,         0,         0,   0.522,decoder_by_matrix,e9839e3017c9ef118c4b8aeafef39e78c11ecbdb89764e9ca676a7dc2fb6d062,"{""distance"":3,""physical_error_rate"":1e-06}","{""detectors_checked"":1880064}"
      9216,        67,         0,   0.647,decoder_by_matrix,dc80d1b5cd4a369885d36fbbadd410646ee6a9cd91075667cd6e1b71d0442655,"{""distance"":3,""physical_error_rate"":0.01}","{""detection_events"":12534,""detectors_checked"":497664,""obs_mistake_mask=E"":67}"
     26624,         0,         0,   0.395,decoder_by_matrix,560c721f87db01d4cacf7dcb7d8812fecde61e9e7776d4b9e1b1a792578ecad7,"{""distance"":3,""physical_error_rate"":5e-06}","{""detection_events"":33,""detectors_checked"":1437696}"
     10240,        53,         0,   0.697,decoder_by_matrix,dc80d1b5cd4a369885d36fbbadd410646ee6a9cd91075667cd6e1b71d0442655,"{""distance"":3,""physical_error_rate"":0.01}","{""detection_events"":14646,""detectors_checked"":552960,""obs_mistake_mask=E"":53}"
     29696,         0,         0,   0.522,decoder_by_matrix,e9839e3017c9ef118c4b8aeafef39e78c11ecbdb89764e9ca676a7dc2fb6d062,"{""distance"":3,""physical_error_rate"":1e-06}","{""detection_events"":15,""detectors_checked"":1603584}"
     15360,         1,         0,   0.657,decoder_by_matrix,5c8c81bfec719079c388cedc47a351f264c1bf769ae28a89f9b4fc7719fea501,"{""distance"":3,""physical_error_rate"":0.0005}","{""detection_events"":1104,""detectors_checked"":829440,""obs_mistake_mask=E"":1}"
     12288,        20,         0,   0.657,decoder_by_matrix,bf84ffc61868c0acf247eb3d31d6d1ff07feed51ae0b0770ddaf58683dcdd22c,"{""distance"":3,""physical_error_rate"":0.005}","{""detection_events"":8346,""detectors_checked"":663552,""obs_mistake_mask=E"":20}"
     13312,         0,         0,   0.482,decoder_by_matrix,beec9fd12293a9cfe53c9b61fb8ce2a525e4eed38fa75d132d6dc64699336876,"{""distance"":3,""physical_error_rate"":0.0001}","{""detection_events"":177,""detectors_checked"":718848}"
     14336,         1,         0,   0.663,decoder_by_matrix,f854eed952f7ffb52e4f578393718ba880ba0930c78fe51d50828fe06a713055,"{""distance"":3,""physical_error_rate"":0.001}","{""detection_events"":2058,""detectors_checked"":774144,""obs_mistake_mask=E"":1}"
     20480,         0,         0,   0.390,decoder_by_matrix,e25b8d07214a8afb95d354611a83b9bb1ded39644e323a8585b3aabf687a4fff,"{""distance"":3,""physical_error_rate"":1e-05}","{""detection_events"":48,""detectors_checked"":1105920}"
     13312,         0,         0,   0.534,decoder_by_matrix,beec9fd12293a9cfe53c9b61fb8ce2a525e4eed38fa75d132d6dc64699336876,"{""distance"":3,""physical_error_rate"":0.0001}","{""detection_events"":222,""detectors_checked"":718848}"
     25600,         0,         0,   0.530,decoder_by_matrix,e25b8d07214a8afb95d354611a83b9bb1ded39644e323a8585b3aabf687a4fff,"{""distance"":3,""physical_error_rate"":1e-05}","{""detection_events"":33,""detectors_checked"":1382400}"
     18432,         0,         0,   0.624,decoder_by_matrix,36e3cd26fed5ec7649ec51fb08c1a5e7d7f30e615782d954fee045c18a4962ca,"{""distance"":3,""physical_error_rate"":5e-05}","{""detection_events"":141,""detectors_checked"":995328}"
     43008,         0,         0,   0.639,decoder_by_matrix,e9839e3017c9ef118c4b8aeafef39e78c11ecbdb89764e9ca676a7dc2fb6d062,"{""distance"":3,""physical_error_rate"":1e-06}","{""detectors_checked"":2322432}"
     12288,         0,         0,   0.527,decoder_by_matrix,f854eed952f7ffb52e4f578393718ba880ba0930c78fe51d50828fe06a713055,"{""distance"":3,""physical_error_rate"":0.001}","{""detection_events"":1632,""detectors_checked"":663552}"
     10240,        13,         0,   0.527,decoder_by_matrix,bf84ffc61868c0acf247eb3d31d6d1ff07feed51ae0b0770ddaf58683dcdd22c,"{""distance"":3,""physical_error_rate"":0.005}","{""detection_events"":7044,""detectors_checked"":552960,""obs_mistake_mask=E"":13}"
     14336,         1,         0,   0.641,decoder_by_matrix,f854eed952f7ffb52e4f578393718ba880ba0930c78fe51d50828fe06a713055,"{""distance"":3,""physical_error_rate"":0.001}","{""detection_events"":2016,""detectors_checked"":774144,""obs_mistake_mask=E"":1}"
     12288,         1,         0,   0.511,decoder_by_matrix,5c8c81bfec719079c388cedc47a351f264c1bf769ae28a89f9b4fc7719fea501,"{""distance"":3,""physical_error_rate"":0.0005}","{""detection_events"":948,""detectors_checked"":663552,""obs_mistake_mask=E"":1}"
     32768,         0,         0,   0.650,decoder_by_matrix,e25b8d07214a8afb95d354611a83b9bb1ded39644e323a8585b3aabf687a4fff,"{""distance"":3,""physical_error_rate"":1e-05}","{""detection_events"":36,""detectors_checked"":1769472}"
     14336,         0,         0,   0.524,decoder_by_matrix,beec9fd12293a9cfe53c9b61fb8ce2a525e4eed38fa75d132d6dc64699336876,"{""distance"":3,""physical_error_rate"":0.0001}","{""detection_events"":192,""detectors_checked"":774144}"
     10240,        86,         0,   0.645,decoder_by_matrix,dc80d1b5cd4a369885d36fbbadd410646ee6a9cd91075667cd6e1b71d0442655,"{""distance"":3,""physical_error_rate"":0.01}","{""detection_events"":14652,""detectors_checked"":552960,""obs_mistake_mask=E"":86}"
     23552,         0,         0,   0.619,decoder_by_matrix,36e3cd26fed5ec7649ec51fb08c1a5e7d7f30e615782d954fee045c18a4962ca,"{""distance"":3,""physical_error_rate"":5e-05}","{""detection_events"":141,""detectors_checked"":1271808}"
     16384,         0,         0,   0.667,decoder_by_matrix,5c8c81bfec719079c388cedc47a351f264c1bf769ae28a89f9b4fc7719fea501,"{""distance"":3,""physical_error_rate"":0.0005}","{""detection_events"":1161,""detectors_checked"":884736}"
     12288,        25,         0,   0.528,decoder_by_matrix,bf84ffc61868c0acf247eb3d31d6d1ff07feed51ae0b0770ddaf58683dcdd22c,"{""distance"":3,""physical_error_rate"":0.005}","{""detection_events"":8499,""detectors_checked"":663552,""obs_mistake_mask=E"":25}"
     10240,        64,         0,   0.656,decoder_by_matrix,dc80d1b5cd4a369885d36fbbadd410646ee6a9cd91075667cd6e1b71d0442655,"{""distance"":3,""physical_error_rate"":0.01}","{""detection_events"":14253,""detectors_checked"":552960,""obs_mistake_mask=E"":64}"
     36864,         0,         0,   0.654,decoder_by_matrix,560c721f87db01d4cacf7dcb7d8812fecde61e9e7776d4b9e1b1a792578ecad7,"{""distance"":3,""physical_error_rate"":5e-06}","{""detection_events"":18,""detectors_checked"":1990656}"
     20480,         0,         0,   0.655,decoder_by_matrix,36e3cd26fed5ec7649ec51fb08c1a5e7d7f30e615782d954fee045c18a4962ca,"{""distance"":3,""physical_error_rate"":5e-05}","{""detection_events"":105,""detectors_checked"":1105920}"
     14336,         1,         0,   0.647,decoder_by_matrix,f854eed952f7ffb52e4f578393718ba880ba0930c78fe51d50828fe06a713055,"{""distance"":3,""physical_error_rate"":0.001}","{""detection_events"":2148,""detectors_checked"":774144,""obs_mistake_mask=E"":1}"
     37888,         0,         0,   0.651,decoder_by_matrix,e9839e3017c9ef118c4b8aeafef39e78c11ecbdb89764e9ca676a7dc2fb6d062,"{""distance"":3,""physical_error_rate"":1e-06}","{""detection_events"":12,""detectors_checked"":2045952}"
     36864,         0,         0,   0.647,decoder_by_matrix,560c721f87db01d4cacf7dcb7d8812fecde61e9e7776d4b9e1b1a792578ecad7,"{""distance"":3,""physical_error_rate"":5e-06}","{""detection_events"":21,""detectors_checked"":1990656}"
     27648,         0,         0,   0.599,decoder_by_matrix,e25b8d07214a8afb95d354611a83b9bb1ded39644e323a8585b3aabf687a4fff,"{""distance"":3,""physical_error_rate"":1e-05}","{""detection_events"":42,""detectors_checked"":1492992}"
     41984,         0,         0,   0.651,decoder_by_matrix,e9839e3017c9ef118c4b8aeafef39e78c11ecbdb89764e9ca676a7dc2fb6d062,"{""distance"":3,""physical_error_rate"":1e-06}","{""detectors_checked"":2267136}"
     17408,         0,         0,   0.645,decoder_by_matrix,beec9fd12293a9cfe53c9b61fb8ce2a525e4eed38fa75d132d6dc64699336876,"{""distance"":3,""physical_error_rate"":0.0001}","{""detection_events"":198,""detectors_checked"":940032}"
     28672,         0,         0,   0.521,decoder_by_matrix,e25b8d07214a8afb95d354611a83b9bb1ded39644e323a8585b3aabf687a4fff,"{""distance"":3,""physical_error_rate"":1e-05}","{""detection_events"":57,""detectors_checked"":1548288}"
     16384,         0,         0,   0.642,decoder_by_matrix,beec9fd12293a9cfe53c9b61fb8ce2a525e4eed38fa75d132d6dc64699336876,"{""distance"":3,""physical_error_rate"":0.0001}","{""detection_events"":282,""detectors_checked"":884736}"
     14336,         1,         0,   0.640,decoder_by_matrix,f854eed952f7ffb52e4f578393718ba880ba0930c78fe51d50828fe06a713055,"{""distance"":3,""physical_error_rate"":0.001}","{""detection_events"":2136,""detectors_checked"":774144,""obs_mistake_mask=E"":1}"
     11264,        13,         0,   0.640,decoder_by_matrix,bf84ffc61868c0acf247eb3d31d6d1ff07feed51ae0b0770ddaf58683dcdd22c,"{""distance"":3,""physical_error_rate"":0.005}","{""detection_events"":8046,""detectors_checked"":608256,""obs_mistake_mask=E"":13}"
     15360,         0,         0,   0.654,decoder_by_matrix,5c8c81bfec719079c388cedc47a351f264c1bf769ae28a89f9b4fc7719fea501,"{""distance"":3,""physical_error_rate"":0.0005}","{""detection_events"":1035,""detectors_checked"":829440}"
     45056,         0,         0,   0.849,decoder_by_matrix,560c721f87db01d4cacf7dcb7d8812fecde61e9e7776d4b9e1b1a792578ecad7,"{""distance"":3,""physical_error_rate"":5e-06}","{""detection_events"":42,""detectors_checked"":2433024}"
     15360,        27,         0,   0.794,decoder_by_matrix,bf84ffc61868c0acf247eb3d31d6d1ff07feed51ae0b0770ddaf58683dcdd22c,"{""distance"":3,""physical_error_rate"":0.005}","{""detection_events"":10851,""detectors_checked"":829440,""obs_mistake_mask=E"":27}"
     12288,        74,         0,   0.793,decoder_by_matrix,dc80d1b5cd4a369885d36fbbadd410646ee6a9cd91075667cd6e1b71d0442655,"{""distance"":3,""physical_error_rate"":0.01}","{""detection_events"":17514,""detectors_checked"":663552,""obs_mistake_mask=E"":74}"
     19456,         0,         0,   0.645,decoder_by_matrix,beec9fd12293a9cfe53c9b61fb8ce2a525e4eed38fa75d132d6dc64699336876,"{""distance"":3,""physical_error_rate"":0.0001}","{""detection_events"":255,""detectors_checked"":1050624}"
     12288,        88,         0,   0.529,decoder_by_matrix,dc80d1b5cd4a369885d36fbbadd410646ee6a9cd91075667cd6e1b71d0442655,"{""distance"":3,""physical_error_rate"":0.01}","{""detection_events"":17454,""detectors_checked"":663552,""obs_mistake_mask=E"":88}"
     18432,         1,         0,   0.799,decoder_by_matrix,f854eed952f7ffb52e4f578393718ba880ba0930c78fe51d50828fe06a713055,"{""distance"":3,""physical_error_rate"":0.001}","{""detection_events"":2796,""detectors_checked"":995328,""obs_mistake_mask=E"":1}"
     24576,         0,         0,   0.906,decoder_by_matrix,beec9fd12293a9cfe53c9b61fb8ce2a525e4eed38fa75d132d6dc64699336876,"{""distance"":3,""physical_error_rate"":0.0001}","{""detection_events"":297,""detectors_checked"":1327104}"
     21504,         0,         0,   0.907,decoder_by_matrix,5c8c81bfec719079c388cedc47a351f264c1bf769ae28a89f9b4fc7719fea501,"{""distance"":3,""physical_error_rate"":0.0005}","{""detection_events"":1524,""detectors_checked"":1161216}"
     20480,         0,         0,   0.913,decoder_by_matrix,5c8c81bfec719079c388cedc47a351f264c1bf769ae28a89f9b4fc7719fea501,"{""distance"":3,""physical_error_rate"":0.0005}","{""detection_events"":1536,""detectors_checked"":1105920}"
     17408,        28,         0,   0.920,decoder_by_matrix,bf84ffc61868c0acf247eb3d31d6d1ff07feed51ae0b0770ddaf58683dcdd22c,"{""distance"":3,""physical_error_rate"":0.005}","{""detection_events"":12774,""detectors_checked"":940032,""obs_mistake_mask=E"":28}"
     26624,         0,         0,   0.896,decoder_by_matrix,36e3cd26fed5ec7649ec51fb08c1a5e7d7f30e615782d954fee045c18a4962ca,"{""distance"":3,""physical_error_rate"":5e-05}","{""detection_events"":192,""detectors_checked"":1437696}"
     56320,         0,         0,   0.895,decoder_by_matrix,e9839e3017c9ef118c4b8aeafef39e78c11ecbdb89764e9ca676a7dc2fb6d062,"{""distance"":3,""physical_error_rate"":1e-06}","{""detection_events"":6,""detectors_checked"":3041280}"
     20480,         1,         0,   0.776,decoder_by_matrix,f854eed952f7ffb52e4f578393718ba880ba0930c78fe51d50828fe06a713055,"{""distance"":3,""physical_error_rate"":0.001}","{""detection_events"":2886,""detectors_checked"":1105920,""obs_mistake_mask=E"":1}"
     46080,         0,         0,   0.892,decoder_by_matrix,e25b8d07214a8afb95d354611a83b9bb1ded39644e323a8585b3aabf687a4fff,"{""distance"":3,""physical_error_rate"":1e-05}","{""detection_events"":42,""detectors_checked"":2488320}"
     12288,        83,         0,   0.799,decoder_by_matrix,dc80d1b5cd4a369885d36fbbadd410646ee6a9cd91075667cd6e1b71d0442655,"{""distance"":3,""physical_error_rate"":0.01}","{""detection_events"":17865,""detectors_checked"":663552,""obs_mistake_mask=E"":83}"
     22528,         0,         0,   0.807,decoder_by_matrix,36e3cd26fed5ec7649ec51fb08c1a5e7d7f30e615782d954fee045c18a4962ca,"{""distance"":3,""physical_error_rate"":5e-05}","{""detection_events"":198,""detectors_checked"":1216512}"
     51200,         0,         0,   0.835,decoder_by_matrix,560c721f87db01d4cacf7dcb7d8812fecde61e9e7776d4b9e1b1a792578ecad7,"{""distance"":3,""physical_error_rate"":5e-06}","{""detection_events"":18,""detectors_checked"":2764800}"
     21504,         1,         0,   0.900,decoder_by_matrix,5c8c81bfec719079c388cedc47a351f264c1bf769ae28a89f9b4fc7719fea501,"{""distance"":3,""physical_error_rate"":0.0005}","{""detection_events"":1551,""detectors_checked"":1161216,""obs_mistake_mask=E"":1}"
     16384,        39,         0,   0.896,decoder_by_matrix,bf84ffc61868c0acf247eb3d31d6d1ff07feed51ae0b0770ddaf58683dcdd22c,"{""distance"":3,""physical_error_rate"":0.005}","{""detection_events"":11613,""detectors_checked"":884736,""obs_mistake_mask=E"":39}"
     14336,        92,         0,   0.898,decoder_by_matrix,dc80d1b5cd4a369885d36fbbadd410646ee6a9cd91075667cd6e1b71d0442655,"{""distance"":3,""physical_error_rate"":0.01}","{""detection_events"":19548,""detectors_checked"":774144,""obs_mistake_mask=E"":92}"
     50176,         0,         0,   0.773,decoder_by_matrix,560c721f87db01d4cacf7dcb7d8812fecde61e9e7776d4b9e1b1a792578ecad7,"{""distance"":3,""physical_error_rate"":5e-06}","{""detection_events"":57,""detectors_checked"":2709504}"
     31744,         0,         0,   0.897,decoder_by_matrix,36e3cd26fed5ec7649ec51fb08c1a5e7d7f30e615782d954fee045c18a4962ca,"{""distance"":3,""physical_error_rate"":5e-05}","{""detection_events"":201,""detectors_checked"":1714176}"
     20480,         5,         0,   0.912,decoder_by_matrix,f854eed952f7ffb52e4f578393718ba880ba0930c78fe51d50828fe06a713055,"{""distance"":3,""physical_error_rate"":0.001}","{""detection_events"":2964,""detectors_checked"":1105920,""obs_mistake_mask=E"":5}"
     55296,         0,         0,   0.907,decoder_by_matrix,e9839e3017c9ef118c4b8aeafef39e78c11ecbdb89764e9ca676a7dc2fb6d062,"{""distance"":3,""physical_error_rate"":1e-06}","{""detection_events"":18,""detectors_checked"":2985984}"
     48128,         0,         0,   0.903,decoder_by_matrix,e25b8d07214a8afb95d354611a83b9bb1ded39644e323a8585b3aabf687a4fff,"{""distance"":3,""physical_error_rate"":1e-05}","{""detection_events"":48,""detectors_checked"":2598912}"
     58368,         0,         0,   0.779,decoder_by_matrix,e9839e3017c9ef118c4b8aeafef39e78c11ecbdb89764e9ca676a7dc2fb6d062,"{""distance"":3,""physical_error_rate"":1e-06}","{""detection_events"":6,""detectors_checked"":3151872}"
     23552,         0,         0,   0.904,decoder_by_matrix,beec9fd12293a9cfe53c9b61fb8ce2a525e4eed38fa75d132d6dc64699336876,"{""distance"":3,""physical_error_rate"":0.0001}","{""detection_events"":387,""detectors_checked"":1271808}"
     23552,         0,         0,   0.902,decoder_by_matrix,beec9fd12293a9cfe53c9b61fb8ce2a525e4eed38fa75d132d6dc64699336876,"{""distance"":3,""physical_error_rate"":0.0001}","{""detection_events"":405,""detectors_checked"":1271808}"
     46080,         0,         0,   0.789,decoder_by_matrix,e25b8d07214a8afb95d354611a83b9bb1ded39644e323a8585b3aabf687a4fff,"{""distance"":3,""physical_error_rate"":1e-05}","{""detection_events"":51,""detectors_checked"":2488320}"
     17408,        31,         0,   0.893,decoder_by_matrix,bf84ffc61868c0acf247eb3d31d6d1ff07feed51ae0b0770ddaf58683dcdd22c,"{""distance"":3,""physical_error_rate"":0.005}","{""detection_events"":11778,""detectors_checked"":940032,""obs_mistake_mask=E"":31}"
     20480,         1,         0,   0.778,decoder_by_matrix,f854eed952f7ffb52e4f578393718ba880ba0930c78fe51d50828fe06a713055,"{""distance"":3,""physical_error_rate"":0.001}","{""detection_events"":2964,""detectors_checked"":1105920,""obs_mistake_mask=E"":1}"
     20480,         0,         0,   0.901,decoder_by_matrix,5c8c81bfec719079c388cedc47a351f264c1bf769ae28a89f9b4fc7719fea501,"{""distance"":3,""physical_error_rate"":0.0005}","{""detection_events"":1452,""detectors_checked"":1105920}"
     21504,         0,         0,   0.901,decoder_by_matrix,beec9fd12293a9cfe53c9b61fb8ce2a525e4eed38fa75d132d6dc64699336876,"{""distance"":3,""physical_error_rate"":0.0001}","{""detection_events"":402,""detectors_checked"":1161216}"
     67584,         0,         0,    1.03,decoder_by_matrix,560c721f87db01d4cacf7dcb7d8812fecde61e9e7776d4b9e1b1a792578ecad7,"{""distance"":3,""physical_error_rate"":5e-06}","{""detection_events"":39,""detectors_checked"":3649536}"
     19456,        32,         0,    1.16,decoder_by_matrix,bf84ffc61868c0acf247eb3d31d6d1ff07feed51ae0b0770ddaf58683dcdd22c,"{""distance"":3,""physical_error_rate"":0.005}","{""detection_events"":13842,""detectors_checked"":1050624,""obs_mistake_mask=E"":32}"
     17408,       119,         0,    1.17,decoder_by_matrix,dc80d1b5cd4a369885d36fbbadd410646ee6a9cd91075667cd6e1b71d0442655,"{""distance"":3,""physical_error_rate"":0.01}","{""detection_events"":24132,""detectors_checked"":940032,""obs_mistake_mask=E"":119}"
     16384,       103,         0,   0.909,decoder_by_matrix,dc80d1b5cd4a369885d36fbbadd410646ee6a9cd91075667cd6e1b71d0442655,"{""distance"":3,""physical_error_rate"":0.01}","{""detection_events"":23298,""detectors_checked"":884736,""obs_mistake_mask=E"":103}"
     26624,         4,         0,    1.17,decoder_by_matrix,f854eed952f7ffb52e4f578393718ba880ba0930c78fe51d50828fe06a713055,"{""distance"":3,""physical_error_rate"":0.001}","{""detection_events"":4227,""detectors_checked"":1437696,""obs_mistake_mask=E"":4}"
     28672,         0,         0,    1.16,decoder_by_matrix,beec9fd12293a9cfe53c9b61fb8ce2a525e4eed38fa75d132d6dc64699336876,"{""distance"":3,""physical_error_rate"":0.0001}","{""detection_events"":501,""detectors_checked"":1548288}"
     26624,         1,         0,    1.15,decoder_by_matrix,5c8c81bfec719079c388cedc47a351f264c1bf769ae28a89f9b4fc7719fea501,"{""distance"":3,""physical_error_rate"":0.0005}","{""detection_events"":1821,""detectors_checked"":1437696,""obs_mistake_mask=E"":1}"
     27648,         0,         0,    1.16,decoder_by_matrix,5c8c81bfec719079c388cedc47a351f264c1bf769ae28a89f9b4fc7719fea501,"{""distance"":3,""physical_error_rate"":0.0005}","{""detection_events"":2130,""detectors_checked"":1492992}"
     38912,         0,         0,    1.16,decoder_by_matrix,36e3cd26fed5ec7649ec51fb08c1a5e7d7f30e615782d954fee045c18a4962ca,"{""distance"":3,""physical_error_rate"":5e-05}","{""detection_events"":255,""detectors_checked"":2101248}"
     21504,        51,         0,    1.05,decoder_by_matrix,bf84ffc61868c0acf247eb3d31d6d1ff07feed51ae0b0770ddaf58683dcdd22c,"{""distance"":3,""physical_error_rate"":0.005}","{""detection_events"":15690,""detectors_checked"":1161216,""obs_mistake_mask=E"":51}"
     26624,         3,         0,    1.18,decoder_by_matrix,f854eed952f7ffb52e4f578393718ba880ba0930c78fe51d50828fe06a713055,"{""distance"":3,""physical_error_rate"":0.001}","{""detection_events"":3888,""detectors_checked"":1437696,""obs_mistake_mask=E"":3}"
     60416,         0,         0,    1.15,decoder_by_matrix,e25b8d07214a8afb95d354611a83b9bb1ded39644e323a8585b3aabf687a4fff,"{""distance"":3,""physical_error_rate"":1e-05}","{""detection_events"":51,""detectors_checked"":3262464}"
     80896,         0,         0,    1.10,decoder_by_matrix,e9839e3017c9ef118c4b8aeafef39e78c11ecbdb89764e9ca676a7dc2fb6d062,"{""distance"":3,""physical_error_rate"":1e-06}","{""detection_events"":6,""detectors_checked"":4368384}"
     18432,       131,         0,    1.18,decoder_by_matrix,dc80d1b5cd4a369885d36fbbadd410646ee6a9cd91075667cd6e1b71d0442655,"{""distance"":3,""physical_error_rate"":0.01}","{""detection_events"":26430,""detectors_checked"":995328,""obs_mistake_mask=E"":131}"
     32768,         0,         0,    1.19,decoder_by_matrix,36e3cd26fed5ec7649ec51fb08c1a5e7d7f30e615782d954fee045c18a4962ca,"{""distance"":3,""physical_error_rate"":5e-05}","{""detection_events"":285,""detectors_checked"":1769472}"
     25600,         0,         0,    1.12,decoder_by_matrix,5c8c81bfec719079c388cedc47a351f264c1bf769ae28a89f9b4fc7719fea501,"{""distance"":3,""physical_error_rate"":0.0005}","{""detection_events"":1938,""detectors_checked"":1382400}"
     21504,        38,         0,    1.14,decoder_by_matrix,bf84ffc61868c0acf247eb3d31d6d1ff07feed51ae0b0770ddaf58683dcdd22c,"{""distance"":3,""physical_error_rate"":0.005}","{""detection_events"":15255,""detectors_checked"":1161216,""obs_mistake_mask=E"":38}"
     62464,         0,         0,    1.16,decoder_by_matrix,560c721f87db01d4cacf7dcb7d8812fecde61e9e7776d4b9e1b1a792578ecad7,"{""distance"":3,""physical_error_rate"":5e-06}","{""detection_events"":60,""detectors_checked"":3373056}"
     35840,         0,         0,    1.14,decoder_by_matrix,36e3cd26fed5ec7649ec51fb08c1a5e7d7f30e615782d954fee045c18a4962ca,"{""distance"":3,""physical_error_rate"":5e-05}","{""detection_events"":249,""detectors_checked"":1935360}"
     25600,         1,         0,   0.995,decoder_by_matrix,f854eed952f7ffb52e4f578393718ba880ba0930c78fe51d50828fe06a713055,"{""distance"":3,""physical_error_rate"":0.001}","{""detection_events"":3507,""detectors_checked"":1382400,""obs_mistake_mask=E"":1}"
     17408,       106,         0,    1.16,decoder_by_matrix,dc80d1b5cd4a369885d36fbbadd410646ee6a9cd91075667cd6e1b71d0442655,"{""distance"":3,""physical_error_rate"":0.01}","{""detection_events"":24834,""detectors_checked"":940032,""obs_mistake_mask=E"":106}"
     76800,         0,         0,    1.02,decoder_by_matrix,e9839e3017c9ef118c4b8aeafef39e78c11ecbdb89764e9ca676a7dc2fb6d062,"{""distance"":3,""physical_error_rate"":1e-06}","{""detectors_checked"":4147200}"
     65536,         0,         0,    1.15,decoder_by_matrix,560c721f87db01d4cacf7dcb7d8812fecde61e9e7776d4b9e1b1a792578ecad7,"{""distance"":3,""physical_error_rate"":5e-06}","{""detection_events"":60,""detectors_checked"":3538944}"
     57344,         0,         0,    1.15,decoder_by_matrix,e25b8d07214a8afb95d354611a83b9bb1ded39644e323a8585b3aabf687a4fff,"{""distance"":3,""physical_error_rate"":1e-05}","{""detection_events"":90,""detectors_checked"":3096576}"
     74752,         0,         0,    1.15,decoder_by_matrix,e9839e3017c9ef118c4b8aeafef39e78c11ecbdb89764e9ca676a7dc2fb6d062,"{""distance"":3,""physical_error_rate"":1e-06}","{""detection_events"":9,""detectors_checked"":4036608}"
     57344,         0,         0,    1.14,decoder_by_matrix,e25b8d07214a8afb95d354611a83b9bb1ded39644e323a8585b3aabf687a4fff,"{""distance"":3,""physical_error_rate"":1e-05}","{""detection_events"":75,""detectors_checked"":3096576}"
     31744,         0,         0,    1.16,decoder_by_matrix,beec9fd12293a9cfe53c9b61fb8ce2a525e4eed38fa75d132d6dc64699336876,"{""distance"":3,""physical_error_rate"":0.0001}","{""detection_events"":408,""detectors_checked"":1714176}"
     24576,         4,         0,    1.15,decoder_by_matrix,f854eed952f7ffb52e4f578393718ba880ba0930c78fe51d50828fe06a713055,"{""distance"":3,""physical_error_rate"":0.001}","{""detection_events"":3762,""detectors_checked"":1327104,""obs_mistake_mask=E"":4}"
     26624,         1,         0,    1.14,decoder_by_matrix,5c8c81bfec719079c388cedc47a351f264c1bf769ae28a89f9b4fc7719fea501,"{""distance"":3,""physical_error_rate"":0.0005}","{""detection_events"":1848,""detectors_checked"":1437696,""obs_mistake_mask=E"":1}"
     21504,        33,         0,    1.18,decoder_by_matrix,bf84ffc61868c0acf247eb3d31d6d1ff07feed51ae0b0770ddaf58683dcdd22c,"{""distance"":3,""physical_error_rate"":0.005}","{""detection_events"":15069,""detectors_checked"":1161216,""obs_mistake_mask=E"":33}"
     30720,         0,         0,    1.22,decoder_by_matrix,beec9fd12293a9cfe53c9b61fb8ce2a525e4eed38fa75d132d6dc64699336876,"{""distance"":3,""physical_error_rate"":0.0001}","{""detection_events"":489,""detectors_checked"":1658880}"
     27648,         0,         0,    1.15,decoder_by_matrix,beec9fd12293a9cfe53c9b61fb8ce2a525e4eed38fa75d132d6dc64699336876,"{""distance"":3,""physical_error_rate"":0.0001}","{""detection_events"":504,""detectors_checked"":1492992}"
     28672,        41,         0,    1.58,decoder_by_matrix,bf84ffc61868c0acf247eb3d31d6d1ff07feed51ae0b0770ddaf58683dcdd22c,"{""distance"":3,""physical_error_rate"":0.005}","{""detection_events"":19869,""detectors_checked"":1548288,""obs_mistake_mask=E"":41}"
     34816,         4,         0,    1.56,decoder_by_matrix,f854eed952f7ffb52e4f578393718ba880ba0930c78fe51d50828fe06a713055,"{""distance"":3,""physical_error_rate"":0.001}","{""detection_events"":4824,""detectors_checked"":1880064,""obs_mistake_mask=E"":4}"
     98304,         0,         0,    1.65,decoder_by_matrix,560c721f87db01d4cacf7dcb7d8812fecde61e9e7776d4b9e1b1a792578ecad7,"{""distance"":3,""physical_error_rate"":5e-06}","{""detection_events"":27,""detectors_checked"":5308416}"
     25600,       174,         0,    1.66,decoder_by_matrix,dc80d1b5cd4a369885d36fbbadd410646ee6a9cd91075667cd6e1b71d0442655,"{""distance"":3,""physical_error_rate"":0.01}","{""detection_events"":35688,""detectors_checked"":1382400,""obs_mistake_mask=E"":174}"
     36864,         1,         0,    1.42,decoder_by_matrix,5c8c81bfec719079c388cedc47a351f264c1bf769ae28a89f9b4fc7719fea501,"{""distance"":3,""physical_error_rate"":0.0005}","{""detection_events"":2616,""detectors_checked"":1990656,""obs_mistake_mask=E"":1}"
     25600,       135,         0,    1.67,decoder_by_matrix,dc80d1b5cd4a369885d36fbbadd410646ee6a9cd91075667cd6e1b71d0442655,"{""distance"":3,""physical_error_rate"":0.01}","{""detection_events"":34677,""detectors_checked"":1382400,""obs_mistake_mask=E"":135}"
     43008,         0,         0,    1.65,decoder_by_matrix,beec9fd12293a9cfe53c9b61fb8ce2a525e4eed38fa75d132d6dc64699336876,"{""distance"":3,""physical_error_rate"":0.0001}","{""detection_events"":537,""detectors_checked"":2322432}"
     35840,         2,         0,    1.42,decoder_by_matrix,f854eed952f7ffb52e4f578393718ba880ba0930c78fe51d50828fe06a713055,"{""distance"":3,""physical_error_rate"":0.001}","{""detection_events"":5229,""detectors_checked"":1935360,""obs_mistake_mask=E"":2}"
     38912,         1,         0,    1.64,decoder_by_matrix,5c8c81bfec719079c388cedc47a351f264c1bf769ae28a89f9b4fc7719fea501,"{""distance"":3,""physical_error_rate"":0.0005}","{""detection_events"":3081,""detectors_checked"":2101248,""obs_mistake_mask=E"":1}"
     29696,        53,         0,    1.65,decoder_by_matrix,bf84ffc61868c0acf247eb3d31d6d1ff07feed51ae0b0770ddaf58683dcdd22c,"{""distance"":3,""physical_error_rate"":0.005}","{""detection_events"":21009,""detectors_checked"":1603584,""obs_mistake_mask=E"":53}"
     50176,         0,         0,    1.67,decoder_by_matrix,36e3cd26fed5ec7649ec51fb08c1a5e7d7f30e615782d954fee045c18a4962ca,"{""distance"":3,""physical_error_rate"":5e-05}","{""detection_events"":444,""detectors_checked"":2709504}"
     84992,         0,         0,    1.54,decoder_by_matrix,e25b8d07214a8afb95d354611a83b9bb1ded39644e323a8585b3aabf687a4fff,"{""distance"":3,""physical_error_rate"":1e-05}","{""detection_events"":129,""detectors_checked"":4589568}"
    109568,         0,         0,    1.67,decoder_by_matrix,e9839e3017c9ef118c4b8aeafef39e78c11ecbdb89764e9ca676a7dc2fb6d062,"{""distance"":3,""physical_error_rate"":1e-06}","{""detection_events"":12,""detectors_checked"":5916672}"
     24576,       162,         0,    1.58,decoder_by_matrix,dc80d1b5cd4a369885d36fbbadd410646ee6a9cd91075667cd6e1b71d0442655,"{""distance"":3,""physical_error_rate"":0.01}","{""detection_events"":34680,""detectors_checked"":1327104,""obs_mistake_mask=E"":162}"
     53248,         0,         0,    1.64,decoder_by_matrix,36e3cd26fed5ec7649ec51fb08c1a5e7d7f30e615782d954fee045c18a4962ca,"{""distance"":3,""physical_error_rate"":5e-05}","{""detection_events"":399,""detectors_checked"":2875392}"
     86016,         0,         0,    1.54,decoder_by_matrix,560c721f87db01d4cacf7dcb7d8812fecde61e9e7776d4b9e1b1a792578ecad7,"{""distance"":3,""physical_error_rate"":5e-06}","{""detection_events"":66,""detectors_checked"":4644864}"
     29696,        55,         0,    1.64,decoder_by_matrix,bf84ffc61868c0acf247eb3d31d6d1ff07feed51ae0b0770ddaf58683dcdd22c,"{""distance"":3,""physical_error_rate"":0.005}","{""detection_events"":21999,""detectors_checked"":1603584,""obs_mistake_mask=E"":55}"
     38912,         1,         0,    1.67,decoder_by_matrix,5c8c81bfec719079c388cedc47a351f264c1bf769ae28a89f9b4fc7719fea501,"{""distance"":3,""physical_error_rate"":0.0005}","{""detection_events"":2901,""detectors_checked"":2101248,""obs_mistake_mask=E"":1}"
     98304,         0,         0,    1.55,decoder_by_matrix,560c721f87db01d4cacf7dcb7d8812fecde61e9e7776d4b9e1b1a792578ecad7,"{""distance"":3,""physical_error_rate"":5e-06}","{""detection_events"":48,""detectors_checked"":5308416}"
     50176,         0,         0,    1.67,decoder_by_matrix,36e3cd26fed5ec7649ec51fb08c1a5e7d7f30e615782d954fee045c18a4962ca,"{""distance"":3,""physical_error_rate"":5e-05}","{""detection_events"":354,""detectors_checked"":2709504}"
     35840,         2,         0,    1.56,decoder_by_matrix,f854eed952f7ffb52e4f578393718ba880ba0930c78fe51d50828fe06a713055,"{""distance"":3,""physical_error_rate"":0.001}","{""detection_events"":5472,""detectors_checked"":1935360,""obs_mistake_mask=E"":2}"
     37888,         4,         0,    1.66,decoder_by_matrix,f854eed952f7ffb52e4f578393718ba880ba0930c78fe51d50828fe06a713055,"{""distance"":3,""physical_error_rate"":0.001}","{""detection_events"":5901,""detectors_checked"":2045952,""obs_mistake_mask=E"":4}"
     26624,       193,         0,    1.66,decoder_by_matrix,dc80d1b5cd4a369885d36fbbadd410646ee6a9cd91075667cd6e1b71d0442655,"{""distance"":3,""physical_error_rate"":0.01}","{""detection_events"":37137,""detectors_checked"":1437696,""obs_mistake_mask=E"":193}"
     90112,         0,         0,    1.48,decoder_by_matrix,e25b8d07214a8afb95d354611a83b9bb1ded39644e323a8585b3aabf687a4fff,"{""distance"":3,""physical_error_rate"":1e-05}","{""detection_events"":81,""detectors_checked"":4866048}"
    105472,         0,         0,    1.66,decoder_by_matrix,e9839e3017c9ef118c4b8aeafef39e78c11ecbdb89764e9ca676a7dc2fb6d062,"{""distance"":3,""physical_error_rate"":1e-06}","{""detection_events"":24,""detectors_checked"":5695488}"
     80896,         0,         0,    1.66,decoder_by_matrix,e25b8d07214a8afb95d354611a83b9bb1ded39644e323a8585b3aabf687a4fff,"{""distance"":3,""physical_error_rate"":1e-05}","{""detection_events"":129,""detectors_checked"":4368384}"
     39936,         0,         0,    1.57,decoder_by_matrix,beec9fd12293a9cfe53c9b61fb8ce2a525e4eed38fa75d132d6dc64699336876,"{""distance"":3,""physical_error_rate"":0.0001}","{""detection_events"":561,""detectors_checked"":2156544}"
    107520,         0,         0,    1.67,decoder_by_matrix,e9839e3017c9ef118c4b8aeafef39e78c11ecbdb89764e9ca676a7dc2fb6d062,"{""distance"":3,""physical_error_rate"":1e-06}","{""detection_events"":3,""detectors_checked"":5806080}"
     37888,         0,         0,    1.64,decoder_by_matrix,5c8c81bfec719079c388cedc47a351f264c1bf769ae28a89f9b4fc7719fea501,"{""distance"":3,""physical_error_rate"":0.0005}","{""detection_events"":2853,""detectors_checked"":2045952}"
     48128,         0,         0,    1.42,decoder_by_matrix,beec9fd12293a9cfe53c9b61fb8ce2a525e4eed38fa75d132d6dc64699336876,"{""distance"":3,""physical_error_rate"":0.0001}","{""detection_events"":561,""detectors_checked"":2598912}"
     30720,        52,         0,    1.67,decoder_by_matrix,bf84ffc61868c0acf247eb3d31d6d1ff07feed51ae0b0770ddaf58683dcdd22c,"{""distance"":3,""physical_error_rate"":0.005}","{""detection_events"":21768,""detectors_checked"":1658880,""obs_mistake_mask=E"":52}"
     46080,         0,         0,    1.68,decoder_by_matrix,beec9fd12293a9cfe53c9b61fb8ce2a525e4eed38fa75d132d6dc64699336876,"{""distance"":3,""physical_error_rate"":0.0001}","{""detection_events"":612,""detectors_checked"":2488320}"
     40960,        81,         0,    2.20,decoder_by_matrix,bf84ffc61868c0acf247eb3d31d6d1ff07feed51ae0b0770ddaf58683dcdd22c,"{""distance"":3,""physical_error_rate"":0.005}","{""detection_events"":29016,""detectors_checked"":2211840,""obs_mistake_mask=E"":81}"
     50176,         5,         0,    2.19,decoder_by_matrix,f854eed952f7ffb52e4f578393718ba880ba0930c78fe51d50828fe06a713055,"{""distance"":3,""physical_error_rate"":0.001}","{""detection_events"":7392,""detectors_checked"":2709504,""obs_mistake_mask=E"":5}"
    126976,         0,         0,    2.18,decoder_by_matrix,560c721f87db01d4cacf7dcb7d8812fecde61e9e7776d4b9e1b1a792578ecad7,"{""distance"":3,""physical_error_rate"":5e-06}","{""detection_events"":75,""detectors_checked"":6856704}"
     33792,       217,         0,    2.19,decoder_by_matrix,dc80d1b5cd4a369885d36fbbadd410646ee6a9cd91075667cd6e1b71d0442655,"{""distance"":3,""physical_error_rate"":0.01}","{""detection_events"":47964,""detectors_checked"":1824768,""obs_mistake_mask=E"":217}"
     51200,         2,         0,    2.22,decoder_by_matrix,5c8c81bfec719079c388cedc47a351f264c1bf769ae28a89f9b4fc7719fea501,"{""distance"":3,""physical_error_rate"":0.0005}","{""detection_events"":3711,""detectors_checked"":2764800,""obs_mistake_mask=E"":2}"
     58368,         1,         0,    1.93,decoder_by_matrix,beec9fd12293a9cfe53c9b61fb8ce2a525e4eed38fa75d132d6dc64699336876,"{""distance"":3,""physical_error_rate"":0.0001}","{""detection_events"":762,""detectors_checked"":3151872,""obs_mistake_mask=E"":1}"
     35840,       238,         0,    2.29,decoder_by_matrix,dc80d1b5cd4a369885d36fbbadd410646ee6a9cd91075667cd6e1b71d0442655,"{""distance"":3,""physical_error_rate"":0.01}","{""detection_events"":49650,""detectors_checked"":1935360,""obs_mistake_mask=E"":238}"
     41984,        65,         0,    2.24,decoder_by_matrix,bf84ffc61868c0acf247eb3d31d6d1ff07feed51ae0b0770ddaf58683dcdd22c,"{""distance"":3,""physical_error_rate"":0.005}","{""detection_events"":29718,""detectors_checked"":2267136,""obs_mistake_mask=E"":65}"
     51200,         4,         0,    2.30,decoder_by_matrix,f854eed952f7ffb52e4f578393718ba880ba0930c78fe51d50828fe06a713055,"{""distance"":3,""physical_error_rate"":0.001}","{""detection_events"":7854,""detectors_checked"":2764800,""obs_mistake_mask=E"":4}"
     53248,         0,         0,    2.29,decoder_by_matrix,5c8c81bfec719079c388cedc47a351f264c1bf769ae28a89f9b4fc7719fea501,"{""distance"":3,""physical_error_rate"":0.0005}","{""detection_events"":3750,""detectors_checked"":2875392}"
     71680,         0,         0,    2.30,decoder_by_matrix,36e3cd26fed5ec7649ec51fb08c1a5e7d7f30e615782d954fee045c18a4962ca,"{""distance"":3,""physical_error_rate"":5e-05}","{""detection_events"":573,""detectors_checked"":3870720}"
    140288,         0,         0,    2.11,decoder_by_matrix,e9839e3017c9ef118c4b8aeafef39e78c11ecbdb89764e9ca676a7dc2fb6d062,"{""distance"":3,""physical_error_rate"":1e-06}","{""detection_events"":12,""detectors_checked"":7575552}"
    115712,         0,         0,    2.14,decoder_by_matrix,e25b8d07214a8afb95d354611a83b9bb1ded39644e323a8585b3aabf687a4fff,"{""distance"":3,""physical_error_rate"":1e-05}","{""detection_events"":165,""detectors_checked"":6248448}"
     33792,       262,         0,    2.19,decoder_by_matrix,dc80d1b5cd4a369885d36fbbadd410646ee6a9cd91075667cd6e1b71d0442655,"{""distance"":3,""physical_error_rate"":0.01}","{""detection_events"":48024,""detectors_checked"":1824768,""obs_mistake_mask=E"":262}"
     69632,         0,         0,    2.25,decoder_by_matrix,36e3cd26fed5ec7649ec51fb08c1a5e7d7f30e615782d954fee045c18a4962ca,"{""distance"":3,""physical_error_rate"":5e-05}","{""detection_events"":510,""detectors_checked"":3760128}"
     50176,         1,         0,    2.18,decoder_by_matrix,f854eed952f7ffb52e4f578393718ba880ba0930c78fe51d50828fe06a713055,"{""distance"":3,""physical_error_rate"":0.001}","{""detection_events"":7275,""detectors_checked"":2709504,""obs_mistake_mask=E"":1}"
    135168,         0,         0,    2.16,decoder_by_matrix,560c721f87db01d4cacf7dcb7d8812fecde61e9e7776d4b9e1b1a792578ecad7,"{""distance"":3,""physical_error_rate"":5e-06}","{""detection_events"":84,""detectors_checked"":7299072}"
    111616,         0,         0,    2.06,decoder_by_matrix,e25b8d07214a8afb95d354611a83b9bb1ded39644e323a8585b3aabf687a4fff,"{""distance"":3,""physical_error_rate"":1e-05}","{""detection_events"":132,""detectors_checked"":6027264}"
     33792,       215,         0,    2.21,decoder_by_matrix,dc80d1b5cd4a369885d36fbbadd410646ee6a9cd91075667cd6e1b71d0442655,"{""distance"":3,""physical_error_rate"":0.01}","{""detection_events"":47229,""detectors_checked"":1824768,""obs_mistake_mask=E"":215}"
    139264,         0,         0,    2.20,decoder_by_matrix,e9839e3017c9ef118c4b8aeafef39e78c11ecbdb89764e9ca676a7dc2fb6d062,"{""distance"":3,""physical_error_rate"":1e-06}","{""detection_events"":21,""detectors_checked"":7520256}"
    113664,         0,         0,    2.19,decoder_by_matrix,e25b8d07214a8afb95d354611a83b9bb1ded39644e323a8585b3aabf687a4fff,"{""distance"":3,""physical_error_rate"":1e-05}","{""detection_events"":183,""detectors_checked"":6137856}"
     56320,         0,         0,    2.20,decoder_by_matrix,beec9fd12293a9cfe53c9b61fb8ce2a525e4eed38fa75d132d6dc64699336876,"{""distance"":3,""physical_error_rate"":0.0001}","{""detection_events"":879,""detectors_checked"":3041280}"
     43008,        80,         0,    2.30,decoder_by_matrix,bf84ffc61868c0acf247eb3d31d6d1ff07feed51ae0b0770ddaf58683dcdd22c,"{""distance"":3,""physical_error_rate"":0.005}","{""detection_events"":30846,""detectors_checked"":2322432,""obs_mistake_mask=E"":80}"
     55296,         0,         0,    2.30,decoder_by_matrix,5c8c81bfec719079c388cedc47a351f264c1bf769ae28a89f9b4fc7719fea501,"{""distance"":3,""physical_error_rate"":0.0005}","{""detection_events"":3987,""detectors_checked"":2985984}"
    125952,         0,         0,    2.04,decoder_by_matrix,560c721f87db01d4cacf7dcb7d8812fecde61e9e7776d4b9e1b1a792578ecad7,"{""distance"":3,""physical_error_rate"":5e-06}","{""detection_events"":123,""detectors_checked"":6801408}"
     70656,         0,         0,    2.29,decoder_by_matrix,36e3cd26fed5ec7649ec51fb08c1a5e7d7f30e615782d954fee045c18a4962ca,"{""distance"":3,""physical_error_rate"":5e-05}","{""detection_events"":564,""detectors_checked"":3815424}"
     52224,         3,         0,    2.18,decoder_by_matrix,f854eed952f7ffb52e4f578393718ba880ba0930c78fe51d50828fe06a713055,"{""distance"":3,""physical_error_rate"":0.001}","{""detection_events"":7446,""detectors_checked"":2820096,""obs_mistake_mask=E"":3}"
    146432,         0,         0,    2.11,decoder_by_matrix,e9839e3017c9ef118c4b8aeafef39e78c11ecbdb89764e9ca676a7dc2fb6d062,"{""distance"":3,""physical_error_rate"":1e-06}","{""detection_events"":3,""detectors_checked"":7907328}"
     40960,        75,         0,    1.93,decoder_by_matrix,bf84ffc61868c0acf247eb3d31d6d1ff07feed51ae0b0770ddaf58683dcdd22c,"{""distance"":3,""physical_error_rate"":0.005}","{""detection_events"":28542,""detectors_checked"":2211840,""obs_mistake_mask=E"":75}"
     60416,         0,         0,    2.25,decoder_by_matrix,beec9fd12293a9cfe53c9b61fb8ce2a525e4eed38fa75d132d6dc64699336876,"{""distance"":3,""physical_error_rate"":0.0001}","{""detection_events"":861,""detectors_checked"":3262464}"
     53248,         0,         0,    2.28,decoder_by_matrix,5c8c81bfec719079c388cedc47a351f264c1bf769ae28a89f9b4fc7719fea501,"{""distance"":3,""physical_error_rate"":0.0005}","{""detection_events"":4050,""detectors_checked"":2875392}"
     57344,         0,         0,    2.20,decoder_by_matrix,beec9fd12293a9cfe53c9b61fb8ce2a525e4eed38fa75d132d6dc64699336876,"{""distance"":3,""physical_error_rate"":0.0001}","{""detection_events"":780,""detectors_checked"":3096576}"
    166912,         0,         0,    2.92,decoder_by_matrix,560c721f87db01d4cacf7dcb7d8812fecde61e9e7776d4b9e1b1a792578ecad7,"{""distance"":3,""physical_error_rate"":5e-06}","{""detection_events"":144,""detectors_checked"":9013248}"
     69632,         4,         0,    3.09,decoder_by_matrix,f854eed952f7ffb52e4f578393718ba880ba0930c78fe51d50828fe06a713055,"{""distance"":3,""physical_error_rate"":0.001}","{""detection_events"":10434,""detectors_checked"":3760128,""obs_mistake_mask=E"":4}"
     57344,       103,         0,    3.14,decoder_by_matrix,bf84ffc61868c0acf247eb3d31d6d1ff07feed51ae0b0770ddaf58683dcdd22c,"{""distance"":3,""physical_error_rate"":0.005}","{""detection_events"":41748,""detectors_checked"":3096576,""obs_mistake_mask=E"":103}"
     47104,       268,         0,    3.11,decoder_by_matrix,dc80d1b5cd4a369885d36fbbadd410646ee6a9cd91075667cd6e1b71d0442655,"{""distance"":3,""physical_error_rate"":0.01}","{""detection_events"":65094,""detectors_checked"":2543616,""obs_mistake_mask=E"":268}"
     81920,         0,         0,    2.96,decoder_by_matrix,beec9fd12293a9cfe53c9b61fb8ce2a525e4eed38fa75d132d6dc64699336876,"{""distance"":3,""physical_error_rate"":0.0001}","{""detection_events"":1341,""detectors_checked"":4423680}"
     73728,         1,         0,    3.10,decoder_by_matrix,5c8c81bfec719079c388cedc47a351f264c1bf769ae28a89f9b4fc7719fea501,"{""distance"":3,""physical_error_rate"":0.0005}","{""detection_events"":5160,""detectors_checked"":3981312,""obs_mistake_mask=E"":1}"
     48128,       291,         0,    2.95,decoder_by_matrix,dc80d1b5cd4a369885d36fbbadd410646ee6a9cd91075667cd6e1b71d0442655,"{""distance"":3,""physical_error_rate"":0.01}","{""detection_events"":67581,""detectors_checked"":2598912,""obs_mistake_mask=E"":291}"
     56320,        91,         0,    3.05,decoder_by_matrix,bf84ffc61868c0acf247eb3d31d6d1ff07feed51ae0b0770ddaf58683dcdd22c,"{""distance"":3,""physical_error_rate"":0.005}","{""detection_events"":40785,""detectors_checked"":3041280,""obs_mistake_mask=E"":91}"
     70656,         5,         0,    2.95,decoder_by_matrix,f854eed952f7ffb52e4f578393718ba880ba0930c78fe51d50828fe06a713055,"{""distance"":3,""physical_error_rate"":0.001}","{""detection_events"":10086,""detectors_checked"":3815424,""obs_mistake_mask=E"":5}"
     72704,         0,         0,    3.06,decoder_by_matrix,5c8c81bfec719079c388cedc47a351f264c1bf769ae28a89f9b4fc7719fea501,"{""distance"":3,""physical_error_rate"":0.0005}","{""detection_events"":5238,""detectors_checked"":3926016}"
    198656,         0,         0,    2.92,decoder_by_matrix,e9839e3017c9ef118c4b8aeafef39e78c11ecbdb89764e9ca676a7dc2fb6d062,"{""distance"":3,""physical_error_rate"":1e-06}","{""detection_events"":21,""detectors_checked"":10727424}"
    100352,         0,         0,    3.09,decoder_by_matrix,36e3cd26fed5ec7649ec51fb08c1a5e7d7f30e615782d954fee045c18a4962ca,"{""distance"":3,""physical_error_rate"":5e-05}","{""detection_events"":657,""detectors_checked"":5419008}"
    151552,         0,         0,    3.10,decoder_by_matrix,e25b8d07214a8afb95d354611a83b9bb1ded39644e323a8585b3aabf687a4fff,"{""distance"":3,""physical_error_rate"":1e-05}","{""detection_events"":243,""detectors_checked"":8183808}"
     48128,       293,         0,    2.94,decoder_by_matrix,dc80d1b5cd4a369885d36fbbadd410646ee6a9cd91075667cd6e1b71d0442655,"{""distance"":3,""physical_error_rate"":0.01}","{""detection_events"":66978,""detectors_checked"":2598912,""obs_mistake_mask=E"":293}"
    174080,         0,         0,    2.94,decoder_by_matrix,560c721f87db01d4cacf7dcb7d8812fecde61e9e7776d4b9e1b1a792578ecad7,"{""distance"":3,""physical_error_rate"":5e-06}","{""detection_events"":111,""detectors_checked"":9400320}"
     70656,         3,         0,    2.96,decoder_by_matrix,f854eed952f7ffb52e4f578393718ba880ba0930c78fe51d50828fe06a713055,"{""distance"":3,""physical_error_rate"":0.001}","{""detection_events"":9801,""detectors_checked"":3815424,""obs_mistake_mask=E"":3}"
     92160,         0,         0,    3.01,decoder_by_matrix,36e3cd26fed5ec7649ec51fb08c1a5e7d7f30e615782d954fee045c18a4962ca,"{""distance"":3,""physical_error_rate"":5e-05}","{""detection_events"":735,""detectors_checked"":4976640}"
     48128,       301,         0,    3.07,decoder_by_matrix,dc80d1b5cd4a369885d36fbbadd410646ee6a9cd91075667cd6e1b71d0442655,"{""distance"":3,""physical_error_rate"":0.01}","{""detection_events"":67401,""detectors_checked"":2598912,""obs_mistake_mask=E"":301}"
    200704,         0,         0,    2.95,decoder_by_matrix,e9839e3017c9ef118c4b8aeafef39e78c11ecbdb89764e9ca676a7dc2fb6d062,"{""distance"":3,""physical_error_rate"":1e-06}","{""detection_events"":18,""detectors_checked"":10838016}"
    150528,         0,         0,    3.07,decoder_by_matrix,e25b8d07214a8afb95d354611a83b9bb1ded39644e323a8585b3aabf687a4fff,"{""distance"":3,""physical_error_rate"":1e-05}","{""detection_events"":264,""detectors_checked"":8128512}"
     79872,         1,         0,    3.07,decoder_by_matrix,beec9fd12293a9cfe53c9b61fb8ce2a525e4eed38fa75d132d6dc64699336876,"{""distance"":3,""physical_error_rate"":0.0001}","{""detection_events"":1209,""detectors_checked"":4313088,""obs_mistake_mask=E"":1}"
     98304,         0,         0,    3.05,decoder_by_matrix,36e3cd26fed5ec7649ec51fb08c1a5e7d7f30e615782d954fee045c18a4962ca,"{""distance"":3,""physical_error_rate"":5e-05}","{""detection_events"":744,""detectors_checked"":5308416}"
     72704,         1,         0,    3.07,decoder_by_matrix,5c8c81bfec719079c388cedc47a351f264c1bf769ae28a89f9b4fc7719fea501,"{""distance"":3,""physical_error_rate"":0.0005}","{""detection_events"":4920,""detectors_checked"":3926016,""obs_mistake_mask=E"":1}"
     57344,        99,         0,    2.96,decoder_by_matrix,bf84ffc61868c0acf247eb3d31d6d1ff07feed51ae0b0770ddaf58683dcdd22c,"{""distance"":3,""physical_error_rate"":0.005}","{""detection_events"":41376,""detectors_checked"":3096576,""obs_mistake_mask=E"":99}"
    153600,         0,         0,    3.14,decoder_by_matrix,e25b8d07214a8afb95d354611a83b9bb1ded39644e323a8585b3aabf687a4fff,"{""distance"":3,""physical_error_rate"":1e-05}","{""detection_events"":273,""detectors_checked"":8294400}"
    195584,         0,         0,    2.80,decoder_by_matrix,e9839e3017c9ef118c4b8aeafef39e78c11ecbdb89764e9ca676a7dc2fb6d062,"{""distance"":3,""physical_error_rate"":1e-06}","{""detection_events"":21,""detectors_checked"":10561536}"
    161792,         0,         0,    2.83,decoder_by_matrix,560c721f87db01d4cacf7dcb7d8812fecde61e9e7776d4b9e1b1a792578ecad7,"{""distance"":3,""physical_error_rate"":5e-06}","{""detection_events"":180,""detectors_checked"":8736768}"
     56320,        98,         0,    3.08,decoder_by_matrix,bf84ffc61868c0acf247eb3d31d6d1ff07feed51ae0b0770ddaf58683dcdd22c,"{""distance"":3,""physical_error_rate"":0.005}","{""detection_events"":40119,""detectors_checked"":3041280,""obs_mistake_mask=E"":98}"
     70656,         3,         0,    3.14,decoder_by_matrix,f854eed952f7ffb52e4f578393718ba880ba0930c78fe51d50828fe06a713055,"{""distance"":3,""physical_error_rate"":0.001}","{""detection_events"":10527,""detectors_checked"":3815424,""obs_mistake_mask=E"":3}"
     80896,         0,         0,    3.09,decoder_by_matrix,beec9fd12293a9cfe53c9b61fb8ce2a525e4eed38fa75d132d6dc64699336876,"{""distance"":3,""physical_error_rate"":0.0001}","{""detection_events"":1101,""detectors_checked"":4368384}"
     73728,         1,         0,    3.12,decoder_by_matrix,5c8c81bfec719079c388cedc47a351f264c1bf769ae28a89f9b4fc7719fea501,"{""distance"":3,""physical_error_rate"":0.0005}","{""detection_events"":4974,""detectors_checked"":3981312,""obs_mistake_mask=E"":1}"
     83968,         0,         0,    2.91,decoder_by_matrix,beec9fd12293a9cfe53c9b61fb8ce2a525e4eed38fa75d132d6dc64699336876,"{""distance"":3,""physical_error_rate"":0.0001}","{""detection_events"":1086,""detectors_checked"":4534272}"
    237568,         0,         0,    3.65,decoder_by_matrix,560c721f87db01d4cacf7dcb7d8812fecde61e9e7776d4b9e1b1a792578ecad7,"{""distance"":3,""physical_error_rate"":5e-06}","{""detection_events"":189,""detectors_checked"":12828672}"
     99328,         7,         0,    4.24,decoder_by_matrix,f854eed952f7ffb52e4f578393718ba880ba0930c78fe51d50828fe06a713055,"{""distance"":3,""physical_error_rate"":0.001}","{""detection_events"":14334,""detectors_checked"":5363712,""obs_mistake_mask=E"":7}"
     79872,       120,         0,    4.36,decoder_by_matrix,bf84ffc61868c0acf247eb3d31d6d1ff07feed51ae0b0770ddaf58683dcdd22c,"{""distance"":3,""physical_error_rate"":0.005}","{""detection_events"":56625,""detectors_checked"":4313088,""obs_mistake_mask=E"":120}"
     68608,       440,         0,    4.37,decoder_by_matrix,dc80d1b5cd4a369885d36fbbadd410646ee6a9cd91075667cd6e1b71d0442655,"{""distance"":3,""physical_error_rate"":0.01}","{""detection_events"":96153,""detectors_checked"":3704832,""obs_mistake_mask=E"":440}"
    115712,         0,         0,    4.25,decoder_by_matrix,beec9fd12293a9cfe53c9b61fb8ce2a525e4eed38fa75d132d6dc64699336876,"{""distance"":3,""physical_error_rate"":0.0001}","{""detection_events"":1644,""detectors_checked"":6248448}"
    102400,         1,         0,    4.37,decoder_by_matrix,5c8c81bfec719079c388cedc47a351f264c1bf769ae28a89f9b4fc7719fea501,"{""distance"":3,""physical_error_rate"":0.0005}","{""detection_events"":7482,""detectors_checked"":5529600,""obs_mistake_mask=E"":1}"
     66560,       405,         0,    4.26,decoder_by_matrix,dc80d1b5cd4a369885d36fbbadd410646ee6a9cd91075667cd6e1b71d0442655,"{""distance"":3,""physical_error_rate"":0.01}","{""detection_events"":93714,""detectors_checked"":3594240,""obs_mistake_mask=E"":405}"
     97280,         8,         0,    4.17,decoder_by_matrix,f854eed952f7ffb52e4f578393718ba880ba0930c78fe51d50828fe06a713055,"{""distance"":3,""physical_error_rate"":0.001}","{""detection_events"":14376,""detectors_checked"":5253120,""obs_mistake_mask=E"":8}"
    100352,         2,         0,    4.30,decoder_by_matrix,5c8c81bfec719079c388cedc47a351f264c1bf769ae28a89f9b4fc7719fea501,"{""distance"":3,""physical_error_rate"":0.0005}","{""detection_events"":7563,""detectors_checked"":5419008,""obs_mistake_mask=E"":2}"
     80896,       128,         0,    4.36,decoder_by_matrix,bf84ffc61868c0acf247eb3d31d6d1ff07feed51ae0b0770ddaf58683dcdd22c,"{""distance"":3,""physical_error_rate"":0.005}","{""detection_events"":58221,""detectors_checked"":4368384,""obs_mistake_mask=E"":128}"
    125952,         0,         0,    4.31,decoder_by_matrix,36e3cd26fed5ec7649ec51fb08c1a5e7d7f30e615782d954fee045c18a4962ca,"{""distance"":3,""physical_error_rate"":5e-05}","{""detection_events"":1191,""detectors_checked"":6801408}"
    279552,         0,         0,    4.26,decoder_by_matrix,e9839e3017c9ef118c4b8aeafef39e78c11ecbdb89764e9ca676a7dc2fb6d062,"{""distance"":3,""physical_error_rate"":1e-06}","{""detection_events"":39,""detectors_checked"":15095808}"
    222208,         0,         0,    4.32,decoder_by_matrix,e25b8d07214a8afb95d354611a83b9bb1ded39644e323a8585b3aabf687a4fff,"{""distance"":3,""physical_error_rate"":1e-05}","{""detection_events"":279,""detectors_checked"":11999232}"
     67584,       375,         0,    4.16,decoder_by_matrix,dc80d1b5cd4a369885d36fbbadd410646ee6a9cd91075667cd6e1b71d0442655,"{""distance"":3,""physical_error_rate"":0.01}","{""detection_events"":92844,""detectors_checked"":3649536,""obs_mistake_mask=E"":375}"
     97280,         4,         0,    4.15,decoder_by_matrix,f854eed952f7ffb52e4f578393718ba880ba0930c78fe51d50828fe06a713055,"{""distance"":3,""physical_error_rate"":0.001}","{""detection_events"":13338,""detectors_checked"":5253120,""obs_mistake_mask=E"":4}"
    233472,         0,         0,    4.22,decoder_by_matrix,560c721f87db01d4cacf7dcb7d8812fecde61e9e7776d4b9e1b1a792578ecad7,"{""distance"":3,""physical_error_rate"":5e-06}","{""detection_events"":255,""detectors_checked"":12607488}"
    283648,         0,         0,    4.19,decoder_by_matrix,e9839e3017c9ef118c4b8aeafef39e78c11ecbdb89764e9ca676a7dc2fb6d062,"{""distance"":3,""physical_error_rate"":1e-06}","{""detection_events"":15,""detectors_checked"":15316992}"
     66560,       435,         0,    4.34,decoder_by_matrix,dc80d1b5cd4a369885d36fbbadd410646ee6a9cd91075667cd6e1b71d0442655,"{""distance"":3,""physical_error_rate"":0.01}","{""detection_events"":93012,""detectors_checked"":3594240,""obs_mistake_mask=E"":435}"
    275456,         0,         0,    4.04,decoder_by_matrix,e9839e3017c9ef118c4b8aeafef39e78c11ecbdb89764e9ca676a7dc2fb6d062,"{""distance"":3,""physical_error_rate"":1e-06}","{""detection_events"":33,""detectors_checked"":14874624}"
    122880,         0,         0,    4.19,decoder_by_matrix,36e3cd26fed5ec7649ec51fb08c1a5e7d7f30e615782d954fee045c18a4962ca,"{""distance"":3,""physical_error_rate"":5e-05}","{""detection_events"":1191,""detectors_checked"":6635520}"
    210944,         0,         0,    4.22,decoder_by_matrix,e25b8d07214a8afb95d354611a83b9bb1ded39644e323a8585b3aabf687a4fff,"{""distance"":3,""physical_error_rate"":1e-05}","{""detection_events"":408,""detectors_checked"":11390976}"
     80896,       150,         0,    4.19,decoder_by_matrix,bf84ffc61868c0acf247eb3d31d6d1ff07feed51ae0b0770ddaf58683dcdd22c,"{""distance"":3,""physical_error_rate"":0.005}","{""detection_events"":57687,""detectors_checked"":4368384,""obs_mistake_mask=E"":150}"
     79872,       141,         0,    4.15,decoder_by_matrix,bf84ffc61868c0acf247eb3d31d6d1ff07feed51ae0b0770ddaf58683dcdd22c,"{""distance"":3,""physical_error_rate"":0.005}","{""detection_events"":56658,""detectors_checked"":4313088,""obs_mistake_mask=E"":141}"
    140288,         0,         0,    4.25,decoder_by_matrix,36e3cd26fed5ec7649ec51fb08c1a5e7d7f30e615782d954fee045c18a4962ca,"{""distance"":3,""physical_error_rate"":5e-05}","{""detection_events"":897,""detectors_checked"":7575552}"
    115712,         0,         0,    4.22,decoder_by_matrix,beec9fd12293a9cfe53c9b61fb8ce2a525e4eed38fa75d132d6dc64699336876,"{""distance"":3,""physical_error_rate"":0.0001}","{""detection_events"":1680,""detectors_checked"":6248448}"
    102400,         3,         0,    4.23,decoder_by_matrix,5c8c81bfec719079c388cedc47a351f264c1bf769ae28a89f9b4fc7719fea501,"{""distance"":3,""physical_error_rate"":0.0005}","{""detection_events"":7311,""detectors_checked"":5529600,""obs_mistake_mask=E"":3}"
    232448,         0,         0,    4.23,decoder_by_matrix,e25b8d07214a8afb95d354611a83b9bb1ded39644e323a8585b3aabf687a4fff,"{""distance"":3,""physical_error_rate"":1e-05}","{""detection_events"":249,""detectors_checked"":12552192}"
    250880,         0,         0,    4.23,decoder_by_matrix,560c721f87db01d4cacf7dcb7d8812fecde61e9e7776d4b9e1b1a792578ecad7,"{""distance"":3,""physical_error_rate"":5e-06}","{""detection_events"":156,""detectors_checked"":13547520}"
     98304,        10,         0,    4.11,decoder_by_matrix,f854eed952f7ffb52e4f578393718ba880ba0930c78fe51d50828fe06a713055,"{""distance"":3,""physical_error_rate"":0.001}","{""detection_events"":14259,""detectors_checked"":5308416,""obs_mistake_mask=E"":10}"
    115712,         1,         0,    4.19,decoder_by_matrix,beec9fd12293a9cfe53c9b61fb8ce2a525e4eed38fa75d132d6dc64699336876,"{""distance"":3,""physical_error_rate"":0.0001}","{""detection_events"":1899,""detectors_checked"":6248448,""obs_mistake_mask=E"":1}"
    102400,         3,         0,    4.35,decoder_by_matrix,5c8c81bfec719079c388cedc47a351f264c1bf769ae28a89f9b4fc7719fea501,"{""distance"":3,""physical_error_rate"":0.0005}","{""detection_events"":7452,""detectors_checked"":5529600,""obs_mistake_mask=E"":3}"
    115712,         0,         0,    3.64,decoder_by_matrix,beec9fd12293a9cfe53c9b61fb8ce2a525e4eed38fa75d132d6dc64699336876,"{""distance"":3,""physical_error_rate"":0.0001}","{""detection_events"":1638,""detectors_checked"":6248448}"
    335872,         0,         0,    5.89,decoder_by_matrix,560c721f87db01d4cacf7dcb7d8812fecde61e9e7776d4b9e1b1a792578ecad7,"{""distance"":3,""physical_error_rate"":5e-06}","{""detection_events"":291,""detectors_checked"":18137088}"
    135168,         9,         0,    5.73,decoder_by_matrix,f854eed952f7ffb52e4f578393718ba880ba0930c78fe51d50828fe06a713055,"{""distance"":3,""physical_error_rate"":0.001}","{""detection_events"":20298,""detectors_checked"":7299072,""obs_mistake_mask=E"":9}"
    110592,       206,         0,    5.90,decoder_by_matrix,bf84ffc61868c0acf247eb3d31d6d1ff07feed51ae0b0770ddaf58683dcdd22c,"{""distance"":3,""physical_error_rate"":0.005}","{""detection_events"":78282,""detectors_checked"":5971968,""obs_mistake_mask=E"":206}"
     92160,       594,         0,    5.86,decoder_by_matrix,dc80d1b5cd4a369885d36fbbadd410646ee6a9cd91075667cd6e1b71d0442655,"{""distance"":3,""physical_error_rate"":0.01}","{""detection_events"":129804,""detectors_checked"":4976640,""obs_mistake_mask=E"":594}"
    140288,         1,         0,    6.00,decoder_by_matrix,5c8c81bfec719079c388cedc47a351f264c1bf769ae28a89f9b4fc7719fea501,"{""distance"":3,""physical_error_rate"":0.0005}","{""detection_events"":10128,""detectors_checked"":7575552,""obs_mistake_mask=E"":1}"
     93184,       507,         0,    5.98,decoder_by_matrix,dc80d1b5cd4a369885d36fbbadd410646ee6a9cd91075667cd6e1b71d0442655,"{""distance"":3,""physical_error_rate"":0.01}","{""detection_events"":127812,""detectors_checked"":5031936,""obs_mistake_mask=E"":507}"
    160768,         0,         0,    5.94,decoder_by_matrix,beec9fd12293a9cfe53c9b61fb8ce2a525e4eed38fa75d132d6dc64699336876,"{""distance"":3,""physical_error_rate"":0.0001}","{""detection_events"":2328,""detectors_checked"":8681472}"
    136192,        11,         0,    5.99,decoder_by_matrix,f854eed952f7ffb52e4f578393718ba880ba0930c78fe51d50828fe06a713055,"{""distance"":3,""physical_error_rate"":0.001}","{""detection_events"":20442,""detectors_checked"":7354368,""obs_mistake_mask=E"":11}"
    141312,         1,         0,    5.77,decoder_by_matrix,5c8c81bfec719079c388cedc47a351f264c1bf769ae28a89f9b4fc7719fea501,"{""distance"":3,""physical_error_rate"":0.0005}","{""detection_events"":10143,""detectors_checked"":7630848,""obs_mistake_mask=E"":1}"
    111616,       179,         0,    5.77,decoder_by_matrix,bf84ffc61868c0acf247eb3d31d6d1ff07feed51ae0b0770ddaf58683dcdd22c,"{""distance"":3,""physical_error_rate"":0.005}","{""detection_events"":82008,""detectors_checked"":6027264,""obs_mistake_mask=E"":179}"
    182272,         0,         0,    5.99,decoder_by_matrix,36e3cd26fed5ec7649ec51fb08c1a5e7d7f30e615782d954fee045c18a4962ca,"{""distance"":3,""physical_error_rate"":5e-05}","{""detection_events"":1512,""detectors_checked"":9842688}"
    382976,         0,         0,    5.93,decoder_by_matrix,e9839e3017c9ef118c4b8aeafef39e78c11ecbdb89764e9ca676a7dc2fb6d062,"{""distance"":3,""physical_error_rate"":1e-06}","{""detection_events"":78,""detectors_checked"":20680704}"
    303104,         0,         0,    5.66,decoder_by_matrix,e25b8d07214a8afb95d354611a83b9bb1ded39644e323a8585b3aabf687a4fff,"{""distance"":3,""physical_error_rate"":1e-05}","{""detection_events"":402,""detectors_checked"":16367616}"
     94208,       611,         0,    5.90,decoder_by_matrix,dc80d1b5cd4a369885d36fbbadd410646ee6a9cd91075667cd6e1b71d0442655,"{""distance"":3,""physical_error_rate"":0.01}","{""detection_events"":133395,""detectors_checked"":5087232,""obs_mistake_mask=E"":611}"
    135168,        10,         0,    5.98,decoder_by_matrix,f854eed952f7ffb52e4f578393718ba880ba0930c78fe51d50828fe06a713055,"{""distance"":3,""physical_error_rate"":0.001}","{""detection_events"":20421,""detectors_checked"":7299072,""obs_mistake_mask=E"":10}"
    339968,         0,         0,    5.86,decoder_by_matrix,560c721f87db01d4cacf7dcb7d8812fecde61e9e7776d4b9e1b1a792578ecad7,"{""distance"":3,""physical_error_rate"":5e-06}","{""detection_events"":225,""detectors_checked"":18358272}"
    387072,         0,         0,    5.76,decoder_by_matrix,e9839e3017c9ef118c4b8aeafef39e78c11ecbdb89764e9ca676a7dc2fb6d062,"{""distance"":3,""physical_error_rate"":1e-06}","{""detection_events"":48,""detectors_checked"":20901888}"
    304128,         0,         0,    5.86,decoder_by_matrix,e25b8d07214a8afb95d354611a83b9bb1ded39644e323a8585b3aabf687a4fff,"{""distance"":3,""physical_error_rate"":1e-05}","{""detection_events"":408,""detectors_checked"":16422912}"
    111616,       193,         0,    5.75,decoder_by_matrix,bf84ffc61868c0acf247eb3d31d6d1ff07feed51ae0b0770ddaf58683dcdd22c,"{""distance"":3,""physical_error_rate"":0.005}","{""detection_events"":80646,""detectors_checked"":6027264,""obs_mistake_mask=E"":193}"
    111616,       174,         0,    5.63,decoder_by_matrix,bf84ffc61868c0acf247eb3d31d6d1ff07feed51ae0b0770ddaf58683dcdd22c,"{""distance"":3,""physical_error_rate"":0.005}","{""detection_events"":78960,""detectors_checked"":6027264,""obs_mistake_mask=E"":174}"
     94208,       600,         0,    6.03,decoder_by_matrix,dc80d1b5cd4a369885d36fbbadd410646ee6a9cd91075667cd6e1b71d0442655,"{""distance"":3,""physical_error_rate"":0.01}","{""detection_events"":129900,""detectors_checked"":5087232,""obs_mistake_mask=E"":600}"
    141312,         4,         0,    6.00,decoder_by_matrix,5c8c81bfec719079c388cedc47a351f264c1bf769ae28a89f9b4fc7719fea501,"{""distance"":3,""physical_error_rate"":0.0005}","{""detection_events"":10740,""detectors_checked"":7630848,""obs_mistake_mask=E"":4}"
    183296,         0,         0,    6.04,decoder_by_matrix,36e3cd26fed5ec7649ec51fb08c1a5e7d7f30e615782d954fee045c18a4962ca,"{""distance"":3,""physical_error_rate"":5e-05}","{""detection_events"":1257,""detectors_checked"":9897984}"
    388096,         0,         0,    5.92,decoder_by_matrix,e9839e3017c9ef118c4b8aeafef39e78c11ecbdb89764e9ca676a7dc2fb6d062,"{""distance"":3,""physical_error_rate"":1e-06}","{""detection_events"":51,""detectors_checked"":20957184}"
    306176,         0,         0,    5.87,decoder_by_matrix,e25b8d07214a8afb95d354611a83b9bb1ded39644e323a8585b3aabf687a4fff,"{""distance"":3,""physical_error_rate"":1e-05}","{""detection_events"":393,""detectors_checked"":16533504}"
    330752,         0,         0,    6.01,decoder_by_matrix,560c721f87db01d4cacf7dcb7d8812fecde61e9e7776d4b9e1b1a792578ecad7,"{""distance"":3,""physical_error_rate"":5e-06}","{""detection_events"":327,""detectors_checked"":17860608}"
    202752,         0,         0,    5.80,decoder_by_matrix,36e3cd26fed5ec7649ec51fb08c1a5e7d7f30e615782d954fee045c18a4962ca,"{""distance"":3,""physical_error_rate"":5e-05}","{""detection_events"":1356,""detectors_checked"":10948608}"
    160768,         0,         0,    6.07,decoder_by_matrix,beec9fd12293a9cfe53c9b61fb8ce2a525e4eed38fa75d132d6dc64699336876,"{""distance"":3,""physical_error_rate"":0.0001}","{""detection_events"":2124,""detectors_checked"":8681472}"
    136192,         6,         0,    6.04,decoder_by_matrix,f854eed952f7ffb52e4f578393718ba880ba0930c78fe51d50828fe06a713055,"{""distance"":3,""physical_error_rate"":0.001}","{""detection_events"":19119,""detectors_checked"":7354368,""obs_mistake_mask=E"":6}"
    160768,         1,         0,    5.65,decoder_by_matrix,beec9fd12293a9cfe53c9b61fb8ce2a525e4eed38fa75d132d6dc64699336876,"{""distance"":3,""physical_error_rate"":0.0001}","{""detection_events"":2442,""detectors_checked"":8681472,""obs_mistake_mask=E"":1}"
    155648,         0,         0,    5.91,decoder_by_matrix,beec9fd12293a9cfe53c9b61fb8ce2a525e4eed38fa75d132d6dc64699336876,"{""distance"":3,""physical_error_rate"":0.0001}","{""detection_events"":2493,""detectors_checked"":8404992}"
    143360,         4,         0,    5.85,decoder_by_matrix,5c8c81bfec719079c388cedc47a351f264c1bf769ae28a89f9b4fc7719fea501,"{""distance"":3,""physical_error_rate"":0.0005}","{""detection_events"":10095,""detectors_checked"":7741440,""obs_mistake_mask=E"":4}"
    485376,         0,         0,    8.20,decoder_by_matrix,560c721f87db01d4cacf7dcb7d8812fecde61e9e7776d4b9e1b1a792578ecad7,"{""distance"":3,""physical_error_rate"":5e-06}","{""detection_events"":306,""detectors_checked"":26210304}"
    191488,        11,         0,    8.31,decoder_by_matrix,f854eed952f7ffb52e4f578393718ba880ba0930c78fe51d50828fe06a713055,"{""distance"":3,""physical_error_rate"":0.001}","{""detection_events"":28266,""detectors_checked"":10340352,""obs_mistake_mask=E"":11}"
    129024,       812,         0,    8.38,decoder_by_matrix,dc80d1b5cd4a369885d36fbbadd410646ee6a9cd91075667cd6e1b71d0442655,"{""distance"":3,""physical_error_rate"":0.01}","{""detection_events"":181209,""detectors_checked"":6967296,""obs_mistake_mask=E"":812}"
    156672,       260,         0,    8.35,decoder_by_matrix,bf84ffc61868c0acf247eb3d31d6d1ff07feed51ae0b0770ddaf58683dcdd22c,"{""distance"":3,""physical_error_rate"":0.005}","{""detection_events"":110259,""detectors_checked"":8460288,""obs_mistake_mask=E"":260}"
    215040,         0,         0,    8.25,decoder_by_matrix,beec9fd12293a9cfe53c9b61fb8ce2a525e4eed38fa75d132d6dc64699336876,"{""distance"":3,""physical_error_rate"":0.0001}","{""detection_events"":3405,""detectors_checked"":11612160}"
    198656,         2,         0,    8.47,decoder_by_matrix,5c8c81bfec719079c388cedc47a351f264c1bf769ae28a89f9b4fc7719fea501,"{""distance"":3,""physical_error_rate"":0.0005}","{""detection_events"":14373,""detectors_checked"":10727424,""obs_mistake_mask=E"":2}"
    192512,        11,         0,    8.30,decoder_by_matrix,f854eed952f7ffb52e4f578393718ba880ba0930c78fe51d50828fe06a713055,"{""distance"":3,""physical_error_rate"":0.001}","{""detection_events"":28023,""detectors_checked"":10395648,""obs_mistake_mask=E"":11}"
    131072,       841,         0,    8.23,decoder_by_matrix,dc80d1b5cd4a369885d36fbbadd410646ee6a9cd91075667cd6e1b71d0442655,"{""distance"":3,""physical_error_rate"":0.01}","{""detection_events"":182148,""detectors_checked"":7077888,""obs_mistake_mask=E"":841}"
    197632,         3,         0,    8.29,decoder_by_matrix,5c8c81bfec719079c388cedc47a351f264c1bf769ae28a89f9b4fc7719fea501,"{""distance"":3,""physical_error_rate"":0.0005}","{""detection_events"":14628,""detectors_checked"":10672128,""obs_mistake_mask=E"":3}"
    156672,       289,         0,    8.41,decoder_by_matrix,bf84ffc61868c0acf247eb3d31d6d1ff07feed51ae0b0770ddaf58683dcdd22c,"{""distance"":3,""physical_error_rate"":0.005}","{""detection_events"":111900,""detectors_checked"":8460288,""obs_mistake_mask=E"":289}"
      3072,        18,         0,   0.257,decoder_by_matrix,dc80d1b5cd4a369885d36fbbadd410646ee6a9cd91075667cd6e1b71d0442655,"{""distance"":3,""physical_error_rate"":0.01}","{""detection_events"":4437,""detectors_checked"":165888,""obs_mistake_mask=E"":18}"
    257024,         0,         0,    8.32,decoder_by_matrix,36e3cd26fed5ec7649ec51fb08c1a5e7d7f30e615782d954fee045c18a4962ca,"{""distance"":3,""physical_error_rate"":5e-05}","{""detection_events"":2043,""detectors_checked"":13879296}"
    130048,       782,         0,    7.85,decoder_by_matrix,dc80d1b5cd4a369885d36fbbadd410646ee6a9cd91075667cd6e1b71d0442655,"{""distance"":3,""physical_error_rate"":0.01}","{""detection_events"":180624,""detectors_checked"":7022592,""obs_mistake_mask=E"":782}"
    123904,       846,         0,    7.83,decoder_by_matrix,dc80d1b5cd4a369885d36fbbadd410646ee6a9cd91075667cd6e1b71d0442655,"{""distance"":3,""physical_error_rate"":0.01}","{""detection_events"":175512,""detectors_checked"":6690816,""obs_mistake_mask=E"":846}"
      2048,        19,         0,   0.121,decoder_by_matrix,dc80d1b5cd4a369885d36fbbadd410646ee6a9cd91075667cd6e1b71d0442655,"{""distance"":3,""physical_error_rate"":0.01}","{""detection_events"":3021,""detectors_checked"":110592,""obs_mistake_mask=E"":19}"
    430080,         0,         0,    8.04,decoder_by_matrix,e25b8d07214a8afb95d354611a83b9bb1ded39644e323a8585b3aabf687a4fff,"{""distance"":3,""physical_error_rate"":1e-05}","{""detection_events"":609,""detectors_checked"":23224320}"
    540672,         0,         0,    8.07,decoder_by_matrix,e9839e3017c9ef118c4b8aeafef39e78c11ecbdb89764e9ca676a7dc2fb6d062,"{""distance"":3,""physical_error_rate"":1e-06}","{""detection_events"":75,""detectors_checked"":29196288}"
      5393,         0,         0,   0.010,decoder_by_matrix,560c721f87db01d4cacf7dcb7d8812fecde61e9e7776d4b9e1b1a792578ecad7,"{""distance"":3,""physical_error_rate"":5e-06}","{""detection_events"":12,""detectors_checked"":291222}"
         1,         0,         0,   0.000,decoder_by_matrix,e25b8d07214a8afb95d354611a83b9bb1ded39644e323a8585b3aabf687a4fff,"{""distance"":3,""physical_error_rate"":1e-05}","{""detectors_checked"":54}"
         1,         0,         0,   0.000,decoder_by_matrix,36e3cd26fed5ec7649ec51fb08c1a5e7d7f30e615782d954fee045c18a4962ca,"{""distance"":3,""physical_error_rate"":5e-05}","{""detectors_checked"":54}"
         1,         0,         0,   0.000,decoder_by_matrix,e9839e3017c9ef118c4b8aeafef39e78c11ecbdb89764e9ca676a7dc2fb6d062,"{""distance"":3,""physical_error_rate"":1e-06}","{""detectors_checked"":54}"
      8464,         0,         0,   0.014,decoder_by_matrix,e25b8d07214a8afb95d354611a83b9bb1ded39644e323a8585b3aabf687a4fff,"{""distance"":3,""physical_error_rate"":1e-05}","{""detection_events"":21,""detectors_checked"":457056}"
      7440,         0,         0,   0.014,decoder_by_matrix,36e3cd26fed5ec7649ec51fb08c1a5e7d7f30e615782d954fee045c18a4962ca,"{""distance"":3,""physical_error_rate"":5e-05}","{""detection_events"":33,""detectors_checked"":401760}"
     11536,         0,         0,   0.014,decoder_by_matrix,e9839e3017c9ef118c4b8aeafef39e78c11ecbdb89764e9ca676a7dc2fb6d062,"{""distance"":3,""physical_error_rate"":1e-06}","{""detection_events"":12,""detectors_checked"":622944}"
     10240,         0,         0,   0.157,decoder_by_matrix,560c721f87db01d4cacf7dcb7d8812fecde61e9e7776d4b9e1b1a792578ecad7,"{""distance"":3,""physical_error_rate"":5e-06}","{""detectors_checked"":552960}"
    192512,         9,         0,    8.18,decoder_by_matrix,f854eed952f7ffb52e4f578393718ba880ba0930c78fe51d50828fe06a713055,"{""distance"":3,""physical_error_rate"":0.001}","{""detection_events"":28188,""detectors_checked"":10395648,""obs_mistake_mask=E"":9}"
      2048,         0,         0,   0.091,decoder_by_matrix,e25b8d07214a8afb95d354611a83b9bb1ded39644e323a8585b3aabf687a4fff,"{""distance"":3,""physical_error_rate"":1e-05}","{""detectors_checked"":110592}"
      2048,         0,         0,   0.093,decoder_by_matrix,36e3cd26fed5ec7649ec51fb08c1a5e7d7f30e615782d954fee045c18a4962ca,"{""distance"":3,""physical_error_rate"":5e-05}","{""detection_events"":21,""detectors_checked"":110592}"
      3072,         0,         0,   0.095,decoder_by_matrix,e9839e3017c9ef118c4b8aeafef39e78c11ecbdb89764e9ca676a7dc2fb6d062,"{""distance"":3,""physical_error_rate"":1e-06}","{""detectors_checked"":165888}"
    427008,         0,         0,    8.11,decoder_by_matrix,e25b8d07214a8afb95d354611a83b9bb1ded39644e323a8585b3aabf687a4fff,"{""distance"":3,""physical_error_rate"":1e-05}","{""detection_events"":555,""detectors_checked"":23058432}"
    479232,         0,         0,    7.77,decoder_by_matrix,560c721f87db01d4cacf7dcb7d8812fecde61e9e7776d4b9e1b1a792578ecad7,"{""distance"":3,""physical_error_rate"":5e-06}","{""detection_events"":315,""detectors_checked"":25878528}"
      7168,         0,         0,   0.130,decoder_by_matrix,560c721f87db01d4cacf7dcb7d8812fecde61e9e7776d4b9e1b1a792578ecad7,"{""distance"":3,""physical_error_rate"":5e-06}","{""detection_events"":3,""detectors_checked"":387072}"
    156672,       278,         0,    8.38,decoder_by_matrix,bf84ffc61868c0acf247eb3d31d6d1ff07feed51ae0b0770ddaf58683dcdd22c,"{""distance"":3,""physical_error_rate"":0.005}","{""detection_events"":114156,""detectors_checked"":8460288,""obs_mistake_mask=E"":278}"
    536576,         0,         0,    7.77,decoder_by_matrix,e9839e3017c9ef118c4b8aeafef39e78c11ecbdb89764e9ca676a7dc2fb6d062,"{""distance"":3,""physical_error_rate"":1e-06}","{""detection_events"":75,""detectors_checked"":28975104}"
    156672,       255,         0,    8.15,decoder_by_matrix,bf84ffc61868c0acf247eb3d31d6d1ff07feed51ae0b0770ddaf58683dcdd22c,"{""distance"":3,""physical_error_rate"":0.005}","{""detection_events"":113361,""detectors_checked"":8460288,""obs_mistake_mask=E"":255}"
      7168,         0,         0,   0.127,decoder_by_matrix,e25b8d07214a8afb95d354611a83b9bb1ded39644e323a8585b3aabf687a4fff,"{""distance"":3,""physical_error_rate"":1e-05}","{""detection_events"":12,""detectors_checked"":387072}"
      3072,         0,         0,   0.125,decoder_by_matrix,36e3cd26fed5ec7649ec51fb08c1a5e7d7f30e615782d954fee045c18a4962ca,"{""distance"":3,""physical_error_rate"":5e-05}","{""detection_events"":12,""detectors_checked"":165888}"
      8192,         0,         0,   0.126,decoder_by_matrix,e9839e3017c9ef118c4b8aeafef39e78c11ecbdb89764e9ca676a7dc2fb6d062,"{""distance"":3,""physical_error_rate"":1e-06}","{""detectors_checked"":442368}"
    539648,         0,         0,    8.14,decoder_by_matrix,e9839e3017c9ef118c4b8aeafef39e78c11ecbdb89764e9ca676a7dc2fb6d062,"{""distance"":3,""physical_error_rate"":1e-06}","{""detection_events"":69,""detectors_checked"":29140992}"
    198656,         5,         0,    8.29,decoder_by_matrix,5c8c81bfec719079c388cedc47a351f264c1bf769ae28a89f9b4fc7719fea501,"{""distance"":3,""physical_error_rate"":0.0005}","{""detection_events"":14811,""detectors_checked"":10727424,""obs_mistake_mask=E"":5}"
    475136,         0,         0,    8.17,decoder_by_matrix,560c721f87db01d4cacf7dcb7d8812fecde61e9e7776d4b9e1b1a792578ecad7,"{""distance"":3,""physical_error_rate"":5e-06}","{""detection_events"":342,""detectors_checked"":25657344}"
    251904,         0,         0,    8.02,decoder_by_matrix,36e3cd26fed5ec7649ec51fb08c1a5e7d7f30e615782d954fee045c18a4962ca,"{""distance"":3,""physical_error_rate"":5e-05}","{""detection_events"":1893,""detectors_checked"":13602816}"
    420864,         0,         0,    8.18,decoder_by_matrix,e25b8d07214a8afb95d354611a83b9bb1ded39644e323a8585b3aabf687a4fff,"{""distance"":3,""physical_error_rate"":1e-05}","{""detection_events"":624,""detectors_checked"":22726656}"
      5120,         0,         0,   0.130,decoder_by_matrix,560c721f87db01d4cacf7dcb7d8812fecde61e9e7776d4b9e1b1a792578ecad7,"{""distance"":3,""physical_error_rate"":5e-06}","{""detection_events"":12,""detectors_checked"":276480}"
    266240,         0,         0,    8.48,decoder_by_matrix,36e3cd26fed5ec7649ec51fb08c1a5e7d7f30e615782d954fee045c18a4962ca,"{""distance"":3,""physical_error_rate"":5e-05}","{""detection_events"":2010,""detectors_checked"":14376960}"
      4096,         0,         0,   0.112,decoder_by_matrix,e25b8d07214a8afb95d354611a83b9bb1ded39644e323a8585b3aabf687a4fff,"{""distance"":3,""physical_error_rate"":1e-05}","{""detection_events"":12,""detectors_checked"":221184}"
    189440,        12,         0,    8.12,decoder_by_matrix,f854eed952f7ffb52e4f578393718ba880ba0930c78fe51d50828fe06a713055,"{""distance"":3,""physical_error_rate"":0.001}","{""detection_events"":28170,""detectors_checked"":10229760,""obs_mistake_mask=E"":12}"
      6144,         0,         0,   0.113,decoder_by_matrix,e9839e3017c9ef118c4b8aeafef39e78c11ecbdb89764e9ca676a7dc2fb6d062,"{""distance"":3,""physical_error_rate"":1e-06}","{""detectors_checked"":331776}"
      3072,         0,         0,   0.133,decoder_by_matrix,36e3cd26fed5ec7649ec51fb08c1a5e7d7f30e615782d954fee045c18a4962ca,"{""distance"":3,""physical_error_rate"":5e-05}","{""detection_events"":27,""detectors_checked"":165888}"
    217088,         1,         0,    8.33,decoder_by_matrix,beec9fd12293a9cfe53c9b61fb8ce2a525e4eed38fa75d132d6dc64699336876,"{""distance"":3,""physical_error_rate"":0.0001}","{""detection_events"":2928,""detectors_checked"":11722752,""obs_mistake_mask=E"":1}"
    217088,         0,         0,    7.89,decoder_by_matrix,beec9fd12293a9cfe53c9b61fb8ce2a525e4eed38fa75d132d6dc64699336876,"{""distance"":3,""physical_error_rate"":0.0001}","{""detection_events"":3468,""detectors_checked"":11722752}"
      9216,         0,         0,   0.135,decoder_by_matrix,560c721f87db01d4cacf7dcb7d8812fecde61e9e7776d4b9e1b1a792578ecad7,"{""distance"":3,""physical_error_rate"":5e-06}","{""detectors_checked"":497664}"
    220160,         0,         0,    7.92,decoder_by_matrix,beec9fd12293a9cfe53c9b61fb8ce2a525e4eed38fa75d132d6dc64699336876,"{""distance"":3,""physical_error_rate"":0.0001}","{""detection_events"":3180,""detectors_checked"":11888640}"
      6144,         0,         0,   0.123,decoder_by_matrix,e25b8d07214a8afb95d354611a83b9bb1ded39644e323a8585b3aabf687a4fff,"{""distance"":3,""physical_error_rate"":1e-05}","{""detectors_checked"":331776}"
      8192,         0,         0,   0.123,decoder_by_matrix,e9839e3017c9ef118c4b8aeafef39e78c11ecbdb89764e9ca676a7dc2fb6d062,"{""distance"":3,""physical_error_rate"":1e-06}","{""detectors_checked"":442368}"
      3072,         0,         0,   0.127,decoder_by_matrix,36e3cd26fed5ec7649ec51fb08c1a5e7d7f30e615782d954fee045c18a4962ca,"{""distance"":3,""physical_error_rate"":5e-05}","{""detection_events"":24,""detectors_checked"":165888}"
    197632,         4,         0,    8.11,decoder_by_matrix,5c8c81bfec719079c388cedc47a351f264c1bf769ae28a89f9b4fc7719fea501,"{""distance"":3,""physical_error_rate"":0.0005}","{""detection_events"":14238,""detectors_checked"":10672128,""obs_mistake_mask=E"":4}"
      7168,         0,         0,   0.123,decoder_by_matrix,560c721f87db01d4cacf7dcb7d8812fecde61e9e7776d4b9e1b1a792578ecad7,"{""distance"":3,""physical_error_rate"":5e-06}","{""detectors_checked"":387072}"
      5120,         0,         0,   0.107,decoder_by_matrix,e25b8d07214a8afb95d354611a83b9bb1ded39644e323a8585b3aabf687a4fff,"{""distance"":3,""physical_error_rate"":1e-05}","{""detection_events"":9,""detectors_checked"":276480}"
      8192,         0,         0,   0.128,decoder_by_matrix,e9839e3017c9ef118c4b8aeafef39e78c11ecbdb89764e9ca676a7dc2fb6d062,"{""distance"":3,""physical_error_rate"":1e-06}","{""detectors_checked"":442368}"
      4096,         0,         0,   0.003,decoder_by_matrix,36e3cd26fed5ec7649ec51fb08c1a5e7d7f30e615782d954fee045c18a4962ca,"{""distance"":3,""physical_error_rate"":5e-05}","{""detection_events"":6,""detectors_checked"":221184}"
      8192,         0,         0,   0.129,decoder_by_matrix,560c721f87db01d4cacf7dcb7d8812fecde61e9e7776d4b9e1b1a792578ecad7,"{""distance"":3,""physical_error_rate"":5e-06}","{""detectors_checked"":442368}"
      6144,         0,         0,   0.129,decoder_by_matrix,e25b8d07214a8afb95d354611a83b9bb1ded39644e323a8585b3aabf687a4fff,"{""distance"":3,""physical_error_rate"":1e-05}","{""detection_events"":3,""detectors_checked"":331776}"
      8192,         0,         0,   0.129,decoder_by_matrix,e9839e3017c9ef118c4b8aeafef39e78c11ecbdb89764e9ca676a7dc2fb6d062,"{""distance"":3,""physical_error_rate"":1e-06}","{""detectors_checked"":442368}"
      5120,         0,         0,   0.130,decoder_by_matrix,36e3cd26fed5ec7649ec51fb08c1a5e7d7f30e615782d954fee045c18a4962ca,"{""distance"":3,""physical_error_rate"":5e-05}","{""detection_events"":48,""detectors_checked"":276480}"
      5120,         0,         0,   0.115,decoder_by_matrix,560c721f87db01d4cacf7dcb7d8812fecde61e9e7776d4b9e1b1a792578ecad7,"{""distance"":3,""physical_error_rate"":5e-06}","{""detection_events"":6,""detectors_checked"":276480}"
     11264,         0,         0,   0.256,decoder_by_matrix,e25b8d07214a8afb95d354611a83b9bb1ded39644e323a8585b3aabf687a4fff,"{""distance"":3,""physical_error_rate"":1e-05}","{""detection_events"":27,""detectors_checked"":608256}"
     17408,         0,         0,   0.257,decoder_by_matrix,e9839e3017c9ef118c4b8aeafef39e78c11ecbdb89764e9ca676a7dc2fb6d062,"{""distance"":3,""physical_error_rate"":1e-06}","{""detectors_checked"":940032}"
      8192,         0,         0,   0.257,decoder_by_matrix,36e3cd26fed5ec7649ec51fb08c1a5e7d7f30e615782d954fee045c18a4962ca,"{""distance"":3,""physical_error_rate"":5e-05}","{""detection_events"":27,""detectors_checked"":442368}"
     13312,         0,         0,   0.128,decoder_by_matrix,560c721f87db01d4cacf7dcb7d8812fecde61e9e7776d4b9e1b1a792578ecad7,"{""distance"":3,""physical_error_rate"":5e-06}","{""detection_events"":15,""detectors_checked"":718848}"
     14336,         0,         0,   0.274,decoder_by_matrix,e25b8d07214a8afb95d354611a83b9bb1ded39644e323a8585b3aabf687a4fff,"{""distance"":3,""physical_error_rate"":1e-05}","{""detection_events"":12,""detectors_checked"":774144}"
     16384,         0,         0,   0.254,decoder_by_matrix,e9839e3017c9ef118c4b8aeafef39e78c11ecbdb89764e9ca676a7dc2fb6d062,"{""distance"":3,""physical_error_rate"":1e-06}","{""detectors_checked"":884736}"
      7168,         0,         0,   0.254,decoder_by_matrix,36e3cd26fed5ec7649ec51fb08c1a5e7d7f30e615782d954fee045c18a4962ca,"{""distance"":3,""physical_error_rate"":5e-05}","{""detection_events"":60,""detectors_checked"":387072}"
     12288,         0,         0,   0.255,decoder_by_matrix,560c721f87db01d4cacf7dcb7d8812fecde61e9e7776d4b9e1b1a792578ecad7,"{""distance"":3,""physical_error_rate"":5e-06}","{""detection_events"":15,""detectors_checked"":663552}"
     17408,         0,         0,   0.370,decoder_by_matrix,e25b8d07214a8afb95d354611a83b9bb1ded39644e323a8585b3aabf687a4fff,"{""distance"":3,""physical_error_rate"":1e-05}","{""detection_events"":27,""detectors_checked"":940032}"
     20480,         0,         0,   0.374,decoder_by_matrix,e9839e3017c9ef118c4b8aeafef39e78c11ecbdb89764e9ca676a7dc2fb6d062,"{""distance"":3,""physical_error_rate"":1e-06}","{""detection_events"":24,""detectors_checked"":1105920}"
     11264,         0,         0,   0.391,decoder_by_matrix,36e3cd26fed5ec7649ec51fb08c1a5e7d7f30e615782d954fee045c18a4962ca,"{""distance"":3,""physical_error_rate"":5e-05}","{""detection_events"":93,""detectors_checked"":608256}"
     21504,         0,         0,   0.385,decoder_by_matrix,560c721f87db01d4cacf7dcb7d8812fecde61e9e7776d4b9e1b1a792578ecad7,"{""distance"":3,""physical_error_rate"":5e-06}","{""detection_events"":18,""detectors_checked"":1161216}"
     28672,         0,         0,   0.383,decoder_by_matrix,e25b8d07214a8afb95d354611a83b9bb1ded39644e323a8585b3aabf687a4fff,"{""distance"":3,""physical_error_rate"":1e-05}","{""detection_events"":27,""detectors_checked"":1548288}"
     30720,         0,         0,   0.508,decoder_by_matrix,e9839e3017c9ef118c4b8aeafef39e78c11ecbdb89764e9ca676a7dc2fb6d062,"{""distance"":3,""physical_error_rate"":1e-06}","{""detection_events"":6,""detectors_checked"":1658880}"
     17408,         0,         0,   0.388,decoder_by_matrix,36e3cd26fed5ec7649ec51fb08c1a5e7d7f30e615782d954fee045c18a4962ca,"{""distance"":3,""physical_error_rate"":5e-05}","{""detection_events"":102,""detectors_checked"":940032}"
     30720,         0,         0,   0.512,decoder_by_matrix,560c721f87db01d4cacf7dcb7d8812fecde61e9e7776d4b9e1b1a792578ecad7,"{""distance"":3,""physical_error_rate"":5e-06}","{""detection_events"":15,""detectors_checked"":1658880}"
     33792,         0,         0,   0.635,decoder_by_matrix,e25b8d07214a8afb95d354611a83b9bb1ded39644e323a8585b3aabf687a4fff,"{""distance"":3,""physical_error_rate"":1e-05}","{""detection_events"":24,""detectors_checked"":1824768}"
     39936,         0,         0,   0.631,decoder_by_matrix,e9839e3017c9ef118c4b8aeafef39e78c11ecbdb89764e9ca676a7dc2fb6d062,"{""distance"":3,""physical_error_rate"":1e-06}","{""detection_events"":12,""detectors_checked"":2156544}"
     17408,         0,         0,   0.640,decoder_by_matrix,36e3cd26fed5ec7649ec51fb08c1a5e7d7f30e615782d954fee045c18a4962ca,"{""distance"":3,""physical_error_rate"":5e-05}","{""detection_events"":159,""detectors_checked"":940032}"
     34816,         0,         0,   0.637,decoder_by_matrix,560c721f87db01d4cacf7dcb7d8812fecde61e9e7776d4b9e1b1a792578ecad7,"{""distance"":3,""physical_error_rate"":5e-06}","{""detection_events"":33,""detectors_checked"":1880064}"
     43008,         0,         0,   0.879,decoder_by_matrix,e25b8d07214a8afb95d354611a83b9bb1ded39644e323a8585b3aabf687a4fff,"{""distance"":3,""physical_error_rate"":1e-05}","{""detection_events"":51,""detectors_checked"":2322432}"
     58368,         0,         0,   0.895,decoder_by_matrix,e9839e3017c9ef118c4b8aeafef39e78c11ecbdb89764e9ca676a7dc2fb6d062,"{""distance"":3,""physical_error_rate"":1e-06}","{""detectors_checked"":3151872}"
     25600,         0,         0,   0.899,decoder_by_matrix,36e3cd26fed5ec7649ec51fb08c1a5e7d7f30e615782d954fee045c18a4962ca,"{""distance"":3,""physical_error_rate"":5e-05}","{""detection_events"":270,""detectors_checked"":1382400}"
     53248,         0,         0,   0.892,decoder_by_matrix,560c721f87db01d4cacf7dcb7d8812fecde61e9e7776d4b9e1b1a792578ecad7,"{""distance"":3,""physical_error_rate"":5e-06}","{""detection_events"":21,""detectors_checked"":2875392}"
     72704,         0,         0,    1.13,decoder_by_matrix,e9839e3017c9ef118c4b8aeafef39e78c11ecbdb89764e9ca676a7dc2fb6d062,"{""distance"":3,""physical_error_rate"":1e-06}","{""detection_events"":6,""detectors_checked"":3926016}"
     60416,         0,         0,    1.17,decoder_by_matrix,e25b8d07214a8afb95d354611a83b9bb1ded39644e323a8585b3aabf687a4fff,"{""distance"":3,""physical_error_rate"":1e-05}","{""detection_events"":51,""detectors_checked"":3262464}"
     30720,         0,         0,    1.16,decoder_by_matrix,36e3cd26fed5ec7649ec51fb08c1a5e7d7f30e615782d954fee045c18a4962ca,"{""distance"":3,""physical_error_rate"":5e-05}","{""detection_events"":261,""detectors_checked"":1658880}"
     63488,         0,         0,    1.02,decoder_by_matrix,560c721f87db01d4cacf7dcb7d8812fecde61e9e7776d4b9e1b1a792578ecad7,"{""distance"":3,""physical_error_rate"":5e-06}","{""detection_events"":42,""detectors_checked"":3428352}"
    102400,         0,         0,    1.44,decoder_by_matrix,e9839e3017c9ef118c4b8aeafef39e78c11ecbdb89764e9ca676a7dc2fb6d062,"{""distance"":3,""physical_error_rate"":1e-06}","{""detection_events"":12,""detectors_checked"":5529600}"
     82944,         0,         0,    1.40,decoder_by_matrix,e25b8d07214a8afb95d354611a83b9bb1ded39644e323a8585b3aabf687a4fff,"{""distance"":3,""physical_error_rate"":1e-05}","{""detection_events"":117,""detectors_checked"":4478976}"
     54272,         0,         0,    1.67,decoder_by_matrix,36e3cd26fed5ec7649ec51fb08c1a5e7d7f30e615782d954fee045c18a4962ca,"{""distance"":3,""physical_error_rate"":5e-05}","{""detection_events"":285,""detectors_checked"":2930688}"
     90112,         0,         0,    1.68,decoder_by_matrix,560c721f87db01d4cacf7dcb7d8812fecde61e9e7776d4b9e1b1a792578ecad7,"{""distance"":3,""physical_error_rate"":5e-06}","{""detection_events"":81,""detectors_checked"":4866048}"
    143360,         0,         0,    2.16,decoder_by_matrix,e9839e3017c9ef118c4b8aeafef39e78c11ecbdb89764e9ca676a7dc2fb6d062,"{""distance"":3,""physical_error_rate"":1e-06}","{""detection_events"":27,""detectors_checked"":7741440}"
    110592,         0,         0,    2.03,decoder_by_matrix,e25b8d07214a8afb95d354611a83b9bb1ded39644e323a8585b3aabf687a4fff,"{""distance"":3,""physical_error_rate"":1e-05}","{""detection_events"":219,""detectors_checked"":5971968}"
     71680,         0,         0,    2.09,decoder_by_matrix,36e3cd26fed5ec7649ec51fb08c1a5e7d7f30e615782d954fee045c18a4962ca,"{""distance"":3,""physical_error_rate"":5e-05}","{""detection_events"":516,""detectors_checked"":3870720}"
    134144,         0,         0,    2.29,decoder_by_matrix,560c721f87db01d4cacf7dcb7d8812fecde61e9e7776d4b9e1b1a792578ecad7,"{""distance"":3,""physical_error_rate"":5e-06}","{""detection_events"":69,""detectors_checked"":7243776}"
    679936,         0,         0,    11.3,decoder_by_matrix,560c721f87db01d4cacf7dcb7d8812fecde61e9e7776d4b9e1b1a792578ecad7,"{""distance"":3,""physical_error_rate"":5e-06}","{""detection_events"":393,""detectors_checked"":36716544}"
    266240,        17,         0,    11.5,decoder_by_matrix,f854eed952f7ffb52e4f578393718ba880ba0930c78fe51d50828fe06a713055,"{""distance"":3,""physical_error_rate"":0.001}","{""detection_events"":38667,""detectors_checked"":14376960,""obs_mistake_mask=E"":17}"
    216064,       348,         0,    11.6,decoder_by_matrix,bf84ffc61868c0acf247eb3d31d6d1ff07feed51ae0b0770ddaf58683dcdd22c,"{""distance"":3,""physical_error_rate"":0.005}","{""detection_events"":152910,""detectors_checked"":11667456,""obs_mistake_mask=E"":348}"
    308224,         0,         0,    11.5,decoder_by_matrix,beec9fd12293a9cfe53c9b61fb8ce2a525e4eed38fa75d132d6dc64699336876,"{""distance"":3,""physical_error_rate"":0.0001}","{""detection_events"":4605,""detectors_checked"":16644096}"
    266240,        13,         0,    11.5,decoder_by_matrix,f854eed952f7ffb52e4f578393718ba880ba0930c78fe51d50828fe06a713055,"{""distance"":3,""physical_error_rate"":0.001}","{""detection_events"":38544,""detectors_checked"":14376960,""obs_mistake_mask=E"":13}"
    276480,         3,         0,    11.7,decoder_by_matrix,5c8c81bfec719079c388cedc47a351f264c1bf769ae28a89f9b4fc7719fea501,"{""distance"":3,""physical_error_rate"":0.0005}","{""detection_events"":20145,""detectors_checked"":14929920,""obs_mistake_mask=E"":3}"
    274432,         7,         0,    11.5,decoder_by_matrix,5c8c81bfec719079c388cedc47a351f264c1bf769ae28a89f9b4fc7719fea501,"{""distance"":3,""physical_error_rate"":0.0005}","{""detection_events"":20112,""detectors_checked"":14819328,""obs_mistake_mask=E"":7}"
    370688,         0,         0,    11.4,decoder_by_matrix,36e3cd26fed5ec7649ec51fb08c1a5e7d7f30e615782d954fee045c18a4962ca,"{""distance"":3,""physical_error_rate"":5e-05}","{""detection_events"":2454,""detectors_checked"":20017152}"
    220160,       359,         0,    11.6,decoder_by_matrix,bf84ffc61868c0acf247eb3d31d6d1ff07feed51ae0b0770ddaf58683dcdd22c,"{""distance"":3,""physical_error_rate"":0.005}","{""detection_events"":155559,""detectors_checked"":11888640,""obs_mistake_mask=E"":359}"
    579584,         0,         0,    11.2,decoder_by_matrix,e25b8d07214a8afb95d354611a83b9bb1ded39644e323a8585b3aabf687a4fff,"{""distance"":3,""physical_error_rate"":1e-05}","{""detection_events"":825,""detectors_checked"":31297536}"
    752640,         0,         0,    11.0,decoder_by_matrix,e9839e3017c9ef118c4b8aeafef39e78c11ecbdb89764e9ca676a7dc2fb6d062,"{""distance"":3,""physical_error_rate"":1e-06}","{""detection_events"":99,""detectors_checked"":40642560}"
    196608,         0,         0,    2.82,decoder_by_matrix,e9839e3017c9ef118c4b8aeafef39e78c11ecbdb89764e9ca676a7dc2fb6d062,"{""distance"":3,""physical_error_rate"":1e-06}","{""detection_events"":15,""detectors_checked"":10616832}"
    149504,         0,         0,    3.05,decoder_by_matrix,e25b8d07214a8afb95d354611a83b9bb1ded39644e323a8585b3aabf687a4fff,"{""distance"":3,""physical_error_rate"":1e-05}","{""detection_events"":234,""detectors_checked"":8073216}"
    266240,        11,         0,    11.5,decoder_by_matrix,f854eed952f7ffb52e4f578393718ba880ba0930c78fe51d50828fe06a713055,"{""distance"":3,""physical_error_rate"":0.001}","{""detection_events"":38679,""detectors_checked"":14376960,""obs_mistake_mask=E"":11}"
     94208,         0,         0,    2.97,decoder_by_matrix,36e3cd26fed5ec7649ec51fb08c1a5e7d7f30e615782d954fee045c18a4962ca,"{""distance"":3,""physical_error_rate"":5e-05}","{""detection_events"":735,""detectors_checked"":5087232}"
    657408,         0,         0,    11.0,decoder_by_matrix,560c721f87db01d4cacf7dcb7d8812fecde61e9e7776d4b9e1b1a792578ecad7,"{""distance"":3,""physical_error_rate"":5e-06}","{""detection_events"":510,""detectors_checked"":35500032}"
    171008,         0,         0,    3.06,decoder_by_matrix,560c721f87db01d4cacf7dcb7d8812fecde61e9e7776d4b9e1b1a792578ecad7,"{""distance"":3,""physical_error_rate"":5e-06}","{""detection_events"":141,""detectors_checked"":9234432}"
    219136,       377,         0,    11.5,decoder_by_matrix,bf84ffc61868c0acf247eb3d31d6d1ff07feed51ae0b0770ddaf58683dcdd22c,"{""distance"":3,""physical_error_rate"":0.005}","{""detection_events"":156621,""detectors_checked"":11833344,""obs_mistake_mask=E"":377}"
    217088,       367,         0,    11.6,decoder_by_matrix,bf84ffc61868c0acf247eb3d31d6d1ff07feed51ae0b0770ddaf58683dcdd22c,"{""distance"":3,""physical_error_rate"":0.005}","{""detection_events"":155955,""detectors_checked"":11722752,""obs_mistake_mask=E"":367}"
    592896,         0,         0,    11.6,decoder_by_matrix,e25b8d07214a8afb95d354611a83b9bb1ded39644e323a8585b3aabf687a4fff,"{""distance"":3,""physical_error_rate"":1e-05}","{""detection_events"":864,""detectors_checked"":32016384}"
    595968,         0,         0,    11.5,decoder_by_matrix,e25b8d07214a8afb95d354611a83b9bb1ded39644e323a8585b3aabf687a4fff,"{""distance"":3,""physical_error_rate"":1e-05}","{""detection_events"":783,""detectors_checked"":32182272}"
    759808,         0,         0,    11.6,decoder_by_matrix,e9839e3017c9ef118c4b8aeafef39e78c11ecbdb89764e9ca676a7dc2fb6d062,"{""distance"":3,""physical_error_rate"":1e-06}","{""detection_events"":87,""detectors_checked"":41029632}"
    748544,         0,         0,    11.3,decoder_by_matrix,e9839e3017c9ef118c4b8aeafef39e78c11ecbdb89764e9ca676a7dc2fb6d062,"{""distance"":3,""physical_error_rate"":1e-06}","{""detection_events"":126,""detectors_checked"":40421376}"
    379904,         0,         0,    11.4,decoder_by_matrix,36e3cd26fed5ec7649ec51fb08c1a5e7d7f30e615782d954fee045c18a4962ca,"{""distance"":3,""physical_error_rate"":5e-05}","{""detection_events"":2568,""detectors_checked"":20514816}"
    678912,         0,         0,    11.6,decoder_by_matrix,560c721f87db01d4cacf7dcb7d8812fecde61e9e7776d4b9e1b1a792578ecad7,"{""distance"":3,""physical_error_rate"":5e-06}","{""detection_events"":411,""detectors_checked"":36661248}"
    278528,         4,         0,    11.6,decoder_by_matrix,5c8c81bfec719079c388cedc47a351f264c1bf769ae28a89f9b4fc7719fea501,"{""distance"":3,""physical_error_rate"":0.0005}","{""detection_events"":19740,""detectors_checked"":15040512,""obs_mistake_mask=E"":4}"
    360448,         0,         0,    11.6,decoder_by_matrix,36e3cd26fed5ec7649ec51fb08c1a5e7d7f30e615782d954fee045c18a4962ca,"{""distance"":3,""physical_error_rate"":5e-05}","{""detection_events"":2907,""detectors_checked"":19464192}"
    312320,         0,         0,    11.7,decoder_by_matrix,beec9fd12293a9cfe53c9b61fb8ce2a525e4eed38fa75d132d6dc64699336876,"{""distance"":3,""physical_error_rate"":0.0001}","{""detection_events"":4584,""detectors_checked"":16865280}"
    266240,        26,         0,    11.7,decoder_by_matrix,f854eed952f7ffb52e4f578393718ba880ba0930c78fe51d50828fe06a713055,"{""distance"":3,""physical_error_rate"":0.001}","{""detection_events"":38421,""detectors_checked"":14376960,""obs_mistake_mask=E"":26}"
    314368,         0,         0,    11.6,decoder_by_matrix,beec9fd12293a9cfe53c9b61fb8ce2a525e4eed38fa75d132d6dc64699336876,"{""distance"":3,""physical_error_rate"":0.0001}","{""detection_events"":4530,""detectors_checked"":16975872}"
    300032,         0,         0,    11.8,decoder_by_matrix,beec9fd12293a9cfe53c9b61fb8ce2a525e4eed38fa75d132d6dc64699336876,"{""distance"":3,""physical_error_rate"":0.0001}","{""detection_events"":4290,""detectors_checked"":16201728}"
    275456,         9,         0,    11.5,decoder_by_matrix,5c8c81bfec719079c388cedc47a351f264c1bf769ae28a89f9b4fc7719fea501,"{""distance"":3,""physical_error_rate"":0.0005}","{""detection_events"":20763,""detectors_checked"":14874624,""obs_mistake_mask=E"":9}"
    276480,         0,         0,    4.34,decoder_by_matrix,e9839e3017c9ef118c4b8aeafef39e78c11ecbdb89764e9ca676a7dc2fb6d062,"{""distance"":3,""physical_error_rate"":1e-06}","{""detection_events"":33,""detectors_checked"":14929920}"
    209920,         0,         0,    4.12,decoder_by_matrix,e25b8d07214a8afb95d354611a83b9bb1ded39644e323a8585b3aabf687a4fff,"{""distance"":3,""physical_error_rate"":1e-05}","{""detection_events"":330,""detectors_checked"":11335680}"
    141312,         0,         0,    4.23,decoder_by_matrix,36e3cd26fed5ec7649ec51fb08c1a5e7d7f30e615782d954fee045c18a4962ca,"{""distance"":3,""physical_error_rate"":5e-05}","{""detection_events"":1074,""detectors_checked"":7630848}"
    246784,         0,         0,    4.34,decoder_by_matrix,560c721f87db01d4cacf7dcb7d8812fecde61e9e7776d4b9e1b1a792578ecad7,"{""distance"":3,""physical_error_rate"":5e-06}","{""detection_events"":165,""detectors_checked"":13326336}"
    384000,         0,         0,    5.75,decoder_by_matrix,e9839e3017c9ef118c4b8aeafef39e78c11ecbdb89764e9ca676a7dc2fb6d062,"{""distance"":3,""physical_error_rate"":1e-06}","{""detection_events"":51,""detectors_checked"":20736000}"
    297984,         0,         0,    5.65,decoder_by_matrix,e25b8d07214a8afb95d354611a83b9bb1ded39644e323a8585b3aabf687a4fff,"{""distance"":3,""physical_error_rate"":1e-05}","{""detection_events"":396,""detectors_checked"":16091136}"
    183296,         0,         0,    6.00,decoder_by_matrix,36e3cd26fed5ec7649ec51fb08c1a5e7d7f30e615782d954fee045c18a4962ca,"{""distance"":3,""physical_error_rate"":5e-05}","{""detection_events"":1530,""detectors_checked"":9897984}"
    335872,         0,         0,    5.91,decoder_by_matrix,560c721f87db01d4cacf7dcb7d8812fecde61e9e7776d4b9e1b1a792578ecad7,"{""distance"":3,""physical_error_rate"":5e-06}","{""detection_events"":276,""detectors_checked"":18137088}"
    371712,        21,         0,    15.8,decoder_by_matrix,f854eed952f7ffb52e4f578393718ba880ba0930c78fe51d50828fe06a713055,"{""distance"":3,""physical_error_rate"":0.001}","{""detection_events"":54021,""detectors_checked"":20072448,""obs_mistake_mask=E"":21}"
    932864,         0,         0,    15.5,decoder_by_matrix,560c721f87db01d4cacf7dcb7d8812fecde61e9e7776d4b9e1b1a792578ecad7,"{""distance"":3,""physical_error_rate"":5e-06}","{""detection_events"":651,""detectors_checked"":50374656}"
    300032,       529,         0,    16.1,decoder_by_matrix,bf84ffc61868c0acf247eb3d31d6d1ff07feed51ae0b0770ddaf58683dcdd22c,"{""distance"":3,""physical_error_rate"":0.005}","{""detection_events"":215412,""detectors_checked"":16201728,""obs_mistake_mask=E"":529}"
    385024,         6,         0,    16.1,decoder_by_matrix,5c8c81bfec719079c388cedc47a351f264c1bf769ae28a89f9b4fc7719fea501,"{""distance"":3,""physical_error_rate"":0.0005}","{""detection_events"":28962,""detectors_checked"":20791296,""obs_mistake_mask=E"":6}"
    372736,        24,         0,    16.2,decoder_by_matrix,f854eed952f7ffb52e4f578393718ba880ba0930c78fe51d50828fe06a713055,"{""distance"":3,""physical_error_rate"":0.001}","{""detection_events"":54594,""detectors_checked"":20127744,""obs_mistake_mask=E"":24}"
    385024,         5,         0,    15.8,decoder_by_matrix,5c8c81bfec719079c388cedc47a351f264c1bf769ae28a89f9b4fc7719fea501,"{""distance"":3,""physical_error_rate"":0.0005}","{""detection_events"":27909,""detectors_checked"":20791296,""obs_mistake_mask=E"":5}"
    429056,         0,         0,    16.0,decoder_by_matrix,beec9fd12293a9cfe53c9b61fb8ce2a525e4eed38fa75d132d6dc64699336876,"{""distance"":3,""physical_error_rate"":0.0001}","{""detection_events"":6558,""detectors_checked"":23169024}"
    305152,       499,         0,    15.9,decoder_by_matrix,bf84ffc61868c0acf247eb3d31d6d1ff07feed51ae0b0770ddaf58683dcdd22c,"{""distance"":3,""physical_error_rate"":0.005}","{""detection_events"":216543,""detectors_checked"":16478208,""obs_mistake_mask=E"":499}"
    525312,         0,         0,    16.5,decoder_by_matrix,36e3cd26fed5ec7649ec51fb08c1a5e7d7f30e615782d954fee045c18a4962ca,"{""distance"":3,""physical_error_rate"":5e-05}","{""detection_events"":3552,""detectors_checked"":28366848}"
   1058816,         0,         0,    15.6,decoder_by_matrix,e9839e3017c9ef118c4b8aeafef39e78c11ecbdb89764e9ca676a7dc2fb6d062,"{""distance"":3,""physical_error_rate"":1e-06}","{""detection_events"":87,""detectors_checked"":57176064}"
    802816,         0,         0,    16.3,decoder_by_matrix,e25b8d07214a8afb95d354611a83b9bb1ded39644e323a8585b3aabf687a4fff,"{""distance"":3,""physical_error_rate"":1e-05}","{""detection_events"":1248,""detectors_checked"":43352064}"
    373760,        30,         0,    15.9,decoder_by_matrix,f854eed952f7ffb52e4f578393718ba880ba0930c78fe51d50828fe06a713055,"{""distance"":3,""physical_error_rate"":0.001}","{""detection_events"":53346,""detectors_checked"":20183040,""obs_mistake_mask=E"":30}"
    304128,       497,         0,    16.0,decoder_by_matrix,bf84ffc61868c0acf247eb3d31d6d1ff07feed51ae0b0770ddaf58683dcdd22c,"{""distance"":3,""physical_error_rate"":0.005}","{""detection_events"":220035,""detectors_checked"":16422912,""obs_mistake_mask=E"":497}"
    953344,         0,         0,    14.8,decoder_by_matrix,560c721f87db01d4cacf7dcb7d8812fecde61e9e7776d4b9e1b1a792578ecad7,"{""distance"":3,""physical_error_rate"":5e-06}","{""detection_events"":582,""detectors_checked"":51480576}"
    824320,         0,         0,    15.6,decoder_by_matrix,e25b8d07214a8afb95d354611a83b9bb1ded39644e323a8585b3aabf687a4fff,"{""distance"":3,""physical_error_rate"":1e-05}","{""detection_events"":1308,""detectors_checked"":44513280}"
    807936,         0,         0,    15.8,decoder_by_matrix,e25b8d07214a8afb95d354611a83b9bb1ded39644e323a8585b3aabf687a4fff,"{""distance"":3,""physical_error_rate"":1e-05}","{""detection_events"":1368,""detectors_checked"":43628544}"
    307200,       556,         0,    16.3,decoder_by_matrix,bf84ffc61868c0acf247eb3d31d6d1ff07feed51ae0b0770ddaf58683dcdd22c,"{""distance"":3,""physical_error_rate"":0.005}","{""detection_events"":218307,""detectors_checked"":16588800,""obs_mistake_mask=E"":556}"
   1043456,         0,         0,    15.8,decoder_by_matrix,e9839e3017c9ef118c4b8aeafef39e78c11ecbdb89764e9ca676a7dc2fb6d062,"{""distance"":3,""physical_error_rate"":1e-06}","{""detection_events"":207,""detectors_checked"":56346624}"
    427008,         1,         0,    15.9,decoder_by_matrix,beec9fd12293a9cfe53c9b61fb8ce2a525e4eed38fa75d132d6dc64699336876,"{""distance"":3,""physical_error_rate"":0.0001}","{""detection_events"":5988,""detectors_checked"":23058432,""obs_mistake_mask=E"":1}"
   1048576,         0,         0,    16.1,decoder_by_matrix,e9839e3017c9ef118c4b8aeafef39e78c11ecbdb89764e9ca676a7dc2fb6d062,"{""distance"":3,""physical_error_rate"":1e-06}","{""detection_events"":168,""detectors_checked"":56623104}"
    509952,         0,         0,    16.5,decoder_by_matrix,36e3cd26fed5ec7649ec51fb08c1a5e7d7f30e615782d954fee045c18a4962ca,"{""distance"":3,""physical_error_rate"":5e-05}","{""detection_events"":3705,""detectors_checked"":27537408}"
    952320,         0,         0,    16.2,decoder_by_matrix,560c721f87db01d4cacf7dcb7d8812fecde61e9e7776d4b9e1b1a792578ecad7,"{""distance"":3,""physical_error_rate"":5e-06}","{""detection_events"":543,""detectors_checked"":51425280}"
    388096,         5,         0,    16.3,decoder_by_matrix,5c8c81bfec719079c388cedc47a351f264c1bf769ae28a89f9b4fc7719fea501,"{""distance"":3,""physical_error_rate"":0.0005}","{""detection_events"":28401,""detectors_checked"":20957184,""obs_mistake_mask=E"":5}"
    519168,         0,         0,    15.9,decoder_by_matrix,36e3cd26fed5ec7649ec51fb08c1a5e7d7f30e615782d954fee045c18a4962ca,"{""distance"":3,""physical_error_rate"":5e-05}","{""detection_events"":3546,""detectors_checked"":28035072}"
    371712,        23,         0,    16.2,decoder_by_matrix,f854eed952f7ffb52e4f578393718ba880ba0930c78fe51d50828fe06a713055,"{""distance"":3,""physical_error_rate"":0.001}","{""detection_events"":53109,""detectors_checked"":20072448,""obs_mistake_mask=E"":23}"
    434176,         1,         0,    16.2,decoder_by_matrix,beec9fd12293a9cfe53c9b61fb8ce2a525e4eed38fa75d132d6dc64699336876,"{""distance"":3,""physical_error_rate"":0.0001}","{""detection_events"":6588,""detectors_checked"":23445504,""obs_mistake_mask=E"":1}"
    424960,         0,         0,    15.8,decoder_by_matrix,beec9fd12293a9cfe53c9b61fb8ce2a525e4eed38fa75d132d6dc64699336876,"{""distance"":3,""physical_error_rate"":0.0001}","{""detection_events"":6261,""detectors_checked"":22947840}"
    386048,         8,         0,    16.2,decoder_by_matrix,5c8c81bfec719079c388cedc47a351f264c1bf769ae28a89f9b4fc7719fea501,"{""distance"":3,""physical_error_rate"":0.0005}","{""detection_events"":28434,""detectors_checked"":20846592,""obs_mistake_mask=E"":8}"
    538624,         0,         0,    7.99,decoder_by_matrix,e9839e3017c9ef118c4b8aeafef39e78c11ecbdb89764e9ca676a7dc2fb6d062,"{""distance"":3,""physical_error_rate"":1e-06}","{""detection_events"":48,""detectors_checked"":29085696}"
    435200,         0,         0,    8.12,decoder_by_matrix,e25b8d07214a8afb95d354611a83b9bb1ded39644e323a8585b3aabf687a4fff,"{""distance"":3,""physical_error_rate"":1e-05}","{""detection_events"":507,""detectors_checked"":23500800}"
    262144,         0,         0,    7.95,decoder_by_matrix,36e3cd26fed5ec7649ec51fb08c1a5e7d7f30e615782d954fee045c18a4962ca,"{""distance"":3,""physical_error_rate"":5e-05}","{""detection_events"":2091,""detectors_checked"":14155776}"
    483328,         0,         0,    7.75,decoder_by_matrix,560c721f87db01d4cacf7dcb7d8812fecde61e9e7776d4b9e1b1a792578ecad7,"{""distance"":3,""physical_error_rate"":5e-06}","{""detection_events"":318,""detectors_checked"":26099712}"
    754688,         0,         0,    11.4,decoder_by_matrix,e9839e3017c9ef118c4b8aeafef39e78c11ecbdb89764e9ca676a7dc2fb6d062,"{""distance"":3,""physical_error_rate"":1e-06}","{""detection_events"":78,""detectors_checked"":40753152}"
    598016,         0,         0,    11.4,decoder_by_matrix,e25b8d07214a8afb95d354611a83b9bb1ded39644e323a8585b3aabf687a4fff,"{""distance"":3,""physical_error_rate"":1e-05}","{""detection_events"":837,""detectors_checked"":32292864}"
    363520,         0,         0,    11.6,decoder_by_matrix,36e3cd26fed5ec7649ec51fb08c1a5e7d7f30e615782d954fee045c18a4962ca,"{""distance"":3,""physical_error_rate"":5e-05}","{""detection_events"":2703,""detectors_checked"":19630080}"
    663552,         0,         0,    11.1,decoder_by_matrix,560c721f87db01d4cacf7dcb7d8812fecde61e9e7776d4b9e1b1a792578ecad7,"{""distance"":3,""physical_error_rate"":5e-06}","{""detection_events"":480,""detectors_checked"":35831808}"
    522240,        39,         0,    22.7,decoder_by_matrix,f854eed952f7ffb52e4f578393718ba880ba0930c78fe51d50828fe06a713055,"{""distance"":3,""physical_error_rate"":0.001}","{""detection_events"":75975,""detectors_checked"":28200960,""obs_mistake_mask=E"":39}"
   1327104,         0,         0,    22.4,decoder_by_matrix,560c721f87db01d4cacf7dcb7d8812fecde61e9e7776d4b9e1b1a792578ecad7,"{""distance"":3,""physical_error_rate"":5e-06}","{""detection_events"":732,""detectors_checked"":71663616}"
    420864,       705,         0,    22.4,decoder_by_matrix,bf84ffc61868c0acf247eb3d31d6d1ff07feed51ae0b0770ddaf58683dcdd22c,"{""distance"":3,""physical_error_rate"":0.005}","{""detection_events"":302109,""detectors_checked"":22726656,""obs_mistake_mask=E"":705}"
    538624,        11,         0,    22.1,decoder_by_matrix,5c8c81bfec719079c388cedc47a351f264c1bf769ae28a89f9b4fc7719fea501,"{""distance"":3,""physical_error_rate"":0.0005}","{""detection_events"":38832,""detectors_checked"":29085696,""obs_mistake_mask=E"":11}"
    538624,         8,         0,    22.6,decoder_by_matrix,5c8c81bfec719079c388cedc47a351f264c1bf769ae28a89f9b4fc7719fea501,"{""distance"":3,""physical_error_rate"":0.0005}","{""detection_events"":39204,""detectors_checked"":29085696,""obs_mistake_mask=E"":8}"
    609280,         0,         0,    22.6,decoder_by_matrix,beec9fd12293a9cfe53c9b61fb8ce2a525e4eed38fa75d132d6dc64699336876,"{""distance"":3,""physical_error_rate"":0.0001}","{""detection_events"":9189,""detectors_checked"":32901120}"
    524288,        26,         0,    23.0,decoder_by_matrix,f854eed952f7ffb52e4f578393718ba880ba0930c78fe51d50828fe06a713055,"{""distance"":3,""physical_error_rate"":0.001}","{""detection_events"":75993,""detectors_checked"":28311552,""obs_mistake_mask=E"":26}"
    427008,       694,         0,    22.7,decoder_by_matrix,bf84ffc61868c0acf247eb3d31d6d1ff07feed51ae0b0770ddaf58683dcdd22c,"{""distance"":3,""physical_error_rate"":0.005}","{""detection_events"":305694,""detectors_checked"":23058432,""obs_mistake_mask=E"":694}"
    711680,         0,         0,    22.9,decoder_by_matrix,36e3cd26fed5ec7649ec51fb08c1a5e7d7f30e615782d954fee045c18a4962ca,"{""distance"":3,""physical_error_rate"":5e-05}","{""detection_events"":5406,""detectors_checked"":38430720}"
   1468416,         0,         0,    22.1,decoder_by_matrix,e9839e3017c9ef118c4b8aeafef39e78c11ecbdb89764e9ca676a7dc2fb6d062,"{""distance"":3,""physical_error_rate"":1e-06}","{""detection_events"":222,""detectors_checked"":79294464}"
   1169408,         0,         0,    22.0,decoder_by_matrix,e25b8d07214a8afb95d354611a83b9bb1ded39644e323a8585b3aabf687a4fff,"{""distance"":3,""physical_error_rate"":1e-05}","{""detection_events"":1515,""detectors_checked"":63148032}"
    524288,        44,         0,    22.5,decoder_by_matrix,f854eed952f7ffb52e4f578393718ba880ba0930c78fe51d50828fe06a713055,"{""distance"":3,""physical_error_rate"":0.001}","{""detection_events"":75249,""detectors_checked"":28311552,""obs_mistake_mask=E"":44}"
    429056,       720,         0,    22.3,decoder_by_matrix,bf84ffc61868c0acf247eb3d31d6d1ff07feed51ae0b0770ddaf58683dcdd22c,"{""distance"":3,""physical_error_rate"":0.005}","{""detection_events"":306162,""detectors_checked"":23169024,""obs_mistake_mask=E"":720}"
   1315840,         0,         0,    22.1,decoder_by_matrix,560c721f87db01d4cacf7dcb7d8812fecde61e9e7776d4b9e1b1a792578ecad7,"{""distance"":3,""physical_error_rate"":5e-06}","{""detection_events"":897,""detectors_checked"":71055360}"
   1173504,         0,         0,    22.4,decoder_by_matrix,e25b8d07214a8afb95d354611a83b9bb1ded39644e323a8585b3aabf687a4fff,"{""distance"":3,""physical_error_rate"":1e-05}","{""detection_events"":1575,""detectors_checked"":63369216}"
   1479680,         0,         0,    21.6,decoder_by_matrix,e9839e3017c9ef118c4b8aeafef39e78c11ecbdb89764e9ca676a7dc2fb6d062,"{""distance"":3,""physical_error_rate"":1e-06}","{""detection_events"":144,""detectors_checked"":79902720}"
   1130496,         0,         0,    22.0,decoder_by_matrix,e25b8d07214a8afb95d354611a83b9bb1ded39644e323a8585b3aabf687a4fff,"{""distance"":3,""physical_error_rate"":1e-05}","{""detection_events"":1869,""detectors_checked"":61046784}"
    428032,       724,         0,    22.7,decoder_by_matrix,bf84ffc61868c0acf247eb3d31d6d1ff07feed51ae0b0770ddaf58683dcdd22c,"{""distance"":3,""physical_error_rate"":0.005}","{""detection_events"":305391,""detectors_checked"":23113728,""obs_mistake_mask=E"":724}"
    740352,         0,         0,    22.0,decoder_by_matrix,36e3cd26fed5ec7649ec51fb08c1a5e7d7f30e615782d954fee045c18a4962ca,"{""distance"":3,""physical_error_rate"":5e-05}","{""detection_events"":4995,""detectors_checked"":39979008}"
    600064,         0,         0,    21.8,decoder_by_matrix,beec9fd12293a9cfe53c9b61fb8ce2a525e4eed38fa75d132d6dc64699336876,"{""distance"":3,""physical_error_rate"":0.0001}","{""detection_events"":8637,""detectors_checked"":32403456}"
    517120,        33,         0,    22.4,decoder_by_matrix,f854eed952f7ffb52e4f578393718ba880ba0930c78fe51d50828fe06a713055,"{""distance"":3,""physical_error_rate"":0.001}","{""detection_events"":76041,""detectors_checked"":27924480,""obs_mistake_mask=E"":33}"
     16384,        26,         0,   0.897,decoder_by_matrix,bf84ffc61868c0acf247eb3d31d6d1ff07feed51ae0b0770ddaf58683dcdd22c,"{""distance"":3,""physical_error_rate"":0.005}","{""detection_events"":11601,""detectors_checked"":884736,""obs_mistake_mask=E"":26}"
   1460224,         0,         0,    22.4,decoder_by_matrix,e9839e3017c9ef118c4b8aeafef39e78c11ecbdb89764e9ca676a7dc2fb6d062,"{""distance"":3,""physical_error_rate"":1e-06}","{""detection_events"":243,""detectors_checked"":78852096}"
    698368,         0,         0,    22.6,decoder_by_matrix,36e3cd26fed5ec7649ec51fb08c1a5e7d7f30e615782d954fee045c18a4962ca,"{""distance"":3,""physical_error_rate"":5e-05}","{""detection_events"":5520,""detectors_checked"":37711872}"
      5120,        11,         0,   0.299,decoder_by_matrix,bf84ffc61868c0acf247eb3d31d6d1ff07feed51ae0b0770ddaf58683dcdd22c,"{""distance"":3,""physical_error_rate"":0.005}","{""detection_events"":3591,""detectors_checked"":276480,""obs_mistake_mask=E"":11}"
    607232,         0,         0,    22.2,decoder_by_matrix,beec9fd12293a9cfe53c9b61fb8ce2a525e4eed38fa75d132d6dc64699336876,"{""distance"":3,""physical_error_rate"":0.0001}","{""detection_events"":8703,""detectors_checked"":32790528}"
    544768,         8,         0,    22.7,decoder_by_matrix,5c8c81bfec719079c388cedc47a351f264c1bf769ae28a89f9b4fc7719fea501,"{""distance"":3,""physical_error_rate"":0.0005}","{""detection_events"":39693,""detectors_checked"":29417472,""obs_mistake_mask=E"":8}"
   1301504,         0,         0,    22.5,decoder_by_matrix,560c721f87db01d4cacf7dcb7d8812fecde61e9e7776d4b9e1b1a792578ecad7,"{""distance"":3,""physical_error_rate"":5e-06}","{""detection_events"":1071,""detectors_checked"":70281216}"
      2048,         4,         0,   0.123,decoder_by_matrix,bf84ffc61868c0acf247eb3d31d6d1ff07feed51ae0b0770ddaf58683dcdd22c,"{""distance"":3,""physical_error_rate"":0.005}","{""detection_events"":1521,""detectors_checked"":110592,""obs_mistake_mask=E"":4}"
     13312,        25,         0,   0.763,decoder_by_matrix,bf84ffc61868c0acf247eb3d31d6d1ff07feed51ae0b0770ddaf58683dcdd22c,"{""distance"":3,""physical_error_rate"":0.005}","{""detection_events"":9924,""detectors_checked"":718848,""obs_mistake_mask=E"":25}"
    537600,         8,         0,    22.4,decoder_by_matrix,5c8c81bfec719079c388cedc47a351f264c1bf769ae28a89f9b4fc7719fea501,"{""distance"":3,""physical_error_rate"":0.0005}","{""detection_events"":40158,""detectors_checked"":29030400,""obs_mistake_mask=E"":8}"
    600064,         0,         0,    22.3,decoder_by_matrix,beec9fd12293a9cfe53c9b61fb8ce2a525e4eed38fa75d132d6dc64699336876,"{""distance"":3,""physical_error_rate"":0.0001}","{""detection_events"":8721,""detectors_checked"":32403456}"
         1,         0,         0,   0.000,decoder_by_matrix,36e3cd26fed5ec7649ec51fb08c1a5e7d7f30e615782d954fee045c18a4962ca,"{""distance"":3,""physical_error_rate"":5e-05}","{""detectors_checked"":54}"
         1,         0,         0,   0.000,decoder_by_matrix,560c721f87db01d4cacf7dcb7d8812fecde61e9e7776d4b9e1b1a792578ecad7,"{""distance"":3,""physical_error_rate"":5e-06}","{""detectors_checked"":54}"
         1,         0,         0,   0.000,decoder_by_matrix,e25b8d07214a8afb95d354611a83b9bb1ded39644e323a8585b3aabf687a4fff,"{""distance"":3,""physical_error_rate"":1e-05}","{""detectors_checked"":54}"
         1,         0,         0,   0.000,decoder_by_matrix,e9839e3017c9ef118c4b8aeafef39e78c11ecbdb89764e9ca676a7dc2fb6d062,"{""distance"":3,""physical_error_rate"":1e-06}","{""detectors_checked"":54}"
     12560,         0,         0,   0.015,decoder_by_matrix,560c721f87db01d4cacf7dcb7d8812fecde61e9e7776d4b9e1b1a792578ecad7,"{""distance"":3,""physical_error_rate"":5e-06}","{""detection_events"":3,""detectors_checked"":678240}"
      1296,         0,         0,   0.021,decoder_by_matrix,36e3cd26fed5ec7649ec51fb08c1a5e7d7f30e615782d954fee045c18a4962ca,"{""distance"":3,""physical_error_rate"":5e-05}","{""detection_events"":6,""detectors_checked"":69984}"
      6416,         0,         0,   0.019,decoder_by_matrix,e25b8d07214a8afb95d354611a83b9bb1ded39644e323a8585b3aabf687a4fff,"{""distance"":3,""physical_error_rate"":1e-05}","{""detection_events"":9,""detectors_checked"":346464}"
      7440,         0,         0,   0.018,decoder_by_matrix,e9839e3017c9ef118c4b8aeafef39e78c11ecbdb89764e9ca676a7dc2fb6d062,"{""distance"":3,""physical_error_rate"":1e-06}","{""detectors_checked"":401760}"
      3072,         0,         0,   0.052,decoder_by_matrix,36e3cd26fed5ec7649ec51fb08c1a5e7d7f30e615782d954fee045c18a4962ca,"{""distance"":3,""physical_error_rate"":5e-05}","{""detection_events"":39,""detectors_checked"":165888}"
      5120,         0,         0,   0.060,decoder_by_matrix,e25b8d07214a8afb95d354611a83b9bb1ded39644e323a8585b3aabf687a4fff,"{""distance"":3,""physical_error_rate"":1e-05}","{""detection_events"":12,""detectors_checked"":276480}"
      6144,         0,         0,   0.105,decoder_by_matrix,e9839e3017c9ef118c4b8aeafef39e78c11ecbdb89764e9ca676a7dc2fb6d062,"{""distance"":3,""physical_error_rate"":1e-06}","{""detection_events"":12,""detectors_checked"":331776}"
      5120,         0,         0,   0.129,decoder_by_matrix,560c721f87db01d4cacf7dcb7d8812fecde61e9e7776d4b9e1b1a792578ecad7,"{""distance"":3,""physical_error_rate"":5e-06}","{""detection_events"":18,""detectors_checked"":276480}"
      4096,         0,         0,   0.005,decoder_by_matrix,36e3cd26fed5ec7649ec51fb08c1a5e7d7f30e615782d954fee045c18a4962ca,"{""distance"":3,""physical_error_rate"":5e-05}","{""detection_events"":54,""detectors_checked"":221184}"
      8192,         0,         0,   0.129,decoder_by_matrix,e25b8d07214a8afb95d354611a83b9bb1ded39644e323a8585b3aabf687a4fff,"{""distance"":3,""physical_error_rate"":1e-05}","{""detectors_checked"":442368}"
      8192,         0,         0,   0.129,decoder_by_matrix,e9839e3017c9ef118c4b8aeafef39e78c11ecbdb89764e9ca676a7dc2fb6d062,"{""distance"":3,""physical_error_rate"":1e-06}","{""detectors_checked"":442368}"
      8192,         0,         0,   0.129,decoder_by_matrix,560c721f87db01d4cacf7dcb7d8812fecde61e9e7776d4b9e1b1a792578ecad7,"{""distance"":3,""physical_error_rate"":5e-06}","{""detectors_checked"":442368}"
      9216,         0,         0,   0.124,decoder_by_matrix,e25b8d07214a8afb95d354611a83b9bb1ded39644e323a8585b3aabf687a4fff,"{""distance"":3,""physical_error_rate"":1e-05}","{""detectors_checked"":497664}"
      4096,         0,         0,   0.145,decoder_by_matrix,36e3cd26fed5ec7649ec51fb08c1a5e7d7f30e615782d954fee045c18a4962ca,"{""distance"":3,""physical_error_rate"":5e-05}","{""detection_events"":36,""detectors_checked"":221184}"
      8192,         0,         0,   0.128,decoder_by_matrix,e9839e3017c9ef118c4b8aeafef39e78c11ecbdb89764e9ca676a7dc2fb6d062,"{""distance"":3,""physical_error_rate"":1e-06}","{""detectors_checked"":442368}"
      6144,         0,         0,   0.132,decoder_by_matrix,560c721f87db01d4cacf7dcb7d8812fecde61e9e7776d4b9e1b1a792578ecad7,"{""distance"":3,""physical_error_rate"":5e-06}","{""detection_events"":6,""detectors_checked"":331776}"
      4096,         0,         0,   0.126,decoder_by_matrix,36e3cd26fed5ec7649ec51fb08c1a5e7d7f30e615782d954fee045c18a4962ca,"{""distance"":3,""physical_error_rate"":5e-05}","{""detection_events"":24,""detectors_checked"":221184}"
      5120,         0,         0,   0.148,decoder_by_matrix,e25b8d07214a8afb95d354611a83b9bb1ded39644e323a8585b3aabf687a4fff,"{""distance"":3,""physical_error_rate"":1e-05}","{""detection_events"":12,""detectors_checked"":276480}"
      8192,         0,         0,   0.129,decoder_by_matrix,e9839e3017c9ef118c4b8aeafef39e78c11ecbdb89764e9ca676a7dc2fb6d062,"{""distance"":3,""physical_error_rate"":1e-06}","{""detectors_checked"":442368}"
      8192,         0,         0,   0.129,decoder_by_matrix,560c721f87db01d4cacf7dcb7d8812fecde61e9e7776d4b9e1b1a792578ecad7,"{""distance"":3,""physical_error_rate"":5e-06}","{""detectors_checked"":442368}"
      6144,         0,         0,   0.120,decoder_by_matrix,e25b8d07214a8afb95d354611a83b9bb1ded39644e323a8585b3aabf687a4fff,"{""distance"":3,""physical_error_rate"":1e-05}","{""detection_events"":9,""detectors_checked"":331776}"
      4096,         0,         0,   0.145,decoder_by_matrix,36e3cd26fed5ec7649ec51fb08c1a5e7d7f30e615782d954fee045c18a4962ca,"{""distance"":3,""physical_error_rate"":5e-05}","{""detection_events"":51,""detectors_checked"":221184}"
      8192,         0,         0,   0.129,decoder_by_matrix,e9839e3017c9ef118c4b8aeafef39e78c11ecbdb89764e9ca676a7dc2fb6d062,"{""distance"":3,""physical_error_rate"":1e-06}","{""detectors_checked"":442368}"
      7168,         0,         0,   0.004,decoder_by_matrix,560c721f87db01d4cacf7dcb7d8812fecde61e9e7776d4b9e1b1a792578ecad7,"{""distance"":3,""physical_error_rate"":5e-06}","{""detection_events"":12,""detectors_checked"":387072}"
      4096,         0,         0,   0.123,decoder_by_matrix,36e3cd26fed5ec7649ec51fb08c1a5e7d7f30e615782d954fee045c18a4962ca,"{""distance"":3,""physical_error_rate"":5e-05}","{""detection_events"":36,""detectors_checked"":221184}"
      5120,         0,         0,   0.149,decoder_by_matrix,e25b8d07214a8afb95d354611a83b9bb1ded39644e323a8585b3aabf687a4fff,"{""distance"":3,""physical_error_rate"":1e-05}","{""detection_events"":21,""detectors_checked"":276480}"
      7168,         0,         0,   0.129,decoder_by_matrix,e9839e3017c9ef118c4b8aeafef39e78c11ecbdb89764e9ca676a7dc2fb6d062,"{""distance"":3,""physical_error_rate"":1e-06}","{""detection_events"":12,""detectors_checked"":387072}"
      6144,         0,         0,   0.129,decoder_by_matrix,560c721f87db01d4cacf7dcb7d8812fecde61e9e7776d4b9e1b1a792578ecad7,"{""distance"":3,""physical_error_rate"":5e-06}","{""detection_events"":21,""detectors_checked"":331776}"
      5120,         0,         0,   0.154,decoder_by_matrix,36e3cd26fed5ec7649ec51fb08c1a5e7d7f30e615782d954fee045c18a4962ca,"{""distance"":3,""physical_error_rate"":5e-05}","{""detection_events"":42,""detectors_checked"":276480}"
     13312,         0,         0,   0.258,decoder_by_matrix,e25b8d07214a8afb95d354611a83b9bb1ded39644e323a8585b3aabf687a4fff,"{""distance"":3,""physical_error_rate"":1e-05}","{""detection_events"":27,""detectors_checked"":718848}"
     14336,         0,         0,   0.255,decoder_by_matrix,e9839e3017c9ef118c4b8aeafef39e78c11ecbdb89764e9ca676a7dc2fb6d062,"{""distance"":3,""physical_error_rate"":1e-06}","{""detection_events"":6,""detectors_checked"":774144}"
     12288,         0,         0,   0.253,decoder_by_matrix,560c721f87db01d4cacf7dcb7d8812fecde61e9e7776d4b9e1b1a792578ecad7,"{""distance"":3,""physical_error_rate"":5e-06}","{""detection_events"":12,""detectors_checked"":663552}"
      7168,         0,         0,   0.108,decoder_by_matrix,36e3cd26fed5ec7649ec51fb08c1a5e7d7f30e615782d954fee045c18a4962ca,"{""distance"":3,""physical_error_rate"":5e-05}","{""detection_events"":84,""detectors_checked"":387072}"
     14336,         0,         0,   0.248,decoder_by_matrix,e9839e3017c9ef118c4b8aeafef39e78c11ecbdb89764e9ca676a7dc2fb6d062,"{""distance"":3,""physical_error_rate"":1e-06}","{""detection_events"":3,""detectors_checked"":774144}"
     15360,         0,         0,   0.281,decoder_by_matrix,e25b8d07214a8afb95d354611a83b9bb1ded39644e323a8585b3aabf687a4fff,"{""distance"":3,""physical_error_rate"":1e-05}","{""detection_events"":9,""detectors_checked"":829440}"
     17408,         0,         0,   0.257,decoder_by_matrix,560c721f87db01d4cacf7dcb7d8812fecde61e9e7776d4b9e1b1a792578ecad7,"{""distance"":3,""physical_error_rate"":5e-06}","{""detectors_checked"":940032}"
     11264,         0,         0,   0.403,decoder_by_matrix,36e3cd26fed5ec7649ec51fb08c1a5e7d7f30e615782d954fee045c18a4962ca,"{""distance"":3,""physical_error_rate"":5e-05}","{""detection_events"":87,""detectors_checked"":608256}"
     22528,         0,         0,   0.263,decoder_by_matrix,e9839e3017c9ef118c4b8aeafef39e78c11ecbdb89764e9ca676a7dc2fb6d062,"{""distance"":3,""physical_error_rate"":1e-06}","{""detection_events"":9,""detectors_checked"":1216512}"
     17408,         0,         0,   0.384,decoder_by_matrix,e25b8d07214a8afb95d354611a83b9bb1ded39644e323a8585b3aabf687a4fff,"{""distance"":3,""physical_error_rate"":1e-05}","{""detection_events"":39,""detectors_checked"":940032}"
     17408,         0,         0,   0.384,decoder_by_matrix,560c721f87db01d4cacf7dcb7d8812fecde61e9e7776d4b9e1b1a792578ecad7,"{""distance"":3,""physical_error_rate"":5e-06}","{""detection_events"":21,""detectors_checked"":940032}"
     11264,         0,         0,   0.418,decoder_by_matrix,36e3cd26fed5ec7649ec51fb08c1a5e7d7f30e615782d954fee045c18a4962ca,"{""distance"":3,""physical_error_rate"":5e-05}","{""detection_events"":93,""detectors_checked"":608256}"
     27648,         0,         0,   0.380,decoder_by_matrix,e9839e3017c9ef118c4b8aeafef39e78c11ecbdb89764e9ca676a7dc2fb6d062,"{""distance"":3,""physical_error_rate"":1e-06}","{""detection_events"":18,""detectors_checked"":1492992}"
     23552,         0,         0,   0.501,decoder_by_matrix,e25b8d07214a8afb95d354611a83b9bb1ded39644e323a8585b3aabf687a4fff,"{""distance"":3,""physical_error_rate"":1e-05}","{""detection_events"":27,""detectors_checked"":1271808}"
     27648,         0,         0,   0.389,decoder_by_matrix,560c721f87db01d4cacf7dcb7d8812fecde61e9e7776d4b9e1b1a792578ecad7,"{""distance"":3,""physical_error_rate"":5e-06}","{""detection_events"":30,""detectors_checked"":1492992}"
     16384,         0,         0,   0.606,decoder_by_matrix,36e3cd26fed5ec7649ec51fb08c1a5e7d7f30e615782d954fee045c18a4962ca,"{""distance"":3,""physical_error_rate"":5e-05}","{""detection_events"":117,""detectors_checked"":884736}"
     40960,         0,         0,   0.636,decoder_by_matrix,e9839e3017c9ef118c4b8aeafef39e78c11ecbdb89764e9ca676a7dc2fb6d062,"{""distance"":3,""physical_error_rate"":1e-06}","{""detectors_checked"":2211840}"
     35840,         0,         0,   0.509,decoder_by_matrix,e25b8d07214a8afb95d354611a83b9bb1ded39644e323a8585b3aabf687a4fff,"{""distance"":3,""physical_error_rate"":1e-05}","{""detection_events"":21,""detectors_checked"":1935360}"
     34816,         0,         0,   0.521,decoder_by_matrix,560c721f87db01d4cacf7dcb7d8812fecde61e9e7776d4b9e1b1a792578ecad7,"{""distance"":3,""physical_error_rate"":5e-06}","{""detection_events"":30,""detectors_checked"":1880064}"
     25600,         0,         0,   0.919,decoder_by_matrix,36e3cd26fed5ec7649ec51fb08c1a5e7d7f30e615782d954fee045c18a4962ca,"{""distance"":3,""physical_error_rate"":5e-05}","{""detection_events"":213,""detectors_checked"":1382400}"
     55296,         0,         0,   0.773,decoder_by_matrix,e9839e3017c9ef118c4b8aeafef39e78c11ecbdb89764e9ca676a7dc2fb6d062,"{""distance"":3,""physical_error_rate"":1e-06}","{""detection_events"":21,""detectors_checked"":2985984}"
     48128,         0,         0,   0.890,decoder_by_matrix,e25b8d07214a8afb95d354611a83b9bb1ded39644e323a8585b3aabf687a4fff,"{""distance"":3,""physical_error_rate"":1e-05}","{""detection_events"":27,""detectors_checked"":2598912}"
     44032,         0,         0,   0.895,decoder_by_matrix,560c721f87db01d4cacf7dcb7d8812fecde61e9e7776d4b9e1b1a792578ecad7,"{""distance"":3,""physical_error_rate"":5e-06}","{""detection_events"":48,""detectors_checked"":2377728}"
     37888,         0,         0,    1.17,decoder_by_matrix,36e3cd26fed5ec7649ec51fb08c1a5e7d7f30e615782d954fee045c18a4962ca,"{""distance"":3,""physical_error_rate"":5e-05}","{""detection_events"":303,""detectors_checked"":2045952}"
     73728,         0,         0,    1.01,decoder_by_matrix,e9839e3017c9ef118c4b8aeafef39e78c11ecbdb89764e9ca676a7dc2fb6d062,"{""distance"":3,""physical_error_rate"":1e-06}","{""detection_events"":3,""detectors_checked"":3981312}"
     53248,         0,         0,    1.14,decoder_by_matrix,e25b8d07214a8afb95d354611a83b9bb1ded39644e323a8585b3aabf687a4fff,"{""distance"":3,""physical_error_rate"":1e-05}","{""detection_events"":90,""detectors_checked"":2875392}"
     59392,         0,         0,    1.03,decoder_by_matrix,560c721f87db01d4cacf7dcb7d8812fecde61e9e7776d4b9e1b1a792578ecad7,"{""distance"":3,""physical_error_rate"":5e-06}","{""detection_events"":75,""detectors_checked"":3207168}"
     43008,         0,         0,    1.45,decoder_by_matrix,36e3cd26fed5ec7649ec51fb08c1a5e7d7f30e615782d954fee045c18a4962ca,"{""distance"":3,""physical_error_rate"":5e-05}","{""detection_events"":378,""detectors_checked"":2322432}"
     76800,         0,         0,    1.62,decoder_by_matrix,e25b8d07214a8afb95d354611a83b9bb1ded39644e323a8585b3aabf687a4fff,"{""distance"":3,""physical_error_rate"":1e-05}","{""detection_events"":117,""detectors_checked"":4147200}"
    108544,         0,         0,    1.56,decoder_by_matrix,e9839e3017c9ef118c4b8aeafef39e78c11ecbdb89764e9ca676a7dc2fb6d062,"{""distance"":3,""physical_error_rate"":1e-06}","{""detection_events"":6,""detectors_checked"":5861376}"
     92160,         0,         0,    1.66,decoder_by_matrix,560c721f87db01d4cacf7dcb7d8812fecde61e9e7776d4b9e1b1a792578ecad7,"{""distance"":3,""physical_error_rate"":5e-06}","{""detection_events"":69,""detectors_checked"":4976640}"
   1030144,         0,         0,    15.4,decoder_by_matrix,e9839e3017c9ef118c4b8aeafef39e78c11ecbdb89764e9ca676a7dc2fb6d062,"{""distance"":3,""physical_error_rate"":1e-06}","{""detection_events"":189,""detectors_checked"":55627776}"
    837632,         0,         0,    16.0,decoder_by_matrix,e25b8d07214a8afb95d354611a83b9bb1ded39644e323a8585b3aabf687a4fff,"{""distance"":3,""physical_error_rate"":1e-05}","{""detection_events"":1122,""detectors_checked"":45232128}"
    934912,         0,         0,    15.8,decoder_by_matrix,560c721f87db01d4cacf7dcb7d8812fecde61e9e7776d4b9e1b1a792578ecad7,"{""distance"":3,""physical_error_rate"":5e-06}","{""detection_events"":615,""detectors_checked"":50485248}"
    512000,         0,         0,    16.2,decoder_by_matrix,36e3cd26fed5ec7649ec51fb08c1a5e7d7f30e615782d954fee045c18a4962ca,"{""distance"":3,""physical_error_rate"":5e-05}","{""detection_events"":3879,""detectors_checked"":27648000}"
     66560,         0,         0,    2.05,decoder_by_matrix,36e3cd26fed5ec7649ec51fb08c1a5e7d7f30e615782d954fee045c18a4962ca,"{""distance"":3,""physical_error_rate"":5e-05}","{""detection_events"":534,""detectors_checked"":3594240}"
    113664,         0,         0,    2.27,decoder_by_matrix,e25b8d07214a8afb95d354611a83b9bb1ded39644e323a8585b3aabf687a4fff,"{""distance"":3,""physical_error_rate"":1e-05}","{""detection_events"":150,""detectors_checked"":6137856}"
    140288,         0,         0,    2.25,decoder_by_matrix,e9839e3017c9ef118c4b8aeafef39e78c11ecbdb89764e9ca676a7dc2fb6d062,"{""distance"":3,""physical_error_rate"":1e-06}","{""detection_events"":48,""detectors_checked"":7575552}"
    129024,         0,         0,    2.29,decoder_by_matrix,560c721f87db01d4cacf7dcb7d8812fecde61e9e7776d4b9e1b1a792578ecad7,"{""distance"":3,""physical_error_rate"":5e-06}","{""detection_events"":90,""detectors_checked"":6967296}"
     88064,         0,         0,    2.97,decoder_by_matrix,36e3cd26fed5ec7649ec51fb08c1a5e7d7f30e615782d954fee045c18a4962ca,"{""distance"":3,""physical_error_rate"":5e-05}","{""detection_events"":696,""detectors_checked"":4755456}"
    140288,         0,         0,    2.69,decoder_by_matrix,e25b8d07214a8afb95d354611a83b9bb1ded39644e323a8585b3aabf687a4fff,"{""distance"":3,""physical_error_rate"":1e-05}","{""detection_events"":300,""detectors_checked"":7575552}"
    171008,         0,         0,    2.94,decoder_by_matrix,560c721f87db01d4cacf7dcb7d8812fecde61e9e7776d4b9e1b1a792578ecad7,"{""distance"":3,""physical_error_rate"":5e-06}","{""detection_events"":120,""detectors_checked"":9234432}"
    207872,         0,         0,    3.16,decoder_by_matrix,e9839e3017c9ef118c4b8aeafef39e78c11ecbdb89764e9ca676a7dc2fb6d062,"{""distance"":3,""physical_error_rate"":1e-06}","{""detection_events"":9,""detectors_checked"":11225088}"
    138240,         0,         0,    4.09,decoder_by_matrix,36e3cd26fed5ec7649ec51fb08c1a5e7d7f30e615782d954fee045c18a4962ca,"{""distance"":3,""physical_error_rate"":5e-05}","{""detection_events"":957,""detectors_checked"":7464960}"
    206848,         0,         0,    4.33,decoder_by_matrix,e25b8d07214a8afb95d354611a83b9bb1ded39644e323a8585b3aabf687a4fff,"{""distance"":3,""physical_error_rate"":1e-05}","{""detection_events"":369,""detectors_checked"":11169792}"
    271360,         0,         0,    4.15,decoder_by_matrix,e9839e3017c9ef118c4b8aeafef39e78c11ecbdb89764e9ca676a7dc2fb6d062,"{""distance"":3,""physical_error_rate"":1e-06}","{""detection_events"":48,""detectors_checked"":14653440}"
    235520,         0,         0,    4.25,decoder_by_matrix,560c721f87db01d4cacf7dcb7d8812fecde61e9e7776d4b9e1b1a792578ecad7,"{""distance"":3,""physical_error_rate"":5e-06}","{""detection_events"":186,""detectors_checked"":12718080}"
    194560,         0,         0,    5.87,decoder_by_matrix,36e3cd26fed5ec7649ec51fb08c1a5e7d7f30e615782d954fee045c18a4962ca,"{""distance"":3,""physical_error_rate"":5e-05}","{""detection_events"":1593,""detectors_checked"":10506240}"
    297984,         0,         0,    5.75,decoder_by_matrix,e25b8d07214a8afb95d354611a83b9bb1ded39644e323a8585b3aabf687a4fff,"{""distance"":3,""physical_error_rate"":1e-05}","{""detection_events"":384,""detectors_checked"":16091136}"
    391168,         0,         0,    5.66,decoder_by_matrix,e9839e3017c9ef118c4b8aeafef39e78c11ecbdb89764e9ca676a7dc2fb6d062,"{""distance"":3,""physical_error_rate"":1e-06}","{""detection_events"":27,""detectors_checked"":21123072}"
    325632,         0,         0,    5.60,decoder_by_matrix,560c721f87db01d4cacf7dcb7d8812fecde61e9e7776d4b9e1b1a792578ecad7,"{""distance"":3,""physical_error_rate"":5e-06}","{""detection_events"":258,""detectors_checked"":17584128}"
   1462272,         0,         0,    22.1,decoder_by_matrix,e9839e3017c9ef118c4b8aeafef39e78c11ecbdb89764e9ca676a7dc2fb6d062,"{""distance"":3,""physical_error_rate"":1e-06}","{""detection_events"":207,""detectors_checked"":78962688}"
   1162240,         0,         0,    21.8,decoder_by_matrix,e25b8d07214a8afb95d354611a83b9bb1ded39644e323a8585b3aabf687a4fff,"{""distance"":3,""physical_error_rate"":1e-05}","{""detection_events"":1626,""detectors_checked"":62760960}"
   1302528,         0,         0,    22.0,decoder_by_matrix,560c721f87db01d4cacf7dcb7d8812fecde61e9e7776d4b9e1b1a792578ecad7,"{""distance"":3,""physical_error_rate"":5e-06}","{""detection_events"":918,""detectors_checked"":70336512}"
    722944,         0,         0,    22.6,decoder_by_matrix,36e3cd26fed5ec7649ec51fb08c1a5e7d7f30e615782d954fee045c18a4962ca,"{""distance"":3,""physical_error_rate"":5e-05}","{""detection_events"":5331,""detectors_checked"":39038976}"
    275456,         0,         0,    8.38,decoder_by_matrix,36e3cd26fed5ec7649ec51fb08c1a5e7d7f30e615782d954fee045c18a4962ca,"{""distance"":3,""physical_error_rate"":5e-05}","{""detection_events"":1932,""detectors_checked"":14874624}"
    421888,         0,         0,    8.13,decoder_by_matrix,e25b8d07214a8afb95d354611a83b9bb1ded39644e323a8585b3aabf687a4fff,"{""distance"":3,""physical_error_rate"":1e-05}","{""detection_events"":648,""detectors_checked"":22781952}"
    541696,         0,         0,    8.06,decoder_by_matrix,e9839e3017c9ef118c4b8aeafef39e78c11ecbdb89764e9ca676a7dc2fb6d062,"{""distance"":3,""physical_error_rate"":1e-06}","{""detection_events"":57,""detectors_checked"":29251584}"
    475136,         0,         0,    8.07,decoder_by_matrix,560c721f87db01d4cacf7dcb7d8812fecde61e9e7776d4b9e1b1a792578ecad7,"{""distance"":3,""physical_error_rate"":5e-06}","{""detection_events"":312,""detectors_checked"":25657344}"
    728064,        46,         0,    31.4,decoder_by_matrix,f854eed952f7ffb52e4f578393718ba880ba0930c78fe51d50828fe06a713055,"{""distance"":3,""physical_error_rate"":0.001}","{""detection_events"":105879,""detectors_checked"":39315456,""obs_mistake_mask=E"":46}"
   1824768,         0,         0,    31.4,decoder_by_matrix,560c721f87db01d4cacf7dcb7d8812fecde61e9e7776d4b9e1b1a792578ecad7,"{""distance"":3,""physical_error_rate"":5e-06}","{""detection_events"":1227,""detectors_checked"":98537472}"
    750592,        10,         0,    31.8,decoder_by_matrix,5c8c81bfec719079c388cedc47a351f264c1bf769ae28a89f9b4fc7719fea501,"{""distance"":3,""physical_error_rate"":0.0005}","{""detection_events"":54690,""detectors_checked"":40531968,""obs_mistake_mask=E"":10}"
    755712,        12,         0,    31.2,decoder_by_matrix,5c8c81bfec719079c388cedc47a351f264c1bf769ae28a89f9b4fc7719fea501,"{""distance"":3,""physical_error_rate"":0.0005}","{""detection_events"":55005,""detectors_checked"":40808448,""obs_mistake_mask=E"":12}"
    731136,        60,         0,    31.6,decoder_by_matrix,f854eed952f7ffb52e4f578393718ba880ba0930c78fe51d50828fe06a713055,"{""distance"":3,""physical_error_rate"":0.001}","{""detection_events"":105363,""detectors_checked"":39481344,""obs_mistake_mask=E"":60}"
    852992,         1,         0,    31.4,decoder_by_matrix,beec9fd12293a9cfe53c9b61fb8ce2a525e4eed38fa75d132d6dc64699336876,"{""distance"":3,""physical_error_rate"":0.0001}","{""detection_events"":12630,""detectors_checked"":46061568,""obs_mistake_mask=E"":1}"
   1613824,         0,         0,    31.0,decoder_by_matrix,e25b8d07214a8afb95d354611a83b9bb1ded39644e323a8585b3aabf687a4fff,"{""distance"":3,""physical_error_rate"":1e-05}","{""detection_events"":2460,""detectors_checked"":87146496}"
    983040,         0,         0,    31.7,decoder_by_matrix,36e3cd26fed5ec7649ec51fb08c1a5e7d7f30e615782d954fee045c18a4962ca,"{""distance"":3,""physical_error_rate"":5e-05}","{""detection_events"":7134,""detectors_checked"":53084160}"
   2063360,         0,         0,    30.6,decoder_by_matrix,e9839e3017c9ef118c4b8aeafef39e78c11ecbdb89764e9ca676a7dc2fb6d062,"{""distance"":3,""physical_error_rate"":1e-06}","{""detection_events"":291,""detectors_checked"":111421440}"
    732160,        54,         0,    31.7,decoder_by_matrix,f854eed952f7ffb52e4f578393718ba880ba0930c78fe51d50828fe06a713055,"{""distance"":3,""physical_error_rate"":0.001}","{""detection_events"":106287,""detectors_checked"":39536640,""obs_mistake_mask=E"":54}"
   1841152,         0,         0,    30.6,decoder_by_matrix,560c721f87db01d4cacf7dcb7d8812fecde61e9e7776d4b9e1b1a792578ecad7,"{""distance"":3,""physical_error_rate"":5e-06}","{""detection_events"":1302,""detectors_checked"":99422208}"
   1627136,         0,         0,    31.6,decoder_by_matrix,e25b8d07214a8afb95d354611a83b9bb1ded39644e323a8585b3aabf687a4fff,"{""distance"":3,""physical_error_rate"":1e-05}","{""detection_events"":2331,""detectors_checked"":87865344}"
   1606656,         0,         0,    30.9,decoder_by_matrix,e25b8d07214a8afb95d354611a83b9bb1ded39644e323a8585b3aabf687a4fff,"{""distance"":3,""physical_error_rate"":1e-05}","{""detection_events"":2574,""detectors_checked"":86759424}"
   2048000,         0,         0,    30.4,decoder_by_matrix,e9839e3017c9ef118c4b8aeafef39e78c11ecbdb89764e9ca676a7dc2fb6d062,"{""distance"":3,""physical_error_rate"":1e-06}","{""detection_events"":327,""detectors_checked"":110592000}"
    987136,         1,         0,    31.6,decoder_by_matrix,36e3cd26fed5ec7649ec51fb08c1a5e7d7f30e615782d954fee045c18a4962ca,"{""distance"":3,""physical_error_rate"":5e-05}","{""detection_events"":7620,""detectors_checked"":53305344,""obs_mistake_mask=E"":1}"
    838656,         0,         0,    31.7,decoder_by_matrix,beec9fd12293a9cfe53c9b61fb8ce2a525e4eed38fa75d132d6dc64699336876,"{""distance"":3,""physical_error_rate"":0.0001}","{""detection_events"":12468,""detectors_checked"":45287424}"
    999424,         0,         0,    31.3,decoder_by_matrix,36e3cd26fed5ec7649ec51fb08c1a5e7d7f30e615782d954fee045c18a4962ca,"{""distance"":3,""physical_error_rate"":5e-05}","{""detection_events"":7575,""detectors_checked"":53968896}"
   1818624,         0,         0,    31.1,decoder_by_matrix,560c721f87db01d4cacf7dcb7d8812fecde61e9e7776d4b9e1b1a792578ecad7,"{""distance"":3,""physical_error_rate"":5e-06}","{""detection_events"":1290,""detectors_checked"":98205696}"
    729088,        58,         0,    31.9,decoder_by_matrix,f854eed952f7ffb52e4f578393718ba880ba0930c78fe51d50828fe06a713055,"{""distance"":3,""physical_error_rate"":0.001}","{""detection_events"":105588,""detectors_checked"":39370752,""obs_mistake_mask=E"":58}"
   2072576,         0,         0,    30.9,decoder_by_matrix,e9839e3017c9ef118c4b8aeafef39e78c11ecbdb89764e9ca676a7dc2fb6d062,"{""distance"":3,""physical_error_rate"":1e-06}","{""detection_events"":207,""detectors_checked"":111919104}"
    759808,        11,         0,    31.2,decoder_by_matrix,5c8c81bfec719079c388cedc47a351f264c1bf769ae28a89f9b4fc7719fea501,"{""distance"":3,""physical_error_rate"":0.0005}","{""detection_events"":54762,""detectors_checked"":41029632,""obs_mistake_mask=E"":11}"
    849920,         1,         0,    31.4,decoder_by_matrix,beec9fd12293a9cfe53c9b61fb8ce2a525e4eed38fa75d132d6dc64699336876,"{""distance"":3,""physical_error_rate"":0.0001}","{""detection_events"":12285,""detectors_checked"":45895680,""obs_mistake_mask=E"":1}"
    752640,        11,         0,    30.9,decoder_by_matrix,5c8c81bfec719079c388cedc47a351f264c1bf769ae28a89f9b4fc7719fea501,"{""distance"":3,""physical_error_rate"":0.0005}","{""detection_events"":56085,""detectors_checked"":40642560,""obs_mistake_mask=E"":11}"
    840704,         0,         0,    32.1,decoder_by_matrix,beec9fd12293a9cfe53c9b61fb8ce2a525e4eed38fa75d132d6dc64699336876,"{""distance"":3,""physical_error_rate"":0.0001}","{""detection_events"":12576,""detectors_checked"":45398016}"
    367616,         0,         0,    11.6,decoder_by_matrix,36e3cd26fed5ec7649ec51fb08c1a5e7d7f30e615782d954fee045c18a4962ca,"{""distance"":3,""physical_error_rate"":5e-05}","{""detection_events"":2787,""detectors_checked"":19851264}"
    589824,         0,         0,    11.3,decoder_by_matrix,e25b8d07214a8afb95d354611a83b9bb1ded39644e323a8585b3aabf687a4fff,"{""distance"":3,""physical_error_rate"":1e-05}","{""detection_events"":891,""detectors_checked"":31850496}"
    672768,         0,         0,    11.6,decoder_by_matrix,560c721f87db01d4cacf7dcb7d8812fecde61e9e7776d4b9e1b1a792578ecad7,"{""distance"":3,""physical_error_rate"":5e-06}","{""detection_events"":381,""detectors_checked"":36329472}"
    751616,         0,         0,    11.1,decoder_by_matrix,e9839e3017c9ef118c4b8aeafef39e78c11ecbdb89764e9ca676a7dc2fb6d062,"{""distance"":3,""physical_error_rate"":1e-06}","{""detection_events"":78,""detectors_checked"":40587264}"
    535552,         0,         0,    15.8,decoder_by_matrix,36e3cd26fed5ec7649ec51fb08c1a5e7d7f30e615782d954fee045c18a4962ca,"{""distance"":3,""physical_error_rate"":5e-05}","{""detection_events"":3597,""detectors_checked"":28919808}"
    815104,         0,         0,    15.4,decoder_by_matrix,e25b8d07214a8afb95d354611a83b9bb1ded39644e323a8585b3aabf687a4fff,"{""distance"":3,""physical_error_rate"":1e-05}","{""detection_events"":1248,""detectors_checked"":44015616}"
    919552,         0,         0,    16.0,decoder_by_matrix,560c721f87db01d4cacf7dcb7d8812fecde61e9e7776d4b9e1b1a792578ecad7,"{""distance"":3,""physical_error_rate"":5e-06}","{""detection_events"":651,""detectors_checked"":49655808}"
   1054720,         0,         0,    16.1,decoder_by_matrix,e9839e3017c9ef118c4b8aeafef39e78c11ecbdb89764e9ca676a7dc2fb6d062,"{""distance"":3,""physical_error_rate"":1e-06}","{""detection_events"":138,""detectors_checked"":56954880}"
   2049024,         0,         0,    30.4,decoder_by_matrix,e9839e3017c9ef118c4b8aeafef39e78c11ecbdb89764e9ca676a7dc2fb6d062,"{""distance"":3,""physical_error_rate"":1e-06}","{""detection_events"":288,""detectors_checked"":110647296}"
   1600512,         0,         0,    30.9,decoder_by_matrix,e25b8d07214a8afb95d354611a83b9bb1ded39644e323a8585b3aabf687a4fff,"{""distance"":3,""physical_error_rate"":1e-05}","{""detection_events"":2487,""detectors_checked"":86427648}"
   1785856,         0,         0,    31.4,decoder_by_matrix,560c721f87db01d4cacf7dcb7d8812fecde61e9e7776d4b9e1b1a792578ecad7,"{""distance"":3,""physical_error_rate"":5e-06}","{""detection_events"":1404,""detectors_checked"":96436224}"
   1007616,         1,         0,    31.6,decoder_by_matrix,36e3cd26fed5ec7649ec51fb08c1a5e7d7f30e615782d954fee045c18a4962ca,"{""distance"":3,""physical_error_rate"":5e-05}","{""detection_events"":7467,""detectors_checked"":54411264,""obs_mistake_mask=E"":1}"
   1025024,        77,         0,    44.0,decoder_by_matrix,f854eed952f7ffb52e4f578393718ba880ba0930c78fe51d50828fe06a713055,"{""distance"":3,""physical_error_rate"":0.001}","{""detection_events"":148614,""detectors_checked"":55351296,""obs_mistake_mask=E"":77}"
   2563072,         0,         0,    42.9,decoder_by_matrix,560c721f87db01d4cacf7dcb7d8812fecde61e9e7776d4b9e1b1a792578ecad7,"{""distance"":3,""physical_error_rate"":5e-06}","{""detection_events"":1770,""detectors_checked"":138405888}"
   1057792,        16,         0,    43.7,decoder_by_matrix,5c8c81bfec719079c388cedc47a351f264c1bf769ae28a89f9b4fc7719fea501,"{""distance"":3,""physical_error_rate"":0.0005}","{""detection_events"":76518,""detectors_checked"":57120768,""obs_mistake_mask=E"":16}"
   1056768,        18,         0,    44.4,decoder_by_matrix,5c8c81bfec719079c388cedc47a351f264c1bf769ae28a89f9b4fc7719fea501,"{""distance"":3,""physical_error_rate"":0.0005}","{""detection_events"":77409,""detectors_checked"":57065472,""obs_mistake_mask=E"":18}"
   1025024,        81,         0,    44.3,decoder_by_matrix,f854eed952f7ffb52e4f578393718ba880ba0930c78fe51d50828fe06a713055,"{""distance"":3,""physical_error_rate"":0.001}","{""detection_events"":149238,""detectors_checked"":55351296,""obs_mistake_mask=E"":81}"
   1173504,         0,         0,    44.6,decoder_by_matrix,beec9fd12293a9cfe53c9b61fb8ce2a525e4eed38fa75d132d6dc64699336876,"{""distance"":3,""physical_error_rate"":0.0001}","{""detection_events"":17466,""detectors_checked"":63369216}"
   1434624,         0,         0,    43.5,decoder_by_matrix,36e3cd26fed5ec7649ec51fb08c1a5e7d7f30e615782d954fee045c18a4962ca,"{""distance"":3,""physical_error_rate"":5e-05}","{""detection_events"":10209,""detectors_checked"":77469696}"
   2877440,         0,         0,    42.9,decoder_by_matrix,e9839e3017c9ef118c4b8aeafef39e78c11ecbdb89764e9ca676a7dc2fb6d062,"{""distance"":3,""physical_error_rate"":1e-06}","{""detection_events"":408,""detectors_checked"":155381760}"
   2271232,         0,         0,    43.6,decoder_by_matrix,e25b8d07214a8afb95d354611a83b9bb1ded39644e323a8585b3aabf687a4fff,"{""distance"":3,""physical_error_rate"":1e-05}","{""detection_events"":3285,""detectors_checked"":122646528}"
   2533376,         0,         0,    44.0,decoder_by_matrix,560c721f87db01d4cacf7dcb7d8812fecde61e9e7776d4b9e1b1a792578ecad7,"{""distance"":3,""physical_error_rate"":5e-06}","{""detection_events"":1830,""detectors_checked"":136802304}"
   1026048,        77,         0,    44.1,decoder_by_matrix,f854eed952f7ffb52e4f578393718ba880ba0930c78fe51d50828fe06a713055,"{""distance"":3,""physical_error_rate"":0.001}","{""detection_events"":150492,""detectors_checked"":55406592,""obs_mistake_mask=E"":77}"
   2245632,         0,         0,    44.0,decoder_by_matrix,e25b8d07214a8afb95d354611a83b9bb1ded39644e323a8585b3aabf687a4fff,"{""distance"":3,""physical_error_rate"":1e-05}","{""detection_events"":3405,""detectors_checked"":121264128}"
   2217984,         0,         0,    43.3,decoder_by_matrix,e25b8d07214a8afb95d354611a83b9bb1ded39644e323a8585b3aabf687a4fff,"{""distance"":3,""physical_error_rate"":1e-05}","{""detection_events"":3507,""detectors_checked"":119771136}"
   1169408,         3,         0,    44.4,decoder_by_matrix,beec9fd12293a9cfe53c9b61fb8ce2a525e4eed38fa75d132d6dc64699336876,"{""distance"":3,""physical_error_rate"":0.0001}","{""detection_events"":17304,""detectors_checked"":63148032,""obs_mistake_mask=E"":3}"
   2899968,         0,         0,    42.7,decoder_by_matrix,e9839e3017c9ef118c4b8aeafef39e78c11ecbdb89764e9ca676a7dc2fb6d062,"{""distance"":3,""physical_error_rate"":1e-06}","{""detection_events"":381,""detectors_checked"":156598272}"
   1447936,         0,         0,    43.9,decoder_by_matrix,36e3cd26fed5ec7649ec51fb08c1a5e7d7f30e615782d954fee045c18a4962ca,"{""distance"":3,""physical_error_rate"":5e-05}","{""detection_events"":10131,""detectors_checked"":78188544}"
   2869248,         0,         0,    43.1,decoder_by_matrix,e9839e3017c9ef118c4b8aeafef39e78c11ecbdb89764e9ca676a7dc2fb6d062,"{""distance"":3,""physical_error_rate"":1e-06}","{""detection_events"":489,""detectors_checked"":154939392}"
   1060864,        25,         0,    43.3,decoder_by_matrix,5c8c81bfec719079c388cedc47a351f264c1bf769ae28a89f9b4fc7719fea501,"{""distance"":3,""physical_error_rate"":0.0005}","{""detection_events"":78672,""detectors_checked"":57286656,""obs_mistake_mask=E"":25}"
   1427456,         0,         0,    44.3,decoder_by_matrix,36e3cd26fed5ec7649ec51fb08c1a5e7d7f30e615782d954fee045c18a4962ca,"{""distance"":3,""physical_error_rate"":5e-05}","{""detection_events"":10392,""detectors_checked"":77082624}"
   2557952,         0,         0,    42.2,decoder_by_matrix,560c721f87db01d4cacf7dcb7d8812fecde61e9e7776d4b9e1b1a792578ecad7,"{""distance"":3,""physical_error_rate"":5e-06}","{""detection_events"":1749,""detectors_checked"":138129408}"
   1017856,        78,         0,    44.6,decoder_by_matrix,f854eed952f7ffb52e4f578393718ba880ba0930c78fe51d50828fe06a713055,"{""distance"":3,""physical_error_rate"":0.001}","{""detection_events"":146916,""detectors_checked"":54964224,""obs_mistake_mask=E"":78}"
   1056768,        16,         0,    44.5,decoder_by_matrix,5c8c81bfec719079c388cedc47a351f264c1bf769ae28a89f9b4fc7719fea501,"{""distance"":3,""physical_error_rate"":0.0005}","{""detection_events"":75150,""detectors_checked"":57065472,""obs_mistake_mask=E"":16}"
   1183744,         1,         0,    44.2,decoder_by_matrix,beec9fd12293a9cfe53c9b61fb8ce2a525e4eed38fa75d132d6dc64699336876,"{""distance"":3,""physical_error_rate"":0.0001}","{""detection_events"":16806,""detectors_checked"":63922176,""obs_mistake_mask=E"":1}"
   1171456,         0,         0,    43.9,decoder_by_matrix,beec9fd12293a9cfe53c9b61fb8ce2a525e4eed38fa75d132d6dc64699336876,"{""distance"":3,""physical_error_rate"":0.0001}","{""detection_events"":17766,""detectors_checked"":63258624}"
    728064,         0,         0,    22.4,decoder_by_matrix,36e3cd26fed5ec7649ec51fb08c1a5e7d7f30e615782d954fee045c18a4962ca,"{""distance"":3,""physical_error_rate"":5e-05}","{""detection_events"":5337,""detectors_checked"":39315456}"
   1166336,         0,         0,    22.2,decoder_by_matrix,e25b8d07214a8afb95d354611a83b9bb1ded39644e323a8585b3aabf687a4fff,"{""distance"":3,""physical_error_rate"":1e-05}","{""detection_events"":1494,""detectors_checked"":62982144}"
   1267712,         0,         0,    22.1,decoder_by_matrix,560c721f87db01d4cacf7dcb7d8812fecde61e9e7776d4b9e1b1a792578ecad7,"{""distance"":3,""physical_error_rate"":5e-06}","{""detection_events"":945,""detectors_checked"":68456448}"
   1479680,         0,         0,    21.9,decoder_by_matrix,e9839e3017c9ef118c4b8aeafef39e78c11ecbdb89764e9ca676a7dc2fb6d062,"{""distance"":3,""physical_error_rate"":1e-06}","{""detection_events"":198,""detectors_checked"":79902720}"
   2875392,         0,         0,    43.0,decoder_by_matrix,e9839e3017c9ef118c4b8aeafef39e78c11ecbdb89764e9ca676a7dc2fb6d062,"{""distance"":3,""physical_error_rate"":1e-06}","{""detection_events"":351,""detectors_checked"":155271168}"
   2224128,         0,         0,    42.3,decoder_by_matrix,e25b8d07214a8afb95d354611a83b9bb1ded39644e323a8585b3aabf687a4fff,"{""distance"":3,""physical_error_rate"":1e-05}","{""detection_events"":3390,""detectors_checked"":120102912}"
   2535424,         0,         0,    42.1,decoder_by_matrix,560c721f87db01d4cacf7dcb7d8812fecde61e9e7776d4b9e1b1a792578ecad7,"{""distance"":3,""physical_error_rate"":5e-06}","{""detection_events"":1908,""detectors_checked"":136912896}"
   1424384,         0,         0,    44.2,decoder_by_matrix,36e3cd26fed5ec7649ec51fb08c1a5e7d7f30e615782d954fee045c18a4962ca,"{""distance"":3,""physical_error_rate"":5e-05}","{""detection_events"":10818,""detectors_checked"":76916736}"
   1001472,         0,         0,    31.3,decoder_by_matrix,36e3cd26fed5ec7649ec51fb08c1a5e7d7f30e615782d954fee045c18a4962ca,"{""distance"":3,""physical_error_rate"":5e-05}","{""detection_events"":7443,""detectors_checked"":54079488}"
   1623040,         0,         0,    30.8,decoder_by_matrix,e25b8d07214a8afb95d354611a83b9bb1ded39644e323a8585b3aabf687a4fff,"{""distance"":3,""physical_error_rate"":1e-05}","{""detection_events"":2295,""detectors_checked"":87644160}"
   1798144,         0,         0,    30.6,decoder_by_matrix,560c721f87db01d4cacf7dcb7d8812fecde61e9e7776d4b9e1b1a792578ecad7,"{""distance"":3,""physical_error_rate"":5e-06}","{""detection_events"":1344,""detectors_checked"":97099776}"
   2075648,         0,         0,    30.9,decoder_by_matrix,e9839e3017c9ef118c4b8aeafef39e78c11ecbdb89764e9ca676a7dc2fb6d062,"{""distance"":3,""physical_error_rate"":1e-06}","{""detection_events"":198,""detectors_checked"":112084992}"
   1431552,       107,         0,    61.4,decoder_by_matrix,f854eed952f7ffb52e4f578393718ba880ba0930c78fe51d50828fe06a713055,"{""distance"":3,""physical_error_rate"":0.001}","{""detection_events"":207720,""detectors_checked"":77303808,""obs_mistake_mask=E"":107}"
   3567616,         0,         0,    60.8,decoder_by_matrix,560c721f87db01d4cacf7dcb7d8812fecde61e9e7776d4b9e1b1a792578ecad7,"{""distance"":3,""physical_error_rate"":5e-06}","{""detection_events"":2466,""detectors_checked"":192651264}"
   1481728,        21,         0,    61.4,decoder_by_matrix,5c8c81bfec719079c388cedc47a351f264c1bf769ae28a89f9b4fc7719fea501,"{""distance"":3,""physical_error_rate"":0.0005}","{""detection_events"":108258,""detectors_checked"":80013312,""obs_mistake_mask=E"":21}"
   1477632,        25,         0,    61.6,decoder_by_matrix,5c8c81bfec719079c388cedc47a351f264c1bf769ae28a89f9b4fc7719fea501,"{""distance"":3,""physical_error_rate"":0.0005}","{""detection_events"":107415,""detectors_checked"":79792128,""obs_mistake_mask=E"":25}"
   1433600,        96,         0,    61.7,decoder_by_matrix,f854eed952f7ffb52e4f578393718ba880ba0930c78fe51d50828fe06a713055,"{""distance"":3,""physical_error_rate"":0.001}","{""detection_events"":208761,""detectors_checked"":77414400,""obs_mistake_mask=E"":96}"
   1647616,         1,         0,    62.3,decoder_by_matrix,beec9fd12293a9cfe53c9b61fb8ce2a525e4eed38fa75d132d6dc64699336876,"{""distance"":3,""physical_error_rate"":0.0001}","{""detection_events"":23850,""detectors_checked"":88971264,""obs_mistake_mask=E"":1}"
   1956864,         0,         0,    61.4,decoder_by_matrix,36e3cd26fed5ec7649ec51fb08c1a5e7d7f30e615782d954fee045c18a4962ca,"{""distance"":3,""physical_error_rate"":5e-05}","{""detection_events"":14424,""detectors_checked"":105670656}"
   4046848,         0,         0,    60.3,decoder_by_matrix,e9839e3017c9ef118c4b8aeafef39e78c11ecbdb89764e9ca676a7dc2fb6d062,"{""distance"":3,""physical_error_rate"":1e-06}","{""detection_events"":555,""detectors_checked"":218529792}"
   3073024,         0,         0,    60.9,decoder_by_matrix,e25b8d07214a8afb95d354611a83b9bb1ded39644e323a8585b3aabf687a4fff,"{""distance"":3,""physical_error_rate"":1e-05}","{""detection_events"":5007,""detectors_checked"":165943296}"
   1434624,       103,         0,    61.7,decoder_by_matrix,f854eed952f7ffb52e4f578393718ba880ba0930c78fe51d50828fe06a713055,"{""distance"":3,""physical_error_rate"":0.001}","{""detection_events"":208125,""detectors_checked"":77469696,""obs_mistake_mask=E"":103}"
   3605504,         0,         0,    60.4,decoder_by_matrix,560c721f87db01d4cacf7dcb7d8812fecde61e9e7776d4b9e1b1a792578ecad7,"{""distance"":3,""physical_error_rate"":5e-06}","{""detection_events"":2430,""detectors_checked"":194697216}"
   3170304,         0,         0,    59.9,decoder_by_matrix,e25b8d07214a8afb95d354611a83b9bb1ded39644e323a8585b3aabf687a4fff,"{""distance"":3,""physical_error_rate"":1e-05}","{""detection_events"":4707,""detectors_checked"":171196416}"
   3198976,         0,         0,    60.5,decoder_by_matrix,e25b8d07214a8afb95d354611a83b9bb1ded39644e323a8585b3aabf687a4fff,"{""distance"":3,""physical_error_rate"":1e-05}","{""detection_events"":4572,""detectors_checked"":172744704}"
   1631232,         1,         0,    62.0,decoder_by_matrix,beec9fd12293a9cfe53c9b61fb8ce2a525e4eed38fa75d132d6dc64699336876,"{""distance"":3,""physical_error_rate"":0.0001}","{""detection_events"":24564,""detectors_checked"":88086528,""obs_mistake_mask=E"":1}"
   4041728,         0,         0,    60.0,decoder_by_matrix,e9839e3017c9ef118c4b8aeafef39e78c11ecbdb89764e9ca676a7dc2fb6d062,"{""distance"":3,""physical_error_rate"":1e-06}","{""detection_events"":561,""detectors_checked"":218253312}"
   4047872,         0,         0,    60.7,decoder_by_matrix,e9839e3017c9ef118c4b8aeafef39e78c11ecbdb89764e9ca676a7dc2fb6d062,"{""distance"":3,""physical_error_rate"":1e-06}","{""detection_events"":516,""detectors_checked"":218585088}"
   1975296,         1,         0,    61.5,decoder_by_matrix,36e3cd26fed5ec7649ec51fb08c1a5e7d7f30e615782d954fee045c18a4962ca,"{""distance"":3,""physical_error_rate"":5e-05}","{""detection_events"":14538,""detectors_checked"":106665984,""obs_mistake_mask=E"":1}"
   1478656,        34,         0,    60.6,decoder_by_matrix,5c8c81bfec719079c388cedc47a351f264c1bf769ae28a89f9b4fc7719fea501,"{""distance"":3,""physical_error_rate"":0.0005}","{""detection_events"":108531,""detectors_checked"":79847424,""obs_mistake_mask=E"":34}"
   3515392,         0,         0,    60.9,decoder_by_matrix,560c721f87db01d4cacf7dcb7d8812fecde61e9e7776d4b9e1b1a792578ecad7,"{""distance"":3,""physical_error_rate"":5e-06}","{""detection_events"":2988,""detectors_checked"":189831168}"
   1677312,         1,         0,    62.2,decoder_by_matrix,beec9fd12293a9cfe53c9b61fb8ce2a525e4eed38fa75d132d6dc64699336876,"{""distance"":3,""physical_error_rate"":0.0001}","{""detection_events"":24507,""detectors_checked"":90574848,""obs_mistake_mask=E"":1}"
   1488896,        19,         0,    61.8,decoder_by_matrix,5c8c81bfec719079c388cedc47a351f264c1bf769ae28a89f9b4fc7719fea501,"{""distance"":3,""physical_error_rate"":0.0005}","{""detection_events"":108660,""detectors_checked"":80400384,""obs_mistake_mask=E"":19}"
   1426432,       110,         0,    62.8,decoder_by_matrix,f854eed952f7ffb52e4f578393718ba880ba0930c78fe51d50828fe06a713055,"{""distance"":3,""physical_error_rate"":0.001}","{""detection_events"":207432,""detectors_checked"":77027328,""obs_mistake_mask=E"":110}"
   1979392,         0,         0,    61.8,decoder_by_matrix,36e3cd26fed5ec7649ec51fb08c1a5e7d7f30e615782d954fee045c18a4962ca,"{""distance"":3,""physical_error_rate"":5e-05}","{""detection_events"":14325,""detectors_checked"":106887168}"
   1640448,         2,         0,    61.5,decoder_by_matrix,beec9fd12293a9cfe53c9b61fb8ce2a525e4eed38fa75d132d6dc64699336876,"{""distance"":3,""physical_error_rate"":0.0001}","{""detection_events"":23793,""detectors_checked"":88584192,""obs_mistake_mask=E"":2}"
   1418240,         0,         0,    43.9,decoder_by_matrix,36e3cd26fed5ec7649ec51fb08c1a5e7d7f30e615782d954fee045c18a4962ca,"{""distance"":3,""physical_error_rate"":5e-05}","{""detection_events"":10116,""detectors_checked"":76584960}"
   2262016,         0,         0,    42.6,decoder_by_matrix,e25b8d07214a8afb95d354611a83b9bb1ded39644e323a8585b3aabf687a4fff,"{""distance"":3,""physical_error_rate"":1e-05}","{""detection_events"":3132,""detectors_checked"":122148864}"
   2452480,         0,         0,    43.9,decoder_by_matrix,560c721f87db01d4cacf7dcb7d8812fecde61e9e7776d4b9e1b1a792578ecad7,"{""distance"":3,""physical_error_rate"":5e-06}","{""detection_events"":2019,""detectors_checked"":132433920}"
   2852864,         0,         0,    42.8,decoder_by_matrix,e9839e3017c9ef118c4b8aeafef39e78c11ecbdb89764e9ca676a7dc2fb6d062,"{""distance"":3,""physical_error_rate"":1e-06}","{""detection_events"":537,""detectors_checked"":154054656}"
   4032512,         0,         0,    59.1,decoder_by_matrix,e9839e3017c9ef118c4b8aeafef39e78c11ecbdb89764e9ca676a7dc2fb6d062,"{""distance"":3,""physical_error_rate"":1e-06}","{""detection_events"":645,""detectors_checked"":217755648}"
   3154944,         0,         0,    61.0,decoder_by_matrix,e25b8d07214a8afb95d354611a83b9bb1ded39644e323a8585b3aabf687a4fff,"{""distance"":3,""physical_error_rate"":1e-05}","{""detection_events"":4470,""detectors_checked"":170366976}"
   3528704,         0,         0,    61.4,decoder_by_matrix,560c721f87db01d4cacf7dcb7d8812fecde61e9e7776d4b9e1b1a792578ecad7,"{""distance"":3,""physical_error_rate"":5e-06}","{""detection_events"":2787,""detectors_checked"":190550016}"
   1963008,         0,         0,    61.6,decoder_by_matrix,36e3cd26fed5ec7649ec51fb08c1a5e7d7f30e615782d954fee045c18a4962ca,"{""distance"":3,""physical_error_rate"":5e-05}","{""detection_events"":14460,""detectors_checked"":106002432}"
   1956864,         0,         0,    61.7,decoder_by_matrix,36e3cd26fed5ec7649ec51fb08c1a5e7d7f30e615782d954fee045c18a4962ca,"{""distance"":3,""physical_error_rate"":5e-05}","{""detection_events"":14259,""detectors_checked"":105670656}"
   3173376,         0,         0,    61.0,decoder_by_matrix,e25b8d07214a8afb95d354611a83b9bb1ded39644e323a8585b3aabf687a4fff,"{""distance"":3,""physical_error_rate"":1e-05}","{""detection_events"":4629,""detectors_checked"":171362304}"
   3495936,         0,         0,    60.8,decoder_by_matrix,560c721f87db01d4cacf7dcb7d8812fecde61e9e7776d4b9e1b1a792578ecad7,"{""distance"":3,""physical_error_rate"":5e-06}","{""detection_events"":2745,""detectors_checked"":188780544}"
   3999744,         0,         0,    59.7,decoder_by_matrix,e9839e3017c9ef118c4b8aeafef39e78c11ecbdb89764e9ca676a7dc2fb6d062,"{""distance"":3,""physical_error_rate"":1e-06}","{""detection_events"":693,""detectors_checked"":215986176}"
   2007040,       132,         0,    87.0,decoder_by_matrix,f854eed952f7ffb52e4f578393718ba880ba0930c78fe51d50828fe06a713055,"{""distance"":3,""physical_error_rate"":0.001}","{""detection_events"":290145,""detectors_checked"":108380160,""obs_mistake_mask=E"":132}"
   4994048,         0,         0,    83.0,decoder_by_matrix,560c721f87db01d4cacf7dcb7d8812fecde61e9e7776d4b9e1b1a792578ecad7,"{""distance"":3,""physical_error_rate"":5e-06}","{""detection_events"":3570,""detectors_checked"":269678592}"
   2071552,        37,         0,    86.6,decoder_by_matrix,5c8c81bfec719079c388cedc47a351f264c1bf769ae28a89f9b4fc7719fea501,"{""distance"":3,""physical_error_rate"":0.0005}","{""detection_events"":149832,""detectors_checked"":111863808,""obs_mistake_mask=E"":37}"
   2070528,        40,         0,    86.3,decoder_by_matrix,5c8c81bfec719079c388cedc47a351f264c1bf769ae28a89f9b4fc7719fea501,"{""distance"":3,""physical_error_rate"":0.0005}","{""detection_events"":149322,""detectors_checked"":111808512,""obs_mistake_mask=E"":40}"
   2338816,         1,         0,    86.2,decoder_by_matrix,beec9fd12293a9cfe53c9b61fb8ce2a525e4eed38fa75d132d6dc64699336876,"{""distance"":3,""physical_error_rate"":0.0001}","{""detection_events"":33501,""detectors_checked"":126296064,""obs_mistake_mask=E"":1}"
   2010112,       137,         0,    86.7,decoder_by_matrix,f854eed952f7ffb52e4f578393718ba880ba0930c78fe51d50828fe06a713055,"{""distance"":3,""physical_error_rate"":0.001}","{""detection_events"":292713,""detectors_checked"":108546048,""obs_mistake_mask=E"":137}"
   2772992,         0,         0,    86.3,decoder_by_matrix,36e3cd26fed5ec7649ec51fb08c1a5e7d7f30e615782d954fee045c18a4962ca,"{""distance"":3,""physical_error_rate"":5e-05}","{""detection_events"":19938,""detectors_checked"":149741568}"
   5661696,         0,         0,    84.5,decoder_by_matrix,e9839e3017c9ef118c4b8aeafef39e78c11ecbdb89764e9ca676a7dc2fb6d062,"{""distance"":3,""physical_error_rate"":1e-06}","{""detection_events"":801,""detectors_checked"":305731584}"
   4347904,         0,         0,    85.5,decoder_by_matrix,e25b8d07214a8afb95d354611a83b9bb1ded39644e323a8585b3aabf687a4fff,"{""distance"":3,""physical_error_rate"":1e-05}","{""detection_events"":6693,""detectors_checked"":234786816}"
   4942848,         0,         0,    84.1,decoder_by_matrix,560c721f87db01d4cacf7dcb7d8812fecde61e9e7776d4b9e1b1a792578ecad7,"{""distance"":3,""physical_error_rate"":5e-06}","{""detection_events"":3867,""detectors_checked"":266913792}"
   2010112,       160,         0,    86.0,decoder_by_matrix,f854eed952f7ffb52e4f578393718ba880ba0930c78fe51d50828fe06a713055,"{""distance"":3,""physical_error_rate"":0.001}","{""detection_events"":293028,""detectors_checked"":108546048,""obs_mistake_mask=E"":160}"
   4397056,         0,         0,    84.5,decoder_by_matrix,e25b8d07214a8afb95d354611a83b9bb1ded39644e323a8585b3aabf687a4fff,"{""distance"":3,""physical_error_rate"":1e-05}","{""detection_events"":6534,""detectors_checked"":237441024}"
   4418560,         0,         0,    84.3,decoder_by_matrix,e25b8d07214a8afb95d354611a83b9bb1ded39644e323a8585b3aabf687a4fff,"{""distance"":3,""physical_error_rate"":1e-05}","{""detection_events"":6447,""detectors_checked"":238602240}"
   2296832,         3,         0,    86.0,decoder_by_matrix,beec9fd12293a9cfe53c9b61fb8ce2a525e4eed38fa75d132d6dc64699336876,"{""distance"":3,""physical_error_rate"":0.0001}","{""detection_events"":34386,""detectors_checked"":124028928,""obs_mistake_mask=E"":3}"
   2754560,         0,         0,    86.6,decoder_by_matrix,36e3cd26fed5ec7649ec51fb08c1a5e7d7f30e615782d954fee045c18a4962ca,"{""distance"":3,""physical_error_rate"":5e-05}","{""detection_events"":19458,""detectors_checked"":148746240}"
   2339840,         1,         0,    86.7,decoder_by_matrix,beec9fd12293a9cfe53c9b61fb8ce2a525e4eed38fa75d132d6dc64699336876,"{""distance"":3,""physical_error_rate"":0.0001}","{""detection_events"":33717,""detectors_checked"":126351360,""obs_mistake_mask=E"":1}"
   5661696,         0,         0,    84.3,decoder_by_matrix,e9839e3017c9ef118c4b8aeafef39e78c11ecbdb89764e9ca676a7dc2fb6d062,"{""distance"":3,""physical_error_rate"":1e-06}","{""detection_events"":858,""detectors_checked"":305731584}"
   5622784,         0,         0,    83.4,decoder_by_matrix,e9839e3017c9ef118c4b8aeafef39e78c11ecbdb89764e9ca676a7dc2fb6d062,"{""distance"":3,""physical_error_rate"":1e-06}","{""detection_events"":915,""detectors_checked"":303630336}"
   2071552,        50,         0,    86.8,decoder_by_matrix,5c8c81bfec719079c388cedc47a351f264c1bf769ae28a89f9b4fc7719fea501,"{""distance"":3,""physical_error_rate"":0.0005}","{""detection_events"":148407,""detectors_checked"":111863808,""obs_mistake_mask=E"":50}"
   1994752,       140,         0,    85.6,decoder_by_matrix,f854eed952f7ffb52e4f578393718ba880ba0930c78fe51d50828fe06a713055,"{""distance"":3,""physical_error_rate"":0.001}","{""detection_events"":288771,""detectors_checked"":107716608,""obs_mistake_mask=E"":140}"
   2783232,         0,         0,    86.5,decoder_by_matrix,36e3cd26fed5ec7649ec51fb08c1a5e7d7f30e615782d954fee045c18a4962ca,"{""distance"":3,""physical_error_rate"":5e-05}","{""detection_events"":19938,""detectors_checked"":150294528}"
   5048320,         0,         0,    84.1,decoder_by_matrix,560c721f87db01d4cacf7dcb7d8812fecde61e9e7776d4b9e1b1a792578ecad7,"{""distance"":3,""physical_error_rate"":5e-06}","{""detection_events"":3429,""detectors_checked"":272609280}"
   2082816,        25,         0,    86.0,decoder_by_matrix,5c8c81bfec719079c388cedc47a351f264c1bf769ae28a89f9b4fc7719fea501,"{""distance"":3,""physical_error_rate"":0.0005}","{""detection_events"":150972,""detectors_checked"":112472064,""obs_mistake_mask=E"":25}"
   2307072,         0,         0,    87.6,decoder_by_matrix,beec9fd12293a9cfe53c9b61fb8ce2a525e4eed38fa75d132d6dc64699336876,"{""distance"":3,""physical_error_rate"":0.0001}","{""detection_events"":34251,""detectors_checked"":124581888}"
   5639168,         0,         0,    83.7,decoder_by_matrix,e9839e3017c9ef118c4b8aeafef39e78c11ecbdb89764e9ca676a7dc2fb6d062,"{""distance"":3,""physical_error_rate"":1e-06}","{""detection_events"":756,""detectors_checked"":304515072}"
   4384768,         0,         0,    85.1,decoder_by_matrix,e25b8d07214a8afb95d354611a83b9bb1ded39644e323a8585b3aabf687a4fff,"{""distance"":3,""physical_error_rate"":1e-05}","{""detection_events"":6654,""detectors_checked"":236777472}"
   4948992,         0,         0,    85.1,decoder_by_matrix,560c721f87db01d4cacf7dcb7d8812fecde61e9e7776d4b9e1b1a792578ecad7,"{""distance"":3,""physical_error_rate"":5e-06}","{""detection_events"":3852,""detectors_checked"":267245568}"
   2749440,         3,         0,    86.7,decoder_by_matrix,36e3cd26fed5ec7649ec51fb08c1a5e7d7f30e615782d954fee045c18a4962ca,"{""distance"":3,""physical_error_rate"":5e-05}","{""detection_events"":20151,""detectors_checked"":148469760,""obs_mistake_mask=E"":3}"
   2757632,         0,         0,    86.2,decoder_by_matrix,36e3cd26fed5ec7649ec51fb08c1a5e7d7f30e615782d954fee045c18a4962ca,"{""distance"":3,""physical_error_rate"":5e-05}","{""detection_events"":20304,""detectors_checked"":148912128}"
   4400128,         0,         0,    85.5,decoder_by_matrix,e25b8d07214a8afb95d354611a83b9bb1ded39644e323a8585b3aabf687a4fff,"{""distance"":3,""physical_error_rate"":1e-05}","{""detection_events"":6303,""detectors_checked"":237606912}"
   4908032,         0,         0,    84.9,decoder_by_matrix,560c721f87db01d4cacf7dcb7d8812fecde61e9e7776d4b9e1b1a792578ecad7,"{""distance"":3,""physical_error_rate"":5e-06}","{""detection_events"":3459,""detectors_checked"":265033728}"
   5624832,         0,         0,    83.7,decoder_by_matrix,e9839e3017c9ef118c4b8aeafef39e78c11ecbdb89764e9ca676a7dc2fb6d062,"{""distance"":3,""physical_error_rate"":1e-06}","{""detection_events"":855,""detectors_checked"":303740928}"
   2726912,       187,         0,   117.3,decoder_by_matrix,f854eed952f7ffb52e4f578393718ba880ba0930c78fe51d50828fe06a713055,"{""distance"":3,""physical_error_rate"":0.001}","{""detection_events"":397149,""detectors_checked"":147253248,""obs_mistake_mask=E"":187}"
   6794240,         0,         0,   115.3,decoder_by_matrix,560c721f87db01d4cacf7dcb7d8812fecde61e9e7776d4b9e1b1a792578ecad7,"{""distance"":3,""physical_error_rate"":5e-06}","{""detection_events"":4908,""detectors_checked"":366888960}"
   2813952,        51,         0,   117.7,decoder_by_matrix,5c8c81bfec719079c388cedc47a351f264c1bf769ae28a89f9b4fc7719fea501,"{""distance"":3,""physical_error_rate"":0.0005}","{""detection_events"":204150,""detectors_checked"":151953408,""obs_mistake_mask=E"":51}"
   2825216,        40,         0,   117.6,decoder_by_matrix,5c8c81bfec719079c388cedc47a351f264c1bf769ae28a89f9b4fc7719fea501,"{""distance"":3,""physical_error_rate"":0.0005}","{""detection_events"":206331,""detectors_checked"":152561664,""obs_mistake_mask=E"":40}"
   3138560,         2,         0,   116.9,decoder_by_matrix,beec9fd12293a9cfe53c9b61fb8ce2a525e4eed38fa75d132d6dc64699336876,"{""distance"":3,""physical_error_rate"":0.0001}","{""detection_events"":46689,""detectors_checked"":169482240,""obs_mistake_mask=E"":2}"
   2733056,       194,         0,   117.2,decoder_by_matrix,f854eed952f7ffb52e4f578393718ba880ba0930c78fe51d50828fe06a713055,"{""distance"":3,""physical_error_rate"":0.001}","{""detection_events"":397509,""detectors_checked"":147585024,""obs_mistake_mask=E"":194}"
   7695360,         0,         0,   115.5,decoder_by_matrix,e9839e3017c9ef118c4b8aeafef39e78c11ecbdb89764e9ca676a7dc2fb6d062,"{""distance"":3,""physical_error_rate"":1e-06}","{""detection_events"":1116,""detectors_checked"":415549440}"
   3760128,         0,         0,   117.3,decoder_by_matrix,36e3cd26fed5ec7649ec51fb08c1a5e7d7f30e615782d954fee045c18a4962ca,"{""distance"":3,""physical_error_rate"":5e-05}","{""detection_events"":27795,""detectors_checked"":203046912}"
   5908480,         0,         0,   116.1,decoder_by_matrix,e25b8d07214a8afb95d354611a83b9bb1ded39644e323a8585b3aabf687a4fff,"{""distance"":3,""physical_error_rate"":1e-05}","{""detection_events"":9330,""detectors_checked"":319057920}"
   6790144,         0,         0,   115.6,decoder_by_matrix,560c721f87db01d4cacf7dcb7d8812fecde61e9e7776d4b9e1b1a792578ecad7,"{""distance"":3,""physical_error_rate"":5e-06}","{""detection_events"":4935,""detectors_checked"":366667776}"
   2736128,       178,         0,   118.0,decoder_by_matrix,f854eed952f7ffb52e4f578393718ba880ba0930c78fe51d50828fe06a713055,"{""distance"":3,""physical_error_rate"":0.001}","{""detection_events"":395610,""detectors_checked"":147750912,""obs_mistake_mask=E"":178}"
   5972992,         0,         0,   116.6,decoder_by_matrix,e25b8d07214a8afb95d354611a83b9bb1ded39644e323a8585b3aabf687a4fff,"{""distance"":3,""physical_error_rate"":1e-05}","{""detection_events"":9126,""detectors_checked"":322541568}"
   6111232,         0,         0,   114.6,decoder_by_matrix,e25b8d07214a8afb95d354611a83b9bb1ded39644e323a8585b3aabf687a4fff,"{""distance"":3,""physical_error_rate"":1e-05}","{""detection_events"":8406,""detectors_checked"":330006528}"
   3715072,         1,         0,   117.3,decoder_by_matrix,36e3cd26fed5ec7649ec51fb08c1a5e7d7f30e615782d954fee045c18a4962ca,"{""distance"":3,""physical_error_rate"":5e-05}","{""detection_events"":27456,""detectors_checked"":200613888,""obs_mistake_mask=E"":1}"
   3155968,         2,         0,   118.3,decoder_by_matrix,beec9fd12293a9cfe53c9b61fb8ce2a525e4eed38fa75d132d6dc64699336876,"{""distance"":3,""physical_error_rate"":0.0001}","{""detection_events"":45951,""detectors_checked"":170422272,""obs_mistake_mask=E"":2}"
   3145728,         2,         0,   116.4,decoder_by_matrix,beec9fd12293a9cfe53c9b61fb8ce2a525e4eed38fa75d132d6dc64699336876,"{""distance"":3,""physical_error_rate"":0.0001}","{""detection_events"":46413,""detectors_checked"":169869312,""obs_mistake_mask=E"":2}"
   7619584,         0,         0,   115.1,decoder_by_matrix,e9839e3017c9ef118c4b8aeafef39e78c11ecbdb89764e9ca676a7dc2fb6d062,"{""distance"":3,""physical_error_rate"":1e-06}","{""detection_events"":1320,""detectors_checked"":411457536}"
   6751232,         0,         0,   114.8,decoder_by_matrix,560c721f87db01d4cacf7dcb7d8812fecde61e9e7776d4b9e1b1a792578ecad7,"{""distance"":3,""physical_error_rate"":5e-06}","{""detection_events"":5025,""detectors_checked"":364566528}"
   3750912,         1,         0,   116.5,decoder_by_matrix,36e3cd26fed5ec7649ec51fb08c1a5e7d7f30e615782d954fee045c18a4962ca,"{""distance"":3,""physical_error_rate"":5e-05}","{""detection_events"":27699,""detectors_checked"":202549248,""obs_mistake_mask=E"":1}"
   7657472,         0,         0,   116.5,decoder_by_matrix,e9839e3017c9ef118c4b8aeafef39e78c11ecbdb89764e9ca676a7dc2fb6d062,"{""distance"":3,""physical_error_rate"":1e-06}","{""detection_events"":1272,""detectors_checked"":413503488}"
   2710528,       214,         0,   117.8,decoder_by_matrix,f854eed952f7ffb52e4f578393718ba880ba0930c78fe51d50828fe06a713055,"{""distance"":3,""physical_error_rate"":0.001}","{""detection_events"":391839,""detectors_checked"":146368512,""obs_mistake_mask=E"":214}"
   2816000,        41,         0,   117.7,decoder_by_matrix,5c8c81bfec719079c388cedc47a351f264c1bf769ae28a89f9b4fc7719fea501,"{""distance"":3,""physical_error_rate"":0.0005}","{""detection_events"":206688,""detectors_checked"":152064000,""obs_mistake_mask=E"":41}"
   2834432,        47,         0,   118.0,decoder_by_matrix,5c8c81bfec719079c388cedc47a351f264c1bf769ae28a89f9b4fc7719fea501,"{""distance"":3,""physical_error_rate"":0.0005}","{""detection_events"":206823,""detectors_checked"":153059328,""obs_mistake_mask=E"":47}"
   3116032,         2,         0,   118.0,decoder_by_matrix,beec9fd12293a9cfe53c9b61fb8ce2a525e4eed38fa75d132d6dc64699336876,"{""distance"":3,""physical_error_rate"":0.0001}","{""detection_events"":46245,""detectors_checked"":168265728,""obs_mistake_mask=E"":2}"
   7701504,         0,         0,   116.1,decoder_by_matrix,e9839e3017c9ef118c4b8aeafef39e78c11ecbdb89764e9ca676a7dc2fb6d062,"{""distance"":3,""physical_error_rate"":1e-06}","{""detection_events"":870,""detectors_checked"":415881216}"
   6029312,         0,         0,   115.8,decoder_by_matrix,e25b8d07214a8afb95d354611a83b9bb1ded39644e323a8585b3aabf687a4fff,"{""distance"":3,""physical_error_rate"":1e-05}","{""detection_events"":8589,""detectors_checked"":325582848}"
   6744064,         0,         0,   114.7,decoder_by_matrix,560c721f87db01d4cacf7dcb7d8812fecde61e9e7776d4b9e1b1a792578ecad7,"{""distance"":3,""physical_error_rate"":5e-06}","{""detection_events"":5175,""detectors_checked"":364179456}"
   3768320,         0,         0,   116.3,decoder_by_matrix,36e3cd26fed5ec7649ec51fb08c1a5e7d7f30e615782d954fee045c18a4962ca,"{""distance"":3,""physical_error_rate"":5e-05}","{""detection_events"":27360,""detectors_checked"":203489280}"
   3815424,         2,         0,   117.2,decoder_by_matrix,36e3cd26fed5ec7649ec51fb08c1a5e7d7f30e615782d954fee045c18a4962ca,"{""distance"":3,""physical_error_rate"":5e-05}","{""detection_events"":27369,""detectors_checked"":206032896,""obs_mistake_mask=E"":2}"
   5999616,         0,         0,   114.7,decoder_by_matrix,e25b8d07214a8afb95d354611a83b9bb1ded39644e323a8585b3aabf687a4fff,"{""distance"":3,""physical_error_rate"":1e-05}","{""detection_events"":8916,""detectors_checked"":323979264}"
   6686720,         0,         0,   115.7,decoder_by_matrix,560c721f87db01d4cacf7dcb7d8812fecde61e9e7776d4b9e1b1a792578ecad7,"{""distance"":3,""physical_error_rate"":5e-06}","{""detection_events"":5016,""detectors_checked"":361082880}"
   7657472,         0,         0,   113.9,decoder_by_matrix,e9839e3017c9ef118c4b8aeafef39e78c11ecbdb89764e9ca676a7dc2fb6d062,"{""distance"":3,""physical_error_rate"":1e-06}","{""detection_events"":1044,""detectors_checked"":413503488}"
   2727936,       187,         0,   117.2,decoder_by_matrix,f854eed952f7ffb52e4f578393718ba880ba0930c78fe51d50828fe06a713055,"{""distance"":3,""physical_error_rate"":0.001}","{""detection_events"":396747,""detectors_checked"":147308544,""obs_mistake_mask=E"":187}"
   6804480,         0,         0,   115.3,decoder_by_matrix,560c721f87db01d4cacf7dcb7d8812fecde61e9e7776d4b9e1b1a792578ecad7,"{""distance"":3,""physical_error_rate"":5e-06}","{""detection_events"":4779,""detectors_checked"":367441920}"
   2814976,        49,         0,   118.1,decoder_by_matrix,5c8c81bfec719079c388cedc47a351f264c1bf769ae28a89f9b4fc7719fea501,"{""distance"":3,""physical_error_rate"":0.0005}","{""detection_events"":204759,""detectors_checked"":152008704,""obs_mistake_mask=E"":49}"
   2822144,        40,         0,   117.4,decoder_by_matrix,5c8c81bfec719079c388cedc47a351f264c1bf769ae28a89f9b4fc7719fea501,"{""distance"":3,""physical_error_rate"":0.0005}","{""detection_events"":204510,""detectors_checked"":152395776,""obs_mistake_mask=E"":40}"
   3166208,         2,         0,   118.8,decoder_by_matrix,beec9fd12293a9cfe53c9b61fb8ce2a525e4eed38fa75d132d6dc64699336876,"{""distance"":3,""physical_error_rate"":0.0001}","{""detection_events"":44466,""detectors_checked"":170975232,""obs_mistake_mask=E"":2}"
   2733056,       162,         0,   117.4,decoder_by_matrix,f854eed952f7ffb52e4f578393718ba880ba0930c78fe51d50828fe06a713055,"{""distance"":3,""physical_error_rate"":0.001}","{""detection_events"":394125,""detectors_checked"":147585024,""obs_mistake_mask=E"":162}"
   3752960,         0,         0,   117.5,decoder_by_matrix,36e3cd26fed5ec7649ec51fb08c1a5e7d7f30e615782d954fee045c18a4962ca,"{""distance"":3,""physical_error_rate"":5e-05}","{""detection_events"":27501,""detectors_checked"":202659840}"
   7685120,         0,         0,   114.1,decoder_by_matrix,e9839e3017c9ef118c4b8aeafef39e78c11ecbdb89764e9ca676a7dc2fb6d062,"{""distance"":3,""physical_error_rate"":1e-06}","{""detection_events"":1197,""detectors_checked"":414996480}"
   6008832,         0,         0,   115.8,decoder_by_matrix,e25b8d07214a8afb95d354611a83b9bb1ded39644e323a8585b3aabf687a4fff,"{""distance"":3,""physical_error_rate"":1e-05}","{""detection_events"":8874,""detectors_checked"":324476928}"
   6786048,         0,         0,   115.4,decoder_by_matrix,560c721f87db01d4cacf7dcb7d8812fecde61e9e7776d4b9e1b1a792578ecad7,"{""distance"":3,""physical_error_rate"":5e-06}","{""detection_events"":4833,""detectors_checked"":366446592}"
   2733056,       166,         0,   116.8,decoder_by_matrix,f854eed952f7ffb52e4f578393718ba880ba0930c78fe51d50828fe06a713055,"{""distance"":3,""physical_error_rate"":0.001}","{""detection_events"":396945,""detectors_checked"":147585024,""obs_mistake_mask=E"":166}"
   5999616,         0,         0,   115.5,decoder_by_matrix,e25b8d07214a8afb95d354611a83b9bb1ded39644e323a8585b3aabf687a4fff,"{""distance"":3,""physical_error_rate"":1e-05}","{""detection_events"":8823,""detectors_checked"":323979264}"
   6014976,         0,         0,   116.2,decoder_by_matrix,e25b8d07214a8afb95d354611a83b9bb1ded39644e323a8585b3aabf687a4fff,"{""distance"":3,""physical_error_rate"":1e-05}","{""detection_events"":8988,""detectors_checked"":324808704}"
   3763200,         1,         0,   117.3,decoder_by_matrix,36e3cd26fed5ec7649ec51fb08c1a5e7d7f30e615782d954fee045c18a4962ca,"{""distance"":3,""physical_error_rate"":5e-05}","{""detection_events"":27210,""detectors_checked"":203212800,""obs_mistake_mask=E"":1}"
   7681024,         0,         0,   115.0,decoder_by_matrix,e9839e3017c9ef118c4b8aeafef39e78c11ecbdb89764e9ca676a7dc2fb6d062,"{""distance"":3,""physical_error_rate"":1e-06}","{""detection_events"":1059,""detectors_checked"":414775296}"
   3155968,         2,         0,   117.2,decoder_by_matrix,beec9fd12293a9cfe53c9b61fb8ce2a525e4eed38fa75d132d6dc64699336876,"{""distance"":3,""physical_error_rate"":0.0001}","{""detection_events"":44316,""detectors_checked"":170422272,""obs_mistake_mask=E"":2}"
   3154944,         2,         0,   117.8,decoder_by_matrix,beec9fd12293a9cfe53c9b61fb8ce2a525e4eed38fa75d132d6dc64699336876,"{""distance"":3,""physical_error_rate"":0.0001}","{""detection_events"":45327,""detectors_checked"":170366976,""obs_mistake_mask=E"":2}"
   6819840,         0,         0,   115.5,decoder_by_matrix,560c721f87db01d4cacf7dcb7d8812fecde61e9e7776d4b9e1b1a792578ecad7,"{""distance"":3,""physical_error_rate"":5e-06}","{""detection_events"":4878,""detectors_checked"":368271360}"
   2712576,       178,         0,   117.5,decoder_by_matrix,f854eed952f7ffb52e4f578393718ba880ba0930c78fe51d50828fe06a713055,"{""distance"":3,""physical_error_rate"":0.001}","{""detection_events"":395046,""detectors_checked"":146479104,""obs_mistake_mask=E"":178}"
   7723008,         0,         0,   115.3,decoder_by_matrix,e9839e3017c9ef118c4b8aeafef39e78c11ecbdb89764e9ca676a7dc2fb6d062,"{""distance"":3,""physical_error_rate"":1e-06}","{""detection_events"":1068,""detectors_checked"":417042432}"
   3739648,         0,         0,   117.4,decoder_by_matrix,36e3cd26fed5ec7649ec51fb08c1a5e7d7f30e615782d954fee045c18a4962ca,"{""distance"":3,""physical_error_rate"":5e-05}","{""detection_events"":27240,""detectors_checked"":201940992}"
   2832384,        49,         0,   117.7,decoder_by_matrix,5c8c81bfec719079c388cedc47a351f264c1bf769ae28a89f9b4fc7719fea501,"{""distance"":3,""physical_error_rate"":0.0005}","{""detection_events"":205908,""detectors_checked"":152948736,""obs_mistake_mask=E"":49}"
   2819072,        38,         0,   118.0,decoder_by_matrix,5c8c81bfec719079c388cedc47a351f264c1bf769ae28a89f9b4fc7719fea501,"{""distance"":3,""physical_error_rate"":0.0005}","{""detection_events"":203916,""detectors_checked"":152229888,""obs_mistake_mask=E"":38}"
   3144704,         3,         0,   118.3,decoder_by_matrix,beec9fd12293a9cfe53c9b61fb8ce2a525e4eed38fa75d132d6dc64699336876,"{""distance"":3,""physical_error_rate"":0.0001}","{""detection_events"":45441,""detectors_checked"":169814016,""obs_mistake_mask=E"":3}"
   7658496,         0,         0,   114.8,decoder_by_matrix,e9839e3017c9ef118c4b8aeafef39e78c11ecbdb89764e9ca676a7dc2fb6d062,"{""distance"":3,""physical_error_rate"":1e-06}","{""detection_events"":1137,""detectors_checked"":413558784}"
   6766592,         0,         0,   116.0,decoder_by_matrix,560c721f87db01d4cacf7dcb7d8812fecde61e9e7776d4b9e1b1a792578ecad7,"{""distance"":3,""physical_error_rate"":5e-06}","{""detection_events"":4956,""detectors_checked"":365395968}"
   5911552,         0,         0,   116.2,decoder_by_matrix,e25b8d07214a8afb95d354611a83b9bb1ded39644e323a8585b3aabf687a4fff,"{""distance"":3,""physical_error_rate"":1e-05}","{""detection_events"":9099,""detectors_checked"":319223808}"
   3782656,         2,         0,   117.8,decoder_by_matrix,36e3cd26fed5ec7649ec51fb08c1a5e7d7f30e615782d954fee045c18a4962ca,"{""distance"":3,""physical_error_rate"":5e-05}","{""detection_events"":27012,""detectors_checked"":204263424,""obs_mistake_mask=E"":2}"
   3765248,         0,         0,   117.5,decoder_by_matrix,36e3cd26fed5ec7649ec51fb08c1a5e7d7f30e615782d954fee045c18a4962ca,"{""distance"":3,""physical_error_rate"":5e-05}","{""detection_events"":27642,""detectors_checked"":203323392}"
   5966848,         0,         0,   115.4,decoder_by_matrix,e25b8d07214a8afb95d354611a83b9bb1ded39644e323a8585b3aabf687a4fff,"{""distance"":3,""physical_error_rate"":1e-05}","{""detection_events"":8730,""detectors_checked"":322209792}"
   6710272,         0,         0,   115.9,decoder_by_matrix,560c721f87db01d4cacf7dcb7d8812fecde61e9e7776d4b9e1b1a792578ecad7,"{""distance"":3,""physical_error_rate"":5e-06}","{""detection_events"":4935,""detectors_checked"":362354688}"
   7692288,         0,         0,   115.0,decoder_by_matrix,e9839e3017c9ef118c4b8aeafef39e78c11ecbdb89764e9ca676a7dc2fb6d062,"{""distance"":3,""physical_error_rate"":1e-06}","{""detection_events"":1023,""detectors_checked"":415383552}"
   2727936,       187,         0,   117.0,decoder_by_matrix,f854eed952f7ffb52e4f578393718ba880ba0930c78fe51d50828fe06a713055,"{""distance"":3,""physical_error_rate"":0.001}","{""detection_events"":396339,""detectors_checked"":147308544,""obs_mistake_mask=E"":187}"
   6791168,         0,         0,   116.2,decoder_by_matrix,560c721f87db01d4cacf7dcb7d8812fecde61e9e7776d4b9e1b1a792578ecad7,"{""distance"":3,""physical_error_rate"":5e-06}","{""detection_events"":4965,""detectors_checked"":366723072}"
   2813952,        53,         0,   116.8,decoder_by_matrix,5c8c81bfec719079c388cedc47a351f264c1bf769ae28a89f9b4fc7719fea501,"{""distance"":3,""physical_error_rate"":0.0005}","{""detection_events"":206844,""detectors_checked"":151953408,""obs_mistake_mask=E"":53}"
   2822144,        48,         0,   116.9,decoder_by_matrix,5c8c81bfec719079c388cedc47a351f264c1bf769ae28a89f9b4fc7719fea501,"{""distance"":3,""physical_error_rate"":0.0005}","{""detection_events"":206226,""detectors_checked"":152395776,""obs_mistake_mask=E"":48}"
   3139584,         2,         0,   117.3,decoder_by_matrix,beec9fd12293a9cfe53c9b61fb8ce2a525e4eed38fa75d132d6dc64699336876,"{""distance"":3,""physical_error_rate"":0.0001}","{""detection_events"":45738,""detectors_checked"":169537536,""obs_mistake_mask=E"":2}"
   3765248,         1,         0,   116.9,decoder_by_matrix,36e3cd26fed5ec7649ec51fb08c1a5e7d7f30e615782d954fee045c18a4962ca,"{""distance"":3,""physical_error_rate"":5e-05}","{""detection_events"":26898,""detectors_checked"":203323392,""obs_mistake_mask=E"":1}"
   2735104,       200,         0,   118.1,decoder_by_matrix,f854eed952f7ffb52e4f578393718ba880ba0930c78fe51d50828fe06a713055,"{""distance"":3,""physical_error_rate"":0.001}","{""detection_events"":394989,""detectors_checked"":147695616,""obs_mistake_mask=E"":200}"
   5962752,         0,         0,   114.5,decoder_by_matrix,e25b8d07214a8afb95d354611a83b9bb1ded39644e323a8585b3aabf687a4fff,"{""distance"":3,""physical_error_rate"":1e-05}","{""detection_events"":8895,""detectors_checked"":321988608}"
   7720960,         0,         0,   115.7,decoder_by_matrix,e9839e3017c9ef118c4b8aeafef39e78c11ecbdb89764e9ca676a7dc2fb6d062,"{""distance"":3,""physical_error_rate"":1e-06}","{""detection_events"":1068,""detectors_checked"":416931840}"
   6789120,         0,         0,   115.4,decoder_by_matrix,560c721f87db01d4cacf7dcb7d8812fecde61e9e7776d4b9e1b1a792578ecad7,"{""distance"":3,""physical_error_rate"":5e-06}","{""detection_events"":5169,""detectors_checked"":366612480}"
   5986304,         0,         0,   115.4,decoder_by_matrix,e25b8d07214a8afb95d354611a83b9bb1ded39644e323a8585b3aabf687a4fff,"{""distance"":3,""physical_error_rate"":1e-05}","{""detection_events"":8892,""detectors_checked"":323260416}"
   2733056,       185,         0,   117.1,decoder_by_matrix,f854eed952f7ffb52e4f578393718ba880ba0930c78fe51d50828fe06a713055,"{""distance"":3,""physical_error_rate"":0.001}","{""detection_events"":396696,""detectors_checked"":147585024,""obs_mistake_mask=E"":185}"
   6017024,         0,         0,   115.2,decoder_by_matrix,e25b8d07214a8afb95d354611a83b9bb1ded39644e323a8585b3aabf687a4fff,"{""distance"":3,""physical_error_rate"":1e-05}","{""detection_events"":8946,""detectors_checked"":324919296}"
   7638016,         0,         0,   116.1,decoder_by_matrix,e9839e3017c9ef118c4b8aeafef39e78c11ecbdb89764e9ca676a7dc2fb6d062,"{""distance"":3,""physical_error_rate"":1e-06}","{""detection_events"":1215,""detectors_checked"":412452864}"
   3141632,         3,         0,   118.7,decoder_by_matrix,beec9fd12293a9cfe53c9b61fb8ce2a525e4eed38fa75d132d6dc64699336876,"{""distance"":3,""physical_error_rate"":0.0001}","{""detection_events"":45315,""detectors_checked"":169648128,""obs_mistake_mask=E"":3}"
   3161088,         2,         0,   117.8,decoder_by_matrix,beec9fd12293a9cfe53c9b61fb8ce2a525e4eed38fa75d132d6dc64699336876,"{""distance"":3,""physical_error_rate"":0.0001}","{""detection_events"":46275,""detectors_checked"":170698752,""obs_mistake_mask=E"":2}"
   3751936,         0,         0,   117.6,decoder_by_matrix,36e3cd26fed5ec7649ec51fb08c1a5e7d7f30e615782d954fee045c18a4962ca,"{""distance"":3,""physical_error_rate"":5e-05}","{""detection_events"":27906,""detectors_checked"":202604544}"
   2712576,       205,         0,   117.0,decoder_by_matrix,f854eed952f7ffb52e4f578393718ba880ba0930c78fe51d50828fe06a713055,"{""distance"":3,""physical_error_rate"":0.001}","{""detection_events"":395472,""detectors_checked"":146479104,""obs_mistake_mask=E"":205}"
   7702528,         0,         0,   114.0,decoder_by_matrix,e9839e3017c9ef118c4b8aeafef39e78c11ecbdb89764e9ca676a7dc2fb6d062,"{""distance"":3,""physical_error_rate"":1e-06}","{""detection_events"":1107,""detectors_checked"":415936512}"
   2830336,        42,         0,   116.7,decoder_by_matrix,5c8c81bfec719079c388cedc47a351f264c1bf769ae28a89f9b4fc7719fea501,"{""distance"":3,""physical_error_rate"":0.0005}","{""detection_events"":206313,""detectors_checked"":152838144,""obs_mistake_mask=E"":42}"
   6721536,         0,         0,   115.1,decoder_by_matrix,560c721f87db01d4cacf7dcb7d8812fecde61e9e7776d4b9e1b1a792578ecad7,"{""distance"":3,""physical_error_rate"":5e-06}","{""detection_events"":5274,""detectors_checked"":362962944}"
   3757056,         1,         0,   118.0,decoder_by_matrix,36e3cd26fed5ec7649ec51fb08c1a5e7d7f30e615782d954fee045c18a4962ca,"{""distance"":3,""physical_error_rate"":5e-05}","{""detection_events"":27471,""detectors_checked"":202881024,""obs_mistake_mask=E"":1}"
   2817024,        61,         0,   117.4,decoder_by_matrix,5c8c81bfec719079c388cedc47a351f264c1bf769ae28a89f9b4fc7719fea501,"{""distance"":3,""physical_error_rate"":0.0005}","{""detection_events"":203904,""detectors_checked"":152119296,""obs_mistake_mask=E"":61}"
   3124224,         2,         0,   117.8,decoder_by_matrix,beec9fd12293a9cfe53c9b61fb8ce2a525e4eed38fa75d132d6dc64699336876,"{""distance"":3,""physical_error_rate"":0.0001}","{""detection_events"":45819,""detectors_checked"":168708096,""obs_mistake_mask=E"":2}"
   7664640,         0,         0,   113.5,decoder_by_matrix,e9839e3017c9ef118c4b8aeafef39e78c11ecbdb89764e9ca676a7dc2fb6d062,"{""distance"":3,""physical_error_rate"":1e-06}","{""detection_events"":1047,""detectors_checked"":413890560}"
   6031360,         0,         0,   116.1,decoder_by_matrix,e25b8d07214a8afb95d354611a83b9bb1ded39644e323a8585b3aabf687a4fff,"{""distance"":3,""physical_error_rate"":1e-05}","{""detection_events"":8607,""detectors_checked"":325693440}"
   6791168,         0,         0,   115.8,decoder_by_matrix,560c721f87db01d4cacf7dcb7d8812fecde61e9e7776d4b9e1b1a792578ecad7,"{""distance"":3,""physical_error_rate"":5e-06}","{""detection_events"":4809,""detectors_checked"":366723072}"
   3762176,         1,         0,   115.9,decoder_by_matrix,36e3cd26fed5ec7649ec51fb08c1a5e7d7f30e615782d954fee045c18a4962ca,"{""distance"":3,""physical_error_rate"":5e-05}","{""detection_events"":28224,""detectors_checked"":203157504,""obs_mistake_mask=E"":1}"
   3789824,         0,         0,   116.2,decoder_by_matrix,36e3cd26fed5ec7649ec51fb08c1a5e7d7f30e615782d954fee045c18a4962ca,"{""distance"":3,""physical_error_rate"":5e-05}","{""detection_events"":27312,""detectors_checked"":204650496}"
   5976064,         0,         0,   116.4,decoder_by_matrix,e25b8d07214a8afb95d354611a83b9bb1ded39644e323a8585b3aabf687a4fff,"{""distance"":3,""physical_error_rate"":1e-05}","{""detection_events"":8742,""detectors_checked"":322707456}"
   6680576,         0,         0,   114.7,decoder_by_matrix,560c721f87db01d4cacf7dcb7d8812fecde61e9e7776d4b9e1b1a792578ecad7,"{""distance"":3,""physical_error_rate"":5e-06}","{""detection_events"":4941,""detectors_checked"":360751104}"
   7661568,         0,         0,   114.7,decoder_by_matrix,e9839e3017c9ef118c4b8aeafef39e78c11ecbdb89764e9ca676a7dc2fb6d062,"{""distance"":3,""physical_error_rate"":1e-06}","{""detection_events"":1083,""detectors_checked"":413724672}"
   2725888,       164,         0,   118.1,decoder_by_matrix,f854eed952f7ffb52e4f578393718ba880ba0930c78fe51d50828fe06a713055,"{""distance"":3,""physical_error_rate"":0.001}","{""detection_events"":395946,""detectors_checked"":147197952,""obs_mistake_mask=E"":164}"
   2814976,        42,         0,   117.6,decoder_by_matrix,5c8c81bfec719079c388cedc47a351f264c1bf769ae28a89f9b4fc7719fea501,"{""distance"":3,""physical_error_rate"":0.0005}","{""detection_events"":204051,""detectors_checked"":152008704,""obs_mistake_mask=E"":42}"
   6757376,         0,         0,   115.0,decoder_by_matrix,560c721f87db01d4cacf7dcb7d8812fecde61e9e7776d4b9e1b1a792578ecad7,"{""distance"":3,""physical_error_rate"":5e-06}","{""detection_events"":5289,""detectors_checked"":364898304}"
   2824192,        52,         0,   118.1,decoder_by_matrix,5c8c81bfec719079c388cedc47a351f264c1bf769ae28a89f9b4fc7719fea501,"{""distance"":3,""physical_error_rate"":0.0005}","{""detection_events"":204357,""detectors_checked"":152506368,""obs_mistake_mask=E"":52}"
   3169280,         3,         0,   117.5,decoder_by_matrix,beec9fd12293a9cfe53c9b61fb8ce2a525e4eed38fa75d132d6dc64699336876,"{""distance"":3,""physical_error_rate"":0.0001}","{""detection_events"":45777,""detectors_checked"":171141120,""obs_mistake_mask=E"":3}"
   3808256,         0,         0,   116.8,decoder_by_matrix,36e3cd26fed5ec7649ec51fb08c1a5e7d7f30e615782d954fee045c18a4962ca,"{""distance"":3,""physical_error_rate"":5e-05}","{""detection_events"":26880,""detectors_checked"":205645824}"
   2733056,       215,         0,   117.2,decoder_by_matrix,f854eed952f7ffb52e4f578393718ba880ba0930c78fe51d50828fe06a713055,"{""distance"":3,""physical_error_rate"":0.001}","{""detection_events"":394824,""detectors_checked"":147585024,""obs_mistake_mask=E"":215}"
   6005760,         0,         0,   115.2,decoder_by_matrix,e25b8d07214a8afb95d354611a83b9bb1ded39644e323a8585b3aabf687a4fff,"{""distance"":3,""physical_error_rate"":1e-05}","{""detection_events"":8874,""detectors_checked"":324311040}"
   7667712,         0,         0,   115.2,decoder_by_matrix,e9839e3017c9ef118c4b8aeafef39e78c11ecbdb89764e9ca676a7dc2fb6d062,"{""distance"":3,""physical_error_rate"":1e-06}","{""detection_events"":1206,""detectors_checked"":414056448}"
   6765568,         0,         0,   116.0,decoder_by_matrix,560c721f87db01d4cacf7dcb7d8812fecde61e9e7776d4b9e1b1a792578ecad7,"{""distance"":3,""physical_error_rate"":5e-06}","{""detection_events"":5118,""detectors_checked"":365340672}"
   2734080,       193,         0,   117.8,decoder_by_matrix,f854eed952f7ffb52e4f578393718ba880ba0930c78fe51d50828fe06a713055,"{""distance"":3,""physical_error_rate"":0.001}","{""detection_events"":394005,""detectors_checked"":147640320,""obs_mistake_mask=E"":193}"
   6052864,         0,         0,   115.1,decoder_by_matrix,e25b8d07214a8afb95d354611a83b9bb1ded39644e323a8585b3aabf687a4fff,"{""distance"":3,""physical_error_rate"":1e-05}","{""detection_events"":8505,""detectors_checked"":326854656}"
   7643136,         0,         0,   114.1,decoder_by_matrix,e9839e3017c9ef118c4b8aeafef39e78c11ecbdb89764e9ca676a7dc2fb6d062,"{""distance"":3,""physical_error_rate"":1e-06}","{""detection_events"":1167,""detectors_checked"":412729344}"
   3112960,         5,         0,   117.3,decoder_by_matrix,beec9fd12293a9cfe53c9b61fb8ce2a525e4eed38fa75d132d6dc64699336876,"{""distance"":3,""physical_error_rate"":0.0001}","{""detection_events"":45654,""detectors_checked"":168099840,""obs_mistake_mask=E"":5}"
   5993472,         0,         0,   116.1,decoder_by_matrix,e25b8d07214a8afb95d354611a83b9bb1ded39644e323a8585b3aabf687a4fff,"{""distance"":3,""physical_error_rate"":1e-05}","{""detection_events"":9024,""detectors_checked"":323647488}"
   2712576,       200,         0,   117.4,decoder_by_matrix,f854eed952f7ffb52e4f578393718ba880ba0930c78fe51d50828fe06a713055,"{""distance"":3,""physical_error_rate"":0.001}","{""detection_events"":396384,""detectors_checked"":146479104,""obs_mistake_mask=E"":200}"
   3701760,         1,         0,   116.3,decoder_by_matrix,36e3cd26fed5ec7649ec51fb08c1a5e7d7f30e615782d954fee045c18a4962ca,"{""distance"":3,""physical_error_rate"":5e-05}","{""detection_events"":28059,""detectors_checked"":199895040,""obs_mistake_mask=E"":1}"
   3186688,         0,         0,   116.4,decoder_by_matrix,beec9fd12293a9cfe53c9b61fb8ce2a525e4eed38fa75d132d6dc64699336876,"{""distance"":3,""physical_error_rate"":0.0001}","{""detection_events"":46026,""detectors_checked"":172081152}"
   2831360,        55,         0,   117.8,decoder_by_matrix,5c8c81bfec719079c388cedc47a351f264c1bf769ae28a89f9b4fc7719fea501,"{""distance"":3,""physical_error_rate"":0.0005}","{""detection_events"":207477,""detectors_checked"":152893440,""obs_mistake_mask=E"":55}"
   6794240,         0,         0,   114.9,decoder_by_matrix,560c721f87db01d4cacf7dcb7d8812fecde61e9e7776d4b9e1b1a792578ecad7,"{""distance"":3,""physical_error_rate"":5e-06}","{""detection_events"":4824,""detectors_checked"":366888960}"
   7690240,         0,         0,   115.3,decoder_by_matrix,e9839e3017c9ef118c4b8aeafef39e78c11ecbdb89764e9ca676a7dc2fb6d062,"{""distance"":3,""physical_error_rate"":1e-06}","{""detection_events"":1209,""detectors_checked"":415272960}"
   2816000,        52,         0,   117.5,decoder_by_matrix,5c8c81bfec719079c388cedc47a351f264c1bf769ae28a89f9b4fc7719fea501,"{""distance"":3,""physical_error_rate"":0.0005}","{""detection_events"":205857,""detectors_checked"":152064000,""obs_mistake_mask=E"":52}"
   3800064,         0,         0,   117.0,decoder_by_matrix,36e3cd26fed5ec7649ec51fb08c1a5e7d7f30e615782d954fee045c18a4962ca,"{""distance"":3,""physical_error_rate"":5e-05}","{""detection_events"":27450,""detectors_checked"":205203456}"
   3134464,         3,         0,   117.1,decoder_by_matrix,beec9fd12293a9cfe53c9b61fb8ce2a525e4eed38fa75d132d6dc64699336876,"{""distance"":3,""physical_error_rate"":0.0001}","{""detection_events"":45549,""detectors_checked"":169261056,""obs_mistake_mask=E"":3}"
   7674880,         0,         0,   115.1,decoder_by_matrix,e9839e3017c9ef118c4b8aeafef39e78c11ecbdb89764e9ca676a7dc2fb6d062,"{""distance"":3,""physical_error_rate"":1e-06}","{""detection_events"":1074,""detectors_checked"":414443520}"
   5994496,         0,         0,   116.5,decoder_by_matrix,e25b8d07214a8afb95d354611a83b9bb1ded39644e323a8585b3aabf687a4fff,"{""distance"":3,""physical_error_rate"":1e-05}","{""detection_events"":9000,""detectors_checked"":323702784}"
   6729728,         0,         0,   114.6,decoder_by_matrix,560c721f87db01d4cacf7dcb7d8812fecde61e9e7776d4b9e1b1a792578ecad7,"{""distance"":3,""physical_error_rate"":5e-06}","{""detection_events"":4965,""detectors_checked"":363405312}"
   3799040,         0,         0,   116.7,decoder_by_matrix,36e3cd26fed5ec7649ec51fb08c1a5e7d7f30e615782d954fee045c18a4962ca,"{""distance"":3,""physical_error_rate"":5e-05}","{""detection_events"":27381,""detectors_checked"":205148160}"
   3775488,         1,         0,   117.0,decoder_by_matrix,36e3cd26fed5ec7649ec51fb08c1a5e7d7f30e615782d954fee045c18a4962ca,"{""distance"":3,""physical_error_rate"":5e-05}","{""detection_events"":27753,""detectors_checked"":203876352,""obs_mistake_mask=E"":1}"
   6034432,         0,         0,   114.3,decoder_by_matrix,e25b8d07214a8afb95d354611a83b9bb1ded39644e323a8585b3aabf687a4fff,"{""distance"":3,""physical_error_rate"":1e-05}","{""detection_events"":8613,""detectors_checked"":325859328}"
   6672384,         0,         0,   115.7,decoder_by_matrix,560c721f87db01d4cacf7dcb7d8812fecde61e9e7776d4b9e1b1a792578ecad7,"{""distance"":3,""physical_error_rate"":5e-06}","{""detection_events"":4830,""detectors_checked"":360308736}"
   7610368,         0,         0,   114.1,decoder_by_matrix,e9839e3017c9ef118c4b8aeafef39e78c11ecbdb89764e9ca676a7dc2fb6d062,"{""distance"":3,""physical_error_rate"":1e-06}","{""detection_events"":1368,""detectors_checked"":410959872}"
   2726912,       212,         0,   117.4,decoder_by_matrix,f854eed952f7ffb52e4f578393718ba880ba0930c78fe51d50828fe06a713055,"{""distance"":3,""physical_error_rate"":0.001}","{""detection_events"":396756,""detectors_checked"":147253248,""obs_mistake_mask=E"":212}"
   2814976,        54,         0,   117.3,decoder_by_matrix,5c8c81bfec719079c388cedc47a351f264c1bf769ae28a89f9b4fc7719fea501,"{""distance"":3,""physical_error_rate"":0.0005}","{""detection_events"":205980,""detectors_checked"":152008704,""obs_mistake_mask=E"":54}"
   6856704,         0,         0,   114.2,decoder_by_matrix,560c721f87db01d4cacf7dcb7d8812fecde61e9e7776d4b9e1b1a792578ecad7,"{""distance"":3,""physical_error_rate"":5e-06}","{""detection_events"":4671,""detectors_checked"":370262016}"
   2823168,        44,         0,   116.8,decoder_by_matrix,5c8c81bfec719079c388cedc47a351f264c1bf769ae28a89f9b4fc7719fea501,"{""distance"":3,""physical_error_rate"":0.0005}","{""detection_events"":205779,""detectors_checked"":152451072,""obs_mistake_mask=E"":44}"
   3749888,         0,         0,   117.4,decoder_by_matrix,36e3cd26fed5ec7649ec51fb08c1a5e7d7f30e615782d954fee045c18a4962ca,"{""distance"":3,""physical_error_rate"":5e-05}","{""detection_events"":27348,""detectors_checked"":202493952}"
   3131392,         1,         0,   117.4,decoder_by_matrix,beec9fd12293a9cfe53c9b61fb8ce2a525e4eed38fa75d132d6dc64699336876,"{""distance"":3,""physical_error_rate"":0.0001}","{""detection_events"":46530,""detectors_checked"":169095168,""obs_mistake_mask=E"":1}"
   2733056,       207,         0,   117.9,decoder_by_matrix,f854eed952f7ffb52e4f578393718ba880ba0930c78fe51d50828fe06a713055,"{""distance"":3,""physical_error_rate"":0.001}","{""detection_events"":395907,""detectors_checked"":147585024,""obs_mistake_mask=E"":207}"
   5988352,         0,         0,   115.7,decoder_by_matrix,e25b8d07214a8afb95d354611a83b9bb1ded39644e323a8585b3aabf687a4fff,"{""distance"":3,""physical_error_rate"":1e-05}","{""detection_events"":8802,""detectors_checked"":323371008}"
   7675904,         0,         0,   115.8,decoder_by_matrix,e9839e3017c9ef118c4b8aeafef39e78c11ecbdb89764e9ca676a7dc2fb6d062,"{""distance"":3,""physical_error_rate"":1e-06}","{""detection_events"":1245,""detectors_checked"":414498816}"
   6803456,         0,         0,   114.0,decoder_by_matrix,560c721f87db01d4cacf7dcb7d8812fecde61e9e7776d4b9e1b1a792578ecad7,"{""distance"":3,""physical_error_rate"":5e-06}","{""detection_events"":4974,""detectors_checked"":367386624}"
   2734080,       177,         0,   118.2,decoder_by_matrix,f854eed952f7ffb52e4f578393718ba880ba0930c78fe51d50828fe06a713055,"{""distance"":3,""physical_error_rate"":0.001}","{""detection_events"":397773,""detectors_checked"":147640320,""obs_mistake_mask=E"":177}"
   6035456,         0,         0,   116.4,decoder_by_matrix,e25b8d07214a8afb95d354611a83b9bb1ded39644e323a8585b3aabf687a4fff,"{""distance"":3,""physical_error_rate"":1e-05}","{""detection_events"":8784,""detectors_checked"":325914624}"
   3142656,         4,         0,   117.0,decoder_by_matrix,beec9fd12293a9cfe53c9b61fb8ce2a525e4eed38fa75d132d6dc64699336876,"{""distance"":3,""physical_error_rate"":0.0001}","{""detection_events"":46674,""detectors_checked"":169703424,""obs_mistake_mask=E"":4}"
   7662592,         0,         0,   114.7,decoder_by_matrix,e9839e3017c9ef118c4b8aeafef39e78c11ecbdb89764e9ca676a7dc2fb6d062,"{""distance"":3,""physical_error_rate"":1e-06}","{""detection_events"":1158,""detectors_checked"":413779968}"
   3781632,         1,         0,   116.9,decoder_by_matrix,36e3cd26fed5ec7649ec51fb08c1a5e7d7f30e615782d954fee045c18a4962ca,"{""distance"":3,""physical_error_rate"":5e-05}","{""detection_events"":27096,""detectors_checked"":204208128,""obs_mistake_mask=E"":1}"
   5914624,         0,         0,   116.1,decoder_by_matrix,e25b8d07214a8afb95d354611a83b9bb1ded39644e323a8585b3aabf687a4fff,"{""distance"":3,""physical_error_rate"":1e-05}","{""detection_events"":9366,""detectors_checked"":319389696}"
   3203072,         1,         0,   118.6,decoder_by_matrix,beec9fd12293a9cfe53c9b61fb8ce2a525e4eed38fa75d132d6dc64699336876,"{""distance"":3,""physical_error_rate"":0.0001}","{""detection_events"":45840,""detectors_checked"":172965888,""obs_mistake_mask=E"":1}"
   2712576,       204,         0,   116.8,decoder_by_matrix,f854eed952f7ffb52e4f578393718ba880ba0930c78fe51d50828fe06a713055,"{""distance"":3,""physical_error_rate"":0.001}","{""detection_events"":397875,""detectors_checked"":146479104,""obs_mistake_mask=E"":204}"
   2814976,        51,         0,   118.0,decoder_by_matrix,5c8c81bfec719079c388cedc47a351f264c1bf769ae28a89f9b4fc7719fea501,"{""distance"":3,""physical_error_rate"":0.0005}","{""detection_events"":205071,""detectors_checked"":152008704,""obs_mistake_mask=E"":51}"
   2832384,        40,         0,   116.8,decoder_by_matrix,5c8c81bfec719079c388cedc47a351f264c1bf769ae28a89f9b4fc7719fea501,"{""distance"":3,""physical_error_rate"":0.0005}","{""detection_events"":205089,""detectors_checked"":152948736,""obs_mistake_mask=E"":40}"
   6736896,         0,         0,   115.4,decoder_by_matrix,560c721f87db01d4cacf7dcb7d8812fecde61e9e7776d4b9e1b1a792578ecad7,"{""distance"":3,""physical_error_rate"":5e-06}","{""detection_events"":5223,""detectors_checked"":363792384}"
   3778560,         1,         0,   117.1,decoder_by_matrix,36e3cd26fed5ec7649ec51fb08c1a5e7d7f30e615782d954fee045c18a4962ca,"{""distance"":3,""physical_error_rate"":5e-05}","{""detection_events"":27312,""detectors_checked"":204042240,""obs_mistake_mask=E"":1}"
   3119104,         1,         0,   117.0,decoder_by_matrix,beec9fd12293a9cfe53c9b61fb8ce2a525e4eed38fa75d132d6dc64699336876,"{""distance"":3,""physical_error_rate"":0.0001}","{""detection_events"":45966,""detectors_checked"":168431616,""obs_mistake_mask=E"":1}"
   7678976,         0,         0,   115.0,decoder_by_matrix,e9839e3017c9ef118c4b8aeafef39e78c11ecbdb89764e9ca676a7dc2fb6d062,"{""distance"":3,""physical_error_rate"":1e-06}","{""detection_events"":1158,""detectors_checked"":414664704}"
   7651328,         0,         0,   114.8,decoder_by_matrix,e9839e3017c9ef118c4b8aeafef39e78c11ecbdb89764e9ca676a7dc2fb6d062,"{""distance"":3,""physical_error_rate"":1e-06}","{""detection_events"":1113,""detectors_checked"":413171712}"
   5998592,         0,         0,   114.5,decoder_by_matrix,e25b8d07214a8afb95d354611a83b9bb1ded39644e323a8585b3aabf687a4fff,"{""distance"":3,""physical_error_rate"":1e-05}","{""detection_events"":8826,""detectors_checked"":323923968}"
   6730752,         0,         0,   114.0,decoder_by_matrix,560c721f87db01d4cacf7dcb7d8812fecde61e9e7776d4b9e1b1a792578ecad7,"{""distance"":3,""physical_error_rate"":5e-06}","{""detection_events"":5379,""detectors_checked"":363460608}"
   3765248,         0,         0,   117.1,decoder_by_matrix,36e3cd26fed5ec7649ec51fb08c1a5e7d7f30e615782d954fee045c18a4962ca,"{""distance"":3,""physical_error_rate"":5e-05}","{""detection_events"":27792,""detectors_checked"":203323392}"
   3778560,         2,         0,   117.4,decoder_by_matrix,36e3cd26fed5ec7649ec51fb08c1a5e7d7f30e615782d954fee045c18a4962ca,"{""distance"":3,""physical_error_rate"":5e-05}","{""detection_events"":27585,""detectors_checked"":204042240,""obs_mistake_mask=E"":2}"
   5943296,         0,         0,   115.6,decoder_by_matrix,e25b8d07214a8afb95d354611a83b9bb1ded39644e323a8585b3aabf687a4fff,"{""distance"":3,""physical_error_rate"":1e-05}","{""detection_events"":9213,""detectors_checked"":320937984}"
   6674432,         0,         0,   115.2,decoder_by_matrix,560c721f87db01d4cacf7dcb7d8812fecde61e9e7776d4b9e1b1a792578ecad7,"{""distance"":3,""physical_error_rate"":5e-06}","{""detection_events"":4791,""detectors_checked"":360419328}"
   7688192,         0,         0,   115.1,decoder_by_matrix,e9839e3017c9ef118c4b8aeafef39e78c11ecbdb89764e9ca676a7dc2fb6d062,"{""distance"":3,""physical_error_rate"":1e-06}","{""detection_events"":1023,""detectors_checked"":415162368}"
   2726912,       198,         0,   117.7,decoder_by_matrix,f854eed952f7ffb52e4f578393718ba880ba0930c78fe51d50828fe06a713055,"{""distance"":3,""physical_error_rate"":0.001}","{""detection_events"":395214,""detectors_checked"":147253248,""obs_mistake_mask=E"":198}"
   2810880,        41,         0,   117.8,decoder_by_matrix,5c8c81bfec719079c388cedc47a351f264c1bf769ae28a89f9b4fc7719fea501,"{""distance"":3,""physical_error_rate"":0.0005}","{""detection_events"":202881,""detectors_checked"":151787520,""obs_mistake_mask=E"":41}"
   6744064,         0,         0,   114.8,decoder_by_matrix,560c721f87db01d4cacf7dcb7d8812fecde61e9e7776d4b9e1b1a792578ecad7,"{""distance"":3,""physical_error_rate"":5e-06}","{""detection_events"":5055,""detectors_checked"":364179456}"
   2821120,        48,         0,   117.1,decoder_by_matrix,5c8c81bfec719079c388cedc47a351f264c1bf769ae28a89f9b4fc7719fea501,"{""distance"":3,""physical_error_rate"":0.0005}","{""detection_events"":204216,""detectors_checked"":152340480,""obs_mistake_mask=E"":48}"
   3758080,         0,         0,   117.3,decoder_by_matrix,36e3cd26fed5ec7649ec51fb08c1a5e7d7f30e615782d954fee045c18a4962ca,"{""distance"":3,""physical_error_rate"":5e-05}","{""detection_events"":27414,""detectors_checked"":202936320}"
   3141632,         2,         0,   117.9,decoder_by_matrix,beec9fd12293a9cfe53c9b61fb8ce2a525e4eed38fa75d132d6dc64699336876,"{""distance"":3,""physical_error_rate"":0.0001}","{""detection_events"":46167,""detectors_checked"":169648128,""obs_mistake_mask=E"":2}"
   2732032,       174,         0,   118.0,decoder_by_matrix,f854eed952f7ffb52e4f578393718ba880ba0930c78fe51d50828fe06a713055,"{""distance"":3,""physical_error_rate"":0.001}","{""detection_events"":393345,""detectors_checked"":147529728,""obs_mistake_mask=E"":174}"
   6002688,         0,         0,   114.7,decoder_by_matrix,e25b8d07214a8afb95d354611a83b9bb1ded39644e323a8585b3aabf687a4fff,"{""distance"":3,""physical_error_rate"":1e-05}","{""detection_events"":8574,""detectors_checked"":324145152}"
   7707648,         0,         0,   114.6,decoder_by_matrix,e9839e3017c9ef118c4b8aeafef39e78c11ecbdb89764e9ca676a7dc2fb6d062,"{""distance"":3,""physical_error_rate"":1e-06}","{""detection_events"":1059,""detectors_checked"":416212992}"
   6786048,         0,         0,   115.7,decoder_by_matrix,560c721f87db01d4cacf7dcb7d8812fecde61e9e7776d4b9e1b1a792578ecad7,"{""distance"":3,""physical_error_rate"":5e-06}","{""detection_events"":4980,""detectors_checked"":366446592}"
   2728960,       166,         0,   118.0,decoder_by_matrix,f854eed952f7ffb52e4f578393718ba880ba0930c78fe51d50828fe06a713055,"{""distance"":3,""physical_error_rate"":0.001}","{""detection_events"":398832,""detectors_checked"":147363840,""obs_mistake_mask=E"":166}"
   3141632,         1,         0,   118.2,decoder_by_matrix,beec9fd12293a9cfe53c9b61fb8ce2a525e4eed38fa75d132d6dc64699336876,"{""distance"":3,""physical_error_rate"":0.0001}","{""detection_events"":44844,""detectors_checked"":169648128,""obs_mistake_mask=E"":1}"
   5929984,         0,         0,   115.6,decoder_by_matrix,e25b8d07214a8afb95d354611a83b9bb1ded39644e323a8585b3aabf687a4fff,"{""distance"":3,""physical_error_rate"":1e-05}","{""detection_events"":9324,""detectors_checked"":320219136}"
   7672832,         0,         0,   114.4,decoder_by_matrix,e9839e3017c9ef118c4b8aeafef39e78c11ecbdb89764e9ca676a7dc2fb6d062,"{""distance"":3,""physical_error_rate"":1e-06}","{""detection_events"":972,""detectors_checked"":414332928}"
   6059008,         0,         0,   115.6,decoder_by_matrix,e25b8d07214a8afb95d354611a83b9bb1ded39644e323a8585b3aabf687a4fff,"{""distance"":3,""physical_error_rate"":1e-05}","{""detection_events"":8628,""detectors_checked"":327186432}"
   3758080,         0,         0,   116.2,decoder_by_matrix,36e3cd26fed5ec7649ec51fb08c1a5e7d7f30e615782d954fee045c18a4962ca,"{""distance"":3,""physical_error_rate"":5e-05}","{""detection_events"":26547,""detectors_checked"":202936320}"
   6827008,         0,         0,   116.8,decoder_by_matrix,560c721f87db01d4cacf7dcb7d8812fecde61e9e7776d4b9e1b1a792578ecad7,"{""distance"":3,""physical_error_rate"":5e-06}","{""detection_events"":4827,""detectors_checked"":368658432}"
   2829312,        66,         0,   117.4,decoder_by_matrix,5c8c81bfec719079c388cedc47a351f264c1bf769ae28a89f9b4fc7719fea501,"{""distance"":3,""physical_error_rate"":0.0005}","{""detection_events"":206634,""detectors_checked"":152782848,""obs_mistake_mask=E"":66}"
   2710528,       185,         0,   118.1,decoder_by_matrix,f854eed952f7ffb52e4f578393718ba880ba0930c78fe51d50828fe06a713055,"{""distance"":3,""physical_error_rate"":0.001}","{""detection_events"":395139,""detectors_checked"":146368512,""obs_mistake_mask=E"":185}"
   3160064,         1,         0,   117.1,decoder_by_matrix,beec9fd12293a9cfe53c9b61fb8ce2a525e4eed38fa75d132d6dc64699336876,"{""distance"":3,""physical_error_rate"":0.0001}","{""detection_events"":47346,""detectors_checked"":170643456,""obs_mistake_mask=E"":1}"
   3759104,         0,         0,   117.2,decoder_by_matrix,36e3cd26fed5ec7649ec51fb08c1a5e7d7f30e615782d954fee045c18a4962ca,"{""distance"":3,""physical_error_rate"":5e-05}","{""detection_events"":27300,""detectors_checked"":202991616}"
   2814976,        43,         0,   116.8,decoder_by_matrix,5c8c81bfec719079c388cedc47a351f264c1bf769ae28a89f9b4fc7719fea501,"{""distance"":3,""physical_error_rate"":0.0005}","{""detection_events"":205698,""detectors_checked"":152008704,""obs_mistake_mask=E"":43}"
   3125248,         6,         0,   117.3,decoder_by_matrix,beec9fd12293a9cfe53c9b61fb8ce2a525e4eed38fa75d132d6dc64699336876,"{""distance"":3,""physical_error_rate"":0.0001}","{""detection_events"":46491,""detectors_checked"":168763392,""obs_mistake_mask=E"":6}"
   7667712,         0,         0,   114.0,decoder_by_matrix,e9839e3017c9ef118c4b8aeafef39e78c11ecbdb89764e9ca676a7dc2fb6d062,"{""distance"":3,""physical_error_rate"":1e-06}","{""detection_events"":1158,""detectors_checked"":414056448}"
   7641088,         0,         0,   114.8,decoder_by_matrix,e9839e3017c9ef118c4b8aeafef39e78c11ecbdb89764e9ca676a7dc2fb6d062,"{""distance"":3,""physical_error_rate"":1e-06}","{""detection_events"":1116,""detectors_checked"":412618752}"
   6049792,         0,         0,   115.5,decoder_by_matrix,e25b8d07214a8afb95d354611a83b9bb1ded39644e323a8585b3aabf687a4fff,"{""distance"":3,""physical_error_rate"":1e-05}","{""detection_events"":8493,""detectors_checked"":326688768}"
   6804480,         0,         0,   115.4,decoder_by_matrix,560c721f87db01d4cacf7dcb7d8812fecde61e9e7776d4b9e1b1a792578ecad7,"{""distance"":3,""physical_error_rate"":5e-06}","{""detection_events"":4755,""detectors_checked"":367441920}"
   3765248,         1,         0,   116.1,decoder_by_matrix,36e3cd26fed5ec7649ec51fb08c1a5e7d7f30e615782d954fee045c18a4962ca,"{""distance"":3,""physical_error_rate"":5e-05}","{""detection_events"":27132,""detectors_checked"":203323392,""obs_mistake_mask=E"":1}"
   6011904,         0,         0,   115.7,decoder_by_matrix,e25b8d07214a8afb95d354611a83b9bb1ded39644e323a8585b3aabf687a4fff,"{""distance"":3,""physical_error_rate"":1e-05}","{""detection_events"":8766,""detectors_checked"":324642816}"
   3773440,         2,         0,   117.4,decoder_by_matrix,36e3cd26fed5ec7649ec51fb08c1a5e7d7f30e615782d954fee045c18a4962ca,"{""distance"":3,""physical_error_rate"":5e-05}","{""detection_events"":27435,""detectors_checked"":203765760,""obs_mistake_mask=E"":2}"
   6696960,         0,         0,   114.6,decoder_by_matrix,560c721f87db01d4cacf7dcb7d8812fecde61e9e7776d4b9e1b1a792578ecad7,"{""distance"":3,""physical_error_rate"":5e-06}","{""detection_events"":4920,""detectors_checked"":361635840}"
   7696384,         0,         0,   114.2,decoder_by_matrix,e9839e3017c9ef118c4b8aeafef39e78c11ecbdb89764e9ca676a7dc2fb6d062,"{""distance"":3,""physical_error_rate"":1e-06}","{""detection_events"":960,""detectors_checked"":415604736}"
   2724864,       176,         0,   117.4,decoder_by_matrix,f854eed952f7ffb52e4f578393718ba880ba0930c78fe51d50828fe06a713055,"{""distance"":3,""physical_error_rate"":0.001}","{""detection_events"":396081,""detectors_checked"":147142656,""obs_mistake_mask=E"":176}"
   2811904,        56,         0,   117.0,decoder_by_matrix,5c8c81bfec719079c388cedc47a351f264c1bf769ae28a89f9b4fc7719fea501,"{""distance"":3,""physical_error_rate"":0.0005}","{""detection_events"":207144,""detectors_checked"":151842816,""obs_mistake_mask=E"":56}"
   6771712,         0,         0,   115.3,decoder_by_matrix,560c721f87db01d4cacf7dcb7d8812fecde61e9e7776d4b9e1b1a792578ecad7,"{""distance"":3,""physical_error_rate"":5e-06}","{""detection_events"":4914,""detectors_checked"":365672448}"
   3751936,         0,         0,   117.6,decoder_by_matrix,36e3cd26fed5ec7649ec51fb08c1a5e7d7f30e615782d954fee045c18a4962ca,"{""distance"":3,""physical_error_rate"":5e-05}","{""detection_events"":27354,""detectors_checked"":202604544}"
   2823168,        60,         0,   118.0,decoder_by_matrix,5c8c81bfec719079c388cedc47a351f264c1bf769ae28a89f9b4fc7719fea501,"{""distance"":3,""physical_error_rate"":0.0005}","{""detection_events"":205818,""detectors_checked"":152451072,""obs_mistake_mask=E"":60}"
   3151872,         3,         0,   117.1,decoder_by_matrix,beec9fd12293a9cfe53c9b61fb8ce2a525e4eed38fa75d132d6dc64699336876,"{""distance"":3,""physical_error_rate"":0.0001}","{""detection_events"":46314,""detectors_checked"":170201088,""obs_mistake_mask=E"":3}"
   2725888,       221,         0,   118.8,decoder_by_matrix,f854eed952f7ffb52e4f578393718ba880ba0930c78fe51d50828fe06a713055,"{""distance"":3,""physical_error_rate"":0.001}","{""detection_events"":398406,""detectors_checked"":147197952,""obs_mistake_mask=E"":221}"
   5958656,         0,         0,   116.6,decoder_by_matrix,e25b8d07214a8afb95d354611a83b9bb1ded39644e323a8585b3aabf687a4fff,"{""distance"":3,""physical_error_rate"":1e-05}","{""detection_events"":8805,""detectors_checked"":321767424}"
   6748160,         0,         0,   114.7,decoder_by_matrix,560c721f87db01d4cacf7dcb7d8812fecde61e9e7776d4b9e1b1a792578ecad7,"{""distance"":3,""physical_error_rate"":5e-06}","{""detection_events"":5217,""detectors_checked"":364400640}"
   7625728,         0,         0,   115.0,decoder_by_matrix,e9839e3017c9ef118c4b8aeafef39e78c11ecbdb89764e9ca676a7dc2fb6d062,"{""distance"":3,""physical_error_rate"":1e-06}","{""detection_events"":1278,""detectors_checked"":411789312}"
   2729984,       197,         0,   118.0,decoder_by_matrix,f854eed952f7ffb52e4f578393718ba880ba0930c78fe51d50828fe06a713055,"{""distance"":3,""physical_error_rate"":0.001}","{""detection_events"":398313,""detectors_checked"":147419136,""obs_mistake_mask=E"":197}"
   3144704,         1,         0,   117.3,decoder_by_matrix,beec9fd12293a9cfe53c9b61fb8ce2a525e4eed38fa75d132d6dc64699336876,"{""distance"":3,""physical_error_rate"":0.0001}","{""detection_events"":46245,""detectors_checked"":169814016,""obs_mistake_mask=E"":1}"
   6047744,         0,         0,   115.0,decoder_by_matrix,e25b8d07214a8afb95d354611a83b9bb1ded39644e323a8585b3aabf687a4fff,"{""distance"":3,""physical_error_rate"":1e-05}","{""detection_events"":8436,""detectors_checked"":326578176}"
   7675904,         0,         0,   114.1,decoder_by_matrix,e9839e3017c9ef118c4b8aeafef39e78c11ecbdb89764e9ca676a7dc2fb6d062,"{""distance"":3,""physical_error_rate"":1e-06}","{""detection_events"":1143,""detectors_checked"":414498816}"
   6030336,         0,         0,   115.7,decoder_by_matrix,e25b8d07214a8afb95d354611a83b9bb1ded39644e323a8585b3aabf687a4fff,"{""distance"":3,""physical_error_rate"":1e-05}","{""detection_events"":8991,""detectors_checked"":325638144}"
   3759104,         0,         0,   116.6,decoder_by_matrix,36e3cd26fed5ec7649ec51fb08c1a5e7d7f30e615782d954fee045c18a4962ca,"{""distance"":3,""physical_error_rate"":5e-05}","{""detection_events"":27531,""detectors_checked"":202991616}"
   2827264,        48,         0,   116.4,decoder_by_matrix,5c8c81bfec719079c388cedc47a351f264c1bf769ae28a89f9b4fc7719fea501,"{""distance"":3,""physical_error_rate"":0.0005}","{""detection_events"":205281,""detectors_checked"":152672256,""obs_mistake_mask=E"":48}"
   3178496,         1,         0,   118.4,decoder_by_matrix,beec9fd12293a9cfe53c9b61fb8ce2a525e4eed38fa75d132d6dc64699336876,"{""distance"":3,""physical_error_rate"":0.0001}","{""detection_events"":44538,""detectors_checked"":171638784,""obs_mistake_mask=E"":1}"
   6794240,         0,         0,   114.2,decoder_by_matrix,560c721f87db01d4cacf7dcb7d8812fecde61e9e7776d4b9e1b1a792578ecad7,"{""distance"":3,""physical_error_rate"":5e-06}","{""detection_events"":4923,""detectors_checked"":366888960}"
   2816000,        50,         0,   117.5,decoder_by_matrix,5c8c81bfec719079c388cedc47a351f264c1bf769ae28a89f9b4fc7719fea501,"{""distance"":3,""physical_error_rate"":0.0005}","{""detection_events"":204342,""detectors_checked"":152064000,""obs_mistake_mask=E"":50}"
   2710528,       188,         0,   118.1,decoder_by_matrix,f854eed952f7ffb52e4f578393718ba880ba0930c78fe51d50828fe06a713055,"{""distance"":3,""physical_error_rate"":0.001}","{""detection_events"":394821,""detectors_checked"":146368512,""obs_mistake_mask=E"":188}"
   7705600,         0,         0,   112.4,decoder_by_matrix,e9839e3017c9ef118c4b8aeafef39e78c11ecbdb89764e9ca676a7dc2fb6d062,"{""distance"":3,""physical_error_rate"":1e-06}","{""detection_events"":969,""detectors_checked"":416102400}"
   3741696,         1,         0,   118.2,decoder_by_matrix,36e3cd26fed5ec7649ec51fb08c1a5e7d7f30e615782d954fee045c18a4962ca,"{""distance"":3,""physical_error_rate"":5e-05}","{""detection_events"":27651,""detectors_checked"":202051584,""obs_mistake_mask=E"":1}"
   3109888,         2,         0,   116.4,decoder_by_matrix,beec9fd12293a9cfe53c9b61fb8ce2a525e4eed38fa75d132d6dc64699336876,"{""distance"":3,""physical_error_rate"":0.0001}","{""detection_events"":45114,""detectors_checked"":167933952,""obs_mistake_mask=E"":2}"
   7656448,         0,         0,   114.1,decoder_by_matrix,e9839e3017c9ef118c4b8aeafef39e78c11ecbdb89764e9ca676a7dc2fb6d062,"{""distance"":3,""physical_error_rate"":1e-06}","{""detection_events"":1038,""detectors_checked"":413448192}"
   6033408,         1,         0,   115.0,decoder_by_matrix,e25b8d07214a8afb95d354611a83b9bb1ded39644e323a8585b3aabf687a4fff,"{""distance"":3,""physical_error_rate"":1e-05}","{""detection_events"":8619,""detectors_checked"":325804032,""obs_mistake_mask=E"":1}"
   6809600,         0,         0,   113.7,decoder_by_matrix,560c721f87db01d4cacf7dcb7d8812fecde61e9e7776d4b9e1b1a792578ecad7,"{""distance"":3,""physical_error_rate"":5e-06}","{""detection_events"":4689,""detectors_checked"":367718400}"
   3777536,         0,         0,   117.6,decoder_by_matrix,36e3cd26fed5ec7649ec51fb08c1a5e7d7f30e615782d954fee045c18a4962ca,"{""distance"":3,""physical_error_rate"":5e-05}","{""detection_events"":28314,""detectors_checked"":203986944}"
   5997568,         0,         0,   116.1,decoder_by_matrix,e25b8d07214a8afb95d354611a83b9bb1ded39644e323a8585b3aabf687a4fff,"{""distance"":3,""physical_error_rate"":1e-05}","{""detection_events"":8817,""detectors_checked"":323868672}"
   3773440,         3,         0,   117.4,decoder_by_matrix,36e3cd26fed5ec7649ec51fb08c1a5e7d7f30e615782d954fee045c18a4962ca,"{""distance"":3,""physical_error_rate"":5e-05}","{""detection_events"":26583,""detectors_checked"":203765760,""obs_mistake_mask=E"":3}"
   6755328,         0,         0,   114.9,decoder_by_matrix,560c721f87db01d4cacf7dcb7d8812fecde61e9e7776d4b9e1b1a792578ecad7,"{""distance"":3,""physical_error_rate"":5e-06}","{""detection_events"":4611,""detectors_checked"":364787712}"
   7658496,         0,         0,   114.0,decoder_by_matrix,e9839e3017c9ef118c4b8aeafef39e78c11ecbdb89764e9ca676a7dc2fb6d062,"{""distance"":3,""physical_error_rate"":1e-06}","{""detection_events"":1170,""detectors_checked"":413558784}"
   2727936,       188,         0,   117.7,decoder_by_matrix,f854eed952f7ffb52e4f578393718ba880ba0930c78fe51d50828fe06a713055,"{""distance"":3,""physical_error_rate"":0.001}","{""detection_events"":394824,""detectors_checked"":147308544,""obs_mistake_mask=E"":188}"
   2814976,        53,         0,   116.1,decoder_by_matrix,5c8c81bfec719079c388cedc47a351f264c1bf769ae28a89f9b4fc7719fea501,"{""distance"":3,""physical_error_rate"":0.0005}","{""detection_events"":205596,""detectors_checked"":152008704,""obs_mistake_mask=E"":53}"
   2820096,        53,         0,   117.1,decoder_by_matrix,5c8c81bfec719079c388cedc47a351f264c1bf769ae28a89f9b4fc7719fea501,"{""distance"":3,""physical_error_rate"":0.0005}","{""detection_events"":206304,""detectors_checked"":152285184,""obs_mistake_mask=E"":53}"
   6749184,         0,         0,   113.7,decoder_by_matrix,560c721f87db01d4cacf7dcb7d8812fecde61e9e7776d4b9e1b1a792578ecad7,"{""distance"":3,""physical_error_rate"":5e-06}","{""detection_events"":5193,""detectors_checked"":364455936}"
   3702784,         2,         0,   117.4,decoder_by_matrix,36e3cd26fed5ec7649ec51fb08c1a5e7d7f30e615782d954fee045c18a4962ca,"{""distance"":3,""physical_error_rate"":5e-05}","{""detection_events"":28080,""detectors_checked"":199950336,""obs_mistake_mask=E"":2}"
   3175424,         2,         0,   118.4,decoder_by_matrix,beec9fd12293a9cfe53c9b61fb8ce2a525e4eed38fa75d132d6dc64699336876,"{""distance"":3,""physical_error_rate"":0.0001}","{""detection_events"":45027,""detectors_checked"":171472896,""obs_mistake_mask=E"":2}"
   2733056,       185,         0,   117.0,decoder_by_matrix,f854eed952f7ffb52e4f578393718ba880ba0930c78fe51d50828fe06a713055,"{""distance"":3,""physical_error_rate"":0.001}","{""detection_events"":394608,""detectors_checked"":147585024,""obs_mistake_mask=E"":185}"
   5927936,         0,         0,   116.7,decoder_by_matrix,e25b8d07214a8afb95d354611a83b9bb1ded39644e323a8585b3aabf687a4fff,"{""distance"":3,""physical_error_rate"":1e-05}","{""detection_events"":9036,""detectors_checked"":320108544}"
   6757376,         0,         0,   114.4,decoder_by_matrix,560c721f87db01d4cacf7dcb7d8812fecde61e9e7776d4b9e1b1a792578ecad7,"{""distance"":3,""physical_error_rate"":5e-06}","{""detection_events"":5310,""detectors_checked"":364898304}"
   7677952,         0,         0,   113.6,decoder_by_matrix,e9839e3017c9ef118c4b8aeafef39e78c11ecbdb89764e9ca676a7dc2fb6d062,"{""distance"":3,""physical_error_rate"":1e-06}","{""detection_events"":1212,""detectors_checked"":414609408}"
   2736128,       174,         0,   117.4,decoder_by_matrix,f854eed952f7ffb52e4f578393718ba880ba0930c78fe51d50828fe06a713055,"{""distance"":3,""physical_error_rate"":0.001}","{""detection_events"":396801,""detectors_checked"":147750912,""obs_mistake_mask=E"":174}"
   6094848,         0,         0,   116.5,decoder_by_matrix,e25b8d07214a8afb95d354611a83b9bb1ded39644e323a8585b3aabf687a4fff,"{""distance"":3,""physical_error_rate"":1e-05}","{""detection_events"":8292,""detectors_checked"":329121792}"
   7673856,         0,         0,   113.8,decoder_by_matrix,e9839e3017c9ef118c4b8aeafef39e78c11ecbdb89764e9ca676a7dc2fb6d062,"{""distance"":3,""physical_error_rate"":1e-06}","{""detection_events"":1104,""detectors_checked"":414388224}"
   3133440,         4,         0,   116.8,decoder_by_matrix,beec9fd12293a9cfe53c9b61fb8ce2a525e4eed38fa75d132d6dc64699336876,"{""distance"":3,""physical_error_rate"":0.0001}","{""detection_events"":45795,""detectors_checked"":169205760,""obs_mistake_mask=E"":4}"
   6035456,         0,         0,   115.7,decoder_by_matrix,e25b8d07214a8afb95d354611a83b9bb1ded39644e323a8585b3aabf687a4fff,"{""distance"":3,""physical_error_rate"":1e-05}","{""detection_events"":8649,""detectors_checked"":325914624}"
   3721216,         1,         0,   116.6,decoder_by_matrix,36e3cd26fed5ec7649ec51fb08c1a5e7d7f30e615782d954fee045c18a4962ca,"{""distance"":3,""physical_error_rate"":5e-05}","{""detection_events"":27240,""detectors_checked"":200945664,""obs_mistake_mask=E"":1}"
   2829312,        43,         0,   117.3,decoder_by_matrix,5c8c81bfec719079c388cedc47a351f264c1bf769ae28a89f9b4fc7719fea501,"{""distance"":3,""physical_error_rate"":0.0005}","{""detection_events"":204396,""detectors_checked"":152782848,""obs_mistake_mask=E"":43}"
   2812928,        47,         0,   117.3,decoder_by_matrix,5c8c81bfec719079c388cedc47a351f264c1bf769ae28a89f9b4fc7719fea501,"{""distance"":3,""physical_error_rate"":0.0005}","{""detection_events"":206370,""detectors_checked"":151898112,""obs_mistake_mask=E"":47}"
   6828032,         1,         0,   116.6,decoder_by_matrix,560c721f87db01d4cacf7dcb7d8812fecde61e9e7776d4b9e1b1a792578ecad7,"{""distance"":3,""physical_error_rate"":5e-06}","{""detection_events"":4857,""detectors_checked"":368713728,""obs_mistake_mask=E"":1}"
   3168256,         4,         0,   118.1,decoder_by_matrix,beec9fd12293a9cfe53c9b61fb8ce2a525e4eed38fa75d132d6dc64699336876,"{""distance"":3,""physical_error_rate"":0.0001}","{""detection_events"":45834,""detectors_checked"":171085824,""obs_mistake_mask=E"":4}"
   7675904,         0,         0,   114.0,decoder_by_matrix,e9839e3017c9ef118c4b8aeafef39e78c11ecbdb89764e9ca676a7dc2fb6d062,"{""distance"":3,""physical_error_rate"":1e-06}","{""detection_events"":1131,""detectors_checked"":414498816}"
   2709504,       207,         0,   118.2,decoder_by_matrix,f854eed952f7ffb52e4f578393718ba880ba0930c78fe51d50828fe06a713055,"{""distance"":3,""physical_error_rate"":0.001}","{""detection_events"":398004,""detectors_checked"":146313216,""obs_mistake_mask=E"":207}"
   3113984,         2,         0,   115.6,decoder_by_matrix,beec9fd12293a9cfe53c9b61fb8ce2a525e4eed38fa75d132d6dc64699336876,"{""distance"":3,""physical_error_rate"":0.0001}","{""detection_events"":44418,""detectors_checked"":168155136,""obs_mistake_mask=E"":2}"
   3755008,         0,         0,   117.7,decoder_by_matrix,36e3cd26fed5ec7649ec51fb08c1a5e7d7f30e615782d954fee045c18a4962ca,"{""distance"":3,""physical_error_rate"":5e-05}","{""detection_events"":27558,""detectors_checked"":202770432}"
   7624704,         0,         0,   113.8,decoder_by_matrix,e9839e3017c9ef118c4b8aeafef39e78c11ecbdb89764e9ca676a7dc2fb6d062,"{""distance"":3,""physical_error_rate"":1e-06}","{""detection_events"":1170,""detectors_checked"":411734016}"
   5950464,         0,         0,   116.0,decoder_by_matrix,e25b8d07214a8afb95d354611a83b9bb1ded39644e323a8585b3aabf687a4fff,"{""distance"":3,""physical_error_rate"":1e-05}","{""detection_events"":8991,""detectors_checked"":321325056}"
   6756352,         0,         0,   113.8,decoder_by_matrix,560c721f87db01d4cacf7dcb7d8812fecde61e9e7776d4b9e1b1a792578ecad7,"{""distance"":3,""physical_error_rate"":5e-06}","{""detection_events"":4998,""detectors_checked"":364843008}"
   3758080,         0,         0,   116.9,decoder_by_matrix,36e3cd26fed5ec7649ec51fb08c1a5e7d7f30e615782d954fee045c18a4962ca,"{""distance"":3,""physical_error_rate"":5e-05}","{""detection_events"":27636,""detectors_checked"":202936320}"
   6054912,         0,         0,   114.6,decoder_by_matrix,e25b8d07214a8afb95d354611a83b9bb1ded39644e323a8585b3aabf687a4fff,"{""distance"":3,""physical_error_rate"":1e-05}","{""detection_events"":8355,""detectors_checked"":326965248}"
   3753984,         1,         0,   117.8,decoder_by_matrix,36e3cd26fed5ec7649ec51fb08c1a5e7d7f30e615782d954fee045c18a4962ca,"{""distance"":3,""physical_error_rate"":5e-05}","{""detection_events"":27126,""detectors_checked"":202715136,""obs_mistake_mask=E"":1}"
   6771712,         0,         0,   115.1,decoder_by_matrix,560c721f87db01d4cacf7dcb7d8812fecde61e9e7776d4b9e1b1a792578ecad7,"{""distance"":3,""physical_error_rate"":5e-06}","{""detection_events"":4491,""detectors_checked"":365672448}"
   7678976,         0,         0,   114.6,decoder_by_matrix,e9839e3017c9ef118c4b8aeafef39e78c11ecbdb89764e9ca676a7dc2fb6d062,"{""distance"":3,""physical_error_rate"":1e-06}","{""detection_events"":1044,""detectors_checked"":414664704}"
   2726912,       201,         0,   117.1,decoder_by_matrix,f854eed952f7ffb52e4f578393718ba880ba0930c78fe51d50828fe06a713055,"{""distance"":3,""physical_error_rate"":0.001}","{""detection_events"":398337,""detectors_checked"":147253248,""obs_mistake_mask=E"":201}"
   2813952,        54,         0,   118.2,decoder_by_matrix,5c8c81bfec719079c388cedc47a351f264c1bf769ae28a89f9b4fc7719fea501,"{""distance"":3,""physical_error_rate"":0.0005}","{""detection_events"":205191,""detectors_checked"":151953408,""obs_mistake_mask=E"":54}"
   2819072,        49,         0,   117.1,decoder_by_matrix,5c8c81bfec719079c388cedc47a351f264c1bf769ae28a89f9b4fc7719fea501,"{""distance"":3,""physical_error_rate"":0.0005}","{""detection_events"":208671,""detectors_checked"":152229888,""obs_mistake_mask=E"":49}"
   6760448,         0,         0,   114.7,decoder_by_matrix,560c721f87db01d4cacf7dcb7d8812fecde61e9e7776d4b9e1b1a792578ecad7,"{""distance"":3,""physical_error_rate"":5e-06}","{""detection_events"":5079,""detectors_checked"":365064192}"
   3153920,         1,         0,   117.5,decoder_by_matrix,beec9fd12293a9cfe53c9b61fb8ce2a525e4eed38fa75d132d6dc64699336876,"{""distance"":3,""physical_error_rate"":0.0001}","{""detection_events"":46494,""detectors_checked"":170311680,""obs_mistake_mask=E"":1}"
   3801088,         1,         0,   116.2,decoder_by_matrix,36e3cd26fed5ec7649ec51fb08c1a5e7d7f30e615782d954fee045c18a4962ca,"{""distance"":3,""physical_error_rate"":5e-05}","{""detection_events"":26988,""detectors_checked"":205258752,""obs_mistake_mask=E"":1}"
   2731008,       183,         0,   117.8,decoder_by_matrix,f854eed952f7ffb52e4f578393718ba880ba0930c78fe51d50828fe06a713055,"{""distance"":3,""physical_error_rate"":0.001}","{""detection_events"":394554,""detectors_checked"":147474432,""obs_mistake_mask=E"":183}"
   6815744,         0,         0,   115.7,decoder_by_matrix,560c721f87db01d4cacf7dcb7d8812fecde61e9e7776d4b9e1b1a792578ecad7,"{""distance"":3,""physical_error_rate"":5e-06}","{""detection_events"":4869,""detectors_checked"":368050176}"
   6024192,         0,         0,   116.1,decoder_by_matrix,e25b8d07214a8afb95d354611a83b9bb1ded39644e323a8585b3aabf687a4fff,"{""distance"":3,""physical_error_rate"":1e-05}","{""detection_events"":8637,""detectors_checked"":325306368}"
   7704576,         0,         0,   114.3,decoder_by_matrix,e9839e3017c9ef118c4b8aeafef39e78c11ecbdb89764e9ca676a7dc2fb6d062,"{""distance"":3,""physical_error_rate"":1e-06}","{""detection_events"":1044,""detectors_checked"":416047104}"
   2731008,       175,         0,   117.4,decoder_by_matrix,f854eed952f7ffb52e4f578393718ba880ba0930c78fe51d50828fe06a713055,"{""distance"":3,""physical_error_rate"":0.001}","{""detection_events"":397842,""detectors_checked"":147474432,""obs_mistake_mask=E"":175}"
   6001664,         0,         0,   116.7,decoder_by_matrix,e25b8d07214a8afb95d354611a83b9bb1ded39644e323a8585b3aabf687a4fff,"{""distance"":3,""physical_error_rate"":1e-05}","{""detection_events"":8757,""detectors_checked"":324089856}"
   3148800,         3,         0,   116.3,decoder_by_matrix,beec9fd12293a9cfe53c9b61fb8ce2a525e4eed38fa75d132d6dc64699336876,"{""distance"":3,""physical_error_rate"":0.0001}","{""detection_events"":45729,""detectors_checked"":170035200,""obs_mistake_mask=E"":3}"
   6041600,         0,         0,   115.5,decoder_by_matrix,e25b8d07214a8afb95d354611a83b9bb1ded39644e323a8585b3aabf687a4fff,"{""distance"":3,""physical_error_rate"":1e-05}","{""detection_events"":8640,""detectors_checked"":326246400}"
   7636992,         0,         0,   114.8,decoder_by_matrix,e9839e3017c9ef118c4b8aeafef39e78c11ecbdb89764e9ca676a7dc2fb6d062,"{""distance"":3,""physical_error_rate"":1e-06}","{""detection_events"":1269,""detectors_checked"":412397568}"
   2830336,        45,         0,   117.3,decoder_by_matrix,5c8c81bfec719079c388cedc47a351f264c1bf769ae28a89f9b4fc7719fea501,"{""distance"":3,""physical_error_rate"":0.0005}","{""detection_events"":208659,""detectors_checked"":152838144,""obs_mistake_mask=E"":45}"
   3775488,         5,         0,   116.8,decoder_by_matrix,36e3cd26fed5ec7649ec51fb08c1a5e7d7f30e615782d954fee045c18a4962ca,"{""distance"":3,""physical_error_rate"":5e-05}","{""detection_events"":27573,""detectors_checked"":203876352,""obs_mistake_mask=E"":5}"
   7670784,         0,         0,   115.2,decoder_by_matrix,e9839e3017c9ef118c4b8aeafef39e78c11ecbdb89764e9ca676a7dc2fb6d062,"{""distance"":3,""physical_error_rate"":1e-06}","{""detection_events"":1209,""detectors_checked"":414222336}"
   2712576,       203,         0,   117.5,decoder_by_matrix,f854eed952f7ffb52e4f578393718ba880ba0930c78fe51d50828fe06a713055,"{""distance"":3,""physical_error_rate"":0.001}","{""detection_events"":392184,""detectors_checked"":146479104,""obs_mistake_mask=E"":203}"
   6904832,         0,         0,   116.0,decoder_by_matrix,560c721f87db01d4cacf7dcb7d8812fecde61e9e7776d4b9e1b1a792578ecad7,"{""distance"":3,""physical_error_rate"":5e-06}","{""detection_events"":4638,""detectors_checked"":372860928}"
   2816000,        48,         0,   117.4,decoder_by_matrix,5c8c81bfec719079c388cedc47a351f264c1bf769ae28a89f9b4fc7719fea501,"{""distance"":3,""physical_error_rate"":0.0005}","{""detection_events"":205779,""detectors_checked"":152064000,""obs_mistake_mask=E"":48}"
   3151872,         0,         0,   118.1,decoder_by_matrix,beec9fd12293a9cfe53c9b61fb8ce2a525e4eed38fa75d132d6dc64699336876,"{""distance"":3,""physical_error_rate"":0.0001}","{""detection_events"":45816,""detectors_checked"":170201088}"
   3736576,         1,         0,   117.7,decoder_by_matrix,36e3cd26fed5ec7649ec51fb08c1a5e7d7f30e615782d954fee045c18a4962ca,"{""distance"":3,""physical_error_rate"":5e-05}","{""detection_events"":26871,""detectors_checked"":201775104,""obs_mistake_mask=E"":1}"
   3138560,         1,         0,   117.2,decoder_by_matrix,beec9fd12293a9cfe53c9b61fb8ce2a525e4eed38fa75d132d6dc64699336876,"{""distance"":3,""physical_error_rate"":0.0001}","{""detection_events"":46524,""detectors_checked"":169482240,""obs_mistake_mask=E"":1}"
   7670784,         0,         0,   114.8,decoder_by_matrix,e9839e3017c9ef118c4b8aeafef39e78c11ecbdb89764e9ca676a7dc2fb6d062,"{""distance"":3,""physical_error_rate"":1e-06}","{""detection_events"":1011,""detectors_checked"":414222336}"
   6082560,         0,         0,   115.2,decoder_by_matrix,e25b8d07214a8afb95d354611a83b9bb1ded39644e323a8585b3aabf687a4fff,"{""distance"":3,""physical_error_rate"":1e-05}","{""detection_events"":8460,""detectors_checked"":328458240}"
   6737920,         0,         0,   114.9,decoder_by_matrix,560c721f87db01d4cacf7dcb7d8812fecde61e9e7776d4b9e1b1a792578ecad7,"{""distance"":3,""physical_error_rate"":5e-06}","{""detection_events"":4884,""detectors_checked"":363847680}"
   3750912,         0,         0,   116.1,decoder_by_matrix,36e3cd26fed5ec7649ec51fb08c1a5e7d7f30e615782d954fee045c18a4962ca,"{""distance"":3,""physical_error_rate"":5e-05}","{""detection_events"":27870,""detectors_checked"":202549248}"
   6016000,         0,         0,   115.8,decoder_by_matrix,e25b8d07214a8afb95d354611a83b9bb1ded39644e323a8585b3aabf687a4fff,"{""distance"":3,""physical_error_rate"":1e-05}","{""detection_events"":8403,""detectors_checked"":324864000}"
   3750912,         0,         0,   117.5,decoder_by_matrix,36e3cd26fed5ec7649ec51fb08c1a5e7d7f30e615782d954fee045c18a4962ca,"{""distance"":3,""physical_error_rate"":5e-05}","{""detection_events"":27591,""detectors_checked"":202549248}"
   6675456,         0,         0,   115.2,decoder_by_matrix,560c721f87db01d4cacf7dcb7d8812fecde61e9e7776d4b9e1b1a792578ecad7,"{""distance"":3,""physical_error_rate"":5e-06}","{""detection_events"":5100,""detectors_checked"":360474624}"
   7656448,         0,         0,   114.9,decoder_by_matrix,e9839e3017c9ef118c4b8aeafef39e78c11ecbdb89764e9ca676a7dc2fb6d062,"{""distance"":3,""physical_error_rate"":1e-06}","{""detection_events"":1143,""detectors_checked"":413448192}"
   2725888,       192,         0,   117.1,decoder_by_matrix,f854eed952f7ffb52e4f578393718ba880ba0930c78fe51d50828fe06a713055,"{""distance"":3,""physical_error_rate"":0.001}","{""detection_events"":398229,""detectors_checked"":147197952,""obs_mistake_mask=E"":192}"
   2811904,        37,         0,   117.7,decoder_by_matrix,5c8c81bfec719079c388cedc47a351f264c1bf769ae28a89f9b4fc7719fea501,"{""distance"":3,""physical_error_rate"":0.0005}","{""detection_events"":205401,""detectors_checked"":151842816,""obs_mistake_mask=E"":37}"
   2820096,        45,         0,   118.0,decoder_by_matrix,5c8c81bfec719079c388cedc47a351f264c1bf769ae28a89f9b4fc7719fea501,"{""distance"":3,""physical_error_rate"":0.0005}","{""detection_events"":205215,""detectors_checked"":152285184,""obs_mistake_mask=E"":45}"
   6740992,         0,         0,   115.3,decoder_by_matrix,560c721f87db01d4cacf7dcb7d8812fecde61e9e7776d4b9e1b1a792578ecad7,"{""distance"":3,""physical_error_rate"":5e-06}","{""detection_events"":5136,""detectors_checked"":364013568}"
   3147776,         3,         0,   116.6,decoder_by_matrix,beec9fd12293a9cfe53c9b61fb8ce2a525e4eed38fa75d132d6dc64699336876,"{""distance"":3,""physical_error_rate"":0.0001}","{""detection_events"":46305,""detectors_checked"":169979904,""obs_mistake_mask=E"":3}"
   3746816,         1,         0,   117.2,decoder_by_matrix,36e3cd26fed5ec7649ec51fb08c1a5e7d7f30e615782d954fee045c18a4962ca,"{""distance"":3,""physical_error_rate"":5e-05}","{""detection_events"":27870,""detectors_checked"":202328064,""obs_mistake_mask=E"":1}"
   2731008,       180,         0,   116.5,decoder_by_matrix,f854eed952f7ffb52e4f578393718ba880ba0930c78fe51d50828fe06a713055,"{""distance"":3,""physical_error_rate"":0.001}","{""detection_events"":395802,""detectors_checked"":147474432,""obs_mistake_mask=E"":180}"
   6780928,         0,         0,   113.6,decoder_by_matrix,560c721f87db01d4cacf7dcb7d8812fecde61e9e7776d4b9e1b1a792578ecad7,"{""distance"":3,""physical_error_rate"":5e-06}","{""detection_events"":5133,""detectors_checked"":366170112}"
   6041600,         0,         0,   115.4,decoder_by_matrix,e25b8d07214a8afb95d354611a83b9bb1ded39644e323a8585b3aabf687a4fff,"{""distance"":3,""physical_error_rate"":1e-05}","{""detection_events"":8742,""detectors_checked"":326246400}"
   7691264,         0,         0,   116.6,decoder_by_matrix,e9839e3017c9ef118c4b8aeafef39e78c11ecbdb89764e9ca676a7dc2fb6d062,"{""distance"":3,""physical_error_rate"":1e-06}","{""detection_events"":1095,""detectors_checked"":415328256}"
   2732032,       192,         0,   118.0,decoder_by_matrix,f854eed952f7ffb52e4f578393718ba880ba0930c78fe51d50828fe06a713055,"{""distance"":3,""physical_error_rate"":0.001}","{""detection_events"":395235,""detectors_checked"":147529728,""obs_mistake_mask=E"":192}"
   6033408,         0,         0,   116.6,decoder_by_matrix,e25b8d07214a8afb95d354611a83b9bb1ded39644e323a8585b3aabf687a4fff,"{""distance"":3,""physical_error_rate"":1e-05}","{""detection_events"":8628,""detectors_checked"":325804032}"
   3149824,         2,         0,   116.9,decoder_by_matrix,beec9fd12293a9cfe53c9b61fb8ce2a525e4eed38fa75d132d6dc64699336876,"{""distance"":3,""physical_error_rate"":0.0001}","{""detection_events"":46044,""detectors_checked"":170090496,""obs_mistake_mask=E"":2}"
   2829312,        41,         0,   117.5,decoder_by_matrix,5c8c81bfec719079c388cedc47a351f264c1bf769ae28a89f9b4fc7719fea501,"{""distance"":3,""physical_error_rate"":0.0005}","{""detection_events"":207240,""detectors_checked"":152782848,""obs_mistake_mask=E"":41}"
   3702784,         1,         0,   116.9,decoder_by_matrix,36e3cd26fed5ec7649ec51fb08c1a5e7d7f30e615782d954fee045c18a4962ca,"{""distance"":3,""physical_error_rate"":5e-05}","{""detection_events"":27159,""detectors_checked"":199950336,""obs_mistake_mask=E"":1}"
   5964800,         0,         0,   115.1,decoder_by_matrix,e25b8d07214a8afb95d354611a83b9bb1ded39644e323a8585b3aabf687a4fff,"{""distance"":3,""physical_error_rate"":1e-05}","{""detection_events"":9273,""detectors_checked"":322099200}"
   7695360,         0,         0,   115.3,decoder_by_matrix,e9839e3017c9ef118c4b8aeafef39e78c11ecbdb89764e9ca676a7dc2fb6d062,"{""distance"":3,""physical_error_rate"":1e-06}","{""detection_events"":993,""detectors_checked"":415549440}"
   7666688,         0,         0,   116.0,decoder_by_matrix,e9839e3017c9ef118c4b8aeafef39e78c11ecbdb89764e9ca676a7dc2fb6d062,"{""distance"":3,""physical_error_rate"":1e-06}","{""detection_events"":1239,""detectors_checked"":414001152}"
   2813952,        59,         0,   116.5,decoder_by_matrix,5c8c81bfec719079c388cedc47a351f264c1bf769ae28a89f9b4fc7719fea501,"{""distance"":3,""physical_error_rate"":0.0005}","{""detection_events"":204414,""detectors_checked"":151953408,""obs_mistake_mask=E"":59}"
   2716672,       194,         0,   117.7,decoder_by_matrix,f854eed952f7ffb52e4f578393718ba880ba0930c78fe51d50828fe06a713055,"{""distance"":3,""physical_error_rate"":0.001}","{""detection_events"":393231,""detectors_checked"":146700288,""obs_mistake_mask=E"":194}"
   3183616,         4,         0,   118.0,decoder_by_matrix,beec9fd12293a9cfe53c9b61fb8ce2a525e4eed38fa75d132d6dc64699336876,"{""distance"":3,""physical_error_rate"":0.0001}","{""detection_events"":45450,""detectors_checked"":171915264,""obs_mistake_mask=E"":4}"
   3129344,         4,         0,   117.8,decoder_by_matrix,beec9fd12293a9cfe53c9b61fb8ce2a525e4eed38fa75d132d6dc64699336876,"{""distance"":3,""physical_error_rate"":0.0001}","{""detection_events"":45966,""detectors_checked"":168984576,""obs_mistake_mask=E"":4}"
   6797312,         0,         0,   114.3,decoder_by_matrix,560c721f87db01d4cacf7dcb7d8812fecde61e9e7776d4b9e1b1a792578ecad7,"{""distance"":3,""physical_error_rate"":5e-06}","{""detection_events"":5175,""detectors_checked"":367054848}"
   3755008,         0,         0,   116.8,decoder_by_matrix,36e3cd26fed5ec7649ec51fb08c1a5e7d7f30e615782d954fee045c18a4962ca,"{""distance"":3,""physical_error_rate"":5e-05}","{""detection_events"":27906,""detectors_checked"":202770432}"
   7597056,         0,         0,   115.1,decoder_by_matrix,e9839e3017c9ef118c4b8aeafef39e78c11ecbdb89764e9ca676a7dc2fb6d062,"{""distance"":3,""physical_error_rate"":1e-06}","{""detection_events"":1326,""detectors_checked"":410241024}"
   6080512,         0,         0,   116.0,decoder_by_matrix,e25b8d07214a8afb95d354611a83b9bb1ded39644e323a8585b3aabf687a4fff,"{""distance"":3,""physical_error_rate"":1e-05}","{""detection_events"":8295,""detectors_checked"":328347648}"
   6782976,         0,         0,   115.2,decoder_by_matrix,560c721f87db01d4cacf7dcb7d8812fecde61e9e7776d4b9e1b1a792578ecad7,"{""distance"":3,""physical_error_rate"":5e-06}","{""detection_events"":4881,""detectors_checked"":366280704}"
   3794944,         1,         0,   117.7,decoder_by_matrix,36e3cd26fed5ec7649ec51fb08c1a5e7d7f30e615782d954fee045c18a4962ca,"{""distance"":3,""physical_error_rate"":5e-05}","{""detection_events"":26940,""detectors_checked"":204926976,""obs_mistake_mask=E"":1}"
   5970944,         0,         0,   115.4,decoder_by_matrix,e25b8d07214a8afb95d354611a83b9bb1ded39644e323a8585b3aabf687a4fff,"{""distance"":3,""physical_error_rate"":1e-05}","{""detection_events"":9021,""detectors_checked"":322430976}"
   3732480,         0,         0,   117.7,decoder_by_matrix,36e3cd26fed5ec7649ec51fb08c1a5e7d7f30e615782d954fee045c18a4962ca,"{""distance"":3,""physical_error_rate"":5e-05}","{""detection_events"":27789,""detectors_checked"":201553920}"
   6652928,         0,         0,   115.8,decoder_by_matrix,560c721f87db01d4cacf7dcb7d8812fecde61e9e7776d4b9e1b1a792578ecad7,"{""distance"":3,""physical_error_rate"":5e-06}","{""detection_events"":5037,""detectors_checked"":359258112}"
   7658496,         0,         0,   114.7,decoder_by_matrix,e9839e3017c9ef118c4b8aeafef39e78c11ecbdb89764e9ca676a7dc2fb6d062,"{""distance"":3,""physical_error_rate"":1e-06}","{""detection_events"":1101,""detectors_checked"":413558784}"
   2731008,       207,         0,   118.4,decoder_by_matrix,f854eed952f7ffb52e4f578393718ba880ba0930c78fe51d50828fe06a713055,"{""distance"":3,""physical_error_rate"":0.001}","{""detection_events"":392295,""detectors_checked"":147474432,""obs_mistake_mask=E"":207}"
   2811904,        49,         0,   117.9,decoder_by_matrix,5c8c81bfec719079c388cedc47a351f264c1bf769ae28a89f9b4fc7719fea501,"{""distance"":3,""physical_error_rate"":0.0005}","{""detection_events"":204228,""detectors_checked"":151842816,""obs_mistake_mask=E"":49}"
   2820096,        54,         0,   117.6,decoder_by_matrix,5c8c81bfec719079c388cedc47a351f264c1bf769ae28a89f9b4fc7719fea501,"{""distance"":3,""physical_error_rate"":0.0005}","{""detection_events"":207045,""detectors_checked"":152285184,""obs_mistake_mask=E"":54}"
   6742016,         0,         0,   114.4,decoder_by_matrix,560c721f87db01d4cacf7dcb7d8812fecde61e9e7776d4b9e1b1a792578ecad7,"{""distance"":3,""physical_error_rate"":5e-06}","{""detection_events"":4944,""detectors_checked"":364068864}"
   3162112,         1,         0,   117.7,decoder_by_matrix,beec9fd12293a9cfe53c9b61fb8ce2a525e4eed38fa75d132d6dc64699336876,"{""distance"":3,""physical_error_rate"":0.0001}","{""detection_events"":45579,""detectors_checked"":170754048,""obs_mistake_mask=E"":1}"
   3744768,         1,         0,   117.2,decoder_by_matrix,36e3cd26fed5ec7649ec51fb08c1a5e7d7f30e615782d954fee045c18a4962ca,"{""distance"":3,""physical_error_rate"":5e-05}","{""detection_events"":27132,""detectors_checked"":202217472,""obs_mistake_mask=E"":1}"
   2732032,       223,         0,   118.1,decoder_by_matrix,f854eed952f7ffb52e4f578393718ba880ba0930c78fe51d50828fe06a713055,"{""distance"":3,""physical_error_rate"":0.001}","{""detection_events"":396951,""detectors_checked"":147529728,""obs_mistake_mask=E"":223}"
   6787072,         0,         0,   115.0,decoder_by_matrix,560c721f87db01d4cacf7dcb7d8812fecde61e9e7776d4b9e1b1a792578ecad7,"{""distance"":3,""physical_error_rate"":5e-06}","{""detection_events"":4842,""detectors_checked"":366501888}"
   2696192,       190,         0,   116.6,decoder_by_matrix,f854eed952f7ffb52e4f578393718ba880ba0930c78fe51d50828fe06a713055,"{""distance"":3,""physical_error_rate"":0.001}","{""detection_events"":393498,""detectors_checked"":145594368,""obs_mistake_mask=E"":190}"
   2725888,       173,         0,   117.4,decoder_by_matrix,f854eed952f7ffb52e4f578393718ba880ba0930c78fe51d50828fe06a713055,"{""distance"":3,""physical_error_rate"":0.001}","{""detection_events"":396732,""detectors_checked"":147197952,""obs_mistake_mask=E"":173}"
      2048,         0,         0,   0.122,decoder_by_matrix,f854eed952f7ffb52e4f578393718ba880ba0930c78fe51d50828fe06a713055,"{""distance"":3,""physical_error_rate"":0.001}","{""detection_events"":342,""detectors_checked"":110592}"
     17408,         1,         0,   0.775,decoder_by_matrix,f854eed952f7ffb52e4f578393718ba880ba0930c78fe51d50828fe06a713055,"{""distance"":3,""physical_error_rate"":0.001}","{""detection_events"":2586,""detectors_checked"":940032,""obs_mistake_mask=E"":1}"
   5986304,         0,         0,   115.1,decoder_by_matrix,e25b8d07214a8afb95d354611a83b9bb1ded39644e323a8585b3aabf687a4fff,"{""distance"":3,""physical_error_rate"":1e-05}","{""detection_events"":8943,""detectors_checked"":323260416}"
         1,         0,         0,   0.000,decoder_by_matrix,beec9fd12293a9cfe53c9b61fb8ce2a525e4eed38fa75d132d6dc64699336876,"{""distance"":3,""physical_error_rate"":0.0001}","{""detectors_checked"":54}"
         1,         0,         0,   0.000,decoder_by_matrix,5c8c81bfec719079c388cedc47a351f264c1bf769ae28a89f9b4fc7719fea501,"{""distance"":3,""physical_error_rate"":0.0005}","{""detectors_checked"":54}"
         1,         0,         0,   0.000,decoder_by_matrix,5c8c81bfec719079c388cedc47a351f264c1bf769ae28a89f9b4fc7719fea501,"{""distance"":3,""physical_error_rate"":0.0005}","{""detectors_checked"":54}"
         1,         0,         0,   0.000,decoder_by_matrix,beec9fd12293a9cfe53c9b61fb8ce2a525e4eed38fa75d132d6dc64699336876,"{""distance"":3,""physical_error_rate"":0.0001}","{""detectors_checked"":54}"
      5392,         0,         0,   0.015,decoder_by_matrix,5c8c81bfec719079c388cedc47a351f264c1bf769ae28a89f9b4fc7719fea501,"{""distance"":3,""physical_error_rate"":0.0005}","{""detection_events"":363,""detectors_checked"":291168}"
   7670784,         0,         0,   114.8,decoder_by_matrix,e9839e3017c9ef118c4b8aeafef39e78c11ecbdb89764e9ca676a7dc2fb6d062,"{""distance"":3,""physical_error_rate"":1e-06}","{""detection_events"":1308,""detectors_checked"":414222336}"
      3344,         0,         0,   0.028,decoder_by_matrix,5c8c81bfec719079c388cedc47a351f264c1bf769ae28a89f9b4fc7719fea501,"{""distance"":3,""physical_error_rate"":0.0005}","{""detection_events"":168,""detectors_checked"":180576}"
      3344,         0,         0,   0.048,decoder_by_matrix,beec9fd12293a9cfe53c9b61fb8ce2a525e4eed38fa75d132d6dc64699336876,"{""distance"":3,""physical_error_rate"":0.0001}","{""detection_events"":36,""detectors_checked"":180576}"
      3344,         0,         0,   0.040,decoder_by_matrix,beec9fd12293a9cfe53c9b61fb8ce2a525e4eed38fa75d132d6dc64699336876,"{""distance"":3,""physical_error_rate"":0.0001}","{""detection_events"":12,""detectors_checked"":180576}"
      1024,         0,         0,   0.094,decoder_by_matrix,5c8c81bfec719079c388cedc47a351f264c1bf769ae28a89f9b4fc7719fea501,"{""distance"":3,""physical_error_rate"":0.0005}","{""detection_events"":93,""detectors_checked"":55296}"
      3072,         0,         0,   0.110,decoder_by_matrix,5c8c81bfec719079c388cedc47a351f264c1bf769ae28a89f9b4fc7719fea501,"{""distance"":3,""physical_error_rate"":0.0005}","{""detection_events"":219,""detectors_checked"":165888}"
      6144,         0,         0,   0.113,decoder_by_matrix,beec9fd12293a9cfe53c9b61fb8ce2a525e4eed38fa75d132d6dc64699336876,"{""distance"":3,""physical_error_rate"":0.0001}","{""detection_events"":27,""detectors_checked"":331776}"
      4096,         0,         0,   0.117,decoder_by_matrix,beec9fd12293a9cfe53c9b61fb8ce2a525e4eed38fa75d132d6dc64699336876,"{""distance"":3,""physical_error_rate"":0.0001}","{""detection_events"":33,""detectors_checked"":221184}"
   6047744,         0,         0,   116.4,decoder_by_matrix,e25b8d07214a8afb95d354611a83b9bb1ded39644e323a8585b3aabf687a4fff,"{""distance"":3,""physical_error_rate"":1e-05}","{""detection_events"":8496,""detectors_checked"":326578176}"
   3142656,         0,         0,   117.9,decoder_by_matrix,beec9fd12293a9cfe53c9b61fb8ce2a525e4eed38fa75d132d6dc64699336876,"{""distance"":3,""physical_error_rate"":0.0001}","{""detection_events"":45351,""detectors_checked"":169703424}"
   6069248,         0,         0,   115.8,decoder_by_matrix,e25b8d07214a8afb95d354611a83b9bb1ded39644e323a8585b3aabf687a4fff,"{""distance"":3,""physical_error_rate"":1e-05}","{""detection_events"":8535,""detectors_checked"":327739392}"
      3072,         0,         0,   0.127,decoder_by_matrix,5c8c81bfec719079c388cedc47a351f264c1bf769ae28a89f9b4fc7719fea501,"{""distance"":3,""physical_error_rate"":0.0005}","{""detection_events"":294,""detectors_checked"":165888}"
      3072,         0,         0,   0.167,decoder_by_matrix,5c8c81bfec719079c388cedc47a351f264c1bf769ae28a89f9b4fc7719fea501,"{""distance"":3,""physical_error_rate"":0.0005}","{""detection_events"":300,""detectors_checked"":165888}"
      3072,         0,         0,   0.127,decoder_by_matrix,beec9fd12293a9cfe53c9b61fb8ce2a525e4eed38fa75d132d6dc64699336876,"{""distance"":3,""physical_error_rate"":0.0001}","{""detection_events"":36,""detectors_checked"":165888}"
      3072,         0,         0,   0.128,decoder_by_matrix,beec9fd12293a9cfe53c9b61fb8ce2a525e4eed38fa75d132d6dc64699336876,"{""distance"":3,""physical_error_rate"":0.0001}","{""detection_events"":78,""detectors_checked"":165888}"
   2830336,        52,         0,   117.5,decoder_by_matrix,5c8c81bfec719079c388cedc47a351f264c1bf769ae28a89f9b4fc7719fea501,"{""distance"":3,""physical_error_rate"":0.0005}","{""detection_events"":206319,""detectors_checked"":152838144,""obs_mistake_mask=E"":52}"
   7657472,         0,         0,   115.6,decoder_by_matrix,e9839e3017c9ef118c4b8aeafef39e78c11ecbdb89764e9ca676a7dc2fb6d062,"{""distance"":3,""physical_error_rate"":1e-06}","{""detection_events"":1185,""detectors_checked"":413503488}"
   3759104,         0,         0,   116.7,decoder_by_matrix,36e3cd26fed5ec7649ec51fb08c1a5e7d7f30e615782d954fee045c18a4962ca,"{""distance"":3,""physical_error_rate"":5e-05}","{""detection_events"":27396,""detectors_checked"":202991616}"
   7691264,         0,         0,   114.1,decoder_by_matrix,e9839e3017c9ef118c4b8aeafef39e78c11ecbdb89764e9ca676a7dc2fb6d062,"{""distance"":3,""physical_error_rate"":1e-06}","{""detection_events"":1053,""detectors_checked"":415328256}"
      3072,         0,         0,   0.130,decoder_by_matrix,5c8c81bfec719079c388cedc47a351f264c1bf769ae28a89f9b4fc7719fea501,"{""distance"":3,""physical_error_rate"":0.0005}","{""detection_events"":198,""detectors_checked"":165888}"
      3072,         0,         0,   0.130,decoder_by_matrix,5c8c81bfec719079c388cedc47a351f264c1bf769ae28a89f9b4fc7719fea501,"{""distance"":3,""physical_error_rate"":0.0005}","{""detection_events"":225,""detectors_checked"":165888}"
      4096,         0,         0,   0.130,decoder_by_matrix,beec9fd12293a9cfe53c9b61fb8ce2a525e4eed38fa75d132d6dc64699336876,"{""distance"":3,""physical_error_rate"":0.0001}","{""detection_events"":69,""detectors_checked"":221184}"
      3072,         0,         0,   0.130,decoder_by_matrix,beec9fd12293a9cfe53c9b61fb8ce2a525e4eed38fa75d132d6dc64699336876,"{""distance"":3,""physical_error_rate"":0.0001}","{""detection_events"":54,""detectors_checked"":165888}"
   3140608,         1,         0,   116.7,decoder_by_matrix,beec9fd12293a9cfe53c9b61fb8ce2a525e4eed38fa75d132d6dc64699336876,"{""distance"":3,""physical_error_rate"":0.0001}","{""detection_events"":46200,""detectors_checked"":169592832,""obs_mistake_mask=E"":1}"
   3759104,         0,         0,   116.3,decoder_by_matrix,36e3cd26fed5ec7649ec51fb08c1a5e7d7f30e615782d954fee045c18a4962ca,"{""distance"":3,""physical_error_rate"":5e-05}","{""detection_events"":27369,""detectors_checked"":202991616}"
   3122176,         5,         0,   116.2,decoder_by_matrix,beec9fd12293a9cfe53c9b61fb8ce2a525e4eed38fa75d132d6dc64699336876,"{""distance"":3,""physical_error_rate"":0.0001}","{""detection_events"":45498,""detectors_checked"":168597504,""obs_mistake_mask=E"":5}"
   2814976,        44,         0,   118.0,decoder_by_matrix,5c8c81bfec719079c388cedc47a351f264c1bf769ae28a89f9b4fc7719fea501,"{""distance"":3,""physical_error_rate"":0.0005}","{""detection_events"":206286,""detectors_checked"":152008704,""obs_mistake_mask=E"":44}"
      3072,         0,         0,   0.125,decoder_by_matrix,5c8c81bfec719079c388cedc47a351f264c1bf769ae28a89f9b4fc7719fea501,"{""distance"":3,""physical_error_rate"":0.0005}","{""detection_events"":201,""detectors_checked"":165888}"
      3072,         0,         0,   0.125,decoder_by_matrix,5c8c81bfec719079c388cedc47a351f264c1bf769ae28a89f9b4fc7719fea501,"{""distance"":3,""physical_error_rate"":0.0005}","{""detection_events"":213,""detectors_checked"":165888}"
      3072,         0,         0,   0.125,decoder_by_matrix,beec9fd12293a9cfe53c9b61fb8ce2a525e4eed38fa75d132d6dc64699336876,"{""distance"":3,""physical_error_rate"":0.0001}","{""detection_events"":99,""detectors_checked"":165888}"
   6878208,         0,         0,   115.7,decoder_by_matrix,560c721f87db01d4cacf7dcb7d8812fecde61e9e7776d4b9e1b1a792578ecad7,"{""distance"":3,""physical_error_rate"":5e-06}","{""detection_events"":4737,""detectors_checked"":371423232}"
      3072,         0,         0,   0.129,decoder_by_matrix,beec9fd12293a9cfe53c9b61fb8ce2a525e4eed38fa75d132d6dc64699336876,"{""distance"":3,""physical_error_rate"":0.0001}","{""detection_events"":24,""detectors_checked"":165888}"
      2048,         0,         0,   0.128,decoder_by_matrix,5c8c81bfec719079c388cedc47a351f264c1bf769ae28a89f9b4fc7719fea501,"{""distance"":3,""physical_error_rate"":0.0005}","{""detection_events"":186,""detectors_checked"":110592}"
      3072,         0,         0,   0.129,decoder_by_matrix,5c8c81bfec719079c388cedc47a351f264c1bf769ae28a89f9b4fc7719fea501,"{""distance"":3,""physical_error_rate"":0.0005}","{""detection_events"":231,""detectors_checked"":165888}"
      4096,         0,         0,   0.128,decoder_by_matrix,beec9fd12293a9cfe53c9b61fb8ce2a525e4eed38fa75d132d6dc64699336876,"{""distance"":3,""physical_error_rate"":0.0001}","{""detection_events"":24,""detectors_checked"":221184}"
      3072,         0,         0,   0.128,decoder_by_matrix,beec9fd12293a9cfe53c9b61fb8ce2a525e4eed38fa75d132d6dc64699336876,"{""distance"":3,""physical_error_rate"":0.0001}","{""detection_events"":24,""detectors_checked"":165888}"
      3072,         0,         0,   0.112,decoder_by_matrix,5c8c81bfec719079c388cedc47a351f264c1bf769ae28a89f9b4fc7719fea501,"{""distance"":3,""physical_error_rate"":0.0005}","{""detection_events"":216,""detectors_checked"":165888}"
      3072,         0,         0,   0.129,decoder_by_matrix,5c8c81bfec719079c388cedc47a351f264c1bf769ae28a89f9b4fc7719fea501,"{""distance"":3,""physical_error_rate"":0.0005}","{""detection_events"":252,""detectors_checked"":165888}"
      3072,         0,         0,   0.129,decoder_by_matrix,beec9fd12293a9cfe53c9b61fb8ce2a525e4eed38fa75d132d6dc64699336876,"{""distance"":3,""physical_error_rate"":0.0001}","{""detection_events"":93,""detectors_checked"":165888}"
      3072,         0,         0,   0.129,decoder_by_matrix,beec9fd12293a9cfe53c9b61fb8ce2a525e4eed38fa75d132d6dc64699336876,"{""distance"":3,""physical_error_rate"":0.0001}","{""detection_events"":54,""detectors_checked"":165888}"
      3072,         0,         0,   0.153,decoder_by_matrix,5c8c81bfec719079c388cedc47a351f264c1bf769ae28a89f9b4fc7719fea501,"{""distance"":3,""physical_error_rate"":0.0005}","{""detection_events"":264,""detectors_checked"":165888}"
      6144,         0,         0,   0.261,decoder_by_matrix,5c8c81bfec719079c388cedc47a351f264c1bf769ae28a89f9b4fc7719fea501,"{""distance"":3,""physical_error_rate"":0.0005}","{""detection_events"":315,""detectors_checked"":331776}"
      7168,         0,         0,   0.262,decoder_by_matrix,beec9fd12293a9cfe53c9b61fb8ce2a525e4eed38fa75d132d6dc64699336876,"{""distance"":3,""physical_error_rate"":0.0001}","{""detection_events"":120,""detectors_checked"":387072}"
      7168,         0,         0,   0.258,decoder_by_matrix,beec9fd12293a9cfe53c9b61fb8ce2a525e4eed38fa75d132d6dc64699336876,"{""distance"":3,""physical_error_rate"":0.0001}","{""detection_events"":105,""detectors_checked"":387072}"
      6144,         1,         0,   0.234,decoder_by_matrix,5c8c81bfec719079c388cedc47a351f264c1bf769ae28a89f9b4fc7719fea501,"{""distance"":3,""physical_error_rate"":0.0005}","{""detection_events"":531,""detectors_checked"":331776,""obs_mistake_mask=E"":1}"
      6144,         0,         0,   0.245,decoder_by_matrix,beec9fd12293a9cfe53c9b61fb8ce2a525e4eed38fa75d132d6dc64699336876,"{""distance"":3,""physical_error_rate"":0.0001}","{""detection_events"":81,""detectors_checked"":331776}"
      6144,         0,         0,   0.262,decoder_by_matrix,5c8c81bfec719079c388cedc47a351f264c1bf769ae28a89f9b4fc7719fea501,"{""distance"":3,""physical_error_rate"":0.0005}","{""detection_events"":462,""detectors_checked"":331776}"
      7168,         0,         0,   0.258,decoder_by_matrix,beec9fd12293a9cfe53c9b61fb8ce2a525e4eed38fa75d132d6dc64699336876,"{""distance"":3,""physical_error_rate"":0.0001}","{""detection_events"":75,""detectors_checked"":387072}"
      8192,         1,         0,   0.388,decoder_by_matrix,5c8c81bfec719079c388cedc47a351f264c1bf769ae28a89f9b4fc7719fea501,"{""distance"":3,""physical_error_rate"":0.0005}","{""detection_events"":573,""detectors_checked"":442368,""obs_mistake_mask=E"":1}"
      9216,         0,         0,   0.381,decoder_by_matrix,5c8c81bfec719079c388cedc47a351f264c1bf769ae28a89f9b4fc7719fea501,"{""distance"":3,""physical_error_rate"":0.0005}","{""detection_events"":648,""detectors_checked"":497664}"
     10240,         0,         0,   0.381,decoder_by_matrix,beec9fd12293a9cfe53c9b61fb8ce2a525e4eed38fa75d132d6dc64699336876,"{""distance"":3,""physical_error_rate"":0.0001}","{""detection_events"":75,""detectors_checked"":552960}"
      9216,         0,         0,   0.415,decoder_by_matrix,beec9fd12293a9cfe53c9b61fb8ce2a525e4eed38fa75d132d6dc64699336876,"{""distance"":3,""physical_error_rate"":0.0001}","{""detection_events"":153,""detectors_checked"":497664}"
     12288,         0,         0,   0.532,decoder_by_matrix,5c8c81bfec719079c388cedc47a351f264c1bf769ae28a89f9b4fc7719fea501,"{""distance"":3,""physical_error_rate"":0.0005}","{""detection_events"":915,""detectors_checked"":663552}"
      9216,         0,         0,   0.415,decoder_by_matrix,5c8c81bfec719079c388cedc47a351f264c1bf769ae28a89f9b4fc7719fea501,"{""distance"":3,""physical_error_rate"":0.0005}","{""detection_events"":783,""detectors_checked"":497664}"
     10240,         0,         0,   0.406,decoder_by_matrix,beec9fd12293a9cfe53c9b61fb8ce2a525e4eed38fa75d132d6dc64699336876,"{""distance"":3,""physical_error_rate"":0.0001}","{""detection_events"":123,""detectors_checked"":552960}"
     12288,         0,         0,   0.498,decoder_by_matrix,beec9fd12293a9cfe53c9b61fb8ce2a525e4eed38fa75d132d6dc64699336876,"{""distance"":3,""physical_error_rate"":0.0001}","{""detection_events"":159,""detectors_checked"":663552}"
     15360,         1,         0,   0.505,decoder_by_matrix,5c8c81bfec719079c388cedc47a351f264c1bf769ae28a89f9b4fc7719fea501,"{""distance"":3,""physical_error_rate"":0.0005}","{""detection_events"":1206,""detectors_checked"":829440,""obs_mistake_mask=E"":1}"
     16384,         0,         0,   0.633,decoder_by_matrix,beec9fd12293a9cfe53c9b61fb8ce2a525e4eed38fa75d132d6dc64699336876,"{""distance"":3,""physical_error_rate"":0.0001}","{""detection_events"":198,""detectors_checked"":884736}"
     15360,         0,         0,   0.658,decoder_by_matrix,5c8c81bfec719079c388cedc47a351f264c1bf769ae28a89f9b4fc7719fea501,"{""distance"":3,""physical_error_rate"":0.0005}","{""detection_events"":1206,""detectors_checked"":829440}"
     18432,         0,         0,   0.666,decoder_by_matrix,beec9fd12293a9cfe53c9b61fb8ce2a525e4eed38fa75d132d6dc64699336876,"{""distance"":3,""physical_error_rate"":0.0001}","{""detection_events"":186,""detectors_checked"":995328}"
     20480,         0,         0,   0.793,decoder_by_matrix,beec9fd12293a9cfe53c9b61fb8ce2a525e4eed38fa75d132d6dc64699336876,"{""distance"":3,""physical_error_rate"":0.0001}","{""detection_events"":282,""detectors_checked"":1105920}"
     21504,         0,         0,   0.794,decoder_by_matrix,5c8c81bfec719079c388cedc47a351f264c1bf769ae28a89f9b4fc7719fea501,"{""distance"":3,""physical_error_rate"":0.0005}","{""detection_events"":1536,""detectors_checked"":1161216}"
     21504,         1,         0,   0.895,decoder_by_matrix,5c8c81bfec719079c388cedc47a351f264c1bf769ae28a89f9b4fc7719fea501,"{""distance"":3,""physical_error_rate"":0.0005}","{""detection_events"":1761,""detectors_checked"":1161216,""obs_mistake_mask=E"":1}"
     20480,         0,         0,   0.796,decoder_by_matrix,beec9fd12293a9cfe53c9b61fb8ce2a525e4eed38fa75d132d6dc64699336876,"{""distance"":3,""physical_error_rate"":0.0001}","{""detection_events"":309,""detectors_checked"":1105920}"
     28672,         0,         0,    1.19,decoder_by_matrix,beec9fd12293a9cfe53c9b61fb8ce2a525e4eed38fa75d132d6dc64699336876,"{""distance"":3,""physical_error_rate"":0.0001}","{""detection_events"":375,""detectors_checked"":1548288}"
     26624,         0,         0,    1.03,decoder_by_matrix,5c8c81bfec719079c388cedc47a351f264c1bf769ae28a89f9b4fc7719fea501,"{""distance"":3,""physical_error_rate"":0.0005}","{""detection_events"":1977,""detectors_checked"":1437696}"
     26624,         0,         0,    1.16,decoder_by_matrix,5c8c81bfec719079c388cedc47a351f264c1bf769ae28a89f9b4fc7719fea501,"{""distance"":3,""physical_error_rate"":0.0005}","{""detection_events"":2121,""detectors_checked"":1437696}"
     29696,         0,         0,    1.16,decoder_by_matrix,beec9fd12293a9cfe53c9b61fb8ce2a525e4eed38fa75d132d6dc64699336876,"{""distance"":3,""physical_error_rate"":0.0001}","{""detection_events"":483,""detectors_checked"":1603584}"
     43008,         0,         0,    1.60,decoder_by_matrix,beec9fd12293a9cfe53c9b61fb8ce2a525e4eed38fa75d132d6dc64699336876,"{""distance"":3,""physical_error_rate"":0.0001}","{""detection_events"":744,""detectors_checked"":2322432}"
     36864,         0,         0,    1.57,decoder_by_matrix,5c8c81bfec719079c388cedc47a351f264c1bf769ae28a89f9b4fc7719fea501,"{""distance"":3,""physical_error_rate"":0.0005}","{""detection_events"":2499,""detectors_checked"":1990656}"
     37888,         2,         0,    1.36,decoder_by_matrix,5c8c81bfec719079c388cedc47a351f264c1bf769ae28a89f9b4fc7719fea501,"{""distance"":3,""physical_error_rate"":0.0005}","{""detection_events"":2787,""detectors_checked"":2045952,""obs_mistake_mask=E"":2}"
     43008,         0,         0,    1.65,decoder_by_matrix,beec9fd12293a9cfe53c9b61fb8ce2a525e4eed38fa75d132d6dc64699336876,"{""distance"":3,""physical_error_rate"":0.0001}","{""detection_events"":585,""detectors_checked"":2322432}"
     58368,         0,         0,    2.18,decoder_by_matrix,beec9fd12293a9cfe53c9b61fb8ce2a525e4eed38fa75d132d6dc64699336876,"{""distance"":3,""physical_error_rate"":0.0001}","{""detection_events"":885,""detectors_checked"":3151872}"
     54272,         0,         0,    2.17,decoder_by_matrix,5c8c81bfec719079c388cedc47a351f264c1bf769ae28a89f9b4fc7719fea501,"{""distance"":3,""physical_error_rate"":0.0005}","{""detection_events"":3903,""detectors_checked"":2930688}"
     54272,         0,         0,    2.29,decoder_by_matrix,5c8c81bfec719079c388cedc47a351f264c1bf769ae28a89f9b4fc7719fea501,"{""distance"":3,""physical_error_rate"":0.0005}","{""detection_events"":4068,""detectors_checked"":2930688}"
     59392,         0,         0,    2.17,decoder_by_matrix,beec9fd12293a9cfe53c9b61fb8ce2a525e4eed38fa75d132d6dc64699336876,"{""distance"":3,""physical_error_rate"":0.0001}","{""detection_events"":924,""detectors_checked"":3207168}"
     81920,         0,         0,    3.16,decoder_by_matrix,beec9fd12293a9cfe53c9b61fb8ce2a525e4eed38fa75d132d6dc64699336876,"{""distance"":3,""physical_error_rate"":0.0001}","{""detection_events"":1167,""detectors_checked"":4423680}"
     71680,         1,         0,    3.10,decoder_by_matrix,5c8c81bfec719079c388cedc47a351f264c1bf769ae28a89f9b4fc7719fea501,"{""distance"":3,""physical_error_rate"":0.0005}","{""detection_events"":5205,""detectors_checked"":3870720,""obs_mistake_mask=E"":1}"
     72704,         1,         0,    3.10,decoder_by_matrix,5c8c81bfec719079c388cedc47a351f264c1bf769ae28a89f9b4fc7719fea501,"{""distance"":3,""physical_error_rate"":0.0005}","{""detection_events"":5376,""detectors_checked"":3926016,""obs_mistake_mask=E"":1}"
     78848,         0,         0,    2.95,decoder_by_matrix,beec9fd12293a9cfe53c9b61fb8ce2a525e4eed38fa75d132d6dc64699336876,"{""distance"":3,""physical_error_rate"":0.0001}","{""detection_events"":1086,""detectors_checked"":4257792}"
    116736,         1,         0,    4.20,decoder_by_matrix,beec9fd12293a9cfe53c9b61fb8ce2a525e4eed38fa75d132d6dc64699336876,"{""distance"":3,""physical_error_rate"":0.0001}","{""detection_events"":1542,""detectors_checked"":6303744,""obs_mistake_mask=E"":1}"
    100352,         1,         0,    4.27,decoder_by_matrix,5c8c81bfec719079c388cedc47a351f264c1bf769ae28a89f9b4fc7719fea501,"{""distance"":3,""physical_error_rate"":0.0005}","{""detection_events"":7338,""detectors_checked"":5419008,""obs_mistake_mask=E"":1}"
    103424,         2,         0,    4.39,decoder_by_matrix,5c8c81bfec719079c388cedc47a351f264c1bf769ae28a89f9b4fc7719fea501,"{""distance"":3,""physical_error_rate"":0.0005}","{""detection_events"":7971,""detectors_checked"":5584896,""obs_mistake_mask=E"":2}"
    114688,         0,         0,    4.22,decoder_by_matrix,beec9fd12293a9cfe53c9b61fb8ce2a525e4eed38fa75d132d6dc64699336876,"{""distance"":3,""physical_error_rate"":0.0001}","{""detection_events"":1497,""detectors_checked"":6193152}"
    159744,         0,         0,    5.91,decoder_by_matrix,beec9fd12293a9cfe53c9b61fb8ce2a525e4eed38fa75d132d6dc64699336876,"{""distance"":3,""physical_error_rate"":0.0001}","{""detection_events"":2418,""detectors_checked"":8626176}"
    143360,         2,         0,    6.06,decoder_by_matrix,5c8c81bfec719079c388cedc47a351f264c1bf769ae28a89f9b4fc7719fea501,"{""distance"":3,""physical_error_rate"":0.0005}","{""detection_events"":10371,""detectors_checked"":7741440,""obs_mistake_mask=E"":2}"
    141312,         4,         0,    6.02,decoder_by_matrix,5c8c81bfec719079c388cedc47a351f264c1bf769ae28a89f9b4fc7719fea501,"{""distance"":3,""physical_error_rate"":0.0005}","{""detection_events"":10089,""detectors_checked"":7630848,""obs_mistake_mask=E"":4}"
    158720,         0,         0,    5.89,decoder_by_matrix,beec9fd12293a9cfe53c9b61fb8ce2a525e4eed38fa75d132d6dc64699336876,"{""distance"":3,""physical_error_rate"":0.0001}","{""detection_events"":2430,""detectors_checked"":8570880}"
   7652352,         0,         0,   114.6,decoder_by_matrix,e9839e3017c9ef118c4b8aeafef39e78c11ecbdb89764e9ca676a7dc2fb6d062,"{""distance"":3,""physical_error_rate"":1e-06}","{""detection_events"":1092,""detectors_checked"":413227008}"
    218112,         0,         0,    8.34,decoder_by_matrix,beec9fd12293a9cfe53c9b61fb8ce2a525e4eed38fa75d132d6dc64699336876,"{""distance"":3,""physical_error_rate"":0.0001}","{""detection_events"":2907,""detectors_checked"":11778048}"
   6075392,         0,         0,   117.0,decoder_by_matrix,e25b8d07214a8afb95d354611a83b9bb1ded39644e323a8585b3aabf687a4fff,"{""distance"":3,""physical_error_rate"":1e-05}","{""detection_events"":8505,""detectors_checked"":328071168}"
    197632,         5,         0,    8.08,decoder_by_matrix,5c8c81bfec719079c388cedc47a351f264c1bf769ae28a89f9b4fc7719fea501,"{""distance"":3,""physical_error_rate"":0.0005}","{""detection_events"":15030,""detectors_checked"":10672128,""obs_mistake_mask=E"":5}"
    198656,         2,         0,    8.09,decoder_by_matrix,5c8c81bfec719079c388cedc47a351f264c1bf769ae28a89f9b4fc7719fea501,"{""distance"":3,""physical_error_rate"":0.0005}","{""detection_events"":13536,""detectors_checked"":10727424,""obs_mistake_mask=E"":2}"
    222208,         0,         0,    8.40,decoder_by_matrix,beec9fd12293a9cfe53c9b61fb8ce2a525e4eed38fa75d132d6dc64699336876,"{""distance"":3,""physical_error_rate"":0.0001}","{""detection_events"":3012,""detectors_checked"":11999232}"
   6774784,         0,         0,   114.1,decoder_by_matrix,560c721f87db01d4cacf7dcb7d8812fecde61e9e7776d4b9e1b1a792578ecad7,"{""distance"":3,""physical_error_rate"":5e-06}","{""detection_events"":4911,""detectors_checked"":365838336}"
   3731456,         1,         0,   117.9,decoder_by_matrix,36e3cd26fed5ec7649ec51fb08c1a5e7d7f30e615782d954fee045c18a4962ca,"{""distance"":3,""physical_error_rate"":5e-05}","{""detection_events"":27990,""detectors_checked"":201498624,""obs_mistake_mask=E"":1}"
    311296,         0,         0,    11.6,decoder_by_matrix,beec9fd12293a9cfe53c9b61fb8ce2a525e4eed38fa75d132d6dc64699336876,"{""distance"":3,""physical_error_rate"":0.0001}","{""detection_events"":4668,""detectors_checked"":16809984}"
    307200,         0,         0,    11.3,decoder_by_matrix,beec9fd12293a9cfe53c9b61fb8ce2a525e4eed38fa75d132d6dc64699336876,"{""distance"":3,""physical_error_rate"":0.0001}","{""detection_events"":4605,""detectors_checked"":16588800}"
    275456,         3,         0,    11.6,decoder_by_matrix,5c8c81bfec719079c388cedc47a351f264c1bf769ae28a89f9b4fc7719fea501,"{""distance"":3,""physical_error_rate"":0.0005}","{""detection_events"":20700,""detectors_checked"":14874624,""obs_mistake_mask=E"":3}"
    275456,         6,         0,    11.5,decoder_by_matrix,5c8c81bfec719079c388cedc47a351f264c1bf769ae28a89f9b4fc7719fea501,"{""distance"":3,""physical_error_rate"":0.0005}","{""detection_events"":20433,""detectors_checked"":14874624,""obs_mistake_mask=E"":6}"
    429056,         0,         0,    15.6,decoder_by_matrix,beec9fd12293a9cfe53c9b61fb8ce2a525e4eed38fa75d132d6dc64699336876,"{""distance"":3,""physical_error_rate"":0.0001}","{""detection_events"":6252,""detectors_checked"":23169024}"
    388096,        10,         0,    16.1,decoder_by_matrix,5c8c81bfec719079c388cedc47a351f264c1bf769ae28a89f9b4fc7719fea501,"{""distance"":3,""physical_error_rate"":0.0005}","{""detection_events"":28068,""detectors_checked"":20957184,""obs_mistake_mask=E"":10}"
    433152,         0,         0,    16.4,decoder_by_matrix,beec9fd12293a9cfe53c9b61fb8ce2a525e4eed38fa75d132d6dc64699336876,"{""distance"":3,""physical_error_rate"":0.0001}","{""detection_events"":6585,""detectors_checked"":23390208}"
    388096,         6,         0,    16.0,decoder_by_matrix,5c8c81bfec719079c388cedc47a351f264c1bf769ae28a89f9b4fc7719fea501,"{""distance"":3,""physical_error_rate"":0.0005}","{""detection_events"":28023,""detectors_checked"":20957184,""obs_mistake_mask=E"":6}"
    538624,         5,         0,    22.5,decoder_by_matrix,5c8c81bfec719079c388cedc47a351f264c1bf769ae28a89f9b4fc7719fea501,"{""distance"":3,""physical_error_rate"":0.0005}","{""detection_events"":39471,""detectors_checked"":29085696,""obs_mistake_mask=E"":5}"
    610304,         1,         0,    22.5,decoder_by_matrix,beec9fd12293a9cfe53c9b61fb8ce2a525e4eed38fa75d132d6dc64699336876,"{""distance"":3,""physical_error_rate"":0.0001}","{""detection_events"":8490,""detectors_checked"":32956416,""obs_mistake_mask=E"":1}"
    539648,        10,         0,    22.3,decoder_by_matrix,5c8c81bfec719079c388cedc47a351f264c1bf769ae28a89f9b4fc7719fea501,"{""distance"":3,""physical_error_rate"":0.0005}","{""detection_events"":39240,""detectors_checked"":29140992,""obs_mistake_mask=E"":10}"
    598016,         1,         0,    23.0,decoder_by_matrix,beec9fd12293a9cfe53c9b61fb8ce2a525e4eed38fa75d132d6dc64699336876,"{""distance"":3,""physical_error_rate"":0.0001}","{""detection_events"":8703,""detectors_checked"":32292864,""obs_mistake_mask=E"":1}"
   5993472,         0,         0,   115.1,decoder_by_matrix,e25b8d07214a8afb95d354611a83b9bb1ded39644e323a8585b3aabf687a4fff,"{""distance"":3,""physical_error_rate"":1e-05}","{""detection_events"":8637,""detectors_checked"":323647488}"
   3755008,         0,         0,   116.7,decoder_by_matrix,36e3cd26fed5ec7649ec51fb08c1a5e7d7f30e615782d954fee045c18a4962ca,"{""distance"":3,""physical_error_rate"":5e-05}","{""detection_events"":27711,""detectors_checked"":202770432}"
   6745088,         0,         0,   115.2,decoder_by_matrix,560c721f87db01d4cacf7dcb7d8812fecde61e9e7776d4b9e1b1a792578ecad7,"{""distance"":3,""physical_error_rate"":5e-06}","{""detection_events"":4539,""detectors_checked"":364234752}"
   7680000,         0,         0,   115.9,decoder_by_matrix,e9839e3017c9ef118c4b8aeafef39e78c11ecbdb89764e9ca676a7dc2fb6d062,"{""distance"":3,""physical_error_rate"":1e-06}","{""detection_events"":1032,""detectors_checked"":414720000}"
    756736,        14,         0,    31.8,decoder_by_matrix,5c8c81bfec719079c388cedc47a351f264c1bf769ae28a89f9b4fc7719fea501,"{""distance"":3,""physical_error_rate"":0.0005}","{""detection_events"":54012,""detectors_checked"":40863744,""obs_mistake_mask=E"":14}"
    840704,         1,         0,    30.3,decoder_by_matrix,beec9fd12293a9cfe53c9b61fb8ce2a525e4eed38fa75d132d6dc64699336876,"{""distance"":3,""physical_error_rate"":0.0001}","{""detection_events"":12276,""detectors_checked"":45398016,""obs_mistake_mask=E"":1}"
    755712,        11,         0,    30.8,decoder_by_matrix,5c8c81bfec719079c388cedc47a351f264c1bf769ae28a89f9b4fc7719fea501,"{""distance"":3,""physical_error_rate"":0.0005}","{""detection_events"":56319,""detectors_checked"":40808448,""obs_mistake_mask=E"":11}"
    847872,         2,         0,    31.7,decoder_by_matrix,beec9fd12293a9cfe53c9b61fb8ce2a525e4eed38fa75d132d6dc64699336876,"{""distance"":3,""physical_error_rate"":0.0001}","{""detection_events"":11901,""detectors_checked"":45785088,""obs_mistake_mask=E"":2}"
   2793472,        47,         0,   117.3,decoder_by_matrix,5c8c81bfec719079c388cedc47a351f264c1bf769ae28a89f9b4fc7719fea501,"{""distance"":3,""physical_error_rate"":0.0005}","{""detection_events"":202284,""detectors_checked"":150847488,""obs_mistake_mask=E"":47}"
   2820096,        54,         0,   117.9,decoder_by_matrix,5c8c81bfec719079c388cedc47a351f264c1bf769ae28a89f9b4fc7719fea501,"{""distance"":3,""physical_error_rate"":0.0005}","{""detection_events"":208698,""detectors_checked"":152285184,""obs_mistake_mask=E"":54}"
   3761152,         0,         0,   116.5,decoder_by_matrix,36e3cd26fed5ec7649ec51fb08c1a5e7d7f30e615782d954fee045c18a4962ca,"{""distance"":3,""physical_error_rate"":5e-05}","{""detection_events"":27516,""detectors_checked"":203102208}"
   3147776,         1,         0,   118.3,decoder_by_matrix,beec9fd12293a9cfe53c9b61fb8ce2a525e4eed38fa75d132d6dc64699336876,"{""distance"":3,""physical_error_rate"":0.0001}","{""detection_events"":46560,""detectors_checked"":169979904,""obs_mistake_mask=E"":1}"
   6725632,         0,         0,   115.8,decoder_by_matrix,560c721f87db01d4cacf7dcb7d8812fecde61e9e7776d4b9e1b1a792578ecad7,"{""distance"":3,""physical_error_rate"":5e-06}","{""detection_events"":5175,""detectors_checked"":363184128}"
   6795264,         0,         0,   115.7,decoder_by_matrix,560c721f87db01d4cacf7dcb7d8812fecde61e9e7776d4b9e1b1a792578ecad7,"{""distance"":3,""physical_error_rate"":5e-06}","{""detection_events"":5142,""detectors_checked"":366944256}"
   6023168,         0,         0,   115.3,decoder_by_matrix,e25b8d07214a8afb95d354611a83b9bb1ded39644e323a8585b3aabf687a4fff,"{""distance"":3,""physical_error_rate"":1e-05}","{""detection_events"":8793,""detectors_checked"":325251072}"
   7716864,         0,         0,   115.7,decoder_by_matrix,e9839e3017c9ef118c4b8aeafef39e78c11ecbdb89764e9ca676a7dc2fb6d062,"{""distance"":3,""physical_error_rate"":1e-06}","{""detection_events"":1017,""detectors_checked"":416710656}"
   3121152,         2,         0,   117.1,decoder_by_matrix,beec9fd12293a9cfe53c9b61fb8ce2a525e4eed38fa75d132d6dc64699336876,"{""distance"":3,""physical_error_rate"":0.0001}","{""detection_events"":46866,""detectors_checked"":168542208,""obs_mistake_mask=E"":2}"
   6061056,         0,         0,   115.3,decoder_by_matrix,e25b8d07214a8afb95d354611a83b9bb1ded39644e323a8585b3aabf687a4fff,"{""distance"":3,""physical_error_rate"":1e-05}","{""detection_events"":8592,""detectors_checked"":327297024}"
   6007808,         0,         0,   115.5,decoder_by_matrix,e25b8d07214a8afb95d354611a83b9bb1ded39644e323a8585b3aabf687a4fff,"{""distance"":3,""physical_error_rate"":1e-05}","{""detection_events"":8817,""detectors_checked"":324421632}"
   2833408,        44,         0,   117.9,decoder_by_matrix,5c8c81bfec719079c388cedc47a351f264c1bf769ae28a89f9b4fc7719fea501,"{""distance"":3,""physical_error_rate"":0.0005}","{""detection_events"":208248,""detectors_checked"":153004032,""obs_mistake_mask=E"":44}"
   3770368,         0,         0,   117.1,decoder_by_matrix,36e3cd26fed5ec7649ec51fb08c1a5e7d7f30e615782d954fee045c18a4962ca,"{""distance"":3,""physical_error_rate"":5e-05}","{""detection_events"":27159,""detectors_checked"":203599872}"
   7655424,         0,         0,   113.0,decoder_by_matrix,e9839e3017c9ef118c4b8aeafef39e78c11ecbdb89764e9ca676a7dc2fb6d062,"{""distance"":3,""physical_error_rate"":1e-06}","{""detection_events"":1116,""detectors_checked"":413392896}"
   3713024,         1,         0,   117.4,decoder_by_matrix,36e3cd26fed5ec7649ec51fb08c1a5e7d7f30e615782d954fee045c18a4962ca,"{""distance"":3,""physical_error_rate"":5e-05}","{""detection_events"":27456,""detectors_checked"":200503296,""obs_mistake_mask=E"":1}"
   7666688,         0,         0,   115.5,decoder_by_matrix,e9839e3017c9ef118c4b8aeafef39e78c11ecbdb89764e9ca676a7dc2fb6d062,"{""distance"":3,""physical_error_rate"":1e-06}","{""detection_events"":1224,""detectors_checked"":414001152}"
   3112960,         2,         0,   117.4,decoder_by_matrix,beec9fd12293a9cfe53c9b61fb8ce2a525e4eed38fa75d132d6dc64699336876,"{""distance"":3,""physical_error_rate"":0.0001}","{""detection_events"":45807,""detectors_checked"":168099840,""obs_mistake_mask=E"":2}"
   3175424,         4,         0,   117.0,decoder_by_matrix,beec9fd12293a9cfe53c9b61fb8ce2a525e4eed38fa75d132d6dc64699336876,"{""distance"":3,""physical_error_rate"":0.0001}","{""detection_events"":46161,""detectors_checked"":171472896,""obs_mistake_mask=E"":4}"
   2818048,        45,         0,   118.2,decoder_by_matrix,5c8c81bfec719079c388cedc47a351f264c1bf769ae28a89f9b4fc7719fea501,"{""distance"":3,""physical_error_rate"":0.0005}","{""detection_events"":206571,""detectors_checked"":152174592,""obs_mistake_mask=E"":45}"
   6786048,         0,         0,   114.4,decoder_by_matrix,560c721f87db01d4cacf7dcb7d8812fecde61e9e7776d4b9e1b1a792578ecad7,"{""distance"":3,""physical_error_rate"":5e-06}","{""detection_events"":5154,""detectors_checked"":366446592}"
   7693312,         0,         0,   114.8,decoder_by_matrix,e9839e3017c9ef118c4b8aeafef39e78c11ecbdb89764e9ca676a7dc2fb6d062,"{""distance"":3,""physical_error_rate"":1e-06}","{""detection_events"":918,""detectors_checked"":415438848}"
   6062080,         0,         0,   115.8,decoder_by_matrix,e25b8d07214a8afb95d354611a83b9bb1ded39644e323a8585b3aabf687a4fff,"{""distance"":3,""physical_error_rate"":1e-05}","{""detection_events"":8502,""detectors_checked"":327352320}"
   6761472,         0,         0,   113.9,decoder_by_matrix,560c721f87db01d4cacf7dcb7d8812fecde61e9e7776d4b9e1b1a792578ecad7,"{""distance"":3,""physical_error_rate"":5e-06}","{""detection_events"":4959,""detectors_checked"":365119488}"
   3759104,         1,         0,   118.0,decoder_by_matrix,36e3cd26fed5ec7649ec51fb08c1a5e7d7f30e615782d954fee045c18a4962ca,"{""distance"":3,""physical_error_rate"":5e-05}","{""detection_events"":26991,""detectors_checked"":202991616,""obs_mistake_mask=E"":1}"
   1060864,        20,         0,    43.6,decoder_by_matrix,5c8c81bfec719079c388cedc47a351f264c1bf769ae28a89f9b4fc7719fea501,"{""distance"":3,""physical_error_rate"":0.0005}","{""detection_events"":77277,""detectors_checked"":57286656,""obs_mistake_mask=E"":20}"
   1185792,         1,         0,    44.0,decoder_by_matrix,beec9fd12293a9cfe53c9b61fb8ce2a525e4eed38fa75d132d6dc64699336876,"{""distance"":3,""physical_error_rate"":0.0001}","{""detection_events"":17916,""detectors_checked"":64032768,""obs_mistake_mask=E"":1}"
   1057792,        13,         0,    43.7,decoder_by_matrix,5c8c81bfec719079c388cedc47a351f264c1bf769ae28a89f9b4fc7719fea501,"{""distance"":3,""physical_error_rate"":0.0005}","{""detection_events"":77469,""detectors_checked"":57120768,""obs_mistake_mask=E"":13}"
   1177600,         0,         0,    44.3,decoder_by_matrix,beec9fd12293a9cfe53c9b61fb8ce2a525e4eed38fa75d132d6dc64699336876,"{""distance"":3,""physical_error_rate"":0.0001}","{""detection_events"":17550,""detectors_checked"":63590400}"
   3737600,         2,         0,   116.4,decoder_by_matrix,36e3cd26fed5ec7649ec51fb08c1a5e7d7f30e615782d954fee045c18a4962ca,"{""distance"":3,""physical_error_rate"":5e-05}","{""detection_events"":27738,""detectors_checked"":201830400,""obs_mistake_mask=E"":2}"
   6041600,         0,         0,   115.9,decoder_by_matrix,e25b8d07214a8afb95d354611a83b9bb1ded39644e323a8585b3aabf687a4fff,"{""distance"":3,""physical_error_rate"":1e-05}","{""detection_events"":8589,""detectors_checked"":326246400}"
   7680000,         0,         0,   115.6,decoder_by_matrix,e9839e3017c9ef118c4b8aeafef39e78c11ecbdb89764e9ca676a7dc2fb6d062,"{""distance"":3,""physical_error_rate"":1e-06}","{""detection_events"":1080,""detectors_checked"":414720000}"
   6723584,         0,         0,   114.9,decoder_by_matrix,560c721f87db01d4cacf7dcb7d8812fecde61e9e7776d4b9e1b1a792578ecad7,"{""distance"":3,""physical_error_rate"":5e-06}","{""detection_events"":4734,""detectors_checked"":363073536}"
   1482752,        29,         0,    61.8,decoder_by_matrix,5c8c81bfec719079c388cedc47a351f264c1bf769ae28a89f9b4fc7719fea501,"{""distance"":3,""physical_error_rate"":0.0005}","{""detection_events"":106023,""detectors_checked"":80068608,""obs_mistake_mask=E"":29}"
   1646592,         2,         0,    61.5,decoder_by_matrix,beec9fd12293a9cfe53c9b61fb8ce2a525e4eed38fa75d132d6dc64699336876,"{""distance"":3,""physical_error_rate"":0.0001}","{""detection_events"":24255,""detectors_checked"":88915968,""obs_mistake_mask=E"":2}"
   1480704,        30,         0,    61.7,decoder_by_matrix,5c8c81bfec719079c388cedc47a351f264c1bf769ae28a89f9b4fc7719fea501,"{""distance"":3,""physical_error_rate"":0.0005}","{""detection_events"":107907,""detectors_checked"":79958016,""obs_mistake_mask=E"":30}"
   1644544,         2,         0,    62.0,decoder_by_matrix,beec9fd12293a9cfe53c9b61fb8ce2a525e4eed38fa75d132d6dc64699336876,"{""distance"":3,""physical_error_rate"":0.0001}","{""detection_events"":24192,""detectors_checked"":88805376,""obs_mistake_mask=E"":2}"
   2809856,        47,         0,   117.5,decoder_by_matrix,5c8c81bfec719079c388cedc47a351f264c1bf769ae28a89f9b4fc7719fea501,"{""distance"":3,""physical_error_rate"":0.0005}","{""detection_events"":203163,""detectors_checked"":151732224,""obs_mistake_mask=E"":47}"
   2822144,        48,         0,   118.1,decoder_by_matrix,5c8c81bfec719079c388cedc47a351f264c1bf769ae28a89f9b4fc7719fea501,"{""distance"":3,""physical_error_rate"":0.0005}","{""detection_events"":203193,""detectors_checked"":152395776,""obs_mistake_mask=E"":48}"
   3136512,         2,         0,   117.7,decoder_by_matrix,beec9fd12293a9cfe53c9b61fb8ce2a525e4eed38fa75d132d6dc64699336876,"{""distance"":3,""physical_error_rate"":0.0001}","{""detection_events"":45936,""detectors_checked"":169371648,""obs_mistake_mask=E"":2}"
   3813376,         0,         0,   117.3,decoder_by_matrix,36e3cd26fed5ec7649ec51fb08c1a5e7d7f30e615782d954fee045c18a4962ca,"{""distance"":3,""physical_error_rate"":5e-05}","{""detection_events"":27558,""detectors_checked"":205922304}"
   6770688,         0,         0,   116.7,decoder_by_matrix,560c721f87db01d4cacf7dcb7d8812fecde61e9e7776d4b9e1b1a792578ecad7,"{""distance"":3,""physical_error_rate"":5e-06}","{""detection_events"":4890,""detectors_checked"":365617152}"
   6786048,         0,         0,   113.9,decoder_by_matrix,560c721f87db01d4cacf7dcb7d8812fecde61e9e7776d4b9e1b1a792578ecad7,"{""distance"":3,""physical_error_rate"":5e-06}","{""detection_events"":4854,""detectors_checked"":366446592}"
   6068224,         0,         0,   115.6,decoder_by_matrix,e25b8d07214a8afb95d354611a83b9bb1ded39644e323a8585b3aabf687a4fff,"{""distance"":3,""physical_error_rate"":1e-05}","{""detection_events"":8427,""detectors_checked"":327684096}"
   7695360,         0,         0,   115.6,decoder_by_matrix,e9839e3017c9ef118c4b8aeafef39e78c11ecbdb89764e9ca676a7dc2fb6d062,"{""distance"":3,""physical_error_rate"":1e-06}","{""detection_events"":1080,""detectors_checked"":415549440}"
   3155968,         1,         0,   117.1,decoder_by_matrix,beec9fd12293a9cfe53c9b61fb8ce2a525e4eed38fa75d132d6dc64699336876,"{""distance"":3,""physical_error_rate"":0.0001}","{""detection_events"":44907,""detectors_checked"":170422272,""obs_mistake_mask=E"":1}"
   6029312,         0,         0,   117.1,decoder_by_matrix,e25b8d07214a8afb95d354611a83b9bb1ded39644e323a8585b3aabf687a4fff,"{""distance"":3,""physical_error_rate"":1e-05}","{""detection_events"":9162,""detectors_checked"":325582848}"
   5968896,         0,         0,   116.2,decoder_by_matrix,e25b8d07214a8afb95d354611a83b9bb1ded39644e323a8585b3aabf687a4fff,"{""distance"":3,""physical_error_rate"":1e-05}","{""detection_events"":8946,""detectors_checked"":322320384}"
   7687168,         0,         0,   113.6,decoder_by_matrix,e9839e3017c9ef118c4b8aeafef39e78c11ecbdb89764e9ca676a7dc2fb6d062,"{""distance"":3,""physical_error_rate"":1e-06}","{""detection_events"":1128,""detectors_checked"":415107072}"
   2831360,        45,         0,   117.0,decoder_by_matrix,5c8c81bfec719079c388cedc47a351f264c1bf769ae28a89f9b4fc7719fea501,"{""distance"":3,""physical_error_rate"":0.0005}","{""detection_events"":208344,""detectors_checked"":152893440,""obs_mistake_mask=E"":45}"
   3771392,         0,         0,   116.8,decoder_by_matrix,36e3cd26fed5ec7649ec51fb08c1a5e7d7f30e615782d954fee045c18a4962ca,"{""distance"":3,""physical_error_rate"":5e-05}","{""detection_events"":27270,""detectors_checked"":203655168}"
   3780608,         2,         0,   116.2,decoder_by_matrix,36e3cd26fed5ec7649ec51fb08c1a5e7d7f30e615782d954fee045c18a4962ca,"{""distance"":3,""physical_error_rate"":5e-05}","{""detection_events"":27240,""detectors_checked"":204152832,""obs_mistake_mask=E"":2}"
   7698432,         0,         0,   114.9,decoder_by_matrix,e9839e3017c9ef118c4b8aeafef39e78c11ecbdb89764e9ca676a7dc2fb6d062,"{""distance"":3,""physical_error_rate"":1e-06}","{""detection_events"":1173,""detectors_checked"":415715328}"
   3112960,         2,         0,   117.4,decoder_by_matrix,beec9fd12293a9cfe53c9b61fb8ce2a525e4eed38fa75d132d6dc64699336876,"{""distance"":3,""physical_error_rate"":0.0001}","{""detection_events"":46122,""detectors_checked"":168099840,""obs_mistake_mask=E"":2}"
   2813952,        47,         0,   117.8,decoder_by_matrix,5c8c81bfec719079c388cedc47a351f264c1bf769ae28a89f9b4fc7719fea501,"{""distance"":3,""physical_error_rate"":0.0005}","{""detection_events"":205419,""detectors_checked"":151953408,""obs_mistake_mask=E"":47}"
   3164160,         1,         0,   118.4,decoder_by_matrix,beec9fd12293a9cfe53c9b61fb8ce2a525e4eed38fa75d132d6dc64699336876,"{""distance"":3,""physical_error_rate"":0.0001}","{""detection_events"":46284,""detectors_checked"":170864640,""obs_mistake_mask=E"":1}"
   6792192,         0,         0,   114.8,decoder_by_matrix,560c721f87db01d4cacf7dcb7d8812fecde61e9e7776d4b9e1b1a792578ecad7,"{""distance"":3,""physical_error_rate"":5e-06}","{""detection_events"":5259,""detectors_checked"":366778368}"
   7649280,         0,         0,   114.4,decoder_by_matrix,e9839e3017c9ef118c4b8aeafef39e78c11ecbdb89764e9ca676a7dc2fb6d062,"{""distance"":3,""physical_error_rate"":1e-06}","{""detection_events"":1149,""detectors_checked"":413061120}"
   5989376,         0,         0,   116.2,decoder_by_matrix,e25b8d07214a8afb95d354611a83b9bb1ded39644e323a8585b3aabf687a4fff,"{""distance"":3,""physical_error_rate"":1e-05}","{""detection_events"":9270,""detectors_checked"":323426304}"
   3736576,         0,         0,   117.6,decoder_by_matrix,36e3cd26fed5ec7649ec51fb08c1a5e7d7f30e615782d954fee045c18a4962ca,"{""distance"":3,""physical_error_rate"":5e-05}","{""detection_events"":27321,""detectors_checked"":201775104}"
   6834176,         0,         0,   116.2,decoder_by_matrix,560c721f87db01d4cacf7dcb7d8812fecde61e9e7776d4b9e1b1a792578ecad7,"{""distance"":3,""physical_error_rate"":5e-06}","{""detection_events"":4671,""detectors_checked"":369045504}"
   2074624,        44,         0,    86.3,decoder_by_matrix,5c8c81bfec719079c388cedc47a351f264c1bf769ae28a89f9b4fc7719fea501,"{""distance"":3,""physical_error_rate"":0.0005}","{""detection_events"":151578,""detectors_checked"":112029696,""obs_mistake_mask=E"":44}"
   2313216,         3,         0,    84.3,decoder_by_matrix,beec9fd12293a9cfe53c9b61fb8ce2a525e4eed38fa75d132d6dc64699336876,"{""distance"":3,""physical_error_rate"":0.0001}","{""detection_events"":32658,""detectors_checked"":124913664,""obs_mistake_mask=E"":3}"
   2070528,        31,         0,    86.4,decoder_by_matrix,5c8c81bfec719079c388cedc47a351f264c1bf769ae28a89f9b4fc7719fea501,"{""distance"":3,""physical_error_rate"":0.0005}","{""detection_events"":150987,""detectors_checked"":111808512,""obs_mistake_mask=E"":31}"
   2299904,         1,         0,    85.8,decoder_by_matrix,beec9fd12293a9cfe53c9b61fb8ce2a525e4eed38fa75d132d6dc64699336876,"{""distance"":3,""physical_error_rate"":0.0001}","{""detection_events"":33696,""detectors_checked"":124194816,""obs_mistake_mask=E"":1}"
   3752960,         2,         0,   117.8,decoder_by_matrix,36e3cd26fed5ec7649ec51fb08c1a5e7d7f30e615782d954fee045c18a4962ca,"{""distance"":3,""physical_error_rate"":5e-05}","{""detection_events"":27612,""detectors_checked"":202659840,""obs_mistake_mask=E"":2}"
   5981184,         0,         0,   116.0,decoder_by_matrix,e25b8d07214a8afb95d354611a83b9bb1ded39644e323a8585b3aabf687a4fff,"{""distance"":3,""physical_error_rate"":1e-05}","{""detection_events"":8625,""detectors_checked"":322983936}"
   7639040,         0,         0,   114.5,decoder_by_matrix,e9839e3017c9ef118c4b8aeafef39e78c11ecbdb89764e9ca676a7dc2fb6d062,"{""distance"":3,""physical_error_rate"":1e-06}","{""detection_events"":1146,""detectors_checked"":412508160}"
   6703104,         0,         0,   116.6,decoder_by_matrix,560c721f87db01d4cacf7dcb7d8812fecde61e9e7776d4b9e1b1a792578ecad7,"{""distance"":3,""physical_error_rate"":5e-06}","{""detection_events"":4788,""detectors_checked"":361967616}"
   2805760,        58,         0,   115.5,decoder_by_matrix,5c8c81bfec719079c388cedc47a351f264c1bf769ae28a89f9b4fc7719fea501,"{""distance"":3,""physical_error_rate"":0.0005}","{""detection_events"":203163,""detectors_checked"":151511040,""obs_mistake_mask=E"":58}"
   2820096,        48,         0,   116.9,decoder_by_matrix,5c8c81bfec719079c388cedc47a351f264c1bf769ae28a89f9b4fc7719fea501,"{""distance"":3,""physical_error_rate"":0.0005}","{""detection_events"":206073,""detectors_checked"":152285184,""obs_mistake_mask=E"":48}"
   3150848,         4,         0,   117.0,decoder_by_matrix,beec9fd12293a9cfe53c9b61fb8ce2a525e4eed38fa75d132d6dc64699336876,"{""distance"":3,""physical_error_rate"":0.0001}","{""detection_events"":45753,""detectors_checked"":170145792,""obs_mistake_mask=E"":4}"
   3739648,         0,         0,   117.0,decoder_by_matrix,36e3cd26fed5ec7649ec51fb08c1a5e7d7f30e615782d954fee045c18a4962ca,"{""distance"":3,""physical_error_rate"":5e-05}","{""detection_events"":27147,""detectors_checked"":201940992}"
   6777856,         0,         0,   115.9,decoder_by_matrix,560c721f87db01d4cacf7dcb7d8812fecde61e9e7776d4b9e1b1a792578ecad7,"{""distance"":3,""physical_error_rate"":5e-06}","{""detection_events"":4749,""detectors_checked"":366004224}"
   6001664,         0,         0,   115.3,decoder_by_matrix,e25b8d07214a8afb95d354611a83b9bb1ded39644e323a8585b3aabf687a4fff,"{""distance"":3,""physical_error_rate"":1e-05}","{""detection_events"":8877,""detectors_checked"":324089856}"
   6808576,         0,         0,   114.7,decoder_by_matrix,560c721f87db01d4cacf7dcb7d8812fecde61e9e7776d4b9e1b1a792578ecad7,"{""distance"":3,""physical_error_rate"":5e-06}","{""detection_events"":5121,""detectors_checked"":367663104}"
   7681024,         0,         0,   115.3,decoder_by_matrix,e9839e3017c9ef118c4b8aeafef39e78c11ecbdb89764e9ca676a7dc2fb6d062,"{""distance"":3,""physical_error_rate"":1e-06}","{""detection_events"":1161,""detectors_checked"":414775296}"
   6050816,         1,         0,   115.5,decoder_by_matrix,e25b8d07214a8afb95d354611a83b9bb1ded39644e323a8585b3aabf687a4fff,"{""distance"":3,""physical_error_rate"":1e-05}","{""detection_events"":8412,""detectors_checked"":326744064,""obs_mistake_mask=E"":1}"
   3150848,         2,         0,   116.9,decoder_by_matrix,beec9fd12293a9cfe53c9b61fb8ce2a525e4eed38fa75d132d6dc64699336876,"{""distance"":3,""physical_error_rate"":0.0001}","{""detection_events"":45486,""detectors_checked"":170145792,""obs_mistake_mask=E"":2}"
   6033408,         0,         0,   114.7,decoder_by_matrix,e25b8d07214a8afb95d354611a83b9bb1ded39644e323a8585b3aabf687a4fff,"{""distance"":3,""physical_error_rate"":1e-05}","{""detection_events"":8991,""detectors_checked"":325804032}"
   7671808,         0,         0,   114.9,decoder_by_matrix,e9839e3017c9ef118c4b8aeafef39e78c11ecbdb89764e9ca676a7dc2fb6d062,"{""distance"":3,""physical_error_rate"":1e-06}","{""detection_events"":1107,""detectors_checked"":414277632}"
   2832384,        52,         0,   117.4,decoder_by_matrix,5c8c81bfec719079c388cedc47a351f264c1bf769ae28a89f9b4fc7719fea501,"{""distance"":3,""physical_error_rate"":0.0005}","{""detection_events"":205401,""detectors_checked"":152948736,""obs_mistake_mask=E"":52}"
   3749888,         0,         0,   116.2,decoder_by_matrix,36e3cd26fed5ec7649ec51fb08c1a5e7d7f30e615782d954fee045c18a4962ca,"{""distance"":3,""physical_error_rate"":5e-05}","{""detection_events"":27441,""detectors_checked"":202493952}"
   3724288,         0,         0,   117.2,decoder_by_matrix,36e3cd26fed5ec7649ec51fb08c1a5e7d7f30e615782d954fee045c18a4962ca,"{""distance"":3,""physical_error_rate"":5e-05}","{""detection_events"":27624,""detectors_checked"":201111552}"
   3143680,         2,         0,   118.2,decoder_by_matrix,beec9fd12293a9cfe53c9b61fb8ce2a525e4eed38fa75d132d6dc64699336876,"{""distance"":3,""physical_error_rate"":0.0001}","{""detection_events"":46236,""detectors_checked"":169758720,""obs_mistake_mask=E"":2}"
   7654400,         0,         0,   114.2,decoder_by_matrix,e9839e3017c9ef118c4b8aeafef39e78c11ecbdb89764e9ca676a7dc2fb6d062,"{""distance"":3,""physical_error_rate"":1e-06}","{""detection_events"":1242,""detectors_checked"":413337600}"
   3124224,         1,         0,   118.0,decoder_by_matrix,beec9fd12293a9cfe53c9b61fb8ce2a525e4eed38fa75d132d6dc64699336876,"{""distance"":3,""physical_error_rate"":0.0001}","{""detection_events"":46845,""detectors_checked"":168708096,""obs_mistake_mask=E"":1}"
   2813952,        39,         0,   117.4,decoder_by_matrix,5c8c81bfec719079c388cedc47a351f264c1bf769ae28a89f9b4fc7719fea501,"{""distance"":3,""physical_error_rate"":0.0005}","{""detection_events"":205404,""detectors_checked"":151953408,""obs_mistake_mask=E"":39}"
   6778880,         0,         0,   115.2,decoder_by_matrix,560c721f87db01d4cacf7dcb7d8812fecde61e9e7776d4b9e1b1a792578ecad7,"{""distance"":3,""physical_error_rate"":5e-06}","{""detection_events"":5121,""detectors_checked"":366059520}"
   7651328,         0,         0,   114.6,decoder_by_matrix,e9839e3017c9ef118c4b8aeafef39e78c11ecbdb89764e9ca676a7dc2fb6d062,"{""distance"":3,""physical_error_rate"":1e-06}","{""detection_events"":1143,""detectors_checked"":413171712}"
   5955584,         0,         0,   114.7,decoder_by_matrix,e25b8d07214a8afb95d354611a83b9bb1ded39644e323a8585b3aabf687a4fff,"{""distance"":3,""physical_error_rate"":1e-05}","{""detection_events"":9210,""detectors_checked"":321601536}"
   3793920,         0,         0,   117.1,decoder_by_matrix,36e3cd26fed5ec7649ec51fb08c1a5e7d7f30e615782d954fee045c18a4962ca,"{""distance"":3,""physical_error_rate"":5e-05}","{""detection_events"":26997,""detectors_checked"":204871680}"
   6762496,         0,         0,   114.9,decoder_by_matrix,560c721f87db01d4cacf7dcb7d8812fecde61e9e7776d4b9e1b1a792578ecad7,"{""distance"":3,""physical_error_rate"":5e-06}","{""detection_events"":4848,""detectors_checked"":365174784}"
   2822144,        57,         0,   117.5,decoder_by_matrix,5c8c81bfec719079c388cedc47a351f264c1bf769ae28a89f9b4fc7719fea501,"{""distance"":3,""physical_error_rate"":0.0005}","{""detection_events"":207483,""detectors_checked"":152395776,""obs_mistake_mask=E"":57}"
   2821120,        56,         0,   117.5,decoder_by_matrix,5c8c81bfec719079c388cedc47a351f264c1bf769ae28a89f9b4fc7719fea501,"{""distance"":3,""physical_error_rate"":0.0005}","{""detection_events"":204117,""detectors_checked"":152340480,""obs_mistake_mask=E"":56}"
   3153920,         1,         0,   118.0,decoder_by_matrix,beec9fd12293a9cfe53c9b61fb8ce2a525e4eed38fa75d132d6dc64699336876,"{""distance"":3,""physical_error_rate"":0.0001}","{""detection_events"":45873,""detectors_checked"":170311680,""obs_mistake_mask=E"":1}"
   3130368,         1,         0,   117.4,decoder_by_matrix,beec9fd12293a9cfe53c9b61fb8ce2a525e4eed38fa75d132d6dc64699336876,"{""distance"":3,""physical_error_rate"":0.0001}","{""detection_events"":46368,""detectors_checked"":169039872,""obs_mistake_mask=E"":1}"
   3731456,         0,         0,   116.2,decoder_by_matrix,36e3cd26fed5ec7649ec51fb08c1a5e7d7f30e615782d954fee045c18a4962ca,"{""distance"":3,""physical_error_rate"":5e-05}","{""detection_events"":27660,""detectors_checked"":201498624}"
   5967872,         1,         0,   114.1,decoder_by_matrix,e25b8d07214a8afb95d354611a83b9bb1ded39644e323a8585b3aabf687a4fff,"{""distance"":3,""physical_error_rate"":1e-05}","{""detection_events"":8970,""detectors_checked"":322265088,""obs_mistake_mask=E"":1}"
   7667712,         0,         0,   113.4,decoder_by_matrix,e9839e3017c9ef118c4b8aeafef39e78c11ecbdb89764e9ca676a7dc2fb6d062,"{""distance"":3,""physical_error_rate"":1e-06}","{""detection_events"":1185,""detectors_checked"":414056448}"
   6693888,         0,         0,   115.1,decoder_by_matrix,560c721f87db01d4cacf7dcb7d8812fecde61e9e7776d4b9e1b1a792578ecad7,"{""distance"":3,""physical_error_rate"":5e-06}","{""detection_events"":4854,""detectors_checked"":361469952}"
   2808832,        46,         0,   117.5,decoder_by_matrix,5c8c81bfec719079c388cedc47a351f264c1bf769ae28a89f9b4fc7719fea501,"{""distance"":3,""physical_error_rate"":0.0005}","{""detection_events"":206007,""detectors_checked"":151676928,""obs_mistake_mask=E"":46}"
   2821120,        43,         0,   118.0,decoder_by_matrix,5c8c81bfec719079c388cedc47a351f264c1bf769ae28a89f9b4fc7719fea501,"{""distance"":3,""physical_error_rate"":0.0005}","{""detection_events"":203979,""detectors_checked"":152340480,""obs_mistake_mask=E"":43}"
   3151872,         4,         0,   118.8,decoder_by_matrix,beec9fd12293a9cfe53c9b61fb8ce2a525e4eed38fa75d132d6dc64699336876,"{""distance"":3,""physical_error_rate"":0.0001}","{""detection_events"":46470,""detectors_checked"":170201088,""obs_mistake_mask=E"":4}"
   3809280,         0,         0,   116.6,decoder_by_matrix,36e3cd26fed5ec7649ec51fb08c1a5e7d7f30e615782d954fee045c18a4962ca,"{""distance"":3,""physical_error_rate"":5e-05}","{""detection_events"":27228,""detectors_checked"":205701120}"
   6768640,         0,         0,   116.1,decoder_by_matrix,560c721f87db01d4cacf7dcb7d8812fecde61e9e7776d4b9e1b1a792578ecad7,"{""distance"":3,""physical_error_rate"":5e-06}","{""detection_events"":4941,""detectors_checked"":365506560}"
   6770688,         0,         0,   114.6,decoder_by_matrix,560c721f87db01d4cacf7dcb7d8812fecde61e9e7776d4b9e1b1a792578ecad7,"{""distance"":3,""physical_error_rate"":5e-06}","{""detection_events"":5073,""detectors_checked"":365617152}"
   5997568,         0,         0,   115.9,decoder_by_matrix,e25b8d07214a8afb95d354611a83b9bb1ded39644e323a8585b3aabf687a4fff,"{""distance"":3,""physical_error_rate"":1e-05}","{""detection_events"":8775,""detectors_checked"":323868672}"
   7675904,         0,         0,   115.5,decoder_by_matrix,e9839e3017c9ef118c4b8aeafef39e78c11ecbdb89764e9ca676a7dc2fb6d062,"{""distance"":3,""physical_error_rate"":1e-06}","{""detection_events"":1233,""detectors_checked"":414498816}"
   3142656,         0,         0,   117.4,decoder_by_matrix,beec9fd12293a9cfe53c9b61fb8ce2a525e4eed38fa75d132d6dc64699336876,"{""distance"":3,""physical_error_rate"":0.0001}","{""detection_events"":46332,""detectors_checked"":169703424}"
   6018048,         0,         0,   116.3,decoder_by_matrix,e25b8d07214a8afb95d354611a83b9bb1ded39644e323a8585b3aabf687a4fff,"{""distance"":3,""physical_error_rate"":1e-05}","{""detection_events"":8715,""detectors_checked"":324974592}"
   5945344,         0,         0,   116.5,decoder_by_matrix,e25b8d07214a8afb95d354611a83b9bb1ded39644e323a8585b3aabf687a4fff,"{""distance"":3,""physical_error_rate"":1e-05}","{""detection_events"":8556,""detectors_checked"":321048576}"
   7685120,         0,         0,   114.8,decoder_by_matrix,e9839e3017c9ef118c4b8aeafef39e78c11ecbdb89764e9ca676a7dc2fb6d062,"{""distance"":3,""physical_error_rate"":1e-06}","{""detection_events"":1017,""detectors_checked"":414996480}"
   3764224,         2,         0,   116.8,decoder_by_matrix,36e3cd26fed5ec7649ec51fb08c1a5e7d7f30e615782d954fee045c18a4962ca,"{""distance"":3,""physical_error_rate"":5e-05}","{""detection_events"":27177,""detectors_checked"":203268096,""obs_mistake_mask=E"":2}"
   2835456,        44,         0,   118.2,decoder_by_matrix,5c8c81bfec719079c388cedc47a351f264c1bf769ae28a89f9b4fc7719fea501,"{""distance"":3,""physical_error_rate"":0.0005}","{""detection_events"":207549,""detectors_checked"":153114624,""obs_mistake_mask=E"":44}"
   3734528,         2,         0,   116.2,decoder_by_matrix,36e3cd26fed5ec7649ec51fb08c1a5e7d7f30e615782d954fee045c18a4962ca,"{""distance"":3,""physical_error_rate"":5e-05}","{""detection_events"":27876,""detectors_checked"":201664512,""obs_mistake_mask=E"":2}"
   2814976,        51,         0,   118.0,decoder_by_matrix,5c8c81bfec719079c388cedc47a351f264c1bf769ae28a89f9b4fc7719fea501,"{""distance"":3,""physical_error_rate"":0.0005}","{""detection_events"":206181,""detectors_checked"":152008704,""obs_mistake_mask=E"":51}"
   7700480,         0,         0,   114.9,decoder_by_matrix,e9839e3017c9ef118c4b8aeafef39e78c11ecbdb89764e9ca676a7dc2fb6d062,"{""distance"":3,""physical_error_rate"":1e-06}","{""detection_events"":1152,""detectors_checked"":415825920}"
   3107840,         1,         0,   116.0,decoder_by_matrix,beec9fd12293a9cfe53c9b61fb8ce2a525e4eed38fa75d132d6dc64699336876,"{""distance"":3,""physical_error_rate"":0.0001}","{""detection_events"":45837,""detectors_checked"":167823360,""obs_mistake_mask=E"":1}"
   3193856,         3,         0,   116.0,decoder_by_matrix,beec9fd12293a9cfe53c9b61fb8ce2a525e4eed38fa75d132d6dc64699336876,"{""distance"":3,""physical_error_rate"":0.0001}","{""detection_events"":46020,""detectors_checked"":172468224,""obs_mistake_mask=E"":3}"
   6844416,         0,         0,   114.5,decoder_by_matrix,560c721f87db01d4cacf7dcb7d8812fecde61e9e7776d4b9e1b1a792578ecad7,"{""distance"":3,""physical_error_rate"":5e-06}","{""detection_events"":4983,""detectors_checked"":369598464}"
   7647232,         0,         0,   114.3,decoder_by_matrix,e9839e3017c9ef118c4b8aeafef39e78c11ecbdb89764e9ca676a7dc2fb6d062,"{""distance"":3,""physical_error_rate"":1e-06}","{""detection_events"":1104,""detectors_checked"":412950528}"
   6007808,         0,         0,   114.6,decoder_by_matrix,e25b8d07214a8afb95d354611a83b9bb1ded39644e323a8585b3aabf687a4fff,"{""distance"":3,""physical_error_rate"":1e-05}","{""detection_events"":8859,""detectors_checked"":324421632}"
   3768320,         0,         0,   116.2,decoder_by_matrix,36e3cd26fed5ec7649ec51fb08c1a5e7d7f30e615782d954fee045c18a4962ca,"{""distance"":3,""physical_error_rate"":5e-05}","{""detection_events"":27537,""detectors_checked"":203489280}"
   6781952,         0,         0,   115.0,decoder_by_matrix,560c721f87db01d4cacf7dcb7d8812fecde61e9e7776d4b9e1b1a792578ecad7,"{""distance"":3,""physical_error_rate"":5e-06}","{""detection_events"":4875,""detectors_checked"":366225408}"
   2820096,        56,         0,   117.3,decoder_by_matrix,5c8c81bfec719079c388cedc47a351f264c1bf769ae28a89f9b4fc7719fea501,"{""distance"":3,""physical_error_rate"":0.0005}","{""detection_events"":205755,""detectors_checked"":152285184,""obs_mistake_mask=E"":56}"
   2816000,        44,         0,   117.2,decoder_by_matrix,5c8c81bfec719079c388cedc47a351f264c1bf769ae28a89f9b4fc7719fea501,"{""distance"":3,""physical_error_rate"":0.0005}","{""detection_events"":204468,""detectors_checked"":152064000,""obs_mistake_mask=E"":44}"
   3143680,         5,         0,   116.5,decoder_by_matrix,beec9fd12293a9cfe53c9b61fb8ce2a525e4eed38fa75d132d6dc64699336876,"{""distance"":3,""physical_error_rate"":0.0001}","{""detection_events"":45738,""detectors_checked"":169758720,""obs_mistake_mask=E"":5}"
   3124224,         2,         0,   117.8,decoder_by_matrix,beec9fd12293a9cfe53c9b61fb8ce2a525e4eed38fa75d132d6dc64699336876,"{""distance"":3,""physical_error_rate"":0.0001}","{""detection_events"":45876,""detectors_checked"":168708096,""obs_mistake_mask=E"":2}"
   3812352,         1,         0,   117.2,decoder_by_matrix,36e3cd26fed5ec7649ec51fb08c1a5e7d7f30e615782d954fee045c18a4962ca,"{""distance"":3,""physical_error_rate"":5e-05}","{""detection_events"":26868,""detectors_checked"":205867008,""obs_mistake_mask=E"":1}"
   5998592,         0,         0,   114.4,decoder_by_matrix,e25b8d07214a8afb95d354611a83b9bb1ded39644e323a8585b3aabf687a4fff,"{""distance"":3,""physical_error_rate"":1e-05}","{""detection_events"":8703,""detectors_checked"":323923968}"
   7631872,         0,         0,   114.3,decoder_by_matrix,e9839e3017c9ef118c4b8aeafef39e78c11ecbdb89764e9ca676a7dc2fb6d062,"{""distance"":3,""physical_error_rate"":1e-06}","{""detection_events"":1185,""detectors_checked"":412121088}"
   6691840,         0,         0,   116.0,decoder_by_matrix,560c721f87db01d4cacf7dcb7d8812fecde61e9e7776d4b9e1b1a792578ecad7,"{""distance"":3,""physical_error_rate"":5e-06}","{""detection_events"":4905,""detectors_checked"":361359360}"
   2810880,        45,         0,   117.5,decoder_by_matrix,5c8c81bfec719079c388cedc47a351f264c1bf769ae28a89f9b4fc7719fea501,"{""distance"":3,""physical_error_rate"":0.0005}","{""detection_events"":203340,""detectors_checked"":151787520,""obs_mistake_mask=E"":45}"
   2821120,        48,         0,   117.7,decoder_by_matrix,5c8c81bfec719079c388cedc47a351f264c1bf769ae28a89f9b4fc7719fea501,"{""distance"":3,""physical_error_rate"":0.0005}","{""detection_events"":205185,""detectors_checked"":152340480,""obs_mistake_mask=E"":48}"
   3150848,         5,         0,   117.5,decoder_by_matrix,beec9fd12293a9cfe53c9b61fb8ce2a525e4eed38fa75d132d6dc64699336876,"{""distance"":3,""physical_error_rate"":0.0001}","{""detection_events"":46545,""detectors_checked"":170145792,""obs_mistake_mask=E"":5}"
   3758080,         0,         0,   117.8,decoder_by_matrix,36e3cd26fed5ec7649ec51fb08c1a5e7d7f30e615782d954fee045c18a4962ca,"{""distance"":3,""physical_error_rate"":5e-05}","{""detection_events"":27456,""detectors_checked"":202936320}"
   6780928,         0,         0,   114.7,decoder_by_matrix,560c721f87db01d4cacf7dcb7d8812fecde61e9e7776d4b9e1b1a792578ecad7,"{""distance"":3,""physical_error_rate"":5e-06}","{""detection_events"":4854,""detectors_checked"":366170112}"
   6772736,         0,         0,   115.3,decoder_by_matrix,560c721f87db01d4cacf7dcb7d8812fecde61e9e7776d4b9e1b1a792578ecad7,"{""distance"":3,""physical_error_rate"":5e-06}","{""detection_events"":5103,""detectors_checked"":365727744}"
   5918720,         0,         0,   115.9,decoder_by_matrix,e25b8d07214a8afb95d354611a83b9bb1ded39644e323a8585b3aabf687a4fff,"{""distance"":3,""physical_error_rate"":1e-05}","{""detection_events"":9246,""detectors_checked"":319610880}"
   7662592,         0,         0,   114.1,decoder_by_matrix,e9839e3017c9ef118c4b8aeafef39e78c11ecbdb89764e9ca676a7dc2fb6d062,"{""distance"":3,""physical_error_rate"":1e-06}","{""detection_events"":1191,""detectors_checked"":413779968}"
   3140608,         5,         0,   117.5,decoder_by_matrix,beec9fd12293a9cfe53c9b61fb8ce2a525e4eed38fa75d132d6dc64699336876,"{""distance"":3,""physical_error_rate"":0.0001}","{""detection_events"":45774,""detectors_checked"":169592832,""obs_mistake_mask=E"":5}"
   6016000,         0,         0,   114.3,decoder_by_matrix,e25b8d07214a8afb95d354611a83b9bb1ded39644e323a8585b3aabf687a4fff,"{""distance"":3,""physical_error_rate"":1e-05}","{""detection_events"":8748,""detectors_checked"":324864000}"
   6007808,         0,         0,   116.1,decoder_by_matrix,e25b8d07214a8afb95d354611a83b9bb1ded39644e323a8585b3aabf687a4fff,"{""distance"":3,""physical_error_rate"":1e-05}","{""detection_events"":8358,""detectors_checked"":324421632}"
   7670784,         0,         0,   115.6,decoder_by_matrix,e9839e3017c9ef118c4b8aeafef39e78c11ecbdb89764e9ca676a7dc2fb6d062,"{""distance"":3,""physical_error_rate"":1e-06}","{""detection_events"":1089,""detectors_checked"":414222336}"
   3721216,         3,         0,   116.9,decoder_by_matrix,36e3cd26fed5ec7649ec51fb08c1a5e7d7f30e615782d954fee045c18a4962ca,"{""distance"":3,""physical_error_rate"":5e-05}","{""detection_events"":27804,""detectors_checked"":200945664,""obs_mistake_mask=E"":3}"
   3757056,         1,         0,   117.1,decoder_by_matrix,36e3cd26fed5ec7649ec51fb08c1a5e7d7f30e615782d954fee045c18a4962ca,"{""distance"":3,""physical_error_rate"":5e-05}","{""detection_events"":28116,""detectors_checked"":202881024,""obs_mistake_mask=E"":1}"
   2832384,        43,         0,   117.4,decoder_by_matrix,5c8c81bfec719079c388cedc47a351f264c1bf769ae28a89f9b4fc7719fea501,"{""distance"":3,""physical_error_rate"":0.0005}","{""detection_events"":205938,""detectors_checked"":152948736,""obs_mistake_mask=E"":43}"
   2813952,        44,         0,   117.0,decoder_by_matrix,5c8c81bfec719079c388cedc47a351f264c1bf769ae28a89f9b4fc7719fea501,"{""distance"":3,""physical_error_rate"":0.0005}","{""detection_events"":206676,""detectors_checked"":151953408,""obs_mistake_mask=E"":44}"
   3121152,         2,         0,   118.1,decoder_by_matrix,beec9fd12293a9cfe53c9b61fb8ce2a525e4eed38fa75d132d6dc64699336876,"{""distance"":3,""physical_error_rate"":0.0001}","{""detection_events"":45534,""detectors_checked"":168542208,""obs_mistake_mask=E"":2}"
   7643136,         0,         0,   113.7,decoder_by_matrix,e9839e3017c9ef118c4b8aeafef39e78c11ecbdb89764e9ca676a7dc2fb6d062,"{""distance"":3,""physical_error_rate"":1e-06}","{""detection_events"":1371,""detectors_checked"":412729344}"
   6836224,         0,         0,   115.2,decoder_by_matrix,560c721f87db01d4cacf7dcb7d8812fecde61e9e7776d4b9e1b1a792578ecad7,"{""distance"":3,""physical_error_rate"":5e-06}","{""detection_events"":4875,""detectors_checked"":369156096}"
   3174400,         2,         0,   117.5,decoder_by_matrix,beec9fd12293a9cfe53c9b61fb8ce2a525e4eed38fa75d132d6dc64699336876,"{""distance"":3,""physical_error_rate"":0.0001}","{""detection_events"":45606,""detectors_checked"":171417600,""obs_mistake_mask=E"":2}"
   7674880,         0,         0,   113.6,decoder_by_matrix,e9839e3017c9ef118c4b8aeafef39e78c11ecbdb89764e9ca676a7dc2fb6d062,"{""distance"":3,""physical_error_rate"":1e-06}","{""detection_events"":978,""detectors_checked"":414443520}"
   3767296,         1,         0,   116.8,decoder_by_matrix,36e3cd26fed5ec7649ec51fb08c1a5e7d7f30e615782d954fee045c18a4962ca,"{""distance"":3,""physical_error_rate"":5e-05}","{""detection_events"":27372,""detectors_checked"":203433984,""obs_mistake_mask=E"":1}"
   6040576,         0,         0,   115.5,decoder_by_matrix,e25b8d07214a8afb95d354611a83b9bb1ded39644e323a8585b3aabf687a4fff,"{""distance"":3,""physical_error_rate"":1e-05}","{""detection_events"":8577,""detectors_checked"":326191104}"
   6744064,         0,         0,   115.3,decoder_by_matrix,560c721f87db01d4cacf7dcb7d8812fecde61e9e7776d4b9e1b1a792578ecad7,"{""distance"":3,""physical_error_rate"":5e-06}","{""detection_events"":5145,""detectors_checked"":364179456}"
   2825216,        50,         0,   117.5,decoder_by_matrix,5c8c81bfec719079c388cedc47a351f264c1bf769ae28a89f9b4fc7719fea501,"{""distance"":3,""physical_error_rate"":0.0005}","{""detection_events"":204756,""detectors_checked"":152561664,""obs_mistake_mask=E"":50}"
   2814976,        53,         0,   117.7,decoder_by_matrix,5c8c81bfec719079c388cedc47a351f264c1bf769ae28a89f9b4fc7719fea501,"{""distance"":3,""physical_error_rate"":0.0005}","{""detection_events"":205083,""detectors_checked"":152008704,""obs_mistake_mask=E"":53}"
   3132416,         2,         0,   117.8,decoder_by_matrix,beec9fd12293a9cfe53c9b61fb8ce2a525e4eed38fa75d132d6dc64699336876,"{""distance"":3,""physical_error_rate"":0.0001}","{""detection_events"":45519,""detectors_checked"":169150464,""obs_mistake_mask=E"":2}"
   3151872,         1,         0,   117.5,decoder_by_matrix,beec9fd12293a9cfe53c9b61fb8ce2a525e4eed38fa75d132d6dc64699336876,"{""distance"":3,""physical_error_rate"":0.0001}","{""detection_events"":46734,""detectors_checked"":170201088,""obs_mistake_mask=E"":1}"
   3768320,         0,         0,   117.5,decoder_by_matrix,36e3cd26fed5ec7649ec51fb08c1a5e7d7f30e615782d954fee045c18a4962ca,"{""distance"":3,""physical_error_rate"":5e-05}","{""detection_events"":27096,""detectors_checked"":203489280}"
   5972992,         0,         0,   115.6,decoder_by_matrix,e25b8d07214a8afb95d354611a83b9bb1ded39644e323a8585b3aabf687a4fff,"{""distance"":3,""physical_error_rate"":1e-05}","{""detection_events"":8739,""detectors_checked"":322541568}"
   7644160,         0,         0,   115.3,decoder_by_matrix,e9839e3017c9ef118c4b8aeafef39e78c11ecbdb89764e9ca676a7dc2fb6d062,"{""distance"":3,""physical_error_rate"":1e-06}","{""detection_events"":1155,""detectors_checked"":412784640}"
   6724608,         0,         0,   115.0,decoder_by_matrix,560c721f87db01d4cacf7dcb7d8812fecde61e9e7776d4b9e1b1a792578ecad7,"{""distance"":3,""physical_error_rate"":5e-06}","{""detection_events"":4959,""detectors_checked"":363128832}"
   2796544,        41,         0,   118.7,decoder_by_matrix,5c8c81bfec719079c388cedc47a351f264c1bf769ae28a89f9b4fc7719fea501,"{""distance"":3,""physical_error_rate"":0.0005}","{""detection_events"":203556,""detectors_checked"":151013376,""obs_mistake_mask=E"":41}"
   2821120,        53,         0,   117.6,decoder_by_matrix,5c8c81bfec719079c388cedc47a351f264c1bf769ae28a89f9b4fc7719fea501,"{""distance"":3,""physical_error_rate"":0.0005}","{""detection_events"":205005,""detectors_checked"":152340480,""obs_mistake_mask=E"":53}"
   3156992,         4,         0,   117.5,decoder_by_matrix,beec9fd12293a9cfe53c9b61fb8ce2a525e4eed38fa75d132d6dc64699336876,"{""distance"":3,""physical_error_rate"":0.0001}","{""detection_events"":46662,""detectors_checked"":170477568,""obs_mistake_mask=E"":4}"
   3684352,         0,         0,   117.3,decoder_by_matrix,36e3cd26fed5ec7649ec51fb08c1a5e7d7f30e615782d954fee045c18a4962ca,"{""distance"":3,""physical_error_rate"":5e-05}","{""detection_events"":28266,""detectors_checked"":198955008}"
   6812672,         0,         0,   115.8,decoder_by_matrix,560c721f87db01d4cacf7dcb7d8812fecde61e9e7776d4b9e1b1a792578ecad7,"{""distance"":3,""physical_error_rate"":5e-06}","{""detection_events"":4878,""detectors_checked"":367884288}"
   6757376,         0,         0,   114.3,decoder_by_matrix,560c721f87db01d4cacf7dcb7d8812fecde61e9e7776d4b9e1b1a792578ecad7,"{""distance"":3,""physical_error_rate"":5e-06}","{""detection_events"":5256,""detectors_checked"":364898304}"
   5943296,         0,         0,   115.1,decoder_by_matrix,e25b8d07214a8afb95d354611a83b9bb1ded39644e323a8585b3aabf687a4fff,"{""distance"":3,""physical_error_rate"":1e-05}","{""detection_events"":9057,""detectors_checked"":320937984}"
   3165184,         2,         0,   117.3,decoder_by_matrix,beec9fd12293a9cfe53c9b61fb8ce2a525e4eed38fa75d132d6dc64699336876,"{""distance"":3,""physical_error_rate"":0.0001}","{""detection_events"":44868,""detectors_checked"":170919936,""obs_mistake_mask=E"":2}"
   7720960,         0,         0,   116.0,decoder_by_matrix,e9839e3017c9ef118c4b8aeafef39e78c11ecbdb89764e9ca676a7dc2fb6d062,"{""distance"":3,""physical_error_rate"":1e-06}","{""detection_events"":954,""detectors_checked"":416931840}"
   6018048,         0,         0,   114.4,decoder_by_matrix,e25b8d07214a8afb95d354611a83b9bb1ded39644e323a8585b3aabf687a4fff,"{""distance"":3,""physical_error_rate"":1e-05}","{""detection_events"":8850,""detectors_checked"":324974592}"
   5947392,         0,         0,   114.7,decoder_by_matrix,e25b8d07214a8afb95d354611a83b9bb1ded39644e323a8585b3aabf687a4fff,"{""distance"":3,""physical_error_rate"":1e-05}","{""detection_events"":8682,""detectors_checked"":321159168}"
   2816000,        51,         0,   118.2,decoder_by_matrix,5c8c81bfec719079c388cedc47a351f264c1bf769ae28a89f9b4fc7719fea501,"{""distance"":3,""physical_error_rate"":0.0005}","{""detection_events"":205530,""detectors_checked"":152064000,""obs_mistake_mask=E"":51}"
   3762176,         0,         0,   117.0,decoder_by_matrix,36e3cd26fed5ec7649ec51fb08c1a5e7d7f30e615782d954fee045c18a4962ca,"{""distance"":3,""physical_error_rate"":5e-05}","{""detection_events"":27579,""detectors_checked"":203157504}"
   7698432,         0,         0,   114.2,decoder_by_matrix,e9839e3017c9ef118c4b8aeafef39e78c11ecbdb89764e9ca676a7dc2fb6d062,"{""distance"":3,""physical_error_rate"":1e-06}","{""detection_events"":981,""detectors_checked"":415715328}"
   3752960,         1,         0,   117.1,decoder_by_matrix,36e3cd26fed5ec7649ec51fb08c1a5e7d7f30e615782d954fee045c18a4962ca,"{""distance"":3,""physical_error_rate"":5e-05}","{""detection_events"":27159,""detectors_checked"":202659840,""obs_mistake_mask=E"":1}"
   3119104,         2,         0,   117.6,decoder_by_matrix,beec9fd12293a9cfe53c9b61fb8ce2a525e4eed38fa75d132d6dc64699336876,"{""distance"":3,""physical_error_rate"":0.0001}","{""detection_events"":46020,""detectors_checked"":168431616,""obs_mistake_mask=E"":2}"
   2832384,        38,         0,   117.7,decoder_by_matrix,5c8c81bfec719079c388cedc47a351f264c1bf769ae28a89f9b4fc7719fea501,"{""distance"":3,""physical_error_rate"":0.0005}","{""detection_events"":205470,""detectors_checked"":152948736,""obs_mistake_mask=E"":38}"
   7712768,         0,         0,   114.7,decoder_by_matrix,e9839e3017c9ef118c4b8aeafef39e78c11ecbdb89764e9ca676a7dc2fb6d062,"{""distance"":3,""physical_error_rate"":1e-06}","{""detection_events"":1101,""detectors_checked"":416489472}"
   3163136,         2,         0,   117.0,decoder_by_matrix,beec9fd12293a9cfe53c9b61fb8ce2a525e4eed38fa75d132d6dc64699336876,"{""distance"":3,""physical_error_rate"":0.0001}","{""detection_events"":45765,""detectors_checked"":170809344,""obs_mistake_mask=E"":2}"
   6832128,         0,         0,   113.9,decoder_by_matrix,560c721f87db01d4cacf7dcb7d8812fecde61e9e7776d4b9e1b1a792578ecad7,"{""distance"":3,""physical_error_rate"":5e-06}","{""detection_events"":4938,""detectors_checked"":368934912}"
   7629824,         0,         0,   114.6,decoder_by_matrix,e9839e3017c9ef118c4b8aeafef39e78c11ecbdb89764e9ca676a7dc2fb6d062,"{""distance"":3,""physical_error_rate"":1e-06}","{""detection_events"":1224,""detectors_checked"":412010496}"
   3745792,         1,         0,   115.2,decoder_by_matrix,36e3cd26fed5ec7649ec51fb08c1a5e7d7f30e615782d954fee045c18a4962ca,"{""distance"":3,""physical_error_rate"":5e-05}","{""detection_events"":27684,""detectors_checked"":202272768,""obs_mistake_mask=E"":1}"
   6009856,         0,         0,   115.7,decoder_by_matrix,e25b8d07214a8afb95d354611a83b9bb1ded39644e323a8585b3aabf687a4fff,"{""distance"":3,""physical_error_rate"":1e-05}","{""detection_events"":8571,""detectors_checked"":324532224}"
   6827008,         0,         0,   114.7,decoder_by_matrix,560c721f87db01d4cacf7dcb7d8812fecde61e9e7776d4b9e1b1a792578ecad7,"{""distance"":3,""physical_error_rate"":5e-06}","{""detection_events"":4605,""detectors_checked"":368658432}"
   2823168,        52,         0,   117.3,decoder_by_matrix,5c8c81bfec719079c388cedc47a351f264c1bf769ae28a89f9b4fc7719fea501,"{""distance"":3,""physical_error_rate"":0.0005}","{""detection_events"":208197,""detectors_checked"":152451072,""obs_mistake_mask=E"":52}"
   3139584,         2,         0,   118.0,decoder_by_matrix,beec9fd12293a9cfe53c9b61fb8ce2a525e4eed38fa75d132d6dc64699336876,"{""distance"":3,""physical_error_rate"":0.0001}","{""detection_events"":46386,""detectors_checked"":169537536,""obs_mistake_mask=E"":2}"
   2821120,        61,         0,   117.3,decoder_by_matrix,5c8c81bfec719079c388cedc47a351f264c1bf769ae28a89f9b4fc7719fea501,"{""distance"":3,""physical_error_rate"":0.0005}","{""detection_events"":204978,""detectors_checked"":152340480,""obs_mistake_mask=E"":61}"
   3143680,         3,         0,   116.7,decoder_by_matrix,beec9fd12293a9cfe53c9b61fb8ce2a525e4eed38fa75d132d6dc64699336876,"{""distance"":3,""physical_error_rate"":0.0001}","{""detection_events"":46275,""detectors_checked"":169758720,""obs_mistake_mask=E"":3}"
   3788800,         1,         0,   115.5,decoder_by_matrix,36e3cd26fed5ec7649ec51fb08c1a5e7d7f30e615782d954fee045c18a4962ca,"{""distance"":3,""physical_error_rate"":5e-05}","{""detection_events"":27576,""detectors_checked"":204595200,""obs_mistake_mask=E"":1}"
   5946368,         0,         0,   116.0,decoder_by_matrix,e25b8d07214a8afb95d354611a83b9bb1ded39644e323a8585b3aabf687a4fff,"{""distance"":3,""physical_error_rate"":1e-05}","{""detection_events"":8949,""detectors_checked"":321103872}"
   7630848,         0,         0,   116.0,decoder_by_matrix,e9839e3017c9ef118c4b8aeafef39e78c11ecbdb89764e9ca676a7dc2fb6d062,"{""distance"":3,""physical_error_rate"":1e-06}","{""detection_events"":1278,""detectors_checked"":412065792}"
   6716416,         0,         0,   115.4,decoder_by_matrix,560c721f87db01d4cacf7dcb7d8812fecde61e9e7776d4b9e1b1a792578ecad7,"{""distance"":3,""physical_error_rate"":5e-06}","{""detection_events"":4734,""detectors_checked"":362686464}"
   2809856,        50,         0,   117.4,decoder_by_matrix,5c8c81bfec719079c388cedc47a351f264c1bf769ae28a89f9b4fc7719fea501,"{""distance"":3,""physical_error_rate"":0.0005}","{""detection_events"":204405,""detectors_checked"":151732224,""obs_mistake_mask=E"":50}"
   2825216,        50,         0,   118.2,decoder_by_matrix,5c8c81bfec719079c388cedc47a351f264c1bf769ae28a89f9b4fc7719fea501,"{""distance"":3,""physical_error_rate"":0.0005}","{""detection_events"":205653,""detectors_checked"":152561664,""obs_mistake_mask=E"":50}"
   3159040,         3,         0,   117.9,decoder_by_matrix,beec9fd12293a9cfe53c9b61fb8ce2a525e4eed38fa75d132d6dc64699336876,"{""distance"":3,""physical_error_rate"":0.0001}","{""detection_events"":45375,""detectors_checked"":170588160,""obs_mistake_mask=E"":3}"
   3770368,         1,         0,   117.3,decoder_by_matrix,36e3cd26fed5ec7649ec51fb08c1a5e7d7f30e615782d954fee045c18a4962ca,"{""distance"":3,""physical_error_rate"":5e-05}","{""detection_events"":27240,""detectors_checked"":203599872,""obs_mistake_mask=E"":1}"
   6765568,         0,         0,   114.7,decoder_by_matrix,560c721f87db01d4cacf7dcb7d8812fecde61e9e7776d4b9e1b1a792578ecad7,"{""distance"":3,""physical_error_rate"":5e-06}","{""detection_events"":5082,""detectors_checked"":365340672}"
   6816768,         0,         0,   115.4,decoder_by_matrix,560c721f87db01d4cacf7dcb7d8812fecde61e9e7776d4b9e1b1a792578ecad7,"{""distance"":3,""physical_error_rate"":5e-06}","{""detection_events"":4782,""detectors_checked"":368105472}"
   5997568,         0,         0,   115.5,decoder_by_matrix,e25b8d07214a8afb95d354611a83b9bb1ded39644e323a8585b3aabf687a4fff,"{""distance"":3,""physical_error_rate"":1e-05}","{""detection_events"":8550,""detectors_checked"":323868672}"
   3139584,         3,         0,   116.8,decoder_by_matrix,beec9fd12293a9cfe53c9b61fb8ce2a525e4eed38fa75d132d6dc64699336876,"{""distance"":3,""physical_error_rate"":0.0001}","{""detection_events"":46089,""detectors_checked"":169537536,""obs_mistake_mask=E"":3}"
   7703552,         0,         0,   114.1,decoder_by_matrix,e9839e3017c9ef118c4b8aeafef39e78c11ecbdb89764e9ca676a7dc2fb6d062,"{""distance"":3,""physical_error_rate"":1e-06}","{""detection_events"":1005,""detectors_checked"":415991808}"
   6024192,         0,         0,   114.8,decoder_by_matrix,e25b8d07214a8afb95d354611a83b9bb1ded39644e323a8585b3aabf687a4fff,"{""distance"":3,""physical_error_rate"":1e-05}","{""detection_events"":8580,""detectors_checked"":325306368}"
   3775488,         2,         0,   116.4,decoder_by_matrix,36e3cd26fed5ec7649ec51fb08c1a5e7d7f30e615782d954fee045c18a4962ca,"{""distance"":3,""physical_error_rate"":5e-05}","{""detection_events"":27000,""detectors_checked"":203876352,""obs_mistake_mask=E"":2}"
   2817024,        52,         0,   117.4,decoder_by_matrix,5c8c81bfec719079c388cedc47a351f264c1bf769ae28a89f9b4fc7719fea501,"{""distance"":3,""physical_error_rate"":0.0005}","{""detection_events"":205782,""detectors_checked"":152119296,""obs_mistake_mask=E"":52}"
   5940224,         0,         0,   116.3,decoder_by_matrix,e25b8d07214a8afb95d354611a83b9bb1ded39644e323a8585b3aabf687a4fff,"{""distance"":3,""physical_error_rate"":1e-05}","{""detection_events"":9042,""detectors_checked"":320772096}"
   3778560,         0,         0,   116.9,decoder_by_matrix,36e3cd26fed5ec7649ec51fb08c1a5e7d7f30e615782d954fee045c18a4962ca,"{""distance"":3,""physical_error_rate"":5e-05}","{""detection_events"":26889,""detectors_checked"":204042240}"
   7697408,         0,         0,   114.2,decoder_by_matrix,e9839e3017c9ef118c4b8aeafef39e78c11ecbdb89764e9ca676a7dc2fb6d062,"{""distance"":3,""physical_error_rate"":1e-06}","{""detection_events"":1041,""detectors_checked"":415660032}"
   2830336,        50,         0,   117.3,decoder_by_matrix,5c8c81bfec719079c388cedc47a351f264c1bf769ae28a89f9b4fc7719fea501,"{""distance"":3,""physical_error_rate"":0.0005}","{""detection_events"":206274,""detectors_checked"":152838144,""obs_mistake_mask=E"":50}"
   3121152,         3,         0,   118.8,decoder_by_matrix,beec9fd12293a9cfe53c9b61fb8ce2a525e4eed38fa75d132d6dc64699336876,"{""distance"":3,""physical_error_rate"":0.0001}","{""detection_events"":46383,""detectors_checked"":168542208,""obs_mistake_mask=E"":3}"
   7707648,         0,         0,   114.2,decoder_by_matrix,e9839e3017c9ef118c4b8aeafef39e78c11ecbdb89764e9ca676a7dc2fb6d062,"{""distance"":3,""physical_error_rate"":1e-06}","{""detection_events"":1095,""detectors_checked"":416212992}"
   3148800,         6,         0,   117.5,decoder_by_matrix,beec9fd12293a9cfe53c9b61fb8ce2a525e4eed38fa75d132d6dc64699336876,"{""distance"":3,""physical_error_rate"":0.0001}","{""detection_events"":47148,""detectors_checked"":170035200,""obs_mistake_mask=E"":6}"
   6796288,         0,         0,   114.7,decoder_by_matrix,560c721f87db01d4cacf7dcb7d8812fecde61e9e7776d4b9e1b1a792578ecad7,"{""distance"":3,""physical_error_rate"":5e-06}","{""detection_events"":5184,""detectors_checked"":366999552}"
   7661568,         0,         0,   115.0,decoder_by_matrix,e9839e3017c9ef118c4b8aeafef39e78c11ecbdb89764e9ca676a7dc2fb6d062,"{""distance"":3,""physical_error_rate"":1e-06}","{""detection_events"":1122,""detectors_checked"":413724672}"
   3774464,         0,         0,   116.1,decoder_by_matrix,36e3cd26fed5ec7649ec51fb08c1a5e7d7f30e615782d954fee045c18a4962ca,"{""distance"":3,""physical_error_rate"":5e-05}","{""detection_events"":27318,""detectors_checked"":203821056}"
   6046720,         0,         0,   116.1,decoder_by_matrix,e25b8d07214a8afb95d354611a83b9bb1ded39644e323a8585b3aabf687a4fff,"{""distance"":3,""physical_error_rate"":1e-05}","{""detection_events"":8406,""detectors_checked"":326522880}"
   6728704,         0,         0,   115.9,decoder_by_matrix,560c721f87db01d4cacf7dcb7d8812fecde61e9e7776d4b9e1b1a792578ecad7,"{""distance"":3,""physical_error_rate"":5e-06}","{""detection_events"":5091,""detectors_checked"":363350016}"
   2825216,        44,         0,   115.8,decoder_by_matrix,5c8c81bfec719079c388cedc47a351f264c1bf769ae28a89f9b4fc7719fea501,"{""distance"":3,""physical_error_rate"":0.0005}","{""detection_events"":204024,""detectors_checked"":152561664,""obs_mistake_mask=E"":44}"
   3122176,         1,         0,   116.0,decoder_by_matrix,beec9fd12293a9cfe53c9b61fb8ce2a525e4eed38fa75d132d6dc64699336876,"{""distance"":3,""physical_error_rate"":0.0001}","{""detection_events"":45348,""detectors_checked"":168597504,""obs_mistake_mask=E"":1}"
   2819072,        41,         0,   117.0,decoder_by_matrix,5c8c81bfec719079c388cedc47a351f264c1bf769ae28a89f9b4fc7719fea501,"{""distance"":3,""physical_error_rate"":0.0005}","{""detection_events"":204870,""detectors_checked"":152229888,""obs_mistake_mask=E"":41}"
   3137536,         1,         0,   118.3,decoder_by_matrix,beec9fd12293a9cfe53c9b61fb8ce2a525e4eed38fa75d132d6dc64699336876,"{""distance"":3,""physical_error_rate"":0.0001}","{""detection_events"":46626,""detectors_checked"":169426944,""obs_mistake_mask=E"":1}"
   3782656,         2,         0,   116.9,decoder_by_matrix,36e3cd26fed5ec7649ec51fb08c1a5e7d7f30e615782d954fee045c18a4962ca,"{""distance"":3,""physical_error_rate"":5e-05}","{""detection_events"":27585,""detectors_checked"":204263424,""obs_mistake_mask=E"":2}"
   6050816,         0,         0,   116.2,decoder_by_matrix,e25b8d07214a8afb95d354611a83b9bb1ded39644e323a8585b3aabf687a4fff,"{""distance"":3,""physical_error_rate"":1e-05}","{""detection_events"":8415,""detectors_checked"":326744064}"
   7646208,         0,         0,   114.7,decoder_by_matrix,e9839e3017c9ef118c4b8aeafef39e78c11ecbdb89764e9ca676a7dc2fb6d062,"{""distance"":3,""physical_error_rate"":1e-06}","{""detection_events"":1128,""detectors_checked"":412895232}"
   6688768,         0,         0,   115.1,decoder_by_matrix,560c721f87db01d4cacf7dcb7d8812fecde61e9e7776d4b9e1b1a792578ecad7,"{""distance"":3,""physical_error_rate"":5e-06}","{""detection_events"":4977,""detectors_checked"":361193472}"
   2797568,        53,         0,   117.4,decoder_by_matrix,5c8c81bfec719079c388cedc47a351f264c1bf769ae28a89f9b4fc7719fea501,"{""distance"":3,""physical_error_rate"":0.0005}","{""detection_events"":203211,""detectors_checked"":151068672,""obs_mistake_mask=E"":53}"
   2826240,        44,         0,   116.2,decoder_by_matrix,5c8c81bfec719079c388cedc47a351f264c1bf769ae28a89f9b4fc7719fea501,"{""distance"":3,""physical_error_rate"":0.0005}","{""detection_events"":204525,""detectors_checked"":152616960,""obs_mistake_mask=E"":44}"
   3126272,         1,         0,   117.3,decoder_by_matrix,beec9fd12293a9cfe53c9b61fb8ce2a525e4eed38fa75d132d6dc64699336876,"{""distance"":3,""physical_error_rate"":0.0001}","{""detection_events"":46794,""detectors_checked"":168818688,""obs_mistake_mask=E"":1}"
   3770368,         0,         0,   116.9,decoder_by_matrix,36e3cd26fed5ec7649ec51fb08c1a5e7d7f30e615782d954fee045c18a4962ca,"{""distance"":3,""physical_error_rate"":5e-05}","{""detection_events"":27111,""detectors_checked"":203599872}"
   6738944,         0,         0,   113.9,decoder_by_matrix,560c721f87db01d4cacf7dcb7d8812fecde61e9e7776d4b9e1b1a792578ecad7,"{""distance"":3,""physical_error_rate"":5e-06}","{""detection_events"":5085,""detectors_checked"":363902976}"
   6825984,         0,         0,   115.0,decoder_by_matrix,560c721f87db01d4cacf7dcb7d8812fecde61e9e7776d4b9e1b1a792578ecad7,"{""distance"":3,""physical_error_rate"":5e-06}","{""detection_events"":4872,""detectors_checked"":368603136}"
   6066176,         0,         0,   115.4,decoder_by_matrix,e25b8d07214a8afb95d354611a83b9bb1ded39644e323a8585b3aabf687a4fff,"{""distance"":3,""physical_error_rate"":1e-05}","{""detection_events"":8463,""detectors_checked"":327573504}"
   7700480,         0,         0,   114.7,decoder_by_matrix,e9839e3017c9ef118c4b8aeafef39e78c11ecbdb89764e9ca676a7dc2fb6d062,"{""distance"":3,""physical_error_rate"":1e-06}","{""detection_events"":1089,""detectors_checked"":415825920}"
   3162112,         2,         0,   117.8,decoder_by_matrix,beec9fd12293a9cfe53c9b61fb8ce2a525e4eed38fa75d132d6dc64699336876,"{""distance"":3,""physical_error_rate"":0.0001}","{""detection_events"":46923,""detectors_checked"":170754048,""obs_mistake_mask=E"":2}"
   6024192,         0,         0,   114.9,decoder_by_matrix,e25b8d07214a8afb95d354611a83b9bb1ded39644e323a8585b3aabf687a4fff,"{""distance"":3,""physical_error_rate"":1e-05}","{""detection_events"":8811,""detectors_checked"":325306368}"
   3768320,         1,         0,   117.9,decoder_by_matrix,36e3cd26fed5ec7649ec51fb08c1a5e7d7f30e615782d954fee045c18a4962ca,"{""distance"":3,""physical_error_rate"":5e-05}","{""detection_events"":27219,""detectors_checked"":203489280,""obs_mistake_mask=E"":1}"
   3752960,         1,         0,   116.6,decoder_by_matrix,36e3cd26fed5ec7649ec51fb08c1a5e7d7f30e615782d954fee045c18a4962ca,"{""distance"":3,""physical_error_rate"":5e-05}","{""detection_events"":27096,""detectors_checked"":202659840,""obs_mistake_mask=E"":1}"
   2818048,        37,         0,   117.3,decoder_by_matrix,5c8c81bfec719079c388cedc47a351f264c1bf769ae28a89f9b4fc7719fea501,"{""distance"":3,""physical_error_rate"":0.0005}","{""detection_events"":204855,""detectors_checked"":152174592,""obs_mistake_mask=E"":37}"
   6031360,         1,         0,   115.4,decoder_by_matrix,e25b8d07214a8afb95d354611a83b9bb1ded39644e323a8585b3aabf687a4fff,"{""distance"":3,""physical_error_rate"":1e-05}","{""detection_events"":8655,""detectors_checked"":325693440,""obs_mistake_mask=E"":1}"
   2836480,        49,         0,   117.4,decoder_by_matrix,5c8c81bfec719079c388cedc47a351f264c1bf769ae28a89f9b4fc7719fea501,"{""distance"":3,""physical_error_rate"":0.0005}","{""detection_events"":202935,""detectors_checked"":153169920,""obs_mistake_mask=E"":49}"
   3133440,         0,         0,   117.8,decoder_by_matrix,beec9fd12293a9cfe53c9b61fb8ce2a525e4eed38fa75d132d6dc64699336876,"{""distance"":3,""physical_error_rate"":0.0001}","{""detection_events"":46443,""detectors_checked"":169205760}"
   7699456,         0,         0,   114.1,decoder_by_matrix,e9839e3017c9ef118c4b8aeafef39e78c11ecbdb89764e9ca676a7dc2fb6d062,"{""distance"":3,""physical_error_rate"":1e-06}","{""detection_events"":1068,""detectors_checked"":415770624}"
   7681024,         0,         0,   115.6,decoder_by_matrix,e9839e3017c9ef118c4b8aeafef39e78c11ecbdb89764e9ca676a7dc2fb6d062,"{""distance"":3,""physical_error_rate"":1e-06}","{""detection_events"":1179,""detectors_checked"":414775296}"
   3141632,         3,         0,   117.8,decoder_by_matrix,beec9fd12293a9cfe53c9b61fb8ce2a525e4eed38fa75d132d6dc64699336876,"{""distance"":3,""physical_error_rate"":0.0001}","{""detection_events"":46368,""detectors_checked"":169648128,""obs_mistake_mask=E"":3}"
   6855680,         0,         0,   115.7,decoder_by_matrix,560c721f87db01d4cacf7dcb7d8812fecde61e9e7776d4b9e1b1a792578ecad7,"{""distance"":3,""physical_error_rate"":5e-06}","{""detection_events"":4701,""detectors_checked"":370206720}"
   7685120,         0,         0,   114.4,decoder_by_matrix,e9839e3017c9ef118c4b8aeafef39e78c11ecbdb89764e9ca676a7dc2fb6d062,"{""distance"":3,""physical_error_rate"":1e-06}","{""detection_events"":1050,""detectors_checked"":414996480}"
   5967872,         0,         0,   115.2,decoder_by_matrix,e25b8d07214a8afb95d354611a83b9bb1ded39644e323a8585b3aabf687a4fff,"{""distance"":3,""physical_error_rate"":1e-05}","{""detection_events"":8937,""detectors_checked"":322265088}"
   3789824,         1,         0,   116.2,decoder_by_matrix,36e3cd26fed5ec7649ec51fb08c1a5e7d7f30e615782d954fee045c18a4962ca,"{""distance"":3,""physical_error_rate"":5e-05}","{""detection_events"":27765,""detectors_checked"":204650496,""obs_mistake_mask=E"":1}"
   6738944,         0,         0,   115.5,decoder_by_matrix,560c721f87db01d4cacf7dcb7d8812fecde61e9e7776d4b9e1b1a792578ecad7,"{""distance"":3,""physical_error_rate"":5e-06}","{""detection_events"":5118,""detectors_checked"":363902976}"
   2828288,        56,         0,   117.6,decoder_by_matrix,5c8c81bfec719079c388cedc47a351f264c1bf769ae28a89f9b4fc7719fea501,"{""distance"":3,""physical_error_rate"":0.0005}","{""detection_events"":204258,""detectors_checked"":152727552,""obs_mistake_mask=E"":56}"
   3162112,         2,         0,   115.8,decoder_by_matrix,beec9fd12293a9cfe53c9b61fb8ce2a525e4eed38fa75d132d6dc64699336876,"{""distance"":3,""physical_error_rate"":0.0001}","{""detection_events"":44718,""detectors_checked"":170754048,""obs_mistake_mask=E"":2}"
   2819072,        51,         0,   117.1,decoder_by_matrix,5c8c81bfec719079c388cedc47a351f264c1bf769ae28a89f9b4fc7719fea501,"{""distance"":3,""physical_error_rate"":0.0005}","{""detection_events"":202377,""detectors_checked"":152229888,""obs_mistake_mask=E"":51}"
   3147776,         3,         0,   118.3,decoder_by_matrix,beec9fd12293a9cfe53c9b61fb8ce2a525e4eed38fa75d132d6dc64699336876,"{""distance"":3,""physical_error_rate"":0.0001}","{""detection_events"":45918,""detectors_checked"":169979904,""obs_mistake_mask=E"":3}"
   3784704,         2,         0,   116.4,decoder_by_matrix,36e3cd26fed5ec7649ec51fb08c1a5e7d7f30e615782d954fee045c18a4962ca,"{""distance"":3,""physical_error_rate"":5e-05}","{""detection_events"":26703,""detectors_checked"":204374016,""obs_mistake_mask=E"":2}"
   6050816,         0,         0,   115.7,decoder_by_matrix,e25b8d07214a8afb95d354611a83b9bb1ded39644e323a8585b3aabf687a4fff,"{""distance"":3,""physical_error_rate"":1e-05}","{""detection_events"":8736,""detectors_checked"":326744064}"
   7681024,         0,         0,   114.8,decoder_by_matrix,e9839e3017c9ef118c4b8aeafef39e78c11ecbdb89764e9ca676a7dc2fb6d062,"{""distance"":3,""physical_error_rate"":1e-06}","{""detection_events"":1080,""detectors_checked"":414775296}"
   6682624,         0,         0,   114.5,decoder_by_matrix,560c721f87db01d4cacf7dcb7d8812fecde61e9e7776d4b9e1b1a792578ecad7,"{""distance"":3,""physical_error_rate"":5e-06}","{""detection_events"":4950,""detectors_checked"":360861696}"
   2808832,        46,         0,   117.6,decoder_by_matrix,5c8c81bfec719079c388cedc47a351f264c1bf769ae28a89f9b4fc7719fea501,"{""distance"":3,""physical_error_rate"":0.0005}","{""detection_events"":203913,""detectors_checked"":151676928,""obs_mistake_mask=E"":46}"
   2823168,        34,         0,   117.4,decoder_by_matrix,5c8c81bfec719079c388cedc47a351f264c1bf769ae28a89f9b4fc7719fea501,"{""distance"":3,""physical_error_rate"":0.0005}","{""detection_events"":204417,""detectors_checked"":152451072,""obs_mistake_mask=E"":34}"
   3147776,         0,         0,   119.2,decoder_by_matrix,beec9fd12293a9cfe53c9b61fb8ce2a525e4eed38fa75d132d6dc64699336876,"{""distance"":3,""physical_error_rate"":0.0001}","{""detection_events"":47226,""detectors_checked"":169979904}"
   3760128,         0,         0,   116.4,decoder_by_matrix,36e3cd26fed5ec7649ec51fb08c1a5e7d7f30e615782d954fee045c18a4962ca,"{""distance"":3,""physical_error_rate"":5e-05}","{""detection_events"":27426,""detectors_checked"":203046912}"
   6699008,         0,         0,   115.0,decoder_by_matrix,560c721f87db01d4cacf7dcb7d8812fecde61e9e7776d4b9e1b1a792578ecad7,"{""distance"":3,""physical_error_rate"":5e-06}","{""detection_events"":5442,""detectors_checked"":361746432}"
   6811648,         0,         0,   115.6,decoder_by_matrix,560c721f87db01d4cacf7dcb7d8812fecde61e9e7776d4b9e1b1a792578ecad7,"{""distance"":3,""physical_error_rate"":5e-06}","{""detection_events"":4917,""detectors_checked"":367828992}"
   5972992,         0,         0,   115.1,decoder_by_matrix,e25b8d07214a8afb95d354611a83b9bb1ded39644e323a8585b3aabf687a4fff,"{""distance"":3,""physical_error_rate"":1e-05}","{""detection_events"":9033,""detectors_checked"":322541568}"
   3139584,         5,         0,   117.5,decoder_by_matrix,beec9fd12293a9cfe53c9b61fb8ce2a525e4eed38fa75d132d6dc64699336876,"{""distance"":3,""physical_error_rate"":0.0001}","{""detection_events"":46122,""detectors_checked"":169537536,""obs_mistake_mask=E"":5}"
   7675904,         0,         0,   115.4,decoder_by_matrix,e9839e3017c9ef118c4b8aeafef39e78c11ecbdb89764e9ca676a7dc2fb6d062,"{""distance"":3,""physical_error_rate"":1e-06}","{""detection_events"":1230,""detectors_checked"":414498816}"
   6057984,         0,         0,   115.2,decoder_by_matrix,e25b8d07214a8afb95d354611a83b9bb1ded39644e323a8585b3aabf687a4fff,"{""distance"":3,""physical_error_rate"":1e-05}","{""detection_events"":8844,""detectors_checked"":327131136}"
   3765248,         0,         0,   117.3,decoder_by_matrix,36e3cd26fed5ec7649ec51fb08c1a5e7d7f30e615782d954fee045c18a4962ca,"{""distance"":3,""physical_error_rate"":5e-05}","{""detection_events"":27207,""detectors_checked"":203323392}"
   2832384,        49,         0,   116.8,decoder_by_matrix,5c8c81bfec719079c388cedc47a351f264c1bf769ae28a89f9b4fc7719fea501,"{""distance"":3,""physical_error_rate"":0.0005}","{""detection_events"":206151,""detectors_checked"":152948736,""obs_mistake_mask=E"":49}"
   3746816,         2,         0,   116.9,decoder_by_matrix,36e3cd26fed5ec7649ec51fb08c1a5e7d7f30e615782d954fee045c18a4962ca,"{""distance"":3,""physical_error_rate"":5e-05}","{""detection_events"":27408,""detectors_checked"":202328064,""obs_mistake_mask=E"":2}"
   2819072,        59,         0,   117.6,decoder_by_matrix,5c8c81bfec719079c388cedc47a351f264c1bf769ae28a89f9b4fc7719fea501,"{""distance"":3,""physical_error_rate"":0.0005}","{""detection_events"":204717,""detectors_checked"":152229888,""obs_mistake_mask=E"":59}"
   7681024,         0,         0,   114.0,decoder_by_matrix,e9839e3017c9ef118c4b8aeafef39e78c11ecbdb89764e9ca676a7dc2fb6d062,"{""distance"":3,""physical_error_rate"":1e-06}","{""detection_events"":1071,""detectors_checked"":414775296}"
   6012928,         0,         0,   116.2,decoder_by_matrix,e25b8d07214a8afb95d354611a83b9bb1ded39644e323a8585b3aabf687a4fff,"{""distance"":3,""physical_error_rate"":1e-05}","{""detection_events"":8583,""detectors_checked"":324698112}"
   3118080,         2,         0,   116.5,decoder_by_matrix,beec9fd12293a9cfe53c9b61fb8ce2a525e4eed38fa75d132d6dc64699336876,"{""distance"":3,""physical_error_rate"":0.0001}","{""detection_events"":45981,""detectors_checked"":168376320,""obs_mistake_mask=E"":2}"
   7728128,         0,         0,   115.5,decoder_by_matrix,e9839e3017c9ef118c4b8aeafef39e78c11ecbdb89764e9ca676a7dc2fb6d062,"{""distance"":3,""physical_error_rate"":1e-06}","{""detection_events"":1065,""detectors_checked"":417318912}"
   6810624,         0,         0,   114.8,decoder_by_matrix,560c721f87db01d4cacf7dcb7d8812fecde61e9e7776d4b9e1b1a792578ecad7,"{""distance"":3,""physical_error_rate"":5e-06}","{""detection_events"":5130,""detectors_checked"":367773696}"
   3149824,         2,         0,   117.4,decoder_by_matrix,beec9fd12293a9cfe53c9b61fb8ce2a525e4eed38fa75d132d6dc64699336876,"{""distance"":3,""physical_error_rate"":0.0001}","{""detection_events"":46053,""detectors_checked"":170090496,""obs_mistake_mask=E"":2}"
   7624704,         0,         0,   114.5,decoder_by_matrix,e9839e3017c9ef118c4b8aeafef39e78c11ecbdb89764e9ca676a7dc2fb6d062,"{""distance"":3,""physical_error_rate"":1e-06}","{""detection_events"":1260,""detectors_checked"":411734016}"
   5979136,         0,         0,   116.5,decoder_by_matrix,e25b8d07214a8afb95d354611a83b9bb1ded39644e323a8585b3aabf687a4fff,"{""distance"":3,""physical_error_rate"":1e-05}","{""detection_events"":8826,""detectors_checked"":322873344}"
   3773440,         1,         0,   117.8,decoder_by_matrix,36e3cd26fed5ec7649ec51fb08c1a5e7d7f30e615782d954fee045c18a4962ca,"{""distance"":3,""physical_error_rate"":5e-05}","{""detection_events"":27171,""detectors_checked"":203765760,""obs_mistake_mask=E"":1}"
   6749184,         0,         0,   115.6,decoder_by_matrix,560c721f87db01d4cacf7dcb7d8812fecde61e9e7776d4b9e1b1a792578ecad7,"{""distance"":3,""physical_error_rate"":5e-06}","{""detection_events"":4911,""detectors_checked"":364455936}"
   2823168,        44,         0,   117.7,decoder_by_matrix,5c8c81bfec719079c388cedc47a351f264c1bf769ae28a89f9b4fc7719fea501,"{""distance"":3,""physical_error_rate"":0.0005}","{""detection_events"":206625,""detectors_checked"":152451072,""obs_mistake_mask=E"":44}"
   2822144,        45,         0,   117.0,decoder_by_matrix,5c8c81bfec719079c388cedc47a351f264c1bf769ae28a89f9b4fc7719fea501,"{""distance"":3,""physical_error_rate"":0.0005}","{""detection_events"":204120,""detectors_checked"":152395776,""obs_mistake_mask=E"":45}"
   3156992,         3,         0,   118.2,decoder_by_matrix,beec9fd12293a9cfe53c9b61fb8ce2a525e4eed38fa75d132d6dc64699336876,"{""distance"":3,""physical_error_rate"":0.0001}","{""detection_events"":45783,""detectors_checked"":170477568,""obs_mistake_mask=E"":3}"
   3167232,         3,         0,   117.8,decoder_by_matrix,beec9fd12293a9cfe53c9b61fb8ce2a525e4eed38fa75d132d6dc64699336876,"{""distance"":3,""physical_error_rate"":0.0001}","{""detection_events"":47127,""detectors_checked"":171030528,""obs_mistake_mask=E"":3}"
   3811328,         1,         0,   116.9,decoder_by_matrix,36e3cd26fed5ec7649ec51fb08c1a5e7d7f30e615782d954fee045c18a4962ca,"{""distance"":3,""physical_error_rate"":5e-05}","{""detection_events"":26796,""detectors_checked"":205811712,""obs_mistake_mask=E"":1}"
   5941248,         0,         0,   114.8,decoder_by_matrix,e25b8d07214a8afb95d354611a83b9bb1ded39644e323a8585b3aabf687a4fff,"{""distance"":3,""physical_error_rate"":1e-05}","{""detection_events"":8745,""detectors_checked"":320827392}"
   7696384,         0,         0,   114.0,decoder_by_matrix,e9839e3017c9ef118c4b8aeafef39e78c11ecbdb89764e9ca676a7dc2fb6d062,"{""distance"":3,""physical_error_rate"":1e-06}","{""detection_events"":987,""detectors_checked"":415604736}"
   6718464,         0,         0,   115.0,decoder_by_matrix,560c721f87db01d4cacf7dcb7d8812fecde61e9e7776d4b9e1b1a792578ecad7,"{""distance"":3,""physical_error_rate"":5e-06}","{""detection_events"":4794,""detectors_checked"":362797056}"
   2795520,        51,         0,   118.0,decoder_by_matrix,5c8c81bfec719079c388cedc47a351f264c1bf769ae28a89f9b4fc7719fea501,"{""distance"":3,""physical_error_rate"":0.0005}","{""detection_events"":203883,""detectors_checked"":150958080,""obs_mistake_mask=E"":51}"
   2825216,        37,         0,   116.7,decoder_by_matrix,5c8c81bfec719079c388cedc47a351f264c1bf769ae28a89f9b4fc7719fea501,"{""distance"":3,""physical_error_rate"":0.0005}","{""detection_events"":204096,""detectors_checked"":152561664,""obs_mistake_mask=E"":37}"
   3137536,         2,         0,   116.6,decoder_by_matrix,beec9fd12293a9cfe53c9b61fb8ce2a525e4eed38fa75d132d6dc64699336876,"{""distance"":3,""physical_error_rate"":0.0001}","{""detection_events"":45990,""detectors_checked"":169426944,""obs_mistake_mask=E"":2}"
   3766272,         1,         0,   117.9,decoder_by_matrix,36e3cd26fed5ec7649ec51fb08c1a5e7d7f30e615782d954fee045c18a4962ca,"{""distance"":3,""physical_error_rate"":5e-05}","{""detection_events"":27189,""detectors_checked"":203378688,""obs_mistake_mask=E"":1}"
   6820864,         0,         0,   116.4,decoder_by_matrix,560c721f87db01d4cacf7dcb7d8812fecde61e9e7776d4b9e1b1a792578ecad7,"{""distance"":3,""physical_error_rate"":5e-06}","{""detection_events"":4737,""detectors_checked"":368326656}"
   6848512,         0,         0,   115.7,decoder_by_matrix,560c721f87db01d4cacf7dcb7d8812fecde61e9e7776d4b9e1b1a792578ecad7,"{""distance"":3,""physical_error_rate"":5e-06}","{""detection_events"":4647,""detectors_checked"":369819648}"
   5996544,         0,         0,   113.7,decoder_by_matrix,e25b8d07214a8afb95d354611a83b9bb1ded39644e323a8585b3aabf687a4fff,"{""distance"":3,""physical_error_rate"":1e-05}","{""detection_events"":8733,""detectors_checked"":323813376}"
   3123200,         4,         0,   118.0,decoder_by_matrix,beec9fd12293a9cfe53c9b61fb8ce2a525e4eed38fa75d132d6dc64699336876,"{""distance"":3,""physical_error_rate"":0.0001}","{""detection_events"":45933,""detectors_checked"":168652800,""obs_mistake_mask=E"":4}"
   7707648,         0,         0,   114.3,decoder_by_matrix,e9839e3017c9ef118c4b8aeafef39e78c11ecbdb89764e9ca676a7dc2fb6d062,"{""distance"":3,""physical_error_rate"":1e-06}","{""detection_events"":960,""detectors_checked"":416212992}"
   6012928,         0,         0,   115.0,decoder_by_matrix,e25b8d07214a8afb95d354611a83b9bb1ded39644e323a8585b3aabf687a4fff,"{""distance"":3,""physical_error_rate"":1e-05}","{""detection_events"":8688,""detectors_checked"":324698112}"
   3747840,         0,         0,   117.1,decoder_by_matrix,36e3cd26fed5ec7649ec51fb08c1a5e7d7f30e615782d954fee045c18a4962ca,"{""distance"":3,""physical_error_rate"":5e-05}","{""detection_events"":28008,""detectors_checked"":202383360}"
   2833408,        55,         0,   117.8,decoder_by_matrix,5c8c81bfec719079c388cedc47a351f264c1bf769ae28a89f9b4fc7719fea501,"{""distance"":3,""physical_error_rate"":0.0005}","{""detection_events"":206103,""detectors_checked"":153004032,""obs_mistake_mask=E"":55}"
   6018048,         0,         0,   116.6,decoder_by_matrix,e25b8d07214a8afb95d354611a83b9bb1ded39644e323a8585b3aabf687a4fff,"{""distance"":3,""physical_error_rate"":1e-05}","{""detection_events"":8403,""detectors_checked"":324974592}"
   7687168,         0,         0,   115.7,decoder_by_matrix,e9839e3017c9ef118c4b8aeafef39e78c11ecbdb89764e9ca676a7dc2fb6d062,"{""distance"":3,""physical_error_rate"":1e-06}","{""detection_events"":1140,""detectors_checked"":415107072}"
   2819072,        40,         0,   117.5,decoder_by_matrix,5c8c81bfec719079c388cedc47a351f264c1bf769ae28a89f9b4fc7719fea501,"{""distance"":3,""physical_error_rate"":0.0005}","{""detection_events"":206961,""detectors_checked"":152229888,""obs_mistake_mask=E"":40}"
   3756032,         0,         0,   116.9,decoder_by_matrix,36e3cd26fed5ec7649ec51fb08c1a5e7d7f30e615782d954fee045c18a4962ca,"{""distance"":3,""physical_error_rate"":5e-05}","{""detection_events"":28098,""detectors_checked"":202825728}"
   3139584,         2,         0,   117.8,decoder_by_matrix,beec9fd12293a9cfe53c9b61fb8ce2a525e4eed38fa75d132d6dc64699336876,"{""distance"":3,""physical_error_rate"":0.0001}","{""detection_events"":46395,""detectors_checked"":169537536,""obs_mistake_mask=E"":2}"
   7733248,         0,         0,   114.4,decoder_by_matrix,e9839e3017c9ef118c4b8aeafef39e78c11ecbdb89764e9ca676a7dc2fb6d062,"{""distance"":3,""physical_error_rate"":1e-06}","{""detection_events"":915,""detectors_checked"":417595392}"
   6829056,         0,         0,   114.9,decoder_by_matrix,560c721f87db01d4cacf7dcb7d8812fecde61e9e7776d4b9e1b1a792578ecad7,"{""distance"":3,""physical_error_rate"":5e-06}","{""detection_events"":4917,""detectors_checked"":368769024}"
   3173376,         0,         0,   117.6,decoder_by_matrix,beec9fd12293a9cfe53c9b61fb8ce2a525e4eed38fa75d132d6dc64699336876,"{""distance"":3,""physical_error_rate"":0.0001}","{""detection_events"":46638,""detectors_checked"":171362304}"
   7652352,         0,         0,   114.0,decoder_by_matrix,e9839e3017c9ef118c4b8aeafef39e78c11ecbdb89764e9ca676a7dc2fb6d062,"{""distance"":3,""physical_error_rate"":1e-06}","{""detection_events"":1137,""detectors_checked"":413227008}"
   5996544,         0,         0,   113.6,decoder_by_matrix,e25b8d07214a8afb95d354611a83b9bb1ded39644e323a8585b3aabf687a4fff,"{""distance"":3,""physical_error_rate"":1e-05}","{""detection_events"":8772,""detectors_checked"":323813376}"
   3735552,         2,         0,   118.3,decoder_by_matrix,36e3cd26fed5ec7649ec51fb08c1a5e7d7f30e615782d954fee045c18a4962ca,"{""distance"":3,""physical_error_rate"":5e-05}","{""detection_events"":28182,""detectors_checked"":201719808,""obs_mistake_mask=E"":2}"
   6712320,         0,         0,   115.7,decoder_by_matrix,560c721f87db01d4cacf7dcb7d8812fecde61e9e7776d4b9e1b1a792578ecad7,"{""distance"":3,""physical_error_rate"":5e-06}","{""detection_events"":5184,""detectors_checked"":362465280}"
   2823168,        50,         0,   118.0,decoder_by_matrix,5c8c81bfec719079c388cedc47a351f264c1bf769ae28a89f9b4fc7719fea501,"{""distance"":3,""physical_error_rate"":0.0005}","{""detection_events"":206703,""detectors_checked"":152451072,""obs_mistake_mask=E"":50}"
   2819072,        52,         0,   117.9,decoder_by_matrix,5c8c81bfec719079c388cedc47a351f264c1bf769ae28a89f9b4fc7719fea501,"{""distance"":3,""physical_error_rate"":0.0005}","{""detection_events"":202098,""detectors_checked"":152229888,""obs_mistake_mask=E"":52}"
   3117056,         3,         0,   118.5,decoder_by_matrix,beec9fd12293a9cfe53c9b61fb8ce2a525e4eed38fa75d132d6dc64699336876,"{""distance"":3,""physical_error_rate"":0.0001}","{""detection_events"":45258,""detectors_checked"":168321024,""obs_mistake_mask=E"":3}"
   3153920,         0,         0,   117.5,decoder_by_matrix,beec9fd12293a9cfe53c9b61fb8ce2a525e4eed38fa75d132d6dc64699336876,"{""distance"":3,""physical_error_rate"":0.0001}","{""detection_events"":45747,""detectors_checked"":170311680}"
   3725312,         2,         0,   117.1,decoder_by_matrix,36e3cd26fed5ec7649ec51fb08c1a5e7d7f30e615782d954fee045c18a4962ca,"{""distance"":3,""physical_error_rate"":5e-05}","{""detection_events"":27819,""detectors_checked"":201166848,""obs_mistake_mask=E"":2}"
   6048768,         0,         0,   117.2,decoder_by_matrix,e25b8d07214a8afb95d354611a83b9bb1ded39644e323a8585b3aabf687a4fff,"{""distance"":3,""physical_error_rate"":1e-05}","{""detection_events"":8415,""detectors_checked"":326633472}"
   7648256,         0,         0,   115.5,decoder_by_matrix,e9839e3017c9ef118c4b8aeafef39e78c11ecbdb89764e9ca676a7dc2fb6d062,"{""distance"":3,""physical_error_rate"":1e-06}","{""detection_events"":1236,""detectors_checked"":413005824}"
   6607872,         0,         0,   115.4,decoder_by_matrix,560c721f87db01d4cacf7dcb7d8812fecde61e9e7776d4b9e1b1a792578ecad7,"{""distance"":3,""physical_error_rate"":5e-06}","{""detection_events"":5202,""detectors_checked"":356825088}"
   2809856,        65,         0,   117.5,decoder_by_matrix,5c8c81bfec719079c388cedc47a351f264c1bf769ae28a89f9b4fc7719fea501,"{""distance"":3,""physical_error_rate"":0.0005}","{""detection_events"":204690,""detectors_checked"":151732224,""obs_mistake_mask=E"":65}"
   2827264,        61,         0,   117.6,decoder_by_matrix,5c8c81bfec719079c388cedc47a351f264c1bf769ae28a89f9b4fc7719fea501,"{""distance"":3,""physical_error_rate"":0.0005}","{""detection_events"":205269,""detectors_checked"":152672256,""obs_mistake_mask=E"":61}"
   3168256,         4,         0,   116.1,decoder_by_matrix,beec9fd12293a9cfe53c9b61fb8ce2a525e4eed38fa75d132d6dc64699336876,"{""distance"":3,""physical_error_rate"":0.0001}","{""detection_events"":46176,""detectors_checked"":171085824,""obs_mistake_mask=E"":4}"
   3751936,         1,         0,   116.2,decoder_by_matrix,36e3cd26fed5ec7649ec51fb08c1a5e7d7f30e615782d954fee045c18a4962ca,"{""distance"":3,""physical_error_rate"":5e-05}","{""detection_events"":27405,""detectors_checked"":202604544,""obs_mistake_mask=E"":1}"
   6764544,         0,         0,   113.2,decoder_by_matrix,560c721f87db01d4cacf7dcb7d8812fecde61e9e7776d4b9e1b1a792578ecad7,"{""distance"":3,""physical_error_rate"":5e-06}","{""detection_events"":5283,""detectors_checked"":365285376}"
   6761472,         0,         0,   115.8,decoder_by_matrix,560c721f87db01d4cacf7dcb7d8812fecde61e9e7776d4b9e1b1a792578ecad7,"{""distance"":3,""physical_error_rate"":5e-06}","{""detection_events"":4902,""detectors_checked"":365119488}"
   6014976,         0,         0,   115.5,decoder_by_matrix,e25b8d07214a8afb95d354611a83b9bb1ded39644e323a8585b3aabf687a4fff,"{""distance"":3,""physical_error_rate"":1e-05}","{""detection_events"":8718,""detectors_checked"":324808704}"
   7714816,         0,         0,   115.4,decoder_by_matrix,e9839e3017c9ef118c4b8aeafef39e78c11ecbdb89764e9ca676a7dc2fb6d062,"{""distance"":3,""physical_error_rate"":1e-06}","{""detection_events"":1005,""detectors_checked"":416600064}"
   3140608,         3,         0,   118.3,decoder_by_matrix,beec9fd12293a9cfe53c9b61fb8ce2a525e4eed38fa75d132d6dc64699336876,"{""distance"":3,""physical_error_rate"":0.0001}","{""detection_events"":45633,""detectors_checked"":169592832,""obs_mistake_mask=E"":3}"
   6022144,         0,         0,   116.0,decoder_by_matrix,e25b8d07214a8afb95d354611a83b9bb1ded39644e323a8585b3aabf687a4fff,"{""distance"":3,""physical_error_rate"":1e-05}","{""detection_events"":8577,""detectors_checked"":325195776}"
   2835456,        37,         0,   117.3,decoder_by_matrix,5c8c81bfec719079c388cedc47a351f264c1bf769ae28a89f9b4fc7719fea501,"{""distance"":3,""physical_error_rate"":0.0005}","{""detection_events"":205974,""detectors_checked"":153114624,""obs_mistake_mask=E"":37}"
   3716096,         0,         0,   117.6,decoder_by_matrix,36e3cd26fed5ec7649ec51fb08c1a5e7d7f30e615782d954fee045c18a4962ca,"{""distance"":3,""physical_error_rate"":5e-05}","{""detection_events"":26883,""detectors_checked"":200669184}"
   5933056,         0,         0,   114.7,decoder_by_matrix,e25b8d07214a8afb95d354611a83b9bb1ded39644e323a8585b3aabf687a4fff,"{""distance"":3,""physical_error_rate"":1e-05}","{""detection_events"":8685,""detectors_checked"":320385024}"
   3791872,         1,         0,   118.0,decoder_by_matrix,36e3cd26fed5ec7649ec51fb08c1a5e7d7f30e615782d954fee045c18a4962ca,"{""distance"":3,""physical_error_rate"":5e-05}","{""detection_events"":27375,""detectors_checked"":204761088,""obs_mistake_mask=E"":1}"
   7666688,         0,         0,   114.0,decoder_by_matrix,e9839e3017c9ef118c4b8aeafef39e78c11ecbdb89764e9ca676a7dc2fb6d062,"{""distance"":3,""physical_error_rate"":1e-06}","{""detection_events"":1137,""detectors_checked"":414001152}"
   3147776,         0,         0,   117.8,decoder_by_matrix,beec9fd12293a9cfe53c9b61fb8ce2a525e4eed38fa75d132d6dc64699336876,"{""distance"":3,""physical_error_rate"":0.0001}","{""detection_events"":45429,""detectors_checked"":169979904}"
   2821120,        48,         0,   118.3,decoder_by_matrix,5c8c81bfec719079c388cedc47a351f264c1bf769ae28a89f9b4fc7719fea501,"{""distance"":3,""physical_error_rate"":0.0005}","{""detection_events"":204921,""detectors_checked"":152340480,""obs_mistake_mask=E"":48}"
   7716864,         0,         0,   114.3,decoder_by_matrix,e9839e3017c9ef118c4b8aeafef39e78c11ecbdb89764e9ca676a7dc2fb6d062,"{""distance"":3,""physical_error_rate"":1e-06}","{""detection_events"":996,""detectors_checked"":416710656}"
   6781952,         0,         0,   116.1,decoder_by_matrix,560c721f87db01d4cacf7dcb7d8812fecde61e9e7776d4b9e1b1a792578ecad7,"{""distance"":3,""physical_error_rate"":5e-06}","{""detection_events"":5097,""detectors_checked"":366225408}"
   3177472,         0,         0,   117.6,decoder_by_matrix,beec9fd12293a9cfe53c9b61fb8ce2a525e4eed38fa75d132d6dc64699336876,"{""distance"":3,""physical_error_rate"":0.0001}","{""detection_events"":46473,""detectors_checked"":171583488}"
   7658496,         0,         0,   114.4,decoder_by_matrix,e9839e3017c9ef118c4b8aeafef39e78c11ecbdb89764e9ca676a7dc2fb6d062,"{""distance"":3,""physical_error_rate"":1e-06}","{""detection_events"":1161,""detectors_checked"":413558784}"
   6130688,         0,         0,   115.6,decoder_by_matrix,e25b8d07214a8afb95d354611a83b9bb1ded39644e323a8585b3aabf687a4fff,"{""distance"":3,""physical_error_rate"":1e-05}","{""detection_events"":8313,""detectors_checked"":331057152}"
   3731456,         1,         0,   116.8,decoder_by_matrix,36e3cd26fed5ec7649ec51fb08c1a5e7d7f30e615782d954fee045c18a4962ca,"{""distance"":3,""physical_error_rate"":5e-05}","{""detection_events"":27777,""detectors_checked"":201498624,""obs_mistake_mask=E"":1}"
   6796288,         0,         0,   115.8,decoder_by_matrix,560c721f87db01d4cacf7dcb7d8812fecde61e9e7776d4b9e1b1a792578ecad7,"{""distance"":3,""physical_error_rate"":5e-06}","{""detection_events"":4953,""detectors_checked"":366999552}"
   2825216,        46,         0,   118.1,decoder_by_matrix,5c8c81bfec719079c388cedc47a351f264c1bf769ae28a89f9b4fc7719fea501,"{""distance"":3,""physical_error_rate"":0.0005}","{""detection_events"":205560,""detectors_checked"":152561664,""obs_mistake_mask=E"":46}"
   2820096,        58,         0,   117.0,decoder_by_matrix,5c8c81bfec719079c388cedc47a351f264c1bf769ae28a89f9b4fc7719fea501,"{""distance"":3,""physical_error_rate"":0.0005}","{""detection_events"":205197,""detectors_checked"":152285184,""obs_mistake_mask=E"":58}"
   3143680,         2,         0,   118.2,decoder_by_matrix,beec9fd12293a9cfe53c9b61fb8ce2a525e4eed38fa75d132d6dc64699336876,"{""distance"":3,""physical_error_rate"":0.0001}","{""detection_events"":44610,""detectors_checked"":169758720,""obs_mistake_mask=E"":2}"
   3142656,         2,         0,   118.0,decoder_by_matrix,beec9fd12293a9cfe53c9b61fb8ce2a525e4eed38fa75d132d6dc64699336876,"{""distance"":3,""physical_error_rate"":0.0001}","{""detection_events"":45177,""detectors_checked"":169703424,""obs_mistake_mask=E"":2}"
   3740672,         0,         0,   118.1,decoder_by_matrix,36e3cd26fed5ec7649ec51fb08c1a5e7d7f30e615782d954fee045c18a4962ca,"{""distance"":3,""physical_error_rate"":5e-05}","{""detection_events"":27384,""detectors_checked"":201996288}"
   6012928,         0,         0,   115.6,decoder_by_matrix,e25b8d07214a8afb95d354611a83b9bb1ded39644e323a8585b3aabf687a4fff,"{""distance"":3,""physical_error_rate"":1e-05}","{""detection_events"":8607,""detectors_checked"":324698112}"
   7663616,         0,         0,   113.7,decoder_by_matrix,e9839e3017c9ef118c4b8aeafef39e78c11ecbdb89764e9ca676a7dc2fb6d062,"{""distance"":3,""physical_error_rate"":1e-06}","{""detection_events"":1119,""detectors_checked"":413835264}"
   6669312,         0,         0,   116.0,decoder_by_matrix,560c721f87db01d4cacf7dcb7d8812fecde61e9e7776d4b9e1b1a792578ecad7,"{""distance"":3,""physical_error_rate"":5e-06}","{""detection_events"":5046,""detectors_checked"":360142848}"
   2809856,        48,         0,   116.8,decoder_by_matrix,5c8c81bfec719079c388cedc47a351f264c1bf769ae28a89f9b4fc7719fea501,"{""distance"":3,""physical_error_rate"":0.0005}","{""detection_events"":205365,""detectors_checked"":151732224,""obs_mistake_mask=E"":48}"
   2830336,        60,         0,   117.2,decoder_by_matrix,5c8c81bfec719079c388cedc47a351f264c1bf769ae28a89f9b4fc7719fea501,"{""distance"":3,""physical_error_rate"":0.0005}","{""detection_events"":207318,""detectors_checked"":152838144,""obs_mistake_mask=E"":60}"
   3167232,         0,         0,   117.8,decoder_by_matrix,beec9fd12293a9cfe53c9b61fb8ce2a525e4eed38fa75d132d6dc64699336876,"{""distance"":3,""physical_error_rate"":0.0001}","{""detection_events"":45516,""detectors_checked"":171030528}"
   3731456,         1,         0,   117.0,decoder_by_matrix,36e3cd26fed5ec7649ec51fb08c1a5e7d7f30e615782d954fee045c18a4962ca,"{""distance"":3,""physical_error_rate"":5e-05}","{""detection_events"":27624,""detectors_checked"":201498624,""obs_mistake_mask=E"":1}"
   6838272,         0,         0,   115.9,decoder_by_matrix,560c721f87db01d4cacf7dcb7d8812fecde61e9e7776d4b9e1b1a792578ecad7,"{""distance"":3,""physical_error_rate"":5e-06}","{""detection_events"":4791,""detectors_checked"":369266688}"
   6844416,         0,         0,   114.8,decoder_by_matrix,560c721f87db01d4cacf7dcb7d8812fecde61e9e7776d4b9e1b1a792578ecad7,"{""distance"":3,""physical_error_rate"":5e-06}","{""detection_events"":4893,""detectors_checked"":369598464}"
   6043648,         0,         0,   115.3,decoder_by_matrix,e25b8d07214a8afb95d354611a83b9bb1ded39644e323a8585b3aabf687a4fff,"{""distance"":3,""physical_error_rate"":1e-05}","{""detection_events"":8709,""detectors_checked"":326356992}"
   7684096,         0,         0,   114.2,decoder_by_matrix,e9839e3017c9ef118c4b8aeafef39e78c11ecbdb89764e9ca676a7dc2fb6d062,"{""distance"":3,""physical_error_rate"":1e-06}","{""detection_events"":1266,""detectors_checked"":414941184}"
   5981184,         0,         0,   114.9,decoder_by_matrix,e25b8d07214a8afb95d354611a83b9bb1ded39644e323a8585b3aabf687a4fff,"{""distance"":3,""physical_error_rate"":1e-05}","{""detection_events"":9075,""detectors_checked"":322983936}"
   3177472,         1,         0,   117.9,decoder_by_matrix,beec9fd12293a9cfe53c9b61fb8ce2a525e4eed38fa75d132d6dc64699336876,"{""distance"":3,""physical_error_rate"":0.0001}","{""detection_events"":45957,""detectors_checked"":171583488,""obs_mistake_mask=E"":1}"
   2831360,        61,         0,   117.2,decoder_by_matrix,5c8c81bfec719079c388cedc47a351f264c1bf769ae28a89f9b4fc7719fea501,"{""distance"":3,""physical_error_rate"":0.0005}","{""detection_events"":206487,""detectors_checked"":152893440,""obs_mistake_mask=E"":61}"
   7640064,         0,         0,   114.8,decoder_by_matrix,e9839e3017c9ef118c4b8aeafef39e78c11ecbdb89764e9ca676a7dc2fb6d062,"{""distance"":3,""physical_error_rate"":1e-06}","{""detection_events"":1215,""detectors_checked"":412563456}"
   5924864,         1,         0,   116.2,decoder_by_matrix,e25b8d07214a8afb95d354611a83b9bb1ded39644e323a8585b3aabf687a4fff,"{""distance"":3,""physical_error_rate"":1e-05}","{""detection_events"":8823,""detectors_checked"":319942656,""obs_mistake_mask=E"":1}"
   3773440,         2,         0,   117.0,decoder_by_matrix,36e3cd26fed5ec7649ec51fb08c1a5e7d7f30e615782d954fee045c18a4962ca,"{""distance"":3,""physical_error_rate"":5e-05}","{""detection_events"":27606,""detectors_checked"":203765760,""obs_mistake_mask=E"":2}"
   3770368,         0,         0,   117.2,decoder_by_matrix,36e3cd26fed5ec7649ec51fb08c1a5e7d7f30e615782d954fee045c18a4962ca,"{""distance"":3,""physical_error_rate"":5e-05}","{""detection_events"":28248,""detectors_checked"":203599872}"
   3134464,         2,         0,   117.6,decoder_by_matrix,beec9fd12293a9cfe53c9b61fb8ce2a525e4eed38fa75d132d6dc64699336876,"{""distance"":3,""physical_error_rate"":0.0001}","{""detection_events"":45783,""detectors_checked"":169261056,""obs_mistake_mask=E"":2}"
   7710720,         0,         0,   113.7,decoder_by_matrix,e9839e3017c9ef118c4b8aeafef39e78c11ecbdb89764e9ca676a7dc2fb6d062,"{""distance"":3,""physical_error_rate"":1e-06}","{""detection_events"":1014,""detectors_checked"":416378880}"
   2814976,        61,         0,   117.5,decoder_by_matrix,5c8c81bfec719079c388cedc47a351f264c1bf769ae28a89f9b4fc7719fea501,"{""distance"":3,""physical_error_rate"":0.0005}","{""detection_events"":206613,""detectors_checked"":152008704,""obs_mistake_mask=E"":61}"
   6858752,         0,         0,   114.6,decoder_by_matrix,560c721f87db01d4cacf7dcb7d8812fecde61e9e7776d4b9e1b1a792578ecad7,"{""distance"":3,""physical_error_rate"":5e-06}","{""detection_events"":4752,""detectors_checked"":370372608}"
   3171328,         2,         0,   117.2,decoder_by_matrix,beec9fd12293a9cfe53c9b61fb8ce2a525e4eed38fa75d132d6dc64699336876,"{""distance"":3,""physical_error_rate"":0.0001}","{""detection_events"":46332,""detectors_checked"":171251712,""obs_mistake_mask=E"":2}"
   7694336,         0,         0,   114.5,decoder_by_matrix,e9839e3017c9ef118c4b8aeafef39e78c11ecbdb89764e9ca676a7dc2fb6d062,"{""distance"":3,""physical_error_rate"":1e-06}","{""detection_events"":1038,""detectors_checked"":415494144}"
   5992448,         0,         0,   116.5,decoder_by_matrix,e25b8d07214a8afb95d354611a83b9bb1ded39644e323a8585b3aabf687a4fff,"{""distance"":3,""physical_error_rate"":1e-05}","{""detection_events"":8781,""detectors_checked"":323592192}"
   6746112,         0,         0,   115.1,decoder_by_matrix,560c721f87db01d4cacf7dcb7d8812fecde61e9e7776d4b9e1b1a792578ecad7,"{""distance"":3,""physical_error_rate"":5e-06}","{""detection_events"":5250,""detectors_checked"":364290048}"
   3779584,         1,         0,   117.2,decoder_by_matrix,36e3cd26fed5ec7649ec51fb08c1a5e7d7f30e615782d954fee045c18a4962ca,"{""distance"":3,""physical_error_rate"":5e-05}","{""detection_events"":27714,""detectors_checked"":204097536,""obs_mistake_mask=E"":1}"
   2825216,        56,         0,   117.7,decoder_by_matrix,5c8c81bfec719079c388cedc47a351f264c1bf769ae28a89f9b4fc7719fea501,"{""distance"":3,""physical_error_rate"":0.0005}","{""detection_events"":205311,""detectors_checked"":152561664,""obs_mistake_mask=E"":56}"
   2824192,        44,         0,   117.0,decoder_by_matrix,5c8c81bfec719079c388cedc47a351f264c1bf769ae28a89f9b4fc7719fea501,"{""distance"":3,""physical_error_rate"":0.0005}","{""detection_events"":205983,""detectors_checked"":152506368,""obs_mistake_mask=E"":44}"
   3141632,         3,         0,   117.6,decoder_by_matrix,beec9fd12293a9cfe53c9b61fb8ce2a525e4eed38fa75d132d6dc64699336876,"{""distance"":3,""physical_error_rate"":0.0001}","{""detection_events"":46827,""detectors_checked"":169648128,""obs_mistake_mask=E"":3}"
   3138560,         2,         0,   117.6,decoder_by_matrix,beec9fd12293a9cfe53c9b61fb8ce2a525e4eed38fa75d132d6dc64699336876,"{""distance"":3,""physical_error_rate"":0.0001}","{""detection_events"":45219,""detectors_checked"":169482240,""obs_mistake_mask=E"":2}"
   4777322,         0,         0,    71.3,decoder_by_matrix,e9839e3017c9ef118c4b8aeafef39e78c11ecbdb89764e9ca676a7dc2fb6d062,"{""distance"":3,""physical_error_rate"":1e-06}","{""detection_events"":672,""detectors_checked"":257975388}"
   7168000,         0,         0,   107.5,decoder_by_matrix,e9839e3017c9ef118c4b8aeafef39e78c11ecbdb89764e9ca676a7dc2fb6d062,"{""distance"":3,""physical_error_rate"":1e-06}","{""detection_events"":1266,""detectors_checked"":387072000}"
   4782080,         0,         0,    70.7,decoder_by_matrix,e9839e3017c9ef118c4b8aeafef39e78c11ecbdb89764e9ca676a7dc2fb6d062,"{""distance"":3,""physical_error_rate"":1e-06}","{""detection_events"":645,""detectors_checked"":258232320}"
   2813952,         0,         0,    42.4,decoder_by_matrix,e9839e3017c9ef118c4b8aeafef39e78c11ecbdb89764e9ca676a7dc2fb6d062,"{""distance"":3,""physical_error_rate"":1e-06}","{""detection_events"":528,""detectors_checked"":151953408}"
   4788224,         0,         0,    71.9,decoder_by_matrix,e9839e3017c9ef118c4b8aeafef39e78c11ecbdb89764e9ca676a7dc2fb6d062,"{""distance"":3,""physical_error_rate"":1e-06}","{""detection_events"":753,""detectors_checked"":258564096}"
    320337,         0,         0,    4.53,decoder_by_matrix,e9839e3017c9ef118c4b8aeafef39e78c11ecbdb89764e9ca676a7dc2fb6d062,"{""distance"":3,""physical_error_rate"":1e-06}","{""detection_events"":27,""detectors_checked"":17298198}"
    308224,         0,         0,    4.36,decoder_by_matrix,e9839e3017c9ef118c4b8aeafef39e78c11ecbdb89764e9ca676a7dc2fb6d062,"{""distance"":3,""physical_error_rate"":1e-06}","{""detection_events"":21,""detectors_checked"":16644096}"
    296960,         0,         0,    4.57,decoder_by_matrix,e9839e3017c9ef118c4b8aeafef39e78c11ecbdb89764e9ca676a7dc2fb6d062,"{""distance"":3,""physical_error_rate"":1e-06}","{""detection_events"":96,""detectors_checked"":16035840}"
    316416,         0,         0,    4.72,decoder_by_matrix,e9839e3017c9ef118c4b8aeafef39e78c11ecbdb89764e9ca676a7dc2fb6d062,"{""distance"":3,""physical_error_rate"":1e-06}","{""detection_events"":30,""detectors_checked"":17086464}"
    314368,         0,         0,    4.74,decoder_by_matrix,e9839e3017c9ef118c4b8aeafef39e78c11ecbdb89764e9ca676a7dc2fb6d062,"{""distance"":3,""physical_error_rate"":1e-06}","{""detection_events"":45,""detectors_checked"":16975872}"
      3921,         0,         0,   0.002,decoder_by_matrix,e9839e3017c9ef118c4b8aeafef39e78c11ecbdb89764e9ca676a7dc2fb6d062,"{""distance"":3,""physical_error_rate"":1e-06}","{""detectors_checked"":211734}"
      6723,         0,         0,   0.003,decoder_by_matrix,e9839e3017c9ef118c4b8aeafef39e78c11ecbdb89764e9ca676a7dc2fb6d062,"{""distance"":3,""physical_error_rate"":1e-06}","{""detectors_checked"":363042}"
      8292,         0,         0,   0.004,decoder_by_matrix,e9839e3017c9ef118c4b8aeafef39e78c11ecbdb89764e9ca676a7dc2fb6d062,"{""distance"":3,""physical_error_rate"":1e-06}","{""detectors_checked"":447768}"
      6948,         0,         0,   0.003,decoder_by_matrix,e9839e3017c9ef118c4b8aeafef39e78c11ecbdb89764e9ca676a7dc2fb6d062,"{""distance"":3,""physical_error_rate"":1e-06}","{""detectors_checked"":375192}"
      8192,         0,         0,   0.086,decoder_by_matrix,e9839e3017c9ef118c4b8aeafef39e78c11ecbdb89764e9ca676a7dc2fb6d062,"{""distance"":3,""physical_error_rate"":1e-06}","{""detectors_checked"":442368}"
      2128,         0,         0,   0.001,decoder_by_matrix,e9839e3017c9ef118c4b8aeafef39e78c11ecbdb89764e9ca676a7dc2fb6d062,"{""distance"":3,""physical_error_rate"":1e-06}","{""detectors_checked"":114912}"
      6948,         0,         0,   0.104,decoder_by_matrix,e9839e3017c9ef118c4b8aeafef39e78c11ecbdb89764e9ca676a7dc2fb6d062,"{""distance"":3,""physical_error_rate"":1e-06}","{""detectors_checked"":375192}"
       446,         0,         0,   0.000,decoder_by_matrix,e9839e3017c9ef118c4b8aeafef39e78c11ecbdb89764e9ca676a7dc2fb6d062,"{""distance"":3,""physical_error_rate"":1e-06}","{""detectors_checked"":24084}"
         6,         0,         0,   0.000,decoder_by_matrix,e9839e3017c9ef118c4b8aeafef39e78c11ecbdb89764e9ca676a7dc2fb6d062,"{""distance"":3,""physical_error_rate"":1e-06}","{""detectors_checked"":324}"
       357,         0,         0,   0.000,decoder_by_matrix,e9839e3017c9ef118c4b8aeafef39e78c11ecbdb89764e9ca676a7dc2fb6d062,"{""distance"":3,""physical_error_rate"":1e-06}","{""detectors_checked"":19278}"
       357,         0,         0,   0.000,decoder_by_matrix,e9839e3017c9ef118c4b8aeafef39e78c11ecbdb89764e9ca676a7dc2fb6d062,"{""distance"":3,""physical_error_rate"":1e-06}","{""detectors_checked"":19278}"
       446,         0,         0,   0.000,decoder_by_matrix,e9839e3017c9ef118c4b8aeafef39e78c11ecbdb89764e9ca676a7dc2fb6d062,"{""distance"":3,""physical_error_rate"":1e-06}","{""detectors_checked"":24084}"
       101,         0,         0,   0.000,decoder_by_matrix,e9839e3017c9ef118c4b8aeafef39e78c11ecbdb89764e9ca676a7dc2fb6d062,"{""distance"":3,""physical_error_rate"":1e-06}","{""detectors_checked"":5454}"
        89,         0,         0,   0.000,decoder_by_matrix,e9839e3017c9ef118c4b8aeafef39e78c11ecbdb89764e9ca676a7dc2fb6d062,"{""distance"":3,""physical_error_rate"":1e-06}","{""detectors_checked"":4806}"
       124,         0,         0,   0.000,decoder_by_matrix,e9839e3017c9ef118c4b8aeafef39e78c11ecbdb89764e9ca676a7dc2fb6d062,"{""distance"":3,""physical_error_rate"":1e-06}","{""detectors_checked"":6696}"
       213,         0,         0,   0.000,decoder_by_matrix,e9839e3017c9ef118c4b8aeafef39e78c11ecbdb89764e9ca676a7dc2fb6d062,"{""distance"":3,""physical_error_rate"":1e-06}","{""detectors_checked"":11502}"
         3,         0,         0,   0.000,decoder_by_matrix,e9839e3017c9ef118c4b8aeafef39e78c11ecbdb89764e9ca676a7dc2fb6d062,"{""distance"":3,""physical_error_rate"":1e-06}","{""detectors_checked"":162}"
        61,         0,         0,   0.000,decoder_by_matrix,e9839e3017c9ef118c4b8aeafef39e78c11ecbdb89764e9ca676a7dc2fb6d062,"{""distance"":3,""physical_error_rate"":1e-06}","{""detectors_checked"":3294}"
         5,         0,         0,   0.000,decoder_by_matrix,e9839e3017c9ef118c4b8aeafef39e78c11ecbdb89764e9ca676a7dc2fb6d062,"{""distance"":3,""physical_error_rate"":1e-06}","{""detectors_checked"":270}"
         5,         0,         0,   0.000,decoder_by_matrix,e9839e3017c9ef118c4b8aeafef39e78c11ecbdb89764e9ca676a7dc2fb6d062,"{""distance"":3,""physical_error_rate"":1e-06}","{""detectors_checked"":270}"
         3,         0,         0,   0.000,decoder_by_matrix,e9839e3017c9ef118c4b8aeafef39e78c11ecbdb89764e9ca676a7dc2fb6d062,"{""distance"":3,""physical_error_rate"":1e-06}","{""detectors_checked"":162}"
         3,         0,         0,   0.000,decoder_by_matrix,e9839e3017c9ef118c4b8aeafef39e78c11ecbdb89764e9ca676a7dc2fb6d062,"{""distance"":3,""physical_error_rate"":1e-06}","{""detectors_checked"":162}"
         3,         0,         0,   0.000,decoder_by_matrix,e9839e3017c9ef118c4b8aeafef39e78c11ecbdb89764e9ca676a7dc2fb6d062,"{""distance"":3,""physical_error_rate"":1e-06}","{""detectors_checked"":162}"
         3,         0,         0,   0.000,decoder_by_matrix,e9839e3017c9ef118c4b8aeafef39e78c11ecbdb89764e9ca676a7dc2fb6d062,"{""distance"":3,""physical_error_rate"":1e-06}","{""detectors_checked"":162}"
         1,         0,         0,   0.000,decoder_by_matrix,e9839e3017c9ef118c4b8aeafef39e78c11ecbdb89764e9ca676a7dc2fb6d062,"{""distance"":3,""physical_error_rate"":1e-06}","{""detectors_checked"":54}"
         1,         0,         0,   0.000,decoder_by_matrix,e9839e3017c9ef118c4b8aeafef39e78c11ecbdb89764e9ca676a7dc2fb6d062,"{""distance"":3,""physical_error_rate"":1e-06}","{""detectors_checked"":54}"
         1,         0,         0,   0.000,decoder_by_matrix,e9839e3017c9ef118c4b8aeafef39e78c11ecbdb89764e9ca676a7dc2fb6d062,"{""distance"":3,""physical_error_rate"":1e-06}","{""detectors_checked"":54}"
     11537,         0,         0,   0.010,decoder_by_matrix,e25b8d07214a8afb95d354611a83b9bb1ded39644e323a8585b3aabf687a4fff,"{""distance"":3,""physical_error_rate"":1e-05}","{""detection_events"":36,""detectors_checked"":622998}"
         1,         0,         0,   0.000,decoder_by_matrix,36e3cd26fed5ec7649ec51fb08c1a5e7d7f30e615782d954fee045c18a4962ca,"{""distance"":3,""physical_error_rate"":5e-05}","{""detectors_checked"":54}"
     13584,         0,         0,   0.039,decoder_by_matrix,36e3cd26fed5ec7649ec51fb08c1a5e7d7f30e615782d954fee045c18a4962ca,"{""distance"":3,""physical_error_rate"":5e-05}","{""detection_events"":111,""detectors_checked"":733536}"
         1,         0,         0,   0.000,decoder_by_matrix,e25b8d07214a8afb95d354611a83b9bb1ded39644e323a8585b3aabf687a4fff,"{""distance"":3,""physical_error_rate"":1e-05}","{""detectors_checked"":54}"
         1,         0,         0,   0.000,decoder_by_matrix,36e3cd26fed5ec7649ec51fb08c1a5e7d7f30e615782d954fee045c18a4962ca,"{""distance"":3,""physical_error_rate"":5e-05}","{""detectors_checked"":54}"
         1,         0,         0,   0.000,decoder_by_matrix,560c721f87db01d4cacf7dcb7d8812fecde61e9e7776d4b9e1b1a792578ecad7,"{""distance"":3,""physical_error_rate"":5e-06}","{""detectors_checked"":54}"
     10512,         0,         0,   0.014,decoder_by_matrix,e25b8d07214a8afb95d354611a83b9bb1ded39644e323a8585b3aabf687a4fff,"{""distance"":3,""physical_error_rate"":1e-05}","{""detection_events"":15,""detectors_checked"":567648}"
     11536,         0,         0,   0.014,decoder_by_matrix,560c721f87db01d4cacf7dcb7d8812fecde61e9e7776d4b9e1b1a792578ecad7,"{""distance"":3,""physical_error_rate"":5e-06}","{""detection_events"":6,""detectors_checked"":622944}"
      9488,         0,         0,   0.019,decoder_by_matrix,36e3cd26fed5ec7649ec51fb08c1a5e7d7f30e615782d954fee045c18a4962ca,"{""distance"":3,""physical_error_rate"":5e-05}","{""detection_events"":69,""detectors_checked"":512352}"
      6144,         0,         0,   0.020,decoder_by_matrix,e25b8d07214a8afb95d354611a83b9bb1ded39644e323a8585b3aabf687a4fff,"{""distance"":3,""physical_error_rate"":1e-05}","{""detection_events"":12,""detectors_checked"":331776}"
     13312,         0,         0,   0.019,decoder_by_matrix,560c721f87db01d4cacf7dcb7d8812fecde61e9e7776d4b9e1b1a792578ecad7,"{""distance"":3,""physical_error_rate"":5e-06}","{""detection_events"":12,""detectors_checked"":718848}"
      9216,         0,         0,   0.187,decoder_by_matrix,e25b8d07214a8afb95d354611a83b9bb1ded39644e323a8585b3aabf687a4fff,"{""distance"":3,""physical_error_rate"":1e-05}","{""detection_events"":42,""detectors_checked"":497664}"
      7168,         0,         0,   0.052,decoder_by_matrix,e25b8d07214a8afb95d354611a83b9bb1ded39644e323a8585b3aabf687a4fff,"{""distance"":3,""physical_error_rate"":1e-05}","{""detectors_checked"":387072}"
      3072,         0,         0,   0.168,decoder_by_matrix,36e3cd26fed5ec7649ec51fb08c1a5e7d7f30e615782d954fee045c18a4962ca,"{""distance"":3,""physical_error_rate"":5e-05}","{""detection_events"":12,""detectors_checked"":165888}"
     10240,         0,         0,   0.095,decoder_by_matrix,36e3cd26fed5ec7649ec51fb08c1a5e7d7f30e615782d954fee045c18a4962ca,"{""distance"":3,""physical_error_rate"":5e-05}","{""detection_events"":51,""detectors_checked"":552960}"
      4096,         0,         0,   0.097,decoder_by_matrix,560c721f87db01d4cacf7dcb7d8812fecde61e9e7776d4b9e1b1a792578ecad7,"{""distance"":3,""physical_error_rate"":5e-06}","{""detectors_checked"":221184}"
      5120,         0,         0,   0.109,decoder_by_matrix,e25b8d07214a8afb95d354611a83b9bb1ded39644e323a8585b3aabf687a4fff,"{""distance"":3,""physical_error_rate"":1e-05}","{""detection_events"":3,""detectors_checked"":276480}"
      8192,         0,         0,   0.126,decoder_by_matrix,e25b8d07214a8afb95d354611a83b9bb1ded39644e323a8585b3aabf687a4fff,"{""distance"":3,""physical_error_rate"":1e-05}","{""detectors_checked"":442368}"
      3072,         0,         0,   0.130,decoder_by_matrix,36e3cd26fed5ec7649ec51fb08c1a5e7d7f30e615782d954fee045c18a4962ca,"{""distance"":3,""physical_error_rate"":5e-05}","{""detection_events"":45,""detectors_checked"":165888}"
      4096,         0,         0,   0.124,decoder_by_matrix,36e3cd26fed5ec7649ec51fb08c1a5e7d7f30e615782d954fee045c18a4962ca,"{""distance"":3,""physical_error_rate"":5e-05}","{""detection_events"":24,""detectors_checked"":221184}"
      6144,         0,         0,   0.128,decoder_by_matrix,560c721f87db01d4cacf7dcb7d8812fecde61e9e7776d4b9e1b1a792578ecad7,"{""distance"":3,""physical_error_rate"":5e-06}","{""detection_events"":6,""detectors_checked"":331776}"
      4096,         0,         0,   0.127,decoder_by_matrix,e25b8d07214a8afb95d354611a83b9bb1ded39644e323a8585b3aabf687a4fff,"{""distance"":3,""physical_error_rate"":1e-05}","{""detection_events"":15,""detectors_checked"":221184}"
      6144,         0,         0,   0.128,decoder_by_matrix,e25b8d07214a8afb95d354611a83b9bb1ded39644e323a8585b3aabf687a4fff,"{""distance"":3,""physical_error_rate"":1e-05}","{""detection_events"":9,""detectors_checked"":331776}"
      5120,         0,         0,   0.134,decoder_by_matrix,36e3cd26fed5ec7649ec51fb08c1a5e7d7f30e615782d954fee045c18a4962ca,"{""distance"":3,""physical_error_rate"":5e-05}","{""detection_events"":21,""detectors_checked"":276480}"
      3072,         0,         0,   0.122,decoder_by_matrix,36e3cd26fed5ec7649ec51fb08c1a5e7d7f30e615782d954fee045c18a4962ca,"{""distance"":3,""physical_error_rate"":5e-05}","{""detection_events"":42,""detectors_checked"":165888}"
      8192,         0,         0,   0.130,decoder_by_matrix,560c721f87db01d4cacf7dcb7d8812fecde61e9e7776d4b9e1b1a792578ecad7,"{""distance"":3,""physical_error_rate"":5e-06}","{""detectors_checked"":442368}"
      3072,         0,         0,   0.130,decoder_by_matrix,e25b8d07214a8afb95d354611a83b9bb1ded39644e323a8585b3aabf687a4fff,"{""distance"":3,""physical_error_rate"":1e-05}","{""detection_events"":27,""detectors_checked"":165888}"
      6144,         0,         0,   0.130,decoder_by_matrix,e25b8d07214a8afb95d354611a83b9bb1ded39644e323a8585b3aabf687a4fff,"{""distance"":3,""physical_error_rate"":1e-05}","{""detection_events"":21,""detectors_checked"":331776}"
      4096,         0,         0,   0.124,decoder_by_matrix,36e3cd26fed5ec7649ec51fb08c1a5e7d7f30e615782d954fee045c18a4962ca,"{""distance"":3,""physical_error_rate"":5e-05}","{""detection_events"":24,""detectors_checked"":221184}"
      5120,         0,         0,   0.005,decoder_by_matrix,36e3cd26fed5ec7649ec51fb08c1a5e7d7f30e615782d954fee045c18a4962ca,"{""distance"":3,""physical_error_rate"":5e-05}","{""detection_events"":45,""detectors_checked"":276480}"
      7168,         0,         0,   0.129,decoder_by_matrix,560c721f87db01d4cacf7dcb7d8812fecde61e9e7776d4b9e1b1a792578ecad7,"{""distance"":3,""physical_error_rate"":5e-06}","{""detection_events"":6,""detectors_checked"":387072}"
      6144,         0,         0,   0.129,decoder_by_matrix,e25b8d07214a8afb95d354611a83b9bb1ded39644e323a8585b3aabf687a4fff,"{""distance"":3,""physical_error_rate"":1e-05}","{""detection_events"":12,""detectors_checked"":331776}"
      7168,         0,         0,   0.144,decoder_by_matrix,e25b8d07214a8afb95d354611a83b9bb1ded39644e323a8585b3aabf687a4fff,"{""distance"":3,""physical_error_rate"":1e-05}","{""detection_events"":6,""detectors_checked"":387072}"
      4096,         0,         0,   0.128,decoder_by_matrix,36e3cd26fed5ec7649ec51fb08c1a5e7d7f30e615782d954fee045c18a4962ca,"{""distance"":3,""physical_error_rate"":5e-05}","{""detection_events"":42,""detectors_checked"":221184}"
      2048,         0,         0,   0.131,decoder_by_matrix,36e3cd26fed5ec7649ec51fb08c1a5e7d7f30e615782d954fee045c18a4962ca,"{""distance"":3,""physical_error_rate"":5e-05}","{""detection_events"":12,""detectors_checked"":110592}"
      8192,         0,         0,   0.132,decoder_by_matrix,560c721f87db01d4cacf7dcb7d8812fecde61e9e7776d4b9e1b1a792578ecad7,"{""distance"":3,""physical_error_rate"":5e-06}","{""detectors_checked"":442368}"
      4096,         0,         0,   0.132,decoder_by_matrix,e25b8d07214a8afb95d354611a83b9bb1ded39644e323a8585b3aabf687a4fff,"{""distance"":3,""physical_error_rate"":1e-05}","{""detection_events"":30,""detectors_checked"":221184}"
      4096,         0,         0,   0.125,decoder_by_matrix,36e3cd26fed5ec7649ec51fb08c1a5e7d7f30e615782d954fee045c18a4962ca,"{""distance"":3,""physical_error_rate"":5e-05}","{""detection_events"":24,""detectors_checked"":221184}"
      3072,         0,         0,   0.126,decoder_by_matrix,36e3cd26fed5ec7649ec51fb08c1a5e7d7f30e615782d954fee045c18a4962ca,"{""distance"":3,""physical_error_rate"":5e-05}","{""detection_events"":48,""detectors_checked"":165888}"
      7168,         0,         0,   0.137,decoder_by_matrix,e25b8d07214a8afb95d354611a83b9bb1ded39644e323a8585b3aabf687a4fff,"{""distance"":3,""physical_error_rate"":1e-05}","{""detectors_checked"":387072}"
     12288,         0,         0,   0.254,decoder_by_matrix,e25b8d07214a8afb95d354611a83b9bb1ded39644e323a8585b3aabf687a4fff,"{""distance"":3,""physical_error_rate"":1e-05}","{""detection_events"":18,""detectors_checked"":663552}"
     15360,         0,         0,   0.267,decoder_by_matrix,560c721f87db01d4cacf7dcb7d8812fecde61e9e7776d4b9e1b1a792578ecad7,"{""distance"":3,""physical_error_rate"":5e-06}","{""detection_events"":12,""detectors_checked"":829440}"
      7168,         0,         0,   0.256,decoder_by_matrix,36e3cd26fed5ec7649ec51fb08c1a5e7d7f30e615782d954fee045c18a4962ca,"{""distance"":3,""physical_error_rate"":5e-05}","{""detection_events"":63,""detectors_checked"":387072}"
      7168,         0,         0,   0.258,decoder_by_matrix,36e3cd26fed5ec7649ec51fb08c1a5e7d7f30e615782d954fee045c18a4962ca,"{""distance"":3,""physical_error_rate"":5e-05}","{""detection_events"":60,""detectors_checked"":387072}"
     15360,         0,         0,   0.262,decoder_by_matrix,e25b8d07214a8afb95d354611a83b9bb1ded39644e323a8585b3aabf687a4fff,"{""distance"":3,""physical_error_rate"":1e-05}","{""detection_events"":3,""detectors_checked"":829440}"
     15360,         0,         0,   0.257,decoder_by_matrix,e25b8d07214a8afb95d354611a83b9bb1ded39644e323a8585b3aabf687a4fff,"{""distance"":3,""physical_error_rate"":1e-05}","{""detection_events"":15,""detectors_checked"":829440}"
     14336,         0,         0,   0.257,decoder_by_matrix,560c721f87db01d4cacf7dcb7d8812fecde61e9e7776d4b9e1b1a792578ecad7,"{""distance"":3,""physical_error_rate"":5e-06}","{""detection_events"":3,""detectors_checked"":774144}"
      9216,         0,         0,   0.262,decoder_by_matrix,36e3cd26fed5ec7649ec51fb08c1a5e7d7f30e615782d954fee045c18a4962ca,"{""distance"":3,""physical_error_rate"":5e-05}","{""detection_events"":60,""detectors_checked"":497664}"
      8192,         0,         0,   0.258,decoder_by_matrix,36e3cd26fed5ec7649ec51fb08c1a5e7d7f30e615782d954fee045c18a4962ca,"{""distance"":3,""physical_error_rate"":5e-05}","{""detection_events"":57,""detectors_checked"":442368}"
     15360,         0,         0,   0.258,decoder_by_matrix,e25b8d07214a8afb95d354611a83b9bb1ded39644e323a8585b3aabf687a4fff,"{""distance"":3,""physical_error_rate"":1e-05}","{""detection_events"":9,""detectors_checked"":829440}"
     20480,         0,         0,   0.364,decoder_by_matrix,e25b8d07214a8afb95d354611a83b9bb1ded39644e323a8585b3aabf687a4fff,"{""distance"":3,""physical_error_rate"":1e-05}","{""detection_events"":12,""detectors_checked"":1105920}"
     25600,         0,         0,   0.386,decoder_by_matrix,560c721f87db01d4cacf7dcb7d8812fecde61e9e7776d4b9e1b1a792578ecad7,"{""distance"":3,""physical_error_rate"":5e-06}","{""detectors_checked"":1382400}"
     11264,         0,         0,   0.380,decoder_by_matrix,36e3cd26fed5ec7649ec51fb08c1a5e7d7f30e615782d954fee045c18a4962ca,"{""distance"":3,""physical_error_rate"":5e-05}","{""detection_events"":96,""detectors_checked"":608256}"
      9216,         0,         0,   0.404,decoder_by_matrix,36e3cd26fed5ec7649ec51fb08c1a5e7d7f30e615782d954fee045c18a4962ca,"{""distance"":3,""physical_error_rate"":5e-05}","{""detection_events"":120,""detectors_checked"":497664}"
     14336,         0,         0,   0.376,decoder_by_matrix,e25b8d07214a8afb95d354611a83b9bb1ded39644e323a8585b3aabf687a4fff,"{""distance"":3,""physical_error_rate"":1e-05}","{""detection_events"":42,""detectors_checked"":774144}"
   3752960,         0,         0,   117.4,decoder_by_matrix,36e3cd26fed5ec7649ec51fb08c1a5e7d7f30e615782d954fee045c18a4962ca,"{""distance"":3,""physical_error_rate"":5e-05}","{""detection_events"":27228,""detectors_checked"":202659840}"
   5976064,         0,         0,   116.4,decoder_by_matrix,e25b8d07214a8afb95d354611a83b9bb1ded39644e323a8585b3aabf687a4fff,"{""distance"":3,""physical_error_rate"":1e-05}","{""detection_events"":9132,""detectors_checked"":322707456}"
     19456,         0,         0,   0.264,decoder_by_matrix,e25b8d07214a8afb95d354611a83b9bb1ded39644e323a8585b3aabf687a4fff,"{""distance"":3,""physical_error_rate"":1e-05}","{""detection_events"":33,""detectors_checked"":1050624}"
     30720,         0,         0,   0.503,decoder_by_matrix,560c721f87db01d4cacf7dcb7d8812fecde61e9e7776d4b9e1b1a792578ecad7,"{""distance"":3,""physical_error_rate"":5e-06}","{""detection_events"":15,""detectors_checked"":1658880}"
     13312,         0,         0,   0.500,decoder_by_matrix,36e3cd26fed5ec7649ec51fb08c1a5e7d7f30e615782d954fee045c18a4962ca,"{""distance"":3,""physical_error_rate"":5e-05}","{""detection_events"":120,""detectors_checked"":718848}"
     17408,         0,         0,   0.512,decoder_by_matrix,36e3cd26fed5ec7649ec51fb08c1a5e7d7f30e615782d954fee045c18a4962ca,"{""distance"":3,""physical_error_rate"":5e-05}","{""detection_events"":114,""detectors_checked"":940032}"
     23552,         0,         0,   0.516,decoder_by_matrix,e25b8d07214a8afb95d354611a83b9bb1ded39644e323a8585b3aabf687a4fff,"{""distance"":3,""physical_error_rate"":1e-05}","{""detection_events"":45,""detectors_checked"":1271808}"
   6735872,         0,         0,   115.7,decoder_by_matrix,560c721f87db01d4cacf7dcb7d8812fecde61e9e7776d4b9e1b1a792578ecad7,"{""distance"":3,""physical_error_rate"":5e-06}","{""detection_events"":4692,""detectors_checked"":363737088}"
     29696,         0,         0,   0.640,decoder_by_matrix,e25b8d07214a8afb95d354611a83b9bb1ded39644e323a8585b3aabf687a4fff,"{""distance"":3,""physical_error_rate"":1e-05}","{""detection_events"":54,""detectors_checked"":1603584}"
     35840,         0,         0,   0.654,decoder_by_matrix,560c721f87db01d4cacf7dcb7d8812fecde61e9e7776d4b9e1b1a792578ecad7,"{""distance"":3,""physical_error_rate"":5e-06}","{""detection_events"":45,""detectors_checked"":1935360}"
     15360,         0,         0,   0.570,decoder_by_matrix,36e3cd26fed5ec7649ec51fb08c1a5e7d7f30e615782d954fee045c18a4962ca,"{""distance"":3,""physical_error_rate"":5e-05}","{""detection_events"":120,""detectors_checked"":829440}"
     17408,         0,         0,   0.642,decoder_by_matrix,36e3cd26fed5ec7649ec51fb08c1a5e7d7f30e615782d954fee045c18a4962ca,"{""distance"":3,""physical_error_rate"":5e-05}","{""detection_events"":216,""detectors_checked"":940032}"
     25600,         0,         0,   0.634,decoder_by_matrix,e25b8d07214a8afb95d354611a83b9bb1ded39644e323a8585b3aabf687a4fff,"{""distance"":3,""physical_error_rate"":1e-05}","{""detection_events"":69,""detectors_checked"":1382400}"
     41984,         0,         0,   0.881,decoder_by_matrix,e25b8d07214a8afb95d354611a83b9bb1ded39644e323a8585b3aabf687a4fff,"{""distance"":3,""physical_error_rate"":1e-05}","{""detection_events"":87,""detectors_checked"":2267136}"
     52224,         0,         0,   0.520,decoder_by_matrix,560c721f87db01d4cacf7dcb7d8812fecde61e9e7776d4b9e1b1a792578ecad7,"{""distance"":3,""physical_error_rate"":5e-06}","{""detection_events"":3,""detectors_checked"":2820096}"
     26624,         0,         0,   0.880,decoder_by_matrix,36e3cd26fed5ec7649ec51fb08c1a5e7d7f30e615782d954fee045c18a4962ca,"{""distance"":3,""physical_error_rate"":5e-05}","{""detection_events"":210,""detectors_checked"":1437696}"
     31744,         0,         0,   0.768,decoder_by_matrix,36e3cd26fed5ec7649ec51fb08c1a5e7d7f30e615782d954fee045c18a4962ca,"{""distance"":3,""physical_error_rate"":5e-05}","{""detection_events"":162,""detectors_checked"":1714176}"
     39936,         0,         0,   0.885,decoder_by_matrix,e25b8d07214a8afb95d354611a83b9bb1ded39644e323a8585b3aabf687a4fff,"{""distance"":3,""physical_error_rate"":1e-05}","{""detection_events"":84,""detectors_checked"":2156544}"
     57344,         0,         0,    1.15,decoder_by_matrix,e25b8d07214a8afb95d354611a83b9bb1ded39644e323a8585b3aabf687a4fff,"{""distance"":3,""physical_error_rate"":1e-05}","{""detection_events"":84,""detectors_checked"":3096576}"
     58368,         0,         0,    1.17,decoder_by_matrix,560c721f87db01d4cacf7dcb7d8812fecde61e9e7776d4b9e1b1a792578ecad7,"{""distance"":3,""physical_error_rate"":5e-06}","{""detection_events"":51,""detectors_checked"":3151872}"
     35840,         0,         0,    1.17,decoder_by_matrix,36e3cd26fed5ec7649ec51fb08c1a5e7d7f30e615782d954fee045c18a4962ca,"{""distance"":3,""physical_error_rate"":5e-05}","{""detection_events"":225,""detectors_checked"":1935360}"
     40960,         0,         0,    1.18,decoder_by_matrix,36e3cd26fed5ec7649ec51fb08c1a5e7d7f30e615782d954fee045c18a4962ca,"{""distance"":3,""physical_error_rate"":5e-05}","{""detection_events"":258,""detectors_checked"":2211840}"
     64512,         0,         0,    1.15,decoder_by_matrix,e25b8d07214a8afb95d354611a83b9bb1ded39644e323a8585b3aabf687a4fff,"{""distance"":3,""physical_error_rate"":1e-05}","{""detection_events"":57,""detectors_checked"":3483648}"
     82944,         0,         0,    1.68,decoder_by_matrix,e25b8d07214a8afb95d354611a83b9bb1ded39644e323a8585b3aabf687a4fff,"{""distance"":3,""physical_error_rate"":1e-05}","{""detection_events"":144,""detectors_checked"":4478976}"
     87040,         0,         0,    1.57,decoder_by_matrix,560c721f87db01d4cacf7dcb7d8812fecde61e9e7776d4b9e1b1a792578ecad7,"{""distance"":3,""physical_error_rate"":5e-06}","{""detection_events"":57,""detectors_checked"":4700160}"
     47104,         0,         0,    1.44,decoder_by_matrix,36e3cd26fed5ec7649ec51fb08c1a5e7d7f30e615782d954fee045c18a4962ca,"{""distance"":3,""physical_error_rate"":5e-05}","{""detection_events"":390,""detectors_checked"":2543616}"
     58368,         0,         0,    1.65,decoder_by_matrix,36e3cd26fed5ec7649ec51fb08c1a5e7d7f30e615782d954fee045c18a4962ca,"{""distance"":3,""physical_error_rate"":5e-05}","{""detection_events"":357,""detectors_checked"":3151872}"
     87040,         0,         0,    1.53,decoder_by_matrix,e25b8d07214a8afb95d354611a83b9bb1ded39644e323a8585b3aabf687a4fff,"{""distance"":3,""physical_error_rate"":1e-05}","{""detection_events"":87,""detectors_checked"":4700160}"
    121856,         0,         0,    2.29,decoder_by_matrix,e25b8d07214a8afb95d354611a83b9bb1ded39644e323a8585b3aabf687a4fff,"{""distance"":3,""physical_error_rate"":1e-05}","{""detection_events"":120,""detectors_checked"":6580224}"
    124928,         0,         0,    2.28,decoder_by_matrix,560c721f87db01d4cacf7dcb7d8812fecde61e9e7776d4b9e1b1a792578ecad7,"{""distance"":3,""physical_error_rate"":5e-06}","{""detection_events"":99,""detectors_checked"":6746112}"
     64512,         0,         0,    2.14,decoder_by_matrix,36e3cd26fed5ec7649ec51fb08c1a5e7d7f30e615782d954fee045c18a4962ca,"{""distance"":3,""physical_error_rate"":5e-05}","{""detection_events"":639,""detectors_checked"":3483648}"
     73728,         0,         0,    2.30,decoder_by_matrix,36e3cd26fed5ec7649ec51fb08c1a5e7d7f30e615782d954fee045c18a4962ca,"{""distance"":3,""physical_error_rate"":5e-05}","{""detection_events"":534,""detectors_checked"":3981312}"
    110592,         0,         0,    2.16,decoder_by_matrix,e25b8d07214a8afb95d354611a83b9bb1ded39644e323a8585b3aabf687a4fff,"{""distance"":3,""physical_error_rate"":1e-05}","{""detection_events"":180,""detectors_checked"":5971968}"
    146432,         0,         0,    2.56,decoder_by_matrix,e25b8d07214a8afb95d354611a83b9bb1ded39644e323a8585b3aabf687a4fff,"{""distance"":3,""physical_error_rate"":1e-05}","{""detection_events"":264,""detectors_checked"":7907328}"
    178176,         0,         0,    2.81,decoder_by_matrix,560c721f87db01d4cacf7dcb7d8812fecde61e9e7776d4b9e1b1a792578ecad7,"{""distance"":3,""physical_error_rate"":5e-06}","{""detection_events"":138,""detectors_checked"":9621504}"
     95232,         0,         0,    3.05,decoder_by_matrix,36e3cd26fed5ec7649ec51fb08c1a5e7d7f30e615782d954fee045c18a4962ca,"{""distance"":3,""physical_error_rate"":5e-05}","{""detection_events"":645,""detectors_checked"":5142528}"
     95232,         0,         0,    3.10,decoder_by_matrix,36e3cd26fed5ec7649ec51fb08c1a5e7d7f30e615782d954fee045c18a4962ca,"{""distance"":3,""physical_error_rate"":5e-05}","{""detection_events"":762,""detectors_checked"":5142528}"
    156672,         0,         0,    2.94,decoder_by_matrix,e25b8d07214a8afb95d354611a83b9bb1ded39644e323a8585b3aabf687a4fff,"{""distance"":3,""physical_error_rate"":1e-05}","{""detection_events"":246,""detectors_checked"":8460288}"
    199680,         0,         0,    4.34,decoder_by_matrix,e25b8d07214a8afb95d354611a83b9bb1ded39644e323a8585b3aabf687a4fff,"{""distance"":3,""physical_error_rate"":1e-05}","{""detection_events"":387,""detectors_checked"":10782720}"
    254976,         0,         0,    3.87,decoder_by_matrix,560c721f87db01d4cacf7dcb7d8812fecde61e9e7776d4b9e1b1a792578ecad7,"{""distance"":3,""physical_error_rate"":5e-06}","{""detection_events"":162,""detectors_checked"":13768704}"
    131072,         0,         0,    4.18,decoder_by_matrix,36e3cd26fed5ec7649ec51fb08c1a5e7d7f30e615782d954fee045c18a4962ca,"{""distance"":3,""physical_error_rate"":5e-05}","{""detection_events"":1011,""detectors_checked"":7077888}"
    140288,         0,         0,    4.39,decoder_by_matrix,36e3cd26fed5ec7649ec51fb08c1a5e7d7f30e615782d954fee045c18a4962ca,"{""distance"":3,""physical_error_rate"":5e-05}","{""detection_events"":978,""detectors_checked"":7575552}"
    228352,         0,         0,    3.95,decoder_by_matrix,e25b8d07214a8afb95d354611a83b9bb1ded39644e323a8585b3aabf687a4fff,"{""distance"":3,""physical_error_rate"":1e-05}","{""detection_events"":234,""detectors_checked"":12331008}"
    312320,         0,         0,    5.97,decoder_by_matrix,e25b8d07214a8afb95d354611a83b9bb1ded39644e323a8585b3aabf687a4fff,"{""distance"":3,""physical_error_rate"":1e-05}","{""detection_events"":363,""detectors_checked"":16865280}"
    349184,         0,         0,    5.73,decoder_by_matrix,560c721f87db01d4cacf7dcb7d8812fecde61e9e7776d4b9e1b1a792578ecad7,"{""distance"":3,""physical_error_rate"":5e-06}","{""detection_events"":225,""detectors_checked"":18855936}"
    187392,         0,         0,    5.97,decoder_by_matrix,36e3cd26fed5ec7649ec51fb08c1a5e7d7f30e615782d954fee045c18a4962ca,"{""distance"":3,""physical_error_rate"":5e-05}","{""detection_events"":1260,""detectors_checked"":10119168}"
    191488,         0,         0,    6.01,decoder_by_matrix,36e3cd26fed5ec7649ec51fb08c1a5e7d7f30e615782d954fee045c18a4962ca,"{""distance"":3,""physical_error_rate"":5e-05}","{""detection_events"":1335,""detectors_checked"":10340352}"
    312320,         0,         0,    5.76,decoder_by_matrix,e25b8d07214a8afb95d354611a83b9bb1ded39644e323a8585b3aabf687a4fff,"{""distance"":3,""physical_error_rate"":1e-05}","{""detection_events"":387,""detectors_checked"":16865280}"
    431104,         0,         0,    8.33,decoder_by_matrix,e25b8d07214a8afb95d354611a83b9bb1ded39644e323a8585b3aabf687a4fff,"{""distance"":3,""physical_error_rate"":1e-05}","{""detection_events"":597,""detectors_checked"":23279616}"
    262144,         0,         0,    8.40,decoder_by_matrix,36e3cd26fed5ec7649ec51fb08c1a5e7d7f30e615782d954fee045c18a4962ca,"{""distance"":3,""physical_error_rate"":5e-05}","{""detection_events"":1866,""detectors_checked"":14155776}"
    460800,         0,         0,    8.23,decoder_by_matrix,560c721f87db01d4cacf7dcb7d8812fecde61e9e7776d4b9e1b1a792578ecad7,"{""distance"":3,""physical_error_rate"":5e-06}","{""detection_events"":465,""detectors_checked"":24883200}"
    265216,         0,         0,    8.14,decoder_by_matrix,36e3cd26fed5ec7649ec51fb08c1a5e7d7f30e615782d954fee045c18a4962ca,"{""distance"":3,""physical_error_rate"":5e-05}","{""detection_events"":1947,""detectors_checked"":14321664}"
    423936,         0,         0,    8.11,decoder_by_matrix,e25b8d07214a8afb95d354611a83b9bb1ded39644e323a8585b3aabf687a4fff,"{""distance"":3,""physical_error_rate"":1e-05}","{""detection_events"":594,""detectors_checked"":22892544}"
   2814976,        43,         0,   117.6,decoder_by_matrix,5c8c81bfec719079c388cedc47a351f264c1bf769ae28a89f9b4fc7719fea501,"{""distance"":3,""physical_error_rate"":0.0005}","{""detection_events"":204033,""detectors_checked"":152008704,""obs_mistake_mask=E"":43}"
   2832384,        45,         0,   117.5,decoder_by_matrix,5c8c81bfec719079c388cedc47a351f264c1bf769ae28a89f9b4fc7719fea501,"{""distance"":3,""physical_error_rate"":0.0005}","{""detection_events"":204531,""detectors_checked"":152948736,""obs_mistake_mask=E"":45}"
   3158016,         2,         0,   117.9,decoder_by_matrix,beec9fd12293a9cfe53c9b61fb8ce2a525e4eed38fa75d132d6dc64699336876,"{""distance"":3,""physical_error_rate"":0.0001}","{""detection_events"":46197,""detectors_checked"":170532864,""obs_mistake_mask=E"":2}"
   3723264,         3,         0,   116.8,decoder_by_matrix,36e3cd26fed5ec7649ec51fb08c1a5e7d7f30e615782d954fee045c18a4962ca,"{""distance"":3,""physical_error_rate"":5e-05}","{""detection_events"":27363,""detectors_checked"":201056256,""obs_mistake_mask=E"":3}"
   6799360,         0,         0,   115.4,decoder_by_matrix,560c721f87db01d4cacf7dcb7d8812fecde61e9e7776d4b9e1b1a792578ecad7,"{""distance"":3,""physical_error_rate"":5e-06}","{""detection_events"":4977,""detectors_checked"":367165440}"
   6865920,         0,         0,   115.5,decoder_by_matrix,560c721f87db01d4cacf7dcb7d8812fecde61e9e7776d4b9e1b1a792578ecad7,"{""distance"":3,""physical_error_rate"":5e-06}","{""detection_events"":4812,""detectors_checked"":370759680}"
   5999616,         0,         0,   116.5,decoder_by_matrix,e25b8d07214a8afb95d354611a83b9bb1ded39644e323a8585b3aabf687a4fff,"{""distance"":3,""physical_error_rate"":1e-05}","{""detection_events"":8745,""detectors_checked"":323979264}"
   6059008,         0,         0,   116.0,decoder_by_matrix,e25b8d07214a8afb95d354611a83b9bb1ded39644e323a8585b3aabf687a4fff,"{""distance"":3,""physical_error_rate"":1e-05}","{""detection_events"":8640,""detectors_checked"":327186432}"
   3156992,         2,         0,   117.3,decoder_by_matrix,beec9fd12293a9cfe53c9b61fb8ce2a525e4eed38fa75d132d6dc64699336876,"{""distance"":3,""physical_error_rate"":0.0001}","{""detection_events"":46338,""detectors_checked"":170477568,""obs_mistake_mask=E"":2}"
   2833408,        47,         0,   117.2,decoder_by_matrix,5c8c81bfec719079c388cedc47a351f264c1bf769ae28a89f9b4fc7719fea501,"{""distance"":3,""physical_error_rate"":0.0005}","{""detection_events"":205785,""detectors_checked"":153004032,""obs_mistake_mask=E"":47}"
   5994496,         0,         0,   115.0,decoder_by_matrix,e25b8d07214a8afb95d354611a83b9bb1ded39644e323a8585b3aabf687a4fff,"{""distance"":3,""physical_error_rate"":1e-05}","{""detection_events"":8745,""detectors_checked"":323702784}"
   3771392,         2,         0,   118.2,decoder_by_matrix,36e3cd26fed5ec7649ec51fb08c1a5e7d7f30e615782d954fee045c18a4962ca,"{""distance"":3,""physical_error_rate"":5e-05}","{""detection_events"":27561,""detectors_checked"":203655168,""obs_mistake_mask=E"":2}"
   3787776,         0,         0,   117.0,decoder_by_matrix,36e3cd26fed5ec7649ec51fb08c1a5e7d7f30e615782d954fee045c18a4962ca,"{""distance"":3,""physical_error_rate"":5e-05}","{""detection_events"":27078,""detectors_checked"":204539904}"
   3132416,         1,         0,   117.1,decoder_by_matrix,beec9fd12293a9cfe53c9b61fb8ce2a525e4eed38fa75d132d6dc64699336876,"{""distance"":3,""physical_error_rate"":0.0001}","{""detection_events"":45252,""detectors_checked"":169150464,""obs_mistake_mask=E"":1}"
   2818048,        48,         0,   117.0,decoder_by_matrix,5c8c81bfec719079c388cedc47a351f264c1bf769ae28a89f9b4fc7719fea501,"{""distance"":3,""physical_error_rate"":0.0005}","{""detection_events"":205038,""detectors_checked"":152174592,""obs_mistake_mask=E"":48}"
   6743040,         0,         0,   114.8,decoder_by_matrix,560c721f87db01d4cacf7dcb7d8812fecde61e9e7776d4b9e1b1a792578ecad7,"{""distance"":3,""physical_error_rate"":5e-06}","{""detection_events"":5202,""detectors_checked"":364124160}"
   3156992,         4,         0,   117.6,decoder_by_matrix,beec9fd12293a9cfe53c9b61fb8ce2a525e4eed38fa75d132d6dc64699336876,"{""distance"":3,""physical_error_rate"":0.0001}","{""detection_events"":46179,""detectors_checked"":170477568,""obs_mistake_mask=E"":4}"
    600064,         0,         0,    11.3,decoder_by_matrix,e25b8d07214a8afb95d354611a83b9bb1ded39644e323a8585b3aabf687a4fff,"{""distance"":3,""physical_error_rate"":1e-05}","{""detection_events"":816,""detectors_checked"":32403456}"
    644096,         0,         0,    11.7,decoder_by_matrix,560c721f87db01d4cacf7dcb7d8812fecde61e9e7776d4b9e1b1a792578ecad7,"{""distance"":3,""physical_error_rate"":5e-06}","{""detection_events"":615,""detectors_checked"":34781184}"
    373760,         0,         0,    11.3,decoder_by_matrix,36e3cd26fed5ec7649ec51fb08c1a5e7d7f30e615782d954fee045c18a4962ca,"{""distance"":3,""physical_error_rate"":5e-05}","{""detection_events"":2676,""detectors_checked"":20183040}"
    351232,         0,         0,    11.7,decoder_by_matrix,36e3cd26fed5ec7649ec51fb08c1a5e7d7f30e615782d954fee045c18a4962ca,"{""distance"":3,""physical_error_rate"":5e-05}","{""detection_events"":2874,""detectors_checked"":18966528}"
    579584,         0,         0,    11.3,decoder_by_matrix,e25b8d07214a8afb95d354611a83b9bb1ded39644e323a8585b3aabf687a4fff,"{""distance"":3,""physical_error_rate"":1e-05}","{""detection_events"":909,""detectors_checked"":31297536}"
    832512,         0,         0,    15.8,decoder_by_matrix,e25b8d07214a8afb95d354611a83b9bb1ded39644e323a8585b3aabf687a4fff,"{""distance"":3,""physical_error_rate"":1e-05}","{""detection_events"":1194,""detectors_checked"":44955648}"
    936960,         0,         0,    16.1,decoder_by_matrix,560c721f87db01d4cacf7dcb7d8812fecde61e9e7776d4b9e1b1a792578ecad7,"{""distance"":3,""physical_error_rate"":5e-06}","{""detection_events"":735,""detectors_checked"":50595840}"
    503808,         0,         0,    15.4,decoder_by_matrix,36e3cd26fed5ec7649ec51fb08c1a5e7d7f30e615782d954fee045c18a4962ca,"{""distance"":3,""physical_error_rate"":5e-05}","{""detection_events"":3726,""detectors_checked"":27205632}"
    518144,         0,         0,    16.1,decoder_by_matrix,36e3cd26fed5ec7649ec51fb08c1a5e7d7f30e615782d954fee045c18a4962ca,"{""distance"":3,""physical_error_rate"":5e-05}","{""detection_events"":3735,""detectors_checked"":27979776}"
    843776,         0,         0,    15.2,decoder_by_matrix,e25b8d07214a8afb95d354611a83b9bb1ded39644e323a8585b3aabf687a4fff,"{""distance"":3,""physical_error_rate"":1e-05}","{""detection_events"":1149,""detectors_checked"":45563904}"
   5962752,         0,         0,   115.6,decoder_by_matrix,e25b8d07214a8afb95d354611a83b9bb1ded39644e323a8585b3aabf687a4fff,"{""distance"":3,""physical_error_rate"":1e-05}","{""detection_events"":9111,""detectors_checked"":321988608}"
   6750208,         0,         0,   114.9,decoder_by_matrix,560c721f87db01d4cacf7dcb7d8812fecde61e9e7776d4b9e1b1a792578ecad7,"{""distance"":3,""physical_error_rate"":5e-06}","{""detection_events"":5115,""detectors_checked"":364511232}"
   3817472,         0,         0,   116.9,decoder_by_matrix,36e3cd26fed5ec7649ec51fb08c1a5e7d7f30e615782d954fee045c18a4962ca,"{""distance"":3,""physical_error_rate"":5e-05}","{""detection_events"":27828,""detectors_checked"":206143488}"
   1169408,         0,         0,    22.3,decoder_by_matrix,e25b8d07214a8afb95d354611a83b9bb1ded39644e323a8585b3aabf687a4fff,"{""distance"":3,""physical_error_rate"":1e-05}","{""detection_events"":1671,""detectors_checked"":63148032}"
   1275904,         0,         0,    22.0,decoder_by_matrix,560c721f87db01d4cacf7dcb7d8812fecde61e9e7776d4b9e1b1a792578ecad7,"{""distance"":3,""physical_error_rate"":5e-06}","{""detection_events"":1107,""detectors_checked"":68898816}"
    719872,         0,         0,    22.0,decoder_by_matrix,36e3cd26fed5ec7649ec51fb08c1a5e7d7f30e615782d954fee045c18a4962ca,"{""distance"":3,""physical_error_rate"":5e-05}","{""detection_events"":5124,""detectors_checked"":38873088}"
   1174528,         0,         0,    21.8,decoder_by_matrix,e25b8d07214a8afb95d354611a83b9bb1ded39644e323a8585b3aabf687a4fff,"{""distance"":3,""physical_error_rate"":1e-05}","{""detection_events"":1545,""detectors_checked"":63424512}"
    731136,         0,         0,    21.9,decoder_by_matrix,36e3cd26fed5ec7649ec51fb08c1a5e7d7f30e615782d954fee045c18a4962ca,"{""distance"":3,""physical_error_rate"":5e-05}","{""detection_events"":5172,""detectors_checked"":39481344}"
   2830336,        51,         0,   118.4,decoder_by_matrix,5c8c81bfec719079c388cedc47a351f264c1bf769ae28a89f9b4fc7719fea501,"{""distance"":3,""physical_error_rate"":0.0005}","{""detection_events"":204435,""detectors_checked"":152838144,""obs_mistake_mask=E"":51}"
   2823168,        51,         0,   116.3,decoder_by_matrix,5c8c81bfec719079c388cedc47a351f264c1bf769ae28a89f9b4fc7719fea501,"{""distance"":3,""physical_error_rate"":0.0005}","{""detection_events"":204546,""detectors_checked"":152451072,""obs_mistake_mask=E"":51}"
   3152896,         3,         0,   117.0,decoder_by_matrix,beec9fd12293a9cfe53c9b61fb8ce2a525e4eed38fa75d132d6dc64699336876,"{""distance"":3,""physical_error_rate"":0.0001}","{""detection_events"":45789,""detectors_checked"":170256384,""obs_mistake_mask=E"":3}"
   3147776,         2,         0,   116.6,decoder_by_matrix,beec9fd12293a9cfe53c9b61fb8ce2a525e4eed38fa75d132d6dc64699336876,"{""distance"":3,""physical_error_rate"":0.0001}","{""detection_events"":45882,""detectors_checked"":169979904,""obs_mistake_mask=E"":2}"
   1614848,         0,         0,    31.2,decoder_by_matrix,e25b8d07214a8afb95d354611a83b9bb1ded39644e323a8585b3aabf687a4fff,"{""distance"":3,""physical_error_rate"":1e-05}","{""detection_events"":2220,""detectors_checked"":87201792}"
   1828864,         0,         0,    31.3,decoder_by_matrix,560c721f87db01d4cacf7dcb7d8812fecde61e9e7776d4b9e1b1a792578ecad7,"{""distance"":3,""physical_error_rate"":5e-06}","{""detection_events"":1395,""detectors_checked"":98758656}"
    991232,         1,         0,    31.7,decoder_by_matrix,36e3cd26fed5ec7649ec51fb08c1a5e7d7f30e615782d954fee045c18a4962ca,"{""distance"":3,""physical_error_rate"":5e-05}","{""detection_events"":7638,""detectors_checked"":53526528,""obs_mistake_mask=E"":1}"
    993280,         0,         0,    31.6,decoder_by_matrix,36e3cd26fed5ec7649ec51fb08c1a5e7d7f30e615782d954fee045c18a4962ca,"{""distance"":3,""physical_error_rate"":5e-05}","{""detection_events"":7680,""detectors_checked"":53637120}"
   1593344,         0,         0,    30.8,decoder_by_matrix,e25b8d07214a8afb95d354611a83b9bb1ded39644e323a8585b3aabf687a4fff,"{""distance"":3,""physical_error_rate"":1e-05}","{""detection_events"":2514,""detectors_checked"":86040576}"
   3769344,         0,         0,   115.9,decoder_by_matrix,36e3cd26fed5ec7649ec51fb08c1a5e7d7f30e615782d954fee045c18a4962ca,"{""distance"":3,""physical_error_rate"":5e-05}","{""detection_events"":27687,""detectors_checked"":203544576}"
   6029312,         0,         0,   115.6,decoder_by_matrix,e25b8d07214a8afb95d354611a83b9bb1ded39644e323a8585b3aabf687a4fff,"{""distance"":3,""physical_error_rate"":1e-05}","{""detection_events"":8820,""detectors_checked"":325582848}"
   6781952,         0,         0,   115.9,decoder_by_matrix,560c721f87db01d4cacf7dcb7d8812fecde61e9e7776d4b9e1b1a792578ecad7,"{""distance"":3,""physical_error_rate"":5e-06}","{""detection_events"":4647,""detectors_checked"":366225408}"
   2816000,        47,         0,   117.1,decoder_by_matrix,5c8c81bfec719079c388cedc47a351f264c1bf769ae28a89f9b4fc7719fea501,"{""distance"":3,""physical_error_rate"":0.0005}","{""detection_events"":204813,""detectors_checked"":152064000,""obs_mistake_mask=E"":47}"
   2540544,         0,         0,    43.1,decoder_by_matrix,560c721f87db01d4cacf7dcb7d8812fecde61e9e7776d4b9e1b1a792578ecad7,"{""distance"":3,""physical_error_rate"":5e-06}","{""detection_events"":2016,""detectors_checked"":137189376}"
   2834432,        51,         0,   117.8,decoder_by_matrix,5c8c81bfec719079c388cedc47a351f264c1bf769ae28a89f9b4fc7719fea501,"{""distance"":3,""physical_error_rate"":0.0005}","{""detection_events"":207429,""detectors_checked"":153059328,""obs_mistake_mask=E"":51}"
   2264064,         0,         0,    43.7,decoder_by_matrix,e25b8d07214a8afb95d354611a83b9bb1ded39644e323a8585b3aabf687a4fff,"{""distance"":3,""physical_error_rate"":1e-05}","{""detection_events"":3312,""detectors_checked"":122259456}"
   3153920,         4,         0,   116.8,decoder_by_matrix,beec9fd12293a9cfe53c9b61fb8ce2a525e4eed38fa75d132d6dc64699336876,"{""distance"":3,""physical_error_rate"":0.0001}","{""detection_events"":45627,""detectors_checked"":170311680,""obs_mistake_mask=E"":4}"
   2228224,         0,         0,    43.7,decoder_by_matrix,e25b8d07214a8afb95d354611a83b9bb1ded39644e323a8585b3aabf687a4fff,"{""distance"":3,""physical_error_rate"":1e-05}","{""detection_events"":3348,""detectors_checked"":120324096}"
   1398784,         0,         0,    44.4,decoder_by_matrix,36e3cd26fed5ec7649ec51fb08c1a5e7d7f30e615782d954fee045c18a4962ca,"{""distance"":3,""physical_error_rate"":5e-05}","{""detection_events"":10284,""detectors_checked"":75534336}"
   1431552,         0,         0,    44.3,decoder_by_matrix,36e3cd26fed5ec7649ec51fb08c1a5e7d7f30e615782d954fee045c18a4962ca,"{""distance"":3,""physical_error_rate"":5e-05}","{""detection_events"":10356,""detectors_checked"":77303808}"
   3728384,         0,         0,   116.9,decoder_by_matrix,36e3cd26fed5ec7649ec51fb08c1a5e7d7f30e615782d954fee045c18a4962ca,"{""distance"":3,""physical_error_rate"":5e-05}","{""detection_events"":27987,""detectors_checked"":201332736}"
   6752256,         0,         0,   115.0,decoder_by_matrix,560c721f87db01d4cacf7dcb7d8812fecde61e9e7776d4b9e1b1a792578ecad7,"{""distance"":3,""physical_error_rate"":5e-06}","{""detection_events"":5502,""detectors_checked"":364621824}"
   6794240,         0,         0,   115.5,decoder_by_matrix,560c721f87db01d4cacf7dcb7d8812fecde61e9e7776d4b9e1b1a792578ecad7,"{""distance"":3,""physical_error_rate"":5e-06}","{""detection_events"":5112,""detectors_checked"":366888960}"
   5983232,         0,         0,   114.2,decoder_by_matrix,e25b8d07214a8afb95d354611a83b9bb1ded39644e323a8585b3aabf687a4fff,"{""distance"":3,""physical_error_rate"":1e-05}","{""detection_events"":8868,""detectors_checked"":323094528}"
   3151872,         3,         0,   117.1,decoder_by_matrix,beec9fd12293a9cfe53c9b61fb8ce2a525e4eed38fa75d132d6dc64699336876,"{""distance"":3,""physical_error_rate"":0.0001}","{""detection_events"":46518,""detectors_checked"":170201088,""obs_mistake_mask=E"":3}"
   5997568,         0,         0,   115.7,decoder_by_matrix,e25b8d07214a8afb95d354611a83b9bb1ded39644e323a8585b3aabf687a4fff,"{""distance"":3,""physical_error_rate"":1e-05}","{""detection_events"":8676,""detectors_checked"":323868672}"
   2835456,        41,         0,   117.3,decoder_by_matrix,5c8c81bfec719079c388cedc47a351f264c1bf769ae28a89f9b4fc7719fea501,"{""distance"":3,""physical_error_rate"":0.0005}","{""detection_events"":208743,""detectors_checked"":153114624,""obs_mistake_mask=E"":41}"
   6066176,         1,         0,   115.7,decoder_by_matrix,e25b8d07214a8afb95d354611a83b9bb1ded39644e323a8585b3aabf687a4fff,"{""distance"":3,""physical_error_rate"":1e-05}","{""detection_events"":8517,""detectors_checked"":327573504,""obs_mistake_mask=E"":1}"
   3830784,         0,         0,   117.9,decoder_by_matrix,36e3cd26fed5ec7649ec51fb08c1a5e7d7f30e615782d954fee045c18a4962ca,"{""distance"":3,""physical_error_rate"":5e-05}","{""detection_events"":27882,""detectors_checked"":206862336}"
   3806208,         1,         0,   117.0,decoder_by_matrix,36e3cd26fed5ec7649ec51fb08c1a5e7d7f30e615782d954fee045c18a4962ca,"{""distance"":3,""physical_error_rate"":5e-05}","{""detection_events"":27366,""detectors_checked"":205535232,""obs_mistake_mask=E"":1}"
   3118080,         1,         0,   118.3,decoder_by_matrix,beec9fd12293a9cfe53c9b61fb8ce2a525e4eed38fa75d132d6dc64699336876,"{""distance"":3,""physical_error_rate"":0.0001}","{""detection_events"":45906,""detectors_checked"":168376320,""obs_mistake_mask=E"":1}"
   2823168,        51,         0,   117.6,decoder_by_matrix,5c8c81bfec719079c388cedc47a351f264c1bf769ae28a89f9b4fc7719fea501,"{""distance"":3,""physical_error_rate"":0.0005}","{""detection_events"":205764,""detectors_checked"":152451072,""obs_mistake_mask=E"":51}"
   6841344,         0,         0,   115.8,decoder_by_matrix,560c721f87db01d4cacf7dcb7d8812fecde61e9e7776d4b9e1b1a792578ecad7,"{""distance"":3,""physical_error_rate"":5e-06}","{""detection_events"":4917,""detectors_checked"":369432576}"
   3169280,         2,         0,   117.4,decoder_by_matrix,beec9fd12293a9cfe53c9b61fb8ce2a525e4eed38fa75d132d6dc64699336876,"{""distance"":3,""physical_error_rate"":0.0001}","{""detection_events"":46047,""detectors_checked"":171141120,""obs_mistake_mask=E"":2}"
   6030336,         0,         0,   116.1,decoder_by_matrix,e25b8d07214a8afb95d354611a83b9bb1ded39644e323a8585b3aabf687a4fff,"{""distance"":3,""physical_error_rate"":1e-05}","{""detection_events"":8961,""detectors_checked"":325638144}"
   6849536,         0,         0,   113.8,decoder_by_matrix,560c721f87db01d4cacf7dcb7d8812fecde61e9e7776d4b9e1b1a792578ecad7,"{""distance"":3,""physical_error_rate"":5e-06}","{""detection_events"":4584,""detectors_checked"":369874944}"
   3755008,         0,         0,   116.7,decoder_by_matrix,36e3cd26fed5ec7649ec51fb08c1a5e7d7f30e615782d954fee045c18a4962ca,"{""distance"":3,""physical_error_rate"":5e-05}","{""detection_events"":27333,""detectors_checked"":202770432}"
   3209216,         0,         0,    60.5,decoder_by_matrix,e25b8d07214a8afb95d354611a83b9bb1ded39644e323a8585b3aabf687a4fff,"{""distance"":3,""physical_error_rate"":1e-05}","{""detection_events"":4482,""detectors_checked"":173297664}"
   3574784,         0,         0,    60.4,decoder_by_matrix,560c721f87db01d4cacf7dcb7d8812fecde61e9e7776d4b9e1b1a792578ecad7,"{""distance"":3,""physical_error_rate"":5e-06}","{""detection_events"":2757,""detectors_checked"":193038336}"
   1990656,         0,         0,    61.8,decoder_by_matrix,36e3cd26fed5ec7649ec51fb08c1a5e7d7f30e615782d954fee045c18a4962ca,"{""distance"":3,""physical_error_rate"":5e-05}","{""detection_events"":13926,""detectors_checked"":107495424}"
   3171328,         0,         0,    60.1,decoder_by_matrix,e25b8d07214a8afb95d354611a83b9bb1ded39644e323a8585b3aabf687a4fff,"{""distance"":3,""physical_error_rate"":1e-05}","{""detection_events"":4563,""detectors_checked"":171251712}"
   1963008,         0,         0,    61.2,decoder_by_matrix,36e3cd26fed5ec7649ec51fb08c1a5e7d7f30e615782d954fee045c18a4962ca,"{""distance"":3,""physical_error_rate"":5e-05}","{""detection_events"":15048,""detectors_checked"":106002432}"
   2833408,        56,         0,   117.8,decoder_by_matrix,5c8c81bfec719079c388cedc47a351f264c1bf769ae28a89f9b4fc7719fea501,"{""distance"":3,""physical_error_rate"":0.0005}","{""detection_events"":206232,""detectors_checked"":153004032,""obs_mistake_mask=E"":56}"
   2822144,        40,         0,   116.6,decoder_by_matrix,5c8c81bfec719079c388cedc47a351f264c1bf769ae28a89f9b4fc7719fea501,"{""distance"":3,""physical_error_rate"":0.0005}","{""detection_events"":206229,""detectors_checked"":152395776,""obs_mistake_mask=E"":40}"
   3152896,         0,         0,   117.8,decoder_by_matrix,beec9fd12293a9cfe53c9b61fb8ce2a525e4eed38fa75d132d6dc64699336876,"{""distance"":3,""physical_error_rate"":0.0001}","{""detection_events"":45756,""detectors_checked"":170256384}"
   3152896,         2,         0,   117.8,decoder_by_matrix,beec9fd12293a9cfe53c9b61fb8ce2a525e4eed38fa75d132d6dc64699336876,"{""distance"":3,""physical_error_rate"":0.0001}","{""detection_events"":45393,""detectors_checked"":170256384,""obs_mistake_mask=E"":2}"
   3773440,         1,         0,   117.2,decoder_by_matrix,36e3cd26fed5ec7649ec51fb08c1a5e7d7f30e615782d954fee045c18a4962ca,"{""distance"":3,""physical_error_rate"":5e-05}","{""detection_events"":27597,""detectors_checked"":203765760,""obs_mistake_mask=E"":1}"
   5978112,         0,         0,   115.8,decoder_by_matrix,e25b8d07214a8afb95d354611a83b9bb1ded39644e323a8585b3aabf687a4fff,"{""distance"":3,""physical_error_rate"":1e-05}","{""detection_events"":8751,""detectors_checked"":322818048}"
   6752256,         0,         0,   114.4,decoder_by_matrix,560c721f87db01d4cacf7dcb7d8812fecde61e9e7776d4b9e1b1a792578ecad7,"{""distance"":3,""physical_error_rate"":5e-06}","{""detection_events"":4701,""detectors_checked"":364621824}"
   2814976,        45,         0,   117.5,decoder_by_matrix,5c8c81bfec719079c388cedc47a351f264c1bf769ae28a89f9b4fc7719fea501,"{""distance"":3,""physical_error_rate"":0.0005}","{""detection_events"":203052,""detectors_checked"":152008704,""obs_mistake_mask=E"":45}"
   2832384,        46,         0,   118.3,decoder_by_matrix,5c8c81bfec719079c388cedc47a351f264c1bf769ae28a89f9b4fc7719fea501,"{""distance"":3,""physical_error_rate"":0.0005}","{""detection_events"":208977,""detectors_checked"":152948736,""obs_mistake_mask=E"":46}"
   3152896,         3,         0,   116.5,decoder_by_matrix,beec9fd12293a9cfe53c9b61fb8ce2a525e4eed38fa75d132d6dc64699336876,"{""distance"":3,""physical_error_rate"":0.0001}","{""detection_events"":46524,""detectors_checked"":170256384,""obs_mistake_mask=E"":3}"
   6799360,         0,         0,   115.1,decoder_by_matrix,560c721f87db01d4cacf7dcb7d8812fecde61e9e7776d4b9e1b1a792578ecad7,"{""distance"":3,""physical_error_rate"":5e-06}","{""detection_events"":4962,""detectors_checked"":367165440}"
   3772416,         1,         0,   117.4,decoder_by_matrix,36e3cd26fed5ec7649ec51fb08c1a5e7d7f30e615782d954fee045c18a4962ca,"{""distance"":3,""physical_error_rate"":5e-05}","{""detection_events"":27615,""detectors_checked"":203710464,""obs_mistake_mask=E"":1}"
   6063104,         0,         0,   116.0,decoder_by_matrix,e25b8d07214a8afb95d354611a83b9bb1ded39644e323a8585b3aabf687a4fff,"{""distance"":3,""physical_error_rate"":1e-05}","{""detection_events"":8289,""detectors_checked"":327407616}"
   6807552,         0,         0,   115.3,decoder_by_matrix,560c721f87db01d4cacf7dcb7d8812fecde61e9e7776d4b9e1b1a792578ecad7,"{""distance"":3,""physical_error_rate"":5e-06}","{""detection_events"":4998,""detectors_checked"":367607808}"
   5908480,         0,         0,   116.3,decoder_by_matrix,e25b8d07214a8afb95d354611a83b9bb1ded39644e323a8585b3aabf687a4fff,"{""distance"":3,""physical_error_rate"":1e-05}","{""detection_events"":9087,""detectors_checked"":319057920}"
   3154944,         1,         0,   117.6,decoder_by_matrix,beec9fd12293a9cfe53c9b61fb8ce2a525e4eed38fa75d132d6dc64699336876,"{""distance"":3,""physical_error_rate"":0.0001}","{""detection_events"":45543,""detectors_checked"":170366976,""obs_mistake_mask=E"":1}"
   2841600,        37,         0,   117.6,decoder_by_matrix,5c8c81bfec719079c388cedc47a351f264c1bf769ae28a89f9b4fc7719fea501,"{""distance"":3,""physical_error_rate"":0.0005}","{""detection_events"":204519,""detectors_checked"":153446400,""obs_mistake_mask=E"":37}"
   6129664,         0,         0,   115.8,decoder_by_matrix,e25b8d07214a8afb95d354611a83b9bb1ded39644e323a8585b3aabf687a4fff,"{""distance"":3,""physical_error_rate"":1e-05}","{""detection_events"":8388,""detectors_checked"":331001856}"
   3765248,         1,         0,   117.1,decoder_by_matrix,36e3cd26fed5ec7649ec51fb08c1a5e7d7f30e615782d954fee045c18a4962ca,"{""distance"":3,""physical_error_rate"":5e-05}","{""detection_events"":27399,""detectors_checked"":203323392,""obs_mistake_mask=E"":1}"
   3133440,         3,         0,   118.3,decoder_by_matrix,beec9fd12293a9cfe53c9b61fb8ce2a525e4eed38fa75d132d6dc64699336876,"{""distance"":3,""physical_error_rate"":0.0001}","{""detection_events"":44898,""detectors_checked"":169205760,""obs_mistake_mask=E"":3}"
   3771392,         0,         0,   117.6,decoder_by_matrix,36e3cd26fed5ec7649ec51fb08c1a5e7d7f30e615782d954fee045c18a4962ca,"{""distance"":3,""physical_error_rate"":5e-05}","{""detection_events"":27453,""detectors_checked"":203655168}"
   2819072,        54,         0,   117.8,decoder_by_matrix,5c8c81bfec719079c388cedc47a351f264c1bf769ae28a89f9b4fc7719fea501,"{""distance"":3,""physical_error_rate"":0.0005}","{""detection_events"":205488,""detectors_checked"":152229888,""obs_mistake_mask=E"":54}"
   6840320,         0,         0,   114.7,decoder_by_matrix,560c721f87db01d4cacf7dcb7d8812fecde61e9e7776d4b9e1b1a792578ecad7,"{""distance"":3,""physical_error_rate"":5e-06}","{""detection_events"":4863,""detectors_checked"":369377280}"
   3164160,         2,         0,   117.8,decoder_by_matrix,beec9fd12293a9cfe53c9b61fb8ce2a525e4eed38fa75d132d6dc64699336876,"{""distance"":3,""physical_error_rate"":0.0001}","{""detection_events"":46086,""detectors_checked"":170864640,""obs_mistake_mask=E"":2}"
   3224514,         0,         0,    56.0,decoder_by_matrix,560c721f87db01d4cacf7dcb7d8812fecde61e9e7776d4b9e1b1a792578ecad7,"{""distance"":3,""physical_error_rate"":5e-06}","{""detection_events"":2472,""detectors_checked"":174123756}"
   6167552,         0,         0,   104.5,decoder_by_matrix,560c721f87db01d4cacf7dcb7d8812fecde61e9e7776d4b9e1b1a792578ecad7,"{""distance"":3,""physical_error_rate"":5e-06}","{""detection_events"":4686,""detectors_checked"":333047808}"
   5013748,         0,         0,    84.2,decoder_by_matrix,560c721f87db01d4cacf7dcb7d8812fecde61e9e7776d4b9e1b1a792578ecad7,"{""distance"":3,""physical_error_rate"":5e-06}","{""detection_events"":3345,""detectors_checked"":270742392}"
   6081536,         1,         0,   115.1,decoder_by_matrix,e25b8d07214a8afb95d354611a83b9bb1ded39644e323a8585b3aabf687a4fff,"{""distance"":3,""physical_error_rate"":1e-05}","{""detection_events"":8427,""detectors_checked"":328402944,""obs_mistake_mask=E"":1}"
   2747392,         0,         0,    86.6,decoder_by_matrix,36e3cd26fed5ec7649ec51fb08c1a5e7d7f30e615782d954fee045c18a4962ca,"{""distance"":3,""physical_error_rate"":5e-05}","{""detection_events"":20430,""detectors_checked"":148359168}"
   4413440,         0,         0,    84.3,decoder_by_matrix,e25b8d07214a8afb95d354611a83b9bb1ded39644e323a8585b3aabf687a4fff,"{""distance"":3,""physical_error_rate"":1e-05}","{""detection_events"":6516,""detectors_checked"":238325760}"
   4451328,         0,         0,    84.3,decoder_by_matrix,e25b8d07214a8afb95d354611a83b9bb1ded39644e323a8585b3aabf687a4fff,"{""distance"":3,""physical_error_rate"":1e-05}","{""detection_events"":6360,""detectors_checked"":240371712}"
   2774016,         0,         0,    85.2,decoder_by_matrix,36e3cd26fed5ec7649ec51fb08c1a5e7d7f30e615782d954fee045c18a4962ca,"{""distance"":3,""physical_error_rate"":5e-05}","{""detection_events"":19845,""detectors_checked"":149796864}"
   3756032,         2,         0,   118.2,decoder_by_matrix,36e3cd26fed5ec7649ec51fb08c1a5e7d7f30e615782d954fee045c18a4962ca,"{""distance"":3,""physical_error_rate"":5e-05}","{""detection_events"":27222,""detectors_checked"":202825728,""obs_mistake_mask=E"":2}"
   3150198,         0,         0,    52.3,decoder_by_matrix,560c721f87db01d4cacf7dcb7d8812fecde61e9e7776d4b9e1b1a792578ecad7,"{""distance"":3,""physical_error_rate"":5e-06}","{""detection_events"":2133,""detectors_checked"":170110692}"
   3136512,         0,         0,    53.1,decoder_by_matrix,560c721f87db01d4cacf7dcb7d8812fecde61e9e7776d4b9e1b1a792578ecad7,"{""distance"":3,""physical_error_rate"":5e-06}","{""detection_events"":2298,""detectors_checked"":169371648}"
   3062784,         0,         0,    53.0,decoder_by_matrix,560c721f87db01d4cacf7dcb7d8812fecde61e9e7776d4b9e1b1a792578ecad7,"{""distance"":3,""physical_error_rate"":5e-06}","{""detection_events"":2268,""detectors_checked"":165390336}"
     87414,         0,         0,    1.23,decoder_by_matrix,560c721f87db01d4cacf7dcb7d8812fecde61e9e7776d4b9e1b1a792578ecad7,"{""distance"":3,""physical_error_rate"":5e-06}","{""detection_events"":39,""detectors_checked"":4720356}"
   1984512,         0,         0,    34.0,decoder_by_matrix,560c721f87db01d4cacf7dcb7d8812fecde61e9e7776d4b9e1b1a792578ecad7,"{""distance"":3,""physical_error_rate"":5e-06}","{""detection_events"":1566,""detectors_checked"":107163648}"
   2016256,         0,         0,    34.4,decoder_by_matrix,560c721f87db01d4cacf7dcb7d8812fecde61e9e7776d4b9e1b1a792578ecad7,"{""distance"":3,""physical_error_rate"":5e-06}","{""detection_events"":1446,""detectors_checked"":108877824}"
   1577380,         0,         0,    26.3,decoder_by_matrix,560c721f87db01d4cacf7dcb7d8812fecde61e9e7776d4b9e1b1a792578ecad7,"{""distance"":3,""physical_error_rate"":5e-06}","{""detection_events"":1074,""detectors_checked"":85178520}"
    647688,         0,         0,    10.9,decoder_by_matrix,560c721f87db01d4cacf7dcb7d8812fecde61e9e7776d4b9e1b1a792578ecad7,"{""distance"":3,""physical_error_rate"":5e-06}","{""detection_events"":387,""detectors_checked"":34975152}"
    551936,         0,         0,    9.31,decoder_by_matrix,560c721f87db01d4cacf7dcb7d8812fecde61e9e7776d4b9e1b1a792578ecad7,"{""distance"":3,""physical_error_rate"":5e-06}","{""detection_events"":354,""detectors_checked"":29804544}"
    627712,         0,         0,    10.9,decoder_by_matrix,560c721f87db01d4cacf7dcb7d8812fecde61e9e7776d4b9e1b1a792578ecad7,"{""distance"":3,""physical_error_rate"":5e-06}","{""detection_events"":558,""detectors_checked"":33896448}"
    546816,         0,         0,    9.61,decoder_by_matrix,560c721f87db01d4cacf7dcb7d8812fecde61e9e7776d4b9e1b1a792578ecad7,"{""distance"":3,""physical_error_rate"":5e-06}","{""detection_events"":483,""detectors_checked"":29528064}"
    557056,         0,         0,    9.46,decoder_by_matrix,560c721f87db01d4cacf7dcb7d8812fecde61e9e7776d4b9e1b1a792578ecad7,"{""distance"":3,""physical_error_rate"":5e-06}","{""detection_events"":420,""detectors_checked"":30081024}"
     19976,         0,         0,   0.232,decoder_by_matrix,560c721f87db01d4cacf7dcb7d8812fecde61e9e7776d4b9e1b1a792578ecad7,"{""distance"":3,""physical_error_rate"":5e-06}","{""detection_events"":12,""detectors_checked"":1078704}"
    525312,         0,         0,    8.59,decoder_by_matrix,560c721f87db01d4cacf7dcb7d8812fecde61e9e7776d4b9e1b1a792578ecad7,"{""distance"":3,""physical_error_rate"":5e-06}","{""detection_events"":381,""detectors_checked"":28366848}"
     68272,         0,         0,    1.07,decoder_by_matrix,560c721f87db01d4cacf7dcb7d8812fecde61e9e7776d4b9e1b1a792578ecad7,"{""distance"":3,""physical_error_rate"":5e-06}","{""detection_events"":45,""detectors_checked"":3686688}"
     65536,         0,         0,    1.09,decoder_by_matrix,560c721f87db01d4cacf7dcb7d8812fecde61e9e7776d4b9e1b1a792578ecad7,"{""distance"":3,""physical_error_rate"":5e-06}","{""detection_events"":39,""detectors_checked"":3538944}"
     60416,         0,         0,    1.02,decoder_by_matrix,560c721f87db01d4cacf7dcb7d8812fecde61e9e7776d4b9e1b1a792578ecad7,"{""distance"":3,""physical_error_rate"":5e-06}","{""detection_events"":78,""detectors_checked"":3262464}"
     65536,         0,         0,    1.05,decoder_by_matrix,560c721f87db01d4cacf7dcb7d8812fecde61e9e7776d4b9e1b1a792578ecad7,"{""distance"":3,""physical_error_rate"":5e-06}","{""detection_events"":30,""detectors_checked"":3538944}"
      2736,         0,         0,   0.002,decoder_by_matrix,560c721f87db01d4cacf7dcb7d8812fecde61e9e7776d4b9e1b1a792578ecad7,"{""distance"":3,""physical_error_rate"":5e-06}","{""detection_events"":6,""detectors_checked"":147744}"
      7856,         0,         0,   0.004,decoder_by_matrix,560c721f87db01d4cacf7dcb7d8812fecde61e9e7776d4b9e1b1a792578ecad7,"{""distance"":3,""physical_error_rate"":5e-06}","{""detectors_checked"":424224}"
     48128,         0,         0,   0.805,decoder_by_matrix,560c721f87db01d4cacf7dcb7d8812fecde61e9e7776d4b9e1b1a792578ecad7,"{""distance"":3,""physical_error_rate"":5e-06}","{""detection_events"":69,""detectors_checked"":2598912}"
     50176,         0,         0,   0.814,decoder_by_matrix,560c721f87db01d4cacf7dcb7d8812fecde61e9e7776d4b9e1b1a792578ecad7,"{""distance"":3,""physical_error_rate"":5e-06}","{""detection_events"":36,""detectors_checked"":2709504}"
     11378,         0,         0,   0.115,decoder_by_matrix,560c721f87db01d4cacf7dcb7d8812fecde61e9e7776d4b9e1b1a792578ecad7,"{""distance"":3,""physical_error_rate"":5e-06}","{""detection_events"":9,""detectors_checked"":614412}"
      4933,         0,         0,   0.002,decoder_by_matrix,560c721f87db01d4cacf7dcb7d8812fecde61e9e7776d4b9e1b1a792578ecad7,"{""distance"":3,""physical_error_rate"":5e-06}","{""detectors_checked"":266382}"
      1785,         0,         0,   0.001,decoder_by_matrix,560c721f87db01d4cacf7dcb7d8812fecde61e9e7776d4b9e1b1a792578ecad7,"{""distance"":3,""physical_error_rate"":5e-06}","{""detectors_checked"":96390}"
      6830,         0,         0,   0.003,decoder_by_matrix,560c721f87db01d4cacf7dcb7d8812fecde61e9e7776d4b9e1b1a792578ecad7,"{""distance"":3,""physical_error_rate"":5e-06}","{""detectors_checked"":368820}"
     11264,         0,         0,   0.121,decoder_by_matrix,560c721f87db01d4cacf7dcb7d8812fecde61e9e7776d4b9e1b1a792578ecad7,"{""distance"":3,""physical_error_rate"":5e-06}","{""detection_events"":21,""detectors_checked"":608256}"
       798,         0,         0,   0.000,decoder_by_matrix,560c721f87db01d4cacf7dcb7d8812fecde61e9e7776d4b9e1b1a792578ecad7,"{""distance"":3,""physical_error_rate"":5e-06}","{""detectors_checked"":43092}"
       798,         0,         0,   0.000,decoder_by_matrix,560c721f87db01d4cacf7dcb7d8812fecde61e9e7776d4b9e1b1a792578ecad7,"{""distance"":3,""physical_error_rate"":5e-06}","{""detectors_checked"":43092}"
       665,         0,         0,   0.000,decoder_by_matrix,560c721f87db01d4cacf7dcb7d8812fecde61e9e7776d4b9e1b1a792578ecad7,"{""distance"":3,""physical_error_rate"":5e-06}","{""detectors_checked"":35910}"
       665,         0,         0,   0.000,decoder_by_matrix,560c721f87db01d4cacf7dcb7d8812fecde61e9e7776d4b9e1b1a792578ecad7,"{""distance"":3,""physical_error_rate"":5e-06}","{""detectors_checked"":35910}"
       665,         0,         0,   0.000,decoder_by_matrix,560c721f87db01d4cacf7dcb7d8812fecde61e9e7776d4b9e1b1a792578ecad7,"{""distance"":3,""physical_error_rate"":5e-06}","{""detectors_checked"":35910}"
       665,         0,         0,   0.001,decoder_by_matrix,560c721f87db01d4cacf7dcb7d8812fecde61e9e7776d4b9e1b1a792578ecad7,"{""distance"":3,""physical_error_rate"":5e-06}","{""detection_events"":12,""detectors_checked"":35910}"
        89,         0,         0,   0.000,decoder_by_matrix,560c721f87db01d4cacf7dcb7d8812fecde61e9e7776d4b9e1b1a792578ecad7,"{""distance"":3,""physical_error_rate"":5e-06}","{""detectors_checked"":4806}"
        74,         0,         0,   0.000,decoder_by_matrix,560c721f87db01d4cacf7dcb7d8812fecde61e9e7776d4b9e1b1a792578ecad7,"{""distance"":3,""physical_error_rate"":5e-06}","{""detectors_checked"":3996}"
        62,         0,         0,   0.000,decoder_by_matrix,560c721f87db01d4cacf7dcb7d8812fecde61e9e7776d4b9e1b1a792578ecad7,"{""distance"":3,""physical_error_rate"":5e-06}","{""detectors_checked"":3348}"
        44,         0,         0,   0.000,decoder_by_matrix,560c721f87db01d4cacf7dcb7d8812fecde61e9e7776d4b9e1b1a792578ecad7,"{""distance"":3,""physical_error_rate"":5e-06}","{""detectors_checked"":2376}"
        44,         0,         0,   0.000,decoder_by_matrix,560c721f87db01d4cacf7dcb7d8812fecde61e9e7776d4b9e1b1a792578ecad7,"{""distance"":3,""physical_error_rate"":5e-06}","{""detectors_checked"":2376}"
         8,         0,         0,   0.000,decoder_by_matrix,560c721f87db01d4cacf7dcb7d8812fecde61e9e7776d4b9e1b1a792578ecad7,"{""distance"":3,""physical_error_rate"":5e-06}","{""detectors_checked"":432}"
        35,         0,         0,   0.000,decoder_by_matrix,560c721f87db01d4cacf7dcb7d8812fecde61e9e7776d4b9e1b1a792578ecad7,"{""distance"":3,""physical_error_rate"":5e-06}","{""detectors_checked"":1890}"
        51,         0,         0,   0.000,decoder_by_matrix,560c721f87db01d4cacf7dcb7d8812fecde61e9e7776d4b9e1b1a792578ecad7,"{""distance"":3,""physical_error_rate"":5e-06}","{""detectors_checked"":2754}"
        37,         0,         0,   0.000,decoder_by_matrix,560c721f87db01d4cacf7dcb7d8812fecde61e9e7776d4b9e1b1a792578ecad7,"{""distance"":3,""physical_error_rate"":5e-06}","{""detectors_checked"":1998}"
        37,         0,         0,   0.000,decoder_by_matrix,560c721f87db01d4cacf7dcb7d8812fecde61e9e7776d4b9e1b1a792578ecad7,"{""distance"":3,""physical_error_rate"":5e-06}","{""detectors_checked"":1998}"
         8,         0,         0,   0.000,decoder_by_matrix,560c721f87db01d4cacf7dcb7d8812fecde61e9e7776d4b9e1b1a792578ecad7,"{""distance"":3,""physical_error_rate"":5e-06}","{""detectors_checked"":432}"
        15,         0,         0,   0.000,decoder_by_matrix,560c721f87db01d4cacf7dcb7d8812fecde61e9e7776d4b9e1b1a792578ecad7,"{""distance"":3,""physical_error_rate"":5e-06}","{""detectors_checked"":810}"
         9,         0,         0,   0.000,decoder_by_matrix,560c721f87db01d4cacf7dcb7d8812fecde61e9e7776d4b9e1b1a792578ecad7,"{""distance"":3,""physical_error_rate"":5e-06}","{""detectors_checked"":486}"
         5,         0,         0,   0.000,decoder_by_matrix,560c721f87db01d4cacf7dcb7d8812fecde61e9e7776d4b9e1b1a792578ecad7,"{""distance"":3,""physical_error_rate"":5e-06}","{""detectors_checked"":270}"
         5,         0,         0,   0.000,decoder_by_matrix,560c721f87db01d4cacf7dcb7d8812fecde61e9e7776d4b9e1b1a792578ecad7,"{""distance"":3,""physical_error_rate"":5e-06}","{""detectors_checked"":270}"
         1,         0,         0,   0.000,decoder_by_matrix,560c721f87db01d4cacf7dcb7d8812fecde61e9e7776d4b9e1b1a792578ecad7,"{""distance"":3,""physical_error_rate"":5e-06}","{""detectors_checked"":54}"
         2,         0,         0,   0.000,decoder_by_matrix,560c721f87db01d4cacf7dcb7d8812fecde61e9e7776d4b9e1b1a792578ecad7,"{""distance"":3,""physical_error_rate"":5e-06}","{""detectors_checked"":108}"
         2,         0,         0,   0.000,decoder_by_matrix,560c721f87db01d4cacf7dcb7d8812fecde61e9e7776d4b9e1b1a792578ecad7,"{""distance"":3,""physical_error_rate"":5e-06}","{""detectors_checked"":108}"
         1,         0,         0,   0.000,decoder_by_matrix,560c721f87db01d4cacf7dcb7d8812fecde61e9e7776d4b9e1b1a792578ecad7,"{""distance"":3,""physical_error_rate"":5e-06}","{""detectors_checked"":54}"
         1,         0,         0,   0.000,decoder_by_matrix,560c721f87db01d4cacf7dcb7d8812fecde61e9e7776d4b9e1b1a792578ecad7,"{""distance"":3,""physical_error_rate"":5e-06}","{""detectors_checked"":54}"
         1,         0,         0,   0.000,decoder_by_matrix,beec9fd12293a9cfe53c9b61fb8ce2a525e4eed38fa75d132d6dc64699336876,"{""distance"":3,""physical_error_rate"":0.0001}","{""detectors_checked"":54}"
      5393,         0,         0,   0.012,decoder_by_matrix,beec9fd12293a9cfe53c9b61fb8ce2a525e4eed38fa75d132d6dc64699336876,"{""distance"":3,""physical_error_rate"":0.0001}","{""detection_events"":57,""detectors_checked"":291222}"
      6144,         0,         0,   0.071,decoder_by_matrix,beec9fd12293a9cfe53c9b61fb8ce2a525e4eed38fa75d132d6dc64699336876,"{""distance"":3,""physical_error_rate"":0.0001}","{""detection_events"":60,""detectors_checked"":331776}"
      6416,         0,         0,   0.090,decoder_by_matrix,beec9fd12293a9cfe53c9b61fb8ce2a525e4eed38fa75d132d6dc64699336876,"{""distance"":3,""physical_error_rate"":0.0001}","{""detection_events"":90,""detectors_checked"":346464}"
         1,         0,         0,   0.000,decoder_by_matrix,5c8c81bfec719079c388cedc47a351f264c1bf769ae28a89f9b4fc7719fea501,"{""distance"":3,""physical_error_rate"":0.0005}","{""detectors_checked"":54}"
         1,         0,         0,   0.000,decoder_by_matrix,36e3cd26fed5ec7649ec51fb08c1a5e7d7f30e615782d954fee045c18a4962ca,"{""distance"":3,""physical_error_rate"":5e-05}","{""detectors_checked"":54}"
         1,         0,         0,   0.000,decoder_by_matrix,e25b8d07214a8afb95d354611a83b9bb1ded39644e323a8585b3aabf687a4fff,"{""distance"":3,""physical_error_rate"":1e-05}","{""detectors_checked"":54}"
         1,         0,         0,   0.000,decoder_by_matrix,5c8c81bfec719079c388cedc47a351f264c1bf769ae28a89f9b4fc7719fea501,"{""distance"":3,""physical_error_rate"":0.0005}","{""detectors_checked"":54}"
      2320,         0,         0,   0.015,decoder_by_matrix,36e3cd26fed5ec7649ec51fb08c1a5e7d7f30e615782d954fee045c18a4962ca,"{""distance"":3,""physical_error_rate"":5e-05}","{""detection_events"":30,""detectors_checked"":125280}"
      9488,         0,         0,   0.014,decoder_by_matrix,e25b8d07214a8afb95d354611a83b9bb1ded39644e323a8585b3aabf687a4fff,"{""distance"":3,""physical_error_rate"":1e-05}","{""detection_events"":12,""detectors_checked"":512352}"
      5392,         0,         0,   0.015,decoder_by_matrix,5c8c81bfec719079c388cedc47a351f264c1bf769ae28a89f9b4fc7719fea501,"{""distance"":3,""physical_error_rate"":0.0005}","{""detection_events"":393,""detectors_checked"":291168}"
      4368,         0,         0,   0.033,decoder_by_matrix,5c8c81bfec719079c388cedc47a351f264c1bf769ae28a89f9b4fc7719fea501,"{""distance"":3,""physical_error_rate"":0.0005}","{""detection_events"":273,""detectors_checked"":235872}"
      8192,         0,         0,   0.042,decoder_by_matrix,36e3cd26fed5ec7649ec51fb08c1a5e7d7f30e615782d954fee045c18a4962ca,"{""distance"":3,""physical_error_rate"":5e-05}","{""detection_events"":60,""detectors_checked"":442368}"
      2048,         0,         0,   0.027,decoder_by_matrix,5c8c81bfec719079c388cedc47a351f264c1bf769ae28a89f9b4fc7719fea501,"{""distance"":3,""physical_error_rate"":0.0005}","{""detection_events"":219,""detectors_checked"":110592}"
      9216,         0,         0,   0.064,decoder_by_matrix,e25b8d07214a8afb95d354611a83b9bb1ded39644e323a8585b3aabf687a4fff,"{""distance"":3,""physical_error_rate"":1e-05}","{""detection_events"":6,""detectors_checked"":497664}"
      1024,         0,         0,   0.032,decoder_by_matrix,36e3cd26fed5ec7649ec51fb08c1a5e7d7f30e615782d954fee045c18a4962ca,"{""distance"":3,""physical_error_rate"":5e-05}","{""detection_events"":6,""detectors_checked"":55296}"
      3072,         0,         0,   0.140,decoder_by_matrix,beec9fd12293a9cfe53c9b61fb8ce2a525e4eed38fa75d132d6dc64699336876,"{""distance"":3,""physical_error_rate"":0.0001}","{""detection_events"":39,""detectors_checked"":165888}"
      4096,         1,         0,   0.105,decoder_by_matrix,5c8c81bfec719079c388cedc47a351f264c1bf769ae28a89f9b4fc7719fea501,"{""distance"":3,""physical_error_rate"":0.0005}","{""detection_events"":342,""detectors_checked"":221184,""obs_mistake_mask=E"":1}"
      3072,         0,         0,   0.110,decoder_by_matrix,5c8c81bfec719079c388cedc47a351f264c1bf769ae28a89f9b4fc7719fea501,"{""distance"":3,""physical_error_rate"":0.0005}","{""detection_events"":270,""detectors_checked"":165888}"
      4096,         0,         0,   0.005,decoder_by_matrix,beec9fd12293a9cfe53c9b61fb8ce2a525e4eed38fa75d132d6dc64699336876,"{""distance"":3,""physical_error_rate"":0.0001}","{""detection_events"":54,""detectors_checked"":221184}"
      6144,         0,         0,   0.119,decoder_by_matrix,e25b8d07214a8afb95d354611a83b9bb1ded39644e323a8585b3aabf687a4fff,"{""distance"":3,""physical_error_rate"":1e-05}","{""detection_events"":6,""detectors_checked"":331776}"
      3072,         0,         0,   0.118,decoder_by_matrix,36e3cd26fed5ec7649ec51fb08c1a5e7d7f30e615782d954fee045c18a4962ca,"{""distance"":3,""physical_error_rate"":5e-05}","{""detection_events"":9,""detectors_checked"":165888}"
      3072,         0,         0,   0.131,decoder_by_matrix,beec9fd12293a9cfe53c9b61fb8ce2a525e4eed38fa75d132d6dc64699336876,"{""distance"":3,""physical_error_rate"":0.0001}","{""detection_events"":21,""detectors_checked"":165888}"
      3072,         0,         0,   0.133,decoder_by_matrix,5c8c81bfec719079c388cedc47a351f264c1bf769ae28a89f9b4fc7719fea501,"{""distance"":3,""physical_error_rate"":0.0005}","{""detection_events"":237,""detectors_checked"":165888}"
      3072,         0,         0,   0.129,decoder_by_matrix,5c8c81bfec719079c388cedc47a351f264c1bf769ae28a89f9b4fc7719fea501,"{""distance"":3,""physical_error_rate"":0.0005}","{""detection_events"":204,""detectors_checked"":165888}"
      3072,         0,         0,   0.130,decoder_by_matrix,beec9fd12293a9cfe53c9b61fb8ce2a525e4eed38fa75d132d6dc64699336876,"{""distance"":3,""physical_error_rate"":0.0001}","{""detection_events"":33,""detectors_checked"":165888}"
      7168,         0,         0,   0.130,decoder_by_matrix,e25b8d07214a8afb95d354611a83b9bb1ded39644e323a8585b3aabf687a4fff,"{""distance"":3,""physical_error_rate"":1e-05}","{""detection_events"":3,""detectors_checked"":387072}"
      4096,         0,         0,   0.134,decoder_by_matrix,36e3cd26fed5ec7649ec51fb08c1a5e7d7f30e615782d954fee045c18a4962ca,"{""distance"":3,""physical_error_rate"":5e-05}","{""detection_events"":42,""detectors_checked"":221184}"
      3072,         0,         0,   0.146,decoder_by_matrix,beec9fd12293a9cfe53c9b61fb8ce2a525e4eed38fa75d132d6dc64699336876,"{""distance"":3,""physical_error_rate"":0.0001}","{""detection_events"":63,""detectors_checked"":165888}"
      3072,         0,         0,   0.130,decoder_by_matrix,5c8c81bfec719079c388cedc47a351f264c1bf769ae28a89f9b4fc7719fea501,"{""distance"":3,""physical_error_rate"":0.0005}","{""detection_events"":225,""detectors_checked"":165888}"
      3072,         0,         0,   0.130,decoder_by_matrix,5c8c81bfec719079c388cedc47a351f264c1bf769ae28a89f9b4fc7719fea501,"{""distance"":3,""physical_error_rate"":0.0005}","{""detection_events"":219,""detectors_checked"":165888}"
      3072,         0,         0,   0.133,decoder_by_matrix,beec9fd12293a9cfe53c9b61fb8ce2a525e4eed38fa75d132d6dc64699336876,"{""distance"":3,""physical_error_rate"":0.0001}","{""detection_events"":36,""detectors_checked"":165888}"
      7168,         0,         0,   0.132,decoder_by_matrix,e25b8d07214a8afb95d354611a83b9bb1ded39644e323a8585b3aabf687a4fff,"{""distance"":3,""physical_error_rate"":1e-05}","{""detectors_checked"":387072}"
      4096,         0,         0,   0.132,decoder_by_matrix,36e3cd26fed5ec7649ec51fb08c1a5e7d7f30e615782d954fee045c18a4962ca,"{""distance"":3,""physical_error_rate"":5e-05}","{""detection_events"":33,""detectors_checked"":221184}"
      3072,         0,         0,   0.132,decoder_by_matrix,beec9fd12293a9cfe53c9b61fb8ce2a525e4eed38fa75d132d6dc64699336876,"{""distance"":3,""physical_error_rate"":0.0001}","{""detection_events"":36,""detectors_checked"":165888}"
      3072,         0,         0,   0.132,decoder_by_matrix,5c8c81bfec719079c388cedc47a351f264c1bf769ae28a89f9b4fc7719fea501,"{""distance"":3,""physical_error_rate"":0.0005}","{""detection_events"":219,""detectors_checked"":165888}"
      3072,         0,         0,   0.137,decoder_by_matrix,5c8c81bfec719079c388cedc47a351f264c1bf769ae28a89f9b4fc7719fea501,"{""distance"":3,""physical_error_rate"":0.0005}","{""detection_events"":156,""detectors_checked"":165888}"
      3072,         0,         0,   0.114,decoder_by_matrix,beec9fd12293a9cfe53c9b61fb8ce2a525e4eed38fa75d132d6dc64699336876,"{""distance"":3,""physical_error_rate"":0.0001}","{""detection_events"":36,""detectors_checked"":165888}"
      7168,         0,         0,   0.126,decoder_by_matrix,e25b8d07214a8afb95d354611a83b9bb1ded39644e323a8585b3aabf687a4fff,"{""distance"":3,""physical_error_rate"":1e-05}","{""detection_events"":9,""detectors_checked"":387072}"
      3072,         0,         0,   0.125,decoder_by_matrix,36e3cd26fed5ec7649ec51fb08c1a5e7d7f30e615782d954fee045c18a4962ca,"{""distance"":3,""physical_error_rate"":5e-05}","{""detection_events"":27,""detectors_checked"":165888}"
      3072,         0,         0,   0.126,decoder_by_matrix,beec9fd12293a9cfe53c9b61fb8ce2a525e4eed38fa75d132d6dc64699336876,"{""distance"":3,""physical_error_rate"":0.0001}","{""detection_events"":84,""detectors_checked"":165888}"
      3072,         0,         0,   0.126,decoder_by_matrix,5c8c81bfec719079c388cedc47a351f264c1bf769ae28a89f9b4fc7719fea501,"{""distance"":3,""physical_error_rate"":0.0005}","{""detection_events"":231,""detectors_checked"":165888}"
      3072,         0,         0,   0.124,decoder_by_matrix,beec9fd12293a9cfe53c9b61fb8ce2a525e4eed38fa75d132d6dc64699336876,"{""distance"":3,""physical_error_rate"":0.0001}","{""detection_events"":93,""detectors_checked"":165888}"
      3072,         0,         0,   0.149,decoder_by_matrix,5c8c81bfec719079c388cedc47a351f264c1bf769ae28a89f9b4fc7719fea501,"{""distance"":3,""physical_error_rate"":0.0005}","{""detection_events"":231,""detectors_checked"":165888}"
      6144,         0,         0,   0.129,decoder_by_matrix,e25b8d07214a8afb95d354611a83b9bb1ded39644e323a8585b3aabf687a4fff,"{""distance"":3,""physical_error_rate"":1e-05}","{""detection_events"":21,""detectors_checked"":331776}"
      3072,         0,         0,   0.132,decoder_by_matrix,beec9fd12293a9cfe53c9b61fb8ce2a525e4eed38fa75d132d6dc64699336876,"{""distance"":3,""physical_error_rate"":0.0001}","{""detection_events"":54,""detectors_checked"":165888}"
      3072,         0,         0,   0.133,decoder_by_matrix,5c8c81bfec719079c388cedc47a351f264c1bf769ae28a89f9b4fc7719fea501,"{""distance"":3,""physical_error_rate"":0.0005}","{""detection_events"":204,""detectors_checked"":165888}"
      8192,         0,         0,   0.254,decoder_by_matrix,36e3cd26fed5ec7649ec51fb08c1a5e7d7f30e615782d954fee045c18a4962ca,"{""distance"":3,""physical_error_rate"":5e-05}","{""detection_events"":66,""detectors_checked"":442368}"
      3072,         0,         0,   0.161,decoder_by_matrix,beec9fd12293a9cfe53c9b61fb8ce2a525e4eed38fa75d132d6dc64699336876,"{""distance"":3,""physical_error_rate"":0.0001}","{""detection_events"":30,""detectors_checked"":165888}"
      6144,         0,         0,   0.253,decoder_by_matrix,5c8c81bfec719079c388cedc47a351f264c1bf769ae28a89f9b4fc7719fea501,"{""distance"":3,""physical_error_rate"":0.0005}","{""detection_events"":495,""detectors_checked"":331776}"
     11264,         0,         0,   0.253,decoder_by_matrix,e25b8d07214a8afb95d354611a83b9bb1ded39644e323a8585b3aabf687a4fff,"{""distance"":3,""physical_error_rate"":1e-05}","{""detection_events"":21,""detectors_checked"":608256}"
      7168,         0,         0,   0.255,decoder_by_matrix,beec9fd12293a9cfe53c9b61fb8ce2a525e4eed38fa75d132d6dc64699336876,"{""distance"":3,""physical_error_rate"":0.0001}","{""detection_events"":72,""detectors_checked"":387072}"
      6144,         0,         0,   0.259,decoder_by_matrix,5c8c81bfec719079c388cedc47a351f264c1bf769ae28a89f9b4fc7719fea501,"{""distance"":3,""physical_error_rate"":0.0005}","{""detection_events"":426,""detectors_checked"":331776}"
      6144,         1,         0,   0.250,decoder_by_matrix,beec9fd12293a9cfe53c9b61fb8ce2a525e4eed38fa75d132d6dc64699336876,"{""distance"":3,""physical_error_rate"":0.0001}","{""detection_events"":138,""detectors_checked"":331776,""obs_mistake_mask=E"":1}"
      7168,         0,         0,   0.278,decoder_by_matrix,36e3cd26fed5ec7649ec51fb08c1a5e7d7f30e615782d954fee045c18a4962ca,"{""distance"":3,""physical_error_rate"":5e-05}","{""detection_events"":48,""detectors_checked"":387072}"
     13312,         0,         0,   0.256,decoder_by_matrix,e25b8d07214a8afb95d354611a83b9bb1ded39644e323a8585b3aabf687a4fff,"{""distance"":3,""physical_error_rate"":1e-05}","{""detection_events"":9,""detectors_checked"":718848}"
      6144,         0,         0,   0.285,decoder_by_matrix,5c8c81bfec719079c388cedc47a351f264c1bf769ae28a89f9b4fc7719fea501,"{""distance"":3,""physical_error_rate"":0.0005}","{""detection_events"":417,""detectors_checked"":331776}"
      7168,         0,         0,   0.255,decoder_by_matrix,beec9fd12293a9cfe53c9b61fb8ce2a525e4eed38fa75d132d6dc64699336876,"{""distance"":3,""physical_error_rate"":0.0001}","{""detection_events"":84,""detectors_checked"":387072}"
      6144,         0,         0,   0.260,decoder_by_matrix,5c8c81bfec719079c388cedc47a351f264c1bf769ae28a89f9b4fc7719fea501,"{""distance"":3,""physical_error_rate"":0.0005}","{""detection_events"":453,""detectors_checked"":331776}"
      7168,         0,         0,   0.241,decoder_by_matrix,beec9fd12293a9cfe53c9b61fb8ce2a525e4eed38fa75d132d6dc64699336876,"{""distance"":3,""physical_error_rate"":0.0001}","{""detection_events"":87,""detectors_checked"":387072}"
     13312,         0,         0,   0.386,decoder_by_matrix,36e3cd26fed5ec7649ec51fb08c1a5e7d7f30e615782d954fee045c18a4962ca,"{""distance"":3,""physical_error_rate"":5e-05}","{""detection_events"":96,""detectors_checked"":718848}"
     19456,         0,         0,   0.362,decoder_by_matrix,e25b8d07214a8afb95d354611a83b9bb1ded39644e323a8585b3aabf687a4fff,"{""distance"":3,""physical_error_rate"":1e-05}","{""detection_events"":27,""detectors_checked"":1050624}"
      9216,         1,         0,   0.387,decoder_by_matrix,5c8c81bfec719079c388cedc47a351f264c1bf769ae28a89f9b4fc7719fea501,"{""distance"":3,""physical_error_rate"":0.0005}","{""detection_events"":747,""detectors_checked"":497664,""obs_mistake_mask=E"":1}"
      9216,         0,         0,   0.388,decoder_by_matrix,beec9fd12293a9cfe53c9b61fb8ce2a525e4eed38fa75d132d6dc64699336876,"{""distance"":3,""physical_error_rate"":0.0001}","{""detection_events"":147,""detectors_checked"":497664}"
      8192,         0,         0,   0.387,decoder_by_matrix,5c8c81bfec719079c388cedc47a351f264c1bf769ae28a89f9b4fc7719fea501,"{""distance"":3,""physical_error_rate"":0.0005}","{""detection_events"":633,""detectors_checked"":442368}"
      9216,         0,         0,   0.410,decoder_by_matrix,beec9fd12293a9cfe53c9b61fb8ce2a525e4eed38fa75d132d6dc64699336876,"{""distance"":3,""physical_error_rate"":0.0001}","{""detection_events"":135,""detectors_checked"":497664}"
     13312,         0,         0,   0.412,decoder_by_matrix,36e3cd26fed5ec7649ec51fb08c1a5e7d7f30e615782d954fee045c18a4962ca,"{""distance"":3,""physical_error_rate"":5e-05}","{""detection_events"":60,""detectors_checked"":718848}"
   2835456,        59,         0,   117.2,decoder_by_matrix,5c8c81bfec719079c388cedc47a351f264c1bf769ae28a89f9b4fc7719fea501,"{""distance"":3,""physical_error_rate"":0.0005}","{""detection_events"":204759,""detectors_checked"":153114624,""obs_mistake_mask=E"":59}"
      9216,         0,         0,   0.412,decoder_by_matrix,5c8c81bfec719079c388cedc47a351f264c1bf769ae28a89f9b4fc7719fea501,"{""distance"":3,""physical_error_rate"":0.0005}","{""detection_events"":666,""detectors_checked"":497664}"
     26624,         0,         0,   0.513,decoder_by_matrix,e25b8d07214a8afb95d354611a83b9bb1ded39644e323a8585b3aabf687a4fff,"{""distance"":3,""physical_error_rate"":1e-05}","{""detection_events"":21,""detectors_checked"":1437696}"
     12288,         0,         0,   0.487,decoder_by_matrix,beec9fd12293a9cfe53c9b61fb8ce2a525e4eed38fa75d132d6dc64699336876,"{""distance"":3,""physical_error_rate"":0.0001}","{""detection_events"":147,""detectors_checked"":663552}"
     12288,         0,         0,   0.508,decoder_by_matrix,5c8c81bfec719079c388cedc47a351f264c1bf769ae28a89f9b4fc7719fea501,"{""distance"":3,""physical_error_rate"":0.0005}","{""detection_events"":984,""detectors_checked"":663552}"
     13312,         0,         0,   0.380,decoder_by_matrix,beec9fd12293a9cfe53c9b61fb8ce2a525e4eed38fa75d132d6dc64699336876,"{""distance"":3,""physical_error_rate"":0.0001}","{""detection_events"":288,""detectors_checked"":718848}"
   3166208,         3,         0,   117.1,decoder_by_matrix,beec9fd12293a9cfe53c9b61fb8ce2a525e4eed38fa75d132d6dc64699336876,"{""distance"":3,""physical_error_rate"":0.0001}","{""detection_events"":45792,""detectors_checked"":170975232,""obs_mistake_mask=E"":3}"
   2824192,        52,         0,   116.7,decoder_by_matrix,5c8c81bfec719079c388cedc47a351f264c1bf769ae28a89f9b4fc7719fea501,"{""distance"":3,""physical_error_rate"":0.0005}","{""detection_events"":204690,""detectors_checked"":152506368,""obs_mistake_mask=E"":52}"
     19456,         0,         0,   0.584,decoder_by_matrix,36e3cd26fed5ec7649ec51fb08c1a5e7d7f30e615782d954fee045c18a4962ca,"{""distance"":3,""physical_error_rate"":5e-05}","{""detection_events"":126,""detectors_checked"":1050624}"
   3168256,         3,         0,   117.6,decoder_by_matrix,beec9fd12293a9cfe53c9b61fb8ce2a525e4eed38fa75d132d6dc64699336876,"{""distance"":3,""physical_error_rate"":0.0001}","{""detection_events"":45924,""detectors_checked"":171085824,""obs_mistake_mask=E"":3}"
     15360,         1,         0,   0.650,decoder_by_matrix,5c8c81bfec719079c388cedc47a351f264c1bf769ae28a89f9b4fc7719fea501,"{""distance"":3,""physical_error_rate"":0.0005}","{""detection_events"":1014,""detectors_checked"":829440,""obs_mistake_mask=E"":1}"
     33792,         0,         0,   0.645,decoder_by_matrix,e25b8d07214a8afb95d354611a83b9bb1ded39644e323a8585b3aabf687a4fff,"{""distance"":3,""physical_error_rate"":1e-05}","{""detection_events"":27,""detectors_checked"":1824768}"
     16384,         0,         0,   0.619,decoder_by_matrix,beec9fd12293a9cfe53c9b61fb8ce2a525e4eed38fa75d132d6dc64699336876,"{""distance"":3,""physical_error_rate"":0.0001}","{""detection_events"":321,""detectors_checked"":884736}"
     15360,         2,         0,   0.643,decoder_by_matrix,5c8c81bfec719079c388cedc47a351f264c1bf769ae28a89f9b4fc7719fea501,"{""distance"":3,""physical_error_rate"":0.0005}","{""detection_events"":990,""detectors_checked"":829440,""obs_mistake_mask=E"":2}"
     17408,         0,         0,   0.666,decoder_by_matrix,beec9fd12293a9cfe53c9b61fb8ce2a525e4eed38fa75d132d6dc64699336876,"{""distance"":3,""physical_error_rate"":0.0001}","{""detection_events"":276,""detectors_checked"":940032}"
     23552,         0,         0,   0.794,decoder_by_matrix,36e3cd26fed5ec7649ec51fb08c1a5e7d7f30e615782d954fee045c18a4962ca,"{""distance"":3,""physical_error_rate"":5e-05}","{""detection_events"":222,""detectors_checked"":1271808}"
     20480,         2,         0,   0.888,decoder_by_matrix,5c8c81bfec719079c388cedc47a351f264c1bf769ae28a89f9b4fc7719fea501,"{""distance"":3,""physical_error_rate"":0.0005}","{""detection_events"":1695,""detectors_checked"":1105920,""obs_mistake_mask=E"":2}"
     22528,         0,         0,   0.809,decoder_by_matrix,beec9fd12293a9cfe53c9b61fb8ce2a525e4eed38fa75d132d6dc64699336876,"{""distance"":3,""physical_error_rate"":0.0001}","{""detection_events"":267,""detectors_checked"":1216512}"
     18432,         0,         0,   0.802,decoder_by_matrix,5c8c81bfec719079c388cedc47a351f264c1bf769ae28a89f9b4fc7719fea501,"{""distance"":3,""physical_error_rate"":0.0005}","{""detection_events"":1026,""detectors_checked"":995328}"
     47104,         0,         0,   0.902,decoder_by_matrix,e25b8d07214a8afb95d354611a83b9bb1ded39644e323a8585b3aabf687a4fff,"{""distance"":3,""physical_error_rate"":1e-05}","{""detection_events"":42,""detectors_checked"":2543616}"
     21504,         0,         0,   0.869,decoder_by_matrix,beec9fd12293a9cfe53c9b61fb8ce2a525e4eed38fa75d132d6dc64699336876,"{""distance"":3,""physical_error_rate"":0.0001}","{""detection_events"":288,""detectors_checked"":1161216}"
     35840,         0,         0,    1.00,decoder_by_matrix,36e3cd26fed5ec7649ec51fb08c1a5e7d7f30e615782d954fee045c18a4962ca,"{""distance"":3,""physical_error_rate"":5e-05}","{""detection_events"":219,""detectors_checked"":1935360}"
     27648,         2,         0,    1.17,decoder_by_matrix,5c8c81bfec719079c388cedc47a351f264c1bf769ae28a89f9b4fc7719fea501,"{""distance"":3,""physical_error_rate"":0.0005}","{""detection_events"":2154,""detectors_checked"":1492992,""obs_mistake_mask=E"":2}"
     29696,         0,         0,    1.18,decoder_by_matrix,beec9fd12293a9cfe53c9b61fb8ce2a525e4eed38fa75d132d6dc64699336876,"{""distance"":3,""physical_error_rate"":0.0001}","{""detection_events"":378,""detectors_checked"":1603584}"
     53248,         0,         0,    1.15,decoder_by_matrix,e25b8d07214a8afb95d354611a83b9bb1ded39644e323a8585b3aabf687a4fff,"{""distance"":3,""physical_error_rate"":1e-05}","{""detection_events"":96,""detectors_checked"":2875392}"
     28672,         2,         0,    1.23,decoder_by_matrix,5c8c81bfec719079c388cedc47a351f264c1bf769ae28a89f9b4fc7719fea501,"{""distance"":3,""physical_error_rate"":0.0005}","{""detection_events"":2100,""detectors_checked"":1548288,""obs_mistake_mask=E"":2}"
     29696,         0,         0,    1.17,decoder_by_matrix,beec9fd12293a9cfe53c9b61fb8ce2a525e4eed38fa75d132d6dc64699336876,"{""distance"":3,""physical_error_rate"":0.0001}","{""detection_events"":417,""detectors_checked"":1603584}"
     49152,         0,         0,    1.67,decoder_by_matrix,36e3cd26fed5ec7649ec51fb08c1a5e7d7f30e615782d954fee045c18a4962ca,"{""distance"":3,""physical_error_rate"":5e-05}","{""detection_events"":318,""detectors_checked"":2654208}"
     36864,         1,         0,    1.56,decoder_by_matrix,5c8c81bfec719079c388cedc47a351f264c1bf769ae28a89f9b4fc7719fea501,"{""distance"":3,""physical_error_rate"":0.0005}","{""detection_events"":2718,""detectors_checked"":1990656,""obs_mistake_mask=E"":1}"
     40960,         0,         0,    1.60,decoder_by_matrix,beec9fd12293a9cfe53c9b61fb8ce2a525e4eed38fa75d132d6dc64699336876,"{""distance"":3,""physical_error_rate"":0.0001}","{""detection_events"":558,""detectors_checked"":2211840}"
     78848,         0,         0,    1.62,decoder_by_matrix,e25b8d07214a8afb95d354611a83b9bb1ded39644e323a8585b3aabf687a4fff,"{""distance"":3,""physical_error_rate"":1e-05}","{""detection_events"":147,""detectors_checked"":4257792}"
     38912,         3,         0,    1.64,decoder_by_matrix,5c8c81bfec719079c388cedc47a351f264c1bf769ae28a89f9b4fc7719fea501,"{""distance"":3,""physical_error_rate"":0.0005}","{""detection_events"":2781,""detectors_checked"":2101248,""obs_mistake_mask=E"":3}"
     41984,         0,         0,    1.66,decoder_by_matrix,beec9fd12293a9cfe53c9b61fb8ce2a525e4eed38fa75d132d6dc64699336876,"{""distance"":3,""physical_error_rate"":0.0001}","{""detection_events"":600,""detectors_checked"":2267136}"
     79872,         0,         0,    2.25,decoder_by_matrix,36e3cd26fed5ec7649ec51fb08c1a5e7d7f30e615782d954fee045c18a4962ca,"{""distance"":3,""physical_error_rate"":5e-05}","{""detection_events"":441,""detectors_checked"":4313088}"
     51200,         1,         0,    2.07,decoder_by_matrix,5c8c81bfec719079c388cedc47a351f264c1bf769ae28a89f9b4fc7719fea501,"{""distance"":3,""physical_error_rate"":0.0005}","{""detection_events"":3858,""detectors_checked"":2764800,""obs_mistake_mask=E"":1}"
     60416,         0,         0,    2.27,decoder_by_matrix,beec9fd12293a9cfe53c9b61fb8ce2a525e4eed38fa75d132d6dc64699336876,"{""distance"":3,""physical_error_rate"":0.0001}","{""detection_events"":801,""detectors_checked"":3262464}"
    110592,         0,         0,    2.17,decoder_by_matrix,e25b8d07214a8afb95d354611a83b9bb1ded39644e323a8585b3aabf687a4fff,"{""distance"":3,""physical_error_rate"":1e-05}","{""detection_events"":177,""detectors_checked"":5971968}"
     52224,         1,         0,    2.23,decoder_by_matrix,5c8c81bfec719079c388cedc47a351f264c1bf769ae28a89f9b4fc7719fea501,"{""distance"":3,""physical_error_rate"":0.0005}","{""detection_events"":3648,""detectors_checked"":2820096,""obs_mistake_mask=E"":1}"
     59392,         0,         0,    2.21,decoder_by_matrix,beec9fd12293a9cfe53c9b61fb8ce2a525e4eed38fa75d132d6dc64699336876,"{""distance"":3,""physical_error_rate"":0.0001}","{""detection_events"":840,""detectors_checked"":3207168}"
     98304,         0,         0,    2.97,decoder_by_matrix,36e3cd26fed5ec7649ec51fb08c1a5e7d7f30e615782d954fee045c18a4962ca,"{""distance"":3,""physical_error_rate"":5e-05}","{""detection_events"":702,""detectors_checked"":5308416}"
     72704,         3,         0,    3.13,decoder_by_matrix,5c8c81bfec719079c388cedc47a351f264c1bf769ae28a89f9b4fc7719fea501,"{""distance"":3,""physical_error_rate"":0.0005}","{""detection_events"":5418,""detectors_checked"":3926016,""obs_mistake_mask=E"":3}"
     78848,         0,         0,    3.08,decoder_by_matrix,beec9fd12293a9cfe53c9b61fb8ce2a525e4eed38fa75d132d6dc64699336876,"{""distance"":3,""physical_error_rate"":0.0001}","{""detection_events"":1320,""detectors_checked"":4257792}"
     72704,         1,         0,    3.10,decoder_by_matrix,5c8c81bfec719079c388cedc47a351f264c1bf769ae28a89f9b4fc7719fea501,"{""distance"":3,""physical_error_rate"":0.0005}","{""detection_events"":5298,""detectors_checked"":3926016,""obs_mistake_mask=E"":1}"
    155648,         0,         0,    3.04,decoder_by_matrix,e25b8d07214a8afb95d354611a83b9bb1ded39644e323a8585b3aabf687a4fff,"{""distance"":3,""physical_error_rate"":1e-05}","{""detection_events"":228,""detectors_checked"":8404992}"
     77824,         0,         0,    3.06,decoder_by_matrix,beec9fd12293a9cfe53c9b61fb8ce2a525e4eed38fa75d132d6dc64699336876,"{""distance"":3,""physical_error_rate"":0.0001}","{""detection_events"":1131,""detectors_checked"":4202496}"
   3807232,         1,         0,   117.7,decoder_by_matrix,36e3cd26fed5ec7649ec51fb08c1a5e7d7f30e615782d954fee045c18a4962ca,"{""distance"":3,""physical_error_rate"":5e-05}","{""detection_events"":27837,""detectors_checked"":205590528,""obs_mistake_mask=E"":1}"
   6000640,         0,         0,   115.7,decoder_by_matrix,e25b8d07214a8afb95d354611a83b9bb1ded39644e323a8585b3aabf687a4fff,"{""distance"":3,""physical_error_rate"":1e-05}","{""detection_events"":8907,""detectors_checked"":324034560}"
    144384,         0,         0,    4.33,decoder_by_matrix,36e3cd26fed5ec7649ec51fb08c1a5e7d7f30e615782d954fee045c18a4962ca,"{""distance"":3,""physical_error_rate"":5e-05}","{""detection_events"":891,""detectors_checked"":7796736}"
    102400,         1,         0,    4.22,decoder_by_matrix,5c8c81bfec719079c388cedc47a351f264c1bf769ae28a89f9b4fc7719fea501,"{""distance"":3,""physical_error_rate"":0.0005}","{""detection_events"":7665,""detectors_checked"":5529600,""obs_mistake_mask=E"":1}"
    110592,         0,         0,    4.32,decoder_by_matrix,beec9fd12293a9cfe53c9b61fb8ce2a525e4eed38fa75d132d6dc64699336876,"{""distance"":3,""physical_error_rate"":0.0001}","{""detection_events"":1797,""detectors_checked"":5971968}"
    103424,         1,         0,    4.38,decoder_by_matrix,5c8c81bfec719079c388cedc47a351f264c1bf769ae28a89f9b4fc7719fea501,"{""distance"":3,""physical_error_rate"":0.0005}","{""detection_events"":7458,""detectors_checked"":5584896,""obs_mistake_mask=E"":1}"
    218112,         0,         0,    4.23,decoder_by_matrix,e25b8d07214a8afb95d354611a83b9bb1ded39644e323a8585b3aabf687a4fff,"{""distance"":3,""physical_error_rate"":1e-05}","{""detection_events"":366,""detectors_checked"":11778048}"
    117760,         0,         0,    4.35,decoder_by_matrix,beec9fd12293a9cfe53c9b61fb8ce2a525e4eed38fa75d132d6dc64699336876,"{""distance"":3,""physical_error_rate"":0.0001}","{""detection_events"":1557,""detectors_checked"":6359040}"
    199680,         0,         0,    5.69,decoder_by_matrix,36e3cd26fed5ec7649ec51fb08c1a5e7d7f30e615782d954fee045c18a4962ca,"{""distance"":3,""physical_error_rate"":5e-05}","{""detection_events"":1404,""detectors_checked"":10782720}"
    142336,         5,         0,    6.03,decoder_by_matrix,5c8c81bfec719079c388cedc47a351f264c1bf769ae28a89f9b4fc7719fea501,"{""distance"":3,""physical_error_rate"":0.0005}","{""detection_events"":10053,""detectors_checked"":7686144,""obs_mistake_mask=E"":5}"
    155648,         0,         0,    5.97,decoder_by_matrix,beec9fd12293a9cfe53c9b61fb8ce2a525e4eed38fa75d132d6dc64699336876,"{""distance"":3,""physical_error_rate"":0.0001}","{""detection_events"":2274,""detectors_checked"":8404992}"
    140288,         2,         0,    5.85,decoder_by_matrix,5c8c81bfec719079c388cedc47a351f264c1bf769ae28a89f9b4fc7719fea501,"{""distance"":3,""physical_error_rate"":0.0005}","{""detection_events"":10239,""detectors_checked"":7575552,""obs_mistake_mask=E"":2}"
    159744,         0,         0,    5.92,decoder_by_matrix,beec9fd12293a9cfe53c9b61fb8ce2a525e4eed38fa75d132d6dc64699336876,"{""distance"":3,""physical_error_rate"":0.0001}","{""detection_events"":2397,""detectors_checked"":8626176}"
    299008,         0,         0,    5.96,decoder_by_matrix,e25b8d07214a8afb95d354611a83b9bb1ded39644e323a8585b3aabf687a4fff,"{""distance"":3,""physical_error_rate"":1e-05}","{""detection_events"":432,""detectors_checked"":16146432}"
    275456,         0,         0,    8.33,decoder_by_matrix,36e3cd26fed5ec7649ec51fb08c1a5e7d7f30e615782d954fee045c18a4962ca,"{""distance"":3,""physical_error_rate"":5e-05}","{""detection_events"":1845,""detectors_checked"":14874624}"
    198656,         4,         0,    8.43,decoder_by_matrix,5c8c81bfec719079c388cedc47a351f264c1bf769ae28a89f9b4fc7719fea501,"{""distance"":3,""physical_error_rate"":0.0005}","{""detection_events"":14136,""detectors_checked"":10727424,""obs_mistake_mask=E"":4}"
    222208,         0,         0,    8.22,decoder_by_matrix,beec9fd12293a9cfe53c9b61fb8ce2a525e4eed38fa75d132d6dc64699336876,"{""distance"":3,""physical_error_rate"":0.0001}","{""detection_events"":3309,""detectors_checked"":11999232}"
    211968,         0,         0,    8.24,decoder_by_matrix,beec9fd12293a9cfe53c9b61fb8ce2a525e4eed38fa75d132d6dc64699336876,"{""distance"":3,""physical_error_rate"":0.0001}","{""detection_events"":3588,""detectors_checked"":11446272}"
    198656,         2,         0,    8.31,decoder_by_matrix,5c8c81bfec719079c388cedc47a351f264c1bf769ae28a89f9b4fc7719fea501,"{""distance"":3,""physical_error_rate"":0.0005}","{""detection_events"":15063,""detectors_checked"":10727424,""obs_mistake_mask=E"":2}"
    439296,         0,         0,    8.21,decoder_by_matrix,e25b8d07214a8afb95d354611a83b9bb1ded39644e323a8585b3aabf687a4fff,"{""distance"":3,""physical_error_rate"":1e-05}","{""detection_events"":537,""detectors_checked"":23721984}"
    367616,         0,         0,    11.3,decoder_by_matrix,36e3cd26fed5ec7649ec51fb08c1a5e7d7f30e615782d954fee045c18a4962ca,"{""distance"":3,""physical_error_rate"":5e-05}","{""detection_events"":2655,""detectors_checked"":19851264}"
    275456,         4,         0,    11.3,decoder_by_matrix,5c8c81bfec719079c388cedc47a351f264c1bf769ae28a89f9b4fc7719fea501,"{""distance"":3,""physical_error_rate"":0.0005}","{""detection_events"":20463,""detectors_checked"":14874624,""obs_mistake_mask=E"":4}"
    303104,         1,         0,    11.5,decoder_by_matrix,beec9fd12293a9cfe53c9b61fb8ce2a525e4eed38fa75d132d6dc64699336876,"{""distance"":3,""physical_error_rate"":0.0001}","{""detection_events"":4551,""detectors_checked"":16367616,""obs_mistake_mask=E"":1}"
    275456,         7,         0,    11.5,decoder_by_matrix,5c8c81bfec719079c388cedc47a351f264c1bf769ae28a89f9b4fc7719fea501,"{""distance"":3,""physical_error_rate"":0.0005}","{""detection_events"":20550,""detectors_checked"":14874624,""obs_mistake_mask=E"":7}"
    310272,         1,         0,    11.3,decoder_by_matrix,beec9fd12293a9cfe53c9b61fb8ce2a525e4eed38fa75d132d6dc64699336876,"{""distance"":3,""physical_error_rate"":0.0001}","{""detection_events"":4524,""detectors_checked"":16754688,""obs_mistake_mask=E"":1}"
    595968,         0,         0,    11.2,decoder_by_matrix,e25b8d07214a8afb95d354611a83b9bb1ded39644e323a8585b3aabf687a4fff,"{""distance"":3,""physical_error_rate"":1e-05}","{""detection_events"":807,""detectors_checked"":32182272}"
   2813952,        39,         0,   117.2,decoder_by_matrix,5c8c81bfec719079c388cedc47a351f264c1bf769ae28a89f9b4fc7719fea501,"{""distance"":3,""physical_error_rate"":0.0005}","{""detection_events"":204012,""detectors_checked"":151953408,""obs_mistake_mask=E"":39}"
   2833408,        37,         0,   117.6,decoder_by_matrix,5c8c81bfec719079c388cedc47a351f264c1bf769ae28a89f9b4fc7719fea501,"{""distance"":3,""physical_error_rate"":0.0005}","{""detection_events"":207297,""detectors_checked"":153004032,""obs_mistake_mask=E"":37}"
   3137536,         2,         0,   118.1,decoder_by_matrix,beec9fd12293a9cfe53c9b61fb8ce2a525e4eed38fa75d132d6dc64699336876,"{""distance"":3,""physical_error_rate"":0.0001}","{""detection_events"":46776,""detectors_checked"":169426944,""obs_mistake_mask=E"":2}"
   3789824,         0,         0,   116.3,decoder_by_matrix,36e3cd26fed5ec7649ec51fb08c1a5e7d7f30e615782d954fee045c18a4962ca,"{""distance"":3,""physical_error_rate"":5e-05}","{""detection_events"":27555,""detectors_checked"":204650496}"
   5999616,         0,         0,   114.9,decoder_by_matrix,e25b8d07214a8afb95d354611a83b9bb1ded39644e323a8585b3aabf687a4fff,"{""distance"":3,""physical_error_rate"":1e-05}","{""detection_events"":8583,""detectors_checked"":323979264}"
   6057984,         0,         0,   115.8,decoder_by_matrix,e25b8d07214a8afb95d354611a83b9bb1ded39644e323a8585b3aabf687a4fff,"{""distance"":3,""physical_error_rate"":1e-05}","{""detection_events"":8541,""detectors_checked"":327131136}"
   3121152,         1,         0,   117.3,decoder_by_matrix,beec9fd12293a9cfe53c9b61fb8ce2a525e4eed38fa75d132d6dc64699336876,"{""distance"":3,""physical_error_rate"":0.0001}","{""detection_events"":46434,""detectors_checked"":168542208,""obs_mistake_mask=E"":1}"
   2840576,        51,         0,   116.9,decoder_by_matrix,5c8c81bfec719079c388cedc47a351f264c1bf769ae28a89f9b4fc7719fea501,"{""distance"":3,""physical_error_rate"":0.0005}","{""detection_events"":208278,""detectors_checked"":153391104,""obs_mistake_mask=E"":51}"
   5997568,         0,         0,   115.9,decoder_by_matrix,e25b8d07214a8afb95d354611a83b9bb1ded39644e323a8585b3aabf687a4fff,"{""distance"":3,""physical_error_rate"":1e-05}","{""detection_events"":8850,""detectors_checked"":323868672}"
   3161088,         1,         0,   118.4,decoder_by_matrix,beec9fd12293a9cfe53c9b61fb8ce2a525e4eed38fa75d132d6dc64699336876,"{""distance"":3,""physical_error_rate"":0.0001}","{""detection_events"":45741,""detectors_checked"":170698752,""obs_mistake_mask=E"":1}"
   3759104,         0,         0,   117.6,decoder_by_matrix,36e3cd26fed5ec7649ec51fb08c1a5e7d7f30e615782d954fee045c18a4962ca,"{""distance"":3,""physical_error_rate"":5e-05}","{""detection_events"":27105,""detectors_checked"":202991616}"
   3730432,         1,         0,   117.3,decoder_by_matrix,36e3cd26fed5ec7649ec51fb08c1a5e7d7f30e615782d954fee045c18a4962ca,"{""distance"":3,""physical_error_rate"":5e-05}","{""detection_events"":27207,""detectors_checked"":201443328,""obs_mistake_mask=E"":1}"
   2820096,        42,         0,   117.1,decoder_by_matrix,5c8c81bfec719079c388cedc47a351f264c1bf769ae28a89f9b4fc7719fea501,"{""distance"":3,""physical_error_rate"":0.0005}","{""detection_events"":207639,""detectors_checked"":152285184,""obs_mistake_mask=E"":42}"
   3158016,         8,         0,   117.9,decoder_by_matrix,beec9fd12293a9cfe53c9b61fb8ce2a525e4eed38fa75d132d6dc64699336876,"{""distance"":3,""physical_error_rate"":0.0001}","{""detection_events"":46548,""detectors_checked"":170532864,""obs_mistake_mask=E"":8}"
    515072,         0,         0,    15.6,decoder_by_matrix,36e3cd26fed5ec7649ec51fb08c1a5e7d7f30e615782d954fee045c18a4962ca,"{""distance"":3,""physical_error_rate"":5e-05}","{""detection_events"":3750,""detectors_checked"":27813888}"
    386048,        13,         0,    15.9,decoder_by_matrix,5c8c81bfec719079c388cedc47a351f264c1bf769ae28a89f9b4fc7719fea501,"{""distance"":3,""physical_error_rate"":0.0005}","{""detection_events"":29130,""detectors_checked"":20846592,""obs_mistake_mask=E"":13}"
    434176,         1,         0,    16.1,decoder_by_matrix,beec9fd12293a9cfe53c9b61fb8ce2a525e4eed38fa75d132d6dc64699336876,"{""distance"":3,""physical_error_rate"":0.0001}","{""detection_events"":6621,""detectors_checked"":23445504,""obs_mistake_mask=E"":1}"
    387072,         7,         0,    16.0,decoder_by_matrix,5c8c81bfec719079c388cedc47a351f264c1bf769ae28a89f9b4fc7719fea501,"{""distance"":3,""physical_error_rate"":0.0005}","{""detection_events"":28320,""detectors_checked"":20901888,""obs_mistake_mask=E"":7}"
    434176,         0,         0,    16.5,decoder_by_matrix,beec9fd12293a9cfe53c9b61fb8ce2a525e4eed38fa75d132d6dc64699336876,"{""distance"":3,""physical_error_rate"":0.0001}","{""detection_events"":6762,""detectors_checked"":23445504}"
    828416,         0,         0,    16.0,decoder_by_matrix,e25b8d07214a8afb95d354611a83b9bb1ded39644e323a8585b3aabf687a4fff,"{""distance"":3,""physical_error_rate"":1e-05}","{""detection_events"":1179,""detectors_checked"":44734464}"
    704512,         1,         0,    22.2,decoder_by_matrix,36e3cd26fed5ec7649ec51fb08c1a5e7d7f30e615782d954fee045c18a4962ca,"{""distance"":3,""physical_error_rate"":5e-05}","{""detection_events"":5172,""detectors_checked"":38043648,""obs_mistake_mask=E"":1}"
    540672,        16,         0,    22.6,decoder_by_matrix,5c8c81bfec719079c388cedc47a351f264c1bf769ae28a89f9b4fc7719fea501,"{""distance"":3,""physical_error_rate"":0.0005}","{""detection_events"":39249,""detectors_checked"":29196288,""obs_mistake_mask=E"":16}"
    596992,         1,         0,    22.4,decoder_by_matrix,beec9fd12293a9cfe53c9b61fb8ce2a525e4eed38fa75d132d6dc64699336876,"{""distance"":3,""physical_error_rate"":0.0001}","{""detection_events"":8949,""detectors_checked"":32237568,""obs_mistake_mask=E"":1}"
    604160,         1,         0,    22.5,decoder_by_matrix,beec9fd12293a9cfe53c9b61fb8ce2a525e4eed38fa75d132d6dc64699336876,"{""distance"":3,""physical_error_rate"":0.0001}","{""detection_events"":8394,""detectors_checked"":32624640,""obs_mistake_mask=E"":1}"
    542720,        11,         0,    22.8,decoder_by_matrix,5c8c81bfec719079c388cedc47a351f264c1bf769ae28a89f9b4fc7719fea501,"{""distance"":3,""physical_error_rate"":0.0005}","{""detection_events"":39105,""detectors_checked"":29306880,""obs_mistake_mask=E"":11}"
   1158144,         0,         0,    22.0,decoder_by_matrix,e25b8d07214a8afb95d354611a83b9bb1ded39644e323a8585b3aabf687a4fff,"{""distance"":3,""physical_error_rate"":1e-05}","{""detection_events"":1689,""detectors_checked"":62539776}"
   6027264,         0,         0,   115.2,decoder_by_matrix,e25b8d07214a8afb95d354611a83b9bb1ded39644e323a8585b3aabf687a4fff,"{""distance"":3,""physical_error_rate"":1e-05}","{""detection_events"":8865,""detectors_checked"":325472256}"
   6057984,         0,         0,   115.9,decoder_by_matrix,e25b8d07214a8afb95d354611a83b9bb1ded39644e323a8585b3aabf687a4fff,"{""distance"":3,""physical_error_rate"":1e-05}","{""detection_events"":8562,""detectors_checked"":327131136}"
   3763200,         0,         0,   118.0,decoder_by_matrix,36e3cd26fed5ec7649ec51fb08c1a5e7d7f30e615782d954fee045c18a4962ca,"{""distance"":3,""physical_error_rate"":5e-05}","{""detection_events"":27747,""detectors_checked"":203212800}"
   6080512,         0,         0,   115.5,decoder_by_matrix,e25b8d07214a8afb95d354611a83b9bb1ded39644e323a8585b3aabf687a4fff,"{""distance"":3,""physical_error_rate"":1e-05}","{""detection_events"":8415,""detectors_checked"":328347648}"
   3767296,         0,         0,   116.9,decoder_by_matrix,36e3cd26fed5ec7649ec51fb08c1a5e7d7f30e615782d954fee045c18a4962ca,"{""distance"":3,""physical_error_rate"":5e-05}","{""detection_events"":27495,""detectors_checked"":203433984}"
   3822592,         0,         0,   117.2,decoder_by_matrix,36e3cd26fed5ec7649ec51fb08c1a5e7d7f30e615782d954fee045c18a4962ca,"{""distance"":3,""physical_error_rate"":5e-05}","{""detection_events"":27549,""detectors_checked"":206419968}"
    994304,         0,         0,    31.6,decoder_by_matrix,36e3cd26fed5ec7649ec51fb08c1a5e7d7f30e615782d954fee045c18a4962ca,"{""distance"":3,""physical_error_rate"":5e-05}","{""detection_events"":7752,""detectors_checked"":53692416}"
    756736,        15,         0,    31.8,decoder_by_matrix,5c8c81bfec719079c388cedc47a351f264c1bf769ae28a89f9b4fc7719fea501,"{""distance"":3,""physical_error_rate"":0.0005}","{""detection_events"":55437,""detectors_checked"":40863744,""obs_mistake_mask=E"":15}"
    838656,         0,         0,    31.8,decoder_by_matrix,beec9fd12293a9cfe53c9b61fb8ce2a525e4eed38fa75d132d6dc64699336876,"{""distance"":3,""physical_error_rate"":0.0001}","{""detection_events"":12822,""detectors_checked"":45287424}"
    851968,         1,         0,    31.4,decoder_by_matrix,beec9fd12293a9cfe53c9b61fb8ce2a525e4eed38fa75d132d6dc64699336876,"{""distance"":3,""physical_error_rate"":0.0001}","{""detection_events"":11973,""detectors_checked"":46006272,""obs_mistake_mask=E"":1}"
    757760,         7,         0,    31.5,decoder_by_matrix,5c8c81bfec719079c388cedc47a351f264c1bf769ae28a89f9b4fc7719fea501,"{""distance"":3,""physical_error_rate"":0.0005}","{""detection_events"":55122,""detectors_checked"":40919040,""obs_mistake_mask=E"":7}"
   1622016,         0,         0,    30.9,decoder_by_matrix,e25b8d07214a8afb95d354611a83b9bb1ded39644e323a8585b3aabf687a4fff,"{""distance"":3,""physical_error_rate"":1e-05}","{""detection_events"":2124,""detectors_checked"":87588864}"
   2829312,        57,         0,   117.8,decoder_by_matrix,5c8c81bfec719079c388cedc47a351f264c1bf769ae28a89f9b4fc7719fea501,"{""distance"":3,""physical_error_rate"":0.0005}","{""detection_events"":207129,""detectors_checked"":152782848,""obs_mistake_mask=E"":57}"
   3139584,         0,         0,   117.0,decoder_by_matrix,beec9fd12293a9cfe53c9b61fb8ce2a525e4eed38fa75d132d6dc64699336876,"{""distance"":3,""physical_error_rate"":0.0001}","{""detection_events"":45465,""detectors_checked"":169537536}"
   2829312,        50,         0,   117.9,decoder_by_matrix,5c8c81bfec719079c388cedc47a351f264c1bf769ae28a89f9b4fc7719fea501,"{""distance"":3,""physical_error_rate"":0.0005}","{""detection_events"":207120,""detectors_checked"":152782848,""obs_mistake_mask=E"":50}"
   3153920,         7,         0,   116.8,decoder_by_matrix,beec9fd12293a9cfe53c9b61fb8ce2a525e4eed38fa75d132d6dc64699336876,"{""distance"":3,""physical_error_rate"":0.0001}","{""detection_events"":45066,""detectors_checked"":170311680,""obs_mistake_mask=E"":7}"
   3740672,         0,         0,   117.0,decoder_by_matrix,36e3cd26fed5ec7649ec51fb08c1a5e7d7f30e615782d954fee045c18a4962ca,"{""distance"":3,""physical_error_rate"":5e-05}","{""detection_events"":28134,""detectors_checked"":201996288}"
   6018048,         0,         0,   115.1,decoder_by_matrix,e25b8d07214a8afb95d354611a83b9bb1ded39644e323a8585b3aabf687a4fff,"{""distance"":3,""physical_error_rate"":1e-05}","{""detection_events"":8787,""detectors_checked"":324974592}"
   1420288,         0,         0,    44.4,decoder_by_matrix,36e3cd26fed5ec7649ec51fb08c1a5e7d7f30e615782d954fee045c18a4962ca,"{""distance"":3,""physical_error_rate"":5e-05}","{""detection_events"":10629,""detectors_checked"":76695552}"
   1061888,        20,         0,    44.1,decoder_by_matrix,5c8c81bfec719079c388cedc47a351f264c1bf769ae28a89f9b4fc7719fea501,"{""distance"":3,""physical_error_rate"":0.0005}","{""detection_events"":77652,""detectors_checked"":57341952,""obs_mistake_mask=E"":20}"
   1179648,         0,         0,    43.6,decoder_by_matrix,beec9fd12293a9cfe53c9b61fb8ce2a525e4eed38fa75d132d6dc64699336876,"{""distance"":3,""physical_error_rate"":0.0001}","{""detection_events"":16998,""detectors_checked"":63700992}"
   1176576,         1,         0,    43.8,decoder_by_matrix,beec9fd12293a9cfe53c9b61fb8ce2a525e4eed38fa75d132d6dc64699336876,"{""distance"":3,""physical_error_rate"":0.0001}","{""detection_events"":16614,""detectors_checked"":63535104,""obs_mistake_mask=E"":1}"
   1061888,        10,         0,    44.3,decoder_by_matrix,5c8c81bfec719079c388cedc47a351f264c1bf769ae28a89f9b4fc7719fea501,"{""distance"":3,""physical_error_rate"":0.0005}","{""detection_events"":76941,""detectors_checked"":57341952,""obs_mistake_mask=E"":10}"
   2311168,         0,         0,    43.2,decoder_by_matrix,e25b8d07214a8afb95d354611a83b9bb1ded39644e323a8585b3aabf687a4fff,"{""distance"":3,""physical_error_rate"":1e-05}","{""detection_events"":3249,""detectors_checked"":124803072}"
   2823168,        48,         0,   116.9,decoder_by_matrix,5c8c81bfec719079c388cedc47a351f264c1bf769ae28a89f9b4fc7719fea501,"{""distance"":3,""physical_error_rate"":0.0005}","{""detection_events"":204513,""detectors_checked"":152451072,""obs_mistake_mask=E"":48}"
   2836480,        45,         0,   116.7,decoder_by_matrix,5c8c81bfec719079c388cedc47a351f264c1bf769ae28a89f9b4fc7719fea501,"{""distance"":3,""physical_error_rate"":0.0005}","{""detection_events"":206616,""detectors_checked"":153169920,""obs_mistake_mask=E"":45}"
   3139584,         4,         0,   116.9,decoder_by_matrix,beec9fd12293a9cfe53c9b61fb8ce2a525e4eed38fa75d132d6dc64699336876,"{""distance"":3,""physical_error_rate"":0.0001}","{""detection_events"":46263,""detectors_checked"":169537536,""obs_mistake_mask=E"":4}"
   3776512,         1,         0,   117.2,decoder_by_matrix,36e3cd26fed5ec7649ec51fb08c1a5e7d7f30e615782d954fee045c18a4962ca,"{""distance"":3,""physical_error_rate"":5e-05}","{""detection_events"":27771,""detectors_checked"":203931648,""obs_mistake_mask=E"":1}"
   6004736,         0,         0,   115.2,decoder_by_matrix,e25b8d07214a8afb95d354611a83b9bb1ded39644e323a8585b3aabf687a4fff,"{""distance"":3,""physical_error_rate"":1e-05}","{""detection_events"":8784,""detectors_checked"":324255744}"
   6064128,         0,         0,   115.4,decoder_by_matrix,e25b8d07214a8afb95d354611a83b9bb1ded39644e323a8585b3aabf687a4fff,"{""distance"":3,""physical_error_rate"":1e-05}","{""detection_events"":8343,""detectors_checked"":327462912}"
   3131392,         1,         0,   117.3,decoder_by_matrix,beec9fd12293a9cfe53c9b61fb8ce2a525e4eed38fa75d132d6dc64699336876,"{""distance"":3,""physical_error_rate"":0.0001}","{""detection_events"":45645,""detectors_checked"":169095168,""obs_mistake_mask=E"":1}"
   2843648,        54,         0,   117.4,decoder_by_matrix,5c8c81bfec719079c388cedc47a351f264c1bf769ae28a89f9b4fc7719fea501,"{""distance"":3,""physical_error_rate"":0.0005}","{""detection_events"":209079,""detectors_checked"":153556992,""obs_mistake_mask=E"":54}"
   6041600,         0,         0,   116.4,decoder_by_matrix,e25b8d07214a8afb95d354611a83b9bb1ded39644e323a8585b3aabf687a4fff,"{""distance"":3,""physical_error_rate"":1e-05}","{""detection_events"":8574,""detectors_checked"":326246400}"
   3757056,         0,         0,   116.4,decoder_by_matrix,36e3cd26fed5ec7649ec51fb08c1a5e7d7f30e615782d954fee045c18a4962ca,"{""distance"":3,""physical_error_rate"":5e-05}","{""detection_events"":27933,""detectors_checked"":202881024}"
   3110912,         2,         0,   117.7,decoder_by_matrix,beec9fd12293a9cfe53c9b61fb8ce2a525e4eed38fa75d132d6dc64699336876,"{""distance"":3,""physical_error_rate"":0.0001}","{""detection_events"":45603,""detectors_checked"":167989248,""obs_mistake_mask=E"":2}"
   2821120,        41,         0,   118.0,decoder_by_matrix,5c8c81bfec719079c388cedc47a351f264c1bf769ae28a89f9b4fc7719fea501,"{""distance"":3,""physical_error_rate"":0.0005}","{""detection_events"":205074,""detectors_checked"":152340480,""obs_mistake_mask=E"":41}"
   3756032,         0,         0,   116.9,decoder_by_matrix,36e3cd26fed5ec7649ec51fb08c1a5e7d7f30e615782d954fee045c18a4962ca,"{""distance"":3,""physical_error_rate"":5e-05}","{""detection_events"":27096,""detectors_checked"":202825728}"
   3172352,         3,         0,   118.0,decoder_by_matrix,beec9fd12293a9cfe53c9b61fb8ce2a525e4eed38fa75d132d6dc64699336876,"{""distance"":3,""physical_error_rate"":0.0001}","{""detection_events"":46185,""detectors_checked"":171307008,""obs_mistake_mask=E"":3}"
   2497805,         0,         0,    48.3,decoder_by_matrix,e25b8d07214a8afb95d354611a83b9bb1ded39644e323a8585b3aabf687a4fff,"{""distance"":3,""physical_error_rate"":1e-05}","{""detection_events"":3648,""detectors_checked"":134881470}"
   5133312,         0,         0,    98.0,decoder_by_matrix,e25b8d07214a8afb95d354611a83b9bb1ded39644e323a8585b3aabf687a4fff,"{""distance"":3,""physical_error_rate"":1e-05}","{""detection_events"":7710,""detectors_checked"":277198848}"
   5142528,         0,         0,    98.4,decoder_by_matrix,e25b8d07214a8afb95d354611a83b9bb1ded39644e323a8585b3aabf687a4fff,"{""distance"":3,""physical_error_rate"":1e-05}","{""detection_events"":7272,""detectors_checked"":277696512}"
   5114880,         0,         0,    98.0,decoder_by_matrix,e25b8d07214a8afb95d354611a83b9bb1ded39644e323a8585b3aabf687a4fff,"{""distance"":3,""physical_error_rate"":1e-05}","{""detection_events"":7647,""detectors_checked"":276203520}"
   3736576,         0,         0,   116.6,decoder_by_matrix,36e3cd26fed5ec7649ec51fb08c1a5e7d7f30e615782d954fee045c18a4962ca,"{""distance"":3,""physical_error_rate"":5e-05}","{""detection_events"":27177,""detectors_checked"":201775104}"
   3759104,         2,         0,   116.2,decoder_by_matrix,36e3cd26fed5ec7649ec51fb08c1a5e7d7f30e615782d954fee045c18a4962ca,"{""distance"":3,""physical_error_rate"":5e-05}","{""detection_events"":28017,""detectors_checked"":202991616,""obs_mistake_mask=E"":2}"
   3757056,         1,         0,   117.0,decoder_by_matrix,36e3cd26fed5ec7649ec51fb08c1a5e7d7f30e615782d954fee045c18a4962ca,"{""distance"":3,""physical_error_rate"":5e-05}","{""detection_events"":27663,""detectors_checked"":202881024,""obs_mistake_mask=E"":1}"
   2394381,         0,         0,    45.9,decoder_by_matrix,e25b8d07214a8afb95d354611a83b9bb1ded39644e323a8585b3aabf687a4fff,"{""distance"":3,""physical_error_rate"":1e-05}","{""detection_events"":3462,""detectors_checked"":129296574}"
   3033088,         0,         0,    58.0,decoder_by_matrix,e25b8d07214a8afb95d354611a83b9bb1ded39644e323a8585b3aabf687a4fff,"{""distance"":3,""physical_error_rate"":1e-05}","{""detection_events"":4431,""detectors_checked"":163786752}"
   2399232,         0,         0,    46.8,decoder_by_matrix,e25b8d07214a8afb95d354611a83b9bb1ded39644e323a8585b3aabf687a4fff,"{""distance"":3,""physical_error_rate"":1e-05}","{""detection_events"":3411,""detectors_checked"":129558528}"
   2423808,         0,         0,    45.4,decoder_by_matrix,e25b8d07214a8afb95d354611a83b9bb1ded39644e323a8585b3aabf687a4fff,"{""distance"":3,""physical_error_rate"":1e-05}","{""detection_events"":3363,""detectors_checked"":130885632}"
     53517,         0,         0,    1.02,decoder_by_matrix,e25b8d07214a8afb95d354611a83b9bb1ded39644e323a8585b3aabf687a4fff,"{""distance"":3,""physical_error_rate"":1e-05}","{""detection_events"":117,""detectors_checked"":2889918}"
   1820672,         0,         0,    35.7,decoder_by_matrix,e25b8d07214a8afb95d354611a83b9bb1ded39644e323a8585b3aabf687a4fff,"{""distance"":3,""physical_error_rate"":1e-05}","{""detection_events"":2784,""detectors_checked"":98316288}"
   1800192,         0,         0,    35.0,decoder_by_matrix,e25b8d07214a8afb95d354611a83b9bb1ded39644e323a8585b3aabf687a4fff,"{""distance"":3,""physical_error_rate"":1e-05}","{""detection_events"":2862,""detectors_checked"":97210368}"
   1816576,         0,         0,    34.6,decoder_by_matrix,e25b8d07214a8afb95d354611a83b9bb1ded39644e323a8585b3aabf687a4fff,"{""distance"":3,""physical_error_rate"":1e-05}","{""detection_events"":2805,""detectors_checked"":98095104}"
   1837056,         0,         0,    35.6,decoder_by_matrix,e25b8d07214a8afb95d354611a83b9bb1ded39644e323a8585b3aabf687a4fff,"{""distance"":3,""physical_error_rate"":1e-05}","{""detection_events"":2670,""detectors_checked"":99201024}"
   1977344,         0,         0,    62.2,decoder_by_matrix,36e3cd26fed5ec7649ec51fb08c1a5e7d7f30e615782d954fee045c18a4962ca,"{""distance"":3,""physical_error_rate"":5e-05}","{""detection_events"":14151,""detectors_checked"":106776576}"
   1482752,        23,         0,    61.2,decoder_by_matrix,5c8c81bfec719079c388cedc47a351f264c1bf769ae28a89f9b4fc7719fea501,"{""distance"":3,""physical_error_rate"":0.0005}","{""detection_events"":106398,""detectors_checked"":80068608,""obs_mistake_mask=E"":23}"
   1633280,         1,         0,    61.4,decoder_by_matrix,beec9fd12293a9cfe53c9b61fb8ce2a525e4eed38fa75d132d6dc64699336876,"{""distance"":3,""physical_error_rate"":0.0001}","{""detection_events"":24732,""detectors_checked"":88197120,""obs_mistake_mask=E"":1}"
   1654784,         0,         0,    62.1,decoder_by_matrix,beec9fd12293a9cfe53c9b61fb8ce2a525e4eed38fa75d132d6dc64699336876,"{""distance"":3,""physical_error_rate"":0.0001}","{""detection_events"":23832,""detectors_checked"":89358336}"
   1484800,        19,         0,    61.2,decoder_by_matrix,5c8c81bfec719079c388cedc47a351f264c1bf769ae28a89f9b4fc7719fea501,"{""distance"":3,""physical_error_rate"":0.0005}","{""detection_events"":107976,""detectors_checked"":80179200,""obs_mistake_mask=E"":19}"
    178755,         0,         0,    3.04,decoder_by_matrix,e25b8d07214a8afb95d354611a83b9bb1ded39644e323a8585b3aabf687a4fff,"{""distance"":3,""physical_error_rate"":1e-05}","{""detection_events"":231,""detectors_checked"":9652770}"
    167830,         0,         0,    3.31,decoder_by_matrix,e25b8d07214a8afb95d354611a83b9bb1ded39644e323a8585b3aabf687a4fff,"{""distance"":3,""physical_error_rate"":1e-05}","{""detection_events"":258,""detectors_checked"":9062820}"
    757694,         0,         0,    14.5,decoder_by_matrix,e25b8d07214a8afb95d354611a83b9bb1ded39644e323a8585b3aabf687a4fff,"{""distance"":3,""physical_error_rate"":1e-05}","{""detection_events"":1008,""detectors_checked"":40915476}"
    746496,         0,         0,    14.6,decoder_by_matrix,e25b8d07214a8afb95d354611a83b9bb1ded39644e323a8585b3aabf687a4fff,"{""distance"":3,""physical_error_rate"":1e-05}","{""detection_events"":1179,""detectors_checked"":40310784}"
    691200,         0,         0,    12.8,decoder_by_matrix,e25b8d07214a8afb95d354611a83b9bb1ded39644e323a8585b3aabf687a4fff,"{""distance"":3,""physical_error_rate"":1e-05}","{""detection_events"":984,""detectors_checked"":37324800}"
    689152,         0,         0,    12.9,decoder_by_matrix,e25b8d07214a8afb95d354611a83b9bb1ded39644e323a8585b3aabf687a4fff,"{""distance"":3,""physical_error_rate"":1e-05}","{""detection_events"":948,""detectors_checked"":37214208}"
    732160,         0,         0,    14.0,decoder_by_matrix,e25b8d07214a8afb95d354611a83b9bb1ded39644e323a8585b3aabf687a4fff,"{""distance"":3,""physical_error_rate"":1e-05}","{""detection_events"":1224,""detectors_checked"":39536640}"
    683008,         0,         0,    12.9,decoder_by_matrix,e25b8d07214a8afb95d354611a83b9bb1ded39644e323a8585b3aabf687a4fff,"{""distance"":3,""physical_error_rate"":1e-05}","{""detection_events"":903,""detectors_checked"":36882432}"
     11198,         0,         0,   0.079,decoder_by_matrix,e25b8d07214a8afb95d354611a83b9bb1ded39644e323a8585b3aabf687a4fff,"{""distance"":3,""physical_error_rate"":1e-05}","{""detection_events"":9,""detectors_checked"":604692}"
    531456,         0,         0,    10.0,decoder_by_matrix,e25b8d07214a8afb95d354611a83b9bb1ded39644e323a8585b3aabf687a4fff,"{""distance"":3,""physical_error_rate"":1e-05}","{""detection_events"":645,""detectors_checked"":28698624}"
    518144,         0,         0,    10.0,decoder_by_matrix,e25b8d07214a8afb95d354611a83b9bb1ded39644e323a8585b3aabf687a4fff,"{""distance"":3,""physical_error_rate"":1e-05}","{""detection_events"":921,""detectors_checked"":27979776}"
     66651,         0,         0,    1.01,decoder_by_matrix,e25b8d07214a8afb95d354611a83b9bb1ded39644e323a8585b3aabf687a4fff,"{""distance"":3,""physical_error_rate"":1e-05}","{""detection_events"":69,""detectors_checked"":3599154}"
     58320,         0,         0,    1.13,decoder_by_matrix,e25b8d07214a8afb95d354611a83b9bb1ded39644e323a8585b3aabf687a4fff,"{""distance"":3,""physical_error_rate"":1e-05}","{""detection_events"":87,""detectors_checked"":3149280}"
     66651,         0,         0,    1.28,decoder_by_matrix,e25b8d07214a8afb95d354611a83b9bb1ded39644e323a8585b3aabf687a4fff,"{""distance"":3,""physical_error_rate"":1e-05}","{""detection_events"":69,""detectors_checked"":3599154}"
     65536,         0,         0,    1.22,decoder_by_matrix,e25b8d07214a8afb95d354611a83b9bb1ded39644e323a8585b3aabf687a4fff,"{""distance"":3,""physical_error_rate"":1e-05}","{""detection_events"":102,""detectors_checked"":3538944}"
     62464,         0,         0,    1.22,decoder_by_matrix,e25b8d07214a8afb95d354611a83b9bb1ded39644e323a8585b3aabf687a4fff,"{""distance"":3,""physical_error_rate"":1e-05}","{""detection_events"":81,""detectors_checked"":3373056}"
      1115,         0,         0,   0.001,decoder_by_matrix,e25b8d07214a8afb95d354611a83b9bb1ded39644e323a8585b3aabf687a4fff,"{""distance"":3,""physical_error_rate"":1e-05}","{""detectors_checked"":60210}"
      4187,         0,         0,   0.002,decoder_by_matrix,e25b8d07214a8afb95d354611a83b9bb1ded39644e323a8585b3aabf687a4fff,"{""distance"":3,""physical_error_rate"":1e-05}","{""detectors_checked"":226098}"
     55296,         0,         0,   0.998,decoder_by_matrix,e25b8d07214a8afb95d354611a83b9bb1ded39644e323a8585b3aabf687a4fff,"{""distance"":3,""physical_error_rate"":1e-05}","{""detection_events"":114,""detectors_checked"":2985984}"
     55296,         0,         0,    1.13,decoder_by_matrix,e25b8d07214a8afb95d354611a83b9bb1ded39644e323a8585b3aabf687a4fff,"{""distance"":3,""physical_error_rate"":1e-05}","{""detection_events"":99,""detectors_checked"":2985984}"
      8331,         0,         0,   0.066,decoder_by_matrix,e25b8d07214a8afb95d354611a83b9bb1ded39644e323a8585b3aabf687a4fff,"{""distance"":3,""physical_error_rate"":1e-05}","{""detection_events"":39,""detectors_checked"":449874}"
     58320,         0,         0,   0.915,decoder_by_matrix,e25b8d07214a8afb95d354611a83b9bb1ded39644e323a8585b3aabf687a4fff,"{""distance"":3,""physical_error_rate"":1e-05}","{""detection_events"":90,""detectors_checked"":3149280}"
      8331,         0,         0,   0.089,decoder_by_matrix,e25b8d07214a8afb95d354611a83b9bb1ded39644e323a8585b3aabf687a4fff,"{""distance"":3,""physical_error_rate"":1e-05}","{""detectors_checked"":449874}"
      2839,         0,         0,   0.003,decoder_by_matrix,e25b8d07214a8afb95d354611a83b9bb1ded39644e323a8585b3aabf687a4fff,"{""distance"":3,""physical_error_rate"":1e-05}","{""detection_events"":9,""detectors_checked"":153306}"
      2839,         0,         0,   0.002,decoder_by_matrix,e25b8d07214a8afb95d354611a83b9bb1ded39644e323a8585b3aabf687a4fff,"{""distance"":3,""physical_error_rate"":1e-05}","{""detectors_checked"":153306}"
       185,         0,         0,   0.000,decoder_by_matrix,e25b8d07214a8afb95d354611a83b9bb1ded39644e323a8585b3aabf687a4fff,"{""distance"":3,""physical_error_rate"":1e-05}","{""detectors_checked"":9990}"
     12212,         0,         0,   0.224,decoder_by_matrix,e25b8d07214a8afb95d354611a83b9bb1ded39644e323a8585b3aabf687a4fff,"{""distance"":3,""physical_error_rate"":1e-05}","{""detection_events"":24,""detectors_checked"":659448}"
       185,         0,         0,   0.000,decoder_by_matrix,e25b8d07214a8afb95d354611a83b9bb1ded39644e323a8585b3aabf687a4fff,"{""distance"":3,""physical_error_rate"":1e-05}","{""detectors_checked"":9990}"
      2106,         0,         0,   0.001,decoder_by_matrix,e25b8d07214a8afb95d354611a83b9bb1ded39644e323a8585b3aabf687a4fff,"{""distance"":3,""physical_error_rate"":1e-05}","{""detectors_checked"":113724}"
       580,         0,         0,   0.000,decoder_by_matrix,e25b8d07214a8afb95d354611a83b9bb1ded39644e323a8585b3aabf687a4fff,"{""distance"":3,""physical_error_rate"":1e-05}","{""detectors_checked"":31320}"
       238,         0,         0,   0.000,decoder_by_matrix,e25b8d07214a8afb95d354611a83b9bb1ded39644e323a8585b3aabf687a4fff,"{""distance"":3,""physical_error_rate"":1e-05}","{""detectors_checked"":12852}"
       191,         0,         0,   0.000,decoder_by_matrix,e25b8d07214a8afb95d354611a83b9bb1ded39644e323a8585b3aabf687a4fff,"{""distance"":3,""physical_error_rate"":1e-05}","{""detectors_checked"":10314}"
       102,         0,         0,   0.000,decoder_by_matrix,e25b8d07214a8afb95d354611a83b9bb1ded39644e323a8585b3aabf687a4fff,"{""distance"":3,""physical_error_rate"":1e-05}","{""detectors_checked"":5508}"
       221,         0,         0,   0.000,decoder_by_matrix,e25b8d07214a8afb95d354611a83b9bb1ded39644e323a8585b3aabf687a4fff,"{""distance"":3,""physical_error_rate"":1e-05}","{""detectors_checked"":11934}"
       127,         0,         0,   0.000,decoder_by_matrix,e25b8d07214a8afb95d354611a83b9bb1ded39644e323a8585b3aabf687a4fff,"{""distance"":3,""physical_error_rate"":1e-05}","{""detectors_checked"":6858}"
        61,         0,         0,   0.000,decoder_by_matrix,e25b8d07214a8afb95d354611a83b9bb1ded39644e323a8585b3aabf687a4fff,"{""distance"":3,""physical_error_rate"":1e-05}","{""detectors_checked"":3294}"
       103,         0,         0,   0.000,decoder_by_matrix,e25b8d07214a8afb95d354611a83b9bb1ded39644e323a8585b3aabf687a4fff,"{""distance"":3,""physical_error_rate"":1e-05}","{""detectors_checked"":5562}"
       221,         0,         0,   0.000,decoder_by_matrix,e25b8d07214a8afb95d354611a83b9bb1ded39644e323a8585b3aabf687a4fff,"{""distance"":3,""physical_error_rate"":1e-05}","{""detectors_checked"":11934}"
        63,         0,         0,   0.000,decoder_by_matrix,e25b8d07214a8afb95d354611a83b9bb1ded39644e323a8585b3aabf687a4fff,"{""distance"":3,""physical_error_rate"":1e-05}","{""detectors_checked"":3402}"
        39,         0,         0,   0.000,decoder_by_matrix,e25b8d07214a8afb95d354611a83b9bb1ded39644e323a8585b3aabf687a4fff,"{""distance"":3,""physical_error_rate"":1e-05}","{""detectors_checked"":2106}"
        50,         0,         0,   0.000,decoder_by_matrix,e25b8d07214a8afb95d354611a83b9bb1ded39644e323a8585b3aabf687a4fff,"{""distance"":3,""physical_error_rate"":1e-05}","{""detectors_checked"":2700}"
       103,         0,         0,   0.000,decoder_by_matrix,e25b8d07214a8afb95d354611a83b9bb1ded39644e323a8585b3aabf687a4fff,"{""distance"":3,""physical_error_rate"":1e-05}","{""detectors_checked"":5562}"
        31,         0,         0,   0.000,decoder_by_matrix,e25b8d07214a8afb95d354611a83b9bb1ded39644e323a8585b3aabf687a4fff,"{""distance"":3,""physical_error_rate"":1e-05}","{""detectors_checked"":1674}"
        15,         0,         0,   0.000,decoder_by_matrix,e25b8d07214a8afb95d354611a83b9bb1ded39644e323a8585b3aabf687a4fff,"{""distance"":3,""physical_error_rate"":1e-05}","{""detectors_checked"":810}"
        25,         0,         0,   0.000,decoder_by_matrix,e25b8d07214a8afb95d354611a83b9bb1ded39644e323a8585b3aabf687a4fff,"{""distance"":3,""physical_error_rate"":1e-05}","{""detectors_checked"":1350}"
        20,         0,         0,   0.000,decoder_by_matrix,e25b8d07214a8afb95d354611a83b9bb1ded39644e323a8585b3aabf687a4fff,"{""distance"":3,""physical_error_rate"":1e-05}","{""detectors_checked"":1080}"
        44,         0,         0,   0.000,decoder_by_matrix,e25b8d07214a8afb95d354611a83b9bb1ded39644e323a8585b3aabf687a4fff,"{""distance"":3,""physical_error_rate"":1e-05}","{""detectors_checked"":2376}"
        10,         0,         0,   0.000,decoder_by_matrix,e25b8d07214a8afb95d354611a83b9bb1ded39644e323a8585b3aabf687a4fff,"{""distance"":3,""physical_error_rate"":1e-05}","{""detectors_checked"":540}"
        31,         0,         0,   0.000,decoder_by_matrix,e25b8d07214a8afb95d354611a83b9bb1ded39644e323a8585b3aabf687a4fff,"{""distance"":3,""physical_error_rate"":1e-05}","{""detectors_checked"":1674}"
        20,         0,         0,   0.000,decoder_by_matrix,e25b8d07214a8afb95d354611a83b9bb1ded39644e323a8585b3aabf687a4fff,"{""distance"":3,""physical_error_rate"":1e-05}","{""detectors_checked"":1080}"
        22,         0,         0,   0.000,decoder_by_matrix,e25b8d07214a8afb95d354611a83b9bb1ded39644e323a8585b3aabf687a4fff,"{""distance"":3,""physical_error_rate"":1e-05}","{""detectors_checked"":1188}"
         4,         0,         0,   0.000,decoder_by_matrix,e25b8d07214a8afb95d354611a83b9bb1ded39644e323a8585b3aabf687a4fff,"{""distance"":3,""physical_error_rate"":1e-05}","{""detectors_checked"":216}"
         4,         0,         0,   0.000,decoder_by_matrix,e25b8d07214a8afb95d354611a83b9bb1ded39644e323a8585b3aabf687a4fff,"{""distance"":3,""physical_error_rate"":1e-05}","{""detectors_checked"":216}"
         2,         0,         0,   0.000,decoder_by_matrix,e25b8d07214a8afb95d354611a83b9bb1ded39644e323a8585b3aabf687a4fff,"{""distance"":3,""physical_error_rate"":1e-05}","{""detectors_checked"":108}"
         2,         0,         0,   0.000,decoder_by_matrix,e25b8d07214a8afb95d354611a83b9bb1ded39644e323a8585b3aabf687a4fff,"{""distance"":3,""physical_error_rate"":1e-05}","{""detectors_checked"":108}"
         4,         0,         0,   0.000,decoder_by_matrix,e25b8d07214a8afb95d354611a83b9bb1ded39644e323a8585b3aabf687a4fff,"{""distance"":3,""physical_error_rate"":1e-05}","{""detectors_checked"":216}"
         3,         0,         0,   0.000,decoder_by_matrix,e25b8d07214a8afb95d354611a83b9bb1ded39644e323a8585b3aabf687a4fff,"{""distance"":3,""physical_error_rate"":1e-05}","{""detectors_checked"":162}"
         2,         0,         0,   0.000,decoder_by_matrix,e25b8d07214a8afb95d354611a83b9bb1ded39644e323a8585b3aabf687a4fff,"{""distance"":3,""physical_error_rate"":1e-05}","{""detectors_checked"":108}"
         3,         0,         0,   0.000,decoder_by_matrix,e25b8d07214a8afb95d354611a83b9bb1ded39644e323a8585b3aabf687a4fff,"{""distance"":3,""physical_error_rate"":1e-05}","{""detectors_checked"":162}"
         1,         0,         0,   0.000,decoder_by_matrix,e25b8d07214a8afb95d354611a83b9bb1ded39644e323a8585b3aabf687a4fff,"{""distance"":3,""physical_error_rate"":1e-05}","{""detectors_checked"":54}"
         1,         0,         0,   0.000,decoder_by_matrix,e25b8d07214a8afb95d354611a83b9bb1ded39644e323a8585b3aabf687a4fff,"{""distance"":3,""physical_error_rate"":1e-05}","{""detectors_checked"":54}"
         1,         0,         0,   0.000,decoder_by_matrix,e25b8d07214a8afb95d354611a83b9bb1ded39644e323a8585b3aabf687a4fff,"{""distance"":3,""physical_error_rate"":1e-05}","{""detectors_checked"":54}"
         1,         0,         0,   0.000,decoder_by_matrix,beec9fd12293a9cfe53c9b61fb8ce2a525e4eed38fa75d132d6dc64699336876,"{""distance"":3,""physical_error_rate"":0.0001}","{""detectors_checked"":54}"
         1,         0,         0,   0.000,decoder_by_matrix,5c8c81bfec719079c388cedc47a351f264c1bf769ae28a89f9b4fc7719fea501,"{""distance"":3,""physical_error_rate"":0.0005}","{""detectors_checked"":54}"
      8464,         0,         0,   0.018,decoder_by_matrix,beec9fd12293a9cfe53c9b61fb8ce2a525e4eed38fa75d132d6dc64699336876,"{""distance"":3,""physical_error_rate"":0.0001}","{""detection_events"":87,""detectors_checked"":457056}"
      6416,         0,         0,   0.013,decoder_by_matrix,5c8c81bfec719079c388cedc47a351f264c1bf769ae28a89f9b4fc7719fea501,"{""distance"":3,""physical_error_rate"":0.0005}","{""detection_events"":291,""detectors_checked"":346464}"
      4096,         0,         0,   0.040,decoder_by_matrix,beec9fd12293a9cfe53c9b61fb8ce2a525e4eed38fa75d132d6dc64699336876,"{""distance"":3,""physical_error_rate"":0.0001}","{""detection_events"":102,""detectors_checked"":221184}"
      4096,         0,         0,   0.071,decoder_by_matrix,5c8c81bfec719079c388cedc47a351f264c1bf769ae28a89f9b4fc7719fea501,"{""distance"":3,""physical_error_rate"":0.0005}","{""detection_events"":303,""detectors_checked"":221184}"
         1,         0,         0,   0.000,decoder_by_matrix,5c8c81bfec719079c388cedc47a351f264c1bf769ae28a89f9b4fc7719fea501,"{""distance"":3,""physical_error_rate"":0.0005}","{""detectors_checked"":54}"
         1,         0,         0,   0.000,decoder_by_matrix,36e3cd26fed5ec7649ec51fb08c1a5e7d7f30e615782d954fee045c18a4962ca,"{""distance"":3,""physical_error_rate"":5e-05}","{""detectors_checked"":54}"
         1,         0,         0,   0.000,decoder_by_matrix,beec9fd12293a9cfe53c9b61fb8ce2a525e4eed38fa75d132d6dc64699336876,"{""distance"":3,""physical_error_rate"":0.0001}","{""detectors_checked"":54}"
         1,         0,         0,   0.000,decoder_by_matrix,36e3cd26fed5ec7649ec51fb08c1a5e7d7f30e615782d954fee045c18a4962ca,"{""distance"":3,""physical_error_rate"":5e-05}","{""detectors_checked"":54}"
         1,         0,         0,   0.000,decoder_by_matrix,beec9fd12293a9cfe53c9b61fb8ce2a525e4eed38fa75d132d6dc64699336876,"{""distance"":3,""physical_error_rate"":0.0001}","{""detectors_checked"":54}"
         1,         0,         0,   0.000,decoder_by_matrix,36e3cd26fed5ec7649ec51fb08c1a5e7d7f30e615782d954fee045c18a4962ca,"{""distance"":3,""physical_error_rate"":5e-05}","{""detectors_checked"":54}"
      3344,         0,         0,   0.025,decoder_by_matrix,5c8c81bfec719079c388cedc47a351f264c1bf769ae28a89f9b4fc7719fea501,"{""distance"":3,""physical_error_rate"":0.0005}","{""detection_events"":243,""detectors_checked"":180576}"
      5392,         0,         0,   0.024,decoder_by_matrix,36e3cd26fed5ec7649ec51fb08c1a5e7d7f30e615782d954fee045c18a4962ca,"{""distance"":3,""physical_error_rate"":5e-05}","{""detection_events"":21,""detectors_checked"":291168}"
      3344,         0,         0,   0.024,decoder_by_matrix,beec9fd12293a9cfe53c9b61fb8ce2a525e4eed38fa75d132d6dc64699336876,"{""distance"":3,""physical_error_rate"":0.0001}","{""detection_events"":21,""detectors_checked"":180576}"
      4368,         0,         0,   0.025,decoder_by_matrix,36e3cd26fed5ec7649ec51fb08c1a5e7d7f30e615782d954fee045c18a4962ca,"{""distance"":3,""physical_error_rate"":5e-05}","{""detection_events"":27,""detectors_checked"":235872}"
      3344,         0,         0,   0.024,decoder_by_matrix,beec9fd12293a9cfe53c9b61fb8ce2a525e4eed38fa75d132d6dc64699336876,"{""distance"":3,""physical_error_rate"":0.0001}","{""detection_events"":72,""detectors_checked"":180576}"
      4368,         0,         0,   0.023,decoder_by_matrix,36e3cd26fed5ec7649ec51fb08c1a5e7d7f30e615782d954fee045c18a4962ca,"{""distance"":3,""physical_error_rate"":5e-05}","{""detection_events"":6,""detectors_checked"":235872}"
      2048,         0,         0,   0.023,decoder_by_matrix,5c8c81bfec719079c388cedc47a351f264c1bf769ae28a89f9b4fc7719fea501,"{""distance"":3,""physical_error_rate"":0.0005}","{""detection_events"":183,""detectors_checked"":110592}"
      3072,         0,         0,   0.023,decoder_by_matrix,36e3cd26fed5ec7649ec51fb08c1a5e7d7f30e615782d954fee045c18a4962ca,"{""distance"":3,""physical_error_rate"":5e-05}","{""detection_events"":18,""detectors_checked"":165888}"
      3072,         0,         0,   0.024,decoder_by_matrix,beec9fd12293a9cfe53c9b61fb8ce2a525e4eed38fa75d132d6dc64699336876,"{""distance"":3,""physical_error_rate"":0.0001}","{""detection_events"":45,""detectors_checked"":165888}"
      4096,         0,         0,   0.023,decoder_by_matrix,36e3cd26fed5ec7649ec51fb08c1a5e7d7f30e615782d954fee045c18a4962ca,"{""distance"":3,""physical_error_rate"":5e-05}","{""detection_events"":21,""detectors_checked"":221184}"
      3072,         0,         0,   0.025,decoder_by_matrix,beec9fd12293a9cfe53c9b61fb8ce2a525e4eed38fa75d132d6dc64699336876,"{""distance"":3,""physical_error_rate"":0.0001}","{""detection_events"":33,""detectors_checked"":165888}"
      5120,         0,         0,   0.026,decoder_by_matrix,36e3cd26fed5ec7649ec51fb08c1a5e7d7f30e615782d954fee045c18a4962ca,"{""distance"":3,""physical_error_rate"":5e-05}","{""detection_events"":24,""detectors_checked"":276480}"
      4096,         0,         0,   0.027,decoder_by_matrix,5c8c81bfec719079c388cedc47a351f264c1bf769ae28a89f9b4fc7719fea501,"{""distance"":3,""physical_error_rate"":0.0005}","{""detection_events"":240,""detectors_checked"":221184}"
      4096,         0,         0,   0.028,decoder_by_matrix,36e3cd26fed5ec7649ec51fb08c1a5e7d7f30e615782d954fee045c18a4962ca,"{""distance"":3,""physical_error_rate"":5e-05}","{""detection_events"":24,""detectors_checked"":221184}"
      3072,         0,         0,   0.029,decoder_by_matrix,beec9fd12293a9cfe53c9b61fb8ce2a525e4eed38fa75d132d6dc64699336876,"{""distance"":3,""physical_error_rate"":0.0001}","{""detection_events"":51,""detectors_checked"":165888}"
      4096,         0,         0,   0.045,decoder_by_matrix,36e3cd26fed5ec7649ec51fb08c1a5e7d7f30e615782d954fee045c18a4962ca,"{""distance"":3,""physical_error_rate"":5e-05}","{""detection_events"":21,""detectors_checked"":221184}"
      4096,         0,         0,   0.064,decoder_by_matrix,36e3cd26fed5ec7649ec51fb08c1a5e7d7f30e615782d954fee045c18a4962ca,"{""distance"":3,""physical_error_rate"":5e-05}","{""detection_events"":21,""detectors_checked"":221184}"
      5120,         0,         0,   0.043,decoder_by_matrix,beec9fd12293a9cfe53c9b61fb8ce2a525e4eed38fa75d132d6dc64699336876,"{""distance"":3,""physical_error_rate"":0.0001}","{""detection_events"":66,""detectors_checked"":276480}"
      1024,         0,         0,   0.001,decoder_by_matrix,beec9fd12293a9cfe53c9b61fb8ce2a525e4eed38fa75d132d6dc64699336876,"{""distance"":3,""physical_error_rate"":0.0001}","{""detection_events"":24,""detectors_checked"":55296}"
      3072,         0,         0,   0.225,decoder_by_matrix,beec9fd12293a9cfe53c9b61fb8ce2a525e4eed38fa75d132d6dc64699336876,"{""distance"":3,""physical_error_rate"":0.0001}","{""detection_events"":66,""detectors_checked"":165888}"
      4096,         0,         0,   0.123,decoder_by_matrix,36e3cd26fed5ec7649ec51fb08c1a5e7d7f30e615782d954fee045c18a4962ca,"{""distance"":3,""physical_error_rate"":5e-05}","{""detection_events"":42,""detectors_checked"":221184}"
      4096,         0,         0,   0.121,decoder_by_matrix,beec9fd12293a9cfe53c9b61fb8ce2a525e4eed38fa75d132d6dc64699336876,"{""distance"":3,""physical_error_rate"":0.0001}","{""detection_events"":57,""detectors_checked"":221184}"
      4096,         0,         0,   0.226,decoder_by_matrix,5c8c81bfec719079c388cedc47a351f264c1bf769ae28a89f9b4fc7719fea501,"{""distance"":3,""physical_error_rate"":0.0005}","{""detection_events"":204,""detectors_checked"":221184}"
      5120,         0,         0,   0.108,decoder_by_matrix,36e3cd26fed5ec7649ec51fb08c1a5e7d7f30e615782d954fee045c18a4962ca,"{""distance"":3,""physical_error_rate"":5e-05}","{""detection_events"":36,""detectors_checked"":276480}"
      4096,         0,         0,   0.005,decoder_by_matrix,5c8c81bfec719079c388cedc47a351f264c1bf769ae28a89f9b4fc7719fea501,"{""distance"":3,""physical_error_rate"":0.0005}","{""detection_events"":177,""detectors_checked"":221184}"
      4096,         0,         0,   0.120,decoder_by_matrix,36e3cd26fed5ec7649ec51fb08c1a5e7d7f30e615782d954fee045c18a4962ca,"{""distance"":3,""physical_error_rate"":5e-05}","{""detection_events"":30,""detectors_checked"":221184}"
      3072,         0,         0,   0.123,decoder_by_matrix,beec9fd12293a9cfe53c9b61fb8ce2a525e4eed38fa75d132d6dc64699336876,"{""distance"":3,""physical_error_rate"":0.0001}","{""detection_events"":18,""detectors_checked"":165888}"
      3072,         0,         0,   0.095,decoder_by_matrix,36e3cd26fed5ec7649ec51fb08c1a5e7d7f30e615782d954fee045c18a4962ca,"{""distance"":3,""physical_error_rate"":5e-05}","{""detection_events"":18,""detectors_checked"":165888}"
      3072,         0,         0,   0.133,decoder_by_matrix,beec9fd12293a9cfe53c9b61fb8ce2a525e4eed38fa75d132d6dc64699336876,"{""distance"":3,""physical_error_rate"":0.0001}","{""detection_events"":45,""detectors_checked"":165888}"
      3072,         0,         0,   0.110,decoder_by_matrix,beec9fd12293a9cfe53c9b61fb8ce2a525e4eed38fa75d132d6dc64699336876,"{""distance"":3,""physical_error_rate"":0.0001}","{""detection_events"":36,""detectors_checked"":165888}"
      2048,         0,         0,   0.133,decoder_by_matrix,5c8c81bfec719079c388cedc47a351f264c1bf769ae28a89f9b4fc7719fea501,"{""distance"":3,""physical_error_rate"":0.0005}","{""detection_events"":162,""detectors_checked"":110592}"
      2048,         0,         0,   0.133,decoder_by_matrix,36e3cd26fed5ec7649ec51fb08c1a5e7d7f30e615782d954fee045c18a4962ca,"{""distance"":3,""physical_error_rate"":5e-05}","{""detection_events"":33,""detectors_checked"":110592}"
      2048,         0,         0,   0.133,decoder_by_matrix,5c8c81bfec719079c388cedc47a351f264c1bf769ae28a89f9b4fc7719fea501,"{""distance"":3,""physical_error_rate"":0.0005}","{""detection_events"":114,""detectors_checked"":110592}"
      3072,         0,         0,   0.128,decoder_by_matrix,36e3cd26fed5ec7649ec51fb08c1a5e7d7f30e615782d954fee045c18a4962ca,"{""distance"":3,""physical_error_rate"":5e-05}","{""detection_events"":15,""detectors_checked"":165888}"
      3072,         0,         0,   0.129,decoder_by_matrix,beec9fd12293a9cfe53c9b61fb8ce2a525e4eed38fa75d132d6dc64699336876,"{""distance"":3,""physical_error_rate"":0.0001}","{""detection_events"":51,""detectors_checked"":165888}"
      3072,         0,         0,   0.130,decoder_by_matrix,36e3cd26fed5ec7649ec51fb08c1a5e7d7f30e615782d954fee045c18a4962ca,"{""distance"":3,""physical_error_rate"":5e-05}","{""detection_events"":24,""detectors_checked"":165888}"
      3072,         0,         0,   0.130,decoder_by_matrix,beec9fd12293a9cfe53c9b61fb8ce2a525e4eed38fa75d132d6dc64699336876,"{""distance"":3,""physical_error_rate"":0.0001}","{""detection_events"":54,""detectors_checked"":165888}"
      2048,         0,         0,   0.129,decoder_by_matrix,beec9fd12293a9cfe53c9b61fb8ce2a525e4eed38fa75d132d6dc64699336876,"{""distance"":3,""physical_error_rate"":0.0001}","{""detection_events"":18,""detectors_checked"":110592}"
      3072,         0,         0,   0.127,decoder_by_matrix,5c8c81bfec719079c388cedc47a351f264c1bf769ae28a89f9b4fc7719fea501,"{""distance"":3,""physical_error_rate"":0.0005}","{""detection_events"":240,""detectors_checked"":165888}"
      4096,         0,         0,   0.127,decoder_by_matrix,36e3cd26fed5ec7649ec51fb08c1a5e7d7f30e615782d954fee045c18a4962ca,"{""distance"":3,""physical_error_rate"":5e-05}","{""detection_events"":60,""detectors_checked"":221184}"
      3072,         0,         0,   0.127,decoder_by_matrix,5c8c81bfec719079c388cedc47a351f264c1bf769ae28a89f9b4fc7719fea501,"{""distance"":3,""physical_error_rate"":0.0005}","{""detection_events"":165,""detectors_checked"":165888}"
      5120,         0,         0,   0.131,decoder_by_matrix,36e3cd26fed5ec7649ec51fb08c1a5e7d7f30e615782d954fee045c18a4962ca,"{""distance"":3,""physical_error_rate"":5e-05}","{""detection_events"":18,""detectors_checked"":276480}"
      4096,         0,         0,   0.132,decoder_by_matrix,beec9fd12293a9cfe53c9b61fb8ce2a525e4eed38fa75d132d6dc64699336876,"{""distance"":3,""physical_error_rate"":0.0001}","{""detection_events"":39,""detectors_checked"":221184}"
      4096,         0,         0,   0.127,decoder_by_matrix,beec9fd12293a9cfe53c9b61fb8ce2a525e4eed38fa75d132d6dc64699336876,"{""distance"":3,""physical_error_rate"":0.0001}","{""detection_events"":51,""detectors_checked"":221184}"
      3072,         0,         0,   0.143,decoder_by_matrix,36e3cd26fed5ec7649ec51fb08c1a5e7d7f30e615782d954fee045c18a4962ca,"{""distance"":3,""physical_error_rate"":5e-05}","{""detection_events"":63,""detectors_checked"":165888}"
      3072,         0,         0,   0.131,decoder_by_matrix,beec9fd12293a9cfe53c9b61fb8ce2a525e4eed38fa75d132d6dc64699336876,"{""distance"":3,""physical_error_rate"":0.0001}","{""detection_events"":63,""detectors_checked"":165888}"
      3072,         0,         0,   0.130,decoder_by_matrix,5c8c81bfec719079c388cedc47a351f264c1bf769ae28a89f9b4fc7719fea501,"{""distance"":3,""physical_error_rate"":0.0005}","{""detection_events"":219,""detectors_checked"":165888}"
      4096,         0,         0,   0.130,decoder_by_matrix,36e3cd26fed5ec7649ec51fb08c1a5e7d7f30e615782d954fee045c18a4962ca,"{""distance"":3,""physical_error_rate"":5e-05}","{""detection_events"":18,""detectors_checked"":221184}"
      3072,         0,         0,   0.130,decoder_by_matrix,5c8c81bfec719079c388cedc47a351f264c1bf769ae28a89f9b4fc7719fea501,"{""distance"":3,""physical_error_rate"":0.0005}","{""detection_events"":207,""detectors_checked"":165888}"
      4096,         0,         0,   0.131,decoder_by_matrix,36e3cd26fed5ec7649ec51fb08c1a5e7d7f30e615782d954fee045c18a4962ca,"{""distance"":3,""physical_error_rate"":5e-05}","{""detection_events"":42,""detectors_checked"":221184}"
      3072,         0,         0,   0.130,decoder_by_matrix,beec9fd12293a9cfe53c9b61fb8ce2a525e4eed38fa75d132d6dc64699336876,"{""distance"":3,""physical_error_rate"":0.0001}","{""detection_events"":54,""detectors_checked"":165888}"
      3072,         0,         0,   0.130,decoder_by_matrix,5c8c81bfec719079c388cedc47a351f264c1bf769ae28a89f9b4fc7719fea501,"{""distance"":3,""physical_error_rate"":0.0005}","{""detection_events"":252,""detectors_checked"":165888}"
      7168,         0,         0,   0.157,decoder_by_matrix,36e3cd26fed5ec7649ec51fb08c1a5e7d7f30e615782d954fee045c18a4962ca,"{""distance"":3,""physical_error_rate"":5e-05}","{""detection_events"":18,""detectors_checked"":387072}"
      6144,         1,         0,   0.271,decoder_by_matrix,beec9fd12293a9cfe53c9b61fb8ce2a525e4eed38fa75d132d6dc64699336876,"{""distance"":3,""physical_error_rate"":0.0001}","{""detection_events"":87,""detectors_checked"":331776,""obs_mistake_mask=E"":1}"
      8192,         0,         0,   0.133,decoder_by_matrix,36e3cd26fed5ec7649ec51fb08c1a5e7d7f30e615782d954fee045c18a4962ca,"{""distance"":3,""physical_error_rate"":5e-05}","{""detection_events"":90,""detectors_checked"":442368}"
      7168,         0,         0,   0.259,decoder_by_matrix,beec9fd12293a9cfe53c9b61fb8ce2a525e4eed38fa75d132d6dc64699336876,"{""distance"":3,""physical_error_rate"":0.0001}","{""detection_events"":108,""detectors_checked"":387072}"
      6144,         0,         0,   0.262,decoder_by_matrix,36e3cd26fed5ec7649ec51fb08c1a5e7d7f30e615782d954fee045c18a4962ca,"{""distance"":3,""physical_error_rate"":5e-05}","{""detection_events"":63,""detectors_checked"":331776}"
      6144,         0,         0,   0.259,decoder_by_matrix,5c8c81bfec719079c388cedc47a351f264c1bf769ae28a89f9b4fc7719fea501,"{""distance"":3,""physical_error_rate"":0.0005}","{""detection_events"":498,""detectors_checked"":331776}"
      8192,         0,         0,   0.258,decoder_by_matrix,beec9fd12293a9cfe53c9b61fb8ce2a525e4eed38fa75d132d6dc64699336876,"{""distance"":3,""physical_error_rate"":0.0001}","{""detection_events"":102,""detectors_checked"":442368}"
      6144,         0,         0,   0.263,decoder_by_matrix,5c8c81bfec719079c388cedc47a351f264c1bf769ae28a89f9b4fc7719fea501,"{""distance"":3,""physical_error_rate"":0.0005}","{""detection_events"":414,""detectors_checked"":331776}"
      7168,         0,         0,   0.254,decoder_by_matrix,beec9fd12293a9cfe53c9b61fb8ce2a525e4eed38fa75d132d6dc64699336876,"{""distance"":3,""physical_error_rate"":0.0001}","{""detection_events"":90,""detectors_checked"":387072}"
      7168,         0,         0,   0.271,decoder_by_matrix,36e3cd26fed5ec7649ec51fb08c1a5e7d7f30e615782d954fee045c18a4962ca,"{""distance"":3,""physical_error_rate"":5e-05}","{""detection_events"":69,""detectors_checked"":387072}"
     10240,         0,         0,   0.255,decoder_by_matrix,36e3cd26fed5ec7649ec51fb08c1a5e7d7f30e615782d954fee045c18a4962ca,"{""distance"":3,""physical_error_rate"":5e-05}","{""detection_events"":30,""detectors_checked"":552960}"
      6144,         0,         0,   0.255,decoder_by_matrix,beec9fd12293a9cfe53c9b61fb8ce2a525e4eed38fa75d132d6dc64699336876,"{""distance"":3,""physical_error_rate"":0.0001}","{""detection_events"":102,""detectors_checked"":331776}"
     10240,         0,         0,   0.259,decoder_by_matrix,36e3cd26fed5ec7649ec51fb08c1a5e7d7f30e615782d954fee045c18a4962ca,"{""distance"":3,""physical_error_rate"":5e-05}","{""detection_events"":30,""detectors_checked"":552960}"
      6144,         0,         0,   0.259,decoder_by_matrix,5c8c81bfec719079c388cedc47a351f264c1bf769ae28a89f9b4fc7719fea501,"{""distance"":3,""physical_error_rate"":0.0005}","{""detection_events"":393,""detectors_checked"":331776}"
      7168,         0,         0,   0.268,decoder_by_matrix,beec9fd12293a9cfe53c9b61fb8ce2a525e4eed38fa75d132d6dc64699336876,"{""distance"":3,""physical_error_rate"":0.0001}","{""detection_events"":93,""detectors_checked"":387072}"
      6144,         0,         0,   0.257,decoder_by_matrix,5c8c81bfec719079c388cedc47a351f264c1bf769ae28a89f9b4fc7719fea501,"{""distance"":3,""physical_error_rate"":0.0005}","{""detection_events"":432,""detectors_checked"":331776}"
      8192,         0,         0,   0.289,decoder_by_matrix,beec9fd12293a9cfe53c9b61fb8ce2a525e4eed38fa75d132d6dc64699336876,"{""distance"":3,""physical_error_rate"":0.0001}","{""detection_events"":138,""detectors_checked"":442368}"
     12288,         0,         0,   0.389,decoder_by_matrix,36e3cd26fed5ec7649ec51fb08c1a5e7d7f30e615782d954fee045c18a4962ca,"{""distance"":3,""physical_error_rate"":5e-05}","{""detection_events"":114,""detectors_checked"":663552}"
     11264,         0,         0,   0.391,decoder_by_matrix,36e3cd26fed5ec7649ec51fb08c1a5e7d7f30e615782d954fee045c18a4962ca,"{""distance"":3,""physical_error_rate"":5e-05}","{""detection_events"":111,""detectors_checked"":608256}"
     10240,         0,         0,   0.394,decoder_by_matrix,beec9fd12293a9cfe53c9b61fb8ce2a525e4eed38fa75d132d6dc64699336876,"{""distance"":3,""physical_error_rate"":0.0001}","{""detection_events"":117,""detectors_checked"":552960}"
     11264,         0,         0,   0.380,decoder_by_matrix,36e3cd26fed5ec7649ec51fb08c1a5e7d7f30e615782d954fee045c18a4962ca,"{""distance"":3,""physical_error_rate"":5e-05}","{""detection_events"":66,""detectors_checked"":608256}"
      9216,         0,         0,   0.384,decoder_by_matrix,5c8c81bfec719079c388cedc47a351f264c1bf769ae28a89f9b4fc7719fea501,"{""distance"":3,""physical_error_rate"":0.0005}","{""detection_events"":588,""detectors_checked"":497664}"
     10240,         0,         0,   0.376,decoder_by_matrix,beec9fd12293a9cfe53c9b61fb8ce2a525e4eed38fa75d132d6dc64699336876,"{""distance"":3,""physical_error_rate"":0.0001}","{""detection_events"":177,""detectors_checked"":552960}"
      9216,         0,         0,   0.381,decoder_by_matrix,5c8c81bfec719079c388cedc47a351f264c1bf769ae28a89f9b4fc7719fea501,"{""distance"":3,""physical_error_rate"":0.0005}","{""detection_events"":615,""detectors_checked"":497664}"
     10240,         0,         0,   0.434,decoder_by_matrix,beec9fd12293a9cfe53c9b61fb8ce2a525e4eed38fa75d132d6dc64699336876,"{""distance"":3,""physical_error_rate"":0.0001}","{""detection_events"":120,""detectors_checked"":552960}"
     16384,         0,         0,   0.513,decoder_by_matrix,36e3cd26fed5ec7649ec51fb08c1a5e7d7f30e615782d954fee045c18a4962ca,"{""distance"":3,""physical_error_rate"":5e-05}","{""detection_events"":96,""detectors_checked"":884736}"
     17408,         0,         0,   0.510,decoder_by_matrix,36e3cd26fed5ec7649ec51fb08c1a5e7d7f30e615782d954fee045c18a4962ca,"{""distance"":3,""physical_error_rate"":5e-05}","{""detection_events"":126,""detectors_checked"":940032}"
     12288,         0,         0,   0.509,decoder_by_matrix,beec9fd12293a9cfe53c9b61fb8ce2a525e4eed38fa75d132d6dc64699336876,"{""distance"":3,""physical_error_rate"":0.0001}","{""detection_events"":171,""detectors_checked"":663552}"
     10240,         0,         0,   0.405,decoder_by_matrix,beec9fd12293a9cfe53c9b61fb8ce2a525e4eed38fa75d132d6dc64699336876,"{""distance"":3,""physical_error_rate"":0.0001}","{""detection_events"":171,""detectors_checked"":552960}"
     15360,         0,         0,   0.512,decoder_by_matrix,36e3cd26fed5ec7649ec51fb08c1a5e7d7f30e615782d954fee045c18a4962ca,"{""distance"":3,""physical_error_rate"":5e-05}","{""detection_events"":144,""detectors_checked"":829440}"
     11264,         0,         0,   0.515,decoder_by_matrix,5c8c81bfec719079c388cedc47a351f264c1bf769ae28a89f9b4fc7719fea501,"{""distance"":3,""physical_error_rate"":0.0005}","{""detection_events"":897,""detectors_checked"":608256}"
     11264,         1,         0,   0.512,decoder_by_matrix,5c8c81bfec719079c388cedc47a351f264c1bf769ae28a89f9b4fc7719fea501,"{""distance"":3,""physical_error_rate"":0.0005}","{""detection_events"":792,""detectors_checked"":608256,""obs_mistake_mask=E"":1}"
     18432,         0,         0,   0.623,decoder_by_matrix,beec9fd12293a9cfe53c9b61fb8ce2a525e4eed38fa75d132d6dc64699336876,"{""distance"":3,""physical_error_rate"":0.0001}","{""detection_events"":222,""detectors_checked"":995328}"
     22528,         0,         0,   0.642,decoder_by_matrix,36e3cd26fed5ec7649ec51fb08c1a5e7d7f30e615782d954fee045c18a4962ca,"{""distance"":3,""physical_error_rate"":5e-05}","{""detection_events"":96,""detectors_checked"":1216512}"
     17408,         0,         0,   0.660,decoder_by_matrix,36e3cd26fed5ec7649ec51fb08c1a5e7d7f30e615782d954fee045c18a4962ca,"{""distance"":3,""physical_error_rate"":5e-05}","{""detection_events"":189,""detectors_checked"":940032}"
     15360,         0,         0,   0.647,decoder_by_matrix,beec9fd12293a9cfe53c9b61fb8ce2a525e4eed38fa75d132d6dc64699336876,"{""distance"":3,""physical_error_rate"":0.0001}","{""detection_events"":234,""detectors_checked"":829440}"
     19456,         0,         0,   0.640,decoder_by_matrix,36e3cd26fed5ec7649ec51fb08c1a5e7d7f30e615782d954fee045c18a4962ca,"{""distance"":3,""physical_error_rate"":5e-05}","{""detection_events"":132,""detectors_checked"":1050624}"
     17408,         0,         0,   0.681,decoder_by_matrix,beec9fd12293a9cfe53c9b61fb8ce2a525e4eed38fa75d132d6dc64699336876,"{""distance"":3,""physical_error_rate"":0.0001}","{""detection_events"":258,""detectors_checked"":940032}"
     15360,         0,         0,   0.641,decoder_by_matrix,5c8c81bfec719079c388cedc47a351f264c1bf769ae28a89f9b4fc7719fea501,"{""distance"":3,""physical_error_rate"":0.0005}","{""detection_events"":1140,""detectors_checked"":829440}"
     15360,         0,         0,   0.624,decoder_by_matrix,5c8c81bfec719079c388cedc47a351f264c1bf769ae28a89f9b4fc7719fea501,"{""distance"":3,""physical_error_rate"":0.0005}","{""detection_events"":1074,""detectors_checked"":829440}"
     19456,         0,         0,   0.798,decoder_by_matrix,beec9fd12293a9cfe53c9b61fb8ce2a525e4eed38fa75d132d6dc64699336876,"{""distance"":3,""physical_error_rate"":0.0001}","{""detection_events"":372,""detectors_checked"":1050624}"
     22528,         0,         0,   0.794,decoder_by_matrix,36e3cd26fed5ec7649ec51fb08c1a5e7d7f30e615782d954fee045c18a4962ca,"{""distance"":3,""physical_error_rate"":5e-05}","{""detection_events"":168,""detectors_checked"":1216512}"
     28672,         0,         0,   0.911,decoder_by_matrix,36e3cd26fed5ec7649ec51fb08c1a5e7d7f30e615782d954fee045c18a4962ca,"{""distance"":3,""physical_error_rate"":5e-05}","{""detection_events"":165,""detectors_checked"":1548288}"
     22528,         0,         0,   0.894,decoder_by_matrix,beec9fd12293a9cfe53c9b61fb8ce2a525e4eed38fa75d132d6dc64699336876,"{""distance"":3,""physical_error_rate"":0.0001}","{""detection_events"":357,""detectors_checked"":1216512}"
     27648,         0,         0,   0.900,decoder_by_matrix,36e3cd26fed5ec7649ec51fb08c1a5e7d7f30e615782d954fee045c18a4962ca,"{""distance"":3,""physical_error_rate"":5e-05}","{""detection_events"":240,""detectors_checked"":1492992}"
     18432,         1,         0,   0.803,decoder_by_matrix,5c8c81bfec719079c388cedc47a351f264c1bf769ae28a89f9b4fc7719fea501,"{""distance"":3,""physical_error_rate"":0.0005}","{""detection_events"":1317,""detectors_checked"":995328,""obs_mistake_mask=E"":1}"
     24576,         0,         0,   0.903,decoder_by_matrix,beec9fd12293a9cfe53c9b61fb8ce2a525e4eed38fa75d132d6dc64699336876,"{""distance"":3,""physical_error_rate"":0.0001}","{""detection_events"":312,""detectors_checked"":1327104}"
     20480,         1,         0,   0.903,decoder_by_matrix,5c8c81bfec719079c388cedc47a351f264c1bf769ae28a89f9b4fc7719fea501,"{""distance"":3,""physical_error_rate"":0.0005}","{""detection_events"":1521,""detectors_checked"":1105920,""obs_mistake_mask=E"":1}"
     30720,         0,         0,    1.17,decoder_by_matrix,beec9fd12293a9cfe53c9b61fb8ce2a525e4eed38fa75d132d6dc64699336876,"{""distance"":3,""physical_error_rate"":0.0001}","{""detection_events"":387,""detectors_checked"":1658880}"
     36864,         0,         0,    1.15,decoder_by_matrix,36e3cd26fed5ec7649ec51fb08c1a5e7d7f30e615782d954fee045c18a4962ca,"{""distance"":3,""physical_error_rate"":5e-05}","{""detection_events"":261,""detectors_checked"":1990656}"
     37888,         0,         0,    1.18,decoder_by_matrix,36e3cd26fed5ec7649ec51fb08c1a5e7d7f30e615782d954fee045c18a4962ca,"{""distance"":3,""physical_error_rate"":5e-05}","{""detection_events"":198,""detectors_checked"":2045952}"
     26624,         0,         0,    1.03,decoder_by_matrix,5c8c81bfec719079c388cedc47a351f264c1bf769ae28a89f9b4fc7719fea501,"{""distance"":3,""physical_error_rate"":0.0005}","{""detection_events"":1983,""detectors_checked"":1437696}"
     29696,         0,         0,    1.18,decoder_by_matrix,beec9fd12293a9cfe53c9b61fb8ce2a525e4eed38fa75d132d6dc64699336876,"{""distance"":3,""physical_error_rate"":0.0001}","{""detection_events"":531,""detectors_checked"":1603584}"
     30720,         0,         0,    1.03,decoder_by_matrix,beec9fd12293a9cfe53c9b61fb8ce2a525e4eed38fa75d132d6dc64699336876,"{""distance"":3,""physical_error_rate"":0.0001}","{""detection_events"":402,""detectors_checked"":1658880}"
     27648,         0,         0,    1.15,decoder_by_matrix,5c8c81bfec719079c388cedc47a351f264c1bf769ae28a89f9b4fc7719fea501,"{""distance"":3,""physical_error_rate"":0.0005}","{""detection_events"":2016,""detectors_checked"":1492992}"
     37888,         0,         0,    1.21,decoder_by_matrix,36e3cd26fed5ec7649ec51fb08c1a5e7d7f30e615782d954fee045c18a4962ca,"{""distance"":3,""physical_error_rate"":5e-05}","{""detection_events"":300,""detectors_checked"":2045952}"
   2829312,        49,         0,   117.8,decoder_by_matrix,5c8c81bfec719079c388cedc47a351f264c1bf769ae28a89f9b4fc7719fea501,"{""distance"":3,""physical_error_rate"":0.0005}","{""detection_events"":206955,""detectors_checked"":152782848,""obs_mistake_mask=E"":49}"
   3150848,         1,         0,   116.9,decoder_by_matrix,beec9fd12293a9cfe53c9b61fb8ce2a525e4eed38fa75d132d6dc64699336876,"{""distance"":3,""physical_error_rate"":0.0001}","{""detection_events"":47067,""detectors_checked"":170145792,""obs_mistake_mask=E"":1}"
   2828288,        44,         0,   116.6,decoder_by_matrix,5c8c81bfec719079c388cedc47a351f264c1bf769ae28a89f9b4fc7719fea501,"{""distance"":3,""physical_error_rate"":0.0005}","{""detection_events"":206340,""detectors_checked"":152727552,""obs_mistake_mask=E"":44}"
   3139584,         3,         0,   117.3,decoder_by_matrix,beec9fd12293a9cfe53c9b61fb8ce2a525e4eed38fa75d132d6dc64699336876,"{""distance"":3,""physical_error_rate"":0.0001}","{""detection_events"":46149,""detectors_checked"":169537536,""obs_mistake_mask=E"":3}"
     44032,         0,         0,    1.39,decoder_by_matrix,beec9fd12293a9cfe53c9b61fb8ce2a525e4eed38fa75d132d6dc64699336876,"{""distance"":3,""physical_error_rate"":0.0001}","{""detection_events"":669,""detectors_checked"":2377728}"
     50176,         0,         0,    1.39,decoder_by_matrix,36e3cd26fed5ec7649ec51fb08c1a5e7d7f30e615782d954fee045c18a4962ca,"{""distance"":3,""physical_error_rate"":5e-05}","{""detection_events"":456,""detectors_checked"":2709504}"
     43008,         0,         0,    1.64,decoder_by_matrix,beec9fd12293a9cfe53c9b61fb8ce2a525e4eed38fa75d132d6dc64699336876,"{""distance"":3,""physical_error_rate"":0.0001}","{""detection_events"":666,""detectors_checked"":2322432}"
     38912,         1,         0,    1.65,decoder_by_matrix,5c8c81bfec719079c388cedc47a351f264c1bf769ae28a89f9b4fc7719fea501,"{""distance"":3,""physical_error_rate"":0.0005}","{""detection_events"":2898,""detectors_checked"":2101248,""obs_mistake_mask=E"":1}"
     38912,         0,         0,    1.65,decoder_by_matrix,5c8c81bfec719079c388cedc47a351f264c1bf769ae28a89f9b4fc7719fea501,"{""distance"":3,""physical_error_rate"":0.0005}","{""detection_events"":3084,""detectors_checked"":2101248}"
     41984,         0,         0,    1.66,decoder_by_matrix,beec9fd12293a9cfe53c9b61fb8ce2a525e4eed38fa75d132d6dc64699336876,"{""distance"":3,""physical_error_rate"":0.0001}","{""detection_events"":621,""detectors_checked"":2267136}"
     55296,         0,         0,    1.68,decoder_by_matrix,36e3cd26fed5ec7649ec51fb08c1a5e7d7f30e615782d954fee045c18a4962ca,"{""distance"":3,""physical_error_rate"":5e-05}","{""detection_events"":354,""detectors_checked"":2985984}"
     49152,         0,         0,    1.67,decoder_by_matrix,36e3cd26fed5ec7649ec51fb08c1a5e7d7f30e615782d954fee045c18a4962ca,"{""distance"":3,""physical_error_rate"":5e-05}","{""detection_events"":402,""detectors_checked"":2654208}"
     58368,         1,         0,    2.26,decoder_by_matrix,beec9fd12293a9cfe53c9b61fb8ce2a525e4eed38fa75d132d6dc64699336876,"{""distance"":3,""physical_error_rate"":0.0001}","{""detection_events"":867,""detectors_checked"":3151872,""obs_mistake_mask=E"":1}"
     69632,         0,         0,    1.93,decoder_by_matrix,36e3cd26fed5ec7649ec51fb08c1a5e7d7f30e615782d954fee045c18a4962ca,"{""distance"":3,""physical_error_rate"":5e-05}","{""detection_events"":450,""detectors_checked"":3760128}"
     50176,         1,         0,    2.19,decoder_by_matrix,5c8c81bfec719079c388cedc47a351f264c1bf769ae28a89f9b4fc7719fea501,"{""distance"":3,""physical_error_rate"":0.0005}","{""detection_events"":3819,""detectors_checked"":2709504,""obs_mistake_mask=E"":1}"
     72704,         0,         0,    2.10,decoder_by_matrix,36e3cd26fed5ec7649ec51fb08c1a5e7d7f30e615782d954fee045c18a4962ca,"{""distance"":3,""physical_error_rate"":5e-05}","{""detection_events"":477,""detectors_checked"":3926016}"
     61440,         0,         0,    2.16,decoder_by_matrix,beec9fd12293a9cfe53c9b61fb8ce2a525e4eed38fa75d132d6dc64699336876,"{""distance"":3,""physical_error_rate"":0.0001}","{""detection_events"":819,""detectors_checked"":3317760}"
     57344,         0,         0,    2.15,decoder_by_matrix,beec9fd12293a9cfe53c9b61fb8ce2a525e4eed38fa75d132d6dc64699336876,"{""distance"":3,""physical_error_rate"":0.0001}","{""detection_events"":873,""detectors_checked"":3096576}"
     54272,         3,         0,    2.18,decoder_by_matrix,5c8c81bfec719079c388cedc47a351f264c1bf769ae28a89f9b4fc7719fea501,"{""distance"":3,""physical_error_rate"":0.0005}","{""detection_events"":4281,""detectors_checked"":2930688,""obs_mistake_mask=E"":3}"
     69632,         0,         0,    2.27,decoder_by_matrix,36e3cd26fed5ec7649ec51fb08c1a5e7d7f30e615782d954fee045c18a4962ca,"{""distance"":3,""physical_error_rate"":5e-05}","{""detection_events"":483,""detectors_checked"":3760128}"
     83968,         0,         0,    3.10,decoder_by_matrix,beec9fd12293a9cfe53c9b61fb8ce2a525e4eed38fa75d132d6dc64699336876,"{""distance"":3,""physical_error_rate"":0.0001}","{""detection_events"":1035,""detectors_checked"":4534272}"
    101376,         0,         0,    2.97,decoder_by_matrix,36e3cd26fed5ec7649ec51fb08c1a5e7d7f30e615782d954fee045c18a4962ca,"{""distance"":3,""physical_error_rate"":5e-05}","{""detection_events"":567,""detectors_checked"":5474304}"
     72704,         3,         0,    2.96,decoder_by_matrix,5c8c81bfec719079c388cedc47a351f264c1bf769ae28a89f9b4fc7719fea501,"{""distance"":3,""physical_error_rate"":0.0005}","{""detection_events"":4920,""detectors_checked"":3926016,""obs_mistake_mask=E"":3}"
     91136,         0,         0,    2.84,decoder_by_matrix,36e3cd26fed5ec7649ec51fb08c1a5e7d7f30e615782d954fee045c18a4962ca,"{""distance"":3,""physical_error_rate"":5e-05}","{""detection_events"":903,""detectors_checked"":4921344}"
     70656,         2,         0,    3.05,decoder_by_matrix,5c8c81bfec719079c388cedc47a351f264c1bf769ae28a89f9b4fc7719fea501,"{""distance"":3,""physical_error_rate"":0.0005}","{""detection_events"":5448,""detectors_checked"":3815424,""obs_mistake_mask=E"":2}"
     83968,         0,         0,    2.96,decoder_by_matrix,beec9fd12293a9cfe53c9b61fb8ce2a525e4eed38fa75d132d6dc64699336876,"{""distance"":3,""physical_error_rate"":0.0001}","{""detection_events"":1038,""detectors_checked"":4534272}"
     92160,         0,         0,    2.93,decoder_by_matrix,36e3cd26fed5ec7649ec51fb08c1a5e7d7f30e615782d954fee045c18a4962ca,"{""distance"":3,""physical_error_rate"":5e-05}","{""detection_events"":735,""detectors_checked"":4976640}"
     81920,         0,         0,    2.88,decoder_by_matrix,beec9fd12293a9cfe53c9b61fb8ce2a525e4eed38fa75d132d6dc64699336876,"{""distance"":3,""physical_error_rate"":0.0001}","{""detection_events"":1257,""detectors_checked"":4423680}"
    110592,         0,         0,    4.34,decoder_by_matrix,beec9fd12293a9cfe53c9b61fb8ce2a525e4eed38fa75d132d6dc64699336876,"{""distance"":3,""physical_error_rate"":0.0001}","{""detection_events"":1842,""detectors_checked"":5971968}"
    136192,         0,         0,    4.28,decoder_by_matrix,36e3cd26fed5ec7649ec51fb08c1a5e7d7f30e615782d954fee045c18a4962ca,"{""distance"":3,""physical_error_rate"":5e-05}","{""detection_events"":1131,""detectors_checked"":7354368}"
    125952,         0,         0,    4.27,decoder_by_matrix,36e3cd26fed5ec7649ec51fb08c1a5e7d7f30e615782d954fee045c18a4962ca,"{""distance"":3,""physical_error_rate"":5e-05}","{""detection_events"":1149,""detectors_checked"":6801408}"
    101376,         3,         0,    4.33,decoder_by_matrix,5c8c81bfec719079c388cedc47a351f264c1bf769ae28a89f9b4fc7719fea501,"{""distance"":3,""physical_error_rate"":0.0005}","{""detection_events"":7941,""detectors_checked"":5474304,""obs_mistake_mask=E"":3}"
    102400,         0,         0,    4.22,decoder_by_matrix,5c8c81bfec719079c388cedc47a351f264c1bf769ae28a89f9b4fc7719fea501,"{""distance"":3,""physical_error_rate"":0.0005}","{""detection_events"":7644,""detectors_checked"":5529600}"
    112640,         0,         0,    4.34,decoder_by_matrix,beec9fd12293a9cfe53c9b61fb8ce2a525e4eed38fa75d132d6dc64699336876,"{""distance"":3,""physical_error_rate"":0.0001}","{""detection_events"":1518,""detectors_checked"":6082560}"
    141312,         0,         0,    4.18,decoder_by_matrix,36e3cd26fed5ec7649ec51fb08c1a5e7d7f30e615782d954fee045c18a4962ca,"{""distance"":3,""physical_error_rate"":5e-05}","{""detection_events"":912,""detectors_checked"":7630848}"
    110592,         0,         0,    4.18,decoder_by_matrix,beec9fd12293a9cfe53c9b61fb8ce2a525e4eed38fa75d132d6dc64699336876,"{""distance"":3,""physical_error_rate"":0.0001}","{""detection_events"":1500,""detectors_checked"":5971968}"
   3755008,         0,         0,   117.5,decoder_by_matrix,36e3cd26fed5ec7649ec51fb08c1a5e7d7f30e615782d954fee045c18a4962ca,"{""distance"":3,""physical_error_rate"":5e-05}","{""detection_events"":27036,""detectors_checked"":202770432}"
    162816,         0,         0,    5.73,decoder_by_matrix,beec9fd12293a9cfe53c9b61fb8ce2a525e4eed38fa75d132d6dc64699336876,"{""distance"":3,""physical_error_rate"":0.0001}","{""detection_events"":2316,""detectors_checked"":8792064}"
    197632,         0,         0,    6.09,decoder_by_matrix,36e3cd26fed5ec7649ec51fb08c1a5e7d7f30e615782d954fee045c18a4962ca,"{""distance"":3,""physical_error_rate"":5e-05}","{""detection_events"":1371,""detectors_checked"":10672128}"
    141312,         2,         0,    6.00,decoder_by_matrix,5c8c81bfec719079c388cedc47a351f264c1bf769ae28a89f9b4fc7719fea501,"{""distance"":3,""physical_error_rate"":0.0005}","{""detection_events"":10836,""detectors_checked"":7630848,""obs_mistake_mask=E"":2}"
    188416,         0,         0,    5.90,decoder_by_matrix,36e3cd26fed5ec7649ec51fb08c1a5e7d7f30e615782d954fee045c18a4962ca,"{""distance"":3,""physical_error_rate"":5e-05}","{""detection_events"":1302,""detectors_checked"":10174464}"
    141312,         2,         0,    5.76,decoder_by_matrix,5c8c81bfec719079c388cedc47a351f264c1bf769ae28a89f9b4fc7719fea501,"{""distance"":3,""physical_error_rate"":0.0005}","{""detection_events"":10920,""detectors_checked"":7630848,""obs_mistake_mask=E"":2}"
    156672,         0,         0,    5.89,decoder_by_matrix,beec9fd12293a9cfe53c9b61fb8ce2a525e4eed38fa75d132d6dc64699336876,"{""distance"":3,""physical_error_rate"":0.0001}","{""detection_events"":2436,""detectors_checked"":8460288}"
    164864,         0,         0,    5.91,decoder_by_matrix,beec9fd12293a9cfe53c9b61fb8ce2a525e4eed38fa75d132d6dc64699336876,"{""distance"":3,""physical_error_rate"":0.0001}","{""detection_events"":2355,""detectors_checked"":8902656}"
    188416,         0,         0,    6.09,decoder_by_matrix,36e3cd26fed5ec7649ec51fb08c1a5e7d7f30e615782d954fee045c18a4962ca,"{""distance"":3,""physical_error_rate"":5e-05}","{""detection_events"":1422,""detectors_checked"":10174464}"
    219136,         0,         0,    8.20,decoder_by_matrix,beec9fd12293a9cfe53c9b61fb8ce2a525e4eed38fa75d132d6dc64699336876,"{""distance"":3,""physical_error_rate"":0.0001}","{""detection_events"":3426,""detectors_checked"":11833344}"
    262144,         0,         0,    8.11,decoder_by_matrix,36e3cd26fed5ec7649ec51fb08c1a5e7d7f30e615782d954fee045c18a4962ca,"{""distance"":3,""physical_error_rate"":5e-05}","{""detection_events"":1857,""detectors_checked"":14155776}"
    271360,         0,         0,    8.23,decoder_by_matrix,36e3cd26fed5ec7649ec51fb08c1a5e7d7f30e615782d954fee045c18a4962ca,"{""distance"":3,""physical_error_rate"":5e-05}","{""detection_events"":1923,""detectors_checked"":14653440}"
    199680,         4,         0,    8.46,decoder_by_matrix,5c8c81bfec719079c388cedc47a351f264c1bf769ae28a89f9b4fc7719fea501,"{""distance"":3,""physical_error_rate"":0.0005}","{""detection_events"":14106,""detectors_checked"":10782720,""obs_mistake_mask=E"":4}"
    196608,         2,         0,    8.38,decoder_by_matrix,5c8c81bfec719079c388cedc47a351f264c1bf769ae28a89f9b4fc7719fea501,"{""distance"":3,""physical_error_rate"":0.0005}","{""detection_events"":14715,""detectors_checked"":10616832,""obs_mistake_mask=E"":2}"
    225280,         1,         0,    8.39,decoder_by_matrix,beec9fd12293a9cfe53c9b61fb8ce2a525e4eed38fa75d132d6dc64699336876,"{""distance"":3,""physical_error_rate"":0.0001}","{""detection_events"":3267,""detectors_checked"":12165120,""obs_mistake_mask=E"":1}"
    228352,         0,         0,    8.37,decoder_by_matrix,beec9fd12293a9cfe53c9b61fb8ce2a525e4eed38fa75d132d6dc64699336876,"{""distance"":3,""physical_error_rate"":0.0001}","{""detection_events"":2952,""detectors_checked"":12331008}"
    253952,         0,         0,    8.31,decoder_by_matrix,36e3cd26fed5ec7649ec51fb08c1a5e7d7f30e615782d954fee045c18a4962ca,"{""distance"":3,""physical_error_rate"":5e-05}","{""detection_events"":1956,""detectors_checked"":13713408}"
    306176,         0,         0,    11.7,decoder_by_matrix,beec9fd12293a9cfe53c9b61fb8ce2a525e4eed38fa75d132d6dc64699336876,"{""distance"":3,""physical_error_rate"":0.0001}","{""detection_events"":4611,""detectors_checked"":16533504}"
    378880,         0,         0,    11.8,decoder_by_matrix,36e3cd26fed5ec7649ec51fb08c1a5e7d7f30e615782d954fee045c18a4962ca,"{""distance"":3,""physical_error_rate"":5e-05}","{""detection_events"":2796,""detectors_checked"":20459520}"
    377856,         0,         0,    11.4,decoder_by_matrix,36e3cd26fed5ec7649ec51fb08c1a5e7d7f30e615782d954fee045c18a4962ca,"{""distance"":3,""physical_error_rate"":5e-05}","{""detection_events"":2838,""detectors_checked"":20404224}"
    276480,         5,         0,    11.5,decoder_by_matrix,5c8c81bfec719079c388cedc47a351f264c1bf769ae28a89f9b4fc7719fea501,"{""distance"":3,""physical_error_rate"":0.0005}","{""detection_events"":20040,""detectors_checked"":14929920,""obs_mistake_mask=E"":5}"
    305152,         0,         0,    11.4,decoder_by_matrix,beec9fd12293a9cfe53c9b61fb8ce2a525e4eed38fa75d132d6dc64699336876,"{""distance"":3,""physical_error_rate"":0.0001}","{""detection_events"":4470,""detectors_checked"":16478208}"
    278528,         5,         0,    11.4,decoder_by_matrix,5c8c81bfec719079c388cedc47a351f264c1bf769ae28a89f9b4fc7719fea501,"{""distance"":3,""physical_error_rate"":0.0005}","{""detection_events"":20163,""detectors_checked"":15040512,""obs_mistake_mask=E"":5}"
    315392,         0,         0,    11.7,decoder_by_matrix,beec9fd12293a9cfe53c9b61fb8ce2a525e4eed38fa75d132d6dc64699336876,"{""distance"":3,""physical_error_rate"":0.0001}","{""detection_events"":4236,""detectors_checked"":17031168}"
    382976,         0,         0,    11.5,decoder_by_matrix,36e3cd26fed5ec7649ec51fb08c1a5e7d7f30e615782d954fee045c18a4962ca,"{""distance"":3,""physical_error_rate"":5e-05}","{""detection_events"":2376,""detectors_checked"":20680704}"
   2822144,        57,         0,   117.3,decoder_by_matrix,5c8c81bfec719079c388cedc47a351f264c1bf769ae28a89f9b4fc7719fea501,"{""distance"":3,""physical_error_rate"":0.0005}","{""detection_events"":206583,""detectors_checked"":152395776,""obs_mistake_mask=E"":57}"
   2837504,        41,         0,   118.2,decoder_by_matrix,5c8c81bfec719079c388cedc47a351f264c1bf769ae28a89f9b4fc7719fea501,"{""distance"":3,""physical_error_rate"":0.0005}","{""detection_events"":207633,""detectors_checked"":153225216,""obs_mistake_mask=E"":41}"
   3144704,         5,         0,   117.1,decoder_by_matrix,beec9fd12293a9cfe53c9b61fb8ce2a525e4eed38fa75d132d6dc64699336876,"{""distance"":3,""physical_error_rate"":0.0001}","{""detection_events"":46617,""detectors_checked"":169814016,""obs_mistake_mask=E"":5}"
   3710976,         1,         0,   117.3,decoder_by_matrix,36e3cd26fed5ec7649ec51fb08c1a5e7d7f30e615782d954fee045c18a4962ca,"{""distance"":3,""physical_error_rate"":5e-05}","{""detection_events"":28191,""detectors_checked"":200392704,""obs_mistake_mask=E"":1}"
   3144704,         0,         0,   118.0,decoder_by_matrix,beec9fd12293a9cfe53c9b61fb8ce2a525e4eed38fa75d132d6dc64699336876,"{""distance"":3,""physical_error_rate"":0.0001}","{""detection_events"":45921,""detectors_checked"":169814016}"
   2844672,        73,         0,   117.1,decoder_by_matrix,5c8c81bfec719079c388cedc47a351f264c1bf769ae28a89f9b4fc7719fea501,"{""distance"":3,""physical_error_rate"":0.0005}","{""detection_events"":208086,""detectors_checked"":153612288,""obs_mistake_mask=E"":73}"
   3769344,         0,         0,   116.8,decoder_by_matrix,36e3cd26fed5ec7649ec51fb08c1a5e7d7f30e615782d954fee045c18a4962ca,"{""distance"":3,""physical_error_rate"":5e-05}","{""detection_events"":27423,""detectors_checked"":203544576}"
   2822144,        51,         0,   118.0,decoder_by_matrix,5c8c81bfec719079c388cedc47a351f264c1bf769ae28a89f9b4fc7719fea501,"{""distance"":3,""physical_error_rate"":0.0005}","{""detection_events"":206961,""detectors_checked"":152395776,""obs_mistake_mask=E"":51}"
   3824640,         1,         0,   117.9,decoder_by_matrix,36e3cd26fed5ec7649ec51fb08c1a5e7d7f30e615782d954fee045c18a4962ca,"{""distance"":3,""physical_error_rate"":5e-05}","{""detection_events"":27711,""detectors_checked"":206530560,""obs_mistake_mask=E"":1}"
   3145728,         1,         0,   117.2,decoder_by_matrix,beec9fd12293a9cfe53c9b61fb8ce2a525e4eed38fa75d132d6dc64699336876,"{""distance"":3,""physical_error_rate"":0.0001}","{""detection_events"":45273,""detectors_checked"":169869312,""obs_mistake_mask=E"":1}"
   3178496,         7,         0,   117.1,decoder_by_matrix,beec9fd12293a9cfe53c9b61fb8ce2a525e4eed38fa75d132d6dc64699336876,"{""distance"":3,""physical_error_rate"":0.0001}","{""detection_events"":46695,""detectors_checked"":171638784,""obs_mistake_mask=E"":7}"
    425984,         1,         0,    15.9,decoder_by_matrix,beec9fd12293a9cfe53c9b61fb8ce2a525e4eed38fa75d132d6dc64699336876,"{""distance"":3,""physical_error_rate"":0.0001}","{""detection_events"":6240,""detectors_checked"":23003136,""obs_mistake_mask=E"":1}"
    508928,         0,         0,    16.2,decoder_by_matrix,36e3cd26fed5ec7649ec51fb08c1a5e7d7f30e615782d954fee045c18a4962ca,"{""distance"":3,""physical_error_rate"":5e-05}","{""detection_events"":3957,""detectors_checked"":27482112}"
    518144,         1,         0,    16.0,decoder_by_matrix,36e3cd26fed5ec7649ec51fb08c1a5e7d7f30e615782d954fee045c18a4962ca,"{""distance"":3,""physical_error_rate"":5e-05}","{""detection_events"":3813,""detectors_checked"":27979776,""obs_mistake_mask=E"":1}"
    386048,        13,         0,    16.1,decoder_by_matrix,5c8c81bfec719079c388cedc47a351f264c1bf769ae28a89f9b4fc7719fea501,"{""distance"":3,""physical_error_rate"":0.0005}","{""detection_events"":28665,""detectors_checked"":20846592,""obs_mistake_mask=E"":13}"
    428032,         0,         0,    16.2,decoder_by_matrix,beec9fd12293a9cfe53c9b61fb8ce2a525e4eed38fa75d132d6dc64699336876,"{""distance"":3,""physical_error_rate"":0.0001}","{""detection_events"":6306,""detectors_checked"":23113728}"
    385024,         5,         0,    16.2,decoder_by_matrix,5c8c81bfec719079c388cedc47a351f264c1bf769ae28a89f9b4fc7719fea501,"{""distance"":3,""physical_error_rate"":0.0005}","{""detection_events"":28578,""detectors_checked"":20791296,""obs_mistake_mask=E"":5}"
    429056,         0,         0,    16.2,decoder_by_matrix,beec9fd12293a9cfe53c9b61fb8ce2a525e4eed38fa75d132d6dc64699336876,"{""distance"":3,""physical_error_rate"":0.0001}","{""detection_events"":6366,""detectors_checked"":23169024}"
    504832,         0,         0,    16.1,decoder_by_matrix,36e3cd26fed5ec7649ec51fb08c1a5e7d7f30e615782d954fee045c18a4962ca,"{""distance"":3,""physical_error_rate"":5e-05}","{""detection_events"":4080,""detectors_checked"":27260928}"
   2785280,         0,         0,    85.9,decoder_by_matrix,36e3cd26fed5ec7649ec51fb08c1a5e7d7f30e615782d954fee045c18a4962ca,"{""distance"":3,""physical_error_rate"":5e-05}","{""detection_events"":20262,""detectors_checked"":150405120}"
   2075648,        33,         0,    86.1,decoder_by_matrix,5c8c81bfec719079c388cedc47a351f264c1bf769ae28a89f9b4fc7719fea501,"{""distance"":3,""physical_error_rate"":0.0005}","{""detection_events"":151899,""detectors_checked"":112084992,""obs_mistake_mask=E"":33}"
   2306048,         4,         0,    85.7,decoder_by_matrix,beec9fd12293a9cfe53c9b61fb8ce2a525e4eed38fa75d132d6dc64699336876,"{""distance"":3,""physical_error_rate"":0.0001}","{""detection_events"":34341,""detectors_checked"":124526592,""obs_mistake_mask=E"":4}"
   2307072,         0,         0,    86.5,decoder_by_matrix,beec9fd12293a9cfe53c9b61fb8ce2a525e4eed38fa75d132d6dc64699336876,"{""distance"":3,""physical_error_rate"":0.0001}","{""detection_events"":33417,""detectors_checked"":124581888}"
   2074624,        45,         0,    86.8,decoder_by_matrix,5c8c81bfec719079c388cedc47a351f264c1bf769ae28a89f9b4fc7719fea501,"{""distance"":3,""physical_error_rate"":0.0005}","{""detection_events"":151323,""detectors_checked"":112029696,""obs_mistake_mask=E"":45}"
    594944,         1,         0,    22.1,decoder_by_matrix,beec9fd12293a9cfe53c9b61fb8ce2a525e4eed38fa75d132d6dc64699336876,"{""distance"":3,""physical_error_rate"":0.0001}","{""detection_events"":8607,""detectors_checked"":32126976,""obs_mistake_mask=E"":1}"
    697344,         0,         0,    22.5,decoder_by_matrix,36e3cd26fed5ec7649ec51fb08c1a5e7d7f30e615782d954fee045c18a4962ca,"{""distance"":3,""physical_error_rate"":5e-05}","{""detection_events"":5538,""detectors_checked"":37656576}"
    737280,         0,         0,    22.1,decoder_by_matrix,36e3cd26fed5ec7649ec51fb08c1a5e7d7f30e615782d954fee045c18a4962ca,"{""distance"":3,""physical_error_rate"":5e-05}","{""detection_events"":5112,""detectors_checked"":39813120}"
    539648,         8,         0,    22.6,decoder_by_matrix,5c8c81bfec719079c388cedc47a351f264c1bf769ae28a89f9b4fc7719fea501,"{""distance"":3,""physical_error_rate"":0.0005}","{""detection_events"":39639,""detectors_checked"":29140992,""obs_mistake_mask=E"":8}"
    541696,         6,         0,    22.5,decoder_by_matrix,5c8c81bfec719079c388cedc47a351f264c1bf769ae28a89f9b4fc7719fea501,"{""distance"":3,""physical_error_rate"":0.0005}","{""detection_events"":38967,""detectors_checked"":29251584,""obs_mistake_mask=E"":6}"
    605184,         0,         0,    22.6,decoder_by_matrix,beec9fd12293a9cfe53c9b61fb8ce2a525e4eed38fa75d132d6dc64699336876,"{""distance"":3,""physical_error_rate"":0.0001}","{""detection_events"":9108,""detectors_checked"":32679936}"
    707584,         0,         0,    22.2,decoder_by_matrix,36e3cd26fed5ec7649ec51fb08c1a5e7d7f30e615782d954fee045c18a4962ca,"{""distance"":3,""physical_error_rate"":5e-05}","{""detection_events"":5493,""detectors_checked"":38209536}"
    609280,         0,         0,    22.5,decoder_by_matrix,beec9fd12293a9cfe53c9b61fb8ce2a525e4eed38fa75d132d6dc64699336876,"{""distance"":3,""physical_error_rate"":0.0001}","{""detection_events"":9318,""detectors_checked"":32901120}"
   3730432,         2,         0,   116.8,decoder_by_matrix,36e3cd26fed5ec7649ec51fb08c1a5e7d7f30e615782d954fee045c18a4962ca,"{""distance"":3,""physical_error_rate"":5e-05}","{""detection_events"":27108,""detectors_checked"":201443328,""obs_mistake_mask=E"":2}"
   3739648,         1,         0,   117.2,decoder_by_matrix,36e3cd26fed5ec7649ec51fb08c1a5e7d7f30e615782d954fee045c18a4962ca,"{""distance"":3,""physical_error_rate"":5e-05}","{""detection_events"":28137,""detectors_checked"":201940992,""obs_mistake_mask=E"":1}"
   3775488,         2,         0,   117.5,decoder_by_matrix,36e3cd26fed5ec7649ec51fb08c1a5e7d7f30e615782d954fee045c18a4962ca,"{""distance"":3,""physical_error_rate"":5e-05}","{""detection_events"":27849,""detectors_checked"":203876352,""obs_mistake_mask=E"":2}"
    852992,         0,         0,    30.7,decoder_by_matrix,beec9fd12293a9cfe53c9b61fb8ce2a525e4eed38fa75d132d6dc64699336876,"{""distance"":3,""physical_error_rate"":0.0001}","{""detection_events"":12108,""detectors_checked"":46061568}"
   1017856,         0,         0,    31.6,decoder_by_matrix,36e3cd26fed5ec7649ec51fb08c1a5e7d7f30e615782d954fee045c18a4962ca,"{""distance"":3,""physical_error_rate"":5e-05}","{""detection_events"":7254,""detectors_checked"":54964224}"
   1015808,         0,         0,    31.8,decoder_by_matrix,36e3cd26fed5ec7649ec51fb08c1a5e7d7f30e615782d954fee045c18a4962ca,"{""distance"":3,""physical_error_rate"":5e-05}","{""detection_events"":7479,""detectors_checked"":54853632}"
    756736,        13,         0,    31.7,decoder_by_matrix,5c8c81bfec719079c388cedc47a351f264c1bf769ae28a89f9b4fc7719fea501,"{""distance"":3,""physical_error_rate"":0.0005}","{""detection_events"":55005,""detectors_checked"":40863744,""obs_mistake_mask=E"":13}"
    755712,        18,         0,    31.4,decoder_by_matrix,5c8c81bfec719079c388cedc47a351f264c1bf769ae28a89f9b4fc7719fea501,"{""distance"":3,""physical_error_rate"":0.0005}","{""detection_events"":56454,""detectors_checked"":40808448,""obs_mistake_mask=E"":18}"
    848896,         1,         0,    31.3,decoder_by_matrix,beec9fd12293a9cfe53c9b61fb8ce2a525e4eed38fa75d132d6dc64699336876,"{""distance"":3,""physical_error_rate"":0.0001}","{""detection_events"":11835,""detectors_checked"":45840384,""obs_mistake_mask=E"":1}"
   1002496,         1,         0,    31.4,decoder_by_matrix,36e3cd26fed5ec7649ec51fb08c1a5e7d7f30e615782d954fee045c18a4962ca,"{""distance"":3,""physical_error_rate"":5e-05}","{""detection_events"":7305,""detectors_checked"":54134784,""obs_mistake_mask=E"":1}"
    843776,         1,         0,    31.5,decoder_by_matrix,beec9fd12293a9cfe53c9b61fb8ce2a525e4eed38fa75d132d6dc64699336876,"{""distance"":3,""physical_error_rate"":0.0001}","{""detection_events"":12396,""detectors_checked"":45563904,""obs_mistake_mask=E"":1}"
   2832384,        44,         0,   117.3,decoder_by_matrix,5c8c81bfec719079c388cedc47a351f264c1bf769ae28a89f9b4fc7719fea501,"{""distance"":3,""physical_error_rate"":0.0005}","{""detection_events"":208749,""detectors_checked"":152948736,""obs_mistake_mask=E"":44}"
   3168256,         2,         0,   117.6,decoder_by_matrix,beec9fd12293a9cfe53c9b61fb8ce2a525e4eed38fa75d132d6dc64699336876,"{""distance"":3,""physical_error_rate"":0.0001}","{""detection_events"":45198,""detectors_checked"":171085824,""obs_mistake_mask=E"":2}"
   2825216,        53,         0,   117.7,decoder_by_matrix,5c8c81bfec719079c388cedc47a351f264c1bf769ae28a89f9b4fc7719fea501,"{""distance"":3,""physical_error_rate"":0.0005}","{""detection_events"":206580,""detectors_checked"":152561664,""obs_mistake_mask=E"":53}"
   3162112,         3,         0,   117.3,decoder_by_matrix,beec9fd12293a9cfe53c9b61fb8ce2a525e4eed38fa75d132d6dc64699336876,"{""distance"":3,""physical_error_rate"":0.0001}","{""detection_events"":45846,""detectors_checked"":170754048,""obs_mistake_mask=E"":3}"
   3810304,         0,         0,   117.5,decoder_by_matrix,36e3cd26fed5ec7649ec51fb08c1a5e7d7f30e615782d954fee045c18a4962ca,"{""distance"":3,""physical_error_rate"":5e-05}","{""detection_events"":27489,""detectors_checked"":205756416}"
   1181696,         2,         0,    43.6,decoder_by_matrix,beec9fd12293a9cfe53c9b61fb8ce2a525e4eed38fa75d132d6dc64699336876,"{""distance"":3,""physical_error_rate"":0.0001}","{""detection_events"":18009,""detectors_checked"":63811584,""obs_mistake_mask=E"":2}"
   1447936,         0,         0,    43.8,decoder_by_matrix,36e3cd26fed5ec7649ec51fb08c1a5e7d7f30e615782d954fee045c18a4962ca,"{""distance"":3,""physical_error_rate"":5e-05}","{""detection_events"":10203,""detectors_checked"":78188544}"
   1422336,         0,         0,    44.4,decoder_by_matrix,36e3cd26fed5ec7649ec51fb08c1a5e7d7f30e615782d954fee045c18a4962ca,"{""distance"":3,""physical_error_rate"":5e-05}","{""detection_events"":10152,""detectors_checked"":76806144}"
   1060864,        11,         0,    44.3,decoder_by_matrix,5c8c81bfec719079c388cedc47a351f264c1bf769ae28a89f9b4fc7719fea501,"{""distance"":3,""physical_error_rate"":0.0005}","{""detection_events"":75747,""detectors_checked"":57286656,""obs_mistake_mask=E"":11}"
   1060864,        13,         0,    44.5,decoder_by_matrix,5c8c81bfec719079c388cedc47a351f264c1bf769ae28a89f9b4fc7719fea501,"{""distance"":3,""physical_error_rate"":0.0005}","{""detection_events"":76896,""detectors_checked"":57286656,""obs_mistake_mask=E"":13}"
   1429504,         1,         0,    43.6,decoder_by_matrix,36e3cd26fed5ec7649ec51fb08c1a5e7d7f30e615782d954fee045c18a4962ca,"{""distance"":3,""physical_error_rate"":5e-05}","{""detection_events"":10107,""detectors_checked"":77193216,""obs_mistake_mask=E"":1}"
   1190912,         0,         0,    44.0,decoder_by_matrix,beec9fd12293a9cfe53c9b61fb8ce2a525e4eed38fa75d132d6dc64699336876,"{""distance"":3,""physical_error_rate"":0.0001}","{""detection_events"":17295,""detectors_checked"":64309248}"
   1193984,         0,         0,    43.9,decoder_by_matrix,beec9fd12293a9cfe53c9b61fb8ce2a525e4eed38fa75d132d6dc64699336876,"{""distance"":3,""physical_error_rate"":0.0001}","{""detection_events"":17109,""detectors_checked"":64475136}"
   2803712,        55,         0,   117.1,decoder_by_matrix,5c8c81bfec719079c388cedc47a351f264c1bf769ae28a89f9b4fc7719fea501,"{""distance"":3,""physical_error_rate"":0.0005}","{""detection_events"":207783,""detectors_checked"":151400448,""obs_mistake_mask=E"":55}"
   2836480,        58,         0,   116.9,decoder_by_matrix,5c8c81bfec719079c388cedc47a351f264c1bf769ae28a89f9b4fc7719fea501,"{""distance"":3,""physical_error_rate"":0.0005}","{""detection_events"":206145,""detectors_checked"":153169920,""obs_mistake_mask=E"":58}"
   3179520,         0,         0,   118.0,decoder_by_matrix,beec9fd12293a9cfe53c9b61fb8ce2a525e4eed38fa75d132d6dc64699336876,"{""distance"":3,""physical_error_rate"":0.0001}","{""detection_events"":46275,""detectors_checked"":171694080}"
   3814400,         0,         0,   117.9,decoder_by_matrix,36e3cd26fed5ec7649ec51fb08c1a5e7d7f30e615782d954fee045c18a4962ca,"{""distance"":3,""physical_error_rate"":5e-05}","{""detection_events"":26430,""detectors_checked"":205977600}"
   3135488,         4,         0,   117.6,decoder_by_matrix,beec9fd12293a9cfe53c9b61fb8ce2a525e4eed38fa75d132d6dc64699336876,"{""distance"":3,""physical_error_rate"":0.0001}","{""detection_events"":46098,""detectors_checked"":169316352,""obs_mistake_mask=E"":4}"
   2845696,        54,         0,   117.7,decoder_by_matrix,5c8c81bfec719079c388cedc47a351f264c1bf769ae28a89f9b4fc7719fea501,"{""distance"":3,""physical_error_rate"":0.0005}","{""detection_events"":208719,""detectors_checked"":153667584,""obs_mistake_mask=E"":54}"
   3739648,         0,         0,   117.0,decoder_by_matrix,36e3cd26fed5ec7649ec51fb08c1a5e7d7f30e615782d954fee045c18a4962ca,"{""distance"":3,""physical_error_rate"":5e-05}","{""detection_events"":28242,""detectors_checked"":201940992}"
   3703808,         1,         0,   116.9,decoder_by_matrix,36e3cd26fed5ec7649ec51fb08c1a5e7d7f30e615782d954fee045c18a4962ca,"{""distance"":3,""physical_error_rate"":5e-05}","{""detection_events"":27999,""detectors_checked"":200005632,""obs_mistake_mask=E"":1}"
   3136512,         4,         0,   117.9,decoder_by_matrix,beec9fd12293a9cfe53c9b61fb8ce2a525e4eed38fa75d132d6dc64699336876,"{""distance"":3,""physical_error_rate"":0.0001}","{""detection_events"":45468,""detectors_checked"":169371648,""obs_mistake_mask=E"":4}"
   2824192,        55,         0,   118.9,decoder_by_matrix,5c8c81bfec719079c388cedc47a351f264c1bf769ae28a89f9b4fc7719fea501,"{""distance"":3,""physical_error_rate"":0.0005}","{""detection_events"":207192,""detectors_checked"":152506368,""obs_mistake_mask=E"":55}"
   3165184,         3,         0,   118.0,decoder_by_matrix,beec9fd12293a9cfe53c9b61fb8ce2a525e4eed38fa75d132d6dc64699336876,"{""distance"":3,""physical_error_rate"":0.0001}","{""detection_events"":47088,""detectors_checked"":170919936,""obs_mistake_mask=E"":3}"
   3768320,         1,         0,   117.7,decoder_by_matrix,36e3cd26fed5ec7649ec51fb08c1a5e7d7f30e615782d954fee045c18a4962ca,"{""distance"":3,""physical_error_rate"":5e-05}","{""detection_events"":28005,""detectors_checked"":203489280,""obs_mistake_mask=E"":1}"
   2829312,        59,         0,   117.2,decoder_by_matrix,5c8c81bfec719079c388cedc47a351f264c1bf769ae28a89f9b4fc7719fea501,"{""distance"":3,""physical_error_rate"":0.0005}","{""detection_events"":206799,""detectors_checked"":152782848,""obs_mistake_mask=E"":59}"
   3138560,         2,         0,   116.8,decoder_by_matrix,beec9fd12293a9cfe53c9b61fb8ce2a525e4eed38fa75d132d6dc64699336876,"{""distance"":3,""physical_error_rate"":0.0001}","{""detection_events"":45873,""detectors_checked"":169482240,""obs_mistake_mask=E"":2}"
   3176448,         1,         0,   117.2,decoder_by_matrix,beec9fd12293a9cfe53c9b61fb8ce2a525e4eed38fa75d132d6dc64699336876,"{""distance"":3,""physical_error_rate"":0.0001}","{""detection_events"":46662,""detectors_checked"":171528192,""obs_mistake_mask=E"":1}"
   2822144,        62,         0,   117.6,decoder_by_matrix,5c8c81bfec719079c388cedc47a351f264c1bf769ae28a89f9b4fc7719fea501,"{""distance"":3,""physical_error_rate"":0.0005}","{""detection_events"":206367,""detectors_checked"":152395776,""obs_mistake_mask=E"":62}"
   3730432,         0,         0,   118.0,decoder_by_matrix,36e3cd26fed5ec7649ec51fb08c1a5e7d7f30e615782d954fee045c18a4962ca,"{""distance"":3,""physical_error_rate"":5e-05}","{""detection_events"":27030,""detectors_checked"":201443328}"
   3760128,         1,         0,   117.2,decoder_by_matrix,36e3cd26fed5ec7649ec51fb08c1a5e7d7f30e615782d954fee045c18a4962ca,"{""distance"":3,""physical_error_rate"":5e-05}","{""detection_events"":28053,""detectors_checked"":203046912,""obs_mistake_mask=E"":1}"
   3826688,         0,         0,   116.6,decoder_by_matrix,36e3cd26fed5ec7649ec51fb08c1a5e7d7f30e615782d954fee045c18a4962ca,"{""distance"":3,""physical_error_rate"":5e-05}","{""detection_events"":27078,""detectors_checked"":206641152}"
   1666048,         1,         0,    62.1,decoder_by_matrix,beec9fd12293a9cfe53c9b61fb8ce2a525e4eed38fa75d132d6dc64699336876,"{""distance"":3,""physical_error_rate"":0.0001}","{""detection_events"":23943,""detectors_checked"":89966592,""obs_mistake_mask=E"":1}"
   1997824,         0,         0,    62.1,decoder_by_matrix,36e3cd26fed5ec7649ec51fb08c1a5e7d7f30e615782d954fee045c18a4962ca,"{""distance"":3,""physical_error_rate"":5e-05}","{""detection_events"":14409,""detectors_checked"":107882496}"
   1959936,         1,         0,    60.5,decoder_by_matrix,36e3cd26fed5ec7649ec51fb08c1a5e7d7f30e615782d954fee045c18a4962ca,"{""distance"":3,""physical_error_rate"":5e-05}","{""detection_events"":15024,""detectors_checked"":105836544,""obs_mistake_mask=E"":1}"
   1481728,        20,         0,    61.1,decoder_by_matrix,5c8c81bfec719079c388cedc47a351f264c1bf769ae28a89f9b4fc7719fea501,"{""distance"":3,""physical_error_rate"":0.0005}","{""detection_events"":108873,""detectors_checked"":80013312,""obs_mistake_mask=E"":20}"
   1651712,         1,         0,    60.7,decoder_by_matrix,beec9fd12293a9cfe53c9b61fb8ce2a525e4eed38fa75d132d6dc64699336876,"{""distance"":3,""physical_error_rate"":0.0001}","{""detection_events"":24567,""detectors_checked"":89192448,""obs_mistake_mask=E"":1}"
   1482752,        27,         0,    61.4,decoder_by_matrix,5c8c81bfec719079c388cedc47a351f264c1bf769ae28a89f9b4fc7719fea501,"{""distance"":3,""physical_error_rate"":0.0005}","{""detection_events"":106698,""detectors_checked"":80068608,""obs_mistake_mask=E"":27}"
   1991680,         0,         0,    61.3,decoder_by_matrix,36e3cd26fed5ec7649ec51fb08c1a5e7d7f30e615782d954fee045c18a4962ca,"{""distance"":3,""physical_error_rate"":5e-05}","{""detection_events"":14220,""detectors_checked"":107550720}"
   1668096,         1,         0,    61.2,decoder_by_matrix,beec9fd12293a9cfe53c9b61fb8ce2a525e4eed38fa75d132d6dc64699336876,"{""distance"":3,""physical_error_rate"":0.0001}","{""detection_events"":24423,""detectors_checked"":90077184,""obs_mistake_mask=E"":1}"
   2833408,        47,         0,   117.0,decoder_by_matrix,5c8c81bfec719079c388cedc47a351f264c1bf769ae28a89f9b4fc7719fea501,"{""distance"":3,""physical_error_rate"":0.0005}","{""detection_events"":207846,""detectors_checked"":153004032,""obs_mistake_mask=E"":47}"
   2825216,        53,         0,   117.9,decoder_by_matrix,5c8c81bfec719079c388cedc47a351f264c1bf769ae28a89f9b4fc7719fea501,"{""distance"":3,""physical_error_rate"":0.0005}","{""detection_events"":207981,""detectors_checked"":152561664,""obs_mistake_mask=E"":53}"
   3149824,         2,         0,   116.8,decoder_by_matrix,beec9fd12293a9cfe53c9b61fb8ce2a525e4eed38fa75d132d6dc64699336876,"{""distance"":3,""physical_error_rate"":0.0001}","{""detection_events"":46566,""detectors_checked"":170090496,""obs_mistake_mask=E"":2}"
   3146752,         4,         0,   116.8,decoder_by_matrix,beec9fd12293a9cfe53c9b61fb8ce2a525e4eed38fa75d132d6dc64699336876,"{""distance"":3,""physical_error_rate"":0.0001}","{""detection_events"":45774,""detectors_checked"":169924608,""obs_mistake_mask=E"":4}"
   3771392,         1,         0,   117.1,decoder_by_matrix,36e3cd26fed5ec7649ec51fb08c1a5e7d7f30e615782d954fee045c18a4962ca,"{""distance"":3,""physical_error_rate"":5e-05}","{""detection_events"":27315,""detectors_checked"":203655168,""obs_mistake_mask=E"":1}"
   2820096,        47,         0,   118.0,decoder_by_matrix,5c8c81bfec719079c388cedc47a351f264c1bf769ae28a89f9b4fc7719fea501,"{""distance"":3,""physical_error_rate"":0.0005}","{""detection_events"":203292,""detectors_checked"":152285184,""obs_mistake_mask=E"":47}"
   2834432,        43,         0,   117.8,decoder_by_matrix,5c8c81bfec719079c388cedc47a351f264c1bf769ae28a89f9b4fc7719fea501,"{""distance"":3,""physical_error_rate"":0.0005}","{""detection_events"":206685,""detectors_checked"":153059328,""obs_mistake_mask=E"":43}"
   3173376,         1,         0,   117.6,decoder_by_matrix,beec9fd12293a9cfe53c9b61fb8ce2a525e4eed38fa75d132d6dc64699336876,"{""distance"":3,""physical_error_rate"":0.0001}","{""detection_events"":45219,""detectors_checked"":171362304,""obs_mistake_mask=E"":1}"
   3737600,         0,         0,   115.3,decoder_by_matrix,36e3cd26fed5ec7649ec51fb08c1a5e7d7f30e615782d954fee045c18a4962ca,"{""distance"":3,""physical_error_rate"":5e-05}","{""detection_events"":27789,""detectors_checked"":201830400}"
   3155968,         3,         0,   117.9,decoder_by_matrix,beec9fd12293a9cfe53c9b61fb8ce2a525e4eed38fa75d132d6dc64699336876,"{""distance"":3,""physical_error_rate"":0.0001}","{""detection_events"":45309,""detectors_checked"":170422272,""obs_mistake_mask=E"":3}"
   3776512,         2,         0,   117.6,decoder_by_matrix,36e3cd26fed5ec7649ec51fb08c1a5e7d7f30e615782d954fee045c18a4962ca,"{""distance"":3,""physical_error_rate"":5e-05}","{""detection_events"":27516,""detectors_checked"":203931648,""obs_mistake_mask=E"":2}"
   2844672,        51,         0,   117.2,decoder_by_matrix,5c8c81bfec719079c388cedc47a351f264c1bf769ae28a89f9b4fc7719fea501,"{""distance"":3,""physical_error_rate"":0.0005}","{""detection_events"":209997,""detectors_checked"":153612288,""obs_mistake_mask=E"":51}"
   3817472,         0,         0,   116.7,decoder_by_matrix,36e3cd26fed5ec7649ec51fb08c1a5e7d7f30e615782d954fee045c18a4962ca,"{""distance"":3,""physical_error_rate"":5e-05}","{""detection_events"":27003,""detectors_checked"":206143488}"
   3115008,         5,         0,   117.2,decoder_by_matrix,beec9fd12293a9cfe53c9b61fb8ce2a525e4eed38fa75d132d6dc64699336876,"{""distance"":3,""physical_error_rate"":0.0001}","{""detection_events"":45951,""detectors_checked"":168210432,""obs_mistake_mask=E"":5}"
   2821120,        59,         0,   117.8,decoder_by_matrix,5c8c81bfec719079c388cedc47a351f264c1bf769ae28a89f9b4fc7719fea501,"{""distance"":3,""physical_error_rate"":0.0005}","{""detection_events"":209496,""detectors_checked"":152340480,""obs_mistake_mask=E"":59}"
   3167232,         4,         0,   117.7,decoder_by_matrix,beec9fd12293a9cfe53c9b61fb8ce2a525e4eed38fa75d132d6dc64699336876,"{""distance"":3,""physical_error_rate"":0.0001}","{""detection_events"":46683,""detectors_checked"":171030528,""obs_mistake_mask=E"":4}"
   2315264,         1,         0,    86.9,decoder_by_matrix,beec9fd12293a9cfe53c9b61fb8ce2a525e4eed38fa75d132d6dc64699336876,"{""distance"":3,""physical_error_rate"":0.0001}","{""detection_events"":33354,""detectors_checked"":125024256,""obs_mistake_mask=E"":1}"
   2779136,         0,         0,    85.6,decoder_by_matrix,36e3cd26fed5ec7649ec51fb08c1a5e7d7f30e615782d954fee045c18a4962ca,"{""distance"":3,""physical_error_rate"":5e-05}","{""detection_events"":20445,""detectors_checked"":150073344}"
   2776064,         0,         0,    86.2,decoder_by_matrix,36e3cd26fed5ec7649ec51fb08c1a5e7d7f30e615782d954fee045c18a4962ca,"{""distance"":3,""physical_error_rate"":5e-05}","{""detection_events"":19605,""detectors_checked"":149907456}"
   2069504,        42,         0,    87.0,decoder_by_matrix,5c8c81bfec719079c388cedc47a351f264c1bf769ae28a89f9b4fc7719fea501,"{""distance"":3,""physical_error_rate"":0.0005}","{""detection_events"":151647,""detectors_checked"":111753216,""obs_mistake_mask=E"":42}"
   2310144,         3,         0,    86.2,decoder_by_matrix,beec9fd12293a9cfe53c9b61fb8ce2a525e4eed38fa75d132d6dc64699336876,"{""distance"":3,""physical_error_rate"":0.0001}","{""detection_events"":34839,""detectors_checked"":124747776,""obs_mistake_mask=E"":3}"
   2074624,        32,         0,    86.1,decoder_by_matrix,5c8c81bfec719079c388cedc47a351f264c1bf769ae28a89f9b4fc7719fea501,"{""distance"":3,""physical_error_rate"":0.0005}","{""detection_events"":150954,""detectors_checked"":112029696,""obs_mistake_mask=E"":32}"
   2327552,         2,         0,    86.1,decoder_by_matrix,beec9fd12293a9cfe53c9b61fb8ce2a525e4eed38fa75d132d6dc64699336876,"{""distance"":3,""physical_error_rate"":0.0001}","{""detection_events"":33483,""detectors_checked"":125687808,""obs_mistake_mask=E"":2}"
   2780160,         0,         0,    85.2,decoder_by_matrix,36e3cd26fed5ec7649ec51fb08c1a5e7d7f30e615782d954fee045c18a4962ca,"{""distance"":3,""physical_error_rate"":5e-05}","{""detection_events"":20196,""detectors_checked"":150128640}"
   3779584,         0,         0,   116.7,decoder_by_matrix,36e3cd26fed5ec7649ec51fb08c1a5e7d7f30e615782d954fee045c18a4962ca,"{""distance"":3,""physical_error_rate"":5e-05}","{""detection_events"":27138,""detectors_checked"":204097536}"
   2830336,        39,         0,   117.8,decoder_by_matrix,5c8c81bfec719079c388cedc47a351f264c1bf769ae28a89f9b4fc7719fea501,"{""distance"":3,""physical_error_rate"":0.0005}","{""detection_events"":203832,""detectors_checked"":152838144,""obs_mistake_mask=E"":39}"
   3119104,         1,         0,   116.9,decoder_by_matrix,beec9fd12293a9cfe53c9b61fb8ce2a525e4eed38fa75d132d6dc64699336876,"{""distance"":3,""physical_error_rate"":0.0001}","{""detection_events"":45909,""detectors_checked"":168431616,""obs_mistake_mask=E"":1}"
   3163136,         2,         0,   118.3,decoder_by_matrix,beec9fd12293a9cfe53c9b61fb8ce2a525e4eed38fa75d132d6dc64699336876,"{""distance"":3,""physical_error_rate"":0.0001}","{""detection_events"":46110,""detectors_checked"":170809344,""obs_mistake_mask=E"":2}"
   2821120,        55,         0,   116.6,decoder_by_matrix,5c8c81bfec719079c388cedc47a351f264c1bf769ae28a89f9b4fc7719fea501,"{""distance"":3,""physical_error_rate"":0.0005}","{""detection_events"":205452,""detectors_checked"":152340480,""obs_mistake_mask=E"":55}"
   3715072,         1,         0,   117.7,decoder_by_matrix,36e3cd26fed5ec7649ec51fb08c1a5e7d7f30e615782d954fee045c18a4962ca,"{""distance"":3,""physical_error_rate"":5e-05}","{""detection_events"":27060,""detectors_checked"":200613888,""obs_mistake_mask=E"":1}"
   3804160,         0,         0,   117.0,decoder_by_matrix,36e3cd26fed5ec7649ec51fb08c1a5e7d7f30e615782d954fee045c18a4962ca,"{""distance"":3,""physical_error_rate"":5e-05}","{""detection_events"":27126,""detectors_checked"":205424640}"
   3779584,         2,         0,   116.6,decoder_by_matrix,36e3cd26fed5ec7649ec51fb08c1a5e7d7f30e615782d954fee045c18a4962ca,"{""distance"":3,""physical_error_rate"":5e-05}","{""detection_events"":27057,""detectors_checked"":204097536,""obs_mistake_mask=E"":2}"
   2830336,        54,         0,   117.5,decoder_by_matrix,5c8c81bfec719079c388cedc47a351f264c1bf769ae28a89f9b4fc7719fea501,"{""distance"":3,""physical_error_rate"":0.0005}","{""detection_events"":210030,""detectors_checked"":152838144,""obs_mistake_mask=E"":54}"
   2825216,        51,         0,   117.9,decoder_by_matrix,5c8c81bfec719079c388cedc47a351f264c1bf769ae28a89f9b4fc7719fea501,"{""distance"":3,""physical_error_rate"":0.0005}","{""detection_events"":205686,""detectors_checked"":152561664,""obs_mistake_mask=E"":51}"
   3130368,         3,         0,   117.3,decoder_by_matrix,beec9fd12293a9cfe53c9b61fb8ce2a525e4eed38fa75d132d6dc64699336876,"{""distance"":3,""physical_error_rate"":0.0001}","{""detection_events"":45930,""detectors_checked"":169039872,""obs_mistake_mask=E"":3}"
   3138560,         2,         0,   115.8,decoder_by_matrix,beec9fd12293a9cfe53c9b61fb8ce2a525e4eed38fa75d132d6dc64699336876,"{""distance"":3,""physical_error_rate"":0.0001}","{""detection_events"":45828,""detectors_checked"":169482240,""obs_mistake_mask=E"":2}"
   3780608,         0,         0,   117.2,decoder_by_matrix,36e3cd26fed5ec7649ec51fb08c1a5e7d7f30e615782d954fee045c18a4962ca,"{""distance"":3,""physical_error_rate"":5e-05}","{""detection_events"":27894,""detectors_checked"":204152832}"
   2817024,        44,         0,   117.2,decoder_by_matrix,5c8c81bfec719079c388cedc47a351f264c1bf769ae28a89f9b4fc7719fea501,"{""distance"":3,""physical_error_rate"":0.0005}","{""detection_events"":205425,""detectors_checked"":152119296,""obs_mistake_mask=E"":44}"
   2833408,        45,         0,   118.2,decoder_by_matrix,5c8c81bfec719079c388cedc47a351f264c1bf769ae28a89f9b4fc7719fea501,"{""distance"":3,""physical_error_rate"":0.0005}","{""detection_events"":205014,""detectors_checked"":153004032,""obs_mistake_mask=E"":45}"
   3145728,         4,         0,   116.8,decoder_by_matrix,beec9fd12293a9cfe53c9b61fb8ce2a525e4eed38fa75d132d6dc64699336876,"{""distance"":3,""physical_error_rate"":0.0001}","{""detection_events"":46149,""detectors_checked"":169869312,""obs_mistake_mask=E"":4}"
   3799040,         1,         0,   118.2,decoder_by_matrix,36e3cd26fed5ec7649ec51fb08c1a5e7d7f30e615782d954fee045c18a4962ca,"{""distance"":3,""physical_error_rate"":5e-05}","{""detection_events"":27009,""detectors_checked"":205148160,""obs_mistake_mask=E"":1}"
   3158016,         1,         0,   118.1,decoder_by_matrix,beec9fd12293a9cfe53c9b61fb8ce2a525e4eed38fa75d132d6dc64699336876,"{""distance"":3,""physical_error_rate"":0.0001}","{""detection_events"":46131,""detectors_checked"":170532864,""obs_mistake_mask=E"":1}"
   3786752,         2,         0,   116.9,decoder_by_matrix,36e3cd26fed5ec7649ec51fb08c1a5e7d7f30e615782d954fee045c18a4962ca,"{""distance"":3,""physical_error_rate"":5e-05}","{""detection_events"":26340,""detectors_checked"":204484608,""obs_mistake_mask=E"":2}"
   2842624,        43,         0,   117.3,decoder_by_matrix,5c8c81bfec719079c388cedc47a351f264c1bf769ae28a89f9b4fc7719fea501,"{""distance"":3,""physical_error_rate"":0.0005}","{""detection_events"":206217,""detectors_checked"":153501696,""obs_mistake_mask=E"":43}"
   3788800,         1,         0,   115.2,decoder_by_matrix,36e3cd26fed5ec7649ec51fb08c1a5e7d7f30e615782d954fee045c18a4962ca,"{""distance"":3,""physical_error_rate"":5e-05}","{""detection_events"":27396,""detectors_checked"":204595200,""obs_mistake_mask=E"":1}"
   3128320,         2,         0,   117.5,decoder_by_matrix,beec9fd12293a9cfe53c9b61fb8ce2a525e4eed38fa75d132d6dc64699336876,"{""distance"":3,""physical_error_rate"":0.0001}","{""detection_events"":46380,""detectors_checked"":168929280,""obs_mistake_mask=E"":2}"
   2825216,        45,         0,   116.1,decoder_by_matrix,5c8c81bfec719079c388cedc47a351f264c1bf769ae28a89f9b4fc7719fea501,"{""distance"":3,""physical_error_rate"":0.0005}","{""detection_events"":204027,""detectors_checked"":152561664,""obs_mistake_mask=E"":45}"
   3177472,         1,         0,   118.6,decoder_by_matrix,beec9fd12293a9cfe53c9b61fb8ce2a525e4eed38fa75d132d6dc64699336876,"{""distance"":3,""physical_error_rate"":0.0001}","{""detection_events"":45732,""detectors_checked"":171583488,""obs_mistake_mask=E"":1}"
   3169280,         2,         0,   118.1,decoder_by_matrix,beec9fd12293a9cfe53c9b61fb8ce2a525e4eed38fa75d132d6dc64699336876,"{""distance"":3,""physical_error_rate"":0.0001}","{""detection_events"":46101,""detectors_checked"":171141120,""obs_mistake_mask=E"":2}"
   3785728,         1,         0,   117.2,decoder_by_matrix,36e3cd26fed5ec7649ec51fb08c1a5e7d7f30e615782d954fee045c18a4962ca,"{""distance"":3,""physical_error_rate"":5e-05}","{""detection_events"":27840,""detectors_checked"":204429312,""obs_mistake_mask=E"":1}"
   3744768,         0,         0,   117.5,decoder_by_matrix,36e3cd26fed5ec7649ec51fb08c1a5e7d7f30e615782d954fee045c18a4962ca,"{""distance"":3,""physical_error_rate"":5e-05}","{""detection_events"":28665,""detectors_checked"":202217472}"
   2823168,        53,         0,   118.2,decoder_by_matrix,5c8c81bfec719079c388cedc47a351f264c1bf769ae28a89f9b4fc7719fea501,"{""distance"":3,""physical_error_rate"":0.0005}","{""detection_events"":207015,""detectors_checked"":152451072,""obs_mistake_mask=E"":53}"
   3156992,         2,         0,   116.8,decoder_by_matrix,beec9fd12293a9cfe53c9b61fb8ce2a525e4eed38fa75d132d6dc64699336876,"{""distance"":3,""physical_error_rate"":0.0001}","{""detection_events"":45870,""detectors_checked"":170477568,""obs_mistake_mask=E"":2}"
   2817024,        46,         0,   117.3,decoder_by_matrix,5c8c81bfec719079c388cedc47a351f264c1bf769ae28a89f9b4fc7719fea501,"{""distance"":3,""physical_error_rate"":0.0005}","{""detection_events"":206712,""detectors_checked"":152119296,""obs_mistake_mask=E"":46}"
   3167232,         2,         0,   117.9,decoder_by_matrix,beec9fd12293a9cfe53c9b61fb8ce2a525e4eed38fa75d132d6dc64699336876,"{""distance"":3,""physical_error_rate"":0.0001}","{""detection_events"":45909,""detectors_checked"":171030528,""obs_mistake_mask=E"":2}"
   3759104,         3,         0,   116.5,decoder_by_matrix,36e3cd26fed5ec7649ec51fb08c1a5e7d7f30e615782d954fee045c18a4962ca,"{""distance"":3,""physical_error_rate"":5e-05}","{""detection_events"":27573,""detectors_checked"":202991616,""obs_mistake_mask=E"":3}"
   2827264,        40,         0,   117.4,decoder_by_matrix,5c8c81bfec719079c388cedc47a351f264c1bf769ae28a89f9b4fc7719fea501,"{""distance"":3,""physical_error_rate"":0.0005}","{""detection_events"":206958,""detectors_checked"":152672256,""obs_mistake_mask=E"":40}"
   3775488,         1,         0,   117.3,decoder_by_matrix,36e3cd26fed5ec7649ec51fb08c1a5e7d7f30e615782d954fee045c18a4962ca,"{""distance"":3,""physical_error_rate"":5e-05}","{""detection_events"":27012,""detectors_checked"":203876352,""obs_mistake_mask=E"":1}"
   3127296,         0,         0,   117.9,decoder_by_matrix,beec9fd12293a9cfe53c9b61fb8ce2a525e4eed38fa75d132d6dc64699336876,"{""distance"":3,""physical_error_rate"":0.0001}","{""detection_events"":44991,""detectors_checked"":168873984}"
   3168256,         1,         0,   117.0,decoder_by_matrix,beec9fd12293a9cfe53c9b61fb8ce2a525e4eed38fa75d132d6dc64699336876,"{""distance"":3,""physical_error_rate"":0.0001}","{""detection_events"":46395,""detectors_checked"":171085824,""obs_mistake_mask=E"":1}"
   2821120,        62,         0,   116.8,decoder_by_matrix,5c8c81bfec719079c388cedc47a351f264c1bf769ae28a89f9b4fc7719fea501,"{""distance"":3,""physical_error_rate"":0.0005}","{""detection_events"":205647,""detectors_checked"":152340480,""obs_mistake_mask=E"":62}"
   3733504,         2,         0,   116.5,decoder_by_matrix,36e3cd26fed5ec7649ec51fb08c1a5e7d7f30e615782d954fee045c18a4962ca,"{""distance"":3,""physical_error_rate"":5e-05}","{""detection_events"":26793,""detectors_checked"":201609216,""obs_mistake_mask=E"":2}"
   3764224,         1,         0,   117.5,decoder_by_matrix,36e3cd26fed5ec7649ec51fb08c1a5e7d7f30e615782d954fee045c18a4962ca,"{""distance"":3,""physical_error_rate"":5e-05}","{""detection_events"":27279,""detectors_checked"":203268096,""obs_mistake_mask=E"":1}"
   3763200,         1,         0,   117.3,decoder_by_matrix,36e3cd26fed5ec7649ec51fb08c1a5e7d7f30e615782d954fee045c18a4962ca,"{""distance"":3,""physical_error_rate"":5e-05}","{""detection_events"":27528,""detectors_checked"":203212800,""obs_mistake_mask=E"":1}"
   2832384,        56,         0,   118.3,decoder_by_matrix,5c8c81bfec719079c388cedc47a351f264c1bf769ae28a89f9b4fc7719fea501,"{""distance"":3,""physical_error_rate"":0.0005}","{""detection_events"":204552,""detectors_checked"":152948736,""obs_mistake_mask=E"":56}"
   2827264,        41,         0,   117.0,decoder_by_matrix,5c8c81bfec719079c388cedc47a351f264c1bf769ae28a89f9b4fc7719fea501,"{""distance"":3,""physical_error_rate"":0.0005}","{""detection_events"":205932,""detectors_checked"":152672256,""obs_mistake_mask=E"":41}"
   3155968,         5,         0,   116.7,decoder_by_matrix,beec9fd12293a9cfe53c9b61fb8ce2a525e4eed38fa75d132d6dc64699336876,"{""distance"":3,""physical_error_rate"":0.0001}","{""detection_events"":45324,""detectors_checked"":170422272,""obs_mistake_mask=E"":5}"
   3130368,         4,         0,   117.4,decoder_by_matrix,beec9fd12293a9cfe53c9b61fb8ce2a525e4eed38fa75d132d6dc64699336876,"{""distance"":3,""physical_error_rate"":0.0001}","{""detection_events"":45540,""detectors_checked"":169039872,""obs_mistake_mask=E"":4}"
   3794944,         1,         0,   117.0,decoder_by_matrix,36e3cd26fed5ec7649ec51fb08c1a5e7d7f30e615782d954fee045c18a4962ca,"{""distance"":3,""physical_error_rate"":5e-05}","{""detection_events"":28110,""detectors_checked"":204926976,""obs_mistake_mask=E"":1}"
   2817024,        66,         0,   117.0,decoder_by_matrix,5c8c81bfec719079c388cedc47a351f264c1bf769ae28a89f9b4fc7719fea501,"{""distance"":3,""physical_error_rate"":0.0005}","{""detection_events"":205767,""detectors_checked"":152119296,""obs_mistake_mask=E"":66}"
   3160064,         1,         0,   118.3,decoder_by_matrix,beec9fd12293a9cfe53c9b61fb8ce2a525e4eed38fa75d132d6dc64699336876,"{""distance"":3,""physical_error_rate"":0.0001}","{""detection_events"":46332,""detectors_checked"":170643456,""obs_mistake_mask=E"":1}"
   2838528,        43,         0,   117.0,decoder_by_matrix,5c8c81bfec719079c388cedc47a351f264c1bf769ae28a89f9b4fc7719fea501,"{""distance"":3,""physical_error_rate"":0.0005}","{""detection_events"":209523,""detectors_checked"":153280512,""obs_mistake_mask=E"":43}"
   3738624,         1,         0,   116.3,decoder_by_matrix,36e3cd26fed5ec7649ec51fb08c1a5e7d7f30e615782d954fee045c18a4962ca,"{""distance"":3,""physical_error_rate"":5e-05}","{""detection_events"":28281,""detectors_checked"":201885696,""obs_mistake_mask=E"":1}"
   3158016,         4,         0,   118.1,decoder_by_matrix,beec9fd12293a9cfe53c9b61fb8ce2a525e4eed38fa75d132d6dc64699336876,"{""distance"":3,""physical_error_rate"":0.0001}","{""detection_events"":45681,""detectors_checked"":170532864,""obs_mistake_mask=E"":4}"
   3716096,         0,         0,   118.1,decoder_by_matrix,36e3cd26fed5ec7649ec51fb08c1a5e7d7f30e615782d954fee045c18a4962ca,"{""distance"":3,""physical_error_rate"":5e-05}","{""detection_events"":28311,""detectors_checked"":200669184}"
   2845696,        63,         0,   117.8,decoder_by_matrix,5c8c81bfec719079c388cedc47a351f264c1bf769ae28a89f9b4fc7719fea501,"{""distance"":3,""physical_error_rate"":0.0005}","{""detection_events"":208134,""detectors_checked"":153667584,""obs_mistake_mask=E"":63}"
   3759104,         0,         0,   117.5,decoder_by_matrix,36e3cd26fed5ec7649ec51fb08c1a5e7d7f30e615782d954fee045c18a4962ca,"{""distance"":3,""physical_error_rate"":5e-05}","{""detection_events"":27153,""detectors_checked"":202991616}"
   3139584,         4,         0,   117.6,decoder_by_matrix,beec9fd12293a9cfe53c9b61fb8ce2a525e4eed38fa75d132d6dc64699336876,"{""distance"":3,""physical_error_rate"":0.0001}","{""detection_events"":45813,""detectors_checked"":169537536,""obs_mistake_mask=E"":4}"
   2826240,        63,         0,   117.6,decoder_by_matrix,5c8c81bfec719079c388cedc47a351f264c1bf769ae28a89f9b4fc7719fea501,"{""distance"":3,""physical_error_rate"":0.0005}","{""detection_events"":206574,""detectors_checked"":152616960,""obs_mistake_mask=E"":63}"
   1185792,        23,         0,    48.9,decoder_by_matrix,5c8c81bfec719079c388cedc47a351f264c1bf769ae28a89f9b4fc7719fea501,"{""distance"":3,""physical_error_rate"":0.0005}","{""detection_events"":87300,""detectors_checked"":64032768,""obs_mistake_mask=E"":23}"
   2404352,        36,         0,    99.7,decoder_by_matrix,5c8c81bfec719079c388cedc47a351f264c1bf769ae28a89f9b4fc7719fea501,"{""distance"":3,""physical_error_rate"":0.0005}","{""detection_events"":176970,""detectors_checked"":129835008,""obs_mistake_mask=E"":36}"
      6144,         0,         0,   0.265,decoder_by_matrix,5c8c81bfec719079c388cedc47a351f264c1bf769ae28a89f9b4fc7719fea501,"{""distance"":3,""physical_error_rate"":0.0005}","{""detection_events"":546,""detectors_checked"":331776}"
   2489344,        41,         0,   103.5,decoder_by_matrix,5c8c81bfec719079c388cedc47a351f264c1bf769ae28a89f9b4fc7719fea501,"{""distance"":3,""physical_error_rate"":0.0005}","{""detection_events"":181110,""detectors_checked"":134424576,""obs_mistake_mask=E"":41}"
     38912,         2,         0,    1.66,decoder_by_matrix,5c8c81bfec719079c388cedc47a351f264c1bf769ae28a89f9b4fc7719fea501,"{""distance"":3,""physical_error_rate"":0.0005}","{""detection_events"":2916,""detectors_checked"":2101248,""obs_mistake_mask=E"":2}"
   1195008,        22,         0,    49.1,decoder_by_matrix,5c8c81bfec719079c388cedc47a351f264c1bf769ae28a89f9b4fc7719fea501,"{""distance"":3,""physical_error_rate"":0.0005}","{""detection_events"":87849,""detectors_checked"":64530432,""obs_mistake_mask=E"":22}"
     30720,         0,         0,    1.28,decoder_by_matrix,5c8c81bfec719079c388cedc47a351f264c1bf769ae28a89f9b4fc7719fea501,"{""distance"":3,""physical_error_rate"":0.0005}","{""detection_events"":2100,""detectors_checked"":1658880}"
   2425856,        54,         0,   100.7,decoder_by_matrix,5c8c81bfec719079c388cedc47a351f264c1bf769ae28a89f9b4fc7719fea501,"{""distance"":3,""physical_error_rate"":0.0005}","{""detection_events"":176226,""detectors_checked"":130996224,""obs_mistake_mask=E"":54}"
      3072,         0,         0,   0.107,decoder_by_matrix,5c8c81bfec719079c388cedc47a351f264c1bf769ae28a89f9b4fc7719fea501,"{""distance"":3,""physical_error_rate"":0.0005}","{""detection_events"":237,""detectors_checked"":165888}"
   2487296,        38,         0,   103.4,decoder_by_matrix,5c8c81bfec719079c388cedc47a351f264c1bf769ae28a89f9b4fc7719fea501,"{""distance"":3,""physical_error_rate"":0.0005}","{""detection_events"":178464,""detectors_checked"":134313984,""obs_mistake_mask=E"":38}"
         1,         0,         0,   0.000,decoder_by_matrix,36e3cd26fed5ec7649ec51fb08c1a5e7d7f30e615782d954fee045c18a4962ca,"{""distance"":3,""physical_error_rate"":5e-05}","{""detectors_checked"":54}"
   3169280,         0,         0,   118.3,decoder_by_matrix,beec9fd12293a9cfe53c9b61fb8ce2a525e4eed38fa75d132d6dc64699336876,"{""distance"":3,""physical_error_rate"":0.0001}","{""detection_events"":46011,""detectors_checked"":171141120}"
      3344,         0,         0,   0.050,decoder_by_matrix,36e3cd26fed5ec7649ec51fb08c1a5e7d7f30e615782d954fee045c18a4962ca,"{""distance"":3,""physical_error_rate"":5e-05}","{""detection_events"":48,""detectors_checked"":180576}"
      1297,         0,         0,   0.074,decoder_by_matrix,beec9fd12293a9cfe53c9b61fb8ce2a525e4eed38fa75d132d6dc64699336876,"{""distance"":3,""physical_error_rate"":0.0001}","{""detection_events"":12,""detectors_checked"":70038}"
         1,         0,         0,   0.000,decoder_by_matrix,beec9fd12293a9cfe53c9b61fb8ce2a525e4eed38fa75d132d6dc64699336876,"{""distance"":3,""physical_error_rate"":0.0001}","{""detectors_checked"":54}"
         1,         0,         0,   0.000,decoder_by_matrix,beec9fd12293a9cfe53c9b61fb8ce2a525e4eed38fa75d132d6dc64699336876,"{""distance"":3,""physical_error_rate"":0.0001}","{""detectors_checked"":54}"
         1,         0,         0,   0.000,decoder_by_matrix,beec9fd12293a9cfe53c9b61fb8ce2a525e4eed38fa75d132d6dc64699336876,"{""distance"":3,""physical_error_rate"":0.0001}","{""detectors_checked"":54}"
         1,         0,         0,   0.000,decoder_by_matrix,beec9fd12293a9cfe53c9b61fb8ce2a525e4eed38fa75d132d6dc64699336876,"{""distance"":3,""physical_error_rate"":0.0001}","{""detectors_checked"":54}"
      2320,         0,         0,   0.014,decoder_by_matrix,beec9fd12293a9cfe53c9b61fb8ce2a525e4eed38fa75d132d6dc64699336876,"{""distance"":3,""physical_error_rate"":0.0001}","{""detection_events"":18,""detectors_checked"":125280}"
         1,         0,         0,   0.000,decoder_by_matrix,36e3cd26fed5ec7649ec51fb08c1a5e7d7f30e615782d954fee045c18a4962ca,"{""distance"":3,""physical_error_rate"":5e-05}","{""detectors_checked"":54}"
         1,         0,         0,   0.000,decoder_by_matrix,36e3cd26fed5ec7649ec51fb08c1a5e7d7f30e615782d954fee045c18a4962ca,"{""distance"":3,""physical_error_rate"":5e-05}","{""detectors_checked"":54}"
         1,         0,         0,   0.000,decoder_by_matrix,36e3cd26fed5ec7649ec51fb08c1a5e7d7f30e615782d954fee045c18a4962ca,"{""distance"":3,""physical_error_rate"":5e-05}","{""detectors_checked"":54}"
      2320,         0,         0,   0.027,decoder_by_matrix,beec9fd12293a9cfe53c9b61fb8ce2a525e4eed38fa75d132d6dc64699336876,"{""distance"":3,""physical_error_rate"":0.0001}","{""detection_events"":18,""detectors_checked"":125280}"
      3344,         0,         0,   0.028,decoder_by_matrix,beec9fd12293a9cfe53c9b61fb8ce2a525e4eed38fa75d132d6dc64699336876,"{""distance"":3,""physical_error_rate"":0.0001}","{""detection_events"":48,""detectors_checked"":180576}"
      4368,         0,         0,   0.029,decoder_by_matrix,beec9fd12293a9cfe53c9b61fb8ce2a525e4eed38fa75d132d6dc64699336876,"{""distance"":3,""physical_error_rate"":0.0001}","{""detection_events"":66,""detectors_checked"":235872}"
      2321,         0,         0,   0.143,decoder_by_matrix,36e3cd26fed5ec7649ec51fb08c1a5e7d7f30e615782d954fee045c18a4962ca,"{""distance"":3,""physical_error_rate"":5e-05}","{""detection_events"":15,""detectors_checked"":125334}"
      4368,         0,         0,   0.033,decoder_by_matrix,36e3cd26fed5ec7649ec51fb08c1a5e7d7f30e615782d954fee045c18a4962ca,"{""distance"":3,""physical_error_rate"":5e-05}","{""detection_events"":42,""detectors_checked"":235872}"
      3344,         0,         0,   0.040,decoder_by_matrix,36e3cd26fed5ec7649ec51fb08c1a5e7d7f30e615782d954fee045c18a4962ca,"{""distance"":3,""physical_error_rate"":5e-05}","{""detection_events"":21,""detectors_checked"":180576}"
      4368,         0,         0,   0.056,decoder_by_matrix,36e3cd26fed5ec7649ec51fb08c1a5e7d7f30e615782d954fee045c18a4962ca,"{""distance"":3,""physical_error_rate"":5e-05}","{""detection_events"":9,""detectors_checked"":235872}"
      3072,         0,         0,   0.068,decoder_by_matrix,beec9fd12293a9cfe53c9b61fb8ce2a525e4eed38fa75d132d6dc64699336876,"{""distance"":3,""physical_error_rate"":0.0001}","{""detection_events"":78,""detectors_checked"":165888}"
      3072,         0,         0,   0.082,decoder_by_matrix,beec9fd12293a9cfe53c9b61fb8ce2a525e4eed38fa75d132d6dc64699336876,"{""distance"":3,""physical_error_rate"":0.0001}","{""detection_events"":36,""detectors_checked"":165888}"
      3072,         0,         0,   0.082,decoder_by_matrix,beec9fd12293a9cfe53c9b61fb8ce2a525e4eed38fa75d132d6dc64699336876,"{""distance"":3,""physical_error_rate"":0.0001}","{""detection_events"":57,""detectors_checked"":165888}"
      2048,         0,         0,   0.113,decoder_by_matrix,beec9fd12293a9cfe53c9b61fb8ce2a525e4eed38fa75d132d6dc64699336876,"{""distance"":3,""physical_error_rate"":0.0001}","{""detection_events"":54,""detectors_checked"":110592}"
      3072,         0,         0,   0.102,decoder_by_matrix,36e3cd26fed5ec7649ec51fb08c1a5e7d7f30e615782d954fee045c18a4962ca,"{""distance"":3,""physical_error_rate"":5e-05}","{""detection_events"":21,""detectors_checked"":165888}"
      3072,         0,         0,   0.106,decoder_by_matrix,36e3cd26fed5ec7649ec51fb08c1a5e7d7f30e615782d954fee045c18a4962ca,"{""distance"":3,""physical_error_rate"":5e-05}","{""detection_events"":18,""detectors_checked"":165888}"
      7168,         0,         0,   0.228,decoder_by_matrix,36e3cd26fed5ec7649ec51fb08c1a5e7d7f30e615782d954fee045c18a4962ca,"{""distance"":3,""physical_error_rate"":5e-05}","{""detection_events"":24,""detectors_checked"":387072}"
      4096,         0,         0,   0.110,decoder_by_matrix,36e3cd26fed5ec7649ec51fb08c1a5e7d7f30e615782d954fee045c18a4962ca,"{""distance"":3,""physical_error_rate"":5e-05}","{""detection_events"":27,""detectors_checked"":221184}"
      6144,         0,         0,   0.226,decoder_by_matrix,beec9fd12293a9cfe53c9b61fb8ce2a525e4eed38fa75d132d6dc64699336876,"{""distance"":3,""physical_error_rate"":0.0001}","{""detection_events"":72,""detectors_checked"":331776}"
      4096,         0,         0,   0.130,decoder_by_matrix,36e3cd26fed5ec7649ec51fb08c1a5e7d7f30e615782d954fee045c18a4962ca,"{""distance"":3,""physical_error_rate"":5e-05}","{""detection_events"":39,""detectors_checked"":221184}"
      4096,         0,         0,   0.131,decoder_by_matrix,beec9fd12293a9cfe53c9b61fb8ce2a525e4eed38fa75d132d6dc64699336876,"{""distance"":3,""physical_error_rate"":0.0001}","{""detection_events"":60,""detectors_checked"":221184}"
      3072,         0,         0,   0.125,decoder_by_matrix,beec9fd12293a9cfe53c9b61fb8ce2a525e4eed38fa75d132d6dc64699336876,"{""distance"":3,""physical_error_rate"":0.0001}","{""detection_events"":39,""detectors_checked"":165888}"
      3072,         0,         0,   0.129,decoder_by_matrix,beec9fd12293a9cfe53c9b61fb8ce2a525e4eed38fa75d132d6dc64699336876,"{""distance"":3,""physical_error_rate"":0.0001}","{""detection_events"":51,""detectors_checked"":165888}"
      3072,         0,         0,   0.129,decoder_by_matrix,beec9fd12293a9cfe53c9b61fb8ce2a525e4eed38fa75d132d6dc64699336876,"{""distance"":3,""physical_error_rate"":0.0001}","{""detection_events"":81,""detectors_checked"":165888}"
      3072,         0,         0,   0.129,decoder_by_matrix,36e3cd26fed5ec7649ec51fb08c1a5e7d7f30e615782d954fee045c18a4962ca,"{""distance"":3,""physical_error_rate"":5e-05}","{""detection_events"":18,""detectors_checked"":165888}"
      3072,         0,         0,   0.129,decoder_by_matrix,36e3cd26fed5ec7649ec51fb08c1a5e7d7f30e615782d954fee045c18a4962ca,"{""distance"":3,""physical_error_rate"":5e-05}","{""detection_events"":36,""detectors_checked"":165888}"
      5120,         0,         0,   0.129,decoder_by_matrix,36e3cd26fed5ec7649ec51fb08c1a5e7d7f30e615782d954fee045c18a4962ca,"{""distance"":3,""physical_error_rate"":5e-05}","{""detection_events"":48,""detectors_checked"":276480}"
      4096,         0,         0,   0.129,decoder_by_matrix,36e3cd26fed5ec7649ec51fb08c1a5e7d7f30e615782d954fee045c18a4962ca,"{""distance"":3,""physical_error_rate"":5e-05}","{""detection_events"":27,""detectors_checked"":221184}"
      3072,         0,         0,   0.129,decoder_by_matrix,beec9fd12293a9cfe53c9b61fb8ce2a525e4eed38fa75d132d6dc64699336876,"{""distance"":3,""physical_error_rate"":0.0001}","{""detection_events"":63,""detectors_checked"":165888}"
      4096,         0,         0,   0.130,decoder_by_matrix,36e3cd26fed5ec7649ec51fb08c1a5e7d7f30e615782d954fee045c18a4962ca,"{""distance"":3,""physical_error_rate"":5e-05}","{""detection_events"":15,""detectors_checked"":221184}"
      3072,         0,         0,   0.130,decoder_by_matrix,beec9fd12293a9cfe53c9b61fb8ce2a525e4eed38fa75d132d6dc64699336876,"{""distance"":3,""physical_error_rate"":0.0001}","{""detection_events"":33,""detectors_checked"":165888}"
      3072,         0,         0,   0.130,decoder_by_matrix,beec9fd12293a9cfe53c9b61fb8ce2a525e4eed38fa75d132d6dc64699336876,"{""distance"":3,""physical_error_rate"":0.0001}","{""detection_events"":42,""detectors_checked"":165888}"
      3072,         0,         0,   0.130,decoder_by_matrix,beec9fd12293a9cfe53c9b61fb8ce2a525e4eed38fa75d132d6dc64699336876,"{""distance"":3,""physical_error_rate"":0.0001}","{""detection_events"":42,""detectors_checked"":165888}"
      3072,         0,         0,   0.130,decoder_by_matrix,beec9fd12293a9cfe53c9b61fb8ce2a525e4eed38fa75d132d6dc64699336876,"{""distance"":3,""physical_error_rate"":0.0001}","{""detection_events"":69,""detectors_checked"":165888}"
      3072,         0,         0,   0.130,decoder_by_matrix,36e3cd26fed5ec7649ec51fb08c1a5e7d7f30e615782d954fee045c18a4962ca,"{""distance"":3,""physical_error_rate"":5e-05}","{""detection_events"":39,""detectors_checked"":165888}"
      4096,         0,         0,   0.129,decoder_by_matrix,36e3cd26fed5ec7649ec51fb08c1a5e7d7f30e615782d954fee045c18a4962ca,"{""distance"":3,""physical_error_rate"":5e-05}","{""detection_events"":12,""detectors_checked"":221184}"
      4096,         0,         0,   0.130,decoder_by_matrix,36e3cd26fed5ec7649ec51fb08c1a5e7d7f30e615782d954fee045c18a4962ca,"{""distance"":3,""physical_error_rate"":5e-05}","{""detection_events"":33,""detectors_checked"":221184}"
      3072,         0,         0,   0.130,decoder_by_matrix,36e3cd26fed5ec7649ec51fb08c1a5e7d7f30e615782d954fee045c18a4962ca,"{""distance"":3,""physical_error_rate"":5e-05}","{""detection_events"":24,""detectors_checked"":165888}"
      3072,         0,         0,   0.129,decoder_by_matrix,beec9fd12293a9cfe53c9b61fb8ce2a525e4eed38fa75d132d6dc64699336876,"{""distance"":3,""physical_error_rate"":0.0001}","{""detection_events"":30,""detectors_checked"":165888}"
      3072,         0,         0,   0.124,decoder_by_matrix,beec9fd12293a9cfe53c9b61fb8ce2a525e4eed38fa75d132d6dc64699336876,"{""distance"":3,""physical_error_rate"":0.0001}","{""detection_events"":24,""detectors_checked"":165888}"
      4096,         0,         0,   0.145,decoder_by_matrix,36e3cd26fed5ec7649ec51fb08c1a5e7d7f30e615782d954fee045c18a4962ca,"{""distance"":3,""physical_error_rate"":5e-05}","{""detection_events"":51,""detectors_checked"":221184}"
      3072,         0,         0,   0.128,decoder_by_matrix,beec9fd12293a9cfe53c9b61fb8ce2a525e4eed38fa75d132d6dc64699336876,"{""distance"":3,""physical_error_rate"":0.0001}","{""detection_events"":66,""detectors_checked"":165888}"
      3072,         0,         0,   0.129,decoder_by_matrix,beec9fd12293a9cfe53c9b61fb8ce2a525e4eed38fa75d132d6dc64699336876,"{""distance"":3,""physical_error_rate"":0.0001}","{""detection_events"":66,""detectors_checked"":165888}"
      3072,         0,         0,   0.128,decoder_by_matrix,beec9fd12293a9cfe53c9b61fb8ce2a525e4eed38fa75d132d6dc64699336876,"{""distance"":3,""physical_error_rate"":0.0001}","{""detection_events"":12,""detectors_checked"":165888}"
      3072,         0,         0,   0.128,decoder_by_matrix,36e3cd26fed5ec7649ec51fb08c1a5e7d7f30e615782d954fee045c18a4962ca,"{""distance"":3,""physical_error_rate"":5e-05}","{""detection_events"":36,""detectors_checked"":165888}"
      3072,         0,         0,   0.129,decoder_by_matrix,36e3cd26fed5ec7649ec51fb08c1a5e7d7f30e615782d954fee045c18a4962ca,"{""distance"":3,""physical_error_rate"":5e-05}","{""detection_events"":54,""detectors_checked"":165888}"
      3072,         0,         0,   0.129,decoder_by_matrix,36e3cd26fed5ec7649ec51fb08c1a5e7d7f30e615782d954fee045c18a4962ca,"{""distance"":3,""physical_error_rate"":5e-05}","{""detection_events"":45,""detectors_checked"":165888}"
      5120,         0,         0,   0.003,decoder_by_matrix,36e3cd26fed5ec7649ec51fb08c1a5e7d7f30e615782d954fee045c18a4962ca,"{""distance"":3,""physical_error_rate"":5e-05}","{""detection_events"":27,""detectors_checked"":276480}"
      3072,         0,         0,   0.129,decoder_by_matrix,beec9fd12293a9cfe53c9b61fb8ce2a525e4eed38fa75d132d6dc64699336876,"{""distance"":3,""physical_error_rate"":0.0001}","{""detection_events"":54,""detectors_checked"":165888}"
      4096,         0,         0,   0.118,decoder_by_matrix,beec9fd12293a9cfe53c9b61fb8ce2a525e4eed38fa75d132d6dc64699336876,"{""distance"":3,""physical_error_rate"":0.0001}","{""detection_events"":57,""detectors_checked"":221184}"
      4096,         0,         0,   0.129,decoder_by_matrix,36e3cd26fed5ec7649ec51fb08c1a5e7d7f30e615782d954fee045c18a4962ca,"{""distance"":3,""physical_error_rate"":5e-05}","{""detection_events"":18,""detectors_checked"":221184}"
      3072,         0,         0,   0.130,decoder_by_matrix,beec9fd12293a9cfe53c9b61fb8ce2a525e4eed38fa75d132d6dc64699336876,"{""distance"":3,""physical_error_rate"":0.0001}","{""detection_events"":42,""detectors_checked"":165888}"
      3072,         0,         0,   0.130,decoder_by_matrix,beec9fd12293a9cfe53c9b61fb8ce2a525e4eed38fa75d132d6dc64699336876,"{""distance"":3,""physical_error_rate"":0.0001}","{""detection_events"":42,""detectors_checked"":165888}"
      4096,         0,         0,   0.130,decoder_by_matrix,beec9fd12293a9cfe53c9b61fb8ce2a525e4eed38fa75d132d6dc64699336876,"{""distance"":3,""physical_error_rate"":0.0001}","{""detection_events"":84,""detectors_checked"":221184}"
      4096,         0,         0,   0.130,decoder_by_matrix,36e3cd26fed5ec7649ec51fb08c1a5e7d7f30e615782d954fee045c18a4962ca,"{""distance"":3,""physical_error_rate"":5e-05}","{""detection_events"":42,""detectors_checked"":221184}"
      3072,         0,         0,   0.129,decoder_by_matrix,36e3cd26fed5ec7649ec51fb08c1a5e7d7f30e615782d954fee045c18a4962ca,"{""distance"":3,""physical_error_rate"":5e-05}","{""detection_events"":12,""detectors_checked"":165888}"
      3072,         0,         0,   0.129,decoder_by_matrix,36e3cd26fed5ec7649ec51fb08c1a5e7d7f30e615782d954fee045c18a4962ca,"{""distance"":3,""physical_error_rate"":5e-05}","{""detection_events"":9,""detectors_checked"":165888}"
      4096,         0,         0,   0.004,decoder_by_matrix,36e3cd26fed5ec7649ec51fb08c1a5e7d7f30e615782d954fee045c18a4962ca,"{""distance"":3,""physical_error_rate"":5e-05}","{""detection_events"":33,""detectors_checked"":221184}"
      4096,         0,         0,   0.130,decoder_by_matrix,beec9fd12293a9cfe53c9b61fb8ce2a525e4eed38fa75d132d6dc64699336876,"{""distance"":3,""physical_error_rate"":0.0001}","{""detection_events"":45,""detectors_checked"":221184}"
      4096,         0,         0,   0.140,decoder_by_matrix,beec9fd12293a9cfe53c9b61fb8ce2a525e4eed38fa75d132d6dc64699336876,"{""distance"":3,""physical_error_rate"":0.0001}","{""detection_events"":30,""detectors_checked"":221184}"
      3072,         0,         0,   0.129,decoder_by_matrix,36e3cd26fed5ec7649ec51fb08c1a5e7d7f30e615782d954fee045c18a4962ca,"{""distance"":3,""physical_error_rate"":5e-05}","{""detection_events"":39,""detectors_checked"":165888}"
      3072,         0,         0,   0.128,decoder_by_matrix,beec9fd12293a9cfe53c9b61fb8ce2a525e4eed38fa75d132d6dc64699336876,"{""distance"":3,""physical_error_rate"":0.0001}","{""detection_events"":42,""detectors_checked"":165888}"
      3072,         0,         0,   0.127,decoder_by_matrix,beec9fd12293a9cfe53c9b61fb8ce2a525e4eed38fa75d132d6dc64699336876,"{""distance"":3,""physical_error_rate"":0.0001}","{""detection_events"":54,""detectors_checked"":165888}"
      4096,         0,         0,   0.127,decoder_by_matrix,beec9fd12293a9cfe53c9b61fb8ce2a525e4eed38fa75d132d6dc64699336876,"{""distance"":3,""physical_error_rate"":0.0001}","{""detection_events"":51,""detectors_checked"":221184}"
      4096,         0,         0,   0.127,decoder_by_matrix,36e3cd26fed5ec7649ec51fb08c1a5e7d7f30e615782d954fee045c18a4962ca,"{""distance"":3,""physical_error_rate"":5e-05}","{""detection_events"":45,""detectors_checked"":221184}"
      4096,         0,         0,   0.131,decoder_by_matrix,36e3cd26fed5ec7649ec51fb08c1a5e7d7f30e615782d954fee045c18a4962ca,"{""distance"":3,""physical_error_rate"":5e-05}","{""detection_events"":33,""detectors_checked"":221184}"
      3072,         0,         0,   0.127,decoder_by_matrix,36e3cd26fed5ec7649ec51fb08c1a5e7d7f30e615782d954fee045c18a4962ca,"{""distance"":3,""physical_error_rate"":5e-05}","{""detection_events"":69,""detectors_checked"":165888}"
      4096,         0,         0,   0.127,decoder_by_matrix,36e3cd26fed5ec7649ec51fb08c1a5e7d7f30e615782d954fee045c18a4962ca,"{""distance"":3,""physical_error_rate"":5e-05}","{""detection_events"":15,""detectors_checked"":221184}"
      3072,         0,         0,   0.126,decoder_by_matrix,beec9fd12293a9cfe53c9b61fb8ce2a525e4eed38fa75d132d6dc64699336876,"{""distance"":3,""physical_error_rate"":0.0001}","{""detection_events"":24,""detectors_checked"":165888}"
      5120,         0,         0,   0.131,decoder_by_matrix,36e3cd26fed5ec7649ec51fb08c1a5e7d7f30e615782d954fee045c18a4962ca,"{""distance"":3,""physical_error_rate"":5e-05}","{""detection_events"":12,""detectors_checked"":276480}"
      4096,         0,         0,   0.147,decoder_by_matrix,beec9fd12293a9cfe53c9b61fb8ce2a525e4eed38fa75d132d6dc64699336876,"{""distance"":3,""physical_error_rate"":0.0001}","{""detection_events"":24,""detectors_checked"":221184}"
      3072,         0,         0,   0.129,decoder_by_matrix,36e3cd26fed5ec7649ec51fb08c1a5e7d7f30e615782d954fee045c18a4962ca,"{""distance"":3,""physical_error_rate"":5e-05}","{""detection_events"":21,""detectors_checked"":165888}"
      4096,         0,         0,   0.130,decoder_by_matrix,beec9fd12293a9cfe53c9b61fb8ce2a525e4eed38fa75d132d6dc64699336876,"{""distance"":3,""physical_error_rate"":0.0001}","{""detection_events"":66,""detectors_checked"":221184}"
      6144,         0,         0,   0.250,decoder_by_matrix,beec9fd12293a9cfe53c9b61fb8ce2a525e4eed38fa75d132d6dc64699336876,"{""distance"":3,""physical_error_rate"":0.0001}","{""detection_events"":105,""detectors_checked"":331776}"
      6144,         0,         0,   0.262,decoder_by_matrix,beec9fd12293a9cfe53c9b61fb8ce2a525e4eed38fa75d132d6dc64699336876,"{""distance"":3,""physical_error_rate"":0.0001}","{""detection_events"":99,""detectors_checked"":331776}"
      6144,         0,         0,   0.262,decoder_by_matrix,beec9fd12293a9cfe53c9b61fb8ce2a525e4eed38fa75d132d6dc64699336876,"{""distance"":3,""physical_error_rate"":0.0001}","{""detection_events"":153,""detectors_checked"":331776}"
      7168,         0,         0,   0.257,decoder_by_matrix,36e3cd26fed5ec7649ec51fb08c1a5e7d7f30e615782d954fee045c18a4962ca,"{""distance"":3,""physical_error_rate"":5e-05}","{""detection_events"":57,""detectors_checked"":387072}"
     10240,         0,         0,   0.258,decoder_by_matrix,36e3cd26fed5ec7649ec51fb08c1a5e7d7f30e615782d954fee045c18a4962ca,"{""distance"":3,""physical_error_rate"":5e-05}","{""detection_events"":42,""detectors_checked"":552960}"
      6144,         0,         0,   0.256,decoder_by_matrix,36e3cd26fed5ec7649ec51fb08c1a5e7d7f30e615782d954fee045c18a4962ca,"{""distance"":3,""physical_error_rate"":5e-05}","{""detection_events"":69,""detectors_checked"":331776}"
      7168,         0,         0,   0.255,decoder_by_matrix,36e3cd26fed5ec7649ec51fb08c1a5e7d7f30e615782d954fee045c18a4962ca,"{""distance"":3,""physical_error_rate"":5e-05}","{""detection_events"":60,""detectors_checked"":387072}"
      7168,         0,         0,   0.256,decoder_by_matrix,beec9fd12293a9cfe53c9b61fb8ce2a525e4eed38fa75d132d6dc64699336876,"{""distance"":3,""physical_error_rate"":0.0001}","{""detection_events"":54,""detectors_checked"":387072}"
      8192,         0,         0,   0.256,decoder_by_matrix,36e3cd26fed5ec7649ec51fb08c1a5e7d7f30e615782d954fee045c18a4962ca,"{""distance"":3,""physical_error_rate"":5e-05}","{""detection_events"":78,""detectors_checked"":442368}"
      6144,         0,         0,   0.256,decoder_by_matrix,beec9fd12293a9cfe53c9b61fb8ce2a525e4eed38fa75d132d6dc64699336876,"{""distance"":3,""physical_error_rate"":0.0001}","{""detection_events"":66,""detectors_checked"":331776}"
      6144,         0,         0,   0.271,decoder_by_matrix,beec9fd12293a9cfe53c9b61fb8ce2a525e4eed38fa75d132d6dc64699336876,"{""distance"":3,""physical_error_rate"":0.0001}","{""detection_events"":96,""detectors_checked"":331776}"
      6144,         0,         0,   0.259,decoder_by_matrix,beec9fd12293a9cfe53c9b61fb8ce2a525e4eed38fa75d132d6dc64699336876,"{""distance"":3,""physical_error_rate"":0.0001}","{""detection_events"":87,""detectors_checked"":331776}"
      8192,         0,         0,   0.259,decoder_by_matrix,beec9fd12293a9cfe53c9b61fb8ce2a525e4eed38fa75d132d6dc64699336876,"{""distance"":3,""physical_error_rate"":0.0001}","{""detection_events"":105,""detectors_checked"":442368}"
      6144,         0,         0,   0.252,decoder_by_matrix,36e3cd26fed5ec7649ec51fb08c1a5e7d7f30e615782d954fee045c18a4962ca,"{""distance"":3,""physical_error_rate"":5e-05}","{""detection_events"":69,""detectors_checked"":331776}"
      7168,         0,         0,   0.256,decoder_by_matrix,36e3cd26fed5ec7649ec51fb08c1a5e7d7f30e615782d954fee045c18a4962ca,"{""distance"":3,""physical_error_rate"":5e-05}","{""detection_events"":48,""detectors_checked"":387072}"
     10240,         0,         0,   0.257,decoder_by_matrix,36e3cd26fed5ec7649ec51fb08c1a5e7d7f30e615782d954fee045c18a4962ca,"{""distance"":3,""physical_error_rate"":5e-05}","{""detection_events"":51,""detectors_checked"":552960}"
      8192,         0,         0,   0.273,decoder_by_matrix,36e3cd26fed5ec7649ec51fb08c1a5e7d7f30e615782d954fee045c18a4962ca,"{""distance"":3,""physical_error_rate"":5e-05}","{""detection_events"":60,""detectors_checked"":442368}"
      6144,         0,         0,   0.257,decoder_by_matrix,36e3cd26fed5ec7649ec51fb08c1a5e7d7f30e615782d954fee045c18a4962ca,"{""distance"":3,""physical_error_rate"":5e-05}","{""detection_events"":66,""detectors_checked"":331776}"
      7168,         0,         0,   0.257,decoder_by_matrix,beec9fd12293a9cfe53c9b61fb8ce2a525e4eed38fa75d132d6dc64699336876,"{""distance"":3,""physical_error_rate"":0.0001}","{""detection_events"":186,""detectors_checked"":387072}"
      9216,         0,         0,   0.389,decoder_by_matrix,beec9fd12293a9cfe53c9b61fb8ce2a525e4eed38fa75d132d6dc64699336876,"{""distance"":3,""physical_error_rate"":0.0001}","{""detection_events"":165,""detectors_checked"":497664}"
     10240,         0,         0,   0.381,decoder_by_matrix,beec9fd12293a9cfe53c9b61fb8ce2a525e4eed38fa75d132d6dc64699336876,"{""distance"":3,""physical_error_rate"":0.0001}","{""detection_events"":129,""detectors_checked"":552960}"
      9216,         0,         0,   0.386,decoder_by_matrix,beec9fd12293a9cfe53c9b61fb8ce2a525e4eed38fa75d132d6dc64699336876,"{""distance"":3,""physical_error_rate"":0.0001}","{""detection_events"":162,""detectors_checked"":497664}"
      9216,         0,         0,   0.386,decoder_by_matrix,beec9fd12293a9cfe53c9b61fb8ce2a525e4eed38fa75d132d6dc64699336876,"{""distance"":3,""physical_error_rate"":0.0001}","{""detection_events"":210,""detectors_checked"":497664}"
     11264,         0,         0,   0.390,decoder_by_matrix,36e3cd26fed5ec7649ec51fb08c1a5e7d7f30e615782d954fee045c18a4962ca,"{""distance"":3,""physical_error_rate"":5e-05}","{""detection_events"":81,""detectors_checked"":608256}"
     12288,         0,         0,   0.385,decoder_by_matrix,36e3cd26fed5ec7649ec51fb08c1a5e7d7f30e615782d954fee045c18a4962ca,"{""distance"":3,""physical_error_rate"":5e-05}","{""detection_events"":126,""detectors_checked"":663552}"
     13312,         0,         0,   0.386,decoder_by_matrix,36e3cd26fed5ec7649ec51fb08c1a5e7d7f30e615782d954fee045c18a4962ca,"{""distance"":3,""physical_error_rate"":5e-05}","{""detection_events"":66,""detectors_checked"":718848}"
     15360,         0,         0,   0.376,decoder_by_matrix,36e3cd26fed5ec7649ec51fb08c1a5e7d7f30e615782d954fee045c18a4962ca,"{""distance"":3,""physical_error_rate"":5e-05}","{""detection_events"":45,""detectors_checked"":829440}"
     13312,         0,         0,   0.385,decoder_by_matrix,36e3cd26fed5ec7649ec51fb08c1a5e7d7f30e615782d954fee045c18a4962ca,"{""distance"":3,""physical_error_rate"":5e-05}","{""detection_events"":81,""detectors_checked"":718848}"
      9216,         0,         0,   0.381,decoder_by_matrix,beec9fd12293a9cfe53c9b61fb8ce2a525e4eed38fa75d132d6dc64699336876,"{""distance"":3,""physical_error_rate"":0.0001}","{""detection_events"":162,""detectors_checked"":497664}"
     12288,         0,         0,   0.506,decoder_by_matrix,beec9fd12293a9cfe53c9b61fb8ce2a525e4eed38fa75d132d6dc64699336876,"{""distance"":3,""physical_error_rate"":0.0001}","{""detection_events"":159,""detectors_checked"":663552}"
     13312,         0,         0,   0.445,decoder_by_matrix,36e3cd26fed5ec7649ec51fb08c1a5e7d7f30e615782d954fee045c18a4962ca,"{""distance"":3,""physical_error_rate"":5e-05}","{""detection_events"":93,""detectors_checked"":718848}"
     14336,         0,         0,   0.525,decoder_by_matrix,beec9fd12293a9cfe53c9b61fb8ce2a525e4eed38fa75d132d6dc64699336876,"{""distance"":3,""physical_error_rate"":0.0001}","{""detection_events"":159,""detectors_checked"":774144}"
     12288,         0,         0,   0.517,decoder_by_matrix,beec9fd12293a9cfe53c9b61fb8ce2a525e4eed38fa75d132d6dc64699336876,"{""distance"":3,""physical_error_rate"":0.0001}","{""detection_events"":204,""detectors_checked"":663552}"
     12288,         0,         0,   0.513,decoder_by_matrix,beec9fd12293a9cfe53c9b61fb8ce2a525e4eed38fa75d132d6dc64699336876,"{""distance"":3,""physical_error_rate"":0.0001}","{""detection_events"":273,""detectors_checked"":663552}"
     15360,         0,         0,   0.510,decoder_by_matrix,36e3cd26fed5ec7649ec51fb08c1a5e7d7f30e615782d954fee045c18a4962ca,"{""distance"":3,""physical_error_rate"":5e-05}","{""detection_events"":126,""detectors_checked"":829440}"
     14336,         0,         0,   0.385,decoder_by_matrix,36e3cd26fed5ec7649ec51fb08c1a5e7d7f30e615782d954fee045c18a4962ca,"{""distance"":3,""physical_error_rate"":5e-05}","{""detection_events"":159,""detectors_checked"":774144}"
     20480,         0,         0,   0.526,decoder_by_matrix,36e3cd26fed5ec7649ec51fb08c1a5e7d7f30e615782d954fee045c18a4962ca,"{""distance"":3,""physical_error_rate"":5e-05}","{""detection_events"":114,""detectors_checked"":1105920}"
     17408,         0,         0,   0.519,decoder_by_matrix,36e3cd26fed5ec7649ec51fb08c1a5e7d7f30e615782d954fee045c18a4962ca,"{""distance"":3,""physical_error_rate"":5e-05}","{""detection_events"":138,""detectors_checked"":940032}"
     12288,         0,         0,   0.513,decoder_by_matrix,beec9fd12293a9cfe53c9b61fb8ce2a525e4eed38fa75d132d6dc64699336876,"{""distance"":3,""physical_error_rate"":0.0001}","{""detection_events"":222,""detectors_checked"":663552}"
     17408,         0,         0,   0.647,decoder_by_matrix,beec9fd12293a9cfe53c9b61fb8ce2a525e4eed38fa75d132d6dc64699336876,"{""distance"":3,""physical_error_rate"":0.0001}","{""detection_events"":336,""detectors_checked"":940032}"
     20480,         0,         0,   0.654,decoder_by_matrix,36e3cd26fed5ec7649ec51fb08c1a5e7d7f30e615782d954fee045c18a4962ca,"{""distance"":3,""physical_error_rate"":5e-05}","{""detection_events"":192,""detectors_checked"":1105920}"
     17408,         0,         0,   0.626,decoder_by_matrix,beec9fd12293a9cfe53c9b61fb8ce2a525e4eed38fa75d132d6dc64699336876,"{""distance"":3,""physical_error_rate"":0.0001}","{""detection_events"":237,""detectors_checked"":940032}"
     18432,         0,         0,   0.639,decoder_by_matrix,beec9fd12293a9cfe53c9b61fb8ce2a525e4eed38fa75d132d6dc64699336876,"{""distance"":3,""physical_error_rate"":0.0001}","{""detection_events"":267,""detectors_checked"":995328}"
     17408,         0,         0,   0.639,decoder_by_matrix,beec9fd12293a9cfe53c9b61fb8ce2a525e4eed38fa75d132d6dc64699336876,"{""distance"":3,""physical_error_rate"":0.0001}","{""detection_events"":204,""detectors_checked"":940032}"
     19456,         0,         0,   0.654,decoder_by_matrix,36e3cd26fed5ec7649ec51fb08c1a5e7d7f30e615782d954fee045c18a4962ca,"{""distance"":3,""physical_error_rate"":5e-05}","{""detection_events"":171,""detectors_checked"":1050624}"
     22528,         0,         0,   0.655,decoder_by_matrix,36e3cd26fed5ec7649ec51fb08c1a5e7d7f30e615782d954fee045c18a4962ca,"{""distance"":3,""physical_error_rate"":5e-05}","{""detection_events"":135,""detectors_checked"":1216512}"
     17408,         0,         0,   0.524,decoder_by_matrix,36e3cd26fed5ec7649ec51fb08c1a5e7d7f30e615782d954fee045c18a4962ca,"{""distance"":3,""physical_error_rate"":5e-05}","{""detection_events"":156,""detectors_checked"":940032}"
     21504,         0,         0,   0.682,decoder_by_matrix,36e3cd26fed5ec7649ec51fb08c1a5e7d7f30e615782d954fee045c18a4962ca,"{""distance"":3,""physical_error_rate"":5e-05}","{""detection_events"":165,""detectors_checked"":1161216}"
     15360,         0,         0,   0.653,decoder_by_matrix,beec9fd12293a9cfe53c9b61fb8ce2a525e4eed38fa75d132d6dc64699336876,"{""distance"":3,""physical_error_rate"":0.0001}","{""detection_events"":285,""detectors_checked"":829440}"
     26624,         0,         0,   0.891,decoder_by_matrix,beec9fd12293a9cfe53c9b61fb8ce2a525e4eed38fa75d132d6dc64699336876,"{""distance"":3,""physical_error_rate"":0.0001}","{""detection_events"":408,""detectors_checked"":1437696}"
     23552,         0,         0,   0.892,decoder_by_matrix,beec9fd12293a9cfe53c9b61fb8ce2a525e4eed38fa75d132d6dc64699336876,"{""distance"":3,""physical_error_rate"":0.0001}","{""detection_events"":324,""detectors_checked"":1271808}"
     28672,         0,         0,   0.905,decoder_by_matrix,36e3cd26fed5ec7649ec51fb08c1a5e7d7f30e615782d954fee045c18a4962ca,"{""distance"":3,""physical_error_rate"":5e-05}","{""detection_events"":150,""detectors_checked"":1548288}"
     23552,         0,         0,   0.885,decoder_by_matrix,beec9fd12293a9cfe53c9b61fb8ce2a525e4eed38fa75d132d6dc64699336876,"{""distance"":3,""physical_error_rate"":0.0001}","{""detection_events"":387,""detectors_checked"":1271808}"
     23552,         0,         0,   0.885,decoder_by_matrix,beec9fd12293a9cfe53c9b61fb8ce2a525e4eed38fa75d132d6dc64699336876,"{""distance"":3,""physical_error_rate"":0.0001}","{""detection_events"":408,""detectors_checked"":1271808}"
     28672,         0,         0,   0.770,decoder_by_matrix,36e3cd26fed5ec7649ec51fb08c1a5e7d7f30e615782d954fee045c18a4962ca,"{""distance"":3,""physical_error_rate"":5e-05}","{""detection_events"":153,""detectors_checked"":1548288}"
     29696,         0,         0,   0.893,decoder_by_matrix,36e3cd26fed5ec7649ec51fb08c1a5e7d7f30e615782d954fee045c18a4962ca,"{""distance"":3,""physical_error_rate"":5e-05}","{""detection_events"":189,""detectors_checked"":1603584}"
     24576,         0,         0,   0.891,decoder_by_matrix,36e3cd26fed5ec7649ec51fb08c1a5e7d7f30e615782d954fee045c18a4962ca,"{""distance"":3,""physical_error_rate"":5e-05}","{""detection_events"":252,""detectors_checked"":1327104}"
     29696,         0,         0,   0.775,decoder_by_matrix,36e3cd26fed5ec7649ec51fb08c1a5e7d7f30e615782d954fee045c18a4962ca,"{""distance"":3,""physical_error_rate"":5e-05}","{""detection_events"":183,""detectors_checked"":1603584}"
     25600,         0,         0,   0.900,decoder_by_matrix,beec9fd12293a9cfe53c9b61fb8ce2a525e4eed38fa75d132d6dc64699336876,"{""distance"":3,""physical_error_rate"":0.0001}","{""detection_events"":285,""detectors_checked"":1382400}"
     28672,         0,         0,    1.18,decoder_by_matrix,beec9fd12293a9cfe53c9b61fb8ce2a525e4eed38fa75d132d6dc64699336876,"{""distance"":3,""physical_error_rate"":0.0001}","{""detection_events"":408,""detectors_checked"":1548288}"
     31744,         0,         0,    1.14,decoder_by_matrix,36e3cd26fed5ec7649ec51fb08c1a5e7d7f30e615782d954fee045c18a4962ca,"{""distance"":3,""physical_error_rate"":5e-05}","{""detection_events"":282,""detectors_checked"":1714176}"
     27648,         0,         0,    1.16,decoder_by_matrix,beec9fd12293a9cfe53c9b61fb8ce2a525e4eed38fa75d132d6dc64699336876,"{""distance"":3,""physical_error_rate"":0.0001}","{""detection_events"":381,""detectors_checked"":1492992}"
     31744,         0,         0,    1.05,decoder_by_matrix,beec9fd12293a9cfe53c9b61fb8ce2a525e4eed38fa75d132d6dc64699336876,"{""distance"":3,""physical_error_rate"":0.0001}","{""detection_events"":480,""detectors_checked"":1714176}"
     28672,         0,         0,    1.16,decoder_by_matrix,beec9fd12293a9cfe53c9b61fb8ce2a525e4eed38fa75d132d6dc64699336876,"{""distance"":3,""physical_error_rate"":0.0001}","{""detection_events"":354,""detectors_checked"":1548288}"
     33792,         0,         0,    1.16,decoder_by_matrix,36e3cd26fed5ec7649ec51fb08c1a5e7d7f30e615782d954fee045c18a4962ca,"{""distance"":3,""physical_error_rate"":5e-05}","{""detection_events"":348,""detectors_checked"":1824768}"
     38912,         0,         0,    1.16,decoder_by_matrix,36e3cd26fed5ec7649ec51fb08c1a5e7d7f30e615782d954fee045c18a4962ca,"{""distance"":3,""physical_error_rate"":5e-05}","{""detection_events"":216,""detectors_checked"":2101248}"
     30720,         0,         0,    1.11,decoder_by_matrix,36e3cd26fed5ec7649ec51fb08c1a5e7d7f30e615782d954fee045c18a4962ca,"{""distance"":3,""physical_error_rate"":5e-05}","{""detection_events"":288,""detectors_checked"":1658880}"
     30720,         0,         0,    1.15,decoder_by_matrix,36e3cd26fed5ec7649ec51fb08c1a5e7d7f30e615782d954fee045c18a4962ca,"{""distance"":3,""physical_error_rate"":5e-05}","{""detection_events"":294,""detectors_checked"":1658880}"
     30720,         0,         0,    1.16,decoder_by_matrix,beec9fd12293a9cfe53c9b61fb8ce2a525e4eed38fa75d132d6dc64699336876,"{""distance"":3,""physical_error_rate"":0.0001}","{""detection_events"":354,""detectors_checked"":1658880}"
     39936,         0,         0,    1.57,decoder_by_matrix,beec9fd12293a9cfe53c9b61fb8ce2a525e4eed38fa75d132d6dc64699336876,"{""distance"":3,""physical_error_rate"":0.0001}","{""detection_events"":534,""detectors_checked"":2156544}"
     37888,         0,         0,    1.58,decoder_by_matrix,beec9fd12293a9cfe53c9b61fb8ce2a525e4eed38fa75d132d6dc64699336876,"{""distance"":3,""physical_error_rate"":0.0001}","{""detection_events"":606,""detectors_checked"":2045952}"
     50176,         0,         0,    1.55,decoder_by_matrix,36e3cd26fed5ec7649ec51fb08c1a5e7d7f30e615782d954fee045c18a4962ca,"{""distance"":3,""physical_error_rate"":5e-05}","{""detection_events"":315,""detectors_checked"":2709504}"
     46080,         0,         0,    1.47,decoder_by_matrix,36e3cd26fed5ec7649ec51fb08c1a5e7d7f30e615782d954fee045c18a4962ca,"{""distance"":3,""physical_error_rate"":5e-05}","{""detection_events"":363,""detectors_checked"":2488320}"
     44032,         0,         0,    1.55,decoder_by_matrix,beec9fd12293a9cfe53c9b61fb8ce2a525e4eed38fa75d132d6dc64699336876,"{""distance"":3,""physical_error_rate"":0.0001}","{""detection_events"":654,""detectors_checked"":2377728}"
     53248,         0,         0,    1.55,decoder_by_matrix,36e3cd26fed5ec7649ec51fb08c1a5e7d7f30e615782d954fee045c18a4962ca,"{""distance"":3,""physical_error_rate"":5e-05}","{""detection_events"":414,""detectors_checked"":2875392}"
     41984,         0,         0,    1.42,decoder_by_matrix,beec9fd12293a9cfe53c9b61fb8ce2a525e4eed38fa75d132d6dc64699336876,"{""distance"":3,""physical_error_rate"":0.0001}","{""detection_events"":657,""detectors_checked"":2267136}"
     48128,         0,         0,    1.64,decoder_by_matrix,36e3cd26fed5ec7649ec51fb08c1a5e7d7f30e615782d954fee045c18a4962ca,"{""distance"":3,""physical_error_rate"":5e-05}","{""detection_events"":363,""detectors_checked"":2598912}"
     50176,         0,         0,    1.39,decoder_by_matrix,36e3cd26fed5ec7649ec51fb08c1a5e7d7f30e615782d954fee045c18a4962ca,"{""distance"":3,""physical_error_rate"":5e-05}","{""detection_events"":375,""detectors_checked"":2709504}"
     43008,         0,         0,    1.66,decoder_by_matrix,beec9fd12293a9cfe53c9b61fb8ce2a525e4eed38fa75d132d6dc64699336876,"{""distance"":3,""physical_error_rate"":0.0001}","{""detection_events"":702,""detectors_checked"":2322432}"
     59392,         0,         0,    2.29,decoder_by_matrix,beec9fd12293a9cfe53c9b61fb8ce2a525e4eed38fa75d132d6dc64699336876,"{""distance"":3,""physical_error_rate"":0.0001}","{""detection_events"":762,""detectors_checked"":3207168}"
     69632,         0,         0,    2.18,decoder_by_matrix,36e3cd26fed5ec7649ec51fb08c1a5e7d7f30e615782d954fee045c18a4962ca,"{""distance"":3,""physical_error_rate"":5e-05}","{""detection_events"":483,""detectors_checked"":3760128}"
     68608,         0,         0,    2.18,decoder_by_matrix,36e3cd26fed5ec7649ec51fb08c1a5e7d7f30e615782d954fee045c18a4962ca,"{""distance"":3,""physical_error_rate"":5e-05}","{""detection_events"":474,""detectors_checked"":3704832}"
     59392,         0,         0,    1.93,decoder_by_matrix,beec9fd12293a9cfe53c9b61fb8ce2a525e4eed38fa75d132d6dc64699336876,"{""distance"":3,""physical_error_rate"":0.0001}","{""detection_events"":861,""detectors_checked"":3207168}"
     60416,         0,         0,    2.14,decoder_by_matrix,beec9fd12293a9cfe53c9b61fb8ce2a525e4eed38fa75d132d6dc64699336876,"{""distance"":3,""physical_error_rate"":0.0001}","{""detection_events"":897,""detectors_checked"":3262464}"
     72704,         0,         0,    2.18,decoder_by_matrix,36e3cd26fed5ec7649ec51fb08c1a5e7d7f30e615782d954fee045c18a4962ca,"{""distance"":3,""physical_error_rate"":5e-05}","{""detection_events"":534,""detectors_checked"":3926016}"
     60416,         0,         0,    2.28,decoder_by_matrix,beec9fd12293a9cfe53c9b61fb8ce2a525e4eed38fa75d132d6dc64699336876,"{""distance"":3,""physical_error_rate"":0.0001}","{""detection_events"":861,""detectors_checked"":3262464}"
     69632,         0,         0,    2.17,decoder_by_matrix,36e3cd26fed5ec7649ec51fb08c1a5e7d7f30e615782d954fee045c18a4962ca,"{""distance"":3,""physical_error_rate"":5e-05}","{""detection_events"":525,""detectors_checked"":3760128}"
     70656,         0,         0,    2.19,decoder_by_matrix,36e3cd26fed5ec7649ec51fb08c1a5e7d7f30e615782d954fee045c18a4962ca,"{""distance"":3,""physical_error_rate"":5e-05}","{""detection_events"":495,""detectors_checked"":3815424}"
     62464,         0,         0,    2.24,decoder_by_matrix,beec9fd12293a9cfe53c9b61fb8ce2a525e4eed38fa75d132d6dc64699336876,"{""distance"":3,""physical_error_rate"":0.0001}","{""detection_events"":909,""detectors_checked"":3373056}"
     79872,         0,         0,    2.98,decoder_by_matrix,beec9fd12293a9cfe53c9b61fb8ce2a525e4eed38fa75d132d6dc64699336876,"{""distance"":3,""physical_error_rate"":0.0001}","{""detection_events"":1137,""detectors_checked"":4313088}"
     91136,         0,         0,    3.05,decoder_by_matrix,36e3cd26fed5ec7649ec51fb08c1a5e7d7f30e615782d954fee045c18a4962ca,"{""distance"":3,""physical_error_rate"":5e-05}","{""detection_events"":699,""detectors_checked"":4921344}"
    103424,         0,         0,    3.08,decoder_by_matrix,36e3cd26fed5ec7649ec51fb08c1a5e7d7f30e615782d954fee045c18a4962ca,"{""distance"":3,""physical_error_rate"":5e-05}","{""detection_events"":693,""detectors_checked"":5584896}"
     76800,         1,         0,    2.94,decoder_by_matrix,beec9fd12293a9cfe53c9b61fb8ce2a525e4eed38fa75d132d6dc64699336876,"{""distance"":3,""physical_error_rate"":0.0001}","{""detection_events"":1191,""detectors_checked"":4147200,""obs_mistake_mask=E"":1}"
     80896,         0,         0,    3.07,decoder_by_matrix,beec9fd12293a9cfe53c9b61fb8ce2a525e4eed38fa75d132d6dc64699336876,"{""distance"":3,""physical_error_rate"":0.0001}","{""detection_events"":1260,""detectors_checked"":4368384}"
     94208,         0,         0,    3.05,decoder_by_matrix,36e3cd26fed5ec7649ec51fb08c1a5e7d7f30e615782d954fee045c18a4962ca,"{""distance"":3,""physical_error_rate"":5e-05}","{""detection_events"":693,""detectors_checked"":5087232}"
     96256,         0,         0,    3.02,decoder_by_matrix,36e3cd26fed5ec7649ec51fb08c1a5e7d7f30e615782d954fee045c18a4962ca,"{""distance"":3,""physical_error_rate"":5e-05}","{""detection_events"":699,""detectors_checked"":5197824}"
     83968,         0,         0,    3.08,decoder_by_matrix,beec9fd12293a9cfe53c9b61fb8ce2a525e4eed38fa75d132d6dc64699336876,"{""distance"":3,""physical_error_rate"":0.0001}","{""detection_events"":1260,""detectors_checked"":4534272}"
     95232,         0,         0,    3.07,decoder_by_matrix,36e3cd26fed5ec7649ec51fb08c1a5e7d7f30e615782d954fee045c18a4962ca,"{""distance"":3,""physical_error_rate"":5e-05}","{""detection_events"":756,""detectors_checked"":5142528}"
     78848,         0,         0,    3.10,decoder_by_matrix,beec9fd12293a9cfe53c9b61fb8ce2a525e4eed38fa75d132d6dc64699336876,"{""distance"":3,""physical_error_rate"":0.0001}","{""detection_events"":1074,""detectors_checked"":4257792}"
   3176448,         2,         0,   116.0,decoder_by_matrix,beec9fd12293a9cfe53c9b61fb8ce2a525e4eed38fa75d132d6dc64699336876,"{""distance"":3,""physical_error_rate"":0.0001}","{""detection_events"":45294,""detectors_checked"":171528192,""obs_mistake_mask=E"":2}"
   3783680,         0,         0,   116.9,decoder_by_matrix,36e3cd26fed5ec7649ec51fb08c1a5e7d7f30e615782d954fee045c18a4962ca,"{""distance"":3,""physical_error_rate"":5e-05}","{""detection_events"":27519,""detectors_checked"":204318720}"
   3793920,         0,         0,   116.9,decoder_by_matrix,36e3cd26fed5ec7649ec51fb08c1a5e7d7f30e615782d954fee045c18a4962ca,"{""distance"":3,""physical_error_rate"":5e-05}","{""detection_events"":27969,""detectors_checked"":204871680}"
   3178496,         3,         0,   116.5,decoder_by_matrix,beec9fd12293a9cfe53c9b61fb8ce2a525e4eed38fa75d132d6dc64699336876,"{""distance"":3,""physical_error_rate"":0.0001}","{""detection_events"":45720,""detectors_checked"":171638784,""obs_mistake_mask=E"":3}"
   3200000,         1,         0,   116.8,decoder_by_matrix,beec9fd12293a9cfe53c9b61fb8ce2a525e4eed38fa75d132d6dc64699336876,"{""distance"":3,""physical_error_rate"":0.0001}","{""detection_events"":45048,""detectors_checked"":172800000,""obs_mistake_mask=E"":1}"
   3777536,         0,         0,   118.1,decoder_by_matrix,36e3cd26fed5ec7649ec51fb08c1a5e7d7f30e615782d954fee045c18a4962ca,"{""distance"":3,""physical_error_rate"":5e-05}","{""detection_events"":27357,""detectors_checked"":203986944}"
    109568,         0,         0,    4.30,decoder_by_matrix,beec9fd12293a9cfe53c9b61fb8ce2a525e4eed38fa75d132d6dc64699336876,"{""distance"":3,""physical_error_rate"":0.0001}","{""detection_events"":1488,""detectors_checked"":5916672}"
    142336,         0,         0,    4.20,decoder_by_matrix,36e3cd26fed5ec7649ec51fb08c1a5e7d7f30e615782d954fee045c18a4962ca,"{""distance"":3,""physical_error_rate"":5e-05}","{""detection_events"":915,""detectors_checked"":7686144}"
    135168,         0,         0,    4.00,decoder_by_matrix,36e3cd26fed5ec7649ec51fb08c1a5e7d7f30e615782d954fee045c18a4962ca,"{""distance"":3,""physical_error_rate"":5e-05}","{""detection_events"":987,""detectors_checked"":7299072}"
    123904,         0,         0,    4.26,decoder_by_matrix,36e3cd26fed5ec7649ec51fb08c1a5e7d7f30e615782d954fee045c18a4962ca,"{""distance"":3,""physical_error_rate"":5e-05}","{""detection_events"":1113,""detectors_checked"":6690816}"
    112640,         0,         0,    4.24,decoder_by_matrix,beec9fd12293a9cfe53c9b61fb8ce2a525e4eed38fa75d132d6dc64699336876,"{""distance"":3,""physical_error_rate"":0.0001}","{""detection_events"":1614,""detectors_checked"":6082560}"
    114688,         0,         0,    4.37,decoder_by_matrix,beec9fd12293a9cfe53c9b61fb8ce2a525e4eed38fa75d132d6dc64699336876,"{""distance"":3,""physical_error_rate"":0.0001}","{""detection_events"":1791,""detectors_checked"":6193152}"
    132096,         0,         0,    4.35,decoder_by_matrix,36e3cd26fed5ec7649ec51fb08c1a5e7d7f30e615782d954fee045c18a4962ca,"{""distance"":3,""physical_error_rate"":5e-05}","{""detection_events"":975,""detectors_checked"":7133184}"
    115712,         0,         0,    4.24,decoder_by_matrix,beec9fd12293a9cfe53c9b61fb8ce2a525e4eed38fa75d132d6dc64699336876,"{""distance"":3,""physical_error_rate"":0.0001}","{""detection_events"":1425,""detectors_checked"":6248448}"
    134144,         0,         0,    4.32,decoder_by_matrix,36e3cd26fed5ec7649ec51fb08c1a5e7d7f30e615782d954fee045c18a4962ca,"{""distance"":3,""physical_error_rate"":5e-05}","{""detection_events"":933,""detectors_checked"":7243776}"
    114688,         0,         0,    4.34,decoder_by_matrix,beec9fd12293a9cfe53c9b61fb8ce2a525e4eed38fa75d132d6dc64699336876,"{""distance"":3,""physical_error_rate"":0.0001}","{""detection_events"":1800,""detectors_checked"":6193152}"
   3738624,         0,         0,   116.5,decoder_by_matrix,36e3cd26fed5ec7649ec51fb08c1a5e7d7f30e615782d954fee045c18a4962ca,"{""distance"":3,""physical_error_rate"":5e-05}","{""detection_events"":27633,""detectors_checked"":201885696}"
   3120128,         0,         0,   119.1,decoder_by_matrix,beec9fd12293a9cfe53c9b61fb8ce2a525e4eed38fa75d132d6dc64699336876,"{""distance"":3,""physical_error_rate"":0.0001}","{""detection_events"":46083,""detectors_checked"":168486912}"
   3148800,         2,         0,   117.4,decoder_by_matrix,beec9fd12293a9cfe53c9b61fb8ce2a525e4eed38fa75d132d6dc64699336876,"{""distance"":3,""physical_error_rate"":0.0001}","{""detection_events"":45768,""detectors_checked"":170035200,""obs_mistake_mask=E"":2}"
    158720,         0,         0,    6.00,decoder_by_matrix,beec9fd12293a9cfe53c9b61fb8ce2a525e4eed38fa75d132d6dc64699336876,"{""distance"":3,""physical_error_rate"":0.0001}","{""detection_events"":2532,""detectors_checked"":8570880}"
    193536,         0,         0,    5.88,decoder_by_matrix,36e3cd26fed5ec7649ec51fb08c1a5e7d7f30e615782d954fee045c18a4962ca,"{""distance"":3,""physical_error_rate"":5e-05}","{""detection_events"":1221,""detectors_checked"":10450944}"
    191488,         0,         0,    5.99,decoder_by_matrix,36e3cd26fed5ec7649ec51fb08c1a5e7d7f30e615782d954fee045c18a4962ca,"{""distance"":3,""physical_error_rate"":5e-05}","{""detection_events"":1383,""detectors_checked"":10340352}"
    189440,         0,         0,    5.89,decoder_by_matrix,36e3cd26fed5ec7649ec51fb08c1a5e7d7f30e615782d954fee045c18a4962ca,"{""distance"":3,""physical_error_rate"":5e-05}","{""detection_events"":1548,""detectors_checked"":10229760}"
    158720,         0,         0,    6.05,decoder_by_matrix,beec9fd12293a9cfe53c9b61fb8ce2a525e4eed38fa75d132d6dc64699336876,"{""distance"":3,""physical_error_rate"":0.0001}","{""detection_events"":2163,""detectors_checked"":8570880}"
    186368,         0,         0,    5.85,decoder_by_matrix,36e3cd26fed5ec7649ec51fb08c1a5e7d7f30e615782d954fee045c18a4962ca,"{""distance"":3,""physical_error_rate"":5e-05}","{""detection_events"":1371,""detectors_checked"":10063872}"
    160768,         0,         0,    6.09,decoder_by_matrix,beec9fd12293a9cfe53c9b61fb8ce2a525e4eed38fa75d132d6dc64699336876,"{""distance"":3,""physical_error_rate"":0.0001}","{""detection_events"":2364,""detectors_checked"":8681472}"
    200704,         0,         0,    6.02,decoder_by_matrix,36e3cd26fed5ec7649ec51fb08c1a5e7d7f30e615782d954fee045c18a4962ca,"{""distance"":3,""physical_error_rate"":5e-05}","{""detection_events"":1242,""detectors_checked"":10838016}"
    162816,         0,         0,    6.10,decoder_by_matrix,beec9fd12293a9cfe53c9b61fb8ce2a525e4eed38fa75d132d6dc64699336876,"{""distance"":3,""physical_error_rate"":0.0001}","{""detection_events"":2406,""detectors_checked"":8792064}"
    162816,         0,         0,    5.91,decoder_by_matrix,beec9fd12293a9cfe53c9b61fb8ce2a525e4eed38fa75d132d6dc64699336876,"{""distance"":3,""physical_error_rate"":0.0001}","{""detection_events"":2409,""detectors_checked"":8792064}"
   3706880,         2,         0,   117.1,decoder_by_matrix,36e3cd26fed5ec7649ec51fb08c1a5e7d7f30e615782d954fee045c18a4962ca,"{""distance"":3,""physical_error_rate"":5e-05}","{""detection_events"":27135,""detectors_checked"":200171520,""obs_mistake_mask=E"":2}"
   3760128,         0,         0,   117.4,decoder_by_matrix,36e3cd26fed5ec7649ec51fb08c1a5e7d7f30e615782d954fee045c18a4962ca,"{""distance"":3,""physical_error_rate"":5e-05}","{""detection_events"":27258,""detectors_checked"":203046912}"
   3788800,         0,         0,   117.6,decoder_by_matrix,36e3cd26fed5ec7649ec51fb08c1a5e7d7f30e615782d954fee045c18a4962ca,"{""distance"":3,""physical_error_rate"":5e-05}","{""detection_events"":28407,""detectors_checked"":204595200}"
    224256,         0,         0,    8.17,decoder_by_matrix,beec9fd12293a9cfe53c9b61fb8ce2a525e4eed38fa75d132d6dc64699336876,"{""distance"":3,""physical_error_rate"":0.0001}","{""detection_events"":3051,""detectors_checked"":12109824}"
    265216,         0,         0,    8.05,decoder_by_matrix,36e3cd26fed5ec7649ec51fb08c1a5e7d7f30e615782d954fee045c18a4962ca,"{""distance"":3,""physical_error_rate"":5e-05}","{""detection_events"":1965,""detectors_checked"":14321664}"
    263168,         1,         0,    8.19,decoder_by_matrix,36e3cd26fed5ec7649ec51fb08c1a5e7d7f30e615782d954fee045c18a4962ca,"{""distance"":3,""physical_error_rate"":5e-05}","{""detection_events"":2088,""detectors_checked"":14211072,""obs_mistake_mask=E"":1}"
    217088,         0,         0,    7.99,decoder_by_matrix,beec9fd12293a9cfe53c9b61fb8ce2a525e4eed38fa75d132d6dc64699336876,"{""distance"":3,""physical_error_rate"":0.0001}","{""detection_events"":3054,""detectors_checked"":11722752}"
    270336,         0,         0,    8.28,decoder_by_matrix,36e3cd26fed5ec7649ec51fb08c1a5e7d7f30e615782d954fee045c18a4962ca,"{""distance"":3,""physical_error_rate"":5e-05}","{""detection_events"":1761,""detectors_checked"":14598144}"
    258048,         0,         0,    8.13,decoder_by_matrix,36e3cd26fed5ec7649ec51fb08c1a5e7d7f30e615782d954fee045c18a4962ca,"{""distance"":3,""physical_error_rate"":5e-05}","{""detection_events"":1803,""detectors_checked"":13934592}"
    224256,         0,         0,    8.18,decoder_by_matrix,beec9fd12293a9cfe53c9b61fb8ce2a525e4eed38fa75d132d6dc64699336876,"{""distance"":3,""physical_error_rate"":0.0001}","{""detection_events"":3393,""detectors_checked"":12109824}"
    263168,         0,         0,    8.47,decoder_by_matrix,36e3cd26fed5ec7649ec51fb08c1a5e7d7f30e615782d954fee045c18a4962ca,"{""distance"":3,""physical_error_rate"":5e-05}","{""detection_events"":2040,""detectors_checked"":14211072}"
    224256,         2,         0,    8.30,decoder_by_matrix,beec9fd12293a9cfe53c9b61fb8ce2a525e4eed38fa75d132d6dc64699336876,"{""distance"":3,""physical_error_rate"":0.0001}","{""detection_events"":3207,""detectors_checked"":12109824,""obs_mistake_mask=E"":2}"
    222208,         0,         0,    8.31,decoder_by_matrix,beec9fd12293a9cfe53c9b61fb8ce2a525e4eed38fa75d132d6dc64699336876,"{""distance"":3,""physical_error_rate"":0.0001}","{""detection_events"":3399,""detectors_checked"":11999232}"
    320512,         0,         0,    11.4,decoder_by_matrix,beec9fd12293a9cfe53c9b61fb8ce2a525e4eed38fa75d132d6dc64699336876,"{""distance"":3,""physical_error_rate"":0.0001}","{""detection_events"":4407,""detectors_checked"":17307648}"
    364544,         0,         0,    11.5,decoder_by_matrix,36e3cd26fed5ec7649ec51fb08c1a5e7d7f30e615782d954fee045c18a4962ca,"{""distance"":3,""physical_error_rate"":5e-05}","{""detection_events"":2571,""detectors_checked"":19685376}"
    309248,         0,         0,    11.6,decoder_by_matrix,beec9fd12293a9cfe53c9b61fb8ce2a525e4eed38fa75d132d6dc64699336876,"{""distance"":3,""physical_error_rate"":0.0001}","{""detection_events"":4557,""detectors_checked"":16699392}"
    379904,         0,         0,    11.2,decoder_by_matrix,36e3cd26fed5ec7649ec51fb08c1a5e7d7f30e615782d954fee045c18a4962ca,"{""distance"":3,""physical_error_rate"":5e-05}","{""detection_events"":2454,""detectors_checked"":20514816}"
    366592,         0,         0,    11.8,decoder_by_matrix,36e3cd26fed5ec7649ec51fb08c1a5e7d7f30e615782d954fee045c18a4962ca,"{""distance"":3,""physical_error_rate"":5e-05}","{""detection_events"":3033,""detectors_checked"":19795968}"
    360448,         0,         0,    11.2,decoder_by_matrix,36e3cd26fed5ec7649ec51fb08c1a5e7d7f30e615782d954fee045c18a4962ca,"{""distance"":3,""physical_error_rate"":5e-05}","{""detection_events"":2970,""detectors_checked"":19464192}"
    311296,         0,         0,    11.6,decoder_by_matrix,beec9fd12293a9cfe53c9b61fb8ce2a525e4eed38fa75d132d6dc64699336876,"{""distance"":3,""physical_error_rate"":0.0001}","{""detection_events"":4386,""detectors_checked"":16809984}"
    374784,         0,         0,    11.7,decoder_by_matrix,36e3cd26fed5ec7649ec51fb08c1a5e7d7f30e615782d954fee045c18a4962ca,"{""distance"":3,""physical_error_rate"":5e-05}","{""detection_events"":2601,""detectors_checked"":20238336}"
    307200,         1,         0,    11.5,decoder_by_matrix,beec9fd12293a9cfe53c9b61fb8ce2a525e4eed38fa75d132d6dc64699336876,"{""distance"":3,""physical_error_rate"":0.0001}","{""detection_events"":4701,""detectors_checked"":16588800,""obs_mistake_mask=E"":1}"
    317440,         0,         0,    11.7,decoder_by_matrix,beec9fd12293a9cfe53c9b61fb8ce2a525e4eed38fa75d132d6dc64699336876,"{""distance"":3,""physical_error_rate"":0.0001}","{""detection_events"":4374,""detectors_checked"":17141760}"
    512000,         0,         0,    16.2,decoder_by_matrix,36e3cd26fed5ec7649ec51fb08c1a5e7d7f30e615782d954fee045c18a4962ca,"{""distance"":3,""physical_error_rate"":5e-05}","{""detection_events"":3645,""detectors_checked"":27648000}"
    433152,         0,         0,    16.4,decoder_by_matrix,beec9fd12293a9cfe53c9b61fb8ce2a525e4eed38fa75d132d6dc64699336876,"{""distance"":3,""physical_error_rate"":0.0001}","{""detection_events"":6249,""detectors_checked"":23390208}"
    520192,         0,         0,    16.3,decoder_by_matrix,36e3cd26fed5ec7649ec51fb08c1a5e7d7f30e615782d954fee045c18a4962ca,"{""distance"":3,""physical_error_rate"":5e-05}","{""detection_events"":3702,""detectors_checked"":28090368}"
    448512,         0,         0,    15.6,decoder_by_matrix,beec9fd12293a9cfe53c9b61fb8ce2a525e4eed38fa75d132d6dc64699336876,"{""distance"":3,""physical_error_rate"":0.0001}","{""detection_events"":6645,""detectors_checked"":24219648}"
    522240,         0,         0,    16.2,decoder_by_matrix,36e3cd26fed5ec7649ec51fb08c1a5e7d7f30e615782d954fee045c18a4962ca,"{""distance"":3,""physical_error_rate"":5e-05}","{""detection_events"":3684,""detectors_checked"":28200960}"
    423936,         0,         0,    16.0,decoder_by_matrix,beec9fd12293a9cfe53c9b61fb8ce2a525e4eed38fa75d132d6dc64699336876,"{""distance"":3,""physical_error_rate"":0.0001}","{""detection_events"":6237,""detectors_checked"":22892544}"
    519168,         1,         0,    16.4,decoder_by_matrix,36e3cd26fed5ec7649ec51fb08c1a5e7d7f30e615782d954fee045c18a4962ca,"{""distance"":3,""physical_error_rate"":5e-05}","{""detection_events"":3627,""detectors_checked"":28035072,""obs_mistake_mask=E"":1}"
    521216,         0,         0,    15.8,decoder_by_matrix,36e3cd26fed5ec7649ec51fb08c1a5e7d7f30e615782d954fee045c18a4962ca,"{""distance"":3,""physical_error_rate"":5e-05}","{""detection_events"":3615,""detectors_checked"":28145664}"
    434176,         0,         0,    16.1,decoder_by_matrix,beec9fd12293a9cfe53c9b61fb8ce2a525e4eed38fa75d132d6dc64699336876,"{""distance"":3,""physical_error_rate"":0.0001}","{""detection_events"":6198,""detectors_checked"":23445504}"
    431104,         0,         0,    15.9,decoder_by_matrix,beec9fd12293a9cfe53c9b61fb8ce2a525e4eed38fa75d132d6dc64699336876,"{""distance"":3,""physical_error_rate"":0.0001}","{""detection_events"":6147,""detectors_checked"":23279616}"
   3152896,         5,         0,   116.6,decoder_by_matrix,beec9fd12293a9cfe53c9b61fb8ce2a525e4eed38fa75d132d6dc64699336876,"{""distance"":3,""physical_error_rate"":0.0001}","{""detection_events"":46032,""detectors_checked"":170256384,""obs_mistake_mask=E"":5}"
   3145728,         3,         0,   117.6,decoder_by_matrix,beec9fd12293a9cfe53c9b61fb8ce2a525e4eed38fa75d132d6dc64699336876,"{""distance"":3,""physical_error_rate"":0.0001}","{""detection_events"":45132,""detectors_checked"":169869312,""obs_mistake_mask=E"":3}"
   3818496,         0,         0,   117.4,decoder_by_matrix,36e3cd26fed5ec7649ec51fb08c1a5e7d7f30e615782d954fee045c18a4962ca,"{""distance"":3,""physical_error_rate"":5e-05}","{""detection_events"":27747,""detectors_checked"":206198784}"
    608256,         0,         0,    22.8,decoder_by_matrix,beec9fd12293a9cfe53c9b61fb8ce2a525e4eed38fa75d132d6dc64699336876,"{""distance"":3,""physical_error_rate"":0.0001}","{""detection_events"":8583,""detectors_checked"":32845824}"
    717824,         0,         0,    22.7,decoder_by_matrix,36e3cd26fed5ec7649ec51fb08c1a5e7d7f30e615782d954fee045c18a4962ca,"{""distance"":3,""physical_error_rate"":5e-05}","{""detection_events"":5058,""detectors_checked"":38762496}"
    608256,         0,         0,    22.5,decoder_by_matrix,beec9fd12293a9cfe53c9b61fb8ce2a525e4eed38fa75d132d6dc64699336876,"{""distance"":3,""physical_error_rate"":0.0001}","{""detection_events"":8850,""detectors_checked"":32845824}"
    706560,         0,         0,    22.4,decoder_by_matrix,36e3cd26fed5ec7649ec51fb08c1a5e7d7f30e615782d954fee045c18a4962ca,"{""distance"":3,""physical_error_rate"":5e-05}","{""detection_events"":5217,""detectors_checked"":38154240}"
    718848,         0,         0,    22.7,decoder_by_matrix,36e3cd26fed5ec7649ec51fb08c1a5e7d7f30e615782d954fee045c18a4962ca,"{""distance"":3,""physical_error_rate"":5e-05}","{""detection_events"":5328,""detectors_checked"":38817792}"
    613376,         0,         0,    22.8,decoder_by_matrix,beec9fd12293a9cfe53c9b61fb8ce2a525e4eed38fa75d132d6dc64699336876,"{""distance"":3,""physical_error_rate"":0.0001}","{""detection_events"":8766,""detectors_checked"":33122304}"
    607232,         1,         0,    22.1,decoder_by_matrix,beec9fd12293a9cfe53c9b61fb8ce2a525e4eed38fa75d132d6dc64699336876,"{""distance"":3,""physical_error_rate"":0.0001}","{""detection_events"":8781,""detectors_checked"":32790528,""obs_mistake_mask=E"":1}"
    706560,         0,         0,    22.9,decoder_by_matrix,36e3cd26fed5ec7649ec51fb08c1a5e7d7f30e615782d954fee045c18a4962ca,"{""distance"":3,""physical_error_rate"":5e-05}","{""detection_events"":5520,""detectors_checked"":38154240}"
    726016,         0,         0,    22.3,decoder_by_matrix,36e3cd26fed5ec7649ec51fb08c1a5e7d7f30e615782d954fee045c18a4962ca,"{""distance"":3,""physical_error_rate"":5e-05}","{""detection_events"":5394,""detectors_checked"":39204864}"
    608256,         0,         0,    22.7,decoder_by_matrix,beec9fd12293a9cfe53c9b61fb8ce2a525e4eed38fa75d132d6dc64699336876,"{""distance"":3,""physical_error_rate"":0.0001}","{""detection_events"":8406,""detectors_checked"":32845824}"
    848896,         1,         0,    31.0,decoder_by_matrix,beec9fd12293a9cfe53c9b61fb8ce2a525e4eed38fa75d132d6dc64699336876,"{""distance"":3,""physical_error_rate"":0.0001}","{""detection_events"":12645,""detectors_checked"":45840384,""obs_mistake_mask=E"":1}"
    997376,         0,         0,    31.7,decoder_by_matrix,36e3cd26fed5ec7649ec51fb08c1a5e7d7f30e615782d954fee045c18a4962ca,"{""distance"":3,""physical_error_rate"":5e-05}","{""detection_events"":7284,""detectors_checked"":53858304}"
    840704,         1,         0,    31.3,decoder_by_matrix,beec9fd12293a9cfe53c9b61fb8ce2a525e4eed38fa75d132d6dc64699336876,"{""distance"":3,""physical_error_rate"":0.0001}","{""detection_events"":12585,""detectors_checked"":45398016,""obs_mistake_mask=E"":1}"
    991232,         0,         0,    30.9,decoder_by_matrix,36e3cd26fed5ec7649ec51fb08c1a5e7d7f30e615782d954fee045c18a4962ca,"{""distance"":3,""physical_error_rate"":5e-05}","{""detection_events"":7359,""detectors_checked"":53526528}"
   1001472,         0,         0,    31.6,decoder_by_matrix,36e3cd26fed5ec7649ec51fb08c1a5e7d7f30e615782d954fee045c18a4962ca,"{""distance"":3,""physical_error_rate"":5e-05}","{""detection_events"":7482,""detectors_checked"":54079488}"
    995328,         0,         0,    31.3,decoder_by_matrix,36e3cd26fed5ec7649ec51fb08c1a5e7d7f30e615782d954fee045c18a4962ca,"{""distance"":3,""physical_error_rate"":5e-05}","{""detection_events"":7611,""detectors_checked"":53747712}"
    851968,         0,         0,    31.3,decoder_by_matrix,beec9fd12293a9cfe53c9b61fb8ce2a525e4eed38fa75d132d6dc64699336876,"{""distance"":3,""physical_error_rate"":0.0001}","{""detection_events"":12366,""detectors_checked"":46006272}"
   1025024,         0,         0,    31.7,decoder_by_matrix,36e3cd26fed5ec7649ec51fb08c1a5e7d7f30e615782d954fee045c18a4962ca,"{""distance"":3,""physical_error_rate"":5e-05}","{""detection_events"":7179,""detectors_checked"":55351296}"
    847872,         0,         0,    31.5,decoder_by_matrix,beec9fd12293a9cfe53c9b61fb8ce2a525e4eed38fa75d132d6dc64699336876,"{""distance"":3,""physical_error_rate"":0.0001}","{""detection_events"":12369,""detectors_checked"":45785088}"
    843776,         1,         0,    31.1,decoder_by_matrix,beec9fd12293a9cfe53c9b61fb8ce2a525e4eed38fa75d132d6dc64699336876,"{""distance"":3,""physical_error_rate"":0.0001}","{""detection_events"":12471,""detectors_checked"":45563904,""obs_mistake_mask=E"":1}"
   3169280,         2,         0,   117.2,decoder_by_matrix,beec9fd12293a9cfe53c9b61fb8ce2a525e4eed38fa75d132d6dc64699336876,"{""distance"":3,""physical_error_rate"":0.0001}","{""detection_events"":46263,""detectors_checked"":171141120,""obs_mistake_mask=E"":2}"
   3785728,         0,         0,   116.9,decoder_by_matrix,36e3cd26fed5ec7649ec51fb08c1a5e7d7f30e615782d954fee045c18a4962ca,"{""distance"":3,""physical_error_rate"":5e-05}","{""detection_events"":26955,""detectors_checked"":204429312}"
   3745792,         3,         0,   117.8,decoder_by_matrix,36e3cd26fed5ec7649ec51fb08c1a5e7d7f30e615782d954fee045c18a4962ca,"{""distance"":3,""physical_error_rate"":5e-05}","{""detection_events"":27837,""detectors_checked"":202272768,""obs_mistake_mask=E"":3}"
   3161088,         3,         0,   117.3,decoder_by_matrix,beec9fd12293a9cfe53c9b61fb8ce2a525e4eed38fa75d132d6dc64699336876,"{""distance"":3,""physical_error_rate"":0.0001}","{""detection_events"":46212,""detectors_checked"":170698752,""obs_mistake_mask=E"":3}"
   3131392,         1,         0,   117.5,decoder_by_matrix,beec9fd12293a9cfe53c9b61fb8ce2a525e4eed38fa75d132d6dc64699336876,"{""distance"":3,""physical_error_rate"":0.0001}","{""detection_events"":45483,""detectors_checked"":169095168,""obs_mistake_mask=E"":1}"
   3805184,         0,         0,   116.6,decoder_by_matrix,36e3cd26fed5ec7649ec51fb08c1a5e7d7f30e615782d954fee045c18a4962ca,"{""distance"":3,""physical_error_rate"":5e-05}","{""detection_events"":27108,""detectors_checked"":205479936}"
   3158016,         3,         0,   117.0,decoder_by_matrix,beec9fd12293a9cfe53c9b61fb8ce2a525e4eed38fa75d132d6dc64699336876,"{""distance"":3,""physical_error_rate"":0.0001}","{""detection_events"":47544,""detectors_checked"":170532864,""obs_mistake_mask=E"":3}"
   3176448,         3,         0,   116.3,decoder_by_matrix,beec9fd12293a9cfe53c9b61fb8ce2a525e4eed38fa75d132d6dc64699336876,"{""distance"":3,""physical_error_rate"":0.0001}","{""detection_events"":45534,""detectors_checked"":171528192,""obs_mistake_mask=E"":3}"
   3769344,         0,         0,   116.8,decoder_by_matrix,36e3cd26fed5ec7649ec51fb08c1a5e7d7f30e615782d954fee045c18a4962ca,"{""distance"":3,""physical_error_rate"":5e-05}","{""detection_events"":27627,""detectors_checked"":203544576}"
   3813376,         0,         0,   117.3,decoder_by_matrix,36e3cd26fed5ec7649ec51fb08c1a5e7d7f30e615782d954fee045c18a4962ca,"{""distance"":3,""physical_error_rate"":5e-05}","{""detection_events"":26532,""detectors_checked"":205922304}"
   3156992,         2,         0,   118.3,decoder_by_matrix,beec9fd12293a9cfe53c9b61fb8ce2a525e4eed38fa75d132d6dc64699336876,"{""distance"":3,""physical_error_rate"":0.0001}","{""detection_events"":46275,""detectors_checked"":170477568,""obs_mistake_mask=E"":2}"
   3154944,         0,         0,   118.0,decoder_by_matrix,beec9fd12293a9cfe53c9b61fb8ce2a525e4eed38fa75d132d6dc64699336876,"{""distance"":3,""physical_error_rate"":0.0001}","{""detection_events"":45933,""detectors_checked"":170366976}"
   3759104,         1,         0,   117.3,decoder_by_matrix,36e3cd26fed5ec7649ec51fb08c1a5e7d7f30e615782d954fee045c18a4962ca,"{""distance"":3,""physical_error_rate"":5e-05}","{""detection_events"":27537,""detectors_checked"":202991616,""obs_mistake_mask=E"":1}"
   3764224,         1,         0,   116.7,decoder_by_matrix,36e3cd26fed5ec7649ec51fb08c1a5e7d7f30e615782d954fee045c18a4962ca,"{""distance"":3,""physical_error_rate"":5e-05}","{""detection_events"":27948,""detectors_checked"":203268096,""obs_mistake_mask=E"":1}"
   3107840,         3,         0,   117.0,decoder_by_matrix,beec9fd12293a9cfe53c9b61fb8ce2a525e4eed38fa75d132d6dc64699336876,"{""distance"":3,""physical_error_rate"":0.0001}","{""detection_events"":45600,""detectors_checked"":167823360,""obs_mistake_mask=E"":3}"
   3159040,         1,         0,   118.1,decoder_by_matrix,beec9fd12293a9cfe53c9b61fb8ce2a525e4eed38fa75d132d6dc64699336876,"{""distance"":3,""physical_error_rate"":0.0001}","{""detection_events"":46575,""detectors_checked"":170588160,""obs_mistake_mask=E"":1}"
   3705856,         1,         0,   117.7,decoder_by_matrix,36e3cd26fed5ec7649ec51fb08c1a5e7d7f30e615782d954fee045c18a4962ca,"{""distance"":3,""physical_error_rate"":5e-05}","{""detection_events"":27660,""detectors_checked"":200116224,""obs_mistake_mask=E"":1}"
   3759104,         3,         0,   117.1,decoder_by_matrix,36e3cd26fed5ec7649ec51fb08c1a5e7d7f30e615782d954fee045c18a4962ca,"{""distance"":3,""physical_error_rate"":5e-05}","{""detection_events"":28122,""detectors_checked"":202991616,""obs_mistake_mask=E"":3}"
   3795968,         1,         0,   117.0,decoder_by_matrix,36e3cd26fed5ec7649ec51fb08c1a5e7d7f30e615782d954fee045c18a4962ca,"{""distance"":3,""physical_error_rate"":5e-05}","{""detection_events"":26901,""detectors_checked"":204982272,""obs_mistake_mask=E"":1}"
   1197056,         0,         0,    43.4,decoder_by_matrix,beec9fd12293a9cfe53c9b61fb8ce2a525e4eed38fa75d132d6dc64699336876,"{""distance"":3,""physical_error_rate"":0.0001}","{""detection_events"":16842,""detectors_checked"":64641024}"
   1383424,         1,         0,    44.1,decoder_by_matrix,36e3cd26fed5ec7649ec51fb08c1a5e7d7f30e615782d954fee045c18a4962ca,"{""distance"":3,""physical_error_rate"":5e-05}","{""detection_events"":10209,""detectors_checked"":74704896,""obs_mistake_mask=E"":1}"
   1188864,         1,         0,    44.1,decoder_by_matrix,beec9fd12293a9cfe53c9b61fb8ce2a525e4eed38fa75d132d6dc64699336876,"{""distance"":3,""physical_error_rate"":0.0001}","{""detection_events"":17706,""detectors_checked"":64198656,""obs_mistake_mask=E"":1}"
   1411072,         0,         0,    43.9,decoder_by_matrix,36e3cd26fed5ec7649ec51fb08c1a5e7d7f30e615782d954fee045c18a4962ca,"{""distance"":3,""physical_error_rate"":5e-05}","{""detection_events"":10317,""detectors_checked"":76197888}"
   1402880,         0,         0,    44.2,decoder_by_matrix,36e3cd26fed5ec7649ec51fb08c1a5e7d7f30e615782d954fee045c18a4962ca,"{""distance"":3,""physical_error_rate"":5e-05}","{""detection_events"":10356,""detectors_checked"":75755520}"
   1409024,         0,         0,    43.8,decoder_by_matrix,36e3cd26fed5ec7649ec51fb08c1a5e7d7f30e615782d954fee045c18a4962ca,"{""distance"":3,""physical_error_rate"":5e-05}","{""detection_events"":10296,""detectors_checked"":76087296}"
   1189888,         0,         0,    44.8,decoder_by_matrix,beec9fd12293a9cfe53c9b61fb8ce2a525e4eed38fa75d132d6dc64699336876,"{""distance"":3,""physical_error_rate"":0.0001}","{""detection_events"":17001,""detectors_checked"":64253952}"
   1419264,         0,         0,    44.0,decoder_by_matrix,36e3cd26fed5ec7649ec51fb08c1a5e7d7f30e615782d954fee045c18a4962ca,"{""distance"":3,""physical_error_rate"":5e-05}","{""detection_events"":9912,""detectors_checked"":76640256}"
   1173504,         2,         0,    44.3,decoder_by_matrix,beec9fd12293a9cfe53c9b61fb8ce2a525e4eed38fa75d132d6dc64699336876,"{""distance"":3,""physical_error_rate"":0.0001}","{""detection_events"":17664,""detectors_checked"":63369216,""obs_mistake_mask=E"":2}"
   1183744,         1,         0,    43.9,decoder_by_matrix,beec9fd12293a9cfe53c9b61fb8ce2a525e4eed38fa75d132d6dc64699336876,"{""distance"":3,""physical_error_rate"":0.0001}","{""detection_events"":17217,""detectors_checked"":63922176,""obs_mistake_mask=E"":1}"
   3139584,         3,         0,   117.9,decoder_by_matrix,beec9fd12293a9cfe53c9b61fb8ce2a525e4eed38fa75d132d6dc64699336876,"{""distance"":3,""physical_error_rate"":0.0001}","{""detection_events"":45810,""detectors_checked"":169537536,""obs_mistake_mask=E"":3}"
   3152896,         2,         0,   117.7,decoder_by_matrix,beec9fd12293a9cfe53c9b61fb8ce2a525e4eed38fa75d132d6dc64699336876,"{""distance"":3,""physical_error_rate"":0.0001}","{""detection_events"":46005,""detectors_checked"":170256384,""obs_mistake_mask=E"":2}"
   3760128,         2,         0,   116.9,decoder_by_matrix,36e3cd26fed5ec7649ec51fb08c1a5e7d7f30e615782d954fee045c18a4962ca,"{""distance"":3,""physical_error_rate"":5e-05}","{""detection_events"":27831,""detectors_checked"":203046912,""obs_mistake_mask=E"":2}"
   1682432,         0,         0,    62.0,decoder_by_matrix,beec9fd12293a9cfe53c9b61fb8ce2a525e4eed38fa75d132d6dc64699336876,"{""distance"":3,""physical_error_rate"":0.0001}","{""detection_events"":24336,""detectors_checked"":90851328}"
   1989632,         1,         0,    61.1,decoder_by_matrix,36e3cd26fed5ec7649ec51fb08c1a5e7d7f30e615782d954fee045c18a4962ca,"{""distance"":3,""physical_error_rate"":5e-05}","{""detection_events"":14319,""detectors_checked"":107440128,""obs_mistake_mask=E"":1}"
   1662976,         2,         0,    61.9,decoder_by_matrix,beec9fd12293a9cfe53c9b61fb8ce2a525e4eed38fa75d132d6dc64699336876,"{""distance"":3,""physical_error_rate"":0.0001}","{""detection_events"":23997,""detectors_checked"":89800704,""obs_mistake_mask=E"":2}"
   1957888,         0,         0,    61.3,decoder_by_matrix,36e3cd26fed5ec7649ec51fb08c1a5e7d7f30e615782d954fee045c18a4962ca,"{""distance"":3,""physical_error_rate"":5e-05}","{""detection_events"":14694,""detectors_checked"":105725952}"
   1669120,         1,         0,    61.9,decoder_by_matrix,beec9fd12293a9cfe53c9b61fb8ce2a525e4eed38fa75d132d6dc64699336876,"{""distance"":3,""physical_error_rate"":0.0001}","{""detection_events"":23940,""detectors_checked"":90132480,""obs_mistake_mask=E"":1}"
   1974272,         1,         0,    61.0,decoder_by_matrix,36e3cd26fed5ec7649ec51fb08c1a5e7d7f30e615782d954fee045c18a4962ca,"{""distance"":3,""physical_error_rate"":5e-05}","{""detection_events"":14292,""detectors_checked"":106610688,""obs_mistake_mask=E"":1}"
   2021376,         0,         0,    61.1,decoder_by_matrix,36e3cd26fed5ec7649ec51fb08c1a5e7d7f30e615782d954fee045c18a4962ca,"{""distance"":3,""physical_error_rate"":5e-05}","{""detection_events"":14115,""detectors_checked"":109154304}"
   1650688,         0,         0,    62.6,decoder_by_matrix,beec9fd12293a9cfe53c9b61fb8ce2a525e4eed38fa75d132d6dc64699336876,"{""distance"":3,""physical_error_rate"":0.0001}","{""detection_events"":23751,""detectors_checked"":89137152}"
   1985536,         1,         0,    61.2,decoder_by_matrix,36e3cd26fed5ec7649ec51fb08c1a5e7d7f30e615782d954fee045c18a4962ca,"{""distance"":3,""physical_error_rate"":5e-05}","{""detection_events"":14079,""detectors_checked"":107218944,""obs_mistake_mask=E"":1}"
   1666048,         1,         0,    61.7,decoder_by_matrix,beec9fd12293a9cfe53c9b61fb8ce2a525e4eed38fa75d132d6dc64699336876,"{""distance"":3,""physical_error_rate"":0.0001}","{""detection_events"":24357,""detectors_checked"":89966592,""obs_mistake_mask=E"":1}"
   3150848,         2,         0,   117.9,decoder_by_matrix,beec9fd12293a9cfe53c9b61fb8ce2a525e4eed38fa75d132d6dc64699336876,"{""distance"":3,""physical_error_rate"":0.0001}","{""detection_events"":47892,""detectors_checked"":170145792,""obs_mistake_mask=E"":2}"
   3752960,         3,         0,   116.3,decoder_by_matrix,36e3cd26fed5ec7649ec51fb08c1a5e7d7f30e615782d954fee045c18a4962ca,"{""distance"":3,""physical_error_rate"":5e-05}","{""detection_events"":28050,""detectors_checked"":202659840,""obs_mistake_mask=E"":3}"
   3746816,         0,         0,   116.9,decoder_by_matrix,36e3cd26fed5ec7649ec51fb08c1a5e7d7f30e615782d954fee045c18a4962ca,"{""distance"":3,""physical_error_rate"":5e-05}","{""detection_events"":27426,""detectors_checked"":202328064}"
   3144704,         3,         0,   118.1,decoder_by_matrix,beec9fd12293a9cfe53c9b61fb8ce2a525e4eed38fa75d132d6dc64699336876,"{""distance"":3,""physical_error_rate"":0.0001}","{""detection_events"":46260,""detectors_checked"":169814016,""obs_mistake_mask=E"":3}"
   3766272,         0,         0,   115.6,decoder_by_matrix,36e3cd26fed5ec7649ec51fb08c1a5e7d7f30e615782d954fee045c18a4962ca,"{""distance"":3,""physical_error_rate"":5e-05}","{""detection_events"":28323,""detectors_checked"":203378688}"
   3134464,         1,         0,   116.9,decoder_by_matrix,beec9fd12293a9cfe53c9b61fb8ce2a525e4eed38fa75d132d6dc64699336876,"{""distance"":3,""physical_error_rate"":0.0001}","{""detection_events"":46278,""detectors_checked"":169261056,""obs_mistake_mask=E"":1}"
   3173376,         4,         0,   118.8,decoder_by_matrix,beec9fd12293a9cfe53c9b61fb8ce2a525e4eed38fa75d132d6dc64699336876,"{""distance"":3,""physical_error_rate"":0.0001}","{""detection_events"":46119,""detectors_checked"":171362304,""obs_mistake_mask=E"":4}"
   3165184,         0,         0,   117.8,decoder_by_matrix,beec9fd12293a9cfe53c9b61fb8ce2a525e4eed38fa75d132d6dc64699336876,"{""distance"":3,""physical_error_rate"":0.0001}","{""detection_events"":45501,""detectors_checked"":170919936}"
   3778560,         0,         0,   117.3,decoder_by_matrix,36e3cd26fed5ec7649ec51fb08c1a5e7d7f30e615782d954fee045c18a4962ca,"{""distance"":3,""physical_error_rate"":5e-05}","{""detection_events"":27201,""detectors_checked"":204042240}"
   3777536,         1,         0,   116.4,decoder_by_matrix,36e3cd26fed5ec7649ec51fb08c1a5e7d7f30e615782d954fee045c18a4962ca,"{""distance"":3,""physical_error_rate"":5e-05}","{""detection_events"":27972,""detectors_checked"":203986944,""obs_mistake_mask=E"":1}"
   3141632,         1,         0,   118.3,decoder_by_matrix,beec9fd12293a9cfe53c9b61fb8ce2a525e4eed38fa75d132d6dc64699336876,"{""distance"":3,""physical_error_rate"":0.0001}","{""detection_events"":46716,""detectors_checked"":169648128,""obs_mistake_mask=E"":1}"
   3152896,         2,         0,   117.4,decoder_by_matrix,beec9fd12293a9cfe53c9b61fb8ce2a525e4eed38fa75d132d6dc64699336876,"{""distance"":3,""physical_error_rate"":0.0001}","{""detection_events"":46524,""detectors_checked"":170256384,""obs_mistake_mask=E"":2}"
   3739648,         2,         0,   117.7,decoder_by_matrix,36e3cd26fed5ec7649ec51fb08c1a5e7d7f30e615782d954fee045c18a4962ca,"{""distance"":3,""physical_error_rate"":5e-05}","{""detection_events"":27555,""detectors_checked"":201940992,""obs_mistake_mask=E"":2}"
   3753984,         0,         0,   117.3,decoder_by_matrix,36e3cd26fed5ec7649ec51fb08c1a5e7d7f30e615782d954fee045c18a4962ca,"{""distance"":3,""physical_error_rate"":5e-05}","{""detection_events"":26982,""detectors_checked"":202715136}"
   3116032,         0,         0,   118.5,decoder_by_matrix,beec9fd12293a9cfe53c9b61fb8ce2a525e4eed38fa75d132d6dc64699336876,"{""distance"":3,""physical_error_rate"":0.0001}","{""detection_events"":44757,""detectors_checked"":168265728}"
   3160064,         1,         0,   117.0,decoder_by_matrix,beec9fd12293a9cfe53c9b61fb8ce2a525e4eed38fa75d132d6dc64699336876,"{""distance"":3,""physical_error_rate"":0.0001}","{""detection_events"":45846,""detectors_checked"":170643456,""obs_mistake_mask=E"":1}"
   3770368,         0,         0,   115.7,decoder_by_matrix,36e3cd26fed5ec7649ec51fb08c1a5e7d7f30e615782d954fee045c18a4962ca,"{""distance"":3,""physical_error_rate"":5e-05}","{""detection_events"":27591,""detectors_checked"":203599872}"
   3823616,         1,         0,   117.4,decoder_by_matrix,36e3cd26fed5ec7649ec51fb08c1a5e7d7f30e615782d954fee045c18a4962ca,"{""distance"":3,""physical_error_rate"":5e-05}","{""detection_events"":27027,""detectors_checked"":206475264,""obs_mistake_mask=E"":1}"
   3789824,         0,         0,   116.6,decoder_by_matrix,36e3cd26fed5ec7649ec51fb08c1a5e7d7f30e615782d954fee045c18a4962ca,"{""distance"":3,""physical_error_rate"":5e-05}","{""detection_events"":27381,""detectors_checked"":204650496}"
   3163136,         1,         0,   118.2,decoder_by_matrix,beec9fd12293a9cfe53c9b61fb8ce2a525e4eed38fa75d132d6dc64699336876,"{""distance"":3,""physical_error_rate"":0.0001}","{""detection_events"":46605,""detectors_checked"":170809344,""obs_mistake_mask=E"":1}"
   3127296,         4,         0,   118.0,decoder_by_matrix,beec9fd12293a9cfe53c9b61fb8ce2a525e4eed38fa75d132d6dc64699336876,"{""distance"":3,""physical_error_rate"":0.0001}","{""detection_events"":46596,""detectors_checked"":168873984,""obs_mistake_mask=E"":4}"
   2753536,         0,         0,    85.8,decoder_by_matrix,36e3cd26fed5ec7649ec51fb08c1a5e7d7f30e615782d954fee045c18a4962ca,"{""distance"":3,""physical_error_rate"":5e-05}","{""detection_events"":20163,""detectors_checked"":148690944}"
   2335744,         4,         0,    86.1,decoder_by_matrix,beec9fd12293a9cfe53c9b61fb8ce2a525e4eed38fa75d132d6dc64699336876,"{""distance"":3,""physical_error_rate"":0.0001}","{""detection_events"":33510,""detectors_checked"":126130176,""obs_mistake_mask=E"":4}"
   2335744,         5,         0,    86.7,decoder_by_matrix,beec9fd12293a9cfe53c9b61fb8ce2a525e4eed38fa75d132d6dc64699336876,"{""distance"":3,""physical_error_rate"":0.0001}","{""detection_events"":34512,""detectors_checked"":126130176,""obs_mistake_mask=E"":5}"
   2764800,         0,         0,    85.5,decoder_by_matrix,36e3cd26fed5ec7649ec51fb08c1a5e7d7f30e615782d954fee045c18a4962ca,"{""distance"":3,""physical_error_rate"":5e-05}","{""detection_events"":20406,""detectors_checked"":149299200}"
   2754560,         2,         0,    87.1,decoder_by_matrix,36e3cd26fed5ec7649ec51fb08c1a5e7d7f30e615782d954fee045c18a4962ca,"{""distance"":3,""physical_error_rate"":5e-05}","{""detection_events"":20544,""detectors_checked"":148746240,""obs_mistake_mask=E"":2}"
   2780160,         0,         0,    85.8,decoder_by_matrix,36e3cd26fed5ec7649ec51fb08c1a5e7d7f30e615782d954fee045c18a4962ca,"{""distance"":3,""physical_error_rate"":5e-05}","{""detection_events"":20157,""detectors_checked"":150128640}"
   2323456,         3,         0,    86.3,decoder_by_matrix,beec9fd12293a9cfe53c9b61fb8ce2a525e4eed38fa75d132d6dc64699336876,"{""distance"":3,""physical_error_rate"":0.0001}","{""detection_events"":34482,""detectors_checked"":125466624,""obs_mistake_mask=E"":3}"
   2780160,         1,         0,    86.1,decoder_by_matrix,36e3cd26fed5ec7649ec51fb08c1a5e7d7f30e615782d954fee045c18a4962ca,"{""distance"":3,""physical_error_rate"":5e-05}","{""detection_events"":19941,""detectors_checked"":150128640,""obs_mistake_mask=E"":1}"
   2305024,         2,         0,    86.5,decoder_by_matrix,beec9fd12293a9cfe53c9b61fb8ce2a525e4eed38fa75d132d6dc64699336876,"{""distance"":3,""physical_error_rate"":0.0001}","{""detection_events"":33774,""detectors_checked"":124471296,""obs_mistake_mask=E"":2}"
   2332672,         2,         0,    86.4,decoder_by_matrix,beec9fd12293a9cfe53c9b61fb8ce2a525e4eed38fa75d132d6dc64699336876,"{""distance"":3,""physical_error_rate"":0.0001}","{""detection_events"":34068,""detectors_checked"":125964288,""obs_mistake_mask=E"":2}"
   1856310,         0,         0,    58.5,decoder_by_matrix,36e3cd26fed5ec7649ec51fb08c1a5e7d7f30e615782d954fee045c18a4962ca,"{""distance"":3,""physical_error_rate"":5e-05}","{""detection_events"":13656,""detectors_checked"":100240740}"
   3547136,         1,         0,   109.1,decoder_by_matrix,36e3cd26fed5ec7649ec51fb08c1a5e7d7f30e615782d954fee045c18a4962ca,"{""distance"":3,""physical_error_rate"":5e-05}","{""detection_events"":25494,""detectors_checked"":191545344,""obs_mistake_mask=E"":1}"
   2546581,         1,         0,    78.7,decoder_by_matrix,36e3cd26fed5ec7649ec51fb08c1a5e7d7f30e615782d954fee045c18a4962ca,"{""distance"":3,""physical_error_rate"":5e-05}","{""detection_events"":18903,""detectors_checked"":137515374,""obs_mistake_mask=E"":1}"
   3161088,         2,         0,    96.9,decoder_by_matrix,36e3cd26fed5ec7649ec51fb08c1a5e7d7f30e615782d954fee045c18a4962ca,"{""distance"":3,""physical_error_rate"":5e-05}","{""detection_events"":23070,""detectors_checked"":170698752,""obs_mistake_mask=E"":2}"
   3110912,         0,         0,    96.6,decoder_by_matrix,36e3cd26fed5ec7649ec51fb08c1a5e7d7f30e615782d954fee045c18a4962ca,"{""distance"":3,""physical_error_rate"":5e-05}","{""detection_events"":23178,""detectors_checked"":167989248}"
   3121152,         0,         0,    97.2,decoder_by_matrix,36e3cd26fed5ec7649ec51fb08c1a5e7d7f30e615782d954fee045c18a4962ca,"{""distance"":3,""physical_error_rate"":5e-05}","{""detection_events"":22896,""detectors_checked"":168542208}"
   2843195,         0,         0,    87.7,decoder_by_matrix,36e3cd26fed5ec7649ec51fb08c1a5e7d7f30e615782d954fee045c18a4962ca,"{""distance"":3,""physical_error_rate"":5e-05}","{""detection_events"":20034,""detectors_checked"":153532530}"
   2793472,         0,         0,    87.4,decoder_by_matrix,36e3cd26fed5ec7649ec51fb08c1a5e7d7f30e615782d954fee045c18a4962ca,"{""distance"":3,""physical_error_rate"":5e-05}","{""detection_events"":21123,""detectors_checked"":150847488}"
   2353152,         0,         0,    71.5,decoder_by_matrix,36e3cd26fed5ec7649ec51fb08c1a5e7d7f30e615782d954fee045c18a4962ca,"{""distance"":3,""physical_error_rate"":5e-05}","{""detection_events"":17040,""detectors_checked"":127070208}"
   2305024,         1,         0,    72.5,decoder_by_matrix,36e3cd26fed5ec7649ec51fb08c1a5e7d7f30e615782d954fee045c18a4962ca,"{""distance"":3,""physical_error_rate"":5e-05}","{""detection_events"":17109,""detectors_checked"":124471296,""obs_mistake_mask=E"":1}"
   2333696,         0,         0,    72.9,decoder_by_matrix,36e3cd26fed5ec7649ec51fb08c1a5e7d7f30e615782d954fee045c18a4962ca,"{""distance"":3,""physical_error_rate"":5e-05}","{""detection_events"":16617,""detectors_checked"":126019584}"
    214869,         0,         0,    6.76,decoder_by_matrix,36e3cd26fed5ec7649ec51fb08c1a5e7d7f30e615782d954fee045c18a4962ca,"{""distance"":3,""physical_error_rate"":5e-05}","{""detection_events"":1626,""detectors_checked"":11602926}"
   1483035,         0,         0,    45.2,decoder_by_matrix,36e3cd26fed5ec7649ec51fb08c1a5e7d7f30e615782d954fee045c18a4962ca,"{""distance"":3,""physical_error_rate"":5e-05}","{""detection_events"":10479,""detectors_checked"":80083890}"
   1462272,         1,         0,    45.0,decoder_by_matrix,36e3cd26fed5ec7649ec51fb08c1a5e7d7f30e615782d954fee045c18a4962ca,"{""distance"":3,""physical_error_rate"":5e-05}","{""detection_events"":10458,""detectors_checked"":78962688,""obs_mistake_mask=E"":1}"
   1441792,         0,         0,    45.2,decoder_by_matrix,36e3cd26fed5ec7649ec51fb08c1a5e7d7f30e615782d954fee045c18a4962ca,"{""distance"":3,""physical_error_rate"":5e-05}","{""detection_events"":10836,""detectors_checked"":77856768}"
   1435648,         1,         0,    45.8,decoder_by_matrix,36e3cd26fed5ec7649ec51fb08c1a5e7d7f30e615782d954fee045c18a4962ca,"{""distance"":3,""physical_error_rate"":5e-05}","{""detection_events"":11085,""detectors_checked"":77524992,""obs_mistake_mask=E"":1}"
   1478656,         0,         0,    46.0,decoder_by_matrix,36e3cd26fed5ec7649ec51fb08c1a5e7d7f30e615782d954fee045c18a4962ca,"{""distance"":3,""physical_error_rate"":5e-05}","{""detection_events"":10653,""detectors_checked"":79847424}"
   1390345,         0,         0,    42.3,decoder_by_matrix,36e3cd26fed5ec7649ec51fb08c1a5e7d7f30e615782d954fee045c18a4962ca,"{""distance"":3,""physical_error_rate"":5e-05}","{""detection_events"":10101,""detectors_checked"":75078630}"
   1383424,         0,         0,    43.3,decoder_by_matrix,36e3cd26fed5ec7649ec51fb08c1a5e7d7f30e615782d954fee045c18a4962ca,"{""distance"":3,""physical_error_rate"":5e-05}","{""detection_events"":9936,""detectors_checked"":74704896}"
   3175424,         4,         0,   117.8,decoder_by_matrix,beec9fd12293a9cfe53c9b61fb8ce2a525e4eed38fa75d132d6dc64699336876,"{""distance"":3,""physical_error_rate"":0.0001}","{""detection_events"":44790,""detectors_checked"":171472896,""obs_mistake_mask=E"":4}"
   3146752,         2,         0,   117.7,decoder_by_matrix,beec9fd12293a9cfe53c9b61fb8ce2a525e4eed38fa75d132d6dc64699336876,"{""distance"":3,""physical_error_rate"":0.0001}","{""detection_events"":45906,""detectors_checked"":169924608,""obs_mistake_mask=E"":2}"
   3127296,         2,         0,   117.3,decoder_by_matrix,beec9fd12293a9cfe53c9b61fb8ce2a525e4eed38fa75d132d6dc64699336876,"{""distance"":3,""physical_error_rate"":0.0001}","{""detection_events"":46812,""detectors_checked"":168873984,""obs_mistake_mask=E"":2}"
   3152896,         3,         0,   116.3,decoder_by_matrix,beec9fd12293a9cfe53c9b61fb8ce2a525e4eed38fa75d132d6dc64699336876,"{""distance"":3,""physical_error_rate"":0.0001}","{""detection_events"":46677,""detectors_checked"":170256384,""obs_mistake_mask=E"":3}"
    939801,         1,         0,    29.0,decoder_by_matrix,36e3cd26fed5ec7649ec51fb08c1a5e7d7f30e615782d954fee045c18a4962ca,"{""distance"":3,""physical_error_rate"":5e-05}","{""detection_events"":6717,""detectors_checked"":50749254,""obs_mistake_mask=E"":1}"
    915456,         0,         0,    29.1,decoder_by_matrix,36e3cd26fed5ec7649ec51fb08c1a5e7d7f30e615782d954fee045c18a4962ca,"{""distance"":3,""physical_error_rate"":5e-05}","{""detection_events"":6816,""detectors_checked"":49434624}"
    917504,         0,         0,    29.2,decoder_by_matrix,36e3cd26fed5ec7649ec51fb08c1a5e7d7f30e615782d954fee045c18a4962ca,"{""distance"":3,""physical_error_rate"":5e-05}","{""detection_events"":6987,""detectors_checked"":49545216}"
    935936,         0,         0,    28.9,decoder_by_matrix,36e3cd26fed5ec7649ec51fb08c1a5e7d7f30e615782d954fee045c18a4962ca,"{""distance"":3,""physical_error_rate"":5e-05}","{""detection_events"":6795,""detectors_checked"":50540544}"
    794599,         0,         0,    24.6,decoder_by_matrix,36e3cd26fed5ec7649ec51fb08c1a5e7d7f30e615782d954fee045c18a4962ca,"{""distance"":3,""physical_error_rate"":5e-05}","{""detection_events"":5895,""detectors_checked"":42908346}"
    784384,         0,         0,    24.5,decoder_by_matrix,36e3cd26fed5ec7649ec51fb08c1a5e7d7f30e615782d954fee045c18a4962ca,"{""distance"":3,""physical_error_rate"":5e-05}","{""detection_events"":5853,""detectors_checked"":42356736}"
    792576,         0,         0,    24.9,decoder_by_matrix,36e3cd26fed5ec7649ec51fb08c1a5e7d7f30e615782d954fee045c18a4962ca,"{""distance"":3,""physical_error_rate"":5e-05}","{""detection_events"":5583,""detectors_checked"":42799104}"
    780288,         0,         0,    24.8,decoder_by_matrix,36e3cd26fed5ec7649ec51fb08c1a5e7d7f30e615782d954fee045c18a4962ca,"{""distance"":3,""physical_error_rate"":5e-05}","{""detection_events"":6099,""detectors_checked"":42135552}"
    571881,         0,         0,    17.9,decoder_by_matrix,36e3cd26fed5ec7649ec51fb08c1a5e7d7f30e615782d954fee045c18a4962ca,"{""distance"":3,""physical_error_rate"":5e-05}","{""detection_events"":4161,""detectors_checked"":30881574}"
    392192,         0,         0,    12.2,decoder_by_matrix,36e3cd26fed5ec7649ec51fb08c1a5e7d7f30e615782d954fee045c18a4962ca,"{""distance"":3,""physical_error_rate"":5e-05}","{""detection_events"":2748,""detectors_checked"":21178368}"
    409600,         0,         0,    12.5,decoder_by_matrix,36e3cd26fed5ec7649ec51fb08c1a5e7d7f30e615782d954fee045c18a4962ca,"{""distance"":3,""physical_error_rate"":5e-05}","{""detection_events"":2730,""detectors_checked"":22118400}"
    391168,         0,         0,    11.9,decoder_by_matrix,36e3cd26fed5ec7649ec51fb08c1a5e7d7f30e615782d954fee045c18a4962ca,"{""distance"":3,""physical_error_rate"":5e-05}","{""detection_events"":2712,""detectors_checked"":21123072}"
    397312,         0,         0,    12.3,decoder_by_matrix,36e3cd26fed5ec7649ec51fb08c1a5e7d7f30e615782d954fee045c18a4962ca,"{""distance"":3,""physical_error_rate"":5e-05}","{""detection_events"":3012,""detectors_checked"":21454848}"
    403456,         0,         0,    11.8,decoder_by_matrix,36e3cd26fed5ec7649ec51fb08c1a5e7d7f30e615782d954fee045c18a4962ca,"{""distance"":3,""physical_error_rate"":5e-05}","{""detection_events"":2775,""detectors_checked"":21786624}"
    392192,         1,         0,    12.3,decoder_by_matrix,36e3cd26fed5ec7649ec51fb08c1a5e7d7f30e615782d954fee045c18a4962ca,"{""distance"":3,""physical_error_rate"":5e-05}","{""detection_events"":2724,""detectors_checked"":21178368,""obs_mistake_mask=E"":1}"
    388810,         0,         0,    11.9,decoder_by_matrix,36e3cd26fed5ec7649ec51fb08c1a5e7d7f30e615782d954fee045c18a4962ca,"{""distance"":3,""physical_error_rate"":5e-05}","{""detection_events"":2832,""detectors_checked"":20995740}"
   3168256,         1,         0,   119.0,decoder_by_matrix,beec9fd12293a9cfe53c9b61fb8ce2a525e4eed38fa75d132d6dc64699336876,"{""distance"":3,""physical_error_rate"":0.0001}","{""detection_events"":45561,""detectors_checked"":171085824,""obs_mistake_mask=E"":1}"
   3161088,         2,         0,   117.7,decoder_by_matrix,beec9fd12293a9cfe53c9b61fb8ce2a525e4eed38fa75d132d6dc64699336876,"{""distance"":3,""physical_error_rate"":0.0001}","{""detection_events"":46308,""detectors_checked"":170698752,""obs_mistake_mask=E"":2}"
   3149824,         3,         0,   117.6,decoder_by_matrix,beec9fd12293a9cfe53c9b61fb8ce2a525e4eed38fa75d132d6dc64699336876,"{""distance"":3,""physical_error_rate"":0.0001}","{""detection_events"":46215,""detectors_checked"":170090496,""obs_mistake_mask=E"":3}"
    215389,         0,         0,    6.12,decoder_by_matrix,36e3cd26fed5ec7649ec51fb08c1a5e7d7f30e615782d954fee045c18a4962ca,"{""distance"":3,""physical_error_rate"":5e-05}","{""detection_events"":1446,""detectors_checked"":11631006}"
    202752,         0,         0,    6.26,decoder_by_matrix,36e3cd26fed5ec7649ec51fb08c1a5e7d7f30e615782d954fee045c18a4962ca,"{""distance"":3,""physical_error_rate"":5e-05}","{""detection_events"":1245,""detectors_checked"":10948608}"
    211968,         0,         0,    6.46,decoder_by_matrix,36e3cd26fed5ec7649ec51fb08c1a5e7d7f30e615782d954fee045c18a4962ca,"{""distance"":3,""physical_error_rate"":5e-05}","{""detection_events"":1362,""detectors_checked"":11446272}"
    201928,         1,         0,    6.13,decoder_by_matrix,36e3cd26fed5ec7649ec51fb08c1a5e7d7f30e615782d954fee045c18a4962ca,"{""distance"":3,""physical_error_rate"":5e-05}","{""detection_events"":1467,""detectors_checked"":10904112,""obs_mistake_mask=E"":1}"
    201928,         0,         0,    6.31,decoder_by_matrix,36e3cd26fed5ec7649ec51fb08c1a5e7d7f30e615782d954fee045c18a4962ca,"{""distance"":3,""physical_error_rate"":5e-05}","{""detection_events"":1611,""detectors_checked"":10904112}"
    207872,         1,         0,    6.10,decoder_by_matrix,36e3cd26fed5ec7649ec51fb08c1a5e7d7f30e615782d954fee045c18a4962ca,"{""distance"":3,""physical_error_rate"":5e-05}","{""detection_events"":1437,""detectors_checked"":11225088,""obs_mistake_mask=E"":1}"
    199680,         0,         0,    6.52,decoder_by_matrix,36e3cd26fed5ec7649ec51fb08c1a5e7d7f30e615782d954fee045c18a4962ca,"{""distance"":3,""physical_error_rate"":5e-05}","{""detection_events"":1668,""detectors_checked"":10782720}"
    195584,         0,         0,    5.80,decoder_by_matrix,36e3cd26fed5ec7649ec51fb08c1a5e7d7f30e615782d954fee045c18a4962ca,"{""distance"":3,""physical_error_rate"":5e-05}","{""detection_events"":1359,""detectors_checked"":10561536}"
    188416,         0,         0,    5.76,decoder_by_matrix,36e3cd26fed5ec7649ec51fb08c1a5e7d7f30e615782d954fee045c18a4962ca,"{""distance"":3,""physical_error_rate"":5e-05}","{""detection_events"":1545,""detectors_checked"":10174464}"
    187392,         0,         0,    5.94,decoder_by_matrix,36e3cd26fed5ec7649ec51fb08c1a5e7d7f30e615782d954fee045c18a4962ca,"{""distance"":3,""physical_error_rate"":5e-05}","{""detection_events"":1389,""detectors_checked"":10119168}"
      2248,         0,         0,   0.003,decoder_by_matrix,36e3cd26fed5ec7649ec51fb08c1a5e7d7f30e615782d954fee045c18a4962ca,"{""distance"":3,""physical_error_rate"":5e-05}","{""detection_events"":15,""detectors_checked"":121392}"
    182272,         0,         0,    5.95,decoder_by_matrix,36e3cd26fed5ec7649ec51fb08c1a5e7d7f30e615782d954fee045c18a4962ca,"{""distance"":3,""physical_error_rate"":5e-05}","{""detection_events"":1425,""detectors_checked"":9842688}"
      7517,         0,         0,   0.130,decoder_by_matrix,36e3cd26fed5ec7649ec51fb08c1a5e7d7f30e615782d954fee045c18a4962ca,"{""distance"":3,""physical_error_rate"":5e-05}","{""detection_events"":45,""detectors_checked"":405918}"
      6344,         0,         0,   0.047,decoder_by_matrix,36e3cd26fed5ec7649ec51fb08c1a5e7d7f30e615782d954fee045c18a4962ca,"{""distance"":3,""physical_error_rate"":5e-05}","{""detection_events"":9,""detectors_checked"":342576}"
    194560,         0,         0,    5.89,decoder_by_matrix,36e3cd26fed5ec7649ec51fb08c1a5e7d7f30e615782d954fee045c18a4962ca,"{""distance"":3,""physical_error_rate"":5e-05}","{""detection_events"":1497,""detectors_checked"":10506240}"
    195584,         0,         0,    5.87,decoder_by_matrix,36e3cd26fed5ec7649ec51fb08c1a5e7d7f30e615782d954fee045c18a4962ca,"{""distance"":3,""physical_error_rate"":5e-05}","{""detection_events"":1344,""detectors_checked"":10561536}"
    201728,         0,         0,    5.99,decoder_by_matrix,36e3cd26fed5ec7649ec51fb08c1a5e7d7f30e615782d954fee045c18a4962ca,"{""distance"":3,""physical_error_rate"":5e-05}","{""detection_events"":1515,""detectors_checked"":10893312}"
       200,         0,         0,   0.000,decoder_by_matrix,36e3cd26fed5ec7649ec51fb08c1a5e7d7f30e615782d954fee045c18a4962ca,"{""distance"":3,""physical_error_rate"":5e-05}","{""detectors_checked"":10800}"
    194560,         0,         0,    5.96,decoder_by_matrix,36e3cd26fed5ec7649ec51fb08c1a5e7d7f30e615782d954fee045c18a4962ca,"{""distance"":3,""physical_error_rate"":5e-05}","{""detection_events"":1491,""detectors_checked"":10506240}"
      7368,         0,         0,   0.055,decoder_by_matrix,36e3cd26fed5ec7649ec51fb08c1a5e7d7f30e615782d954fee045c18a4962ca,"{""distance"":3,""physical_error_rate"":5e-05}","{""detection_events"":21,""detectors_checked"":397872}"
    198656,         0,         0,    6.47,decoder_by_matrix,36e3cd26fed5ec7649ec51fb08c1a5e7d7f30e615782d954fee045c18a4962ca,"{""distance"":3,""physical_error_rate"":5e-05}","{""detection_events"":1656,""detectors_checked"":10727424}"
     13512,         0,         0,   0.182,decoder_by_matrix,36e3cd26fed5ec7649ec51fb08c1a5e7d7f30e615782d954fee045c18a4962ca,"{""distance"":3,""physical_error_rate"":5e-05}","{""detection_events"":42,""detectors_checked"":729648}"
       191,         0,         0,   0.000,decoder_by_matrix,36e3cd26fed5ec7649ec51fb08c1a5e7d7f30e615782d954fee045c18a4962ca,"{""distance"":3,""physical_error_rate"":5e-05}","{""detectors_checked"":10314}"
       191,         0,         0,   0.000,decoder_by_matrix,36e3cd26fed5ec7649ec51fb08c1a5e7d7f30e615782d954fee045c18a4962ca,"{""distance"":3,""physical_error_rate"":5e-05}","{""detectors_checked"":10314}"
      3272,         0,         0,   0.003,decoder_by_matrix,36e3cd26fed5ec7649ec51fb08c1a5e7d7f30e615782d954fee045c18a4962ca,"{""distance"":3,""physical_error_rate"":5e-05}","{""detection_events"":12,""detectors_checked"":176688}"
      2322,         0,         0,   0.034,decoder_by_matrix,36e3cd26fed5ec7649ec51fb08c1a5e7d7f30e615782d954fee045c18a4962ca,"{""distance"":3,""physical_error_rate"":5e-05}","{""detection_events"":36,""detectors_checked"":125388}"
      7368,         0,         0,   0.060,decoder_by_matrix,36e3cd26fed5ec7649ec51fb08c1a5e7d7f30e615782d954fee045c18a4962ca,"{""distance"":3,""physical_error_rate"":5e-05}","{""detection_events"":33,""detectors_checked"":397872}"
      6344,         0,         0,   0.150,decoder_by_matrix,36e3cd26fed5ec7649ec51fb08c1a5e7d7f30e615782d954fee045c18a4962ca,"{""distance"":3,""physical_error_rate"":5e-05}","{""detection_events"":72,""detectors_checked"":342576}"
     15360,         0,         0,   0.441,decoder_by_matrix,36e3cd26fed5ec7649ec51fb08c1a5e7d7f30e615782d954fee045c18a4962ca,"{""distance"":3,""physical_error_rate"":5e-05}","{""detection_events"":108,""detectors_checked"":829440}"
     13312,         0,         0,   0.306,decoder_by_matrix,36e3cd26fed5ec7649ec51fb08c1a5e7d7f30e615782d954fee045c18a4962ca,"{""distance"":3,""physical_error_rate"":5e-05}","{""detection_events"":81,""detectors_checked"":718848}"
       460,         0,         0,   0.001,decoder_by_matrix,36e3cd26fed5ec7649ec51fb08c1a5e7d7f30e615782d954fee045c18a4962ca,"{""distance"":3,""physical_error_rate"":5e-05}","{""detection_events"":3,""detectors_checked"":24840}"
     11276,         0,         0,   0.011,decoder_by_matrix,36e3cd26fed5ec7649ec51fb08c1a5e7d7f30e615782d954fee045c18a4962ca,"{""distance"":3,""physical_error_rate"":5e-05}","{""detection_events"":72,""detectors_checked"":608904}"
       238,         0,         0,   0.000,decoder_by_matrix,36e3cd26fed5ec7649ec51fb08c1a5e7d7f30e615782d954fee045c18a4962ca,"{""distance"":3,""physical_error_rate"":5e-05}","{""detectors_checked"":12852}"
     18432,         0,         0,   0.470,decoder_by_matrix,36e3cd26fed5ec7649ec51fb08c1a5e7d7f30e615782d954fee045c18a4962ca,"{""distance"":3,""physical_error_rate"":5e-05}","{""detection_events"":93,""detectors_checked"":995328}"
     16384,         0,         0,   0.475,decoder_by_matrix,36e3cd26fed5ec7649ec51fb08c1a5e7d7f30e615782d954fee045c18a4962ca,"{""distance"":3,""physical_error_rate"":5e-05}","{""detection_events"":117,""detectors_checked"":884736}"
     18432,         0,         0,   0.597,decoder_by_matrix,36e3cd26fed5ec7649ec51fb08c1a5e7d7f30e615782d954fee045c18a4962ca,"{""distance"":3,""physical_error_rate"":5e-05}","{""detection_events"":174,""detectors_checked"":995328}"
     11276,         0,         0,   0.181,decoder_by_matrix,36e3cd26fed5ec7649ec51fb08c1a5e7d7f30e615782d954fee045c18a4962ca,"{""distance"":3,""physical_error_rate"":5e-05}","{""detection_events"":108,""detectors_checked"":608904}"
       986,         0,         0,   0.001,decoder_by_matrix,36e3cd26fed5ec7649ec51fb08c1a5e7d7f30e615782d954fee045c18a4962ca,"{""distance"":3,""physical_error_rate"":5e-05}","{""detection_events"":21,""detectors_checked"":53244}"
      2388,         0,         0,   0.002,decoder_by_matrix,36e3cd26fed5ec7649ec51fb08c1a5e7d7f30e615782d954fee045c18a4962ca,"{""distance"":3,""physical_error_rate"":5e-05}","{""detection_events"":15,""detectors_checked"":128952}"
       286,         0,         0,   0.000,decoder_by_matrix,36e3cd26fed5ec7649ec51fb08c1a5e7d7f30e615782d954fee045c18a4962ca,"{""distance"":3,""physical_error_rate"":5e-05}","{""detectors_checked"":15444}"
       329,         0,         0,   0.000,decoder_by_matrix,36e3cd26fed5ec7649ec51fb08c1a5e7d7f30e615782d954fee045c18a4962ca,"{""distance"":3,""physical_error_rate"":5e-05}","{""detectors_checked"":17766}"
        65,         0,         0,   0.000,decoder_by_matrix,36e3cd26fed5ec7649ec51fb08c1a5e7d7f30e615782d954fee045c18a4962ca,"{""distance"":3,""physical_error_rate"":5e-05}","{""detectors_checked"":3510}"
      3284,         0,         0,   0.003,decoder_by_matrix,36e3cd26fed5ec7649ec51fb08c1a5e7d7f30e615782d954fee045c18a4962ca,"{""distance"":3,""physical_error_rate"":5e-05}","{""detection_events"":24,""detectors_checked"":177336}"
      1024,         0,         0,   0.001,decoder_by_matrix,36e3cd26fed5ec7649ec51fb08c1a5e7d7f30e615782d954fee045c18a4962ca,"{""distance"":3,""physical_error_rate"":5e-05}","{""detection_events"":27,""detectors_checked"":55296}"
      1163,         0,         0,   0.001,decoder_by_matrix,36e3cd26fed5ec7649ec51fb08c1a5e7d7f30e615782d954fee045c18a4962ca,"{""distance"":3,""physical_error_rate"":5e-05}","{""detectors_checked"":62802}"
      5899,         0,         0,   0.081,decoder_by_matrix,36e3cd26fed5ec7649ec51fb08c1a5e7d7f30e615782d954fee045c18a4962ca,"{""distance"":3,""physical_error_rate"":5e-05}","{""detection_events"":30,""detectors_checked"":318546}"
      4570,         0,         0,   0.003,decoder_by_matrix,36e3cd26fed5ec7649ec51fb08c1a5e7d7f30e615782d954fee045c18a4962ca,"{""distance"":3,""physical_error_rate"":5e-05}","{""detection_events"":18,""detectors_checked"":246780}"
        73,         0,         0,   0.000,decoder_by_matrix,36e3cd26fed5ec7649ec51fb08c1a5e7d7f30e615782d954fee045c18a4962ca,"{""distance"":3,""physical_error_rate"":5e-05}","{""detectors_checked"":3942}"
      1566,         0,         0,   0.001,decoder_by_matrix,36e3cd26fed5ec7649ec51fb08c1a5e7d7f30e615782d954fee045c18a4962ca,"{""distance"":3,""physical_error_rate"":5e-05}","{""detectors_checked"":84564}"
     14336,         0,         0,   0.334,decoder_by_matrix,36e3cd26fed5ec7649ec51fb08c1a5e7d7f30e615782d954fee045c18a4962ca,"{""distance"":3,""physical_error_rate"":5e-05}","{""detection_events"":84,""detectors_checked"":774144}"
     21504,         0,         0,   0.567,decoder_by_matrix,36e3cd26fed5ec7649ec51fb08c1a5e7d7f30e615782d954fee045c18a4962ca,"{""distance"":3,""physical_error_rate"":5e-05}","{""detection_events"":147,""detectors_checked"":1161216}"
      4513,         0,         0,   0.097,decoder_by_matrix,36e3cd26fed5ec7649ec51fb08c1a5e7d7f30e615782d954fee045c18a4962ca,"{""distance"":3,""physical_error_rate"":5e-05}","{""detection_events"":42,""detectors_checked"":243702}"
       212,         0,         0,   0.000,decoder_by_matrix,36e3cd26fed5ec7649ec51fb08c1a5e7d7f30e615782d954fee045c18a4962ca,"{""distance"":3,""physical_error_rate"":5e-05}","{""detectors_checked"":11448}"
      2315,         0,         0,   0.001,decoder_by_matrix,36e3cd26fed5ec7649ec51fb08c1a5e7d7f30e615782d954fee045c18a4962ca,"{""distance"":3,""physical_error_rate"":5e-05}","{""detection_events"":9,""detectors_checked"":125010}"
      5972,         0,         0,   0.064,decoder_by_matrix,36e3cd26fed5ec7649ec51fb08c1a5e7d7f30e615782d954fee045c18a4962ca,"{""distance"":3,""physical_error_rate"":5e-05}","{""detection_events"":75,""detectors_checked"":322488}"
      1152,         0,         0,   0.002,decoder_by_matrix,36e3cd26fed5ec7649ec51fb08c1a5e7d7f30e615782d954fee045c18a4962ca,"{""distance"":3,""physical_error_rate"":5e-05}","{""detection_events"":6,""detectors_checked"":62208}"
      5972,         0,         0,   0.092,decoder_by_matrix,36e3cd26fed5ec7649ec51fb08c1a5e7d7f30e615782d954fee045c18a4962ca,"{""distance"":3,""physical_error_rate"":5e-05}","{""detection_events"":51,""detectors_checked"":322488}"
       807,         0,         0,   0.001,decoder_by_matrix,36e3cd26fed5ec7649ec51fb08c1a5e7d7f30e615782d954fee045c18a4962ca,"{""distance"":3,""physical_error_rate"":5e-05}","{""detection_events"":15,""detectors_checked"":43578}"
      1594,         0,         0,   0.001,decoder_by_matrix,36e3cd26fed5ec7649ec51fb08c1a5e7d7f30e615782d954fee045c18a4962ca,"{""distance"":3,""physical_error_rate"":5e-05}","{""detectors_checked"":86076}"
        64,         0,         0,   0.000,decoder_by_matrix,36e3cd26fed5ec7649ec51fb08c1a5e7d7f30e615782d954fee045c18a4962ca,"{""distance"":3,""physical_error_rate"":5e-05}","{""detectors_checked"":3456}"
       249,         0,         0,   0.000,decoder_by_matrix,36e3cd26fed5ec7649ec51fb08c1a5e7d7f30e615782d954fee045c18a4962ca,"{""distance"":3,""physical_error_rate"":5e-05}","{""detection_events"":21,""detectors_checked"":13446}"
       704,         0,         0,   0.002,decoder_by_matrix,36e3cd26fed5ec7649ec51fb08c1a5e7d7f30e615782d954fee045c18a4962ca,"{""distance"":3,""physical_error_rate"":5e-05}","{""detection_events"":12,""detectors_checked"":38016}"
      1430,         0,         0,   0.001,decoder_by_matrix,36e3cd26fed5ec7649ec51fb08c1a5e7d7f30e615782d954fee045c18a4962ca,"{""distance"":3,""physical_error_rate"":5e-05}","{""detectors_checked"":77220}"
      6144,         0,         0,   0.150,decoder_by_matrix,36e3cd26fed5ec7649ec51fb08c1a5e7d7f30e615782d954fee045c18a4962ca,"{""distance"":3,""physical_error_rate"":5e-05}","{""detection_events"":30,""detectors_checked"":331776}"
       957,         0,         0,   0.001,decoder_by_matrix,36e3cd26fed5ec7649ec51fb08c1a5e7d7f30e615782d954fee045c18a4962ca,"{""distance"":3,""physical_error_rate"":5e-05}","{""detection_events"":9,""detectors_checked"":51678}"
       897,         0,         0,   0.001,decoder_by_matrix,36e3cd26fed5ec7649ec51fb08c1a5e7d7f30e615782d954fee045c18a4962ca,"{""distance"":3,""physical_error_rate"":5e-05}","{""detection_events"":9,""detectors_checked"":48438}"
       283,         0,         0,   0.000,decoder_by_matrix,36e3cd26fed5ec7649ec51fb08c1a5e7d7f30e615782d954fee045c18a4962ca,"{""distance"":3,""physical_error_rate"":5e-05}","{""detectors_checked"":15282}"
        60,         0,         0,   0.000,decoder_by_matrix,36e3cd26fed5ec7649ec51fb08c1a5e7d7f30e615782d954fee045c18a4962ca,"{""distance"":3,""physical_error_rate"":5e-05}","{""detectors_checked"":3240}"
       820,         0,         0,   0.000,decoder_by_matrix,36e3cd26fed5ec7649ec51fb08c1a5e7d7f30e615782d954fee045c18a4962ca,"{""distance"":3,""physical_error_rate"":5e-05}","{""detectors_checked"":44280}"
       283,         0,         0,   0.000,decoder_by_matrix,36e3cd26fed5ec7649ec51fb08c1a5e7d7f30e615782d954fee045c18a4962ca,"{""distance"":3,""physical_error_rate"":5e-05}","{""detection_events"":6,""detectors_checked"":15282}"
       751,         0,         0,   0.000,decoder_by_matrix,36e3cd26fed5ec7649ec51fb08c1a5e7d7f30e615782d954fee045c18a4962ca,"{""distance"":3,""physical_error_rate"":5e-05}","{""detectors_checked"":40554}"
       704,         0,         0,   0.000,decoder_by_matrix,36e3cd26fed5ec7649ec51fb08c1a5e7d7f30e615782d954fee045c18a4962ca,"{""distance"":3,""physical_error_rate"":5e-05}","{""detectors_checked"":38016}"
       660,         0,         0,   0.000,decoder_by_matrix,36e3cd26fed5ec7649ec51fb08c1a5e7d7f30e615782d954fee045c18a4962ca,"{""distance"":3,""physical_error_rate"":5e-05}","{""detectors_checked"":35640}"
       293,         0,         0,   0.000,decoder_by_matrix,36e3cd26fed5ec7649ec51fb08c1a5e7d7f30e615782d954fee045c18a4962ca,"{""distance"":3,""physical_error_rate"":5e-05}","{""detectors_checked"":15822}"
       253,         0,         0,   0.000,decoder_by_matrix,36e3cd26fed5ec7649ec51fb08c1a5e7d7f30e615782d954fee045c18a4962ca,"{""distance"":3,""physical_error_rate"":5e-05}","{""detectors_checked"":13662}"
       237,         0,         0,   0.000,decoder_by_matrix,36e3cd26fed5ec7649ec51fb08c1a5e7d7f30e615782d954fee045c18a4962ca,"{""distance"":3,""physical_error_rate"":5e-05}","{""detectors_checked"":12798}"
       384,         0,         0,   0.000,decoder_by_matrix,36e3cd26fed5ec7649ec51fb08c1a5e7d7f30e615782d954fee045c18a4962ca,"{""distance"":3,""physical_error_rate"":5e-05}","{""detectors_checked"":20736}"
       206,         0,         0,   0.000,decoder_by_matrix,36e3cd26fed5ec7649ec51fb08c1a5e7d7f30e615782d954fee045c18a4962ca,"{""distance"":3,""physical_error_rate"":5e-05}","{""detectors_checked"":11124}"
       233,         0,         0,   0.000,decoder_by_matrix,36e3cd26fed5ec7649ec51fb08c1a5e7d7f30e615782d954fee045c18a4962ca,"{""distance"":3,""physical_error_rate"":5e-05}","{""detectors_checked"":12582}"
        60,         0,         0,   0.000,decoder_by_matrix,36e3cd26fed5ec7649ec51fb08c1a5e7d7f30e615782d954fee045c18a4962ca,"{""distance"":3,""physical_error_rate"":5e-05}","{""detectors_checked"":3240}"
       137,         0,         0,   0.000,decoder_by_matrix,36e3cd26fed5ec7649ec51fb08c1a5e7d7f30e615782d954fee045c18a4962ca,"{""distance"":3,""physical_error_rate"":5e-05}","{""detectors_checked"":7398}"
        64,         0,         0,   0.000,decoder_by_matrix,36e3cd26fed5ec7649ec51fb08c1a5e7d7f30e615782d954fee045c18a4962ca,"{""distance"":3,""physical_error_rate"":5e-05}","{""detection_events"":9,""detectors_checked"":3456}"
       384,         0,         0,   0.000,decoder_by_matrix,36e3cd26fed5ec7649ec51fb08c1a5e7d7f30e615782d954fee045c18a4962ca,"{""distance"":3,""physical_error_rate"":5e-05}","{""detectors_checked"":20736}"
      1026,         0,         0,   0.001,decoder_by_matrix,36e3cd26fed5ec7649ec51fb08c1a5e7d7f30e615782d954fee045c18a4962ca,"{""distance"":3,""physical_error_rate"":5e-05}","{""detectors_checked"":55404}"
      5143,         0,         0,   0.121,decoder_by_matrix,36e3cd26fed5ec7649ec51fb08c1a5e7d7f30e615782d954fee045c18a4962ca,"{""distance"":3,""physical_error_rate"":5e-05}","{""detection_events"":36,""detectors_checked"":277722}"
       118,         0,         0,   0.000,decoder_by_matrix,36e3cd26fed5ec7649ec51fb08c1a5e7d7f30e615782d954fee045c18a4962ca,"{""distance"":3,""physical_error_rate"":5e-05}","{""detection_events"":3,""detectors_checked"":6372}"
        85,         0,         0,   0.000,decoder_by_matrix,36e3cd26fed5ec7649ec51fb08c1a5e7d7f30e615782d954fee045c18a4962ca,"{""distance"":3,""physical_error_rate"":5e-05}","{""detectors_checked"":4590}"
        80,         0,         0,   0.000,decoder_by_matrix,36e3cd26fed5ec7649ec51fb08c1a5e7d7f30e615782d954fee045c18a4962ca,"{""distance"":3,""physical_error_rate"":5e-05}","{""detectors_checked"":4320}"
        75,         0,         0,   0.000,decoder_by_matrix,36e3cd26fed5ec7649ec51fb08c1a5e7d7f30e615782d954fee045c18a4962ca,"{""distance"":3,""physical_error_rate"":5e-05}","{""detectors_checked"":4050}"
         7,         0,         0,   0.000,decoder_by_matrix,36e3cd26fed5ec7649ec51fb08c1a5e7d7f30e615782d954fee045c18a4962ca,"{""distance"":3,""physical_error_rate"":5e-05}","{""detectors_checked"":378}"
        70,         0,         0,   0.000,decoder_by_matrix,36e3cd26fed5ec7649ec51fb08c1a5e7d7f30e615782d954fee045c18a4962ca,"{""distance"":3,""physical_error_rate"":5e-05}","{""detectors_checked"":3780}"
        65,         0,         0,   0.000,decoder_by_matrix,36e3cd26fed5ec7649ec51fb08c1a5e7d7f30e615782d954fee045c18a4962ca,"{""distance"":3,""physical_error_rate"":5e-05}","{""detectors_checked"":3510}"
        61,         0,         0,   0.000,decoder_by_matrix,36e3cd26fed5ec7649ec51fb08c1a5e7d7f30e615782d954fee045c18a4962ca,"{""distance"":3,""physical_error_rate"":5e-05}","{""detectors_checked"":3294}"
        22,         0,         0,   0.000,decoder_by_matrix,36e3cd26fed5ec7649ec51fb08c1a5e7d7f30e615782d954fee045c18a4962ca,"{""distance"":3,""physical_error_rate"":5e-05}","{""detectors_checked"":1188}"
        61,         0,         0,   0.000,decoder_by_matrix,36e3cd26fed5ec7649ec51fb08c1a5e7d7f30e615782d954fee045c18a4962ca,"{""distance"":3,""physical_error_rate"":5e-05}","{""detectors_checked"":3294}"
        70,         0,         0,   0.000,decoder_by_matrix,36e3cd26fed5ec7649ec51fb08c1a5e7d7f30e615782d954fee045c18a4962ca,"{""distance"":3,""physical_error_rate"":5e-05}","{""detectors_checked"":3780}"
        70,         0,         0,   0.000,decoder_by_matrix,36e3cd26fed5ec7649ec51fb08c1a5e7d7f30e615782d954fee045c18a4962ca,"{""distance"":3,""physical_error_rate"":5e-05}","{""detectors_checked"":3780}"
        61,         0,         0,   0.000,decoder_by_matrix,36e3cd26fed5ec7649ec51fb08c1a5e7d7f30e615782d954fee045c18a4962ca,"{""distance"":3,""physical_error_rate"":5e-05}","{""detectors_checked"":3294}"
        40,         0,         0,   0.000,decoder_by_matrix,36e3cd26fed5ec7649ec51fb08c1a5e7d7f30e615782d954fee045c18a4962ca,"{""distance"":3,""physical_error_rate"":5e-05}","{""detectors_checked"":2160}"
        65,         0,         0,   0.000,decoder_by_matrix,36e3cd26fed5ec7649ec51fb08c1a5e7d7f30e615782d954fee045c18a4962ca,"{""distance"":3,""physical_error_rate"":5e-05}","{""detectors_checked"":3510}"
        33,         0,         0,   0.000,decoder_by_matrix,36e3cd26fed5ec7649ec51fb08c1a5e7d7f30e615782d954fee045c18a4962ca,"{""distance"":3,""physical_error_rate"":5e-05}","{""detectors_checked"":1782}"
         4,         0,         0,   0.000,decoder_by_matrix,36e3cd26fed5ec7649ec51fb08c1a5e7d7f30e615782d954fee045c18a4962ca,"{""distance"":3,""physical_error_rate"":5e-05}","{""detectors_checked"":216}"
        31,         0,         0,   0.000,decoder_by_matrix,36e3cd26fed5ec7649ec51fb08c1a5e7d7f30e615782d954fee045c18a4962ca,"{""distance"":3,""physical_error_rate"":5e-05}","{""detectors_checked"":1674}"
        61,         0,         0,   0.000,decoder_by_matrix,36e3cd26fed5ec7649ec51fb08c1a5e7d7f30e615782d954fee045c18a4962ca,"{""distance"":3,""physical_error_rate"":5e-05}","{""detectors_checked"":3294}"
        61,         0,         0,   0.000,decoder_by_matrix,36e3cd26fed5ec7649ec51fb08c1a5e7d7f30e615782d954fee045c18a4962ca,"{""distance"":3,""physical_error_rate"":5e-05}","{""detectors_checked"":3294}"
        21,         0,         0,   0.000,decoder_by_matrix,36e3cd26fed5ec7649ec51fb08c1a5e7d7f30e615782d954fee045c18a4962ca,"{""distance"":3,""physical_error_rate"":5e-05}","{""detectors_checked"":1134}"
        70,         0,         0,   0.000,decoder_by_matrix,36e3cd26fed5ec7649ec51fb08c1a5e7d7f30e615782d954fee045c18a4962ca,"{""distance"":3,""physical_error_rate"":5e-05}","{""detectors_checked"":3780}"
        61,         0,         0,   0.000,decoder_by_matrix,36e3cd26fed5ec7649ec51fb08c1a5e7d7f30e615782d954fee045c18a4962ca,"{""distance"":3,""physical_error_rate"":5e-05}","{""detectors_checked"":3294}"
         5,         0,         0,   0.000,decoder_by_matrix,36e3cd26fed5ec7649ec51fb08c1a5e7d7f30e615782d954fee045c18a4962ca,"{""distance"":3,""physical_error_rate"":5e-05}","{""detectors_checked"":270}"
         4,         0,         0,   0.000,decoder_by_matrix,36e3cd26fed5ec7649ec51fb08c1a5e7d7f30e615782d954fee045c18a4962ca,"{""distance"":3,""physical_error_rate"":5e-05}","{""detectors_checked"":216}"
        30,         0,         0,   0.000,decoder_by_matrix,36e3cd26fed5ec7649ec51fb08c1a5e7d7f30e615782d954fee045c18a4962ca,"{""distance"":3,""physical_error_rate"":5e-05}","{""detectors_checked"":1620}"
         5,         0,         0,   0.000,decoder_by_matrix,36e3cd26fed5ec7649ec51fb08c1a5e7d7f30e615782d954fee045c18a4962ca,"{""distance"":3,""physical_error_rate"":5e-05}","{""detectors_checked"":270}"
         5,         0,         0,   0.000,decoder_by_matrix,36e3cd26fed5ec7649ec51fb08c1a5e7d7f30e615782d954fee045c18a4962ca,"{""distance"":3,""physical_error_rate"":5e-05}","{""detectors_checked"":270}"
         4,         0,         0,   0.000,decoder_by_matrix,36e3cd26fed5ec7649ec51fb08c1a5e7d7f30e615782d954fee045c18a4962ca,"{""distance"":3,""physical_error_rate"":5e-05}","{""detectors_checked"":216}"
         3,         0,         0,   0.000,decoder_by_matrix,36e3cd26fed5ec7649ec51fb08c1a5e7d7f30e615782d954fee045c18a4962ca,"{""distance"":3,""physical_error_rate"":5e-05}","{""detectors_checked"":162}"
        20,         0,         0,   0.000,decoder_by_matrix,36e3cd26fed5ec7649ec51fb08c1a5e7d7f30e615782d954fee045c18a4962ca,"{""distance"":3,""physical_error_rate"":5e-05}","{""detectors_checked"":1080}"
        31,         0,         0,   0.000,decoder_by_matrix,36e3cd26fed5ec7649ec51fb08c1a5e7d7f30e615782d954fee045c18a4962ca,"{""distance"":3,""physical_error_rate"":5e-05}","{""detectors_checked"":1674}"
         1,         0,         0,   0.000,decoder_by_matrix,36e3cd26fed5ec7649ec51fb08c1a5e7d7f30e615782d954fee045c18a4962ca,"{""distance"":3,""physical_error_rate"":5e-05}","{""detectors_checked"":54}"
        21,         0,         0,   0.000,decoder_by_matrix,36e3cd26fed5ec7649ec51fb08c1a5e7d7f30e615782d954fee045c18a4962ca,"{""distance"":3,""physical_error_rate"":5e-05}","{""detectors_checked"":1134}"
         5,         0,         0,   0.000,decoder_by_matrix,36e3cd26fed5ec7649ec51fb08c1a5e7d7f30e615782d954fee045c18a4962ca,"{""distance"":3,""physical_error_rate"":5e-05}","{""detectors_checked"":270}"
         3,         0,         0,   0.000,decoder_by_matrix,36e3cd26fed5ec7649ec51fb08c1a5e7d7f30e615782d954fee045c18a4962ca,"{""distance"":3,""physical_error_rate"":5e-05}","{""detectors_checked"":162}"
         2,         0,         0,   0.000,decoder_by_matrix,36e3cd26fed5ec7649ec51fb08c1a5e7d7f30e615782d954fee045c18a4962ca,"{""distance"":3,""physical_error_rate"":5e-05}","{""detectors_checked"":108}"
        29,         0,         0,   0.000,decoder_by_matrix,36e3cd26fed5ec7649ec51fb08c1a5e7d7f30e615782d954fee045c18a4962ca,"{""distance"":3,""physical_error_rate"":5e-05}","{""detectors_checked"":1566}"
         3,         0,         0,   0.000,decoder_by_matrix,36e3cd26fed5ec7649ec51fb08c1a5e7d7f30e615782d954fee045c18a4962ca,"{""distance"":3,""physical_error_rate"":5e-05}","{""detectors_checked"":162}"
         1,         0,         0,   0.000,decoder_by_matrix,36e3cd26fed5ec7649ec51fb08c1a5e7d7f30e615782d954fee045c18a4962ca,"{""distance"":3,""physical_error_rate"":5e-05}","{""detectors_checked"":54}"
         1,         0,         0,   0.000,decoder_by_matrix,36e3cd26fed5ec7649ec51fb08c1a5e7d7f30e615782d954fee045c18a4962ca,"{""distance"":3,""physical_error_rate"":5e-05}","{""detectors_checked"":54}"
         1,         0,         0,   0.000,decoder_by_matrix,36e3cd26fed5ec7649ec51fb08c1a5e7d7f30e615782d954fee045c18a4962ca,"{""distance"":3,""physical_error_rate"":5e-05}","{""detectors_checked"":54}"
         1,         0,         0,   0.000,decoder_by_matrix,36e3cd26fed5ec7649ec51fb08c1a5e7d7f30e615782d954fee045c18a4962ca,"{""distance"":3,""physical_error_rate"":5e-05}","{""detectors_checked"":54}"
         1,         0,         0,   0.000,decoder_by_matrix,36e3cd26fed5ec7649ec51fb08c1a5e7d7f30e615782d954fee045c18a4962ca,"{""distance"":3,""physical_error_rate"":5e-05}","{""detectors_checked"":54}"
         1,         0,         0,   0.000,decoder_by_matrix,36e3cd26fed5ec7649ec51fb08c1a5e7d7f30e615782d954fee045c18a4962ca,"{""distance"":3,""physical_error_rate"":5e-05}","{""detectors_checked"":54}"
         1,         0,         0,   0.000,decoder_by_matrix,36e3cd26fed5ec7649ec51fb08c1a5e7d7f30e615782d954fee045c18a4962ca,"{""distance"":3,""physical_error_rate"":5e-05}","{""detectors_checked"":54}"
         1,         0,         0,   0.000,decoder_by_matrix,beec9fd12293a9cfe53c9b61fb8ce2a525e4eed38fa75d132d6dc64699336876,"{""distance"":3,""physical_error_rate"":0.0001}","{""detectors_checked"":54}"
         1,         0,         0,   0.000,decoder_by_matrix,beec9fd12293a9cfe53c9b61fb8ce2a525e4eed38fa75d132d6dc64699336876,"{""distance"":3,""physical_error_rate"":0.0001}","{""detectors_checked"":54}"
         1,         0,         0,   0.000,decoder_by_matrix,beec9fd12293a9cfe53c9b61fb8ce2a525e4eed38fa75d132d6dc64699336876,"{""distance"":3,""physical_error_rate"":0.0001}","{""detectors_checked"":54}"
         1,         0,         0,   0.000,decoder_by_matrix,beec9fd12293a9cfe53c9b61fb8ce2a525e4eed38fa75d132d6dc64699336876,"{""distance"":3,""physical_error_rate"":0.0001}","{""detectors_checked"":54}"
         1,         0,         0,   0.000,decoder_by_matrix,beec9fd12293a9cfe53c9b61fb8ce2a525e4eed38fa75d132d6dc64699336876,"{""distance"":3,""physical_error_rate"":0.0001}","{""detectors_checked"":54}"
         1,         0,         0,   0.000,decoder_by_matrix,beec9fd12293a9cfe53c9b61fb8ce2a525e4eed38fa75d132d6dc64699336876,"{""distance"":3,""physical_error_rate"":0.0001}","{""detectors_checked"":54}"
         1,         0,         0,   0.000,decoder_by_matrix,beec9fd12293a9cfe53c9b61fb8ce2a525e4eed38fa75d132d6dc64699336876,"{""distance"":3,""physical_error_rate"":0.0001}","{""detectors_checked"":54}"
         1,         0,         0,   0.000,decoder_by_matrix,beec9fd12293a9cfe53c9b61fb8ce2a525e4eed38fa75d132d6dc64699336876,"{""distance"":3,""physical_error_rate"":0.0001}","{""detectors_checked"":54}"
         1,         0,         0,   0.000,decoder_by_matrix,beec9fd12293a9cfe53c9b61fb8ce2a525e4eed38fa75d132d6dc64699336876,"{""distance"":3,""physical_error_rate"":0.0001}","{""detectors_checked"":54}"
         1,         0,         0,   0.000,decoder_by_matrix,beec9fd12293a9cfe53c9b61fb8ce2a525e4eed38fa75d132d6dc64699336876,"{""distance"":3,""physical_error_rate"":0.0001}","{""detectors_checked"":54}"
         1,         0,         0,   0.000,decoder_by_matrix,beec9fd12293a9cfe53c9b61fb8ce2a525e4eed38fa75d132d6dc64699336876,"{""distance"":3,""physical_error_rate"":0.0001}","{""detectors_checked"":54}"
         1,         0,         0,   0.000,decoder_by_matrix,beec9fd12293a9cfe53c9b61fb8ce2a525e4eed38fa75d132d6dc64699336876,"{""distance"":3,""physical_error_rate"":0.0001}","{""detectors_checked"":54}"
      2320,         0,         0,   0.038,decoder_by_matrix,beec9fd12293a9cfe53c9b61fb8ce2a525e4eed38fa75d132d6dc64699336876,"{""distance"":3,""physical_error_rate"":0.0001}","{""detection_events"":51,""detectors_checked"":125280}"
         1,         0,         0,   0.000,decoder_by_matrix,beec9fd12293a9cfe53c9b61fb8ce2a525e4eed38fa75d132d6dc64699336876,"{""distance"":3,""physical_error_rate"":0.0001}","{""detectors_checked"":54}"
         1,         0,         0,   0.000,decoder_by_matrix,beec9fd12293a9cfe53c9b61fb8ce2a525e4eed38fa75d132d6dc64699336876,"{""distance"":3,""physical_error_rate"":0.0001}","{""detectors_checked"":54}"
      2320,         0,         0,   0.048,decoder_by_matrix,beec9fd12293a9cfe53c9b61fb8ce2a525e4eed38fa75d132d6dc64699336876,"{""distance"":3,""physical_error_rate"":0.0001}","{""detection_events"":84,""detectors_checked"":125280}"
         1,         0,         0,   0.000,decoder_by_matrix,beec9fd12293a9cfe53c9b61fb8ce2a525e4eed38fa75d132d6dc64699336876,"{""distance"":3,""physical_error_rate"":0.0001}","{""detectors_checked"":54}"
         1,         0,         0,   0.000,decoder_by_matrix,beec9fd12293a9cfe53c9b61fb8ce2a525e4eed38fa75d132d6dc64699336876,"{""distance"":3,""physical_error_rate"":0.0001}","{""detectors_checked"":54}"
      3344,         0,         0,   0.067,decoder_by_matrix,beec9fd12293a9cfe53c9b61fb8ce2a525e4eed38fa75d132d6dc64699336876,"{""distance"":3,""physical_error_rate"":0.0001}","{""detection_events"":39,""detectors_checked"":180576}"
      4368,         0,         0,   0.058,decoder_by_matrix,beec9fd12293a9cfe53c9b61fb8ce2a525e4eed38fa75d132d6dc64699336876,"{""distance"":3,""physical_error_rate"":0.0001}","{""detection_events"":78,""detectors_checked"":235872}"
      3344,         0,         0,   0.065,decoder_by_matrix,beec9fd12293a9cfe53c9b61fb8ce2a525e4eed38fa75d132d6dc64699336876,"{""distance"":3,""physical_error_rate"":0.0001}","{""detection_events"":45,""detectors_checked"":180576}"
      4368,         0,         0,   0.062,decoder_by_matrix,beec9fd12293a9cfe53c9b61fb8ce2a525e4eed38fa75d132d6dc64699336876,"{""distance"":3,""physical_error_rate"":0.0001}","{""detection_events"":21,""detectors_checked"":235872}"
      4368,         0,         0,   0.062,decoder_by_matrix,beec9fd12293a9cfe53c9b61fb8ce2a525e4eed38fa75d132d6dc64699336876,"{""distance"":3,""physical_error_rate"":0.0001}","{""detection_events"":39,""detectors_checked"":235872}"
      4368,         0,         0,   0.062,decoder_by_matrix,beec9fd12293a9cfe53c9b61fb8ce2a525e4eed38fa75d132d6dc64699336876,"{""distance"":3,""physical_error_rate"":0.0001}","{""detection_events"":39,""detectors_checked"":235872}"
      3344,         0,         0,   0.061,decoder_by_matrix,beec9fd12293a9cfe53c9b61fb8ce2a525e4eed38fa75d132d6dc64699336876,"{""distance"":3,""physical_error_rate"":0.0001}","{""detection_events"":63,""detectors_checked"":180576}"
      2320,         0,         0,   0.060,decoder_by_matrix,beec9fd12293a9cfe53c9b61fb8ce2a525e4eed38fa75d132d6dc64699336876,"{""distance"":3,""physical_error_rate"":0.0001}","{""detection_events"":42,""detectors_checked"":125280}"
      4368,         0,         0,   0.066,decoder_by_matrix,beec9fd12293a9cfe53c9b61fb8ce2a525e4eed38fa75d132d6dc64699336876,"{""distance"":3,""physical_error_rate"":0.0001}","{""detection_events"":78,""detectors_checked"":235872}"
      3344,         0,         0,   0.052,decoder_by_matrix,beec9fd12293a9cfe53c9b61fb8ce2a525e4eed38fa75d132d6dc64699336876,"{""distance"":3,""physical_error_rate"":0.0001}","{""detection_events"":30,""detectors_checked"":180576}"
      4096,         0,         0,   0.065,decoder_by_matrix,beec9fd12293a9cfe53c9b61fb8ce2a525e4eed38fa75d132d6dc64699336876,"{""distance"":3,""physical_error_rate"":0.0001}","{""detection_events"":27,""detectors_checked"":221184}"
      3344,         0,         0,   0.063,decoder_by_matrix,beec9fd12293a9cfe53c9b61fb8ce2a525e4eed38fa75d132d6dc64699336876,"{""distance"":3,""physical_error_rate"":0.0001}","{""detection_events"":87,""detectors_checked"":180576}"
      3072,         0,         0,   0.057,decoder_by_matrix,beec9fd12293a9cfe53c9b61fb8ce2a525e4eed38fa75d132d6dc64699336876,"{""distance"":3,""physical_error_rate"":0.0001}","{""detection_events"":51,""detectors_checked"":165888}"
      3344,         0,         0,   0.057,decoder_by_matrix,beec9fd12293a9cfe53c9b61fb8ce2a525e4eed38fa75d132d6dc64699336876,"{""distance"":3,""physical_error_rate"":0.0001}","{""detection_events"":57,""detectors_checked"":180576}"
      3072,         0,         0,   0.041,decoder_by_matrix,beec9fd12293a9cfe53c9b61fb8ce2a525e4eed38fa75d132d6dc64699336876,"{""distance"":3,""physical_error_rate"":0.0001}","{""detection_events"":36,""detectors_checked"":165888}"
      3344,         0,         0,   0.061,decoder_by_matrix,beec9fd12293a9cfe53c9b61fb8ce2a525e4eed38fa75d132d6dc64699336876,"{""distance"":3,""physical_error_rate"":0.0001}","{""detection_events"":51,""detectors_checked"":180576}"
      3072,         0,         0,   0.061,decoder_by_matrix,beec9fd12293a9cfe53c9b61fb8ce2a525e4eed38fa75d132d6dc64699336876,"{""distance"":3,""physical_error_rate"":0.0001}","{""detection_events"":36,""detectors_checked"":165888}"
      3072,         0,         0,   0.061,decoder_by_matrix,beec9fd12293a9cfe53c9b61fb8ce2a525e4eed38fa75d132d6dc64699336876,"{""distance"":3,""physical_error_rate"":0.0001}","{""detection_events"":24,""detectors_checked"":165888}"
      3072,         0,         0,   0.069,decoder_by_matrix,beec9fd12293a9cfe53c9b61fb8ce2a525e4eed38fa75d132d6dc64699336876,"{""distance"":3,""physical_error_rate"":0.0001}","{""detection_events"":63,""detectors_checked"":165888}"
      3072,         0,         0,   0.064,decoder_by_matrix,beec9fd12293a9cfe53c9b61fb8ce2a525e4eed38fa75d132d6dc64699336876,"{""distance"":3,""physical_error_rate"":0.0001}","{""detection_events"":21,""detectors_checked"":165888}"
      3072,         0,         0,   0.065,decoder_by_matrix,beec9fd12293a9cfe53c9b61fb8ce2a525e4eed38fa75d132d6dc64699336876,"{""distance"":3,""physical_error_rate"":0.0001}","{""detection_events"":42,""detectors_checked"":165888}"
      3072,         0,         0,   0.065,decoder_by_matrix,beec9fd12293a9cfe53c9b61fb8ce2a525e4eed38fa75d132d6dc64699336876,"{""distance"":3,""physical_error_rate"":0.0001}","{""detection_events"":51,""detectors_checked"":165888}"
      3072,         0,         0,   0.065,decoder_by_matrix,beec9fd12293a9cfe53c9b61fb8ce2a525e4eed38fa75d132d6dc64699336876,"{""distance"":3,""physical_error_rate"":0.0001}","{""detection_events"":63,""detectors_checked"":165888}"
      2048,         0,         0,   0.064,decoder_by_matrix,beec9fd12293a9cfe53c9b61fb8ce2a525e4eed38fa75d132d6dc64699336876,"{""distance"":3,""physical_error_rate"":0.0001}","{""detection_events"":36,""detectors_checked"":110592}"
      3072,         0,         0,   0.059,decoder_by_matrix,beec9fd12293a9cfe53c9b61fb8ce2a525e4eed38fa75d132d6dc64699336876,"{""distance"":3,""physical_error_rate"":0.0001}","{""detection_events"":36,""detectors_checked"":165888}"
      2048,         0,         0,   0.068,decoder_by_matrix,beec9fd12293a9cfe53c9b61fb8ce2a525e4eed38fa75d132d6dc64699336876,"{""distance"":3,""physical_error_rate"":0.0001}","{""detection_events"":24,""detectors_checked"":110592}"
      3072,         0,         0,   0.064,decoder_by_matrix,beec9fd12293a9cfe53c9b61fb8ce2a525e4eed38fa75d132d6dc64699336876,"{""distance"":3,""physical_error_rate"":0.0001}","{""detection_events"":57,""detectors_checked"":165888}"
      3072,         0,         0,   0.064,decoder_by_matrix,beec9fd12293a9cfe53c9b61fb8ce2a525e4eed38fa75d132d6dc64699336876,"{""distance"":3,""physical_error_rate"":0.0001}","{""detection_events"":54,""detectors_checked"":165888}"
      2048,         0,         0,   0.063,decoder_by_matrix,beec9fd12293a9cfe53c9b61fb8ce2a525e4eed38fa75d132d6dc64699336876,"{""distance"":3,""physical_error_rate"":0.0001}","{""detection_events"":63,""detectors_checked"":110592}"
      3072,         0,         0,   0.064,decoder_by_matrix,beec9fd12293a9cfe53c9b61fb8ce2a525e4eed38fa75d132d6dc64699336876,"{""distance"":3,""physical_error_rate"":0.0001}","{""detection_events"":33,""detectors_checked"":165888}"
      3072,         0,         0,   0.064,decoder_by_matrix,beec9fd12293a9cfe53c9b61fb8ce2a525e4eed38fa75d132d6dc64699336876,"{""distance"":3,""physical_error_rate"":0.0001}","{""detection_events"":27,""detectors_checked"":165888}"
      3072,         0,         0,   0.088,decoder_by_matrix,beec9fd12293a9cfe53c9b61fb8ce2a525e4eed38fa75d132d6dc64699336876,"{""distance"":3,""physical_error_rate"":0.0001}","{""detection_events"":36,""detectors_checked"":165888}"
      2048,         0,         0,   0.059,decoder_by_matrix,beec9fd12293a9cfe53c9b61fb8ce2a525e4eed38fa75d132d6dc64699336876,"{""distance"":3,""physical_error_rate"":0.0001}","{""detection_events"":42,""detectors_checked"":110592}"
      3072,         0,         0,   0.068,decoder_by_matrix,beec9fd12293a9cfe53c9b61fb8ce2a525e4eed38fa75d132d6dc64699336876,"{""distance"":3,""physical_error_rate"":0.0001}","{""detection_events"":51,""detectors_checked"":165888}"
      3072,         0,         0,   0.068,decoder_by_matrix,beec9fd12293a9cfe53c9b61fb8ce2a525e4eed38fa75d132d6dc64699336876,"{""distance"":3,""physical_error_rate"":0.0001}","{""detection_events"":66,""detectors_checked"":165888}"
      9488,         0,         0,   0.298,decoder_by_matrix,beec9fd12293a9cfe53c9b61fb8ce2a525e4eed38fa75d132d6dc64699336876,"{""distance"":3,""physical_error_rate"":0.0001}","{""detection_events"":189,""detectors_checked"":512352}"
      3072,         0,         0,   0.080,decoder_by_matrix,beec9fd12293a9cfe53c9b61fb8ce2a525e4eed38fa75d132d6dc64699336876,"{""distance"":3,""physical_error_rate"":0.0001}","{""detection_events"":18,""detectors_checked"":165888}"
      3072,         0,         0,   0.076,decoder_by_matrix,beec9fd12293a9cfe53c9b61fb8ce2a525e4eed38fa75d132d6dc64699336876,"{""distance"":3,""physical_error_rate"":0.0001}","{""detection_events"":111,""detectors_checked"":165888}"
      4096,         0,         0,   0.003,decoder_by_matrix,beec9fd12293a9cfe53c9b61fb8ce2a525e4eed38fa75d132d6dc64699336876,"{""distance"":3,""physical_error_rate"":0.0001}","{""detection_events"":15,""detectors_checked"":221184}"
      3072,         0,         0,   0.080,decoder_by_matrix,beec9fd12293a9cfe53c9b61fb8ce2a525e4eed38fa75d132d6dc64699336876,"{""distance"":3,""physical_error_rate"":0.0001}","{""detection_events"":69,""detectors_checked"":165888}"
      3072,         0,         0,   0.088,decoder_by_matrix,beec9fd12293a9cfe53c9b61fb8ce2a525e4eed38fa75d132d6dc64699336876,"{""distance"":3,""physical_error_rate"":0.0001}","{""detection_events"":24,""detectors_checked"":165888}"
      4096,         0,         0,   0.088,decoder_by_matrix,beec9fd12293a9cfe53c9b61fb8ce2a525e4eed38fa75d132d6dc64699336876,"{""distance"":3,""physical_error_rate"":0.0001}","{""detection_events"":84,""detectors_checked"":221184}"
      3072,         0,         0,   0.100,decoder_by_matrix,beec9fd12293a9cfe53c9b61fb8ce2a525e4eed38fa75d132d6dc64699336876,"{""distance"":3,""physical_error_rate"":0.0001}","{""detection_events"":57,""detectors_checked"":165888}"
      3072,         0,         0,   0.101,decoder_by_matrix,beec9fd12293a9cfe53c9b61fb8ce2a525e4eed38fa75d132d6dc64699336876,"{""distance"":3,""physical_error_rate"":0.0001}","{""detection_events"":9,""detectors_checked"":165888}"
      4096,         1,         0,   0.111,decoder_by_matrix,beec9fd12293a9cfe53c9b61fb8ce2a525e4eed38fa75d132d6dc64699336876,"{""distance"":3,""physical_error_rate"":0.0001}","{""detection_events"":54,""detectors_checked"":221184,""obs_mistake_mask=E"":1}"
      3072,         0,         0,   0.112,decoder_by_matrix,beec9fd12293a9cfe53c9b61fb8ce2a525e4eed38fa75d132d6dc64699336876,"{""distance"":3,""physical_error_rate"":0.0001}","{""detection_events"":33,""detectors_checked"":165888}"
      3072,         0,         0,   0.112,decoder_by_matrix,beec9fd12293a9cfe53c9b61fb8ce2a525e4eed38fa75d132d6dc64699336876,"{""distance"":3,""physical_error_rate"":0.0001}","{""detection_events"":30,""detectors_checked"":165888}"
      5120,         0,         0,   0.118,decoder_by_matrix,beec9fd12293a9cfe53c9b61fb8ce2a525e4eed38fa75d132d6dc64699336876,"{""distance"":3,""physical_error_rate"":0.0001}","{""detection_events"":75,""detectors_checked"":276480}"
      4096,         0,         0,   0.117,decoder_by_matrix,beec9fd12293a9cfe53c9b61fb8ce2a525e4eed38fa75d132d6dc64699336876,"{""distance"":3,""physical_error_rate"":0.0001}","{""detection_events"":54,""detectors_checked"":221184}"
      4096,         0,         0,   0.117,decoder_by_matrix,beec9fd12293a9cfe53c9b61fb8ce2a525e4eed38fa75d132d6dc64699336876,"{""distance"":3,""physical_error_rate"":0.0001}","{""detection_events"":18,""detectors_checked"":221184}"
      3072,         0,         0,   0.129,decoder_by_matrix,beec9fd12293a9cfe53c9b61fb8ce2a525e4eed38fa75d132d6dc64699336876,"{""distance"":3,""physical_error_rate"":0.0001}","{""detection_events"":36,""detectors_checked"":165888}"
      3072,         0,         0,   0.129,decoder_by_matrix,beec9fd12293a9cfe53c9b61fb8ce2a525e4eed38fa75d132d6dc64699336876,"{""distance"":3,""physical_error_rate"":0.0001}","{""detection_events"":87,""detectors_checked"":165888}"
      4096,         0,         0,   0.129,decoder_by_matrix,beec9fd12293a9cfe53c9b61fb8ce2a525e4eed38fa75d132d6dc64699336876,"{""distance"":3,""physical_error_rate"":0.0001}","{""detection_events"":51,""detectors_checked"":221184}"
      3072,         0,         0,   0.128,decoder_by_matrix,beec9fd12293a9cfe53c9b61fb8ce2a525e4eed38fa75d132d6dc64699336876,"{""distance"":3,""physical_error_rate"":0.0001}","{""detection_events"":36,""detectors_checked"":165888}"
      4096,         0,         0,   0.005,decoder_by_matrix,beec9fd12293a9cfe53c9b61fb8ce2a525e4eed38fa75d132d6dc64699336876,"{""distance"":3,""physical_error_rate"":0.0001}","{""detection_events"":57,""detectors_checked"":221184}"
      3072,         0,         0,   0.133,decoder_by_matrix,beec9fd12293a9cfe53c9b61fb8ce2a525e4eed38fa75d132d6dc64699336876,"{""distance"":3,""physical_error_rate"":0.0001}","{""detection_events"":48,""detectors_checked"":165888}"
      4096,         0,         0,   0.133,decoder_by_matrix,beec9fd12293a9cfe53c9b61fb8ce2a525e4eed38fa75d132d6dc64699336876,"{""distance"":3,""physical_error_rate"":0.0001}","{""detection_events"":63,""detectors_checked"":221184}"
      4096,         0,         0,   0.133,decoder_by_matrix,beec9fd12293a9cfe53c9b61fb8ce2a525e4eed38fa75d132d6dc64699336876,"{""distance"":3,""physical_error_rate"":0.0001}","{""detection_events"":48,""detectors_checked"":221184}"
      3072,         0,         0,   0.123,decoder_by_matrix,beec9fd12293a9cfe53c9b61fb8ce2a525e4eed38fa75d132d6dc64699336876,"{""distance"":3,""physical_error_rate"":0.0001}","{""detection_events"":27,""detectors_checked"":165888}"
      4096,         0,         0,   0.138,decoder_by_matrix,beec9fd12293a9cfe53c9b61fb8ce2a525e4eed38fa75d132d6dc64699336876,"{""distance"":3,""physical_error_rate"":0.0001}","{""detection_events"":60,""detectors_checked"":221184}"
      3072,         0,         0,   0.131,decoder_by_matrix,beec9fd12293a9cfe53c9b61fb8ce2a525e4eed38fa75d132d6dc64699336876,"{""distance"":3,""physical_error_rate"":0.0001}","{""detection_events"":72,""detectors_checked"":165888}"
      3072,         0,         0,   0.121,decoder_by_matrix,beec9fd12293a9cfe53c9b61fb8ce2a525e4eed38fa75d132d6dc64699336876,"{""distance"":3,""physical_error_rate"":0.0001}","{""detection_events"":9,""detectors_checked"":165888}"
      3072,         0,         0,   0.122,decoder_by_matrix,beec9fd12293a9cfe53c9b61fb8ce2a525e4eed38fa75d132d6dc64699336876,"{""distance"":3,""physical_error_rate"":0.0001}","{""detection_events"":39,""detectors_checked"":165888}"
      4096,         0,         0,   0.122,decoder_by_matrix,beec9fd12293a9cfe53c9b61fb8ce2a525e4eed38fa75d132d6dc64699336876,"{""distance"":3,""physical_error_rate"":0.0001}","{""detection_events"":33,""detectors_checked"":221184}"
      4096,         0,         0,   0.150,decoder_by_matrix,beec9fd12293a9cfe53c9b61fb8ce2a525e4eed38fa75d132d6dc64699336876,"{""distance"":3,""physical_error_rate"":0.0001}","{""detection_events"":75,""detectors_checked"":221184}"
      3072,         0,         0,   0.175,decoder_by_matrix,beec9fd12293a9cfe53c9b61fb8ce2a525e4eed38fa75d132d6dc64699336876,"{""distance"":3,""physical_error_rate"":0.0001}","{""detection_events"":66,""detectors_checked"":165888}"
      2048,         0,         0,   0.129,decoder_by_matrix,beec9fd12293a9cfe53c9b61fb8ce2a525e4eed38fa75d132d6dc64699336876,"{""distance"":3,""physical_error_rate"":0.0001}","{""detection_events"":9,""detectors_checked"":110592}"
      2048,         0,         0,   0.129,decoder_by_matrix,beec9fd12293a9cfe53c9b61fb8ce2a525e4eed38fa75d132d6dc64699336876,"{""distance"":3,""physical_error_rate"":0.0001}","{""detection_events"":30,""detectors_checked"":110592}"
      3072,         0,         0,   0.130,decoder_by_matrix,beec9fd12293a9cfe53c9b61fb8ce2a525e4eed38fa75d132d6dc64699336876,"{""distance"":3,""physical_error_rate"":0.0001}","{""detection_events"":66,""detectors_checked"":165888}"
      3072,         0,         0,   0.130,decoder_by_matrix,beec9fd12293a9cfe53c9b61fb8ce2a525e4eed38fa75d132d6dc64699336876,"{""distance"":3,""physical_error_rate"":0.0001}","{""detection_events"":30,""detectors_checked"":165888}"
      3072,         0,         0,   0.130,decoder_by_matrix,beec9fd12293a9cfe53c9b61fb8ce2a525e4eed38fa75d132d6dc64699336876,"{""distance"":3,""physical_error_rate"":0.0001}","{""detection_events"":36,""detectors_checked"":165888}"
      3072,         0,         0,   0.130,decoder_by_matrix,beec9fd12293a9cfe53c9b61fb8ce2a525e4eed38fa75d132d6dc64699336876,"{""distance"":3,""physical_error_rate"":0.0001}","{""detection_events"":39,""detectors_checked"":165888}"
      3072,         0,         0,   0.131,decoder_by_matrix,beec9fd12293a9cfe53c9b61fb8ce2a525e4eed38fa75d132d6dc64699336876,"{""distance"":3,""physical_error_rate"":0.0001}","{""detection_events"":78,""detectors_checked"":165888}"
      3072,         0,         0,   0.136,decoder_by_matrix,beec9fd12293a9cfe53c9b61fb8ce2a525e4eed38fa75d132d6dc64699336876,"{""distance"":3,""physical_error_rate"":0.0001}","{""detection_events"":51,""detectors_checked"":165888}"
      3072,         0,         0,   0.136,decoder_by_matrix,beec9fd12293a9cfe53c9b61fb8ce2a525e4eed38fa75d132d6dc64699336876,"{""distance"":3,""physical_error_rate"":0.0001}","{""detection_events"":51,""detectors_checked"":165888}"
      3072,         0,         0,   0.125,decoder_by_matrix,beec9fd12293a9cfe53c9b61fb8ce2a525e4eed38fa75d132d6dc64699336876,"{""distance"":3,""physical_error_rate"":0.0001}","{""detection_events"":30,""detectors_checked"":165888}"
      3072,         0,         0,   0.126,decoder_by_matrix,beec9fd12293a9cfe53c9b61fb8ce2a525e4eed38fa75d132d6dc64699336876,"{""distance"":3,""physical_error_rate"":0.0001}","{""detection_events"":48,""detectors_checked"":165888}"
      3072,         0,         0,   0.126,decoder_by_matrix,beec9fd12293a9cfe53c9b61fb8ce2a525e4eed38fa75d132d6dc64699336876,"{""distance"":3,""physical_error_rate"":0.0001}","{""detection_events"":18,""detectors_checked"":165888}"
      4096,         0,         0,   0.154,decoder_by_matrix,beec9fd12293a9cfe53c9b61fb8ce2a525e4eed38fa75d132d6dc64699336876,"{""distance"":3,""physical_error_rate"":0.0001}","{""detection_events"":33,""detectors_checked"":221184}"
      3072,         0,         0,   0.130,decoder_by_matrix,beec9fd12293a9cfe53c9b61fb8ce2a525e4eed38fa75d132d6dc64699336876,"{""distance"":3,""physical_error_rate"":0.0001}","{""detection_events"":45,""detectors_checked"":165888}"
      4096,         0,         0,   0.134,decoder_by_matrix,beec9fd12293a9cfe53c9b61fb8ce2a525e4eed38fa75d132d6dc64699336876,"{""distance"":3,""physical_error_rate"":0.0001}","{""detection_events"":45,""detectors_checked"":221184}"
      3072,         0,         0,   0.130,decoder_by_matrix,beec9fd12293a9cfe53c9b61fb8ce2a525e4eed38fa75d132d6dc64699336876,"{""distance"":3,""physical_error_rate"":0.0001}","{""detection_events"":45,""detectors_checked"":165888}"
      3072,         0,         0,   0.130,decoder_by_matrix,beec9fd12293a9cfe53c9b61fb8ce2a525e4eed38fa75d132d6dc64699336876,"{""distance"":3,""physical_error_rate"":0.0001}","{""detection_events"":42,""detectors_checked"":165888}"
      3072,         0,         0,   0.130,decoder_by_matrix,beec9fd12293a9cfe53c9b61fb8ce2a525e4eed38fa75d132d6dc64699336876,"{""distance"":3,""physical_error_rate"":0.0001}","{""detection_events"":69,""detectors_checked"":165888}"
      5120,         0,         0,   0.130,decoder_by_matrix,beec9fd12293a9cfe53c9b61fb8ce2a525e4eed38fa75d132d6dc64699336876,"{""distance"":3,""physical_error_rate"":0.0001}","{""detection_events"":15,""detectors_checked"":276480}"
      3072,         0,         0,   0.130,decoder_by_matrix,beec9fd12293a9cfe53c9b61fb8ce2a525e4eed38fa75d132d6dc64699336876,"{""distance"":3,""physical_error_rate"":0.0001}","{""detection_events"":39,""detectors_checked"":165888}"
      3072,         0,         0,   0.003,decoder_by_matrix,beec9fd12293a9cfe53c9b61fb8ce2a525e4eed38fa75d132d6dc64699336876,"{""distance"":3,""physical_error_rate"":0.0001}","{""detection_events"":39,""detectors_checked"":165888}"
      3072,         0,         0,   0.131,decoder_by_matrix,beec9fd12293a9cfe53c9b61fb8ce2a525e4eed38fa75d132d6dc64699336876,"{""distance"":3,""physical_error_rate"":0.0001}","{""detection_events"":84,""detectors_checked"":165888}"
      3072,         0,         0,   0.125,decoder_by_matrix,beec9fd12293a9cfe53c9b61fb8ce2a525e4eed38fa75d132d6dc64699336876,"{""distance"":3,""physical_error_rate"":0.0001}","{""detection_events"":36,""detectors_checked"":165888}"
      4096,         0,         0,   0.126,decoder_by_matrix,beec9fd12293a9cfe53c9b61fb8ce2a525e4eed38fa75d132d6dc64699336876,"{""distance"":3,""physical_error_rate"":0.0001}","{""detection_events"":66,""detectors_checked"":221184}"
      3072,         0,         0,   0.150,decoder_by_matrix,beec9fd12293a9cfe53c9b61fb8ce2a525e4eed38fa75d132d6dc64699336876,"{""distance"":3,""physical_error_rate"":0.0001}","{""detection_events"":75,""detectors_checked"":165888}"
      3072,         0,         0,   0.130,decoder_by_matrix,beec9fd12293a9cfe53c9b61fb8ce2a525e4eed38fa75d132d6dc64699336876,"{""distance"":3,""physical_error_rate"":0.0001}","{""detection_events"":51,""detectors_checked"":165888}"
      4096,         0,         0,   0.129,decoder_by_matrix,beec9fd12293a9cfe53c9b61fb8ce2a525e4eed38fa75d132d6dc64699336876,"{""distance"":3,""physical_error_rate"":0.0001}","{""detection_events"":30,""detectors_checked"":221184}"
      3072,         0,         0,   0.130,decoder_by_matrix,beec9fd12293a9cfe53c9b61fb8ce2a525e4eed38fa75d132d6dc64699336876,"{""distance"":3,""physical_error_rate"":0.0001}","{""detection_events"":27,""detectors_checked"":165888}"
      3072,         0,         0,   0.130,decoder_by_matrix,beec9fd12293a9cfe53c9b61fb8ce2a525e4eed38fa75d132d6dc64699336876,"{""distance"":3,""physical_error_rate"":0.0001}","{""detection_events"":66,""detectors_checked"":165888}"
      3072,         0,         0,   0.130,decoder_by_matrix,beec9fd12293a9cfe53c9b61fb8ce2a525e4eed38fa75d132d6dc64699336876,"{""distance"":3,""physical_error_rate"":0.0001}","{""detection_events"":57,""detectors_checked"":165888}"
      3072,         0,         0,   0.130,decoder_by_matrix,beec9fd12293a9cfe53c9b61fb8ce2a525e4eed38fa75d132d6dc64699336876,"{""distance"":3,""physical_error_rate"":0.0001}","{""detection_events"":18,""detectors_checked"":165888}"
      3072,         0,         0,   0.134,decoder_by_matrix,beec9fd12293a9cfe53c9b61fb8ce2a525e4eed38fa75d132d6dc64699336876,"{""distance"":3,""physical_error_rate"":0.0001}","{""detection_events"":51,""detectors_checked"":165888}"
      4096,         0,         0,   0.135,decoder_by_matrix,beec9fd12293a9cfe53c9b61fb8ce2a525e4eed38fa75d132d6dc64699336876,"{""distance"":3,""physical_error_rate"":0.0001}","{""detection_events"":51,""detectors_checked"":221184}"
      4096,         0,         0,   0.135,decoder_by_matrix,beec9fd12293a9cfe53c9b61fb8ce2a525e4eed38fa75d132d6dc64699336876,"{""distance"":3,""physical_error_rate"":0.0001}","{""detection_events"":45,""detectors_checked"":221184}"
      3072,         0,         0,   0.135,decoder_by_matrix,beec9fd12293a9cfe53c9b61fb8ce2a525e4eed38fa75d132d6dc64699336876,"{""distance"":3,""physical_error_rate"":0.0001}","{""detection_events"":78,""detectors_checked"":165888}"
      3072,         0,         0,   0.135,decoder_by_matrix,beec9fd12293a9cfe53c9b61fb8ce2a525e4eed38fa75d132d6dc64699336876,"{""distance"":3,""physical_error_rate"":0.0001}","{""detection_events"":81,""detectors_checked"":165888}"
      3072,         0,         0,   0.135,decoder_by_matrix,beec9fd12293a9cfe53c9b61fb8ce2a525e4eed38fa75d132d6dc64699336876,"{""distance"":3,""physical_error_rate"":0.0001}","{""detection_events"":27,""detectors_checked"":165888}"
   3101696,         0,         0,   117.9,decoder_by_matrix,beec9fd12293a9cfe53c9b61fb8ce2a525e4eed38fa75d132d6dc64699336876,"{""distance"":3,""physical_error_rate"":0.0001}","{""detection_events"":45369,""detectors_checked"":167491584}"
      3072,         0,         0,   0.137,decoder_by_matrix,beec9fd12293a9cfe53c9b61fb8ce2a525e4eed38fa75d132d6dc64699336876,"{""distance"":3,""physical_error_rate"":0.0001}","{""detection_events"":39,""detectors_checked"":165888}"
      3072,         0,         0,   0.129,decoder_by_matrix,beec9fd12293a9cfe53c9b61fb8ce2a525e4eed38fa75d132d6dc64699336876,"{""distance"":3,""physical_error_rate"":0.0001}","{""detection_events"":87,""detectors_checked"":165888}"
      4096,         0,         0,   0.129,decoder_by_matrix,beec9fd12293a9cfe53c9b61fb8ce2a525e4eed38fa75d132d6dc64699336876,"{""distance"":3,""physical_error_rate"":0.0001}","{""detection_events"":78,""detectors_checked"":221184}"
      3072,         0,         0,   0.129,decoder_by_matrix,beec9fd12293a9cfe53c9b61fb8ce2a525e4eed38fa75d132d6dc64699336876,"{""distance"":3,""physical_error_rate"":0.0001}","{""detection_events"":72,""detectors_checked"":165888}"
      3072,         0,         0,   0.129,decoder_by_matrix,beec9fd12293a9cfe53c9b61fb8ce2a525e4eed38fa75d132d6dc64699336876,"{""distance"":3,""physical_error_rate"":0.0001}","{""detection_events"":36,""detectors_checked"":165888}"
      3072,         0,         0,   0.129,decoder_by_matrix,beec9fd12293a9cfe53c9b61fb8ce2a525e4eed38fa75d132d6dc64699336876,"{""distance"":3,""physical_error_rate"":0.0001}","{""detection_events"":57,""detectors_checked"":165888}"
      8192,         0,         0,   0.264,decoder_by_matrix,beec9fd12293a9cfe53c9b61fb8ce2a525e4eed38fa75d132d6dc64699336876,"{""distance"":3,""physical_error_rate"":0.0001}","{""detection_events"":84,""detectors_checked"":442368}"
      6144,         0,         0,   0.262,decoder_by_matrix,beec9fd12293a9cfe53c9b61fb8ce2a525e4eed38fa75d132d6dc64699336876,"{""distance"":3,""physical_error_rate"":0.0001}","{""detection_events"":36,""detectors_checked"":331776}"
      6144,         0,         0,   0.262,decoder_by_matrix,beec9fd12293a9cfe53c9b61fb8ce2a525e4eed38fa75d132d6dc64699336876,"{""distance"":3,""physical_error_rate"":0.0001}","{""detection_events"":84,""detectors_checked"":331776}"
      6144,         0,         0,   0.263,decoder_by_matrix,beec9fd12293a9cfe53c9b61fb8ce2a525e4eed38fa75d132d6dc64699336876,"{""distance"":3,""physical_error_rate"":0.0001}","{""detection_events"":60,""detectors_checked"":331776}"
      6144,         0,         0,   0.255,decoder_by_matrix,beec9fd12293a9cfe53c9b61fb8ce2a525e4eed38fa75d132d6dc64699336876,"{""distance"":3,""physical_error_rate"":0.0001}","{""detection_events"":111,""detectors_checked"":331776}"
   3168256,         2,         0,   118.0,decoder_by_matrix,beec9fd12293a9cfe53c9b61fb8ce2a525e4eed38fa75d132d6dc64699336876,"{""distance"":3,""physical_error_rate"":0.0001}","{""detection_events"":45411,""detectors_checked"":171085824,""obs_mistake_mask=E"":2}"
      7168,         0,         0,   0.264,decoder_by_matrix,beec9fd12293a9cfe53c9b61fb8ce2a525e4eed38fa75d132d6dc64699336876,"{""distance"":3,""physical_error_rate"":0.0001}","{""detection_events"":96,""detectors_checked"":387072}"
      6144,         0,         0,   0.259,decoder_by_matrix,beec9fd12293a9cfe53c9b61fb8ce2a525e4eed38fa75d132d6dc64699336876,"{""distance"":3,""physical_error_rate"":0.0001}","{""detection_events"":144,""detectors_checked"":331776}"
      6144,         0,         0,   0.254,decoder_by_matrix,beec9fd12293a9cfe53c9b61fb8ce2a525e4eed38fa75d132d6dc64699336876,"{""distance"":3,""physical_error_rate"":0.0001}","{""detection_events"":78,""detectors_checked"":331776}"
      7168,         0,         0,   0.254,decoder_by_matrix,beec9fd12293a9cfe53c9b61fb8ce2a525e4eed38fa75d132d6dc64699336876,"{""distance"":3,""physical_error_rate"":0.0001}","{""detection_events"":96,""detectors_checked"":387072}"
      7168,         0,         0,   0.254,decoder_by_matrix,beec9fd12293a9cfe53c9b61fb8ce2a525e4eed38fa75d132d6dc64699336876,"{""distance"":3,""physical_error_rate"":0.0001}","{""detection_events"":81,""detectors_checked"":387072}"
      3072,         0,         0,   0.144,decoder_by_matrix,beec9fd12293a9cfe53c9b61fb8ce2a525e4eed38fa75d132d6dc64699336876,"{""distance"":3,""physical_error_rate"":0.0001}","{""detection_events"":48,""detectors_checked"":165888}"
      7168,         0,         0,   0.253,decoder_by_matrix,beec9fd12293a9cfe53c9b61fb8ce2a525e4eed38fa75d132d6dc64699336876,"{""distance"":3,""physical_error_rate"":0.0001}","{""detection_events"":150,""detectors_checked"":387072}"
      6144,         0,         0,   0.253,decoder_by_matrix,beec9fd12293a9cfe53c9b61fb8ce2a525e4eed38fa75d132d6dc64699336876,"{""distance"":3,""physical_error_rate"":0.0001}","{""detection_events"":99,""detectors_checked"":331776}"
      8192,         1,         0,   0.254,decoder_by_matrix,beec9fd12293a9cfe53c9b61fb8ce2a525e4eed38fa75d132d6dc64699336876,"{""distance"":3,""physical_error_rate"":0.0001}","{""detection_events"":84,""detectors_checked"":442368,""obs_mistake_mask=E"":1}"
      7168,         0,         0,   0.258,decoder_by_matrix,beec9fd12293a9cfe53c9b61fb8ce2a525e4eed38fa75d132d6dc64699336876,"{""distance"":3,""physical_error_rate"":0.0001}","{""detection_events"":135,""detectors_checked"":387072}"
      8192,         0,         0,   0.268,decoder_by_matrix,beec9fd12293a9cfe53c9b61fb8ce2a525e4eed38fa75d132d6dc64699336876,"{""distance"":3,""physical_error_rate"":0.0001}","{""detection_events"":81,""detectors_checked"":442368}"
      6144,         0,         0,   0.257,decoder_by_matrix,beec9fd12293a9cfe53c9b61fb8ce2a525e4eed38fa75d132d6dc64699336876,"{""distance"":3,""physical_error_rate"":0.0001}","{""detection_events"":102,""detectors_checked"":331776}"
      8192,         0,         0,   0.259,decoder_by_matrix,beec9fd12293a9cfe53c9b61fb8ce2a525e4eed38fa75d132d6dc64699336876,"{""distance"":3,""physical_error_rate"":0.0001}","{""detection_events"":174,""detectors_checked"":442368}"
      6144,         0,         0,   0.258,decoder_by_matrix,beec9fd12293a9cfe53c9b61fb8ce2a525e4eed38fa75d132d6dc64699336876,"{""distance"":3,""physical_error_rate"":0.0001}","{""detection_events"":93,""detectors_checked"":331776}"
      6144,         0,         0,   0.261,decoder_by_matrix,beec9fd12293a9cfe53c9b61fb8ce2a525e4eed38fa75d132d6dc64699336876,"{""distance"":3,""physical_error_rate"":0.0001}","{""detection_events"":90,""detectors_checked"":331776}"
      6144,         0,         0,   0.241,decoder_by_matrix,beec9fd12293a9cfe53c9b61fb8ce2a525e4eed38fa75d132d6dc64699336876,"{""distance"":3,""physical_error_rate"":0.0001}","{""detection_events"":111,""detectors_checked"":331776}"
      7168,         0,         0,   0.257,decoder_by_matrix,beec9fd12293a9cfe53c9b61fb8ce2a525e4eed38fa75d132d6dc64699336876,"{""distance"":3,""physical_error_rate"":0.0001}","{""detection_events"":66,""detectors_checked"":387072}"
      7168,         0,         0,   0.254,decoder_by_matrix,beec9fd12293a9cfe53c9b61fb8ce2a525e4eed38fa75d132d6dc64699336876,"{""distance"":3,""physical_error_rate"":0.0001}","{""detection_events"":135,""detectors_checked"":387072}"
      6144,         0,         0,   0.289,decoder_by_matrix,beec9fd12293a9cfe53c9b61fb8ce2a525e4eed38fa75d132d6dc64699336876,"{""distance"":3,""physical_error_rate"":0.0001}","{""detection_events"":105,""detectors_checked"":331776}"
      6144,         0,         0,   0.257,decoder_by_matrix,beec9fd12293a9cfe53c9b61fb8ce2a525e4eed38fa75d132d6dc64699336876,"{""distance"":3,""physical_error_rate"":0.0001}","{""detection_events"":66,""detectors_checked"":331776}"
      7168,         0,         0,   0.257,decoder_by_matrix,beec9fd12293a9cfe53c9b61fb8ce2a525e4eed38fa75d132d6dc64699336876,"{""distance"":3,""physical_error_rate"":0.0001}","{""detection_events"":75,""detectors_checked"":387072}"
      7168,         0,         0,   0.262,decoder_by_matrix,beec9fd12293a9cfe53c9b61fb8ce2a525e4eed38fa75d132d6dc64699336876,"{""distance"":3,""physical_error_rate"":0.0001}","{""detection_events"":144,""detectors_checked"":387072}"
      6144,         0,         0,   0.258,decoder_by_matrix,beec9fd12293a9cfe53c9b61fb8ce2a525e4eed38fa75d132d6dc64699336876,"{""distance"":3,""physical_error_rate"":0.0001}","{""detection_events"":111,""detectors_checked"":331776}"
      6144,         0,         0,   0.258,decoder_by_matrix,beec9fd12293a9cfe53c9b61fb8ce2a525e4eed38fa75d132d6dc64699336876,"{""distance"":3,""physical_error_rate"":0.0001}","{""detection_events"":111,""detectors_checked"":331776}"
      6144,         0,         0,   0.262,decoder_by_matrix,beec9fd12293a9cfe53c9b61fb8ce2a525e4eed38fa75d132d6dc64699336876,"{""distance"":3,""physical_error_rate"":0.0001}","{""detection_events"":90,""detectors_checked"":331776}"
      7168,         0,         0,   0.139,decoder_by_matrix,beec9fd12293a9cfe53c9b61fb8ce2a525e4eed38fa75d132d6dc64699336876,"{""distance"":3,""physical_error_rate"":0.0001}","{""detection_events"":111,""detectors_checked"":387072}"
      7168,         0,         0,   0.293,decoder_by_matrix,beec9fd12293a9cfe53c9b61fb8ce2a525e4eed38fa75d132d6dc64699336876,"{""distance"":3,""physical_error_rate"":0.0001}","{""detection_events"":135,""detectors_checked"":387072}"
      7168,         0,         0,   0.260,decoder_by_matrix,beec9fd12293a9cfe53c9b61fb8ce2a525e4eed38fa75d132d6dc64699336876,"{""distance"":3,""physical_error_rate"":0.0001}","{""detection_events"":87,""detectors_checked"":387072}"
     10240,         0,         0,   0.373,decoder_by_matrix,beec9fd12293a9cfe53c9b61fb8ce2a525e4eed38fa75d132d6dc64699336876,"{""distance"":3,""physical_error_rate"":0.0001}","{""detection_events"":123,""detectors_checked"":552960}"
     11264,         0,         0,   0.382,decoder_by_matrix,beec9fd12293a9cfe53c9b61fb8ce2a525e4eed38fa75d132d6dc64699336876,"{""distance"":3,""physical_error_rate"":0.0001}","{""detection_events"":147,""detectors_checked"":608256}"
     10240,         0,         0,   0.389,decoder_by_matrix,beec9fd12293a9cfe53c9b61fb8ce2a525e4eed38fa75d132d6dc64699336876,"{""distance"":3,""physical_error_rate"":0.0001}","{""detection_events"":141,""detectors_checked"":552960}"
     10240,         0,         0,   0.386,decoder_by_matrix,beec9fd12293a9cfe53c9b61fb8ce2a525e4eed38fa75d132d6dc64699336876,"{""distance"":3,""physical_error_rate"":0.0001}","{""detection_events"":138,""detectors_checked"":552960}"
      9216,         0,         0,   0.386,decoder_by_matrix,beec9fd12293a9cfe53c9b61fb8ce2a525e4eed38fa75d132d6dc64699336876,"{""distance"":3,""physical_error_rate"":0.0001}","{""detection_events"":108,""detectors_checked"":497664}"
      9216,         0,         0,   0.386,decoder_by_matrix,beec9fd12293a9cfe53c9b61fb8ce2a525e4eed38fa75d132d6dc64699336876,"{""distance"":3,""physical_error_rate"":0.0001}","{""detection_events"":165,""detectors_checked"":497664}"
      8192,         0,         0,   0.385,decoder_by_matrix,beec9fd12293a9cfe53c9b61fb8ce2a525e4eed38fa75d132d6dc64699336876,"{""distance"":3,""physical_error_rate"":0.0001}","{""detection_events"":93,""detectors_checked"":442368}"
     10240,         0,         0,   0.386,decoder_by_matrix,beec9fd12293a9cfe53c9b61fb8ce2a525e4eed38fa75d132d6dc64699336876,"{""distance"":3,""physical_error_rate"":0.0001}","{""detection_events"":129,""detectors_checked"":552960}"
     10240,         0,         0,   0.386,decoder_by_matrix,beec9fd12293a9cfe53c9b61fb8ce2a525e4eed38fa75d132d6dc64699336876,"{""distance"":3,""physical_error_rate"":0.0001}","{""detection_events"":141,""detectors_checked"":552960}"
      9216,         0,         0,   0.386,decoder_by_matrix,beec9fd12293a9cfe53c9b61fb8ce2a525e4eed38fa75d132d6dc64699336876,"{""distance"":3,""physical_error_rate"":0.0001}","{""detection_events"":156,""detectors_checked"":497664}"
     10240,         0,         0,   0.390,decoder_by_matrix,beec9fd12293a9cfe53c9b61fb8ce2a525e4eed38fa75d132d6dc64699336876,"{""distance"":3,""physical_error_rate"":0.0001}","{""detection_events"":132,""detectors_checked"":552960}"
      9216,         0,         0,   0.391,decoder_by_matrix,beec9fd12293a9cfe53c9b61fb8ce2a525e4eed38fa75d132d6dc64699336876,"{""distance"":3,""physical_error_rate"":0.0001}","{""detection_events"":120,""detectors_checked"":497664}"
     11264,         0,         0,   0.386,decoder_by_matrix,beec9fd12293a9cfe53c9b61fb8ce2a525e4eed38fa75d132d6dc64699336876,"{""distance"":3,""physical_error_rate"":0.0001}","{""detection_events"":177,""detectors_checked"":608256}"
     10240,         0,         0,   0.384,decoder_by_matrix,beec9fd12293a9cfe53c9b61fb8ce2a525e4eed38fa75d132d6dc64699336876,"{""distance"":3,""physical_error_rate"":0.0001}","{""detection_events"":129,""detectors_checked"":552960}"
      9216,         0,         0,   0.385,decoder_by_matrix,beec9fd12293a9cfe53c9b61fb8ce2a525e4eed38fa75d132d6dc64699336876,"{""distance"":3,""physical_error_rate"":0.0001}","{""detection_events"":72,""detectors_checked"":497664}"
     10240,         0,         0,   0.375,decoder_by_matrix,beec9fd12293a9cfe53c9b61fb8ce2a525e4eed38fa75d132d6dc64699336876,"{""distance"":3,""physical_error_rate"":0.0001}","{""detection_events"":141,""detectors_checked"":552960}"
     10240,         0,         0,   0.410,decoder_by_matrix,beec9fd12293a9cfe53c9b61fb8ce2a525e4eed38fa75d132d6dc64699336876,"{""distance"":3,""physical_error_rate"":0.0001}","{""detection_events"":135,""detectors_checked"":552960}"
     11264,         0,         0,   0.420,decoder_by_matrix,beec9fd12293a9cfe53c9b61fb8ce2a525e4eed38fa75d132d6dc64699336876,"{""distance"":3,""physical_error_rate"":0.0001}","{""detection_events"":129,""detectors_checked"":608256}"
     12288,         0,         0,   0.509,decoder_by_matrix,beec9fd12293a9cfe53c9b61fb8ce2a525e4eed38fa75d132d6dc64699336876,"{""distance"":3,""physical_error_rate"":0.0001}","{""detection_events"":189,""detectors_checked"":663552}"
     13312,         0,         0,   0.518,decoder_by_matrix,beec9fd12293a9cfe53c9b61fb8ce2a525e4eed38fa75d132d6dc64699336876,"{""distance"":3,""physical_error_rate"":0.0001}","{""detection_events"":216,""detectors_checked"":718848}"
     13312,         0,         0,   0.511,decoder_by_matrix,beec9fd12293a9cfe53c9b61fb8ce2a525e4eed38fa75d132d6dc64699336876,"{""distance"":3,""physical_error_rate"":0.0001}","{""detection_events"":309,""detectors_checked"":718848}"
     12288,         0,         0,   0.483,decoder_by_matrix,beec9fd12293a9cfe53c9b61fb8ce2a525e4eed38fa75d132d6dc64699336876,"{""distance"":3,""physical_error_rate"":0.0001}","{""detection_events"":213,""detectors_checked"":663552}"
     14336,         0,         0,   0.514,decoder_by_matrix,beec9fd12293a9cfe53c9b61fb8ce2a525e4eed38fa75d132d6dc64699336876,"{""distance"":3,""physical_error_rate"":0.0001}","{""detection_events"":177,""detectors_checked"":774144}"
     13312,         0,         0,   0.514,decoder_by_matrix,beec9fd12293a9cfe53c9b61fb8ce2a525e4eed38fa75d132d6dc64699336876,"{""distance"":3,""physical_error_rate"":0.0001}","{""detection_events"":177,""detectors_checked"":718848}"
     13312,         0,         0,   0.515,decoder_by_matrix,beec9fd12293a9cfe53c9b61fb8ce2a525e4eed38fa75d132d6dc64699336876,"{""distance"":3,""physical_error_rate"":0.0001}","{""detection_events"":174,""detectors_checked"":718848}"
     13312,         0,         0,   0.506,decoder_by_matrix,beec9fd12293a9cfe53c9b61fb8ce2a525e4eed38fa75d132d6dc64699336876,"{""distance"":3,""physical_error_rate"":0.0001}","{""detection_events"":174,""detectors_checked"":718848}"
     13312,         0,         0,   0.523,decoder_by_matrix,beec9fd12293a9cfe53c9b61fb8ce2a525e4eed38fa75d132d6dc64699336876,"{""distance"":3,""physical_error_rate"":0.0001}","{""detection_events"":210,""detectors_checked"":718848}"
     12288,         0,         0,   0.514,decoder_by_matrix,beec9fd12293a9cfe53c9b61fb8ce2a525e4eed38fa75d132d6dc64699336876,"{""distance"":3,""physical_error_rate"":0.0001}","{""detection_events"":243,""detectors_checked"":663552}"
     13312,         0,         0,   0.519,decoder_by_matrix,beec9fd12293a9cfe53c9b61fb8ce2a525e4eed38fa75d132d6dc64699336876,"{""distance"":3,""physical_error_rate"":0.0001}","{""detection_events"":186,""detectors_checked"":718848}"
     13312,         0,         0,   0.524,decoder_by_matrix,beec9fd12293a9cfe53c9b61fb8ce2a525e4eed38fa75d132d6dc64699336876,"{""distance"":3,""physical_error_rate"":0.0001}","{""detection_events"":198,""detectors_checked"":718848}"
     13312,         0,         0,   0.511,decoder_by_matrix,beec9fd12293a9cfe53c9b61fb8ce2a525e4eed38fa75d132d6dc64699336876,"{""distance"":3,""physical_error_rate"":0.0001}","{""detection_events"":123,""detectors_checked"":718848}"
     12288,         0,         0,   0.404,decoder_by_matrix,beec9fd12293a9cfe53c9b61fb8ce2a525e4eed38fa75d132d6dc64699336876,"{""distance"":3,""physical_error_rate"":0.0001}","{""detection_events"":135,""detectors_checked"":663552}"
     17408,         0,         0,   0.617,decoder_by_matrix,beec9fd12293a9cfe53c9b61fb8ce2a525e4eed38fa75d132d6dc64699336876,"{""distance"":3,""physical_error_rate"":0.0001}","{""detection_events"":279,""detectors_checked"":940032}"
     16384,         0,         0,   0.645,decoder_by_matrix,beec9fd12293a9cfe53c9b61fb8ce2a525e4eed38fa75d132d6dc64699336876,"{""distance"":3,""physical_error_rate"":0.0001}","{""detection_events"":258,""detectors_checked"":884736}"
     17408,         0,         0,   0.638,decoder_by_matrix,beec9fd12293a9cfe53c9b61fb8ce2a525e4eed38fa75d132d6dc64699336876,"{""distance"":3,""physical_error_rate"":0.0001}","{""detection_events"":276,""detectors_checked"":940032}"
     15360,         0,         0,   0.639,decoder_by_matrix,beec9fd12293a9cfe53c9b61fb8ce2a525e4eed38fa75d132d6dc64699336876,"{""distance"":3,""physical_error_rate"":0.0001}","{""detection_events"":285,""detectors_checked"":829440}"
     17408,         0,         0,   0.639,decoder_by_matrix,beec9fd12293a9cfe53c9b61fb8ce2a525e4eed38fa75d132d6dc64699336876,"{""distance"":3,""physical_error_rate"":0.0001}","{""detection_events"":216,""detectors_checked"":940032}"
     15360,         0,         0,   0.638,decoder_by_matrix,beec9fd12293a9cfe53c9b61fb8ce2a525e4eed38fa75d132d6dc64699336876,"{""distance"":3,""physical_error_rate"":0.0001}","{""detection_events"":201,""detectors_checked"":829440}"
     18432,         0,         0,   0.676,decoder_by_matrix,beec9fd12293a9cfe53c9b61fb8ce2a525e4eed38fa75d132d6dc64699336876,"{""distance"":3,""physical_error_rate"":0.0001}","{""detection_events"":273,""detectors_checked"":995328}"
     17408,         0,         0,   0.643,decoder_by_matrix,beec9fd12293a9cfe53c9b61fb8ce2a525e4eed38fa75d132d6dc64699336876,"{""distance"":3,""physical_error_rate"":0.0001}","{""detection_events"":222,""detectors_checked"":940032}"
     17408,         0,         0,   0.643,decoder_by_matrix,beec9fd12293a9cfe53c9b61fb8ce2a525e4eed38fa75d132d6dc64699336876,"{""distance"":3,""physical_error_rate"":0.0001}","{""detection_events"":231,""detectors_checked"":940032}"
     17408,         0,         0,   0.644,decoder_by_matrix,beec9fd12293a9cfe53c9b61fb8ce2a525e4eed38fa75d132d6dc64699336876,"{""distance"":3,""physical_error_rate"":0.0001}","{""detection_events"":207,""detectors_checked"":940032}"
     16384,         0,         0,   0.643,decoder_by_matrix,beec9fd12293a9cfe53c9b61fb8ce2a525e4eed38fa75d132d6dc64699336876,"{""distance"":3,""physical_error_rate"":0.0001}","{""detection_events"":258,""detectors_checked"":884736}"
     16384,         0,         0,   0.644,decoder_by_matrix,beec9fd12293a9cfe53c9b61fb8ce2a525e4eed38fa75d132d6dc64699336876,"{""distance"":3,""physical_error_rate"":0.0001}","{""detection_events"":231,""detectors_checked"":884736}"
     17408,         0,         0,   0.639,decoder_by_matrix,beec9fd12293a9cfe53c9b61fb8ce2a525e4eed38fa75d132d6dc64699336876,"{""distance"":3,""physical_error_rate"":0.0001}","{""detection_events"":210,""detectors_checked"":940032}"
     18432,         0,         0,   0.652,decoder_by_matrix,beec9fd12293a9cfe53c9b61fb8ce2a525e4eed38fa75d132d6dc64699336876,"{""distance"":3,""physical_error_rate"":0.0001}","{""detection_events"":282,""detectors_checked"":995328}"
     17408,         0,         0,   0.643,decoder_by_matrix,beec9fd12293a9cfe53c9b61fb8ce2a525e4eed38fa75d132d6dc64699336876,"{""distance"":3,""physical_error_rate"":0.0001}","{""detection_events"":297,""detectors_checked"":940032}"
     15360,         0,         0,   0.649,decoder_by_matrix,beec9fd12293a9cfe53c9b61fb8ce2a525e4eed38fa75d132d6dc64699336876,"{""distance"":3,""physical_error_rate"":0.0001}","{""detection_events"":222,""detectors_checked"":829440}"
     22528,         0,         0,   0.915,decoder_by_matrix,beec9fd12293a9cfe53c9b61fb8ce2a525e4eed38fa75d132d6dc64699336876,"{""distance"":3,""physical_error_rate"":0.0001}","{""detection_events"":384,""detectors_checked"":1216512}"
     19456,         0,         0,   0.798,decoder_by_matrix,beec9fd12293a9cfe53c9b61fb8ce2a525e4eed38fa75d132d6dc64699336876,"{""distance"":3,""physical_error_rate"":0.0001}","{""detection_events"":336,""detectors_checked"":1050624}"
     23552,         0,         0,   0.891,decoder_by_matrix,beec9fd12293a9cfe53c9b61fb8ce2a525e4eed38fa75d132d6dc64699336876,"{""distance"":3,""physical_error_rate"":0.0001}","{""detection_events"":300,""detectors_checked"":1271808}"
     22528,         0,         0,   0.858,decoder_by_matrix,beec9fd12293a9cfe53c9b61fb8ce2a525e4eed38fa75d132d6dc64699336876,"{""distance"":3,""physical_error_rate"":0.0001}","{""detection_events"":324,""detectors_checked"":1216512}"
     20480,         0,         0,   0.794,decoder_by_matrix,beec9fd12293a9cfe53c9b61fb8ce2a525e4eed38fa75d132d6dc64699336876,"{""distance"":3,""physical_error_rate"":0.0001}","{""detection_events"":261,""detectors_checked"":1105920}"
     23552,         0,         0,   0.782,decoder_by_matrix,beec9fd12293a9cfe53c9b61fb8ce2a525e4eed38fa75d132d6dc64699336876,"{""distance"":3,""physical_error_rate"":0.0001}","{""detection_events"":354,""detectors_checked"":1271808}"
     22528,         0,         0,   0.779,decoder_by_matrix,beec9fd12293a9cfe53c9b61fb8ce2a525e4eed38fa75d132d6dc64699336876,"{""distance"":3,""physical_error_rate"":0.0001}","{""detection_events"":384,""detectors_checked"":1216512}"
     25600,         0,         0,   0.903,decoder_by_matrix,beec9fd12293a9cfe53c9b61fb8ce2a525e4eed38fa75d132d6dc64699336876,"{""distance"":3,""physical_error_rate"":0.0001}","{""detection_events"":333,""detectors_checked"":1382400}"
     24576,         0,         0,   0.900,decoder_by_matrix,beec9fd12293a9cfe53c9b61fb8ce2a525e4eed38fa75d132d6dc64699336876,"{""distance"":3,""physical_error_rate"":0.0001}","{""detection_events"":288,""detectors_checked"":1327104}"
     24576,         0,         0,   0.899,decoder_by_matrix,beec9fd12293a9cfe53c9b61fb8ce2a525e4eed38fa75d132d6dc64699336876,"{""distance"":3,""physical_error_rate"":0.0001}","{""detection_events"":309,""detectors_checked"":1327104}"
     22528,         0,         0,   0.899,decoder_by_matrix,beec9fd12293a9cfe53c9b61fb8ce2a525e4eed38fa75d132d6dc64699336876,"{""distance"":3,""physical_error_rate"":0.0001}","{""detection_events"":393,""detectors_checked"":1216512}"
     21504,         0,         0,   0.891,decoder_by_matrix,beec9fd12293a9cfe53c9b61fb8ce2a525e4eed38fa75d132d6dc64699336876,"{""distance"":3,""physical_error_rate"":0.0001}","{""detection_events"":426,""detectors_checked"":1161216}"
     24576,         0,         0,   0.899,decoder_by_matrix,beec9fd12293a9cfe53c9b61fb8ce2a525e4eed38fa75d132d6dc64699336876,"{""distance"":3,""physical_error_rate"":0.0001}","{""detection_events"":366,""detectors_checked"":1327104}"
     24576,         0,         0,   0.899,decoder_by_matrix,beec9fd12293a9cfe53c9b61fb8ce2a525e4eed38fa75d132d6dc64699336876,"{""distance"":3,""physical_error_rate"":0.0001}","{""detection_events"":459,""detectors_checked"":1327104}"
     22528,         0,         0,   0.803,decoder_by_matrix,beec9fd12293a9cfe53c9b61fb8ce2a525e4eed38fa75d132d6dc64699336876,"{""distance"":3,""physical_error_rate"":0.0001}","{""detection_events"":249,""detectors_checked"":1216512}"
     24576,         0,         0,   0.907,decoder_by_matrix,beec9fd12293a9cfe53c9b61fb8ce2a525e4eed38fa75d132d6dc64699336876,"{""distance"":3,""physical_error_rate"":0.0001}","{""detection_events"":279,""detectors_checked"":1327104}"
     30720,         0,         0,    1.13,decoder_by_matrix,beec9fd12293a9cfe53c9b61fb8ce2a525e4eed38fa75d132d6dc64699336876,"{""distance"":3,""physical_error_rate"":0.0001}","{""detection_events"":399,""detectors_checked"":1658880}"
     29696,         0,         0,    1.18,decoder_by_matrix,beec9fd12293a9cfe53c9b61fb8ce2a525e4eed38fa75d132d6dc64699336876,"{""distance"":3,""physical_error_rate"":0.0001}","{""detection_events"":378,""detectors_checked"":1603584}"
     29696,         0,         0,    1.12,decoder_by_matrix,beec9fd12293a9cfe53c9b61fb8ce2a525e4eed38fa75d132d6dc64699336876,"{""distance"":3,""physical_error_rate"":0.0001}","{""detection_events"":456,""detectors_checked"":1603584}"
     28672,         0,         0,    1.16,decoder_by_matrix,beec9fd12293a9cfe53c9b61fb8ce2a525e4eed38fa75d132d6dc64699336876,"{""distance"":3,""physical_error_rate"":0.0001}","{""detection_events"":438,""detectors_checked"":1548288}"
     29696,         0,         0,    1.15,decoder_by_matrix,beec9fd12293a9cfe53c9b61fb8ce2a525e4eed38fa75d132d6dc64699336876,"{""distance"":3,""physical_error_rate"":0.0001}","{""detection_events"":528,""detectors_checked"":1603584}"
     32768,         0,         0,    1.15,decoder_by_matrix,beec9fd12293a9cfe53c9b61fb8ce2a525e4eed38fa75d132d6dc64699336876,"{""distance"":3,""physical_error_rate"":0.0001}","{""detection_events"":462,""detectors_checked"":1769472}"
     30720,         0,         0,    1.15,decoder_by_matrix,beec9fd12293a9cfe53c9b61fb8ce2a525e4eed38fa75d132d6dc64699336876,"{""distance"":3,""physical_error_rate"":0.0001}","{""detection_events"":393,""detectors_checked"":1658880}"
     28672,         0,         0,    1.15,decoder_by_matrix,beec9fd12293a9cfe53c9b61fb8ce2a525e4eed38fa75d132d6dc64699336876,"{""distance"":3,""physical_error_rate"":0.0001}","{""detection_events"":405,""detectors_checked"":1548288}"
     31744,         0,         0,    1.15,decoder_by_matrix,beec9fd12293a9cfe53c9b61fb8ce2a525e4eed38fa75d132d6dc64699336876,"{""distance"":3,""physical_error_rate"":0.0001}","{""detection_events"":480,""detectors_checked"":1714176}"
     29696,         0,         0,    1.15,decoder_by_matrix,beec9fd12293a9cfe53c9b61fb8ce2a525e4eed38fa75d132d6dc64699336876,"{""distance"":3,""physical_error_rate"":0.0001}","{""detection_events"":555,""detectors_checked"":1603584}"
     30720,         0,         0,    1.11,decoder_by_matrix,beec9fd12293a9cfe53c9b61fb8ce2a525e4eed38fa75d132d6dc64699336876,"{""distance"":3,""physical_error_rate"":0.0001}","{""detection_events"":480,""detectors_checked"":1658880}"
     28672,         0,         0,    1.16,decoder_by_matrix,beec9fd12293a9cfe53c9b61fb8ce2a525e4eed38fa75d132d6dc64699336876,"{""distance"":3,""physical_error_rate"":0.0001}","{""detection_events"":384,""detectors_checked"":1548288}"
     29696,         0,         0,    1.03,decoder_by_matrix,beec9fd12293a9cfe53c9b61fb8ce2a525e4eed38fa75d132d6dc64699336876,"{""distance"":3,""physical_error_rate"":0.0001}","{""detection_events"":438,""detectors_checked"":1603584}"
     29696,         0,         0,    1.16,decoder_by_matrix,beec9fd12293a9cfe53c9b61fb8ce2a525e4eed38fa75d132d6dc64699336876,"{""distance"":3,""physical_error_rate"":0.0001}","{""detection_events"":345,""detectors_checked"":1603584}"
     29696,         0,         0,    1.18,decoder_by_matrix,beec9fd12293a9cfe53c9b61fb8ce2a525e4eed38fa75d132d6dc64699336876,"{""distance"":3,""physical_error_rate"":0.0001}","{""detection_events"":480,""detectors_checked"":1603584}"
     30720,         1,         0,    1.14,decoder_by_matrix,beec9fd12293a9cfe53c9b61fb8ce2a525e4eed38fa75d132d6dc64699336876,"{""distance"":3,""physical_error_rate"":0.0001}","{""detection_events"":504,""detectors_checked"":1658880,""obs_mistake_mask=E"":1}"
     38912,         0,         0,    1.44,decoder_by_matrix,beec9fd12293a9cfe53c9b61fb8ce2a525e4eed38fa75d132d6dc64699336876,"{""distance"":3,""physical_error_rate"":0.0001}","{""detection_events"":516,""detectors_checked"":2101248}"
     44032,         0,         0,    1.47,decoder_by_matrix,beec9fd12293a9cfe53c9b61fb8ce2a525e4eed38fa75d132d6dc64699336876,"{""distance"":3,""physical_error_rate"":0.0001}","{""detection_events"":693,""detectors_checked"":2377728}"
     40960,         0,         0,    1.65,decoder_by_matrix,beec9fd12293a9cfe53c9b61fb8ce2a525e4eed38fa75d132d6dc64699336876,"{""distance"":3,""physical_error_rate"":0.0001}","{""detection_events"":666,""detectors_checked"":2211840}"
     40960,         0,         0,    1.43,decoder_by_matrix,beec9fd12293a9cfe53c9b61fb8ce2a525e4eed38fa75d132d6dc64699336876,"{""distance"":3,""physical_error_rate"":0.0001}","{""detection_events"":528,""detectors_checked"":2211840}"
     44032,         0,         0,    1.49,decoder_by_matrix,beec9fd12293a9cfe53c9b61fb8ce2a525e4eed38fa75d132d6dc64699336876,"{""distance"":3,""physical_error_rate"":0.0001}","{""detection_events"":561,""detectors_checked"":2377728}"
     40960,         0,         0,    1.63,decoder_by_matrix,beec9fd12293a9cfe53c9b61fb8ce2a525e4eed38fa75d132d6dc64699336876,"{""distance"":3,""physical_error_rate"":0.0001}","{""detection_events"":459,""detectors_checked"":2211840}"
     40960,         0,         0,    1.56,decoder_by_matrix,beec9fd12293a9cfe53c9b61fb8ce2a525e4eed38fa75d132d6dc64699336876,"{""distance"":3,""physical_error_rate"":0.0001}","{""detection_events"":462,""detectors_checked"":2211840}"
     39936,         0,         0,    1.62,decoder_by_matrix,beec9fd12293a9cfe53c9b61fb8ce2a525e4eed38fa75d132d6dc64699336876,"{""distance"":3,""physical_error_rate"":0.0001}","{""detection_events"":528,""detectors_checked"":2156544}"
     41984,         0,         0,    1.67,decoder_by_matrix,beec9fd12293a9cfe53c9b61fb8ce2a525e4eed38fa75d132d6dc64699336876,"{""distance"":3,""physical_error_rate"":0.0001}","{""detection_events"":774,""detectors_checked"":2267136}"
     41984,         0,         0,    1.55,decoder_by_matrix,beec9fd12293a9cfe53c9b61fb8ce2a525e4eed38fa75d132d6dc64699336876,"{""distance"":3,""physical_error_rate"":0.0001}","{""detection_events"":714,""detectors_checked"":2267136}"
     43008,         0,         0,    1.67,decoder_by_matrix,beec9fd12293a9cfe53c9b61fb8ce2a525e4eed38fa75d132d6dc64699336876,"{""distance"":3,""physical_error_rate"":0.0001}","{""detection_events"":663,""detectors_checked"":2322432}"
     44032,         0,         0,    1.67,decoder_by_matrix,beec9fd12293a9cfe53c9b61fb8ce2a525e4eed38fa75d132d6dc64699336876,"{""distance"":3,""physical_error_rate"":0.0001}","{""detection_events"":579,""detectors_checked"":2377728}"
     45056,         0,         0,    1.67,decoder_by_matrix,beec9fd12293a9cfe53c9b61fb8ce2a525e4eed38fa75d132d6dc64699336876,"{""distance"":3,""physical_error_rate"":0.0001}","{""detection_events"":612,""detectors_checked"":2433024}"
     44032,         0,         0,    1.65,decoder_by_matrix,beec9fd12293a9cfe53c9b61fb8ce2a525e4eed38fa75d132d6dc64699336876,"{""distance"":3,""physical_error_rate"":0.0001}","{""detection_events"":564,""detectors_checked"":2377728}"
     41984,         1,         0,    1.64,decoder_by_matrix,beec9fd12293a9cfe53c9b61fb8ce2a525e4eed38fa75d132d6dc64699336876,"{""distance"":3,""physical_error_rate"":0.0001}","{""detection_events"":699,""detectors_checked"":2267136,""obs_mistake_mask=E"":1}"
     44032,         0,         0,    1.67,decoder_by_matrix,beec9fd12293a9cfe53c9b61fb8ce2a525e4eed38fa75d132d6dc64699336876,"{""distance"":3,""physical_error_rate"":0.0001}","{""detection_events"":588,""detectors_checked"":2377728}"
     54272,         0,         0,    2.19,decoder_by_matrix,beec9fd12293a9cfe53c9b61fb8ce2a525e4eed38fa75d132d6dc64699336876,"{""distance"":3,""physical_error_rate"":0.0001}","{""detection_events"":750,""detectors_checked"":2930688}"
     59392,         0,         0,    2.19,decoder_by_matrix,beec9fd12293a9cfe53c9b61fb8ce2a525e4eed38fa75d132d6dc64699336876,"{""distance"":3,""physical_error_rate"":0.0001}","{""detection_events"":828,""detectors_checked"":3207168}"
     62464,         0,         0,    2.29,decoder_by_matrix,beec9fd12293a9cfe53c9b61fb8ce2a525e4eed38fa75d132d6dc64699336876,"{""distance"":3,""physical_error_rate"":0.0001}","{""detection_events"":789,""detectors_checked"":3373056}"
     55296,         0,         0,    2.18,decoder_by_matrix,beec9fd12293a9cfe53c9b61fb8ce2a525e4eed38fa75d132d6dc64699336876,"{""distance"":3,""physical_error_rate"":0.0001}","{""detection_events"":723,""detectors_checked"":2985984}"
     60416,         0,         0,    2.19,decoder_by_matrix,beec9fd12293a9cfe53c9b61fb8ce2a525e4eed38fa75d132d6dc64699336876,"{""distance"":3,""physical_error_rate"":0.0001}","{""detection_events"":843,""detectors_checked"":3262464}"
     61440,         0,         0,    2.15,decoder_by_matrix,beec9fd12293a9cfe53c9b61fb8ce2a525e4eed38fa75d132d6dc64699336876,"{""distance"":3,""physical_error_rate"":0.0001}","{""detection_events"":882,""detectors_checked"":3317760}"
     56320,         0,         0,    2.19,decoder_by_matrix,beec9fd12293a9cfe53c9b61fb8ce2a525e4eed38fa75d132d6dc64699336876,"{""distance"":3,""physical_error_rate"":0.0001}","{""detection_events"":924,""detectors_checked"":3041280}"
     58368,         0,         0,    2.19,decoder_by_matrix,beec9fd12293a9cfe53c9b61fb8ce2a525e4eed38fa75d132d6dc64699336876,"{""distance"":3,""physical_error_rate"":0.0001}","{""detection_events"":738,""detectors_checked"":3151872}"
     60416,         0,         0,    2.20,decoder_by_matrix,beec9fd12293a9cfe53c9b61fb8ce2a525e4eed38fa75d132d6dc64699336876,"{""distance"":3,""physical_error_rate"":0.0001}","{""detection_events"":945,""detectors_checked"":3262464}"
     57344,         0,         0,    2.19,decoder_by_matrix,beec9fd12293a9cfe53c9b61fb8ce2a525e4eed38fa75d132d6dc64699336876,"{""distance"":3,""physical_error_rate"":0.0001}","{""detection_events"":966,""detectors_checked"":3096576}"
     58368,         0,         0,    2.05,decoder_by_matrix,beec9fd12293a9cfe53c9b61fb8ce2a525e4eed38fa75d132d6dc64699336876,"{""distance"":3,""physical_error_rate"":0.0001}","{""detection_events"":945,""detectors_checked"":3151872}"
     61440,         0,         0,    2.30,decoder_by_matrix,beec9fd12293a9cfe53c9b61fb8ce2a525e4eed38fa75d132d6dc64699336876,"{""distance"":3,""physical_error_rate"":0.0001}","{""detection_events"":999,""detectors_checked"":3317760}"
     58368,         0,         0,    2.17,decoder_by_matrix,beec9fd12293a9cfe53c9b61fb8ce2a525e4eed38fa75d132d6dc64699336876,"{""distance"":3,""physical_error_rate"":0.0001}","{""detection_events"":939,""detectors_checked"":3151872}"
     57344,         0,         0,    2.07,decoder_by_matrix,beec9fd12293a9cfe53c9b61fb8ce2a525e4eed38fa75d132d6dc64699336876,"{""distance"":3,""physical_error_rate"":0.0001}","{""detection_events"":834,""detectors_checked"":3096576}"
     61440,         0,         0,    2.30,decoder_by_matrix,beec9fd12293a9cfe53c9b61fb8ce2a525e4eed38fa75d132d6dc64699336876,"{""distance"":3,""physical_error_rate"":0.0001}","{""detection_events"":894,""detectors_checked"":3317760}"
     64512,         0,         0,    2.18,decoder_by_matrix,beec9fd12293a9cfe53c9b61fb8ce2a525e4eed38fa75d132d6dc64699336876,"{""distance"":3,""physical_error_rate"":0.0001}","{""detection_events"":876,""detectors_checked"":3483648}"
     81920,         0,         0,    3.07,decoder_by_matrix,beec9fd12293a9cfe53c9b61fb8ce2a525e4eed38fa75d132d6dc64699336876,"{""distance"":3,""physical_error_rate"":0.0001}","{""detection_events"":1092,""detectors_checked"":4423680}"
     79872,         0,         0,    3.08,decoder_by_matrix,beec9fd12293a9cfe53c9b61fb8ce2a525e4eed38fa75d132d6dc64699336876,"{""distance"":3,""physical_error_rate"":0.0001}","{""detection_events"":1278,""detectors_checked"":4313088}"
     80896,         0,         0,    3.08,decoder_by_matrix,beec9fd12293a9cfe53c9b61fb8ce2a525e4eed38fa75d132d6dc64699336876,"{""distance"":3,""physical_error_rate"":0.0001}","{""detection_events"":1251,""detectors_checked"":4368384}"
     81920,         0,         0,    2.94,decoder_by_matrix,beec9fd12293a9cfe53c9b61fb8ce2a525e4eed38fa75d132d6dc64699336876,"{""distance"":3,""physical_error_rate"":0.0001}","{""detection_events"":1149,""detectors_checked"":4423680}"
     78848,         0,         0,    3.08,decoder_by_matrix,beec9fd12293a9cfe53c9b61fb8ce2a525e4eed38fa75d132d6dc64699336876,"{""distance"":3,""physical_error_rate"":0.0001}","{""detection_events"":1134,""detectors_checked"":4257792}"
     81920,         0,         0,    3.11,decoder_by_matrix,beec9fd12293a9cfe53c9b61fb8ce2a525e4eed38fa75d132d6dc64699336876,"{""distance"":3,""physical_error_rate"":0.0001}","{""detection_events"":1320,""detectors_checked"":4423680}"
     84992,         0,         0,    3.16,decoder_by_matrix,beec9fd12293a9cfe53c9b61fb8ce2a525e4eed38fa75d132d6dc64699336876,"{""distance"":3,""physical_error_rate"":0.0001}","{""detection_events"":1083,""detectors_checked"":4589568}"
     80896,         1,         0,    3.16,decoder_by_matrix,beec9fd12293a9cfe53c9b61fb8ce2a525e4eed38fa75d132d6dc64699336876,"{""distance"":3,""physical_error_rate"":0.0001}","{""detection_events"":1083,""detectors_checked"":4368384,""obs_mistake_mask=E"":1}"
     82944,         0,         0,    3.05,decoder_by_matrix,beec9fd12293a9cfe53c9b61fb8ce2a525e4eed38fa75d132d6dc64699336876,"{""distance"":3,""physical_error_rate"":0.0001}","{""detection_events"":1242,""detectors_checked"":4478976}"
     79872,         0,         0,    3.09,decoder_by_matrix,beec9fd12293a9cfe53c9b61fb8ce2a525e4eed38fa75d132d6dc64699336876,"{""distance"":3,""physical_error_rate"":0.0001}","{""detection_events"":1203,""detectors_checked"":4313088}"
     82944,         0,         0,    3.14,decoder_by_matrix,beec9fd12293a9cfe53c9b61fb8ce2a525e4eed38fa75d132d6dc64699336876,"{""distance"":3,""physical_error_rate"":0.0001}","{""detection_events"":1086,""detectors_checked"":4478976}"
     79872,         0,         0,    2.93,decoder_by_matrix,beec9fd12293a9cfe53c9b61fb8ce2a525e4eed38fa75d132d6dc64699336876,"{""distance"":3,""physical_error_rate"":0.0001}","{""detection_events"":1125,""detectors_checked"":4313088}"
     82944,         0,         0,    3.08,decoder_by_matrix,beec9fd12293a9cfe53c9b61fb8ce2a525e4eed38fa75d132d6dc64699336876,"{""distance"":3,""physical_error_rate"":0.0001}","{""detection_events"":1122,""detectors_checked"":4478976}"
     78848,         0,         0,    3.10,decoder_by_matrix,beec9fd12293a9cfe53c9b61fb8ce2a525e4eed38fa75d132d6dc64699336876,"{""distance"":3,""physical_error_rate"":0.0001}","{""detection_events"":1188,""detectors_checked"":4257792}"
     79872,         0,         0,    3.08,decoder_by_matrix,beec9fd12293a9cfe53c9b61fb8ce2a525e4eed38fa75d132d6dc64699336876,"{""distance"":3,""physical_error_rate"":0.0001}","{""detection_events"":1185,""detectors_checked"":4313088}"
     79872,         0,         0,    3.16,decoder_by_matrix,beec9fd12293a9cfe53c9b61fb8ce2a525e4eed38fa75d132d6dc64699336876,"{""distance"":3,""physical_error_rate"":0.0001}","{""detection_events"":1302,""detectors_checked"":4313088}"
    116736,         0,         0,    4.03,decoder_by_matrix,beec9fd12293a9cfe53c9b61fb8ce2a525e4eed38fa75d132d6dc64699336876,"{""distance"":3,""physical_error_rate"":0.0001}","{""detection_events"":1467,""detectors_checked"":6303744}"
    115712,         0,         0,    4.33,decoder_by_matrix,beec9fd12293a9cfe53c9b61fb8ce2a525e4eed38fa75d132d6dc64699336876,"{""distance"":3,""physical_error_rate"":0.0001}","{""detection_events"":1527,""detectors_checked"":6248448}"
    113664,         0,         0,    4.06,decoder_by_matrix,beec9fd12293a9cfe53c9b61fb8ce2a525e4eed38fa75d132d6dc64699336876,"{""distance"":3,""physical_error_rate"":0.0001}","{""detection_events"":1707,""detectors_checked"":6137856}"
    109568,         0,         0,    4.35,decoder_by_matrix,beec9fd12293a9cfe53c9b61fb8ce2a525e4eed38fa75d132d6dc64699336876,"{""distance"":3,""physical_error_rate"":0.0001}","{""detection_events"":1653,""detectors_checked"":5916672}"
    112640,         0,         0,    4.35,decoder_by_matrix,beec9fd12293a9cfe53c9b61fb8ce2a525e4eed38fa75d132d6dc64699336876,"{""distance"":3,""physical_error_rate"":0.0001}","{""detection_events"":1614,""detectors_checked"":6082560}"
    112640,         1,         0,    4.30,decoder_by_matrix,beec9fd12293a9cfe53c9b61fb8ce2a525e4eed38fa75d132d6dc64699336876,"{""distance"":3,""physical_error_rate"":0.0001}","{""detection_events"":1704,""detectors_checked"":6082560,""obs_mistake_mask=E"":1}"
    108544,         0,         0,    4.29,decoder_by_matrix,beec9fd12293a9cfe53c9b61fb8ce2a525e4eed38fa75d132d6dc64699336876,"{""distance"":3,""physical_error_rate"":0.0001}","{""detection_events"":1602,""detectors_checked"":5861376}"
    113664,         0,         0,    4.38,decoder_by_matrix,beec9fd12293a9cfe53c9b61fb8ce2a525e4eed38fa75d132d6dc64699336876,"{""distance"":3,""physical_error_rate"":0.0001}","{""detection_events"":1548,""detectors_checked"":6137856}"
    115712,         0,         0,    4.17,decoder_by_matrix,beec9fd12293a9cfe53c9b61fb8ce2a525e4eed38fa75d132d6dc64699336876,"{""distance"":3,""physical_error_rate"":0.0001}","{""detection_events"":1635,""detectors_checked"":6248448}"
    108544,         0,         0,    4.15,decoder_by_matrix,beec9fd12293a9cfe53c9b61fb8ce2a525e4eed38fa75d132d6dc64699336876,"{""distance"":3,""physical_error_rate"":0.0001}","{""detection_events"":1476,""detectors_checked"":5861376}"
    111616,         1,         0,    4.05,decoder_by_matrix,beec9fd12293a9cfe53c9b61fb8ce2a525e4eed38fa75d132d6dc64699336876,"{""distance"":3,""physical_error_rate"":0.0001}","{""detection_events"":1749,""detectors_checked"":6027264,""obs_mistake_mask=E"":1}"
    111616,         0,         0,    4.36,decoder_by_matrix,beec9fd12293a9cfe53c9b61fb8ce2a525e4eed38fa75d132d6dc64699336876,"{""distance"":3,""physical_error_rate"":0.0001}","{""detection_events"":1728,""detectors_checked"":6027264}"
    116736,         0,         0,    4.22,decoder_by_matrix,beec9fd12293a9cfe53c9b61fb8ce2a525e4eed38fa75d132d6dc64699336876,"{""distance"":3,""physical_error_rate"":0.0001}","{""detection_events"":1521,""detectors_checked"":6303744}"
    108544,         0,         0,    4.22,decoder_by_matrix,beec9fd12293a9cfe53c9b61fb8ce2a525e4eed38fa75d132d6dc64699336876,"{""distance"":3,""physical_error_rate"":0.0001}","{""detection_events"":1737,""detectors_checked"":5861376}"
    113664,         0,         0,    4.37,decoder_by_matrix,beec9fd12293a9cfe53c9b61fb8ce2a525e4eed38fa75d132d6dc64699336876,"{""distance"":3,""physical_error_rate"":0.0001}","{""detection_events"":1608,""detectors_checked"":6137856}"
    115712,         0,         0,    4.22,decoder_by_matrix,beec9fd12293a9cfe53c9b61fb8ce2a525e4eed38fa75d132d6dc64699336876,"{""distance"":3,""physical_error_rate"":0.0001}","{""detection_events"":1602,""detectors_checked"":6248448}"
    156672,         1,         0,    6.03,decoder_by_matrix,beec9fd12293a9cfe53c9b61fb8ce2a525e4eed38fa75d132d6dc64699336876,"{""distance"":3,""physical_error_rate"":0.0001}","{""detection_events"":2310,""detectors_checked"":8460288,""obs_mistake_mask=E"":1}"
    153600,         0,         0,    5.87,decoder_by_matrix,beec9fd12293a9cfe53c9b61fb8ce2a525e4eed38fa75d132d6dc64699336876,"{""distance"":3,""physical_error_rate"":0.0001}","{""detection_events"":2229,""detectors_checked"":8294400}"
    159744,         0,         0,    5.97,decoder_by_matrix,beec9fd12293a9cfe53c9b61fb8ce2a525e4eed38fa75d132d6dc64699336876,"{""distance"":3,""physical_error_rate"":0.0001}","{""detection_events"":2256,""detectors_checked"":8626176}"
    157696,         0,         0,    5.99,decoder_by_matrix,beec9fd12293a9cfe53c9b61fb8ce2a525e4eed38fa75d132d6dc64699336876,"{""distance"":3,""physical_error_rate"":0.0001}","{""detection_events"":2340,""detectors_checked"":8515584}"
    157696,         0,         0,    6.05,decoder_by_matrix,beec9fd12293a9cfe53c9b61fb8ce2a525e4eed38fa75d132d6dc64699336876,"{""distance"":3,""physical_error_rate"":0.0001}","{""detection_events"":2346,""detectors_checked"":8515584}"
    155648,         0,         0,    5.98,decoder_by_matrix,beec9fd12293a9cfe53c9b61fb8ce2a525e4eed38fa75d132d6dc64699336876,"{""distance"":3,""physical_error_rate"":0.0001}","{""detection_events"":2481,""detectors_checked"":8404992}"
    156672,         0,         0,    6.02,decoder_by_matrix,beec9fd12293a9cfe53c9b61fb8ce2a525e4eed38fa75d132d6dc64699336876,"{""distance"":3,""physical_error_rate"":0.0001}","{""detection_events"":2274,""detectors_checked"":8460288}"
    157696,         0,         0,    6.01,decoder_by_matrix,beec9fd12293a9cfe53c9b61fb8ce2a525e4eed38fa75d132d6dc64699336876,"{""distance"":3,""physical_error_rate"":0.0001}","{""detection_events"":2253,""detectors_checked"":8515584}"
    153600,         0,         0,    5.86,decoder_by_matrix,beec9fd12293a9cfe53c9b61fb8ce2a525e4eed38fa75d132d6dc64699336876,"{""distance"":3,""physical_error_rate"":0.0001}","{""detection_events"":2409,""detectors_checked"":8294400}"
    157696,         0,         0,    6.01,decoder_by_matrix,beec9fd12293a9cfe53c9b61fb8ce2a525e4eed38fa75d132d6dc64699336876,"{""distance"":3,""physical_error_rate"":0.0001}","{""detection_events"":2247,""detectors_checked"":8515584}"
    153600,         0,         0,    6.01,decoder_by_matrix,beec9fd12293a9cfe53c9b61fb8ce2a525e4eed38fa75d132d6dc64699336876,"{""distance"":3,""physical_error_rate"":0.0001}","{""detection_events"":2367,""detectors_checked"":8294400}"
    160768,         0,         0,    5.94,decoder_by_matrix,beec9fd12293a9cfe53c9b61fb8ce2a525e4eed38fa75d132d6dc64699336876,"{""distance"":3,""physical_error_rate"":0.0001}","{""detection_events"":2181,""detectors_checked"":8681472}"
    160768,         0,         0,    5.99,decoder_by_matrix,beec9fd12293a9cfe53c9b61fb8ce2a525e4eed38fa75d132d6dc64699336876,"{""distance"":3,""physical_error_rate"":0.0001}","{""detection_events"":2232,""detectors_checked"":8681472}"
    159744,         1,         0,    6.04,decoder_by_matrix,beec9fd12293a9cfe53c9b61fb8ce2a525e4eed38fa75d132d6dc64699336876,"{""distance"":3,""physical_error_rate"":0.0001}","{""detection_events"":2502,""detectors_checked"":8626176,""obs_mistake_mask=E"":1}"
    155648,         0,         0,    5.84,decoder_by_matrix,beec9fd12293a9cfe53c9b61fb8ce2a525e4eed38fa75d132d6dc64699336876,"{""distance"":3,""physical_error_rate"":0.0001}","{""detection_events"":2298,""detectors_checked"":8404992}"
    164864,         0,         0,    5.92,decoder_by_matrix,beec9fd12293a9cfe53c9b61fb8ce2a525e4eed38fa75d132d6dc64699336876,"{""distance"":3,""physical_error_rate"":0.0001}","{""detection_events"":2421,""detectors_checked"":8902656}"
    218112,         0,         0,    8.37,decoder_by_matrix,beec9fd12293a9cfe53c9b61fb8ce2a525e4eed38fa75d132d6dc64699336876,"{""distance"":3,""physical_error_rate"":0.0001}","{""detection_events"":3234,""detectors_checked"":11778048}"
    215040,         0,         0,    8.18,decoder_by_matrix,beec9fd12293a9cfe53c9b61fb8ce2a525e4eed38fa75d132d6dc64699336876,"{""distance"":3,""physical_error_rate"":0.0001}","{""detection_events"":3357,""detectors_checked"":11612160}"
    227328,         0,         0,    8.16,decoder_by_matrix,beec9fd12293a9cfe53c9b61fb8ce2a525e4eed38fa75d132d6dc64699336876,"{""distance"":3,""physical_error_rate"":0.0001}","{""detection_events"":3162,""detectors_checked"":12275712}"
    224256,         0,         0,    8.16,decoder_by_matrix,beec9fd12293a9cfe53c9b61fb8ce2a525e4eed38fa75d132d6dc64699336876,"{""distance"":3,""physical_error_rate"":0.0001}","{""detection_events"":2868,""detectors_checked"":12109824}"
    221184,         1,         0,    8.47,decoder_by_matrix,beec9fd12293a9cfe53c9b61fb8ce2a525e4eed38fa75d132d6dc64699336876,"{""distance"":3,""physical_error_rate"":0.0001}","{""detection_events"":3474,""detectors_checked"":11943936,""obs_mistake_mask=E"":1}"
    225280,         0,         0,    8.15,decoder_by_matrix,beec9fd12293a9cfe53c9b61fb8ce2a525e4eed38fa75d132d6dc64699336876,"{""distance"":3,""physical_error_rate"":0.0001}","{""detection_events"":3246,""detectors_checked"":12165120}"
    220160,         0,         0,    8.44,decoder_by_matrix,beec9fd12293a9cfe53c9b61fb8ce2a525e4eed38fa75d132d6dc64699336876,"{""distance"":3,""physical_error_rate"":0.0001}","{""detection_events"":3135,""detectors_checked"":11888640}"
    226304,         0,         0,    8.29,decoder_by_matrix,beec9fd12293a9cfe53c9b61fb8ce2a525e4eed38fa75d132d6dc64699336876,"{""distance"":3,""physical_error_rate"":0.0001}","{""detection_events"":3318,""detectors_checked"":12220416}"
    226304,         0,         0,    8.16,decoder_by_matrix,beec9fd12293a9cfe53c9b61fb8ce2a525e4eed38fa75d132d6dc64699336876,"{""distance"":3,""physical_error_rate"":0.0001}","{""detection_events"":3360,""detectors_checked"":12220416}"
    221184,         1,         0,    8.09,decoder_by_matrix,beec9fd12293a9cfe53c9b61fb8ce2a525e4eed38fa75d132d6dc64699336876,"{""distance"":3,""physical_error_rate"":0.0001}","{""detection_events"":2730,""detectors_checked"":11943936,""obs_mistake_mask=E"":1}"
    223232,         0,         0,    8.44,decoder_by_matrix,beec9fd12293a9cfe53c9b61fb8ce2a525e4eed38fa75d132d6dc64699336876,"{""distance"":3,""physical_error_rate"":0.0001}","{""detection_events"":3540,""detectors_checked"":12054528}"
    216064,         0,         0,    7.71,decoder_by_matrix,beec9fd12293a9cfe53c9b61fb8ce2a525e4eed38fa75d132d6dc64699336876,"{""distance"":3,""physical_error_rate"":0.0001}","{""detection_events"":3402,""detectors_checked"":11667456}"
    220160,         1,         0,    8.30,decoder_by_matrix,beec9fd12293a9cfe53c9b61fb8ce2a525e4eed38fa75d132d6dc64699336876,"{""distance"":3,""physical_error_rate"":0.0001}","{""detection_events"":3408,""detectors_checked"":11888640,""obs_mistake_mask=E"":1}"
    220160,         0,         0,    8.29,decoder_by_matrix,beec9fd12293a9cfe53c9b61fb8ce2a525e4eed38fa75d132d6dc64699336876,"{""distance"":3,""physical_error_rate"":0.0001}","{""detection_events"":3159,""detectors_checked"":11888640}"
    226304,         0,         0,    8.23,decoder_by_matrix,beec9fd12293a9cfe53c9b61fb8ce2a525e4eed38fa75d132d6dc64699336876,"{""distance"":3,""physical_error_rate"":0.0001}","{""detection_events"":3114,""detectors_checked"":12220416}"
    224256,         1,         0,    8.29,decoder_by_matrix,beec9fd12293a9cfe53c9b61fb8ce2a525e4eed38fa75d132d6dc64699336876,"{""distance"":3,""physical_error_rate"":0.0001}","{""detection_events"":3150,""detectors_checked"":12109824,""obs_mistake_mask=E"":1}"
    311296,         1,         0,    11.1,decoder_by_matrix,beec9fd12293a9cfe53c9b61fb8ce2a525e4eed38fa75d132d6dc64699336876,"{""distance"":3,""physical_error_rate"":0.0001}","{""detection_events"":4179,""detectors_checked"":16809984,""obs_mistake_mask=E"":1}"
    308224,         1,         0,    11.4,decoder_by_matrix,beec9fd12293a9cfe53c9b61fb8ce2a525e4eed38fa75d132d6dc64699336876,"{""distance"":3,""physical_error_rate"":0.0001}","{""detection_events"":4470,""detectors_checked"":16644096,""obs_mistake_mask=E"":1}"
    317440,         0,         0,    11.8,decoder_by_matrix,beec9fd12293a9cfe53c9b61fb8ce2a525e4eed38fa75d132d6dc64699336876,"{""distance"":3,""physical_error_rate"":0.0001}","{""detection_events"":4566,""detectors_checked"":17141760}"
    311296,         0,         0,    11.4,decoder_by_matrix,beec9fd12293a9cfe53c9b61fb8ce2a525e4eed38fa75d132d6dc64699336876,"{""distance"":3,""physical_error_rate"":0.0001}","{""detection_events"":4035,""detectors_checked"":16809984}"
    312320,         0,         0,    11.5,decoder_by_matrix,beec9fd12293a9cfe53c9b61fb8ce2a525e4eed38fa75d132d6dc64699336876,"{""distance"":3,""physical_error_rate"":0.0001}","{""detection_events"":4323,""detectors_checked"":16865280}"
    305152,         0,         0,    11.5,decoder_by_matrix,beec9fd12293a9cfe53c9b61fb8ce2a525e4eed38fa75d132d6dc64699336876,"{""distance"":3,""physical_error_rate"":0.0001}","{""detection_events"":4722,""detectors_checked"":16478208}"
    309248,         0,         0,    11.5,decoder_by_matrix,beec9fd12293a9cfe53c9b61fb8ce2a525e4eed38fa75d132d6dc64699336876,"{""distance"":3,""physical_error_rate"":0.0001}","{""detection_events"":4278,""detectors_checked"":16699392}"
    309248,         2,         0,    11.7,decoder_by_matrix,beec9fd12293a9cfe53c9b61fb8ce2a525e4eed38fa75d132d6dc64699336876,"{""distance"":3,""physical_error_rate"":0.0001}","{""detection_events"":4617,""detectors_checked"":16699392,""obs_mistake_mask=E"":2}"
    310272,         0,         0,    11.6,decoder_by_matrix,beec9fd12293a9cfe53c9b61fb8ce2a525e4eed38fa75d132d6dc64699336876,"{""distance"":3,""physical_error_rate"":0.0001}","{""detection_events"":4884,""detectors_checked"":16754688}"
    304128,         0,         0,    11.5,decoder_by_matrix,beec9fd12293a9cfe53c9b61fb8ce2a525e4eed38fa75d132d6dc64699336876,"{""distance"":3,""physical_error_rate"":0.0001}","{""detection_events"":4464,""detectors_checked"":16422912}"
    310272,         0,         0,    11.5,decoder_by_matrix,beec9fd12293a9cfe53c9b61fb8ce2a525e4eed38fa75d132d6dc64699336876,"{""distance"":3,""physical_error_rate"":0.0001}","{""detection_events"":4134,""detectors_checked"":16754688}"
    311296,         1,         0,    11.7,decoder_by_matrix,beec9fd12293a9cfe53c9b61fb8ce2a525e4eed38fa75d132d6dc64699336876,"{""distance"":3,""physical_error_rate"":0.0001}","{""detection_events"":4512,""detectors_checked"":16809984,""obs_mistake_mask=E"":1}"
    314368,         0,         0,    11.5,decoder_by_matrix,beec9fd12293a9cfe53c9b61fb8ce2a525e4eed38fa75d132d6dc64699336876,"{""distance"":3,""physical_error_rate"":0.0001}","{""detection_events"":4647,""detectors_checked"":16975872}"
    318464,         0,         0,    11.7,decoder_by_matrix,beec9fd12293a9cfe53c9b61fb8ce2a525e4eed38fa75d132d6dc64699336876,"{""distance"":3,""physical_error_rate"":0.0001}","{""detection_events"":4200,""detectors_checked"":17197056}"
    311296,         0,         0,    11.3,decoder_by_matrix,beec9fd12293a9cfe53c9b61fb8ce2a525e4eed38fa75d132d6dc64699336876,"{""distance"":3,""physical_error_rate"":0.0001}","{""detection_events"":4257,""detectors_checked"":16809984}"
    314368,         0,         0,    11.4,decoder_by_matrix,beec9fd12293a9cfe53c9b61fb8ce2a525e4eed38fa75d132d6dc64699336876,"{""distance"":3,""physical_error_rate"":0.0001}","{""detection_events"":4200,""detectors_checked"":16975872}"
   3142656,         1,         0,   117.9,decoder_by_matrix,beec9fd12293a9cfe53c9b61fb8ce2a525e4eed38fa75d132d6dc64699336876,"{""distance"":3,""physical_error_rate"":0.0001}","{""detection_events"":46191,""detectors_checked"":169703424,""obs_mistake_mask=E"":1}"
   3125248,         1,         0,   117.0,decoder_by_matrix,beec9fd12293a9cfe53c9b61fb8ce2a525e4eed38fa75d132d6dc64699336876,"{""distance"":3,""physical_error_rate"":0.0001}","{""detection_events"":46839,""detectors_checked"":168763392,""obs_mistake_mask=E"":1}"
   3169280,         0,         0,   117.9,decoder_by_matrix,beec9fd12293a9cfe53c9b61fb8ce2a525e4eed38fa75d132d6dc64699336876,"{""distance"":3,""physical_error_rate"":0.0001}","{""detection_events"":46257,""detectors_checked"":171141120}"
   3161088,         0,         0,   116.5,decoder_by_matrix,beec9fd12293a9cfe53c9b61fb8ce2a525e4eed38fa75d132d6dc64699336876,"{""distance"":3,""physical_error_rate"":0.0001}","{""detection_events"":45972,""detectors_checked"":170698752}"
   3173376,         4,         0,   116.6,decoder_by_matrix,beec9fd12293a9cfe53c9b61fb8ce2a525e4eed38fa75d132d6dc64699336876,"{""distance"":3,""physical_error_rate"":0.0001}","{""detection_events"":46776,""detectors_checked"":171362304,""obs_mistake_mask=E"":4}"
   3154944,         3,         0,   117.1,decoder_by_matrix,beec9fd12293a9cfe53c9b61fb8ce2a525e4eed38fa75d132d6dc64699336876,"{""distance"":3,""physical_error_rate"":0.0001}","{""detection_events"":45153,""detectors_checked"":170366976,""obs_mistake_mask=E"":3}"
   3162112,         2,         0,   117.7,decoder_by_matrix,beec9fd12293a9cfe53c9b61fb8ce2a525e4eed38fa75d132d6dc64699336876,"{""distance"":3,""physical_error_rate"":0.0001}","{""detection_events"":46314,""detectors_checked"":170754048,""obs_mistake_mask=E"":2}"
    430080,         0,         0,    16.2,decoder_by_matrix,beec9fd12293a9cfe53c9b61fb8ce2a525e4eed38fa75d132d6dc64699336876,"{""distance"":3,""physical_error_rate"":0.0001}","{""detection_events"":6480,""detectors_checked"":23224320}"
    432128,         0,         0,    15.9,decoder_by_matrix,beec9fd12293a9cfe53c9b61fb8ce2a525e4eed38fa75d132d6dc64699336876,"{""distance"":3,""physical_error_rate"":0.0001}","{""detection_events"":6105,""detectors_checked"":23334912}"
    427008,         0,         0,    16.2,decoder_by_matrix,beec9fd12293a9cfe53c9b61fb8ce2a525e4eed38fa75d132d6dc64699336876,"{""distance"":3,""physical_error_rate"":0.0001}","{""detection_events"":6663,""detectors_checked"":23058432}"
    438272,         0,         0,    16.4,decoder_by_matrix,beec9fd12293a9cfe53c9b61fb8ce2a525e4eed38fa75d132d6dc64699336876,"{""distance"":3,""physical_error_rate"":0.0001}","{""detection_events"":6246,""detectors_checked"":23666688}"
    436224,         1,         0,    16.3,decoder_by_matrix,beec9fd12293a9cfe53c9b61fb8ce2a525e4eed38fa75d132d6dc64699336876,"{""distance"":3,""physical_error_rate"":0.0001}","{""detection_events"":6222,""detectors_checked"":23556096,""obs_mistake_mask=E"":1}"
    439296,         1,         0,    16.1,decoder_by_matrix,beec9fd12293a9cfe53c9b61fb8ce2a525e4eed38fa75d132d6dc64699336876,"{""distance"":3,""physical_error_rate"":0.0001}","{""detection_events"":6276,""detectors_checked"":23721984,""obs_mistake_mask=E"":1}"
    435200,         1,         0,    16.3,decoder_by_matrix,beec9fd12293a9cfe53c9b61fb8ce2a525e4eed38fa75d132d6dc64699336876,"{""distance"":3,""physical_error_rate"":0.0001}","{""detection_events"":5952,""detectors_checked"":23500800,""obs_mistake_mask=E"":1}"
    436224,         1,         0,    15.9,decoder_by_matrix,beec9fd12293a9cfe53c9b61fb8ce2a525e4eed38fa75d132d6dc64699336876,"{""distance"":3,""physical_error_rate"":0.0001}","{""detection_events"":6186,""detectors_checked"":23556096,""obs_mistake_mask=E"":1}"
    436224,         0,         0,    16.0,decoder_by_matrix,beec9fd12293a9cfe53c9b61fb8ce2a525e4eed38fa75d132d6dc64699336876,"{""distance"":3,""physical_error_rate"":0.0001}","{""detection_events"":6447,""detectors_checked"":23556096}"
    437248,         1,         0,    16.3,decoder_by_matrix,beec9fd12293a9cfe53c9b61fb8ce2a525e4eed38fa75d132d6dc64699336876,"{""distance"":3,""physical_error_rate"":0.0001}","{""detection_events"":6867,""detectors_checked"":23611392,""obs_mistake_mask=E"":1}"
    432128,         1,         0,    16.0,decoder_by_matrix,beec9fd12293a9cfe53c9b61fb8ce2a525e4eed38fa75d132d6dc64699336876,"{""distance"":3,""physical_error_rate"":0.0001}","{""detection_events"":6180,""detectors_checked"":23334912,""obs_mistake_mask=E"":1}"
    435200,         1,         0,    16.2,decoder_by_matrix,beec9fd12293a9cfe53c9b61fb8ce2a525e4eed38fa75d132d6dc64699336876,"{""distance"":3,""physical_error_rate"":0.0001}","{""detection_events"":6351,""detectors_checked"":23500800,""obs_mistake_mask=E"":1}"
    434176,         0,         0,    16.4,decoder_by_matrix,beec9fd12293a9cfe53c9b61fb8ce2a525e4eed38fa75d132d6dc64699336876,"{""distance"":3,""physical_error_rate"":0.0001}","{""detection_events"":6525,""detectors_checked"":23445504}"
    428032,         0,         0,    16.2,decoder_by_matrix,beec9fd12293a9cfe53c9b61fb8ce2a525e4eed38fa75d132d6dc64699336876,"{""distance"":3,""physical_error_rate"":0.0001}","{""detection_events"":6465,""detectors_checked"":23113728}"
    444416,         0,         0,    15.9,decoder_by_matrix,beec9fd12293a9cfe53c9b61fb8ce2a525e4eed38fa75d132d6dc64699336876,"{""distance"":3,""physical_error_rate"":0.0001}","{""detection_events"":6471,""detectors_checked"":23998464}"
    423936,         0,         0,    15.7,decoder_by_matrix,beec9fd12293a9cfe53c9b61fb8ce2a525e4eed38fa75d132d6dc64699336876,"{""distance"":3,""physical_error_rate"":0.0001}","{""detection_events"":6660,""detectors_checked"":22892544}"
    610304,         1,         0,    22.4,decoder_by_matrix,beec9fd12293a9cfe53c9b61fb8ce2a525e4eed38fa75d132d6dc64699336876,"{""distance"":3,""physical_error_rate"":0.0001}","{""detection_events"":9201,""detectors_checked"":32956416,""obs_mistake_mask=E"":1}"
    604160,         0,         0,    22.2,decoder_by_matrix,beec9fd12293a9cfe53c9b61fb8ce2a525e4eed38fa75d132d6dc64699336876,"{""distance"":3,""physical_error_rate"":0.0001}","{""detection_events"":8649,""detectors_checked"":32624640}"
    605184,         0,         0,    22.8,decoder_by_matrix,beec9fd12293a9cfe53c9b61fb8ce2a525e4eed38fa75d132d6dc64699336876,"{""distance"":3,""physical_error_rate"":0.0001}","{""detection_events"":8904,""detectors_checked"":32679936}"
    602112,         0,         0,    22.4,decoder_by_matrix,beec9fd12293a9cfe53c9b61fb8ce2a525e4eed38fa75d132d6dc64699336876,"{""distance"":3,""physical_error_rate"":0.0001}","{""detection_events"":8712,""detectors_checked"":32514048}"
    606208,         0,         0,    22.7,decoder_by_matrix,beec9fd12293a9cfe53c9b61fb8ce2a525e4eed38fa75d132d6dc64699336876,"{""distance"":3,""physical_error_rate"":0.0001}","{""detection_events"":9096,""detectors_checked"":32735232}"
    610304,         1,         0,    22.8,decoder_by_matrix,beec9fd12293a9cfe53c9b61fb8ce2a525e4eed38fa75d132d6dc64699336876,"{""distance"":3,""physical_error_rate"":0.0001}","{""detection_events"":8775,""detectors_checked"":32956416,""obs_mistake_mask=E"":1}"
    604160,         0,         0,    22.9,decoder_by_matrix,beec9fd12293a9cfe53c9b61fb8ce2a525e4eed38fa75d132d6dc64699336876,"{""distance"":3,""physical_error_rate"":0.0001}","{""detection_events"":8703,""detectors_checked"":32624640}"
    610304,         0,         0,    22.3,decoder_by_matrix,beec9fd12293a9cfe53c9b61fb8ce2a525e4eed38fa75d132d6dc64699336876,"{""distance"":3,""physical_error_rate"":0.0001}","{""detection_events"":8373,""detectors_checked"":32956416}"
    612352,         0,         0,    22.7,decoder_by_matrix,beec9fd12293a9cfe53c9b61fb8ce2a525e4eed38fa75d132d6dc64699336876,"{""distance"":3,""physical_error_rate"":0.0001}","{""detection_events"":9075,""detectors_checked"":33067008}"
    609280,         0,         0,    22.7,decoder_by_matrix,beec9fd12293a9cfe53c9b61fb8ce2a525e4eed38fa75d132d6dc64699336876,"{""distance"":3,""physical_error_rate"":0.0001}","{""detection_events"":8802,""detectors_checked"":32901120}"
    610304,         0,         0,    22.8,decoder_by_matrix,beec9fd12293a9cfe53c9b61fb8ce2a525e4eed38fa75d132d6dc64699336876,"{""distance"":3,""physical_error_rate"":0.0001}","{""detection_events"":8988,""detectors_checked"":32956416}"
    611328,         0,         0,    21.7,decoder_by_matrix,beec9fd12293a9cfe53c9b61fb8ce2a525e4eed38fa75d132d6dc64699336876,"{""distance"":3,""physical_error_rate"":0.0001}","{""detection_events"":8232,""detectors_checked"":33011712}"
    611328,         0,         0,    22.2,decoder_by_matrix,beec9fd12293a9cfe53c9b61fb8ce2a525e4eed38fa75d132d6dc64699336876,"{""distance"":3,""physical_error_rate"":0.0001}","{""detection_events"":9069,""detectors_checked"":33011712}"
    613376,         1,         0,    22.9,decoder_by_matrix,beec9fd12293a9cfe53c9b61fb8ce2a525e4eed38fa75d132d6dc64699336876,"{""distance"":3,""physical_error_rate"":0.0001}","{""detection_events"":8268,""detectors_checked"":33122304,""obs_mistake_mask=E"":1}"
    606208,         0,         0,    22.6,decoder_by_matrix,beec9fd12293a9cfe53c9b61fb8ce2a525e4eed38fa75d132d6dc64699336876,"{""distance"":3,""physical_error_rate"":0.0001}","{""detection_events"":8562,""detectors_checked"":32735232}"
    601088,         0,         0,    22.1,decoder_by_matrix,beec9fd12293a9cfe53c9b61fb8ce2a525e4eed38fa75d132d6dc64699336876,"{""distance"":3,""physical_error_rate"":0.0001}","{""detection_events"":9096,""detectors_checked"":32458752}"
   3164160,         2,         0,   117.8,decoder_by_matrix,beec9fd12293a9cfe53c9b61fb8ce2a525e4eed38fa75d132d6dc64699336876,"{""distance"":3,""physical_error_rate"":0.0001}","{""detection_events"":46407,""detectors_checked"":170864640,""obs_mistake_mask=E"":2}"
   3147776,         2,         0,   117.6,decoder_by_matrix,beec9fd12293a9cfe53c9b61fb8ce2a525e4eed38fa75d132d6dc64699336876,"{""distance"":3,""physical_error_rate"":0.0001}","{""detection_events"":46251,""detectors_checked"":169979904,""obs_mistake_mask=E"":2}"
   3131392,         3,         0,   117.8,decoder_by_matrix,beec9fd12293a9cfe53c9b61fb8ce2a525e4eed38fa75d132d6dc64699336876,"{""distance"":3,""physical_error_rate"":0.0001}","{""detection_events"":44664,""detectors_checked"":169095168,""obs_mistake_mask=E"":3}"
   3172352,         1,         0,   117.5,decoder_by_matrix,beec9fd12293a9cfe53c9b61fb8ce2a525e4eed38fa75d132d6dc64699336876,"{""distance"":3,""physical_error_rate"":0.0001}","{""detection_events"":45531,""detectors_checked"":171307008,""obs_mistake_mask=E"":1}"
   2849175,         2,         0,   106.1,decoder_by_matrix,beec9fd12293a9cfe53c9b61fb8ce2a525e4eed38fa75d132d6dc64699336876,"{""distance"":3,""physical_error_rate"":0.0001}","{""detection_events"":41202,""detectors_checked"":153855450,""obs_mistake_mask=E"":2}"
    846848,         3,         0,    31.6,decoder_by_matrix,beec9fd12293a9cfe53c9b61fb8ce2a525e4eed38fa75d132d6dc64699336876,"{""distance"":3,""physical_error_rate"":0.0001}","{""detection_events"":12327,""detectors_checked"":45729792,""obs_mistake_mask=E"":3}"
    852992,         2,         0,    31.0,decoder_by_matrix,beec9fd12293a9cfe53c9b61fb8ce2a525e4eed38fa75d132d6dc64699336876,"{""distance"":3,""physical_error_rate"":0.0001}","{""detection_events"":12249,""detectors_checked"":46061568,""obs_mistake_mask=E"":2}"
    832512,         0,         0,    31.2,decoder_by_matrix,beec9fd12293a9cfe53c9b61fb8ce2a525e4eed38fa75d132d6dc64699336876,"{""distance"":3,""physical_error_rate"":0.0001}","{""detection_events"":12333,""detectors_checked"":44955648}"
    842752,         0,         0,    31.8,decoder_by_matrix,beec9fd12293a9cfe53c9b61fb8ce2a525e4eed38fa75d132d6dc64699336876,"{""distance"":3,""physical_error_rate"":0.0001}","{""detection_events"":12306,""detectors_checked"":45508608}"
    854016,         1,         0,    31.6,decoder_by_matrix,beec9fd12293a9cfe53c9b61fb8ce2a525e4eed38fa75d132d6dc64699336876,"{""distance"":3,""physical_error_rate"":0.0001}","{""detection_events"":12012,""detectors_checked"":46116864,""obs_mistake_mask=E"":1}"
    859136,         0,         0,    31.6,decoder_by_matrix,beec9fd12293a9cfe53c9b61fb8ce2a525e4eed38fa75d132d6dc64699336876,"{""distance"":3,""physical_error_rate"":0.0001}","{""detection_events"":11919,""detectors_checked"":46393344}"
    849920,         1,         0,    31.8,decoder_by_matrix,beec9fd12293a9cfe53c9b61fb8ce2a525e4eed38fa75d132d6dc64699336876,"{""distance"":3,""physical_error_rate"":0.0001}","{""detection_events"":12894,""detectors_checked"":45895680,""obs_mistake_mask=E"":1}"
    850944,         0,         0,    31.8,decoder_by_matrix,beec9fd12293a9cfe53c9b61fb8ce2a525e4eed38fa75d132d6dc64699336876,"{""distance"":3,""physical_error_rate"":0.0001}","{""detection_events"":12732,""detectors_checked"":45950976}"
    849920,         1,         0,    31.2,decoder_by_matrix,beec9fd12293a9cfe53c9b61fb8ce2a525e4eed38fa75d132d6dc64699336876,"{""distance"":3,""physical_error_rate"":0.0001}","{""detection_events"":12132,""detectors_checked"":45895680,""obs_mistake_mask=E"":1}"
    837632,         1,         0,    31.3,decoder_by_matrix,beec9fd12293a9cfe53c9b61fb8ce2a525e4eed38fa75d132d6dc64699336876,"{""distance"":3,""physical_error_rate"":0.0001}","{""detection_events"":12285,""detectors_checked"":45232128,""obs_mistake_mask=E"":1}"
    844800,         1,         0,    31.6,decoder_by_matrix,beec9fd12293a9cfe53c9b61fb8ce2a525e4eed38fa75d132d6dc64699336876,"{""distance"":3,""physical_error_rate"":0.0001}","{""detection_events"":12195,""detectors_checked"":45619200,""obs_mistake_mask=E"":1}"
    838656,         0,         0,    31.3,decoder_by_matrix,beec9fd12293a9cfe53c9b61fb8ce2a525e4eed38fa75d132d6dc64699336876,"{""distance"":3,""physical_error_rate"":0.0001}","{""detection_events"":12405,""detectors_checked"":45287424}"
    843776,         0,         0,    31.6,decoder_by_matrix,beec9fd12293a9cfe53c9b61fb8ce2a525e4eed38fa75d132d6dc64699336876,"{""distance"":3,""physical_error_rate"":0.0001}","{""detection_events"":12384,""detectors_checked"":45563904}"
    850944,         1,         0,    31.9,decoder_by_matrix,beec9fd12293a9cfe53c9b61fb8ce2a525e4eed38fa75d132d6dc64699336876,"{""distance"":3,""physical_error_rate"":0.0001}","{""detection_events"":12822,""detectors_checked"":45950976,""obs_mistake_mask=E"":1}"
    858112,         0,         0,    31.8,decoder_by_matrix,beec9fd12293a9cfe53c9b61fb8ce2a525e4eed38fa75d132d6dc64699336876,"{""distance"":3,""physical_error_rate"":0.0001}","{""detection_events"":11943,""detectors_checked"":46338048}"
    844800,         0,         0,    31.9,decoder_by_matrix,beec9fd12293a9cfe53c9b61fb8ce2a525e4eed38fa75d132d6dc64699336876,"{""distance"":3,""physical_error_rate"":0.0001}","{""detection_events"":12264,""detectors_checked"":45619200}"
   3156992,         3,         0,   118.0,decoder_by_matrix,beec9fd12293a9cfe53c9b61fb8ce2a525e4eed38fa75d132d6dc64699336876,"{""distance"":3,""physical_error_rate"":0.0001}","{""detection_events"":46809,""detectors_checked"":170477568,""obs_mistake_mask=E"":3}"
   3180544,         6,         0,   116.3,decoder_by_matrix,beec9fd12293a9cfe53c9b61fb8ce2a525e4eed38fa75d132d6dc64699336876,"{""distance"":3,""physical_error_rate"":0.0001}","{""detection_events"":46161,""detectors_checked"":171749376,""obs_mistake_mask=E"":6}"
   3161088,         1,         0,   117.6,decoder_by_matrix,beec9fd12293a9cfe53c9b61fb8ce2a525e4eed38fa75d132d6dc64699336876,"{""distance"":3,""physical_error_rate"":0.0001}","{""detection_events"":46782,""detectors_checked"":170698752,""obs_mistake_mask=E"":1}"
   3117056,         6,         0,   118.6,decoder_by_matrix,beec9fd12293a9cfe53c9b61fb8ce2a525e4eed38fa75d132d6dc64699336876,"{""distance"":3,""physical_error_rate"":0.0001}","{""detection_events"":45213,""detectors_checked"":168321024,""obs_mistake_mask=E"":6}"
    411714,         0,         0,    15.2,decoder_by_matrix,beec9fd12293a9cfe53c9b61fb8ce2a525e4eed38fa75d132d6dc64699336876,"{""distance"":3,""physical_error_rate"":0.0001}","{""detection_events"":5643,""detectors_checked"":22232556}"
    388162,         0,         0,    14.2,decoder_by_matrix,beec9fd12293a9cfe53c9b61fb8ce2a525e4eed38fa75d132d6dc64699336876,"{""distance"":3,""physical_error_rate"":0.0001}","{""detection_events"":5715,""detectors_checked"":20960748}"
   2737920,         2,         0,   101.4,decoder_by_matrix,beec9fd12293a9cfe53c9b61fb8ce2a525e4eed38fa75d132d6dc64699336876,"{""distance"":3,""physical_error_rate"":0.0001}","{""detection_events"":40779,""detectors_checked"":147847680,""obs_mistake_mask=E"":2}"
   2709504,         3,         0,   101.3,decoder_by_matrix,beec9fd12293a9cfe53c9b61fb8ce2a525e4eed38fa75d132d6dc64699336876,"{""distance"":3,""physical_error_rate"":0.0001}","{""detection_events"":40245,""detectors_checked"":146313216,""obs_mistake_mask=E"":3}"
   2731008,         4,         0,   101.1,decoder_by_matrix,beec9fd12293a9cfe53c9b61fb8ce2a525e4eed38fa75d132d6dc64699336876,"{""distance"":3,""physical_error_rate"":0.0001}","{""detection_events"":40593,""detectors_checked"":147474432,""obs_mistake_mask=E"":4}"
   2714624,         0,         0,   101.5,decoder_by_matrix,beec9fd12293a9cfe53c9b61fb8ce2a525e4eed38fa75d132d6dc64699336876,"{""distance"":3,""physical_error_rate"":0.0001}","{""detection_events"":40428,""detectors_checked"":146589696}"
   2721792,         2,         0,   101.1,decoder_by_matrix,beec9fd12293a9cfe53c9b61fb8ce2a525e4eed38fa75d132d6dc64699336876,"{""distance"":3,""physical_error_rate"":0.0001}","{""detection_events"":39852,""detectors_checked"":146976768,""obs_mistake_mask=E"":2}"
   2736128,         2,         0,   101.4,decoder_by_matrix,beec9fd12293a9cfe53c9b61fb8ce2a525e4eed38fa75d132d6dc64699336876,"{""distance"":3,""physical_error_rate"":0.0001}","{""detection_events"":40587,""detectors_checked"":147750912,""obs_mistake_mask=E"":2}"
   2705408,         0,         0,   101.2,decoder_by_matrix,beec9fd12293a9cfe53c9b61fb8ce2a525e4eed38fa75d132d6dc64699336876,"{""distance"":3,""physical_error_rate"":0.0001}","{""detection_events"":39840,""detectors_checked"":146092032}"
   1202176,         2,         0,    44.0,decoder_by_matrix,beec9fd12293a9cfe53c9b61fb8ce2a525e4eed38fa75d132d6dc64699336876,"{""distance"":3,""physical_error_rate"":0.0001}","{""detection_events"":17196,""detectors_checked"":64917504,""obs_mistake_mask=E"":2}"
   1191936,         0,         0,    44.1,decoder_by_matrix,beec9fd12293a9cfe53c9b61fb8ce2a525e4eed38fa75d132d6dc64699336876,"{""distance"":3,""physical_error_rate"":0.0001}","{""detection_events"":16893,""detectors_checked"":64364544}"
   1184768,         2,         0,    44.6,decoder_by_matrix,beec9fd12293a9cfe53c9b61fb8ce2a525e4eed38fa75d132d6dc64699336876,"{""distance"":3,""physical_error_rate"":0.0001}","{""detection_events"":17439,""detectors_checked"":63977472,""obs_mistake_mask=E"":2}"
   1184768,         0,         0,    44.4,decoder_by_matrix,beec9fd12293a9cfe53c9b61fb8ce2a525e4eed38fa75d132d6dc64699336876,"{""distance"":3,""physical_error_rate"":0.0001}","{""detection_events"":17541,""detectors_checked"":63977472}"
   1181696,         0,         0,    44.2,decoder_by_matrix,beec9fd12293a9cfe53c9b61fb8ce2a525e4eed38fa75d132d6dc64699336876,"{""distance"":3,""physical_error_rate"":0.0001}","{""detection_events"":17127,""detectors_checked"":63811584}"
   1200128,         0,         0,    43.8,decoder_by_matrix,beec9fd12293a9cfe53c9b61fb8ce2a525e4eed38fa75d132d6dc64699336876,"{""distance"":3,""physical_error_rate"":0.0001}","{""detection_events"":17343,""detectors_checked"":64806912}"
   1190912,         0,         0,    44.0,decoder_by_matrix,beec9fd12293a9cfe53c9b61fb8ce2a525e4eed38fa75d132d6dc64699336876,"{""distance"":3,""physical_error_rate"":0.0001}","{""detection_events"":18039,""detectors_checked"":64309248}"
   1192960,         3,         0,    44.2,decoder_by_matrix,beec9fd12293a9cfe53c9b61fb8ce2a525e4eed38fa75d132d6dc64699336876,"{""distance"":3,""physical_error_rate"":0.0001}","{""detection_events"":17244,""detectors_checked"":64419840,""obs_mistake_mask=E"":3}"
   1187840,         0,         0,    43.6,decoder_by_matrix,beec9fd12293a9cfe53c9b61fb8ce2a525e4eed38fa75d132d6dc64699336876,"{""distance"":3,""physical_error_rate"":0.0001}","{""detection_events"":17499,""detectors_checked"":64143360}"
   1175552,         2,         0,    44.0,decoder_by_matrix,beec9fd12293a9cfe53c9b61fb8ce2a525e4eed38fa75d132d6dc64699336876,"{""distance"":3,""physical_error_rate"":0.0001}","{""detection_events"":17205,""detectors_checked"":63479808,""obs_mistake_mask=E"":2}"
   1175552,         0,         0,    43.8,decoder_by_matrix,beec9fd12293a9cfe53c9b61fb8ce2a525e4eed38fa75d132d6dc64699336876,"{""distance"":3,""physical_error_rate"":0.0001}","{""detection_events"":17043,""detectors_checked"":63479808}"
   1192960,         2,         0,    44.3,decoder_by_matrix,beec9fd12293a9cfe53c9b61fb8ce2a525e4eed38fa75d132d6dc64699336876,"{""distance"":3,""physical_error_rate"":0.0001}","{""detection_events"":17562,""detectors_checked"":64419840,""obs_mistake_mask=E"":2}"
   1202176,         1,         0,    44.2,decoder_by_matrix,beec9fd12293a9cfe53c9b61fb8ce2a525e4eed38fa75d132d6dc64699336876,"{""distance"":3,""physical_error_rate"":0.0001}","{""detection_events"":16854,""detectors_checked"":64917504,""obs_mistake_mask=E"":1}"
   1201152,         1,         0,    44.4,decoder_by_matrix,beec9fd12293a9cfe53c9b61fb8ce2a525e4eed38fa75d132d6dc64699336876,"{""distance"":3,""physical_error_rate"":0.0001}","{""detection_events"":16740,""detectors_checked"":64862208,""obs_mistake_mask=E"":1}"
   1188864,         1,         0,    44.0,decoder_by_matrix,beec9fd12293a9cfe53c9b61fb8ce2a525e4eed38fa75d132d6dc64699336876,"{""distance"":3,""physical_error_rate"":0.0001}","{""detection_events"":17127,""detectors_checked"":64198656,""obs_mistake_mask=E"":1}"
   1187840,         0,         0,    43.9,decoder_by_matrix,beec9fd12293a9cfe53c9b61fb8ce2a525e4eed38fa75d132d6dc64699336876,"{""distance"":3,""physical_error_rate"":0.0001}","{""detection_events"":17967,""detectors_checked"":64143360}"
    116188,         0,         0,    4.35,decoder_by_matrix,beec9fd12293a9cfe53c9b61fb8ce2a525e4eed38fa75d132d6dc64699336876,"{""distance"":3,""physical_error_rate"":0.0001}","{""detection_events"":1722,""detectors_checked"":6274152}"
   1595392,         4,         0,    58.0,decoder_by_matrix,beec9fd12293a9cfe53c9b61fb8ce2a525e4eed38fa75d132d6dc64699336876,"{""distance"":3,""physical_error_rate"":0.0001}","{""detection_events"":22920,""detectors_checked"":86151168,""obs_mistake_mask=E"":4}"
   1542144,         2,         0,    56.9,decoder_by_matrix,beec9fd12293a9cfe53c9b61fb8ce2a525e4eed38fa75d132d6dc64699336876,"{""distance"":3,""physical_error_rate"":0.0001}","{""detection_events"":22497,""detectors_checked"":83275776,""obs_mistake_mask=E"":2}"
   1561600,         0,         0,    57.0,decoder_by_matrix,beec9fd12293a9cfe53c9b61fb8ce2a525e4eed38fa75d132d6dc64699336876,"{""distance"":3,""physical_error_rate"":0.0001}","{""detection_events"":22239,""detectors_checked"":84326400}"
   1531607,         0,         0,    57.4,decoder_by_matrix,beec9fd12293a9cfe53c9b61fb8ce2a525e4eed38fa75d132d6dc64699336876,"{""distance"":3,""physical_error_rate"":0.0001}","{""detection_events"":23316,""detectors_checked"":82706778}"
   1381376,         2,         0,    51.6,decoder_by_matrix,beec9fd12293a9cfe53c9b61fb8ce2a525e4eed38fa75d132d6dc64699336876,"{""distance"":3,""physical_error_rate"":0.0001}","{""detection_events"":20646,""detectors_checked"":74594304,""obs_mistake_mask=E"":2}"
   1336896,         3,         0,    49.2,decoder_by_matrix,beec9fd12293a9cfe53c9b61fb8ce2a525e4eed38fa75d132d6dc64699336876,"{""distance"":3,""physical_error_rate"":0.0001}","{""detection_events"":18759,""detectors_checked"":72192384,""obs_mistake_mask=E"":3}"
   1251950,         0,         0,    47.5,decoder_by_matrix,beec9fd12293a9cfe53c9b61fb8ce2a525e4eed38fa75d132d6dc64699336876,"{""distance"":3,""physical_error_rate"":0.0001}","{""detection_events"":18393,""detectors_checked"":67605300}"
   1212826,         0,         0,    44.9,decoder_by_matrix,beec9fd12293a9cfe53c9b61fb8ce2a525e4eed38fa75d132d6dc64699336876,"{""distance"":3,""physical_error_rate"":0.0001}","{""detection_events"":17241,""detectors_checked"":65492604}"
   1210368,         0,         0,    44.4,decoder_by_matrix,beec9fd12293a9cfe53c9b61fb8ce2a525e4eed38fa75d132d6dc64699336876,"{""distance"":3,""physical_error_rate"":0.0001}","{""detection_events"":17736,""detectors_checked"":65359872}"
    568500,         1,         0,    21.0,decoder_by_matrix,beec9fd12293a9cfe53c9b61fb8ce2a525e4eed38fa75d132d6dc64699336876,"{""distance"":3,""physical_error_rate"":0.0001}","{""detection_events"":8526,""detectors_checked"":30699000,""obs_mistake_mask=E"":1}"
   1119336,         1,         0,    41.6,decoder_by_matrix,beec9fd12293a9cfe53c9b61fb8ce2a525e4eed38fa75d132d6dc64699336876,"{""distance"":3,""physical_error_rate"":0.0001}","{""detection_events"":16146,""detectors_checked"":60444144,""obs_mistake_mask=E"":1}"
   1120256,         1,         0,    41.2,decoder_by_matrix,beec9fd12293a9cfe53c9b61fb8ce2a525e4eed38fa75d132d6dc64699336876,"{""distance"":3,""physical_error_rate"":0.0001}","{""detection_events"":16542,""detectors_checked"":60493824,""obs_mistake_mask=E"":1}"
   1124352,         1,         0,    41.0,decoder_by_matrix,beec9fd12293a9cfe53c9b61fb8ce2a525e4eed38fa75d132d6dc64699336876,"{""distance"":3,""physical_error_rate"":0.0001}","{""detection_events"":16701,""detectors_checked"":60715008,""obs_mistake_mask=E"":1}"
   1130496,         0,         0,    41.6,decoder_by_matrix,beec9fd12293a9cfe53c9b61fb8ce2a525e4eed38fa75d132d6dc64699336876,"{""distance"":3,""physical_error_rate"":0.0001}","{""detection_events"":16599,""detectors_checked"":61046784}"
   1123328,         1,         0,    41.2,decoder_by_matrix,beec9fd12293a9cfe53c9b61fb8ce2a525e4eed38fa75d132d6dc64699336876,"{""distance"":3,""physical_error_rate"":0.0001}","{""detection_events"":16395,""detectors_checked"":60659712,""obs_mistake_mask=E"":1}"
    570958,         1,         0,    21.2,decoder_by_matrix,beec9fd12293a9cfe53c9b61fb8ce2a525e4eed38fa75d132d6dc64699336876,"{""distance"":3,""physical_error_rate"":0.0001}","{""detection_events"":8445,""detectors_checked"":30831732,""obs_mistake_mask=E"":1}"
   1075200,         1,         0,    39.4,decoder_by_matrix,beec9fd12293a9cfe53c9b61fb8ce2a525e4eed38fa75d132d6dc64699336876,"{""distance"":3,""physical_error_rate"":0.0001}","{""detection_events"":15936,""detectors_checked"":58060800,""obs_mistake_mask=E"":1}"
   1081344,         0,         0,    39.4,decoder_by_matrix,beec9fd12293a9cfe53c9b61fb8ce2a525e4eed38fa75d132d6dc64699336876,"{""distance"":3,""physical_error_rate"":0.0001}","{""detection_events"":15225,""detectors_checked"":58392576}"
    992256,         0,         0,    36.1,decoder_by_matrix,beec9fd12293a9cfe53c9b61fb8ce2a525e4eed38fa75d132d6dc64699336876,"{""distance"":3,""physical_error_rate"":0.0001}","{""detection_events"":14778,""detectors_checked"":53581824}"
   1053696,         2,         0,    39.9,decoder_by_matrix,beec9fd12293a9cfe53c9b61fb8ce2a525e4eed38fa75d132d6dc64699336876,"{""distance"":3,""physical_error_rate"":0.0001}","{""detection_events"":15729,""detectors_checked"":56899584,""obs_mistake_mask=E"":2}"
   1015808,         3,         0,    37.4,decoder_by_matrix,beec9fd12293a9cfe53c9b61fb8ce2a525e4eed38fa75d132d6dc64699336876,"{""distance"":3,""physical_error_rate"":0.0001}","{""detection_events"":14007,""detectors_checked"":54853632,""obs_mistake_mask=E"":3}"
   1022976,         0,         0,    37.0,decoder_by_matrix,beec9fd12293a9cfe53c9b61fb8ce2a525e4eed38fa75d132d6dc64699336876,"{""distance"":3,""physical_error_rate"":0.0001}","{""detection_events"":15030,""detectors_checked"":55240704}"
   1090560,         2,         0,    40.3,decoder_by_matrix,beec9fd12293a9cfe53c9b61fb8ce2a525e4eed38fa75d132d6dc64699336876,"{""distance"":3,""physical_error_rate"":0.0001}","{""detection_events"":15687,""detectors_checked"":58890240,""obs_mistake_mask=E"":2}"
   1091584,         2,         0,    39.7,decoder_by_matrix,beec9fd12293a9cfe53c9b61fb8ce2a525e4eed38fa75d132d6dc64699336876,"{""distance"":3,""physical_error_rate"":0.0001}","{""detection_events"":15411,""detectors_checked"":58945536,""obs_mistake_mask=E"":2}"
   1104896,         2,         0,    41.2,decoder_by_matrix,beec9fd12293a9cfe53c9b61fb8ce2a525e4eed38fa75d132d6dc64699336876,"{""distance"":3,""physical_error_rate"":0.0001}","{""detection_events"":16827,""detectors_checked"":59664384,""obs_mistake_mask=E"":2}"
   1012736,         0,         0,    37.3,decoder_by_matrix,beec9fd12293a9cfe53c9b61fb8ce2a525e4eed38fa75d132d6dc64699336876,"{""distance"":3,""physical_error_rate"":0.0001}","{""detection_events"":14457,""detectors_checked"":54687744}"
   1072128,         0,         0,    39.7,decoder_by_matrix,beec9fd12293a9cfe53c9b61fb8ce2a525e4eed38fa75d132d6dc64699336876,"{""distance"":3,""physical_error_rate"":0.0001}","{""detection_events"":15462,""detectors_checked"":57894912}"
   1053696,         0,         0,    39.4,decoder_by_matrix,beec9fd12293a9cfe53c9b61fb8ce2a525e4eed38fa75d132d6dc64699336876,"{""distance"":3,""physical_error_rate"":0.0001}","{""detection_events"":15792,""detectors_checked"":56899584}"
   1078272,         0,         0,    39.7,decoder_by_matrix,beec9fd12293a9cfe53c9b61fb8ce2a525e4eed38fa75d132d6dc64699336876,"{""distance"":3,""physical_error_rate"":0.0001}","{""detection_events"":15516,""detectors_checked"":58226688}"
    983040,         1,         0,    37.1,decoder_by_matrix,beec9fd12293a9cfe53c9b61fb8ce2a525e4eed38fa75d132d6dc64699336876,"{""distance"":3,""physical_error_rate"":0.0001}","{""detection_events"":14184,""detectors_checked"":53084160,""obs_mistake_mask=E"":1}"
   1061888,         2,         0,    40.0,decoder_by_matrix,beec9fd12293a9cfe53c9b61fb8ce2a525e4eed38fa75d132d6dc64699336876,"{""distance"":3,""physical_error_rate"":0.0001}","{""detection_events"":16146,""detectors_checked"":57341952,""obs_mistake_mask=E"":2}"
   1061888,         0,         0,    39.8,decoder_by_matrix,beec9fd12293a9cfe53c9b61fb8ce2a525e4eed38fa75d132d6dc64699336876,"{""distance"":3,""physical_error_rate"":0.0001}","{""detection_events"":15495,""detectors_checked"":57341952}"
   1089536,         1,         0,    40.1,decoder_by_matrix,beec9fd12293a9cfe53c9b61fb8ce2a525e4eed38fa75d132d6dc64699336876,"{""distance"":3,""physical_error_rate"":0.0001}","{""detection_events"":15915,""detectors_checked"":58834944,""obs_mistake_mask=E"":1}"
   1093632,         0,         0,    39.9,decoder_by_matrix,beec9fd12293a9cfe53c9b61fb8ce2a525e4eed38fa75d132d6dc64699336876,"{""distance"":3,""physical_error_rate"":0.0001}","{""detection_events"":15756,""detectors_checked"":59056128}"
   1078272,         0,         0,    39.5,decoder_by_matrix,beec9fd12293a9cfe53c9b61fb8ce2a525e4eed38fa75d132d6dc64699336876,"{""distance"":3,""physical_error_rate"":0.0001}","{""detection_events"":16101,""detectors_checked"":58226688}"
   1084416,         0,         0,    39.2,decoder_by_matrix,beec9fd12293a9cfe53c9b61fb8ce2a525e4eed38fa75d132d6dc64699336876,"{""distance"":3,""physical_error_rate"":0.0001}","{""detection_events"":15180,""detectors_checked"":58558464}"
   1001472,         1,         0,    37.4,decoder_by_matrix,beec9fd12293a9cfe53c9b61fb8ce2a525e4eed38fa75d132d6dc64699336876,"{""distance"":3,""physical_error_rate"":0.0001}","{""detection_events"":15153,""detectors_checked"":54079488,""obs_mistake_mask=E"":1}"
   1076224,         0,         0,    39.9,decoder_by_matrix,beec9fd12293a9cfe53c9b61fb8ce2a525e4eed38fa75d132d6dc64699336876,"{""distance"":3,""physical_error_rate"":0.0001}","{""detection_events"":16308,""detectors_checked"":58116096}"
   1069056,         2,         0,    40.0,decoder_by_matrix,beec9fd12293a9cfe53c9b61fb8ce2a525e4eed38fa75d132d6dc64699336876,"{""distance"":3,""physical_error_rate"":0.0001}","{""detection_events"":16494,""detectors_checked"":57729024,""obs_mistake_mask=E"":2}"
     27752,         0,         0,   0.887,decoder_by_matrix,beec9fd12293a9cfe53c9b61fb8ce2a525e4eed38fa75d132d6dc64699336876,"{""distance"":3,""physical_error_rate"":0.0001}","{""detection_events"":318,""detectors_checked"":1498608}"
    851968,         0,         0,    31.9,decoder_by_matrix,beec9fd12293a9cfe53c9b61fb8ce2a525e4eed38fa75d132d6dc64699336876,"{""distance"":3,""physical_error_rate"":0.0001}","{""detection_events"":12861,""detectors_checked"":46006272}"
    807936,         1,         0,    31.0,decoder_by_matrix,beec9fd12293a9cfe53c9b61fb8ce2a525e4eed38fa75d132d6dc64699336876,"{""distance"":3,""physical_error_rate"":0.0001}","{""detection_events"":12615,""detectors_checked"":43628544,""obs_mistake_mask=E"":1}"
     28776,         1,         0,   0.881,decoder_by_matrix,beec9fd12293a9cfe53c9b61fb8ce2a525e4eed38fa75d132d6dc64699336876,"{""distance"":3,""physical_error_rate"":0.0001}","{""detection_events"":429,""detectors_checked"":1553904,""obs_mistake_mask=E"":1}"
     52658,         0,         0,    2.04,decoder_by_matrix,beec9fd12293a9cfe53c9b61fb8ce2a525e4eed38fa75d132d6dc64699336876,"{""distance"":3,""physical_error_rate"":0.0001}","{""detection_events"":891,""detectors_checked"":2843532}"
    109886,         0,         0,    3.86,decoder_by_matrix,beec9fd12293a9cfe53c9b61fb8ce2a525e4eed38fa75d132d6dc64699336876,"{""distance"":3,""physical_error_rate"":0.0001}","{""detection_events"":1497,""detectors_checked"":5933844}"
    106496,         0,         0,    3.67,decoder_by_matrix,beec9fd12293a9cfe53c9b61fb8ce2a525e4eed38fa75d132d6dc64699336876,"{""distance"":3,""physical_error_rate"":0.0001}","{""detection_events"":1542,""detectors_checked"":5750784}"
    106496,         0,         0,    3.71,decoder_by_matrix,beec9fd12293a9cfe53c9b61fb8ce2a525e4eed38fa75d132d6dc64699336876,"{""distance"":3,""physical_error_rate"":0.0001}","{""detection_events"":1515,""detectors_checked"":5750784}"
    106452,         0,         0,    3.55,decoder_by_matrix,beec9fd12293a9cfe53c9b61fb8ce2a525e4eed38fa75d132d6dc64699336876,"{""distance"":3,""physical_error_rate"":0.0001}","{""detection_events"":1263,""detectors_checked"":5748408}"
    106452,         0,         0,    3.91,decoder_by_matrix,beec9fd12293a9cfe53c9b61fb8ce2a525e4eed38fa75d132d6dc64699336876,"{""distance"":3,""physical_error_rate"":0.0001}","{""detection_events"":1455,""detectors_checked"":5748408}"
    107520,         1,         0,    3.77,decoder_by_matrix,beec9fd12293a9cfe53c9b61fb8ce2a525e4eed38fa75d132d6dc64699336876,"{""distance"":3,""physical_error_rate"":0.0001}","{""detection_events"":1398,""detectors_checked"":5806080,""obs_mistake_mask=E"":1}"
    108544,         0,         0,    3.99,decoder_by_matrix,beec9fd12293a9cfe53c9b61fb8ce2a525e4eed38fa75d132d6dc64699336876,"{""distance"":3,""physical_error_rate"":0.0001}","{""detection_events"":1485,""detectors_checked"":5861376}"
    109568,         0,         0,    3.47,decoder_by_matrix,beec9fd12293a9cfe53c9b61fb8ce2a525e4eed38fa75d132d6dc64699336876,"{""distance"":3,""physical_error_rate"":0.0001}","{""detection_events"":1467,""detectors_checked"":5916672}"
    105472,         0,         0,    3.92,decoder_by_matrix,beec9fd12293a9cfe53c9b61fb8ce2a525e4eed38fa75d132d6dc64699336876,"{""distance"":3,""physical_error_rate"":0.0001}","{""detection_events"":1545,""detectors_checked"":5695488}"
    100352,         0,         0,    3.87,decoder_by_matrix,beec9fd12293a9cfe53c9b61fb8ce2a525e4eed38fa75d132d6dc64699336876,"{""distance"":3,""physical_error_rate"":0.0001}","{""detection_events"":1587,""detectors_checked"":5419008}"
    102400,         0,         0,    3.88,decoder_by_matrix,beec9fd12293a9cfe53c9b61fb8ce2a525e4eed38fa75d132d6dc64699336876,"{""distance"":3,""physical_error_rate"":0.0001}","{""detection_events"":1437,""detectors_checked"":5529600}"
    106452,         0,         0,    4.06,decoder_by_matrix,beec9fd12293a9cfe53c9b61fb8ce2a525e4eed38fa75d132d6dc64699336876,"{""distance"":3,""physical_error_rate"":0.0001}","{""detection_events"":1761,""detectors_checked"":5748408}"
    101376,         0,         0,    3.64,decoder_by_matrix,beec9fd12293a9cfe53c9b61fb8ce2a525e4eed38fa75d132d6dc64699336876,"{""distance"":3,""physical_error_rate"":0.0001}","{""detection_events"":1464,""detectors_checked"":5474304}"
    104448,         0,         0,    3.86,decoder_by_matrix,beec9fd12293a9cfe53c9b61fb8ce2a525e4eed38fa75d132d6dc64699336876,"{""distance"":3,""physical_error_rate"":0.0001}","{""detection_events"":1365,""detectors_checked"":5640192}"
    102400,         1,         0,    3.79,decoder_by_matrix,beec9fd12293a9cfe53c9b61fb8ce2a525e4eed38fa75d132d6dc64699336876,"{""distance"":3,""physical_error_rate"":0.0001}","{""detection_events"":1569,""detectors_checked"":5529600,""obs_mistake_mask=E"":1}"
    100352,         0,         0,    3.65,decoder_by_matrix,beec9fd12293a9cfe53c9b61fb8ce2a525e4eed38fa75d132d6dc64699336876,"{""distance"":3,""physical_error_rate"":0.0001}","{""detection_events"":1479,""detectors_checked"":5419008}"
    102400,         0,         0,    3.78,decoder_by_matrix,beec9fd12293a9cfe53c9b61fb8ce2a525e4eed38fa75d132d6dc64699336876,"{""distance"":3,""physical_error_rate"":0.0001}","{""detection_events"":1455,""detectors_checked"":5529600}"
    103424,         0,         0,    3.93,decoder_by_matrix,beec9fd12293a9cfe53c9b61fb8ce2a525e4eed38fa75d132d6dc64699336876,"{""distance"":3,""physical_error_rate"":0.0001}","{""detection_events"":1632,""detectors_checked"":5584896}"
    101376,         0,         0,    3.76,decoder_by_matrix,beec9fd12293a9cfe53c9b61fb8ce2a525e4eed38fa75d132d6dc64699336876,"{""distance"":3,""physical_error_rate"":0.0001}","{""detection_events"":1677,""detectors_checked"":5474304}"
    102400,         0,         0,    3.77,decoder_by_matrix,beec9fd12293a9cfe53c9b61fb8ce2a525e4eed38fa75d132d6dc64699336876,"{""distance"":3,""physical_error_rate"":0.0001}","{""detection_events"":1569,""detectors_checked"":5529600}"
     99328,         0,         0,    3.66,decoder_by_matrix,beec9fd12293a9cfe53c9b61fb8ce2a525e4eed38fa75d132d6dc64699336876,"{""distance"":3,""physical_error_rate"":0.0001}","{""detection_events"":1416,""detectors_checked"":5363712}"
    103424,         0,         0,    3.94,decoder_by_matrix,beec9fd12293a9cfe53c9b61fb8ce2a525e4eed38fa75d132d6dc64699336876,"{""distance"":3,""physical_error_rate"":0.0001}","{""detection_events"":1416,""detectors_checked"":5584896}"
    102400,         0,         0,    3.69,decoder_by_matrix,beec9fd12293a9cfe53c9b61fb8ce2a525e4eed38fa75d132d6dc64699336876,"{""distance"":3,""physical_error_rate"":0.0001}","{""detection_events"":1323,""detectors_checked"":5529600}"
    106452,         0,         0,    3.66,decoder_by_matrix,beec9fd12293a9cfe53c9b61fb8ce2a525e4eed38fa75d132d6dc64699336876,"{""distance"":3,""physical_error_rate"":0.0001}","{""detection_events"":1473,""detectors_checked"":5748408}"
     79872,         0,         0,    2.80,decoder_by_matrix,beec9fd12293a9cfe53c9b61fb8ce2a525e4eed38fa75d132d6dc64699336876,"{""distance"":3,""physical_error_rate"":0.0001}","{""detection_events"":1344,""detectors_checked"":4313088}"
      2004,         0,         0,   0.002,decoder_by_matrix,beec9fd12293a9cfe53c9b61fb8ce2a525e4eed38fa75d132d6dc64699336876,"{""distance"":3,""physical_error_rate"":0.0001}","{""detection_events"":15,""detectors_checked"":108216}"
       980,         0,         0,   0.001,decoder_by_matrix,beec9fd12293a9cfe53c9b61fb8ce2a525e4eed38fa75d132d6dc64699336876,"{""distance"":3,""physical_error_rate"":0.0001}","{""detection_events"":24,""detectors_checked"":52920}"
      3028,         0,         0,   0.003,decoder_by_matrix,beec9fd12293a9cfe53c9b61fb8ce2a525e4eed38fa75d132d6dc64699336876,"{""distance"":3,""physical_error_rate"":0.0001}","{""detection_events"":36,""detectors_checked"":163512}"
     80896,         0,         0,    3.02,decoder_by_matrix,beec9fd12293a9cfe53c9b61fb8ce2a525e4eed38fa75d132d6dc64699336876,"{""distance"":3,""physical_error_rate"":0.0001}","{""detection_events"":1116,""detectors_checked"":4368384}"
     81920,         0,         0,    2.95,decoder_by_matrix,beec9fd12293a9cfe53c9b61fb8ce2a525e4eed38fa75d132d6dc64699336876,"{""distance"":3,""physical_error_rate"":0.0001}","{""detection_events"":1218,""detectors_checked"":4423680}"
    100352,         0,         0,    3.76,decoder_by_matrix,beec9fd12293a9cfe53c9b61fb8ce2a525e4eed38fa75d132d6dc64699336876,"{""distance"":3,""physical_error_rate"":0.0001}","{""detection_events"":1443,""detectors_checked"":5419008}"
     82944,         0,         0,    2.76,decoder_by_matrix,beec9fd12293a9cfe53c9b61fb8ce2a525e4eed38fa75d132d6dc64699336876,"{""distance"":3,""physical_error_rate"":0.0001}","{""detection_events"":1173,""detectors_checked"":4478976}"
      4052,         0,         0,   0.073,decoder_by_matrix,beec9fd12293a9cfe53c9b61fb8ce2a525e4eed38fa75d132d6dc64699336876,"{""distance"":3,""physical_error_rate"":0.0001}","{""detection_events"":69,""detectors_checked"":218808}"
      5076,         0,         0,   0.064,decoder_by_matrix,beec9fd12293a9cfe53c9b61fb8ce2a525e4eed38fa75d132d6dc64699336876,"{""distance"":3,""physical_error_rate"":0.0001}","{""detection_events"":78,""detectors_checked"":274104}"
     54272,         0,         0,    1.99,decoder_by_matrix,beec9fd12293a9cfe53c9b61fb8ce2a525e4eed38fa75d132d6dc64699336876,"{""distance"":3,""physical_error_rate"":0.0001}","{""detection_events"":936,""detectors_checked"":2930688}"
    103424,         0,         0,    3.82,decoder_by_matrix,beec9fd12293a9cfe53c9b61fb8ce2a525e4eed38fa75d132d6dc64699336876,"{""distance"":3,""physical_error_rate"":0.0001}","{""detection_events"":1545,""detectors_checked"":5584896}"
      8210,         0,         0,   0.083,decoder_by_matrix,beec9fd12293a9cfe53c9b61fb8ce2a525e4eed38fa75d132d6dc64699336876,"{""distance"":3,""physical_error_rate"":0.0001}","{""detection_events"":120,""detectors_checked"":443340}"
      4052,         0,         0,   0.072,decoder_by_matrix,beec9fd12293a9cfe53c9b61fb8ce2a525e4eed38fa75d132d6dc64699336876,"{""distance"":3,""physical_error_rate"":0.0001}","{""detection_events"":93,""detectors_checked"":218808}"
      4052,         0,         0,   0.078,decoder_by_matrix,beec9fd12293a9cfe53c9b61fb8ce2a525e4eed38fa75d132d6dc64699336876,"{""distance"":3,""physical_error_rate"":0.0001}","{""detection_events"":57,""detectors_checked"":218808}"
      4052,         0,         0,   0.071,decoder_by_matrix,beec9fd12293a9cfe53c9b61fb8ce2a525e4eed38fa75d132d6dc64699336876,"{""distance"":3,""physical_error_rate"":0.0001}","{""detection_events"":87,""detectors_checked"":218808}"
      7124,         0,         0,   0.056,decoder_by_matrix,beec9fd12293a9cfe53c9b61fb8ce2a525e4eed38fa75d132d6dc64699336876,"{""distance"":3,""physical_error_rate"":0.0001}","{""detection_events"":93,""detectors_checked"":384696}"
      6100,         0,         0,   0.008,decoder_by_matrix,beec9fd12293a9cfe53c9b61fb8ce2a525e4eed38fa75d132d6dc64699336876,"{""distance"":3,""physical_error_rate"":0.0001}","{""detection_events"":75,""detectors_checked"":329400}"
      3028,         0,         0,   0.004,decoder_by_matrix,beec9fd12293a9cfe53c9b61fb8ce2a525e4eed38fa75d132d6dc64699336876,"{""distance"":3,""physical_error_rate"":0.0001}","{""detection_events"":90,""detectors_checked"":163512}"
      4052,         0,         0,   0.068,decoder_by_matrix,beec9fd12293a9cfe53c9b61fb8ce2a525e4eed38fa75d132d6dc64699336876,"{""distance"":3,""physical_error_rate"":0.0001}","{""detection_events"":45,""detectors_checked"":218808}"
      5076,         0,         0,   0.113,decoder_by_matrix,beec9fd12293a9cfe53c9b61fb8ce2a525e4eed38fa75d132d6dc64699336876,"{""distance"":3,""physical_error_rate"":0.0001}","{""detection_events"":51,""detectors_checked"":274104}"
    105472,         0,         0,    3.93,decoder_by_matrix,beec9fd12293a9cfe53c9b61fb8ce2a525e4eed38fa75d132d6dc64699336876,"{""distance"":3,""physical_error_rate"":0.0001}","{""detection_events"":1608,""detectors_checked"":5695488}"
       726,         0,         0,   0.001,decoder_by_matrix,beec9fd12293a9cfe53c9b61fb8ce2a525e4eed38fa75d132d6dc64699336876,"{""distance"":3,""physical_error_rate"":0.0001}","{""detection_events"":21,""detectors_checked"":39204}"
      1719,         0,         0,   0.001,decoder_by_matrix,beec9fd12293a9cfe53c9b61fb8ce2a525e4eed38fa75d132d6dc64699336876,"{""distance"":3,""physical_error_rate"":0.0001}","{""detection_events"":18,""detectors_checked"":92826}"
      3028,         0,         0,   0.004,decoder_by_matrix,beec9fd12293a9cfe53c9b61fb8ce2a525e4eed38fa75d132d6dc64699336876,"{""distance"":3,""physical_error_rate"":0.0001}","{""detection_events"":33,""detectors_checked"":163512}"
       127,         0,         0,   0.000,decoder_by_matrix,beec9fd12293a9cfe53c9b61fb8ce2a525e4eed38fa75d132d6dc64699336876,"{""distance"":3,""physical_error_rate"":0.0001}","{""detectors_checked"":6858}"
        99,         0,         0,   0.000,decoder_by_matrix,beec9fd12293a9cfe53c9b61fb8ce2a525e4eed38fa75d132d6dc64699336876,"{""distance"":3,""physical_error_rate"":0.0001}","{""detectors_checked"":5346}"
        99,         0,         0,   0.000,decoder_by_matrix,beec9fd12293a9cfe53c9b61fb8ce2a525e4eed38fa75d132d6dc64699336876,"{""distance"":3,""physical_error_rate"":0.0001}","{""detectors_checked"":5346}"
       980,         0,         0,   0.001,decoder_by_matrix,beec9fd12293a9cfe53c9b61fb8ce2a525e4eed38fa75d132d6dc64699336876,"{""distance"":3,""physical_error_rate"":0.0001}","{""detectors_checked"":52920}"
        53,         0,         0,   0.000,decoder_by_matrix,beec9fd12293a9cfe53c9b61fb8ce2a525e4eed38fa75d132d6dc64699336876,"{""distance"":3,""physical_error_rate"":0.0001}","{""detection_events"":3,""detectors_checked"":2862}"
        53,         0,         0,   0.000,decoder_by_matrix,beec9fd12293a9cfe53c9b61fb8ce2a525e4eed38fa75d132d6dc64699336876,"{""distance"":3,""physical_error_rate"":0.0001}","{""detection_events"":9,""detectors_checked"":2862}"
      1750,         0,         0,   0.003,decoder_by_matrix,beec9fd12293a9cfe53c9b61fb8ce2a525e4eed38fa75d132d6dc64699336876,"{""distance"":3,""physical_error_rate"":0.0001}","{""detection_events"":36,""detectors_checked"":94500}"
       105,         0,         0,   0.000,decoder_by_matrix,beec9fd12293a9cfe53c9b61fb8ce2a525e4eed38fa75d132d6dc64699336876,"{""distance"":3,""physical_error_rate"":0.0001}","{""detectors_checked"":5670}"
      7186,         0,         0,   0.255,decoder_by_matrix,beec9fd12293a9cfe53c9b61fb8ce2a525e4eed38fa75d132d6dc64699336876,"{""distance"":3,""physical_error_rate"":0.0001}","{""detection_events"":135,""detectors_checked"":388044}"
      6100,         0,         0,   0.088,decoder_by_matrix,beec9fd12293a9cfe53c9b61fb8ce2a525e4eed38fa75d132d6dc64699336876,"{""distance"":3,""physical_error_rate"":0.0001}","{""detection_events"":81,""detectors_checked"":329400}"
      5430,         0,         0,   0.082,decoder_by_matrix,beec9fd12293a9cfe53c9b61fb8ce2a525e4eed38fa75d132d6dc64699336876,"{""distance"":3,""physical_error_rate"":0.0001}","{""detection_events"":66,""detectors_checked"":293220}"
      6100,         0,         0,   0.207,decoder_by_matrix,beec9fd12293a9cfe53c9b61fb8ce2a525e4eed38fa75d132d6dc64699336876,"{""distance"":3,""physical_error_rate"":0.0001}","{""detection_events"":72,""detectors_checked"":329400}"
      9216,         0,         0,   0.335,decoder_by_matrix,beec9fd12293a9cfe53c9b61fb8ce2a525e4eed38fa75d132d6dc64699336876,"{""distance"":3,""physical_error_rate"":0.0001}","{""detection_events"":102,""detectors_checked"":497664}"
      8063,         0,         0,   0.098,decoder_by_matrix,beec9fd12293a9cfe53c9b61fb8ce2a525e4eed38fa75d132d6dc64699336876,"{""distance"":3,""physical_error_rate"":0.0001}","{""detection_events"":54,""detectors_checked"":435402}"
        53,         0,         0,   0.000,decoder_by_matrix,beec9fd12293a9cfe53c9b61fb8ce2a525e4eed38fa75d132d6dc64699336876,"{""distance"":3,""physical_error_rate"":0.0001}","{""detectors_checked"":2862}"
      4438,         0,         0,   0.090,decoder_by_matrix,beec9fd12293a9cfe53c9b61fb8ce2a525e4eed38fa75d132d6dc64699336876,"{""distance"":3,""physical_error_rate"":0.0001}","{""detection_events"":69,""detectors_checked"":239652}"
      3232,         0,         0,   0.003,decoder_by_matrix,beec9fd12293a9cfe53c9b61fb8ce2a525e4eed38fa75d132d6dc64699336876,"{""distance"":3,""physical_error_rate"":0.0001}","{""detection_events"":33,""detectors_checked"":174528}"
        23,         0,         0,   0.000,decoder_by_matrix,beec9fd12293a9cfe53c9b61fb8ce2a525e4eed38fa75d132d6dc64699336876,"{""distance"":3,""physical_error_rate"":0.0001}","{""detectors_checked"":1242}"
       753,         0,         0,   0.001,decoder_by_matrix,beec9fd12293a9cfe53c9b61fb8ce2a525e4eed38fa75d132d6dc64699336876,"{""distance"":3,""physical_error_rate"":0.0001}","{""detection_events"":21,""detectors_checked"":40662}"
      1073,         0,         0,   0.002,decoder_by_matrix,beec9fd12293a9cfe53c9b61fb8ce2a525e4eed38fa75d132d6dc64699336876,"{""distance"":3,""physical_error_rate"":0.0001}","{""detection_events"":30,""detectors_checked"":57942}"
        53,         0,         0,   0.000,decoder_by_matrix,beec9fd12293a9cfe53c9b61fb8ce2a525e4eed38fa75d132d6dc64699336876,"{""distance"":3,""physical_error_rate"":0.0001}","{""detectors_checked"":2862}"
      1029,         0,         0,   0.001,decoder_by_matrix,beec9fd12293a9cfe53c9b61fb8ce2a525e4eed38fa75d132d6dc64699336876,"{""distance"":3,""physical_error_rate"":0.0001}","{""detection_events"":12,""detectors_checked"":55566}"
        71,         0,         0,   0.000,decoder_by_matrix,beec9fd12293a9cfe53c9b61fb8ce2a525e4eed38fa75d132d6dc64699336876,"{""distance"":3,""physical_error_rate"":0.0001}","{""detectors_checked"":3834}"
       501,         0,         0,   0.001,decoder_by_matrix,beec9fd12293a9cfe53c9b61fb8ce2a525e4eed38fa75d132d6dc64699336876,"{""distance"":3,""physical_error_rate"":0.0001}","{""detection_events"":21,""detectors_checked"":27054}"
      7168,         0,         0,   0.143,decoder_by_matrix,beec9fd12293a9cfe53c9b61fb8ce2a525e4eed38fa75d132d6dc64699336876,"{""distance"":3,""physical_error_rate"":0.0001}","{""detection_events"":114,""detectors_checked"":387072}"
      7866,         0,         0,   0.280,decoder_by_matrix,beec9fd12293a9cfe53c9b61fb8ce2a525e4eed38fa75d132d6dc64699336876,"{""distance"":3,""physical_error_rate"":0.0001}","{""detection_events"":75,""detectors_checked"":424764}"
       447,         0,         0,   0.001,decoder_by_matrix,beec9fd12293a9cfe53c9b61fb8ce2a525e4eed38fa75d132d6dc64699336876,"{""distance"":3,""physical_error_rate"":0.0001}","{""detection_events"":6,""detectors_checked"":24138}"
      3232,         0,         0,   0.010,decoder_by_matrix,beec9fd12293a9cfe53c9b61fb8ce2a525e4eed38fa75d132d6dc64699336876,"{""distance"":3,""physical_error_rate"":0.0001}","{""detection_events"":78,""detectors_checked"":174528}"
     11264,         0,         0,   0.350,decoder_by_matrix,beec9fd12293a9cfe53c9b61fb8ce2a525e4eed38fa75d132d6dc64699336876,"{""distance"":3,""physical_error_rate"":0.0001}","{""detection_events"":114,""detectors_checked"":608256}"
     13312,         0,         0,   0.393,decoder_by_matrix,beec9fd12293a9cfe53c9b61fb8ce2a525e4eed38fa75d132d6dc64699336876,"{""distance"":3,""physical_error_rate"":0.0001}","{""detection_events"":231,""detectors_checked"":718848}"
        31,         0,         0,   0.000,decoder_by_matrix,beec9fd12293a9cfe53c9b61fb8ce2a525e4eed38fa75d132d6dc64699336876,"{""distance"":3,""physical_error_rate"":0.0001}","{""detectors_checked"":1674}"
      6551,         0,         0,   0.144,decoder_by_matrix,beec9fd12293a9cfe53c9b61fb8ce2a525e4eed38fa75d132d6dc64699336876,"{""distance"":3,""physical_error_rate"":0.0001}","{""detection_events"":81,""detectors_checked"":353754}"
        26,         0,         0,   0.000,decoder_by_matrix,beec9fd12293a9cfe53c9b61fb8ce2a525e4eed38fa75d132d6dc64699336876,"{""distance"":3,""physical_error_rate"":0.0001}","{""detectors_checked"":1404}"
      3136,         0,         0,   0.091,decoder_by_matrix,beec9fd12293a9cfe53c9b61fb8ce2a525e4eed38fa75d132d6dc64699336876,"{""distance"":3,""physical_error_rate"":0.0001}","{""detection_events"":48,""detectors_checked"":169344}"
     13312,         0,         0,   0.400,decoder_by_matrix,beec9fd12293a9cfe53c9b61fb8ce2a525e4eed38fa75d132d6dc64699336876,"{""distance"":3,""physical_error_rate"":0.0001}","{""detection_events"":234,""detectors_checked"":718848}"
     16097,         0,         0,   0.398,decoder_by_matrix,beec9fd12293a9cfe53c9b61fb8ce2a525e4eed38fa75d132d6dc64699336876,"{""distance"":3,""physical_error_rate"":0.0001}","{""detection_events"":165,""detectors_checked"":869238}"
      7091,         0,         0,   0.179,decoder_by_matrix,beec9fd12293a9cfe53c9b61fb8ce2a525e4eed38fa75d132d6dc64699336876,"{""distance"":3,""physical_error_rate"":0.0001}","{""detection_events"":120,""detectors_checked"":382914}"
      7168,         0,         0,   0.143,decoder_by_matrix,beec9fd12293a9cfe53c9b61fb8ce2a525e4eed38fa75d132d6dc64699336876,"{""distance"":3,""physical_error_rate"":0.0001}","{""detection_events"":81,""detectors_checked"":387072}"
      7168,         0,         0,   0.164,decoder_by_matrix,beec9fd12293a9cfe53c9b61fb8ce2a525e4eed38fa75d132d6dc64699336876,"{""distance"":3,""physical_error_rate"":0.0001}","{""detection_events"":90,""detectors_checked"":387072}"
      4749,         0,         0,   0.128,decoder_by_matrix,beec9fd12293a9cfe53c9b61fb8ce2a525e4eed38fa75d132d6dc64699336876,"{""distance"":3,""physical_error_rate"":0.0001}","{""detection_events"":63,""detectors_checked"":256446}"
       126,         0,         0,   0.000,decoder_by_matrix,beec9fd12293a9cfe53c9b61fb8ce2a525e4eed38fa75d132d6dc64699336876,"{""distance"":3,""physical_error_rate"":0.0001}","{""detectors_checked"":6804}"
       250,         0,         0,   0.000,decoder_by_matrix,beec9fd12293a9cfe53c9b61fb8ce2a525e4eed38fa75d132d6dc64699336876,"{""distance"":3,""physical_error_rate"":0.0001}","{""detection_events"":9,""detectors_checked"":13500}"
       358,         0,         0,   0.000,decoder_by_matrix,beec9fd12293a9cfe53c9b61fb8ce2a525e4eed38fa75d132d6dc64699336876,"{""distance"":3,""physical_error_rate"":0.0001}","{""detectors_checked"":19332}"
      1029,         0,         0,   0.001,decoder_by_matrix,beec9fd12293a9cfe53c9b61fb8ce2a525e4eed38fa75d132d6dc64699336876,"{""distance"":3,""physical_error_rate"":0.0001}","{""detection_events"":21,""detectors_checked"":55566}"
      1067,         0,         0,   0.001,decoder_by_matrix,beec9fd12293a9cfe53c9b61fb8ce2a525e4eed38fa75d132d6dc64699336876,"{""distance"":3,""physical_error_rate"":0.0001}","{""detection_events"":30,""detectors_checked"":57618}"
      2255,         0,         0,   0.002,decoder_by_matrix,beec9fd12293a9cfe53c9b61fb8ce2a525e4eed38fa75d132d6dc64699336876,"{""distance"":3,""physical_error_rate"":0.0001}","{""detection_events"":3,""detectors_checked"":121770}"
       246,         0,         0,   0.000,decoder_by_matrix,beec9fd12293a9cfe53c9b61fb8ce2a525e4eed38fa75d132d6dc64699336876,"{""distance"":3,""physical_error_rate"":0.0001}","{""detectors_checked"":13284}"
       759,         0,         0,   0.001,decoder_by_matrix,beec9fd12293a9cfe53c9b61fb8ce2a525e4eed38fa75d132d6dc64699336876,"{""distance"":3,""physical_error_rate"":0.0001}","{""detection_events"":3,""detectors_checked"":40986}"
      2615,         0,         0,   0.003,decoder_by_matrix,beec9fd12293a9cfe53c9b61fb8ce2a525e4eed38fa75d132d6dc64699336876,"{""distance"":3,""physical_error_rate"":0.0001}","{""detection_events"":42,""detectors_checked"":141210}"
      3072,         0,         0,   0.010,decoder_by_matrix,beec9fd12293a9cfe53c9b61fb8ce2a525e4eed38fa75d132d6dc64699336876,"{""distance"":3,""physical_error_rate"":0.0001}","{""detection_events"":39,""detectors_checked"":165888}"
      2437,         0,         0,   0.003,decoder_by_matrix,beec9fd12293a9cfe53c9b61fb8ce2a525e4eed38fa75d132d6dc64699336876,"{""distance"":3,""physical_error_rate"":0.0001}","{""detection_events"":18,""detectors_checked"":131598}"
      2361,         0,         0,   0.003,decoder_by_matrix,beec9fd12293a9cfe53c9b61fb8ce2a525e4eed38fa75d132d6dc64699336876,"{""distance"":3,""physical_error_rate"":0.0001}","{""detection_events"":63,""detectors_checked"":127494}"
         2,         0,         0,   0.000,decoder_by_matrix,beec9fd12293a9cfe53c9b61fb8ce2a525e4eed38fa75d132d6dc64699336876,"{""distance"":3,""physical_error_rate"":0.0001}","{""detectors_checked"":108}"
      2182,         0,         0,   0.002,decoder_by_matrix,beec9fd12293a9cfe53c9b61fb8ce2a525e4eed38fa75d132d6dc64699336876,"{""distance"":3,""physical_error_rate"":0.0001}","{""detection_events"":3,""detectors_checked"":117828}"
       168,         0,         0,   0.000,decoder_by_matrix,beec9fd12293a9cfe53c9b61fb8ce2a525e4eed38fa75d132d6dc64699336876,"{""distance"":3,""physical_error_rate"":0.0001}","{""detectors_checked"":9072}"
      2214,         0,         0,   0.003,decoder_by_matrix,beec9fd12293a9cfe53c9b61fb8ce2a525e4eed38fa75d132d6dc64699336876,"{""distance"":3,""physical_error_rate"":0.0001}","{""detection_events"":21,""detectors_checked"":119556}"
       221,         0,         0,   0.000,decoder_by_matrix,beec9fd12293a9cfe53c9b61fb8ce2a525e4eed38fa75d132d6dc64699336876,"{""distance"":3,""physical_error_rate"":0.0001}","{""detection_events"":9,""detectors_checked"":11934}"
      1025,         0,         0,   0.001,decoder_by_matrix,beec9fd12293a9cfe53c9b61fb8ce2a525e4eed38fa75d132d6dc64699336876,"{""distance"":3,""physical_error_rate"":0.0001}","{""detection_events"":18,""detectors_checked"":55350}"
      2106,         0,         0,   0.003,decoder_by_matrix,beec9fd12293a9cfe53c9b61fb8ce2a525e4eed38fa75d132d6dc64699336876,"{""distance"":3,""physical_error_rate"":0.0001}","{""detection_events"":36,""detectors_checked"":113724}"
       571,         0,         0,   0.001,decoder_by_matrix,beec9fd12293a9cfe53c9b61fb8ce2a525e4eed38fa75d132d6dc64699336876,"{""distance"":3,""physical_error_rate"":0.0001}","{""detection_events"":15,""detectors_checked"":30834}"
       895,         0,         0,   0.001,decoder_by_matrix,beec9fd12293a9cfe53c9b61fb8ce2a525e4eed38fa75d132d6dc64699336876,"{""distance"":3,""physical_error_rate"":0.0001}","{""detection_events"":33,""detectors_checked"":48330}"
       192,         0,         0,   0.000,decoder_by_matrix,beec9fd12293a9cfe53c9b61fb8ce2a525e4eed38fa75d132d6dc64699336876,"{""distance"":3,""physical_error_rate"":0.0001}","{""detectors_checked"":10368}"
       429,         0,         0,   0.000,decoder_by_matrix,beec9fd12293a9cfe53c9b61fb8ce2a525e4eed38fa75d132d6dc64699336876,"{""distance"":3,""physical_error_rate"":0.0001}","{""detectors_checked"":23166}"
      4096,         0,         0,   0.101,decoder_by_matrix,beec9fd12293a9cfe53c9b61fb8ce2a525e4eed38fa75d132d6dc64699336876,"{""distance"":3,""physical_error_rate"":0.0001}","{""detection_events"":90,""detectors_checked"":221184}"
       793,         0,         0,   0.001,decoder_by_matrix,beec9fd12293a9cfe53c9b61fb8ce2a525e4eed38fa75d132d6dc64699336876,"{""distance"":3,""physical_error_rate"":0.0001}","{""detection_events"":6,""detectors_checked"":42822}"
      7961,         0,         0,   0.181,decoder_by_matrix,beec9fd12293a9cfe53c9b61fb8ce2a525e4eed38fa75d132d6dc64699336876,"{""distance"":3,""physical_error_rate"":0.0001}","{""detection_events"":96,""detectors_checked"":429894}"
        98,         0,         0,   0.000,decoder_by_matrix,beec9fd12293a9cfe53c9b61fb8ce2a525e4eed38fa75d132d6dc64699336876,"{""distance"":3,""physical_error_rate"":0.0001}","{""detectors_checked"":5292}"
      6144,         0,         0,   0.153,decoder_by_matrix,beec9fd12293a9cfe53c9b61fb8ce2a525e4eed38fa75d132d6dc64699336876,"{""distance"":3,""physical_error_rate"":0.0001}","{""detection_events"":75,""detectors_checked"":331776}"
     12288,         0,         0,   0.317,decoder_by_matrix,beec9fd12293a9cfe53c9b61fb8ce2a525e4eed38fa75d132d6dc64699336876,"{""distance"":3,""physical_error_rate"":0.0001}","{""detection_events"":156,""detectors_checked"":663552}"
      7866,         0,         0,   0.160,decoder_by_matrix,beec9fd12293a9cfe53c9b61fb8ce2a525e4eed38fa75d132d6dc64699336876,"{""distance"":3,""physical_error_rate"":0.0001}","{""detection_events"":57,""detectors_checked"":424764}"
      2040,         0,         0,   0.004,decoder_by_matrix,beec9fd12293a9cfe53c9b61fb8ce2a525e4eed38fa75d132d6dc64699336876,"{""distance"":3,""physical_error_rate"":0.0001}","{""detection_events"":30,""detectors_checked"":110160}"
        77,         0,         0,   0.000,decoder_by_matrix,beec9fd12293a9cfe53c9b61fb8ce2a525e4eed38fa75d132d6dc64699336876,"{""distance"":3,""physical_error_rate"":0.0001}","{""detectors_checked"":4158}"
       577,         0,         0,   0.000,decoder_by_matrix,beec9fd12293a9cfe53c9b61fb8ce2a525e4eed38fa75d132d6dc64699336876,"{""distance"":3,""physical_error_rate"":0.0001}","{""detectors_checked"":31158}"
     15360,         0,         0,   0.434,decoder_by_matrix,beec9fd12293a9cfe53c9b61fb8ce2a525e4eed38fa75d132d6dc64699336876,"{""distance"":3,""physical_error_rate"":0.0001}","{""detection_events"":186,""detectors_checked"":829440}"
      1822,         0,         0,   0.002,decoder_by_matrix,beec9fd12293a9cfe53c9b61fb8ce2a525e4eed38fa75d132d6dc64699336876,"{""distance"":3,""physical_error_rate"":0.0001}","{""detection_events"":12,""detectors_checked"":98388}"
      1378,         0,         0,   0.002,decoder_by_matrix,beec9fd12293a9cfe53c9b61fb8ce2a525e4eed38fa75d132d6dc64699336876,"{""distance"":3,""physical_error_rate"":0.0001}","{""detection_events"":18,""detectors_checked"":74412}"
         3,         0,         0,   0.000,decoder_by_matrix,beec9fd12293a9cfe53c9b61fb8ce2a525e4eed38fa75d132d6dc64699336876,"{""distance"":3,""physical_error_rate"":0.0001}","{""detectors_checked"":162}"
        66,         0,         0,   0.000,decoder_by_matrix,beec9fd12293a9cfe53c9b61fb8ce2a525e4eed38fa75d132d6dc64699336876,"{""distance"":3,""physical_error_rate"":0.0001}","{""detectors_checked"":3564}"
       184,         0,         0,   0.000,decoder_by_matrix,beec9fd12293a9cfe53c9b61fb8ce2a525e4eed38fa75d132d6dc64699336876,"{""distance"":3,""physical_error_rate"":0.0001}","{""detectors_checked"":9936}"
       994,         0,         0,   0.001,decoder_by_matrix,beec9fd12293a9cfe53c9b61fb8ce2a525e4eed38fa75d132d6dc64699336876,"{""distance"":3,""physical_error_rate"":0.0001}","{""detectors_checked"":53676}"
        45,         0,         0,   0.000,decoder_by_matrix,beec9fd12293a9cfe53c9b61fb8ce2a525e4eed38fa75d132d6dc64699336876,"{""distance"":3,""physical_error_rate"":0.0001}","{""detectors_checked"":2430}"
       127,         0,         0,   0.000,decoder_by_matrix,beec9fd12293a9cfe53c9b61fb8ce2a525e4eed38fa75d132d6dc64699336876,"{""distance"":3,""physical_error_rate"":0.0001}","{""detectors_checked"":6858}"
         1,         0,         0,   0.000,decoder_by_matrix,beec9fd12293a9cfe53c9b61fb8ce2a525e4eed38fa75d132d6dc64699336876,"{""distance"":3,""physical_error_rate"":0.0001}","{""detectors_checked"":54}"
        25,         0,         0,   0.000,decoder_by_matrix,beec9fd12293a9cfe53c9b61fb8ce2a525e4eed38fa75d132d6dc64699336876,"{""distance"":3,""physical_error_rate"":0.0001}","{""detectors_checked"":1350}"
       127,         0,         0,   0.000,decoder_by_matrix,beec9fd12293a9cfe53c9b61fb8ce2a525e4eed38fa75d132d6dc64699336876,"{""distance"":3,""physical_error_rate"":0.0001}","{""detectors_checked"":6858}"
         4,         0,         0,   0.000,decoder_by_matrix,beec9fd12293a9cfe53c9b61fb8ce2a525e4eed38fa75d132d6dc64699336876,"{""distance"":3,""physical_error_rate"":0.0001}","{""detectors_checked"":216}"
       127,         0,         0,   0.000,decoder_by_matrix,beec9fd12293a9cfe53c9b61fb8ce2a525e4eed38fa75d132d6dc64699336876,"{""distance"":3,""physical_error_rate"":0.0001}","{""detectors_checked"":6858}"
       127,         0,         0,   0.000,decoder_by_matrix,beec9fd12293a9cfe53c9b61fb8ce2a525e4eed38fa75d132d6dc64699336876,"{""distance"":3,""physical_error_rate"":0.0001}","{""detectors_checked"":6858}"
       127,         0,         0,   0.000,decoder_by_matrix,beec9fd12293a9cfe53c9b61fb8ce2a525e4eed38fa75d132d6dc64699336876,"{""distance"":3,""physical_error_rate"":0.0001}","{""detectors_checked"":6858}"
        45,         0,         0,   0.001,decoder_by_matrix,beec9fd12293a9cfe53c9b61fb8ce2a525e4eed38fa75d132d6dc64699336876,"{""distance"":3,""physical_error_rate"":0.0001}","{""detectors_checked"":2430}"
        78,         0,         0,   0.000,decoder_by_matrix,beec9fd12293a9cfe53c9b61fb8ce2a525e4eed38fa75d132d6dc64699336876,"{""distance"":3,""physical_error_rate"":0.0001}","{""detectors_checked"":4212}"
        45,         0,         0,   0.000,decoder_by_matrix,beec9fd12293a9cfe53c9b61fb8ce2a525e4eed38fa75d132d6dc64699336876,"{""distance"":3,""physical_error_rate"":0.0001}","{""detectors_checked"":2430}"
        45,         0,         0,   0.000,decoder_by_matrix,beec9fd12293a9cfe53c9b61fb8ce2a525e4eed38fa75d132d6dc64699336876,"{""distance"":3,""physical_error_rate"":0.0001}","{""detectors_checked"":2430}"
        76,         0,         0,   0.000,decoder_by_matrix,beec9fd12293a9cfe53c9b61fb8ce2a525e4eed38fa75d132d6dc64699336876,"{""distance"":3,""physical_error_rate"":0.0001}","{""detectors_checked"":4104}"
        13,         0,         0,   0.000,decoder_by_matrix,beec9fd12293a9cfe53c9b61fb8ce2a525e4eed38fa75d132d6dc64699336876,"{""distance"":3,""physical_error_rate"":0.0001}","{""detectors_checked"":702}"
        76,         0,         0,   0.000,decoder_by_matrix,beec9fd12293a9cfe53c9b61fb8ce2a525e4eed38fa75d132d6dc64699336876,"{""distance"":3,""physical_error_rate"":0.0001}","{""detectors_checked"":4104}"
        31,         0,         0,   0.000,decoder_by_matrix,beec9fd12293a9cfe53c9b61fb8ce2a525e4eed38fa75d132d6dc64699336876,"{""distance"":3,""physical_error_rate"":0.0001}","{""detectors_checked"":1674}"
        40,         0,         0,   0.000,decoder_by_matrix,beec9fd12293a9cfe53c9b61fb8ce2a525e4eed38fa75d132d6dc64699336876,"{""distance"":3,""physical_error_rate"":0.0001}","{""detectors_checked"":2160}"
        39,         0,         0,   0.000,decoder_by_matrix,beec9fd12293a9cfe53c9b61fb8ce2a525e4eed38fa75d132d6dc64699336876,"{""distance"":3,""physical_error_rate"":0.0001}","{""detectors_checked"":2106}"
        16,         0,         0,   0.000,decoder_by_matrix,beec9fd12293a9cfe53c9b61fb8ce2a525e4eed38fa75d132d6dc64699336876,"{""distance"":3,""physical_error_rate"":0.0001}","{""detectors_checked"":864}"
        19,         0,         0,   0.000,decoder_by_matrix,beec9fd12293a9cfe53c9b61fb8ce2a525e4eed38fa75d132d6dc64699336876,"{""distance"":3,""physical_error_rate"":0.0001}","{""detectors_checked"":1026}"
        35,         0,         0,   0.000,decoder_by_matrix,beec9fd12293a9cfe53c9b61fb8ce2a525e4eed38fa75d132d6dc64699336876,"{""distance"":3,""physical_error_rate"":0.0001}","{""detectors_checked"":1890}"
        12,         0,         0,   0.000,decoder_by_matrix,beec9fd12293a9cfe53c9b61fb8ce2a525e4eed38fa75d132d6dc64699336876,"{""distance"":3,""physical_error_rate"":0.0001}","{""detectors_checked"":648}"
        23,         0,         0,   0.000,decoder_by_matrix,beec9fd12293a9cfe53c9b61fb8ce2a525e4eed38fa75d132d6dc64699336876,"{""distance"":3,""physical_error_rate"":0.0001}","{""detectors_checked"":1242}"
        19,         0,         0,   0.000,decoder_by_matrix,beec9fd12293a9cfe53c9b61fb8ce2a525e4eed38fa75d132d6dc64699336876,"{""distance"":3,""physical_error_rate"":0.0001}","{""detectors_checked"":1026}"
         4,         0,         0,   0.000,decoder_by_matrix,beec9fd12293a9cfe53c9b61fb8ce2a525e4eed38fa75d132d6dc64699336876,"{""distance"":3,""physical_error_rate"":0.0001}","{""detectors_checked"":216}"
        31,         0,         0,   0.001,decoder_by_matrix,beec9fd12293a9cfe53c9b61fb8ce2a525e4eed38fa75d132d6dc64699336876,"{""distance"":3,""physical_error_rate"":0.0001}","{""detection_events"":6,""detectors_checked"":1674}"
        27,         0,         0,   0.000,decoder_by_matrix,beec9fd12293a9cfe53c9b61fb8ce2a525e4eed38fa75d132d6dc64699336876,"{""distance"":3,""physical_error_rate"":0.0001}","{""detectors_checked"":1458}"
        18,         0,         0,   0.000,decoder_by_matrix,beec9fd12293a9cfe53c9b61fb8ce2a525e4eed38fa75d132d6dc64699336876,"{""distance"":3,""physical_error_rate"":0.0001}","{""detectors_checked"":972}"
        13,         0,         0,   0.000,decoder_by_matrix,beec9fd12293a9cfe53c9b61fb8ce2a525e4eed38fa75d132d6dc64699336876,"{""distance"":3,""physical_error_rate"":0.0001}","{""detectors_checked"":702}"
         6,         0,         0,   0.000,decoder_by_matrix,beec9fd12293a9cfe53c9b61fb8ce2a525e4eed38fa75d132d6dc64699336876,"{""distance"":3,""physical_error_rate"":0.0001}","{""detectors_checked"":324}"
         4,         0,         0,   0.000,decoder_by_matrix,beec9fd12293a9cfe53c9b61fb8ce2a525e4eed38fa75d132d6dc64699336876,"{""distance"":3,""physical_error_rate"":0.0001}","{""detectors_checked"":216}"
         3,         0,         0,   0.000,decoder_by_matrix,beec9fd12293a9cfe53c9b61fb8ce2a525e4eed38fa75d132d6dc64699336876,"{""distance"":3,""physical_error_rate"":0.0001}","{""detectors_checked"":162}"
         2,         0,         0,   0.000,decoder_by_matrix,beec9fd12293a9cfe53c9b61fb8ce2a525e4eed38fa75d132d6dc64699336876,"{""distance"":3,""physical_error_rate"":0.0001}","{""detectors_checked"":108}"
         3,         0,         0,   0.000,decoder_by_matrix,beec9fd12293a9cfe53c9b61fb8ce2a525e4eed38fa75d132d6dc64699336876,"{""distance"":3,""physical_error_rate"":0.0001}","{""detectors_checked"":162}"
