     shots,    errors,  discards, seconds,decoder,strong_id,json_metadata,custom_counts
         1,         0,         0,   0.131,decoder_by_matrix,fe15b11dcb8b3f13c3ba2812b146e413e309c65e07905a09cf6ecd916cf41bda,"{""distance"":3,""physical_error_rate"":0.005}","{""detectors_checked"":54}"
         1,         0,         0,   0.136,decoder_by_matrix,c0504c10f5ab777f87672229571c10df6954ae4e739b135e111b80009949f281,"{""distance"":3,""physical_error_rate"":0.01}","{""detectors_checked"":54}"
         1,         0,         0,   0.137,decoder_by_matrix,cd5aa4935a142b600239883e928f6c7fc9fbc8c84161e9ed59cf2551b7ebfc3d,"{""distance"":3,""physical_error_rate"":5e-05}","{""detectors_checked"":54}"
         1,         0,         0,   0.140,decoder_by_matrix,cd5aa4935a142b600239883e928f6c7fc9fbc8c84161e9ed59cf2551b7ebfc3d,"{""distance"":3,""physical_error_rate"":5e-05}","{""detectors_checked"":54}"
         1,         0,         0,   0.142,decoder_by_matrix,b3c6da8537ae85d54cd5acd57fc4d5a00e23be04de7c70760ac5fa4b0f5f70dc,"{""distance"":3,""physical_error_rate"":1e-06}","{""detectors_checked"":54}"
         1,         0,         0,   0.149,decoder_by_matrix,c8397cb2c46e4683a6f3970bc42cef1aabfef4d80cfcd6b8313e87630b680ee2,"{""distance"":3,""physical_error_rate"":0.0001}","{""detectors_checked"":54}"
         1,         0,         0,   0.162,decoder_by_matrix,1222905ef2c3e0b3841e2be415851bad02a0949e12b9844f6b979980572eaa40,"{""distance"":3,""physical_error_rate"":5e-06}","{""detectors_checked"":54}"
         1,         0,         0,   0.149,decoder_by_matrix,e45af4f98fc7ee1c9936a6749fec74122c57b4ab96343d0e01c96593a4531898,"{""distance"":3,""physical_error_rate"":0.001}","{""detectors_checked"":54}"
         1,         0,         0,   0.156,decoder_by_matrix,cd5aa4935a142b600239883e928f6c7fc9fbc8c84161e9ed59cf2551b7ebfc3d,"{""distance"":3,""physical_error_rate"":5e-05}","{""detectors_checked"":54}"
         1,         0,         0,   0.168,decoder_by_matrix,b3c6da8537ae85d54cd5acd57fc4d5a00e23be04de7c70760ac5fa4b0f5f70dc,"{""distance"":3,""physical_error_rate"":1e-06}","{""detectors_checked"":54}"
         1,         0,         0,   0.160,decoder_by_matrix,1222905ef2c3e0b3841e2be415851bad02a0949e12b9844f6b979980572eaa40,"{""distance"":3,""physical_error_rate"":5e-06}","{""detectors_checked"":54}"
         1,         0,         0,   0.167,decoder_by_matrix,5dee359087c4b9ae2c20477a4d5136d2695095b0438111838e7093c679bd3c20,"{""distance"":3,""physical_error_rate"":0.0005}","{""detectors_checked"":54}"
         1,         0,         0,   0.171,decoder_by_matrix,c0504c10f5ab777f87672229571c10df6954ae4e739b135e111b80009949f281,"{""distance"":3,""physical_error_rate"":0.01}","{""detectors_checked"":54}"
         1,         0,         0,   0.183,decoder_by_matrix,73784f3389b885bc1b704dac0b44b83e08b79da81bcec9ed749229213445f550,"{""distance"":3,""physical_error_rate"":1e-05}","{""detectors_checked"":54}"
         1,         0,         0,   0.186,decoder_by_matrix,5dee359087c4b9ae2c20477a4d5136d2695095b0438111838e7093c679bd3c20,"{""distance"":3,""physical_error_rate"":0.0005}","{""detectors_checked"":54}"
         1,         0,         0,   0.188,decoder_by_matrix,73784f3389b885bc1b704dac0b44b83e08b79da81bcec9ed749229213445f550,"{""distance"":3,""physical_error_rate"":1e-05}","{""detectors_checked"":54}"
         1,         0,         0,   0.192,decoder_by_matrix,e45af4f98fc7ee1c9936a6749fec74122c57b4ab96343d0e01c96593a4531898,"{""distance"":3,""physical_error_rate"":0.001}","{""detectors_checked"":54}"
         1,         0,         0,   0.184,decoder_by_matrix,c0504c10f5ab777f87672229571c10df6954ae4e739b135e111b80009949f281,"{""distance"":3,""physical_error_rate"":0.01}","{""detection_events"":3,""detectors_checked"":54}"
         1,         0,         0,   0.195,decoder_by_matrix,5dee359087c4b9ae2c20477a4d5136d2695095b0438111838e7093c679bd3c20,"{""distance"":3,""physical_error_rate"":0.0005}","{""detectors_checked"":54}"
         1,         0,         0,   0.200,decoder_by_matrix,c8397cb2c46e4683a6f3970bc42cef1aabfef4d80cfcd6b8313e87630b680ee2,"{""distance"":3,""physical_error_rate"":0.0001}","{""detectors_checked"":54}"
         1,         0,         0,   0.203,decoder_by_matrix,cd5aa4935a142b600239883e928f6c7fc9fbc8c84161e9ed59cf2551b7ebfc3d,"{""distance"":3,""physical_error_rate"":5e-05}","{""detectors_checked"":54}"
         1,         0,         0,   0.212,decoder_by_matrix,c8397cb2c46e4683a6f3970bc42cef1aabfef4d80cfcd6b8313e87630b680ee2,"{""distance"":3,""physical_error_rate"":0.0001}","{""detectors_checked"":54}"
         1,         0,         0,   0.218,decoder_by_matrix,c8397cb2c46e4683a6f3970bc42cef1aabfef4d80cfcd6b8313e87630b680ee2,"{""distance"":3,""physical_error_rate"":0.0001}","{""detectors_checked"":54}"
         1,         0,         0,   0.203,decoder_by_matrix,5dee359087c4b9ae2c20477a4d5136d2695095b0438111838e7093c679bd3c20,"{""distance"":3,""physical_error_rate"":0.0005}","{""detectors_checked"":54}"
         1,         0,         0,   0.210,decoder_by_matrix,fe15b11dcb8b3f13c3ba2812b146e413e309c65e07905a09cf6ecd916cf41bda,"{""distance"":3,""physical_error_rate"":0.005}","{""detectors_checked"":54}"
         1,         0,         0,   0.215,decoder_by_matrix,c8397cb2c46e4683a6f3970bc42cef1aabfef4d80cfcd6b8313e87630b680ee2,"{""distance"":3,""physical_error_rate"":0.0001}","{""detectors_checked"":54}"
         1,         0,         0,   0.214,decoder_by_matrix,fe15b11dcb8b3f13c3ba2812b146e413e309c65e07905a09cf6ecd916cf41bda,"{""distance"":3,""physical_error_rate"":0.005}","{""detectors_checked"":54}"
         1,         0,         0,   0.236,decoder_by_matrix,b3c6da8537ae85d54cd5acd57fc4d5a00e23be04de7c70760ac5fa4b0f5f70dc,"{""distance"":3,""physical_error_rate"":1e-06}","{""detectors_checked"":54}"
         1,         0,         0,   0.222,decoder_by_matrix,c0504c10f5ab777f87672229571c10df6954ae4e739b135e111b80009949f281,"{""distance"":3,""physical_error_rate"":0.01}","{""detectors_checked"":54}"
         1,         0,         0,   0.227,decoder_by_matrix,1222905ef2c3e0b3841e2be415851bad02a0949e12b9844f6b979980572eaa40,"{""distance"":3,""physical_error_rate"":5e-06}","{""detectors_checked"":54}"
         1,         0,         0,   0.232,decoder_by_matrix,e45af4f98fc7ee1c9936a6749fec74122c57b4ab96343d0e01c96593a4531898,"{""distance"":3,""physical_error_rate"":0.001}","{""detectors_checked"":54}"
         1,         0,         0,   0.240,decoder_by_matrix,b3c6da8537ae85d54cd5acd57fc4d5a00e23be04de7c70760ac5fa4b0f5f70dc,"{""distance"":3,""physical_error_rate"":1e-06}","{""detectors_checked"":54}"
         1,         0,         0,   0.248,decoder_by_matrix,1222905ef2c3e0b3841e2be415851bad02a0949e12b9844f6b979980572eaa40,"{""distance"":3,""physical_error_rate"":5e-06}","{""detectors_checked"":54}"
         1,         0,         0,   0.246,decoder_by_matrix,5dee359087c4b9ae2c20477a4d5136d2695095b0438111838e7093c679bd3c20,"{""distance"":3,""physical_error_rate"":0.0005}","{""detectors_checked"":54}"
         1,         0,         0,   0.252,decoder_by_matrix,fe15b11dcb8b3f13c3ba2812b146e413e309c65e07905a09cf6ecd916cf41bda,"{""distance"":3,""physical_error_rate"":0.005}","{""detection_events"":6,""detectors_checked"":54}"
         1,         0,         0,   0.263,decoder_by_matrix,e45af4f98fc7ee1c9936a6749fec74122c57b4ab96343d0e01c96593a4531898,"{""distance"":3,""physical_error_rate"":0.001}","{""detectors_checked"":54}"
         1,         0,         0,   0.266,decoder_by_matrix,b3c6da8537ae85d54cd5acd57fc4d5a00e23be04de7c70760ac5fa4b0f5f70dc,"{""distance"":3,""physical_error_rate"":1e-06}","{""detectors_checked"":54}"
         1,         0,         0,   0.254,decoder_by_matrix,c0504c10f5ab777f87672229571c10df6954ae4e739b135e111b80009949f281,"{""distance"":3,""physical_error_rate"":0.01}","{""detectors_checked"":54}"
         1,         0,         0,   0.262,decoder_by_matrix,1222905ef2c3e0b3841e2be415851bad02a0949e12b9844f6b979980572eaa40,"{""distance"":3,""physical_error_rate"":5e-06}","{""detectors_checked"":54}"
         1,         0,         0,   0.256,decoder_by_matrix,73784f3389b885bc1b704dac0b44b83e08b79da81bcec9ed749229213445f550,"{""distance"":3,""physical_error_rate"":1e-05}","{""detectors_checked"":54}"
         1,         0,         0,   0.258,decoder_by_matrix,c0504c10f5ab777f87672229571c10df6954ae4e739b135e111b80009949f281,"{""distance"":3,""physical_error_rate"":0.01}","{""detectors_checked"":54}"
         1,         0,         0,   0.263,decoder_by_matrix,e45af4f98fc7ee1c9936a6749fec74122c57b4ab96343d0e01c96593a4531898,"{""distance"":3,""physical_error_rate"":0.001}","{""detectors_checked"":54}"
         1,         0,         0,   0.277,decoder_by_matrix,73784f3389b885bc1b704dac0b44b83e08b79da81bcec9ed749229213445f550,"{""distance"":3,""physical_error_rate"":1e-05}","{""detectors_checked"":54}"
         1,         0,         0,   0.281,decoder_by_matrix,cd5aa4935a142b600239883e928f6c7fc9fbc8c84161e9ed59cf2551b7ebfc3d,"{""distance"":3,""physical_error_rate"":5e-05}","{""detectors_checked"":54}"
         1,         0,         0,   0.275,decoder_by_matrix,73784f3389b885bc1b704dac0b44b83e08b79da81bcec9ed749229213445f550,"{""distance"":3,""physical_error_rate"":1e-05}","{""detectors_checked"":54}"
         1,         0,         0,   0.291,decoder_by_matrix,fe15b11dcb8b3f13c3ba2812b146e413e309c65e07905a09cf6ecd916cf41bda,"{""distance"":3,""physical_error_rate"":0.005}","{""detectors_checked"":54}"
       546,         4,         0,   0.101,decoder_by_matrix,c0504c10f5ab777f87672229571c10df6954ae4e739b135e111b80009949f281,"{""distance"":3,""physical_error_rate"":0.01}","{""detection_events"":600,""detectors_checked"":29484,""obs_mistake_mask=_EE_"":1,""obs_mistake_mask=_E__"":1,""obs_mistake_mask=__EE"":1,""obs_mistake_mask=___E"":1}"
       546,         0,         0,   0.036,decoder_by_matrix,b3c6da8537ae85d54cd5acd57fc4d5a00e23be04de7c70760ac5fa4b0f5f70dc,"{""distance"":3,""physical_error_rate"":1e-06}","{""detectors_checked"":29484}"
        34,         0,         0,   0.032,decoder_by_matrix,1222905ef2c3e0b3841e2be415851bad02a0949e12b9844f6b979980572eaa40,"{""distance"":3,""physical_error_rate"":5e-06}","{""detectors_checked"":1836}"
       546,         3,         0,   0.124,decoder_by_matrix,c0504c10f5ab777f87672229571c10df6954ae4e739b135e111b80009949f281,"{""distance"":3,""physical_error_rate"":0.01}","{""detection_events"":663,""detectors_checked"":29484,""obs_mistake_mask=_E_E"":1,""obs_mistake_mask=_E__"":1,""obs_mistake_mask=___E"":1}"
      1570,         0,         0,   0.149,decoder_by_matrix,1222905ef2c3e0b3841e2be415851bad02a0949e12b9844f6b979980572eaa40,"{""distance"":3,""physical_error_rate"":5e-06}","{""detectors_checked"":84780}"
      1570,         0,         0,   0.094,decoder_by_matrix,5dee359087c4b9ae2c20477a4d5136d2695095b0438111838e7093c679bd3c20,"{""distance"":3,""physical_error_rate"":0.0005}","{""detection_events"":81,""detectors_checked"":84780}"
      1570,         0,         0,   0.074,decoder_by_matrix,e45af4f98fc7ee1c9936a6749fec74122c57b4ab96343d0e01c96593a4531898,"{""distance"":3,""physical_error_rate"":0.001}","{""detection_events"":165,""detectors_checked"":84780}"
      3072,         0,         0,   0.020,decoder_by_matrix,b3c6da8537ae85d54cd5acd57fc4d5a00e23be04de7c70760ac5fa4b0f5f70dc,"{""distance"":3,""physical_error_rate"":1e-06}","{""detectors_checked"":165888}"
      1536,         0,         0,   0.021,decoder_by_matrix,1222905ef2c3e0b3841e2be415851bad02a0949e12b9844f6b979980572eaa40,"{""distance"":3,""physical_error_rate"":5e-06}","{""detectors_checked"":82944}"
      1570,         0,         0,   0.039,decoder_by_matrix,cd5aa4935a142b600239883e928f6c7fc9fbc8c84161e9ed59cf2551b7ebfc3d,"{""distance"":3,""physical_error_rate"":5e-05}","{""detection_events"":15,""detectors_checked"":84780}"
      2116,         0,         0,   0.003,decoder_by_matrix,c8397cb2c46e4683a6f3970bc42cef1aabfef4d80cfcd6b8313e87630b680ee2,"{""distance"":3,""physical_error_rate"":0.0001}","{""detection_events"":12,""detectors_checked"":114264}"
      1570,         5,         0,   0.114,decoder_by_matrix,fe15b11dcb8b3f13c3ba2812b146e413e309c65e07905a09cf6ecd916cf41bda,"{""distance"":3,""physical_error_rate"":0.005}","{""detection_events"":903,""detectors_checked"":84780,""obs_mistake_mask=_EEE"":1,""obs_mistake_mask=_EE_"":1,""obs_mistake_mask=_E_E"":2,""obs_mistake_mask=___E"":1}"
      1570,         0,         0,   0.161,decoder_by_matrix,5dee359087c4b9ae2c20477a4d5136d2695095b0438111838e7093c679bd3c20,"{""distance"":3,""physical_error_rate"":0.0005}","{""detection_events"":87,""detectors_checked"":84780}"
      3618,         0,         0,   0.103,decoder_by_matrix,1222905ef2c3e0b3841e2be415851bad02a0949e12b9844f6b979980572eaa40,"{""distance"":3,""physical_error_rate"":5e-06}","{""detectors_checked"":195372}"
      1024,         9,         0,   0.049,decoder_by_matrix,c0504c10f5ab777f87672229571c10df6954ae4e739b135e111b80009949f281,"{""distance"":3,""physical_error_rate"":0.01}","{""detection_events"":1113,""detectors_checked"":55296,""obs_mistake_mask=E___"":1,""obs_mistake_mask=_E_E"":1,""obs_mistake_mask=_E__"":2,""obs_mistake_mask=__EE"":3,""obs_mistake_mask=__E_"":1,""obs_mistake_mask=___E"":1}"
      1570,         3,         0,   0.057,decoder_by_matrix,fe15b11dcb8b3f13c3ba2812b146e413e309c65e07905a09cf6ecd916cf41bda,"{""distance"":3,""physical_error_rate"":0.005}","{""detection_events"":954,""detectors_checked"":84780,""obs_mistake_mask=_EE_"":1,""obs_mistake_mask=_E_E"":1,""obs_mistake_mask=_E__"":1}"
      2116,         0,         0,   0.210,decoder_by_matrix,cd5aa4935a142b600239883e928f6c7fc9fbc8c84161e9ed59cf2551b7ebfc3d,"{""distance"":3,""physical_error_rate"":5e-05}","{""detection_events"":15,""detectors_checked"":114264}"
      2116,        18,         0,   0.219,decoder_by_matrix,c0504c10f5ab777f87672229571c10df6954ae4e739b135e111b80009949f281,"{""distance"":3,""physical_error_rate"":0.01}","{""detection_events"":2283,""detectors_checked"":114264,""obs_mistake_mask=E___"":3,""obs_mistake_mask=_EE_"":3,""obs_mistake_mask=_E_E"":3,""obs_mistake_mask=_E__"":1,""obs_mistake_mask=__EE"":1,""obs_mistake_mask=__E_"":2,""obs_mistake_mask=___E"":5}"
      3140,         0,         0,   0.216,decoder_by_matrix,cd5aa4935a142b600239883e928f6c7fc9fbc8c84161e9ed59cf2551b7ebfc3d,"{""distance"":3,""physical_error_rate"":5e-05}","{""detection_events"":12,""detectors_checked"":169560}"
      2594,         0,         0,   0.019,decoder_by_matrix,e45af4f98fc7ee1c9936a6749fec74122c57b4ab96343d0e01c96593a4531898,"{""distance"":3,""physical_error_rate"":0.001}","{""detection_events"":309,""detectors_checked"":140076}"
      1570,         7,         0,   0.143,decoder_by_matrix,fe15b11dcb8b3f13c3ba2812b146e413e309c65e07905a09cf6ecd916cf41bda,"{""distance"":3,""physical_error_rate"":0.005}","{""detection_events"":900,""detectors_checked"":84780,""obs_mistake_mask=_EEE"":1,""obs_mistake_mask=_E__"":3,""obs_mistake_mask=__E_"":2,""obs_mistake_mask=___E"":1}"
      4642,         0,         0,   0.206,decoder_by_matrix,b3c6da8537ae85d54cd5acd57fc4d5a00e23be04de7c70760ac5fa4b0f5f70dc,"{""distance"":3,""physical_error_rate"":1e-06}","{""detectors_checked"":250668}"
         1,         0,         0,   0.319,decoder_by_matrix,fe15b11dcb8b3f13c3ba2812b146e413e309c65e07905a09cf6ecd916cf41bda,"{""distance"":3,""physical_error_rate"":0.005}","{""detectors_checked"":54}"
      1570,         1,         0,   0.003,decoder_by_matrix,e45af4f98fc7ee1c9936a6749fec74122c57b4ab96343d0e01c96593a4531898,"{""distance"":3,""physical_error_rate"":0.001}","{""detection_events"":255,""detectors_checked"":84780,""obs_mistake_mask=___E"":1}"
      3618,         0,         0,   0.218,decoder_by_matrix,cd5aa4935a142b600239883e928f6c7fc9fbc8c84161e9ed59cf2551b7ebfc3d,"{""distance"":3,""physical_error_rate"":5e-05}","{""detection_events"":24,""detectors_checked"":195372}"
      2116,         0,         0,   0.225,decoder_by_matrix,e45af4f98fc7ee1c9936a6749fec74122c57b4ab96343d0e01c96593a4531898,"{""distance"":3,""physical_error_rate"":0.001}","{""detection_events"":285,""detectors_checked"":114264}"
      2594,         0,         0,   0.192,decoder_by_matrix,5dee359087c4b9ae2c20477a4d5136d2695095b0438111838e7093c679bd3c20,"{""distance"":3,""physical_error_rate"":0.0005}","{""detection_events"":114,""detectors_checked"":140076}"
      2594,         0,         0,   0.193,decoder_by_matrix,c8397cb2c46e4683a6f3970bc42cef1aabfef4d80cfcd6b8313e87630b680ee2,"{""distance"":3,""physical_error_rate"":0.0001}","{""detection_events"":51,""detectors_checked"":140076}"
      3618,         0,         0,   0.207,decoder_by_matrix,73784f3389b885bc1b704dac0b44b83e08b79da81bcec9ed749229213445f550,"{""distance"":3,""physical_error_rate"":1e-05}","{""detection_events"":6,""detectors_checked"":195372}"
      4642,         0,         0,   0.222,decoder_by_matrix,73784f3389b885bc1b704dac0b44b83e08b79da81bcec9ed749229213445f550,"{""distance"":3,""physical_error_rate"":1e-05}","{""detection_events"":12,""detectors_checked"":250668}"
      2594,         0,         0,   0.192,decoder_by_matrix,c8397cb2c46e4683a6f3970bc42cef1aabfef4d80cfcd6b8313e87630b680ee2,"{""distance"":3,""physical_error_rate"":0.0001}","{""detection_events"":21,""detectors_checked"":140076}"
      4642,         0,         0,   0.238,decoder_by_matrix,1222905ef2c3e0b3841e2be415851bad02a0949e12b9844f6b979980572eaa40,"{""distance"":3,""physical_error_rate"":5e-06}","{""detectors_checked"":250668}"
      1570,         9,         0,   0.180,decoder_by_matrix,c0504c10f5ab777f87672229571c10df6954ae4e739b135e111b80009949f281,"{""distance"":3,""physical_error_rate"":0.01}","{""detection_events"":1707,""detectors_checked"":84780,""obs_mistake_mask=E___"":1,""obs_mistake_mask=_EE_"":2,""obs_mistake_mask=_E_E"":1,""obs_mistake_mask=_E__"":1,""obs_mistake_mask=__EE"":1,""obs_mistake_mask=__E_"":1,""obs_mistake_mask=___E"":2}"
      5188,         0,         0,   0.267,decoder_by_matrix,b3c6da8537ae85d54cd5acd57fc4d5a00e23be04de7c70760ac5fa4b0f5f70dc,"{""distance"":3,""physical_error_rate"":1e-06}","{""detectors_checked"":280152}"
      2594,         0,         0,   0.238,decoder_by_matrix,5dee359087c4b9ae2c20477a4d5136d2695095b0438111838e7093c679bd3c20,"{""distance"":3,""physical_error_rate"":0.0005}","{""detection_events"":198,""detectors_checked"":140076}"
      4642,         0,         0,   0.183,decoder_by_matrix,b3c6da8537ae85d54cd5acd57fc4d5a00e23be04de7c70760ac5fa4b0f5f70dc,"{""distance"":3,""physical_error_rate"":1e-06}","{""detectors_checked"":250668}"
      4642,         0,         0,   0.183,decoder_by_matrix,1222905ef2c3e0b3841e2be415851bad02a0949e12b9844f6b979980572eaa40,"{""distance"":3,""physical_error_rate"":5e-06}","{""detectors_checked"":250668}"
      1570,        10,         0,   0.172,decoder_by_matrix,c0504c10f5ab777f87672229571c10df6954ae4e739b135e111b80009949f281,"{""distance"":3,""physical_error_rate"":0.01}","{""detection_events"":1926,""detectors_checked"":84780,""obs_mistake_mask=_EEE"":1,""obs_mistake_mask=_EE_"":2,""obs_mistake_mask=_E__"":4,""obs_mistake_mask=__E_"":2,""obs_mistake_mask=___E"":1}"
      5666,         0,         0,   0.170,decoder_by_matrix,73784f3389b885bc1b704dac0b44b83e08b79da81bcec9ed749229213445f550,"{""distance"":3,""physical_error_rate"":1e-05}","{""detectors_checked"":305964}"
      2594,         0,         0,   0.235,decoder_by_matrix,c8397cb2c46e4683a6f3970bc42cef1aabfef4d80cfcd6b8313e87630b680ee2,"{""distance"":3,""physical_error_rate"":0.0001}","{""detection_events"":54,""detectors_checked"":140076}"
      1570,         3,         0,   0.192,decoder_by_matrix,fe15b11dcb8b3f13c3ba2812b146e413e309c65e07905a09cf6ecd916cf41bda,"{""distance"":3,""physical_error_rate"":0.005}","{""detection_events"":885,""detectors_checked"":84780,""obs_mistake_mask=_EEE"":2,""obs_mistake_mask=_E_E"":1}"
      2594,         0,         0,   0.229,decoder_by_matrix,c8397cb2c46e4683a6f3970bc42cef1aabfef4d80cfcd6b8313e87630b680ee2,"{""distance"":3,""physical_error_rate"":0.0001}","{""detection_events"":45,""detectors_checked"":140076}"
      2594,         0,         0,   0.174,decoder_by_matrix,73784f3389b885bc1b704dac0b44b83e08b79da81bcec9ed749229213445f550,"{""distance"":3,""physical_error_rate"":1e-05}","{""detection_events"":12,""detectors_checked"":140076}"
      2594,         0,         0,   0.256,decoder_by_matrix,cd5aa4935a142b600239883e928f6c7fc9fbc8c84161e9ed59cf2551b7ebfc3d,"{""distance"":3,""physical_error_rate"":5e-05}","{""detection_events"":15,""detectors_checked"":140076}"
      4642,         0,         0,   0.234,decoder_by_matrix,b3c6da8537ae85d54cd5acd57fc4d5a00e23be04de7c70760ac5fa4b0f5f70dc,"{""distance"":3,""physical_error_rate"":1e-06}","{""detectors_checked"":250668}"
      2594,         0,         0,   0.221,decoder_by_matrix,5dee359087c4b9ae2c20477a4d5136d2695095b0438111838e7093c679bd3c20,"{""distance"":3,""physical_error_rate"":0.0005}","{""detection_events"":117,""detectors_checked"":140076}"
      1570,        11,         0,   0.202,decoder_by_matrix,c0504c10f5ab777f87672229571c10df6954ae4e739b135e111b80009949f281,"{""distance"":3,""physical_error_rate"":0.01}","{""detection_events"":1791,""detectors_checked"":84780,""obs_mistake_mask=_EE_"":1,""obs_mistake_mask=_E_E"":3,""obs_mistake_mask=_E__"":2,""obs_mistake_mask=__EE"":2,""obs_mistake_mask=__E_"":2,""obs_mistake_mask=___E"":1}"
      3618,         0,         0,   0.193,decoder_by_matrix,73784f3389b885bc1b704dac0b44b83e08b79da81bcec9ed749229213445f550,"{""distance"":3,""physical_error_rate"":1e-05}","{""detection_events"":12,""detectors_checked"":195372}"
      2594,         0,         0,   0.227,decoder_by_matrix,e45af4f98fc7ee1c9936a6749fec74122c57b4ab96343d0e01c96593a4531898,"{""distance"":3,""physical_error_rate"":0.001}","{""detection_events"":330,""detectors_checked"":140076}"
      3072,         0,         0,   0.170,decoder_by_matrix,1222905ef2c3e0b3841e2be415851bad02a0949e12b9844f6b979980572eaa40,"{""distance"":3,""physical_error_rate"":5e-06}","{""detectors_checked"":165888}"
      1024,         0,         0,   0.117,decoder_by_matrix,e45af4f98fc7ee1c9936a6749fec74122c57b4ab96343d0e01c96593a4531898,"{""distance"":3,""physical_error_rate"":0.001}","{""detection_events"":147,""detectors_checked"":55296}"
      2048,        15,         0,   0.200,decoder_by_matrix,c0504c10f5ab777f87672229571c10df6954ae4e739b135e111b80009949f281,"{""distance"":3,""physical_error_rate"":0.01}","{""detection_events"":2400,""detectors_checked"":110592,""obs_mistake_mask=E___"":1,""obs_mistake_mask=_EEE"":1,""obs_mistake_mask=_EE_"":5,""obs_mistake_mask=_E_E"":1,""obs_mistake_mask=_E__"":2,""obs_mistake_mask=__EE"":2,""obs_mistake_mask=__E_"":2,""obs_mistake_mask=___E"":1}"
      1297,         4,         0,   0.129,decoder_by_matrix,fe15b11dcb8b3f13c3ba2812b146e413e309c65e07905a09cf6ecd916cf41bda,"{""distance"":3,""physical_error_rate"":0.005}","{""detection_events"":786,""detectors_checked"":70038,""obs_mistake_mask=_EEE"":1,""obs_mistake_mask=__E_"":3}"
      2048,         0,         0,   0.202,decoder_by_matrix,5dee359087c4b9ae2c20477a4d5136d2695095b0438111838e7093c679bd3c20,"{""distance"":3,""physical_error_rate"":0.0005}","{""detection_events"":162,""detectors_checked"":110592}"
      2048,         2,         0,   0.202,decoder_by_matrix,e45af4f98fc7ee1c9936a6749fec74122c57b4ab96343d0e01c96593a4531898,"{""distance"":3,""physical_error_rate"":0.001}","{""detection_events"":291,""detectors_checked"":110592,""obs_mistake_mask=E___"":1,""obs_mistake_mask=___E"":1}"
         1,         0,         0,   0.410,decoder_by_matrix,e45af4f98fc7ee1c9936a6749fec74122c57b4ab96343d0e01c96593a4531898,"{""distance"":3,""physical_error_rate"":0.001}","{""detectors_checked"":54}"
      1024,         0,         0,   0.176,decoder_by_matrix,fe15b11dcb8b3f13c3ba2812b146e413e309c65e07905a09cf6ecd916cf41bda,"{""distance"":3,""physical_error_rate"":0.005}","{""detection_events"":588,""detectors_checked"":55296}"
      3072,         0,         0,   0.004,decoder_by_matrix,c8397cb2c46e4683a6f3970bc42cef1aabfef4d80cfcd6b8313e87630b680ee2,"{""distance"":3,""physical_error_rate"":0.0001}","{""detection_events"":30,""detectors_checked"":165888}"
      4096,         0,         0,   0.214,decoder_by_matrix,b3c6da8537ae85d54cd5acd57fc4d5a00e23be04de7c70760ac5fa4b0f5f70dc,"{""distance"":3,""physical_error_rate"":1e-06}","{""detectors_checked"":221184}"
      6144,         0,         0,   0.231,decoder_by_matrix,1222905ef2c3e0b3841e2be415851bad02a0949e12b9844f6b979980572eaa40,"{""distance"":3,""physical_error_rate"":5e-06}","{""detection_events"":9,""detectors_checked"":331776}"
      4096,         0,         0,   0.201,decoder_by_matrix,1222905ef2c3e0b3841e2be415851bad02a0949e12b9844f6b979980572eaa40,"{""distance"":3,""physical_error_rate"":5e-06}","{""detection_events"":9,""detectors_checked"":221184}"
      1024,         0,         0,   0.152,decoder_by_matrix,c8397cb2c46e4683a6f3970bc42cef1aabfef4d80cfcd6b8313e87630b680ee2,"{""distance"":3,""physical_error_rate"":0.0001}","{""detection_events"":24,""detectors_checked"":55296}"
      3072,         0,         0,   0.226,decoder_by_matrix,cd5aa4935a142b600239883e928f6c7fc9fbc8c84161e9ed59cf2551b7ebfc3d,"{""distance"":3,""physical_error_rate"":5e-05}","{""detection_events"":21,""detectors_checked"":165888}"
      2048,         3,         0,   0.222,decoder_by_matrix,fe15b11dcb8b3f13c3ba2812b146e413e309c65e07905a09cf6ecd916cf41bda,"{""distance"":3,""physical_error_rate"":0.005}","{""detection_events"":1296,""detectors_checked"":110592,""obs_mistake_mask=_E__"":1,""obs_mistake_mask=__EE"":1,""obs_mistake_mask=___E"":1}"
      2048,         0,         0,   0.210,decoder_by_matrix,cd5aa4935a142b600239883e928f6c7fc9fbc8c84161e9ed59cf2551b7ebfc3d,"{""distance"":3,""physical_error_rate"":5e-05}","{""detection_events"":9,""detectors_checked"":110592}"
      1024,         7,         0,   0.220,decoder_by_matrix,c0504c10f5ab777f87672229571c10df6954ae4e739b135e111b80009949f281,"{""distance"":3,""physical_error_rate"":0.01}","{""detection_events"":1143,""detectors_checked"":55296,""obs_mistake_mask=E___"":1,""obs_mistake_mask=_E_E"":2,""obs_mistake_mask=_E__"":2,""obs_mistake_mask=__E_"":2}"
         1,         0,         0,   0.457,decoder_by_matrix,5dee359087c4b9ae2c20477a4d5136d2695095b0438111838e7093c679bd3c20,"{""distance"":3,""physical_error_rate"":0.0005}","{""detectors_checked"":54}"
      2048,         0,         0,   0.211,decoder_by_matrix,cd5aa4935a142b600239883e928f6c7fc9fbc8c84161e9ed59cf2551b7ebfc3d,"{""distance"":3,""physical_error_rate"":5e-05}","{""detection_events"":6,""detectors_checked"":110592}"
      3140,         6,         0,   0.453,decoder_by_matrix,fe15b11dcb8b3f13c3ba2812b146e413e309c65e07905a09cf6ecd916cf41bda,"{""distance"":3,""physical_error_rate"":0.005}","{""detection_events"":1638,""detectors_checked"":169560,""obs_mistake_mask=_EEE"":2,""obs_mistake_mask=_E__"":1,""obs_mistake_mask=__EE"":1,""obs_mistake_mask=__E_"":1,""obs_mistake_mask=___E"":1}"
      4096,         0,         0,   0.189,decoder_by_matrix,73784f3389b885bc1b704dac0b44b83e08b79da81bcec9ed749229213445f550,"{""distance"":3,""physical_error_rate"":1e-05}","{""detection_events"":6,""detectors_checked"":221184}"
      2048,         0,         0,   0.192,decoder_by_matrix,c8397cb2c46e4683a6f3970bc42cef1aabfef4d80cfcd6b8313e87630b680ee2,"{""distance"":3,""physical_error_rate"":0.0001}","{""detection_events"":51,""detectors_checked"":110592}"
      2048,         6,         0,   0.233,decoder_by_matrix,fe15b11dcb8b3f13c3ba2812b146e413e309c65e07905a09cf6ecd916cf41bda,"{""distance"":3,""physical_error_rate"":0.005}","{""detection_events"":1197,""detectors_checked"":110592,""obs_mistake_mask=E___"":2,""obs_mistake_mask=__EE"":1,""obs_mistake_mask=___E"":3}"
      2048,        16,         0,   0.172,decoder_by_matrix,c0504c10f5ab777f87672229571c10df6954ae4e739b135e111b80009949f281,"{""distance"":3,""physical_error_rate"":0.01}","{""detection_events"":2289,""detectors_checked"":110592,""obs_mistake_mask=E___"":1,""obs_mistake_mask=_EEE"":2,""obs_mistake_mask=_E_E"":2,""obs_mistake_mask=_E__"":2,""obs_mistake_mask=__E_"":1,""obs_mistake_mask=___E"":8}"
      2048,         0,         0,   0.244,decoder_by_matrix,e45af4f98fc7ee1c9936a6749fec74122c57b4ab96343d0e01c96593a4531898,"{""distance"":3,""physical_error_rate"":0.001}","{""detection_events"":267,""detectors_checked"":110592}"
      6144,         0,         0,   0.240,decoder_by_matrix,b3c6da8537ae85d54cd5acd57fc4d5a00e23be04de7c70760ac5fa4b0f5f70dc,"{""distance"":3,""physical_error_rate"":1e-06}","{""detectors_checked"":331776}"
      2048,         0,         0,   0.002,decoder_by_matrix,cd5aa4935a142b600239883e928f6c7fc9fbc8c84161e9ed59cf2551b7ebfc3d,"{""distance"":3,""physical_error_rate"":5e-05}","{""detection_events"":3,""detectors_checked"":110592}"
      2048,        15,         0,   0.211,decoder_by_matrix,c0504c10f5ab777f87672229571c10df6954ae4e739b135e111b80009949f281,"{""distance"":3,""physical_error_rate"":0.01}","{""detection_events"":2505,""detectors_checked"":110592,""obs_mistake_mask=E___"":4,""obs_mistake_mask=_EEE"":3,""obs_mistake_mask=_EE_"":1,""obs_mistake_mask=_E_E"":2,""obs_mistake_mask=_E__"":3,""obs_mistake_mask=__EE"":1,""obs_mistake_mask=__E_"":1}"
      3072,         0,         0,   0.196,decoder_by_matrix,1222905ef2c3e0b3841e2be415851bad02a0949e12b9844f6b979980572eaa40,"{""distance"":3,""physical_error_rate"":5e-06}","{""detection_events"":9,""detectors_checked"":165888}"
      2048,         0,         0,   0.249,decoder_by_matrix,e45af4f98fc7ee1c9936a6749fec74122c57b4ab96343d0e01c96593a4531898,"{""distance"":3,""physical_error_rate"":0.001}","{""detection_events"":225,""detectors_checked"":110592}"
      4096,         0,         0,   0.234,decoder_by_matrix,1222905ef2c3e0b3841e2be415851bad02a0949e12b9844f6b979980572eaa40,"{""distance"":3,""physical_error_rate"":5e-06}","{""detection_events"":3,""detectors_checked"":221184}"
      2048,         2,         0,   0.200,decoder_by_matrix,fe15b11dcb8b3f13c3ba2812b146e413e309c65e07905a09cf6ecd916cf41bda,"{""distance"":3,""physical_error_rate"":0.005}","{""detection_events"":1347,""detectors_checked"":110592,""obs_mistake_mask=E___"":1,""obs_mistake_mask=_E__"":1}"
      6144,         0,         0,   0.236,decoder_by_matrix,b3c6da8537ae85d54cd5acd57fc4d5a00e23be04de7c70760ac5fa4b0f5f70dc,"{""distance"":3,""physical_error_rate"":1e-06}","{""detectors_checked"":331776}"
      6144,         0,         0,   0.230,decoder_by_matrix,b3c6da8537ae85d54cd5acd57fc4d5a00e23be04de7c70760ac5fa4b0f5f70dc,"{""distance"":3,""physical_error_rate"":1e-06}","{""detectors_checked"":331776}"
      6144,         0,         0,   0.228,decoder_by_matrix,73784f3389b885bc1b704dac0b44b83e08b79da81bcec9ed749229213445f550,"{""distance"":3,""physical_error_rate"":1e-05}","{""detectors_checked"":331776}"
      2048,         0,         0,   0.229,decoder_by_matrix,c8397cb2c46e4683a6f3970bc42cef1aabfef4d80cfcd6b8313e87630b680ee2,"{""distance"":3,""physical_error_rate"":0.0001}","{""detection_events"":12,""detectors_checked"":110592}"
      2048,         0,         0,   0.225,decoder_by_matrix,c8397cb2c46e4683a6f3970bc42cef1aabfef4d80cfcd6b8313e87630b680ee2,"{""distance"":3,""physical_error_rate"":0.0001}","{""detection_events"":12,""detectors_checked"":110592}"
      2048,         0,         0,   0.294,decoder_by_matrix,5dee359087c4b9ae2c20477a4d5136d2695095b0438111838e7093c679bd3c20,"{""distance"":3,""physical_error_rate"":0.0005}","{""detection_events"":129,""detectors_checked"":110592}"
      3072,         0,         0,   0.227,decoder_by_matrix,cd5aa4935a142b600239883e928f6c7fc9fbc8c84161e9ed59cf2551b7ebfc3d,"{""distance"":3,""physical_error_rate"":5e-05}","{""detection_events"":24,""detectors_checked"":165888}"
      2048,         0,         0,   0.221,decoder_by_matrix,5dee359087c4b9ae2c20477a4d5136d2695095b0438111838e7093c679bd3c20,"{""distance"":3,""physical_error_rate"":0.0005}","{""detection_events"":96,""detectors_checked"":110592}"
      3072,         0,         0,   0.216,decoder_by_matrix,73784f3389b885bc1b704dac0b44b83e08b79da81bcec9ed749229213445f550,"{""distance"":3,""physical_error_rate"":1e-05}","{""detection_events"":9,""detectors_checked"":165888}"
      6144,         0,         0,   0.211,decoder_by_matrix,1222905ef2c3e0b3841e2be415851bad02a0949e12b9844f6b979980572eaa40,"{""distance"":3,""physical_error_rate"":5e-06}","{""detectors_checked"":331776}"
      3072,         0,         0,   0.371,decoder_by_matrix,5dee359087c4b9ae2c20477a4d5136d2695095b0438111838e7093c679bd3c20,"{""distance"":3,""physical_error_rate"":0.0005}","{""detection_events"":135,""detectors_checked"":165888}"
      8192,         0,         0,   0.322,decoder_by_matrix,73784f3389b885bc1b704dac0b44b83e08b79da81bcec9ed749229213445f550,"{""distance"":3,""physical_error_rate"":1e-05}","{""detectors_checked"":442368}"
      2321,         0,         0,   0.203,decoder_by_matrix,e45af4f98fc7ee1c9936a6749fec74122c57b4ab96343d0e01c96593a4531898,"{""distance"":3,""physical_error_rate"":0.001}","{""detection_events"":336,""detectors_checked"":125334}"
      1024,         0,         0,   0.197,decoder_by_matrix,c8397cb2c46e4683a6f3970bc42cef1aabfef4d80cfcd6b8313e87630b680ee2,"{""distance"":3,""physical_error_rate"":0.0001}","{""detection_events"":15,""detectors_checked"":55296}"
      1024,         9,         0,   0.232,decoder_by_matrix,c0504c10f5ab777f87672229571c10df6954ae4e739b135e111b80009949f281,"{""distance"":3,""physical_error_rate"":0.01}","{""detection_events"":1251,""detectors_checked"":55296,""obs_mistake_mask=_EEE"":1,""obs_mistake_mask=_EE_"":1,""obs_mistake_mask=_E_E"":1,""obs_mistake_mask=_E__"":3,""obs_mistake_mask=__EE"":1,""obs_mistake_mask=__E_"":2}"
      8192,         0,         0,   0.288,decoder_by_matrix,73784f3389b885bc1b704dac0b44b83e08b79da81bcec9ed749229213445f550,"{""distance"":3,""physical_error_rate"":1e-05}","{""detectors_checked"":442368}"
      2048,         0,         0,   0.235,decoder_by_matrix,5dee359087c4b9ae2c20477a4d5136d2695095b0438111838e7093c679bd3c20,"{""distance"":3,""physical_error_rate"":0.0005}","{""detection_events"":108,""detectors_checked"":110592}"
      3072,         0,         0,   0.332,decoder_by_matrix,5dee359087c4b9ae2c20477a4d5136d2695095b0438111838e7093c679bd3c20,"{""distance"":3,""physical_error_rate"":0.0005}","{""detection_events"":189,""detectors_checked"":165888}"
      1297,         0,         0,   0.187,decoder_by_matrix,5dee359087c4b9ae2c20477a4d5136d2695095b0438111838e7093c679bd3c20,"{""distance"":3,""physical_error_rate"":0.0005}","{""detection_events"":84,""detectors_checked"":70038}"
      3072,         0,         0,   0.268,decoder_by_matrix,e45af4f98fc7ee1c9936a6749fec74122c57b4ab96343d0e01c96593a4531898,"{""distance"":3,""physical_error_rate"":0.001}","{""detection_events"":366,""detectors_checked"":165888}"
      9216,         0,         0,   0.303,decoder_by_matrix,b3c6da8537ae85d54cd5acd57fc4d5a00e23be04de7c70760ac5fa4b0f5f70dc,"{""distance"":3,""physical_error_rate"":1e-06}","{""detectors_checked"":497664}"
      6144,         0,         0,   0.241,decoder_by_matrix,b3c6da8537ae85d54cd5acd57fc4d5a00e23be04de7c70760ac5fa4b0f5f70dc,"{""distance"":3,""physical_error_rate"":1e-06}","{""detectors_checked"":331776}"
      2048,        15,         0,   0.302,decoder_by_matrix,c0504c10f5ab777f87672229571c10df6954ae4e739b135e111b80009949f281,"{""distance"":3,""physical_error_rate"":0.01}","{""detection_events"":2352,""detectors_checked"":110592,""obs_mistake_mask=E___"":6,""obs_mistake_mask=_EEE"":2,""obs_mistake_mask=_EE_"":1,""obs_mistake_mask=_E_E"":1,""obs_mistake_mask=_E__"":2,""obs_mistake_mask=__EE"":2,""obs_mistake_mask=__E_"":1}"
      2048,        13,         0,   0.428,decoder_by_matrix,c0504c10f5ab777f87672229571c10df6954ae4e739b135e111b80009949f281,"{""distance"":3,""physical_error_rate"":0.01}","{""detection_events"":2385,""detectors_checked"":110592,""obs_mistake_mask=E___"":1,""obs_mistake_mask=_EEE"":1,""obs_mistake_mask=_EE_"":3,""obs_mistake_mask=_E_E"":1,""obs_mistake_mask=_E__"":2,""obs_mistake_mask=__EE"":2,""obs_mistake_mask=___E"":3}"
      3072,         0,         0,   0.302,decoder_by_matrix,e45af4f98fc7ee1c9936a6749fec74122c57b4ab96343d0e01c96593a4531898,"{""distance"":3,""physical_error_rate"":0.001}","{""detection_events"":285,""detectors_checked"":165888}"
      2048,         0,         0,   0.248,decoder_by_matrix,c8397cb2c46e4683a6f3970bc42cef1aabfef4d80cfcd6b8313e87630b680ee2,"{""distance"":3,""physical_error_rate"":0.0001}","{""detection_events"":27,""detectors_checked"":110592}"
      6144,         0,         0,   0.256,decoder_by_matrix,1222905ef2c3e0b3841e2be415851bad02a0949e12b9844f6b979980572eaa40,"{""distance"":3,""physical_error_rate"":5e-06}","{""detectors_checked"":331776}"
      3072,         0,         0,   0.254,decoder_by_matrix,cd5aa4935a142b600239883e928f6c7fc9fbc8c84161e9ed59cf2551b7ebfc3d,"{""distance"":3,""physical_error_rate"":5e-05}","{""detection_events"":15,""detectors_checked"":165888}"
      1024,         3,         0,   0.202,decoder_by_matrix,c0504c10f5ab777f87672229571c10df6954ae4e739b135e111b80009949f281,"{""distance"":3,""physical_error_rate"":0.01}","{""detection_events"":1146,""detectors_checked"":55296,""obs_mistake_mask=_EEE"":1,""obs_mistake_mask=_E__"":1,""obs_mistake_mask=__E_"":1}"
      2048,         0,         0,   0.298,decoder_by_matrix,e45af4f98fc7ee1c9936a6749fec74122c57b4ab96343d0e01c96593a4531898,"{""distance"":3,""physical_error_rate"":0.001}","{""detection_events"":279,""detectors_checked"":110592}"
      1024,         3,         0,   0.263,decoder_by_matrix,fe15b11dcb8b3f13c3ba2812b146e413e309c65e07905a09cf6ecd916cf41bda,"{""distance"":3,""physical_error_rate"":0.005}","{""detection_events"":588,""detectors_checked"":55296,""obs_mistake_mask=_E_E"":1,""obs_mistake_mask=_E__"":1,""obs_mistake_mask=___E"":1}"
      2048,         4,         0,   0.303,decoder_by_matrix,fe15b11dcb8b3f13c3ba2812b146e413e309c65e07905a09cf6ecd916cf41bda,"{""distance"":3,""physical_error_rate"":0.005}","{""detection_events"":1041,""detectors_checked"":110592,""obs_mistake_mask=_E_E"":2,""obs_mistake_mask=__EE"":2}"
      2048,         0,         0,   0.283,decoder_by_matrix,cd5aa4935a142b600239883e928f6c7fc9fbc8c84161e9ed59cf2551b7ebfc3d,"{""distance"":3,""physical_error_rate"":5e-05}","{""detection_events"":15,""detectors_checked"":110592}"
      2048,         0,         0,   0.275,decoder_by_matrix,cd5aa4935a142b600239883e928f6c7fc9fbc8c84161e9ed59cf2551b7ebfc3d,"{""distance"":3,""physical_error_rate"":5e-05}","{""detection_events"":30,""detectors_checked"":110592}"
      2048,         2,         0,   0.276,decoder_by_matrix,fe15b11dcb8b3f13c3ba2812b146e413e309c65e07905a09cf6ecd916cf41bda,"{""distance"":3,""physical_error_rate"":0.005}","{""detection_events"":1143,""detectors_checked"":110592,""obs_mistake_mask=_EEE"":1,""obs_mistake_mask=__E_"":1}"
      4096,         0,         0,   0.325,decoder_by_matrix,1222905ef2c3e0b3841e2be415851bad02a0949e12b9844f6b979980572eaa40,"{""distance"":3,""physical_error_rate"":5e-06}","{""detection_events"":15,""detectors_checked"":221184}"
      5120,         0,         0,   0.283,decoder_by_matrix,73784f3389b885bc1b704dac0b44b83e08b79da81bcec9ed749229213445f550,"{""distance"":3,""physical_error_rate"":1e-05}","{""detectors_checked"":276480}"
      2048,         4,         0,   0.004,decoder_by_matrix,fe15b11dcb8b3f13c3ba2812b146e413e309c65e07905a09cf6ecd916cf41bda,"{""distance"":3,""physical_error_rate"":0.005}","{""detection_events"":1164,""detectors_checked"":110592,""obs_mistake_mask=_E__"":2,""obs_mistake_mask=__EE"":1,""obs_mistake_mask=___E"":1}"
      3072,         0,         0,   0.289,decoder_by_matrix,c8397cb2c46e4683a6f3970bc42cef1aabfef4d80cfcd6b8313e87630b680ee2,"{""distance"":3,""physical_error_rate"":0.0001}","{""detection_events"":48,""detectors_checked"":165888}"
      2048,        18,         0,   0.325,decoder_by_matrix,c0504c10f5ab777f87672229571c10df6954ae4e739b135e111b80009949f281,"{""distance"":3,""physical_error_rate"":0.01}","{""detection_events"":2493,""detectors_checked"":110592,""obs_mistake_mask=E___"":3,""obs_mistake_mask=_EEE"":2,""obs_mistake_mask=_EE_"":3,""obs_mistake_mask=_E_E"":1,""obs_mistake_mask=_E__"":2,""obs_mistake_mask=__EE"":3,""obs_mistake_mask=__E_"":1,""obs_mistake_mask=___E"":3}"
      2048,         6,         0,   0.292,decoder_by_matrix,fe15b11dcb8b3f13c3ba2812b146e413e309c65e07905a09cf6ecd916cf41bda,"{""distance"":3,""physical_error_rate"":0.005}","{""detection_events"":1149,""detectors_checked"":110592,""obs_mistake_mask=E_E_"":1,""obs_mistake_mask=_EEE"":2,""obs_mistake_mask=_E__"":1,""obs_mistake_mask=__E_"":1,""obs_mistake_mask=___E"":1}"
      2048,         0,         0,   0.288,decoder_by_matrix,e45af4f98fc7ee1c9936a6749fec74122c57b4ab96343d0e01c96593a4531898,"{""distance"":3,""physical_error_rate"":0.001}","{""detection_events"":231,""detectors_checked"":110592}"
      6144,         0,         0,   0.289,decoder_by_matrix,b3c6da8537ae85d54cd5acd57fc4d5a00e23be04de7c70760ac5fa4b0f5f70dc,"{""distance"":3,""physical_error_rate"":1e-06}","{""detectors_checked"":331776}"
      1024,         8,         0,   0.282,decoder_by_matrix,c0504c10f5ab777f87672229571c10df6954ae4e739b135e111b80009949f281,"{""distance"":3,""physical_error_rate"":0.01}","{""detection_events"":1254,""detectors_checked"":55296,""obs_mistake_mask=_EE_"":2,""obs_mistake_mask=_E_E"":1,""obs_mistake_mask=_E__"":1,""obs_mistake_mask=__EE"":1,""obs_mistake_mask=__E_"":2,""obs_mistake_mask=___E"":1}"
      2048,         0,         0,   0.276,decoder_by_matrix,e45af4f98fc7ee1c9936a6749fec74122c57b4ab96343d0e01c96593a4531898,"{""distance"":3,""physical_error_rate"":0.001}","{""detection_events"":210,""detectors_checked"":110592}"
      6144,         0,         0,   0.261,decoder_by_matrix,b3c6da8537ae85d54cd5acd57fc4d5a00e23be04de7c70760ac5fa4b0f5f70dc,"{""distance"":3,""physical_error_rate"":1e-06}","{""detectors_checked"":331776}"
      5120,         0,         0,   0.275,decoder_by_matrix,1222905ef2c3e0b3841e2be415851bad02a0949e12b9844f6b979980572eaa40,"{""distance"":3,""physical_error_rate"":5e-06}","{""detection_events"":6,""detectors_checked"":276480}"
      2048,         0,         0,   0.252,decoder_by_matrix,c8397cb2c46e4683a6f3970bc42cef1aabfef4d80cfcd6b8313e87630b680ee2,"{""distance"":3,""physical_error_rate"":0.0001}","{""detection_events"":6,""detectors_checked"":110592}"
      2048,         0,         0,   0.246,decoder_by_matrix,5dee359087c4b9ae2c20477a4d5136d2695095b0438111838e7093c679bd3c20,"{""distance"":3,""physical_error_rate"":0.0005}","{""detection_events"":102,""detectors_checked"":110592}"
      2048,         0,         0,   0.239,decoder_by_matrix,5dee359087c4b9ae2c20477a4d5136d2695095b0438111838e7093c679bd3c20,"{""distance"":3,""physical_error_rate"":0.0005}","{""detection_events"":138,""detectors_checked"":110592}"
      6144,         0,         0,   0.233,decoder_by_matrix,1222905ef2c3e0b3841e2be415851bad02a0949e12b9844f6b979980572eaa40,"{""distance"":3,""physical_error_rate"":5e-06}","{""detectors_checked"":331776}"
      2048,         1,         0,   0.228,decoder_by_matrix,e45af4f98fc7ee1c9936a6749fec74122c57b4ab96343d0e01c96593a4531898,"{""distance"":3,""physical_error_rate"":0.001}","{""detection_events"":408,""detectors_checked"":110592,""obs_mistake_mask=__EE"":1}"
      2048,        17,         0,   0.223,decoder_by_matrix,c0504c10f5ab777f87672229571c10df6954ae4e739b135e111b80009949f281,"{""distance"":3,""physical_error_rate"":0.01}","{""detection_events"":2610,""detectors_checked"":110592,""obs_mistake_mask=EEE_"":1,""obs_mistake_mask=EE__"":1,""obs_mistake_mask=E___"":1,""obs_mistake_mask=_EEE"":2,""obs_mistake_mask=_EE_"":2,""obs_mistake_mask=_E_E"":3,""obs_mistake_mask=_E__"":4,""obs_mistake_mask=__EE"":2,""obs_mistake_mask=___E"":1}"
      5120,         0,         0,   0.216,decoder_by_matrix,73784f3389b885bc1b704dac0b44b83e08b79da81bcec9ed749229213445f550,"{""distance"":3,""physical_error_rate"":1e-05}","{""detection_events"":3,""detectors_checked"":276480}"
      2048,         0,         0,   0.209,decoder_by_matrix,5dee359087c4b9ae2c20477a4d5136d2695095b0438111838e7093c679bd3c20,"{""distance"":3,""physical_error_rate"":0.0005}","{""detection_events"":120,""detectors_checked"":110592}"
      7168,         0,         0,   0.344,decoder_by_matrix,1222905ef2c3e0b3841e2be415851bad02a0949e12b9844f6b979980572eaa40,"{""distance"":3,""physical_error_rate"":5e-06}","{""detection_events"":3,""detectors_checked"":387072}"
      5120,         0,         0,   0.359,decoder_by_matrix,cd5aa4935a142b600239883e928f6c7fc9fbc8c84161e9ed59cf2551b7ebfc3d,"{""distance"":3,""physical_error_rate"":5e-05}","{""detection_events"":33,""detectors_checked"":276480}"
      3072,         3,         0,   0.337,decoder_by_matrix,fe15b11dcb8b3f13c3ba2812b146e413e309c65e07905a09cf6ecd916cf41bda,"{""distance"":3,""physical_error_rate"":0.005}","{""detection_events"":1683,""detectors_checked"":165888,""obs_mistake_mask=_EEE"":2,""obs_mistake_mask=__EE"":1}"
      5120,         0,         0,   0.320,decoder_by_matrix,73784f3389b885bc1b704dac0b44b83e08b79da81bcec9ed749229213445f550,"{""distance"":3,""physical_error_rate"":1e-05}","{""detection_events"":9,""detectors_checked"":276480}"
     10240,         0,         0,   0.006,decoder_by_matrix,b3c6da8537ae85d54cd5acd57fc4d5a00e23be04de7c70760ac5fa4b0f5f70dc,"{""distance"":3,""physical_error_rate"":1e-06}","{""detectors_checked"":552960}"
      4096,         0,         0,   0.319,decoder_by_matrix,c8397cb2c46e4683a6f3970bc42cef1aabfef4d80cfcd6b8313e87630b680ee2,"{""distance"":3,""physical_error_rate"":0.0001}","{""detection_events"":39,""detectors_checked"":221184}"
      2048,         0,         0,   0.235,decoder_by_matrix,e45af4f98fc7ee1c9936a6749fec74122c57b4ab96343d0e01c96593a4531898,"{""distance"":3,""physical_error_rate"":0.001}","{""detection_events"":255,""detectors_checked"":110592}"
      4096,         0,         0,   0.317,decoder_by_matrix,cd5aa4935a142b600239883e928f6c7fc9fbc8c84161e9ed59cf2551b7ebfc3d,"{""distance"":3,""physical_error_rate"":5e-05}","{""detection_events"":21,""detectors_checked"":221184}"
      6144,         0,         0,   0.235,decoder_by_matrix,b3c6da8537ae85d54cd5acd57fc4d5a00e23be04de7c70760ac5fa4b0f5f70dc,"{""distance"":3,""physical_error_rate"":1e-06}","{""detectors_checked"":331776}"
      9216,         0,         0,   0.316,decoder_by_matrix,73784f3389b885bc1b704dac0b44b83e08b79da81bcec9ed749229213445f550,"{""distance"":3,""physical_error_rate"":1e-05}","{""detection_events"":3,""detectors_checked"":497664}"
      1024,        16,         0,   0.232,decoder_by_matrix,c0504c10f5ab777f87672229571c10df6954ae4e739b135e111b80009949f281,"{""distance"":3,""physical_error_rate"":0.01}","{""detection_events"":1221,""detectors_checked"":55296,""obs_mistake_mask=E___"":3,""obs_mistake_mask=_E_E"":3,""obs_mistake_mask=__EE"":2,""obs_mistake_mask=__E_"":5,""obs_mistake_mask=___E"":3}"
      2048,         0,         0,   0.240,decoder_by_matrix,c8397cb2c46e4683a6f3970bc42cef1aabfef4d80cfcd6b8313e87630b680ee2,"{""distance"":3,""physical_error_rate"":0.0001}","{""detection_events"":18,""detectors_checked"":110592}"
      1024,         0,         0,   0.109,decoder_by_matrix,5dee359087c4b9ae2c20477a4d5136d2695095b0438111838e7093c679bd3c20,"{""distance"":3,""physical_error_rate"":0.0005}","{""detection_events"":48,""detectors_checked"":55296}"
      3072,         0,         0,   0.240,decoder_by_matrix,cd5aa4935a142b600239883e928f6c7fc9fbc8c84161e9ed59cf2551b7ebfc3d,"{""distance"":3,""physical_error_rate"":5e-05}","{""detection_events"":42,""detectors_checked"":165888}"
      2048,         0,         0,   0.232,decoder_by_matrix,e45af4f98fc7ee1c9936a6749fec74122c57b4ab96343d0e01c96593a4531898,"{""distance"":3,""physical_error_rate"":0.001}","{""detection_events"":258,""detectors_checked"":110592}"
         1,         0,         0,   0.260,decoder_by_matrix,c8397cb2c46e4683a6f3970bc42cef1aabfef4d80cfcd6b8313e87630b680ee2,"{""distance"":3,""physical_error_rate"":0.0001}","{""detectors_checked"":54}"
      4096,         0,         0,   0.341,decoder_by_matrix,73784f3389b885bc1b704dac0b44b83e08b79da81bcec9ed749229213445f550,"{""distance"":3,""physical_error_rate"":1e-05}","{""detection_events"":15,""detectors_checked"":221184}"
         1,         0,         0,   0.115,decoder_by_matrix,cd5aa4935a142b600239883e928f6c7fc9fbc8c84161e9ed59cf2551b7ebfc3d,"{""distance"":3,""physical_error_rate"":5e-05}","{""detectors_checked"":54}"
      4096,         0,         0,   0.342,decoder_by_matrix,c8397cb2c46e4683a6f3970bc42cef1aabfef4d80cfcd6b8313e87630b680ee2,"{""distance"":3,""physical_error_rate"":0.0001}","{""detection_events"":72,""detectors_checked"":221184}"
      4096,         0,         0,   0.367,decoder_by_matrix,5dee359087c4b9ae2c20477a4d5136d2695095b0438111838e7093c679bd3c20,"{""distance"":3,""physical_error_rate"":0.0005}","{""detection_events"":210,""detectors_checked"":221184}"
      3072,         0,         0,   0.228,decoder_by_matrix,cd5aa4935a142b600239883e928f6c7fc9fbc8c84161e9ed59cf2551b7ebfc3d,"{""distance"":3,""physical_error_rate"":5e-05}","{""detection_events"":27,""detectors_checked"":165888}"
      2048,         0,         0,   0.233,decoder_by_matrix,cd5aa4935a142b600239883e928f6c7fc9fbc8c84161e9ed59cf2551b7ebfc3d,"{""distance"":3,""physical_error_rate"":5e-05}","{""detection_events"":12,""detectors_checked"":110592}"
      2048,         4,         0,   0.230,decoder_by_matrix,fe15b11dcb8b3f13c3ba2812b146e413e309c65e07905a09cf6ecd916cf41bda,"{""distance"":3,""physical_error_rate"":0.005}","{""detection_events"":1305,""detectors_checked"":110592,""obs_mistake_mask=E___"":1,""obs_mistake_mask=_E_E"":1,""obs_mistake_mask=_E__"":1,""obs_mistake_mask=___E"":1}"
      4096,         0,         0,   0.234,decoder_by_matrix,1222905ef2c3e0b3841e2be415851bad02a0949e12b9844f6b979980572eaa40,"{""distance"":3,""physical_error_rate"":5e-06}","{""detection_events"":12,""detectors_checked"":221184}"
      3072,         0,         0,   0.357,decoder_by_matrix,5dee359087c4b9ae2c20477a4d5136d2695095b0438111838e7093c679bd3c20,"{""distance"":3,""physical_error_rate"":0.0005}","{""detection_events"":204,""detectors_checked"":165888}"
      6144,         0,         0,   0.236,decoder_by_matrix,73784f3389b885bc1b704dac0b44b83e08b79da81bcec9ed749229213445f550,"{""distance"":3,""physical_error_rate"":1e-05}","{""detectors_checked"":331776}"
      2048,         0,         0,   0.181,decoder_by_matrix,5dee359087c4b9ae2c20477a4d5136d2695095b0438111838e7093c679bd3c20,"{""distance"":3,""physical_error_rate"":0.0005}","{""detection_events"":186,""detectors_checked"":110592}"
      3072,         1,         0,   0.070,decoder_by_matrix,e45af4f98fc7ee1c9936a6749fec74122c57b4ab96343d0e01c96593a4531898,"{""distance"":3,""physical_error_rate"":0.001}","{""detection_events"":381,""detectors_checked"":165888,""obs_mistake_mask=__E_"":1}"
      4096,         0,         0,   0.362,decoder_by_matrix,5dee359087c4b9ae2c20477a4d5136d2695095b0438111838e7093c679bd3c20,"{""distance"":3,""physical_error_rate"":0.0005}","{""detection_events"":192,""detectors_checked"":221184}"
      2048,         7,         0,   0.245,decoder_by_matrix,fe15b11dcb8b3f13c3ba2812b146e413e309c65e07905a09cf6ecd916cf41bda,"{""distance"":3,""physical_error_rate"":0.005}","{""detection_events"":1218,""detectors_checked"":110592,""obs_mistake_mask=EE_E"":1,""obs_mistake_mask=_EE_"":2,""obs_mistake_mask=_E_E"":1,""obs_mistake_mask=_E__"":2,""obs_mistake_mask=__E_"":1}"
      3072,         0,         0,   0.245,decoder_by_matrix,c8397cb2c46e4683a6f3970bc42cef1aabfef4d80cfcd6b8313e87630b680ee2,"{""distance"":3,""physical_error_rate"":0.0001}","{""detection_events"":27,""detectors_checked"":165888}"
      1024,         8,         0,   0.002,decoder_by_matrix,c0504c10f5ab777f87672229571c10df6954ae4e739b135e111b80009949f281,"{""distance"":3,""physical_error_rate"":0.01}","{""detection_events"":1230,""detectors_checked"":55296,""obs_mistake_mask=_EEE"":1,""obs_mistake_mask=_E_E"":2,""obs_mistake_mask=_E__"":1,""obs_mistake_mask=__E_"":1,""obs_mistake_mask=___E"":3}"
      2048,         4,         0,   0.245,decoder_by_matrix,fe15b11dcb8b3f13c3ba2812b146e413e309c65e07905a09cf6ecd916cf41bda,"{""distance"":3,""physical_error_rate"":0.005}","{""detection_events"":999,""detectors_checked"":110592,""obs_mistake_mask=_EE_"":1,""obs_mistake_mask=_E__"":2,""obs_mistake_mask=__E_"":1}"
      2048,         0,         0,   0.244,decoder_by_matrix,e45af4f98fc7ee1c9936a6749fec74122c57b4ab96343d0e01c96593a4531898,"{""distance"":3,""physical_error_rate"":0.001}","{""detection_events"":246,""detectors_checked"":110592}"
      6144,         0,         0,   0.245,decoder_by_matrix,b3c6da8537ae85d54cd5acd57fc4d5a00e23be04de7c70760ac5fa4b0f5f70dc,"{""distance"":3,""physical_error_rate"":1e-06}","{""detectors_checked"":331776}"
      2048,        16,         0,   0.246,decoder_by_matrix,c0504c10f5ab777f87672229571c10df6954ae4e739b135e111b80009949f281,"{""distance"":3,""physical_error_rate"":0.01}","{""detection_events"":2358,""detectors_checked"":110592,""obs_mistake_mask=E___"":4,""obs_mistake_mask=_EEE"":1,""obs_mistake_mask=_EE_"":2,""obs_mistake_mask=_E_E"":2,""obs_mistake_mask=_E__"":1,""obs_mistake_mask=__EE"":2,""obs_mistake_mask=__E_"":3,""obs_mistake_mask=___E"":1}"
      3072,         0,         0,   0.246,decoder_by_matrix,e45af4f98fc7ee1c9936a6749fec74122c57b4ab96343d0e01c96593a4531898,"{""distance"":3,""physical_error_rate"":0.001}","{""detection_events"":318,""detectors_checked"":165888}"
      4096,         0,         0,   0.003,decoder_by_matrix,b3c6da8537ae85d54cd5acd57fc4d5a00e23be04de7c70760ac5fa4b0f5f70dc,"{""distance"":3,""physical_error_rate"":1e-06}","{""detection_events"":9,""detectors_checked"":221184}"
      3072,        31,         0,   0.387,decoder_by_matrix,c0504c10f5ab777f87672229571c10df6954ae4e739b135e111b80009949f281,"{""distance"":3,""physical_error_rate"":0.01}","{""detection_events"":3843,""detectors_checked"":165888,""obs_mistake_mask=E___"":3,""obs_mistake_mask=_EEE"":4,""obs_mistake_mask=_EE_"":7,""obs_mistake_mask=_E_E"":1,""obs_mistake_mask=_E__"":2,""obs_mistake_mask=__EE"":3,""obs_mistake_mask=__E_"":3,""obs_mistake_mask=___E"":8}"
      6144,         0,         0,   0.254,decoder_by_matrix,1222905ef2c3e0b3841e2be415851bad02a0949e12b9844f6b979980572eaa40,"{""distance"":3,""physical_error_rate"":5e-06}","{""detection_events"":3,""detectors_checked"":331776}"
      3072,         0,         0,   0.250,decoder_by_matrix,c8397cb2c46e4683a6f3970bc42cef1aabfef4d80cfcd6b8313e87630b680ee2,"{""distance"":3,""physical_error_rate"":0.0001}","{""detection_events"":66,""detectors_checked"":165888}"
      3072,         0,         0,   0.390,decoder_by_matrix,e45af4f98fc7ee1c9936a6749fec74122c57b4ab96343d0e01c96593a4531898,"{""distance"":3,""physical_error_rate"":0.001}","{""detection_events"":366,""detectors_checked"":165888}"
     10240,         0,         0,   0.415,decoder_by_matrix,b3c6da8537ae85d54cd5acd57fc4d5a00e23be04de7c70760ac5fa4b0f5f70dc,"{""distance"":3,""physical_error_rate"":1e-06}","{""detectors_checked"":552960}"
      6144,         0,         0,   0.252,decoder_by_matrix,1222905ef2c3e0b3841e2be415851bad02a0949e12b9844f6b979980572eaa40,"{""distance"":3,""physical_error_rate"":5e-06}","{""detection_events"":6,""detectors_checked"":331776}"
      8192,         0,         0,   0.006,decoder_by_matrix,1222905ef2c3e0b3841e2be415851bad02a0949e12b9844f6b979980572eaa40,"{""distance"":3,""physical_error_rate"":5e-06}","{""detection_events"":12,""detectors_checked"":442368}"
      2048,         0,         0,   0.252,decoder_by_matrix,e45af4f98fc7ee1c9936a6749fec74122c57b4ab96343d0e01c96593a4531898,"{""distance"":3,""physical_error_rate"":0.001}","{""detection_events"":228,""detectors_checked"":110592}"
      3072,         4,         0,   0.390,decoder_by_matrix,fe15b11dcb8b3f13c3ba2812b146e413e309c65e07905a09cf6ecd916cf41bda,"{""distance"":3,""physical_error_rate"":0.005}","{""detection_events"":1845,""detectors_checked"":165888,""obs_mistake_mask=_EEE"":1,""obs_mistake_mask=_E__"":1,""obs_mistake_mask=__EE"":1,""obs_mistake_mask=___E"":1}"
      3072,         5,         0,   0.388,decoder_by_matrix,fe15b11dcb8b3f13c3ba2812b146e413e309c65e07905a09cf6ecd916cf41bda,"{""distance"":3,""physical_error_rate"":0.005}","{""detection_events"":1764,""detectors_checked"":165888,""obs_mistake_mask=_E_E"":1,""obs_mistake_mask=__EE"":1,""obs_mistake_mask=__E_"":1,""obs_mistake_mask=___E"":2}"
      2116,         0,         0,   0.155,decoder_by_matrix,cd5aa4935a142b600239883e928f6c7fc9fbc8c84161e9ed59cf2551b7ebfc3d,"{""distance"":3,""physical_error_rate"":5e-05}","{""detection_events"":18,""detectors_checked"":114264}"
      1024,         0,         0,   0.147,decoder_by_matrix,cd5aa4935a142b600239883e928f6c7fc9fbc8c84161e9ed59cf2551b7ebfc3d,"{""distance"":3,""physical_error_rate"":5e-05}","{""detection_events"":15,""detectors_checked"":55296}"
      3618,         0,         0,   0.176,decoder_by_matrix,c8397cb2c46e4683a6f3970bc42cef1aabfef4d80cfcd6b8313e87630b680ee2,"{""distance"":3,""physical_error_rate"":0.0001}","{""detection_events"":39,""detectors_checked"":195372}"
      2048,         0,         0,   0.137,decoder_by_matrix,1222905ef2c3e0b3841e2be415851bad02a0949e12b9844f6b979980572eaa40,"{""distance"":3,""physical_error_rate"":5e-06}","{""detection_events"":6,""detectors_checked"":110592}"
      1024,        10,         0,   0.279,decoder_by_matrix,c0504c10f5ab777f87672229571c10df6954ae4e739b135e111b80009949f281,"{""distance"":3,""physical_error_rate"":0.01}","{""detection_events"":1176,""detectors_checked"":55296,""obs_mistake_mask=_EEE"":1,""obs_mistake_mask=_E_E"":3,""obs_mistake_mask=_E__"":2,""obs_mistake_mask=__EE"":1,""obs_mistake_mask=__E_"":2,""obs_mistake_mask=___E"":1}"
      6144,         0,         0,   0.280,decoder_by_matrix,73784f3389b885bc1b704dac0b44b83e08b79da81bcec9ed749229213445f550,"{""distance"":3,""physical_error_rate"":1e-05}","{""detectors_checked"":331776}"
      3072,         0,         0,   0.212,decoder_by_matrix,c8397cb2c46e4683a6f3970bc42cef1aabfef4d80cfcd6b8313e87630b680ee2,"{""distance"":3,""physical_error_rate"":0.0001}","{""detection_events"":54,""detectors_checked"":165888}"
      2048,         0,         0,   0.284,decoder_by_matrix,5dee359087c4b9ae2c20477a4d5136d2695095b0438111838e7093c679bd3c20,"{""distance"":3,""physical_error_rate"":0.0005}","{""detection_events"":111,""detectors_checked"":110592}"
      2048,         9,         0,   0.447,decoder_by_matrix,c0504c10f5ab777f87672229571c10df6954ae4e739b135e111b80009949f281,"{""distance"":3,""physical_error_rate"":0.01}","{""detection_events"":2175,""detectors_checked"":110592,""obs_mistake_mask=E___"":1,""obs_mistake_mask=_EEE"":1,""obs_mistake_mask=_EE_"":1,""obs_mistake_mask=_E__"":2,""obs_mistake_mask=__E_"":2,""obs_mistake_mask=___E"":2}"
      5120,         0,         0,   0.289,decoder_by_matrix,1222905ef2c3e0b3841e2be415851bad02a0949e12b9844f6b979980572eaa40,"{""distance"":3,""physical_error_rate"":5e-06}","{""detection_events"":15,""detectors_checked"":276480}"
      3072,         0,         0,   0.289,decoder_by_matrix,cd5aa4935a142b600239883e928f6c7fc9fbc8c84161e9ed59cf2551b7ebfc3d,"{""distance"":3,""physical_error_rate"":5e-05}","{""detection_events"":12,""detectors_checked"":165888}"
      2048,         1,         0,   0.289,decoder_by_matrix,fe15b11dcb8b3f13c3ba2812b146e413e309c65e07905a09cf6ecd916cf41bda,"{""distance"":3,""physical_error_rate"":0.005}","{""detection_events"":1197,""detectors_checked"":110592,""obs_mistake_mask=__EE"":1}"
      5120,         0,         0,   0.289,decoder_by_matrix,73784f3389b885bc1b704dac0b44b83e08b79da81bcec9ed749229213445f550,"{""distance"":3,""physical_error_rate"":1e-05}","{""detection_events"":9,""detectors_checked"":276480}"
      5120,         0,         0,   0.289,decoder_by_matrix,b3c6da8537ae85d54cd5acd57fc4d5a00e23be04de7c70760ac5fa4b0f5f70dc,"{""distance"":3,""physical_error_rate"":1e-06}","{""detection_events"":9,""detectors_checked"":276480}"
      2048,         0,         0,   0.288,decoder_by_matrix,c8397cb2c46e4683a6f3970bc42cef1aabfef4d80cfcd6b8313e87630b680ee2,"{""distance"":3,""physical_error_rate"":0.0001}","{""detection_events"":21,""detectors_checked"":110592}"
      2048,         1,         0,   0.288,decoder_by_matrix,e45af4f98fc7ee1c9936a6749fec74122c57b4ab96343d0e01c96593a4531898,"{""distance"":3,""physical_error_rate"":0.001}","{""detection_events"":213,""detectors_checked"":110592,""obs_mistake_mask=_E__"":1}"
      6144,         0,         0,   0.003,decoder_by_matrix,b3c6da8537ae85d54cd5acd57fc4d5a00e23be04de7c70760ac5fa4b0f5f70dc,"{""distance"":3,""physical_error_rate"":1e-06}","{""detectors_checked"":331776}"
      5120,         0,         0,   0.288,decoder_by_matrix,73784f3389b885bc1b704dac0b44b83e08b79da81bcec9ed749229213445f550,"{""distance"":3,""physical_error_rate"":1e-05}","{""detection_events"":6,""detectors_checked"":276480}"
      2048,        15,         0,   0.289,decoder_by_matrix,c0504c10f5ab777f87672229571c10df6954ae4e739b135e111b80009949f281,"{""distance"":3,""physical_error_rate"":0.01}","{""detection_events"":2274,""detectors_checked"":110592,""obs_mistake_mask=E_E_"":1,""obs_mistake_mask=E___"":1,""obs_mistake_mask=_EEE"":2,""obs_mistake_mask=_E_E"":2,""obs_mistake_mask=_E__"":4,""obs_mistake_mask=__EE"":1,""obs_mistake_mask=__E_"":3,""obs_mistake_mask=___E"":1}"
      3072,         1,         0,   0.270,decoder_by_matrix,5dee359087c4b9ae2c20477a4d5136d2695095b0438111838e7093c679bd3c20,"{""distance"":3,""physical_error_rate"":0.0005}","{""detection_events"":183,""detectors_checked"":165888,""obs_mistake_mask=_EE_"":1}"
      2048,         0,         0,   0.268,decoder_by_matrix,cd5aa4935a142b600239883e928f6c7fc9fbc8c84161e9ed59cf2551b7ebfc3d,"{""distance"":3,""physical_error_rate"":5e-05}","{""detection_events"":15,""detectors_checked"":110592}"
      2048,         0,         0,   0.311,decoder_by_matrix,cd5aa4935a142b600239883e928f6c7fc9fbc8c84161e9ed59cf2551b7ebfc3d,"{""distance"":3,""physical_error_rate"":5e-05}","{""detection_events"":18,""detectors_checked"":110592}"
      4096,         0,         0,   0.263,decoder_by_matrix,73784f3389b885bc1b704dac0b44b83e08b79da81bcec9ed749229213445f550,"{""distance"":3,""physical_error_rate"":1e-05}","{""detection_events"":9,""detectors_checked"":221184}"
      3072,         0,         0,   0.260,decoder_by_matrix,c8397cb2c46e4683a6f3970bc42cef1aabfef4d80cfcd6b8313e87630b680ee2,"{""distance"":3,""physical_error_rate"":0.0001}","{""detection_events"":45,""detectors_checked"":165888}"
      2048,         0,         0,   0.258,decoder_by_matrix,5dee359087c4b9ae2c20477a4d5136d2695095b0438111838e7093c679bd3c20,"{""distance"":3,""physical_error_rate"":0.0005}","{""detection_events"":90,""detectors_checked"":110592}"
      3072,         0,         0,   0.257,decoder_by_matrix,cd5aa4935a142b600239883e928f6c7fc9fbc8c84161e9ed59cf2551b7ebfc3d,"{""distance"":3,""physical_error_rate"":5e-05}","{""detection_events"":15,""detectors_checked"":165888}"
      2048,         2,         0,   0.254,decoder_by_matrix,fe15b11dcb8b3f13c3ba2812b146e413e309c65e07905a09cf6ecd916cf41bda,"{""distance"":3,""physical_error_rate"":0.005}","{""detection_events"":1302,""detectors_checked"":110592,""obs_mistake_mask=___E"":2}"
         1,         0,         0,   0.149,decoder_by_matrix,73784f3389b885bc1b704dac0b44b83e08b79da81bcec9ed749229213445f550,"{""distance"":3,""physical_error_rate"":1e-05}","{""detectors_checked"":54}"
      5120,         0,         0,   0.201,decoder_by_matrix,b3c6da8537ae85d54cd5acd57fc4d5a00e23be04de7c70760ac5fa4b0f5f70dc,"{""distance"":3,""physical_error_rate"":1e-06}","{""detection_events"":3,""detectors_checked"":276480}"
      3072,         0,         0,   0.262,decoder_by_matrix,5dee359087c4b9ae2c20477a4d5136d2695095b0438111838e7093c679bd3c20,"{""distance"":3,""physical_error_rate"":0.0005}","{""detection_events"":222,""detectors_checked"":165888}"
      4096,         0,         0,   0.260,decoder_by_matrix,73784f3389b885bc1b704dac0b44b83e08b79da81bcec9ed749229213445f550,"{""distance"":3,""physical_error_rate"":1e-05}","{""detection_events"":3,""detectors_checked"":221184}"
      2048,         0,         0,   0.260,decoder_by_matrix,5dee359087c4b9ae2c20477a4d5136d2695095b0438111838e7093c679bd3c20,"{""distance"":3,""physical_error_rate"":0.0005}","{""detection_events"":75,""detectors_checked"":110592}"
      2048,         0,         0,   0.259,decoder_by_matrix,5dee359087c4b9ae2c20477a4d5136d2695095b0438111838e7093c679bd3c20,"{""distance"":3,""physical_error_rate"":0.0005}","{""detection_events"":144,""detectors_checked"":110592}"
      2048,         0,         0,   0.252,decoder_by_matrix,c8397cb2c46e4683a6f3970bc42cef1aabfef4d80cfcd6b8313e87630b680ee2,"{""distance"":3,""physical_error_rate"":0.0001}","{""detection_events"":12,""detectors_checked"":110592}"
      2048,        11,         0,   0.255,decoder_by_matrix,c0504c10f5ab777f87672229571c10df6954ae4e739b135e111b80009949f281,"{""distance"":3,""physical_error_rate"":0.01}","{""detection_events"":2283,""detectors_checked"":110592,""obs_mistake_mask=E___"":1,""obs_mistake_mask=_EEE"":1,""obs_mistake_mask=_E_E"":4,""obs_mistake_mask=_E__"":1,""obs_mistake_mask=___E"":4}"
      2048,         2,         0,   0.268,decoder_by_matrix,fe15b11dcb8b3f13c3ba2812b146e413e309c65e07905a09cf6ecd916cf41bda,"{""distance"":3,""physical_error_rate"":0.005}","{""detection_events"":1155,""detectors_checked"":110592,""obs_mistake_mask=_EEE"":1,""obs_mistake_mask=__E_"":1}"
      2048,         5,         0,   0.256,decoder_by_matrix,fe15b11dcb8b3f13c3ba2812b146e413e309c65e07905a09cf6ecd916cf41bda,"{""distance"":3,""physical_error_rate"":0.005}","{""detection_events"":1185,""detectors_checked"":110592,""obs_mistake_mask=_EE_"":1,""obs_mistake_mask=__EE"":1,""obs_mistake_mask=__E_"":1,""obs_mistake_mask=___E"":2}"
      2048,         0,         0,   0.256,decoder_by_matrix,e45af4f98fc7ee1c9936a6749fec74122c57b4ab96343d0e01c96593a4531898,"{""distance"":3,""physical_error_rate"":0.001}","{""detection_events"":231,""detectors_checked"":110592}"
      6144,         0,         0,   0.257,decoder_by_matrix,b3c6da8537ae85d54cd5acd57fc4d5a00e23be04de7c70760ac5fa4b0f5f70dc,"{""distance"":3,""physical_error_rate"":1e-06}","{""detection_events"":3,""detectors_checked"":331776}"
      1024,         6,         0,   0.255,decoder_by_matrix,c0504c10f5ab777f87672229571c10df6954ae4e739b135e111b80009949f281,"{""distance"":3,""physical_error_rate"":0.01}","{""detection_events"":1203,""detectors_checked"":55296,""obs_mistake_mask=_EEE"":2,""obs_mistake_mask=_EE_"":1,""obs_mistake_mask=_E__"":2,""obs_mistake_mask=__EE"":1}"
      2048,         1,         0,   0.256,decoder_by_matrix,e45af4f98fc7ee1c9936a6749fec74122c57b4ab96343d0e01c96593a4531898,"{""distance"":3,""physical_error_rate"":0.001}","{""detection_events"":285,""detectors_checked"":110592,""obs_mistake_mask=E___"":1}"
      1024,        13,         0,   0.255,decoder_by_matrix,c0504c10f5ab777f87672229571c10df6954ae4e739b135e111b80009949f281,"{""distance"":3,""physical_error_rate"":0.01}","{""detection_events"":1029,""detectors_checked"":55296,""obs_mistake_mask=EE_E"":1,""obs_mistake_mask=E___"":1,""obs_mistake_mask=_EEE"":1,""obs_mistake_mask=_E_E"":1,""obs_mistake_mask=_E__"":2,""obs_mistake_mask=__EE"":3,""obs_mistake_mask=__E_"":3,""obs_mistake_mask=___E"":1}"
      2048,         0,         0,   0.251,decoder_by_matrix,c8397cb2c46e4683a6f3970bc42cef1aabfef4d80cfcd6b8313e87630b680ee2,"{""distance"":3,""physical_error_rate"":0.0001}","{""detection_events"":51,""detectors_checked"":110592}"
      4096,         0,         0,   0.256,decoder_by_matrix,1222905ef2c3e0b3841e2be415851bad02a0949e12b9844f6b979980572eaa40,"{""distance"":3,""physical_error_rate"":5e-06}","{""detectors_checked"":221184}"
      2048,         0,         0,   0.249,decoder_by_matrix,e45af4f98fc7ee1c9936a6749fec74122c57b4ab96343d0e01c96593a4531898,"{""distance"":3,""physical_error_rate"":0.001}","{""detection_events"":249,""detectors_checked"":110592}"
      2048,         0,         0,   0.003,decoder_by_matrix,e45af4f98fc7ee1c9936a6749fec74122c57b4ab96343d0e01c96593a4531898,"{""distance"":3,""physical_error_rate"":0.001}","{""detection_events"":291,""detectors_checked"":110592}"
      6144,         0,         0,   0.245,decoder_by_matrix,b3c6da8537ae85d54cd5acd57fc4d5a00e23be04de7c70760ac5fa4b0f5f70dc,"{""distance"":3,""physical_error_rate"":1e-06}","{""detectors_checked"":331776}"
      1024,         0,         0,   0.001,decoder_by_matrix,b3c6da8537ae85d54cd5acd57fc4d5a00e23be04de7c70760ac5fa4b0f5f70dc,"{""distance"":3,""physical_error_rate"":1e-06}","{""detectors_checked"":55296}"
      5120,         0,         0,   0.003,decoder_by_matrix,1222905ef2c3e0b3841e2be415851bad02a0949e12b9844f6b979980572eaa40,"{""distance"":3,""physical_error_rate"":5e-06}","{""detectors_checked"":276480}"
      2048,         0,         0,   0.226,decoder_by_matrix,e45af4f98fc7ee1c9936a6749fec74122c57b4ab96343d0e01c96593a4531898,"{""distance"":3,""physical_error_rate"":0.001}","{""detection_events"":210,""detectors_checked"":110592}"
      1024,         0,         0,   0.002,decoder_by_matrix,e45af4f98fc7ee1c9936a6749fec74122c57b4ab96343d0e01c96593a4531898,"{""distance"":3,""physical_error_rate"":0.001}","{""detection_events"":168,""detectors_checked"":55296}"
      3072,         0,         0,   0.242,decoder_by_matrix,1222905ef2c3e0b3841e2be415851bad02a0949e12b9844f6b979980572eaa40,"{""distance"":3,""physical_error_rate"":5e-06}","{""detection_events"":9,""detectors_checked"":165888}"
      2048,         7,         0,   0.225,decoder_by_matrix,fe15b11dcb8b3f13c3ba2812b146e413e309c65e07905a09cf6ecd916cf41bda,"{""distance"":3,""physical_error_rate"":0.005}","{""detection_events"":1194,""detectors_checked"":110592,""obs_mistake_mask=E___"":1,""obs_mistake_mask=_EEE"":3,""obs_mistake_mask=_E__"":1,""obs_mistake_mask=__EE"":1,""obs_mistake_mask=___E"":1}"
      2048,         0,         0,   0.213,decoder_by_matrix,c8397cb2c46e4683a6f3970bc42cef1aabfef4d80cfcd6b8313e87630b680ee2,"{""distance"":3,""physical_error_rate"":0.0001}","{""detection_events"":24,""detectors_checked"":110592}"
      1024,         0,         0,   0.002,decoder_by_matrix,c8397cb2c46e4683a6f3970bc42cef1aabfef4d80cfcd6b8313e87630b680ee2,"{""distance"":3,""physical_error_rate"":0.0001}","{""detection_events"":12,""detectors_checked"":55296}"
      4096,         0,         0,   0.209,decoder_by_matrix,1222905ef2c3e0b3841e2be415851bad02a0949e12b9844f6b979980572eaa40,"{""distance"":3,""physical_error_rate"":5e-06}","{""detectors_checked"":221184}"
      6144,         0,         0,   0.205,decoder_by_matrix,73784f3389b885bc1b704dac0b44b83e08b79da81bcec9ed749229213445f550,"{""distance"":3,""physical_error_rate"":1e-05}","{""detectors_checked"":331776}"
      1024,         0,         0,   0.315,decoder_by_matrix,e45af4f98fc7ee1c9936a6749fec74122c57b4ab96343d0e01c96593a4531898,"{""distance"":3,""physical_error_rate"":0.001}","{""detection_events"":126,""detectors_checked"":55296}"
      2048,         4,         0,   0.221,decoder_by_matrix,fe15b11dcb8b3f13c3ba2812b146e413e309c65e07905a09cf6ecd916cf41bda,"{""distance"":3,""physical_error_rate"":0.005}","{""detection_events"":1239,""detectors_checked"":110592,""obs_mistake_mask=_EEE"":1,""obs_mistake_mask=_EE_"":1,""obs_mistake_mask=_E_E"":1,""obs_mistake_mask=__E_"":1}"
      1024,         1,         0,   0.002,decoder_by_matrix,fe15b11dcb8b3f13c3ba2812b146e413e309c65e07905a09cf6ecd916cf41bda,"{""distance"":3,""physical_error_rate"":0.005}","{""detection_events"":702,""detectors_checked"":55296,""obs_mistake_mask=__E_"":1}"
         1,         0,         0,   0.030,decoder_by_matrix,1222905ef2c3e0b3841e2be415851bad02a0949e12b9844f6b979980572eaa40,"{""distance"":3,""physical_error_rate"":5e-06}","{""detectors_checked"":54}"
      6144,         0,         0,   0.197,decoder_by_matrix,1222905ef2c3e0b3841e2be415851bad02a0949e12b9844f6b979980572eaa40,"{""distance"":3,""physical_error_rate"":5e-06}","{""detectors_checked"":331776}"
      3072,         0,         0,   0.215,decoder_by_matrix,cd5aa4935a142b600239883e928f6c7fc9fbc8c84161e9ed59cf2551b7ebfc3d,"{""distance"":3,""physical_error_rate"":5e-05}","{""detection_events"":3,""detectors_checked"":165888}"
      1024,         2,         0,   0.187,decoder_by_matrix,fe15b11dcb8b3f13c3ba2812b146e413e309c65e07905a09cf6ecd916cf41bda,"{""distance"":3,""physical_error_rate"":0.005}","{""detection_events"":552,""detectors_checked"":55296,""obs_mistake_mask=E___"":1,""obs_mistake_mask=_E__"":1}"
      4096,         0,         0,   0.215,decoder_by_matrix,73784f3389b885bc1b704dac0b44b83e08b79da81bcec9ed749229213445f550,"{""distance"":3,""physical_error_rate"":1e-05}","{""detectors_checked"":221184}"
      5120,         0,         0,   0.181,decoder_by_matrix,b3c6da8537ae85d54cd5acd57fc4d5a00e23be04de7c70760ac5fa4b0f5f70dc,"{""distance"":3,""physical_error_rate"":1e-06}","{""detectors_checked"":276480}"
      2048,         0,         0,   0.001,decoder_by_matrix,b3c6da8537ae85d54cd5acd57fc4d5a00e23be04de7c70760ac5fa4b0f5f70dc,"{""distance"":3,""physical_error_rate"":1e-06}","{""detectors_checked"":110592}"
      2048,         0,         0,   0.175,decoder_by_matrix,e45af4f98fc7ee1c9936a6749fec74122c57b4ab96343d0e01c96593a4531898,"{""distance"":3,""physical_error_rate"":0.001}","{""detection_events"":258,""detectors_checked"":110592}"
      1024,         0,         0,   0.002,decoder_by_matrix,e45af4f98fc7ee1c9936a6749fec74122c57b4ab96343d0e01c96593a4531898,"{""distance"":3,""physical_error_rate"":0.001}","{""detection_events"":135,""detectors_checked"":55296}"
      6144,         0,         0,   0.171,decoder_by_matrix,b3c6da8537ae85d54cd5acd57fc4d5a00e23be04de7c70760ac5fa4b0f5f70dc,"{""distance"":3,""physical_error_rate"":1e-06}","{""detectors_checked"":331776}"
      1024,         6,         0,   0.159,decoder_by_matrix,c0504c10f5ab777f87672229571c10df6954ae4e739b135e111b80009949f281,"{""distance"":3,""physical_error_rate"":0.01}","{""detection_events"":1341,""detectors_checked"":55296,""obs_mistake_mask=EE__"":1,""obs_mistake_mask=E___"":1,""obs_mistake_mask=_EEE"":1,""obs_mistake_mask=_E_E"":1,""obs_mistake_mask=_E__"":1,""obs_mistake_mask=___E"":1}"
      1024,        11,         0,   0.002,decoder_by_matrix,c0504c10f5ab777f87672229571c10df6954ae4e739b135e111b80009949f281,"{""distance"":3,""physical_error_rate"":0.01}","{""detection_events"":1077,""detectors_checked"":55296,""obs_mistake_mask=E___"":1,""obs_mistake_mask=_EEE"":1,""obs_mistake_mask=_EE_"":2,""obs_mistake_mask=_E_E"":2,""obs_mistake_mask=_E__"":1,""obs_mistake_mask=__EE"":2,""obs_mistake_mask=__E_"":2}"
      1024,         0,         0,   0.087,decoder_by_matrix,5dee359087c4b9ae2c20477a4d5136d2695095b0438111838e7093c679bd3c20,"{""distance"":3,""physical_error_rate"":0.0005}","{""detection_events"":90,""detectors_checked"":55296}"
      1024,         0,         0,   0.002,decoder_by_matrix,5dee359087c4b9ae2c20477a4d5136d2695095b0438111838e7093c679bd3c20,"{""distance"":3,""physical_error_rate"":0.0005}","{""detection_events"":72,""detectors_checked"":55296}"
      2048,         0,         0,   0.178,decoder_by_matrix,c8397cb2c46e4683a6f3970bc42cef1aabfef4d80cfcd6b8313e87630b680ee2,"{""distance"":3,""physical_error_rate"":0.0001}","{""detection_events"":54,""detectors_checked"":110592}"
      1024,         0,         0,   0.002,decoder_by_matrix,c8397cb2c46e4683a6f3970bc42cef1aabfef4d80cfcd6b8313e87630b680ee2,"{""distance"":3,""physical_error_rate"":0.0001}","{""detection_events"":3,""detectors_checked"":55296}"
      3072,         0,         0,   0.193,decoder_by_matrix,cd5aa4935a142b600239883e928f6c7fc9fbc8c84161e9ed59cf2551b7ebfc3d,"{""distance"":3,""physical_error_rate"":5e-05}","{""detection_events"":27,""detectors_checked"":165888}"
      1024,         0,         0,   0.001,decoder_by_matrix,cd5aa4935a142b600239883e928f6c7fc9fbc8c84161e9ed59cf2551b7ebfc3d,"{""distance"":3,""physical_error_rate"":5e-05}","{""detectors_checked"":55296}"
      3072,         0,         0,   0.217,decoder_by_matrix,cd5aa4935a142b600239883e928f6c7fc9fbc8c84161e9ed59cf2551b7ebfc3d,"{""distance"":3,""physical_error_rate"":5e-05}","{""detection_events"":15,""detectors_checked"":165888}"
      1024,         0,         0,   0.002,decoder_by_matrix,cd5aa4935a142b600239883e928f6c7fc9fbc8c84161e9ed59cf2551b7ebfc3d,"{""distance"":3,""physical_error_rate"":5e-05}","{""detection_events"":21,""detectors_checked"":55296}"
      3072,         0,         0,   0.218,decoder_by_matrix,cd5aa4935a142b600239883e928f6c7fc9fbc8c84161e9ed59cf2551b7ebfc3d,"{""distance"":3,""physical_error_rate"":5e-05}","{""detection_events"":21,""detectors_checked"":165888}"
      1024,         0,         0,   0.002,decoder_by_matrix,cd5aa4935a142b600239883e928f6c7fc9fbc8c84161e9ed59cf2551b7ebfc3d,"{""distance"":3,""physical_error_rate"":5e-05}","{""detection_events"":18,""detectors_checked"":55296}"
      5120,         0,         0,   0.185,decoder_by_matrix,73784f3389b885bc1b704dac0b44b83e08b79da81bcec9ed749229213445f550,"{""distance"":3,""physical_error_rate"":1e-05}","{""detection_events"":3,""detectors_checked"":276480}"
      1024,         0,         0,   0.001,decoder_by_matrix,73784f3389b885bc1b704dac0b44b83e08b79da81bcec9ed749229213445f550,"{""distance"":3,""physical_error_rate"":1e-05}","{""detectors_checked"":55296}"
      2048,         0,         0,   0.201,decoder_by_matrix,c8397cb2c46e4683a6f3970bc42cef1aabfef4d80cfcd6b8313e87630b680ee2,"{""distance"":3,""physical_error_rate"":0.0001}","{""detection_events"":48,""detectors_checked"":110592}"
      1024,         0,         0,   0.002,decoder_by_matrix,c8397cb2c46e4683a6f3970bc42cef1aabfef4d80cfcd6b8313e87630b680ee2,"{""distance"":3,""physical_error_rate"":0.0001}","{""detection_events"":15,""detectors_checked"":55296}"
      3072,         0,         0,   0.223,decoder_by_matrix,cd5aa4935a142b600239883e928f6c7fc9fbc8c84161e9ed59cf2551b7ebfc3d,"{""distance"":3,""physical_error_rate"":5e-05}","{""detection_events"":9,""detectors_checked"":165888}"
      1024,         0,         0,   0.001,decoder_by_matrix,cd5aa4935a142b600239883e928f6c7fc9fbc8c84161e9ed59cf2551b7ebfc3d,"{""distance"":3,""physical_error_rate"":5e-05}","{""detectors_checked"":55296}"
      2048,        18,         0,   0.197,decoder_by_matrix,c0504c10f5ab777f87672229571c10df6954ae4e739b135e111b80009949f281,"{""distance"":3,""physical_error_rate"":0.01}","{""detection_events"":2331,""detectors_checked"":110592,""obs_mistake_mask=E_E_"":1,""obs_mistake_mask=E___"":2,""obs_mistake_mask=_EEE"":1,""obs_mistake_mask=_EE_"":3,""obs_mistake_mask=_E_E"":1,""obs_mistake_mask=_E__"":2,""obs_mistake_mask=__EE"":2,""obs_mistake_mask=__E_"":6}"
      1024,         5,         0,   0.003,decoder_by_matrix,c0504c10f5ab777f87672229571c10df6954ae4e739b135e111b80009949f281,"{""distance"":3,""physical_error_rate"":0.01}","{""detection_events"":1320,""detectors_checked"":55296,""obs_mistake_mask=E___"":1,""obs_mistake_mask=_EEE"":1,""obs_mistake_mask=_E__"":1,""obs_mistake_mask=__EE"":1,""obs_mistake_mask=__E_"":1}"
      2048,         0,         0,   0.158,decoder_by_matrix,5dee359087c4b9ae2c20477a4d5136d2695095b0438111838e7093c679bd3c20,"{""distance"":3,""physical_error_rate"":0.0005}","{""detection_events"":129,""detectors_checked"":110592}"
      1024,         0,         0,   0.002,decoder_by_matrix,5dee359087c4b9ae2c20477a4d5136d2695095b0438111838e7093c679bd3c20,"{""distance"":3,""physical_error_rate"":0.0005}","{""detection_events"":66,""detectors_checked"":55296}"
      3072,         0,         0,   0.200,decoder_by_matrix,5dee359087c4b9ae2c20477a4d5136d2695095b0438111838e7093c679bd3c20,"{""distance"":3,""physical_error_rate"":0.0005}","{""detection_events"":147,""detectors_checked"":165888}"
      1024,         0,         0,   0.002,decoder_by_matrix,5dee359087c4b9ae2c20477a4d5136d2695095b0438111838e7093c679bd3c20,"{""distance"":3,""physical_error_rate"":0.0005}","{""detection_events"":30,""detectors_checked"":55296}"
      5120,         0,         0,   0.202,decoder_by_matrix,b3c6da8537ae85d54cd5acd57fc4d5a00e23be04de7c70760ac5fa4b0f5f70dc,"{""distance"":3,""physical_error_rate"":1e-06}","{""detectors_checked"":276480}"
      4096,         0,         0,   0.004,decoder_by_matrix,73784f3389b885bc1b704dac0b44b83e08b79da81bcec9ed749229213445f550,"{""distance"":3,""physical_error_rate"":1e-05}","{""detection_events"":6,""detectors_checked"":221184}"
      1024,         0,         0,   0.001,decoder_by_matrix,73784f3389b885bc1b704dac0b44b83e08b79da81bcec9ed749229213445f550,"{""distance"":3,""physical_error_rate"":1e-05}","{""detectors_checked"":55296}"
      1024,         0,         0,   0.001,decoder_by_matrix,b3c6da8537ae85d54cd5acd57fc4d5a00e23be04de7c70760ac5fa4b0f5f70dc,"{""distance"":3,""physical_error_rate"":1e-06}","{""detectors_checked"":55296}"
      2048,         0,         0,   0.196,decoder_by_matrix,5dee359087c4b9ae2c20477a4d5136d2695095b0438111838e7093c679bd3c20,"{""distance"":3,""physical_error_rate"":0.0005}","{""detection_events"":117,""detectors_checked"":110592}"
      1024,         0,         0,   0.002,decoder_by_matrix,5dee359087c4b9ae2c20477a4d5136d2695095b0438111838e7093c679bd3c20,"{""distance"":3,""physical_error_rate"":0.0005}","{""detection_events"":84,""detectors_checked"":55296}"
      2048,         0,         0,   0.170,decoder_by_matrix,e45af4f98fc7ee1c9936a6749fec74122c57b4ab96343d0e01c96593a4531898,"{""distance"":3,""physical_error_rate"":0.001}","{""detection_events"":276,""detectors_checked"":110592}"
      1024,         0,         0,   0.002,decoder_by_matrix,e45af4f98fc7ee1c9936a6749fec74122c57b4ab96343d0e01c96593a4531898,"{""distance"":3,""physical_error_rate"":0.001}","{""detection_events"":138,""detectors_checked"":55296}"
      4096,         0,         0,   0.165,decoder_by_matrix,b3c6da8537ae85d54cd5acd57fc4d5a00e23be04de7c70760ac5fa4b0f5f70dc,"{""distance"":3,""physical_error_rate"":1e-06}","{""detectors_checked"":221184}"
      1024,         0,         0,   0.001,decoder_by_matrix,b3c6da8537ae85d54cd5acd57fc4d5a00e23be04de7c70760ac5fa4b0f5f70dc,"{""distance"":3,""physical_error_rate"":1e-06}","{""detectors_checked"":55296}"
      2048,        11,         0,   0.208,decoder_by_matrix,c0504c10f5ab777f87672229571c10df6954ae4e739b135e111b80009949f281,"{""distance"":3,""physical_error_rate"":0.01}","{""detection_events"":2604,""detectors_checked"":110592,""obs_mistake_mask=_EEE"":2,""obs_mistake_mask=_EE_"":1,""obs_mistake_mask=_E_E"":1,""obs_mistake_mask=_E__"":3,""obs_mistake_mask=__EE"":1,""obs_mistake_mask=___E"":3}"
      1024,        10,         0,   0.003,decoder_by_matrix,c0504c10f5ab777f87672229571c10df6954ae4e739b135e111b80009949f281,"{""distance"":3,""physical_error_rate"":0.01}","{""detection_events"":1266,""detectors_checked"":55296,""obs_mistake_mask=E__E"":1,""obs_mistake_mask=_EEE"":1,""obs_mistake_mask=_E_E"":2,""obs_mistake_mask=_E__"":1,""obs_mistake_mask=__EE"":3,""obs_mistake_mask=__E_"":1,""obs_mistake_mask=___E"":1}"
      5120,         0,         0,   0.100,decoder_by_matrix,b3c6da8537ae85d54cd5acd57fc4d5a00e23be04de7c70760ac5fa4b0f5f70dc,"{""distance"":3,""physical_error_rate"":1e-06}","{""detectors_checked"":276480}"
      1024,         0,         0,   0.001,decoder_by_matrix,b3c6da8537ae85d54cd5acd57fc4d5a00e23be04de7c70760ac5fa4b0f5f70dc,"{""distance"":3,""physical_error_rate"":1e-06}","{""detectors_checked"":55296}"
      5120,         0,         0,   0.095,decoder_by_matrix,1222905ef2c3e0b3841e2be415851bad02a0949e12b9844f6b979980572eaa40,"{""distance"":3,""physical_error_rate"":5e-06}","{""detection_events"":3,""detectors_checked"":276480}"
      1024,         0,         0,   0.001,decoder_by_matrix,1222905ef2c3e0b3841e2be415851bad02a0949e12b9844f6b979980572eaa40,"{""distance"":3,""physical_error_rate"":5e-06}","{""detectors_checked"":55296}"
      1024,         0,         0,   0.090,decoder_by_matrix,e45af4f98fc7ee1c9936a6749fec74122c57b4ab96343d0e01c96593a4531898,"{""distance"":3,""physical_error_rate"":0.001}","{""detection_events"":135,""detectors_checked"":55296}"
      1024,         0,         0,   0.002,decoder_by_matrix,e45af4f98fc7ee1c9936a6749fec74122c57b4ab96343d0e01c96593a4531898,"{""distance"":3,""physical_error_rate"":0.001}","{""detection_events"":138,""detectors_checked"":55296}"
      6144,         0,         0,   0.094,decoder_by_matrix,1222905ef2c3e0b3841e2be415851bad02a0949e12b9844f6b979980572eaa40,"{""distance"":3,""physical_error_rate"":5e-06}","{""detectors_checked"":331776}"
      1024,         0,         0,   0.001,decoder_by_matrix,1222905ef2c3e0b3841e2be415851bad02a0949e12b9844f6b979980572eaa40,"{""distance"":3,""physical_error_rate"":5e-06}","{""detectors_checked"":55296}"
      5392,         0,         0,   0.070,decoder_by_matrix,1222905ef2c3e0b3841e2be415851bad02a0949e12b9844f6b979980572eaa40,"{""distance"":3,""physical_error_rate"":5e-06}","{""detectors_checked"":291168}"
      1024,         0,         0,   0.001,decoder_by_matrix,1222905ef2c3e0b3841e2be415851bad02a0949e12b9844f6b979980572eaa40,"{""distance"":3,""physical_error_rate"":5e-06}","{""detectors_checked"":55296}"
      2048,         2,         0,   0.097,decoder_by_matrix,fe15b11dcb8b3f13c3ba2812b146e413e309c65e07905a09cf6ecd916cf41bda,"{""distance"":3,""physical_error_rate"":0.005}","{""detection_events"":1290,""detectors_checked"":110592,""obs_mistake_mask=_E__"":1,""obs_mistake_mask=__EE"":1}"
      1024,         1,         0,   0.002,decoder_by_matrix,fe15b11dcb8b3f13c3ba2812b146e413e309c65e07905a09cf6ecd916cf41bda,"{""distance"":3,""physical_error_rate"":0.005}","{""detection_events"":603,""detectors_checked"":55296,""obs_mistake_mask=_E_E"":1}"
      4096,         0,         0,   0.164,decoder_by_matrix,73784f3389b885bc1b704dac0b44b83e08b79da81bcec9ed749229213445f550,"{""distance"":3,""physical_error_rate"":1e-05}","{""detection_events"":9,""detectors_checked"":221184}"
      1024,         0,         0,   0.001,decoder_by_matrix,73784f3389b885bc1b704dac0b44b83e08b79da81bcec9ed749229213445f550,"{""distance"":3,""physical_error_rate"":1e-05}","{""detectors_checked"":55296}"
      3072,         0,         0,   0.080,decoder_by_matrix,1222905ef2c3e0b3841e2be415851bad02a0949e12b9844f6b979980572eaa40,"{""distance"":3,""physical_error_rate"":5e-06}","{""detection_events"":9,""detectors_checked"":165888}"
      1024,         0,         0,   0.001,decoder_by_matrix,1222905ef2c3e0b3841e2be415851bad02a0949e12b9844f6b979980572eaa40,"{""distance"":3,""physical_error_rate"":5e-06}","{""detectors_checked"":55296}"
      2048,         0,         0,   0.214,decoder_by_matrix,c8397cb2c46e4683a6f3970bc42cef1aabfef4d80cfcd6b8313e87630b680ee2,"{""distance"":3,""physical_error_rate"":0.0001}","{""detection_events"":51,""detectors_checked"":110592}"
      1024,         0,         0,   0.002,decoder_by_matrix,c8397cb2c46e4683a6f3970bc42cef1aabfef4d80cfcd6b8313e87630b680ee2,"{""distance"":3,""physical_error_rate"":0.0001}","{""detection_events"":9,""detectors_checked"":55296}"
      4096,         0,         0,   0.218,decoder_by_matrix,cd5aa4935a142b600239883e928f6c7fc9fbc8c84161e9ed59cf2551b7ebfc3d,"{""distance"":3,""physical_error_rate"":5e-05}","{""detection_events"":9,""detectors_checked"":221184}"
      1024,         0,         0,   0.001,decoder_by_matrix,cd5aa4935a142b600239883e928f6c7fc9fbc8c84161e9ed59cf2551b7ebfc3d,"{""distance"":3,""physical_error_rate"":5e-05}","{""detectors_checked"":55296}"
         1,         0,         0,   0.299,decoder_by_matrix,b3c6da8537ae85d54cd5acd57fc4d5a00e23be04de7c70760ac5fa4b0f5f70dc,"{""distance"":3,""physical_error_rate"":1e-06}","{""detectors_checked"":54}"
         2,         0,         0,   0.000,decoder_by_matrix,b3c6da8537ae85d54cd5acd57fc4d5a00e23be04de7c70760ac5fa4b0f5f70dc,"{""distance"":3,""physical_error_rate"":1e-06}","{""detectors_checked"":108}"
      2048,         4,         0,   0.214,decoder_by_matrix,fe15b11dcb8b3f13c3ba2812b146e413e309c65e07905a09cf6ecd916cf41bda,"{""distance"":3,""physical_error_rate"":0.005}","{""detection_events"":1143,""detectors_checked"":110592,""obs_mistake_mask=_E_E"":1,""obs_mistake_mask=__E_"":1,""obs_mistake_mask=___E"":2}"
      1024,         1,         0,   0.002,decoder_by_matrix,fe15b11dcb8b3f13c3ba2812b146e413e309c65e07905a09cf6ecd916cf41bda,"{""distance"":3,""physical_error_rate"":0.005}","{""detection_events"":708,""detectors_checked"":55296,""obs_mistake_mask=___E"":1}"
      3072,         0,         0,   0.054,decoder_by_matrix,b3c6da8537ae85d54cd5acd57fc4d5a00e23be04de7c70760ac5fa4b0f5f70dc,"{""distance"":3,""physical_error_rate"":1e-06}","{""detectors_checked"":165888}"
      1024,         0,         0,   0.001,decoder_by_matrix,b3c6da8537ae85d54cd5acd57fc4d5a00e23be04de7c70760ac5fa4b0f5f70dc,"{""distance"":3,""physical_error_rate"":1e-06}","{""detectors_checked"":55296}"
      7168,         0,         0,   0.048,decoder_by_matrix,b3c6da8537ae85d54cd5acd57fc4d5a00e23be04de7c70760ac5fa4b0f5f70dc,"{""distance"":3,""physical_error_rate"":1e-06}","{""detectors_checked"":387072}"
      1024,         0,         0,   0.001,decoder_by_matrix,b3c6da8537ae85d54cd5acd57fc4d5a00e23be04de7c70760ac5fa4b0f5f70dc,"{""distance"":3,""physical_error_rate"":1e-06}","{""detectors_checked"":55296}"
      2048,         0,         0,   0.047,decoder_by_matrix,cd5aa4935a142b600239883e928f6c7fc9fbc8c84161e9ed59cf2551b7ebfc3d,"{""distance"":3,""physical_error_rate"":5e-05}","{""detection_events"":12,""detectors_checked"":110592}"
      1024,         0,         0,   0.002,decoder_by_matrix,cd5aa4935a142b600239883e928f6c7fc9fbc8c84161e9ed59cf2551b7ebfc3d,"{""distance"":3,""physical_error_rate"":5e-05}","{""detection_events"":24,""detectors_checked"":55296}"
      1024,         1,         0,   0.172,decoder_by_matrix,fe15b11dcb8b3f13c3ba2812b146e413e309c65e07905a09cf6ecd916cf41bda,"{""distance"":3,""physical_error_rate"":0.005}","{""detection_events"":552,""detectors_checked"":55296,""obs_mistake_mask=_E_E"":1}"
      1024,         2,         0,   0.002,decoder_by_matrix,fe15b11dcb8b3f13c3ba2812b146e413e309c65e07905a09cf6ecd916cf41bda,"{""distance"":3,""physical_error_rate"":0.005}","{""detection_events"":567,""detectors_checked"":55296,""obs_mistake_mask=__E_"":1,""obs_mistake_mask=___E"":1}"
      2048,         6,         0,   0.176,decoder_by_matrix,fe15b11dcb8b3f13c3ba2812b146e413e309c65e07905a09cf6ecd916cf41bda,"{""distance"":3,""physical_error_rate"":0.005}","{""detection_events"":1284,""detectors_checked"":110592,""obs_mistake_mask=_EEE"":1,""obs_mistake_mask=_EE_"":1,""obs_mistake_mask=__EE"":2,""obs_mistake_mask=__E_"":1,""obs_mistake_mask=___E"":1}"
      1024,         1,         0,   0.002,decoder_by_matrix,fe15b11dcb8b3f13c3ba2812b146e413e309c65e07905a09cf6ecd916cf41bda,"{""distance"":3,""physical_error_rate"":0.005}","{""detection_events"":669,""detectors_checked"":55296,""obs_mistake_mask=___E"":1}"
      3072,         0,         0,   0.191,decoder_by_matrix,5dee359087c4b9ae2c20477a4d5136d2695095b0438111838e7093c679bd3c20,"{""distance"":3,""physical_error_rate"":0.0005}","{""detection_events"":183,""detectors_checked"":165888}"
      1024,         0,         0,   0.002,decoder_by_matrix,5dee359087c4b9ae2c20477a4d5136d2695095b0438111838e7093c679bd3c20,"{""distance"":3,""physical_error_rate"":0.0005}","{""detection_events"":36,""detectors_checked"":55296}"
      3072,         0,         0,   0.184,decoder_by_matrix,c8397cb2c46e4683a6f3970bc42cef1aabfef4d80cfcd6b8313e87630b680ee2,"{""distance"":3,""physical_error_rate"":0.0001}","{""detection_events"":63,""detectors_checked"":165888}"
      1024,         0,         0,   0.002,decoder_by_matrix,c8397cb2c46e4683a6f3970bc42cef1aabfef4d80cfcd6b8313e87630b680ee2,"{""distance"":3,""physical_error_rate"":0.0001}","{""detection_events"":9,""detectors_checked"":55296}"
      6144,         0,         0,   0.004,decoder_by_matrix,1222905ef2c3e0b3841e2be415851bad02a0949e12b9844f6b979980572eaa40,"{""distance"":3,""physical_error_rate"":5e-06}","{""detectors_checked"":331776}"
      1024,         0,         0,   0.001,decoder_by_matrix,1222905ef2c3e0b3841e2be415851bad02a0949e12b9844f6b979980572eaa40,"{""distance"":3,""physical_error_rate"":5e-06}","{""detectors_checked"":55296}"
      1024,         0,         0,   0.099,decoder_by_matrix,e45af4f98fc7ee1c9936a6749fec74122c57b4ab96343d0e01c96593a4531898,"{""distance"":3,""physical_error_rate"":0.001}","{""detection_events"":78,""detectors_checked"":55296}"
      1024,         0,         0,   0.002,decoder_by_matrix,e45af4f98fc7ee1c9936a6749fec74122c57b4ab96343d0e01c96593a4531898,"{""distance"":3,""physical_error_rate"":0.001}","{""detection_events"":108,""detectors_checked"":55296}"
      2048,         0,         0,   0.065,decoder_by_matrix,e45af4f98fc7ee1c9936a6749fec74122c57b4ab96343d0e01c96593a4531898,"{""distance"":3,""physical_error_rate"":0.001}","{""detection_events"":222,""detectors_checked"":110592}"
      1024,         0,         0,   0.002,decoder_by_matrix,e45af4f98fc7ee1c9936a6749fec74122c57b4ab96343d0e01c96593a4531898,"{""distance"":3,""physical_error_rate"":0.001}","{""detection_events"":129,""detectors_checked"":55296}"
         1,         0,         0,   0.025,decoder_by_matrix,c0504c10f5ab777f87672229571c10df6954ae4e739b135e111b80009949f281,"{""distance"":3,""physical_error_rate"":0.01}","{""detectors_checked"":54}"
        16,         0,         0,   0.000,decoder_by_matrix,c0504c10f5ab777f87672229571c10df6954ae4e739b135e111b80009949f281,"{""distance"":3,""physical_error_rate"":0.01}","{""detection_events"":12,""detectors_checked"":864}"
      2048,         0,         0,   0.086,decoder_by_matrix,c8397cb2c46e4683a6f3970bc42cef1aabfef4d80cfcd6b8313e87630b680ee2,"{""distance"":3,""physical_error_rate"":0.0001}","{""detection_events"":39,""detectors_checked"":110592}"
      1024,         0,         0,   0.002,decoder_by_matrix,c8397cb2c46e4683a6f3970bc42cef1aabfef4d80cfcd6b8313e87630b680ee2,"{""distance"":3,""physical_error_rate"":0.0001}","{""detection_events"":9,""detectors_checked"":55296}"
         1,         0,         0,   0.037,decoder_by_matrix,fe15b11dcb8b3f13c3ba2812b146e413e309c65e07905a09cf6ecd916cf41bda,"{""distance"":3,""physical_error_rate"":0.005}","{""detectors_checked"":54}"
        16,         0,         0,   0.000,decoder_by_matrix,fe15b11dcb8b3f13c3ba2812b146e413e309c65e07905a09cf6ecd916cf41bda,"{""distance"":3,""physical_error_rate"":0.005}","{""detection_events"":9,""detectors_checked"":864}"
         1,         0,         0,   0.041,decoder_by_matrix,e45af4f98fc7ee1c9936a6749fec74122c57b4ab96343d0e01c96593a4531898,"{""distance"":3,""physical_error_rate"":0.001}","{""detectors_checked"":54}"
         8,         0,         0,   0.000,decoder_by_matrix,e45af4f98fc7ee1c9936a6749fec74122c57b4ab96343d0e01c96593a4531898,"{""distance"":3,""physical_error_rate"":0.001}","{""detectors_checked"":432}"
      4096,         0,         0,   0.195,decoder_by_matrix,c8397cb2c46e4683a6f3970bc42cef1aabfef4d80cfcd6b8313e87630b680ee2,"{""distance"":3,""physical_error_rate"":0.0001}","{""detection_events"":57,""detectors_checked"":221184}"
      1024,         0,         0,   0.001,decoder_by_matrix,c8397cb2c46e4683a6f3970bc42cef1aabfef4d80cfcd6b8313e87630b680ee2,"{""distance"":3,""physical_error_rate"":0.0001}","{""detectors_checked"":55296}"
      2304,        10,         0,   0.020,decoder_by_matrix,fe15b11dcb8b3f13c3ba2812b146e413e309c65e07905a09cf6ecd916cf41bda,"{""distance"":3,""physical_error_rate"":0.005}","{""detection_events"":1353,""detectors_checked"":124416,""obs_mistake_mask=E___"":1,""obs_mistake_mask=_EEE"":3,""obs_mistake_mask=_E_E"":3,""obs_mistake_mask=_E__"":1,""obs_mistake_mask=__EE"":2}"
      2304,        20,         0,   0.033,decoder_by_matrix,c0504c10f5ab777f87672229571c10df6954ae4e739b135e111b80009949f281,"{""distance"":3,""physical_error_rate"":0.01}","{""detection_events"":2715,""detectors_checked"":124416,""obs_mistake_mask=E_EE"":1,""obs_mistake_mask=E___"":2,""obs_mistake_mask=_EEE"":1,""obs_mistake_mask=_EE_"":4,""obs_mistake_mask=_E_E"":2,""obs_mistake_mask=_E__"":3,""obs_mistake_mask=__EE"":2,""obs_mistake_mask=__E_"":4,""obs_mistake_mask=___E"":1}"
      1024,        11,         0,   0.003,decoder_by_matrix,c0504c10f5ab777f87672229571c10df6954ae4e739b135e111b80009949f281,"{""distance"":3,""physical_error_rate"":0.01}","{""detection_events"":1239,""detectors_checked"":55296,""obs_mistake_mask=E___"":1,""obs_mistake_mask=_EEE"":1,""obs_mistake_mask=_E_E"":1,""obs_mistake_mask=_E__"":2,""obs_mistake_mask=__EE"":3,""obs_mistake_mask=__E_"":3}"
      6144,         1,         0,   0.275,decoder_by_matrix,e45af4f98fc7ee1c9936a6749fec74122c57b4ab96343d0e01c96593a4531898,"{""distance"":3,""physical_error_rate"":0.001}","{""detection_events"":699,""detectors_checked"":331776,""obs_mistake_mask=__E_"":1}"
      3072,         0,         0,   0.221,decoder_by_matrix,5dee359087c4b9ae2c20477a4d5136d2695095b0438111838e7093c679bd3c20,"{""distance"":3,""physical_error_rate"":0.0005}","{""detection_events"":273,""detectors_checked"":165888}"
      1024,         0,         0,   0.002,decoder_by_matrix,5dee359087c4b9ae2c20477a4d5136d2695095b0438111838e7093c679bd3c20,"{""distance"":3,""physical_error_rate"":0.0005}","{""detection_events"":60,""detectors_checked"":55296}"
      5188,         0,         0,   0.213,decoder_by_matrix,73784f3389b885bc1b704dac0b44b83e08b79da81bcec9ed749229213445f550,"{""distance"":3,""physical_error_rate"":1e-05}","{""detection_events"":6,""detectors_checked"":280152}"
      1024,         0,         0,   0.001,decoder_by_matrix,73784f3389b885bc1b704dac0b44b83e08b79da81bcec9ed749229213445f550,"{""distance"":3,""physical_error_rate"":1e-05}","{""detectors_checked"":55296}"
      2048,         6,         0,   0.064,decoder_by_matrix,fe15b11dcb8b3f13c3ba2812b146e413e309c65e07905a09cf6ecd916cf41bda,"{""distance"":3,""physical_error_rate"":0.005}","{""detection_events"":993,""detectors_checked"":110592,""obs_mistake_mask=_EEE"":2,""obs_mistake_mask=_E_E"":1,""obs_mistake_mask=_E__"":1,""obs_mistake_mask=__EE"":1,""obs_mistake_mask=___E"":1}"
      1024,         0,         0,   0.002,decoder_by_matrix,fe15b11dcb8b3f13c3ba2812b146e413e309c65e07905a09cf6ecd916cf41bda,"{""distance"":3,""physical_error_rate"":0.005}","{""detection_events"":540,""detectors_checked"":55296}"
      5120,         0,         0,   0.072,decoder_by_matrix,1222905ef2c3e0b3841e2be415851bad02a0949e12b9844f6b979980572eaa40,"{""distance"":3,""physical_error_rate"":5e-06}","{""detection_events"":6,""detectors_checked"":276480}"
      1024,         0,         0,   0.001,decoder_by_matrix,1222905ef2c3e0b3841e2be415851bad02a0949e12b9844f6b979980572eaa40,"{""distance"":3,""physical_error_rate"":5e-06}","{""detectors_checked"":55296}"
      3072,         6,         0,   0.185,decoder_by_matrix,fe15b11dcb8b3f13c3ba2812b146e413e309c65e07905a09cf6ecd916cf41bda,"{""distance"":3,""physical_error_rate"":0.005}","{""detection_events"":1818,""detectors_checked"":165888,""obs_mistake_mask=_E__"":1,""obs_mistake_mask=__E_"":3,""obs_mistake_mask=___E"":2}"
      1024,         0,         0,   0.002,decoder_by_matrix,fe15b11dcb8b3f13c3ba2812b146e413e309c65e07905a09cf6ecd916cf41bda,"{""distance"":3,""physical_error_rate"":0.005}","{""detection_events"":591,""detectors_checked"":55296}"
      4096,         0,         0,   0.104,decoder_by_matrix,5dee359087c4b9ae2c20477a4d5136d2695095b0438111838e7093c679bd3c20,"{""distance"":3,""physical_error_rate"":0.0005}","{""detection_events"":177,""detectors_checked"":221184}"
      1024,         0,         0,   0.002,decoder_by_matrix,5dee359087c4b9ae2c20477a4d5136d2695095b0438111838e7093c679bd3c20,"{""distance"":3,""physical_error_rate"":0.0005}","{""detection_events"":33,""detectors_checked"":55296}"
         1,         0,         0,   0.057,decoder_by_matrix,c0504c10f5ab777f87672229571c10df6954ae4e739b135e111b80009949f281,"{""distance"":3,""physical_error_rate"":0.01}","{""detectors_checked"":54}"
         8,         0,         0,   0.000,decoder_by_matrix,c0504c10f5ab777f87672229571c10df6954ae4e739b135e111b80009949f281,"{""distance"":3,""physical_error_rate"":0.01}","{""detection_events"":12,""detectors_checked"":432}"
      6144,         1,         0,   0.279,decoder_by_matrix,e45af4f98fc7ee1c9936a6749fec74122c57b4ab96343d0e01c96593a4531898,"{""distance"":3,""physical_error_rate"":0.001}","{""detection_events"":810,""detectors_checked"":331776,""obs_mistake_mask=___E"":1}"
      4096,        23,         0,   0.272,decoder_by_matrix,c0504c10f5ab777f87672229571c10df6954ae4e739b135e111b80009949f281,"{""distance"":3,""physical_error_rate"":0.01}","{""detection_events"":4662,""detectors_checked"":221184,""obs_mistake_mask=_EEE"":5,""obs_mistake_mask=_EE_"":1,""obs_mistake_mask=_E_E"":1,""obs_mistake_mask=_E__"":5,""obs_mistake_mask=__EE"":3,""obs_mistake_mask=__E_"":3,""obs_mistake_mask=___E"":5}"
      1024,        12,         0,   0.003,decoder_by_matrix,c0504c10f5ab777f87672229571c10df6954ae4e739b135e111b80009949f281,"{""distance"":3,""physical_error_rate"":0.01}","{""detection_events"":1251,""detectors_checked"":55296,""obs_mistake_mask=E___"":3,""obs_mistake_mask=_EEE"":1,""obs_mistake_mask=_EE_"":1,""obs_mistake_mask=_E_E"":2,""obs_mistake_mask=_E__"":1,""obs_mistake_mask=__EE"":1,""obs_mistake_mask=__E_"":2,""obs_mistake_mask=___E"":1}"
     17408,         0,         0,   0.312,decoder_by_matrix,73784f3389b885bc1b704dac0b44b83e08b79da81bcec9ed749229213445f550,"{""distance"":3,""physical_error_rate"":1e-05}","{""detection_events"":24,""detectors_checked"":940032}"
      1024,         0,         0,   0.001,decoder_by_matrix,73784f3389b885bc1b704dac0b44b83e08b79da81bcec9ed749229213445f550,"{""distance"":3,""physical_error_rate"":1e-05}","{""detectors_checked"":55296}"
     21504,         0,         0,   0.313,decoder_by_matrix,b3c6da8537ae85d54cd5acd57fc4d5a00e23be04de7c70760ac5fa4b0f5f70dc,"{""distance"":3,""physical_error_rate"":1e-06}","{""detectors_checked"":1161216}"
      1024,         0,         0,   0.001,decoder_by_matrix,b3c6da8537ae85d54cd5acd57fc4d5a00e23be04de7c70760ac5fa4b0f5f70dc,"{""distance"":3,""physical_error_rate"":1e-06}","{""detectors_checked"":55296}"
     18432,         0,         0,   0.161,decoder_by_matrix,73784f3389b885bc1b704dac0b44b83e08b79da81bcec9ed749229213445f550,"{""distance"":3,""physical_error_rate"":1e-05}","{""detection_events"":12,""detectors_checked"":995328}"
      1024,         0,         0,   0.001,decoder_by_matrix,73784f3389b885bc1b704dac0b44b83e08b79da81bcec9ed749229213445f550,"{""distance"":3,""physical_error_rate"":1e-05}","{""detectors_checked"":55296}"
      2048,        16,         0,   0.164,decoder_by_matrix,c0504c10f5ab777f87672229571c10df6954ae4e739b135e111b80009949f281,"{""distance"":3,""physical_error_rate"":0.01}","{""detection_events"":2358,""detectors_checked"":110592,""obs_mistake_mask=E_E_"":1,""obs_mistake_mask=E___"":3,""obs_mistake_mask=_EEE"":4,""obs_mistake_mask=_EE_"":2,""obs_mistake_mask=_E_E"":1,""obs_mistake_mask=__E_"":4,""obs_mistake_mask=___E"":1}"
      1024,         4,         0,   0.003,decoder_by_matrix,c0504c10f5ab777f87672229571c10df6954ae4e739b135e111b80009949f281,"{""distance"":3,""physical_error_rate"":0.01}","{""detection_events"":1269,""detectors_checked"":55296,""obs_mistake_mask=_EEE"":1,""obs_mistake_mask=_E__"":1,""obs_mistake_mask=__EE"":1,""obs_mistake_mask=___E"":1}"
      3072,         0,         0,   0.113,decoder_by_matrix,c8397cb2c46e4683a6f3970bc42cef1aabfef4d80cfcd6b8313e87630b680ee2,"{""distance"":3,""physical_error_rate"":0.0001}","{""detection_events"":21,""detectors_checked"":165888}"
      1024,         0,         0,   0.002,decoder_by_matrix,c8397cb2c46e4683a6f3970bc42cef1aabfef4d80cfcd6b8313e87630b680ee2,"{""distance"":3,""physical_error_rate"":0.0001}","{""detection_events"":6,""detectors_checked"":55296}"
      2048,        17,         0,   0.157,decoder_by_matrix,c0504c10f5ab777f87672229571c10df6954ae4e739b135e111b80009949f281,"{""distance"":3,""physical_error_rate"":0.01}","{""detection_events"":2352,""detectors_checked"":110592,""obs_mistake_mask=E___"":2,""obs_mistake_mask=_EEE"":1,""obs_mistake_mask=_EE_"":2,""obs_mistake_mask=_E__"":3,""obs_mistake_mask=__EE"":3,""obs_mistake_mask=__E_"":1,""obs_mistake_mask=___E"":5}"
      1024,         9,         0,   0.003,decoder_by_matrix,c0504c10f5ab777f87672229571c10df6954ae4e739b135e111b80009949f281,"{""distance"":3,""physical_error_rate"":0.01}","{""detection_events"":1179,""detectors_checked"":55296,""obs_mistake_mask=E___"":1,""obs_mistake_mask=_EEE"":2,""obs_mistake_mask=_E_E"":1,""obs_mistake_mask=_E__"":1,""obs_mistake_mask=__E_"":1,""obs_mistake_mask=___E"":3}"
         1,         0,         0,   0.024,decoder_by_matrix,c8397cb2c46e4683a6f3970bc42cef1aabfef4d80cfcd6b8313e87630b680ee2,"{""distance"":3,""physical_error_rate"":0.0001}","{""detectors_checked"":54}"
        16,         0,         0,   0.000,decoder_by_matrix,c8397cb2c46e4683a6f3970bc42cef1aabfef4d80cfcd6b8313e87630b680ee2,"{""distance"":3,""physical_error_rate"":0.0001}","{""detectors_checked"":864}"
      9216,         0,         0,   0.216,decoder_by_matrix,cd5aa4935a142b600239883e928f6c7fc9fbc8c84161e9ed59cf2551b7ebfc3d,"{""distance"":3,""physical_error_rate"":5e-05}","{""detection_events"":27,""detectors_checked"":497664}"
      1024,         0,         0,   0.002,decoder_by_matrix,cd5aa4935a142b600239883e928f6c7fc9fbc8c84161e9ed59cf2551b7ebfc3d,"{""distance"":3,""physical_error_rate"":5e-05}","{""detection_events"":3,""detectors_checked"":55296}"
      6144,         0,         0,   0.234,decoder_by_matrix,c8397cb2c46e4683a6f3970bc42cef1aabfef4d80cfcd6b8313e87630b680ee2,"{""distance"":3,""physical_error_rate"":0.0001}","{""detection_events"":102,""detectors_checked"":331776}"
      1024,         0,         0,   0.002,decoder_by_matrix,c8397cb2c46e4683a6f3970bc42cef1aabfef4d80cfcd6b8313e87630b680ee2,"{""distance"":3,""physical_error_rate"":0.0001}","{""detection_events"":9,""detectors_checked"":55296}"
      5120,         0,         0,   0.124,decoder_by_matrix,5dee359087c4b9ae2c20477a4d5136d2695095b0438111838e7093c679bd3c20,"{""distance"":3,""physical_error_rate"":0.0005}","{""detection_events"":408,""detectors_checked"":276480}"
      1024,         0,         0,   0.002,decoder_by_matrix,5dee359087c4b9ae2c20477a4d5136d2695095b0438111838e7093c679bd3c20,"{""distance"":3,""physical_error_rate"":0.0005}","{""detection_events"":30,""detectors_checked"":55296}"
     16384,         0,         0,   0.193,decoder_by_matrix,73784f3389b885bc1b704dac0b44b83e08b79da81bcec9ed749229213445f550,"{""distance"":3,""physical_error_rate"":1e-05}","{""detectors_checked"":884736}"
      1024,         0,         0,   0.001,decoder_by_matrix,73784f3389b885bc1b704dac0b44b83e08b79da81bcec9ed749229213445f550,"{""distance"":3,""physical_error_rate"":1e-05}","{""detectors_checked"":55296}"
      7168,         0,         0,   0.223,decoder_by_matrix,cd5aa4935a142b600239883e928f6c7fc9fbc8c84161e9ed59cf2551b7ebfc3d,"{""distance"":3,""physical_error_rate"":5e-05}","{""detection_events"":48,""detectors_checked"":387072}"
      1024,         0,         0,   0.002,decoder_by_matrix,cd5aa4935a142b600239883e928f6c7fc9fbc8c84161e9ed59cf2551b7ebfc3d,"{""distance"":3,""physical_error_rate"":5e-05}","{""detection_events"":6,""detectors_checked"":55296}"
      7168,         0,         0,   0.151,decoder_by_matrix,73784f3389b885bc1b704dac0b44b83e08b79da81bcec9ed749229213445f550,"{""distance"":3,""physical_error_rate"":1e-05}","{""detectors_checked"":387072}"
      1024,         0,         0,   0.001,decoder_by_matrix,73784f3389b885bc1b704dac0b44b83e08b79da81bcec9ed749229213445f550,"{""distance"":3,""physical_error_rate"":1e-05}","{""detectors_checked"":55296}"
      5664,         0,         0,   0.022,decoder_by_matrix,b3c6da8537ae85d54cd5acd57fc4d5a00e23be04de7c70760ac5fa4b0f5f70dc,"{""distance"":3,""physical_error_rate"":1e-06}","{""detectors_checked"":305856}"
      1024,         0,         0,   0.001,decoder_by_matrix,b3c6da8537ae85d54cd5acd57fc4d5a00e23be04de7c70760ac5fa4b0f5f70dc,"{""distance"":3,""physical_error_rate"":1e-06}","{""detectors_checked"":55296}"
      3072,         0,         0,   0.132,decoder_by_matrix,cd5aa4935a142b600239883e928f6c7fc9fbc8c84161e9ed59cf2551b7ebfc3d,"{""distance"":3,""physical_error_rate"":5e-05}","{""detection_events"":21,""detectors_checked"":165888}"
      1024,         0,         0,   0.002,decoder_by_matrix,cd5aa4935a142b600239883e928f6c7fc9fbc8c84161e9ed59cf2551b7ebfc3d,"{""distance"":3,""physical_error_rate"":5e-05}","{""detection_events"":9,""detectors_checked"":55296}"
      4096,         0,         0,   0.036,decoder_by_matrix,1222905ef2c3e0b3841e2be415851bad02a0949e12b9844f6b979980572eaa40,"{""distance"":3,""physical_error_rate"":5e-06}","{""detectors_checked"":221184}"
      1024,         0,         0,   0.001,decoder_by_matrix,1222905ef2c3e0b3841e2be415851bad02a0949e12b9844f6b979980572eaa40,"{""distance"":3,""physical_error_rate"":5e-06}","{""detectors_checked"":55296}"
      4096,        27,         0,   0.233,decoder_by_matrix,c0504c10f5ab777f87672229571c10df6954ae4e739b135e111b80009949f281,"{""distance"":3,""physical_error_rate"":0.01}","{""detection_events"":4824,""detectors_checked"":221184,""obs_mistake_mask=E__E"":1,""obs_mistake_mask=E___"":4,""obs_mistake_mask=_EEE"":3,""obs_mistake_mask=_EE_"":3,""obs_mistake_mask=_E_E"":2,""obs_mistake_mask=_E__"":5,""obs_mistake_mask=__EE"":2,""obs_mistake_mask=__E_"":2,""obs_mistake_mask=___E"":5}"
      1024,         7,         0,   0.003,decoder_by_matrix,c0504c10f5ab777f87672229571c10df6954ae4e739b135e111b80009949f281,"{""distance"":3,""physical_error_rate"":0.01}","{""detection_events"":1245,""detectors_checked"":55296,""obs_mistake_mask=_EEE"":1,""obs_mistake_mask=_EE_"":1,""obs_mistake_mask=_E_E"":1,""obs_mistake_mask=_E__"":1,""obs_mistake_mask=___E"":3}"
      1024,         0,         0,   0.002,decoder_by_matrix,e45af4f98fc7ee1c9936a6749fec74122c57b4ab96343d0e01c96593a4531898,"{""distance"":3,""physical_error_rate"":0.001}","{""detection_events"":102,""detectors_checked"":55296}"
      1024,         0,         0,   0.002,decoder_by_matrix,e45af4f98fc7ee1c9936a6749fec74122c57b4ab96343d0e01c96593a4531898,"{""distance"":3,""physical_error_rate"":0.001}","{""detection_events"":132,""detectors_checked"":55296}"
      6144,         0,         0,   0.180,decoder_by_matrix,c8397cb2c46e4683a6f3970bc42cef1aabfef4d80cfcd6b8313e87630b680ee2,"{""distance"":3,""physical_error_rate"":0.0001}","{""detection_events"":129,""detectors_checked"":331776}"
      1024,         0,         0,   0.002,decoder_by_matrix,c8397cb2c46e4683a6f3970bc42cef1aabfef4d80cfcd6b8313e87630b680ee2,"{""distance"":3,""physical_error_rate"":0.0001}","{""detection_events"":15,""detectors_checked"":55296}"
      6144,         0,         0,   0.184,decoder_by_matrix,5dee359087c4b9ae2c20477a4d5136d2695095b0438111838e7093c679bd3c20,"{""distance"":3,""physical_error_rate"":0.0005}","{""detection_events"":378,""detectors_checked"":331776}"
      1024,         0,         0,   0.002,decoder_by_matrix,5dee359087c4b9ae2c20477a4d5136d2695095b0438111838e7093c679bd3c20,"{""distance"":3,""physical_error_rate"":0.0005}","{""detection_events"":75,""detectors_checked"":55296}"
     21504,         0,         0,   0.383,decoder_by_matrix,1222905ef2c3e0b3841e2be415851bad02a0949e12b9844f6b979980572eaa40,"{""distance"":3,""physical_error_rate"":5e-06}","{""detection_events"":21,""detectors_checked"":1161216}"
     22528,         0,         0,   0.301,decoder_by_matrix,b3c6da8537ae85d54cd5acd57fc4d5a00e23be04de7c70760ac5fa4b0f5f70dc,"{""distance"":3,""physical_error_rate"":1e-06}","{""detection_events"":6,""detectors_checked"":1216512}"
      1024,         0,         0,   0.001,decoder_by_matrix,b3c6da8537ae85d54cd5acd57fc4d5a00e23be04de7c70760ac5fa4b0f5f70dc,"{""distance"":3,""physical_error_rate"":1e-06}","{""detectors_checked"":55296}"
         1,         0,         0,   0.072,decoder_by_matrix,1222905ef2c3e0b3841e2be415851bad02a0949e12b9844f6b979980572eaa40,"{""distance"":3,""physical_error_rate"":5e-06}","{""detectors_checked"":54}"
         8,         0,         0,   0.000,decoder_by_matrix,1222905ef2c3e0b3841e2be415851bad02a0949e12b9844f6b979980572eaa40,"{""distance"":3,""physical_error_rate"":5e-06}","{""detectors_checked"":432}"
         1,         0,         0,   0.096,decoder_by_matrix,73784f3389b885bc1b704dac0b44b83e08b79da81bcec9ed749229213445f550,"{""distance"":3,""physical_error_rate"":1e-05}","{""detectors_checked"":54}"
         4,         0,         0,   0.000,decoder_by_matrix,73784f3389b885bc1b704dac0b44b83e08b79da81bcec9ed749229213445f550,"{""distance"":3,""physical_error_rate"":1e-05}","{""detectors_checked"":216}"
         1,         0,         0,   0.091,decoder_by_matrix,cd5aa4935a142b600239883e928f6c7fc9fbc8c84161e9ed59cf2551b7ebfc3d,"{""distance"":3,""physical_error_rate"":5e-05}","{""detectors_checked"":54}"
         4,         0,         0,   0.000,decoder_by_matrix,cd5aa4935a142b600239883e928f6c7fc9fbc8c84161e9ed59cf2551b7ebfc3d,"{""distance"":3,""physical_error_rate"":5e-05}","{""detectors_checked"":216}"
      6144,         0,         0,   0.289,decoder_by_matrix,5dee359087c4b9ae2c20477a4d5136d2695095b0438111838e7093c679bd3c20,"{""distance"":3,""physical_error_rate"":0.0005}","{""detection_events"":273,""detectors_checked"":331776}"
      1024,         0,         0,   0.002,decoder_by_matrix,5dee359087c4b9ae2c20477a4d5136d2695095b0438111838e7093c679bd3c20,"{""distance"":3,""physical_error_rate"":0.0005}","{""detection_events"":108,""detectors_checked"":55296}"
     19456,         0,         0,   0.279,decoder_by_matrix,b3c6da8537ae85d54cd5acd57fc4d5a00e23be04de7c70760ac5fa4b0f5f70dc,"{""distance"":3,""physical_error_rate"":1e-06}","{""detectors_checked"":1050624}"
      1024,         0,         0,   0.001,decoder_by_matrix,b3c6da8537ae85d54cd5acd57fc4d5a00e23be04de7c70760ac5fa4b0f5f70dc,"{""distance"":3,""physical_error_rate"":1e-06}","{""detectors_checked"":55296}"
     18432,         0,         0,   0.271,decoder_by_matrix,b3c6da8537ae85d54cd5acd57fc4d5a00e23be04de7c70760ac5fa4b0f5f70dc,"{""distance"":3,""physical_error_rate"":1e-06}","{""detectors_checked"":995328}"
      1024,         0,         0,   0.001,decoder_by_matrix,b3c6da8537ae85d54cd5acd57fc4d5a00e23be04de7c70760ac5fa4b0f5f70dc,"{""distance"":3,""physical_error_rate"":1e-06}","{""detectors_checked"":55296}"
      7168,         1,         0,   0.304,decoder_by_matrix,5dee359087c4b9ae2c20477a4d5136d2695095b0438111838e7093c679bd3c20,"{""distance"":3,""physical_error_rate"":0.0005}","{""detection_events"":420,""detectors_checked"":387072,""obs_mistake_mask=__E_"":1}"
      1024,         0,         0,   0.002,decoder_by_matrix,5dee359087c4b9ae2c20477a4d5136d2695095b0438111838e7093c679bd3c20,"{""distance"":3,""physical_error_rate"":0.0005}","{""detection_events"":60,""detectors_checked"":55296}"
      6144,         1,         0,   0.271,decoder_by_matrix,e45af4f98fc7ee1c9936a6749fec74122c57b4ab96343d0e01c96593a4531898,"{""distance"":3,""physical_error_rate"":0.001}","{""detection_events"":657,""detectors_checked"":331776,""obs_mistake_mask=_E__"":1}"
      1024,         0,         0,   0.002,decoder_by_matrix,e45af4f98fc7ee1c9936a6749fec74122c57b4ab96343d0e01c96593a4531898,"{""distance"":3,""physical_error_rate"":0.001}","{""detection_events"":99,""detectors_checked"":55296}"
     17408,         0,         0,   0.217,decoder_by_matrix,1222905ef2c3e0b3841e2be415851bad02a0949e12b9844f6b979980572eaa40,"{""distance"":3,""physical_error_rate"":5e-06}","{""detection_events"":6,""detectors_checked"":940032}"
      1024,         0,         0,   0.002,decoder_by_matrix,1222905ef2c3e0b3841e2be415851bad02a0949e12b9844f6b979980572eaa40,"{""distance"":3,""physical_error_rate"":5e-06}","{""detection_events"":6,""detectors_checked"":55296}"
      5120,         8,         0,   0.151,decoder_by_matrix,fe15b11dcb8b3f13c3ba2812b146e413e309c65e07905a09cf6ecd916cf41bda,"{""distance"":3,""physical_error_rate"":0.005}","{""detection_events"":3117,""detectors_checked"":276480,""obs_mistake_mask=_EE_"":3,""obs_mistake_mask=_E_E"":1,""obs_mistake_mask=__E_"":4}"
      1024,         0,         0,   0.002,decoder_by_matrix,fe15b11dcb8b3f13c3ba2812b146e413e309c65e07905a09cf6ecd916cf41bda,"{""distance"":3,""physical_error_rate"":0.005}","{""detection_events"":633,""detectors_checked"":55296}"
      4096,        28,         0,   0.252,decoder_by_matrix,c0504c10f5ab777f87672229571c10df6954ae4e739b135e111b80009949f281,"{""distance"":3,""physical_error_rate"":0.01}","{""detection_events"":4776,""detectors_checked"":221184,""obs_mistake_mask=E___"":4,""obs_mistake_mask=_EEE"":4,""obs_mistake_mask=_EE_"":4,""obs_mistake_mask=_E_E"":4,""obs_mistake_mask=_E__"":6,""obs_mistake_mask=__EE"":1,""obs_mistake_mask=__E_"":3,""obs_mistake_mask=___E"":2}"
      1024,         7,         0,   0.003,decoder_by_matrix,c0504c10f5ab777f87672229571c10df6954ae4e739b135e111b80009949f281,"{""distance"":3,""physical_error_rate"":0.01}","{""detection_events"":1143,""detectors_checked"":55296,""obs_mistake_mask=_E_E"":1,""obs_mistake_mask=_E__"":1,""obs_mistake_mask=__E_"":4,""obs_mistake_mask=___E"":1}"
      8192,         0,         0,   0.251,decoder_by_matrix,cd5aa4935a142b600239883e928f6c7fc9fbc8c84161e9ed59cf2551b7ebfc3d,"{""distance"":3,""physical_error_rate"":5e-05}","{""detection_events"":60,""detectors_checked"":442368}"
      1024,         0,         0,   0.002,decoder_by_matrix,cd5aa4935a142b600239883e928f6c7fc9fbc8c84161e9ed59cf2551b7ebfc3d,"{""distance"":3,""physical_error_rate"":5e-05}","{""detection_events"":12,""detectors_checked"":55296}"
      2048,         0,         0,   0.161,decoder_by_matrix,e45af4f98fc7ee1c9936a6749fec74122c57b4ab96343d0e01c96593a4531898,"{""distance"":3,""physical_error_rate"":0.001}","{""detection_events"":216,""detectors_checked"":110592}"
      1024,         1,         0,   0.002,decoder_by_matrix,e45af4f98fc7ee1c9936a6749fec74122c57b4ab96343d0e01c96593a4531898,"{""distance"":3,""physical_error_rate"":0.001}","{""detection_events"":102,""detectors_checked"":55296,""obs_mistake_mask=_E__"":1}"
      5248,         1,         0,   0.051,decoder_by_matrix,e45af4f98fc7ee1c9936a6749fec74122c57b4ab96343d0e01c96593a4531898,"{""distance"":3,""physical_error_rate"":0.001}","{""detection_events"":630,""detectors_checked"":283392,""obs_mistake_mask=___E"":1}"
      1024,         0,         0,   0.002,decoder_by_matrix,e45af4f98fc7ee1c9936a6749fec74122c57b4ab96343d0e01c96593a4531898,"{""distance"":3,""physical_error_rate"":0.001}","{""detection_events"":96,""detectors_checked"":55296}"
      1024,         1,         0,   0.002,decoder_by_matrix,e45af4f98fc7ee1c9936a6749fec74122c57b4ab96343d0e01c96593a4531898,"{""distance"":3,""physical_error_rate"":0.001}","{""detection_events"":174,""detectors_checked"":55296,""obs_mistake_mask=___E"":1}"
      6144,         2,         0,   0.163,decoder_by_matrix,e45af4f98fc7ee1c9936a6749fec74122c57b4ab96343d0e01c96593a4531898,"{""distance"":3,""physical_error_rate"":0.001}","{""detection_events"":651,""detectors_checked"":331776,""obs_mistake_mask=_EEE"":1,""obs_mistake_mask=_E_E"":1}"
      1024,         0,         0,   0.002,decoder_by_matrix,e45af4f98fc7ee1c9936a6749fec74122c57b4ab96343d0e01c96593a4531898,"{""distance"":3,""physical_error_rate"":0.001}","{""detection_events"":129,""detectors_checked"":55296}"
      5120,         7,         0,   0.187,decoder_by_matrix,fe15b11dcb8b3f13c3ba2812b146e413e309c65e07905a09cf6ecd916cf41bda,"{""distance"":3,""physical_error_rate"":0.005}","{""detection_events"":3141,""detectors_checked"":276480,""obs_mistake_mask=_EEE"":1,""obs_mistake_mask=_E__"":1,""obs_mistake_mask=__E_"":2,""obs_mistake_mask=___E"":3}"
      1024,         0,         0,   0.002,decoder_by_matrix,fe15b11dcb8b3f13c3ba2812b146e413e309c65e07905a09cf6ecd916cf41bda,"{""distance"":3,""physical_error_rate"":0.005}","{""detection_events"":618,""detectors_checked"":55296}"
     10240,         0,         0,   0.055,decoder_by_matrix,b3c6da8537ae85d54cd5acd57fc4d5a00e23be04de7c70760ac5fa4b0f5f70dc,"{""distance"":3,""physical_error_rate"":1e-06}","{""detection_events"":12,""detectors_checked"":552960}"
      1024,         0,         0,   0.001,decoder_by_matrix,b3c6da8537ae85d54cd5acd57fc4d5a00e23be04de7c70760ac5fa4b0f5f70dc,"{""distance"":3,""physical_error_rate"":1e-06}","{""detectors_checked"":55296}"
      7168,         0,         0,   0.203,decoder_by_matrix,c8397cb2c46e4683a6f3970bc42cef1aabfef4d80cfcd6b8313e87630b680ee2,"{""distance"":3,""physical_error_rate"":0.0001}","{""detection_events"":78,""detectors_checked"":387072}"
      1024,         0,         0,   0.002,decoder_by_matrix,c8397cb2c46e4683a6f3970bc42cef1aabfef4d80cfcd6b8313e87630b680ee2,"{""distance"":3,""physical_error_rate"":0.0001}","{""detection_events"":21,""detectors_checked"":55296}"
      6144,         0,         0,   0.272,decoder_by_matrix,5dee359087c4b9ae2c20477a4d5136d2695095b0438111838e7093c679bd3c20,"{""distance"":3,""physical_error_rate"":0.0005}","{""detection_events"":264,""detectors_checked"":331776}"
      1024,         0,         0,   0.002,decoder_by_matrix,5dee359087c4b9ae2c20477a4d5136d2695095b0438111838e7093c679bd3c20,"{""distance"":3,""physical_error_rate"":0.0005}","{""detection_events"":42,""detectors_checked"":55296}"
     17408,         0,         0,   0.061,decoder_by_matrix,1222905ef2c3e0b3841e2be415851bad02a0949e12b9844f6b979980572eaa40,"{""distance"":3,""physical_error_rate"":5e-06}","{""detection_events"":9,""detectors_checked"":940032}"
      1024,         0,         0,   0.001,decoder_by_matrix,1222905ef2c3e0b3841e2be415851bad02a0949e12b9844f6b979980572eaa40,"{""distance"":3,""physical_error_rate"":5e-06}","{""detectors_checked"":55296}"
     13312,         0,         0,   0.162,decoder_by_matrix,73784f3389b885bc1b704dac0b44b83e08b79da81bcec9ed749229213445f550,"{""distance"":3,""physical_error_rate"":1e-05}","{""detection_events"":18,""detectors_checked"":718848}"
      1024,         0,         0,   0.001,decoder_by_matrix,73784f3389b885bc1b704dac0b44b83e08b79da81bcec9ed749229213445f550,"{""distance"":3,""physical_error_rate"":1e-05}","{""detectors_checked"":55296}"
      5120,        38,         0,   0.264,decoder_by_matrix,c0504c10f5ab777f87672229571c10df6954ae4e739b135e111b80009949f281,"{""distance"":3,""physical_error_rate"":0.01}","{""detection_events"":5748,""detectors_checked"":276480,""obs_mistake_mask=E___"":3,""obs_mistake_mask=_EEE"":3,""obs_mistake_mask=_EE_"":2,""obs_mistake_mask=_E_E"":7,""obs_mistake_mask=_E__"":5,""obs_mistake_mask=__EE"":6,""obs_mistake_mask=__E_"":8,""obs_mistake_mask=___E"":4}"
      1024,         9,         0,   0.003,decoder_by_matrix,c0504c10f5ab777f87672229571c10df6954ae4e739b135e111b80009949f281,"{""distance"":3,""physical_error_rate"":0.01}","{""detection_events"":1206,""detectors_checked"":55296,""obs_mistake_mask=E___"":1,""obs_mistake_mask=_EEE"":1,""obs_mistake_mask=_EE_"":1,""obs_mistake_mask=_E__"":2,""obs_mistake_mask=__E_"":1,""obs_mistake_mask=___E"":3}"
      5120,        48,         0,   0.207,decoder_by_matrix,c0504c10f5ab777f87672229571c10df6954ae4e739b135e111b80009949f281,"{""distance"":3,""physical_error_rate"":0.01}","{""detection_events"":6123,""detectors_checked"":276480,""obs_mistake_mask=EE__"":1,""obs_mistake_mask=E_E_"":3,""obs_mistake_mask=E___"":4,""obs_mistake_mask=_EEE"":2,""obs_mistake_mask=_EE_"":5,""obs_mistake_mask=_E__"":7,""obs_mistake_mask=__EE"":8,""obs_mistake_mask=__E_"":8,""obs_mistake_mask=___E"":10}"
      1024,         9,         0,   0.002,decoder_by_matrix,c0504c10f5ab777f87672229571c10df6954ae4e739b135e111b80009949f281,"{""distance"":3,""physical_error_rate"":0.01}","{""detection_events"":1098,""detectors_checked"":55296,""obs_mistake_mask=EEE_"":1,""obs_mistake_mask=E__E"":1,""obs_mistake_mask=_EE_"":2,""obs_mistake_mask=_E_E"":1,""obs_mistake_mask=_E__"":1,""obs_mistake_mask=__E_"":2,""obs_mistake_mask=___E"":1}"
     11264,         0,         0,   0.216,decoder_by_matrix,cd5aa4935a142b600239883e928f6c7fc9fbc8c84161e9ed59cf2551b7ebfc3d,"{""distance"":3,""physical_error_rate"":5e-05}","{""detection_events"":69,""detectors_checked"":608256}"
      1024,         0,         0,   0.002,decoder_by_matrix,cd5aa4935a142b600239883e928f6c7fc9fbc8c84161e9ed59cf2551b7ebfc3d,"{""distance"":3,""physical_error_rate"":5e-05}","{""detection_events"":3,""detectors_checked"":55296}"
      9216,         1,         0,   0.210,decoder_by_matrix,5dee359087c4b9ae2c20477a4d5136d2695095b0438111838e7093c679bd3c20,"{""distance"":3,""physical_error_rate"":0.0005}","{""detection_events"":525,""detectors_checked"":497664,""obs_mistake_mask=_E__"":1}"
      1024,         0,         0,   0.002,decoder_by_matrix,5dee359087c4b9ae2c20477a4d5136d2695095b0438111838e7093c679bd3c20,"{""distance"":3,""physical_error_rate"":0.0005}","{""detection_events"":63,""detectors_checked"":55296}"
     26624,         0,         0,   0.312,decoder_by_matrix,b3c6da8537ae85d54cd5acd57fc4d5a00e23be04de7c70760ac5fa4b0f5f70dc,"{""distance"":3,""physical_error_rate"":1e-06}","{""detectors_checked"":1437696}"
      1024,         0,         0,   0.001,decoder_by_matrix,b3c6da8537ae85d54cd5acd57fc4d5a00e23be04de7c70760ac5fa4b0f5f70dc,"{""distance"":3,""physical_error_rate"":1e-06}","{""detectors_checked"":55296}"
     23552,         0,         0,   0.189,decoder_by_matrix,1222905ef2c3e0b3841e2be415851bad02a0949e12b9844f6b979980572eaa40,"{""distance"":3,""physical_error_rate"":5e-06}","{""detection_events"":12,""detectors_checked"":1271808}"
      1024,         0,         0,   0.001,decoder_by_matrix,1222905ef2c3e0b3841e2be415851bad02a0949e12b9844f6b979980572eaa40,"{""distance"":3,""physical_error_rate"":5e-06}","{""detectors_checked"":55296}"
      7168,         0,         0,   0.032,decoder_by_matrix,1222905ef2c3e0b3841e2be415851bad02a0949e12b9844f6b979980572eaa40,"{""distance"":3,""physical_error_rate"":5e-06}","{""detectors_checked"":387072}"
     10240,         1,         0,   0.167,decoder_by_matrix,e45af4f98fc7ee1c9936a6749fec74122c57b4ab96343d0e01c96593a4531898,"{""distance"":3,""physical_error_rate"":0.001}","{""detection_events"":1209,""detectors_checked"":552960,""obs_mistake_mask=_E__"":1}"
      1024,         0,         0,   0.002,decoder_by_matrix,e45af4f98fc7ee1c9936a6749fec74122c57b4ab96343d0e01c96593a4531898,"{""distance"":3,""physical_error_rate"":0.001}","{""detection_events"":177,""detectors_checked"":55296}"
      8320,         0,         0,   0.039,decoder_by_matrix,1222905ef2c3e0b3841e2be415851bad02a0949e12b9844f6b979980572eaa40,"{""distance"":3,""physical_error_rate"":5e-06}","{""detection_events"":6,""detectors_checked"":449280}"
      1024,         0,         0,   0.001,decoder_by_matrix,1222905ef2c3e0b3841e2be415851bad02a0949e12b9844f6b979980572eaa40,"{""distance"":3,""physical_error_rate"":5e-06}","{""detectors_checked"":55296}"
      9280,         0,         0,   0.044,decoder_by_matrix,73784f3389b885bc1b704dac0b44b83e08b79da81bcec9ed749229213445f550,"{""distance"":3,""physical_error_rate"":1e-05}","{""detection_events"":15,""detectors_checked"":501120}"
      1024,         0,         0,   0.001,decoder_by_matrix,73784f3389b885bc1b704dac0b44b83e08b79da81bcec9ed749229213445f550,"{""distance"":3,""physical_error_rate"":1e-05}","{""detectors_checked"":55296}"
      1024,         0,         0,   0.009,decoder_by_matrix,e45af4f98fc7ee1c9936a6749fec74122c57b4ab96343d0e01c96593a4531898,"{""distance"":3,""physical_error_rate"":0.001}","{""detection_events"":111,""detectors_checked"":55296}"
      1024,         0,         0,   0.002,decoder_by_matrix,e45af4f98fc7ee1c9936a6749fec74122c57b4ab96343d0e01c96593a4531898,"{""distance"":3,""physical_error_rate"":0.001}","{""detection_events"":96,""detectors_checked"":55296}"
      5184,         0,         0,   0.026,decoder_by_matrix,cd5aa4935a142b600239883e928f6c7fc9fbc8c84161e9ed59cf2551b7ebfc3d,"{""distance"":3,""physical_error_rate"":5e-05}","{""detection_events"":3,""detectors_checked"":279936}"
      1024,         0,         0,   0.001,decoder_by_matrix,cd5aa4935a142b600239883e928f6c7fc9fbc8c84161e9ed59cf2551b7ebfc3d,"{""distance"":3,""physical_error_rate"":5e-05}","{""detectors_checked"":55296}"
      7168,        54,         0,   0.302,decoder_by_matrix,c0504c10f5ab777f87672229571c10df6954ae4e739b135e111b80009949f281,"{""distance"":3,""physical_error_rate"":0.01}","{""detection_events"":8316,""detectors_checked"":387072,""obs_mistake_mask=E___"":6,""obs_mistake_mask=_EEE"":5,""obs_mistake_mask=_EE_"":2,""obs_mistake_mask=_E_E"":9,""obs_mistake_mask=_E__"":5,""obs_mistake_mask=__EE"":8,""obs_mistake_mask=__E_"":10,""obs_mistake_mask=___E"":9}"
      1024,         6,         0,   0.002,decoder_by_matrix,c0504c10f5ab777f87672229571c10df6954ae4e739b135e111b80009949f281,"{""distance"":3,""physical_error_rate"":0.01}","{""detection_events"":1119,""detectors_checked"":55296,""obs_mistake_mask=E___"":1,""obs_mistake_mask=_E__"":3,""obs_mistake_mask=___E"":2}"
     12288,         0,         0,   0.323,decoder_by_matrix,cd5aa4935a142b600239883e928f6c7fc9fbc8c84161e9ed59cf2551b7ebfc3d,"{""distance"":3,""physical_error_rate"":5e-05}","{""detection_events"":129,""detectors_checked"":663552}"
      1024,         0,         0,   0.002,decoder_by_matrix,cd5aa4935a142b600239883e928f6c7fc9fbc8c84161e9ed59cf2551b7ebfc3d,"{""distance"":3,""physical_error_rate"":5e-05}","{""detection_events"":9,""detectors_checked"":55296}"
     21504,         0,         0,   0.394,decoder_by_matrix,73784f3389b885bc1b704dac0b44b83e08b79da81bcec9ed749229213445f550,"{""distance"":3,""physical_error_rate"":1e-05}","{""detection_events"":39,""detectors_checked"":1161216}"
      1024,         0,         0,   0.001,decoder_by_matrix,73784f3389b885bc1b704dac0b44b83e08b79da81bcec9ed749229213445f550,"{""distance"":3,""physical_error_rate"":1e-05}","{""detectors_checked"":55296}"
     22528,         0,         0,   0.322,decoder_by_matrix,73784f3389b885bc1b704dac0b44b83e08b79da81bcec9ed749229213445f550,"{""distance"":3,""physical_error_rate"":1e-05}","{""detection_events"":48,""detectors_checked"":1216512}"
      1024,         0,         0,   0.001,decoder_by_matrix,73784f3389b885bc1b704dac0b44b83e08b79da81bcec9ed749229213445f550,"{""distance"":3,""physical_error_rate"":1e-05}","{""detectors_checked"":55296}"
     14336,         0,         0,   0.315,decoder_by_matrix,cd5aa4935a142b600239883e928f6c7fc9fbc8c84161e9ed59cf2551b7ebfc3d,"{""distance"":3,""physical_error_rate"":5e-05}","{""detection_events"":96,""detectors_checked"":774144}"
      1024,         0,         0,   0.001,decoder_by_matrix,cd5aa4935a142b600239883e928f6c7fc9fbc8c84161e9ed59cf2551b7ebfc3d,"{""distance"":3,""physical_error_rate"":5e-05}","{""detectors_checked"":55296}"
     10240,         0,         0,   0.043,decoder_by_matrix,73784f3389b885bc1b704dac0b44b83e08b79da81bcec9ed749229213445f550,"{""distance"":3,""physical_error_rate"":1e-05}","{""detection_events"":24,""detectors_checked"":552960}"
      1024,         0,         0,   0.001,decoder_by_matrix,73784f3389b885bc1b704dac0b44b83e08b79da81bcec9ed749229213445f550,"{""distance"":3,""physical_error_rate"":1e-05}","{""detectors_checked"":55296}"
         1,         0,         0,   0.009,decoder_by_matrix,5dee359087c4b9ae2c20477a4d5136d2695095b0438111838e7093c679bd3c20,"{""distance"":3,""physical_error_rate"":0.0005}","{""detectors_checked"":54}"
        16,         0,         0,   0.000,decoder_by_matrix,5dee359087c4b9ae2c20477a4d5136d2695095b0438111838e7093c679bd3c20,"{""distance"":3,""physical_error_rate"":0.0005}","{""detectors_checked"":864}"
     11264,         0,         0,   0.402,decoder_by_matrix,5dee359087c4b9ae2c20477a4d5136d2695095b0438111838e7093c679bd3c20,"{""distance"":3,""physical_error_rate"":0.0005}","{""detection_events"":555,""detectors_checked"":608256}"
      1024,         0,         0,   0.002,decoder_by_matrix,5dee359087c4b9ae2c20477a4d5136d2695095b0438111838e7093c679bd3c20,"{""distance"":3,""physical_error_rate"":0.0005}","{""detection_events"":57,""detectors_checked"":55296}"
     11264,         0,         0,   0.465,decoder_by_matrix,c8397cb2c46e4683a6f3970bc42cef1aabfef4d80cfcd6b8313e87630b680ee2,"{""distance"":3,""physical_error_rate"":0.0001}","{""detection_events"":171,""detectors_checked"":608256}"
      1024,         0,         0,   0.002,decoder_by_matrix,c8397cb2c46e4683a6f3970bc42cef1aabfef4d80cfcd6b8313e87630b680ee2,"{""distance"":3,""physical_error_rate"":0.0001}","{""detection_events"":3,""detectors_checked"":55296}"
      9216,        18,         0,   0.396,decoder_by_matrix,fe15b11dcb8b3f13c3ba2812b146e413e309c65e07905a09cf6ecd916cf41bda,"{""distance"":3,""physical_error_rate"":0.005}","{""detection_events"":5445,""detectors_checked"":497664,""obs_mistake_mask=E___"":2,""obs_mistake_mask=_EEE"":2,""obs_mistake_mask=_E_E"":3,""obs_mistake_mask=_E__"":2,""obs_mistake_mask=__EE"":3,""obs_mistake_mask=__E_"":3,""obs_mistake_mask=___E"":3}"
      1024,         1,         0,   0.002,decoder_by_matrix,fe15b11dcb8b3f13c3ba2812b146e413e309c65e07905a09cf6ecd916cf41bda,"{""distance"":3,""physical_error_rate"":0.005}","{""detection_events"":420,""detectors_checked"":55296,""obs_mistake_mask=_EEE"":1}"
      4096,        24,         0,   0.230,decoder_by_matrix,c0504c10f5ab777f87672229571c10df6954ae4e739b135e111b80009949f281,"{""distance"":3,""physical_error_rate"":0.01}","{""detection_events"":4821,""detectors_checked"":221184,""obs_mistake_mask=E_E_"":2,""obs_mistake_mask=E___"":5,""obs_mistake_mask=_EEE"":3,""obs_mistake_mask=_EE_"":4,""obs_mistake_mask=_E_E"":3,""obs_mistake_mask=_E__"":1,""obs_mistake_mask=__EE"":1,""obs_mistake_mask=__E_"":3,""obs_mistake_mask=___E"":2}"
      1024,        13,         0,   0.003,decoder_by_matrix,c0504c10f5ab777f87672229571c10df6954ae4e739b135e111b80009949f281,"{""distance"":3,""physical_error_rate"":0.01}","{""detection_events"":1245,""detectors_checked"":55296,""obs_mistake_mask=_EEE"":1,""obs_mistake_mask=_EE_"":1,""obs_mistake_mask=_E_E"":2,""obs_mistake_mask=_E__"":5,""obs_mistake_mask=__EE"":1,""obs_mistake_mask=__E_"":1,""obs_mistake_mask=___E"":2}"
      7168,        12,         0,   0.294,decoder_by_matrix,fe15b11dcb8b3f13c3ba2812b146e413e309c65e07905a09cf6ecd916cf41bda,"{""distance"":3,""physical_error_rate"":0.005}","{""detection_events"":4209,""detectors_checked"":387072,""obs_mistake_mask=E_EE"":1,""obs_mistake_mask=E___"":1,""obs_mistake_mask=_EEE"":2,""obs_mistake_mask=_E_E"":3,""obs_mistake_mask=_E__"":3,""obs_mistake_mask=__E_"":1,""obs_mistake_mask=___E"":1}"
      1024,         6,         0,   0.002,decoder_by_matrix,fe15b11dcb8b3f13c3ba2812b146e413e309c65e07905a09cf6ecd916cf41bda,"{""distance"":3,""physical_error_rate"":0.005}","{""detection_events"":609,""detectors_checked"":55296,""obs_mistake_mask=E___"":1,""obs_mistake_mask=_E_E"":1,""obs_mistake_mask=_E__"":3,""obs_mistake_mask=__EE"":1}"
     23552,         0,         0,   0.372,decoder_by_matrix,1222905ef2c3e0b3841e2be415851bad02a0949e12b9844f6b979980572eaa40,"{""distance"":3,""physical_error_rate"":5e-06}","{""detection_events"":30,""detectors_checked"":1271808}"
      1024,         0,         0,   0.001,decoder_by_matrix,1222905ef2c3e0b3841e2be415851bad02a0949e12b9844f6b979980572eaa40,"{""distance"":3,""physical_error_rate"":5e-06}","{""detectors_checked"":55296}"
     10240,         0,         0,   0.215,decoder_by_matrix,c8397cb2c46e4683a6f3970bc42cef1aabfef4d80cfcd6b8313e87630b680ee2,"{""distance"":3,""physical_error_rate"":0.0001}","{""detection_events"":105,""detectors_checked"":552960}"
      1024,         0,         0,   0.002,decoder_by_matrix,c8397cb2c46e4683a6f3970bc42cef1aabfef4d80cfcd6b8313e87630b680ee2,"{""distance"":3,""physical_error_rate"":0.0001}","{""detection_events"":12,""detectors_checked"":55296}"
     20480,         0,         0,   0.289,decoder_by_matrix,73784f3389b885bc1b704dac0b44b83e08b79da81bcec9ed749229213445f550,"{""distance"":3,""physical_error_rate"":1e-05}","{""detection_events"":24,""detectors_checked"":1105920}"
      1024,         0,         0,   0.001,decoder_by_matrix,73784f3389b885bc1b704dac0b44b83e08b79da81bcec9ed749229213445f550,"{""distance"":3,""physical_error_rate"":1e-05}","{""detectors_checked"":55296}"
         1,         0,         0,   0.035,decoder_by_matrix,b3c6da8537ae85d54cd5acd57fc4d5a00e23be04de7c70760ac5fa4b0f5f70dc,"{""distance"":3,""physical_error_rate"":1e-06}","{""detectors_checked"":54}"
        16,         0,         0,   0.000,decoder_by_matrix,b3c6da8537ae85d54cd5acd57fc4d5a00e23be04de7c70760ac5fa4b0f5f70dc,"{""distance"":3,""physical_error_rate"":1e-06}","{""detectors_checked"":864}"
       256,         0,         0,   0.000,decoder_by_matrix,b3c6da8537ae85d54cd5acd57fc4d5a00e23be04de7c70760ac5fa4b0f5f70dc,"{""distance"":3,""physical_error_rate"":1e-06}","{""detectors_checked"":13824}"
     10240,         0,         0,   0.051,decoder_by_matrix,1222905ef2c3e0b3841e2be415851bad02a0949e12b9844f6b979980572eaa40,"{""distance"":3,""physical_error_rate"":5e-06}","{""detection_events"":6,""detectors_checked"":552960}"
      1024,         0,         0,   0.001,decoder_by_matrix,1222905ef2c3e0b3841e2be415851bad02a0949e12b9844f6b979980572eaa40,"{""distance"":3,""physical_error_rate"":5e-06}","{""detectors_checked"":55296}"
     14336,         0,         0,   0.145,decoder_by_matrix,1222905ef2c3e0b3841e2be415851bad02a0949e12b9844f6b979980572eaa40,"{""distance"":3,""physical_error_rate"":5e-06}","{""detection_events"":15,""detectors_checked"":774144}"
      1024,         0,         0,   0.001,decoder_by_matrix,1222905ef2c3e0b3841e2be415851bad02a0949e12b9844f6b979980572eaa40,"{""distance"":3,""physical_error_rate"":5e-06}","{""detectors_checked"":55296}"
     35840,         0,         0,   0.541,decoder_by_matrix,b3c6da8537ae85d54cd5acd57fc4d5a00e23be04de7c70760ac5fa4b0f5f70dc,"{""distance"":3,""physical_error_rate"":1e-06}","{""detectors_checked"":1935360}"
     12288,         0,         0,   0.623,decoder_by_matrix,e45af4f98fc7ee1c9936a6749fec74122c57b4ab96343d0e01c96593a4531898,"{""distance"":3,""physical_error_rate"":0.001}","{""detection_events"":1392,""detectors_checked"":663552}"
     36864,         0,         0,   0.527,decoder_by_matrix,b3c6da8537ae85d54cd5acd57fc4d5a00e23be04de7c70760ac5fa4b0f5f70dc,"{""distance"":3,""physical_error_rate"":1e-06}","{""detectors_checked"":1990656}"
     13312,         0,         0,   0.552,decoder_by_matrix,5dee359087c4b9ae2c20477a4d5136d2695095b0438111838e7093c679bd3c20,"{""distance"":3,""physical_error_rate"":0.0005}","{""detection_events"":915,""detectors_checked"":718848}"
     13312,         0,         0,   0.539,decoder_by_matrix,5dee359087c4b9ae2c20477a4d5136d2695095b0438111838e7093c679bd3c20,"{""distance"":3,""physical_error_rate"":0.0005}","{""detection_events"":804,""detectors_checked"":718848}"
     11264,         0,         0,   0.395,decoder_by_matrix,cd5aa4935a142b600239883e928f6c7fc9fbc8c84161e9ed59cf2551b7ebfc3d,"{""distance"":3,""physical_error_rate"":5e-05}","{""detection_events"":78,""detectors_checked"":608256}"
      8192,         8,         0,   0.406,decoder_by_matrix,fe15b11dcb8b3f13c3ba2812b146e413e309c65e07905a09cf6ecd916cf41bda,"{""distance"":3,""physical_error_rate"":0.005}","{""detection_events"":4854,""detectors_checked"":442368,""obs_mistake_mask=E___"":1,""obs_mistake_mask=_E_E"":4,""obs_mistake_mask=__EE"":1,""obs_mistake_mask=___E"":2}"
     10240,         0,         0,   0.395,decoder_by_matrix,e45af4f98fc7ee1c9936a6749fec74122c57b4ab96343d0e01c96593a4531898,"{""distance"":3,""physical_error_rate"":0.001}","{""detection_events"":1224,""detectors_checked"":552960}"
      1024,         0,         0,   0.002,decoder_by_matrix,e45af4f98fc7ee1c9936a6749fec74122c57b4ab96343d0e01c96593a4531898,"{""distance"":3,""physical_error_rate"":0.001}","{""detection_events"":195,""detectors_checked"":55296}"
     28672,         0,         0,   0.429,decoder_by_matrix,1222905ef2c3e0b3841e2be415851bad02a0949e12b9844f6b979980572eaa40,"{""distance"":3,""physical_error_rate"":5e-06}","{""detection_events"":24,""detectors_checked"":1548288}"
      1024,         0,         0,   0.001,decoder_by_matrix,1222905ef2c3e0b3841e2be415851bad02a0949e12b9844f6b979980572eaa40,"{""distance"":3,""physical_error_rate"":5e-06}","{""detectors_checked"":55296}"
      8192,         0,         0,   0.293,decoder_by_matrix,e45af4f98fc7ee1c9936a6749fec74122c57b4ab96343d0e01c96593a4531898,"{""distance"":3,""physical_error_rate"":0.001}","{""detection_events"":918,""detectors_checked"":442368}"
      1024,         0,         0,   0.002,decoder_by_matrix,e45af4f98fc7ee1c9936a6749fec74122c57b4ab96343d0e01c96593a4531898,"{""distance"":3,""physical_error_rate"":0.001}","{""detection_events"":135,""detectors_checked"":55296}"
     22528,         0,         0,   0.130,decoder_by_matrix,1222905ef2c3e0b3841e2be415851bad02a0949e12b9844f6b979980572eaa40,"{""distance"":3,""physical_error_rate"":5e-06}","{""detection_events"":9,""detectors_checked"":1216512}"
     24576,         0,         0,   0.254,decoder_by_matrix,b3c6da8537ae85d54cd5acd57fc4d5a00e23be04de7c70760ac5fa4b0f5f70dc,"{""distance"":3,""physical_error_rate"":1e-06}","{""detection_events"":3,""detectors_checked"":1327104}"
     27648,         0,         0,   0.379,decoder_by_matrix,b3c6da8537ae85d54cd5acd57fc4d5a00e23be04de7c70760ac5fa4b0f5f70dc,"{""distance"":3,""physical_error_rate"":1e-06}","{""detectors_checked"":1492992}"
      1024,         0,         0,   0.001,decoder_by_matrix,b3c6da8537ae85d54cd5acd57fc4d5a00e23be04de7c70760ac5fa4b0f5f70dc,"{""distance"":3,""physical_error_rate"":1e-06}","{""detectors_checked"":55296}"
      2048,         3,         0,   0.029,decoder_by_matrix,fe15b11dcb8b3f13c3ba2812b146e413e309c65e07905a09cf6ecd916cf41bda,"{""distance"":3,""physical_error_rate"":0.005}","{""detection_events"":1383,""detectors_checked"":110592,""obs_mistake_mask=E___"":1,""obs_mistake_mask=__E_"":2}"
      1024,         2,         0,   0.002,decoder_by_matrix,fe15b11dcb8b3f13c3ba2812b146e413e309c65e07905a09cf6ecd916cf41bda,"{""distance"":3,""physical_error_rate"":0.005}","{""detection_events"":681,""detectors_checked"":55296,""obs_mistake_mask=E___"":1,""obs_mistake_mask=___E"":1}"
      2304,         0,         0,   0.028,decoder_by_matrix,c8397cb2c46e4683a6f3970bc42cef1aabfef4d80cfcd6b8313e87630b680ee2,"{""distance"":3,""physical_error_rate"":0.0001}","{""detection_events"":27,""detectors_checked"":124416}"
      1024,         0,         0,   0.002,decoder_by_matrix,c8397cb2c46e4683a6f3970bc42cef1aabfef4d80cfcd6b8313e87630b680ee2,"{""distance"":3,""physical_error_rate"":0.0001}","{""detection_events"":9,""detectors_checked"":55296}"
      6144,         0,         0,   0.127,decoder_by_matrix,c8397cb2c46e4683a6f3970bc42cef1aabfef4d80cfcd6b8313e87630b680ee2,"{""distance"":3,""physical_error_rate"":0.0001}","{""detection_events"":60,""detectors_checked"":331776}"
      1024,         0,         0,   0.002,decoder_by_matrix,c8397cb2c46e4683a6f3970bc42cef1aabfef4d80cfcd6b8313e87630b680ee2,"{""distance"":3,""physical_error_rate"":0.0001}","{""detection_events"":12,""detectors_checked"":55296}"
      6144,        16,         0,   0.302,decoder_by_matrix,fe15b11dcb8b3f13c3ba2812b146e413e309c65e07905a09cf6ecd916cf41bda,"{""distance"":3,""physical_error_rate"":0.005}","{""detection_events"":3519,""detectors_checked"":331776,""obs_mistake_mask=_EEE"":2,""obs_mistake_mask=_EE_"":1,""obs_mistake_mask=_E_E"":3,""obs_mistake_mask=_E__"":2,""obs_mistake_mask=__E_"":4,""obs_mistake_mask=___E"":4}"
      1024,         4,         0,   0.002,decoder_by_matrix,fe15b11dcb8b3f13c3ba2812b146e413e309c65e07905a09cf6ecd916cf41bda,"{""distance"":3,""physical_error_rate"":0.005}","{""detection_events"":675,""detectors_checked"":55296,""obs_mistake_mask=E___"":1,""obs_mistake_mask=__E_"":1,""obs_mistake_mask=___E"":2}"
     18432,         0,         0,   0.311,decoder_by_matrix,1222905ef2c3e0b3841e2be415851bad02a0949e12b9844f6b979980572eaa40,"{""distance"":3,""physical_error_rate"":5e-06}","{""detection_events"":9,""detectors_checked"":995328}"
      1024,         0,         0,   0.001,decoder_by_matrix,1222905ef2c3e0b3841e2be415851bad02a0949e12b9844f6b979980572eaa40,"{""distance"":3,""physical_error_rate"":5e-06}","{""detectors_checked"":55296}"
     16384,         0,         0,   0.323,decoder_by_matrix,cd5aa4935a142b600239883e928f6c7fc9fbc8c84161e9ed59cf2551b7ebfc3d,"{""distance"":3,""physical_error_rate"":5e-05}","{""detection_events"":72,""detectors_checked"":884736}"
      1024,         0,         0,   0.002,decoder_by_matrix,cd5aa4935a142b600239883e928f6c7fc9fbc8c84161e9ed59cf2551b7ebfc3d,"{""distance"":3,""physical_error_rate"":5e-05}","{""detection_events"":12,""detectors_checked"":55296}"
     13312,         0,         0,   0.265,decoder_by_matrix,c8397cb2c46e4683a6f3970bc42cef1aabfef4d80cfcd6b8313e87630b680ee2,"{""distance"":3,""physical_error_rate"":0.0001}","{""detection_events"":153,""detectors_checked"":718848}"
      1024,         0,         0,   0.002,decoder_by_matrix,c8397cb2c46e4683a6f3970bc42cef1aabfef4d80cfcd6b8313e87630b680ee2,"{""distance"":3,""physical_error_rate"":0.0001}","{""detection_events"":12,""detectors_checked"":55296}"
     11264,         0,         0,   0.308,decoder_by_matrix,5dee359087c4b9ae2c20477a4d5136d2695095b0438111838e7093c679bd3c20,"{""distance"":3,""physical_error_rate"":0.0005}","{""detection_events"":675,""detectors_checked"":608256}"
      1024,         0,         0,   0.002,decoder_by_matrix,5dee359087c4b9ae2c20477a4d5136d2695095b0438111838e7093c679bd3c20,"{""distance"":3,""physical_error_rate"":0.0005}","{""detection_events"":84,""detectors_checked"":55296}"
      5120,         0,         0,   0.080,decoder_by_matrix,73784f3389b885bc1b704dac0b44b83e08b79da81bcec9ed749229213445f550,"{""distance"":3,""physical_error_rate"":1e-05}","{""detection_events"":9,""detectors_checked"":276480}"
      1024,         0,         0,   0.001,decoder_by_matrix,73784f3389b885bc1b704dac0b44b83e08b79da81bcec9ed749229213445f550,"{""distance"":3,""physical_error_rate"":1e-05}","{""detectors_checked"":55296}"
      2048,        17,         0,   0.199,decoder_by_matrix,c0504c10f5ab777f87672229571c10df6954ae4e739b135e111b80009949f281,"{""distance"":3,""physical_error_rate"":0.01}","{""detection_events"":2370,""detectors_checked"":110592,""obs_mistake_mask=EE__"":1,""obs_mistake_mask=E___"":2,""obs_mistake_mask=_EEE"":1,""obs_mistake_mask=_EE_"":3,""obs_mistake_mask=_E_E"":3,""obs_mistake_mask=_E__"":1,""obs_mistake_mask=__E_"":4,""obs_mistake_mask=___E"":2}"
      1024,        11,         0,   0.003,decoder_by_matrix,c0504c10f5ab777f87672229571c10df6954ae4e739b135e111b80009949f281,"{""distance"":3,""physical_error_rate"":0.01}","{""detection_events"":1206,""detectors_checked"":55296,""obs_mistake_mask=_EE_"":2,""obs_mistake_mask=_E_E"":2,""obs_mistake_mask=_E__"":2,""obs_mistake_mask=__EE"":1,""obs_mistake_mask=__E_"":2,""obs_mistake_mask=___E"":2}"
      6144,         0,         0,   0.079,decoder_by_matrix,cd5aa4935a142b600239883e928f6c7fc9fbc8c84161e9ed59cf2551b7ebfc3d,"{""distance"":3,""physical_error_rate"":5e-05}","{""detection_events"":54,""detectors_checked"":331776}"
      1024,         0,         0,   0.001,decoder_by_matrix,cd5aa4935a142b600239883e928f6c7fc9fbc8c84161e9ed59cf2551b7ebfc3d,"{""distance"":3,""physical_error_rate"":5e-05}","{""detectors_checked"":55296}"
      8192,         0,         0,   0.152,decoder_by_matrix,c8397cb2c46e4683a6f3970bc42cef1aabfef4d80cfcd6b8313e87630b680ee2,"{""distance"":3,""physical_error_rate"":0.0001}","{""detection_events"":141,""detectors_checked"":442368}"
      1024,         0,         0,   0.002,decoder_by_matrix,c8397cb2c46e4683a6f3970bc42cef1aabfef4d80cfcd6b8313e87630b680ee2,"{""distance"":3,""physical_error_rate"":0.0001}","{""detection_events"":6,""detectors_checked"":55296}"
      3200,        23,         0,   0.028,decoder_by_matrix,c0504c10f5ab777f87672229571c10df6954ae4e739b135e111b80009949f281,"{""distance"":3,""physical_error_rate"":0.01}","{""detection_events"":3501,""detectors_checked"":172800,""obs_mistake_mask=_EE_"":6,""obs_mistake_mask=_E_E"":1,""obs_mistake_mask=_E__"":3,""obs_mistake_mask=__EE"":2,""obs_mistake_mask=__E_"":6,""obs_mistake_mask=___E"":5}"
      1024,        10,         0,   0.003,decoder_by_matrix,c0504c10f5ab777f87672229571c10df6954ae4e739b135e111b80009949f281,"{""distance"":3,""physical_error_rate"":0.01}","{""detection_events"":1188,""detectors_checked"":55296,""obs_mistake_mask=E___"":1,""obs_mistake_mask=_EEE"":2,""obs_mistake_mask=_E_E"":1,""obs_mistake_mask=_E__"":3,""obs_mistake_mask=__E_"":2,""obs_mistake_mask=___E"":1}"
      1024,         9,         0,   0.003,decoder_by_matrix,c0504c10f5ab777f87672229571c10df6954ae4e739b135e111b80009949f281,"{""distance"":3,""physical_error_rate"":0.01}","{""detection_events"":1122,""detectors_checked"":55296,""obs_mistake_mask=_EE_"":1,""obs_mistake_mask=_E_E"":2,""obs_mistake_mask=_E__"":1,""obs_mistake_mask=__E_"":2,""obs_mistake_mask=___E"":3}"
      5120,         0,         0,   0.038,decoder_by_matrix,cd5aa4935a142b600239883e928f6c7fc9fbc8c84161e9ed59cf2551b7ebfc3d,"{""distance"":3,""physical_error_rate"":5e-05}","{""detection_events"":9,""detectors_checked"":276480}"
      2048,         1,         0,   0.035,decoder_by_matrix,fe15b11dcb8b3f13c3ba2812b146e413e309c65e07905a09cf6ecd916cf41bda,"{""distance"":3,""physical_error_rate"":0.005}","{""detection_events"":1197,""detectors_checked"":110592,""obs_mistake_mask=_EE_"":1}"
     11264,         0,         0,   0.063,decoder_by_matrix,b3c6da8537ae85d54cd5acd57fc4d5a00e23be04de7c70760ac5fa4b0f5f70dc,"{""distance"":3,""physical_error_rate"":1e-06}","{""detection_events"":6,""detectors_checked"":608256}"
     17408,         0,         0,   0.076,decoder_by_matrix,1222905ef2c3e0b3841e2be415851bad02a0949e12b9844f6b979980572eaa40,"{""distance"":3,""physical_error_rate"":5e-06}","{""detection_events"":3,""detectors_checked"":940032}"
      1024,         0,         0,   0.001,decoder_by_matrix,1222905ef2c3e0b3841e2be415851bad02a0949e12b9844f6b979980572eaa40,"{""distance"":3,""physical_error_rate"":5e-06}","{""detectors_checked"":55296}"
     11264,         0,         0,   0.061,decoder_by_matrix,b3c6da8537ae85d54cd5acd57fc4d5a00e23be04de7c70760ac5fa4b0f5f70dc,"{""distance"":3,""physical_error_rate"":1e-06}","{""detection_events"":6,""detectors_checked"":608256}"
      5120,         0,         0,   0.063,decoder_by_matrix,5dee359087c4b9ae2c20477a4d5136d2695095b0438111838e7093c679bd3c20,"{""distance"":3,""physical_error_rate"":0.0005}","{""detection_events"":276,""detectors_checked"":276480}"
      9216,         0,         0,   0.309,decoder_by_matrix,5dee359087c4b9ae2c20477a4d5136d2695095b0438111838e7093c679bd3c20,"{""distance"":3,""physical_error_rate"":0.0005}","{""detection_events"":510,""detectors_checked"":497664}"
      1024,         0,         0,   0.002,decoder_by_matrix,5dee359087c4b9ae2c20477a4d5136d2695095b0438111838e7093c679bd3c20,"{""distance"":3,""physical_error_rate"":0.0005}","{""detection_events"":51,""detectors_checked"":55296}"
     12288,         1,         0,   0.545,decoder_by_matrix,e45af4f98fc7ee1c9936a6749fec74122c57b4ab96343d0e01c96593a4531898,"{""distance"":3,""physical_error_rate"":0.001}","{""detection_events"":1410,""detectors_checked"":663552,""obs_mistake_mask=_EE_"":1}"
     35840,         0,         0,   0.553,decoder_by_matrix,1222905ef2c3e0b3841e2be415851bad02a0949e12b9844f6b979980572eaa40,"{""distance"":3,""physical_error_rate"":5e-06}","{""detectors_checked"":1935360}"
     39936,         0,         0,   0.577,decoder_by_matrix,b3c6da8537ae85d54cd5acd57fc4d5a00e23be04de7c70760ac5fa4b0f5f70dc,"{""distance"":3,""physical_error_rate"":1e-06}","{""detectors_checked"":2156544}"
     14336,         0,         0,   0.581,decoder_by_matrix,5dee359087c4b9ae2c20477a4d5136d2695095b0438111838e7093c679bd3c20,"{""distance"":3,""physical_error_rate"":0.0005}","{""detection_events"":762,""detectors_checked"":774144}"
     22528,         0,         0,   0.336,decoder_by_matrix,73784f3389b885bc1b704dac0b44b83e08b79da81bcec9ed749229213445f550,"{""distance"":3,""physical_error_rate"":1e-05}","{""detection_events"":18,""detectors_checked"":1216512}"
      1024,         0,         0,   0.001,decoder_by_matrix,73784f3389b885bc1b704dac0b44b83e08b79da81bcec9ed749229213445f550,"{""distance"":3,""physical_error_rate"":1e-05}","{""detectors_checked"":55296}"
     13312,         0,         0,   0.410,decoder_by_matrix,cd5aa4935a142b600239883e928f6c7fc9fbc8c84161e9ed59cf2551b7ebfc3d,"{""distance"":3,""physical_error_rate"":5e-05}","{""detection_events"":75,""detectors_checked"":718848}"
     21504,         0,         0,   0.407,decoder_by_matrix,73784f3389b885bc1b704dac0b44b83e08b79da81bcec9ed749229213445f550,"{""distance"":3,""physical_error_rate"":1e-05}","{""detection_events"":42,""detectors_checked"":1161216}"
     10240,         1,         0,   0.417,decoder_by_matrix,e45af4f98fc7ee1c9936a6749fec74122c57b4ab96343d0e01c96593a4531898,"{""distance"":3,""physical_error_rate"":0.001}","{""detection_events"":1149,""detectors_checked"":552960,""obs_mistake_mask=__E_"":1}"
      5120,        14,         0,   0.182,decoder_by_matrix,fe15b11dcb8b3f13c3ba2812b146e413e309c65e07905a09cf6ecd916cf41bda,"{""distance"":3,""physical_error_rate"":0.005}","{""detection_events"":3081,""detectors_checked"":276480,""obs_mistake_mask=E___"":1,""obs_mistake_mask=_EEE"":1,""obs_mistake_mask=_E_E"":2,""obs_mistake_mask=_E__"":3,""obs_mistake_mask=__EE"":4,""obs_mistake_mask=__E_"":1,""obs_mistake_mask=___E"":2}"
      1024,         1,         0,   0.002,decoder_by_matrix,fe15b11dcb8b3f13c3ba2812b146e413e309c65e07905a09cf6ecd916cf41bda,"{""distance"":3,""physical_error_rate"":0.005}","{""detection_events"":519,""detectors_checked"":55296,""obs_mistake_mask=_EEE"":1}"
      1024,         9,         0,   0.044,decoder_by_matrix,c0504c10f5ab777f87672229571c10df6954ae4e739b135e111b80009949f281,"{""distance"":3,""physical_error_rate"":0.01}","{""detection_events"":1218,""detectors_checked"":55296,""obs_mistake_mask=E___"":2,""obs_mistake_mask=_EEE"":1,""obs_mistake_mask=_EE_"":1,""obs_mistake_mask=_E_E"":1,""obs_mistake_mask=_E__"":1,""obs_mistake_mask=__E_"":1,""obs_mistake_mask=___E"":2}"
      1024,         5,         0,   0.003,decoder_by_matrix,c0504c10f5ab777f87672229571c10df6954ae4e739b135e111b80009949f281,"{""distance"":3,""physical_error_rate"":0.01}","{""detection_events"":1332,""detectors_checked"":55296,""obs_mistake_mask=E___"":1,""obs_mistake_mask=_EEE"":1,""obs_mistake_mask=_E__"":2,""obs_mistake_mask=__E_"":1}"
      6144,        38,         0,   0.208,decoder_by_matrix,c0504c10f5ab777f87672229571c10df6954ae4e739b135e111b80009949f281,"{""distance"":3,""physical_error_rate"":0.01}","{""detection_events"":7050,""detectors_checked"":331776,""obs_mistake_mask=E___"":2,""obs_mistake_mask=_EEE"":1,""obs_mistake_mask=_EE_"":5,""obs_mistake_mask=_E_E"":2,""obs_mistake_mask=_E__"":7,""obs_mistake_mask=__EE"":2,""obs_mistake_mask=__E_"":12,""obs_mistake_mask=___E"":7}"
      1024,         6,         0,   0.003,decoder_by_matrix,c0504c10f5ab777f87672229571c10df6954ae4e739b135e111b80009949f281,"{""distance"":3,""physical_error_rate"":0.01}","{""detection_events"":1101,""detectors_checked"":55296,""obs_mistake_mask=_EEE"":1,""obs_mistake_mask=_EE_"":1,""obs_mistake_mask=_E_E"":1,""obs_mistake_mask=__EE"":2,""obs_mistake_mask=__E_"":1}"
     10240,         1,         0,   0.302,decoder_by_matrix,5dee359087c4b9ae2c20477a4d5136d2695095b0438111838e7093c679bd3c20,"{""distance"":3,""physical_error_rate"":0.0005}","{""detection_events"":651,""detectors_checked"":552960,""obs_mistake_mask=___E"":1}"
      1024,         0,         0,   0.002,decoder_by_matrix,5dee359087c4b9ae2c20477a4d5136d2695095b0438111838e7093c679bd3c20,"{""distance"":3,""physical_error_rate"":0.0005}","{""detection_events"":93,""detectors_checked"":55296}"
      2304,         0,         0,   0.032,decoder_by_matrix,5dee359087c4b9ae2c20477a4d5136d2695095b0438111838e7093c679bd3c20,"{""distance"":3,""physical_error_rate"":0.0005}","{""detection_events"":156,""detectors_checked"":124416}"
      1024,         0,         0,   0.002,decoder_by_matrix,5dee359087c4b9ae2c20477a4d5136d2695095b0438111838e7093c679bd3c20,"{""distance"":3,""physical_error_rate"":0.0005}","{""detection_events"":51,""detectors_checked"":55296}"
      6144,         0,         0,   0.071,decoder_by_matrix,e45af4f98fc7ee1c9936a6749fec74122c57b4ab96343d0e01c96593a4531898,"{""distance"":3,""physical_error_rate"":0.001}","{""detection_events"":717,""detectors_checked"":331776}"
      1024,         0,         0,   0.002,decoder_by_matrix,e45af4f98fc7ee1c9936a6749fec74122c57b4ab96343d0e01c96593a4531898,"{""distance"":3,""physical_error_rate"":0.001}","{""detection_events"":102,""detectors_checked"":55296}"
      8192,         0,         0,   0.053,decoder_by_matrix,cd5aa4935a142b600239883e928f6c7fc9fbc8c84161e9ed59cf2551b7ebfc3d,"{""distance"":3,""physical_error_rate"":5e-05}","{""detection_events"":30,""detectors_checked"":442368}"
      1024,         0,         0,   0.002,decoder_by_matrix,cd5aa4935a142b600239883e928f6c7fc9fbc8c84161e9ed59cf2551b7ebfc3d,"{""distance"":3,""physical_error_rate"":5e-05}","{""detection_events"":6,""detectors_checked"":55296}"
     15360,         0,         0,   0.083,decoder_by_matrix,73784f3389b885bc1b704dac0b44b83e08b79da81bcec9ed749229213445f550,"{""distance"":3,""physical_error_rate"":1e-05}","{""detection_events"":12,""detectors_checked"":829440}"
      1024,         0,         0,   0.001,decoder_by_matrix,73784f3389b885bc1b704dac0b44b83e08b79da81bcec9ed749229213445f550,"{""distance"":3,""physical_error_rate"":1e-05}","{""detectors_checked"":55296}"
     17408,         0,         0,   0.559,decoder_by_matrix,cd5aa4935a142b600239883e928f6c7fc9fbc8c84161e9ed59cf2551b7ebfc3d,"{""distance"":3,""physical_error_rate"":5e-05}","{""detection_events"":108,""detectors_checked"":940032}"
     28672,         0,         0,   0.398,decoder_by_matrix,1222905ef2c3e0b3841e2be415851bad02a0949e12b9844f6b979980572eaa40,"{""distance"":3,""physical_error_rate"":5e-06}","{""detection_events"":6,""detectors_checked"":1548288}"
      1024,         0,         0,   0.001,decoder_by_matrix,1222905ef2c3e0b3841e2be415851bad02a0949e12b9844f6b979980572eaa40,"{""distance"":3,""physical_error_rate"":5e-06}","{""detectors_checked"":55296}"
     10240,         0,         0,   0.346,decoder_by_matrix,e45af4f98fc7ee1c9936a6749fec74122c57b4ab96343d0e01c96593a4531898,"{""distance"":3,""physical_error_rate"":0.001}","{""detection_events"":1281,""detectors_checked"":552960}"
      7168,        57,         0,   0.403,decoder_by_matrix,c0504c10f5ab777f87672229571c10df6954ae4e739b135e111b80009949f281,"{""distance"":3,""physical_error_rate"":0.01}","{""detection_events"":8730,""detectors_checked"":387072,""obs_mistake_mask=EEE_"":1,""obs_mistake_mask=E_EE"":1,""obs_mistake_mask=E___"":4,""obs_mistake_mask=_EEE"":5,""obs_mistake_mask=_EE_"":9,""obs_mistake_mask=_E_E"":5,""obs_mistake_mask=_E__"":7,""obs_mistake_mask=__EE"":8,""obs_mistake_mask=__E_"":8,""obs_mistake_mask=___E"":9}"
      1024,         7,         0,   0.002,decoder_by_matrix,c0504c10f5ab777f87672229571c10df6954ae4e739b135e111b80009949f281,"{""distance"":3,""physical_error_rate"":0.01}","{""detection_events"":1041,""detectors_checked"":55296,""obs_mistake_mask=E___"":2,""obs_mistake_mask=_EEE"":3,""obs_mistake_mask=_E_E"":1,""obs_mistake_mask=__EE"":1}"
      5120,         0,         0,   0.039,decoder_by_matrix,b3c6da8537ae85d54cd5acd57fc4d5a00e23be04de7c70760ac5fa4b0f5f70dc,"{""distance"":3,""physical_error_rate"":1e-06}","{""detectors_checked"":276480}"
      1024,         0,         0,   0.001,decoder_by_matrix,b3c6da8537ae85d54cd5acd57fc4d5a00e23be04de7c70760ac5fa4b0f5f70dc,"{""distance"":3,""physical_error_rate"":1e-06}","{""detectors_checked"":55296}"
      8192,         0,         0,   0.043,decoder_by_matrix,73784f3389b885bc1b704dac0b44b83e08b79da81bcec9ed749229213445f550,"{""distance"":3,""physical_error_rate"":1e-05}","{""detection_events"":12,""detectors_checked"":442368}"
      1024,         0,         0,   0.002,decoder_by_matrix,73784f3389b885bc1b704dac0b44b83e08b79da81bcec9ed749229213445f550,"{""distance"":3,""physical_error_rate"":1e-05}","{""detection_events"":6,""detectors_checked"":55296}"
     13312,         1,         0,   0.537,decoder_by_matrix,e45af4f98fc7ee1c9936a6749fec74122c57b4ab96343d0e01c96593a4531898,"{""distance"":3,""physical_error_rate"":0.001}","{""detection_events"":1575,""detectors_checked"":718848,""obs_mistake_mask=___E"":1}"
      1024,         0,         0,   0.002,decoder_by_matrix,e45af4f98fc7ee1c9936a6749fec74122c57b4ab96343d0e01c96593a4531898,"{""distance"":3,""physical_error_rate"":0.001}","{""detection_events"":207,""detectors_checked"":55296}"
     13312,         0,         0,   0.532,decoder_by_matrix,c8397cb2c46e4683a6f3970bc42cef1aabfef4d80cfcd6b8313e87630b680ee2,"{""distance"":3,""physical_error_rate"":0.0001}","{""detection_events"":114,""detectors_checked"":718848}"
     16384,         0,         0,   0.686,decoder_by_matrix,c8397cb2c46e4683a6f3970bc42cef1aabfef4d80cfcd6b8313e87630b680ee2,"{""distance"":3,""physical_error_rate"":0.0001}","{""detection_events"":228,""detectors_checked"":884736}"
     26624,         0,         0,   0.331,decoder_by_matrix,1222905ef2c3e0b3841e2be415851bad02a0949e12b9844f6b979980572eaa40,"{""distance"":3,""physical_error_rate"":5e-06}","{""detection_events"":21,""detectors_checked"":1437696}"
     10240,         1,         0,   0.345,decoder_by_matrix,e45af4f98fc7ee1c9936a6749fec74122c57b4ab96343d0e01c96593a4531898,"{""distance"":3,""physical_error_rate"":0.001}","{""detection_events"":1116,""detectors_checked"":552960,""obs_mistake_mask=E___"":1}"
      1024,         0,         0,   0.002,decoder_by_matrix,e45af4f98fc7ee1c9936a6749fec74122c57b4ab96343d0e01c96593a4531898,"{""distance"":3,""physical_error_rate"":0.001}","{""detection_events"":66,""detectors_checked"":55296}"
     17408,         0,         0,   0.612,decoder_by_matrix,cd5aa4935a142b600239883e928f6c7fc9fbc8c84161e9ed59cf2551b7ebfc3d,"{""distance"":3,""physical_error_rate"":5e-05}","{""detection_events"":117,""detectors_checked"":940032}"
      1024,         0,         0,   0.002,decoder_by_matrix,cd5aa4935a142b600239883e928f6c7fc9fbc8c84161e9ed59cf2551b7ebfc3d,"{""distance"":3,""physical_error_rate"":5e-05}","{""detection_events"":12,""detectors_checked"":55296}"
      9216,        69,         0,   0.625,decoder_by_matrix,c0504c10f5ab777f87672229571c10df6954ae4e739b135e111b80009949f281,"{""distance"":3,""physical_error_rate"":0.01}","{""detection_events"":10539,""detectors_checked"":497664,""obs_mistake_mask=EEE_"":1,""obs_mistake_mask=E_E_"":1,""obs_mistake_mask=E___"":5,""obs_mistake_mask=_EEE"":1,""obs_mistake_mask=_EE_"":9,""obs_mistake_mask=_E_E"":4,""obs_mistake_mask=_E__"":12,""obs_mistake_mask=__EE"":11,""obs_mistake_mask=__E_"":16,""obs_mistake_mask=___E"":9}"
      1024,        13,         0,   0.003,decoder_by_matrix,c0504c10f5ab777f87672229571c10df6954ae4e739b135e111b80009949f281,"{""distance"":3,""physical_error_rate"":0.01}","{""detection_events"":1386,""detectors_checked"":55296,""obs_mistake_mask=_EE_"":4,""obs_mistake_mask=_E_E"":1,""obs_mistake_mask=_E__"":2,""obs_mistake_mask=__E_"":3,""obs_mistake_mask=___E"":3}"
      8192,        12,         0,   0.324,decoder_by_matrix,fe15b11dcb8b3f13c3ba2812b146e413e309c65e07905a09cf6ecd916cf41bda,"{""distance"":3,""physical_error_rate"":0.005}","{""detection_events"":4719,""detectors_checked"":442368,""obs_mistake_mask=E___"":2,""obs_mistake_mask=_EEE"":2,""obs_mistake_mask=_E_E"":1,""obs_mistake_mask=_E__"":2,""obs_mistake_mask=__E_"":1,""obs_mistake_mask=___E"":4}"
      1024,         3,         0,   0.002,decoder_by_matrix,fe15b11dcb8b3f13c3ba2812b146e413e309c65e07905a09cf6ecd916cf41bda,"{""distance"":3,""physical_error_rate"":0.005}","{""detection_events"":555,""detectors_checked"":55296,""obs_mistake_mask=E___"":1,""obs_mistake_mask=__EE"":1,""obs_mistake_mask=__E_"":1}"
      8192,        12,         0,   0.208,decoder_by_matrix,fe15b11dcb8b3f13c3ba2812b146e413e309c65e07905a09cf6ecd916cf41bda,"{""distance"":3,""physical_error_rate"":0.005}","{""detection_events"":4740,""detectors_checked"":442368,""obs_mistake_mask=E___"":2,""obs_mistake_mask=_EE_"":3,""obs_mistake_mask=_E_E"":2,""obs_mistake_mask=_E__"":1,""obs_mistake_mask=__E_"":2,""obs_mistake_mask=___E"":2}"
      1024,         1,         0,   0.002,decoder_by_matrix,fe15b11dcb8b3f13c3ba2812b146e413e309c65e07905a09cf6ecd916cf41bda,"{""distance"":3,""physical_error_rate"":0.005}","{""detection_events"":612,""detectors_checked"":55296,""obs_mistake_mask=_E__"":1}"
      6144,         0,         0,   0.046,decoder_by_matrix,1222905ef2c3e0b3841e2be415851bad02a0949e12b9844f6b979980572eaa40,"{""distance"":3,""physical_error_rate"":5e-06}","{""detection_events"":9,""detectors_checked"":331776}"
      2048,        15,         0,   0.145,decoder_by_matrix,c0504c10f5ab777f87672229571c10df6954ae4e739b135e111b80009949f281,"{""distance"":3,""physical_error_rate"":0.01}","{""detection_events"":2337,""detectors_checked"":110592,""obs_mistake_mask=EE__"":1,""obs_mistake_mask=_EEE"":1,""obs_mistake_mask=_EE_"":1,""obs_mistake_mask=_E_E"":4,""obs_mistake_mask=_E__"":1,""obs_mistake_mask=__EE"":1,""obs_mistake_mask=__E_"":3,""obs_mistake_mask=___E"":3}"
      1024,         4,         0,   0.003,decoder_by_matrix,c0504c10f5ab777f87672229571c10df6954ae4e739b135e111b80009949f281,"{""distance"":3,""physical_error_rate"":0.01}","{""detection_events"":1086,""detectors_checked"":55296,""obs_mistake_mask=E_E_"":1,""obs_mistake_mask=_EEE"":1,""obs_mistake_mask=_EE_"":1,""obs_mistake_mask=_E_E"":1}"
     12288,         0,         0,   0.478,decoder_by_matrix,c8397cb2c46e4683a6f3970bc42cef1aabfef4d80cfcd6b8313e87630b680ee2,"{""distance"":3,""physical_error_rate"":0.0001}","{""detection_events"":141,""detectors_checked"":663552}"
      1024,         0,         0,   0.002,decoder_by_matrix,c8397cb2c46e4683a6f3970bc42cef1aabfef4d80cfcd6b8313e87630b680ee2,"{""distance"":3,""physical_error_rate"":0.0001}","{""detection_events"":21,""detectors_checked"":55296}"
     24576,         0,         0,   0.408,decoder_by_matrix,73784f3389b885bc1b704dac0b44b83e08b79da81bcec9ed749229213445f550,"{""distance"":3,""physical_error_rate"":1e-05}","{""detection_events"":15,""detectors_checked"":1327104}"
      1024,         0,         0,   0.001,decoder_by_matrix,73784f3389b885bc1b704dac0b44b83e08b79da81bcec9ed749229213445f550,"{""distance"":3,""physical_error_rate"":1e-05}","{""detectors_checked"":55296}"
      2048,        17,         0,   0.045,decoder_by_matrix,c0504c10f5ab777f87672229571c10df6954ae4e739b135e111b80009949f281,"{""distance"":3,""physical_error_rate"":0.01}","{""detection_events"":2514,""detectors_checked"":110592,""obs_mistake_mask=E___"":1,""obs_mistake_mask=_EEE"":2,""obs_mistake_mask=_EE_"":2,""obs_mistake_mask=_E_E"":2,""obs_mistake_mask=_E__"":3,""obs_mistake_mask=__EE"":2,""obs_mistake_mask=__E_"":5}"
      1024,        11,         0,   0.003,decoder_by_matrix,c0504c10f5ab777f87672229571c10df6954ae4e739b135e111b80009949f281,"{""distance"":3,""physical_error_rate"":0.01}","{""detection_events"":1242,""detectors_checked"":55296,""obs_mistake_mask=E___"":1,""obs_mistake_mask=_EEE"":1,""obs_mistake_mask=_EE_"":1,""obs_mistake_mask=_E_E"":1,""obs_mistake_mask=_E__"":2,""obs_mistake_mask=__E_"":2,""obs_mistake_mask=___E"":3}"
     10240,         0,         0,   0.183,decoder_by_matrix,1222905ef2c3e0b3841e2be415851bad02a0949e12b9844f6b979980572eaa40,"{""distance"":3,""physical_error_rate"":5e-06}","{""detection_events"":3,""detectors_checked"":552960}"
      1024,         0,         0,   0.001,decoder_by_matrix,1222905ef2c3e0b3841e2be415851bad02a0949e12b9844f6b979980572eaa40,"{""distance"":3,""physical_error_rate"":5e-06}","{""detectors_checked"":55296}"
     11264,         0,         0,   0.077,decoder_by_matrix,73784f3389b885bc1b704dac0b44b83e08b79da81bcec9ed749229213445f550,"{""distance"":3,""physical_error_rate"":1e-05}","{""detection_events"":3,""detectors_checked"":608256}"
      4096,         6,         0,   0.198,decoder_by_matrix,fe15b11dcb8b3f13c3ba2812b146e413e309c65e07905a09cf6ecd916cf41bda,"{""distance"":3,""physical_error_rate"":0.005}","{""detection_events"":2289,""detectors_checked"":221184,""obs_mistake_mask=_EEE"":1,""obs_mistake_mask=_E_E"":1,""obs_mistake_mask=_E__"":3,""obs_mistake_mask=__EE"":1}"
     13312,         0,         0,   0.184,decoder_by_matrix,b3c6da8537ae85d54cd5acd57fc4d5a00e23be04de7c70760ac5fa4b0f5f70dc,"{""distance"":3,""physical_error_rate"":1e-06}","{""detectors_checked"":718848}"
      5120,         0,         0,   0.192,decoder_by_matrix,5dee359087c4b9ae2c20477a4d5136d2695095b0438111838e7093c679bd3c20,"{""distance"":3,""physical_error_rate"":0.0005}","{""detection_events"":228,""detectors_checked"":276480}"
      5120,         0,         0,   0.175,decoder_by_matrix,e45af4f98fc7ee1c9936a6749fec74122c57b4ab96343d0e01c96593a4531898,"{""distance"":3,""physical_error_rate"":0.001}","{""detection_events"":693,""detectors_checked"":276480}"
      4096,         0,         0,   0.059,decoder_by_matrix,5dee359087c4b9ae2c20477a4d5136d2695095b0438111838e7093c679bd3c20,"{""distance"":3,""physical_error_rate"":0.0005}","{""detection_events"":213,""detectors_checked"":221184}"
      1024,         0,         0,   0.002,decoder_by_matrix,5dee359087c4b9ae2c20477a4d5136d2695095b0438111838e7093c679bd3c20,"{""distance"":3,""physical_error_rate"":0.0005}","{""detection_events"":75,""detectors_checked"":55296}"
      1024,         0,         0,   0.002,decoder_by_matrix,5dee359087c4b9ae2c20477a4d5136d2695095b0438111838e7093c679bd3c20,"{""distance"":3,""physical_error_rate"":0.0005}","{""detection_events"":21,""detectors_checked"":55296}"
      7168,        54,         0,   0.403,decoder_by_matrix,c0504c10f5ab777f87672229571c10df6954ae4e739b135e111b80009949f281,"{""distance"":3,""physical_error_rate"":0.01}","{""detection_events"":8262,""detectors_checked"":387072,""obs_mistake_mask=E___"":3,""obs_mistake_mask=_EEE"":6,""obs_mistake_mask=_EE_"":2,""obs_mistake_mask=_E_E"":9,""obs_mistake_mask=_E__"":7,""obs_mistake_mask=__EE"":4,""obs_mistake_mask=__E_"":8,""obs_mistake_mask=___E"":15}"
      1024,         9,         0,   0.003,decoder_by_matrix,c0504c10f5ab777f87672229571c10df6954ae4e739b135e111b80009949f281,"{""distance"":3,""physical_error_rate"":0.01}","{""detection_events"":1140,""detectors_checked"":55296,""obs_mistake_mask=E___"":1,""obs_mistake_mask=_EEE"":2,""obs_mistake_mask=_EE_"":2,""obs_mistake_mask=_E_E"":1,""obs_mistake_mask=__E_"":1,""obs_mistake_mask=___E"":2}"
     40960,         0,         0,   0.619,decoder_by_matrix,b3c6da8537ae85d54cd5acd57fc4d5a00e23be04de7c70760ac5fa4b0f5f70dc,"{""distance"":3,""physical_error_rate"":1e-06}","{""detectors_checked"":2211840}"
      1024,         0,         0,   0.001,decoder_by_matrix,b3c6da8537ae85d54cd5acd57fc4d5a00e23be04de7c70760ac5fa4b0f5f70dc,"{""distance"":3,""physical_error_rate"":1e-06}","{""detectors_checked"":55296}"
      3072,         2,         0,   0.037,decoder_by_matrix,5dee359087c4b9ae2c20477a4d5136d2695095b0438111838e7093c679bd3c20,"{""distance"":3,""physical_error_rate"":0.0005}","{""detection_events"":213,""detectors_checked"":165888,""obs_mistake_mask=_EEE"":2}"
      1024,         0,         0,   0.002,decoder_by_matrix,5dee359087c4b9ae2c20477a4d5136d2695095b0438111838e7093c679bd3c20,"{""distance"":3,""physical_error_rate"":0.0005}","{""detection_events"":81,""detectors_checked"":55296}"
     26624,         0,         0,   0.369,decoder_by_matrix,1222905ef2c3e0b3841e2be415851bad02a0949e12b9844f6b979980572eaa40,"{""distance"":3,""physical_error_rate"":5e-06}","{""detection_events"":9,""detectors_checked"":1437696}"
      1024,         0,         0,   0.001,decoder_by_matrix,1222905ef2c3e0b3841e2be415851bad02a0949e12b9844f6b979980572eaa40,"{""distance"":3,""physical_error_rate"":5e-06}","{""detectors_checked"":55296}"
     11264,         0,         0,   0.148,decoder_by_matrix,c8397cb2c46e4683a6f3970bc42cef1aabfef4d80cfcd6b8313e87630b680ee2,"{""distance"":3,""physical_error_rate"":0.0001}","{""detection_events"":180,""detectors_checked"":608256}"
      1024,         0,         0,   0.002,decoder_by_matrix,c8397cb2c46e4683a6f3970bc42cef1aabfef4d80cfcd6b8313e87630b680ee2,"{""distance"":3,""physical_error_rate"":0.0001}","{""detection_events"":27,""detectors_checked"":55296}"
     17408,         0,         0,   0.019,decoder_by_matrix,b3c6da8537ae85d54cd5acd57fc4d5a00e23be04de7c70760ac5fa4b0f5f70dc,"{""distance"":3,""physical_error_rate"":1e-06}","{""detectors_checked"":940032}"
      1024,         0,         0,   0.001,decoder_by_matrix,b3c6da8537ae85d54cd5acd57fc4d5a00e23be04de7c70760ac5fa4b0f5f70dc,"{""distance"":3,""physical_error_rate"":1e-06}","{""detectors_checked"":55296}"
     24576,         0,         0,   0.122,decoder_by_matrix,73784f3389b885bc1b704dac0b44b83e08b79da81bcec9ed749229213445f550,"{""distance"":3,""physical_error_rate"":1e-05}","{""detection_events"":42,""detectors_checked"":1327104}"
      1024,         0,         0,   0.001,decoder_by_matrix,73784f3389b885bc1b704dac0b44b83e08b79da81bcec9ed749229213445f550,"{""distance"":3,""physical_error_rate"":1e-05}","{""detectors_checked"":55296}"
     12288,         0,         0,   0.496,decoder_by_matrix,c8397cb2c46e4683a6f3970bc42cef1aabfef4d80cfcd6b8313e87630b680ee2,"{""distance"":3,""physical_error_rate"":0.0001}","{""detection_events"":150,""detectors_checked"":663552}"
      1024,         0,         0,   0.001,decoder_by_matrix,c8397cb2c46e4683a6f3970bc42cef1aabfef4d80cfcd6b8313e87630b680ee2,"{""distance"":3,""physical_error_rate"":0.0001}","{""detectors_checked"":55296}"
     15360,         0,         0,   0.502,decoder_by_matrix,cd5aa4935a142b600239883e928f6c7fc9fbc8c84161e9ed59cf2551b7ebfc3d,"{""distance"":3,""physical_error_rate"":5e-05}","{""detection_events"":114,""detectors_checked"":829440}"
      1024,         0,         0,   0.002,decoder_by_matrix,cd5aa4935a142b600239883e928f6c7fc9fbc8c84161e9ed59cf2551b7ebfc3d,"{""distance"":3,""physical_error_rate"":5e-05}","{""detection_events"":6,""detectors_checked"":55296}"
      7168,        62,         0,   0.122,decoder_by_matrix,c0504c10f5ab777f87672229571c10df6954ae4e739b135e111b80009949f281,"{""distance"":3,""physical_error_rate"":0.01}","{""detection_events"":8355,""detectors_checked"":387072,""obs_mistake_mask=EEE_"":1,""obs_mistake_mask=EE_E"":1,""obs_mistake_mask=E__E"":2,""obs_mistake_mask=E___"":6,""obs_mistake_mask=_EEE"":6,""obs_mistake_mask=_EE_"":3,""obs_mistake_mask=_E_E"":4,""obs_mistake_mask=_E__"":13,""obs_mistake_mask=__EE"":4,""obs_mistake_mask=__E_"":14,""obs_mistake_mask=___E"":8}"
      1024,         5,         0,   0.003,decoder_by_matrix,c0504c10f5ab777f87672229571c10df6954ae4e739b135e111b80009949f281,"{""distance"":3,""physical_error_rate"":0.01}","{""detection_events"":1257,""detectors_checked"":55296,""obs_mistake_mask=EE__"":1,""obs_mistake_mask=_EEE"":1,""obs_mistake_mask=_EE_"":1,""obs_mistake_mask=_E__"":1,""obs_mistake_mask=___E"":1}"
      9216,         0,         0,   0.117,decoder_by_matrix,cd5aa4935a142b600239883e928f6c7fc9fbc8c84161e9ed59cf2551b7ebfc3d,"{""distance"":3,""physical_error_rate"":5e-05}","{""detection_events"":45,""detectors_checked"":497664}"
     14336,         2,         0,   0.743,decoder_by_matrix,e45af4f98fc7ee1c9936a6749fec74122c57b4ab96343d0e01c96593a4531898,"{""distance"":3,""physical_error_rate"":0.001}","{""detection_events"":1839,""detectors_checked"":774144,""obs_mistake_mask=_EE_"":1,""obs_mistake_mask=__E_"":1}"
      8192,        17,         0,   0.317,decoder_by_matrix,fe15b11dcb8b3f13c3ba2812b146e413e309c65e07905a09cf6ecd916cf41bda,"{""distance"":3,""physical_error_rate"":0.005}","{""detection_events"":5043,""detectors_checked"":442368,""obs_mistake_mask=E___"":1,""obs_mistake_mask=_EEE"":1,""obs_mistake_mask=_EE_"":1,""obs_mistake_mask=_E_E"":1,""obs_mistake_mask=__EE"":6,""obs_mistake_mask=__E_"":4,""obs_mistake_mask=___E"":3}"
      1024,         2,         0,   0.002,decoder_by_matrix,fe15b11dcb8b3f13c3ba2812b146e413e309c65e07905a09cf6ecd916cf41bda,"{""distance"":3,""physical_error_rate"":0.005}","{""detection_events"":579,""detectors_checked"":55296,""obs_mistake_mask=__E_"":2}"
      1024,         0,         0,   0.001,decoder_by_matrix,b3c6da8537ae85d54cd5acd57fc4d5a00e23be04de7c70760ac5fa4b0f5f70dc,"{""distance"":3,""physical_error_rate"":1e-06}","{""detectors_checked"":55296}"
      1024,         0,         0,   0.001,decoder_by_matrix,b3c6da8537ae85d54cd5acd57fc4d5a00e23be04de7c70760ac5fa4b0f5f70dc,"{""distance"":3,""physical_error_rate"":1e-06}","{""detectors_checked"":55296}"
      7168,         7,         0,   0.283,decoder_by_matrix,fe15b11dcb8b3f13c3ba2812b146e413e309c65e07905a09cf6ecd916cf41bda,"{""distance"":3,""physical_error_rate"":0.005}","{""detection_events"":3936,""detectors_checked"":387072,""obs_mistake_mask=E___"":2,""obs_mistake_mask=_EEE"":1,""obs_mistake_mask=_EE_"":1,""obs_mistake_mask=_E__"":1,""obs_mistake_mask=__EE"":1,""obs_mistake_mask=___E"":1}"
      1024,         3,         0,   0.002,decoder_by_matrix,fe15b11dcb8b3f13c3ba2812b146e413e309c65e07905a09cf6ecd916cf41bda,"{""distance"":3,""physical_error_rate"":0.005}","{""detection_events"":687,""detectors_checked"":55296,""obs_mistake_mask=_EEE"":1,""obs_mistake_mask=_E__"":1,""obs_mistake_mask=__E_"":1}"
     32768,         0,         0,   0.592,decoder_by_matrix,73784f3389b885bc1b704dac0b44b83e08b79da81bcec9ed749229213445f550,"{""distance"":3,""physical_error_rate"":1e-05}","{""detection_events"":42,""detectors_checked"":1769472}"
      1024,         0,         0,   0.001,decoder_by_matrix,73784f3389b885bc1b704dac0b44b83e08b79da81bcec9ed749229213445f550,"{""distance"":3,""physical_error_rate"":1e-05}","{""detectors_checked"":55296}"
     17408,         0,         0,   0.292,decoder_by_matrix,cd5aa4935a142b600239883e928f6c7fc9fbc8c84161e9ed59cf2551b7ebfc3d,"{""distance"":3,""physical_error_rate"":5e-05}","{""detection_events"":102,""detectors_checked"":940032}"
      1024,         0,         0,   0.002,decoder_by_matrix,cd5aa4935a142b600239883e928f6c7fc9fbc8c84161e9ed59cf2551b7ebfc3d,"{""distance"":3,""physical_error_rate"":5e-05}","{""detection_events"":12,""detectors_checked"":55296}"
      5120,         9,         0,   0.134,decoder_by_matrix,fe15b11dcb8b3f13c3ba2812b146e413e309c65e07905a09cf6ecd916cf41bda,"{""distance"":3,""physical_error_rate"":0.005}","{""detection_events"":3000,""detectors_checked"":276480,""obs_mistake_mask=E___"":2,""obs_mistake_mask=_EEE"":1,""obs_mistake_mask=_EE_"":2,""obs_mistake_mask=_E_E"":1,""obs_mistake_mask=_E__"":1,""obs_mistake_mask=__EE"":1,""obs_mistake_mask=__E_"":1}"
      1024,         0,         0,   0.002,decoder_by_matrix,fe15b11dcb8b3f13c3ba2812b146e413e309c65e07905a09cf6ecd916cf41bda,"{""distance"":3,""physical_error_rate"":0.005}","{""detection_events"":705,""detectors_checked"":55296}"
     13312,         0,         0,   0.211,decoder_by_matrix,b3c6da8537ae85d54cd5acd57fc4d5a00e23be04de7c70760ac5fa4b0f5f70dc,"{""distance"":3,""physical_error_rate"":1e-06}","{""detectors_checked"":718848}"
      1024,         0,         0,   0.001,decoder_by_matrix,b3c6da8537ae85d54cd5acd57fc4d5a00e23be04de7c70760ac5fa4b0f5f70dc,"{""distance"":3,""physical_error_rate"":1e-06}","{""detectors_checked"":55296}"
      6144,         0,         0,   0.214,decoder_by_matrix,cd5aa4935a142b600239883e928f6c7fc9fbc8c84161e9ed59cf2551b7ebfc3d,"{""distance"":3,""physical_error_rate"":5e-05}","{""detection_events"":36,""detectors_checked"":331776}"
      5120,         1,         0,   0.115,decoder_by_matrix,e45af4f98fc7ee1c9936a6749fec74122c57b4ab96343d0e01c96593a4531898,"{""distance"":3,""physical_error_rate"":0.001}","{""detection_events"":621,""detectors_checked"":276480,""obs_mistake_mask=_E__"":1}"
      1024,         0,         0,   0.002,decoder_by_matrix,e45af4f98fc7ee1c9936a6749fec74122c57b4ab96343d0e01c96593a4531898,"{""distance"":3,""physical_error_rate"":0.001}","{""detection_events"":132,""detectors_checked"":55296}"
      4096,        46,         0,   0.166,decoder_by_matrix,c0504c10f5ab777f87672229571c10df6954ae4e739b135e111b80009949f281,"{""distance"":3,""physical_error_rate"":0.01}","{""detection_events"":4809,""detectors_checked"":221184,""obs_mistake_mask=EEE_"":1,""obs_mistake_mask=E___"":6,""obs_mistake_mask=_EEE"":5,""obs_mistake_mask=_EE_"":5,""obs_mistake_mask=_E_E"":4,""obs_mistake_mask=_E__"":7,""obs_mistake_mask=__EE"":4,""obs_mistake_mask=__E_"":6,""obs_mistake_mask=___E"":8}"
      1024,         4,         0,   0.002,decoder_by_matrix,c0504c10f5ab777f87672229571c10df6954ae4e739b135e111b80009949f281,"{""distance"":3,""physical_error_rate"":0.01}","{""detection_events"":1137,""detectors_checked"":55296,""obs_mistake_mask=_EE_"":1,""obs_mistake_mask=__E_"":3}"
      1024,         0,         0,   0.002,decoder_by_matrix,cd5aa4935a142b600239883e928f6c7fc9fbc8c84161e9ed59cf2551b7ebfc3d,"{""distance"":3,""physical_error_rate"":5e-05}","{""detection_events"":6,""detectors_checked"":55296}"
     12288,         0,         0,   0.567,decoder_by_matrix,5dee359087c4b9ae2c20477a4d5136d2695095b0438111838e7093c679bd3c20,"{""distance"":3,""physical_error_rate"":0.0005}","{""detection_events"":759,""detectors_checked"":663552}"
     11264,         0,         0,   0.494,decoder_by_matrix,e45af4f98fc7ee1c9936a6749fec74122c57b4ab96343d0e01c96593a4531898,"{""distance"":3,""physical_error_rate"":0.001}","{""detection_events"":1365,""detectors_checked"":608256}"
      8192,        59,         0,   0.579,decoder_by_matrix,c0504c10f5ab777f87672229571c10df6954ae4e739b135e111b80009949f281,"{""distance"":3,""physical_error_rate"":0.01}","{""detection_events"":9498,""detectors_checked"":442368,""obs_mistake_mask=EE__"":3,""obs_mistake_mask=E___"":6,""obs_mistake_mask=_EEE"":9,""obs_mistake_mask=_EE_"":4,""obs_mistake_mask=_E_E"":5,""obs_mistake_mask=_E__"":8,""obs_mistake_mask=__EE"":7,""obs_mistake_mask=__E_"":5,""obs_mistake_mask=___E"":12}"
     31744,         0,         0,   0.596,decoder_by_matrix,1222905ef2c3e0b3841e2be415851bad02a0949e12b9844f6b979980572eaa40,"{""distance"":3,""physical_error_rate"":5e-06}","{""detection_events"":27,""detectors_checked"":1714176}"
      7168,         0,         0,   0.156,decoder_by_matrix,cd5aa4935a142b600239883e928f6c7fc9fbc8c84161e9ed59cf2551b7ebfc3d,"{""distance"":3,""physical_error_rate"":5e-05}","{""detection_events"":54,""detectors_checked"":387072}"
      1024,         0,         0,   0.002,decoder_by_matrix,cd5aa4935a142b600239883e928f6c7fc9fbc8c84161e9ed59cf2551b7ebfc3d,"{""distance"":3,""physical_error_rate"":5e-05}","{""detection_events"":9,""detectors_checked"":55296}"
     11264,         0,         0,   0.084,decoder_by_matrix,73784f3389b885bc1b704dac0b44b83e08b79da81bcec9ed749229213445f550,"{""distance"":3,""physical_error_rate"":1e-05}","{""detection_events"":21,""detectors_checked"":608256}"
      1024,         0,         0,   0.001,decoder_by_matrix,73784f3389b885bc1b704dac0b44b83e08b79da81bcec9ed749229213445f550,"{""distance"":3,""physical_error_rate"":1e-05}","{""detectors_checked"":55296}"
     35840,         0,         0,   0.655,decoder_by_matrix,1222905ef2c3e0b3841e2be415851bad02a0949e12b9844f6b979980572eaa40,"{""distance"":3,""physical_error_rate"":5e-06}","{""detection_events"":18,""detectors_checked"":1935360}"
      1024,         0,         0,   0.001,decoder_by_matrix,1222905ef2c3e0b3841e2be415851bad02a0949e12b9844f6b979980572eaa40,"{""distance"":3,""physical_error_rate"":5e-06}","{""detectors_checked"":55296}"
      6144,         0,         0,   0.175,decoder_by_matrix,e45af4f98fc7ee1c9936a6749fec74122c57b4ab96343d0e01c96593a4531898,"{""distance"":3,""physical_error_rate"":0.001}","{""detection_events"":921,""detectors_checked"":331776}"
      1024,         0,         0,   0.002,decoder_by_matrix,e45af4f98fc7ee1c9936a6749fec74122c57b4ab96343d0e01c96593a4531898,"{""distance"":3,""physical_error_rate"":0.001}","{""detection_events"":117,""detectors_checked"":55296}"
     16384,         0,         0,   0.648,decoder_by_matrix,c8397cb2c46e4683a6f3970bc42cef1aabfef4d80cfcd6b8313e87630b680ee2,"{""distance"":3,""physical_error_rate"":0.0001}","{""detection_events"":192,""detectors_checked"":884736}"
      1024,         0,         0,   0.002,decoder_by_matrix,c8397cb2c46e4683a6f3970bc42cef1aabfef4d80cfcd6b8313e87630b680ee2,"{""distance"":3,""physical_error_rate"":0.0001}","{""detection_events"":24,""detectors_checked"":55296}"
     15360,         0,         0,   0.576,decoder_by_matrix,5dee359087c4b9ae2c20477a4d5136d2695095b0438111838e7093c679bd3c20,"{""distance"":3,""physical_error_rate"":0.0005}","{""detection_events"":978,""detectors_checked"":829440}"
      1024,         0,         0,   0.002,decoder_by_matrix,5dee359087c4b9ae2c20477a4d5136d2695095b0438111838e7093c679bd3c20,"{""distance"":3,""physical_error_rate"":0.0005}","{""detection_events"":30,""detectors_checked"":55296}"
     17408,         0,         0,   0.062,decoder_by_matrix,b3c6da8537ae85d54cd5acd57fc4d5a00e23be04de7c70760ac5fa4b0f5f70dc,"{""distance"":3,""physical_error_rate"":1e-06}","{""detectors_checked"":940032}"
      1024,         0,         0,   0.001,decoder_by_matrix,b3c6da8537ae85d54cd5acd57fc4d5a00e23be04de7c70760ac5fa4b0f5f70dc,"{""distance"":3,""physical_error_rate"":1e-06}","{""detectors_checked"":55296}"
      6144,         0,         0,   0.153,decoder_by_matrix,5dee359087c4b9ae2c20477a4d5136d2695095b0438111838e7093c679bd3c20,"{""distance"":3,""physical_error_rate"":0.0005}","{""detection_events"":294,""detectors_checked"":331776}"
      1024,         0,         0,   0.002,decoder_by_matrix,5dee359087c4b9ae2c20477a4d5136d2695095b0438111838e7093c679bd3c20,"{""distance"":3,""physical_error_rate"":0.0005}","{""detection_events"":84,""detectors_checked"":55296}"
      9216,        15,         0,   0.566,decoder_by_matrix,fe15b11dcb8b3f13c3ba2812b146e413e309c65e07905a09cf6ecd916cf41bda,"{""distance"":3,""physical_error_rate"":0.005}","{""detection_events"":5328,""detectors_checked"":497664,""obs_mistake_mask=E___"":1,""obs_mistake_mask=_EEE"":1,""obs_mistake_mask=_EE_"":2,""obs_mistake_mask=_E__"":5,""obs_mistake_mask=__EE"":1,""obs_mistake_mask=__E_"":1,""obs_mistake_mask=___E"":4}"
     10240,        10,         0,   0.469,decoder_by_matrix,fe15b11dcb8b3f13c3ba2812b146e413e309c65e07905a09cf6ecd916cf41bda,"{""distance"":3,""physical_error_rate"":0.005}","{""detection_events"":6132,""detectors_checked"":552960,""obs_mistake_mask=E___"":3,""obs_mistake_mask=_EE_"":1,""obs_mistake_mask=_E__"":3,""obs_mistake_mask=___E"":3}"
      9216,        26,         0,   0.568,decoder_by_matrix,fe15b11dcb8b3f13c3ba2812b146e413e309c65e07905a09cf6ecd916cf41bda,"{""distance"":3,""physical_error_rate"":0.005}","{""detection_events"":5847,""detectors_checked"":497664,""obs_mistake_mask=E___"":4,""obs_mistake_mask=_EEE"":1,""obs_mistake_mask=_EE_"":3,""obs_mistake_mask=_E_E"":2,""obs_mistake_mask=__EE"":2,""obs_mistake_mask=__E_"":8,""obs_mistake_mask=___E"":6}"
     32768,         0,         0,   0.465,decoder_by_matrix,1222905ef2c3e0b3841e2be415851bad02a0949e12b9844f6b979980572eaa40,"{""distance"":3,""physical_error_rate"":5e-06}","{""detection_events"":6,""detectors_checked"":1769472}"
      1024,         0,         0,   0.001,decoder_by_matrix,1222905ef2c3e0b3841e2be415851bad02a0949e12b9844f6b979980572eaa40,"{""distance"":3,""physical_error_rate"":5e-06}","{""detectors_checked"":55296}"
     13312,         5,         0,   0.490,decoder_by_matrix,e45af4f98fc7ee1c9936a6749fec74122c57b4ab96343d0e01c96593a4531898,"{""distance"":3,""physical_error_rate"":0.001}","{""detection_events"":1533,""detectors_checked"":718848,""obs_mistake_mask=_E_E"":1,""obs_mistake_mask=__EE"":2,""obs_mistake_mask=__E_"":1,""obs_mistake_mask=___E"":1}"
     34816,         0,         0,   0.498,decoder_by_matrix,b3c6da8537ae85d54cd5acd57fc4d5a00e23be04de7c70760ac5fa4b0f5f70dc,"{""distance"":3,""physical_error_rate"":1e-06}","{""detection_events"":3,""detectors_checked"":1880064}"
     24576,         0,         0,   0.652,decoder_by_matrix,1222905ef2c3e0b3841e2be415851bad02a0949e12b9844f6b979980572eaa40,"{""distance"":3,""physical_error_rate"":5e-06}","{""detection_events"":57,""detectors_checked"":1327104}"
     13312,         1,         0,   0.671,decoder_by_matrix,e45af4f98fc7ee1c9936a6749fec74122c57b4ab96343d0e01c96593a4531898,"{""distance"":3,""physical_error_rate"":0.001}","{""detection_events"":1548,""detectors_checked"":718848,""obs_mistake_mask=_E_E"":1}"
     27648,         0,         0,   0.530,decoder_by_matrix,73784f3389b885bc1b704dac0b44b83e08b79da81bcec9ed749229213445f550,"{""distance"":3,""physical_error_rate"":1e-05}","{""detection_events"":36,""detectors_checked"":1492992}"
      8192,        52,         0,   0.618,decoder_by_matrix,c0504c10f5ab777f87672229571c10df6954ae4e739b135e111b80009949f281,"{""distance"":3,""physical_error_rate"":0.01}","{""detection_events"":9681,""detectors_checked"":442368,""obs_mistake_mask=EE__"":1,""obs_mistake_mask=E___"":6,""obs_mistake_mask=_EEE"":2,""obs_mistake_mask=_EE_"":5,""obs_mistake_mask=_E_E"":4,""obs_mistake_mask=_E__"":11,""obs_mistake_mask=__EE"":4,""obs_mistake_mask=__E_"":11,""obs_mistake_mask=___E"":8}"
      1024,         5,         0,   0.003,decoder_by_matrix,c0504c10f5ab777f87672229571c10df6954ae4e739b135e111b80009949f281,"{""distance"":3,""physical_error_rate"":0.01}","{""detection_events"":1032,""detectors_checked"":55296,""obs_mistake_mask=_EEE"":2,""obs_mistake_mask=_E__"":1,""obs_mistake_mask=___E"":2}"
      2048,         0,         0,   0.043,decoder_by_matrix,c8397cb2c46e4683a6f3970bc42cef1aabfef4d80cfcd6b8313e87630b680ee2,"{""distance"":3,""physical_error_rate"":0.0001}","{""detection_events"":12,""detectors_checked"":110592}"
      1024,         0,         0,   0.002,decoder_by_matrix,c8397cb2c46e4683a6f3970bc42cef1aabfef4d80cfcd6b8313e87630b680ee2,"{""distance"":3,""physical_error_rate"":0.0001}","{""detection_events"":9,""detectors_checked"":55296}"
      5120,         0,         0,   0.033,decoder_by_matrix,5dee359087c4b9ae2c20477a4d5136d2695095b0438111838e7093c679bd3c20,"{""distance"":3,""physical_error_rate"":0.0005}","{""detection_events"":339,""detectors_checked"":276480}"
      1024,         0,         0,   0.002,decoder_by_matrix,5dee359087c4b9ae2c20477a4d5136d2695095b0438111838e7093c679bd3c20,"{""distance"":3,""physical_error_rate"":0.0005}","{""detection_events"":81,""detectors_checked"":55296}"
     27648,         0,         0,   0.664,decoder_by_matrix,73784f3389b885bc1b704dac0b44b83e08b79da81bcec9ed749229213445f550,"{""distance"":3,""physical_error_rate"":1e-05}","{""detection_events"":36,""detectors_checked"":1492992}"
      1024,         0,         0,   0.001,decoder_by_matrix,73784f3389b885bc1b704dac0b44b83e08b79da81bcec9ed749229213445f550,"{""distance"":3,""physical_error_rate"":1e-05}","{""detectors_checked"":55296}"
      8192,        75,         0,   0.591,decoder_by_matrix,c0504c10f5ab777f87672229571c10df6954ae4e739b135e111b80009949f281,"{""distance"":3,""physical_error_rate"":0.01}","{""detection_events"":9468,""detectors_checked"":442368,""obs_mistake_mask=E___"":5,""obs_mistake_mask=_EEE"":10,""obs_mistake_mask=_EE_"":7,""obs_mistake_mask=_E_E"":11,""obs_mistake_mask=_E__"":13,""obs_mistake_mask=__EE"":5,""obs_mistake_mask=__E_"":6,""obs_mistake_mask=___E"":18}"
      1024,         9,         0,   0.003,decoder_by_matrix,c0504c10f5ab777f87672229571c10df6954ae4e739b135e111b80009949f281,"{""distance"":3,""physical_error_rate"":0.01}","{""detection_events"":1119,""detectors_checked"":55296,""obs_mistake_mask=E___"":1,""obs_mistake_mask=_EEE"":2,""obs_mistake_mask=_EE_"":2,""obs_mistake_mask=_E_E"":1,""obs_mistake_mask=_E__"":2,""obs_mistake_mask=___E"":1}"
      5120,        44,         0,   0.178,decoder_by_matrix,c0504c10f5ab777f87672229571c10df6954ae4e739b135e111b80009949f281,"{""distance"":3,""physical_error_rate"":0.01}","{""detection_events"":6204,""detectors_checked"":276480,""obs_mistake_mask=E___"":3,""obs_mistake_mask=_EEE"":5,""obs_mistake_mask=_EE_"":5,""obs_mistake_mask=_E_E"":6,""obs_mistake_mask=_E__"":7,""obs_mistake_mask=__EE"":3,""obs_mistake_mask=__E_"":7,""obs_mistake_mask=___E"":8}"
      1024,         8,         0,   0.003,decoder_by_matrix,c0504c10f5ab777f87672229571c10df6954ae4e739b135e111b80009949f281,"{""distance"":3,""physical_error_rate"":0.01}","{""detection_events"":1080,""detectors_checked"":55296,""obs_mistake_mask=E___"":1,""obs_mistake_mask=_EEE"":2,""obs_mistake_mask=__EE"":1,""obs_mistake_mask=__E_"":2,""obs_mistake_mask=___E"":2}"
     13312,         0,         0,   0.364,decoder_by_matrix,c8397cb2c46e4683a6f3970bc42cef1aabfef4d80cfcd6b8313e87630b680ee2,"{""distance"":3,""physical_error_rate"":0.0001}","{""detection_events"":114,""detectors_checked"":718848}"
      4096,         1,         0,   0.104,decoder_by_matrix,e45af4f98fc7ee1c9936a6749fec74122c57b4ab96343d0e01c96593a4531898,"{""distance"":3,""physical_error_rate"":0.001}","{""detection_events"":540,""detectors_checked"":221184,""obs_mistake_mask=_EE_"":1}"
     35840,         0,         0,   0.727,decoder_by_matrix,b3c6da8537ae85d54cd5acd57fc4d5a00e23be04de7c70760ac5fa4b0f5f70dc,"{""distance"":3,""physical_error_rate"":1e-06}","{""detection_events"":6,""detectors_checked"":1935360}"
      1024,         0,         0,   0.001,decoder_by_matrix,b3c6da8537ae85d54cd5acd57fc4d5a00e23be04de7c70760ac5fa4b0f5f70dc,"{""distance"":3,""physical_error_rate"":1e-06}","{""detectors_checked"":55296}"
      5120,        13,         0,   0.174,decoder_by_matrix,fe15b11dcb8b3f13c3ba2812b146e413e309c65e07905a09cf6ecd916cf41bda,"{""distance"":3,""physical_error_rate"":0.005}","{""detection_events"":2919,""detectors_checked"":276480,""obs_mistake_mask=_EE_"":3,""obs_mistake_mask=_E_E"":1,""obs_mistake_mask=__EE"":2,""obs_mistake_mask=__E_"":6,""obs_mistake_mask=___E"":1}"
      1024,         4,         0,   0.002,decoder_by_matrix,fe15b11dcb8b3f13c3ba2812b146e413e309c65e07905a09cf6ecd916cf41bda,"{""distance"":3,""physical_error_rate"":0.005}","{""detection_events"":603,""detectors_checked"":55296,""obs_mistake_mask=E___"":1,""obs_mistake_mask=_EEE"":1,""obs_mistake_mask=_E_E"":1,""obs_mistake_mask=__E_"":1}"
     16384,         0,         0,   0.206,decoder_by_matrix,b3c6da8537ae85d54cd5acd57fc4d5a00e23be04de7c70760ac5fa4b0f5f70dc,"{""distance"":3,""physical_error_rate"":1e-06}","{""detection_events"":3,""detectors_checked"":884736}"
      1024,         0,         0,   0.001,decoder_by_matrix,b3c6da8537ae85d54cd5acd57fc4d5a00e23be04de7c70760ac5fa4b0f5f70dc,"{""distance"":3,""physical_error_rate"":1e-06}","{""detectors_checked"":55296}"
     33792,         0,         0,   0.795,decoder_by_matrix,73784f3389b885bc1b704dac0b44b83e08b79da81bcec9ed749229213445f550,"{""distance"":3,""physical_error_rate"":1e-05}","{""detection_events"":24,""detectors_checked"":1824768}"
     15360,         0,         0,   0.452,decoder_by_matrix,cd5aa4935a142b600239883e928f6c7fc9fbc8c84161e9ed59cf2551b7ebfc3d,"{""distance"":3,""physical_error_rate"":5e-05}","{""detection_events"":63,""detectors_checked"":829440}"
     18432,         0,         0,   0.944,decoder_by_matrix,cd5aa4935a142b600239883e928f6c7fc9fbc8c84161e9ed59cf2551b7ebfc3d,"{""distance"":3,""physical_error_rate"":5e-05}","{""detection_events"":150,""detectors_checked"":995328}"
     15360,         0,         0,   0.398,decoder_by_matrix,cd5aa4935a142b600239883e928f6c7fc9fbc8c84161e9ed59cf2551b7ebfc3d,"{""distance"":3,""physical_error_rate"":5e-05}","{""detection_events"":36,""detectors_checked"":829440}"
      1024,         0,         0,   0.002,decoder_by_matrix,cd5aa4935a142b600239883e928f6c7fc9fbc8c84161e9ed59cf2551b7ebfc3d,"{""distance"":3,""physical_error_rate"":5e-05}","{""detection_events"":15,""detectors_checked"":55296}"
      6144,        51,         0,   0.535,decoder_by_matrix,c0504c10f5ab777f87672229571c10df6954ae4e739b135e111b80009949f281,"{""distance"":3,""physical_error_rate"":0.01}","{""detection_events"":7290,""detectors_checked"":331776,""obs_mistake_mask=EE_E"":1,""obs_mistake_mask=E___"":9,""obs_mistake_mask=_EEE"":5,""obs_mistake_mask=_EE_"":1,""obs_mistake_mask=_E_E"":5,""obs_mistake_mask=_E__"":11,""obs_mistake_mask=__EE"":3,""obs_mistake_mask=__E_"":8,""obs_mistake_mask=___E"":8}"
     22528,         0,         0,   0.538,decoder_by_matrix,1222905ef2c3e0b3841e2be415851bad02a0949e12b9844f6b979980572eaa40,"{""distance"":3,""physical_error_rate"":5e-06}","{""detection_events"":33,""detectors_checked"":1216512}"
     12288,         0,         0,   0.535,decoder_by_matrix,c8397cb2c46e4683a6f3970bc42cef1aabfef4d80cfcd6b8313e87630b680ee2,"{""distance"":3,""physical_error_rate"":0.0001}","{""detection_events"":138,""detectors_checked"":663552}"
      1024,         0,         0,   0.002,decoder_by_matrix,c8397cb2c46e4683a6f3970bc42cef1aabfef4d80cfcd6b8313e87630b680ee2,"{""distance"":3,""physical_error_rate"":0.0001}","{""detection_events"":6,""detectors_checked"":55296}"
      6144,        48,         0,   0.255,decoder_by_matrix,c0504c10f5ab777f87672229571c10df6954ae4e739b135e111b80009949f281,"{""distance"":3,""physical_error_rate"":0.01}","{""detection_events"":7116,""detectors_checked"":331776,""obs_mistake_mask=EE_E"":1,""obs_mistake_mask=E_EE"":1,""obs_mistake_mask=E___"":4,""obs_mistake_mask=_EEE"":14,""obs_mistake_mask=_EE_"":7,""obs_mistake_mask=_E_E"":1,""obs_mistake_mask=_E__"":5,""obs_mistake_mask=__EE"":3,""obs_mistake_mask=__E_"":8,""obs_mistake_mask=___E"":4}"
     13312,         0,         0,   0.484,decoder_by_matrix,5dee359087c4b9ae2c20477a4d5136d2695095b0438111838e7093c679bd3c20,"{""distance"":3,""physical_error_rate"":0.0005}","{""detection_events"":801,""detectors_checked"":718848}"
     12288,         0,         0,   0.618,decoder_by_matrix,e45af4f98fc7ee1c9936a6749fec74122c57b4ab96343d0e01c96593a4531898,"{""distance"":3,""physical_error_rate"":0.001}","{""detection_events"":1422,""detectors_checked"":663552}"
      1024,         0,         0,   0.002,decoder_by_matrix,e45af4f98fc7ee1c9936a6749fec74122c57b4ab96343d0e01c96593a4531898,"{""distance"":3,""physical_error_rate"":0.001}","{""detection_events"":135,""detectors_checked"":55296}"
     30720,         0,         0,   0.592,decoder_by_matrix,1222905ef2c3e0b3841e2be415851bad02a0949e12b9844f6b979980572eaa40,"{""distance"":3,""physical_error_rate"":5e-06}","{""detection_events"":24,""detectors_checked"":1658880}"
     13312,         0,         0,   0.582,decoder_by_matrix,c8397cb2c46e4683a6f3970bc42cef1aabfef4d80cfcd6b8313e87630b680ee2,"{""distance"":3,""physical_error_rate"":0.0001}","{""detection_events"":135,""detectors_checked"":718848}"
      1024,         0,         0,   0.002,decoder_by_matrix,c8397cb2c46e4683a6f3970bc42cef1aabfef4d80cfcd6b8313e87630b680ee2,"{""distance"":3,""physical_error_rate"":0.0001}","{""detection_events"":15,""detectors_checked"":55296}"
      8192,         0,         0,   0.055,decoder_by_matrix,cd5aa4935a142b600239883e928f6c7fc9fbc8c84161e9ed59cf2551b7ebfc3d,"{""distance"":3,""physical_error_rate"":5e-05}","{""detection_events"":39,""detectors_checked"":442368}"
      1024,         0,         0,   0.001,decoder_by_matrix,cd5aa4935a142b600239883e928f6c7fc9fbc8c84161e9ed59cf2551b7ebfc3d,"{""distance"":3,""physical_error_rate"":5e-05}","{""detectors_checked"":55296}"
      6144,         0,         0,   0.135,decoder_by_matrix,c8397cb2c46e4683a6f3970bc42cef1aabfef4d80cfcd6b8313e87630b680ee2,"{""distance"":3,""physical_error_rate"":0.0001}","{""detection_events"":60,""detectors_checked"":331776}"
      1024,         0,         0,   0.001,decoder_by_matrix,c8397cb2c46e4683a6f3970bc42cef1aabfef4d80cfcd6b8313e87630b680ee2,"{""distance"":3,""physical_error_rate"":0.0001}","{""detectors_checked"":55296}"
     10240,         2,         0,   0.407,decoder_by_matrix,e45af4f98fc7ee1c9936a6749fec74122c57b4ab96343d0e01c96593a4531898,"{""distance"":3,""physical_error_rate"":0.001}","{""detection_events"":1299,""detectors_checked"":552960,""obs_mistake_mask=_EE_"":1,""obs_mistake_mask=___E"":1}"
      1024,         0,         0,   0.002,decoder_by_matrix,e45af4f98fc7ee1c9936a6749fec74122c57b4ab96343d0e01c96593a4531898,"{""distance"":3,""physical_error_rate"":0.001}","{""detection_events"":108,""detectors_checked"":55296}"
      8192,        13,         0,   0.570,decoder_by_matrix,fe15b11dcb8b3f13c3ba2812b146e413e309c65e07905a09cf6ecd916cf41bda,"{""distance"":3,""physical_error_rate"":0.005}","{""detection_events"":4860,""detectors_checked"":442368,""obs_mistake_mask=E___"":1,""obs_mistake_mask=_EEE"":1,""obs_mistake_mask=_EE_"":1,""obs_mistake_mask=_E_E"":1,""obs_mistake_mask=_E__"":4,""obs_mistake_mask=__EE"":1,""obs_mistake_mask=__E_"":1,""obs_mistake_mask=___E"":3}"
      1024,         2,         0,   0.002,decoder_by_matrix,fe15b11dcb8b3f13c3ba2812b146e413e309c65e07905a09cf6ecd916cf41bda,"{""distance"":3,""physical_error_rate"":0.005}","{""detection_events"":630,""detectors_checked"":55296,""obs_mistake_mask=_E__"":1,""obs_mistake_mask=__EE"":1}"
     15360,         0,         0,   0.409,decoder_by_matrix,1222905ef2c3e0b3841e2be415851bad02a0949e12b9844f6b979980572eaa40,"{""distance"":3,""physical_error_rate"":5e-06}","{""detection_events"":6,""detectors_checked"":829440}"
     11264,         0,         0,   0.542,decoder_by_matrix,5dee359087c4b9ae2c20477a4d5136d2695095b0438111838e7093c679bd3c20,"{""distance"":3,""physical_error_rate"":0.0005}","{""detection_events"":702,""detectors_checked"":608256}"
     38912,         0,         0,   0.798,decoder_by_matrix,b3c6da8537ae85d54cd5acd57fc4d5a00e23be04de7c70760ac5fa4b0f5f70dc,"{""distance"":3,""physical_error_rate"":1e-06}","{""detectors_checked"":2101248}"
      9216,        19,         0,   0.581,decoder_by_matrix,fe15b11dcb8b3f13c3ba2812b146e413e309c65e07905a09cf6ecd916cf41bda,"{""distance"":3,""physical_error_rate"":0.005}","{""detection_events"":5520,""detectors_checked"":497664,""obs_mistake_mask=E___"":1,""obs_mistake_mask=_EEE"":2,""obs_mistake_mask=_EE_"":1,""obs_mistake_mask=_E_E"":4,""obs_mistake_mask=_E__"":3,""obs_mistake_mask=__EE"":2,""obs_mistake_mask=__E_"":4,""obs_mistake_mask=___E"":2}"
     14336,         0,         0,   0.839,decoder_by_matrix,5dee359087c4b9ae2c20477a4d5136d2695095b0438111838e7093c679bd3c20,"{""distance"":3,""physical_error_rate"":0.0005}","{""detection_events"":774,""detectors_checked"":774144}"
     17408,         0,         0,   0.801,decoder_by_matrix,c8397cb2c46e4683a6f3970bc42cef1aabfef4d80cfcd6b8313e87630b680ee2,"{""distance"":3,""physical_error_rate"":0.0001}","{""detection_events"":237,""detectors_checked"":940032}"
     24576,         0,         0,   0.210,decoder_by_matrix,b3c6da8537ae85d54cd5acd57fc4d5a00e23be04de7c70760ac5fa4b0f5f70dc,"{""distance"":3,""physical_error_rate"":1e-06}","{""detectors_checked"":1327104}"
      1024,         0,         0,   0.001,decoder_by_matrix,b3c6da8537ae85d54cd5acd57fc4d5a00e23be04de7c70760ac5fa4b0f5f70dc,"{""distance"":3,""physical_error_rate"":1e-06}","{""detectors_checked"":55296}"
     16384,         0,         0,   0.121,decoder_by_matrix,73784f3389b885bc1b704dac0b44b83e08b79da81bcec9ed749229213445f550,"{""distance"":3,""physical_error_rate"":1e-05}","{""detection_events"":30,""detectors_checked"":884736}"
      1024,         0,         0,   0.001,decoder_by_matrix,73784f3389b885bc1b704dac0b44b83e08b79da81bcec9ed749229213445f550,"{""distance"":3,""physical_error_rate"":1e-05}","{""detectors_checked"":55296}"
     39936,         0,         0,   0.752,decoder_by_matrix,1222905ef2c3e0b3841e2be415851bad02a0949e12b9844f6b979980572eaa40,"{""distance"":3,""physical_error_rate"":5e-06}","{""detection_events"":6,""detectors_checked"":2156544}"
      1024,         0,         0,   0.001,decoder_by_matrix,1222905ef2c3e0b3841e2be415851bad02a0949e12b9844f6b979980572eaa40,"{""distance"":3,""physical_error_rate"":5e-06}","{""detectors_checked"":55296}"
     24576,         0,         0,   0.300,decoder_by_matrix,b3c6da8537ae85d54cd5acd57fc4d5a00e23be04de7c70760ac5fa4b0f5f70dc,"{""distance"":3,""physical_error_rate"":1e-06}","{""detectors_checked"":1327104}"
      1024,         0,         0,   0.001,decoder_by_matrix,b3c6da8537ae85d54cd5acd57fc4d5a00e23be04de7c70760ac5fa4b0f5f70dc,"{""distance"":3,""physical_error_rate"":1e-06}","{""detectors_checked"":55296}"
     12288,        17,         0,   0.677,decoder_by_matrix,fe15b11dcb8b3f13c3ba2812b146e413e309c65e07905a09cf6ecd916cf41bda,"{""distance"":3,""physical_error_rate"":0.005}","{""detection_events"":7422,""detectors_checked"":663552,""obs_mistake_mask=E___"":1,""obs_mistake_mask=_EEE"":2,""obs_mistake_mask=_E_E"":2,""obs_mistake_mask=_E__"":5,""obs_mistake_mask=__E_"":4,""obs_mistake_mask=___E"":3}"
      1024,         2,         0,   0.002,decoder_by_matrix,fe15b11dcb8b3f13c3ba2812b146e413e309c65e07905a09cf6ecd916cf41bda,"{""distance"":3,""physical_error_rate"":0.005}","{""detection_events"":609,""detectors_checked"":55296,""obs_mistake_mask=E___"":1,""obs_mistake_mask=__EE"":1}"
     26624,         0,         0,   0.495,decoder_by_matrix,73784f3389b885bc1b704dac0b44b83e08b79da81bcec9ed749229213445f550,"{""distance"":3,""physical_error_rate"":1e-05}","{""detection_events"":9,""detectors_checked"":1437696}"
      1024,         0,         0,   0.002,decoder_by_matrix,73784f3389b885bc1b704dac0b44b83e08b79da81bcec9ed749229213445f550,"{""distance"":3,""physical_error_rate"":1e-05}","{""detection_events"":3,""detectors_checked"":55296}"
      4096,        10,         0,   0.132,decoder_by_matrix,fe15b11dcb8b3f13c3ba2812b146e413e309c65e07905a09cf6ecd916cf41bda,"{""distance"":3,""physical_error_rate"":0.005}","{""detection_events"":2214,""detectors_checked"":221184,""obs_mistake_mask=E___"":1,""obs_mistake_mask=_EEE"":2,""obs_mistake_mask=_EE_"":3,""obs_mistake_mask=_E_E"":1,""obs_mistake_mask=_E__"":1,""obs_mistake_mask=__E_"":2}"
      1024,         1,         0,   0.002,decoder_by_matrix,fe15b11dcb8b3f13c3ba2812b146e413e309c65e07905a09cf6ecd916cf41bda,"{""distance"":3,""physical_error_rate"":0.005}","{""detection_events"":672,""detectors_checked"":55296,""obs_mistake_mask=__E_"":1}"
     12288,         0,         0,   0.221,decoder_by_matrix,cd5aa4935a142b600239883e928f6c7fc9fbc8c84161e9ed59cf2551b7ebfc3d,"{""distance"":3,""physical_error_rate"":5e-05}","{""detection_events"":72,""detectors_checked"":663552}"
      1024,         0,         0,   0.002,decoder_by_matrix,cd5aa4935a142b600239883e928f6c7fc9fbc8c84161e9ed59cf2551b7ebfc3d,"{""distance"":3,""physical_error_rate"":5e-05}","{""detection_events"":6,""detectors_checked"":55296}"
      4096,         0,         0,   0.050,decoder_by_matrix,1222905ef2c3e0b3841e2be415851bad02a0949e12b9844f6b979980572eaa40,"{""distance"":3,""physical_error_rate"":5e-06}","{""detection_events"":3,""detectors_checked"":221184}"
      6144,         0,         0,   0.092,decoder_by_matrix,c8397cb2c46e4683a6f3970bc42cef1aabfef4d80cfcd6b8313e87630b680ee2,"{""distance"":3,""physical_error_rate"":0.0001}","{""detection_events"":78,""detectors_checked"":331776}"
      1024,         0,         0,   0.002,decoder_by_matrix,c8397cb2c46e4683a6f3970bc42cef1aabfef4d80cfcd6b8313e87630b680ee2,"{""distance"":3,""physical_error_rate"":0.0001}","{""detection_events"":9,""detectors_checked"":55296}"
      3072,        18,         0,   0.157,decoder_by_matrix,c0504c10f5ab777f87672229571c10df6954ae4e739b135e111b80009949f281,"{""distance"":3,""physical_error_rate"":0.01}","{""detection_events"":3489,""detectors_checked"":165888,""obs_mistake_mask=EEE_"":1,""obs_mistake_mask=E___"":1,""obs_mistake_mask=_EEE"":1,""obs_mistake_mask=_EE_"":1,""obs_mistake_mask=_E_E"":3,""obs_mistake_mask=_E__"":4,""obs_mistake_mask=__EE"":1,""obs_mistake_mask=__E_"":3,""obs_mistake_mask=___E"":3}"
     14336,         1,         0,   0.845,decoder_by_matrix,e45af4f98fc7ee1c9936a6749fec74122c57b4ab96343d0e01c96593a4531898,"{""distance"":3,""physical_error_rate"":0.001}","{""detection_events"":1641,""detectors_checked"":774144,""obs_mistake_mask=__E_"":1}"
      5120,        10,         0,   0.228,decoder_by_matrix,fe15b11dcb8b3f13c3ba2812b146e413e309c65e07905a09cf6ecd916cf41bda,"{""distance"":3,""physical_error_rate"":0.005}","{""detection_events"":2949,""detectors_checked"":276480,""obs_mistake_mask=E___"":1,""obs_mistake_mask=_EEE"":1,""obs_mistake_mask=_EE_"":3,""obs_mistake_mask=__EE"":1,""obs_mistake_mask=__E_"":3,""obs_mistake_mask=___E"":1}"
      1024,         2,         0,   0.002,decoder_by_matrix,fe15b11dcb8b3f13c3ba2812b146e413e309c65e07905a09cf6ecd916cf41bda,"{""distance"":3,""physical_error_rate"":0.005}","{""detection_events"":603,""detectors_checked"":55296,""obs_mistake_mask=_E__"":1,""obs_mistake_mask=__E_"":1}"
      6144,        47,         0,   0.378,decoder_by_matrix,c0504c10f5ab777f87672229571c10df6954ae4e739b135e111b80009949f281,"{""distance"":3,""physical_error_rate"":0.01}","{""detection_events"":7308,""detectors_checked"":331776,""obs_mistake_mask=E__E"":1,""obs_mistake_mask=E___"":3,""obs_mistake_mask=_EEE"":8,""obs_mistake_mask=_EE_"":5,""obs_mistake_mask=_E_E"":7,""obs_mistake_mask=_E__"":6,""obs_mistake_mask=__EE"":5,""obs_mistake_mask=__E_"":7,""obs_mistake_mask=___E"":5}"
      1024,         6,         0,   0.003,decoder_by_matrix,c0504c10f5ab777f87672229571c10df6954ae4e739b135e111b80009949f281,"{""distance"":3,""physical_error_rate"":0.01}","{""detection_events"":1242,""detectors_checked"":55296,""obs_mistake_mask=E___"":1,""obs_mistake_mask=_E__"":2,""obs_mistake_mask=__EE"":1,""obs_mistake_mask=__E_"":2}"
     20480,         0,         0,   0.220,decoder_by_matrix,1222905ef2c3e0b3841e2be415851bad02a0949e12b9844f6b979980572eaa40,"{""distance"":3,""physical_error_rate"":5e-06}","{""detection_events"":18,""detectors_checked"":1105920}"
     31744,         0,         0,   0.620,decoder_by_matrix,b3c6da8537ae85d54cd5acd57fc4d5a00e23be04de7c70760ac5fa4b0f5f70dc,"{""distance"":3,""physical_error_rate"":1e-06}","{""detectors_checked"":1714176}"
     11264,         0,         0,   0.270,decoder_by_matrix,5dee359087c4b9ae2c20477a4d5136d2695095b0438111838e7093c679bd3c20,"{""distance"":3,""physical_error_rate"":0.0005}","{""detection_events"":801,""detectors_checked"":608256}"
     20480,         0,         0,   0.658,decoder_by_matrix,73784f3389b885bc1b704dac0b44b83e08b79da81bcec9ed749229213445f550,"{""distance"":3,""physical_error_rate"":1e-05}","{""detection_events"":51,""detectors_checked"":1105920}"
     27648,         0,         0,   0.407,decoder_by_matrix,b3c6da8537ae85d54cd5acd57fc4d5a00e23be04de7c70760ac5fa4b0f5f70dc,"{""distance"":3,""physical_error_rate"":1e-06}","{""detection_events"":6,""detectors_checked"":1492992}"
     48128,         0,         0,    1.12,decoder_by_matrix,b3c6da8537ae85d54cd5acd57fc4d5a00e23be04de7c70760ac5fa4b0f5f70dc,"{""distance"":3,""physical_error_rate"":1e-06}","{""detection_events"":6,""detectors_checked"":2598912}"
     13312,        94,         0,    1.30,decoder_by_matrix,c0504c10f5ab777f87672229571c10df6954ae4e739b135e111b80009949f281,"{""distance"":3,""physical_error_rate"":0.01}","{""detection_events"":16116,""detectors_checked"":718848,""obs_mistake_mask=EEE_"":1,""obs_mistake_mask=EE_E"":1,""obs_mistake_mask=E_EE"":1,""obs_mistake_mask=E_E_"":2,""obs_mistake_mask=E__E"":4,""obs_mistake_mask=E___"":6,""obs_mistake_mask=_EEE"":11,""obs_mistake_mask=_EE_"":8,""obs_mistake_mask=_E_E"":10,""obs_mistake_mask=_E__"":14,""obs_mistake_mask=__EE"":7,""obs_mistake_mask=__E_"":12,""obs_mistake_mask=___E"":17}"
      7168,        41,         0,   0.471,decoder_by_matrix,c0504c10f5ab777f87672229571c10df6954ae4e739b135e111b80009949f281,"{""distance"":3,""physical_error_rate"":0.01}","{""detection_events"":8109,""detectors_checked"":387072,""obs_mistake_mask=E___"":6,""obs_mistake_mask=_EEE"":3,""obs_mistake_mask=_EE_"":2,""obs_mistake_mask=_E_E"":1,""obs_mistake_mask=_E__"":6,""obs_mistake_mask=__EE"":5,""obs_mistake_mask=__E_"":5,""obs_mistake_mask=___E"":13}"
      1024,         6,         0,   0.003,decoder_by_matrix,c0504c10f5ab777f87672229571c10df6954ae4e739b135e111b80009949f281,"{""distance"":3,""physical_error_rate"":0.01}","{""detection_events"":1257,""detectors_checked"":55296,""obs_mistake_mask=_EEE"":1,""obs_mistake_mask=_EE_"":2,""obs_mistake_mask=_E_E"":1,""obs_mistake_mask=__EE"":1,""obs_mistake_mask=___E"":1}"
     18432,         0,         0,   0.647,decoder_by_matrix,cd5aa4935a142b600239883e928f6c7fc9fbc8c84161e9ed59cf2551b7ebfc3d,"{""distance"":3,""physical_error_rate"":5e-05}","{""detection_events"":90,""detectors_checked"":995328}"
      1024,         0,         0,   0.002,decoder_by_matrix,cd5aa4935a142b600239883e928f6c7fc9fbc8c84161e9ed59cf2551b7ebfc3d,"{""distance"":3,""physical_error_rate"":5e-05}","{""detection_events"":12,""detectors_checked"":55296}"
     16384,         0,         0,   0.155,decoder_by_matrix,73784f3389b885bc1b704dac0b44b83e08b79da81bcec9ed749229213445f550,"{""distance"":3,""physical_error_rate"":1e-05}","{""detection_events"":33,""detectors_checked"":884736}"
      1024,         0,         0,   0.002,decoder_by_matrix,73784f3389b885bc1b704dac0b44b83e08b79da81bcec9ed749229213445f550,"{""distance"":3,""physical_error_rate"":1e-05}","{""detection_events"":3,""detectors_checked"":55296}"
      7168,        58,         0,   0.486,decoder_by_matrix,c0504c10f5ab777f87672229571c10df6954ae4e739b135e111b80009949f281,"{""distance"":3,""physical_error_rate"":0.01}","{""detection_events"":8259,""detectors_checked"":387072,""obs_mistake_mask=E__E"":1,""obs_mistake_mask=E___"":10,""obs_mistake_mask=_EEE"":10,""obs_mistake_mask=_EE_"":4,""obs_mistake_mask=_E_E"":9,""obs_mistake_mask=_E__"":7,""obs_mistake_mask=__EE"":3,""obs_mistake_mask=__E_"":3,""obs_mistake_mask=___E"":11}"
      1024,         2,         0,   0.003,decoder_by_matrix,c0504c10f5ab777f87672229571c10df6954ae4e739b135e111b80009949f281,"{""distance"":3,""physical_error_rate"":0.01}","{""detection_events"":1119,""detectors_checked"":55296,""obs_mistake_mask=__E_"":1,""obs_mistake_mask=___E"":1}"
     12288,         0,         0,   0.710,decoder_by_matrix,5dee359087c4b9ae2c20477a4d5136d2695095b0438111838e7093c679bd3c20,"{""distance"":3,""physical_error_rate"":0.0005}","{""detection_events"":813,""detectors_checked"":663552}"
      1024,         0,         0,   0.002,decoder_by_matrix,5dee359087c4b9ae2c20477a4d5136d2695095b0438111838e7093c679bd3c20,"{""distance"":3,""physical_error_rate"":0.0005}","{""detection_events"":48,""detectors_checked"":55296}"
      1024,        16,         0,   0.003,decoder_by_matrix,c0504c10f5ab777f87672229571c10df6954ae4e739b135e111b80009949f281,"{""distance"":3,""physical_error_rate"":0.01}","{""detection_events"":1347,""detectors_checked"":55296,""obs_mistake_mask=EE__"":1,""obs_mistake_mask=E___"":2,""obs_mistake_mask=_EEE"":1,""obs_mistake_mask=_EE_"":3,""obs_mistake_mask=_E__"":3,""obs_mistake_mask=__E_"":3,""obs_mistake_mask=___E"":3}"
      1024,         7,         0,   0.003,decoder_by_matrix,c0504c10f5ab777f87672229571c10df6954ae4e739b135e111b80009949f281,"{""distance"":3,""physical_error_rate"":0.01}","{""detection_events"":1152,""detectors_checked"":55296,""obs_mistake_mask=E___"":1,""obs_mistake_mask=_E__"":1,""obs_mistake_mask=__EE"":2,""obs_mistake_mask=__E_"":2,""obs_mistake_mask=___E"":1}"
     12288,         0,         0,   0.633,decoder_by_matrix,cd5aa4935a142b600239883e928f6c7fc9fbc8c84161e9ed59cf2551b7ebfc3d,"{""distance"":3,""physical_error_rate"":5e-05}","{""detection_events"":99,""detectors_checked"":663552}"
     47104,         0,         0,    1.39,decoder_by_matrix,73784f3389b885bc1b704dac0b44b83e08b79da81bcec9ed749229213445f550,"{""distance"":3,""physical_error_rate"":1e-05}","{""detection_events"":27,""detectors_checked"":2543616}"
      6144,        11,         0,   0.198,decoder_by_matrix,fe15b11dcb8b3f13c3ba2812b146e413e309c65e07905a09cf6ecd916cf41bda,"{""distance"":3,""physical_error_rate"":0.005}","{""detection_events"":3705,""detectors_checked"":331776,""obs_mistake_mask=EE__"":1,""obs_mistake_mask=_EEE"":2,""obs_mistake_mask=_EE_"":1,""obs_mistake_mask=_E_E"":2,""obs_mistake_mask=_E__"":1,""obs_mistake_mask=__E_"":3,""obs_mistake_mask=___E"":1}"
     18432,         2,         0,    1.36,decoder_by_matrix,e45af4f98fc7ee1c9936a6749fec74122c57b4ab96343d0e01c96593a4531898,"{""distance"":3,""physical_error_rate"":0.001}","{""detection_events"":2448,""detectors_checked"":995328,""obs_mistake_mask=_E__"":1,""obs_mistake_mask=__EE"":1}"
     16384,         0,         0,   0.659,decoder_by_matrix,cd5aa4935a142b600239883e928f6c7fc9fbc8c84161e9ed59cf2551b7ebfc3d,"{""distance"":3,""physical_error_rate"":5e-05}","{""detection_events"":126,""detectors_checked"":884736}"
     28672,         0,         0,    1.36,decoder_by_matrix,cd5aa4935a142b600239883e928f6c7fc9fbc8c84161e9ed59cf2551b7ebfc3d,"{""distance"":3,""physical_error_rate"":5e-05}","{""detection_events"":174,""detectors_checked"":1548288}"
     10240,        72,         0,   0.948,decoder_by_matrix,c0504c10f5ab777f87672229571c10df6954ae4e739b135e111b80009949f281,"{""distance"":3,""physical_error_rate"":0.01}","{""detection_events"":11910,""detectors_checked"":552960,""obs_mistake_mask=E___"":9,""obs_mistake_mask=_EEE"":7,""obs_mistake_mask=_EE_"":12,""obs_mistake_mask=_E_E"":10,""obs_mistake_mask=_E__"":7,""obs_mistake_mask=__EE"":7,""obs_mistake_mask=__E_"":7,""obs_mistake_mask=___E"":13}"
     11264,         0,         0,   0.571,decoder_by_matrix,c8397cb2c46e4683a6f3970bc42cef1aabfef4d80cfcd6b8313e87630b680ee2,"{""distance"":3,""physical_error_rate"":0.0001}","{""detection_events"":99,""detectors_checked"":608256}"
     13312,         0,         0,   0.609,decoder_by_matrix,e45af4f98fc7ee1c9936a6749fec74122c57b4ab96343d0e01c96593a4531898,"{""distance"":3,""physical_error_rate"":0.001}","{""detection_events"":1560,""detectors_checked"":718848}"
     10240,         0,         0,   0.246,decoder_by_matrix,c8397cb2c46e4683a6f3970bc42cef1aabfef4d80cfcd6b8313e87630b680ee2,"{""distance"":3,""physical_error_rate"":0.0001}","{""detection_events"":132,""detectors_checked"":552960}"
     38912,         0,         0,   0.796,decoder_by_matrix,1222905ef2c3e0b3841e2be415851bad02a0949e12b9844f6b979980572eaa40,"{""distance"":3,""physical_error_rate"":5e-06}","{""detection_events"":6,""detectors_checked"":2101248}"
      1024,         0,         0,   0.001,decoder_by_matrix,1222905ef2c3e0b3841e2be415851bad02a0949e12b9844f6b979980572eaa40,"{""distance"":3,""physical_error_rate"":5e-06}","{""detectors_checked"":55296}"
      9216,         0,         0,   0.582,decoder_by_matrix,e45af4f98fc7ee1c9936a6749fec74122c57b4ab96343d0e01c96593a4531898,"{""distance"":3,""physical_error_rate"":0.001}","{""detection_events"":1179,""detectors_checked"":497664}"
     23552,         0,         0,   0.601,decoder_by_matrix,1222905ef2c3e0b3841e2be415851bad02a0949e12b9844f6b979980572eaa40,"{""distance"":3,""physical_error_rate"":5e-06}","{""detection_events"":15,""detectors_checked"":1271808}"
      1024,         0,         0,   0.002,decoder_by_matrix,1222905ef2c3e0b3841e2be415851bad02a0949e12b9844f6b979980572eaa40,"{""distance"":3,""physical_error_rate"":5e-06}","{""detection_events"":6,""detectors_checked"":55296}"
      9216,        22,         0,   0.652,decoder_by_matrix,fe15b11dcb8b3f13c3ba2812b146e413e309c65e07905a09cf6ecd916cf41bda,"{""distance"":3,""physical_error_rate"":0.005}","{""detection_events"":5394,""detectors_checked"":497664,""obs_mistake_mask=E___"":1,""obs_mistake_mask=_EEE"":1,""obs_mistake_mask=_EE_"":4,""obs_mistake_mask=_E_E"":1,""obs_mistake_mask=_E__"":4,""obs_mistake_mask=__EE"":5,""obs_mistake_mask=__E_"":3,""obs_mistake_mask=___E"":3}"
     12288,         1,         0,   0.676,decoder_by_matrix,e45af4f98fc7ee1c9936a6749fec74122c57b4ab96343d0e01c96593a4531898,"{""distance"":3,""physical_error_rate"":0.001}","{""detection_events"":1530,""detectors_checked"":663552,""obs_mistake_mask=___E"":1}"
     39936,         0,         0,    1.23,decoder_by_matrix,1222905ef2c3e0b3841e2be415851bad02a0949e12b9844f6b979980572eaa40,"{""distance"":3,""physical_error_rate"":5e-06}","{""detection_events"":15,""detectors_checked"":2156544}"
     17408,         0,         0,    1.31,decoder_by_matrix,5dee359087c4b9ae2c20477a4d5136d2695095b0438111838e7093c679bd3c20,"{""distance"":3,""physical_error_rate"":0.0005}","{""detection_events"":897,""detectors_checked"":940032}"
     15360,         1,         0,    1.01,decoder_by_matrix,5dee359087c4b9ae2c20477a4d5136d2695095b0438111838e7093c679bd3c20,"{""distance"":3,""physical_error_rate"":0.0005}","{""detection_events"":975,""detectors_checked"":829440,""obs_mistake_mask=___E"":1}"
     18432,         0,         0,   0.463,decoder_by_matrix,73784f3389b885bc1b704dac0b44b83e08b79da81bcec9ed749229213445f550,"{""distance"":3,""physical_error_rate"":1e-05}","{""detection_events"":39,""detectors_checked"":995328}"
      1024,         0,         0,   0.001,decoder_by_matrix,73784f3389b885bc1b704dac0b44b83e08b79da81bcec9ed749229213445f550,"{""distance"":3,""physical_error_rate"":1e-05}","{""detectors_checked"":55296}"
     11264,         0,         0,   0.158,decoder_by_matrix,b3c6da8537ae85d54cd5acd57fc4d5a00e23be04de7c70760ac5fa4b0f5f70dc,"{""distance"":3,""physical_error_rate"":1e-06}","{""detection_events"":12,""detectors_checked"":608256}"
     22528,         0,         0,   0.493,decoder_by_matrix,b3c6da8537ae85d54cd5acd57fc4d5a00e23be04de7c70760ac5fa4b0f5f70dc,"{""distance"":3,""physical_error_rate"":1e-06}","{""detection_events"":6,""detectors_checked"":1216512}"
      1024,         0,         0,   0.001,decoder_by_matrix,b3c6da8537ae85d54cd5acd57fc4d5a00e23be04de7c70760ac5fa4b0f5f70dc,"{""distance"":3,""physical_error_rate"":1e-06}","{""detectors_checked"":55296}"
     10240,         0,         0,   0.580,decoder_by_matrix,e45af4f98fc7ee1c9936a6749fec74122c57b4ab96343d0e01c96593a4531898,"{""distance"":3,""physical_error_rate"":0.001}","{""detection_events"":1197,""detectors_checked"":552960}"
      1024,         0,         0,   0.002,decoder_by_matrix,e45af4f98fc7ee1c9936a6749fec74122c57b4ab96343d0e01c96593a4531898,"{""distance"":3,""physical_error_rate"":0.001}","{""detection_events"":123,""detectors_checked"":55296}"
     30720,         0,         0,   0.569,decoder_by_matrix,1222905ef2c3e0b3841e2be415851bad02a0949e12b9844f6b979980572eaa40,"{""distance"":3,""physical_error_rate"":5e-06}","{""detection_events"":12,""detectors_checked"":1658880}"
     26624,         0,         0,   0.582,decoder_by_matrix,b3c6da8537ae85d54cd5acd57fc4d5a00e23be04de7c70760ac5fa4b0f5f70dc,"{""distance"":3,""physical_error_rate"":1e-06}","{""detection_events"":15,""detectors_checked"":1437696}"
     16384,         0,         0,   0.283,decoder_by_matrix,1222905ef2c3e0b3841e2be415851bad02a0949e12b9844f6b979980572eaa40,"{""distance"":3,""physical_error_rate"":5e-06}","{""detection_events"":21,""detectors_checked"":884736}"
      6144,         0,         0,   0.111,decoder_by_matrix,c8397cb2c46e4683a6f3970bc42cef1aabfef4d80cfcd6b8313e87630b680ee2,"{""distance"":3,""physical_error_rate"":0.0001}","{""detection_events"":54,""detectors_checked"":331776}"
      8192,         0,         0,   0.268,decoder_by_matrix,5dee359087c4b9ae2c20477a4d5136d2695095b0438111838e7093c679bd3c20,"{""distance"":3,""physical_error_rate"":0.0005}","{""detection_events"":531,""detectors_checked"":442368}"
      1024,         0,         0,   0.002,decoder_by_matrix,5dee359087c4b9ae2c20477a4d5136d2695095b0438111838e7093c679bd3c20,"{""distance"":3,""physical_error_rate"":0.0005}","{""detection_events"":45,""detectors_checked"":55296}"
     11264,        27,         0,   0.886,decoder_by_matrix,fe15b11dcb8b3f13c3ba2812b146e413e309c65e07905a09cf6ecd916cf41bda,"{""distance"":3,""physical_error_rate"":0.005}","{""detection_events"":6822,""detectors_checked"":608256,""obs_mistake_mask=E__E"":2,""obs_mistake_mask=E___"":1,""obs_mistake_mask=_EEE"":2,""obs_mistake_mask=_EE_"":6,""obs_mistake_mask=_E_E"":1,""obs_mistake_mask=_E__"":3,""obs_mistake_mask=__EE"":3,""obs_mistake_mask=__E_"":4,""obs_mistake_mask=___E"":5}"
     17408,         0,         0,   0.630,decoder_by_matrix,cd5aa4935a142b600239883e928f6c7fc9fbc8c84161e9ed59cf2551b7ebfc3d,"{""distance"":3,""physical_error_rate"":5e-05}","{""detection_events"":123,""detectors_checked"":940032}"
     27648,         0,         0,   0.672,decoder_by_matrix,73784f3389b885bc1b704dac0b44b83e08b79da81bcec9ed749229213445f550,"{""distance"":3,""physical_error_rate"":1e-05}","{""detection_events"":30,""detectors_checked"":1492992}"
      8192,         0,         0,   0.208,decoder_by_matrix,c8397cb2c46e4683a6f3970bc42cef1aabfef4d80cfcd6b8313e87630b680ee2,"{""distance"":3,""physical_error_rate"":0.0001}","{""detection_events"":81,""detectors_checked"":442368}"
      1024,         0,         0,   0.002,decoder_by_matrix,c8397cb2c46e4683a6f3970bc42cef1aabfef4d80cfcd6b8313e87630b680ee2,"{""distance"":3,""physical_error_rate"":0.0001}","{""detection_events"":6,""detectors_checked"":55296}"
     10240,        82,         0,    1.02,decoder_by_matrix,c0504c10f5ab777f87672229571c10df6954ae4e739b135e111b80009949f281,"{""distance"":3,""physical_error_rate"":0.01}","{""detection_events"":12060,""detectors_checked"":552960,""obs_mistake_mask=E__E"":1,""obs_mistake_mask=E___"":3,""obs_mistake_mask=_EEE"":6,""obs_mistake_mask=_EE_"":4,""obs_mistake_mask=_E_E"":12,""obs_mistake_mask=_E__"":18,""obs_mistake_mask=__EE"":10,""obs_mistake_mask=__E_"":13,""obs_mistake_mask=___E"":15}"
     44032,         0,         0,    1.36,decoder_by_matrix,b3c6da8537ae85d54cd5acd57fc4d5a00e23be04de7c70760ac5fa4b0f5f70dc,"{""distance"":3,""physical_error_rate"":1e-06}","{""detection_events"":3,""detectors_checked"":2377728}"
     19456,         0,         0,    1.23,decoder_by_matrix,c8397cb2c46e4683a6f3970bc42cef1aabfef4d80cfcd6b8313e87630b680ee2,"{""distance"":3,""physical_error_rate"":0.0001}","{""detection_events"":189,""detectors_checked"":1050624}"
      7168,        13,         0,   0.564,decoder_by_matrix,fe15b11dcb8b3f13c3ba2812b146e413e309c65e07905a09cf6ecd916cf41bda,"{""distance"":3,""physical_error_rate"":0.005}","{""detection_events"":4329,""detectors_checked"":387072,""obs_mistake_mask=_EEE"":4,""obs_mistake_mask=_EE_"":1,""obs_mistake_mask=_E_E"":1,""obs_mistake_mask=_E__"":1,""obs_mistake_mask=__EE"":3,""obs_mistake_mask=__E_"":1,""obs_mistake_mask=___E"":2}"
     37888,         0,         0,    1.44,decoder_by_matrix,73784f3389b885bc1b704dac0b44b83e08b79da81bcec9ed749229213445f550,"{""distance"":3,""physical_error_rate"":1e-05}","{""detection_events"":48,""detectors_checked"":2045952}"
     25600,         0,         0,    1.26,decoder_by_matrix,cd5aa4935a142b600239883e928f6c7fc9fbc8c84161e9ed59cf2551b7ebfc3d,"{""distance"":3,""physical_error_rate"":5e-05}","{""detection_events"":135,""detectors_checked"":1382400}"
     25600,         0,         0,   0.646,decoder_by_matrix,73784f3389b885bc1b704dac0b44b83e08b79da81bcec9ed749229213445f550,"{""distance"":3,""physical_error_rate"":1e-05}","{""detection_events"":33,""detectors_checked"":1382400}"
     10240,        24,         0,   0.882,decoder_by_matrix,fe15b11dcb8b3f13c3ba2812b146e413e309c65e07905a09cf6ecd916cf41bda,"{""distance"":3,""physical_error_rate"":0.005}","{""detection_events"":6261,""detectors_checked"":552960,""obs_mistake_mask=E___"":2,""obs_mistake_mask=_EEE"":1,""obs_mistake_mask=_EE_"":2,""obs_mistake_mask=_E_E"":2,""obs_mistake_mask=_E__"":8,""obs_mistake_mask=__E_"":5,""obs_mistake_mask=___E"":4}"
     10240,        20,         0,   0.956,decoder_by_matrix,fe15b11dcb8b3f13c3ba2812b146e413e309c65e07905a09cf6ecd916cf41bda,"{""distance"":3,""physical_error_rate"":0.005}","{""detection_events"":6177,""detectors_checked"":552960,""obs_mistake_mask=E__E"":2,""obs_mistake_mask=_EEE"":1,""obs_mistake_mask=_EE_"":4,""obs_mistake_mask=_E_E"":3,""obs_mistake_mask=_E__"":4,""obs_mistake_mask=__E_"":3,""obs_mistake_mask=___E"":3}"
     11264,         0,         0,   0.663,decoder_by_matrix,cd5aa4935a142b600239883e928f6c7fc9fbc8c84161e9ed59cf2551b7ebfc3d,"{""distance"":3,""physical_error_rate"":5e-05}","{""detection_events"":102,""detectors_checked"":608256}"
      9216,         3,         0,   0.253,decoder_by_matrix,e45af4f98fc7ee1c9936a6749fec74122c57b4ab96343d0e01c96593a4531898,"{""distance"":3,""physical_error_rate"":0.001}","{""detection_events"":1146,""detectors_checked"":497664,""obs_mistake_mask=_EE_"":1,""obs_mistake_mask=__EE"":1,""obs_mistake_mask=___E"":1}"
     17408,         0,         0,   0.394,decoder_by_matrix,73784f3389b885bc1b704dac0b44b83e08b79da81bcec9ed749229213445f550,"{""distance"":3,""physical_error_rate"":1e-05}","{""detection_events"":12,""detectors_checked"":940032}"
      8192,        20,         0,   0.251,decoder_by_matrix,fe15b11dcb8b3f13c3ba2812b146e413e309c65e07905a09cf6ecd916cf41bda,"{""distance"":3,""physical_error_rate"":0.005}","{""detection_events"":4887,""detectors_checked"":442368,""obs_mistake_mask=E___"":4,""obs_mistake_mask=_EE_"":5,""obs_mistake_mask=_E_E"":1,""obs_mistake_mask=_E__"":2,""obs_mistake_mask=__EE"":3,""obs_mistake_mask=__E_"":3,""obs_mistake_mask=___E"":2}"
      6144,        48,         0,   0.667,decoder_by_matrix,c0504c10f5ab777f87672229571c10df6954ae4e739b135e111b80009949f281,"{""distance"":3,""physical_error_rate"":0.01}","{""detection_events"":7383,""detectors_checked"":331776,""obs_mistake_mask=E_EE"":1,""obs_mistake_mask=E___"":2,""obs_mistake_mask=_EEE"":4,""obs_mistake_mask=_EE_"":6,""obs_mistake_mask=_E_E"":5,""obs_mistake_mask=_E__"":7,""obs_mistake_mask=__EE"":4,""obs_mistake_mask=__E_"":9,""obs_mistake_mask=___E"":10}"
      8192,         0,         0,   0.372,decoder_by_matrix,c8397cb2c46e4683a6f3970bc42cef1aabfef4d80cfcd6b8313e87630b680ee2,"{""distance"":3,""physical_error_rate"":0.0001}","{""detection_events"":69,""detectors_checked"":442368}"
      3072,         0,         0,   0.092,decoder_by_matrix,cd5aa4935a142b600239883e928f6c7fc9fbc8c84161e9ed59cf2551b7ebfc3d,"{""distance"":3,""physical_error_rate"":5e-05}","{""detection_events"":21,""detectors_checked"":165888}"
     15360,         0,         0,   0.463,decoder_by_matrix,cd5aa4935a142b600239883e928f6c7fc9fbc8c84161e9ed59cf2551b7ebfc3d,"{""distance"":3,""physical_error_rate"":5e-05}","{""detection_events"":72,""detectors_checked"":829440}"
     15360,         0,         0,   0.902,decoder_by_matrix,c8397cb2c46e4683a6f3970bc42cef1aabfef4d80cfcd6b8313e87630b680ee2,"{""distance"":3,""physical_error_rate"":0.0001}","{""detection_events"":165,""detectors_checked"":829440}"
     12288,         3,         0,   0.571,decoder_by_matrix,5dee359087c4b9ae2c20477a4d5136d2695095b0438111838e7093c679bd3c20,"{""distance"":3,""physical_error_rate"":0.0005}","{""detection_events"":789,""detectors_checked"":663552,""obs_mistake_mask=E___"":1,""obs_mistake_mask=_E__"":2}"
     12288,         1,         0,   0.590,decoder_by_matrix,5dee359087c4b9ae2c20477a4d5136d2695095b0438111838e7093c679bd3c20,"{""distance"":3,""physical_error_rate"":0.0005}","{""detection_events"":741,""detectors_checked"":663552,""obs_mistake_mask=__E_"":1}"
      7168,        57,         0,   0.278,decoder_by_matrix,c0504c10f5ab777f87672229571c10df6954ae4e739b135e111b80009949f281,"{""distance"":3,""physical_error_rate"":0.01}","{""detection_events"":8400,""detectors_checked"":387072,""obs_mistake_mask=EE__"":1,""obs_mistake_mask=E_E_"":1,""obs_mistake_mask=E___"":4,""obs_mistake_mask=_EEE"":9,""obs_mistake_mask=_EE_"":5,""obs_mistake_mask=_E_E"":5,""obs_mistake_mask=_E__"":9,""obs_mistake_mask=__EE"":7,""obs_mistake_mask=__E_"":7,""obs_mistake_mask=___E"":9}"
     17408,         1,         0,    1.27,decoder_by_matrix,e45af4f98fc7ee1c9936a6749fec74122c57b4ab96343d0e01c96593a4531898,"{""distance"":3,""physical_error_rate"":0.001}","{""detection_events"":2091,""detectors_checked"":940032,""obs_mistake_mask=_E__"":1}"
      5120,         0,         0,   0.106,decoder_by_matrix,c8397cb2c46e4683a6f3970bc42cef1aabfef4d80cfcd6b8313e87630b680ee2,"{""distance"":3,""physical_error_rate"":0.0001}","{""detection_events"":72,""detectors_checked"":276480}"
      8192,        59,         0,   0.794,decoder_by_matrix,c0504c10f5ab777f87672229571c10df6954ae4e739b135e111b80009949f281,"{""distance"":3,""physical_error_rate"":0.01}","{""detection_events"":9210,""detectors_checked"":442368,""obs_mistake_mask=E_EE"":1,""obs_mistake_mask=E__E"":1,""obs_mistake_mask=E___"":7,""obs_mistake_mask=_EEE"":8,""obs_mistake_mask=_EE_"":7,""obs_mistake_mask=_E_E"":7,""obs_mistake_mask=_E__"":7,""obs_mistake_mask=__EE"":6,""obs_mistake_mask=__E_"":9,""obs_mistake_mask=___E"":6}"
     18432,         0,         0,    1.43,decoder_by_matrix,c8397cb2c46e4683a6f3970bc42cef1aabfef4d80cfcd6b8313e87630b680ee2,"{""distance"":3,""physical_error_rate"":0.0001}","{""detection_events"":270,""detectors_checked"":995328}"
      5120,         0,         0,   0.108,decoder_by_matrix,73784f3389b885bc1b704dac0b44b83e08b79da81bcec9ed749229213445f550,"{""distance"":3,""physical_error_rate"":1e-05}","{""detection_events"":3,""detectors_checked"":276480}"
      8192,        13,         0,   0.764,decoder_by_matrix,fe15b11dcb8b3f13c3ba2812b146e413e309c65e07905a09cf6ecd916cf41bda,"{""distance"":3,""physical_error_rate"":0.005}","{""detection_events"":4887,""detectors_checked"":442368,""obs_mistake_mask=_EEE"":2,""obs_mistake_mask=_EE_"":2,""obs_mistake_mask=_E__"":3,""obs_mistake_mask=__EE"":1,""obs_mistake_mask=__E_"":2,""obs_mistake_mask=___E"":3}"
      6144,        38,         0,   0.764,decoder_by_matrix,c0504c10f5ab777f87672229571c10df6954ae4e739b135e111b80009949f281,"{""distance"":3,""physical_error_rate"":0.01}","{""detection_events"":6732,""detectors_checked"":331776,""obs_mistake_mask=_EEE"":1,""obs_mistake_mask=_EE_"":1,""obs_mistake_mask=_E_E"":8,""obs_mistake_mask=_E__"":9,""obs_mistake_mask=__EE"":5,""obs_mistake_mask=__E_"":7,""obs_mistake_mask=___E"":7}"
     10240,        63,         0,   0.705,decoder_by_matrix,c0504c10f5ab777f87672229571c10df6954ae4e739b135e111b80009949f281,"{""distance"":3,""physical_error_rate"":0.01}","{""detection_events"":11664,""detectors_checked"":552960,""obs_mistake_mask=E__E"":1,""obs_mistake_mask=E___"":2,""obs_mistake_mask=_EEE"":8,""obs_mistake_mask=_EE_"":7,""obs_mistake_mask=_E_E"":9,""obs_mistake_mask=_E__"":9,""obs_mistake_mask=__EE"":5,""obs_mistake_mask=__E_"":10,""obs_mistake_mask=___E"":12}"
     36864,         0,         0,    1.37,decoder_by_matrix,1222905ef2c3e0b3841e2be415851bad02a0949e12b9844f6b979980572eaa40,"{""distance"":3,""physical_error_rate"":5e-06}","{""detection_events"":24,""detectors_checked"":1990656}"
     12288,         0,         0,   0.729,decoder_by_matrix,e45af4f98fc7ee1c9936a6749fec74122c57b4ab96343d0e01c96593a4531898,"{""distance"":3,""physical_error_rate"":0.001}","{""detection_events"":1359,""detectors_checked"":663552}"
     35840,         0,         0,    1.12,decoder_by_matrix,1222905ef2c3e0b3841e2be415851bad02a0949e12b9844f6b979980572eaa40,"{""distance"":3,""physical_error_rate"":5e-06}","{""detection_events"":6,""detectors_checked"":1935360}"
     18432,         0,         0,   0.359,decoder_by_matrix,b3c6da8537ae85d54cd5acd57fc4d5a00e23be04de7c70760ac5fa4b0f5f70dc,"{""distance"":3,""physical_error_rate"":1e-06}","{""detection_events"":9,""detectors_checked"":995328}"
     15360,         2,         0,    1.18,decoder_by_matrix,e45af4f98fc7ee1c9936a6749fec74122c57b4ab96343d0e01c96593a4531898,"{""distance"":3,""physical_error_rate"":0.001}","{""detection_events"":1818,""detectors_checked"":829440,""obs_mistake_mask=E___"":1,""obs_mistake_mask=_EEE"":1}"
     12288,        24,         0,    1.23,decoder_by_matrix,fe15b11dcb8b3f13c3ba2812b146e413e309c65e07905a09cf6ecd916cf41bda,"{""distance"":3,""physical_error_rate"":0.005}","{""detection_events"":7569,""detectors_checked"":663552,""obs_mistake_mask=EEE_"":1,""obs_mistake_mask=EE__"":1,""obs_mistake_mask=E___"":1,""obs_mistake_mask=_EEE"":2,""obs_mistake_mask=_EE_"":4,""obs_mistake_mask=_E_E"":3,""obs_mistake_mask=_E__"":4,""obs_mistake_mask=__EE"":1,""obs_mistake_mask=__E_"":4,""obs_mistake_mask=___E"":3}"
     12288,         0,         0,   0.913,decoder_by_matrix,5dee359087c4b9ae2c20477a4d5136d2695095b0438111838e7093c679bd3c20,"{""distance"":3,""physical_error_rate"":0.0005}","{""detection_events"":753,""detectors_checked"":663552}"
     13312,         0,         0,    1.16,decoder_by_matrix,5dee359087c4b9ae2c20477a4d5136d2695095b0438111838e7093c679bd3c20,"{""distance"":3,""physical_error_rate"":0.0005}","{""detection_events"":819,""detectors_checked"":718848}"
     10240,         0,         0,   0.778,decoder_by_matrix,c8397cb2c46e4683a6f3970bc42cef1aabfef4d80cfcd6b8313e87630b680ee2,"{""distance"":3,""physical_error_rate"":0.0001}","{""detection_events"":93,""detectors_checked"":552960}"
      8192,        68,         0,   0.920,decoder_by_matrix,c0504c10f5ab777f87672229571c10df6954ae4e739b135e111b80009949f281,"{""distance"":3,""physical_error_rate"":0.01}","{""detection_events"":9609,""detectors_checked"":442368,""obs_mistake_mask=EE__"":1,""obs_mistake_mask=E_EE"":1,""obs_mistake_mask=E___"":6,""obs_mistake_mask=_EEE"":5,""obs_mistake_mask=_EE_"":5,""obs_mistake_mask=_E_E"":10,""obs_mistake_mask=_E__"":10,""obs_mistake_mask=__EE"":7,""obs_mistake_mask=__E_"":13,""obs_mistake_mask=___E"":10}"
     33792,         0,         0,    1.19,decoder_by_matrix,b3c6da8537ae85d54cd5acd57fc4d5a00e23be04de7c70760ac5fa4b0f5f70dc,"{""distance"":3,""physical_error_rate"":1e-06}","{""detectors_checked"":1824768}"
     37888,         0,         0,    1.22,decoder_by_matrix,b3c6da8537ae85d54cd5acd57fc4d5a00e23be04de7c70760ac5fa4b0f5f70dc,"{""distance"":3,""physical_error_rate"":1e-06}","{""detectors_checked"":2045952}"
     28672,         0,         0,    1.34,decoder_by_matrix,73784f3389b885bc1b704dac0b44b83e08b79da81bcec9ed749229213445f550,"{""distance"":3,""physical_error_rate"":1e-05}","{""detection_events"":45,""detectors_checked"":1548288}"
     17408,         0,         0,   0.612,decoder_by_matrix,73784f3389b885bc1b704dac0b44b83e08b79da81bcec9ed749229213445f550,"{""distance"":3,""physical_error_rate"":1e-05}","{""detection_events"":21,""detectors_checked"":940032}"
     10240,         0,         0,   0.538,decoder_by_matrix,c8397cb2c46e4683a6f3970bc42cef1aabfef4d80cfcd6b8313e87630b680ee2,"{""distance"":3,""physical_error_rate"":0.0001}","{""detection_events"":117,""detectors_checked"":552960}"
      5120,        34,         0,   0.140,decoder_by_matrix,c0504c10f5ab777f87672229571c10df6954ae4e739b135e111b80009949f281,"{""distance"":3,""physical_error_rate"":0.01}","{""detection_events"":6003,""detectors_checked"":276480,""obs_mistake_mask=E_E_"":1,""obs_mistake_mask=E___"":3,""obs_mistake_mask=_EEE"":5,""obs_mistake_mask=_EE_"":6,""obs_mistake_mask=_E_E"":1,""obs_mistake_mask=_E__"":7,""obs_mistake_mask=__EE"":5,""obs_mistake_mask=__E_"":2,""obs_mistake_mask=___E"":4}"
      6144,         8,         0,   0.510,decoder_by_matrix,fe15b11dcb8b3f13c3ba2812b146e413e309c65e07905a09cf6ecd916cf41bda,"{""distance"":3,""physical_error_rate"":0.005}","{""detection_events"":3735,""detectors_checked"":331776,""obs_mistake_mask=_E_E"":2,""obs_mistake_mask=_E__"":2,""obs_mistake_mask=__EE"":1,""obs_mistake_mask=__E_"":2,""obs_mistake_mask=___E"":1}"
     53248,         0,         0,    1.70,decoder_by_matrix,b3c6da8537ae85d54cd5acd57fc4d5a00e23be04de7c70760ac5fa4b0f5f70dc,"{""distance"":3,""physical_error_rate"":1e-06}","{""detection_events"":3,""detectors_checked"":2875392}"
     10240,         0,         0,   0.163,decoder_by_matrix,c8397cb2c46e4683a6f3970bc42cef1aabfef4d80cfcd6b8313e87630b680ee2,"{""distance"":3,""physical_error_rate"":0.0001}","{""detection_events"":120,""detectors_checked"":552960}"
     20480,         0,         0,   0.621,decoder_by_matrix,1222905ef2c3e0b3841e2be415851bad02a0949e12b9844f6b979980572eaa40,"{""distance"":3,""physical_error_rate"":5e-06}","{""detection_events"":12,""detectors_checked"":1105920}"
     16384,         0,         0,   0.479,decoder_by_matrix,73784f3389b885bc1b704dac0b44b83e08b79da81bcec9ed749229213445f550,"{""distance"":3,""physical_error_rate"":1e-05}","{""detection_events"":6,""detectors_checked"":884736}"
     10240,         0,         0,   0.615,decoder_by_matrix,5dee359087c4b9ae2c20477a4d5136d2695095b0438111838e7093c679bd3c20,"{""distance"":3,""physical_error_rate"":0.0005}","{""detection_events"":621,""detectors_checked"":552960}"
      9216,        13,         0,   0.606,decoder_by_matrix,fe15b11dcb8b3f13c3ba2812b146e413e309c65e07905a09cf6ecd916cf41bda,"{""distance"":3,""physical_error_rate"":0.005}","{""detection_events"":5292,""detectors_checked"":497664,""obs_mistake_mask=E___"":2,""obs_mistake_mask=_EEE"":1,""obs_mistake_mask=_E_E"":4,""obs_mistake_mask=_E__"":2,""obs_mistake_mask=__EE"":1,""obs_mistake_mask=__E_"":2,""obs_mistake_mask=___E"":1}"
     16384,         0,         0,   0.604,decoder_by_matrix,cd5aa4935a142b600239883e928f6c7fc9fbc8c84161e9ed59cf2551b7ebfc3d,"{""distance"":3,""physical_error_rate"":5e-05}","{""detection_events"":90,""detectors_checked"":884736}"
      7168,        55,         0,   0.473,decoder_by_matrix,c0504c10f5ab777f87672229571c10df6954ae4e739b135e111b80009949f281,"{""distance"":3,""physical_error_rate"":0.01}","{""detection_events"":8655,""detectors_checked"":387072,""obs_mistake_mask=E___"":3,""obs_mistake_mask=_EEE"":7,""obs_mistake_mask=_EE_"":6,""obs_mistake_mask=_E_E"":4,""obs_mistake_mask=_E__"":11,""obs_mistake_mask=__EE"":10,""obs_mistake_mask=__E_"":7,""obs_mistake_mask=___E"":7}"
     19456,         0,         0,    1.17,decoder_by_matrix,cd5aa4935a142b600239883e928f6c7fc9fbc8c84161e9ed59cf2551b7ebfc3d,"{""distance"":3,""physical_error_rate"":5e-05}","{""detection_events"":93,""detectors_checked"":1050624}"
     21504,         0,         0,    1.23,decoder_by_matrix,cd5aa4935a142b600239883e928f6c7fc9fbc8c84161e9ed59cf2551b7ebfc3d,"{""distance"":3,""physical_error_rate"":5e-05}","{""detection_events"":117,""detectors_checked"":1161216}"
     26624,         0,         0,    1.19,decoder_by_matrix,73784f3389b885bc1b704dac0b44b83e08b79da81bcec9ed749229213445f550,"{""distance"":3,""physical_error_rate"":1e-05}","{""detection_events"":48,""detectors_checked"":1437696}"
     13312,         1,         0,    1.11,decoder_by_matrix,e45af4f98fc7ee1c9936a6749fec74122c57b4ab96343d0e01c96593a4531898,"{""distance"":3,""physical_error_rate"":0.001}","{""detection_events"":1491,""detectors_checked"":718848,""obs_mistake_mask=E___"":1}"
     18432,         0,         0,    1.05,decoder_by_matrix,cd5aa4935a142b600239883e928f6c7fc9fbc8c84161e9ed59cf2551b7ebfc3d,"{""distance"":3,""physical_error_rate"":5e-05}","{""detection_events"":123,""detectors_checked"":995328}"
     27648,         0,         0,   0.907,decoder_by_matrix,73784f3389b885bc1b704dac0b44b83e08b79da81bcec9ed749229213445f550,"{""distance"":3,""physical_error_rate"":1e-05}","{""detection_events"":51,""detectors_checked"":1492992}"
     15360,         3,         0,    1.46,decoder_by_matrix,e45af4f98fc7ee1c9936a6749fec74122c57b4ab96343d0e01c96593a4531898,"{""distance"":3,""physical_error_rate"":0.001}","{""detection_events"":1953,""detectors_checked"":829440,""obs_mistake_mask=_EE_"":1,""obs_mistake_mask=__E_"":2}"
      8192,        18,         0,   0.825,decoder_by_matrix,fe15b11dcb8b3f13c3ba2812b146e413e309c65e07905a09cf6ecd916cf41bda,"{""distance"":3,""physical_error_rate"":0.005}","{""detection_events"":4590,""detectors_checked"":442368,""obs_mistake_mask=E___"":2,""obs_mistake_mask=_EEE"":3,""obs_mistake_mask=_EE_"":1,""obs_mistake_mask=_E_E"":3,""obs_mistake_mask=_E__"":5,""obs_mistake_mask=__E_"":2,""obs_mistake_mask=___E"":2}"
      8192,        15,         0,   0.854,decoder_by_matrix,fe15b11dcb8b3f13c3ba2812b146e413e309c65e07905a09cf6ecd916cf41bda,"{""distance"":3,""physical_error_rate"":0.005}","{""detection_events"":4341,""detectors_checked"":442368,""obs_mistake_mask=E___"":1,""obs_mistake_mask=_EEE"":5,""obs_mistake_mask=_EE_"":1,""obs_mistake_mask=_E__"":5,""obs_mistake_mask=__E_"":1,""obs_mistake_mask=___E"":2}"
      5120,        31,         0,   0.795,decoder_by_matrix,c0504c10f5ab777f87672229571c10df6954ae4e739b135e111b80009949f281,"{""distance"":3,""physical_error_rate"":0.01}","{""detection_events"":5943,""detectors_checked"":276480,""obs_mistake_mask=E___"":1,""obs_mistake_mask=_EEE"":4,""obs_mistake_mask=_EE_"":2,""obs_mistake_mask=_E_E"":4,""obs_mistake_mask=_E__"":7,""obs_mistake_mask=__EE"":2,""obs_mistake_mask=__E_"":3,""obs_mistake_mask=___E"":8}"
      8192,         0,         0,   0.576,decoder_by_matrix,cd5aa4935a142b600239883e928f6c7fc9fbc8c84161e9ed59cf2551b7ebfc3d,"{""distance"":3,""physical_error_rate"":5e-05}","{""detection_events"":60,""detectors_checked"":442368}"
     40960,         0,         0,    1.39,decoder_by_matrix,1222905ef2c3e0b3841e2be415851bad02a0949e12b9844f6b979980572eaa40,"{""distance"":3,""physical_error_rate"":5e-06}","{""detection_events"":27,""detectors_checked"":2211840}"
     13312,         0,         0,    1.38,decoder_by_matrix,5dee359087c4b9ae2c20477a4d5136d2695095b0438111838e7093c679bd3c20,"{""distance"":3,""physical_error_rate"":0.0005}","{""detection_events"":858,""detectors_checked"":718848}"
     30720,         0,         0,    1.02,decoder_by_matrix,b3c6da8537ae85d54cd5acd57fc4d5a00e23be04de7c70760ac5fa4b0f5f70dc,"{""distance"":3,""physical_error_rate"":1e-06}","{""detection_events"":9,""detectors_checked"":1658880}"
     36864,         0,         0,    1.44,decoder_by_matrix,1222905ef2c3e0b3841e2be415851bad02a0949e12b9844f6b979980572eaa40,"{""distance"":3,""physical_error_rate"":5e-06}","{""detection_events"":39,""detectors_checked"":1990656}"
     33792,         0,         0,    1.09,decoder_by_matrix,b3c6da8537ae85d54cd5acd57fc4d5a00e23be04de7c70760ac5fa4b0f5f70dc,"{""distance"":3,""physical_error_rate"":1e-06}","{""detectors_checked"":1824768}"
     12288,         1,         0,   0.623,decoder_by_matrix,5dee359087c4b9ae2c20477a4d5136d2695095b0438111838e7093c679bd3c20,"{""distance"":3,""physical_error_rate"":0.0005}","{""detection_events"":645,""detectors_checked"":663552,""obs_mistake_mask=_E__"":1}"
      9216,         0,         0,   0.604,decoder_by_matrix,cd5aa4935a142b600239883e928f6c7fc9fbc8c84161e9ed59cf2551b7ebfc3d,"{""distance"":3,""physical_error_rate"":5e-05}","{""detection_events"":48,""detectors_checked"":497664}"
      9216,         0,         0,   0.872,decoder_by_matrix,c8397cb2c46e4683a6f3970bc42cef1aabfef4d80cfcd6b8313e87630b680ee2,"{""distance"":3,""physical_error_rate"":0.0001}","{""detection_events"":162,""detectors_checked"":497664}"
     14336,         0,         0,    1.43,decoder_by_matrix,5dee359087c4b9ae2c20477a4d5136d2695095b0438111838e7093c679bd3c20,"{""distance"":3,""physical_error_rate"":0.0005}","{""detection_events"":864,""detectors_checked"":774144}"
     12288,         0,         0,   0.567,decoder_by_matrix,73784f3389b885bc1b704dac0b44b83e08b79da81bcec9ed749229213445f550,"{""distance"":3,""physical_error_rate"":1e-05}","{""detection_events"":21,""detectors_checked"":663552}"
     12288,         1,         0,   0.507,decoder_by_matrix,5dee359087c4b9ae2c20477a4d5136d2695095b0438111838e7093c679bd3c20,"{""distance"":3,""physical_error_rate"":0.0005}","{""detection_events"":711,""detectors_checked"":663552,""obs_mistake_mask=_EE_"":1}"
     12288,         0,         0,    1.15,decoder_by_matrix,e45af4f98fc7ee1c9936a6749fec74122c57b4ab96343d0e01c96593a4531898,"{""distance"":3,""physical_error_rate"":0.001}","{""detection_events"":1449,""detectors_checked"":663552}"
      5120,         0,         0,   0.308,decoder_by_matrix,c8397cb2c46e4683a6f3970bc42cef1aabfef4d80cfcd6b8313e87630b680ee2,"{""distance"":3,""physical_error_rate"":0.0001}","{""detection_events"":51,""detectors_checked"":276480}"
     34816,         0,         0,    1.15,decoder_by_matrix,1222905ef2c3e0b3841e2be415851bad02a0949e12b9844f6b979980572eaa40,"{""distance"":3,""physical_error_rate"":5e-06}","{""detection_events"":3,""detectors_checked"":1880064}"
     13312,        96,         0,    1.73,decoder_by_matrix,c0504c10f5ab777f87672229571c10df6954ae4e739b135e111b80009949f281,"{""distance"":3,""physical_error_rate"":0.01}","{""detection_events"":15816,""detectors_checked"":718848,""obs_mistake_mask=EEE_"":1,""obs_mistake_mask=E_E_"":1,""obs_mistake_mask=E__E"":1,""obs_mistake_mask=E___"":5,""obs_mistake_mask=_EEE"":4,""obs_mistake_mask=_EE_"":11,""obs_mistake_mask=_E_E"":18,""obs_mistake_mask=_E__"":15,""obs_mistake_mask=__EE"":11,""obs_mistake_mask=__E_"":16,""obs_mistake_mask=___E"":13}"
      5120,         0,         0,   0.313,decoder_by_matrix,5dee359087c4b9ae2c20477a4d5136d2695095b0438111838e7093c679bd3c20,"{""distance"":3,""physical_error_rate"":0.0005}","{""detection_events"":411,""detectors_checked"":276480}"
      5120,        44,         0,   0.424,decoder_by_matrix,c0504c10f5ab777f87672229571c10df6954ae4e739b135e111b80009949f281,"{""distance"":3,""physical_error_rate"":0.01}","{""detection_events"":5874,""detectors_checked"":276480,""obs_mistake_mask=E__E"":1,""obs_mistake_mask=E___"":3,""obs_mistake_mask=_EEE"":4,""obs_mistake_mask=_EE_"":4,""obs_mistake_mask=_E_E"":3,""obs_mistake_mask=_E__"":8,""obs_mistake_mask=__EE"":6,""obs_mistake_mask=__E_"":9,""obs_mistake_mask=___E"":6}"
      6144,        47,         0,   0.982,decoder_by_matrix,c0504c10f5ab777f87672229571c10df6954ae4e739b135e111b80009949f281,"{""distance"":3,""physical_error_rate"":0.01}","{""detection_events"":7473,""detectors_checked"":331776,""obs_mistake_mask=EEE_"":1,""obs_mistake_mask=EE_E"":1,""obs_mistake_mask=EE__"":1,""obs_mistake_mask=E_EE"":1,""obs_mistake_mask=E_E_"":1,""obs_mistake_mask=E__E"":1,""obs_mistake_mask=E___"":6,""obs_mistake_mask=_EEE"":4,""obs_mistake_mask=_EE_"":5,""obs_mistake_mask=_E_E"":2,""obs_mistake_mask=_E__"":11,""obs_mistake_mask=__EE"":3,""obs_mistake_mask=__E_"":6,""obs_mistake_mask=___E"":4}"
     23552,         0,         0,   0.697,decoder_by_matrix,b3c6da8537ae85d54cd5acd57fc4d5a00e23be04de7c70760ac5fa4b0f5f70dc,"{""distance"":3,""physical_error_rate"":1e-06}","{""detection_events"":9,""detectors_checked"":1271808}"
      9216,         1,         0,   0.756,decoder_by_matrix,5dee359087c4b9ae2c20477a4d5136d2695095b0438111838e7093c679bd3c20,"{""distance"":3,""physical_error_rate"":0.0005}","{""detection_events"":528,""detectors_checked"":497664,""obs_mistake_mask=_E__"":1}"
      6144,        18,         0,   0.695,decoder_by_matrix,fe15b11dcb8b3f13c3ba2812b146e413e309c65e07905a09cf6ecd916cf41bda,"{""distance"":3,""physical_error_rate"":0.005}","{""detection_events"":3828,""detectors_checked"":331776,""obs_mistake_mask=E___"":3,""obs_mistake_mask=_EEE"":1,""obs_mistake_mask=_E_E"":3,""obs_mistake_mask=_E__"":5,""obs_mistake_mask=__EE"":2,""obs_mistake_mask=__E_"":1,""obs_mistake_mask=___E"":3}"
     14336,         0,         0,    1.09,decoder_by_matrix,e45af4f98fc7ee1c9936a6749fec74122c57b4ab96343d0e01c96593a4531898,"{""distance"":3,""physical_error_rate"":0.001}","{""detection_events"":1716,""detectors_checked"":774144}"
     46080,         0,         0,    1.75,decoder_by_matrix,1222905ef2c3e0b3841e2be415851bad02a0949e12b9844f6b979980572eaa40,"{""distance"":3,""physical_error_rate"":5e-06}","{""detection_events"":15,""detectors_checked"":2488320}"
     17408,         0,         0,   0.487,decoder_by_matrix,73784f3389b885bc1b704dac0b44b83e08b79da81bcec9ed749229213445f550,"{""distance"":3,""physical_error_rate"":1e-05}","{""detection_events"":18,""detectors_checked"":940032}"
     13312,         0,         0,    1.42,decoder_by_matrix,e45af4f98fc7ee1c9936a6749fec74122c57b4ab96343d0e01c96593a4531898,"{""distance"":3,""physical_error_rate"":0.001}","{""detection_events"":1410,""detectors_checked"":718848}"
     41984,         0,         0,    1.56,decoder_by_matrix,b3c6da8537ae85d54cd5acd57fc4d5a00e23be04de7c70760ac5fa4b0f5f70dc,"{""distance"":3,""physical_error_rate"":1e-06}","{""detection_events"":3,""detectors_checked"":2267136}"
     21504,         0,         0,    1.55,decoder_by_matrix,cd5aa4935a142b600239883e928f6c7fc9fbc8c84161e9ed59cf2551b7ebfc3d,"{""distance"":3,""physical_error_rate"":5e-05}","{""detection_events"":108,""detectors_checked"":1161216}"
     19456,         0,         0,    1.61,decoder_by_matrix,c8397cb2c46e4683a6f3970bc42cef1aabfef4d80cfcd6b8313e87630b680ee2,"{""distance"":3,""physical_error_rate"":0.0001}","{""detection_events"":225,""detectors_checked"":1050624}"
     33792,         0,         0,    1.34,decoder_by_matrix,73784f3389b885bc1b704dac0b44b83e08b79da81bcec9ed749229213445f550,"{""distance"":3,""physical_error_rate"":1e-05}","{""detection_events"":39,""detectors_checked"":1824768}"
     11264,        26,         0,    1.14,decoder_by_matrix,fe15b11dcb8b3f13c3ba2812b146e413e309c65e07905a09cf6ecd916cf41bda,"{""distance"":3,""physical_error_rate"":0.005}","{""detection_events"":6513,""detectors_checked"":608256,""obs_mistake_mask=E_EE"":1,""obs_mistake_mask=_EEE"":2,""obs_mistake_mask=_EE_"":1,""obs_mistake_mask=_E_E"":4,""obs_mistake_mask=_E__"":5,""obs_mistake_mask=__EE"":5,""obs_mistake_mask=__E_"":1,""obs_mistake_mask=___E"":7}"
      6144,         0,         0,   0.341,decoder_by_matrix,c8397cb2c46e4683a6f3970bc42cef1aabfef4d80cfcd6b8313e87630b680ee2,"{""distance"":3,""physical_error_rate"":0.0001}","{""detection_events"":63,""detectors_checked"":331776}"
     17408,         0,         0,   0.874,decoder_by_matrix,73784f3389b885bc1b704dac0b44b83e08b79da81bcec9ed749229213445f550,"{""distance"":3,""physical_error_rate"":1e-05}","{""detection_events"":24,""detectors_checked"":940032}"
      9216,        62,         0,    1.16,decoder_by_matrix,c0504c10f5ab777f87672229571c10df6954ae4e739b135e111b80009949f281,"{""distance"":3,""physical_error_rate"":0.01}","{""detection_events"":10707,""detectors_checked"":497664,""obs_mistake_mask=EEE_"":1,""obs_mistake_mask=EE__"":1,""obs_mistake_mask=E_EE"":1,""obs_mistake_mask=E___"":5,""obs_mistake_mask=_EEE"":6,""obs_mistake_mask=_EE_"":7,""obs_mistake_mask=_E_E"":7,""obs_mistake_mask=_E__"":10,""obs_mistake_mask=__EE"":6,""obs_mistake_mask=__E_"":5,""obs_mistake_mask=___E"":13}"
     15360,         0,         0,    1.39,decoder_by_matrix,c8397cb2c46e4683a6f3970bc42cef1aabfef4d80cfcd6b8313e87630b680ee2,"{""distance"":3,""physical_error_rate"":0.0001}","{""detection_events"":162,""detectors_checked"":829440}"
     30720,         0,         0,    1.16,decoder_by_matrix,1222905ef2c3e0b3841e2be415851bad02a0949e12b9844f6b979980572eaa40,"{""distance"":3,""physical_error_rate"":5e-06}","{""detection_events"":12,""detectors_checked"":1658880}"
     11264,         0,         0,   0.576,decoder_by_matrix,cd5aa4935a142b600239883e928f6c7fc9fbc8c84161e9ed59cf2551b7ebfc3d,"{""distance"":3,""physical_error_rate"":5e-05}","{""detection_events"":39,""detectors_checked"":608256}"
     15360,         0,         0,   0.539,decoder_by_matrix,73784f3389b885bc1b704dac0b44b83e08b79da81bcec9ed749229213445f550,"{""distance"":3,""physical_error_rate"":1e-05}","{""detection_events"":33,""detectors_checked"":829440}"
     11264,        26,         0,    1.19,decoder_by_matrix,fe15b11dcb8b3f13c3ba2812b146e413e309c65e07905a09cf6ecd916cf41bda,"{""distance"":3,""physical_error_rate"":0.005}","{""detection_events"":6735,""detectors_checked"":608256,""obs_mistake_mask=E___"":3,""obs_mistake_mask=_EE_"":5,""obs_mistake_mask=_E_E"":3,""obs_mistake_mask=_E__"":3,""obs_mistake_mask=__EE"":1,""obs_mistake_mask=__E_"":5,""obs_mistake_mask=___E"":6}"
     11264,        28,         0,    1.33,decoder_by_matrix,fe15b11dcb8b3f13c3ba2812b146e413e309c65e07905a09cf6ecd916cf41bda,"{""distance"":3,""physical_error_rate"":0.005}","{""detection_events"":6981,""detectors_checked"":608256,""obs_mistake_mask=E___"":3,""obs_mistake_mask=_EEE"":2,""obs_mistake_mask=_EE_"":1,""obs_mistake_mask=_E_E"":5,""obs_mistake_mask=_E__"":4,""obs_mistake_mask=__EE"":1,""obs_mistake_mask=__E_"":5,""obs_mistake_mask=___E"":7}"
     15360,         0,         0,    1.35,decoder_by_matrix,c8397cb2c46e4683a6f3970bc42cef1aabfef4d80cfcd6b8313e87630b680ee2,"{""distance"":3,""physical_error_rate"":0.0001}","{""detection_events"":219,""detectors_checked"":829440}"
      7168,         0,         0,   0.706,decoder_by_matrix,5dee359087c4b9ae2c20477a4d5136d2695095b0438111838e7093c679bd3c20,"{""distance"":3,""physical_error_rate"":0.0005}","{""detection_events"":423,""detectors_checked"":387072}"
     12288,         0,         0,   0.614,decoder_by_matrix,73784f3389b885bc1b704dac0b44b83e08b79da81bcec9ed749229213445f550,"{""distance"":3,""physical_error_rate"":1e-05}","{""detection_events"":21,""detectors_checked"":663552}"
      7168,        46,         0,   0.845,decoder_by_matrix,c0504c10f5ab777f87672229571c10df6954ae4e739b135e111b80009949f281,"{""distance"":3,""physical_error_rate"":0.01}","{""detection_events"":8373,""detectors_checked"":387072,""obs_mistake_mask=E___"":7,""obs_mistake_mask=_EEE"":8,""obs_mistake_mask=_EE_"":3,""obs_mistake_mask=_E_E"":9,""obs_mistake_mask=_E__"":7,""obs_mistake_mask=__EE"":3,""obs_mistake_mask=__E_"":6,""obs_mistake_mask=___E"":3}"
     11264,        97,         0,    1.44,decoder_by_matrix,c0504c10f5ab777f87672229571c10df6954ae4e739b135e111b80009949f281,"{""distance"":3,""physical_error_rate"":0.01}","{""detection_events"":12711,""detectors_checked"":608256,""obs_mistake_mask=EEE_"":1,""obs_mistake_mask=E_E_"":1,""obs_mistake_mask=E___"":14,""obs_mistake_mask=_EEE"":11,""obs_mistake_mask=_EE_"":3,""obs_mistake_mask=_E_E"":11,""obs_mistake_mask=_E__"":14,""obs_mistake_mask=__EE"":10,""obs_mistake_mask=__E_"":17,""obs_mistake_mask=___E"":15}"
      8192,        61,         0,    1.32,decoder_by_matrix,c0504c10f5ab777f87672229571c10df6954ae4e739b135e111b80009949f281,"{""distance"":3,""physical_error_rate"":0.01}","{""detection_events"":9576,""detectors_checked"":442368,""obs_mistake_mask=EEE_"":1,""obs_mistake_mask=E___"":4,""obs_mistake_mask=_EEE"":6,""obs_mistake_mask=_EE_"":7,""obs_mistake_mask=_E_E"":4,""obs_mistake_mask=_E__"":9,""obs_mistake_mask=__EE"":6,""obs_mistake_mask=__E_"":8,""obs_mistake_mask=___E"":16}"
     34816,         0,         0,   0.998,decoder_by_matrix,1222905ef2c3e0b3841e2be415851bad02a0949e12b9844f6b979980572eaa40,"{""distance"":3,""physical_error_rate"":5e-06}","{""detection_events"":12,""detectors_checked"":1880064}"
     22528,         0,         0,    1.38,decoder_by_matrix,cd5aa4935a142b600239883e928f6c7fc9fbc8c84161e9ed59cf2551b7ebfc3d,"{""distance"":3,""physical_error_rate"":5e-05}","{""detection_events"":57,""detectors_checked"":1216512}"
     10240,        76,         0,    1.51,decoder_by_matrix,c0504c10f5ab777f87672229571c10df6954ae4e739b135e111b80009949f281,"{""distance"":3,""physical_error_rate"":0.01}","{""detection_events"":11499,""detectors_checked"":552960,""obs_mistake_mask=EE__"":2,""obs_mistake_mask=E_E_"":2,""obs_mistake_mask=E___"":5,""obs_mistake_mask=_EEE"":6,""obs_mistake_mask=_EE_"":5,""obs_mistake_mask=_E_E"":6,""obs_mistake_mask=_E__"":14,""obs_mistake_mask=__EE"":14,""obs_mistake_mask=__E_"":13,""obs_mistake_mask=___E"":9}"
     27648,         0,         0,   0.983,decoder_by_matrix,b3c6da8537ae85d54cd5acd57fc4d5a00e23be04de7c70760ac5fa4b0f5f70dc,"{""distance"":3,""physical_error_rate"":1e-06}","{""detection_events"":3,""detectors_checked"":1492992}"
     10240,         1,         0,   0.893,decoder_by_matrix,e45af4f98fc7ee1c9936a6749fec74122c57b4ab96343d0e01c96593a4531898,"{""distance"":3,""physical_error_rate"":0.001}","{""detection_events"":1050,""detectors_checked"":552960,""obs_mistake_mask=___E"":1}"
     23552,         0,         0,    1.97,decoder_by_matrix,c8397cb2c46e4683a6f3970bc42cef1aabfef4d80cfcd6b8313e87630b680ee2,"{""distance"":3,""physical_error_rate"":0.0001}","{""detection_events"":243,""detectors_checked"":1271808}"
      7168,        43,         0,    1.02,decoder_by_matrix,c0504c10f5ab777f87672229571c10df6954ae4e739b135e111b80009949f281,"{""distance"":3,""physical_error_rate"":0.01}","{""detection_events"":8415,""detectors_checked"":387072,""obs_mistake_mask=EEE_"":1,""obs_mistake_mask=E___"":2,""obs_mistake_mask=_EEE"":4,""obs_mistake_mask=_EE_"":2,""obs_mistake_mask=_E_E"":1,""obs_mistake_mask=_E__"":11,""obs_mistake_mask=__EE"":6,""obs_mistake_mask=__E_"":8,""obs_mistake_mask=___E"":8}"
      8192,         0,         0,   0.561,decoder_by_matrix,c8397cb2c46e4683a6f3970bc42cef1aabfef4d80cfcd6b8313e87630b680ee2,"{""distance"":3,""physical_error_rate"":0.0001}","{""detection_events"":96,""detectors_checked"":442368}"
     48128,         0,         0,    1.83,decoder_by_matrix,1222905ef2c3e0b3841e2be415851bad02a0949e12b9844f6b979980572eaa40,"{""distance"":3,""physical_error_rate"":5e-06}","{""detection_events"":9,""detectors_checked"":2598912}"
     18432,         1,         0,    1.84,decoder_by_matrix,e45af4f98fc7ee1c9936a6749fec74122c57b4ab96343d0e01c96593a4531898,"{""distance"":3,""physical_error_rate"":0.001}","{""detection_events"":1917,""detectors_checked"":995328,""obs_mistake_mask=_E__"":1}"
     18432,         0,         0,    1.83,decoder_by_matrix,5dee359087c4b9ae2c20477a4d5136d2695095b0438111838e7093c679bd3c20,"{""distance"":3,""physical_error_rate"":0.0005}","{""detection_events"":1128,""detectors_checked"":995328}"
     48128,         0,         0,    1.84,decoder_by_matrix,b3c6da8537ae85d54cd5acd57fc4d5a00e23be04de7c70760ac5fa4b0f5f70dc,"{""distance"":3,""physical_error_rate"":1e-06}","{""detection_events"":9,""detectors_checked"":2598912}"
     32768,         0,         0,    1.11,decoder_by_matrix,1222905ef2c3e0b3841e2be415851bad02a0949e12b9844f6b979980572eaa40,"{""distance"":3,""physical_error_rate"":5e-06}","{""detection_events"":18,""detectors_checked"":1769472}"
      8192,        18,         0,    1.12,decoder_by_matrix,fe15b11dcb8b3f13c3ba2812b146e413e309c65e07905a09cf6ecd916cf41bda,"{""distance"":3,""physical_error_rate"":0.005}","{""detection_events"":4986,""detectors_checked"":442368,""obs_mistake_mask=E___"":1,""obs_mistake_mask=_EEE"":2,""obs_mistake_mask=_E_E"":4,""obs_mistake_mask=_E__"":3,""obs_mistake_mask=__EE"":3,""obs_mistake_mask=__E_"":3,""obs_mistake_mask=___E"":2}"
     19456,         2,         0,    1.90,decoder_by_matrix,e45af4f98fc7ee1c9936a6749fec74122c57b4ab96343d0e01c96593a4531898,"{""distance"":3,""physical_error_rate"":0.001}","{""detection_events"":2373,""detectors_checked"":1050624,""obs_mistake_mask=_E_E"":1,""obs_mistake_mask=___E"":1}"
     11264,        24,         0,    1.34,decoder_by_matrix,fe15b11dcb8b3f13c3ba2812b146e413e309c65e07905a09cf6ecd916cf41bda,"{""distance"":3,""physical_error_rate"":0.005}","{""detection_events"":6918,""detectors_checked"":608256,""obs_mistake_mask=E___"":1,""obs_mistake_mask=_EEE"":8,""obs_mistake_mask=_EE_"":3,""obs_mistake_mask=_E_E"":3,""obs_mistake_mask=_E__"":3,""obs_mistake_mask=__EE"":1,""obs_mistake_mask=__E_"":5}"
     11264,        29,         0,    1.10,decoder_by_matrix,fe15b11dcb8b3f13c3ba2812b146e413e309c65e07905a09cf6ecd916cf41bda,"{""distance"":3,""physical_error_rate"":0.005}","{""detection_events"":6495,""detectors_checked"":608256,""obs_mistake_mask=_EEE"":10,""obs_mistake_mask=_EE_"":2,""obs_mistake_mask=_E_E"":2,""obs_mistake_mask=_E__"":3,""obs_mistake_mask=__EE"":1,""obs_mistake_mask=__E_"":7,""obs_mistake_mask=___E"":4}"
     19456,         0,         0,    1.34,decoder_by_matrix,cd5aa4935a142b600239883e928f6c7fc9fbc8c84161e9ed59cf2551b7ebfc3d,"{""distance"":3,""physical_error_rate"":5e-05}","{""detection_events"":102,""detectors_checked"":1050624}"
     34816,         0,         0,    1.38,decoder_by_matrix,1222905ef2c3e0b3841e2be415851bad02a0949e12b9844f6b979980572eaa40,"{""distance"":3,""physical_error_rate"":5e-06}","{""detection_events"":18,""detectors_checked"":1880064}"
     43008,         0,         0,    1.96,decoder_by_matrix,73784f3389b885bc1b704dac0b44b83e08b79da81bcec9ed749229213445f550,"{""distance"":3,""physical_error_rate"":1e-05}","{""detection_events"":45,""detectors_checked"":2322432}"
     21504,         0,         0,    1.94,decoder_by_matrix,c8397cb2c46e4683a6f3970bc42cef1aabfef4d80cfcd6b8313e87630b680ee2,"{""distance"":3,""physical_error_rate"":0.0001}","{""detection_events"":234,""detectors_checked"":1161216}"
     51200,         0,         0,    1.71,decoder_by_matrix,b3c6da8537ae85d54cd5acd57fc4d5a00e23be04de7c70760ac5fa4b0f5f70dc,"{""distance"":3,""physical_error_rate"":1e-06}","{""detection_events"":9,""detectors_checked"":2764800}"
     51200,         0,         0,    1.95,decoder_by_matrix,b3c6da8537ae85d54cd5acd57fc4d5a00e23be04de7c70760ac5fa4b0f5f70dc,"{""distance"":3,""physical_error_rate"":1e-06}","{""detection_events"":12,""detectors_checked"":2764800}"
     25600,         0,         0,    1.94,decoder_by_matrix,cd5aa4935a142b600239883e928f6c7fc9fbc8c84161e9ed59cf2551b7ebfc3d,"{""distance"":3,""physical_error_rate"":5e-05}","{""detection_events"":120,""detectors_checked"":1382400}"
     17408,         0,         0,    1.50,decoder_by_matrix,c8397cb2c46e4683a6f3970bc42cef1aabfef4d80cfcd6b8313e87630b680ee2,"{""distance"":3,""physical_error_rate"":0.0001}","{""detection_events"":222,""detectors_checked"":940032}"
     16384,        33,         0,    2.07,decoder_by_matrix,fe15b11dcb8b3f13c3ba2812b146e413e309c65e07905a09cf6ecd916cf41bda,"{""distance"":3,""physical_error_rate"":0.005}","{""detection_events"":9354,""detectors_checked"":884736,""obs_mistake_mask=EE_E"":1,""obs_mistake_mask=E___"":2,""obs_mistake_mask=_EEE"":6,""obs_mistake_mask=_EE_"":5,""obs_mistake_mask=_E_E"":2,""obs_mistake_mask=_E__"":7,""obs_mistake_mask=__E_"":4,""obs_mistake_mask=___E"":6}"
     22528,         0,         0,    1.67,decoder_by_matrix,cd5aa4935a142b600239883e928f6c7fc9fbc8c84161e9ed59cf2551b7ebfc3d,"{""distance"":3,""physical_error_rate"":5e-05}","{""detection_events"":144,""detectors_checked"":1216512}"
     20480,         0,         0,    2.10,decoder_by_matrix,cd5aa4935a142b600239883e928f6c7fc9fbc8c84161e9ed59cf2551b7ebfc3d,"{""distance"":3,""physical_error_rate"":5e-05}","{""detection_events"":204,""detectors_checked"":1105920}"
     40960,         0,         0,    1.85,decoder_by_matrix,73784f3389b885bc1b704dac0b44b83e08b79da81bcec9ed749229213445f550,"{""distance"":3,""physical_error_rate"":1e-05}","{""detection_events"":33,""detectors_checked"":2211840}"
     21504,         0,         0,    1.09,decoder_by_matrix,73784f3389b885bc1b704dac0b44b83e08b79da81bcec9ed749229213445f550,"{""distance"":3,""physical_error_rate"":1e-05}","{""detection_events"":21,""detectors_checked"":1161216}"
     14336,         0,         0,    1.57,decoder_by_matrix,5dee359087c4b9ae2c20477a4d5136d2695095b0438111838e7093c679bd3c20,"{""distance"":3,""physical_error_rate"":0.0005}","{""detection_events"":849,""detectors_checked"":774144}"
     20480,         0,         0,    2.17,decoder_by_matrix,e45af4f98fc7ee1c9936a6749fec74122c57b4ab96343d0e01c96593a4531898,"{""distance"":3,""physical_error_rate"":0.001}","{""detection_events"":2556,""detectors_checked"":1105920}"
     38912,         0,         0,    1.83,decoder_by_matrix,73784f3389b885bc1b704dac0b44b83e08b79da81bcec9ed749229213445f550,"{""distance"":3,""physical_error_rate"":1e-05}","{""detection_events"":60,""detectors_checked"":2101248}"
     38912,         0,         0,    1.63,decoder_by_matrix,b3c6da8537ae85d54cd5acd57fc4d5a00e23be04de7c70760ac5fa4b0f5f70dc,"{""distance"":3,""physical_error_rate"":1e-06}","{""detectors_checked"":2101248}"
     18432,         2,         0,    1.84,decoder_by_matrix,e45af4f98fc7ee1c9936a6749fec74122c57b4ab96343d0e01c96593a4531898,"{""distance"":3,""physical_error_rate"":0.001}","{""detection_events"":2256,""detectors_checked"":995328,""obs_mistake_mask=__EE"":2}"
     18432,         0,         0,    1.28,decoder_by_matrix,cd5aa4935a142b600239883e928f6c7fc9fbc8c84161e9ed59cf2551b7ebfc3d,"{""distance"":3,""physical_error_rate"":5e-05}","{""detection_events"":78,""detectors_checked"":995328}"
     19456,         0,         0,    1.92,decoder_by_matrix,5dee359087c4b9ae2c20477a4d5136d2695095b0438111838e7093c679bd3c20,"{""distance"":3,""physical_error_rate"":0.0005}","{""detection_events"":1146,""detectors_checked"":1050624}"
     11264,        82,         0,    1.81,decoder_by_matrix,c0504c10f5ab777f87672229571c10df6954ae4e739b135e111b80009949f281,"{""distance"":3,""physical_error_rate"":0.01}","{""detection_events"":12906,""detectors_checked"":608256,""obs_mistake_mask=E_EE"":2,""obs_mistake_mask=E___"":7,""obs_mistake_mask=_EEE"":9,""obs_mistake_mask=_EE_"":7,""obs_mistake_mask=_E_E"":4,""obs_mistake_mask=_E__"":12,""obs_mistake_mask=__EE"":11,""obs_mistake_mask=__E_"":12,""obs_mistake_mask=___E"":18}"
     28672,         0,         0,    1.09,decoder_by_matrix,73784f3389b885bc1b704dac0b44b83e08b79da81bcec9ed749229213445f550,"{""distance"":3,""physical_error_rate"":1e-05}","{""detection_events"":48,""detectors_checked"":1548288}"
     38912,         0,         0,    1.94,decoder_by_matrix,1222905ef2c3e0b3841e2be415851bad02a0949e12b9844f6b979980572eaa40,"{""distance"":3,""physical_error_rate"":5e-06}","{""detection_events"":51,""detectors_checked"":2101248}"
     19456,         0,         0,    1.96,decoder_by_matrix,5dee359087c4b9ae2c20477a4d5136d2695095b0438111838e7093c679bd3c20,"{""distance"":3,""physical_error_rate"":0.0005}","{""detection_events"":1299,""detectors_checked"":1050624}"
     21504,         0,         0,    2.04,decoder_by_matrix,5dee359087c4b9ae2c20477a4d5136d2695095b0438111838e7093c679bd3c20,"{""distance"":3,""physical_error_rate"":0.0005}","{""detection_events"":1308,""detectors_checked"":1161216}"
     54272,         0,         0,    2.05,decoder_by_matrix,b3c6da8537ae85d54cd5acd57fc4d5a00e23be04de7c70760ac5fa4b0f5f70dc,"{""distance"":3,""physical_error_rate"":1e-06}","{""detection_events"":15,""detectors_checked"":2930688}"
     11264,         0,         0,    1.30,decoder_by_matrix,5dee359087c4b9ae2c20477a4d5136d2695095b0438111838e7093c679bd3c20,"{""distance"":3,""physical_error_rate"":0.0005}","{""detection_events"":705,""detectors_checked"":608256}"
     27648,         0,         0,    1.31,decoder_by_matrix,73784f3389b885bc1b704dac0b44b83e08b79da81bcec9ed749229213445f550,"{""distance"":3,""physical_error_rate"":1e-05}","{""detection_events"":3,""detectors_checked"":1492992}"
     21504,         0,         0,    2.12,decoder_by_matrix,5dee359087c4b9ae2c20477a4d5136d2695095b0438111838e7093c679bd3c20,"{""distance"":3,""physical_error_rate"":0.0005}","{""detection_events"":1197,""detectors_checked"":1161216}"
     13312,        84,         0,    2.08,decoder_by_matrix,c0504c10f5ab777f87672229571c10df6954ae4e739b135e111b80009949f281,"{""distance"":3,""physical_error_rate"":0.01}","{""detection_events"":15021,""detectors_checked"":718848,""obs_mistake_mask=EE_E"":1,""obs_mistake_mask=E_EE"":1,""obs_mistake_mask=E_E_"":1,""obs_mistake_mask=E__E"":1,""obs_mistake_mask=E___"":8,""obs_mistake_mask=_EEE"":8,""obs_mistake_mask=_EE_"":8,""obs_mistake_mask=_E_E"":7,""obs_mistake_mask=_E__"":14,""obs_mistake_mask=__EE"":7,""obs_mistake_mask=__E_"":15,""obs_mistake_mask=___E"":13}"
      9216,        85,         0,    1.57,decoder_by_matrix,c0504c10f5ab777f87672229571c10df6954ae4e739b135e111b80009949f281,"{""distance"":3,""physical_error_rate"":0.01}","{""detection_events"":10890,""detectors_checked"":497664,""obs_mistake_mask=E_EE"":1,""obs_mistake_mask=E___"":6,""obs_mistake_mask=_EEE"":10,""obs_mistake_mask=_EE_"":9,""obs_mistake_mask=_E_E"":5,""obs_mistake_mask=_E__"":17,""obs_mistake_mask=__EE"":3,""obs_mistake_mask=__E_"":11,""obs_mistake_mask=___E"":23}"
     18432,         0,         0,    2.18,decoder_by_matrix,e45af4f98fc7ee1c9936a6749fec74122c57b4ab96343d0e01c96593a4531898,"{""distance"":3,""physical_error_rate"":0.001}","{""detection_events"":2157,""detectors_checked"":995328}"
     11264,         0,         0,    1.29,decoder_by_matrix,c8397cb2c46e4683a6f3970bc42cef1aabfef4d80cfcd6b8313e87630b680ee2,"{""distance"":3,""physical_error_rate"":0.0001}","{""detection_events"":198,""detectors_checked"":608256}"
     36864,         0,         0,    1.56,decoder_by_matrix,b3c6da8537ae85d54cd5acd57fc4d5a00e23be04de7c70760ac5fa4b0f5f70dc,"{""distance"":3,""physical_error_rate"":1e-06}","{""detectors_checked"":1990656}"
     52224,         0,         0,    1.74,decoder_by_matrix,b3c6da8537ae85d54cd5acd57fc4d5a00e23be04de7c70760ac5fa4b0f5f70dc,"{""distance"":3,""physical_error_rate"":1e-06}","{""detection_events"":9,""detectors_checked"":2820096}"
     20480,         1,         0,    2.43,decoder_by_matrix,e45af4f98fc7ee1c9936a6749fec74122c57b4ab96343d0e01c96593a4531898,"{""distance"":3,""physical_error_rate"":0.001}","{""detection_events"":2721,""detectors_checked"":1105920,""obs_mistake_mask=_E_E"":1}"
     14336,         0,         0,    1.57,decoder_by_matrix,e45af4f98fc7ee1c9936a6749fec74122c57b4ab96343d0e01c96593a4531898,"{""distance"":3,""physical_error_rate"":0.001}","{""detection_events"":1545,""detectors_checked"":774144}"
     48128,         0,         0,    2.09,decoder_by_matrix,73784f3389b885bc1b704dac0b44b83e08b79da81bcec9ed749229213445f550,"{""distance"":3,""physical_error_rate"":1e-05}","{""detection_events"":39,""detectors_checked"":2598912}"
     27648,         0,         0,    2.10,decoder_by_matrix,cd5aa4935a142b600239883e928f6c7fc9fbc8c84161e9ed59cf2551b7ebfc3d,"{""distance"":3,""physical_error_rate"":5e-05}","{""detection_events"":153,""detectors_checked"":1492992}"
      9216,        73,         0,    1.59,decoder_by_matrix,c0504c10f5ab777f87672229571c10df6954ae4e739b135e111b80009949f281,"{""distance"":3,""physical_error_rate"":0.01}","{""detection_events"":10944,""detectors_checked"":497664,""obs_mistake_mask=EE_E"":1,""obs_mistake_mask=E_E_"":1,""obs_mistake_mask=E__E"":1,""obs_mistake_mask=E___"":5,""obs_mistake_mask=_EEE"":7,""obs_mistake_mask=_EE_"":6,""obs_mistake_mask=_E_E"":8,""obs_mistake_mask=_E__"":9,""obs_mistake_mask=__EE"":6,""obs_mistake_mask=__E_"":19,""obs_mistake_mask=___E"":10}"
     22528,         0,         0,    2.13,decoder_by_matrix,c8397cb2c46e4683a6f3970bc42cef1aabfef4d80cfcd6b8313e87630b680ee2,"{""distance"":3,""physical_error_rate"":0.0001}","{""detection_events"":318,""detectors_checked"":1216512}"
     17408,        29,         0,    2.13,decoder_by_matrix,fe15b11dcb8b3f13c3ba2812b146e413e309c65e07905a09cf6ecd916cf41bda,"{""distance"":3,""physical_error_rate"":0.005}","{""detection_events"":10056,""detectors_checked"":940032,""obs_mistake_mask=E___"":1,""obs_mistake_mask=_EEE"":7,""obs_mistake_mask=_EE_"":6,""obs_mistake_mask=_E_E"":1,""obs_mistake_mask=_E__"":4,""obs_mistake_mask=__EE"":3,""obs_mistake_mask=__E_"":1,""obs_mistake_mask=___E"":6}"
     15360,        38,         0,    1.82,decoder_by_matrix,fe15b11dcb8b3f13c3ba2812b146e413e309c65e07905a09cf6ecd916cf41bda,"{""distance"":3,""physical_error_rate"":0.005}","{""detection_events"":9060,""detectors_checked"":829440,""obs_mistake_mask=E___"":2,""obs_mistake_mask=_EEE"":4,""obs_mistake_mask=_EE_"":6,""obs_mistake_mask=_E_E"":4,""obs_mistake_mask=_E__"":4,""obs_mistake_mask=__EE"":3,""obs_mistake_mask=__E_"":6,""obs_mistake_mask=___E"":9}"
     11264,        25,         0,    1.56,decoder_by_matrix,fe15b11dcb8b3f13c3ba2812b146e413e309c65e07905a09cf6ecd916cf41bda,"{""distance"":3,""physical_error_rate"":0.005}","{""detection_events"":6819,""detectors_checked"":608256,""obs_mistake_mask=E___"":2,""obs_mistake_mask=_EEE"":3,""obs_mistake_mask=_EE_"":2,""obs_mistake_mask=_E_E"":4,""obs_mistake_mask=_E__"":6,""obs_mistake_mask=__EE"":1,""obs_mistake_mask=__E_"":2,""obs_mistake_mask=___E"":5}"
     14336,       101,         0,    2.32,decoder_by_matrix,c0504c10f5ab777f87672229571c10df6954ae4e739b135e111b80009949f281,"{""distance"":3,""physical_error_rate"":0.01}","{""detection_events"":16248,""detectors_checked"":774144,""obs_mistake_mask=EEE_"":1,""obs_mistake_mask=EE_E"":1,""obs_mistake_mask=E_EE"":1,""obs_mistake_mask=E___"":12,""obs_mistake_mask=_EEE"":12,""obs_mistake_mask=_EE_"":11,""obs_mistake_mask=_E_E"":8,""obs_mistake_mask=_E__"":16,""obs_mistake_mask=__EE"":6,""obs_mistake_mask=__E_"":17,""obs_mistake_mask=___E"":16}"
     52224,         0,         0,    2.31,decoder_by_matrix,1222905ef2c3e0b3841e2be415851bad02a0949e12b9844f6b979980572eaa40,"{""distance"":3,""physical_error_rate"":5e-06}","{""detection_events"":12,""detectors_checked"":2820096}"
     23552,         0,         0,    2.32,decoder_by_matrix,c8397cb2c46e4683a6f3970bc42cef1aabfef4d80cfcd6b8313e87630b680ee2,"{""distance"":3,""physical_error_rate"":0.0001}","{""detection_events"":252,""detectors_checked"":1271808}"
     16384,        29,         0,    2.26,decoder_by_matrix,fe15b11dcb8b3f13c3ba2812b146e413e309c65e07905a09cf6ecd916cf41bda,"{""distance"":3,""physical_error_rate"":0.005}","{""detection_events"":9624,""detectors_checked"":884736,""obs_mistake_mask=E___"":3,""obs_mistake_mask=_EEE"":1,""obs_mistake_mask=_EE_"":5,""obs_mistake_mask=_E_E"":5,""obs_mistake_mask=_E__"":4,""obs_mistake_mask=__EE"":1,""obs_mistake_mask=__E_"":6,""obs_mistake_mask=___E"":4}"
     23552,         0,         0,    2.35,decoder_by_matrix,c8397cb2c46e4683a6f3970bc42cef1aabfef4d80cfcd6b8313e87630b680ee2,"{""distance"":3,""physical_error_rate"":0.0001}","{""detection_events"":270,""detectors_checked"":1271808}"
     14336,       100,         0,    2.37,decoder_by_matrix,c0504c10f5ab777f87672229571c10df6954ae4e739b135e111b80009949f281,"{""distance"":3,""physical_error_rate"":0.01}","{""detection_events"":17127,""detectors_checked"":774144,""obs_mistake_mask=E_E_"":1,""obs_mistake_mask=E__E"":1,""obs_mistake_mask=E___"":7,""obs_mistake_mask=_EEE"":11,""obs_mistake_mask=_EE_"":11,""obs_mistake_mask=_E_E"":7,""obs_mistake_mask=_E__"":22,""obs_mistake_mask=__EE"":7,""obs_mistake_mask=__E_"":15,""obs_mistake_mask=___E"":18}"
     44032,         0,         0,    2.33,decoder_by_matrix,1222905ef2c3e0b3841e2be415851bad02a0949e12b9844f6b979980572eaa40,"{""distance"":3,""physical_error_rate"":5e-06}","{""detection_events"":39,""detectors_checked"":2377728}"
     27648,         0,         0,    2.34,decoder_by_matrix,cd5aa4935a142b600239883e928f6c7fc9fbc8c84161e9ed59cf2551b7ebfc3d,"{""distance"":3,""physical_error_rate"":5e-05}","{""detection_events"":150,""detectors_checked"":1492992}"
     14336,       124,         0,    2.38,decoder_by_matrix,c0504c10f5ab777f87672229571c10df6954ae4e739b135e111b80009949f281,"{""distance"":3,""physical_error_rate"":0.01}","{""detection_events"":16881,""detectors_checked"":774144,""obs_mistake_mask=EE_E"":1,""obs_mistake_mask=E_EE"":1,""obs_mistake_mask=E_E_"":1,""obs_mistake_mask=E___"":11,""obs_mistake_mask=_EEE"":14,""obs_mistake_mask=_EE_"":11,""obs_mistake_mask=_E_E"":8,""obs_mistake_mask=_E__"":24,""obs_mistake_mask=__EE"":12,""obs_mistake_mask=__E_"":17,""obs_mistake_mask=___E"":24}"
     62464,         0,         0,    2.46,decoder_by_matrix,1222905ef2c3e0b3841e2be415851bad02a0949e12b9844f6b979980572eaa40,"{""distance"":3,""physical_error_rate"":5e-06}","{""detection_events"":42,""detectors_checked"":3373056}"
     19456,         0,         0,    1.56,decoder_by_matrix,cd5aa4935a142b600239883e928f6c7fc9fbc8c84161e9ed59cf2551b7ebfc3d,"{""distance"":3,""physical_error_rate"":5e-05}","{""detection_events"":99,""detectors_checked"":1050624}"
     31744,         0,         0,    1.56,decoder_by_matrix,73784f3389b885bc1b704dac0b44b83e08b79da81bcec9ed749229213445f550,"{""distance"":3,""physical_error_rate"":1e-05}","{""detection_events"":39,""detectors_checked"":1714176}"
     16384,        39,         0,    2.30,decoder_by_matrix,fe15b11dcb8b3f13c3ba2812b146e413e309c65e07905a09cf6ecd916cf41bda,"{""distance"":3,""physical_error_rate"":0.005}","{""detection_events"":9822,""detectors_checked"":884736,""obs_mistake_mask=E___"":5,""obs_mistake_mask=_EEE"":3,""obs_mistake_mask=_EE_"":6,""obs_mistake_mask=_E_E"":1,""obs_mistake_mask=_E__"":9,""obs_mistake_mask=__EE"":5,""obs_mistake_mask=__E_"":6,""obs_mistake_mask=___E"":4}"
     48128,         0,         0,    2.35,decoder_by_matrix,1222905ef2c3e0b3841e2be415851bad02a0949e12b9844f6b979980572eaa40,"{""distance"":3,""physical_error_rate"":5e-06}","{""detection_events"":48,""detectors_checked"":2598912}"
     17408,        29,         0,    2.35,decoder_by_matrix,fe15b11dcb8b3f13c3ba2812b146e413e309c65e07905a09cf6ecd916cf41bda,"{""distance"":3,""physical_error_rate"":0.005}","{""detection_events"":10629,""detectors_checked"":940032,""obs_mistake_mask=E___"":3,""obs_mistake_mask=_EEE"":4,""obs_mistake_mask=_EE_"":4,""obs_mistake_mask=_E_E"":3,""obs_mistake_mask=_E__"":2,""obs_mistake_mask=__EE"":5,""obs_mistake_mask=__E_"":4,""obs_mistake_mask=___E"":4}"
     47104,         0,         0,    2.33,decoder_by_matrix,1222905ef2c3e0b3841e2be415851bad02a0949e12b9844f6b979980572eaa40,"{""distance"":3,""physical_error_rate"":5e-06}","{""detection_events"":36,""detectors_checked"":2543616}"
     25600,         0,         0,    2.35,decoder_by_matrix,cd5aa4935a142b600239883e928f6c7fc9fbc8c84161e9ed59cf2551b7ebfc3d,"{""distance"":3,""physical_error_rate"":5e-05}","{""detection_events"":174,""detectors_checked"":1382400}"
     14336,         0,         0,    1.63,decoder_by_matrix,5dee359087c4b9ae2c20477a4d5136d2695095b0438111838e7093c679bd3c20,"{""distance"":3,""physical_error_rate"":0.0005}","{""detection_events"":1014,""detectors_checked"":774144}"
     22528,         0,         0,    2.35,decoder_by_matrix,c8397cb2c46e4683a6f3970bc42cef1aabfef4d80cfcd6b8313e87630b680ee2,"{""distance"":3,""physical_error_rate"":0.0001}","{""detection_events"":282,""detectors_checked"":1216512}"
     19456,         0,         0,    2.18,decoder_by_matrix,5dee359087c4b9ae2c20477a4d5136d2695095b0438111838e7093c679bd3c20,"{""distance"":3,""physical_error_rate"":0.0005}","{""detection_events"":1209,""detectors_checked"":1050624}"
     33792,         0,         0,    1.82,decoder_by_matrix,73784f3389b885bc1b704dac0b44b83e08b79da81bcec9ed749229213445f550,"{""distance"":3,""physical_error_rate"":1e-05}","{""detection_events"":36,""detectors_checked"":1824768}"
     16384,         0,         0,    1.56,decoder_by_matrix,c8397cb2c46e4683a6f3970bc42cef1aabfef4d80cfcd6b8313e87630b680ee2,"{""distance"":3,""physical_error_rate"":0.0001}","{""detection_events"":264,""detectors_checked"":884736}"
     20480,       156,         0,    3.27,decoder_by_matrix,c0504c10f5ab777f87672229571c10df6954ae4e739b135e111b80009949f281,"{""distance"":3,""physical_error_rate"":0.01}","{""detection_events"":24096,""detectors_checked"":1105920,""obs_mistake_mask=EEE_"":2,""obs_mistake_mask=EE__"":3,""obs_mistake_mask=E_EE"":1,""obs_mistake_mask=E__E"":1,""obs_mistake_mask=E___"":14,""obs_mistake_mask=_EEE"":8,""obs_mistake_mask=_EE_"":18,""obs_mistake_mask=_E_E"":17,""obs_mistake_mask=_E__"":24,""obs_mistake_mask=__EE"":24,""obs_mistake_mask=__E_"":26,""obs_mistake_mask=___E"":18}"
     56320,         0,         0,    2.35,decoder_by_matrix,b3c6da8537ae85d54cd5acd57fc4d5a00e23be04de7c70760ac5fa4b0f5f70dc,"{""distance"":3,""physical_error_rate"":1e-06}","{""detection_events"":6,""detectors_checked"":3041280}"
     33792,         0,         0,    2.88,decoder_by_matrix,c8397cb2c46e4683a6f3970bc42cef1aabfef4d80cfcd6b8313e87630b680ee2,"{""distance"":3,""physical_error_rate"":0.0001}","{""detection_events"":336,""detectors_checked"":1824768}"
     14336,       110,         0,    2.33,decoder_by_matrix,c0504c10f5ab777f87672229571c10df6954ae4e739b135e111b80009949f281,"{""distance"":3,""physical_error_rate"":0.01}","{""detection_events"":16914,""detectors_checked"":774144,""obs_mistake_mask=E___"":8,""obs_mistake_mask=_EEE"":11,""obs_mistake_mask=_EE_"":15,""obs_mistake_mask=_E_E"":14,""obs_mistake_mask=_E__"":14,""obs_mistake_mask=__EE"":12,""obs_mistake_mask=__E_"":20,""obs_mistake_mask=___E"":16}"
     46080,         0,         0,    2.33,decoder_by_matrix,73784f3389b885bc1b704dac0b44b83e08b79da81bcec9ed749229213445f550,"{""distance"":3,""physical_error_rate"":1e-05}","{""detection_events"":21,""detectors_checked"":2488320}"
     70656,         0,         0,    2.30,decoder_by_matrix,b3c6da8537ae85d54cd5acd57fc4d5a00e23be04de7c70760ac5fa4b0f5f70dc,"{""distance"":3,""physical_error_rate"":1e-06}","{""detection_events"":21,""detectors_checked"":3815424}"
     65536,         0,         0,    3.13,decoder_by_matrix,1222905ef2c3e0b3841e2be415851bad02a0949e12b9844f6b979980572eaa40,"{""distance"":3,""physical_error_rate"":5e-06}","{""detection_events"":39,""detectors_checked"":3538944}"
     27648,         6,         0,    3.13,decoder_by_matrix,e45af4f98fc7ee1c9936a6749fec74122c57b4ab96343d0e01c96593a4531898,"{""distance"":3,""physical_error_rate"":0.001}","{""detection_events"":3276,""detectors_checked"":1492992,""obs_mistake_mask=_EE_"":2,""obs_mistake_mask=_E__"":2,""obs_mistake_mask=__EE"":2}"
     28672,         1,         0,    2.87,decoder_by_matrix,5dee359087c4b9ae2c20477a4d5136d2695095b0438111838e7093c679bd3c20,"{""distance"":3,""physical_error_rate"":0.0005}","{""detection_events"":1671,""detectors_checked"":1548288,""obs_mistake_mask=_E__"":1}"
     26624,         0,         0,    3.12,decoder_by_matrix,e45af4f98fc7ee1c9936a6749fec74122c57b4ab96343d0e01c96593a4531898,"{""distance"":3,""physical_error_rate"":0.001}","{""detection_events"":3120,""detectors_checked"":1437696}"
     54272,         0,         0,    3.11,decoder_by_matrix,73784f3389b885bc1b704dac0b44b83e08b79da81bcec9ed749229213445f550,"{""distance"":3,""physical_error_rate"":1e-05}","{""detection_events"":81,""detectors_checked"":2930688}"
     31744,         0,         0,    3.12,decoder_by_matrix,c8397cb2c46e4683a6f3970bc42cef1aabfef4d80cfcd6b8313e87630b680ee2,"{""distance"":3,""physical_error_rate"":0.0001}","{""detection_events"":363,""detectors_checked"":1714176}"
     71680,         0,         0,    2.86,decoder_by_matrix,b3c6da8537ae85d54cd5acd57fc4d5a00e23be04de7c70760ac5fa4b0f5f70dc,"{""distance"":3,""physical_error_rate"":1e-06}","{""detection_events"":18,""detectors_checked"":3870720}"
     72704,         0,         0,    2.87,decoder_by_matrix,b3c6da8537ae85d54cd5acd57fc4d5a00e23be04de7c70760ac5fa4b0f5f70dc,"{""distance"":3,""physical_error_rate"":1e-06}","{""detection_events"":15,""detectors_checked"":3926016}"
     35840,         0,         0,    3.13,decoder_by_matrix,cd5aa4935a142b600239883e928f6c7fc9fbc8c84161e9ed59cf2551b7ebfc3d,"{""distance"":3,""physical_error_rate"":5e-05}","{""detection_events"":210,""detectors_checked"":1935360}"
     22528,        43,         0,    3.05,decoder_by_matrix,fe15b11dcb8b3f13c3ba2812b146e413e309c65e07905a09cf6ecd916cf41bda,"{""distance"":3,""physical_error_rate"":0.005}","{""detection_events"":13347,""detectors_checked"":1216512,""obs_mistake_mask=E___"":3,""obs_mistake_mask=_EEE"":5,""obs_mistake_mask=_EE_"":4,""obs_mistake_mask=_E_E"":3,""obs_mistake_mask=_E__"":8,""obs_mistake_mask=__EE"":6,""obs_mistake_mask=__E_"":8,""obs_mistake_mask=___E"":6}"
     39936,         0,         0,    3.09,decoder_by_matrix,cd5aa4935a142b600239883e928f6c7fc9fbc8c84161e9ed59cf2551b7ebfc3d,"{""distance"":3,""physical_error_rate"":5e-05}","{""detection_events"":234,""detectors_checked"":2156544}"
     14336,       127,         0,    2.34,decoder_by_matrix,c0504c10f5ab777f87672229571c10df6954ae4e739b135e111b80009949f281,"{""distance"":3,""physical_error_rate"":0.01}","{""detection_events"":16572,""detectors_checked"":774144,""obs_mistake_mask=EE_E"":1,""obs_mistake_mask=EE__"":3,""obs_mistake_mask=E_E_"":1,""obs_mistake_mask=E___"":10,""obs_mistake_mask=_EEE"":16,""obs_mistake_mask=_EE_"":11,""obs_mistake_mask=_E_E"":11,""obs_mistake_mask=_E__"":17,""obs_mistake_mask=__EE"":14,""obs_mistake_mask=__E_"":23,""obs_mistake_mask=___E"":20}"
     36864,         1,         0,    3.09,decoder_by_matrix,cd5aa4935a142b600239883e928f6c7fc9fbc8c84161e9ed59cf2551b7ebfc3d,"{""distance"":3,""physical_error_rate"":5e-05}","{""detection_events"":198,""detectors_checked"":1990656,""obs_mistake_mask=__E_"":1}"
     55296,         0,         0,    3.10,decoder_by_matrix,73784f3389b885bc1b704dac0b44b83e08b79da81bcec9ed749229213445f550,"{""distance"":3,""physical_error_rate"":1e-05}","{""detection_events"":63,""detectors_checked"":2985984}"
     54272,         0,         0,    2.26,decoder_by_matrix,b3c6da8537ae85d54cd5acd57fc4d5a00e23be04de7c70760ac5fa4b0f5f70dc,"{""distance"":3,""physical_error_rate"":1e-06}","{""detection_events"":3,""detectors_checked"":2930688}"
     26624,         2,         0,    3.13,decoder_by_matrix,e45af4f98fc7ee1c9936a6749fec74122c57b4ab96343d0e01c96593a4531898,"{""distance"":3,""physical_error_rate"":0.001}","{""detection_events"":3159,""detectors_checked"":1437696,""obs_mistake_mask=E___"":1,""obs_mistake_mask=___E"":1}"
     27648,         3,         0,    3.13,decoder_by_matrix,e45af4f98fc7ee1c9936a6749fec74122c57b4ab96343d0e01c96593a4531898,"{""distance"":3,""physical_error_rate"":0.001}","{""detection_events"":3219,""detectors_checked"":1492992,""obs_mistake_mask=_E__"":2,""obs_mistake_mask=___E"":1}"
     20480,         2,         0,    2.33,decoder_by_matrix,e45af4f98fc7ee1c9936a6749fec74122c57b4ab96343d0e01c96593a4531898,"{""distance"":3,""physical_error_rate"":0.001}","{""detection_events"":2409,""detectors_checked"":1105920,""obs_mistake_mask=_E_E"":1,""obs_mistake_mask=_E__"":1}"
     14336,       101,         0,    2.33,decoder_by_matrix,c0504c10f5ab777f87672229571c10df6954ae4e739b135e111b80009949f281,"{""distance"":3,""physical_error_rate"":0.01}","{""detection_events"":16953,""detectors_checked"":774144,""obs_mistake_mask=EEE_"":2,""obs_mistake_mask=EE_E"":1,""obs_mistake_mask=EE__"":1,""obs_mistake_mask=E__E"":1,""obs_mistake_mask=E___"":10,""obs_mistake_mask=_EEE"":12,""obs_mistake_mask=_EE_"":9,""obs_mistake_mask=_E_E"":4,""obs_mistake_mask=_E__"":16,""obs_mistake_mask=__EE"":10,""obs_mistake_mask=__E_"":18,""obs_mistake_mask=___E"":17}"
     53248,         0,         0,    2.76,decoder_by_matrix,73784f3389b885bc1b704dac0b44b83e08b79da81bcec9ed749229213445f550,"{""distance"":3,""physical_error_rate"":1e-05}","{""detection_events"":90,""detectors_checked"":2875392}"
     28672,         1,         0,    3.17,decoder_by_matrix,5dee359087c4b9ae2c20477a4d5136d2695095b0438111838e7093c679bd3c20,"{""distance"":3,""physical_error_rate"":0.0005}","{""detection_events"":1755,""detectors_checked"":1548288,""obs_mistake_mask=__E_"":1}"
     66560,         0,         0,    3.12,decoder_by_matrix,1222905ef2c3e0b3841e2be415851bad02a0949e12b9844f6b979980572eaa40,"{""distance"":3,""physical_error_rate"":5e-06}","{""detection_events"":36,""detectors_checked"":3594240}"
     28672,         1,         0,    3.13,decoder_by_matrix,5dee359087c4b9ae2c20477a4d5136d2695095b0438111838e7093c679bd3c20,"{""distance"":3,""physical_error_rate"":0.0005}","{""detection_events"":1770,""detectors_checked"":1548288,""obs_mistake_mask=_E__"":1}"
     27648,         0,         0,    3.10,decoder_by_matrix,5dee359087c4b9ae2c20477a4d5136d2695095b0438111838e7093c679bd3c20,"{""distance"":3,""physical_error_rate"":0.0005}","{""detection_events"":1620,""detectors_checked"":1492992}"
     74752,         0,         0,    2.87,decoder_by_matrix,b3c6da8537ae85d54cd5acd57fc4d5a00e23be04de7c70760ac5fa4b0f5f70dc,"{""distance"":3,""physical_error_rate"":1e-06}","{""detection_events"":6,""detectors_checked"":4036608}"
     16384,        29,         0,    2.34,decoder_by_matrix,fe15b11dcb8b3f13c3ba2812b146e413e309c65e07905a09cf6ecd916cf41bda,"{""distance"":3,""physical_error_rate"":0.005}","{""detection_events"":9600,""detectors_checked"":884736,""obs_mistake_mask=E_E_"":1,""obs_mistake_mask=_EEE"":6,""obs_mistake_mask=_EE_"":2,""obs_mistake_mask=_E_E"":2,""obs_mistake_mask=_E__"":6,""obs_mistake_mask=__EE"":3,""obs_mistake_mask=__E_"":3,""obs_mistake_mask=___E"":6}"
     27648,         1,         0,    2.86,decoder_by_matrix,5dee359087c4b9ae2c20477a4d5136d2695095b0438111838e7093c679bd3c20,"{""distance"":3,""physical_error_rate"":0.0005}","{""detection_events"":1704,""detectors_checked"":1492992,""obs_mistake_mask=__E_"":1}"
     19456,       140,         0,    2.86,decoder_by_matrix,c0504c10f5ab777f87672229571c10df6954ae4e739b135e111b80009949f281,"{""distance"":3,""physical_error_rate"":0.01}","{""detection_events"":23001,""detectors_checked"":1050624,""obs_mistake_mask=EE__"":1,""obs_mistake_mask=E_EE"":1,""obs_mistake_mask=E_E_"":2,""obs_mistake_mask=E___"":14,""obs_mistake_mask=_EEE"":15,""obs_mistake_mask=_EE_"":6,""obs_mistake_mask=_E_E"":22,""obs_mistake_mask=_E__"":20,""obs_mistake_mask=__EE"":12,""obs_mistake_mask=__E_"":21,""obs_mistake_mask=___E"":26}"
     27648,         2,         0,    2.82,decoder_by_matrix,e45af4f98fc7ee1c9936a6749fec74122c57b4ab96343d0e01c96593a4531898,"{""distance"":3,""physical_error_rate"":0.001}","{""detection_events"":2958,""detectors_checked"":1492992,""obs_mistake_mask=_EEE"":1,""obs_mistake_mask=__EE"":1}"
     70656,         0,         0,    2.85,decoder_by_matrix,b3c6da8537ae85d54cd5acd57fc4d5a00e23be04de7c70760ac5fa4b0f5f70dc,"{""distance"":3,""physical_error_rate"":1e-06}","{""detection_events"":18,""detectors_checked"":3815424}"
     27648,         1,         0,    3.11,decoder_by_matrix,e45af4f98fc7ee1c9936a6749fec74122c57b4ab96343d0e01c96593a4531898,"{""distance"":3,""physical_error_rate"":0.001}","{""detection_events"":3207,""detectors_checked"":1492992,""obs_mistake_mask=_EEE"":1}"
     59392,         0,         0,    2.85,decoder_by_matrix,73784f3389b885bc1b704dac0b44b83e08b79da81bcec9ed749229213445f550,"{""distance"":3,""physical_error_rate"":1e-05}","{""detection_events"":54,""detectors_checked"":3207168}"
     28672,         0,         0,    2.33,decoder_by_matrix,cd5aa4935a142b600239883e928f6c7fc9fbc8c84161e9ed59cf2551b7ebfc3d,"{""distance"":3,""physical_error_rate"":5e-05}","{""detection_events"":159,""detectors_checked"":1548288}"
     33792,         0,         0,    3.10,decoder_by_matrix,cd5aa4935a142b600239883e928f6c7fc9fbc8c84161e9ed59cf2551b7ebfc3d,"{""distance"":3,""physical_error_rate"":5e-05}","{""detection_events"":273,""detectors_checked"":1824768}"
     30720,         0,         0,    3.09,decoder_by_matrix,c8397cb2c46e4683a6f3970bc42cef1aabfef4d80cfcd6b8313e87630b680ee2,"{""distance"":3,""physical_error_rate"":0.0001}","{""detection_events"":336,""detectors_checked"":1658880}"
     21504,        43,         0,    2.84,decoder_by_matrix,fe15b11dcb8b3f13c3ba2812b146e413e309c65e07905a09cf6ecd916cf41bda,"{""distance"":3,""physical_error_rate"":0.005}","{""detection_events"":12756,""detectors_checked"":1161216,""obs_mistake_mask=E_EE"":1,""obs_mistake_mask=E___"":6,""obs_mistake_mask=_EEE"":3,""obs_mistake_mask=_EE_"":6,""obs_mistake_mask=_E_E"":8,""obs_mistake_mask=_E__"":7,""obs_mistake_mask=__EE"":5,""obs_mistake_mask=__E_"":4,""obs_mistake_mask=___E"":3}"
     45056,         0,         0,    2.33,decoder_by_matrix,73784f3389b885bc1b704dac0b44b83e08b79da81bcec9ed749229213445f550,"{""distance"":3,""physical_error_rate"":1e-05}","{""detection_events"":36,""detectors_checked"":2433024}"
     22528,        31,         0,    3.11,decoder_by_matrix,fe15b11dcb8b3f13c3ba2812b146e413e309c65e07905a09cf6ecd916cf41bda,"{""distance"":3,""physical_error_rate"":0.005}","{""detection_events"":13119,""detectors_checked"":1216512,""obs_mistake_mask=E___"":3,""obs_mistake_mask=_EE_"":4,""obs_mistake_mask=_E_E"":5,""obs_mistake_mask=_E__"":2,""obs_mistake_mask=__EE"":5,""obs_mistake_mask=__E_"":5,""obs_mistake_mask=___E"":7}"
     20480,         1,         0,    2.31,decoder_by_matrix,5dee359087c4b9ae2c20477a4d5136d2695095b0438111838e7093c679bd3c20,"{""distance"":3,""physical_error_rate"":0.0005}","{""detection_events"":1362,""detectors_checked"":1105920,""obs_mistake_mask=___E"":1}"
     19456,       128,         0,    3.11,decoder_by_matrix,c0504c10f5ab777f87672229571c10df6954ae4e739b135e111b80009949f281,"{""distance"":3,""physical_error_rate"":0.01}","{""detection_events"":23013,""detectors_checked"":1050624,""obs_mistake_mask=EE_E"":1,""obs_mistake_mask=EE__"":1,""obs_mistake_mask=E_E_"":2,""obs_mistake_mask=E__E"":1,""obs_mistake_mask=E___"":11,""obs_mistake_mask=_EEE"":14,""obs_mistake_mask=_EE_"":9,""obs_mistake_mask=_E_E"":9,""obs_mistake_mask=_E__"":29,""obs_mistake_mask=__EE"":10,""obs_mistake_mask=__E_"":29,""obs_mistake_mask=___E"":12}"
     35840,         0,         0,    3.10,decoder_by_matrix,c8397cb2c46e4683a6f3970bc42cef1aabfef4d80cfcd6b8313e87630b680ee2,"{""distance"":3,""physical_error_rate"":0.0001}","{""detection_events"":351,""detectors_checked"":1935360}"
     22528,        59,         0,    3.12,decoder_by_matrix,fe15b11dcb8b3f13c3ba2812b146e413e309c65e07905a09cf6ecd916cf41bda,"{""distance"":3,""physical_error_rate"":0.005}","{""detection_events"":13833,""detectors_checked"":1216512,""obs_mistake_mask=E___"":5,""obs_mistake_mask=_EEE"":4,""obs_mistake_mask=_EE_"":13,""obs_mistake_mask=_E_E"":4,""obs_mistake_mask=_E__"":12,""obs_mistake_mask=__EE"":3,""obs_mistake_mask=__E_"":8,""obs_mistake_mask=___E"":10}"
     70656,         0,         0,    3.23,decoder_by_matrix,1222905ef2c3e0b3841e2be415851bad02a0949e12b9844f6b979980572eaa40,"{""distance"":3,""physical_error_rate"":5e-06}","{""detection_events"":33,""detectors_checked"":3815424}"
     32768,         0,         0,    3.11,decoder_by_matrix,c8397cb2c46e4683a6f3970bc42cef1aabfef4d80cfcd6b8313e87630b680ee2,"{""distance"":3,""physical_error_rate"":0.0001}","{""detection_events"":393,""detectors_checked"":1769472}"
     45056,         0,         0,    2.32,decoder_by_matrix,73784f3389b885bc1b704dac0b44b83e08b79da81bcec9ed749229213445f550,"{""distance"":3,""physical_error_rate"":1e-05}","{""detection_events"":39,""detectors_checked"":2433024}"
     21504,         0,         0,    2.32,decoder_by_matrix,c8397cb2c46e4683a6f3970bc42cef1aabfef4d80cfcd6b8313e87630b680ee2,"{""distance"":3,""physical_error_rate"":0.0001}","{""detection_events"":345,""detectors_checked"":1161216}"
     18432,       130,         0,    3.11,decoder_by_matrix,c0504c10f5ab777f87672229571c10df6954ae4e739b135e111b80009949f281,"{""distance"":3,""physical_error_rate"":0.01}","{""detection_events"":21462,""detectors_checked"":995328,""obs_mistake_mask=EEE_"":1,""obs_mistake_mask=EE__"":1,""obs_mistake_mask=E_E_"":2,""obs_mistake_mask=E___"":7,""obs_mistake_mask=_EEE"":9,""obs_mistake_mask=_EE_"":20,""obs_mistake_mask=_E_E"":11,""obs_mistake_mask=_E__"":21,""obs_mistake_mask=__EE"":9,""obs_mistake_mask=__E_"":26,""obs_mistake_mask=___E"":23}"
     65536,         0,         0,    3.10,decoder_by_matrix,1222905ef2c3e0b3841e2be415851bad02a0949e12b9844f6b979980572eaa40,"{""distance"":3,""physical_error_rate"":5e-06}","{""detection_events"":51,""detectors_checked"":3538944}"
     37888,         1,         0,    2.33,decoder_by_matrix,cd5aa4935a142b600239883e928f6c7fc9fbc8c84161e9ed59cf2551b7ebfc3d,"{""distance"":3,""physical_error_rate"":5e-05}","{""detection_events"":177,""detectors_checked"":2045952,""obs_mistake_mask=E___"":1}"
     18432,       148,         0,    3.09,decoder_by_matrix,c0504c10f5ab777f87672229571c10df6954ae4e739b135e111b80009949f281,"{""distance"":3,""physical_error_rate"":0.01}","{""detection_events"":21432,""detectors_checked"":995328,""obs_mistake_mask=EEE_"":1,""obs_mistake_mask=EE_E"":1,""obs_mistake_mask=EE__"":1,""obs_mistake_mask=E_E_"":2,""obs_mistake_mask=E___"":10,""obs_mistake_mask=_EEE"":21,""obs_mistake_mask=_EE_"":14,""obs_mistake_mask=_E_E"":15,""obs_mistake_mask=_E__"":28,""obs_mistake_mask=__EE"":14,""obs_mistake_mask=__E_"":20,""obs_mistake_mask=___E"":21}"
     22528,        45,         0,    2.86,decoder_by_matrix,fe15b11dcb8b3f13c3ba2812b146e413e309c65e07905a09cf6ecd916cf41bda,"{""distance"":3,""physical_error_rate"":0.005}","{""detection_events"":13362,""detectors_checked"":1216512,""obs_mistake_mask=E___"":3,""obs_mistake_mask=_EEE"":6,""obs_mistake_mask=_EE_"":6,""obs_mistake_mask=_E_E"":9,""obs_mistake_mask=_E__"":3,""obs_mistake_mask=__EE"":3,""obs_mistake_mask=__E_"":6,""obs_mistake_mask=___E"":9}"
     21504,        58,         0,    3.08,decoder_by_matrix,fe15b11dcb8b3f13c3ba2812b146e413e309c65e07905a09cf6ecd916cf41bda,"{""distance"":3,""physical_error_rate"":0.005}","{""detection_events"":13053,""detectors_checked"":1161216,""obs_mistake_mask=EE__"":1,""obs_mistake_mask=E___"":5,""obs_mistake_mask=_EEE"":10,""obs_mistake_mask=_EE_"":3,""obs_mistake_mask=_E_E"":5,""obs_mistake_mask=_E__"":11,""obs_mistake_mask=__EE"":4,""obs_mistake_mask=__E_"":8,""obs_mistake_mask=___E"":11}"
     64512,         0,         0,    3.10,decoder_by_matrix,1222905ef2c3e0b3841e2be415851bad02a0949e12b9844f6b979980572eaa40,"{""distance"":3,""physical_error_rate"":5e-06}","{""detection_events"":33,""detectors_checked"":3483648}"
     40960,         0,         0,    3.10,decoder_by_matrix,cd5aa4935a142b600239883e928f6c7fc9fbc8c84161e9ed59cf2551b7ebfc3d,"{""distance"":3,""physical_error_rate"":5e-05}","{""detection_events"":243,""detectors_checked"":2211840}"
     70656,         0,         0,    3.03,decoder_by_matrix,1222905ef2c3e0b3841e2be415851bad02a0949e12b9844f6b979980572eaa40,"{""distance"":3,""physical_error_rate"":5e-06}","{""detection_events"":48,""detectors_checked"":3815424}"
     29696,         0,         0,    2.84,decoder_by_matrix,c8397cb2c46e4683a6f3970bc42cef1aabfef4d80cfcd6b8313e87630b680ee2,"{""distance"":3,""physical_error_rate"":0.0001}","{""detection_events"":405,""detectors_checked"":1603584}"
     27648,         1,         0,    2.79,decoder_by_matrix,5dee359087c4b9ae2c20477a4d5136d2695095b0438111838e7093c679bd3c20,"{""distance"":3,""physical_error_rate"":0.0005}","{""detection_events"":1854,""detectors_checked"":1492992,""obs_mistake_mask=E___"":1}"
     70656,         0,         0,    3.08,decoder_by_matrix,b3c6da8537ae85d54cd5acd57fc4d5a00e23be04de7c70760ac5fa4b0f5f70dc,"{""distance"":3,""physical_error_rate"":1e-06}","{""detection_events"":15,""detectors_checked"":3815424}"
     18432,       109,         0,    3.10,decoder_by_matrix,c0504c10f5ab777f87672229571c10df6954ae4e739b135e111b80009949f281,"{""distance"":3,""physical_error_rate"":0.01}","{""detection_events"":21576,""detectors_checked"":995328,""obs_mistake_mask=E__E"":2,""obs_mistake_mask=E___"":8,""obs_mistake_mask=_EEE"":11,""obs_mistake_mask=_EE_"":16,""obs_mistake_mask=_E_E"":12,""obs_mistake_mask=_E__"":12,""obs_mistake_mask=__EE"":10,""obs_mistake_mask=__E_"":13,""obs_mistake_mask=___E"":25}"
     55296,         0,         0,    3.09,decoder_by_matrix,73784f3389b885bc1b704dac0b44b83e08b79da81bcec9ed749229213445f550,"{""distance"":3,""physical_error_rate"":1e-05}","{""detection_events"":69,""detectors_checked"":2985984}"
     18432,       138,         0,    3.09,decoder_by_matrix,c0504c10f5ab777f87672229571c10df6954ae4e739b135e111b80009949f281,"{""distance"":3,""physical_error_rate"":0.01}","{""detection_events"":21189,""detectors_checked"":995328,""obs_mistake_mask=EEE_"":1,""obs_mistake_mask=EE_E"":2,""obs_mistake_mask=EE__"":1,""obs_mistake_mask=E_EE"":1,""obs_mistake_mask=E__E"":1,""obs_mistake_mask=E___"":10,""obs_mistake_mask=_EEE"":17,""obs_mistake_mask=_EE_"":12,""obs_mistake_mask=_E_E"":12,""obs_mistake_mask=_E__"":19,""obs_mistake_mask=__EE"":15,""obs_mistake_mask=__E_"":30,""obs_mistake_mask=___E"":17}"
     90112,         0,         0,    4.43,decoder_by_matrix,1222905ef2c3e0b3841e2be415851bad02a0949e12b9844f6b979980572eaa40,"{""distance"":3,""physical_error_rate"":5e-06}","{""detection_events"":78,""detectors_checked"":4866048}"
     72704,         0,         0,    2.81,decoder_by_matrix,b3c6da8537ae85d54cd5acd57fc4d5a00e23be04de7c70760ac5fa4b0f5f70dc,"{""distance"":3,""physical_error_rate"":1e-06}","{""detectors_checked"":3926016}"
     26624,         0,         0,    3.08,decoder_by_matrix,e45af4f98fc7ee1c9936a6749fec74122c57b4ab96343d0e01c96593a4531898,"{""distance"":3,""physical_error_rate"":0.001}","{""detection_events"":3351,""detectors_checked"":1437696}"
     18432,       136,         0,    2.57,decoder_by_matrix,c0504c10f5ab777f87672229571c10df6954ae4e739b135e111b80009949f281,"{""distance"":3,""physical_error_rate"":0.01}","{""detection_events"":21288,""detectors_checked"":995328,""obs_mistake_mask=EEE_"":1,""obs_mistake_mask=E_EE"":1,""obs_mistake_mask=E_E_"":1,""obs_mistake_mask=E___"":13,""obs_mistake_mask=_EEE"":10,""obs_mistake_mask=_EE_"":13,""obs_mistake_mask=_E_E"":13,""obs_mistake_mask=_E__"":27,""obs_mistake_mask=__EE"":18,""obs_mistake_mask=__E_"":19,""obs_mistake_mask=___E"":20}"
     22528,        51,         0,    3.09,decoder_by_matrix,fe15b11dcb8b3f13c3ba2812b146e413e309c65e07905a09cf6ecd916cf41bda,"{""distance"":3,""physical_error_rate"":0.005}","{""detection_events"":13359,""detectors_checked"":1216512,""obs_mistake_mask=EEE_"":1,""obs_mistake_mask=E___"":6,""obs_mistake_mask=_EEE"":7,""obs_mistake_mask=_EE_"":6,""obs_mistake_mask=_E_E"":8,""obs_mistake_mask=_E__"":11,""obs_mistake_mask=__EE"":4,""obs_mistake_mask=__E_"":4,""obs_mistake_mask=___E"":4}"
     25600,       195,         0,    4.10,decoder_by_matrix,c0504c10f5ab777f87672229571c10df6954ae4e739b135e111b80009949f281,"{""distance"":3,""physical_error_rate"":0.01}","{""detection_events"":29736,""detectors_checked"":1382400,""obs_mistake_mask=EE_E"":1,""obs_mistake_mask=EE__"":2,""obs_mistake_mask=E_E_"":1,""obs_mistake_mask=E__E"":1,""obs_mistake_mask=E___"":14,""obs_mistake_mask=_EEE"":20,""obs_mistake_mask=_EE_"":10,""obs_mistake_mask=_E_E"":28,""obs_mistake_mask=_E__"":30,""obs_mistake_mask=__EE"":17,""obs_mistake_mask=__E_"":29,""obs_mistake_mask=___E"":42}"
     41984,         0,         0,    4.38,decoder_by_matrix,c8397cb2c46e4683a6f3970bc42cef1aabfef4d80cfcd6b8313e87630b680ee2,"{""distance"":3,""physical_error_rate"":0.0001}","{""detection_events"":414,""detectors_checked"":2267136}"
    100352,         0,         0,    3.83,decoder_by_matrix,b3c6da8537ae85d54cd5acd57fc4d5a00e23be04de7c70760ac5fa4b0f5f70dc,"{""distance"":3,""physical_error_rate"":1e-06}","{""detection_events"":21,""detectors_checked"":5419008}"
     37888,         3,         0,    4.12,decoder_by_matrix,e45af4f98fc7ee1c9936a6749fec74122c57b4ab96343d0e01c96593a4531898,"{""distance"":3,""physical_error_rate"":0.001}","{""detection_events"":4593,""detectors_checked"":2045952,""obs_mistake_mask=_EEE"":1,""obs_mistake_mask=_E__"":1,""obs_mistake_mask=__E_"":1}"
     38912,         2,         0,    4.38,decoder_by_matrix,5dee359087c4b9ae2c20477a4d5136d2695095b0438111838e7093c679bd3c20,"{""distance"":3,""physical_error_rate"":0.0005}","{""detection_events"":2568,""detectors_checked"":2101248,""obs_mistake_mask=_EE_"":1,""obs_mistake_mask=_E__"":1}"
     92160,         0,         0,    4.43,decoder_by_matrix,1222905ef2c3e0b3841e2be415851bad02a0949e12b9844f6b979980572eaa40,"{""distance"":3,""physical_error_rate"":5e-06}","{""detection_events"":78,""detectors_checked"":4976640}"
     38912,         1,         0,    4.12,decoder_by_matrix,e45af4f98fc7ee1c9936a6749fec74122c57b4ab96343d0e01c96593a4531898,"{""distance"":3,""physical_error_rate"":0.001}","{""detection_events"":4359,""detectors_checked"":2101248,""obs_mistake_mask=___E"":1}"
     38912,         0,         0,    3.07,decoder_by_matrix,cd5aa4935a142b600239883e928f6c7fc9fbc8c84161e9ed59cf2551b7ebfc3d,"{""distance"":3,""physical_error_rate"":5e-05}","{""detection_events"":189,""detectors_checked"":2101248}"
    102400,         0,         0,    3.81,decoder_by_matrix,b3c6da8537ae85d54cd5acd57fc4d5a00e23be04de7c70760ac5fa4b0f5f70dc,"{""distance"":3,""physical_error_rate"":1e-06}","{""detection_events"":3,""detectors_checked"":5529600}"
     78848,         0,         0,    4.12,decoder_by_matrix,73784f3389b885bc1b704dac0b44b83e08b79da81bcec9ed749229213445f550,"{""distance"":3,""physical_error_rate"":1e-05}","{""detection_events"":105,""detectors_checked"":4257792}"
     59392,         0,         0,    3.07,decoder_by_matrix,73784f3389b885bc1b704dac0b44b83e08b79da81bcec9ed749229213445f550,"{""distance"":3,""physical_error_rate"":1e-05}","{""detection_events"":54,""detectors_checked"":3207168}"
     45056,         0,         0,    4.12,decoder_by_matrix,c8397cb2c46e4683a6f3970bc42cef1aabfef4d80cfcd6b8313e87630b680ee2,"{""distance"":3,""physical_error_rate"":0.0001}","{""detection_events"":525,""detectors_checked"":2433024}"
    103424,         0,         0,    4.36,decoder_by_matrix,b3c6da8537ae85d54cd5acd57fc4d5a00e23be04de7c70760ac5fa4b0f5f70dc,"{""distance"":3,""physical_error_rate"":1e-06}","{""detection_events"":6,""detectors_checked"":5584896}"
     30720,        70,         0,    4.35,decoder_by_matrix,fe15b11dcb8b3f13c3ba2812b146e413e309c65e07905a09cf6ecd916cf41bda,"{""distance"":3,""physical_error_rate"":0.005}","{""detection_events"":17778,""detectors_checked"":1658880,""obs_mistake_mask=E_EE"":1,""obs_mistake_mask=E___"":4,""obs_mistake_mask=_EEE"":9,""obs_mistake_mask=_EE_"":7,""obs_mistake_mask=_E_E"":8,""obs_mistake_mask=_E__"":14,""obs_mistake_mask=__EE"":7,""obs_mistake_mask=__E_"":11,""obs_mistake_mask=___E"":9}"
     52224,         0,         0,    4.17,decoder_by_matrix,cd5aa4935a142b600239883e928f6c7fc9fbc8c84161e9ed59cf2551b7ebfc3d,"{""distance"":3,""physical_error_rate"":5e-05}","{""detection_events"":330,""detectors_checked"":2820096}"
     48128,         0,         0,    4.12,decoder_by_matrix,cd5aa4935a142b600239883e928f6c7fc9fbc8c84161e9ed59cf2551b7ebfc3d,"{""distance"":3,""physical_error_rate"":5e-05}","{""detection_events"":315,""detectors_checked"":2598912}"
     48128,         0,         0,    4.37,decoder_by_matrix,cd5aa4935a142b600239883e928f6c7fc9fbc8c84161e9ed59cf2551b7ebfc3d,"{""distance"":3,""physical_error_rate"":5e-05}","{""detection_events"":309,""detectors_checked"":2598912}"
     73728,         0,         0,    3.58,decoder_by_matrix,73784f3389b885bc1b704dac0b44b83e08b79da81bcec9ed749229213445f550,"{""distance"":3,""physical_error_rate"":1e-05}","{""detection_events"":117,""detectors_checked"":3981312}"
     37888,         1,         0,    4.11,decoder_by_matrix,e45af4f98fc7ee1c9936a6749fec74122c57b4ab96343d0e01c96593a4531898,"{""distance"":3,""physical_error_rate"":0.001}","{""detection_events"":4542,""detectors_checked"":2045952,""obs_mistake_mask=E___"":1}"
     29696,         0,         0,    3.26,decoder_by_matrix,5dee359087c4b9ae2c20477a4d5136d2695095b0438111838e7093c679bd3c20,"{""distance"":3,""physical_error_rate"":0.0005}","{""detection_events"":1803,""detectors_checked"":1603584}"
     37888,         5,         0,    4.36,decoder_by_matrix,e45af4f98fc7ee1c9936a6749fec74122c57b4ab96343d0e01c96593a4531898,"{""distance"":3,""physical_error_rate"":0.001}","{""detection_events"":4314,""detectors_checked"":2045952,""obs_mistake_mask=E___"":1,""obs_mistake_mask=_E_E"":1,""obs_mistake_mask=__EE"":1,""obs_mistake_mask=___E"":2}"
     53248,         0,         0,    3.08,decoder_by_matrix,73784f3389b885bc1b704dac0b44b83e08b79da81bcec9ed749229213445f550,"{""distance"":3,""physical_error_rate"":1e-05}","{""detection_events"":87,""detectors_checked"":2875392}"
     31744,         0,         0,    3.10,decoder_by_matrix,c8397cb2c46e4683a6f3970bc42cef1aabfef4d80cfcd6b8313e87630b680ee2,"{""distance"":3,""physical_error_rate"":0.0001}","{""detection_events"":456,""detectors_checked"":1714176}"
     90112,         0,         0,    3.86,decoder_by_matrix,73784f3389b885bc1b704dac0b44b83e08b79da81bcec9ed749229213445f550,"{""distance"":3,""physical_error_rate"":1e-05}","{""detection_events"":69,""detectors_checked"":4866048}"
     86016,         0,         0,    4.11,decoder_by_matrix,1222905ef2c3e0b3841e2be415851bad02a0949e12b9844f6b979980572eaa40,"{""distance"":3,""physical_error_rate"":5e-06}","{""detection_events"":78,""detectors_checked"":4644864}"
     38912,         2,         0,    4.35,decoder_by_matrix,5dee359087c4b9ae2c20477a4d5136d2695095b0438111838e7093c679bd3c20,"{""distance"":3,""physical_error_rate"":0.0005}","{""detection_events"":2337,""detectors_checked"":2101248,""obs_mistake_mask=_EEE"":1,""obs_mistake_mask=__E_"":1}"
    102400,         0,         0,    4.10,decoder_by_matrix,b3c6da8537ae85d54cd5acd57fc4d5a00e23be04de7c70760ac5fa4b0f5f70dc,"{""distance"":3,""physical_error_rate"":1e-06}","{""detection_events"":15,""detectors_checked"":5529600}"
     39936,         0,         0,    4.24,decoder_by_matrix,5dee359087c4b9ae2c20477a4d5136d2695095b0438111838e7093c679bd3c20,"{""distance"":3,""physical_error_rate"":0.0005}","{""detection_events"":2406,""detectors_checked"":2156544}"
     25600,       186,         0,    4.32,decoder_by_matrix,c0504c10f5ab777f87672229571c10df6954ae4e739b135e111b80009949f281,"{""distance"":3,""physical_error_rate"":0.01}","{""detection_events"":29400,""detectors_checked"":1382400,""obs_mistake_mask=EE_E"":1,""obs_mistake_mask=EE__"":2,""obs_mistake_mask=E___"":15,""obs_mistake_mask=_EEE"":23,""obs_mistake_mask=_EE_"":11,""obs_mistake_mask=_E_E"":12,""obs_mistake_mask=_E__"":37,""obs_mistake_mask=__EE"":24,""obs_mistake_mask=__E_"":30,""obs_mistake_mask=___E"":31}"
     39936,         0,         0,    4.37,decoder_by_matrix,5dee359087c4b9ae2c20477a4d5136d2695095b0438111838e7093c679bd3c20,"{""distance"":3,""physical_error_rate"":0.0005}","{""detection_events"":2619,""detectors_checked"":2156544}"
     39936,         1,         0,    4.50,decoder_by_matrix,5dee359087c4b9ae2c20477a4d5136d2695095b0438111838e7093c679bd3c20,"{""distance"":3,""physical_error_rate"":0.0005}","{""detection_events"":2448,""detectors_checked"":2156544,""obs_mistake_mask=___E"":1}"
     38912,         4,         0,    4.11,decoder_by_matrix,e45af4f98fc7ee1c9936a6749fec74122c57b4ab96343d0e01c96593a4531898,"{""distance"":3,""physical_error_rate"":0.001}","{""detection_events"":4671,""detectors_checked"":2101248,""obs_mistake_mask=E___"":1,""obs_mistake_mask=_EEE"":1,""obs_mistake_mask=__E_"":1,""obs_mistake_mask=___E"":1}"
     30720,        61,         0,    4.31,decoder_by_matrix,fe15b11dcb8b3f13c3ba2812b146e413e309c65e07905a09cf6ecd916cf41bda,"{""distance"":3,""physical_error_rate"":0.005}","{""detection_events"":17814,""detectors_checked"":1658880,""obs_mistake_mask=E_E_"":1,""obs_mistake_mask=E___"":8,""obs_mistake_mask=_EEE"":6,""obs_mistake_mask=_EE_"":5,""obs_mistake_mask=_E_E"":7,""obs_mistake_mask=_E__"":5,""obs_mistake_mask=__EE"":5,""obs_mistake_mask=__E_"":11,""obs_mistake_mask=___E"":13}"
     38912,         4,         0,    4.45,decoder_by_matrix,e45af4f98fc7ee1c9936a6749fec74122c57b4ab96343d0e01c96593a4531898,"{""distance"":3,""physical_error_rate"":0.001}","{""detection_events"":4632,""detectors_checked"":2101248,""obs_mistake_mask=_EEE"":1,""obs_mistake_mask=_E__"":1,""obs_mistake_mask=__E_"":2}"
     54272,         0,         0,    4.37,decoder_by_matrix,cd5aa4935a142b600239883e928f6c7fc9fbc8c84161e9ed59cf2551b7ebfc3d,"{""distance"":3,""physical_error_rate"":5e-05}","{""detection_events"":321,""detectors_checked"":2930688}"
    105472,         0,         0,    4.47,decoder_by_matrix,b3c6da8537ae85d54cd5acd57fc4d5a00e23be04de7c70760ac5fa4b0f5f70dc,"{""distance"":3,""physical_error_rate"":1e-06}","{""detection_events"":9,""detectors_checked"":5695488}"
     79872,         0,         0,    4.14,decoder_by_matrix,73784f3389b885bc1b704dac0b44b83e08b79da81bcec9ed749229213445f550,"{""distance"":3,""physical_error_rate"":1e-05}","{""detection_events"":111,""detectors_checked"":4313088}"
     44032,         0,         0,    4.22,decoder_by_matrix,c8397cb2c46e4683a6f3970bc42cef1aabfef4d80cfcd6b8313e87630b680ee2,"{""distance"":3,""physical_error_rate"":0.0001}","{""detection_events"":597,""detectors_checked"":2377728}"
     31744,        63,         0,    4.43,decoder_by_matrix,fe15b11dcb8b3f13c3ba2812b146e413e309c65e07905a09cf6ecd916cf41bda,"{""distance"":3,""physical_error_rate"":0.005}","{""detection_events"":18783,""detectors_checked"":1714176,""obs_mistake_mask=E_E_"":1,""obs_mistake_mask=E__E"":1,""obs_mistake_mask=E___"":3,""obs_mistake_mask=_EEE"":2,""obs_mistake_mask=_EE_"":9,""obs_mistake_mask=_E_E"":15,""obs_mistake_mask=_E__"":11,""obs_mistake_mask=__EE"":3,""obs_mistake_mask=__E_"":11,""obs_mistake_mask=___E"":7}"
     26624,       220,         0,    3.82,decoder_by_matrix,c0504c10f5ab777f87672229571c10df6954ae4e739b135e111b80009949f281,"{""distance"":3,""physical_error_rate"":0.01}","{""detection_events"":31314,""detectors_checked"":1437696,""obs_mistake_mask=EEE_"":1,""obs_mistake_mask=EE__"":1,""obs_mistake_mask=E_EE"":1,""obs_mistake_mask=E_E_"":1,""obs_mistake_mask=E___"":24,""obs_mistake_mask=_EEE"":24,""obs_mistake_mask=_EE_"":23,""obs_mistake_mask=_E_E"":18,""obs_mistake_mask=_E__"":26,""obs_mistake_mask=__EE"":25,""obs_mistake_mask=__E_"":36,""obs_mistake_mask=___E"":40}"
     43008,         0,         0,    4.39,decoder_by_matrix,c8397cb2c46e4683a6f3970bc42cef1aabfef4d80cfcd6b8313e87630b680ee2,"{""distance"":3,""physical_error_rate"":0.0001}","{""detection_events"":549,""detectors_checked"":2322432}"
     31744,        57,         0,    4.41,decoder_by_matrix,fe15b11dcb8b3f13c3ba2812b146e413e309c65e07905a09cf6ecd916cf41bda,"{""distance"":3,""physical_error_rate"":0.005}","{""detection_events"":18705,""detectors_checked"":1714176,""obs_mistake_mask=EE__"":1,""obs_mistake_mask=E___"":6,""obs_mistake_mask=_EEE"":6,""obs_mistake_mask=_EE_"":7,""obs_mistake_mask=_E_E"":4,""obs_mistake_mask=_E__"":8,""obs_mistake_mask=__EE"":10,""obs_mistake_mask=__E_"":9,""obs_mistake_mask=___E"":6}"
     99328,         0,         0,    4.36,decoder_by_matrix,1222905ef2c3e0b3841e2be415851bad02a0949e12b9844f6b979980572eaa40,"{""distance"":3,""physical_error_rate"":5e-06}","{""detection_events"":30,""detectors_checked"":5363712}"
     45056,         0,         0,    4.37,decoder_by_matrix,c8397cb2c46e4683a6f3970bc42cef1aabfef4d80cfcd6b8313e87630b680ee2,"{""distance"":3,""physical_error_rate"":0.0001}","{""detection_events"":471,""detectors_checked"":2433024}"
     26624,       196,         0,    4.38,decoder_by_matrix,c0504c10f5ab777f87672229571c10df6954ae4e739b135e111b80009949f281,"{""distance"":3,""physical_error_rate"":0.01}","{""detection_events"":30759,""detectors_checked"":1437696,""obs_mistake_mask=EEE_"":1,""obs_mistake_mask=EE_E"":2,""obs_mistake_mask=EE__"":3,""obs_mistake_mask=E_EE"":2,""obs_mistake_mask=E_E_"":1,""obs_mistake_mask=E___"":17,""obs_mistake_mask=_EEE"":20,""obs_mistake_mask=_EE_"":17,""obs_mistake_mask=_E_E"":20,""obs_mistake_mask=_E__"":42,""obs_mistake_mask=__EE"":15,""obs_mistake_mask=__E_"":27,""obs_mistake_mask=___E"":29}"
     89088,         0,         0,    4.38,decoder_by_matrix,1222905ef2c3e0b3841e2be415851bad02a0949e12b9844f6b979980572eaa40,"{""distance"":3,""physical_error_rate"":5e-06}","{""detection_events"":57,""detectors_checked"":4810752}"
     48128,         0,         0,    4.37,decoder_by_matrix,cd5aa4935a142b600239883e928f6c7fc9fbc8c84161e9ed59cf2551b7ebfc3d,"{""distance"":3,""physical_error_rate"":5e-05}","{""detection_events"":306,""detectors_checked"":2598912}"
     26624,       179,         0,    4.37,decoder_by_matrix,c0504c10f5ab777f87672229571c10df6954ae4e739b135e111b80009949f281,"{""distance"":3,""physical_error_rate"":0.01}","{""detection_events"":30621,""detectors_checked"":1437696,""obs_mistake_mask=EE_E"":1,""obs_mistake_mask=E_EE"":1,""obs_mistake_mask=E_E_"":1,""obs_mistake_mask=E___"":27,""obs_mistake_mask=_EEE"":23,""obs_mistake_mask=_EE_"":18,""obs_mistake_mask=_E_E"":14,""obs_mistake_mask=_E__"":28,""obs_mistake_mask=__EE"":17,""obs_mistake_mask=__E_"":24,""obs_mistake_mask=___E"":25}"
     31744,        61,         0,    4.34,decoder_by_matrix,fe15b11dcb8b3f13c3ba2812b146e413e309c65e07905a09cf6ecd916cf41bda,"{""distance"":3,""physical_error_rate"":0.005}","{""detection_events"":18867,""detectors_checked"":1714176,""obs_mistake_mask=E___"":10,""obs_mistake_mask=_EEE"":6,""obs_mistake_mask=_EE_"":7,""obs_mistake_mask=_E_E"":6,""obs_mistake_mask=_E__"":7,""obs_mistake_mask=__EE"":6,""obs_mistake_mask=__E_"":12,""obs_mistake_mask=___E"":7}"
     31744,        65,         0,    4.05,decoder_by_matrix,fe15b11dcb8b3f13c3ba2812b146e413e309c65e07905a09cf6ecd916cf41bda,"{""distance"":3,""physical_error_rate"":0.005}","{""detection_events"":18318,""detectors_checked"":1714176,""obs_mistake_mask=E_E_"":1,""obs_mistake_mask=E___"":6,""obs_mistake_mask=_EEE"":8,""obs_mistake_mask=_EE_"":8,""obs_mistake_mask=_E_E"":5,""obs_mistake_mask=_E__"":14,""obs_mistake_mask=__EE"":7,""obs_mistake_mask=__E_"":7,""obs_mistake_mask=___E"":9}"
     99328,         0,         0,    4.24,decoder_by_matrix,1222905ef2c3e0b3841e2be415851bad02a0949e12b9844f6b979980572eaa40,"{""distance"":3,""physical_error_rate"":5e-06}","{""detection_events"":36,""detectors_checked"":5363712}"
     80896,         0,         0,    4.37,decoder_by_matrix,1222905ef2c3e0b3841e2be415851bad02a0949e12b9844f6b979980572eaa40,"{""distance"":3,""physical_error_rate"":5e-06}","{""detection_events"":81,""detectors_checked"":4368384}"
     46080,         0,         0,    4.38,decoder_by_matrix,c8397cb2c46e4683a6f3970bc42cef1aabfef4d80cfcd6b8313e87630b680ee2,"{""distance"":3,""physical_error_rate"":0.0001}","{""detection_events"":480,""detectors_checked"":2488320}"
     39936,         1,         0,    4.11,decoder_by_matrix,5dee359087c4b9ae2c20477a4d5136d2695095b0438111838e7093c679bd3c20,"{""distance"":3,""physical_error_rate"":0.0005}","{""detection_events"":2265,""detectors_checked"":2156544,""obs_mistake_mask=_E__"":1}"
     55296,         0,         0,    4.50,decoder_by_matrix,cd5aa4935a142b600239883e928f6c7fc9fbc8c84161e9ed59cf2551b7ebfc3d,"{""distance"":3,""physical_error_rate"":5e-05}","{""detection_events"":336,""detectors_checked"":2985984}"
    102400,         0,         0,    4.31,decoder_by_matrix,b3c6da8537ae85d54cd5acd57fc4d5a00e23be04de7c70760ac5fa4b0f5f70dc,"{""distance"":3,""physical_error_rate"":1e-06}","{""detection_events"":12,""detectors_checked"":5529600}"
     88064,         0,         0,    4.11,decoder_by_matrix,73784f3389b885bc1b704dac0b44b83e08b79da81bcec9ed749229213445f550,"{""distance"":3,""physical_error_rate"":1e-05}","{""detection_events"":75,""detectors_checked"":4755456}"
     27648,       206,         0,    4.26,decoder_by_matrix,c0504c10f5ab777f87672229571c10df6954ae4e739b135e111b80009949f281,"{""distance"":3,""physical_error_rate"":0.01}","{""detection_events"":31971,""detectors_checked"":1492992,""obs_mistake_mask=EEE_"":3,""obs_mistake_mask=E_EE"":2,""obs_mistake_mask=E_E_"":1,""obs_mistake_mask=E__E"":1,""obs_mistake_mask=E___"":29,""obs_mistake_mask=_EEE"":17,""obs_mistake_mask=_EE_"":20,""obs_mistake_mask=_E_E"":20,""obs_mistake_mask=_E__"":26,""obs_mistake_mask=__EE"":23,""obs_mistake_mask=__E_"":40,""obs_mistake_mask=___E"":24}"
     25600,       182,         0,    4.33,decoder_by_matrix,c0504c10f5ab777f87672229571c10df6954ae4e739b135e111b80009949f281,"{""distance"":3,""physical_error_rate"":0.01}","{""detection_events"":29427,""detectors_checked"":1382400,""obs_mistake_mask=EE_E"":1,""obs_mistake_mask=EE__"":1,""obs_mistake_mask=E_EE"":1,""obs_mistake_mask=E__E"":3,""obs_mistake_mask=E___"":19,""obs_mistake_mask=_EEE"":25,""obs_mistake_mask=_EE_"":14,""obs_mistake_mask=_E_E"":23,""obs_mistake_mask=_E__"":33,""obs_mistake_mask=__EE"":17,""obs_mistake_mask=__E_"":22,""obs_mistake_mask=___E"":23}"
    101376,         0,         0,    4.12,decoder_by_matrix,b3c6da8537ae85d54cd5acd57fc4d5a00e23be04de7c70760ac5fa4b0f5f70dc,"{""distance"":3,""physical_error_rate"":1e-06}","{""detection_events"":27,""detectors_checked"":5474304}"
     38912,         1,         0,    4.38,decoder_by_matrix,e45af4f98fc7ee1c9936a6749fec74122c57b4ab96343d0e01c96593a4531898,"{""distance"":3,""physical_error_rate"":0.001}","{""detection_events"":4452,""detectors_checked"":2101248,""obs_mistake_mask=__EE"":1}"
     26624,       177,         0,    4.40,decoder_by_matrix,c0504c10f5ab777f87672229571c10df6954ae4e739b135e111b80009949f281,"{""distance"":3,""physical_error_rate"":0.01}","{""detection_events"":31398,""detectors_checked"":1437696,""obs_mistake_mask=E_EE"":2,""obs_mistake_mask=E_E_"":1,""obs_mistake_mask=E__E"":1,""obs_mistake_mask=E___"":15,""obs_mistake_mask=_EEE"":20,""obs_mistake_mask=_EE_"":19,""obs_mistake_mask=_E_E"":19,""obs_mistake_mask=_E__"":25,""obs_mistake_mask=__EE"":14,""obs_mistake_mask=__E_"":33,""obs_mistake_mask=___E"":28}"
     32768,        76,         0,    4.26,decoder_by_matrix,fe15b11dcb8b3f13c3ba2812b146e413e309c65e07905a09cf6ecd916cf41bda,"{""distance"":3,""physical_error_rate"":0.005}","{""detection_events"":19698,""detectors_checked"":1769472,""obs_mistake_mask=E_E_"":2,""obs_mistake_mask=E__E"":1,""obs_mistake_mask=E___"":10,""obs_mistake_mask=_EEE"":8,""obs_mistake_mask=_EE_"":2,""obs_mistake_mask=_E_E"":7,""obs_mistake_mask=_E__"":17,""obs_mistake_mask=__EE"":7,""obs_mistake_mask=__E_"":8,""obs_mistake_mask=___E"":14}"
     51200,         0,         0,    4.34,decoder_by_matrix,cd5aa4935a142b600239883e928f6c7fc9fbc8c84161e9ed59cf2551b7ebfc3d,"{""distance"":3,""physical_error_rate"":5e-05}","{""detection_events"":330,""detectors_checked"":2764800}"
     76800,         0,         0,    4.40,decoder_by_matrix,73784f3389b885bc1b704dac0b44b83e08b79da81bcec9ed749229213445f550,"{""distance"":3,""physical_error_rate"":1e-05}","{""detection_events"":111,""detectors_checked"":4147200}"
     38912,         1,         0,    4.37,decoder_by_matrix,5dee359087c4b9ae2c20477a4d5136d2695095b0438111838e7093c679bd3c20,"{""distance"":3,""physical_error_rate"":0.0005}","{""detection_events"":2298,""detectors_checked"":2101248,""obs_mistake_mask=___E"":1}"
     89088,         0,         0,    4.41,decoder_by_matrix,73784f3389b885bc1b704dac0b44b83e08b79da81bcec9ed749229213445f550,"{""distance"":3,""physical_error_rate"":1e-05}","{""detection_events"":81,""detectors_checked"":4810752}"
     43008,         1,         0,    4.37,decoder_by_matrix,c8397cb2c46e4683a6f3970bc42cef1aabfef4d80cfcd6b8313e87630b680ee2,"{""distance"":3,""physical_error_rate"":0.0001}","{""detection_events"":525,""detectors_checked"":2322432,""obs_mistake_mask=_E_E"":1}"
    137216,         0,         0,    5.44,decoder_by_matrix,1222905ef2c3e0b3841e2be415851bad02a0949e12b9844f6b979980572eaa40,"{""distance"":3,""physical_error_rate"":5e-06}","{""detection_events"":54,""detectors_checked"":7409664}"
     37888,       265,         0,    6.14,decoder_by_matrix,c0504c10f5ab777f87672229571c10df6954ae4e739b135e111b80009949f281,"{""distance"":3,""physical_error_rate"":0.01}","{""detection_events"":43545,""detectors_checked"":2045952,""obs_mistake_mask=EEE_"":1,""obs_mistake_mask=EE_E"":4,""obs_mistake_mask=EE__"":1,""obs_mistake_mask=E_E_"":2,""obs_mistake_mask=E__E"":1,""obs_mistake_mask=E___"":22,""obs_mistake_mask=_EEE"":25,""obs_mistake_mask=_EE_"":29,""obs_mistake_mask=_E_E"":20,""obs_mistake_mask=_E__"":49,""obs_mistake_mask=__EE"":20,""obs_mistake_mask=__E_"":49,""obs_mistake_mask=___E"":42}"
     60416,         0,         0,    5.83,decoder_by_matrix,c8397cb2c46e4683a6f3970bc42cef1aabfef4d80cfcd6b8313e87630b680ee2,"{""distance"":3,""physical_error_rate"":0.0001}","{""detection_events"":669,""detectors_checked"":3262464}"
    143360,         0,         0,    5.52,decoder_by_matrix,b3c6da8537ae85d54cd5acd57fc4d5a00e23be04de7c70760ac5fa4b0f5f70dc,"{""distance"":3,""physical_error_rate"":1e-06}","{""detection_events"":12,""detectors_checked"":7741440}"
    121856,         0,         0,    5.88,decoder_by_matrix,1222905ef2c3e0b3841e2be415851bad02a0949e12b9844f6b979980572eaa40,"{""distance"":3,""physical_error_rate"":5e-06}","{""detection_events"":78,""detectors_checked"":6580224}"
     56320,         1,         0,    6.13,decoder_by_matrix,5dee359087c4b9ae2c20477a4d5136d2695095b0438111838e7093c679bd3c20,"{""distance"":3,""physical_error_rate"":0.0005}","{""detection_events"":3390,""detectors_checked"":3041280,""obs_mistake_mask=__EE"":1}"
     54272,         5,         0,    6.17,decoder_by_matrix,e45af4f98fc7ee1c9936a6749fec74122c57b4ab96343d0e01c96593a4531898,"{""distance"":3,""physical_error_rate"":0.001}","{""detection_events"":6369,""detectors_checked"":2930688,""obs_mistake_mask=_EE_"":1,""obs_mistake_mask=__EE"":1,""obs_mistake_mask=__E_"":2,""obs_mistake_mask=___E"":1}"
     55296,         2,         0,    5.97,decoder_by_matrix,e45af4f98fc7ee1c9936a6749fec74122c57b4ab96343d0e01c96593a4531898,"{""distance"":3,""physical_error_rate"":0.001}","{""detection_events"":6618,""detectors_checked"":2985984,""obs_mistake_mask=_E__"":1,""obs_mistake_mask=__EE"":1}"
    119808,         0,         0,    6.14,decoder_by_matrix,73784f3389b885bc1b704dac0b44b83e08b79da81bcec9ed749229213445f550,"{""distance"":3,""physical_error_rate"":1e-05}","{""detection_events"":123,""detectors_checked"":6469632}"
    149504,         0,         0,    6.18,decoder_by_matrix,b3c6da8537ae85d54cd5acd57fc4d5a00e23be04de7c70760ac5fa4b0f5f70dc,"{""distance"":3,""physical_error_rate"":1e-06}","{""detection_events"":9,""detectors_checked"":8073216}"
     60416,         0,         0,    6.18,decoder_by_matrix,c8397cb2c46e4683a6f3970bc42cef1aabfef4d80cfcd6b8313e87630b680ee2,"{""distance"":3,""physical_error_rate"":0.0001}","{""detection_events"":882,""detectors_checked"":3262464}"
     44032,        69,         0,    5.90,decoder_by_matrix,fe15b11dcb8b3f13c3ba2812b146e413e309c65e07905a09cf6ecd916cf41bda,"{""distance"":3,""physical_error_rate"":0.005}","{""detection_events"":25434,""detectors_checked"":2377728,""obs_mistake_mask=EEE_"":1,""obs_mistake_mask=EE__"":1,""obs_mistake_mask=E_EE"":1,""obs_mistake_mask=E___"":3,""obs_mistake_mask=_EEE"":8,""obs_mistake_mask=_EE_"":7,""obs_mistake_mask=_E_E"":8,""obs_mistake_mask=_E__"":15,""obs_mistake_mask=__EE"":6,""obs_mistake_mask=__E_"":11,""obs_mistake_mask=___E"":8}"
    149504,         0,         0,    5.94,decoder_by_matrix,b3c6da8537ae85d54cd5acd57fc4d5a00e23be04de7c70760ac5fa4b0f5f70dc,"{""distance"":3,""physical_error_rate"":1e-06}","{""detection_events"":12,""detectors_checked"":8073216}"
     74752,         0,         0,    5.66,decoder_by_matrix,cd5aa4935a142b600239883e928f6c7fc9fbc8c84161e9ed59cf2551b7ebfc3d,"{""distance"":3,""physical_error_rate"":5e-05}","{""detection_events"":429,""detectors_checked"":4036608}"
     72704,         0,         0,    6.16,decoder_by_matrix,cd5aa4935a142b600239883e928f6c7fc9fbc8c84161e9ed59cf2551b7ebfc3d,"{""distance"":3,""physical_error_rate"":5e-05}","{""detection_events"":480,""detectors_checked"":3926016}"
    110592,         0,         0,    5.92,decoder_by_matrix,73784f3389b885bc1b704dac0b44b83e08b79da81bcec9ed749229213445f550,"{""distance"":3,""physical_error_rate"":1e-05}","{""detection_events"":156,""detectors_checked"":5971968}"
     74752,         0,         0,    6.20,decoder_by_matrix,cd5aa4935a142b600239883e928f6c7fc9fbc8c84161e9ed59cf2551b7ebfc3d,"{""distance"":3,""physical_error_rate"":5e-05}","{""detection_events"":420,""detectors_checked"":4036608}"
     54272,         8,         0,    5.90,decoder_by_matrix,e45af4f98fc7ee1c9936a6749fec74122c57b4ab96343d0e01c96593a4531898,"{""distance"":3,""physical_error_rate"":0.001}","{""detection_events"":6339,""detectors_checked"":2930688,""obs_mistake_mask=_EEE"":1,""obs_mistake_mask=_EE_"":1,""obs_mistake_mask=_E_E"":3,""obs_mistake_mask=_E__"":1,""obs_mistake_mask=___E"":2}"
     54272,         1,         0,    6.18,decoder_by_matrix,e45af4f98fc7ee1c9936a6749fec74122c57b4ab96343d0e01c96593a4531898,"{""distance"":3,""physical_error_rate"":0.001}","{""detection_events"":6660,""detectors_checked"":2930688,""obs_mistake_mask=_E_E"":1}"
    113664,         0,         0,    5.39,decoder_by_matrix,73784f3389b885bc1b704dac0b44b83e08b79da81bcec9ed749229213445f550,"{""distance"":3,""physical_error_rate"":1e-05}","{""detection_events"":144,""detectors_checked"":6137856}"
    122880,         0,         0,    5.88,decoder_by_matrix,1222905ef2c3e0b3841e2be415851bad02a0949e12b9844f6b979980572eaa40,"{""distance"":3,""physical_error_rate"":5e-06}","{""detection_events"":96,""detectors_checked"":6635520}"
     56320,         2,         0,    5.93,decoder_by_matrix,5dee359087c4b9ae2c20477a4d5136d2695095b0438111838e7093c679bd3c20,"{""distance"":3,""physical_error_rate"":0.0005}","{""detection_events"":3402,""detectors_checked"":3041280,""obs_mistake_mask=_EEE"":1,""obs_mistake_mask=_E_E"":1}"
    149504,         0,         0,    5.66,decoder_by_matrix,b3c6da8537ae85d54cd5acd57fc4d5a00e23be04de7c70760ac5fa4b0f5f70dc,"{""distance"":3,""physical_error_rate"":1e-06}","{""detection_events"":9,""detectors_checked"":8073216}"
     55296,         2,         0,    6.08,decoder_by_matrix,5dee359087c4b9ae2c20477a4d5136d2695095b0438111838e7093c679bd3c20,"{""distance"":3,""physical_error_rate"":0.0005}","{""detection_events"":3339,""detectors_checked"":2985984,""obs_mistake_mask=_EEE"":1,""obs_mistake_mask=_EE_"":1}"
     55296,         1,         0,    6.17,decoder_by_matrix,5dee359087c4b9ae2c20477a4d5136d2695095b0438111838e7093c679bd3c20,"{""distance"":3,""physical_error_rate"":0.0005}","{""detection_events"":3504,""detectors_checked"":2985984,""obs_mistake_mask=__E_"":1}"
     37888,       268,         0,    6.17,decoder_by_matrix,c0504c10f5ab777f87672229571c10df6954ae4e739b135e111b80009949f281,"{""distance"":3,""physical_error_rate"":0.01}","{""detection_events"":44400,""detectors_checked"":2045952,""obs_mistake_mask=EEE_"":2,""obs_mistake_mask=EE_E"":1,""obs_mistake_mask=EE__"":1,""obs_mistake_mask=E_EE"":2,""obs_mistake_mask=E_E_"":2,""obs_mistake_mask=E___"":24,""obs_mistake_mask=_EEE"":23,""obs_mistake_mask=_EE_"":21,""obs_mistake_mask=_E_E"":34,""obs_mistake_mask=_E__"":44,""obs_mistake_mask=__EE"":23,""obs_mistake_mask=__E_"":44,""obs_mistake_mask=___E"":47}"
     56320,         1,         0,    6.15,decoder_by_matrix,5dee359087c4b9ae2c20477a4d5136d2695095b0438111838e7093c679bd3c20,"{""distance"":3,""physical_error_rate"":0.0005}","{""detection_events"":3348,""detectors_checked"":3041280,""obs_mistake_mask=___E"":1}"
     52224,         6,         0,    6.02,decoder_by_matrix,e45af4f98fc7ee1c9936a6749fec74122c57b4ab96343d0e01c96593a4531898,"{""distance"":3,""physical_error_rate"":0.001}","{""detection_events"":6480,""detectors_checked"":2820096,""obs_mistake_mask=_EE_"":1,""obs_mistake_mask=_E_E"":1,""obs_mistake_mask=_E__"":1,""obs_mistake_mask=__EE"":1,""obs_mistake_mask=__E_"":1,""obs_mistake_mask=___E"":1}"
     44032,        84,         0,    5.89,decoder_by_matrix,fe15b11dcb8b3f13c3ba2812b146e413e309c65e07905a09cf6ecd916cf41bda,"{""distance"":3,""physical_error_rate"":0.005}","{""detection_events"":25299,""detectors_checked"":2377728,""obs_mistake_mask=EE__"":1,""obs_mistake_mask=E___"":11,""obs_mistake_mask=_EEE"":9,""obs_mistake_mask=_EE_"":6,""obs_mistake_mask=_E_E"":9,""obs_mistake_mask=_E__"":12,""obs_mistake_mask=__EE"":12,""obs_mistake_mask=__E_"":12,""obs_mistake_mask=___E"":12}"
     68608,         0,         0,    6.17,decoder_by_matrix,cd5aa4935a142b600239883e928f6c7fc9fbc8c84161e9ed59cf2551b7ebfc3d,"{""distance"":3,""physical_error_rate"":5e-05}","{""detection_events"":534,""detectors_checked"":3704832}"
    144384,         0,         0,    5.91,decoder_by_matrix,b3c6da8537ae85d54cd5acd57fc4d5a00e23be04de7c70760ac5fa4b0f5f70dc,"{""distance"":3,""physical_error_rate"":1e-06}","{""detection_events"":18,""detectors_checked"":7796736}"
    116736,         0,         0,    5.90,decoder_by_matrix,73784f3389b885bc1b704dac0b44b83e08b79da81bcec9ed749229213445f550,"{""distance"":3,""physical_error_rate"":1e-05}","{""detection_events"":111,""detectors_checked"":6303744}"
     36864,       277,         0,    5.99,decoder_by_matrix,c0504c10f5ab777f87672229571c10df6954ae4e739b135e111b80009949f281,"{""distance"":3,""physical_error_rate"":0.01}","{""detection_events"":42273,""detectors_checked"":1990656,""obs_mistake_mask=EE_E"":2,""obs_mistake_mask=EE__"":2,""obs_mistake_mask=E_EE"":1,""obs_mistake_mask=E_E_"":2,""obs_mistake_mask=E__E"":3,""obs_mistake_mask=E___"":27,""obs_mistake_mask=_EEE"":29,""obs_mistake_mask=_EE_"":25,""obs_mistake_mask=_E_E"":20,""obs_mistake_mask=_E__"":39,""obs_mistake_mask=__EE"":34,""obs_mistake_mask=__E_"":47,""obs_mistake_mask=___E"":46}"
     54272,         1,         0,    5.69,decoder_by_matrix,e45af4f98fc7ee1c9936a6749fec74122c57b4ab96343d0e01c96593a4531898,"{""distance"":3,""physical_error_rate"":0.001}","{""detection_events"":7119,""detectors_checked"":2930688,""obs_mistake_mask=_E__"":1}"
     61440,         1,         0,    5.60,decoder_by_matrix,c8397cb2c46e4683a6f3970bc42cef1aabfef4d80cfcd6b8313e87630b680ee2,"{""distance"":3,""physical_error_rate"":0.0001}","{""detection_events"":744,""detectors_checked"":3317760,""obs_mistake_mask=__EE"":1}"
     45056,        72,         0,    5.91,decoder_by_matrix,fe15b11dcb8b3f13c3ba2812b146e413e309c65e07905a09cf6ecd916cf41bda,"{""distance"":3,""physical_error_rate"":0.005}","{""detection_events"":26763,""detectors_checked"":2433024,""obs_mistake_mask=EEE_"":1,""obs_mistake_mask=EE_E"":1,""obs_mistake_mask=E___"":7,""obs_mistake_mask=_EEE"":7,""obs_mistake_mask=_EE_"":8,""obs_mistake_mask=_E_E"":9,""obs_mistake_mask=_E__"":13,""obs_mistake_mask=__EE"":3,""obs_mistake_mask=__E_"":9,""obs_mistake_mask=___E"":14}"
     62464,         0,         0,    6.08,decoder_by_matrix,c8397cb2c46e4683a6f3970bc42cef1aabfef4d80cfcd6b8313e87630b680ee2,"{""distance"":3,""physical_error_rate"":0.0001}","{""detection_events"":639,""detectors_checked"":3373056}"
    123904,         0,         0,    5.85,decoder_by_matrix,1222905ef2c3e0b3841e2be415851bad02a0949e12b9844f6b979980572eaa40,"{""distance"":3,""physical_error_rate"":5e-06}","{""detection_events"":81,""detectors_checked"":6690816}"
     45056,        80,         0,    6.19,decoder_by_matrix,fe15b11dcb8b3f13c3ba2812b146e413e309c65e07905a09cf6ecd916cf41bda,"{""distance"":3,""physical_error_rate"":0.005}","{""detection_events"":26868,""detectors_checked"":2433024,""obs_mistake_mask=EE__"":1,""obs_mistake_mask=E___"":6,""obs_mistake_mask=_EEE"":8,""obs_mistake_mask=_EE_"":9,""obs_mistake_mask=_E_E"":7,""obs_mistake_mask=_E__"":17,""obs_mistake_mask=__EE"":10,""obs_mistake_mask=__E_"":10,""obs_mistake_mask=___E"":12}"
     58368,         0,         0,    6.16,decoder_by_matrix,c8397cb2c46e4683a6f3970bc42cef1aabfef4d80cfcd6b8313e87630b680ee2,"{""distance"":3,""physical_error_rate"":0.0001}","{""detection_events"":735,""detectors_checked"":3151872}"
     72704,         0,         0,    6.03,decoder_by_matrix,cd5aa4935a142b600239883e928f6c7fc9fbc8c84161e9ed59cf2551b7ebfc3d,"{""distance"":3,""physical_error_rate"":5e-05}","{""detection_events"":408,""detectors_checked"":3926016}"
    137216,         0,         0,    5.89,decoder_by_matrix,1222905ef2c3e0b3841e2be415851bad02a0949e12b9844f6b979980572eaa40,"{""distance"":3,""physical_error_rate"":5e-06}","{""detection_events"":39,""detectors_checked"":7409664}"
     37888,       279,         0,    5.95,decoder_by_matrix,c0504c10f5ab777f87672229571c10df6954ae4e739b135e111b80009949f281,"{""distance"":3,""physical_error_rate"":0.01}","{""detection_events"":44322,""detectors_checked"":2045952,""obs_mistake_mask=EEE_"":1,""obs_mistake_mask=EE_E"":2,""obs_mistake_mask=EE__"":3,""obs_mistake_mask=E__E"":2,""obs_mistake_mask=E___"":27,""obs_mistake_mask=_EEE"":25,""obs_mistake_mask=_EE_"":22,""obs_mistake_mask=_E_E"":27,""obs_mistake_mask=_E__"":44,""obs_mistake_mask=__EE"":27,""obs_mistake_mask=__E_"":51,""obs_mistake_mask=___E"":48}"
     36864,       292,         0,    6.22,decoder_by_matrix,c0504c10f5ab777f87672229571c10df6954ae4e739b135e111b80009949f281,"{""distance"":3,""physical_error_rate"":0.01}","{""detection_events"":43254,""detectors_checked"":1990656,""obs_mistake_mask=EEE_"":1,""obs_mistake_mask=EE__"":2,""obs_mistake_mask=E_EE"":4,""obs_mistake_mask=E__E"":1,""obs_mistake_mask=E___"":30,""obs_mistake_mask=_EEE"":29,""obs_mistake_mask=_EE_"":28,""obs_mistake_mask=_E_E"":20,""obs_mistake_mask=_E__"":51,""obs_mistake_mask=__EE"":32,""obs_mistake_mask=__E_"":44,""obs_mistake_mask=___E"":50}"
     43008,        91,         0,    6.03,decoder_by_matrix,fe15b11dcb8b3f13c3ba2812b146e413e309c65e07905a09cf6ecd916cf41bda,"{""distance"":3,""physical_error_rate"":0.005}","{""detection_events"":25839,""detectors_checked"":2322432,""obs_mistake_mask=E_EE"":1,""obs_mistake_mask=E___"":8,""obs_mistake_mask=_EEE"":8,""obs_mistake_mask=_EE_"":10,""obs_mistake_mask=_E_E"":11,""obs_mistake_mask=_E__"":13,""obs_mistake_mask=__EE"":7,""obs_mistake_mask=__E_"":18,""obs_mistake_mask=___E"":15}"
     44032,        94,         0,    5.92,decoder_by_matrix,fe15b11dcb8b3f13c3ba2812b146e413e309c65e07905a09cf6ecd916cf41bda,"{""distance"":3,""physical_error_rate"":0.005}","{""detection_events"":25542,""detectors_checked"":2377728,""obs_mistake_mask=EE_E"":1,""obs_mistake_mask=E___"":8,""obs_mistake_mask=_EEE"":10,""obs_mistake_mask=_EE_"":13,""obs_mistake_mask=_E_E"":9,""obs_mistake_mask=_E__"":12,""obs_mistake_mask=__EE"":13,""obs_mistake_mask=__E_"":16,""obs_mistake_mask=___E"":12}"
    126976,         0,         0,    6.13,decoder_by_matrix,1222905ef2c3e0b3841e2be415851bad02a0949e12b9844f6b979980572eaa40,"{""distance"":3,""physical_error_rate"":5e-06}","{""detection_events"":87,""detectors_checked"":6856704}"
     62464,         0,         0,    5.90,decoder_by_matrix,c8397cb2c46e4683a6f3970bc42cef1aabfef4d80cfcd6b8313e87630b680ee2,"{""distance"":3,""physical_error_rate"":0.0001}","{""detection_events"":765,""detectors_checked"":3373056}"
    123904,         0,         0,    5.86,decoder_by_matrix,1222905ef2c3e0b3841e2be415851bad02a0949e12b9844f6b979980572eaa40,"{""distance"":3,""physical_error_rate"":5e-06}","{""detection_events"":90,""detectors_checked"":6690816}"
     56320,         1,         0,    6.23,decoder_by_matrix,5dee359087c4b9ae2c20477a4d5136d2695095b0438111838e7093c679bd3c20,"{""distance"":3,""physical_error_rate"":0.0005}","{""detection_events"":3246,""detectors_checked"":3041280,""obs_mistake_mask=_EE_"":1}"
     70656,         0,         0,    5.92,decoder_by_matrix,cd5aa4935a142b600239883e928f6c7fc9fbc8c84161e9ed59cf2551b7ebfc3d,"{""distance"":3,""physical_error_rate"":5e-05}","{""detection_events"":546,""detectors_checked"":3815424}"
    142336,         0,         0,    6.06,decoder_by_matrix,b3c6da8537ae85d54cd5acd57fc4d5a00e23be04de7c70760ac5fa4b0f5f70dc,"{""distance"":3,""physical_error_rate"":1e-06}","{""detection_events"":24,""detectors_checked"":7686144}"
     35840,       247,         0,    5.99,decoder_by_matrix,c0504c10f5ab777f87672229571c10df6954ae4e739b135e111b80009949f281,"{""distance"":3,""physical_error_rate"":0.01}","{""detection_events"":41976,""detectors_checked"":1935360,""obs_mistake_mask=EE__"":2,""obs_mistake_mask=E___"":19,""obs_mistake_mask=_EEE"":26,""obs_mistake_mask=_EE_"":26,""obs_mistake_mask=_E_E"":20,""obs_mistake_mask=_E__"":36,""obs_mistake_mask=__EE"":28,""obs_mistake_mask=__E_"":54,""obs_mistake_mask=___E"":36}"
    107520,         0,         0,    6.17,decoder_by_matrix,73784f3389b885bc1b704dac0b44b83e08b79da81bcec9ed749229213445f550,"{""distance"":3,""physical_error_rate"":1e-05}","{""detection_events"":180,""detectors_checked"":5806080}"
     37888,       279,         0,    5.90,decoder_by_matrix,c0504c10f5ab777f87672229571c10df6954ae4e739b135e111b80009949f281,"{""distance"":3,""physical_error_rate"":0.01}","{""detection_events"":43758,""detectors_checked"":2045952,""obs_mistake_mask=EEE_"":1,""obs_mistake_mask=EE__"":3,""obs_mistake_mask=E_EE"":1,""obs_mistake_mask=E__E"":1,""obs_mistake_mask=E___"":29,""obs_mistake_mask=_EEE"":34,""obs_mistake_mask=_EE_"":26,""obs_mistake_mask=_E_E"":25,""obs_mistake_mask=_E__"":44,""obs_mistake_mask=__EE"":24,""obs_mistake_mask=__E_"":49,""obs_mistake_mask=___E"":42}"
    137216,         0,         0,    6.06,decoder_by_matrix,b3c6da8537ae85d54cd5acd57fc4d5a00e23be04de7c70760ac5fa4b0f5f70dc,"{""distance"":3,""physical_error_rate"":1e-06}","{""detection_events"":36,""detectors_checked"":7409664}"
     53248,         4,         0,    6.08,decoder_by_matrix,e45af4f98fc7ee1c9936a6749fec74122c57b4ab96343d0e01c96593a4531898,"{""distance"":3,""physical_error_rate"":0.001}","{""detection_events"":6717,""detectors_checked"":2875392,""obs_mistake_mask=_EEE"":1,""obs_mistake_mask=_E__"":1,""obs_mistake_mask=__E_"":1,""obs_mistake_mask=___E"":1}"
     36864,       266,         0,    5.79,decoder_by_matrix,c0504c10f5ab777f87672229571c10df6954ae4e739b135e111b80009949f281,"{""distance"":3,""physical_error_rate"":0.01}","{""detection_events"":44070,""detectors_checked"":1990656,""obs_mistake_mask=EE__"":1,""obs_mistake_mask=E_E_"":2,""obs_mistake_mask=E__E"":2,""obs_mistake_mask=E___"":19,""obs_mistake_mask=_EEE"":24,""obs_mistake_mask=_EE_"":24,""obs_mistake_mask=_E_E"":24,""obs_mistake_mask=_E__"":40,""obs_mistake_mask=__EE"":25,""obs_mistake_mask=__E_"":56,""obs_mistake_mask=___E"":49}"
     43008,        73,         0,    5.99,decoder_by_matrix,fe15b11dcb8b3f13c3ba2812b146e413e309c65e07905a09cf6ecd916cf41bda,"{""distance"":3,""physical_error_rate"":0.005}","{""detection_events"":25557,""detectors_checked"":2322432,""obs_mistake_mask=E___"":9,""obs_mistake_mask=_EEE"":9,""obs_mistake_mask=_EE_"":7,""obs_mistake_mask=_E_E"":8,""obs_mistake_mask=_E__"":11,""obs_mistake_mask=__EE"":6,""obs_mistake_mask=__E_"":11,""obs_mistake_mask=___E"":12}"
     71680,         0,         0,    5.90,decoder_by_matrix,cd5aa4935a142b600239883e928f6c7fc9fbc8c84161e9ed59cf2551b7ebfc3d,"{""distance"":3,""physical_error_rate"":5e-05}","{""detection_events"":396,""detectors_checked"":3870720}"
    103424,         0,         0,    5.61,decoder_by_matrix,73784f3389b885bc1b704dac0b44b83e08b79da81bcec9ed749229213445f550,"{""distance"":3,""physical_error_rate"":1e-05}","{""detection_events"":141,""detectors_checked"":5584896}"
     52224,         2,         0,    6.03,decoder_by_matrix,5dee359087c4b9ae2c20477a4d5136d2695095b0438111838e7093c679bd3c20,"{""distance"":3,""physical_error_rate"":0.0005}","{""detection_events"":3000,""detectors_checked"":2820096,""obs_mistake_mask=_EE_"":1,""obs_mistake_mask=_E_E"":1}"
     58368,         0,         0,    5.55,decoder_by_matrix,c8397cb2c46e4683a6f3970bc42cef1aabfef4d80cfcd6b8313e87630b680ee2,"{""distance"":3,""physical_error_rate"":0.0001}","{""detection_events"":765,""detectors_checked"":3151872}"
    108544,         0,         0,    5.89,decoder_by_matrix,73784f3389b885bc1b704dac0b44b83e08b79da81bcec9ed749229213445f550,"{""distance"":3,""physical_error_rate"":1e-05}","{""detection_events"":165,""detectors_checked"":5861376}"
    186368,         0,         0,    8.53,decoder_by_matrix,1222905ef2c3e0b3841e2be415851bad02a0949e12b9844f6b979980572eaa40,"{""distance"":3,""physical_error_rate"":5e-06}","{""detection_events"":60,""detectors_checked"":10063872}"
     50176,       372,         0,    8.20,decoder_by_matrix,c0504c10f5ab777f87672229571c10df6954ae4e739b135e111b80009949f281,"{""distance"":3,""physical_error_rate"":0.01}","{""detection_events"":58461,""detectors_checked"":2709504,""obs_mistake_mask=EEE_"":1,""obs_mistake_mask=EE__"":2,""obs_mistake_mask=E_E_"":4,""obs_mistake_mask=E__E"":1,""obs_mistake_mask=E___"":30,""obs_mistake_mask=_EEE"":49,""obs_mistake_mask=_EE_"":31,""obs_mistake_mask=_E_E"":40,""obs_mistake_mask=_E__"":55,""obs_mistake_mask=__EE"":31,""obs_mistake_mask=__E_"":70,""obs_mistake_mask=___E"":58}"
    197632,         0,         0,    8.45,decoder_by_matrix,b3c6da8537ae85d54cd5acd57fc4d5a00e23be04de7c70760ac5fa4b0f5f70dc,"{""distance"":3,""physical_error_rate"":1e-06}","{""detection_events"":18,""detectors_checked"":10672128}"
    172032,         0,         0,    8.40,decoder_by_matrix,1222905ef2c3e0b3841e2be415851bad02a0949e12b9844f6b979980572eaa40,"{""distance"":3,""physical_error_rate"":5e-06}","{""detection_events"":108,""detectors_checked"":9289728}"
     80896,         0,         0,    8.49,decoder_by_matrix,c8397cb2c46e4683a6f3970bc42cef1aabfef4d80cfcd6b8313e87630b680ee2,"{""distance"":3,""physical_error_rate"":0.0001}","{""detection_events"":1089,""detectors_checked"":4368384}"
     73728,         0,         0,    7.96,decoder_by_matrix,5dee359087c4b9ae2c20477a4d5136d2695095b0438111838e7093c679bd3c20,"{""distance"":3,""physical_error_rate"":0.0005}","{""detection_events"":4194,""detectors_checked"":3981312}"
     72704,         3,         0,    8.48,decoder_by_matrix,e45af4f98fc7ee1c9936a6749fec74122c57b4ab96343d0e01c96593a4531898,"{""distance"":3,""physical_error_rate"":0.001}","{""detection_events"":8985,""detectors_checked"":3926016,""obs_mistake_mask=_EE_"":1,""obs_mistake_mask=_E__"":2}"
     59392,       112,         0,    8.37,decoder_by_matrix,fe15b11dcb8b3f13c3ba2812b146e413e309c65e07905a09cf6ecd916cf41bda,"{""distance"":3,""physical_error_rate"":0.005}","{""detection_events"":35274,""detectors_checked"":3207168,""obs_mistake_mask=E___"":8,""obs_mistake_mask=_EEE"":13,""obs_mistake_mask=_EE_"":12,""obs_mistake_mask=_E_E"":12,""obs_mistake_mask=_E__"":21,""obs_mistake_mask=__EE"":8,""obs_mistake_mask=__E_"":19,""obs_mistake_mask=___E"":19}"
     72704,         2,         0,    8.44,decoder_by_matrix,e45af4f98fc7ee1c9936a6749fec74122c57b4ab96343d0e01c96593a4531898,"{""distance"":3,""physical_error_rate"":0.001}","{""detection_events"":8679,""detectors_checked"":3926016,""obs_mistake_mask=_E__"":1,""obs_mistake_mask=__EE"":1}"
    147456,         0,         0,    8.31,decoder_by_matrix,73784f3389b885bc1b704dac0b44b83e08b79da81bcec9ed749229213445f550,"{""distance"":3,""physical_error_rate"":1e-05}","{""detection_events"":246,""detectors_checked"":7962624}"
     82944,         0,         0,    8.27,decoder_by_matrix,c8397cb2c46e4683a6f3970bc42cef1aabfef4d80cfcd6b8313e87630b680ee2,"{""distance"":3,""physical_error_rate"":0.0001}","{""detection_events"":957,""detectors_checked"":4478976}"
    192512,         0,         0,    8.61,decoder_by_matrix,b3c6da8537ae85d54cd5acd57fc4d5a00e23be04de7c70760ac5fa4b0f5f70dc,"{""distance"":3,""physical_error_rate"":1e-06}","{""detection_events"":42,""detectors_checked"":10395648}"
    192512,         0,         0,    8.52,decoder_by_matrix,b3c6da8537ae85d54cd5acd57fc4d5a00e23be04de7c70760ac5fa4b0f5f70dc,"{""distance"":3,""physical_error_rate"":1e-06}","{""detection_events"":33,""detectors_checked"":10395648}"
     95232,         0,         0,    8.17,decoder_by_matrix,cd5aa4935a142b600239883e928f6c7fc9fbc8c84161e9ed59cf2551b7ebfc3d,"{""distance"":3,""physical_error_rate"":5e-05}","{""detection_events"":615,""detectors_checked"":5142528}"
    101376,         0,         0,    8.56,decoder_by_matrix,cd5aa4935a142b600239883e928f6c7fc9fbc8c84161e9ed59cf2551b7ebfc3d,"{""distance"":3,""physical_error_rate"":5e-05}","{""detection_events"":600,""detectors_checked"":5474304}"
    101376,         0,         0,    8.21,decoder_by_matrix,cd5aa4935a142b600239883e928f6c7fc9fbc8c84161e9ed59cf2551b7ebfc3d,"{""distance"":3,""physical_error_rate"":5e-05}","{""detection_events"":588,""detectors_checked"":5474304}"
     72704,         5,         0,    8.48,decoder_by_matrix,e45af4f98fc7ee1c9936a6749fec74122c57b4ab96343d0e01c96593a4531898,"{""distance"":3,""physical_error_rate"":0.001}","{""detection_events"":8505,""detectors_checked"":3926016,""obs_mistake_mask=_E_E"":1,""obs_mistake_mask=_E__"":1,""obs_mistake_mask=__E_"":1,""obs_mistake_mask=___E"":2}"
    150528,         0,         0,    8.09,decoder_by_matrix,73784f3389b885bc1b704dac0b44b83e08b79da81bcec9ed749229213445f550,"{""distance"":3,""physical_error_rate"":1e-05}","{""detection_events"":201,""detectors_checked"":8128512}"
    167936,         0,         0,    7.88,decoder_by_matrix,1222905ef2c3e0b3841e2be415851bad02a0949e12b9844f6b979980572eaa40,"{""distance"":3,""physical_error_rate"":5e-06}","{""detection_events"":108,""detectors_checked"":9068544}"
     72704,         8,         0,    8.28,decoder_by_matrix,e45af4f98fc7ee1c9936a6749fec74122c57b4ab96343d0e01c96593a4531898,"{""distance"":3,""physical_error_rate"":0.001}","{""detection_events"":8982,""detectors_checked"":3926016,""obs_mistake_mask=E___"":1,""obs_mistake_mask=_E_E"":2,""obs_mistake_mask=__EE"":1,""obs_mistake_mask=__E_"":2,""obs_mistake_mask=___E"":2}"
     74752,         1,         0,    8.32,decoder_by_matrix,5dee359087c4b9ae2c20477a4d5136d2695095b0438111838e7093c679bd3c20,"{""distance"":3,""physical_error_rate"":0.0005}","{""detection_events"":4353,""detectors_checked"":4036608,""obs_mistake_mask=_E__"":1}"
     74752,         0,         0,    8.05,decoder_by_matrix,5dee359087c4b9ae2c20477a4d5136d2695095b0438111838e7093c679bd3c20,"{""distance"":3,""physical_error_rate"":0.0005}","{""detection_events"":4506,""detectors_checked"":4036608}"
    150528,         0,         0,    8.36,decoder_by_matrix,73784f3389b885bc1b704dac0b44b83e08b79da81bcec9ed749229213445f550,"{""distance"":3,""physical_error_rate"":1e-05}","{""detection_events"":231,""detectors_checked"":8128512}"
     74752,         3,         0,    8.53,decoder_by_matrix,5dee359087c4b9ae2c20477a4d5136d2695095b0438111838e7093c679bd3c20,"{""distance"":3,""physical_error_rate"":0.0005}","{""detection_events"":4593,""detectors_checked"":4036608,""obs_mistake_mask=_E__"":1,""obs_mistake_mask=__E_"":2}"
     51200,       402,         0,    8.00,decoder_by_matrix,c0504c10f5ab777f87672229571c10df6954ae4e739b135e111b80009949f281,"{""distance"":3,""physical_error_rate"":0.01}","{""detection_events"":59412,""detectors_checked"":2764800,""obs_mistake_mask=EEE_"":2,""obs_mistake_mask=E_EE"":4,""obs_mistake_mask=E_E_"":1,""obs_mistake_mask=E__E"":1,""obs_mistake_mask=E___"":36,""obs_mistake_mask=_EEE"":36,""obs_mistake_mask=_EE_"":38,""obs_mistake_mask=_E_E"":38,""obs_mistake_mask=_E__"":71,""obs_mistake_mask=__EE"":42,""obs_mistake_mask=__E_"":74,""obs_mistake_mask=___E"":59}"
     73728,         0,         0,    8.22,decoder_by_matrix,5dee359087c4b9ae2c20477a4d5136d2695095b0438111838e7093c679bd3c20,"{""distance"":3,""physical_error_rate"":0.0005}","{""detection_events"":4779,""detectors_checked"":3981312}"
    190464,         0,         0,    8.23,decoder_by_matrix,b3c6da8537ae85d54cd5acd57fc4d5a00e23be04de7c70760ac5fa4b0f5f70dc,"{""distance"":3,""physical_error_rate"":1e-06}","{""detection_events"":45,""detectors_checked"":10285056}"
     73728,         7,         0,    7.90,decoder_by_matrix,e45af4f98fc7ee1c9936a6749fec74122c57b4ab96343d0e01c96593a4531898,"{""distance"":3,""physical_error_rate"":0.001}","{""detection_events"":9072,""detectors_checked"":3981312,""obs_mistake_mask=E___"":1,""obs_mistake_mask=_EEE"":1,""obs_mistake_mask=_E__"":2,""obs_mistake_mask=__E_"":2,""obs_mistake_mask=___E"":1}"
    187392,         0,         0,    8.37,decoder_by_matrix,b3c6da8537ae85d54cd5acd57fc4d5a00e23be04de7c70760ac5fa4b0f5f70dc,"{""distance"":3,""physical_error_rate"":1e-06}","{""detection_events"":36,""detectors_checked"":10119168}"
     50176,       358,         0,    8.39,decoder_by_matrix,c0504c10f5ab777f87672229571c10df6954ae4e739b135e111b80009949f281,"{""distance"":3,""physical_error_rate"":0.01}","{""detection_events"":59160,""detectors_checked"":2709504,""obs_mistake_mask=EEE_"":1,""obs_mistake_mask=EE_E"":2,""obs_mistake_mask=EE__"":1,""obs_mistake_mask=E_EE"":1,""obs_mistake_mask=E_E_"":2,""obs_mistake_mask=E__E"":3,""obs_mistake_mask=E___"":33,""obs_mistake_mask=_EEE"":38,""obs_mistake_mask=_EE_"":36,""obs_mistake_mask=_E_E"":30,""obs_mistake_mask=_E__"":65,""obs_mistake_mask=__EE"":48,""obs_mistake_mask=__E_"":56,""obs_mistake_mask=___E"":42}"
      3072,        24,         0,   0.513,decoder_by_matrix,c0504c10f5ab777f87672229571c10df6954ae4e739b135e111b80009949f281,"{""distance"":3,""physical_error_rate"":0.01}","{""detection_events"":3282,""detectors_checked"":165888,""obs_mistake_mask=E___"":2,""obs_mistake_mask=_EEE"":3,""obs_mistake_mask=_EE_"":3,""obs_mistake_mask=_E_E"":2,""obs_mistake_mask=_E__"":2,""obs_mistake_mask=__EE"":1,""obs_mistake_mask=__E_"":5,""obs_mistake_mask=___E"":6}"
     71680,         5,         0,    8.14,decoder_by_matrix,e45af4f98fc7ee1c9936a6749fec74122c57b4ab96343d0e01c96593a4531898,"{""distance"":3,""physical_error_rate"":0.001}","{""detection_events"":8370,""detectors_checked"":3870720,""obs_mistake_mask=_EEE"":2,""obs_mistake_mask=__EE"":1,""obs_mistake_mask=___E"":2}"
     46080,       332,         0,    7.48,decoder_by_matrix,c0504c10f5ab777f87672229571c10df6954ae4e739b135e111b80009949f281,"{""distance"":3,""physical_error_rate"":0.01}","{""detection_events"":54189,""detectors_checked"":2488320,""obs_mistake_mask=EE_E"":2,""obs_mistake_mask=EE__"":2,""obs_mistake_mask=E__E"":1,""obs_mistake_mask=E___"":44,""obs_mistake_mask=_EEE"":40,""obs_mistake_mask=_EE_"":26,""obs_mistake_mask=_E_E"":27,""obs_mistake_mask=_E__"":42,""obs_mistake_mask=__EE"":32,""obs_mistake_mask=__E_"":60,""obs_mistake_mask=___E"":56}"
    100352,         0,         0,    8.33,decoder_by_matrix,cd5aa4935a142b600239883e928f6c7fc9fbc8c84161e9ed59cf2551b7ebfc3d,"{""distance"":3,""physical_error_rate"":5e-05}","{""detection_events"":570,""detectors_checked"":5419008}"
     10240,        67,         0,    1.57,decoder_by_matrix,c0504c10f5ab777f87672229571c10df6954ae4e739b135e111b80009949f281,"{""distance"":3,""physical_error_rate"":0.01}","{""detection_events"":11877,""detectors_checked"":552960,""obs_mistake_mask=EE_E"":1,""obs_mistake_mask=E_EE"":2,""obs_mistake_mask=E_E_"":1,""obs_mistake_mask=E__E"":1,""obs_mistake_mask=E___"":10,""obs_mistake_mask=_EEE"":8,""obs_mistake_mask=_EE_"":5,""obs_mistake_mask=_E_E"":7,""obs_mistake_mask=_E__"":12,""obs_mistake_mask=__EE"":5,""obs_mistake_mask=__E_"":12,""obs_mistake_mask=___E"":3}"
     61440,       109,         0,    8.58,decoder_by_matrix,fe15b11dcb8b3f13c3ba2812b146e413e309c65e07905a09cf6ecd916cf41bda,"{""distance"":3,""physical_error_rate"":0.005}","{""detection_events"":36015,""detectors_checked"":3317760,""obs_mistake_mask=EE__"":1,""obs_mistake_mask=E__E"":1,""obs_mistake_mask=E___"":8,""obs_mistake_mask=_EEE"":11,""obs_mistake_mask=_EE_"":11,""obs_mistake_mask=_E_E"":13,""obs_mistake_mask=_E__"":12,""obs_mistake_mask=__EE"":10,""obs_mistake_mask=__E_"":22,""obs_mistake_mask=___E"":20}"
     41984,       282,         0,    6.74,decoder_by_matrix,c0504c10f5ab777f87672229571c10df6954ae4e739b135e111b80009949f281,"{""distance"":3,""physical_error_rate"":0.01}","{""detection_events"":48486,""detectors_checked"":2267136,""obs_mistake_mask=EE_E"":1,""obs_mistake_mask=EE__"":2,""obs_mistake_mask=E_E_"":2,""obs_mistake_mask=E___"":26,""obs_mistake_mask=_EEE"":42,""obs_mistake_mask=_EE_"":18,""obs_mistake_mask=_E_E"":29,""obs_mistake_mask=_E__"":51,""obs_mistake_mask=__EE"":28,""obs_mistake_mask=__E_"":37,""obs_mistake_mask=___E"":46}"
     60416,       135,         0,    8.42,decoder_by_matrix,fe15b11dcb8b3f13c3ba2812b146e413e309c65e07905a09cf6ecd916cf41bda,"{""distance"":3,""physical_error_rate"":0.005}","{""detection_events"":35427,""detectors_checked"":3262464,""obs_mistake_mask=EE__"":1,""obs_mistake_mask=E___"":11,""obs_mistake_mask=_EEE"":19,""obs_mistake_mask=_EE_"":16,""obs_mistake_mask=_E_E"":12,""obs_mistake_mask=_E__"":30,""obs_mistake_mask=__EE"":14,""obs_mistake_mask=__E_"":19,""obs_mistake_mask=___E"":13}"
     38912,       298,         0,    6.59,decoder_by_matrix,c0504c10f5ab777f87672229571c10df6954ae4e739b135e111b80009949f281,"{""distance"":3,""physical_error_rate"":0.01}","{""detection_events"":44718,""detectors_checked"":2101248,""obs_mistake_mask=EEE_"":1,""obs_mistake_mask=EE__"":4,""obs_mistake_mask=E_EE"":3,""obs_mistake_mask=E_E_"":1,""obs_mistake_mask=E__E"":3,""obs_mistake_mask=E___"":29,""obs_mistake_mask=_EEE"":24,""obs_mistake_mask=_EE_"":36,""obs_mistake_mask=_E_E"":31,""obs_mistake_mask=_E__"":48,""obs_mistake_mask=__EE"":35,""obs_mistake_mask=__E_"":43,""obs_mistake_mask=___E"":40}"
     84992,         0,         0,    8.48,decoder_by_matrix,c8397cb2c46e4683a6f3970bc42cef1aabfef4d80cfcd6b8313e87630b680ee2,"{""distance"":3,""physical_error_rate"":0.0001}","{""detection_events"":906,""detectors_checked"":4589568}"
    143360,         0,         0,    8.18,decoder_by_matrix,73784f3389b885bc1b704dac0b44b83e08b79da81bcec9ed749229213445f550,"{""distance"":3,""physical_error_rate"":1e-05}","{""detection_events"":192,""detectors_checked"":7741440}"
     81920,         1,         0,    8.41,decoder_by_matrix,c8397cb2c46e4683a6f3970bc42cef1aabfef4d80cfcd6b8313e87630b680ee2,"{""distance"":3,""physical_error_rate"":0.0001}","{""detection_events"":1107,""detectors_checked"":4423680,""obs_mistake_mask=_EEE"":1}"
     37888,       255,         0,    6.40,decoder_by_matrix,c0504c10f5ab777f87672229571c10df6954ae4e739b135e111b80009949f281,"{""distance"":3,""physical_error_rate"":0.01}","{""detection_events"":43008,""detectors_checked"":2045952,""obs_mistake_mask=EE__"":1,""obs_mistake_mask=E_E_"":1,""obs_mistake_mask=E__E"":2,""obs_mistake_mask=E___"":27,""obs_mistake_mask=_EEE"":25,""obs_mistake_mask=_EE_"":31,""obs_mistake_mask=_E_E"":20,""obs_mistake_mask=_E__"":35,""obs_mistake_mask=__EE"":26,""obs_mistake_mask=__E_"":48,""obs_mistake_mask=___E"":39}"
     47104,       329,         0,    8.05,decoder_by_matrix,c0504c10f5ab777f87672229571c10df6954ae4e739b135e111b80009949f281,"{""distance"":3,""physical_error_rate"":0.01}","{""detection_events"":54408,""detectors_checked"":2543616,""obs_mistake_mask=EEE_"":1,""obs_mistake_mask=EE_E"":3,""obs_mistake_mask=EE__"":3,""obs_mistake_mask=E_EE"":1,""obs_mistake_mask=E_E_"":1,""obs_mistake_mask=E__E"":2,""obs_mistake_mask=E___"":31,""obs_mistake_mask=_EEE"":27,""obs_mistake_mask=_EE_"":38,""obs_mistake_mask=_E_E"":35,""obs_mistake_mask=_E__"":52,""obs_mistake_mask=__EE"":30,""obs_mistake_mask=__E_"":59,""obs_mistake_mask=___E"":46}"
         1,         0,         0,   0.000,decoder_by_matrix,fe15b11dcb8b3f13c3ba2812b146e413e309c65e07905a09cf6ecd916cf41bda,"{""distance"":3,""physical_error_rate"":0.005}","{""detectors_checked"":54}"
         1,         0,         0,   0.000,decoder_by_matrix,b3c6da8537ae85d54cd5acd57fc4d5a00e23be04de7c70760ac5fa4b0f5f70dc,"{""distance"":3,""physical_error_rate"":1e-06}","{""detectors_checked"":54}"
     60416,       104,         0,    8.25,decoder_by_matrix,fe15b11dcb8b3f13c3ba2812b146e413e309c65e07905a09cf6ecd916cf41bda,"{""distance"":3,""physical_error_rate"":0.005}","{""detection_events"":35892,""detectors_checked"":3262464,""obs_mistake_mask=EEE_"":1,""obs_mistake_mask=E__E"":1,""obs_mistake_mask=E___"":6,""obs_mistake_mask=_EEE"":10,""obs_mistake_mask=_EE_"":10,""obs_mistake_mask=_E_E"":10,""obs_mistake_mask=_E__"":21,""obs_mistake_mask=__EE"":11,""obs_mistake_mask=__E_"":20,""obs_mistake_mask=___E"":14}"
    166912,         0,         0,    8.32,decoder_by_matrix,1222905ef2c3e0b3841e2be415851bad02a0949e12b9844f6b979980572eaa40,"{""distance"":3,""physical_error_rate"":5e-06}","{""detection_events"":141,""detectors_checked"":9013248}"
     81920,         0,         0,    8.18,decoder_by_matrix,c8397cb2c46e4683a6f3970bc42cef1aabfef4d80cfcd6b8313e87630b680ee2,"{""distance"":3,""physical_error_rate"":0.0001}","{""detection_events"":1110,""detectors_checked"":4423680}"
    102400,         0,         0,    8.25,decoder_by_matrix,cd5aa4935a142b600239883e928f6c7fc9fbc8c84161e9ed59cf2551b7ebfc3d,"{""distance"":3,""physical_error_rate"":5e-05}","{""detection_events"":564,""detectors_checked"":5529600}"
      2321,         0,         0,   0.207,decoder_by_matrix,cd5aa4935a142b600239883e928f6c7fc9fbc8c84161e9ed59cf2551b7ebfc3d,"{""distance"":3,""physical_error_rate"":5e-05}","{""detection_events"":18,""detectors_checked"":125334}"
      5392,         0,         0,   0.189,decoder_by_matrix,b3c6da8537ae85d54cd5acd57fc4d5a00e23be04de7c70760ac5fa4b0f5f70dc,"{""distance"":3,""physical_error_rate"":1e-06}","{""detectors_checked"":291168}"
    175104,         0,         0,    8.22,decoder_by_matrix,1222905ef2c3e0b3841e2be415851bad02a0949e12b9844f6b979980572eaa40,"{""distance"":3,""physical_error_rate"":5e-06}","{""detection_events"":72,""detectors_checked"":9455616}"
         1,         0,         0,   0.000,decoder_by_matrix,c8397cb2c46e4683a6f3970bc42cef1aabfef4d80cfcd6b8313e87630b680ee2,"{""distance"":3,""physical_error_rate"":0.0001}","{""detectors_checked"":54}"
         1,         0,         0,   0.000,decoder_by_matrix,1222905ef2c3e0b3841e2be415851bad02a0949e12b9844f6b979980572eaa40,"{""distance"":3,""physical_error_rate"":5e-06}","{""detectors_checked"":54}"
         1,         0,         0,   0.000,decoder_by_matrix,e45af4f98fc7ee1c9936a6749fec74122c57b4ab96343d0e01c96593a4531898,"{""distance"":3,""physical_error_rate"":0.001}","{""detectors_checked"":54}"
         1,         0,         0,   0.000,decoder_by_matrix,73784f3389b885bc1b704dac0b44b83e08b79da81bcec9ed749229213445f550,"{""distance"":3,""physical_error_rate"":1e-05}","{""detectors_checked"":54}"
         1,         0,         0,   0.000,decoder_by_matrix,5dee359087c4b9ae2c20477a4d5136d2695095b0438111838e7093c679bd3c20,"{""distance"":3,""physical_error_rate"":0.0005}","{""detectors_checked"":54}"
      2320,         0,         0,   0.020,decoder_by_matrix,c8397cb2c46e4683a6f3970bc42cef1aabfef4d80cfcd6b8313e87630b680ee2,"{""distance"":3,""physical_error_rate"":0.0001}","{""detection_events"":51,""detectors_checked"":125280}"
      5392,         0,         0,   0.021,decoder_by_matrix,1222905ef2c3e0b3841e2be415851bad02a0949e12b9844f6b979980572eaa40,"{""distance"":3,""physical_error_rate"":5e-06}","{""detectors_checked"":291168}"
      2320,         5,         0,   0.288,decoder_by_matrix,fe15b11dcb8b3f13c3ba2812b146e413e309c65e07905a09cf6ecd916cf41bda,"{""distance"":3,""physical_error_rate"":0.005}","{""detection_events"":1311,""detectors_checked"":125280,""obs_mistake_mask=_EEE"":1,""obs_mistake_mask=_E_E"":1,""obs_mistake_mask=_E__"":2,""obs_mistake_mask=___E"":1}"
      2320,         1,         0,   0.028,decoder_by_matrix,e45af4f98fc7ee1c9936a6749fec74122c57b4ab96343d0e01c96593a4531898,"{""distance"":3,""physical_error_rate"":0.001}","{""detection_events"":324,""detectors_checked"":125280,""obs_mistake_mask=__E_"":1}"
      5392,         0,         0,   0.059,decoder_by_matrix,73784f3389b885bc1b704dac0b44b83e08b79da81bcec9ed749229213445f550,"{""distance"":3,""physical_error_rate"":1e-05}","{""detectors_checked"":291168}"
      2320,         0,         0,   0.104,decoder_by_matrix,5dee359087c4b9ae2c20477a4d5136d2695095b0438111838e7093c679bd3c20,"{""distance"":3,""physical_error_rate"":0.0005}","{""detection_events"":174,""detectors_checked"":125280}"
      2048,         0,         0,   0.223,decoder_by_matrix,cd5aa4935a142b600239883e928f6c7fc9fbc8c84161e9ed59cf2551b7ebfc3d,"{""distance"":3,""physical_error_rate"":5e-05}","{""detection_events"":9,""detectors_checked"":110592}"
     60416,       101,         0,    7.76,decoder_by_matrix,fe15b11dcb8b3f13c3ba2812b146e413e309c65e07905a09cf6ecd916cf41bda,"{""distance"":3,""physical_error_rate"":0.005}","{""detection_events"":35277,""detectors_checked"":3262464,""obs_mistake_mask=E__E"":1,""obs_mistake_mask=E___"":10,""obs_mistake_mask=_EEE"":11,""obs_mistake_mask=_EE_"":10,""obs_mistake_mask=_E_E"":13,""obs_mistake_mask=_E__"":18,""obs_mistake_mask=__EE"":5,""obs_mistake_mask=__E_"":19,""obs_mistake_mask=___E"":14}"
      3072,         0,         0,   0.207,decoder_by_matrix,c8397cb2c46e4683a6f3970bc42cef1aabfef4d80cfcd6b8313e87630b680ee2,"{""distance"":3,""physical_error_rate"":0.0001}","{""detection_events"":45,""detectors_checked"":165888}"
      2048,         0,         0,   0.207,decoder_by_matrix,e45af4f98fc7ee1c9936a6749fec74122c57b4ab96343d0e01c96593a4531898,"{""distance"":3,""physical_error_rate"":0.001}","{""detection_events"":291,""detectors_checked"":110592}"
     59392,       120,         0,    8.42,decoder_by_matrix,fe15b11dcb8b3f13c3ba2812b146e413e309c65e07905a09cf6ecd916cf41bda,"{""distance"":3,""physical_error_rate"":0.005}","{""detection_events"":35061,""detectors_checked"":3207168,""obs_mistake_mask=EEE_"":1,""obs_mistake_mask=EE_E"":2,""obs_mistake_mask=EE__"":1,""obs_mistake_mask=E_EE"":1,""obs_mistake_mask=E__E"":1,""obs_mistake_mask=E___"":15,""obs_mistake_mask=_EEE"":11,""obs_mistake_mask=_EE_"":14,""obs_mistake_mask=_E_E"":11,""obs_mistake_mask=_E__"":9,""obs_mistake_mask=__EE"":12,""obs_mistake_mask=__E_"":22,""obs_mistake_mask=___E"":20}"
      5120,         0,         0,   0.261,decoder_by_matrix,1222905ef2c3e0b3841e2be415851bad02a0949e12b9844f6b979980572eaa40,"{""distance"":3,""physical_error_rate"":5e-06}","{""detection_events"":3,""detectors_checked"":276480}"
      4096,         0,         0,   0.243,decoder_by_matrix,73784f3389b885bc1b704dac0b44b83e08b79da81bcec9ed749229213445f550,"{""distance"":3,""physical_error_rate"":1e-05}","{""detection_events"":6,""detectors_checked"":221184}"
     10240,         0,         0,   0.410,decoder_by_matrix,b3c6da8537ae85d54cd5acd57fc4d5a00e23be04de7c70760ac5fa4b0f5f70dc,"{""distance"":3,""physical_error_rate"":1e-06}","{""detectors_checked"":552960}"
      2048,         5,         0,   0.331,decoder_by_matrix,fe15b11dcb8b3f13c3ba2812b146e413e309c65e07905a09cf6ecd916cf41bda,"{""distance"":3,""physical_error_rate"":0.005}","{""detection_events"":1218,""detectors_checked"":110592,""obs_mistake_mask=EEE_"":1,""obs_mistake_mask=E___"":1,""obs_mistake_mask=__E_"":1,""obs_mistake_mask=___E"":2}"
      2048,         0,         0,   0.258,decoder_by_matrix,5dee359087c4b9ae2c20477a4d5136d2695095b0438111838e7093c679bd3c20,"{""distance"":3,""physical_error_rate"":0.0005}","{""detection_events"":153,""detectors_checked"":110592}"
      4096,         0,         0,   0.261,decoder_by_matrix,cd5aa4935a142b600239883e928f6c7fc9fbc8c84161e9ed59cf2551b7ebfc3d,"{""distance"":3,""physical_error_rate"":5e-05}","{""detection_events"":9,""detectors_checked"":221184}"
    163840,         0,         0,    8.38,decoder_by_matrix,1222905ef2c3e0b3841e2be415851bad02a0949e12b9844f6b979980572eaa40,"{""distance"":3,""physical_error_rate"":5e-06}","{""detection_events"":123,""detectors_checked"":8847360}"
      2048,         0,         0,   0.253,decoder_by_matrix,c8397cb2c46e4683a6f3970bc42cef1aabfef4d80cfcd6b8313e87630b680ee2,"{""distance"":3,""physical_error_rate"":0.0001}","{""detection_events"":27,""detectors_checked"":110592}"
      2048,         0,         0,   0.253,decoder_by_matrix,e45af4f98fc7ee1c9936a6749fec74122c57b4ab96343d0e01c96593a4531898,"{""distance"":3,""physical_error_rate"":0.001}","{""detection_events"":138,""detectors_checked"":110592}"
    176128,         0,         0,    8.14,decoder_by_matrix,1222905ef2c3e0b3841e2be415851bad02a0949e12b9844f6b979980572eaa40,"{""distance"":3,""physical_error_rate"":5e-06}","{""detection_events"":102,""detectors_checked"":9510912}"
      6144,         0,         0,   0.254,decoder_by_matrix,1222905ef2c3e0b3841e2be415851bad02a0949e12b9844f6b979980572eaa40,"{""distance"":3,""physical_error_rate"":5e-06}","{""detectors_checked"":331776}"
      3072,         0,         0,   0.259,decoder_by_matrix,73784f3389b885bc1b704dac0b44b83e08b79da81bcec9ed749229213445f550,"{""distance"":3,""physical_error_rate"":1e-05}","{""detection_events"":15,""detectors_checked"":165888}"
     99328,         0,         0,    8.28,decoder_by_matrix,cd5aa4935a142b600239883e928f6c7fc9fbc8c84161e9ed59cf2551b7ebfc3d,"{""distance"":3,""physical_error_rate"":5e-05}","{""detection_events"":582,""detectors_checked"":5363712}"
      6144,         0,         0,   0.258,decoder_by_matrix,b3c6da8537ae85d54cd5acd57fc4d5a00e23be04de7c70760ac5fa4b0f5f70dc,"{""distance"":3,""physical_error_rate"":1e-06}","{""detectors_checked"":331776}"
      1024,         0,         0,   0.120,decoder_by_matrix,e45af4f98fc7ee1c9936a6749fec74122c57b4ab96343d0e01c96593a4531898,"{""distance"":3,""physical_error_rate"":0.001}","{""detection_events"":153,""detectors_checked"":55296}"
      2048,         5,         0,   0.262,decoder_by_matrix,fe15b11dcb8b3f13c3ba2812b146e413e309c65e07905a09cf6ecd916cf41bda,"{""distance"":3,""physical_error_rate"":0.005}","{""detection_events"":1215,""detectors_checked"":110592,""obs_mistake_mask=_EEE"":2,""obs_mistake_mask=_E__"":1,""obs_mistake_mask=__EE"":2}"
      2048,         0,         0,   0.263,decoder_by_matrix,5dee359087c4b9ae2c20477a4d5136d2695095b0438111838e7093c679bd3c20,"{""distance"":3,""physical_error_rate"":0.0005}","{""detection_events"":117,""detectors_checked"":110592}"
      2048,         0,         0,   0.245,decoder_by_matrix,cd5aa4935a142b600239883e928f6c7fc9fbc8c84161e9ed59cf2551b7ebfc3d,"{""distance"":3,""physical_error_rate"":5e-05}","{""detection_events"":27,""detectors_checked"":110592}"
     84992,         0,         0,    8.58,decoder_by_matrix,c8397cb2c46e4683a6f3970bc42cef1aabfef4d80cfcd6b8313e87630b680ee2,"{""distance"":3,""physical_error_rate"":0.0001}","{""detection_events"":945,""detectors_checked"":4589568}"
     74752,         3,         0,    8.04,decoder_by_matrix,5dee359087c4b9ae2c20477a4d5136d2695095b0438111838e7093c679bd3c20,"{""distance"":3,""physical_error_rate"":0.0005}","{""detection_events"":4455,""detectors_checked"":4036608,""obs_mistake_mask=_EEE"":1,""obs_mistake_mask=_E_E"":1,""obs_mistake_mask=__E_"":1}"
      4096,         0,         0,   0.005,decoder_by_matrix,c8397cb2c46e4683a6f3970bc42cef1aabfef4d80cfcd6b8313e87630b680ee2,"{""distance"":3,""physical_error_rate"":0.0001}","{""detection_events"":21,""detectors_checked"":221184}"
    201728,         0,         0,    7.80,decoder_by_matrix,b3c6da8537ae85d54cd5acd57fc4d5a00e23be04de7c70760ac5fa4b0f5f70dc,"{""distance"":3,""physical_error_rate"":1e-06}","{""detection_events"":9,""detectors_checked"":10893312}"
      6144,         0,         0,   0.256,decoder_by_matrix,1222905ef2c3e0b3841e2be415851bad02a0949e12b9844f6b979980572eaa40,"{""distance"":3,""physical_error_rate"":5e-06}","{""detectors_checked"":331776}"
      2048,         0,         0,   0.255,decoder_by_matrix,73784f3389b885bc1b704dac0b44b83e08b79da81bcec9ed749229213445f550,"{""distance"":3,""physical_error_rate"":1e-05}","{""detection_events"":3,""detectors_checked"":110592}"
      5120,         0,         0,   0.256,decoder_by_matrix,b3c6da8537ae85d54cd5acd57fc4d5a00e23be04de7c70760ac5fa4b0f5f70dc,"{""distance"":3,""physical_error_rate"":1e-06}","{""detectors_checked"":276480}"
      2048,         0,         0,   0.226,decoder_by_matrix,5dee359087c4b9ae2c20477a4d5136d2695095b0438111838e7093c679bd3c20,"{""distance"":3,""physical_error_rate"":0.0005}","{""detection_events"":78,""detectors_checked"":110592}"
      2048,         0,         0,   0.264,decoder_by_matrix,e45af4f98fc7ee1c9936a6749fec74122c57b4ab96343d0e01c96593a4531898,"{""distance"":3,""physical_error_rate"":0.001}","{""detection_events"":183,""detectors_checked"":110592}"
      2048,         3,         0,   0.269,decoder_by_matrix,fe15b11dcb8b3f13c3ba2812b146e413e309c65e07905a09cf6ecd916cf41bda,"{""distance"":3,""physical_error_rate"":0.005}","{""detection_events"":1320,""detectors_checked"":110592,""obs_mistake_mask=__E_"":1,""obs_mistake_mask=___E"":2}"
      4096,         0,         0,   0.260,decoder_by_matrix,cd5aa4935a142b600239883e928f6c7fc9fbc8c84161e9ed59cf2551b7ebfc3d,"{""distance"":3,""physical_error_rate"":5e-05}","{""detection_events"":15,""detectors_checked"":221184}"
    160768,         0,         0,    8.41,decoder_by_matrix,73784f3389b885bc1b704dac0b44b83e08b79da81bcec9ed749229213445f550,"{""distance"":3,""physical_error_rate"":1e-05}","{""detection_events"":162,""detectors_checked"":8681472}"
      2048,         0,         0,   0.256,decoder_by_matrix,c8397cb2c46e4683a6f3970bc42cef1aabfef4d80cfcd6b8313e87630b680ee2,"{""distance"":3,""physical_error_rate"":0.0001}","{""detection_events"":39,""detectors_checked"":110592}"
      6144,         0,         0,   0.262,decoder_by_matrix,1222905ef2c3e0b3841e2be415851bad02a0949e12b9844f6b979980572eaa40,"{""distance"":3,""physical_error_rate"":5e-06}","{""detectors_checked"":331776}"
      6144,         0,         0,   0.238,decoder_by_matrix,73784f3389b885bc1b704dac0b44b83e08b79da81bcec9ed749229213445f550,"{""distance"":3,""physical_error_rate"":1e-05}","{""detectors_checked"":331776}"
      7168,         0,         0,   0.262,decoder_by_matrix,b3c6da8537ae85d54cd5acd57fc4d5a00e23be04de7c70760ac5fa4b0f5f70dc,"{""distance"":3,""physical_error_rate"":1e-06}","{""detectors_checked"":387072}"
      3072,         0,         0,   0.259,decoder_by_matrix,5dee359087c4b9ae2c20477a4d5136d2695095b0438111838e7093c679bd3c20,"{""distance"":3,""physical_error_rate"":0.0005}","{""detection_events"":156,""detectors_checked"":165888}"
      2048,         0,         0,   0.258,decoder_by_matrix,e45af4f98fc7ee1c9936a6749fec74122c57b4ab96343d0e01c96593a4531898,"{""distance"":3,""physical_error_rate"":0.001}","{""detection_events"":234,""detectors_checked"":110592}"
      2048,         4,         0,   0.258,decoder_by_matrix,fe15b11dcb8b3f13c3ba2812b146e413e309c65e07905a09cf6ecd916cf41bda,"{""distance"":3,""physical_error_rate"":0.005}","{""detection_events"":1164,""detectors_checked"":110592,""obs_mistake_mask=E___"":1,""obs_mistake_mask=_E__"":1,""obs_mistake_mask=__E_"":1,""obs_mistake_mask=___E"":1}"
      2048,         0,         0,   0.257,decoder_by_matrix,cd5aa4935a142b600239883e928f6c7fc9fbc8c84161e9ed59cf2551b7ebfc3d,"{""distance"":3,""physical_error_rate"":5e-05}","{""detection_events"":21,""detectors_checked"":110592}"
      2048,         0,         0,   0.262,decoder_by_matrix,c8397cb2c46e4683a6f3970bc42cef1aabfef4d80cfcd6b8313e87630b680ee2,"{""distance"":3,""physical_error_rate"":0.0001}","{""detection_events"":27,""detectors_checked"":110592}"
      4096,         0,         0,   0.248,decoder_by_matrix,73784f3389b885bc1b704dac0b44b83e08b79da81bcec9ed749229213445f550,"{""distance"":3,""physical_error_rate"":1e-05}","{""detection_events"":12,""detectors_checked"":221184}"
      3072,         0,         0,   0.293,decoder_by_matrix,1222905ef2c3e0b3841e2be415851bad02a0949e12b9844f6b979980572eaa40,"{""distance"":3,""physical_error_rate"":5e-06}","{""detection_events"":12,""detectors_checked"":165888}"
      4096,         0,         0,   0.254,decoder_by_matrix,b3c6da8537ae85d54cd5acd57fc4d5a00e23be04de7c70760ac5fa4b0f5f70dc,"{""distance"":3,""physical_error_rate"":1e-06}","{""detection_events"":3,""detectors_checked"":221184}"
      2048,         0,         0,   0.255,decoder_by_matrix,5dee359087c4b9ae2c20477a4d5136d2695095b0438111838e7093c679bd3c20,"{""distance"":3,""physical_error_rate"":0.0005}","{""detection_events"":132,""detectors_checked"":110592}"
      2048,         0,         0,   0.255,decoder_by_matrix,e45af4f98fc7ee1c9936a6749fec74122c57b4ab96343d0e01c96593a4531898,"{""distance"":3,""physical_error_rate"":0.001}","{""detection_events"":252,""detectors_checked"":110592}"
      1024,         1,         0,   0.253,decoder_by_matrix,fe15b11dcb8b3f13c3ba2812b146e413e309c65e07905a09cf6ecd916cf41bda,"{""distance"":3,""physical_error_rate"":0.005}","{""detection_events"":543,""detectors_checked"":55296,""obs_mistake_mask=E___"":1}"
      2048,         0,         0,   0.003,decoder_by_matrix,cd5aa4935a142b600239883e928f6c7fc9fbc8c84161e9ed59cf2551b7ebfc3d,"{""distance"":3,""physical_error_rate"":5e-05}","{""detection_events"":30,""detectors_checked"":110592}"
    196608,         0,         0,    8.11,decoder_by_matrix,b3c6da8537ae85d54cd5acd57fc4d5a00e23be04de7c70760ac5fa4b0f5f70dc,"{""distance"":3,""physical_error_rate"":1e-06}","{""detection_events"":12,""detectors_checked"":10616832}"
      3072,         0,         0,   0.289,decoder_by_matrix,c8397cb2c46e4683a6f3970bc42cef1aabfef4d80cfcd6b8313e87630b680ee2,"{""distance"":3,""physical_error_rate"":0.0001}","{""detection_events"":42,""detectors_checked"":165888}"
      5120,         0,         0,   0.004,decoder_by_matrix,73784f3389b885bc1b704dac0b44b83e08b79da81bcec9ed749229213445f550,"{""distance"":3,""physical_error_rate"":1e-05}","{""detection_events"":3,""detectors_checked"":276480}"
      6144,         0,         0,   0.252,decoder_by_matrix,1222905ef2c3e0b3841e2be415851bad02a0949e12b9844f6b979980572eaa40,"{""distance"":3,""physical_error_rate"":5e-06}","{""detectors_checked"":331776}"
     72704,         6,         0,    8.38,decoder_by_matrix,e45af4f98fc7ee1c9936a6749fec74122c57b4ab96343d0e01c96593a4531898,"{""distance"":3,""physical_error_rate"":0.001}","{""detection_events"":8598,""detectors_checked"":3926016,""obs_mistake_mask=_EEE"":1,""obs_mistake_mask=_EE_"":1,""obs_mistake_mask=__E_"":2,""obs_mistake_mask=___E"":2}"
      6144,         0,         0,   0.254,decoder_by_matrix,b3c6da8537ae85d54cd5acd57fc4d5a00e23be04de7c70760ac5fa4b0f5f70dc,"{""distance"":3,""physical_error_rate"":1e-06}","{""detectors_checked"":331776}"
      2048,         0,         0,   0.253,decoder_by_matrix,5dee359087c4b9ae2c20477a4d5136d2695095b0438111838e7093c679bd3c20,"{""distance"":3,""physical_error_rate"":0.0005}","{""detection_events"":144,""detectors_checked"":110592}"
      3072,         0,         0,   0.259,decoder_by_matrix,e45af4f98fc7ee1c9936a6749fec74122c57b4ab96343d0e01c96593a4531898,"{""distance"":3,""physical_error_rate"":0.001}","{""detection_events"":369,""detectors_checked"":165888}"
      2048,         4,         0,   0.258,decoder_by_matrix,fe15b11dcb8b3f13c3ba2812b146e413e309c65e07905a09cf6ecd916cf41bda,"{""distance"":3,""physical_error_rate"":0.005}","{""detection_events"":1239,""detectors_checked"":110592,""obs_mistake_mask=E__E"":1,""obs_mistake_mask=_EEE"":1,""obs_mistake_mask=_E_E"":1,""obs_mistake_mask=__E_"":1}"
      3072,         0,         0,   0.267,decoder_by_matrix,cd5aa4935a142b600239883e928f6c7fc9fbc8c84161e9ed59cf2551b7ebfc3d,"{""distance"":3,""physical_error_rate"":5e-05}","{""detection_events"":48,""detectors_checked"":165888}"
      2048,         0,         0,   0.260,decoder_by_matrix,c8397cb2c46e4683a6f3970bc42cef1aabfef4d80cfcd6b8313e87630b680ee2,"{""distance"":3,""physical_error_rate"":0.0001}","{""detection_events"":33,""detectors_checked"":110592}"
      4096,         0,         0,   0.258,decoder_by_matrix,73784f3389b885bc1b704dac0b44b83e08b79da81bcec9ed749229213445f550,"{""distance"":3,""physical_error_rate"":1e-05}","{""detection_events"":3,""detectors_checked"":221184}"
     59392,       104,         0,    8.09,decoder_by_matrix,fe15b11dcb8b3f13c3ba2812b146e413e309c65e07905a09cf6ecd916cf41bda,"{""distance"":3,""physical_error_rate"":0.005}","{""detection_events"":35247,""detectors_checked"":3207168,""obs_mistake_mask=E_E_"":1,""obs_mistake_mask=E___"":15,""obs_mistake_mask=_EEE"":12,""obs_mistake_mask=_EE_"":9,""obs_mistake_mask=_E_E"":6,""obs_mistake_mask=_E__"":15,""obs_mistake_mask=__EE"":17,""obs_mistake_mask=__E_"":8,""obs_mistake_mask=___E"":21}"
      4096,         0,         0,   0.264,decoder_by_matrix,1222905ef2c3e0b3841e2be415851bad02a0949e12b9844f6b979980572eaa40,"{""distance"":3,""physical_error_rate"":5e-06}","{""detection_events"":9,""detectors_checked"":221184}"
      4096,         0,         0,   0.258,decoder_by_matrix,b3c6da8537ae85d54cd5acd57fc4d5a00e23be04de7c70760ac5fa4b0f5f70dc,"{""distance"":3,""physical_error_rate"":1e-06}","{""detection_events"":12,""detectors_checked"":221184}"
      2048,         0,         0,   0.258,decoder_by_matrix,5dee359087c4b9ae2c20477a4d5136d2695095b0438111838e7093c679bd3c20,"{""distance"":3,""physical_error_rate"":0.0005}","{""detection_events"":114,""detectors_checked"":110592}"
      2048,         0,         0,   0.259,decoder_by_matrix,e45af4f98fc7ee1c9936a6749fec74122c57b4ab96343d0e01c96593a4531898,"{""distance"":3,""physical_error_rate"":0.001}","{""detection_events"":246,""detectors_checked"":110592}"
      2048,         2,         0,   0.259,decoder_by_matrix,fe15b11dcb8b3f13c3ba2812b146e413e309c65e07905a09cf6ecd916cf41bda,"{""distance"":3,""physical_error_rate"":0.005}","{""detection_events"":1215,""detectors_checked"":110592,""obs_mistake_mask=_E__"":2}"
      3072,         0,         0,   0.258,decoder_by_matrix,cd5aa4935a142b600239883e928f6c7fc9fbc8c84161e9ed59cf2551b7ebfc3d,"{""distance"":3,""physical_error_rate"":5e-05}","{""detection_events"":6,""detectors_checked"":165888}"
      4096,         0,         0,   0.253,decoder_by_matrix,73784f3389b885bc1b704dac0b44b83e08b79da81bcec9ed749229213445f550,"{""distance"":3,""physical_error_rate"":1e-05}","{""detection_events"":3,""detectors_checked"":221184}"
      3072,         0,         0,   0.302,decoder_by_matrix,c8397cb2c46e4683a6f3970bc42cef1aabfef4d80cfcd6b8313e87630b680ee2,"{""distance"":3,""physical_error_rate"":0.0001}","{""detection_events"":36,""detectors_checked"":165888}"
      5120,         0,         0,   0.256,decoder_by_matrix,1222905ef2c3e0b3841e2be415851bad02a0949e12b9844f6b979980572eaa40,"{""distance"":3,""physical_error_rate"":5e-06}","{""detectors_checked"":276480}"
      6144,         0,         0,   0.257,decoder_by_matrix,b3c6da8537ae85d54cd5acd57fc4d5a00e23be04de7c70760ac5fa4b0f5f70dc,"{""distance"":3,""physical_error_rate"":1e-06}","{""detectors_checked"":331776}"
      2048,         0,         0,   0.256,decoder_by_matrix,5dee359087c4b9ae2c20477a4d5136d2695095b0438111838e7093c679bd3c20,"{""distance"":3,""physical_error_rate"":0.0005}","{""detection_events"":114,""detectors_checked"":110592}"
      2048,         3,         0,   0.257,decoder_by_matrix,fe15b11dcb8b3f13c3ba2812b146e413e309c65e07905a09cf6ecd916cf41bda,"{""distance"":3,""physical_error_rate"":0.005}","{""detection_events"":1236,""detectors_checked"":110592,""obs_mistake_mask=_EEE"":1,""obs_mistake_mask=_E_E"":1,""obs_mistake_mask=__EE"":1}"
      4096,         0,         0,   0.257,decoder_by_matrix,cd5aa4935a142b600239883e928f6c7fc9fbc8c84161e9ed59cf2551b7ebfc3d,"{""distance"":3,""physical_error_rate"":5e-05}","{""detection_events"":18,""detectors_checked"":221184}"
    106496,         0,         0,    8.42,decoder_by_matrix,cd5aa4935a142b600239883e928f6c7fc9fbc8c84161e9ed59cf2551b7ebfc3d,"{""distance"":3,""physical_error_rate"":5e-05}","{""detection_events"":507,""detectors_checked"":5750784}"
      4096,         0,         0,   0.512,decoder_by_matrix,e45af4f98fc7ee1c9936a6749fec74122c57b4ab96343d0e01c96593a4531898,"{""distance"":3,""physical_error_rate"":0.001}","{""detection_events"":531,""detectors_checked"":221184}"
    159744,         0,         0,    7.97,decoder_by_matrix,73784f3389b885bc1b704dac0b44b83e08b79da81bcec9ed749229213445f550,"{""distance"":3,""physical_error_rate"":1e-05}","{""detection_events"":165,""detectors_checked"":8626176}"
      7168,         0,         0,   0.481,decoder_by_matrix,73784f3389b885bc1b704dac0b44b83e08b79da81bcec9ed749229213445f550,"{""distance"":3,""physical_error_rate"":1e-05}","{""detection_events"":21,""detectors_checked"":387072}"
      5120,         0,         0,   0.512,decoder_by_matrix,c8397cb2c46e4683a6f3970bc42cef1aabfef4d80cfcd6b8313e87630b680ee2,"{""distance"":3,""physical_error_rate"":0.0001}","{""detection_events"":36,""detectors_checked"":276480}"
     12288,         0,         0,   0.512,decoder_by_matrix,1222905ef2c3e0b3841e2be415851bad02a0949e12b9844f6b979980572eaa40,"{""distance"":3,""physical_error_rate"":5e-06}","{""detectors_checked"":663552}"
     12288,         0,         0,   0.513,decoder_by_matrix,b3c6da8537ae85d54cd5acd57fc4d5a00e23be04de7c70760ac5fa4b0f5f70dc,"{""distance"":3,""physical_error_rate"":1e-06}","{""detectors_checked"":663552}"
      5120,         0,         0,   0.514,decoder_by_matrix,5dee359087c4b9ae2c20477a4d5136d2695095b0438111838e7093c679bd3c20,"{""distance"":3,""physical_error_rate"":0.0005}","{""detection_events"":270,""detectors_checked"":276480}"
      3072,         6,         0,   0.508,decoder_by_matrix,fe15b11dcb8b3f13c3ba2812b146e413e309c65e07905a09cf6ecd916cf41bda,"{""distance"":3,""physical_error_rate"":0.005}","{""detection_events"":1701,""detectors_checked"":165888,""obs_mistake_mask=_EEE"":1,""obs_mistake_mask=_E__"":1,""obs_mistake_mask=__EE"":1,""obs_mistake_mask=__E_"":1,""obs_mistake_mask=___E"":2}"
     75776,         2,         0,    8.17,decoder_by_matrix,5dee359087c4b9ae2c20477a4d5136d2695095b0438111838e7093c679bd3c20,"{""distance"":3,""physical_error_rate"":0.0005}","{""detection_events"":4290,""detectors_checked"":4091904,""obs_mistake_mask=_EEE"":1,""obs_mistake_mask=__EE"":1}"
      6144,         0,         0,   0.516,decoder_by_matrix,cd5aa4935a142b600239883e928f6c7fc9fbc8c84161e9ed59cf2551b7ebfc3d,"{""distance"":3,""physical_error_rate"":5e-05}","{""detection_events"":39,""detectors_checked"":331776}"
      5120,         1,         0,   0.561,decoder_by_matrix,e45af4f98fc7ee1c9936a6749fec74122c57b4ab96343d0e01c96593a4531898,"{""distance"":3,""physical_error_rate"":0.001}","{""detection_events"":567,""detectors_checked"":276480,""obs_mistake_mask=__EE"":1}"
     82944,         0,         0,    8.54,decoder_by_matrix,c8397cb2c46e4683a6f3970bc42cef1aabfef4d80cfcd6b8313e87630b680ee2,"{""distance"":3,""physical_error_rate"":0.0001}","{""detection_events"":984,""detectors_checked"":4478976}"
      7168,         0,         0,   0.516,decoder_by_matrix,73784f3389b885bc1b704dac0b44b83e08b79da81bcec9ed749229213445f550,"{""distance"":3,""physical_error_rate"":1e-05}","{""detection_events"":36,""detectors_checked"":387072}"
    164864,         0,         0,    8.35,decoder_by_matrix,73784f3389b885bc1b704dac0b44b83e08b79da81bcec9ed749229213445f550,"{""distance"":3,""physical_error_rate"":1e-05}","{""detection_events"":168,""detectors_checked"":8902656}"
      6144,         0,         0,   0.516,decoder_by_matrix,c8397cb2c46e4683a6f3970bc42cef1aabfef4d80cfcd6b8313e87630b680ee2,"{""distance"":3,""physical_error_rate"":0.0001}","{""detection_events"":24,""detectors_checked"":331776}"
     12288,         0,         0,   0.512,decoder_by_matrix,1222905ef2c3e0b3841e2be415851bad02a0949e12b9844f6b979980572eaa40,"{""distance"":3,""physical_error_rate"":5e-06}","{""detectors_checked"":663552}"
     12288,         0,         0,   0.507,decoder_by_matrix,b3c6da8537ae85d54cd5acd57fc4d5a00e23be04de7c70760ac5fa4b0f5f70dc,"{""distance"":3,""physical_error_rate"":1e-06}","{""detectors_checked"":663552}"
      4096,         0,         0,   0.515,decoder_by_matrix,5dee359087c4b9ae2c20477a4d5136d2695095b0438111838e7093c679bd3c20,"{""distance"":3,""physical_error_rate"":0.0005}","{""detection_events"":252,""detectors_checked"":221184}"
      4096,         7,         0,   0.517,decoder_by_matrix,fe15b11dcb8b3f13c3ba2812b146e413e309c65e07905a09cf6ecd916cf41bda,"{""distance"":3,""physical_error_rate"":0.005}","{""detection_events"":2568,""detectors_checked"":221184,""obs_mistake_mask=_E_E"":4,""obs_mistake_mask=__E_"":2,""obs_mistake_mask=___E"":1}"
      6144,         0,         0,   0.512,decoder_by_matrix,cd5aa4935a142b600239883e928f6c7fc9fbc8c84161e9ed59cf2551b7ebfc3d,"{""distance"":3,""physical_error_rate"":5e-05}","{""detection_events"":42,""detectors_checked"":331776}"
      7168,         0,         0,   0.794,decoder_by_matrix,e45af4f98fc7ee1c9936a6749fec74122c57b4ab96343d0e01c96593a4531898,"{""distance"":3,""physical_error_rate"":0.001}","{""detection_events"":855,""detectors_checked"":387072}"
      7168,         0,         0,   0.596,decoder_by_matrix,cd5aa4935a142b600239883e928f6c7fc9fbc8c84161e9ed59cf2551b7ebfc3d,"{""distance"":3,""physical_error_rate"":5e-05}","{""detection_events"":24,""detectors_checked"":387072}"
     12288,         0,         0,   0.771,decoder_by_matrix,73784f3389b885bc1b704dac0b44b83e08b79da81bcec9ed749229213445f550,"{""distance"":3,""physical_error_rate"":1e-05}","{""detection_events"":15,""detectors_checked"":663552}"
      8192,         0,         0,   0.775,decoder_by_matrix,c8397cb2c46e4683a6f3970bc42cef1aabfef4d80cfcd6b8313e87630b680ee2,"{""distance"":3,""physical_error_rate"":0.0001}","{""detection_events"":96,""detectors_checked"":442368}"
     16384,         0,         0,   0.775,decoder_by_matrix,1222905ef2c3e0b3841e2be415851bad02a0949e12b9844f6b979980572eaa40,"{""distance"":3,""physical_error_rate"":5e-06}","{""detection_events"":9,""detectors_checked"":884736}"
     17408,         0,         0,   0.782,decoder_by_matrix,b3c6da8537ae85d54cd5acd57fc4d5a00e23be04de7c70760ac5fa4b0f5f70dc,"{""distance"":3,""physical_error_rate"":1e-06}","{""detection_events"":6,""detectors_checked"":940032}"
      7168,         1,         0,   0.779,decoder_by_matrix,5dee359087c4b9ae2c20477a4d5136d2695095b0438111838e7093c679bd3c20,"{""distance"":3,""physical_error_rate"":0.0005}","{""detection_events"":456,""detectors_checked"":387072,""obs_mistake_mask=_E_E"":1}"
      6144,         8,         0,   0.780,decoder_by_matrix,fe15b11dcb8b3f13c3ba2812b146e413e309c65e07905a09cf6ecd916cf41bda,"{""distance"":3,""physical_error_rate"":0.005}","{""detection_events"":3597,""detectors_checked"":331776,""obs_mistake_mask=E___"":1,""obs_mistake_mask=_EEE"":2,""obs_mistake_mask=_EE_"":1,""obs_mistake_mask=_E__"":1,""obs_mistake_mask=__EE"":1,""obs_mistake_mask=__E_"":1,""obs_mistake_mask=___E"":1}"
      7168,         0,         0,   0.796,decoder_by_matrix,e45af4f98fc7ee1c9936a6749fec74122c57b4ab96343d0e01c96593a4531898,"{""distance"":3,""physical_error_rate"":0.001}","{""detection_events"":909,""detectors_checked"":387072}"
     16384,         0,         0,   0.589,decoder_by_matrix,1222905ef2c3e0b3841e2be415851bad02a0949e12b9844f6b979980572eaa40,"{""distance"":3,""physical_error_rate"":5e-06}","{""detection_events"":18,""detectors_checked"":884736}"
     12288,         0,         0,   0.762,decoder_by_matrix,cd5aa4935a142b600239883e928f6c7fc9fbc8c84161e9ed59cf2551b7ebfc3d,"{""distance"":3,""physical_error_rate"":5e-05}","{""detection_events"":54,""detectors_checked"":663552}"
     18432,         0,         0,    1.02,decoder_by_matrix,73784f3389b885bc1b704dac0b44b83e08b79da81bcec9ed749229213445f550,"{""distance"":3,""physical_error_rate"":1e-05}","{""detection_events"":24,""detectors_checked"":995328}"
     10240,         0,         0,    1.03,decoder_by_matrix,c8397cb2c46e4683a6f3970bc42cef1aabfef4d80cfcd6b8313e87630b680ee2,"{""distance"":3,""physical_error_rate"":0.0001}","{""detection_events"":123,""detectors_checked"":552960}"
      6144,        13,         0,   0.966,decoder_by_matrix,fe15b11dcb8b3f13c3ba2812b146e413e309c65e07905a09cf6ecd916cf41bda,"{""distance"":3,""physical_error_rate"":0.005}","{""detection_events"":3768,""detectors_checked"":331776,""obs_mistake_mask=EEE_"":1,""obs_mistake_mask=EE_E"":1,""obs_mistake_mask=E___"":1,""obs_mistake_mask=_EE_"":1,""obs_mistake_mask=_E_E"":1,""obs_mistake_mask=_E__"":2,""obs_mistake_mask=__EE"":1,""obs_mistake_mask=__E_"":2,""obs_mistake_mask=___E"":3}"
     25600,         0,         0,    1.03,decoder_by_matrix,b3c6da8537ae85d54cd5acd57fc4d5a00e23be04de7c70760ac5fa4b0f5f70dc,"{""distance"":3,""physical_error_rate"":1e-06}","{""detectors_checked"":1382400}"
      9216,         0,         0,    1.04,decoder_by_matrix,5dee359087c4b9ae2c20477a4d5136d2695095b0438111838e7093c679bd3c20,"{""distance"":3,""physical_error_rate"":0.0005}","{""detection_events"":531,""detectors_checked"":497664}"
      9216,         1,         0,    1.14,decoder_by_matrix,e45af4f98fc7ee1c9936a6749fec74122c57b4ab96343d0e01c96593a4531898,"{""distance"":3,""physical_error_rate"":0.001}","{""detection_events"":1122,""detectors_checked"":497664,""obs_mistake_mask=__E_"":1}"
     25600,         0,         0,    1.27,decoder_by_matrix,1222905ef2c3e0b3841e2be415851bad02a0949e12b9844f6b979980572eaa40,"{""distance"":3,""physical_error_rate"":5e-06}","{""detection_events"":18,""detectors_checked"":1382400}"
     15360,         0,         0,    1.31,decoder_by_matrix,cd5aa4935a142b600239883e928f6c7fc9fbc8c84161e9ed59cf2551b7ebfc3d,"{""distance"":3,""physical_error_rate"":5e-05}","{""detection_events"":129,""detectors_checked"":829440}"
     23552,         0,         0,    1.31,decoder_by_matrix,73784f3389b885bc1b704dac0b44b83e08b79da81bcec9ed749229213445f550,"{""distance"":3,""physical_error_rate"":1e-05}","{""detection_events"":27,""detectors_checked"":1271808}"
     30720,         0,         0,    1.24,decoder_by_matrix,b3c6da8537ae85d54cd5acd57fc4d5a00e23be04de7c70760ac5fa4b0f5f70dc,"{""distance"":3,""physical_error_rate"":1e-06}","{""detectors_checked"":1658880}"
     13312,         0,         0,    1.28,decoder_by_matrix,c8397cb2c46e4683a6f3970bc42cef1aabfef4d80cfcd6b8313e87630b680ee2,"{""distance"":3,""physical_error_rate"":0.0001}","{""detection_events"":171,""detectors_checked"":718848}"
      9216,        21,         0,    1.28,decoder_by_matrix,fe15b11dcb8b3f13c3ba2812b146e413e309c65e07905a09cf6ecd916cf41bda,"{""distance"":3,""physical_error_rate"":0.005}","{""detection_events"":5724,""detectors_checked"":497664,""obs_mistake_mask=E__E"":1,""obs_mistake_mask=E___"":2,""obs_mistake_mask=_EEE"":4,""obs_mistake_mask=_E_E"":1,""obs_mistake_mask=_E__"":1,""obs_mistake_mask=__EE"":6,""obs_mistake_mask=__E_"":4,""obs_mistake_mask=___E"":2}"
     12288,         0,         0,    1.28,decoder_by_matrix,5dee359087c4b9ae2c20477a4d5136d2695095b0438111838e7093c679bd3c20,"{""distance"":3,""physical_error_rate"":0.0005}","{""detection_events"":741,""detectors_checked"":663552}"
     14336,         1,         0,    1.60,decoder_by_matrix,e45af4f98fc7ee1c9936a6749fec74122c57b4ab96343d0e01c96593a4531898,"{""distance"":3,""physical_error_rate"":0.001}","{""detection_events"":1578,""detectors_checked"":774144,""obs_mistake_mask=_EEE"":1}"
     37888,         0,         0,    1.75,decoder_by_matrix,1222905ef2c3e0b3841e2be415851bad02a0949e12b9844f6b979980572eaa40,"{""distance"":3,""physical_error_rate"":5e-06}","{""detection_events"":18,""detectors_checked"":2045952}"
     18432,         0,         0,    1.72,decoder_by_matrix,cd5aa4935a142b600239883e928f6c7fc9fbc8c84161e9ed59cf2551b7ebfc3d,"{""distance"":3,""physical_error_rate"":5e-05}","{""detection_events"":117,""detectors_checked"":995328}"
     34816,         0,         0,    1.52,decoder_by_matrix,73784f3389b885bc1b704dac0b44b83e08b79da81bcec9ed749229213445f550,"{""distance"":3,""physical_error_rate"":1e-05}","{""detection_events"":42,""detectors_checked"":1880064}"
     40960,         0,         0,    1.54,decoder_by_matrix,b3c6da8537ae85d54cd5acd57fc4d5a00e23be04de7c70760ac5fa4b0f5f70dc,"{""distance"":3,""physical_error_rate"":1e-06}","{""detection_events"":9,""detectors_checked"":2211840}"
     16384,         0,         0,    1.54,decoder_by_matrix,c8397cb2c46e4683a6f3970bc42cef1aabfef4d80cfcd6b8313e87630b680ee2,"{""distance"":3,""physical_error_rate"":0.0001}","{""detection_events"":258,""detectors_checked"":884736}"
     13312,        31,         0,    1.80,decoder_by_matrix,fe15b11dcb8b3f13c3ba2812b146e413e309c65e07905a09cf6ecd916cf41bda,"{""distance"":3,""physical_error_rate"":0.005}","{""detection_events"":8025,""detectors_checked"":718848,""obs_mistake_mask=EE_E"":1,""obs_mistake_mask=E___"":1,""obs_mistake_mask=_EEE"":6,""obs_mistake_mask=_EE_"":2,""obs_mistake_mask=_E_E"":2,""obs_mistake_mask=_E__"":6,""obs_mistake_mask=__EE"":6,""obs_mistake_mask=__E_"":4,""obs_mistake_mask=___E"":3}"
     16384,         0,         0,    1.78,decoder_by_matrix,5dee359087c4b9ae2c20477a4d5136d2695095b0438111838e7093c679bd3c20,"{""distance"":3,""physical_error_rate"":0.0005}","{""detection_events"":942,""detectors_checked"":884736}"
    248832,         0,         0,    11.6,decoder_by_matrix,1222905ef2c3e0b3841e2be415851bad02a0949e12b9844f6b979980572eaa40,"{""distance"":3,""physical_error_rate"":5e-06}","{""detection_events"":165,""detectors_checked"":13436928}"
    279552,         0,         0,    11.1,decoder_by_matrix,b3c6da8537ae85d54cd5acd57fc4d5a00e23be04de7c70760ac5fa4b0f5f70dc,"{""distance"":3,""physical_error_rate"":1e-06}","{""detection_events"":24,""detectors_checked"":15095808}"
     20480,         1,         0,    2.32,decoder_by_matrix,e45af4f98fc7ee1c9936a6749fec74122c57b4ab96343d0e01c96593a4531898,"{""distance"":3,""physical_error_rate"":0.001}","{""detection_events"":2313,""detectors_checked"":1105920,""obs_mistake_mask=_E__"":1}"
    116736,         0,         0,    11.8,decoder_by_matrix,c8397cb2c46e4683a6f3970bc42cef1aabfef4d80cfcd6b8313e87630b680ee2,"{""distance"":3,""physical_error_rate"":0.0001}","{""detection_events"":1494,""detectors_checked"":6303744}"
    261120,         0,         0,    11.9,decoder_by_matrix,1222905ef2c3e0b3841e2be415851bad02a0949e12b9844f6b979980572eaa40,"{""distance"":3,""physical_error_rate"":5e-06}","{""detection_events"":102,""detectors_checked"":14100480}"
    108544,         1,         0,    11.6,decoder_by_matrix,5dee359087c4b9ae2c20477a4d5136d2695095b0438111838e7093c679bd3c20,"{""distance"":3,""physical_error_rate"":0.0005}","{""detection_events"":6291,""detectors_checked"":5861376,""obs_mistake_mask=_E__"":1}"
    103424,         5,         0,    11.7,decoder_by_matrix,e45af4f98fc7ee1c9936a6749fec74122c57b4ab96343d0e01c96593a4531898,"{""distance"":3,""physical_error_rate"":0.001}","{""detection_events"":11709,""detectors_checked"":5584896,""obs_mistake_mask=_EEE"":2,""obs_mistake_mask=_E__"":1,""obs_mistake_mask=__E_"":1,""obs_mistake_mask=___E"":1}"
     86016,       170,         0,    11.4,decoder_by_matrix,fe15b11dcb8b3f13c3ba2812b146e413e309c65e07905a09cf6ecd916cf41bda,"{""distance"":3,""physical_error_rate"":0.005}","{""detection_events"":49797,""detectors_checked"":4644864,""obs_mistake_mask=EE_E"":1,""obs_mistake_mask=E_EE"":1,""obs_mistake_mask=E___"":9,""obs_mistake_mask=_EEE"":23,""obs_mistake_mask=_EE_"":24,""obs_mistake_mask=_E_E"":6,""obs_mistake_mask=_E__"":27,""obs_mistake_mask=__EE"":18,""obs_mistake_mask=__E_"":32,""obs_mistake_mask=___E"":29}"
    274432,         0,         0,    10.4,decoder_by_matrix,b3c6da8537ae85d54cd5acd57fc4d5a00e23be04de7c70760ac5fa4b0f5f70dc,"{""distance"":3,""physical_error_rate"":1e-06}","{""detection_events"":33,""detectors_checked"":14819328}"
    123904,         0,         0,    11.0,decoder_by_matrix,c8397cb2c46e4683a6f3970bc42cef1aabfef4d80cfcd6b8313e87630b680ee2,"{""distance"":3,""physical_error_rate"":0.0001}","{""detection_events"":1245,""detectors_checked"":6690816}"
    236544,         0,         0,    11.8,decoder_by_matrix,73784f3389b885bc1b704dac0b44b83e08b79da81bcec9ed749229213445f550,"{""distance"":3,""physical_error_rate"":1e-05}","{""detection_events"":228,""detectors_checked"":12773376}"
     41984,         0,         0,    2.26,decoder_by_matrix,1222905ef2c3e0b3841e2be415851bad02a0949e12b9844f6b979980572eaa40,"{""distance"":3,""physical_error_rate"":5e-06}","{""detection_events"":51,""detectors_checked"":2267136}"
    104448,         7,         0,    10.9,decoder_by_matrix,e45af4f98fc7ee1c9936a6749fec74122c57b4ab96343d0e01c96593a4531898,"{""distance"":3,""physical_error_rate"":0.001}","{""detection_events"":12561,""detectors_checked"":5640192,""obs_mistake_mask=_EEE"":2,""obs_mistake_mask=_E_E"":1,""obs_mistake_mask=_E__"":1,""obs_mistake_mask=__EE"":1,""obs_mistake_mask=__E_"":1,""obs_mistake_mask=___E"":1}"
    137216,         0,         0,    11.3,decoder_by_matrix,cd5aa4935a142b600239883e928f6c7fc9fbc8c84161e9ed59cf2551b7ebfc3d,"{""distance"":3,""physical_error_rate"":5e-05}","{""detection_events"":855,""detectors_checked"":7409664}"
    278528,         0,         0,    10.6,decoder_by_matrix,b3c6da8537ae85d54cd5acd57fc4d5a00e23be04de7c70760ac5fa4b0f5f70dc,"{""distance"":3,""physical_error_rate"":1e-06}","{""detection_events"":48,""detectors_checked"":15040512}"
    144384,         0,         0,    11.5,decoder_by_matrix,cd5aa4935a142b600239883e928f6c7fc9fbc8c84161e9ed59cf2551b7ebfc3d,"{""distance"":3,""physical_error_rate"":5e-05}","{""detection_events"":822,""detectors_checked"":7796736}"
    101376,         9,         0,    11.0,decoder_by_matrix,e45af4f98fc7ee1c9936a6749fec74122c57b4ab96343d0e01c96593a4531898,"{""distance"":3,""physical_error_rate"":0.001}","{""detection_events"":12492,""detectors_checked"":5474304,""obs_mistake_mask=_EE_"":2,""obs_mistake_mask=_E_E"":1,""obs_mistake_mask=_E__"":2,""obs_mistake_mask=__E_"":3,""obs_mistake_mask=___E"":1}"
     27648,         0,         0,    2.35,decoder_by_matrix,cd5aa4935a142b600239883e928f6c7fc9fbc8c84161e9ed59cf2551b7ebfc3d,"{""distance"":3,""physical_error_rate"":5e-05}","{""detection_events"":159,""detectors_checked"":1492992}"
    137216,         0,         0,    11.1,decoder_by_matrix,cd5aa4935a142b600239883e928f6c7fc9fbc8c84161e9ed59cf2551b7ebfc3d,"{""distance"":3,""physical_error_rate"":5e-05}","{""detection_events"":999,""detectors_checked"":7409664}"
     40960,         0,         0,    2.29,decoder_by_matrix,73784f3389b885bc1b704dac0b44b83e08b79da81bcec9ed749229213445f550,"{""distance"":3,""physical_error_rate"":1e-05}","{""detection_events"":48,""detectors_checked"":2211840}"
     56320,         0,         0,    2.30,decoder_by_matrix,b3c6da8537ae85d54cd5acd57fc4d5a00e23be04de7c70760ac5fa4b0f5f70dc,"{""distance"":3,""physical_error_rate"":1e-06}","{""detectors_checked"":3041280}"
     25600,         0,         0,    2.06,decoder_by_matrix,c8397cb2c46e4683a6f3970bc42cef1aabfef4d80cfcd6b8313e87630b680ee2,"{""distance"":3,""physical_error_rate"":0.0001}","{""detection_events"":270,""detectors_checked"":1382400}"
    219136,         0,         0,    11.6,decoder_by_matrix,73784f3389b885bc1b704dac0b44b83e08b79da81bcec9ed749229213445f550,"{""distance"":3,""physical_error_rate"":1e-05}","{""detection_events"":279,""detectors_checked"":11833344}"
     17408,        27,         0,    2.31,decoder_by_matrix,fe15b11dcb8b3f13c3ba2812b146e413e309c65e07905a09cf6ecd916cf41bda,"{""distance"":3,""physical_error_rate"":0.005}","{""detection_events"":10245,""detectors_checked"":940032,""obs_mistake_mask=E___"":3,""obs_mistake_mask=_EEE"":1,""obs_mistake_mask=_E_E"":4,""obs_mistake_mask=_E__"":2,""obs_mistake_mask=__EE"":2,""obs_mistake_mask=__E_"":6,""obs_mistake_mask=___E"":9}"
     20480,         0,         0,    2.06,decoder_by_matrix,5dee359087c4b9ae2c20477a4d5136d2695095b0438111838e7093c679bd3c20,"{""distance"":3,""physical_error_rate"":0.0005}","{""detection_events"":1419,""detectors_checked"":1105920}"
    103424,        10,         0,    11.0,decoder_by_matrix,e45af4f98fc7ee1c9936a6749fec74122c57b4ab96343d0e01c96593a4531898,"{""distance"":3,""physical_error_rate"":0.001}","{""detection_events"":12093,""detectors_checked"":5584896,""obs_mistake_mask=_EEE"":1,""obs_mistake_mask=_EE_"":1,""obs_mistake_mask=_E_E"":1,""obs_mistake_mask=_E__"":1,""obs_mistake_mask=__EE"":2,""obs_mistake_mask=__E_"":2,""obs_mistake_mask=___E"":2}"
    247808,         0,         0,    10.8,decoder_by_matrix,1222905ef2c3e0b3841e2be415851bad02a0949e12b9844f6b979980572eaa40,"{""distance"":3,""physical_error_rate"":5e-06}","{""detection_events"":141,""detectors_checked"":13381632}"
    106496,         3,         0,    11.2,decoder_by_matrix,5dee359087c4b9ae2c20477a4d5136d2695095b0438111838e7093c679bd3c20,"{""distance"":3,""physical_error_rate"":0.0005}","{""detection_events"":6018,""detectors_checked"":5750784,""obs_mistake_mask=_EE_"":1,""obs_mistake_mask=___E"":2}"
    108544,         1,         0,    11.7,decoder_by_matrix,5dee359087c4b9ae2c20477a4d5136d2695095b0438111838e7093c679bd3c20,"{""distance"":3,""physical_error_rate"":0.0005}","{""detection_events"":6147,""detectors_checked"":5861376,""obs_mistake_mask=_EE_"":1}"
    107520,         3,         0,    11.1,decoder_by_matrix,5dee359087c4b9ae2c20477a4d5136d2695095b0438111838e7093c679bd3c20,"{""distance"":3,""physical_error_rate"":0.0005}","{""detection_events"":6924,""detectors_checked"":5806080,""obs_mistake_mask=E___"":1,""obs_mistake_mask=_EEE"":1,""obs_mistake_mask=___E"":1}"
    210944,         0,         0,    11.6,decoder_by_matrix,73784f3389b885bc1b704dac0b44b83e08b79da81bcec9ed749229213445f550,"{""distance"":3,""physical_error_rate"":1e-05}","{""detection_events"":315,""detectors_checked"":11390976}"
    102400,         9,         0,    11.5,decoder_by_matrix,e45af4f98fc7ee1c9936a6749fec74122c57b4ab96343d0e01c96593a4531898,"{""distance"":3,""physical_error_rate"":0.001}","{""detection_events"":12315,""detectors_checked"":5529600,""obs_mistake_mask=_EEE"":1,""obs_mistake_mask=_EE_"":2,""obs_mistake_mask=_E_E"":1,""obs_mistake_mask=_E__"":1,""obs_mistake_mask=__EE"":1,""obs_mistake_mask=__E_"":3}"
    284672,         0,         0,    11.2,decoder_by_matrix,b3c6da8537ae85d54cd5acd57fc4d5a00e23be04de7c70760ac5fa4b0f5f70dc,"{""distance"":3,""physical_error_rate"":1e-06}","{""detection_events"":27,""detectors_checked"":15372288}"
    108544,         2,         0,    11.7,decoder_by_matrix,5dee359087c4b9ae2c20477a4d5136d2695095b0438111838e7093c679bd3c20,"{""distance"":3,""physical_error_rate"":0.0005}","{""detection_events"":6426,""detectors_checked"":5861376,""obs_mistake_mask=_EEE"":1,""obs_mistake_mask=_E_E"":1}"
    274432,         0,         0,    11.3,decoder_by_matrix,b3c6da8537ae85d54cd5acd57fc4d5a00e23be04de7c70760ac5fa4b0f5f70dc,"{""distance"":3,""physical_error_rate"":1e-06}","{""detection_events"":51,""detectors_checked"":14819328}"
    118784,         0,         0,    11.2,decoder_by_matrix,c8397cb2c46e4683a6f3970bc42cef1aabfef4d80cfcd6b8313e87630b680ee2,"{""distance"":3,""physical_error_rate"":0.0001}","{""detection_events"":1347,""detectors_checked"":6414336}"
    104448,        11,         0,    11.4,decoder_by_matrix,e45af4f98fc7ee1c9936a6749fec74122c57b4ab96343d0e01c96593a4531898,"{""distance"":3,""physical_error_rate"":0.001}","{""detection_events"":12333,""detectors_checked"":5640192,""obs_mistake_mask=_EEE"":2,""obs_mistake_mask=_E_E"":1,""obs_mistake_mask=_E__"":2,""obs_mistake_mask=__EE"":4,""obs_mistake_mask=__E_"":2}"
    146432,         0,         0,    11.6,decoder_by_matrix,cd5aa4935a142b600239883e928f6c7fc9fbc8c84161e9ed59cf2551b7ebfc3d,"{""distance"":3,""physical_error_rate"":5e-05}","{""detection_events"":792,""detectors_checked"":7907328}"
     84992,       186,         0,    11.7,decoder_by_matrix,fe15b11dcb8b3f13c3ba2812b146e413e309c65e07905a09cf6ecd916cf41bda,"{""distance"":3,""physical_error_rate"":0.005}","{""detection_events"":49962,""detectors_checked"":4589568,""obs_mistake_mask=EE__"":1,""obs_mistake_mask=E___"":21,""obs_mistake_mask=_EEE"":18,""obs_mistake_mask=_EE_"":16,""obs_mistake_mask=_E_E"":18,""obs_mistake_mask=_E__"":32,""obs_mistake_mask=__EE"":15,""obs_mistake_mask=__E_"":24,""obs_mistake_mask=___E"":41}"
     83968,       153,         0,    11.3,decoder_by_matrix,fe15b11dcb8b3f13c3ba2812b146e413e309c65e07905a09cf6ecd916cf41bda,"{""distance"":3,""physical_error_rate"":0.005}","{""detection_events"":49320,""detectors_checked"":4534272,""obs_mistake_mask=EE_E"":1,""obs_mistake_mask=EE__"":1,""obs_mistake_mask=E_E_"":1,""obs_mistake_mask=E___"":14,""obs_mistake_mask=_EEE"":18,""obs_mistake_mask=_EE_"":12,""obs_mistake_mask=_E_E"":14,""obs_mistake_mask=_E__"":20,""obs_mistake_mask=__EE"":16,""obs_mistake_mask=__E_"":27,""obs_mistake_mask=___E"":29}"
    229376,         0,         0,    11.3,decoder_by_matrix,73784f3389b885bc1b704dac0b44b83e08b79da81bcec9ed749229213445f550,"{""distance"":3,""physical_error_rate"":1e-05}","{""detection_events"":255,""detectors_checked"":12386304}"
    118784,         0,         0,    11.8,decoder_by_matrix,c8397cb2c46e4683a6f3970bc42cef1aabfef4d80cfcd6b8313e87630b680ee2,"{""distance"":3,""physical_error_rate"":0.0001}","{""detection_events"":1353,""detectors_checked"":6414336}"
    118784,         0,         0,    11.5,decoder_by_matrix,c8397cb2c46e4683a6f3970bc42cef1aabfef4d80cfcd6b8313e87630b680ee2,"{""distance"":3,""physical_error_rate"":0.0001}","{""detection_events"":1377,""detectors_checked"":6414336}"
    250880,         0,         0,    11.8,decoder_by_matrix,1222905ef2c3e0b3841e2be415851bad02a0949e12b9844f6b979980572eaa40,"{""distance"":3,""physical_error_rate"":5e-06}","{""detection_events"":141,""detectors_checked"":13547520}"
     84992,       161,         0,    11.6,decoder_by_matrix,fe15b11dcb8b3f13c3ba2812b146e413e309c65e07905a09cf6ecd916cf41bda,"{""distance"":3,""physical_error_rate"":0.005}","{""detection_events"":50802,""detectors_checked"":4589568,""obs_mistake_mask=EE__"":1,""obs_mistake_mask=E_E_"":2,""obs_mistake_mask=E___"":17,""obs_mistake_mask=_EEE"":18,""obs_mistake_mask=_EE_"":19,""obs_mistake_mask=_E_E"":8,""obs_mistake_mask=_E__"":32,""obs_mistake_mask=__EE"":17,""obs_mistake_mask=__E_"":22,""obs_mistake_mask=___E"":25}"
    134144,         0,         0,    11.9,decoder_by_matrix,cd5aa4935a142b600239883e928f6c7fc9fbc8c84161e9ed59cf2551b7ebfc3d,"{""distance"":3,""physical_error_rate"":5e-05}","{""detection_events"":834,""detectors_checked"":7243776}"
    241664,         0,         0,    11.9,decoder_by_matrix,1222905ef2c3e0b3841e2be415851bad02a0949e12b9844f6b979980572eaa40,"{""distance"":3,""physical_error_rate"":5e-06}","{""detection_events"":231,""detectors_checked"":13049856}"
     86016,       159,         0,    11.5,decoder_by_matrix,fe15b11dcb8b3f13c3ba2812b146e413e309c65e07905a09cf6ecd916cf41bda,"{""distance"":3,""physical_error_rate"":0.005}","{""detection_events"":50883,""detectors_checked"":4644864,""obs_mistake_mask=EE__"":1,""obs_mistake_mask=E_E_"":1,""obs_mistake_mask=E__E"":1,""obs_mistake_mask=E___"":9,""obs_mistake_mask=_EEE"":23,""obs_mistake_mask=_EE_"":10,""obs_mistake_mask=_E_E"":20,""obs_mistake_mask=_E__"":26,""obs_mistake_mask=__EE"":22,""obs_mistake_mask=__E_"":20,""obs_mistake_mask=___E"":26}"
     84992,       178,         0,    11.6,decoder_by_matrix,fe15b11dcb8b3f13c3ba2812b146e413e309c65e07905a09cf6ecd916cf41bda,"{""distance"":3,""physical_error_rate"":0.005}","{""detection_events"":50826,""detectors_checked"":4589568,""obs_mistake_mask=E_E_"":1,""obs_mistake_mask=E___"":12,""obs_mistake_mask=_EEE"":19,""obs_mistake_mask=_EE_"":18,""obs_mistake_mask=_E_E"":20,""obs_mistake_mask=_E__"":21,""obs_mistake_mask=__EE"":23,""obs_mistake_mask=__E_"":27,""obs_mistake_mask=___E"":37}"
    245760,         0,         0,    11.3,decoder_by_matrix,1222905ef2c3e0b3841e2be415851bad02a0949e12b9844f6b979980572eaa40,"{""distance"":3,""physical_error_rate"":5e-06}","{""detection_events"":147,""detectors_checked"":13271040}"
    140288,         0,         0,    11.7,decoder_by_matrix,cd5aa4935a142b600239883e928f6c7fc9fbc8c84161e9ed59cf2551b7ebfc3d,"{""distance"":3,""physical_error_rate"":5e-05}","{""detection_events"":906,""detectors_checked"":7575552}"
    240640,         0,         0,    11.9,decoder_by_matrix,1222905ef2c3e0b3841e2be415851bad02a0949e12b9844f6b979980572eaa40,"{""distance"":3,""physical_error_rate"":5e-06}","{""detection_events"":186,""detectors_checked"":12994560}"
    122880,         1,         0,    11.5,decoder_by_matrix,c8397cb2c46e4683a6f3970bc42cef1aabfef4d80cfcd6b8313e87630b680ee2,"{""distance"":3,""physical_error_rate"":0.0001}","{""detection_events"":1341,""detectors_checked"":6635520,""obs_mistake_mask=__E_"":1}"
    107520,         3,         0,    11.5,decoder_by_matrix,5dee359087c4b9ae2c20477a4d5136d2695095b0438111838e7093c679bd3c20,"{""distance"":3,""physical_error_rate"":0.0005}","{""detection_events"":6582,""detectors_checked"":5806080,""obs_mistake_mask=_E_E"":1,""obs_mistake_mask=__E_"":1,""obs_mistake_mask=___E"":1}"
    276480,         0,         0,    11.6,decoder_by_matrix,b3c6da8537ae85d54cd5acd57fc4d5a00e23be04de7c70760ac5fa4b0f5f70dc,"{""distance"":3,""physical_error_rate"":1e-06}","{""detection_events"":39,""detectors_checked"":14929920}"
     26624,         0,         0,    3.06,decoder_by_matrix,e45af4f98fc7ee1c9936a6749fec74122c57b4ab96343d0e01c96593a4531898,"{""distance"":3,""physical_error_rate"":0.001}","{""detection_events"":3234,""detectors_checked"":1437696}"
    223232,         0,         0,    11.6,decoder_by_matrix,73784f3389b885bc1b704dac0b44b83e08b79da81bcec9ed749229213445f550,"{""distance"":3,""physical_error_rate"":1e-05}","{""detection_events"":261,""detectors_checked"":12054528}"
     64512,         0,         0,    3.09,decoder_by_matrix,1222905ef2c3e0b3841e2be415851bad02a0949e12b9844f6b979980572eaa40,"{""distance"":3,""physical_error_rate"":5e-06}","{""detection_events"":54,""detectors_checked"":3483648}"
     34816,         0,         0,    3.07,decoder_by_matrix,cd5aa4935a142b600239883e928f6c7fc9fbc8c84161e9ed59cf2551b7ebfc3d,"{""distance"":3,""physical_error_rate"":5e-05}","{""detection_events"":279,""detectors_checked"":1880064}"
     60416,         0,         0,    3.08,decoder_by_matrix,73784f3389b885bc1b704dac0b44b83e08b79da81bcec9ed749229213445f550,"{""distance"":3,""physical_error_rate"":1e-05}","{""detection_events"":72,""detectors_checked"":3262464}"
    102400,         5,         0,    11.2,decoder_by_matrix,e45af4f98fc7ee1c9936a6749fec74122c57b4ab96343d0e01c96593a4531898,"{""distance"":3,""physical_error_rate"":0.001}","{""detection_events"":12048,""detectors_checked"":5529600,""obs_mistake_mask=_EEE"":1,""obs_mistake_mask=_E_E"":2,""obs_mistake_mask=___E"":2}"
     73728,         0,         0,    3.06,decoder_by_matrix,b3c6da8537ae85d54cd5acd57fc4d5a00e23be04de7c70760ac5fa4b0f5f70dc,"{""distance"":3,""physical_error_rate"":1e-06}","{""detection_events"":9,""detectors_checked"":3981312}"
    283648,         0,         0,    10.6,decoder_by_matrix,b3c6da8537ae85d54cd5acd57fc4d5a00e23be04de7c70760ac5fa4b0f5f70dc,"{""distance"":3,""physical_error_rate"":1e-06}","{""detection_events"":18,""detectors_checked"":15316992}"
     32768,         0,         0,    3.09,decoder_by_matrix,c8397cb2c46e4683a6f3970bc42cef1aabfef4d80cfcd6b8313e87630b680ee2,"{""distance"":3,""physical_error_rate"":0.0001}","{""detection_events"":342,""detectors_checked"":1769472}"
     22528,        44,         0,    3.08,decoder_by_matrix,fe15b11dcb8b3f13c3ba2812b146e413e309c65e07905a09cf6ecd916cf41bda,"{""distance"":3,""physical_error_rate"":0.005}","{""detection_events"":13116,""detectors_checked"":1216512,""obs_mistake_mask=EE__"":1,""obs_mistake_mask=E___"":2,""obs_mistake_mask=_EEE"":3,""obs_mistake_mask=_EE_"":6,""obs_mistake_mask=_E_E"":2,""obs_mistake_mask=_E__"":7,""obs_mistake_mask=__EE"":7,""obs_mistake_mask=__E_"":7,""obs_mistake_mask=___E"":9}"
     27648,         0,         0,    2.84,decoder_by_matrix,5dee359087c4b9ae2c20477a4d5136d2695095b0438111838e7093c679bd3c20,"{""distance"":3,""physical_error_rate"":0.0005}","{""detection_events"":1743,""detectors_checked"":1492992}"
     86016,       158,         0,    11.5,decoder_by_matrix,fe15b11dcb8b3f13c3ba2812b146e413e309c65e07905a09cf6ecd916cf41bda,"{""distance"":3,""physical_error_rate"":0.005}","{""detection_events"":50337,""detectors_checked"":4644864,""obs_mistake_mask=E___"":8,""obs_mistake_mask=_EEE"":20,""obs_mistake_mask=_EE_"":16,""obs_mistake_mask=_E_E"":18,""obs_mistake_mask=_E__"":25,""obs_mistake_mask=__EE"":15,""obs_mistake_mask=__E_"":35,""obs_mistake_mask=___E"":21}"
    138240,         0,         0,    11.8,decoder_by_matrix,cd5aa4935a142b600239883e928f6c7fc9fbc8c84161e9ed59cf2551b7ebfc3d,"{""distance"":3,""physical_error_rate"":5e-05}","{""detection_events"":882,""detectors_checked"":7464960}"
    218112,         0,         0,    11.8,decoder_by_matrix,73784f3389b885bc1b704dac0b44b83e08b79da81bcec9ed749229213445f550,"{""distance"":3,""physical_error_rate"":1e-05}","{""detection_events"":243,""detectors_checked"":11778048}"
    107520,         2,         0,    11.6,decoder_by_matrix,5dee359087c4b9ae2c20477a4d5136d2695095b0438111838e7093c679bd3c20,"{""distance"":3,""physical_error_rate"":0.0005}","{""detection_events"":6567,""detectors_checked"":5806080,""obs_mistake_mask=_E_E"":1,""obs_mistake_mask=__EE"":1}"
    121856,         0,         0,    11.7,decoder_by_matrix,c8397cb2c46e4683a6f3970bc42cef1aabfef4d80cfcd6b8313e87630b680ee2,"{""distance"":3,""physical_error_rate"":0.0001}","{""detection_events"":1356,""detectors_checked"":6580224}"
    221184,         0,         0,    11.1,decoder_by_matrix,73784f3389b885bc1b704dac0b44b83e08b79da81bcec9ed749229213445f550,"{""distance"":3,""physical_error_rate"":1e-05}","{""detection_events"":333,""detectors_checked"":11943936}"
     38912,         4,         0,    4.37,decoder_by_matrix,e45af4f98fc7ee1c9936a6749fec74122c57b4ab96343d0e01c96593a4531898,"{""distance"":3,""physical_error_rate"":0.001}","{""detection_events"":4494,""detectors_checked"":2101248,""obs_mistake_mask=E___"":1,""obs_mistake_mask=_EE_"":1,""obs_mistake_mask=_E__"":1,""obs_mistake_mask=__EE"":1}"
     98304,         0,         0,    4.40,decoder_by_matrix,1222905ef2c3e0b3841e2be415851bad02a0949e12b9844f6b979980572eaa40,"{""distance"":3,""physical_error_rate"":5e-06}","{""detection_events"":21,""detectors_checked"":5308416}"
     53248,         0,         0,    4.34,decoder_by_matrix,cd5aa4935a142b600239883e928f6c7fc9fbc8c84161e9ed59cf2551b7ebfc3d,"{""distance"":3,""physical_error_rate"":5e-05}","{""detection_events"":294,""detectors_checked"":2875392}"
    103424,         0,         0,    4.08,decoder_by_matrix,b3c6da8537ae85d54cd5acd57fc4d5a00e23be04de7c70760ac5fa4b0f5f70dc,"{""distance"":3,""physical_error_rate"":1e-06}","{""detection_events"":27,""detectors_checked"":5584896}"
     80896,         0,         0,    4.38,decoder_by_matrix,73784f3389b885bc1b704dac0b44b83e08b79da81bcec9ed749229213445f550,"{""distance"":3,""physical_error_rate"":1e-05}","{""detection_events"":93,""detectors_checked"":4368384}"
     39936,         0,         0,    4.29,decoder_by_matrix,5dee359087c4b9ae2c20477a4d5136d2695095b0438111838e7093c679bd3c20,"{""distance"":3,""physical_error_rate"":0.0005}","{""detection_events"":2337,""detectors_checked"":2156544}"
     45056,         0,         0,    4.36,decoder_by_matrix,c8397cb2c46e4683a6f3970bc42cef1aabfef4d80cfcd6b8313e87630b680ee2,"{""distance"":3,""physical_error_rate"":0.0001}","{""detection_events"":423,""detectors_checked"":2433024}"
     31744,        63,         0,    4.13,decoder_by_matrix,fe15b11dcb8b3f13c3ba2812b146e413e309c65e07905a09cf6ecd916cf41bda,"{""distance"":3,""physical_error_rate"":0.005}","{""detection_events"":19320,""detectors_checked"":1714176,""obs_mistake_mask=EE_E"":1,""obs_mistake_mask=E___"":3,""obs_mistake_mask=_EEE"":3,""obs_mistake_mask=_EE_"":8,""obs_mistake_mask=_E_E"":9,""obs_mistake_mask=_E__"":5,""obs_mistake_mask=__EE"":7,""obs_mistake_mask=__E_"":16,""obs_mistake_mask=___E"":11}"
     54272,         4,         0,    6.08,decoder_by_matrix,e45af4f98fc7ee1c9936a6749fec74122c57b4ab96343d0e01c96593a4531898,"{""distance"":3,""physical_error_rate"":0.001}","{""detection_events"":6423,""detectors_checked"":2930688,""obs_mistake_mask=E___"":1,""obs_mistake_mask=_E__"":2,""obs_mistake_mask=___E"":1}"
    136192,         0,         0,    6.09,decoder_by_matrix,1222905ef2c3e0b3841e2be415851bad02a0949e12b9844f6b979980572eaa40,"{""distance"":3,""physical_error_rate"":5e-06}","{""detection_events"":36,""detectors_checked"":7354368}"
     72704,         0,         0,    5.54,decoder_by_matrix,cd5aa4935a142b600239883e928f6c7fc9fbc8c84161e9ed59cf2551b7ebfc3d,"{""distance"":3,""physical_error_rate"":5e-05}","{""detection_events"":438,""detectors_checked"":3926016}"
    114688,         0,         0,    6.01,decoder_by_matrix,73784f3389b885bc1b704dac0b44b83e08b79da81bcec9ed749229213445f550,"{""distance"":3,""physical_error_rate"":1e-05}","{""detection_events"":108,""detectors_checked"":6193152}"
     54272,         3,         0,    5.93,decoder_by_matrix,5dee359087c4b9ae2c20477a4d5136d2695095b0438111838e7093c679bd3c20,"{""distance"":3,""physical_error_rate"":0.0005}","{""detection_events"":3288,""detectors_checked"":2930688,""obs_mistake_mask=_E_E"":1,""obs_mistake_mask=__EE"":1,""obs_mistake_mask=___E"":1}"
    144384,         0,         0,    6.08,decoder_by_matrix,b3c6da8537ae85d54cd5acd57fc4d5a00e23be04de7c70760ac5fa4b0f5f70dc,"{""distance"":3,""physical_error_rate"":1e-06}","{""detection_events"":21,""detectors_checked"":7796736}"
     59392,         0,         0,    6.11,decoder_by_matrix,c8397cb2c46e4683a6f3970bc42cef1aabfef4d80cfcd6b8313e87630b680ee2,"{""distance"":3,""physical_error_rate"":0.0001}","{""detection_events"":747,""detectors_checked"":3207168}"
     44032,        99,         0,    6.12,decoder_by_matrix,fe15b11dcb8b3f13c3ba2812b146e413e309c65e07905a09cf6ecd916cf41bda,"{""distance"":3,""physical_error_rate"":0.005}","{""detection_events"":25668,""detectors_checked"":2377728,""obs_mistake_mask=E___"":9,""obs_mistake_mask=_EEE"":7,""obs_mistake_mask=_EE_"":12,""obs_mistake_mask=_E_E"":9,""obs_mistake_mask=_E__"":22,""obs_mistake_mask=__EE"":7,""obs_mistake_mask=__E_"":18,""obs_mistake_mask=___E"":15}"
    352256,         0,         0,    15.5,decoder_by_matrix,1222905ef2c3e0b3841e2be415851bad02a0949e12b9844f6b979980572eaa40,"{""distance"":3,""physical_error_rate"":5e-06}","{""detection_events"":159,""detectors_checked"":19021824}"
    386048,         0,         0,    15.3,decoder_by_matrix,b3c6da8537ae85d54cd5acd57fc4d5a00e23be04de7c70760ac5fa4b0f5f70dc,"{""distance"":3,""physical_error_rate"":1e-06}","{""detection_events"":60,""detectors_checked"":20846592}"
    149504,         5,         0,    16.2,decoder_by_matrix,5dee359087c4b9ae2c20477a4d5136d2695095b0438111838e7093c679bd3c20,"{""distance"":3,""physical_error_rate"":0.0005}","{""detection_events"":9075,""detectors_checked"":8073216,""obs_mistake_mask=__EE"":2,""obs_mistake_mask=___E"":3}"
    344064,         0,         0,    16.1,decoder_by_matrix,1222905ef2c3e0b3841e2be415851bad02a0949e12b9844f6b979980572eaa40,"{""distance"":3,""physical_error_rate"":5e-06}","{""detection_events"":204,""detectors_checked"":18579456}"
    145408,         9,         0,    16.2,decoder_by_matrix,e45af4f98fc7ee1c9936a6749fec74122c57b4ab96343d0e01c96593a4531898,"{""distance"":3,""physical_error_rate"":0.001}","{""detection_events"":17355,""detectors_checked"":7852032,""obs_mistake_mask=E___"":1,""obs_mistake_mask=_EEE"":1,""obs_mistake_mask=_E_E"":1,""obs_mistake_mask=_E__"":1,""obs_mistake_mask=__E_"":2,""obs_mistake_mask=___E"":3}"
    179200,         0,         0,    16.4,decoder_by_matrix,c8397cb2c46e4683a6f3970bc42cef1aabfef4d80cfcd6b8313e87630b680ee2,"{""distance"":3,""physical_error_rate"":0.0001}","{""detection_events"":1839,""detectors_checked"":9676800}"
    118784,       202,         0,    16.0,decoder_by_matrix,fe15b11dcb8b3f13c3ba2812b146e413e309c65e07905a09cf6ecd916cf41bda,"{""distance"":3,""physical_error_rate"":0.005}","{""detection_events"":70131,""detectors_checked"":6414336,""obs_mistake_mask=EE__"":3,""obs_mistake_mask=E__E"":2,""obs_mistake_mask=E___"":17,""obs_mistake_mask=_EEE"":22,""obs_mistake_mask=_EE_"":22,""obs_mistake_mask=_E_E"":21,""obs_mistake_mask=_E__"":30,""obs_mistake_mask=__EE"":16,""obs_mistake_mask=__E_"":31,""obs_mistake_mask=___E"":38}"
    309248,         0,         0,    16.1,decoder_by_matrix,73784f3389b885bc1b704dac0b44b83e08b79da81bcec9ed749229213445f550,"{""distance"":3,""physical_error_rate"":1e-05}","{""detection_events"":372,""detectors_checked"":16699392}"
    394240,         0,         0,    15.7,decoder_by_matrix,b3c6da8537ae85d54cd5acd57fc4d5a00e23be04de7c70760ac5fa4b0f5f70dc,"{""distance"":3,""physical_error_rate"":1e-06}","{""detection_events"":21,""detectors_checked"":21288960}"
    195584,         0,         0,    16.0,decoder_by_matrix,cd5aa4935a142b600239883e928f6c7fc9fbc8c84161e9ed59cf2551b7ebfc3d,"{""distance"":3,""physical_error_rate"":5e-05}","{""detection_events"":1230,""detectors_checked"":10561536}"
    167936,         0,         0,    15.9,decoder_by_matrix,c8397cb2c46e4683a6f3970bc42cef1aabfef4d80cfcd6b8313e87630b680ee2,"{""distance"":3,""physical_error_rate"":0.0001}","{""detection_events"":2058,""detectors_checked"":9068544}"
    144384,        15,         0,    15.4,decoder_by_matrix,e45af4f98fc7ee1c9936a6749fec74122c57b4ab96343d0e01c96593a4531898,"{""distance"":3,""physical_error_rate"":0.001}","{""detection_events"":16959,""detectors_checked"":7796736,""obs_mistake_mask=E___"":2,""obs_mistake_mask=_EEE"":3,""obs_mistake_mask=_E_E"":1,""obs_mistake_mask=_E__"":2,""obs_mistake_mask=__EE"":2,""obs_mistake_mask=__E_"":4,""obs_mistake_mask=___E"":1}"
    146432,         9,         0,    16.3,decoder_by_matrix,e45af4f98fc7ee1c9936a6749fec74122c57b4ab96343d0e01c96593a4531898,"{""distance"":3,""physical_error_rate"":0.001}","{""detection_events"":17691,""detectors_checked"":7907328,""obs_mistake_mask=E___"":1,""obs_mistake_mask=_EEE"":2,""obs_mistake_mask=_E_E"":2,""obs_mistake_mask=_E__"":1,""obs_mistake_mask=__EE"":2,""obs_mistake_mask=__E_"":1}"
    199680,         0,         0,    16.4,decoder_by_matrix,cd5aa4935a142b600239883e928f6c7fc9fbc8c84161e9ed59cf2551b7ebfc3d,"{""distance"":3,""physical_error_rate"":5e-05}","{""detection_events"":1188,""detectors_checked"":10782720}"
    392192,         0,         0,    16.3,decoder_by_matrix,b3c6da8537ae85d54cd5acd57fc4d5a00e23be04de7c70760ac5fa4b0f5f70dc,"{""distance"":3,""physical_error_rate"":1e-06}","{""detection_events"":57,""detectors_checked"":21178368}"
    201728,         0,         0,    16.2,decoder_by_matrix,cd5aa4935a142b600239883e928f6c7fc9fbc8c84161e9ed59cf2551b7ebfc3d,"{""distance"":3,""physical_error_rate"":5e-05}","{""detection_events"":1266,""detectors_checked"":10893312}"
    330752,         0,         0,    15.5,decoder_by_matrix,73784f3389b885bc1b704dac0b44b83e08b79da81bcec9ed749229213445f550,"{""distance"":3,""physical_error_rate"":1e-05}","{""detection_events"":312,""detectors_checked"":17860608}"
    146432,        17,         0,    16.1,decoder_by_matrix,e45af4f98fc7ee1c9936a6749fec74122c57b4ab96343d0e01c96593a4531898,"{""distance"":3,""physical_error_rate"":0.001}","{""detection_events"":17691,""detectors_checked"":7907328,""obs_mistake_mask=E___"":2,""obs_mistake_mask=_EEE"":1,""obs_mistake_mask=_EE_"":4,""obs_mistake_mask=_E_E"":1,""obs_mistake_mask=_E__"":5,""obs_mistake_mask=__EE"":3,""obs_mistake_mask=__E_"":1}"
    150528,         5,         0,    16.1,decoder_by_matrix,5dee359087c4b9ae2c20477a4d5136d2695095b0438111838e7093c679bd3c20,"{""distance"":3,""physical_error_rate"":0.0005}","{""detection_events"":8985,""detectors_checked"":8128512,""obs_mistake_mask=_EEE"":1,""obs_mistake_mask=_E__"":1,""obs_mistake_mask=__EE"":1,""obs_mistake_mask=__E_"":2}"
    357376,         0,         0,    15.9,decoder_by_matrix,1222905ef2c3e0b3841e2be415851bad02a0949e12b9844f6b979980572eaa40,"{""distance"":3,""physical_error_rate"":5e-06}","{""detection_events"":198,""detectors_checked"":19298304}"
    149504,         4,         0,    15.6,decoder_by_matrix,5dee359087c4b9ae2c20477a4d5136d2695095b0438111838e7093c679bd3c20,"{""distance"":3,""physical_error_rate"":0.0005}","{""detection_events"":8739,""detectors_checked"":8073216,""obs_mistake_mask=_EEE"":1,""obs_mistake_mask=_E__"":2,""obs_mistake_mask=__E_"":1}"
    305152,         0,         0,    15.7,decoder_by_matrix,73784f3389b885bc1b704dac0b44b83e08b79da81bcec9ed749229213445f550,"{""distance"":3,""physical_error_rate"":1e-05}","{""detection_events"":441,""detectors_checked"":16478208}"
    151552,         3,         0,    16.5,decoder_by_matrix,5dee359087c4b9ae2c20477a4d5136d2695095b0438111838e7093c679bd3c20,"{""distance"":3,""physical_error_rate"":0.0005}","{""detection_events"":8850,""detectors_checked"":8183808,""obs_mistake_mask=_EE_"":1,""obs_mistake_mask=__E_"":1,""obs_mistake_mask=___E"":1}"
    150528,         2,         0,    16.5,decoder_by_matrix,5dee359087c4b9ae2c20477a4d5136d2695095b0438111838e7093c679bd3c20,"{""distance"":3,""physical_error_rate"":0.0005}","{""detection_events"":9423,""detectors_checked"":8128512,""obs_mistake_mask=__E_"":1,""obs_mistake_mask=___E"":1}"
    145408,         7,         0,    16.3,decoder_by_matrix,e45af4f98fc7ee1c9936a6749fec74122c57b4ab96343d0e01c96593a4531898,"{""distance"":3,""physical_error_rate"":0.001}","{""detection_events"":17475,""detectors_checked"":7852032,""obs_mistake_mask=_EEE"":1,""obs_mistake_mask=_E_E"":1,""obs_mistake_mask=_E__"":1,""obs_mistake_mask=__EE"":2,""obs_mistake_mask=__E_"":1,""obs_mistake_mask=___E"":1}"
    389120,         0,         0,    16.3,decoder_by_matrix,b3c6da8537ae85d54cd5acd57fc4d5a00e23be04de7c70760ac5fa4b0f5f70dc,"{""distance"":3,""physical_error_rate"":1e-06}","{""detection_events"":69,""detectors_checked"":21012480}"
    392192,         0,         0,    15.1,decoder_by_matrix,b3c6da8537ae85d54cd5acd57fc4d5a00e23be04de7c70760ac5fa4b0f5f70dc,"{""distance"":3,""physical_error_rate"":1e-06}","{""detection_events"":42,""detectors_checked"":21178368}"
    167936,         0,         0,    16.3,decoder_by_matrix,c8397cb2c46e4683a6f3970bc42cef1aabfef4d80cfcd6b8313e87630b680ee2,"{""distance"":3,""physical_error_rate"":0.0001}","{""detection_events"":2055,""detectors_checked"":9068544}"
    117760,       234,         0,    15.9,decoder_by_matrix,fe15b11dcb8b3f13c3ba2812b146e413e309c65e07905a09cf6ecd916cf41bda,"{""distance"":3,""physical_error_rate"":0.005}","{""detection_events"":70626,""detectors_checked"":6359040,""obs_mistake_mask=EE_E"":2,""obs_mistake_mask=EE__"":2,""obs_mistake_mask=E_EE"":1,""obs_mistake_mask=E___"":18,""obs_mistake_mask=_EEE"":28,""obs_mistake_mask=_EE_"":15,""obs_mistake_mask=_E_E"":33,""obs_mistake_mask=_E__"":40,""obs_mistake_mask=__EE"":29,""obs_mistake_mask=__E_"":35,""obs_mistake_mask=___E"":31}"
    119808,       243,         0,    16.1,decoder_by_matrix,fe15b11dcb8b3f13c3ba2812b146e413e309c65e07905a09cf6ecd916cf41bda,"{""distance"":3,""physical_error_rate"":0.005}","{""detection_events"":70179,""detectors_checked"":6469632,""obs_mistake_mask=EE__"":1,""obs_mistake_mask=E_E_"":1,""obs_mistake_mask=E__E"":1,""obs_mistake_mask=E___"":22,""obs_mistake_mask=_EEE"":29,""obs_mistake_mask=_EE_"":29,""obs_mistake_mask=_E_E"":19,""obs_mistake_mask=_E__"":29,""obs_mistake_mask=__EE"":27,""obs_mistake_mask=__E_"":41,""obs_mistake_mask=___E"":44}"
    202752,         0,         0,    16.2,decoder_by_matrix,cd5aa4935a142b600239883e928f6c7fc9fbc8c84161e9ed59cf2551b7ebfc3d,"{""distance"":3,""physical_error_rate"":5e-05}","{""detection_events"":1071,""detectors_checked"":10948608}"
    145408,        15,         0,    16.3,decoder_by_matrix,e45af4f98fc7ee1c9936a6749fec74122c57b4ab96343d0e01c96593a4531898,"{""distance"":3,""physical_error_rate"":0.001}","{""detection_events"":16860,""detectors_checked"":7852032,""obs_mistake_mask=E___"":1,""obs_mistake_mask=_EEE"":1,""obs_mistake_mask=_EE_"":1,""obs_mistake_mask=_E_E"":2,""obs_mistake_mask=_E__"":3,""obs_mistake_mask=__EE"":1,""obs_mistake_mask=__E_"":4,""obs_mistake_mask=___E"":2}"
    167936,         0,         0,    16.5,decoder_by_matrix,c8397cb2c46e4683a6f3970bc42cef1aabfef4d80cfcd6b8313e87630b680ee2,"{""distance"":3,""physical_error_rate"":0.0001}","{""detection_events"":1998,""detectors_checked"":9068544}"
    308224,         0,         0,    16.4,decoder_by_matrix,73784f3389b885bc1b704dac0b44b83e08b79da81bcec9ed749229213445f550,"{""distance"":3,""physical_error_rate"":1e-05}","{""detection_events"":348,""detectors_checked"":16644096}"
    336896,         0,         0,    15.3,decoder_by_matrix,1222905ef2c3e0b3841e2be415851bad02a0949e12b9844f6b979980572eaa40,"{""distance"":3,""physical_error_rate"":5e-06}","{""detection_events"":222,""detectors_checked"":18192384}"
    166912,         0,         0,    16.2,decoder_by_matrix,c8397cb2c46e4683a6f3970bc42cef1aabfef4d80cfcd6b8313e87630b680ee2,"{""distance"":3,""physical_error_rate"":0.0001}","{""detection_events"":1998,""detectors_checked"":9013248}"
    195584,         0,         0,    16.6,decoder_by_matrix,cd5aa4935a142b600239883e928f6c7fc9fbc8c84161e9ed59cf2551b7ebfc3d,"{""distance"":3,""physical_error_rate"":5e-05}","{""detection_events"":1245,""detectors_checked"":10561536}"
    121856,       235,         0,    16.0,decoder_by_matrix,fe15b11dcb8b3f13c3ba2812b146e413e309c65e07905a09cf6ecd916cf41bda,"{""distance"":3,""physical_error_rate"":0.005}","{""detection_events"":72333,""detectors_checked"":6580224,""obs_mistake_mask=EEE_"":1,""obs_mistake_mask=E___"":21,""obs_mistake_mask=_EEE"":23,""obs_mistake_mask=_EE_"":25,""obs_mistake_mask=_E_E"":23,""obs_mistake_mask=_E__"":37,""obs_mistake_mask=__EE"":24,""obs_mistake_mask=__E_"":36,""obs_mistake_mask=___E"":45}"
    352256,         0,         0,    15.6,decoder_by_matrix,1222905ef2c3e0b3841e2be415851bad02a0949e12b9844f6b979980572eaa40,"{""distance"":3,""physical_error_rate"":5e-06}","{""detection_events"":195,""detectors_checked"":19021824}"
    119808,       248,         0,    15.7,decoder_by_matrix,fe15b11dcb8b3f13c3ba2812b146e413e309c65e07905a09cf6ecd916cf41bda,"{""distance"":3,""physical_error_rate"":0.005}","{""detection_events"":70659,""detectors_checked"":6469632,""obs_mistake_mask=EEE_"":1,""obs_mistake_mask=EE_E"":2,""obs_mistake_mask=E_EE"":2,""obs_mistake_mask=E___"":26,""obs_mistake_mask=_EEE"":25,""obs_mistake_mask=_EE_"":25,""obs_mistake_mask=_E_E"":23,""obs_mistake_mask=_E__"":32,""obs_mistake_mask=__EE"":23,""obs_mistake_mask=__E_"":44,""obs_mistake_mask=___E"":45}"
    119808,       228,         0,    16.6,decoder_by_matrix,fe15b11dcb8b3f13c3ba2812b146e413e309c65e07905a09cf6ecd916cf41bda,"{""distance"":3,""physical_error_rate"":0.005}","{""detection_events"":70509,""detectors_checked"":6469632,""obs_mistake_mask=EE__"":1,""obs_mistake_mask=E_EE"":1,""obs_mistake_mask=E_E_"":1,""obs_mistake_mask=E__E"":1,""obs_mistake_mask=E___"":15,""obs_mistake_mask=_EEE"":22,""obs_mistake_mask=_EE_"":27,""obs_mistake_mask=_E_E"":23,""obs_mistake_mask=_E__"":40,""obs_mistake_mask=__EE"":26,""obs_mistake_mask=__E_"":30,""obs_mistake_mask=___E"":41}"
    338944,         0,         0,    16.6,decoder_by_matrix,1222905ef2c3e0b3841e2be415851bad02a0949e12b9844f6b979980572eaa40,"{""distance"":3,""physical_error_rate"":5e-06}","{""detection_events"":261,""detectors_checked"":18302976}"
    358400,         0,         0,    16.4,decoder_by_matrix,1222905ef2c3e0b3841e2be415851bad02a0949e12b9844f6b979980572eaa40,"{""distance"":3,""physical_error_rate"":5e-06}","{""detection_events"":174,""detectors_checked"":19353600}"
    201728,         0,         0,    16.0,decoder_by_matrix,cd5aa4935a142b600239883e928f6c7fc9fbc8c84161e9ed59cf2551b7ebfc3d,"{""distance"":3,""physical_error_rate"":5e-05}","{""detection_events"":1083,""detectors_checked"":10893312}"
    151552,         8,         0,    16.4,decoder_by_matrix,5dee359087c4b9ae2c20477a4d5136d2695095b0438111838e7093c679bd3c20,"{""distance"":3,""physical_error_rate"":0.0005}","{""detection_events"":9717,""detectors_checked"":8183808,""obs_mistake_mask=E___"":1,""obs_mistake_mask=_EEE"":1,""obs_mistake_mask=_E__"":2,""obs_mistake_mask=__EE"":2,""obs_mistake_mask=__E_"":1,""obs_mistake_mask=___E"":1}"
    171008,         0,         0,    16.6,decoder_by_matrix,c8397cb2c46e4683a6f3970bc42cef1aabfef4d80cfcd6b8313e87630b680ee2,"{""distance"":3,""physical_error_rate"":0.0001}","{""detection_events"":2001,""detectors_checked"":9234432}"
    299008,         0,         0,    15.2,decoder_by_matrix,73784f3389b885bc1b704dac0b44b83e08b79da81bcec9ed749229213445f550,"{""distance"":3,""physical_error_rate"":1e-05}","{""detection_events"":396,""detectors_checked"":16146432}"
    403456,         0,         0,    16.1,decoder_by_matrix,b3c6da8537ae85d54cd5acd57fc4d5a00e23be04de7c70760ac5fa4b0f5f70dc,"{""distance"":3,""physical_error_rate"":1e-06}","{""detection_events"":27,""detectors_checked"":21786624}"
    145408,         9,         0,    16.0,decoder_by_matrix,e45af4f98fc7ee1c9936a6749fec74122c57b4ab96343d0e01c96593a4531898,"{""distance"":3,""physical_error_rate"":0.001}","{""detection_events"":17847,""detectors_checked"":7852032,""obs_mistake_mask=E___"":1,""obs_mistake_mask=_EEE"":2,""obs_mistake_mask=_E__"":2,""obs_mistake_mask=__EE"":2,""obs_mistake_mask=__E_"":1,""obs_mistake_mask=___E"":1}"
    392192,         0,         0,    15.9,decoder_by_matrix,b3c6da8537ae85d54cd5acd57fc4d5a00e23be04de7c70760ac5fa4b0f5f70dc,"{""distance"":3,""physical_error_rate"":1e-06}","{""detection_events"":57,""detectors_checked"":21178368}"
    119808,       221,         0,    16.3,decoder_by_matrix,fe15b11dcb8b3f13c3ba2812b146e413e309c65e07905a09cf6ecd916cf41bda,"{""distance"":3,""physical_error_rate"":0.005}","{""detection_events"":70221,""detectors_checked"":6469632,""obs_mistake_mask=E_EE"":1,""obs_mistake_mask=E__E"":1,""obs_mistake_mask=E___"":26,""obs_mistake_mask=_EEE"":19,""obs_mistake_mask=_EE_"":27,""obs_mistake_mask=_E_E"":21,""obs_mistake_mask=_E__"":28,""obs_mistake_mask=__EE"":25,""obs_mistake_mask=__E_"":45,""obs_mistake_mask=___E"":28}"
    204800,         0,         0,    16.0,decoder_by_matrix,cd5aa4935a142b600239883e928f6c7fc9fbc8c84161e9ed59cf2551b7ebfc3d,"{""distance"":3,""physical_error_rate"":5e-05}","{""detection_events"":1287,""detectors_checked"":11059200}"
    324608,         0,         0,    16.6,decoder_by_matrix,73784f3389b885bc1b704dac0b44b83e08b79da81bcec9ed749229213445f550,"{""distance"":3,""physical_error_rate"":1e-05}","{""detection_events"":339,""detectors_checked"":17528832}"
    150528,         3,         0,    16.2,decoder_by_matrix,5dee359087c4b9ae2c20477a4d5136d2695095b0438111838e7093c679bd3c20,"{""distance"":3,""physical_error_rate"":0.0005}","{""detection_events"":8883,""detectors_checked"":8128512,""obs_mistake_mask=_EEE"":1,""obs_mistake_mask=___E"":2}"
    173056,         0,         0,    16.3,decoder_by_matrix,c8397cb2c46e4683a6f3970bc42cef1aabfef4d80cfcd6b8313e87630b680ee2,"{""distance"":3,""physical_error_rate"":0.0001}","{""detection_events"":2142,""detectors_checked"":9345024}"
    309248,         0,         0,    16.0,decoder_by_matrix,73784f3389b885bc1b704dac0b44b83e08b79da81bcec9ed749229213445f550,"{""distance"":3,""physical_error_rate"":1e-05}","{""detection_events"":396,""detectors_checked"":16699392}"
     75776,         9,         0,    8.60,decoder_by_matrix,e45af4f98fc7ee1c9936a6749fec74122c57b4ab96343d0e01c96593a4531898,"{""distance"":3,""physical_error_rate"":0.001}","{""detection_events"":9072,""detectors_checked"":4091904,""obs_mistake_mask=_EEE"":1,""obs_mistake_mask=_E_E"":1,""obs_mistake_mask=_E__"":2,""obs_mistake_mask=__EE"":3,""obs_mistake_mask=___E"":2}"
    181248,         0,         0,    7.51,decoder_by_matrix,1222905ef2c3e0b3841e2be415851bad02a0949e12b9844f6b979980572eaa40,"{""distance"":3,""physical_error_rate"":5e-06}","{""detection_events"":108,""detectors_checked"":9787392}"
     99328,         0,         0,    8.00,decoder_by_matrix,cd5aa4935a142b600239883e928f6c7fc9fbc8c84161e9ed59cf2551b7ebfc3d,"{""distance"":3,""physical_error_rate"":5e-05}","{""detection_events"":705,""detectors_checked"":5363712}"
    200704,         0,         0,    7.88,decoder_by_matrix,b3c6da8537ae85d54cd5acd57fc4d5a00e23be04de7c70760ac5fa4b0f5f70dc,"{""distance"":3,""physical_error_rate"":1e-06}","{""detection_events"":33,""detectors_checked"":10838016}"
    172032,         0,         0,    8.56,decoder_by_matrix,73784f3389b885bc1b704dac0b44b83e08b79da81bcec9ed749229213445f550,"{""distance"":3,""physical_error_rate"":1e-05}","{""detection_events"":183,""detectors_checked"":9289728}"
     89088,         0,         0,    8.17,decoder_by_matrix,c8397cb2c46e4683a6f3970bc42cef1aabfef4d80cfcd6b8313e87630b680ee2,"{""distance"":3,""physical_error_rate"":0.0001}","{""detection_events"":945,""detectors_checked"":4810752}"
     78848,         2,         0,    8.16,decoder_by_matrix,5dee359087c4b9ae2c20477a4d5136d2695095b0438111838e7093c679bd3c20,"{""distance"":3,""physical_error_rate"":0.0005}","{""detection_events"":4854,""detectors_checked"":4257792,""obs_mistake_mask=_EE_"":1,""obs_mistake_mask=___E"":1}"
     62464,       121,         0,    8.48,decoder_by_matrix,fe15b11dcb8b3f13c3ba2812b146e413e309c65e07905a09cf6ecd916cf41bda,"{""distance"":3,""physical_error_rate"":0.005}","{""detection_events"":37452,""detectors_checked"":3373056,""obs_mistake_mask=EE_E"":1,""obs_mistake_mask=E__E"":1,""obs_mistake_mask=E___"":11,""obs_mistake_mask=_EEE"":14,""obs_mistake_mask=_EE_"":9,""obs_mistake_mask=_E_E"":16,""obs_mistake_mask=_E__"":20,""obs_mistake_mask=__EE"":15,""obs_mistake_mask=__E_"":16,""obs_mistake_mask=___E"":18}"
    107520,         8,         0,    11.2,decoder_by_matrix,e45af4f98fc7ee1c9936a6749fec74122c57b4ab96343d0e01c96593a4531898,"{""distance"":3,""physical_error_rate"":0.001}","{""detection_events"":12246,""detectors_checked"":5806080,""obs_mistake_mask=_EEE"":1,""obs_mistake_mask=__EE"":3,""obs_mistake_mask=__E_"":2,""obs_mistake_mask=___E"":2}"
    141312,         0,         0,    10.7,decoder_by_matrix,cd5aa4935a142b600239883e928f6c7fc9fbc8c84161e9ed59cf2551b7ebfc3d,"{""distance"":3,""physical_error_rate"":5e-05}","{""detection_events"":960,""detectors_checked"":7630848}"
    288768,         0,         0,    11.8,decoder_by_matrix,b3c6da8537ae85d54cd5acd57fc4d5a00e23be04de7c70760ac5fa4b0f5f70dc,"{""distance"":3,""physical_error_rate"":1e-06}","{""detection_events"":45,""detectors_checked"":15593472}"
    253952,         0,         0,    11.1,decoder_by_matrix,1222905ef2c3e0b3841e2be415851bad02a0949e12b9844f6b979980572eaa40,"{""distance"":3,""physical_error_rate"":5e-06}","{""detection_events"":177,""detectors_checked"":13713408}"
    237568,         0,         0,    11.5,decoder_by_matrix,73784f3389b885bc1b704dac0b44b83e08b79da81bcec9ed749229213445f550,"{""distance"":3,""physical_error_rate"":1e-05}","{""detection_events"":213,""detectors_checked"":12828672}"
    122880,         0,         0,    11.5,decoder_by_matrix,c8397cb2c46e4683a6f3970bc42cef1aabfef4d80cfcd6b8313e87630b680ee2,"{""distance"":3,""physical_error_rate"":0.0001}","{""detection_events"":1323,""detectors_checked"":6635520}"
    110592,         0,         0,    11.8,decoder_by_matrix,5dee359087c4b9ae2c20477a4d5136d2695095b0438111838e7093c679bd3c20,"{""distance"":3,""physical_error_rate"":0.0005}","{""detection_events"":6669,""detectors_checked"":5971968}"
     89088,       198,         0,    11.8,decoder_by_matrix,fe15b11dcb8b3f13c3ba2812b146e413e309c65e07905a09cf6ecd916cf41bda,"{""distance"":3,""physical_error_rate"":0.005}","{""detection_events"":52227,""detectors_checked"":4810752,""obs_mistake_mask=EE__"":1,""obs_mistake_mask=E_EE"":1,""obs_mistake_mask=E_E_"":1,""obs_mistake_mask=E__E"":2,""obs_mistake_mask=E___"":14,""obs_mistake_mask=_EEE"":23,""obs_mistake_mask=_EE_"":29,""obs_mistake_mask=_E_E"":20,""obs_mistake_mask=_E__"":35,""obs_mistake_mask=__EE"":13,""obs_mistake_mask=__E_"":27,""obs_mistake_mask=___E"":32}"
    515072,         0,         0,    22.6,decoder_by_matrix,1222905ef2c3e0b3841e2be415851bad02a0949e12b9844f6b979980572eaa40,"{""distance"":3,""physical_error_rate"":5e-06}","{""detection_events"":279,""detectors_checked"":27813888}"
    564224,         0,         0,    21.0,decoder_by_matrix,b3c6da8537ae85d54cd5acd57fc4d5a00e23be04de7c70760ac5fa4b0f5f70dc,"{""distance"":3,""physical_error_rate"":1e-06}","{""detection_events"":54,""detectors_checked"":30468096}"
    500736,         0,         0,    22.1,decoder_by_matrix,1222905ef2c3e0b3841e2be415851bad02a0949e12b9844f6b979980572eaa40,"{""distance"":3,""physical_error_rate"":5e-06}","{""detection_events"":312,""detectors_checked"":27039744}"
    216064,         4,         0,    22.6,decoder_by_matrix,5dee359087c4b9ae2c20477a4d5136d2695095b0438111838e7093c679bd3c20,"{""distance"":3,""physical_error_rate"":0.0005}","{""detection_events"":13500,""detectors_checked"":11667456,""obs_mistake_mask=_E__"":2,""obs_mistake_mask=__E_"":1,""obs_mistake_mask=___E"":1}"
    246784,         0,         0,    22.2,decoder_by_matrix,c8397cb2c46e4683a6f3970bc42cef1aabfef4d80cfcd6b8313e87630b680ee2,"{""distance"":3,""physical_error_rate"":0.0001}","{""detection_events"":2883,""detectors_checked"":13326336}"
    209920,        18,         0,    22.7,decoder_by_matrix,e45af4f98fc7ee1c9936a6749fec74122c57b4ab96343d0e01c96593a4531898,"{""distance"":3,""physical_error_rate"":0.001}","{""detection_events"":24882,""detectors_checked"":11335680,""obs_mistake_mask=E___"":4,""obs_mistake_mask=_EE_"":3,""obs_mistake_mask=_E_E"":1,""obs_mistake_mask=_E__"":3,""obs_mistake_mask=__EE"":2,""obs_mistake_mask=__E_"":4,""obs_mistake_mask=___E"":1}"
    171008,       329,         0,    22.4,decoder_by_matrix,fe15b11dcb8b3f13c3ba2812b146e413e309c65e07905a09cf6ecd916cf41bda,"{""distance"":3,""physical_error_rate"":0.005}","{""detection_events"":102027,""detectors_checked"":9234432,""obs_mistake_mask=EEE_"":1,""obs_mistake_mask=EE_E"":1,""obs_mistake_mask=E_E_"":1,""obs_mistake_mask=E__E"":4,""obs_mistake_mask=E___"":23,""obs_mistake_mask=_EEE"":34,""obs_mistake_mask=_EE_"":34,""obs_mistake_mask=_E_E"":37,""obs_mistake_mask=_E__"":50,""obs_mistake_mask=__EE"":31,""obs_mistake_mask=__E_"":58,""obs_mistake_mask=___E"":55}"
    573440,         0,         0,    21.6,decoder_by_matrix,b3c6da8537ae85d54cd5acd57fc4d5a00e23be04de7c70760ac5fa4b0f5f70dc,"{""distance"":3,""physical_error_rate"":1e-06}","{""detection_events"":57,""detectors_checked"":30965760}"
    448512,         0,         0,    22.2,decoder_by_matrix,73784f3389b885bc1b704dac0b44b83e08b79da81bcec9ed749229213445f550,"{""distance"":3,""physical_error_rate"":1e-05}","{""detection_events"":543,""detectors_checked"":24219648}"
    207872,        12,         0,    22.2,decoder_by_matrix,e45af4f98fc7ee1c9936a6749fec74122c57b4ab96343d0e01c96593a4531898,"{""distance"":3,""physical_error_rate"":0.001}","{""detection_events"":24117,""detectors_checked"":11225088,""obs_mistake_mask=_EEE"":4,""obs_mistake_mask=_EE_"":2,""obs_mistake_mask=_E_E"":1,""obs_mistake_mask=__EE"":1,""obs_mistake_mask=__E_"":2,""obs_mistake_mask=___E"":2}"
    286720,         0,         0,    22.8,decoder_by_matrix,cd5aa4935a142b600239883e928f6c7fc9fbc8c84161e9ed59cf2551b7ebfc3d,"{""distance"":3,""physical_error_rate"":5e-05}","{""detection_events"":1668,""detectors_checked"":15482880}"
    206848,        13,         0,    22.0,decoder_by_matrix,e45af4f98fc7ee1c9936a6749fec74122c57b4ab96343d0e01c96593a4531898,"{""distance"":3,""physical_error_rate"":0.001}","{""detection_events"":24027,""detectors_checked"":11169792,""obs_mistake_mask=E___"":1,""obs_mistake_mask=_EEE"":4,""obs_mistake_mask=_E_E"":2,""obs_mistake_mask=_E__"":2,""obs_mistake_mask=__EE"":1,""obs_mistake_mask=__E_"":2,""obs_mistake_mask=___E"":1}"
    281600,         0,         0,    22.3,decoder_by_matrix,cd5aa4935a142b600239883e928f6c7fc9fbc8c84161e9ed59cf2551b7ebfc3d,"{""distance"":3,""physical_error_rate"":5e-05}","{""detection_events"":1857,""detectors_checked"":15206400}"
    242688,         0,         0,    22.1,decoder_by_matrix,c8397cb2c46e4683a6f3970bc42cef1aabfef4d80cfcd6b8313e87630b680ee2,"{""distance"":3,""physical_error_rate"":0.0001}","{""detection_events"":2802,""detectors_checked"":13105152}"
    565248,         0,         0,    21.5,decoder_by_matrix,b3c6da8537ae85d54cd5acd57fc4d5a00e23be04de7c70760ac5fa4b0f5f70dc,"{""distance"":3,""physical_error_rate"":1e-06}","{""detection_events"":66,""detectors_checked"":30523392}"
    282624,         0,         0,    23.1,decoder_by_matrix,cd5aa4935a142b600239883e928f6c7fc9fbc8c84161e9ed59cf2551b7ebfc3d,"{""distance"":3,""physical_error_rate"":5e-05}","{""detection_events"":1635,""detectors_checked"":15261696}"
    431104,         0,         0,    22.3,decoder_by_matrix,73784f3389b885bc1b704dac0b44b83e08b79da81bcec9ed749229213445f550,"{""distance"":3,""physical_error_rate"":1e-05}","{""detection_events"":624,""detectors_checked"":23279616}"
    207872,        20,         0,    22.7,decoder_by_matrix,e45af4f98fc7ee1c9936a6749fec74122c57b4ab96343d0e01c96593a4531898,"{""distance"":3,""physical_error_rate"":0.001}","{""detection_events"":24783,""detectors_checked"":11225088,""obs_mistake_mask=E___"":2,""obs_mistake_mask=_EEE"":2,""obs_mistake_mask=_E_E"":1,""obs_mistake_mask=_E__"":2,""obs_mistake_mask=__EE"":2,""obs_mistake_mask=__E_"":6,""obs_mistake_mask=___E"":5}"
    519168,         0,         0,    22.2,decoder_by_matrix,1222905ef2c3e0b3841e2be415851bad02a0949e12b9844f6b979980572eaa40,"{""distance"":3,""physical_error_rate"":5e-06}","{""detection_events"":207,""detectors_checked"":28035072}"
    216064,         2,         0,    23.0,decoder_by_matrix,5dee359087c4b9ae2c20477a4d5136d2695095b0438111838e7093c679bd3c20,"{""distance"":3,""physical_error_rate"":0.0005}","{""detection_events"":12693,""detectors_checked"":11667456,""obs_mistake_mask=__E_"":1,""obs_mistake_mask=___E"":1}"
    217088,         2,         0,    22.6,decoder_by_matrix,5dee359087c4b9ae2c20477a4d5136d2695095b0438111838e7093c679bd3c20,"{""distance"":3,""physical_error_rate"":0.0005}","{""detection_events"":13104,""detectors_checked"":11722752,""obs_mistake_mask=_EEE"":1,""obs_mistake_mask=__E_"":1}"
    215040,         5,         0,    22.0,decoder_by_matrix,5dee359087c4b9ae2c20477a4d5136d2695095b0438111838e7093c679bd3c20,"{""distance"":3,""physical_error_rate"":0.0005}","{""detection_events"":13671,""detectors_checked"":11612160,""obs_mistake_mask=_EEE"":1,""obs_mistake_mask=_EE_"":3,""obs_mistake_mask=__EE"":1}"
    443392,         0,         0,    22.6,decoder_by_matrix,73784f3389b885bc1b704dac0b44b83e08b79da81bcec9ed749229213445f550,"{""distance"":3,""physical_error_rate"":1e-05}","{""detection_events"":576,""detectors_checked"":23943168}"
    216064,         5,         0,    22.6,decoder_by_matrix,5dee359087c4b9ae2c20477a4d5136d2695095b0438111838e7093c679bd3c20,"{""distance"":3,""physical_error_rate"":0.0005}","{""detection_events"":12309,""detectors_checked"":11667456,""obs_mistake_mask=_EE_"":2,""obs_mistake_mask=_E_E"":2,""obs_mistake_mask=___E"":1}"
    209920,        14,         0,    22.8,decoder_by_matrix,e45af4f98fc7ee1c9936a6749fec74122c57b4ab96343d0e01c96593a4531898,"{""distance"":3,""physical_error_rate"":0.001}","{""detection_events"":24579,""detectors_checked"":11335680,""obs_mistake_mask=_EEE"":2,""obs_mistake_mask=_EE_"":1,""obs_mistake_mask=_E__"":1,""obs_mistake_mask=__EE"":2,""obs_mistake_mask=__E_"":4,""obs_mistake_mask=___E"":4}"
    566272,         0,         0,    22.0,decoder_by_matrix,b3c6da8537ae85d54cd5acd57fc4d5a00e23be04de7c70760ac5fa4b0f5f70dc,"{""distance"":3,""physical_error_rate"":1e-06}","{""detection_events"":84,""detectors_checked"":30578688}"
    562176,         0,         0,    21.0,decoder_by_matrix,b3c6da8537ae85d54cd5acd57fc4d5a00e23be04de7c70760ac5fa4b0f5f70dc,"{""distance"":3,""physical_error_rate"":1e-06}","{""detection_events"":63,""detectors_checked"":30357504}"
    242688,         0,         0,    22.6,decoder_by_matrix,c8397cb2c46e4683a6f3970bc42cef1aabfef4d80cfcd6b8313e87630b680ee2,"{""distance"":3,""physical_error_rate"":0.0001}","{""detection_events"":2799,""detectors_checked"":13105152}"
    169984,       303,         0,    22.6,decoder_by_matrix,fe15b11dcb8b3f13c3ba2812b146e413e309c65e07905a09cf6ecd916cf41bda,"{""distance"":3,""physical_error_rate"":0.005}","{""detection_events"":99885,""detectors_checked"":9179136,""obs_mistake_mask=EE__"":2,""obs_mistake_mask=E__E"":2,""obs_mistake_mask=E___"":32,""obs_mistake_mask=_EEE"":36,""obs_mistake_mask=_EE_"":32,""obs_mistake_mask=_E_E"":30,""obs_mistake_mask=_E__"":56,""obs_mistake_mask=__EE"":26,""obs_mistake_mask=__E_"":37,""obs_mistake_mask=___E"":50}"
    171008,       318,         0,    22.8,decoder_by_matrix,fe15b11dcb8b3f13c3ba2812b146e413e309c65e07905a09cf6ecd916cf41bda,"{""distance"":3,""physical_error_rate"":0.005}","{""detection_events"":100515,""detectors_checked"":9234432,""obs_mistake_mask=EE_E"":2,""obs_mistake_mask=EE__"":1,""obs_mistake_mask=E__E"":1,""obs_mistake_mask=E___"":28,""obs_mistake_mask=_EEE"":22,""obs_mistake_mask=_EE_"":29,""obs_mistake_mask=_E_E"":36,""obs_mistake_mask=_E__"":48,""obs_mistake_mask=__EE"":33,""obs_mistake_mask=__E_"":53,""obs_mistake_mask=___E"":65}"
    281600,         0,         0,    22.6,decoder_by_matrix,cd5aa4935a142b600239883e928f6c7fc9fbc8c84161e9ed59cf2551b7ebfc3d,"{""distance"":3,""physical_error_rate"":5e-05}","{""detection_events"":1836,""detectors_checked"":15206400}"
    209920,        13,         0,    22.9,decoder_by_matrix,e45af4f98fc7ee1c9936a6749fec74122c57b4ab96343d0e01c96593a4531898,"{""distance"":3,""physical_error_rate"":0.001}","{""detection_events"":25107,""detectors_checked"":11335680,""obs_mistake_mask=E___"":2,""obs_mistake_mask=_E_E"":2,""obs_mistake_mask=_E__"":5,""obs_mistake_mask=__EE"":2,""obs_mistake_mask=__E_"":2}"
    444416,         0,         0,    22.1,decoder_by_matrix,73784f3389b885bc1b704dac0b44b83e08b79da81bcec9ed749229213445f550,"{""distance"":3,""physical_error_rate"":1e-05}","{""detection_events"":558,""detectors_checked"":23998464}"
    243712,         1,         0,    22.9,decoder_by_matrix,c8397cb2c46e4683a6f3970bc42cef1aabfef4d80cfcd6b8313e87630b680ee2,"{""distance"":3,""physical_error_rate"":0.0001}","{""detection_events"":3081,""detectors_checked"":13160448,""obs_mistake_mask=__E_"":1}"
    238592,         1,         0,    22.3,decoder_by_matrix,c8397cb2c46e4683a6f3970bc42cef1aabfef4d80cfcd6b8313e87630b680ee2,"{""distance"":3,""physical_error_rate"":0.0001}","{""detection_events"":2934,""detectors_checked"":12883968,""obs_mistake_mask=_E_E"":1}"
    506880,         0,         0,    22.8,decoder_by_matrix,1222905ef2c3e0b3841e2be415851bad02a0949e12b9844f6b979980572eaa40,"{""distance"":3,""physical_error_rate"":5e-06}","{""detection_events"":321,""detectors_checked"":27371520}"
    172032,       317,         0,    22.2,decoder_by_matrix,fe15b11dcb8b3f13c3ba2812b146e413e309c65e07905a09cf6ecd916cf41bda,"{""distance"":3,""physical_error_rate"":0.005}","{""detection_events"":101682,""detectors_checked"":9289728,""obs_mistake_mask=EE_E"":1,""obs_mistake_mask=E___"":27,""obs_mistake_mask=_EEE"":41,""obs_mistake_mask=_EE_"":36,""obs_mistake_mask=_E_E"":28,""obs_mistake_mask=_E__"":49,""obs_mistake_mask=__EE"":23,""obs_mistake_mask=__E_"":61,""obs_mistake_mask=___E"":51}"
    289792,         0,         0,    21.7,decoder_by_matrix,cd5aa4935a142b600239883e928f6c7fc9fbc8c84161e9ed59cf2551b7ebfc3d,"{""distance"":3,""physical_error_rate"":5e-05}","{""detection_events"":1668,""detectors_checked"":15648768}"
    500736,         0,         0,    22.8,decoder_by_matrix,1222905ef2c3e0b3841e2be415851bad02a0949e12b9844f6b979980572eaa40,"{""distance"":3,""physical_error_rate"":5e-06}","{""detection_events"":339,""detectors_checked"":27039744}"
    171008,       352,         0,    22.6,decoder_by_matrix,fe15b11dcb8b3f13c3ba2812b146e413e309c65e07905a09cf6ecd916cf41bda,"{""distance"":3,""physical_error_rate"":0.005}","{""detection_events"":101481,""detectors_checked"":9234432,""obs_mistake_mask=EEE_"":2,""obs_mistake_mask=E__E"":2,""obs_mistake_mask=E___"":30,""obs_mistake_mask=_EEE"":42,""obs_mistake_mask=_EE_"":29,""obs_mistake_mask=_E_E"":31,""obs_mistake_mask=_E__"":62,""obs_mistake_mask=__EE"":38,""obs_mistake_mask=__E_"":57,""obs_mistake_mask=___E"":59}"
    171008,       359,         0,    22.3,decoder_by_matrix,fe15b11dcb8b3f13c3ba2812b146e413e309c65e07905a09cf6ecd916cf41bda,"{""distance"":3,""physical_error_rate"":0.005}","{""detection_events"":100734,""detectors_checked"":9234432,""obs_mistake_mask=EEE_"":2,""obs_mistake_mask=EE_E"":1,""obs_mistake_mask=E_EE"":2,""obs_mistake_mask=E___"":35,""obs_mistake_mask=_EEE"":42,""obs_mistake_mask=_EE_"":40,""obs_mistake_mask=_E_E"":27,""obs_mistake_mask=_E__"":59,""obs_mistake_mask=__EE"":32,""obs_mistake_mask=__E_"":57,""obs_mistake_mask=___E"":62}"
    514048,         0,         0,    20.8,decoder_by_matrix,1222905ef2c3e0b3841e2be415851bad02a0949e12b9844f6b979980572eaa40,"{""distance"":3,""physical_error_rate"":5e-06}","{""detection_events"":255,""detectors_checked"":27758592}"
    503808,         0,         0,    22.8,decoder_by_matrix,1222905ef2c3e0b3841e2be415851bad02a0949e12b9844f6b979980572eaa40,"{""distance"":3,""physical_error_rate"":5e-06}","{""detection_events"":282,""detectors_checked"":27205632}"
    278528,         0,         0,    22.5,decoder_by_matrix,cd5aa4935a142b600239883e928f6c7fc9fbc8c84161e9ed59cf2551b7ebfc3d,"{""distance"":3,""physical_error_rate"":5e-05}","{""detection_events"":1731,""detectors_checked"":15040512}"
    240640,         0,         0,    22.9,decoder_by_matrix,c8397cb2c46e4683a6f3970bc42cef1aabfef4d80cfcd6b8313e87630b680ee2,"{""distance"":3,""physical_error_rate"":0.0001}","{""detection_events"":2775,""detectors_checked"":12994560}"
    216064,         4,         0,    22.4,decoder_by_matrix,5dee359087c4b9ae2c20477a4d5136d2695095b0438111838e7093c679bd3c20,"{""distance"":3,""physical_error_rate"":0.0005}","{""detection_events"":12909,""detectors_checked"":11667456,""obs_mistake_mask=_E__"":1,""obs_mistake_mask=__EE"":1,""obs_mistake_mask=__E_"":1,""obs_mistake_mask=___E"":1}"
    566272,         0,         0,    21.7,decoder_by_matrix,b3c6da8537ae85d54cd5acd57fc4d5a00e23be04de7c70760ac5fa4b0f5f70dc,"{""distance"":3,""physical_error_rate"":1e-06}","{""detection_events"":60,""detectors_checked"":30578688}"
    450560,         0,         0,    22.4,decoder_by_matrix,73784f3389b885bc1b704dac0b44b83e08b79da81bcec9ed749229213445f550,"{""distance"":3,""physical_error_rate"":1e-05}","{""detection_events"":567,""detectors_checked"":24330240}"
    208896,        21,         0,    22.8,decoder_by_matrix,e45af4f98fc7ee1c9936a6749fec74122c57b4ab96343d0e01c96593a4531898,"{""distance"":3,""physical_error_rate"":0.001}","{""detection_events"":24828,""detectors_checked"":11280384,""obs_mistake_mask=E___"":1,""obs_mistake_mask=_EEE"":2,""obs_mistake_mask=_EE_"":1,""obs_mistake_mask=_E_E"":4,""obs_mistake_mask=_E__"":5,""obs_mistake_mask=__EE"":1,""obs_mistake_mask=__E_"":5,""obs_mistake_mask=___E"":2}"
    564224,         0,         0,    21.6,decoder_by_matrix,b3c6da8537ae85d54cd5acd57fc4d5a00e23be04de7c70760ac5fa4b0f5f70dc,"{""distance"":3,""physical_error_rate"":1e-06}","{""detection_events"":57,""detectors_checked"":30468096}"
    169984,       329,         0,    22.1,decoder_by_matrix,fe15b11dcb8b3f13c3ba2812b146e413e309c65e07905a09cf6ecd916cf41bda,"{""distance"":3,""physical_error_rate"":0.005}","{""detection_events"":101235,""detectors_checked"":9179136,""obs_mistake_mask=E_E_"":1,""obs_mistake_mask=E__E"":2,""obs_mistake_mask=E___"":35,""obs_mistake_mask=_EEE"":32,""obs_mistake_mask=_EE_"":35,""obs_mistake_mask=_E_E"":37,""obs_mistake_mask=_E__"":56,""obs_mistake_mask=__EE"":28,""obs_mistake_mask=__E_"":47,""obs_mistake_mask=___E"":56}"
    299008,         1,         0,    21.8,decoder_by_matrix,cd5aa4935a142b600239883e928f6c7fc9fbc8c84161e9ed59cf2551b7ebfc3d,"{""distance"":3,""physical_error_rate"":5e-05}","{""detection_events"":1692,""detectors_checked"":16146432,""obs_mistake_mask=___E"":1}"
    450560,         0,         0,    22.9,decoder_by_matrix,73784f3389b885bc1b704dac0b44b83e08b79da81bcec9ed749229213445f550,"{""distance"":3,""physical_error_rate"":1e-05}","{""detection_events"":537,""detectors_checked"":24330240}"
    211968,         4,         0,    22.9,decoder_by_matrix,5dee359087c4b9ae2c20477a4d5136d2695095b0438111838e7093c679bd3c20,"{""distance"":3,""physical_error_rate"":0.0005}","{""detection_events"":13068,""detectors_checked"":11446272,""obs_mistake_mask=_EEE"":1,""obs_mistake_mask=_EE_"":1,""obs_mistake_mask=__EE"":1,""obs_mistake_mask=__E_"":1}"
    237568,         0,         0,    22.2,decoder_by_matrix,c8397cb2c46e4683a6f3970bc42cef1aabfef4d80cfcd6b8313e87630b680ee2,"{""distance"":3,""physical_error_rate"":0.0001}","{""detection_events"":2925,""detectors_checked"":12828672}"
    447488,         0,         0,    22.7,decoder_by_matrix,73784f3389b885bc1b704dac0b44b83e08b79da81bcec9ed749229213445f550,"{""distance"":3,""physical_error_rate"":1e-05}","{""detection_events"":564,""detectors_checked"":24164352}"
    147456,        17,         0,    16.5,decoder_by_matrix,e45af4f98fc7ee1c9936a6749fec74122c57b4ab96343d0e01c96593a4531898,"{""distance"":3,""physical_error_rate"":0.001}","{""detection_events"":17970,""detectors_checked"":7962624,""obs_mistake_mask=_EEE"":2,""obs_mistake_mask=_EE_"":1,""obs_mistake_mask=_E_E"":3,""obs_mistake_mask=_E__"":3,""obs_mistake_mask=__EE"":1,""obs_mistake_mask=__E_"":4,""obs_mistake_mask=___E"":3}"
    208896,         0,         0,    15.6,decoder_by_matrix,cd5aa4935a142b600239883e928f6c7fc9fbc8c84161e9ed59cf2551b7ebfc3d,"{""distance"":3,""physical_error_rate"":5e-05}","{""detection_events"":1194,""detectors_checked"":11280384}"
    402432,         0,         0,    15.2,decoder_by_matrix,b3c6da8537ae85d54cd5acd57fc4d5a00e23be04de7c70760ac5fa4b0f5f70dc,"{""distance"":3,""physical_error_rate"":1e-06}","{""detection_events"":24,""detectors_checked"":21731328}"
    354304,         0,         0,    15.4,decoder_by_matrix,1222905ef2c3e0b3841e2be415851bad02a0949e12b9844f6b979980572eaa40,"{""distance"":3,""physical_error_rate"":5e-06}","{""detection_events"":195,""detectors_checked"":19132416}"
    171008,         0,         0,    16.5,decoder_by_matrix,c8397cb2c46e4683a6f3970bc42cef1aabfef4d80cfcd6b8313e87630b680ee2,"{""distance"":3,""physical_error_rate"":0.0001}","{""detection_events"":2052,""detectors_checked"":9234432}"
    152576,         2,         0,    15.9,decoder_by_matrix,5dee359087c4b9ae2c20477a4d5136d2695095b0438111838e7093c679bd3c20,"{""distance"":3,""physical_error_rate"":0.0005}","{""detection_events"":9186,""detectors_checked"":8239104,""obs_mistake_mask=_EEE"":1,""obs_mistake_mask=___E"":1}"
    325632,         0,         0,    15.6,decoder_by_matrix,73784f3389b885bc1b704dac0b44b83e08b79da81bcec9ed749229213445f550,"{""distance"":3,""physical_error_rate"":1e-05}","{""detection_events"":384,""detectors_checked"":17584128}"
    120832,       229,         0,    16.5,decoder_by_matrix,fe15b11dcb8b3f13c3ba2812b146e413e309c65e07905a09cf6ecd916cf41bda,"{""distance"":3,""physical_error_rate"":0.005}","{""detection_events"":70551,""detectors_checked"":6524928,""obs_mistake_mask=E__E"":1,""obs_mistake_mask=E___"":22,""obs_mistake_mask=_EEE"":24,""obs_mistake_mask=_EE_"":23,""obs_mistake_mask=_E_E"":26,""obs_mistake_mask=_E__"":31,""obs_mistake_mask=__EE"":26,""obs_mistake_mask=__E_"":33,""obs_mistake_mask=___E"":43}"
    692224,         0,         0,    30.6,decoder_by_matrix,1222905ef2c3e0b3841e2be415851bad02a0949e12b9844f6b979980572eaa40,"{""distance"":3,""physical_error_rate"":5e-06}","{""detection_events"":444,""detectors_checked"":37380096}"
    789504,         0,         0,    31.0,decoder_by_matrix,b3c6da8537ae85d54cd5acd57fc4d5a00e23be04de7c70760ac5fa4b0f5f70dc,"{""distance"":3,""physical_error_rate"":1e-06}","{""detection_events"":90,""detectors_checked"":42633216}"
    302080,         4,         0,    31.6,decoder_by_matrix,5dee359087c4b9ae2c20477a4d5136d2695095b0438111838e7093c679bd3c20,"{""distance"":3,""physical_error_rate"":0.0005}","{""detection_events"":18153,""detectors_checked"":16312320,""obs_mistake_mask=_E__"":1,""obs_mistake_mask=__EE"":1,""obs_mistake_mask=___E"":2}"
    332800,         0,         0,    31.9,decoder_by_matrix,c8397cb2c46e4683a6f3970bc42cef1aabfef4d80cfcd6b8313e87630b680ee2,"{""distance"":3,""physical_error_rate"":0.0001}","{""detection_events"":4059,""detectors_checked"":17971200}"
    700416,         0,         0,    31.1,decoder_by_matrix,1222905ef2c3e0b3841e2be415851bad02a0949e12b9844f6b979980572eaa40,"{""distance"":3,""physical_error_rate"":5e-06}","{""detection_events"":429,""detectors_checked"":37822464}"
    291840,        27,         0,    31.2,decoder_by_matrix,e45af4f98fc7ee1c9936a6749fec74122c57b4ab96343d0e01c96593a4531898,"{""distance"":3,""physical_error_rate"":0.001}","{""detection_events"":35310,""detectors_checked"":15759360,""obs_mistake_mask=E___"":3,""obs_mistake_mask=_EEE"":2,""obs_mistake_mask=_EE_"":3,""obs_mistake_mask=_E_E"":3,""obs_mistake_mask=_E__"":3,""obs_mistake_mask=__EE"":3,""obs_mistake_mask=__E_"":4,""obs_mistake_mask=___E"":6}"
    238592,       459,         0,    31.1,decoder_by_matrix,fe15b11dcb8b3f13c3ba2812b146e413e309c65e07905a09cf6ecd916cf41bda,"{""distance"":3,""physical_error_rate"":0.005}","{""detection_events"":141039,""detectors_checked"":12883968,""obs_mistake_mask=EEE_"":1,""obs_mistake_mask=EE__"":1,""obs_mistake_mask=E_E_"":1,""obs_mistake_mask=E__E"":2,""obs_mistake_mask=E___"":33,""obs_mistake_mask=_EEE"":42,""obs_mistake_mask=_EE_"":48,""obs_mistake_mask=_E_E"":49,""obs_mistake_mask=_E__"":91,""obs_mistake_mask=__EE"":40,""obs_mistake_mask=__E_"":72,""obs_mistake_mask=___E"":79}"
    797696,         0,         0,    30.3,decoder_by_matrix,b3c6da8537ae85d54cd5acd57fc4d5a00e23be04de7c70760ac5fa4b0f5f70dc,"{""distance"":3,""physical_error_rate"":1e-06}","{""detection_events"":75,""detectors_checked"":43075584}"
    394240,         0,         0,    31.9,decoder_by_matrix,cd5aa4935a142b600239883e928f6c7fc9fbc8c84161e9ed59cf2551b7ebfc3d,"{""distance"":3,""physical_error_rate"":5e-05}","{""detection_events"":2460,""detectors_checked"":21288960}"
    616448,         0,         0,    31.7,decoder_by_matrix,73784f3389b885bc1b704dac0b44b83e08b79da81bcec9ed749229213445f550,"{""distance"":3,""physical_error_rate"":1e-05}","{""detection_events"":816,""detectors_checked"":33288192}"
    290816,        27,         0,    30.4,decoder_by_matrix,e45af4f98fc7ee1c9936a6749fec74122c57b4ab96343d0e01c96593a4531898,"{""distance"":3,""physical_error_rate"":0.001}","{""detection_events"":34986,""detectors_checked"":15704064,""obs_mistake_mask=E___"":2,""obs_mistake_mask=_EEE"":1,""obs_mistake_mask=_EE_"":1,""obs_mistake_mask=_E_E"":4,""obs_mistake_mask=_E__"":4,""obs_mistake_mask=__EE"":3,""obs_mistake_mask=__E_"":9,""obs_mistake_mask=___E"":3}"
    291840,        22,         0,    31.0,decoder_by_matrix,e45af4f98fc7ee1c9936a6749fec74122c57b4ab96343d0e01c96593a4531898,"{""distance"":3,""physical_error_rate"":0.001}","{""detection_events"":34281,""detectors_checked"":15759360,""obs_mistake_mask=E___"":1,""obs_mistake_mask=_EEE"":4,""obs_mistake_mask=_EE_"":3,""obs_mistake_mask=_E_E"":3,""obs_mistake_mask=_E__"":4,""obs_mistake_mask=__EE"":1,""obs_mistake_mask=__E_"":2,""obs_mistake_mask=___E"":4}"
    784384,         0,         0,    31.1,decoder_by_matrix,b3c6da8537ae85d54cd5acd57fc4d5a00e23be04de7c70760ac5fa4b0f5f70dc,"{""distance"":3,""physical_error_rate"":1e-06}","{""detection_events"":96,""detectors_checked"":42356736}"
    403456,         0,         0,    31.2,decoder_by_matrix,cd5aa4935a142b600239883e928f6c7fc9fbc8c84161e9ed59cf2551b7ebfc3d,"{""distance"":3,""physical_error_rate"":5e-05}","{""detection_events"":2406,""detectors_checked"":21786624}"
    342016,         0,         0,    31.1,decoder_by_matrix,c8397cb2c46e4683a6f3970bc42cef1aabfef4d80cfcd6b8313e87630b680ee2,"{""distance"":3,""physical_error_rate"":0.0001}","{""detection_events"":3759,""detectors_checked"":18468864}"
    405504,         0,         0,    31.9,decoder_by_matrix,cd5aa4935a142b600239883e928f6c7fc9fbc8c84161e9ed59cf2551b7ebfc3d,"{""distance"":3,""physical_error_rate"":5e-05}","{""detection_events"":2277,""detectors_checked"":21897216}"
    634880,         0,         0,    31.8,decoder_by_matrix,73784f3389b885bc1b704dac0b44b83e08b79da81bcec9ed749229213445f550,"{""distance"":3,""physical_error_rate"":1e-05}","{""detection_events"":717,""detectors_checked"":34283520}"
    301056,         5,         0,    30.9,decoder_by_matrix,5dee359087c4b9ae2c20477a4d5136d2695095b0438111838e7093c679bd3c20,"{""distance"":3,""physical_error_rate"":0.0005}","{""detection_events"":18000,""detectors_checked"":16257024,""obs_mistake_mask=_EEE"":1,""obs_mistake_mask=_E__"":2,""obs_mistake_mask=__E_"":1,""obs_mistake_mask=___E"":1}"
    707584,         0,         0,    31.0,decoder_by_matrix,1222905ef2c3e0b3841e2be415851bad02a0949e12b9844f6b979980572eaa40,"{""distance"":3,""physical_error_rate"":5e-06}","{""detection_events"":402,""detectors_checked"":38209536}"
    290816,        22,         0,    32.1,decoder_by_matrix,e45af4f98fc7ee1c9936a6749fec74122c57b4ab96343d0e01c96593a4531898,"{""distance"":3,""physical_error_rate"":0.001}","{""detection_events"":35430,""detectors_checked"":15704064,""obs_mistake_mask=E___"":1,""obs_mistake_mask=_EEE"":1,""obs_mistake_mask=_EE_"":2,""obs_mistake_mask=_E_E"":1,""obs_mistake_mask=_E__"":5,""obs_mistake_mask=__EE"":3,""obs_mistake_mask=__E_"":5,""obs_mistake_mask=___E"":4}"
    299008,         5,         0,    31.7,decoder_by_matrix,5dee359087c4b9ae2c20477a4d5136d2695095b0438111838e7093c679bd3c20,"{""distance"":3,""physical_error_rate"":0.0005}","{""detection_events"":17586,""detectors_checked"":16146432,""obs_mistake_mask=_EE_"":2,""obs_mistake_mask=_E__"":1,""obs_mistake_mask=__EE"":1,""obs_mistake_mask=__E_"":1}"
    619520,         0,         0,    30.9,decoder_by_matrix,73784f3389b885bc1b704dac0b44b83e08b79da81bcec9ed749229213445f550,"{""distance"":3,""physical_error_rate"":1e-05}","{""detection_events"":747,""detectors_checked"":33454080}"
    787456,         0,         0,    30.6,decoder_by_matrix,b3c6da8537ae85d54cd5acd57fc4d5a00e23be04de7c70760ac5fa4b0f5f70dc,"{""distance"":3,""physical_error_rate"":1e-06}","{""detection_events"":114,""detectors_checked"":42522624}"
    302080,         9,         0,    31.9,decoder_by_matrix,5dee359087c4b9ae2c20477a4d5136d2695095b0438111838e7093c679bd3c20,"{""distance"":3,""physical_error_rate"":0.0005}","{""detection_events"":18150,""detectors_checked"":16312320,""obs_mistake_mask=E___"":3,""obs_mistake_mask=_EE_"":1,""obs_mistake_mask=_E_E"":2,""obs_mistake_mask=_E__"":1,""obs_mistake_mask=__E_"":2}"
    292864,        24,         0,    32.3,decoder_by_matrix,e45af4f98fc7ee1c9936a6749fec74122c57b4ab96343d0e01c96593a4531898,"{""distance"":3,""physical_error_rate"":0.001}","{""detection_events"":34584,""detectors_checked"":15814656,""obs_mistake_mask=E___"":2,""obs_mistake_mask=_EEE"":4,""obs_mistake_mask=_EE_"":1,""obs_mistake_mask=_E__"":3,""obs_mistake_mask=__EE"":4,""obs_mistake_mask=__E_"":5,""obs_mistake_mask=___E"":5}"
    301056,         6,         0,    31.1,decoder_by_matrix,5dee359087c4b9ae2c20477a4d5136d2695095b0438111838e7093c679bd3c20,"{""distance"":3,""physical_error_rate"":0.0005}","{""detection_events"":17964,""detectors_checked"":16257024,""obs_mistake_mask=_E_E"":1,""obs_mistake_mask=_E__"":1,""obs_mistake_mask=__EE"":1,""obs_mistake_mask=__E_"":2,""obs_mistake_mask=___E"":1}"
    783360,         0,         0,    30.4,decoder_by_matrix,b3c6da8537ae85d54cd5acd57fc4d5a00e23be04de7c70760ac5fa4b0f5f70dc,"{""distance"":3,""physical_error_rate"":1e-06}","{""detection_events"":111,""detectors_checked"":42301440}"
    236544,       461,         0,    31.5,decoder_by_matrix,fe15b11dcb8b3f13c3ba2812b146e413e309c65e07905a09cf6ecd916cf41bda,"{""distance"":3,""physical_error_rate"":0.005}","{""detection_events"":141279,""detectors_checked"":12773376,""obs_mistake_mask=EEE_"":1,""obs_mistake_mask=EE_E"":1,""obs_mistake_mask=EE__"":4,""obs_mistake_mask=E_EE"":1,""obs_mistake_mask=E_E_"":1,""obs_mistake_mask=E___"":45,""obs_mistake_mask=_EEE"":39,""obs_mistake_mask=_EE_"":52,""obs_mistake_mask=_E_E"":48,""obs_mistake_mask=_E__"":72,""obs_mistake_mask=__EE"":43,""obs_mistake_mask=__E_"":79,""obs_mistake_mask=___E"":75}"
    209920,        12,         0,    22.2,decoder_by_matrix,e45af4f98fc7ee1c9936a6749fec74122c57b4ab96343d0e01c96593a4531898,"{""distance"":3,""physical_error_rate"":0.001}","{""detection_events"":24363,""detectors_checked"":11335680,""obs_mistake_mask=_EEE"":4,""obs_mistake_mask=_EE_"":2,""obs_mistake_mask=_E_E"":3,""obs_mistake_mask=__E_"":2,""obs_mistake_mask=___E"":1}"
    344064,         0,         0,    31.5,decoder_by_matrix,c8397cb2c46e4683a6f3970bc42cef1aabfef4d80cfcd6b8313e87630b680ee2,"{""distance"":3,""physical_error_rate"":0.0001}","{""detection_events"":4008,""detectors_checked"":18579456}"
    239616,       463,         0,    31.1,decoder_by_matrix,fe15b11dcb8b3f13c3ba2812b146e413e309c65e07905a09cf6ecd916cf41bda,"{""distance"":3,""physical_error_rate"":0.005}","{""detection_events"":142023,""detectors_checked"":12939264,""obs_mistake_mask=EEE_"":3,""obs_mistake_mask=EE_E"":1,""obs_mistake_mask=EE__"":2,""obs_mistake_mask=E_EE"":2,""obs_mistake_mask=E_E_"":1,""obs_mistake_mask=E___"":40,""obs_mistake_mask=_EEE"":47,""obs_mistake_mask=_EE_"":49,""obs_mistake_mask=_E_E"":39,""obs_mistake_mask=_E__"":82,""obs_mistake_mask=__EE"":37,""obs_mistake_mask=__E_"":88,""obs_mistake_mask=___E"":72}"
    231424,       464,         0,    30.7,decoder_by_matrix,fe15b11dcb8b3f13c3ba2812b146e413e309c65e07905a09cf6ecd916cf41bda,"{""distance"":3,""physical_error_rate"":0.005}","{""detection_events"":137433,""detectors_checked"":12496896,""obs_mistake_mask=EEE_"":1,""obs_mistake_mask=EE_E"":3,""obs_mistake_mask=EE__"":3,""obs_mistake_mask=E_E_"":2,""obs_mistake_mask=E__E"":2,""obs_mistake_mask=E___"":35,""obs_mistake_mask=_EEE"":50,""obs_mistake_mask=_EE_"":52,""obs_mistake_mask=_E_E"":44,""obs_mistake_mask=_E__"":70,""obs_mistake_mask=__EE"":49,""obs_mistake_mask=__E_"":83,""obs_mistake_mask=___E"":70}"
    397312,         0,         0,    31.2,decoder_by_matrix,cd5aa4935a142b600239883e928f6c7fc9fbc8c84161e9ed59cf2551b7ebfc3d,"{""distance"":3,""physical_error_rate"":5e-05}","{""detection_events"":2364,""detectors_checked"":21454848}"
    231424,       402,         0,    31.1,decoder_by_matrix,fe15b11dcb8b3f13c3ba2812b146e413e309c65e07905a09cf6ecd916cf41bda,"{""distance"":3,""physical_error_rate"":0.005}","{""detection_events"":136860,""detectors_checked"":12496896,""obs_mistake_mask=EEE_"":1,""obs_mistake_mask=E__E"":1,""obs_mistake_mask=E___"":39,""obs_mistake_mask=_EEE"":42,""obs_mistake_mask=_EE_"":39,""obs_mistake_mask=_E_E"":37,""obs_mistake_mask=_E__"":74,""obs_mistake_mask=__EE"":32,""obs_mistake_mask=__E_"":67,""obs_mistake_mask=___E"":70}"
    291840,        25,         0,    31.1,decoder_by_matrix,e45af4f98fc7ee1c9936a6749fec74122c57b4ab96343d0e01c96593a4531898,"{""distance"":3,""physical_error_rate"":0.001}","{""detection_events"":34371,""detectors_checked"":15759360,""obs_mistake_mask=E___"":3,""obs_mistake_mask=_EEE"":1,""obs_mistake_mask=_EE_"":6,""obs_mistake_mask=_E_E"":1,""obs_mistake_mask=_E__"":6,""obs_mistake_mask=__E_"":3,""obs_mistake_mask=___E"":5}"
    167936,       317,         0,    21.5,decoder_by_matrix,fe15b11dcb8b3f13c3ba2812b146e413e309c65e07905a09cf6ecd916cf41bda,"{""distance"":3,""physical_error_rate"":0.005}","{""detection_events"":100473,""detectors_checked"":9068544,""obs_mistake_mask=EE_E"":1,""obs_mistake_mask=EE__"":1,""obs_mistake_mask=E_E_"":1,""obs_mistake_mask=E__E"":1,""obs_mistake_mask=E___"":30,""obs_mistake_mask=_EEE"":31,""obs_mistake_mask=_EE_"":38,""obs_mistake_mask=_E_E"":27,""obs_mistake_mask=_E__"":51,""obs_mistake_mask=__EE"":37,""obs_mistake_mask=__E_"":54,""obs_mistake_mask=___E"":45}"
    236544,       455,         0,    31.1,decoder_by_matrix,fe15b11dcb8b3f13c3ba2812b146e413e309c65e07905a09cf6ecd916cf41bda,"{""distance"":3,""physical_error_rate"":0.005}","{""detection_events"":139962,""detectors_checked"":12773376,""obs_mistake_mask=EE_E"":3,""obs_mistake_mask=E_EE"":2,""obs_mistake_mask=E_E_"":3,""obs_mistake_mask=E__E"":3,""obs_mistake_mask=E___"":38,""obs_mistake_mask=_EEE"":45,""obs_mistake_mask=_EE_"":47,""obs_mistake_mask=_E_E"":50,""obs_mistake_mask=_E__"":60,""obs_mistake_mask=__EE"":66,""obs_mistake_mask=__E_"":68,""obs_mistake_mask=___E"":70}"
    223232,       407,         0,    29.5,decoder_by_matrix,fe15b11dcb8b3f13c3ba2812b146e413e309c65e07905a09cf6ecd916cf41bda,"{""distance"":3,""physical_error_rate"":0.005}","{""detection_events"":131028,""detectors_checked"":12054528,""obs_mistake_mask=EEE_"":1,""obs_mistake_mask=EE_E"":1,""obs_mistake_mask=EE__"":1,""obs_mistake_mask=E_E_"":2,""obs_mistake_mask=E___"":37,""obs_mistake_mask=_EEE"":44,""obs_mistake_mask=_EE_"":36,""obs_mistake_mask=_E_E"":41,""obs_mistake_mask=_E__"":74,""obs_mistake_mask=__EE"":41,""obs_mistake_mask=__E_"":67,""obs_mistake_mask=___E"":62}"
    615424,         0,         0,    29.7,decoder_by_matrix,73784f3389b885bc1b704dac0b44b83e08b79da81bcec9ed749229213445f550,"{""distance"":3,""physical_error_rate"":1e-05}","{""detection_events"":735,""detectors_checked"":33232896}"
     10240,        14,         0,    1.35,decoder_by_matrix,fe15b11dcb8b3f13c3ba2812b146e413e309c65e07905a09cf6ecd916cf41bda,"{""distance"":3,""physical_error_rate"":0.005}","{""detection_events"":5919,""detectors_checked"":552960,""obs_mistake_mask=E___"":1,""obs_mistake_mask=_EE_"":2,""obs_mistake_mask=_E_E"":1,""obs_mistake_mask=_E__"":1,""obs_mistake_mask=__E_"":3,""obs_mistake_mask=___E"":6}"
    331776,         0,         0,    31.6,decoder_by_matrix,c8397cb2c46e4683a6f3970bc42cef1aabfef4d80cfcd6b8313e87630b680ee2,"{""distance"":3,""physical_error_rate"":0.0001}","{""detection_events"":4257,""detectors_checked"":17915904}"
    343040,         0,         0,    32.1,decoder_by_matrix,c8397cb2c46e4683a6f3970bc42cef1aabfef4d80cfcd6b8313e87630b680ee2,"{""distance"":3,""physical_error_rate"":0.0001}","{""detection_events"":4245,""detectors_checked"":18524160}"
    709632,         0,         0,    30.7,decoder_by_matrix,1222905ef2c3e0b3841e2be415851bad02a0949e12b9844f6b979980572eaa40,"{""distance"":3,""physical_error_rate"":5e-06}","{""detection_events"":390,""detectors_checked"":38320128}"
    292864,         0,         0,    22.5,decoder_by_matrix,cd5aa4935a142b600239883e928f6c7fc9fbc8c84161e9ed59cf2551b7ebfc3d,"{""distance"":3,""physical_error_rate"":5e-05}","{""detection_events"":1716,""detectors_checked"":15814656}"
    571392,         0,         0,    22.1,decoder_by_matrix,b3c6da8537ae85d54cd5acd57fc4d5a00e23be04de7c70760ac5fa4b0f5f70dc,"{""distance"":3,""physical_error_rate"":1e-06}","{""detection_events"":69,""detectors_checked"":30855168}"
         1,         0,         0,   0.000,decoder_by_matrix,5dee359087c4b9ae2c20477a4d5136d2695095b0438111838e7093c679bd3c20,"{""distance"":3,""physical_error_rate"":0.0005}","{""detectors_checked"":54}"
      1296,         0,         0,   0.021,decoder_by_matrix,5dee359087c4b9ae2c20477a4d5136d2695095b0438111838e7093c679bd3c20,"{""distance"":3,""physical_error_rate"":0.0005}","{""detection_events"":45,""detectors_checked"":69984}"
    396288,         0,         0,    31.6,decoder_by_matrix,cd5aa4935a142b600239883e928f6c7fc9fbc8c84161e9ed59cf2551b7ebfc3d,"{""distance"":3,""physical_error_rate"":5e-05}","{""detection_events"":2307,""detectors_checked"":21399552}"
    494592,         0,         0,    22.6,decoder_by_matrix,1222905ef2c3e0b3841e2be415851bad02a0949e12b9844f6b979980572eaa40,"{""distance"":3,""physical_error_rate"":5e-06}","{""detection_events"":345,""detectors_checked"":26707968}"
    241664,         0,         0,    21.3,decoder_by_matrix,c8397cb2c46e4683a6f3970bc42cef1aabfef4d80cfcd6b8313e87630b680ee2,"{""distance"":3,""physical_error_rate"":0.0001}","{""detection_events"":2580,""detectors_checked"":13049856}"
    216064,         5,         0,    22.7,decoder_by_matrix,5dee359087c4b9ae2c20477a4d5136d2695095b0438111838e7093c679bd3c20,"{""distance"":3,""physical_error_rate"":0.0005}","{""detection_events"":13197,""detectors_checked"":11667456,""obs_mistake_mask=E___"":2,""obs_mistake_mask=_E_E"":1,""obs_mistake_mask=_E__"":1,""obs_mistake_mask=__E_"":1}"
      1024,         0,         0,   0.159,decoder_by_matrix,5dee359087c4b9ae2c20477a4d5136d2695095b0438111838e7093c679bd3c20,"{""distance"":3,""physical_error_rate"":0.0005}","{""detection_events"":69,""detectors_checked"":55296}"
         1,         0,         0,   0.000,decoder_by_matrix,e45af4f98fc7ee1c9936a6749fec74122c57b4ab96343d0e01c96593a4531898,"{""distance"":3,""physical_error_rate"":0.001}","{""detectors_checked"":54}"
         1,         0,         0,   0.000,decoder_by_matrix,e45af4f98fc7ee1c9936a6749fec74122c57b4ab96343d0e01c96593a4531898,"{""distance"":3,""physical_error_rate"":0.001}","{""detectors_checked"":54}"
         1,         0,         0,   0.000,decoder_by_matrix,b3c6da8537ae85d54cd5acd57fc4d5a00e23be04de7c70760ac5fa4b0f5f70dc,"{""distance"":3,""physical_error_rate"":1e-06}","{""detectors_checked"":54}"
         1,         0,         0,   0.000,decoder_by_matrix,73784f3389b885bc1b704dac0b44b83e08b79da81bcec9ed749229213445f550,"{""distance"":3,""physical_error_rate"":1e-05}","{""detectors_checked"":54}"
         1,         0,         0,   0.000,decoder_by_matrix,1222905ef2c3e0b3841e2be415851bad02a0949e12b9844f6b979980572eaa40,"{""distance"":3,""physical_error_rate"":5e-06}","{""detectors_checked"":54}"
         1,         0,         0,   0.000,decoder_by_matrix,cd5aa4935a142b600239883e928f6c7fc9fbc8c84161e9ed59cf2551b7ebfc3d,"{""distance"":3,""physical_error_rate"":5e-05}","{""detectors_checked"":54}"
         1,         0,         0,   0.000,decoder_by_matrix,c8397cb2c46e4683a6f3970bc42cef1aabfef4d80cfcd6b8313e87630b680ee2,"{""distance"":3,""physical_error_rate"":0.0001}","{""detectors_checked"":54}"
      2320,         0,         0,   0.015,decoder_by_matrix,c8397cb2c46e4683a6f3970bc42cef1aabfef4d80cfcd6b8313e87630b680ee2,"{""distance"":3,""physical_error_rate"":0.0001}","{""detection_events"":57,""detectors_checked"":125280}"
      3344,         0,         0,   0.021,decoder_by_matrix,73784f3389b885bc1b704dac0b44b83e08b79da81bcec9ed749229213445f550,"{""distance"":3,""physical_error_rate"":1e-05}","{""detection_events"":9,""detectors_checked"":180576}"
      4368,         0,         0,   0.025,decoder_by_matrix,b3c6da8537ae85d54cd5acd57fc4d5a00e23be04de7c70760ac5fa4b0f5f70dc,"{""distance"":3,""physical_error_rate"":1e-06}","{""detectors_checked"":235872}"
      1296,         0,         0,   0.031,decoder_by_matrix,e45af4f98fc7ee1c9936a6749fec74122c57b4ab96343d0e01c96593a4531898,"{""distance"":3,""physical_error_rate"":0.001}","{""detection_events"":150,""detectors_checked"":69984}"
      4368,         0,         0,   0.020,decoder_by_matrix,1222905ef2c3e0b3841e2be415851bad02a0949e12b9844f6b979980572eaa40,"{""distance"":3,""physical_error_rate"":5e-06}","{""detectors_checked"":235872}"
      1296,         0,         0,   0.018,decoder_by_matrix,e45af4f98fc7ee1c9936a6749fec74122c57b4ab96343d0e01c96593a4531898,"{""distance"":3,""physical_error_rate"":0.001}","{""detection_events"":183,""detectors_checked"":69984}"
      2048,         0,         0,   0.021,decoder_by_matrix,1222905ef2c3e0b3841e2be415851bad02a0949e12b9844f6b979980572eaa40,"{""distance"":3,""physical_error_rate"":5e-06}","{""detectors_checked"":110592}"
      2048,         0,         0,   0.026,decoder_by_matrix,b3c6da8537ae85d54cd5acd57fc4d5a00e23be04de7c70760ac5fa4b0f5f70dc,"{""distance"":3,""physical_error_rate"":1e-06}","{""detectors_checked"":110592}"
      1024,         0,         0,   0.028,decoder_by_matrix,e45af4f98fc7ee1c9936a6749fec74122c57b4ab96343d0e01c96593a4531898,"{""distance"":3,""physical_error_rate"":0.001}","{""detection_events"":138,""detectors_checked"":55296}"
      1024,         0,         0,   0.076,decoder_by_matrix,e45af4f98fc7ee1c9936a6749fec74122c57b4ab96343d0e01c96593a4531898,"{""distance"":3,""physical_error_rate"":0.001}","{""detection_events"":108,""detectors_checked"":55296}"
      1024,         0,         0,   0.146,decoder_by_matrix,5dee359087c4b9ae2c20477a4d5136d2695095b0438111838e7093c679bd3c20,"{""distance"":3,""physical_error_rate"":0.0005}","{""detection_events"":81,""detectors_checked"":55296}"
      2048,         0,         0,   0.089,decoder_by_matrix,b3c6da8537ae85d54cd5acd57fc4d5a00e23be04de7c70760ac5fa4b0f5f70dc,"{""distance"":3,""physical_error_rate"":1e-06}","{""detectors_checked"":110592}"
      5120,         0,         0,   0.120,decoder_by_matrix,73784f3389b885bc1b704dac0b44b83e08b79da81bcec9ed749229213445f550,"{""distance"":3,""physical_error_rate"":1e-05}","{""detectors_checked"":276480}"
    716800,         0,         0,    30.1,decoder_by_matrix,1222905ef2c3e0b3841e2be415851bad02a0949e12b9844f6b979980572eaa40,"{""distance"":3,""physical_error_rate"":5e-06}","{""detection_events"":396,""detectors_checked"":38707200}"
      1024,         0,         0,   0.142,decoder_by_matrix,c8397cb2c46e4683a6f3970bc42cef1aabfef4d80cfcd6b8313e87630b680ee2,"{""distance"":3,""physical_error_rate"":0.0001}","{""detection_events"":24,""detectors_checked"":55296}"
      3344,         0,         0,   0.162,decoder_by_matrix,cd5aa4935a142b600239883e928f6c7fc9fbc8c84161e9ed59cf2551b7ebfc3d,"{""distance"":3,""physical_error_rate"":5e-05}","{""detection_events"":27,""detectors_checked"":180576}"
      3072,         0,         0,   0.120,decoder_by_matrix,1222905ef2c3e0b3841e2be415851bad02a0949e12b9844f6b979980572eaa40,"{""distance"":3,""physical_error_rate"":5e-06}","{""detectors_checked"":165888}"
    431104,         0,         0,    22.2,decoder_by_matrix,73784f3389b885bc1b704dac0b44b83e08b79da81bcec9ed749229213445f550,"{""distance"":3,""physical_error_rate"":1e-05}","{""detection_events"":663,""detectors_checked"":23279616}"
      1024,         0,         0,   0.112,decoder_by_matrix,e45af4f98fc7ee1c9936a6749fec74122c57b4ab96343d0e01c96593a4531898,"{""distance"":3,""physical_error_rate"":0.001}","{""detection_events"":87,""detectors_checked"":55296}"
      1024,         0,         0,   0.112,decoder_by_matrix,5dee359087c4b9ae2c20477a4d5136d2695095b0438111838e7093c679bd3c20,"{""distance"":3,""physical_error_rate"":0.0005}","{""detection_events"":45,""detectors_checked"":55296}"
      3072,         0,         0,   0.002,decoder_by_matrix,b3c6da8537ae85d54cd5acd57fc4d5a00e23be04de7c70760ac5fa4b0f5f70dc,"{""distance"":3,""physical_error_rate"":1e-06}","{""detectors_checked"":165888}"
      2048,         0,         0,   0.116,decoder_by_matrix,73784f3389b885bc1b704dac0b44b83e08b79da81bcec9ed749229213445f550,"{""distance"":3,""physical_error_rate"":1e-05}","{""detectors_checked"":110592}"
      1024,         1,         0,   0.102,decoder_by_matrix,e45af4f98fc7ee1c9936a6749fec74122c57b4ab96343d0e01c96593a4531898,"{""distance"":3,""physical_error_rate"":0.001}","{""detection_events"":90,""detectors_checked"":55296,""obs_mistake_mask=__E_"":1}"
      2048,         0,         0,   0.109,decoder_by_matrix,1222905ef2c3e0b3841e2be415851bad02a0949e12b9844f6b979980572eaa40,"{""distance"":3,""physical_error_rate"":5e-06}","{""detectors_checked"":110592}"
      1024,         0,         0,   0.126,decoder_by_matrix,c8397cb2c46e4683a6f3970bc42cef1aabfef4d80cfcd6b8313e87630b680ee2,"{""distance"":3,""physical_error_rate"":0.0001}","{""detection_events"":12,""detectors_checked"":55296}"
    688128,         0,         0,    30.5,decoder_by_matrix,1222905ef2c3e0b3841e2be415851bad02a0949e12b9844f6b979980572eaa40,"{""distance"":3,""physical_error_rate"":5e-06}","{""detection_events"":459,""detectors_checked"":37158912}"
      1024,         0,         0,   0.116,decoder_by_matrix,e45af4f98fc7ee1c9936a6749fec74122c57b4ab96343d0e01c96593a4531898,"{""distance"":3,""physical_error_rate"":0.001}","{""detection_events"":135,""detectors_checked"":55296}"
      1024,         0,         0,   0.122,decoder_by_matrix,5dee359087c4b9ae2c20477a4d5136d2695095b0438111838e7093c679bd3c20,"{""distance"":3,""physical_error_rate"":0.0005}","{""detection_events"":51,""detectors_checked"":55296}"
      1024,         0,         0,   0.091,decoder_by_matrix,b3c6da8537ae85d54cd5acd57fc4d5a00e23be04de7c70760ac5fa4b0f5f70dc,"{""distance"":3,""physical_error_rate"":1e-06}","{""detectors_checked"":55296}"
      3072,         0,         0,   0.140,decoder_by_matrix,73784f3389b885bc1b704dac0b44b83e08b79da81bcec9ed749229213445f550,"{""distance"":3,""physical_error_rate"":1e-05}","{""detectors_checked"":165888}"
      2048,         0,         0,   0.149,decoder_by_matrix,1222905ef2c3e0b3841e2be415851bad02a0949e12b9844f6b979980572eaa40,"{""distance"":3,""physical_error_rate"":5e-06}","{""detectors_checked"":110592}"
    388096,         0,         0,    31.6,decoder_by_matrix,cd5aa4935a142b600239883e928f6c7fc9fbc8c84161e9ed59cf2551b7ebfc3d,"{""distance"":3,""physical_error_rate"":5e-05}","{""detection_events"":2232,""detectors_checked"":20957184}"
      1024,         1,         0,   0.167,decoder_by_matrix,e45af4f98fc7ee1c9936a6749fec74122c57b4ab96343d0e01c96593a4531898,"{""distance"":3,""physical_error_rate"":0.001}","{""detection_events"":63,""detectors_checked"":55296,""obs_mistake_mask=_E__"":1}"
      2048,         0,         0,   0.273,decoder_by_matrix,cd5aa4935a142b600239883e928f6c7fc9fbc8c84161e9ed59cf2551b7ebfc3d,"{""distance"":3,""physical_error_rate"":5e-05}","{""detection_events"":9,""detectors_checked"":110592}"
      1024,         0,         0,   0.183,decoder_by_matrix,c8397cb2c46e4683a6f3970bc42cef1aabfef4d80cfcd6b8313e87630b680ee2,"{""distance"":3,""physical_error_rate"":0.0001}","{""detection_events"":15,""detectors_checked"":55296}"
    711680,         0,         0,    30.4,decoder_by_matrix,1222905ef2c3e0b3841e2be415851bad02a0949e12b9844f6b979980572eaa40,"{""distance"":3,""physical_error_rate"":5e-06}","{""detection_events"":378,""detectors_checked"":38430720}"
      1024,         0,         0,   0.244,decoder_by_matrix,5dee359087c4b9ae2c20477a4d5136d2695095b0438111838e7093c679bd3c20,"{""distance"":3,""physical_error_rate"":0.0005}","{""detection_events"":78,""detectors_checked"":55296}"
      1024,         1,         0,   0.263,decoder_by_matrix,e45af4f98fc7ee1c9936a6749fec74122c57b4ab96343d0e01c96593a4531898,"{""distance"":3,""physical_error_rate"":0.001}","{""detection_events"":81,""detectors_checked"":55296,""obs_mistake_mask=__EE"":1}"
      6144,         0,         0,   0.263,decoder_by_matrix,b3c6da8537ae85d54cd5acd57fc4d5a00e23be04de7c70760ac5fa4b0f5f70dc,"{""distance"":3,""physical_error_rate"":1e-06}","{""detectors_checked"":331776}"
    300032,         8,         0,    31.9,decoder_by_matrix,5dee359087c4b9ae2c20477a4d5136d2695095b0438111838e7093c679bd3c20,"{""distance"":3,""physical_error_rate"":0.0005}","{""detection_events"":17823,""detectors_checked"":16201728,""obs_mistake_mask=_E_E"":1,""obs_mistake_mask=_E__"":1,""obs_mistake_mask=__EE"":3,""obs_mistake_mask=__E_"":1,""obs_mistake_mask=___E"":2}"
      6144,         0,         0,   0.258,decoder_by_matrix,73784f3389b885bc1b704dac0b44b83e08b79da81bcec9ed749229213445f550,"{""distance"":3,""physical_error_rate"":1e-05}","{""detectors_checked"":331776}"
    342016,         0,         0,    31.2,decoder_by_matrix,c8397cb2c46e4683a6f3970bc42cef1aabfef4d80cfcd6b8313e87630b680ee2,"{""distance"":3,""physical_error_rate"":0.0001}","{""detection_events"":4119,""detectors_checked"":18468864}"
      5120,         0,         0,   0.259,decoder_by_matrix,1222905ef2c3e0b3841e2be415851bad02a0949e12b9844f6b979980572eaa40,"{""distance"":3,""physical_error_rate"":5e-06}","{""detection_events"":3,""detectors_checked"":276480}"
      3072,         0,         0,   0.260,decoder_by_matrix,e45af4f98fc7ee1c9936a6749fec74122c57b4ab96343d0e01c96593a4531898,"{""distance"":3,""physical_error_rate"":0.001}","{""detection_events"":390,""detectors_checked"":165888}"
      5120,         0,         0,   0.260,decoder_by_matrix,cd5aa4935a142b600239883e928f6c7fc9fbc8c84161e9ed59cf2551b7ebfc3d,"{""distance"":3,""physical_error_rate"":5e-05}","{""detection_events"":24,""detectors_checked"":276480}"
      2048,         0,         0,   0.258,decoder_by_matrix,c8397cb2c46e4683a6f3970bc42cef1aabfef4d80cfcd6b8313e87630b680ee2,"{""distance"":3,""physical_error_rate"":0.0001}","{""detection_events"":30,""detectors_checked"":110592}"
      2048,         0,         0,   0.249,decoder_by_matrix,5dee359087c4b9ae2c20477a4d5136d2695095b0438111838e7093c679bd3c20,"{""distance"":3,""physical_error_rate"":0.0005}","{""detection_events"":138,""detectors_checked"":110592}"
      2048,         0,         0,   0.257,decoder_by_matrix,e45af4f98fc7ee1c9936a6749fec74122c57b4ab96343d0e01c96593a4531898,"{""distance"":3,""physical_error_rate"":0.001}","{""detection_events"":261,""detectors_checked"":110592}"
    792576,         0,         0,    30.6,decoder_by_matrix,b3c6da8537ae85d54cd5acd57fc4d5a00e23be04de7c70760ac5fa4b0f5f70dc,"{""distance"":3,""physical_error_rate"":1e-06}","{""detection_events"":81,""detectors_checked"":42799104}"
      6144,         0,         0,   0.252,decoder_by_matrix,b3c6da8537ae85d54cd5acd57fc4d5a00e23be04de7c70760ac5fa4b0f5f70dc,"{""distance"":3,""physical_error_rate"":1e-06}","{""detectors_checked"":331776}"
    601088,         0,         0,    31.3,decoder_by_matrix,73784f3389b885bc1b704dac0b44b83e08b79da81bcec9ed749229213445f550,"{""distance"":3,""physical_error_rate"":1e-05}","{""detection_events"":906,""detectors_checked"":32458752}"
      7168,         0,         0,   0.005,decoder_by_matrix,73784f3389b885bc1b704dac0b44b83e08b79da81bcec9ed749229213445f550,"{""distance"":3,""physical_error_rate"":1e-05}","{""detection_events"":6,""detectors_checked"":387072}"
      6144,         0,         0,   0.256,decoder_by_matrix,1222905ef2c3e0b3841e2be415851bad02a0949e12b9844f6b979980572eaa40,"{""distance"":3,""physical_error_rate"":5e-06}","{""detectors_checked"":331776}"
      2048,         0,         0,   0.256,decoder_by_matrix,e45af4f98fc7ee1c9936a6749fec74122c57b4ab96343d0e01c96593a4531898,"{""distance"":3,""physical_error_rate"":0.001}","{""detection_events"":285,""detectors_checked"":110592}"
      3072,         0,         0,   0.256,decoder_by_matrix,cd5aa4935a142b600239883e928f6c7fc9fbc8c84161e9ed59cf2551b7ebfc3d,"{""distance"":3,""physical_error_rate"":5e-05}","{""detection_events"":3,""detectors_checked"":165888}"
      3072,         0,         0,   0.261,decoder_by_matrix,c8397cb2c46e4683a6f3970bc42cef1aabfef4d80cfcd6b8313e87630b680ee2,"{""distance"":3,""physical_error_rate"":0.0001}","{""detection_events"":24,""detectors_checked"":165888}"
      2048,         0,         0,   0.254,decoder_by_matrix,5dee359087c4b9ae2c20477a4d5136d2695095b0438111838e7093c679bd3c20,"{""distance"":3,""physical_error_rate"":0.0005}","{""detection_events"":141,""detectors_checked"":110592}"
      2048,         0,         0,   0.250,decoder_by_matrix,e45af4f98fc7ee1c9936a6749fec74122c57b4ab96343d0e01c96593a4531898,"{""distance"":3,""physical_error_rate"":0.001}","{""detection_events"":237,""detectors_checked"":110592}"
      6144,         0,         0,   0.258,decoder_by_matrix,b3c6da8537ae85d54cd5acd57fc4d5a00e23be04de7c70760ac5fa4b0f5f70dc,"{""distance"":3,""physical_error_rate"":1e-06}","{""detectors_checked"":331776}"
      3072,         0,         0,   0.257,decoder_by_matrix,73784f3389b885bc1b704dac0b44b83e08b79da81bcec9ed749229213445f550,"{""distance"":3,""physical_error_rate"":1e-05}","{""detection_events"":6,""detectors_checked"":165888}"
      7168,         0,         0,   0.258,decoder_by_matrix,1222905ef2c3e0b3841e2be415851bad02a0949e12b9844f6b979980572eaa40,"{""distance"":3,""physical_error_rate"":5e-06}","{""detectors_checked"":387072}"
      2048,         0,         0,   0.257,decoder_by_matrix,e45af4f98fc7ee1c9936a6749fec74122c57b4ab96343d0e01c96593a4531898,"{""distance"":3,""physical_error_rate"":0.001}","{""detection_events"":261,""detectors_checked"":110592}"
      3072,         0,         0,   0.259,decoder_by_matrix,cd5aa4935a142b600239883e928f6c7fc9fbc8c84161e9ed59cf2551b7ebfc3d,"{""distance"":3,""physical_error_rate"":5e-05}","{""detection_events"":24,""detectors_checked"":165888}"
      3072,         0,         0,   0.258,decoder_by_matrix,c8397cb2c46e4683a6f3970bc42cef1aabfef4d80cfcd6b8313e87630b680ee2,"{""distance"":3,""physical_error_rate"":0.0001}","{""detection_events"":51,""detectors_checked"":165888}"
      3072,         0,         0,   0.262,decoder_by_matrix,5dee359087c4b9ae2c20477a4d5136d2695095b0438111838e7093c679bd3c20,"{""distance"":3,""physical_error_rate"":0.0005}","{""detection_events"":285,""detectors_checked"":165888}"
      3072,         0,         0,   0.258,decoder_by_matrix,e45af4f98fc7ee1c9936a6749fec74122c57b4ab96343d0e01c96593a4531898,"{""distance"":3,""physical_error_rate"":0.001}","{""detection_events"":435,""detectors_checked"":165888}"
      6144,         0,         0,   0.257,decoder_by_matrix,b3c6da8537ae85d54cd5acd57fc4d5a00e23be04de7c70760ac5fa4b0f5f70dc,"{""distance"":3,""physical_error_rate"":1e-06}","{""detectors_checked"":331776}"
    287744,        25,         0,    31.9,decoder_by_matrix,e45af4f98fc7ee1c9936a6749fec74122c57b4ab96343d0e01c96593a4531898,"{""distance"":3,""physical_error_rate"":0.001}","{""detection_events"":33336,""detectors_checked"":15538176,""obs_mistake_mask=E_EE"":1,""obs_mistake_mask=E___"":3,""obs_mistake_mask=_EE_"":4,""obs_mistake_mask=_E_E"":1,""obs_mistake_mask=_E__"":4,""obs_mistake_mask=__E_"":8,""obs_mistake_mask=___E"":4}"
      5120,         0,         0,   0.258,decoder_by_matrix,73784f3389b885bc1b704dac0b44b83e08b79da81bcec9ed749229213445f550,"{""distance"":3,""physical_error_rate"":1e-05}","{""detection_events"":9,""detectors_checked"":276480}"
      6144,         0,         0,   0.257,decoder_by_matrix,1222905ef2c3e0b3841e2be415851bad02a0949e12b9844f6b979980572eaa40,"{""distance"":3,""physical_error_rate"":5e-06}","{""detectors_checked"":331776}"
      2048,         0,         0,   0.253,decoder_by_matrix,e45af4f98fc7ee1c9936a6749fec74122c57b4ab96343d0e01c96593a4531898,"{""distance"":3,""physical_error_rate"":0.001}","{""detection_events"":213,""detectors_checked"":110592}"
      3072,         0,         0,   0.257,decoder_by_matrix,cd5aa4935a142b600239883e928f6c7fc9fbc8c84161e9ed59cf2551b7ebfc3d,"{""distance"":3,""physical_error_rate"":5e-05}","{""detection_events"":9,""detectors_checked"":165888}"
      3072,         0,         0,   0.259,decoder_by_matrix,c8397cb2c46e4683a6f3970bc42cef1aabfef4d80cfcd6b8313e87630b680ee2,"{""distance"":3,""physical_error_rate"":0.0001}","{""detection_events"":30,""detectors_checked"":165888}"
      2048,         0,         0,   0.261,decoder_by_matrix,e45af4f98fc7ee1c9936a6749fec74122c57b4ab96343d0e01c96593a4531898,"{""distance"":3,""physical_error_rate"":0.001}","{""detection_events"":165,""detectors_checked"":110592}"
    787456,         0,         0,    30.5,decoder_by_matrix,b3c6da8537ae85d54cd5acd57fc4d5a00e23be04de7c70760ac5fa4b0f5f70dc,"{""distance"":3,""physical_error_rate"":1e-06}","{""detection_events"":72,""detectors_checked"":42522624}"
      6144,         0,         0,   0.254,decoder_by_matrix,73784f3389b885bc1b704dac0b44b83e08b79da81bcec9ed749229213445f550,"{""distance"":3,""physical_error_rate"":1e-05}","{""detectors_checked"":331776}"
      3072,         0,         0,   0.256,decoder_by_matrix,e45af4f98fc7ee1c9936a6749fec74122c57b4ab96343d0e01c96593a4531898,"{""distance"":3,""physical_error_rate"":0.001}","{""detection_events"":381,""detectors_checked"":165888}"
      3072,         0,         0,   0.251,decoder_by_matrix,cd5aa4935a142b600239883e928f6c7fc9fbc8c84161e9ed59cf2551b7ebfc3d,"{""distance"":3,""physical_error_rate"":5e-05}","{""detection_events"":39,""detectors_checked"":165888}"
      2048,         0,         0,   0.258,decoder_by_matrix,c8397cb2c46e4683a6f3970bc42cef1aabfef4d80cfcd6b8313e87630b680ee2,"{""distance"":3,""physical_error_rate"":0.0001}","{""detection_events"":33,""detectors_checked"":110592}"
      4096,         0,         0,   0.511,decoder_by_matrix,5dee359087c4b9ae2c20477a4d5136d2695095b0438111838e7093c679bd3c20,"{""distance"":3,""physical_error_rate"":0.0005}","{""detection_events"":216,""detectors_checked"":221184}"
     12288,         0,         0,   0.260,decoder_by_matrix,b3c6da8537ae85d54cd5acd57fc4d5a00e23be04de7c70760ac5fa4b0f5f70dc,"{""distance"":3,""physical_error_rate"":1e-06}","{""detectors_checked"":663552}"
     10240,         0,         0,   0.515,decoder_by_matrix,1222905ef2c3e0b3841e2be415851bad02a0949e12b9844f6b979980572eaa40,"{""distance"":3,""physical_error_rate"":5e-06}","{""detection_events"":15,""detectors_checked"":552960}"
      3072,         0,         0,   0.261,decoder_by_matrix,cd5aa4935a142b600239883e928f6c7fc9fbc8c84161e9ed59cf2551b7ebfc3d,"{""distance"":3,""physical_error_rate"":5e-05}","{""detection_events"":27,""detectors_checked"":165888}"
      4096,         2,         0,   0.508,decoder_by_matrix,e45af4f98fc7ee1c9936a6749fec74122c57b4ab96343d0e01c96593a4531898,"{""distance"":3,""physical_error_rate"":0.001}","{""detection_events"":531,""detectors_checked"":221184,""obs_mistake_mask=_EEE"":1,""obs_mistake_mask=_E_E"":1}"
      9216,         0,         0,   0.259,decoder_by_matrix,73784f3389b885bc1b704dac0b44b83e08b79da81bcec9ed749229213445f550,"{""distance"":3,""physical_error_rate"":1e-05}","{""detection_events"":12,""detectors_checked"":497664}"
      4096,         0,         0,   0.517,decoder_by_matrix,e45af4f98fc7ee1c9936a6749fec74122c57b4ab96343d0e01c96593a4531898,"{""distance"":3,""physical_error_rate"":0.001}","{""detection_events"":507,""detectors_checked"":221184}"
      2048,         0,         0,   0.257,decoder_by_matrix,cd5aa4935a142b600239883e928f6c7fc9fbc8c84161e9ed59cf2551b7ebfc3d,"{""distance"":3,""physical_error_rate"":5e-05}","{""detection_events"":33,""detectors_checked"":110592}"
      5120,         0,         0,   0.517,decoder_by_matrix,c8397cb2c46e4683a6f3970bc42cef1aabfef4d80cfcd6b8313e87630b680ee2,"{""distance"":3,""physical_error_rate"":0.0001}","{""detection_events"":42,""detectors_checked"":276480}"
    389120,         0,         0,    31.8,decoder_by_matrix,cd5aa4935a142b600239883e928f6c7fc9fbc8c84161e9ed59cf2551b7ebfc3d,"{""distance"":3,""physical_error_rate"":5e-05}","{""detection_events"":2400,""detectors_checked"":21012480}"
      5120,         0,         0,   0.515,decoder_by_matrix,5dee359087c4b9ae2c20477a4d5136d2695095b0438111838e7093c679bd3c20,"{""distance"":3,""physical_error_rate"":0.0005}","{""detection_events"":285,""detectors_checked"":276480}"
     13312,         0,         0,   0.510,decoder_by_matrix,b3c6da8537ae85d54cd5acd57fc4d5a00e23be04de7c70760ac5fa4b0f5f70dc,"{""distance"":3,""physical_error_rate"":1e-06}","{""detectors_checked"":718848}"
     11264,         0,         0,   0.510,decoder_by_matrix,1222905ef2c3e0b3841e2be415851bad02a0949e12b9844f6b979980572eaa40,"{""distance"":3,""physical_error_rate"":5e-06}","{""detection_events"":3,""detectors_checked"":608256}"
    624640,         0,         0,    31.2,decoder_by_matrix,73784f3389b885bc1b704dac0b44b83e08b79da81bcec9ed749229213445f550,"{""distance"":3,""physical_error_rate"":1e-05}","{""detection_events"":744,""detectors_checked"":33730560}"
      5120,         0,         0,   0.517,decoder_by_matrix,e45af4f98fc7ee1c9936a6749fec74122c57b4ab96343d0e01c96593a4531898,"{""distance"":3,""physical_error_rate"":0.001}","{""detection_events"":579,""detectors_checked"":276480}"
     12288,         0,         0,   0.476,decoder_by_matrix,73784f3389b885bc1b704dac0b44b83e08b79da81bcec9ed749229213445f550,"{""distance"":3,""physical_error_rate"":1e-05}","{""detectors_checked"":663552}"
      5120,         0,         0,   0.513,decoder_by_matrix,e45af4f98fc7ee1c9936a6749fec74122c57b4ab96343d0e01c96593a4531898,"{""distance"":3,""physical_error_rate"":0.001}","{""detection_events"":555,""detectors_checked"":276480}"
      6144,         0,         0,   0.514,decoder_by_matrix,cd5aa4935a142b600239883e928f6c7fc9fbc8c84161e9ed59cf2551b7ebfc3d,"{""distance"":3,""physical_error_rate"":5e-05}","{""detection_events"":60,""detectors_checked"":331776}"
      5120,         0,         0,   0.514,decoder_by_matrix,c8397cb2c46e4683a6f3970bc42cef1aabfef4d80cfcd6b8313e87630b680ee2,"{""distance"":3,""physical_error_rate"":0.0001}","{""detection_events"":57,""detectors_checked"":276480}"
    334848,         1,         0,    32.1,decoder_by_matrix,c8397cb2c46e4683a6f3970bc42cef1aabfef4d80cfcd6b8313e87630b680ee2,"{""distance"":3,""physical_error_rate"":0.0001}","{""detection_events"":3759,""detectors_checked"":18081792,""obs_mistake_mask=_EEE"":1}"
    297984,         9,         0,    31.0,decoder_by_matrix,5dee359087c4b9ae2c20477a4d5136d2695095b0438111838e7093c679bd3c20,"{""distance"":3,""physical_error_rate"":0.0005}","{""detection_events"":17448,""detectors_checked"":16091136,""obs_mistake_mask=_EEE"":1,""obs_mistake_mask=_EE_"":1,""obs_mistake_mask=_E_E"":1,""obs_mistake_mask=_E__"":4,""obs_mistake_mask=__E_"":1,""obs_mistake_mask=___E"":1}"
    628736,         0,         0,    31.6,decoder_by_matrix,73784f3389b885bc1b704dac0b44b83e08b79da81bcec9ed749229213445f550,"{""distance"":3,""physical_error_rate"":1e-05}","{""detection_events"":687,""detectors_checked"":33951744}"
      7168,         0,         0,   0.767,decoder_by_matrix,5dee359087c4b9ae2c20477a4d5136d2695095b0438111838e7093c679bd3c20,"{""distance"":3,""physical_error_rate"":0.0005}","{""detection_events"":498,""detectors_checked"":387072}"
     17408,         0,         0,   0.516,decoder_by_matrix,b3c6da8537ae85d54cd5acd57fc4d5a00e23be04de7c70760ac5fa4b0f5f70dc,"{""distance"":3,""physical_error_rate"":1e-06}","{""detection_events"":6,""detectors_checked"":940032}"
     14336,         0,         0,   0.706,decoder_by_matrix,1222905ef2c3e0b3841e2be415851bad02a0949e12b9844f6b979980572eaa40,"{""distance"":3,""physical_error_rate"":5e-06}","{""detection_events"":12,""detectors_checked"":774144}"
      7168,         0,         0,   0.510,decoder_by_matrix,cd5aa4935a142b600239883e928f6c7fc9fbc8c84161e9ed59cf2551b7ebfc3d,"{""distance"":3,""physical_error_rate"":5e-05}","{""detection_events"":24,""detectors_checked"":387072}"
      5120,         2,         0,   0.588,decoder_by_matrix,e45af4f98fc7ee1c9936a6749fec74122c57b4ab96343d0e01c96593a4531898,"{""distance"":3,""physical_error_rate"":0.001}","{""detection_events"":588,""detectors_checked"":276480,""obs_mistake_mask=_EEE"":1,""obs_mistake_mask=__E_"":1}"
      7168,         0,         0,   0.773,decoder_by_matrix,e45af4f98fc7ee1c9936a6749fec74122c57b4ab96343d0e01c96593a4531898,"{""distance"":3,""physical_error_rate"":0.001}","{""detection_events"":894,""detectors_checked"":387072}"
     16384,         0,         0,   0.781,decoder_by_matrix,73784f3389b885bc1b704dac0b44b83e08b79da81bcec9ed749229213445f550,"{""distance"":3,""physical_error_rate"":1e-05}","{""detection_events"":9,""detectors_checked"":884736}"
      9216,         0,         0,   0.767,decoder_by_matrix,c8397cb2c46e4683a6f3970bc42cef1aabfef4d80cfcd6b8313e87630b680ee2,"{""distance"":3,""physical_error_rate"":0.0001}","{""detection_events"":69,""detectors_checked"":497664}"
      6144,         0,         0,   0.259,decoder_by_matrix,cd5aa4935a142b600239883e928f6c7fc9fbc8c84161e9ed59cf2551b7ebfc3d,"{""distance"":3,""physical_error_rate"":5e-05}","{""detection_events"":72,""detectors_checked"":331776}"
      9216,         0,         0,    1.02,decoder_by_matrix,5dee359087c4b9ae2c20477a4d5136d2695095b0438111838e7093c679bd3c20,"{""distance"":3,""physical_error_rate"":0.0005}","{""detection_events"":525,""detectors_checked"":497664}"
     27648,         0,         0,   0.776,decoder_by_matrix,b3c6da8537ae85d54cd5acd57fc4d5a00e23be04de7c70760ac5fa4b0f5f70dc,"{""distance"":3,""physical_error_rate"":1e-06}","{""detectors_checked"":1492992}"
     26624,         0,         0,    1.03,decoder_by_matrix,1222905ef2c3e0b3841e2be415851bad02a0949e12b9844f6b979980572eaa40,"{""distance"":3,""physical_error_rate"":5e-06}","{""detectors_checked"":1437696}"
      9216,         1,         0,    1.02,decoder_by_matrix,e45af4f98fc7ee1c9936a6749fec74122c57b4ab96343d0e01c96593a4531898,"{""distance"":3,""physical_error_rate"":0.001}","{""detection_events"":981,""detectors_checked"":497664,""obs_mistake_mask=__E_"":1}"
      9216,         1,         0,    1.02,decoder_by_matrix,e45af4f98fc7ee1c9936a6749fec74122c57b4ab96343d0e01c96593a4531898,"{""distance"":3,""physical_error_rate"":0.001}","{""detection_events"":1077,""detectors_checked"":497664,""obs_mistake_mask=_E_E"":1}"
     21504,         0,         0,    1.03,decoder_by_matrix,73784f3389b885bc1b704dac0b44b83e08b79da81bcec9ed749229213445f550,"{""distance"":3,""physical_error_rate"":1e-05}","{""detection_events"":18,""detectors_checked"":1161216}"
     11264,         0,         0,   0.952,decoder_by_matrix,c8397cb2c46e4683a6f3970bc42cef1aabfef4d80cfcd6b8313e87630b680ee2,"{""distance"":3,""physical_error_rate"":0.0001}","{""detection_events"":123,""detectors_checked"":608256}"
      8192,         0,         0,   0.844,decoder_by_matrix,cd5aa4935a142b600239883e928f6c7fc9fbc8c84161e9ed59cf2551b7ebfc3d,"{""distance"":3,""physical_error_rate"":5e-05}","{""detection_events"":96,""detectors_checked"":442368}"
     12288,         0,         0,    1.22,decoder_by_matrix,5dee359087c4b9ae2c20477a4d5136d2695095b0438111838e7093c679bd3c20,"{""distance"":3,""physical_error_rate"":0.0005}","{""detection_events"":726,""detectors_checked"":663552}"
     30720,         0,         0,    1.29,decoder_by_matrix,b3c6da8537ae85d54cd5acd57fc4d5a00e23be04de7c70760ac5fa4b0f5f70dc,"{""distance"":3,""physical_error_rate"":1e-06}","{""detection_events"":9,""detectors_checked"":1658880}"
     25600,         0,         0,    1.28,decoder_by_matrix,1222905ef2c3e0b3841e2be415851bad02a0949e12b9844f6b979980572eaa40,"{""distance"":3,""physical_error_rate"":5e-06}","{""detection_events"":39,""detectors_checked"":1382400}"
     12288,         1,         0,    1.29,decoder_by_matrix,e45af4f98fc7ee1c9936a6749fec74122c57b4ab96343d0e01c96593a4531898,"{""distance"":3,""physical_error_rate"":0.001}","{""detection_events"":1389,""detectors_checked"":663552,""obs_mistake_mask=_EE_"":1}"
     12288,         1,         0,    1.29,decoder_by_matrix,e45af4f98fc7ee1c9936a6749fec74122c57b4ab96343d0e01c96593a4531898,"{""distance"":3,""physical_error_rate"":0.001}","{""detection_events"":1359,""detectors_checked"":663552,""obs_mistake_mask=_E__"":1}"
     19456,         0,         0,    1.28,decoder_by_matrix,73784f3389b885bc1b704dac0b44b83e08b79da81bcec9ed749229213445f550,"{""distance"":3,""physical_error_rate"":1e-05}","{""detection_events"":51,""detectors_checked"":1050624}"
     13312,         0,         0,    1.29,decoder_by_matrix,c8397cb2c46e4683a6f3970bc42cef1aabfef4d80cfcd6b8313e87630b680ee2,"{""distance"":3,""physical_error_rate"":0.0001}","{""detection_events"":159,""detectors_checked"":718848}"
     14336,         0,         0,    1.24,decoder_by_matrix,cd5aa4935a142b600239883e928f6c7fc9fbc8c84161e9ed59cf2551b7ebfc3d,"{""distance"":3,""physical_error_rate"":5e-05}","{""detection_events"":114,""detectors_checked"":774144}"
     15360,         0,         0,    1.62,decoder_by_matrix,5dee359087c4b9ae2c20477a4d5136d2695095b0438111838e7093c679bd3c20,"{""distance"":3,""physical_error_rate"":0.0005}","{""detection_events"":987,""detectors_checked"":829440}"
     36864,         0,         0,    1.68,decoder_by_matrix,1222905ef2c3e0b3841e2be415851bad02a0949e12b9844f6b979980572eaa40,"{""distance"":3,""physical_error_rate"":5e-06}","{""detection_events"":39,""detectors_checked"":1990656}"
     44032,         0,         0,    1.78,decoder_by_matrix,b3c6da8537ae85d54cd5acd57fc4d5a00e23be04de7c70760ac5fa4b0f5f70dc,"{""distance"":3,""physical_error_rate"":1e-06}","{""detection_events"":6,""detectors_checked"":2377728}"
     15360,         1,         0,    1.60,decoder_by_matrix,e45af4f98fc7ee1c9936a6749fec74122c57b4ab96343d0e01c96593a4531898,"{""distance"":3,""physical_error_rate"":0.001}","{""detection_events"":1752,""detectors_checked"":829440,""obs_mistake_mask=___E"":1}"
     16384,         3,         0,    1.80,decoder_by_matrix,e45af4f98fc7ee1c9936a6749fec74122c57b4ab96343d0e01c96593a4531898,"{""distance"":3,""physical_error_rate"":0.001}","{""detection_events"":2079,""detectors_checked"":884736,""obs_mistake_mask=_EEE"":1,""obs_mistake_mask=__EE"":1,""obs_mistake_mask=___E"":1}"
     40960,         0,         0,    1.77,decoder_by_matrix,73784f3389b885bc1b704dac0b44b83e08b79da81bcec9ed749229213445f550,"{""distance"":3,""physical_error_rate"":1e-05}","{""detection_events"":27,""detectors_checked"":2211840}"
     19456,         0,         0,    1.76,decoder_by_matrix,c8397cb2c46e4683a6f3970bc42cef1aabfef4d80cfcd6b8313e87630b680ee2,"{""distance"":3,""physical_error_rate"":0.0001}","{""detection_events"":192,""detectors_checked"":1050624}"
     19456,         0,         0,    1.80,decoder_by_matrix,cd5aa4935a142b600239883e928f6c7fc9fbc8c84161e9ed59cf2551b7ebfc3d,"{""distance"":3,""physical_error_rate"":5e-05}","{""detection_events"":153,""detectors_checked"":1050624}"
     22528,         3,         0,    2.33,decoder_by_matrix,5dee359087c4b9ae2c20477a4d5136d2695095b0438111838e7093c679bd3c20,"{""distance"":3,""physical_error_rate"":0.0005}","{""detection_events"":1545,""detectors_checked"":1216512,""obs_mistake_mask=E___"":1,""obs_mistake_mask=_EE_"":1,""obs_mistake_mask=___E"":1}"
     54272,         0,         0,    1.88,decoder_by_matrix,1222905ef2c3e0b3841e2be415851bad02a0949e12b9844f6b979980572eaa40,"{""distance"":3,""physical_error_rate"":5e-06}","{""detection_events"":21,""detectors_checked"":2930688}"
     60416,         0,         0,    2.30,decoder_by_matrix,b3c6da8537ae85d54cd5acd57fc4d5a00e23be04de7c70760ac5fa4b0f5f70dc,"{""distance"":3,""physical_error_rate"":1e-06}","{""detectors_checked"":3262464}"
     21504,         1,         0,    2.30,decoder_by_matrix,e45af4f98fc7ee1c9936a6749fec74122c57b4ab96343d0e01c96593a4531898,"{""distance"":3,""physical_error_rate"":0.001}","{""detection_events"":2628,""detectors_checked"":1161216,""obs_mistake_mask=E___"":1}"
     21504,         0,         0,    2.31,decoder_by_matrix,e45af4f98fc7ee1c9936a6749fec74122c57b4ab96343d0e01c96593a4531898,"{""distance"":3,""physical_error_rate"":0.001}","{""detection_events"":3072,""detectors_checked"":1161216}"
     49152,         0,         0,    2.05,decoder_by_matrix,73784f3389b885bc1b704dac0b44b83e08b79da81bcec9ed749229213445f550,"{""distance"":3,""physical_error_rate"":1e-05}","{""detection_events"":45,""detectors_checked"":2654208}"
     24576,         0,         0,    2.30,decoder_by_matrix,c8397cb2c46e4683a6f3970bc42cef1aabfef4d80cfcd6b8313e87630b680ee2,"{""distance"":3,""physical_error_rate"":0.0001}","{""detection_events"":309,""detectors_checked"":1327104}"
     25600,         0,         0,    2.24,decoder_by_matrix,cd5aa4935a142b600239883e928f6c7fc9fbc8c84161e9ed59cf2551b7ebfc3d,"{""distance"":3,""physical_error_rate"":5e-05}","{""detection_events"":171,""detectors_checked"":1382400}"
     29696,         0,         0,    3.10,decoder_by_matrix,5dee359087c4b9ae2c20477a4d5136d2695095b0438111838e7093c679bd3c20,"{""distance"":3,""physical_error_rate"":0.0005}","{""detection_events"":1824,""detectors_checked"":1603584}"
     75776,         0,         0,    3.05,decoder_by_matrix,b3c6da8537ae85d54cd5acd57fc4d5a00e23be04de7c70760ac5fa4b0f5f70dc,"{""distance"":3,""physical_error_rate"":1e-06}","{""detection_events"":3,""detectors_checked"":4091904}"
     28672,         0,         0,    3.09,decoder_by_matrix,e45af4f98fc7ee1c9936a6749fec74122c57b4ab96343d0e01c96593a4531898,"{""distance"":3,""physical_error_rate"":0.001}","{""detection_events"":3432,""detectors_checked"":1548288}"
     76800,         0,         0,    3.03,decoder_by_matrix,1222905ef2c3e0b3841e2be415851bad02a0949e12b9844f6b979980572eaa40,"{""distance"":3,""physical_error_rate"":5e-06}","{""detection_events"":33,""detectors_checked"":4147200}"
     28672,         4,         0,    3.16,decoder_by_matrix,e45af4f98fc7ee1c9936a6749fec74122c57b4ab96343d0e01c96593a4531898,"{""distance"":3,""physical_error_rate"":0.001}","{""detection_events"":3381,""detectors_checked"":1548288,""obs_mistake_mask=_E__"":1,""obs_mistake_mask=__E_"":2,""obs_mistake_mask=___E"":1}"
     65536,         0,         0,    3.09,decoder_by_matrix,73784f3389b885bc1b704dac0b44b83e08b79da81bcec9ed749229213445f550,"{""distance"":3,""physical_error_rate"":1e-05}","{""detection_events"":75,""detectors_checked"":3538944}"
     30720,         1,         0,    3.08,decoder_by_matrix,c8397cb2c46e4683a6f3970bc42cef1aabfef4d80cfcd6b8313e87630b680ee2,"{""distance"":3,""physical_error_rate"":0.0001}","{""detection_events"":408,""detectors_checked"":1658880,""obs_mistake_mask=__EE"":1}"
     40960,         0,         0,    3.11,decoder_by_matrix,cd5aa4935a142b600239883e928f6c7fc9fbc8c84161e9ed59cf2551b7ebfc3d,"{""distance"":3,""physical_error_rate"":5e-05}","{""detection_events"":291,""detectors_checked"":2211840}"
    113664,         0,         0,    4.03,decoder_by_matrix,b3c6da8537ae85d54cd5acd57fc4d5a00e23be04de7c70760ac5fa4b0f5f70dc,"{""distance"":3,""physical_error_rate"":1e-06}","{""detectors_checked"":6137856}"
     41984,         1,         0,    4.52,decoder_by_matrix,5dee359087c4b9ae2c20477a4d5136d2695095b0438111838e7093c679bd3c20,"{""distance"":3,""physical_error_rate"":0.0005}","{""detection_events"":2565,""detectors_checked"":2267136,""obs_mistake_mask=_EEE"":1}"
     37888,         4,         0,    4.27,decoder_by_matrix,e45af4f98fc7ee1c9936a6749fec74122c57b4ab96343d0e01c96593a4531898,"{""distance"":3,""physical_error_rate"":0.001}","{""detection_events"":4650,""detectors_checked"":2045952,""obs_mistake_mask=_EEE"":1,""obs_mistake_mask=_EE_"":1,""obs_mistake_mask=__EE"":1,""obs_mistake_mask=___E"":1}"
     94208,         0,         0,    3.83,decoder_by_matrix,1222905ef2c3e0b3841e2be415851bad02a0949e12b9844f6b979980572eaa40,"{""distance"":3,""physical_error_rate"":5e-06}","{""detection_events"":81,""detectors_checked"":5087232}"
     40960,         4,         0,    4.35,decoder_by_matrix,e45af4f98fc7ee1c9936a6749fec74122c57b4ab96343d0e01c96593a4531898,"{""distance"":3,""physical_error_rate"":0.001}","{""detection_events"":4740,""detectors_checked"":2211840,""obs_mistake_mask=_E_E"":1,""obs_mistake_mask=_E__"":1,""obs_mistake_mask=__E_"":1,""obs_mistake_mask=___E"":1}"
     44032,         0,         0,    4.36,decoder_by_matrix,c8397cb2c46e4683a6f3970bc42cef1aabfef4d80cfcd6b8313e87630b680ee2,"{""distance"":3,""physical_error_rate"":0.0001}","{""detection_events"":666,""detectors_checked"":2377728}"
     80896,         0,         0,    4.20,decoder_by_matrix,73784f3389b885bc1b704dac0b44b83e08b79da81bcec9ed749229213445f550,"{""distance"":3,""physical_error_rate"":1e-05}","{""detection_events"":132,""detectors_checked"":4368384}"
     55296,         0,         0,    4.34,decoder_by_matrix,cd5aa4935a142b600239883e928f6c7fc9fbc8c84161e9ed59cf2551b7ebfc3d,"{""distance"":3,""physical_error_rate"":5e-05}","{""detection_events"":342,""detectors_checked"":2985984}"
     58368,         2,         0,    5.93,decoder_by_matrix,5dee359087c4b9ae2c20477a4d5136d2695095b0438111838e7093c679bd3c20,"{""distance"":3,""physical_error_rate"":0.0005}","{""detection_events"":3321,""detectors_checked"":3151872,""obs_mistake_mask=___E"":2}"
     57344,         8,         0,    5.86,decoder_by_matrix,e45af4f98fc7ee1c9936a6749fec74122c57b4ab96343d0e01c96593a4531898,"{""distance"":3,""physical_error_rate"":0.001}","{""detection_events"":6498,""detectors_checked"":3096576,""obs_mistake_mask=_EEE"":1,""obs_mistake_mask=_E_E"":2,""obs_mistake_mask=_E__"":1,""obs_mistake_mask=__EE"":1,""obs_mistake_mask=__E_"":2,""obs_mistake_mask=___E"":1}"
    153600,         0,         0,    5.95,decoder_by_matrix,b3c6da8537ae85d54cd5acd57fc4d5a00e23be04de7c70760ac5fa4b0f5f70dc,"{""distance"":3,""physical_error_rate"":1e-06}","{""detection_events"":33,""detectors_checked"":8294400}"
    135168,         0,         0,    5.97,decoder_by_matrix,1222905ef2c3e0b3841e2be415851bad02a0949e12b9844f6b979980572eaa40,"{""distance"":3,""physical_error_rate"":5e-06}","{""detection_events"":102,""detectors_checked"":7299072}"
     55296,         5,         0,    6.03,decoder_by_matrix,e45af4f98fc7ee1c9936a6749fec74122c57b4ab96343d0e01c96593a4531898,"{""distance"":3,""physical_error_rate"":0.001}","{""detection_events"":6480,""detectors_checked"":2985984,""obs_mistake_mask=_E__"":1,""obs_mistake_mask=__E_"":2,""obs_mistake_mask=___E"":2}"
     64512,         0,         0,    6.16,decoder_by_matrix,c8397cb2c46e4683a6f3970bc42cef1aabfef4d80cfcd6b8313e87630b680ee2,"{""distance"":3,""physical_error_rate"":0.0001}","{""detection_events"":765,""detectors_checked"":3483648}"
     82944,         0,         0,    5.83,decoder_by_matrix,cd5aa4935a142b600239883e928f6c7fc9fbc8c84161e9ed59cf2551b7ebfc3d,"{""distance"":3,""physical_error_rate"":5e-05}","{""detection_events"":411,""detectors_checked"":4478976}"
    131072,         0,         0,    6.13,decoder_by_matrix,73784f3389b885bc1b704dac0b44b83e08b79da81bcec9ed749229213445f550,"{""distance"":3,""physical_error_rate"":1e-05}","{""detection_events"":114,""detectors_checked"":7077888}"
    212992,         0,         0,    7.99,decoder_by_matrix,b3c6da8537ae85d54cd5acd57fc4d5a00e23be04de7c70760ac5fa4b0f5f70dc,"{""distance"":3,""physical_error_rate"":1e-06}","{""detection_events"":9,""detectors_checked"":11501568}"
     76800,         9,         0,    8.41,decoder_by_matrix,e45af4f98fc7ee1c9936a6749fec74122c57b4ab96343d0e01c96593a4531898,"{""distance"":3,""physical_error_rate"":0.001}","{""detection_events"":9450,""detectors_checked"":4147200,""obs_mistake_mask=E___"":5,""obs_mistake_mask=_EE_"":2,""obs_mistake_mask=__E_"":1,""obs_mistake_mask=___E"":1}"
    176128,         1,         0,    8.49,decoder_by_matrix,1222905ef2c3e0b3841e2be415851bad02a0949e12b9844f6b979980572eaa40,"{""distance"":3,""physical_error_rate"":5e-06}","{""detection_events"":135,""detectors_checked"":9510912,""obs_mistake_mask=___E"":1}"
     76800,         5,         0,    8.14,decoder_by_matrix,e45af4f98fc7ee1c9936a6749fec74122c57b4ab96343d0e01c96593a4531898,"{""distance"":3,""physical_error_rate"":0.001}","{""detection_events"":9111,""detectors_checked"":4147200,""obs_mistake_mask=_E_E"":2,""obs_mistake_mask=__EE"":1,""obs_mistake_mask=__E_"":1,""obs_mistake_mask=___E"":1}"
     79872,         1,         0,    8.11,decoder_by_matrix,5dee359087c4b9ae2c20477a4d5136d2695095b0438111838e7093c679bd3c20,"{""distance"":3,""physical_error_rate"":0.0005}","{""detection_events"":4944,""detectors_checked"":4313088,""obs_mistake_mask=_EEE"":1}"
    295936,        18,         0,    31.9,decoder_by_matrix,e45af4f98fc7ee1c9936a6749fec74122c57b4ab96343d0e01c96593a4531898,"{""distance"":3,""physical_error_rate"":0.001}","{""detection_events"":35712,""detectors_checked"":15980544,""obs_mistake_mask=E___"":2,""obs_mistake_mask=_EEE"":1,""obs_mistake_mask=_EE_"":2,""obs_mistake_mask=_E_E"":2,""obs_mistake_mask=_E__"":1,""obs_mistake_mask=__EE"":1,""obs_mistake_mask=__E_"":4,""obs_mistake_mask=___E"":5}"
     92160,         1,         0,    8.21,decoder_by_matrix,c8397cb2c46e4683a6f3970bc42cef1aabfef4d80cfcd6b8313e87630b680ee2,"{""distance"":3,""physical_error_rate"":0.0001}","{""detection_events"":1176,""detectors_checked"":4976640,""obs_mistake_mask=_EEE"":1}"
    404480,         0,         0,    32.2,decoder_by_matrix,cd5aa4935a142b600239883e928f6c7fc9fbc8c84161e9ed59cf2551b7ebfc3d,"{""distance"":3,""physical_error_rate"":5e-05}","{""detection_events"":2310,""detectors_checked"":21841920}"
    102400,         0,         0,    8.20,decoder_by_matrix,cd5aa4935a142b600239883e928f6c7fc9fbc8c84161e9ed59cf2551b7ebfc3d,"{""distance"":3,""physical_error_rate"":5e-05}","{""detection_events"":645,""detectors_checked"":5529600}"
    174080,         0,         0,    8.44,decoder_by_matrix,73784f3389b885bc1b704dac0b44b83e08b79da81bcec9ed749229213445f550,"{""distance"":3,""physical_error_rate"":1e-05}","{""detection_events"":171,""detectors_checked"":9400320}"
    818176,         0,         0,    30.6,decoder_by_matrix,b3c6da8537ae85d54cd5acd57fc4d5a00e23be04de7c70760ac5fa4b0f5f70dc,"{""distance"":3,""physical_error_rate"":1e-06}","{""detection_events"":66,""detectors_checked"":44181504}"
    712704,         0,         0,    31.0,decoder_by_matrix,1222905ef2c3e0b3841e2be415851bad02a0949e12b9844f6b979980572eaa40,"{""distance"":3,""physical_error_rate"":5e-06}","{""detection_events"":468,""detectors_checked"":38486016}"
    343040,         0,         0,    31.1,decoder_by_matrix,c8397cb2c46e4683a6f3970bc42cef1aabfef4d80cfcd6b8313e87630b680ee2,"{""distance"":3,""physical_error_rate"":0.0001}","{""detection_events"":3855,""detectors_checked"":18524160}"
    306176,         4,         0,    31.9,decoder_by_matrix,5dee359087c4b9ae2c20477a4d5136d2695095b0438111838e7093c679bd3c20,"{""distance"":3,""physical_error_rate"":0.0005}","{""detection_events"":18984,""detectors_checked"":16533504,""obs_mistake_mask=_EEE"":1,""obs_mistake_mask=_E_E"":1,""obs_mistake_mask=__EE"":1,""obs_mistake_mask=__E_"":1}"
    627712,         0,         0,    30.5,decoder_by_matrix,73784f3389b885bc1b704dac0b44b83e08b79da81bcec9ed749229213445f550,"{""distance"":3,""physical_error_rate"":1e-05}","{""detection_events"":840,""detectors_checked"":33896448}"
   1011712,         0,         0,    44.0,decoder_by_matrix,1222905ef2c3e0b3841e2be415851bad02a0949e12b9844f6b979980572eaa40,"{""distance"":3,""physical_error_rate"":5e-06}","{""detection_events"":609,""detectors_checked"":54632448}"
    428032,         8,         0,    44.0,decoder_by_matrix,5dee359087c4b9ae2c20477a4d5136d2695095b0438111838e7093c679bd3c20,"{""distance"":3,""physical_error_rate"":0.0005}","{""detection_events"":26175,""detectors_checked"":23113728,""obs_mistake_mask=_EEE"":1,""obs_mistake_mask=_EE_"":1,""obs_mistake_mask=_E_E"":1,""obs_mistake_mask=__EE"":1,""obs_mistake_mask=__E_"":2,""obs_mistake_mask=___E"":2}"
    478208,         0,         0,    43.1,decoder_by_matrix,c8397cb2c46e4683a6f3970bc42cef1aabfef4d80cfcd6b8313e87630b680ee2,"{""distance"":3,""physical_error_rate"":0.0001}","{""detection_events"":5853,""detectors_checked"":25823232}"
   1132544,         0,         0,    42.4,decoder_by_matrix,b3c6da8537ae85d54cd5acd57fc4d5a00e23be04de7c70760ac5fa4b0f5f70dc,"{""distance"":3,""physical_error_rate"":1e-06}","{""detection_events"":195,""detectors_checked"":61157376}"
    413696,        30,         0,    44.7,decoder_by_matrix,e45af4f98fc7ee1c9936a6749fec74122c57b4ab96343d0e01c96593a4531898,"{""distance"":3,""physical_error_rate"":0.001}","{""detection_events"":48978,""detectors_checked"":22339584,""obs_mistake_mask=E___"":3,""obs_mistake_mask=_EEE"":4,""obs_mistake_mask=_EE_"":1,""obs_mistake_mask=_E_E"":2,""obs_mistake_mask=_E__"":6,""obs_mistake_mask=__EE"":3,""obs_mistake_mask=__E_"":5,""obs_mistake_mask=___E"":6}"
   1012736,         0,         0,    42.4,decoder_by_matrix,1222905ef2c3e0b3841e2be415851bad02a0949e12b9844f6b979980572eaa40,"{""distance"":3,""physical_error_rate"":5e-06}","{""detection_events"":627,""detectors_checked"":54687744}"
    578560,         1,         0,    43.6,decoder_by_matrix,cd5aa4935a142b600239883e928f6c7fc9fbc8c84161e9ed59cf2551b7ebfc3d,"{""distance"":3,""physical_error_rate"":5e-05}","{""detection_events"":3192,""detectors_checked"":31242240,""obs_mistake_mask=_E__"":1}"
   1121280,         0,         0,    44.0,decoder_by_matrix,b3c6da8537ae85d54cd5acd57fc4d5a00e23be04de7c70760ac5fa4b0f5f70dc,"{""distance"":3,""physical_error_rate"":1e-06}","{""detection_events"":174,""detectors_checked"":60549120}"
    294912,         0,         0,    11.3,decoder_by_matrix,b3c6da8537ae85d54cd5acd57fc4d5a00e23be04de7c70760ac5fa4b0f5f70dc,"{""distance"":3,""physical_error_rate"":1e-06}","{""detection_events"":27,""detectors_checked"":15925248}"
    411648,        31,         0,    43.9,decoder_by_matrix,e45af4f98fc7ee1c9936a6749fec74122c57b4ab96343d0e01c96593a4531898,"{""distance"":3,""physical_error_rate"":0.001}","{""detection_events"":49368,""detectors_checked"":22228992,""obs_mistake_mask=E___"":4,""obs_mistake_mask=_EEE"":3,""obs_mistake_mask=_EE_"":2,""obs_mistake_mask=_E_E"":1,""obs_mistake_mask=_E__"":6,""obs_mistake_mask=__EE"":3,""obs_mistake_mask=__E_"":5,""obs_mistake_mask=___E"":7}"
    108544,        10,         0,    11.4,decoder_by_matrix,e45af4f98fc7ee1c9936a6749fec74122c57b4ab96343d0e01c96593a4531898,"{""distance"":3,""physical_error_rate"":0.001}","{""detection_events"":13398,""detectors_checked"":5861376,""obs_mistake_mask=E___"":2,""obs_mistake_mask=_EEE"":1,""obs_mistake_mask=_E_E"":1,""obs_mistake_mask=_E__"":1,""obs_mistake_mask=__EE"":1,""obs_mistake_mask=__E_"":4}"
   1142784,         0,         0,    42.5,decoder_by_matrix,b3c6da8537ae85d54cd5acd57fc4d5a00e23be04de7c70760ac5fa4b0f5f70dc,"{""distance"":3,""physical_error_rate"":1e-06}","{""detection_events"":102,""detectors_checked"":61710336}"
    111616,         2,         0,    11.2,decoder_by_matrix,5dee359087c4b9ae2c20477a4d5136d2695095b0438111838e7093c679bd3c20,"{""distance"":3,""physical_error_rate"":0.0005}","{""detection_events"":6849,""detectors_checked"":6027264,""obs_mistake_mask=__E_"":1,""obs_mistake_mask=___E"":1}"
    411648,        35,         0,    44.6,decoder_by_matrix,e45af4f98fc7ee1c9936a6749fec74122c57b4ab96343d0e01c96593a4531898,"{""distance"":3,""physical_error_rate"":0.001}","{""detection_events"":49626,""detectors_checked"":22228992,""obs_mistake_mask=E___"":6,""obs_mistake_mask=_EEE"":4,""obs_mistake_mask=_EE_"":1,""obs_mistake_mask=_E_E"":8,""obs_mistake_mask=_E__"":4,""obs_mistake_mask=__EE"":2,""obs_mistake_mask=__E_"":6,""obs_mistake_mask=___E"":4}"
    475136,         1,         0,    44.5,decoder_by_matrix,c8397cb2c46e4683a6f3970bc42cef1aabfef4d80cfcd6b8313e87630b680ee2,"{""distance"":3,""physical_error_rate"":0.0001}","{""detection_events"":5946,""detectors_checked"":25657344,""obs_mistake_mask=_EE_"":1}"
    108544,        12,         0,    11.5,decoder_by_matrix,e45af4f98fc7ee1c9936a6749fec74122c57b4ab96343d0e01c96593a4531898,"{""distance"":3,""physical_error_rate"":0.001}","{""detection_events"":13233,""detectors_checked"":5861376,""obs_mistake_mask=E___"":1,""obs_mistake_mask=_EEE"":2,""obs_mistake_mask=_E_E"":2,""obs_mistake_mask=_E__"":3,""obs_mistake_mask=__EE"":1,""obs_mistake_mask=__E_"":1,""obs_mistake_mask=___E"":2}"
    905216,         0,         0,    43.7,decoder_by_matrix,73784f3389b885bc1b704dac0b44b83e08b79da81bcec9ed749229213445f550,"{""distance"":3,""physical_error_rate"":1e-05}","{""detection_events"":1029,""detectors_checked"":48881664}"
    566272,         0,         0,    44.1,decoder_by_matrix,cd5aa4935a142b600239883e928f6c7fc9fbc8c84161e9ed59cf2551b7ebfc3d,"{""distance"":3,""physical_error_rate"":5e-05}","{""detection_events"":3642,""detectors_checked"":30578688}"
    262144,         0,         0,    11.4,decoder_by_matrix,1222905ef2c3e0b3841e2be415851bad02a0949e12b9844f6b979980572eaa40,"{""distance"":3,""physical_error_rate"":5e-06}","{""detection_events"":159,""detectors_checked"":14155776}"
    991232,         0,         0,    42.2,decoder_by_matrix,1222905ef2c3e0b3841e2be415851bad02a0949e12b9844f6b979980572eaa40,"{""distance"":3,""physical_error_rate"":5e-06}","{""detection_events"":627,""detectors_checked"":53526528}"
    570368,         0,         0,    43.9,decoder_by_matrix,cd5aa4935a142b600239883e928f6c7fc9fbc8c84161e9ed59cf2551b7ebfc3d,"{""distance"":3,""physical_error_rate"":5e-05}","{""detection_events"":3339,""detectors_checked"":30799872}"
    412672,        18,         0,    43.4,decoder_by_matrix,e45af4f98fc7ee1c9936a6749fec74122c57b4ab96343d0e01c96593a4531898,"{""distance"":3,""physical_error_rate"":0.001}","{""detection_events"":48207,""detectors_checked"":22284288,""obs_mistake_mask=E___"":4,""obs_mistake_mask=_E_E"":2,""obs_mistake_mask=_E__"":1,""obs_mistake_mask=__EE"":4,""obs_mistake_mask=__E_"":4,""obs_mistake_mask=___E"":3}"
    919552,         0,         0,    44.2,decoder_by_matrix,73784f3389b885bc1b704dac0b44b83e08b79da81bcec9ed749229213445f550,"{""distance"":3,""physical_error_rate"":1e-05}","{""detection_events"":999,""detectors_checked"":49655808}"
    430080,         6,         0,    44.6,decoder_by_matrix,5dee359087c4b9ae2c20477a4d5136d2695095b0438111838e7093c679bd3c20,"{""distance"":3,""physical_error_rate"":0.0005}","{""detection_events"":24777,""detectors_checked"":23224320,""obs_mistake_mask=E___"":1,""obs_mistake_mask=_EE_"":2,""obs_mistake_mask=__E_"":2,""obs_mistake_mask=___E"":1}"
    152576,         0,         0,    11.6,decoder_by_matrix,cd5aa4935a142b600239883e928f6c7fc9fbc8c84161e9ed59cf2551b7ebfc3d,"{""distance"":3,""physical_error_rate"":5e-05}","{""detection_events"":852,""detectors_checked"":8239104}"
    125952,         0,         0,    11.2,decoder_by_matrix,c8397cb2c46e4683a6f3970bc42cef1aabfef4d80cfcd6b8313e87630b680ee2,"{""distance"":3,""physical_error_rate"":0.0001}","{""detection_events"":1557,""detectors_checked"":6801408}"
    428032,         7,         0,    44.4,decoder_by_matrix,5dee359087c4b9ae2c20477a4d5136d2695095b0438111838e7093c679bd3c20,"{""distance"":3,""physical_error_rate"":0.0005}","{""detection_events"":26649,""detectors_checked"":23113728,""obs_mistake_mask=E___"":1,""obs_mistake_mask=_EE_"":1,""obs_mistake_mask=_E__"":2,""obs_mistake_mask=__E_"":1,""obs_mistake_mask=___E"":2}"
    898048,         0,         0,    43.6,decoder_by_matrix,73784f3389b885bc1b704dac0b44b83e08b79da81bcec9ed749229213445f550,"{""distance"":3,""physical_error_rate"":1e-05}","{""detection_events"":1017,""detectors_checked"":48494592}"
    233472,         0,         0,    11.6,decoder_by_matrix,73784f3389b885bc1b704dac0b44b83e08b79da81bcec9ed749229213445f550,"{""distance"":3,""physical_error_rate"":1e-05}","{""detection_events"":357,""detectors_checked"":12607488}"
   1137664,         0,         0,    42.9,decoder_by_matrix,b3c6da8537ae85d54cd5acd57fc4d5a00e23be04de7c70760ac5fa4b0f5f70dc,"{""distance"":3,""physical_error_rate"":1e-06}","{""detection_events"":120,""detectors_checked"":61433856}"
    425984,         7,         0,    44.7,decoder_by_matrix,5dee359087c4b9ae2c20477a4d5136d2695095b0438111838e7093c679bd3c20,"{""distance"":3,""physical_error_rate"":0.0005}","{""detection_events"":25455,""detectors_checked"":23003136,""obs_mistake_mask=_EEE"":1,""obs_mistake_mask=_E__"":3,""obs_mistake_mask=__E_"":2,""obs_mistake_mask=___E"":1}"
    414720,        27,         0,    42.9,decoder_by_matrix,e45af4f98fc7ee1c9936a6749fec74122c57b4ab96343d0e01c96593a4531898,"{""distance"":3,""physical_error_rate"":0.001}","{""detection_events"":49812,""detectors_checked"":22394880,""obs_mistake_mask=E___"":4,""obs_mistake_mask=_EEE"":2,""obs_mistake_mask=_EE_"":3,""obs_mistake_mask=_E_E"":2,""obs_mistake_mask=_E__"":1,""obs_mistake_mask=__EE"":2,""obs_mistake_mask=__E_"":7,""obs_mistake_mask=___E"":6}"
    428032,         7,         0,    44.4,decoder_by_matrix,5dee359087c4b9ae2c20477a4d5136d2695095b0438111838e7093c679bd3c20,"{""distance"":3,""physical_error_rate"":0.0005}","{""detection_events"":26154,""detectors_checked"":23113728,""obs_mistake_mask=_EEE"":1,""obs_mistake_mask=_E__"":1,""obs_mistake_mask=__E_"":1,""obs_mistake_mask=___E"":4}"
   1120256,         0,         0,    43.3,decoder_by_matrix,b3c6da8537ae85d54cd5acd57fc4d5a00e23be04de7c70760ac5fa4b0f5f70dc,"{""distance"":3,""physical_error_rate"":1e-06}","{""detection_events"":159,""detectors_checked"":60493824}"
    411648,        32,         0,    43.9,decoder_by_matrix,e45af4f98fc7ee1c9936a6749fec74122c57b4ab96343d0e01c96593a4531898,"{""distance"":3,""physical_error_rate"":0.001}","{""detection_events"":48951,""detectors_checked"":22228992,""obs_mistake_mask=E___"":1,""obs_mistake_mask=_EEE"":4,""obs_mistake_mask=_EE_"":5,""obs_mistake_mask=_E_E"":3,""obs_mistake_mask=_E__"":5,""obs_mistake_mask=__EE"":5,""obs_mistake_mask=__E_"":3,""obs_mistake_mask=___E"":6}"
    478208,         0,         0,    44.8,decoder_by_matrix,c8397cb2c46e4683a6f3970bc42cef1aabfef4d80cfcd6b8313e87630b680ee2,"{""distance"":3,""physical_error_rate"":0.0001}","{""detection_events"":5766,""detectors_checked"":25823232}"
    574464,         0,         0,    44.6,decoder_by_matrix,cd5aa4935a142b600239883e928f6c7fc9fbc8c84161e9ed59cf2551b7ebfc3d,"{""distance"":3,""physical_error_rate"":5e-05}","{""detection_events"":3216,""detectors_checked"":31021056}"
    874496,         0,         0,    43.4,decoder_by_matrix,73784f3389b885bc1b704dac0b44b83e08b79da81bcec9ed749229213445f550,"{""distance"":3,""physical_error_rate"":1e-05}","{""detection_events"":1047,""detectors_checked"":47222784}"
    473088,         0,         0,    43.0,decoder_by_matrix,c8397cb2c46e4683a6f3970bc42cef1aabfef4d80cfcd6b8313e87630b680ee2,"{""distance"":3,""physical_error_rate"":0.0001}","{""detection_events"":5985,""detectors_checked"":25546752}"
    471040,         0,         0,    43.8,decoder_by_matrix,c8397cb2c46e4683a6f3970bc42cef1aabfef4d80cfcd6b8313e87630b680ee2,"{""distance"":3,""physical_error_rate"":0.0001}","{""detection_events"":5781,""detectors_checked"":25436160}"
   1010688,         0,         0,    43.1,decoder_by_matrix,1222905ef2c3e0b3841e2be415851bad02a0949e12b9844f6b979980572eaa40,"{""distance"":3,""physical_error_rate"":5e-06}","{""detection_events"":588,""detectors_checked"":54577152}"
    561152,         0,         0,    43.8,decoder_by_matrix,cd5aa4935a142b600239883e928f6c7fc9fbc8c84161e9ed59cf2551b7ebfc3d,"{""distance"":3,""physical_error_rate"":5e-05}","{""detection_events"":3609,""detectors_checked"":30302208}"
    992256,         0,         0,    43.8,decoder_by_matrix,1222905ef2c3e0b3841e2be415851bad02a0949e12b9844f6b979980572eaa40,"{""distance"":3,""physical_error_rate"":5e-06}","{""detection_events"":642,""detectors_checked"":53581824}"
   1013760,         0,         0,    43.5,decoder_by_matrix,1222905ef2c3e0b3841e2be415851bad02a0949e12b9844f6b979980572eaa40,"{""distance"":3,""physical_error_rate"":5e-06}","{""detection_events"":633,""detectors_checked"":54743040}"
    575488,         0,         0,    43.9,decoder_by_matrix,cd5aa4935a142b600239883e928f6c7fc9fbc8c84161e9ed59cf2551b7ebfc3d,"{""distance"":3,""physical_error_rate"":5e-05}","{""detection_events"":3375,""detectors_checked"":31076352}"
   1002496,         0,         0,    42.2,decoder_by_matrix,1222905ef2c3e0b3841e2be415851bad02a0949e12b9844f6b979980572eaa40,"{""distance"":3,""physical_error_rate"":5e-06}","{""detection_events"":630,""detectors_checked"":54134784}"
    427008,         7,         0,    44.1,decoder_by_matrix,5dee359087c4b9ae2c20477a4d5136d2695095b0438111838e7093c679bd3c20,"{""distance"":3,""physical_error_rate"":0.0005}","{""detection_events"":25698,""detectors_checked"":23058432,""obs_mistake_mask=E___"":2,""obs_mistake_mask=_EEE"":2,""obs_mistake_mask=_EE_"":1,""obs_mistake_mask=_E__"":2}"
    480256,         1,         0,    43.8,decoder_by_matrix,c8397cb2c46e4683a6f3970bc42cef1aabfef4d80cfcd6b8313e87630b680ee2,"{""distance"":3,""physical_error_rate"":0.0001}","{""detection_events"":5964,""detectors_checked"":25933824,""obs_mistake_mask=E___"":1}"
    905216,         0,         0,    43.3,decoder_by_matrix,73784f3389b885bc1b704dac0b44b83e08b79da81bcec9ed749229213445f550,"{""distance"":3,""physical_error_rate"":1e-05}","{""detection_events"":948,""detectors_checked"":48881664}"
   1145856,         0,         0,    43.1,decoder_by_matrix,b3c6da8537ae85d54cd5acd57fc4d5a00e23be04de7c70760ac5fa4b0f5f70dc,"{""distance"":3,""physical_error_rate"":1e-06}","{""detection_events"":126,""detectors_checked"":61876224}"
    410624,        25,         0,    44.5,decoder_by_matrix,e45af4f98fc7ee1c9936a6749fec74122c57b4ab96343d0e01c96593a4531898,"{""distance"":3,""physical_error_rate"":0.001}","{""detection_events"":48327,""detectors_checked"":22173696,""obs_mistake_mask=E___"":6,""obs_mistake_mask=_EEE"":2,""obs_mistake_mask=_EE_"":5,""obs_mistake_mask=_E_E"":1,""obs_mistake_mask=_E__"":3,""obs_mistake_mask=__EE"":1,""obs_mistake_mask=__E_"":5,""obs_mistake_mask=___E"":2}"
   1127424,         0,         0,    42.6,decoder_by_matrix,b3c6da8537ae85d54cd5acd57fc4d5a00e23be04de7c70760ac5fa4b0f5f70dc,"{""distance"":3,""physical_error_rate"":1e-06}","{""detection_events"":111,""detectors_checked"":60880896}"
    552960,         0,         0,    43.5,decoder_by_matrix,cd5aa4935a142b600239883e928f6c7fc9fbc8c84161e9ed59cf2551b7ebfc3d,"{""distance"":3,""physical_error_rate"":5e-05}","{""detection_events"":3537,""detectors_checked"":29859840}"
    899072,         0,         0,    42.2,decoder_by_matrix,73784f3389b885bc1b704dac0b44b83e08b79da81bcec9ed749229213445f550,"{""distance"":3,""physical_error_rate"":1e-05}","{""detection_events"":1011,""detectors_checked"":48549888}"
    479232,         0,         0,    43.8,decoder_by_matrix,c8397cb2c46e4683a6f3970bc42cef1aabfef4d80cfcd6b8313e87630b680ee2,"{""distance"":3,""physical_error_rate"":0.0001}","{""detection_events"":5517,""detectors_checked"":25878528}"
    418816,         8,         0,    43.9,decoder_by_matrix,5dee359087c4b9ae2c20477a4d5136d2695095b0438111838e7093c679bd3c20,"{""distance"":3,""physical_error_rate"":0.0005}","{""detection_events"":25872,""detectors_checked"":22616064,""obs_mistake_mask=_EEE"":1,""obs_mistake_mask=_EE_"":2,""obs_mistake_mask=_E_E"":1,""obs_mistake_mask=_E__"":1,""obs_mistake_mask=__EE"":1,""obs_mistake_mask=__E_"":1,""obs_mistake_mask=___E"":1}"
    851968,         0,         0,    43.1,decoder_by_matrix,73784f3389b885bc1b704dac0b44b83e08b79da81bcec9ed749229213445f550,"{""distance"":3,""physical_error_rate"":1e-05}","{""detection_events"":1191,""detectors_checked"":46006272}"
    374784,         0,         0,    16.4,decoder_by_matrix,b3c6da8537ae85d54cd5acd57fc4d5a00e23be04de7c70760ac5fa4b0f5f70dc,"{""distance"":3,""physical_error_rate"":1e-06}","{""detection_events"":21,""detectors_checked"":20238336}"
    136192,        15,         0,    16.4,decoder_by_matrix,e45af4f98fc7ee1c9936a6749fec74122c57b4ab96343d0e01c96593a4531898,"{""distance"":3,""physical_error_rate"":0.001}","{""detection_events"":16500,""detectors_checked"":7354368,""obs_mistake_mask=_EEE"":1,""obs_mistake_mask=_EE_"":2,""obs_mistake_mask=_E_E"":2,""obs_mistake_mask=_E__"":1,""obs_mistake_mask=__EE"":2,""obs_mistake_mask=__E_"":3,""obs_mistake_mask=___E"":4}"
    139264,         2,         0,    15.7,decoder_by_matrix,5dee359087c4b9ae2c20477a4d5136d2695095b0438111838e7093c679bd3c20,"{""distance"":3,""physical_error_rate"":0.0005}","{""detection_events"":8286,""detectors_checked"":7520256,""obs_mistake_mask=_EEE"":1,""obs_mistake_mask=_E__"":1}"
    136192,         7,         0,    16.5,decoder_by_matrix,e45af4f98fc7ee1c9936a6749fec74122c57b4ab96343d0e01c96593a4531898,"{""distance"":3,""physical_error_rate"":0.001}","{""detection_events"":16272,""detectors_checked"":7354368,""obs_mistake_mask=E___"":1,""obs_mistake_mask=_EE_"":2,""obs_mistake_mask=_E_E"":2,""obs_mistake_mask=_E__"":1,""obs_mistake_mask=__EE"":1}"
    327680,         0,         0,    15.8,decoder_by_matrix,1222905ef2c3e0b3841e2be415851bad02a0949e12b9844f6b979980572eaa40,"{""distance"":3,""physical_error_rate"":5e-06}","{""detection_events"":228,""detectors_checked"":17694720}"
    187392,         0,         0,    16.1,decoder_by_matrix,cd5aa4935a142b600239883e928f6c7fc9fbc8c84161e9ed59cf2551b7ebfc3d,"{""distance"":3,""physical_error_rate"":5e-05}","{""detection_events"":1065,""detectors_checked"":10119168}"
    159744,         0,         0,    15.7,decoder_by_matrix,c8397cb2c46e4683a6f3970bc42cef1aabfef4d80cfcd6b8313e87630b680ee2,"{""distance"":3,""physical_error_rate"":0.0001}","{""detection_events"":1896,""detectors_checked"":8626176}"
    277504,         0,         0,    16.1,decoder_by_matrix,73784f3389b885bc1b704dac0b44b83e08b79da81bcec9ed749229213445f550,"{""distance"":3,""physical_error_rate"":1e-05}","{""detection_events"":414,""detectors_checked"":14985216}"
    381952,        27,         0,    44.3,decoder_by_matrix,e45af4f98fc7ee1c9936a6749fec74122c57b4ab96343d0e01c96593a4531898,"{""distance"":3,""physical_error_rate"":0.001}","{""detection_events"":45855,""detectors_checked"":20625408,""obs_mistake_mask=E___"":3,""obs_mistake_mask=_EEE"":5,""obs_mistake_mask=_EE_"":3,""obs_mistake_mask=_E__"":8,""obs_mistake_mask=__EE"":2,""obs_mistake_mask=__E_"":5,""obs_mistake_mask=___E"":1}"
    530432,         0,         0,    43.4,decoder_by_matrix,cd5aa4935a142b600239883e928f6c7fc9fbc8c84161e9ed59cf2551b7ebfc3d,"{""distance"":3,""physical_error_rate"":5e-05}","{""detection_events"":3063,""detectors_checked"":28643328}"
    925696,         0,         0,    43.4,decoder_by_matrix,1222905ef2c3e0b3841e2be415851bad02a0949e12b9844f6b979980572eaa40,"{""distance"":3,""physical_error_rate"":5e-06}","{""detection_events"":540,""detectors_checked"":49987584}"
   1032192,         0,         0,    44.5,decoder_by_matrix,b3c6da8537ae85d54cd5acd57fc4d5a00e23be04de7c70760ac5fa4b0f5f70dc,"{""distance"":3,""physical_error_rate"":1e-06}","{""detection_events"":132,""detectors_checked"":55738368}"
    394240,        10,         0,    44.1,decoder_by_matrix,5dee359087c4b9ae2c20477a4d5136d2695095b0438111838e7093c679bd3c20,"{""distance"":3,""physical_error_rate"":0.0005}","{""detection_events"":23631,""detectors_checked"":21288960,""obs_mistake_mask=_EE_"":4,""obs_mistake_mask=_E_E"":1,""obs_mistake_mask=_E__"":2,""obs_mistake_mask=__EE"":1,""obs_mistake_mask=__E_"":1,""obs_mistake_mask=___E"":1}"
    831488,         0,         0,    43.5,decoder_by_matrix,73784f3389b885bc1b704dac0b44b83e08b79da81bcec9ed749229213445f550,"{""distance"":3,""physical_error_rate"":1e-05}","{""detection_events"":918,""detectors_checked"":44900352}"
    437248,         0,         0,    44.0,decoder_by_matrix,c8397cb2c46e4683a6f3970bc42cef1aabfef4d80cfcd6b8313e87630b680ee2,"{""distance"":3,""physical_error_rate"":0.0001}","{""detection_events"":5211,""detectors_checked"":23611392}"
    188416,        15,         0,    22.7,decoder_by_matrix,e45af4f98fc7ee1c9936a6749fec74122c57b4ab96343d0e01c96593a4531898,"{""distance"":3,""physical_error_rate"":0.001}","{""detection_events"":22296,""detectors_checked"":10174464,""obs_mistake_mask=_EE_"":2,""obs_mistake_mask=_E_E"":1,""obs_mistake_mask=_E__"":3,""obs_mistake_mask=__EE"":1,""obs_mistake_mask=__E_"":4,""obs_mistake_mask=___E"":4}"
    504832,         0,         0,    21.8,decoder_by_matrix,b3c6da8537ae85d54cd5acd57fc4d5a00e23be04de7c70760ac5fa4b0f5f70dc,"{""distance"":3,""physical_error_rate"":1e-06}","{""detection_events"":60,""detectors_checked"":27260928}"
    194560,         4,         0,    22.6,decoder_by_matrix,5dee359087c4b9ae2c20477a4d5136d2695095b0438111838e7093c679bd3c20,"{""distance"":3,""physical_error_rate"":0.0005}","{""detection_events"":11490,""detectors_checked"":10506240,""obs_mistake_mask=_E__"":2,""obs_mistake_mask=__EE"":1,""obs_mistake_mask=__E_"":1}"
    189440,        13,         0,    22.8,decoder_by_matrix,e45af4f98fc7ee1c9936a6749fec74122c57b4ab96343d0e01c96593a4531898,"{""distance"":3,""physical_error_rate"":0.001}","{""detection_events"":22518,""detectors_checked"":10229760,""obs_mistake_mask=_EEE"":5,""obs_mistake_mask=_EE_"":2,""obs_mistake_mask=_E__"":3,""obs_mistake_mask=__EE"":1,""obs_mistake_mask=___E"":2}"
    451584,         0,         0,    22.5,decoder_by_matrix,1222905ef2c3e0b3841e2be415851bad02a0949e12b9844f6b979980572eaa40,"{""distance"":3,""physical_error_rate"":5e-06}","{""detection_events"":267,""detectors_checked"":24385536}"
    256000,         0,         0,    22.7,decoder_by_matrix,cd5aa4935a142b600239883e928f6c7fc9fbc8c84161e9ed59cf2551b7ebfc3d,"{""distance"":3,""physical_error_rate"":5e-05}","{""detection_events"":1578,""detectors_checked"":13824000}"
    212992,         0,         0,    22.6,decoder_by_matrix,c8397cb2c46e4683a6f3970bc42cef1aabfef4d80cfcd6b8313e87630b680ee2,"{""distance"":3,""physical_error_rate"":0.0001}","{""detection_events"":2886,""detectors_checked"":11501568}"
    404480,         0,         0,    22.2,decoder_by_matrix,73784f3389b885bc1b704dac0b44b83e08b79da81bcec9ed749229213445f550,"{""distance"":3,""physical_error_rate"":1e-05}","{""detection_events"":501,""detectors_checked"":21841920}"
   1241088,         0,         0,    61.2,decoder_by_matrix,1222905ef2c3e0b3841e2be415851bad02a0949e12b9844f6b979980572eaa40,"{""distance"":3,""physical_error_rate"":5e-06}","{""detection_events"":792,""detectors_checked"":67018752}"
    535552,        11,         0,    62.2,decoder_by_matrix,5dee359087c4b9ae2c20477a4d5136d2695095b0438111838e7093c679bd3c20,"{""distance"":3,""physical_error_rate"":0.0005}","{""detection_events"":32295,""detectors_checked"":28919808,""obs_mistake_mask=E___"":1,""obs_mistake_mask=_EEE"":1,""obs_mistake_mask=_EE_"":1,""obs_mistake_mask=_E_E"":2,""obs_mistake_mask=_E__"":3,""obs_mistake_mask=__EE"":1,""obs_mistake_mask=__E_"":1,""obs_mistake_mask=___E"":1}"
    593920,         0,         0,    61.4,decoder_by_matrix,c8397cb2c46e4683a6f3970bc42cef1aabfef4d80cfcd6b8313e87630b680ee2,"{""distance"":3,""physical_error_rate"":0.0001}","{""detection_events"":7089,""detectors_checked"":32071680}"
   1396736,         0,         0,    59.8,decoder_by_matrix,b3c6da8537ae85d54cd5acd57fc4d5a00e23be04de7c70760ac5fa4b0f5f70dc,"{""distance"":3,""physical_error_rate"":1e-06}","{""detection_events"":153,""detectors_checked"":75423744}"
   1243136,         0,         0,    59.8,decoder_by_matrix,1222905ef2c3e0b3841e2be415851bad02a0949e12b9844f6b979980572eaa40,"{""distance"":3,""physical_error_rate"":5e-06}","{""detection_events"":750,""detectors_checked"":67129344}"
    521216,        55,         0,    61.2,decoder_by_matrix,e45af4f98fc7ee1c9936a6749fec74122c57b4ab96343d0e01c96593a4531898,"{""distance"":3,""physical_error_rate"":0.001}","{""detection_events"":60357,""detectors_checked"":28145664,""obs_mistake_mask=E_E_"":1,""obs_mistake_mask=E___"":7,""obs_mistake_mask=_EEE"":7,""obs_mistake_mask=_EE_"":2,""obs_mistake_mask=_E_E"":5,""obs_mistake_mask=_E__"":9,""obs_mistake_mask=__EE"":5,""obs_mistake_mask=__E_"":8,""obs_mistake_mask=___E"":11}"
    709632,         0,         0,    61.7,decoder_by_matrix,cd5aa4935a142b600239883e928f6c7fc9fbc8c84161e9ed59cf2551b7ebfc3d,"{""distance"":3,""physical_error_rate"":5e-05}","{""detection_events"":4305,""detectors_checked"":38320128}"
    515072,        42,         0,    61.3,decoder_by_matrix,e45af4f98fc7ee1c9936a6749fec74122c57b4ab96343d0e01c96593a4531898,"{""distance"":3,""physical_error_rate"":0.001}","{""detection_events"":61293,""detectors_checked"":27813888,""obs_mistake_mask=E___"":1,""obs_mistake_mask=_EEE"":7,""obs_mistake_mask=_EE_"":3,""obs_mistake_mask=_E_E"":9,""obs_mistake_mask=_E__"":9,""obs_mistake_mask=__EE"":1,""obs_mistake_mask=__E_"":7,""obs_mistake_mask=___E"":5}"
    515072,        41,         0,    61.5,decoder_by_matrix,e45af4f98fc7ee1c9936a6749fec74122c57b4ab96343d0e01c96593a4531898,"{""distance"":3,""physical_error_rate"":0.001}","{""detection_events"":61995,""detectors_checked"":27813888,""obs_mistake_mask=E___"":2,""obs_mistake_mask=_EEE"":1,""obs_mistake_mask=_EE_"":2,""obs_mistake_mask=_E_E"":6,""obs_mistake_mask=_E__"":5,""obs_mistake_mask=__EE"":8,""obs_mistake_mask=__E_"":9,""obs_mistake_mask=___E"":8}"
   1386496,         0,         0,    60.2,decoder_by_matrix,b3c6da8537ae85d54cd5acd57fc4d5a00e23be04de7c70760ac5fa4b0f5f70dc,"{""distance"":3,""physical_error_rate"":1e-06}","{""detection_events"":207,""detectors_checked"":74870784}"
   1391616,         0,         0,    60.1,decoder_by_matrix,b3c6da8537ae85d54cd5acd57fc4d5a00e23be04de7c70760ac5fa4b0f5f70dc,"{""distance"":3,""physical_error_rate"":1e-06}","{""detection_events"":144,""detectors_checked"":75147264}"
    696320,         0,         0,    61.5,decoder_by_matrix,cd5aa4935a142b600239883e928f6c7fc9fbc8c84161e9ed59cf2551b7ebfc3d,"{""distance"":3,""physical_error_rate"":5e-05}","{""detection_events"":4413,""detectors_checked"":37601280}"
   1093632,         0,         0,    62.5,decoder_by_matrix,73784f3389b885bc1b704dac0b44b83e08b79da81bcec9ed749229213445f550,"{""distance"":3,""physical_error_rate"":1e-05}","{""detection_events"":1440,""detectors_checked"":59056128}"
    605184,         0,         0,    61.6,decoder_by_matrix,c8397cb2c46e4683a6f3970bc42cef1aabfef4d80cfcd6b8313e87630b680ee2,"{""distance"":3,""physical_error_rate"":0.0001}","{""detection_events"":6906,""detectors_checked"":32679936}"
   1246208,         0,         0,    60.8,decoder_by_matrix,1222905ef2c3e0b3841e2be415851bad02a0949e12b9844f6b979980572eaa40,"{""distance"":3,""physical_error_rate"":5e-06}","{""detection_events"":687,""detectors_checked"":67295232}"
    516096,        38,         0,    61.7,decoder_by_matrix,e45af4f98fc7ee1c9936a6749fec74122c57b4ab96343d0e01c96593a4531898,"{""distance"":3,""physical_error_rate"":0.001}","{""detection_events"":61350,""detectors_checked"":27869184,""obs_mistake_mask=EE__"":1,""obs_mistake_mask=E___"":4,""obs_mistake_mask=_EEE"":2,""obs_mistake_mask=_EE_"":5,""obs_mistake_mask=_E_E"":2,""obs_mistake_mask=_E__"":6,""obs_mistake_mask=__EE"":4,""obs_mistake_mask=__E_"":7,""obs_mistake_mask=___E"":7}"
    707584,         0,         0,    61.6,decoder_by_matrix,cd5aa4935a142b600239883e928f6c7fc9fbc8c84161e9ed59cf2551b7ebfc3d,"{""distance"":3,""physical_error_rate"":5e-05}","{""detection_events"":4260,""detectors_checked"":38209536}"
   1112064,         0,         0,    60.9,decoder_by_matrix,73784f3389b885bc1b704dac0b44b83e08b79da81bcec9ed749229213445f550,"{""distance"":3,""physical_error_rate"":1e-05}","{""detection_events"":1362,""detectors_checked"":60051456}"
    532480,        10,         0,    61.8,decoder_by_matrix,5dee359087c4b9ae2c20477a4d5136d2695095b0438111838e7093c679bd3c20,"{""distance"":3,""physical_error_rate"":0.0005}","{""detection_events"":31551,""detectors_checked"":28753920,""obs_mistake_mask=_EEE"":1,""obs_mistake_mask=_EE_"":3,""obs_mistake_mask=_E_E"":1,""obs_mistake_mask=_E__"":3,""obs_mistake_mask=__EE"":1,""obs_mistake_mask=___E"":1}"
   1118208,         0,         0,    61.1,decoder_by_matrix,73784f3389b885bc1b704dac0b44b83e08b79da81bcec9ed749229213445f550,"{""distance"":3,""physical_error_rate"":1e-05}","{""detection_events"":1290,""detectors_checked"":60383232}"
    536576,        13,         0,    61.9,decoder_by_matrix,5dee359087c4b9ae2c20477a4d5136d2695095b0438111838e7093c679bd3c20,"{""distance"":3,""physical_error_rate"":0.0005}","{""detection_events"":31725,""detectors_checked"":28975104,""obs_mistake_mask=_EEE"":1,""obs_mistake_mask=_EE_"":3,""obs_mistake_mask=_E__"":3,""obs_mistake_mask=__EE"":1,""obs_mistake_mask=__E_"":1,""obs_mistake_mask=___E"":4}"
    533504,        14,         0,    62.3,decoder_by_matrix,5dee359087c4b9ae2c20477a4d5136d2695095b0438111838e7093c679bd3c20,"{""distance"":3,""physical_error_rate"":0.0005}","{""detection_events"":31410,""detectors_checked"":28809216,""obs_mistake_mask=E___"":2,""obs_mistake_mask=_E_E"":2,""obs_mistake_mask=_E__"":4,""obs_mistake_mask=__EE"":1,""obs_mistake_mask=__E_"":2,""obs_mistake_mask=___E"":3}"
   1413120,         0,         0,    61.3,decoder_by_matrix,b3c6da8537ae85d54cd5acd57fc4d5a00e23be04de7c70760ac5fa4b0f5f70dc,"{""distance"":3,""physical_error_rate"":1e-06}","{""detection_events"":102,""detectors_checked"":76308480}"
    532480,        20,         0,    61.2,decoder_by_matrix,5dee359087c4b9ae2c20477a4d5136d2695095b0438111838e7093c679bd3c20,"{""distance"":3,""physical_error_rate"":0.0005}","{""detection_events"":31581,""detectors_checked"":28753920,""obs_mistake_mask=E___"":3,""obs_mistake_mask=_EEE"":1,""obs_mistake_mask=_EE_"":1,""obs_mistake_mask=_E__"":6,""obs_mistake_mask=__EE"":3,""obs_mistake_mask=__E_"":2,""obs_mistake_mask=___E"":4}"
    518144,        48,         0,    61.6,decoder_by_matrix,e45af4f98fc7ee1c9936a6749fec74122c57b4ab96343d0e01c96593a4531898,"{""distance"":3,""physical_error_rate"":0.001}","{""detection_events"":62526,""detectors_checked"":27979776,""obs_mistake_mask=E_E_"":1,""obs_mistake_mask=E___"":5,""obs_mistake_mask=_EEE"":7,""obs_mistake_mask=_EE_"":5,""obs_mistake_mask=_E_E"":6,""obs_mistake_mask=_E__"":4,""obs_mistake_mask=__EE"":4,""obs_mistake_mask=__E_"":5,""obs_mistake_mask=___E"":11}"
   1377280,         0,         0,    60.2,decoder_by_matrix,b3c6da8537ae85d54cd5acd57fc4d5a00e23be04de7c70760ac5fa4b0f5f70dc,"{""distance"":3,""physical_error_rate"":1e-06}","{""detection_events"":201,""detectors_checked"":74373120}"
    711680,         0,         0,    60.7,decoder_by_matrix,cd5aa4935a142b600239883e928f6c7fc9fbc8c84161e9ed59cf2551b7ebfc3d,"{""distance"":3,""physical_error_rate"":5e-05}","{""detection_events"":4284,""detectors_checked"":38430720}"
    596992,         1,         0,    61.3,decoder_by_matrix,c8397cb2c46e4683a6f3970bc42cef1aabfef4d80cfcd6b8313e87630b680ee2,"{""distance"":3,""physical_error_rate"":0.0001}","{""detection_events"":7014,""detectors_checked"":32237568,""obs_mistake_mask=__E_"":1}"
    519168,        46,         0,    62.4,decoder_by_matrix,e45af4f98fc7ee1c9936a6749fec74122c57b4ab96343d0e01c96593a4531898,"{""distance"":3,""physical_error_rate"":0.001}","{""detection_events"":62073,""detectors_checked"":28035072,""obs_mistake_mask=E___"":2,""obs_mistake_mask=_EEE"":3,""obs_mistake_mask=_EE_"":5,""obs_mistake_mask=_E_E"":7,""obs_mistake_mask=_E__"":4,""obs_mistake_mask=__EE"":6,""obs_mistake_mask=__E_"":14,""obs_mistake_mask=___E"":5}"
   1123328,         0,         0,    60.0,decoder_by_matrix,73784f3389b885bc1b704dac0b44b83e08b79da81bcec9ed749229213445f550,"{""distance"":3,""physical_error_rate"":1e-05}","{""detection_events"":1275,""detectors_checked"":60659712}"
    592896,         1,         0,    61.7,decoder_by_matrix,c8397cb2c46e4683a6f3970bc42cef1aabfef4d80cfcd6b8313e87630b680ee2,"{""distance"":3,""physical_error_rate"":0.0001}","{""detection_events"":7137,""detectors_checked"":32016384,""obs_mistake_mask=_E__"":1}"
   1218560,         0,         0,    61.0,decoder_by_matrix,1222905ef2c3e0b3841e2be415851bad02a0949e12b9844f6b979980572eaa40,"{""distance"":3,""physical_error_rate"":5e-06}","{""detection_events"":828,""detectors_checked"":65802240}"
    594944,         0,         0,    61.7,decoder_by_matrix,c8397cb2c46e4683a6f3970bc42cef1aabfef4d80cfcd6b8313e87630b680ee2,"{""distance"":3,""physical_error_rate"":0.0001}","{""detection_events"":7206,""detectors_checked"":32126976}"
    687104,         0,         0,    62.0,decoder_by_matrix,cd5aa4935a142b600239883e928f6c7fc9fbc8c84161e9ed59cf2551b7ebfc3d,"{""distance"":3,""physical_error_rate"":5e-05}","{""detection_events"":4242,""detectors_checked"":37103616}"
   1224704,         0,         0,    60.8,decoder_by_matrix,1222905ef2c3e0b3841e2be415851bad02a0949e12b9844f6b979980572eaa40,"{""distance"":3,""physical_error_rate"":5e-06}","{""detection_events"":777,""detectors_checked"":66134016}"
   1239040,         0,         0,    59.5,decoder_by_matrix,1222905ef2c3e0b3841e2be415851bad02a0949e12b9844f6b979980572eaa40,"{""distance"":3,""physical_error_rate"":5e-06}","{""detection_events"":798,""detectors_checked"":66908160}"
   1248256,         0,         0,    59.5,decoder_by_matrix,1222905ef2c3e0b3841e2be415851bad02a0949e12b9844f6b979980572eaa40,"{""distance"":3,""physical_error_rate"":5e-06}","{""detection_events"":732,""detectors_checked"":67405824}"
    697344,         0,         0,    61.3,decoder_by_matrix,cd5aa4935a142b600239883e928f6c7fc9fbc8c84161e9ed59cf2551b7ebfc3d,"{""distance"":3,""physical_error_rate"":5e-05}","{""detection_events"":4038,""detectors_checked"":37656576}"
    589824,         0,         0,    61.9,decoder_by_matrix,c8397cb2c46e4683a6f3970bc42cef1aabfef4d80cfcd6b8313e87630b680ee2,"{""distance"":3,""physical_error_rate"":0.0001}","{""detection_events"":6906,""detectors_checked"":31850496}"
    533504,        10,         0,    61.1,decoder_by_matrix,5dee359087c4b9ae2c20477a4d5136d2695095b0438111838e7093c679bd3c20,"{""distance"":3,""physical_error_rate"":0.0005}","{""detection_events"":31257,""detectors_checked"":28809216,""obs_mistake_mask=E___"":1,""obs_mistake_mask=_EEE"":2,""obs_mistake_mask=_EE_"":3,""obs_mistake_mask=__EE"":1,""obs_mistake_mask=__E_"":1,""obs_mistake_mask=___E"":2}"
   1128448,         0,         0,    58.9,decoder_by_matrix,73784f3389b885bc1b704dac0b44b83e08b79da81bcec9ed749229213445f550,"{""distance"":3,""physical_error_rate"":1e-05}","{""detection_events"":1200,""detectors_checked"":60936192}"
   1369088,         0,         0,    60.4,decoder_by_matrix,b3c6da8537ae85d54cd5acd57fc4d5a00e23be04de7c70760ac5fa4b0f5f70dc,"{""distance"":3,""physical_error_rate"":1e-06}","{""detection_events"":261,""detectors_checked"":73930752}"
    512000,        41,         0,    62.1,decoder_by_matrix,e45af4f98fc7ee1c9936a6749fec74122c57b4ab96343d0e01c96593a4531898,"{""distance"":3,""physical_error_rate"":0.001}","{""detection_events"":60939,""detectors_checked"":27648000,""obs_mistake_mask=EE_E"":1,""obs_mistake_mask=E___"":4,""obs_mistake_mask=_EEE"":5,""obs_mistake_mask=_EE_"":2,""obs_mistake_mask=_E_E"":5,""obs_mistake_mask=_E__"":5,""obs_mistake_mask=__EE"":7,""obs_mistake_mask=__E_"":4,""obs_mistake_mask=___E"":8}"
   1392640,         0,         0,    60.8,decoder_by_matrix,b3c6da8537ae85d54cd5acd57fc4d5a00e23be04de7c70760ac5fa4b0f5f70dc,"{""distance"":3,""physical_error_rate"":1e-06}","{""detection_events"":162,""detectors_checked"":75202560}"
    698368,         1,         0,    61.7,decoder_by_matrix,cd5aa4935a142b600239883e928f6c7fc9fbc8c84161e9ed59cf2551b7ebfc3d,"{""distance"":3,""physical_error_rate"":5e-05}","{""detection_events"":4314,""detectors_checked"":37711872,""obs_mistake_mask=_EEE"":1}"
   1117184,         0,         0,    60.0,decoder_by_matrix,73784f3389b885bc1b704dac0b44b83e08b79da81bcec9ed749229213445f550,"{""distance"":3,""physical_error_rate"":1e-05}","{""detection_events"":1224,""detectors_checked"":60327936}"
    588800,         1,         0,    61.2,decoder_by_matrix,c8397cb2c46e4683a6f3970bc42cef1aabfef4d80cfcd6b8313e87630b680ee2,"{""distance"":3,""physical_error_rate"":0.0001}","{""detection_events"":7164,""detectors_checked"":31795200,""obs_mistake_mask=___E"":1}"
    530432,        10,         0,    61.8,decoder_by_matrix,5dee359087c4b9ae2c20477a4d5136d2695095b0438111838e7093c679bd3c20,"{""distance"":3,""physical_error_rate"":0.0005}","{""detection_events"":31125,""detectors_checked"":28643328,""obs_mistake_mask=E___"":1,""obs_mistake_mask=_EEE"":3,""obs_mistake_mask=_E_E"":1,""obs_mistake_mask=_E__"":1,""obs_mistake_mask=__EE"":1,""obs_mistake_mask=__E_"":1,""obs_mistake_mask=___E"":2}"
   1103872,         0,         0,    61.7,decoder_by_matrix,73784f3389b885bc1b704dac0b44b83e08b79da81bcec9ed749229213445f550,"{""distance"":3,""physical_error_rate"":1e-05}","{""detection_events"":1308,""detectors_checked"":59609088}"
    716800,         0,         0,    30.7,decoder_by_matrix,b3c6da8537ae85d54cd5acd57fc4d5a00e23be04de7c70760ac5fa4b0f5f70dc,"{""distance"":3,""physical_error_rate"":1e-06}","{""detection_events"":54,""detectors_checked"":38707200}"
    263168,        18,         0,    31.2,decoder_by_matrix,e45af4f98fc7ee1c9936a6749fec74122c57b4ab96343d0e01c96593a4531898,"{""distance"":3,""physical_error_rate"":0.001}","{""detection_events"":30762,""detectors_checked"":14211072,""obs_mistake_mask=E___"":1,""obs_mistake_mask=_EEE"":4,""obs_mistake_mask=_EE_"":1,""obs_mistake_mask=_E_E"":2,""obs_mistake_mask=_E__"":4,""obs_mistake_mask=__E_"":4,""obs_mistake_mask=___E"":2}"
    268288,         6,         0,    31.7,decoder_by_matrix,5dee359087c4b9ae2c20477a4d5136d2695095b0438111838e7093c679bd3c20,"{""distance"":3,""physical_error_rate"":0.0005}","{""detection_events"":16080,""detectors_checked"":14487552,""obs_mistake_mask=E___"":1,""obs_mistake_mask=_EE_"":1,""obs_mistake_mask=_E__"":2,""obs_mistake_mask=__E_"":2}"
    264192,        18,         0,    32.3,decoder_by_matrix,e45af4f98fc7ee1c9936a6749fec74122c57b4ab96343d0e01c96593a4531898,"{""distance"":3,""physical_error_rate"":0.001}","{""detection_events"":31377,""detectors_checked"":14266368,""obs_mistake_mask=E___"":1,""obs_mistake_mask=_EEE"":3,""obs_mistake_mask=_EE_"":5,""obs_mistake_mask=_E_E"":1,""obs_mistake_mask=_E__"":5,""obs_mistake_mask=__E_"":1,""obs_mistake_mask=___E"":2}"
    622592,         0,         0,    30.9,decoder_by_matrix,1222905ef2c3e0b3841e2be415851bad02a0949e12b9844f6b979980572eaa40,"{""distance"":3,""physical_error_rate"":5e-06}","{""detection_events"":402,""detectors_checked"":33619968}"
    351232,         0,         0,    31.4,decoder_by_matrix,cd5aa4935a142b600239883e928f6c7fc9fbc8c84161e9ed59cf2551b7ebfc3d,"{""distance"":3,""physical_error_rate"":5e-05}","{""detection_events"":2121,""detectors_checked"":18966528}"
    299008,         0,         0,    31.6,decoder_by_matrix,c8397cb2c46e4683a6f3970bc42cef1aabfef4d80cfcd6b8313e87630b680ee2,"{""distance"":3,""physical_error_rate"":0.0001}","{""detection_events"":3597,""detectors_checked"":16146432}"
    567296,         0,         0,    31.5,decoder_by_matrix,73784f3389b885bc1b704dac0b44b83e08b79da81bcec9ed749229213445f550,"{""distance"":3,""physical_error_rate"":1e-05}","{""detection_events"":639,""detectors_checked"":30633984}"
    516096,        36,         0,    62.2,decoder_by_matrix,e45af4f98fc7ee1c9936a6749fec74122c57b4ab96343d0e01c96593a4531898,"{""distance"":3,""physical_error_rate"":0.001}","{""detection_events"":60648,""detectors_checked"":27869184,""obs_mistake_mask=E___"":2,""obs_mistake_mask=_EEE"":2,""obs_mistake_mask=_EE_"":7,""obs_mistake_mask=_E_E"":2,""obs_mistake_mask=_E__"":6,""obs_mistake_mask=__EE"":5,""obs_mistake_mask=__E_"":7,""obs_mistake_mask=___E"":5}"
    709632,         1,         0,    61.8,decoder_by_matrix,cd5aa4935a142b600239883e928f6c7fc9fbc8c84161e9ed59cf2551b7ebfc3d,"{""distance"":3,""physical_error_rate"":5e-05}","{""detection_events"":4104,""detectors_checked"":38320128,""obs_mistake_mask=___E"":1}"
   1233920,         0,         0,    60.5,decoder_by_matrix,1222905ef2c3e0b3841e2be415851bad02a0949e12b9844f6b979980572eaa40,"{""distance"":3,""physical_error_rate"":5e-06}","{""detection_events"":741,""detectors_checked"":66631680}"
   1382400,         0,         0,    60.8,decoder_by_matrix,b3c6da8537ae85d54cd5acd57fc4d5a00e23be04de7c70760ac5fa4b0f5f70dc,"{""distance"":3,""physical_error_rate"":1e-06}","{""detection_events"":186,""detectors_checked"":74649600}"
   1100800,         0,         0,    59.4,decoder_by_matrix,73784f3389b885bc1b704dac0b44b83e08b79da81bcec9ed749229213445f550,"{""distance"":3,""physical_error_rate"":1e-05}","{""detection_events"":1263,""detectors_checked"":59443200}"
    584704,         0,         0,    62.0,decoder_by_matrix,c8397cb2c46e4683a6f3970bc42cef1aabfef4d80cfcd6b8313e87630b680ee2,"{""distance"":3,""physical_error_rate"":0.0001}","{""detection_events"":6999,""detectors_checked"":31574016}"
    532480,         8,         0,    61.6,decoder_by_matrix,5dee359087c4b9ae2c20477a4d5136d2695095b0438111838e7093c679bd3c20,"{""distance"":3,""physical_error_rate"":0.0005}","{""detection_events"":31782,""detectors_checked"":28753920,""obs_mistake_mask=E___"":1,""obs_mistake_mask=_EEE"":3,""obs_mistake_mask=_EE_"":2,""obs_mistake_mask=_E_E"":1,""obs_mistake_mask=__E_"":1}"
    991232,         0,         0,    43.6,decoder_by_matrix,b3c6da8537ae85d54cd5acd57fc4d5a00e23be04de7c70760ac5fa4b0f5f70dc,"{""distance"":3,""physical_error_rate"":1e-06}","{""detection_events"":102,""detectors_checked"":53526528}"
    367616,        33,         0,    44.1,decoder_by_matrix,e45af4f98fc7ee1c9936a6749fec74122c57b4ab96343d0e01c96593a4531898,"{""distance"":3,""physical_error_rate"":0.001}","{""detection_events"":42816,""detectors_checked"":19851264,""obs_mistake_mask=E___"":3,""obs_mistake_mask=_EEE"":5,""obs_mistake_mask=_EE_"":5,""obs_mistake_mask=_E_E"":6,""obs_mistake_mask=_E__"":4,""obs_mistake_mask=__EE"":3,""obs_mistake_mask=__E_"":4,""obs_mistake_mask=___E"":3}"
    376832,         8,         0,    44.0,decoder_by_matrix,5dee359087c4b9ae2c20477a4d5136d2695095b0438111838e7093c679bd3c20,"{""distance"":3,""physical_error_rate"":0.0005}","{""detection_events"":22587,""detectors_checked"":20348928,""obs_mistake_mask=E___"":1,""obs_mistake_mask=_EE_"":1,""obs_mistake_mask=_E_E"":1,""obs_mistake_mask=_E__"":3,""obs_mistake_mask=___E"":2}"
    367616,        28,         0,    44.0,decoder_by_matrix,e45af4f98fc7ee1c9936a6749fec74122c57b4ab96343d0e01c96593a4531898,"{""distance"":3,""physical_error_rate"":0.001}","{""detection_events"":42918,""detectors_checked"":19851264,""obs_mistake_mask=E___"":1,""obs_mistake_mask=_EEE"":3,""obs_mistake_mask=_EE_"":3,""obs_mistake_mask=_E_E"":2,""obs_mistake_mask=_E__"":5,""obs_mistake_mask=__EE"":5,""obs_mistake_mask=__E_"":3,""obs_mistake_mask=___E"":6}"
    871424,         0,         0,    42.8,decoder_by_matrix,1222905ef2c3e0b3841e2be415851bad02a0949e12b9844f6b979980572eaa40,"{""distance"":3,""physical_error_rate"":5e-06}","{""detection_events"":588,""detectors_checked"":47056896}"
    489472,         0,         0,    43.6,decoder_by_matrix,cd5aa4935a142b600239883e928f6c7fc9fbc8c84161e9ed59cf2551b7ebfc3d,"{""distance"":3,""physical_error_rate"":5e-05}","{""detection_events"":3096,""detectors_checked"":26431488}"
    424960,         0,         0,    44.1,decoder_by_matrix,c8397cb2c46e4683a6f3970bc42cef1aabfef4d80cfcd6b8313e87630b680ee2,"{""distance"":3,""physical_error_rate"":0.0001}","{""detection_events"":5085,""detectors_checked"":22947840}"
    784384,         0,         0,    42.7,decoder_by_matrix,73784f3389b885bc1b704dac0b44b83e08b79da81bcec9ed749229213445f550,"{""distance"":3,""physical_error_rate"":1e-05}","{""detection_events"":927,""detectors_checked"":42356736}"
   1701888,         0,         0,    84.5,decoder_by_matrix,1222905ef2c3e0b3841e2be415851bad02a0949e12b9844f6b979980572eaa40,"{""distance"":3,""physical_error_rate"":5e-06}","{""detection_events"":1110,""detectors_checked"":91901952}"
    745472,        14,         0,    87.1,decoder_by_matrix,5dee359087c4b9ae2c20477a4d5136d2695095b0438111838e7093c679bd3c20,"{""distance"":3,""physical_error_rate"":0.0005}","{""detection_events"":44664,""detectors_checked"":40255488,""obs_mistake_mask=E___"":2,""obs_mistake_mask=_EEE"":2,""obs_mistake_mask=_EE_"":1,""obs_mistake_mask=_E_E"":2,""obs_mistake_mask=_E__"":3,""obs_mistake_mask=__EE"":1,""obs_mistake_mask=___E"":3}"
    828416,         0,         0,    87.7,decoder_by_matrix,c8397cb2c46e4683a6f3970bc42cef1aabfef4d80cfcd6b8313e87630b680ee2,"{""distance"":3,""physical_error_rate"":0.0001}","{""detection_events"":9999,""detectors_checked"":44734464}"
   1955840,         0,         0,    84.3,decoder_by_matrix,b3c6da8537ae85d54cd5acd57fc4d5a00e23be04de7c70760ac5fa4b0f5f70dc,"{""distance"":3,""physical_error_rate"":1e-06}","{""detection_events"":192,""detectors_checked"":105615360}"
   1727488,         0,         0,    85.6,decoder_by_matrix,1222905ef2c3e0b3841e2be415851bad02a0949e12b9844f6b979980572eaa40,"{""distance"":3,""physical_error_rate"":5e-06}","{""detection_events"":1062,""detectors_checked"":93284352}"
    720896,        54,         0,    86.0,decoder_by_matrix,e45af4f98fc7ee1c9936a6749fec74122c57b4ab96343d0e01c96593a4531898,"{""distance"":3,""physical_error_rate"":0.001}","{""detection_events"":88614,""detectors_checked"":38928384,""obs_mistake_mask=E___"":4,""obs_mistake_mask=_EEE"":10,""obs_mistake_mask=_EE_"":6,""obs_mistake_mask=_E_E"":8,""obs_mistake_mask=_E__"":4,""obs_mistake_mask=__EE"":5,""obs_mistake_mask=__E_"":7,""obs_mistake_mask=___E"":10}"
    716800,        63,         0,    86.2,decoder_by_matrix,e45af4f98fc7ee1c9936a6749fec74122c57b4ab96343d0e01c96593a4531898,"{""distance"":3,""physical_error_rate"":0.001}","{""detection_events"":85533,""detectors_checked"":38707200,""obs_mistake_mask=E___"":4,""obs_mistake_mask=_EEE"":2,""obs_mistake_mask=_EE_"":7,""obs_mistake_mask=_E_E"":8,""obs_mistake_mask=_E__"":6,""obs_mistake_mask=__EE"":5,""obs_mistake_mask=__E_"":17,""obs_mistake_mask=___E"":14}"
    986112,         1,         0,    85.6,decoder_by_matrix,cd5aa4935a142b600239883e928f6c7fc9fbc8c84161e9ed59cf2551b7ebfc3d,"{""distance"":3,""physical_error_rate"":5e-05}","{""detection_events"":5778,""detectors_checked"":53250048,""obs_mistake_mask=__EE"":1}"
    973824,         0,         0,    86.5,decoder_by_matrix,cd5aa4935a142b600239883e928f6c7fc9fbc8c84161e9ed59cf2551b7ebfc3d,"{""distance"":3,""physical_error_rate"":5e-05}","{""detection_events"":6024,""detectors_checked"":52586496}"
    717824,        51,         0,    87.5,decoder_by_matrix,e45af4f98fc7ee1c9936a6749fec74122c57b4ab96343d0e01c96593a4531898,"{""distance"":3,""physical_error_rate"":0.001}","{""detection_events"":85896,""detectors_checked"":38762496,""obs_mistake_mask=E___"":3,""obs_mistake_mask=_EEE"":6,""obs_mistake_mask=_EE_"":4,""obs_mistake_mask=_E_E"":13,""obs_mistake_mask=_E__"":4,""obs_mistake_mask=__EE"":5,""obs_mistake_mask=__E_"":6,""obs_mistake_mask=___E"":10}"
   1953792,         0,         0,    83.7,decoder_by_matrix,b3c6da8537ae85d54cd5acd57fc4d5a00e23be04de7c70760ac5fa4b0f5f70dc,"{""distance"":3,""physical_error_rate"":1e-06}","{""detection_events"":216,""detectors_checked"":105504768}"
   1945600,         0,         0,    85.7,decoder_by_matrix,b3c6da8537ae85d54cd5acd57fc4d5a00e23be04de7c70760ac5fa4b0f5f70dc,"{""distance"":3,""physical_error_rate"":1e-06}","{""detection_events"":201,""detectors_checked"":105062400}"
   1736704,         0,         0,    84.5,decoder_by_matrix,1222905ef2c3e0b3841e2be415851bad02a0949e12b9844f6b979980572eaa40,"{""distance"":3,""physical_error_rate"":5e-06}","{""detection_events"":954,""detectors_checked"":93782016}"
   1550336,         0,         0,    85.3,decoder_by_matrix,73784f3389b885bc1b704dac0b44b83e08b79da81bcec9ed749229213445f550,"{""distance"":3,""physical_error_rate"":1e-05}","{""detection_events"":1824,""detectors_checked"":83718144}"
    716800,        61,         0,    87.0,decoder_by_matrix,e45af4f98fc7ee1c9936a6749fec74122c57b4ab96343d0e01c96593a4531898,"{""distance"":3,""physical_error_rate"":0.001}","{""detection_events"":85536,""detectors_checked"":38707200,""obs_mistake_mask=E___"":6,""obs_mistake_mask=_EEE"":9,""obs_mistake_mask=_EE_"":9,""obs_mistake_mask=_E_E"":4,""obs_mistake_mask=_E__"":13,""obs_mistake_mask=__EE"":6,""obs_mistake_mask=__E_"":7,""obs_mistake_mask=___E"":7}"
    837632,         1,         0,    87.4,decoder_by_matrix,c8397cb2c46e4683a6f3970bc42cef1aabfef4d80cfcd6b8313e87630b680ee2,"{""distance"":3,""physical_error_rate"":0.0001}","{""detection_events"":10467,""detectors_checked"":45232128,""obs_mistake_mask=_E__"":1}"
    741376,        18,         0,    86.5,decoder_by_matrix,5dee359087c4b9ae2c20477a4d5136d2695095b0438111838e7093c679bd3c20,"{""distance"":3,""physical_error_rate"":0.0005}","{""detection_events"":44289,""detectors_checked"":40034304,""obs_mistake_mask=E___"":1,""obs_mistake_mask=_EEE"":2,""obs_mistake_mask=_EE_"":2,""obs_mistake_mask=_E_E"":2,""obs_mistake_mask=_E__"":1,""obs_mistake_mask=__EE"":2,""obs_mistake_mask=__E_"":5,""obs_mistake_mask=___E"":3}"
   1570816,         0,         0,    85.5,decoder_by_matrix,73784f3389b885bc1b704dac0b44b83e08b79da81bcec9ed749229213445f550,"{""distance"":3,""physical_error_rate"":1e-05}","{""detection_events"":1830,""detectors_checked"":84824064}"
    988160,         0,         0,    85.3,decoder_by_matrix,cd5aa4935a142b600239883e928f6c7fc9fbc8c84161e9ed59cf2551b7ebfc3d,"{""distance"":3,""physical_error_rate"":5e-05}","{""detection_events"":5877,""detectors_checked"":53360640}"
   1564672,         0,         0,    85.4,decoder_by_matrix,73784f3389b885bc1b704dac0b44b83e08b79da81bcec9ed749229213445f550,"{""distance"":3,""physical_error_rate"":1e-05}","{""detection_events"":1773,""detectors_checked"":84492288}"
    743424,        16,         0,    85.7,decoder_by_matrix,5dee359087c4b9ae2c20477a4d5136d2695095b0438111838e7093c679bd3c20,"{""distance"":3,""physical_error_rate"":0.0005}","{""detection_events"":44943,""detectors_checked"":40144896,""obs_mistake_mask=_EEE"":1,""obs_mistake_mask=_EE_"":1,""obs_mistake_mask=_E_E"":2,""obs_mistake_mask=_E__"":4,""obs_mistake_mask=__EE"":3,""obs_mistake_mask=__E_"":3,""obs_mistake_mask=___E"":2}"
    740352,        14,         0,    86.8,decoder_by_matrix,5dee359087c4b9ae2c20477a4d5136d2695095b0438111838e7093c679bd3c20,"{""distance"":3,""physical_error_rate"":0.0005}","{""detection_events"":44295,""detectors_checked"":39979008,""obs_mistake_mask=E___"":1,""obs_mistake_mask=_EEE"":1,""obs_mistake_mask=_EE_"":2,""obs_mistake_mask=_E_E"":1,""obs_mistake_mask=_E__"":2,""obs_mistake_mask=__EE"":1,""obs_mistake_mask=__E_"":1,""obs_mistake_mask=___E"":5}"
    741376,        18,         0,    86.9,decoder_by_matrix,5dee359087c4b9ae2c20477a4d5136d2695095b0438111838e7093c679bd3c20,"{""distance"":3,""physical_error_rate"":0.0005}","{""detection_events"":44799,""detectors_checked"":40034304,""obs_mistake_mask=E___"":1,""obs_mistake_mask=_EEE"":3,""obs_mistake_mask=_EE_"":1,""obs_mistake_mask=_E__"":2,""obs_mistake_mask=__EE"":4,""obs_mistake_mask=__E_"":2,""obs_mistake_mask=___E"":5}"
    719872,        42,         0,    86.5,decoder_by_matrix,e45af4f98fc7ee1c9936a6749fec74122c57b4ab96343d0e01c96593a4531898,"{""distance"":3,""physical_error_rate"":0.001}","{""detection_events"":86232,""detectors_checked"":38873088,""obs_mistake_mask=E___"":7,""obs_mistake_mask=_EEE"":8,""obs_mistake_mask=_EE_"":5,""obs_mistake_mask=_E_E"":2,""obs_mistake_mask=_E__"":9,""obs_mistake_mask=__EE"":4,""obs_mistake_mask=__E_"":4,""obs_mistake_mask=___E"":3}"
   1928192,         0,         0,    83.3,decoder_by_matrix,b3c6da8537ae85d54cd5acd57fc4d5a00e23be04de7c70760ac5fa4b0f5f70dc,"{""distance"":3,""physical_error_rate"":1e-06}","{""detection_events"":294,""detectors_checked"":104122368}"
   1926144,         0,         0,    85.6,decoder_by_matrix,b3c6da8537ae85d54cd5acd57fc4d5a00e23be04de7c70760ac5fa4b0f5f70dc,"{""distance"":3,""physical_error_rate"":1e-06}","{""detection_events"":240,""detectors_checked"":104011776}"
    986112,         1,         0,    85.0,decoder_by_matrix,cd5aa4935a142b600239883e928f6c7fc9fbc8c84161e9ed59cf2551b7ebfc3d,"{""distance"":3,""physical_error_rate"":5e-05}","{""detection_events"":5922,""detectors_checked"":53250048,""obs_mistake_mask=__E_"":1}"
    718848,        57,         0,    86.2,decoder_by_matrix,e45af4f98fc7ee1c9936a6749fec74122c57b4ab96343d0e01c96593a4531898,"{""distance"":3,""physical_error_rate"":0.001}","{""detection_events"":86055,""detectors_checked"":38817792,""obs_mistake_mask=E___"":6,""obs_mistake_mask=_EEE"":5,""obs_mistake_mask=_EE_"":6,""obs_mistake_mask=_E_E"":8,""obs_mistake_mask=_E__"":9,""obs_mistake_mask=__EE"":1,""obs_mistake_mask=__E_"":15,""obs_mistake_mask=___E"":7}"
    826368,         1,         0,    85.1,decoder_by_matrix,c8397cb2c46e4683a6f3970bc42cef1aabfef4d80cfcd6b8313e87630b680ee2,"{""distance"":3,""physical_error_rate"":0.0001}","{""detection_events"":9975,""detectors_checked"":44623872,""obs_mistake_mask=___E"":1}"
   1532928,         0,         0,    85.0,decoder_by_matrix,73784f3389b885bc1b704dac0b44b83e08b79da81bcec9ed749229213445f550,"{""distance"":3,""physical_error_rate"":1e-05}","{""detection_events"":1875,""detectors_checked"":82778112}"
   1729536,         0,         0,    83.7,decoder_by_matrix,1222905ef2c3e0b3841e2be415851bad02a0949e12b9844f6b979980572eaa40,"{""distance"":3,""physical_error_rate"":5e-06}","{""detection_events"":1041,""detectors_checked"":93394944}"
    830464,         0,         0,    84.7,decoder_by_matrix,c8397cb2c46e4683a6f3970bc42cef1aabfef4d80cfcd6b8313e87630b680ee2,"{""distance"":3,""physical_error_rate"":0.0001}","{""detection_events"":10011,""detectors_checked"":44845056}"
    841728,         0,         0,    86.4,decoder_by_matrix,c8397cb2c46e4683a6f3970bc42cef1aabfef4d80cfcd6b8313e87630b680ee2,"{""distance"":3,""physical_error_rate"":0.0001}","{""detection_events"":9903,""detectors_checked"":45453312}"
    976896,         0,         0,    85.7,decoder_by_matrix,cd5aa4935a142b600239883e928f6c7fc9fbc8c84161e9ed59cf2551b7ebfc3d,"{""distance"":3,""physical_error_rate"":5e-05}","{""detection_events"":5868,""detectors_checked"":52752384}"
   1691648,         0,         0,    84.5,decoder_by_matrix,1222905ef2c3e0b3841e2be415851bad02a0949e12b9844f6b979980572eaa40,"{""distance"":3,""physical_error_rate"":5e-06}","{""detection_events"":1113,""detectors_checked"":91348992}"
   1722368,         0,         0,    84.9,decoder_by_matrix,1222905ef2c3e0b3841e2be415851bad02a0949e12b9844f6b979980572eaa40,"{""distance"":3,""physical_error_rate"":5e-06}","{""detection_events"":1119,""detectors_checked"":93007872}"
   1713152,         0,         0,    85.1,decoder_by_matrix,1222905ef2c3e0b3841e2be415851bad02a0949e12b9844f6b979980572eaa40,"{""distance"":3,""physical_error_rate"":5e-06}","{""detection_events"":1104,""detectors_checked"":92510208}"
    965632,         0,         0,    84.8,decoder_by_matrix,cd5aa4935a142b600239883e928f6c7fc9fbc8c84161e9ed59cf2551b7ebfc3d,"{""distance"":3,""physical_error_rate"":5e-05}","{""detection_events"":6015,""detectors_checked"":52144128}"
    742400,        15,         0,    87.0,decoder_by_matrix,5dee359087c4b9ae2c20477a4d5136d2695095b0438111838e7093c679bd3c20,"{""distance"":3,""physical_error_rate"":0.0005}","{""detection_events"":43899,""detectors_checked"":40089600,""obs_mistake_mask=E___"":3,""obs_mistake_mask=_EEE"":1,""obs_mistake_mask=_EE_"":2,""obs_mistake_mask=_E_E"":2,""obs_mistake_mask=_E__"":1,""obs_mistake_mask=__EE"":1,""obs_mistake_mask=__E_"":2,""obs_mistake_mask=___E"":3}"
    813056,         2,         0,    86.6,decoder_by_matrix,c8397cb2c46e4683a6f3970bc42cef1aabfef4d80cfcd6b8313e87630b680ee2,"{""distance"":3,""physical_error_rate"":0.0001}","{""detection_events"":10212,""detectors_checked"":43905024,""obs_mistake_mask=_EEE"":1,""obs_mistake_mask=__EE"":1}"
   1563648,         0,         0,    85.1,decoder_by_matrix,73784f3389b885bc1b704dac0b44b83e08b79da81bcec9ed749229213445f550,"{""distance"":3,""physical_error_rate"":1e-05}","{""detection_events"":1755,""detectors_checked"":84436992}"
   1960960,         0,         0,    83.8,decoder_by_matrix,b3c6da8537ae85d54cd5acd57fc4d5a00e23be04de7c70760ac5fa4b0f5f70dc,"{""distance"":3,""physical_error_rate"":1e-06}","{""detection_events"":174,""detectors_checked"":105891840}"
    712704,        52,         0,    85.9,decoder_by_matrix,e45af4f98fc7ee1c9936a6749fec74122c57b4ab96343d0e01c96593a4531898,"{""distance"":3,""physical_error_rate"":0.001}","{""detection_events"":85164,""detectors_checked"":38486016,""obs_mistake_mask=E___"":2,""obs_mistake_mask=_EEE"":5,""obs_mistake_mask=_EE_"":7,""obs_mistake_mask=_E_E"":3,""obs_mistake_mask=_E__"":9,""obs_mistake_mask=__EE"":4,""obs_mistake_mask=__E_"":13,""obs_mistake_mask=___E"":9}"
   1931264,         0,         0,    83.7,decoder_by_matrix,b3c6da8537ae85d54cd5acd57fc4d5a00e23be04de7c70760ac5fa4b0f5f70dc,"{""distance"":3,""physical_error_rate"":1e-06}","{""detection_events"":201,""detectors_checked"":104288256}"
   1013760,         0,         0,    84.9,decoder_by_matrix,cd5aa4935a142b600239883e928f6c7fc9fbc8c84161e9ed59cf2551b7ebfc3d,"{""distance"":3,""physical_error_rate"":5e-05}","{""detection_events"":5601,""detectors_checked"":54743040}"
   1554432,         0,         0,    84.1,decoder_by_matrix,73784f3389b885bc1b704dac0b44b83e08b79da81bcec9ed749229213445f550,"{""distance"":3,""physical_error_rate"":1e-05}","{""detection_events"":1767,""detectors_checked"":83939328}"
    735232,        23,         0,    85.5,decoder_by_matrix,5dee359087c4b9ae2c20477a4d5136d2695095b0438111838e7093c679bd3c20,"{""distance"":3,""physical_error_rate"":0.0005}","{""detection_events"":44181,""detectors_checked"":39702528,""obs_mistake_mask=E___"":3,""obs_mistake_mask=_EEE"":2,""obs_mistake_mask=_EE_"":1,""obs_mistake_mask=_E_E"":4,""obs_mistake_mask=_E__"":3,""obs_mistake_mask=__EE"":2,""obs_mistake_mask=__E_"":3,""obs_mistake_mask=___E"":5}"
   1542144,         0,         0,    84.0,decoder_by_matrix,73784f3389b885bc1b704dac0b44b83e08b79da81bcec9ed749229213445f550,"{""distance"":3,""physical_error_rate"":1e-05}","{""detection_events"":1836,""detectors_checked"":83275776}"
    836608,         1,         0,    87.1,decoder_by_matrix,c8397cb2c46e4683a6f3970bc42cef1aabfef4d80cfcd6b8313e87630b680ee2,"{""distance"":3,""physical_error_rate"":0.0001}","{""detection_events"":9969,""detectors_checked"":45176832,""obs_mistake_mask=_EEE"":1}"
   1381376,         0,         0,    59.5,decoder_by_matrix,b3c6da8537ae85d54cd5acd57fc4d5a00e23be04de7c70760ac5fa4b0f5f70dc,"{""distance"":3,""physical_error_rate"":1e-06}","{""detection_events"":195,""detectors_checked"":74594304}"
    516096,        42,         0,    61.8,decoder_by_matrix,e45af4f98fc7ee1c9936a6749fec74122c57b4ab96343d0e01c96593a4531898,"{""distance"":3,""physical_error_rate"":0.001}","{""detection_events"":62007,""detectors_checked"":27869184,""obs_mistake_mask=E___"":4,""obs_mistake_mask=_EEE"":3,""obs_mistake_mask=_EE_"":1,""obs_mistake_mask=_E_E"":4,""obs_mistake_mask=_E__"":3,""obs_mistake_mask=__EE"":7,""obs_mistake_mask=__E_"":14,""obs_mistake_mask=___E"":6}"
    530432,        10,         0,    61.8,decoder_by_matrix,5dee359087c4b9ae2c20477a4d5136d2695095b0438111838e7093c679bd3c20,"{""distance"":3,""physical_error_rate"":0.0005}","{""detection_events"":31743,""detectors_checked"":28643328,""obs_mistake_mask=E___"":1,""obs_mistake_mask=_E_E"":2,""obs_mistake_mask=_E__"":3,""obs_mistake_mask=__EE"":2,""obs_mistake_mask=__E_"":1,""obs_mistake_mask=___E"":1}"
    516096,        47,         0,    62.4,decoder_by_matrix,e45af4f98fc7ee1c9936a6749fec74122c57b4ab96343d0e01c96593a4531898,"{""distance"":3,""physical_error_rate"":0.001}","{""detection_events"":60801,""detectors_checked"":27869184,""obs_mistake_mask=E___"":5,""obs_mistake_mask=_EEE"":2,""obs_mistake_mask=_EE_"":7,""obs_mistake_mask=_E_E"":6,""obs_mistake_mask=_E__"":6,""obs_mistake_mask=__EE"":6,""obs_mistake_mask=__E_"":9,""obs_mistake_mask=___E"":6}"
   1250304,         0,         0,    62.1,decoder_by_matrix,1222905ef2c3e0b3841e2be415851bad02a0949e12b9844f6b979980572eaa40,"{""distance"":3,""physical_error_rate"":5e-06}","{""detection_events"":696,""detectors_checked"":67516416}"
    701440,         0,         0,    61.5,decoder_by_matrix,cd5aa4935a142b600239883e928f6c7fc9fbc8c84161e9ed59cf2551b7ebfc3d,"{""distance"":3,""physical_error_rate"":5e-05}","{""detection_events"":4365,""detectors_checked"":37877760}"
    591872,         1,         0,    61.6,decoder_by_matrix,c8397cb2c46e4683a6f3970bc42cef1aabfef4d80cfcd6b8313e87630b680ee2,"{""distance"":3,""physical_error_rate"":0.0001}","{""detection_events"":7254,""detectors_checked"":31961088,""obs_mistake_mask=_EE_"":1}"
   1105920,         0,         0,    60.9,decoder_by_matrix,73784f3389b885bc1b704dac0b44b83e08b79da81bcec9ed749229213445f550,"{""distance"":3,""physical_error_rate"":1e-05}","{""detection_events"":1293,""detectors_checked"":59719680}"
    719872,        62,         0,    87.0,decoder_by_matrix,e45af4f98fc7ee1c9936a6749fec74122c57b4ab96343d0e01c96593a4531898,"{""distance"":3,""physical_error_rate"":0.001}","{""detection_events"":84852,""detectors_checked"":38873088,""obs_mistake_mask=E___"":3,""obs_mistake_mask=_EEE"":7,""obs_mistake_mask=_EE_"":5,""obs_mistake_mask=_E_E"":6,""obs_mistake_mask=_E__"":8,""obs_mistake_mask=__EE"":8,""obs_mistake_mask=__E_"":9,""obs_mistake_mask=___E"":16}"
    976896,         2,         0,    86.6,decoder_by_matrix,cd5aa4935a142b600239883e928f6c7fc9fbc8c84161e9ed59cf2551b7ebfc3d,"{""distance"":3,""physical_error_rate"":5e-05}","{""detection_events"":5925,""detectors_checked"":52752384,""obs_mistake_mask=_E_E"":1,""obs_mistake_mask=___E"":1}"
   1705984,         0,         0,    83.6,decoder_by_matrix,1222905ef2c3e0b3841e2be415851bad02a0949e12b9844f6b979980572eaa40,"{""distance"":3,""physical_error_rate"":5e-06}","{""detection_events"":1074,""detectors_checked"":92123136}"
   1952768,         0,         0,    84.0,decoder_by_matrix,b3c6da8537ae85d54cd5acd57fc4d5a00e23be04de7c70760ac5fa4b0f5f70dc,"{""distance"":3,""physical_error_rate"":1e-06}","{""detection_events"":216,""detectors_checked"":105449472}"
   1513472,         0,         0,    84.8,decoder_by_matrix,73784f3389b885bc1b704dac0b44b83e08b79da81bcec9ed749229213445f550,"{""distance"":3,""physical_error_rate"":1e-05}","{""detection_events"":1884,""detectors_checked"":81727488}"
    743424,         9,         0,    86.6,decoder_by_matrix,5dee359087c4b9ae2c20477a4d5136d2695095b0438111838e7093c679bd3c20,"{""distance"":3,""physical_error_rate"":0.0005}","{""detection_events"":45558,""detectors_checked"":40144896,""obs_mistake_mask=E__E"":1,""obs_mistake_mask=_EEE"":2,""obs_mistake_mask=_E_E"":1,""obs_mistake_mask=_E__"":2,""obs_mistake_mask=___E"":3}"
    828416,         0,         0,    87.4,decoder_by_matrix,c8397cb2c46e4683a6f3970bc42cef1aabfef4d80cfcd6b8313e87630b680ee2,"{""distance"":3,""physical_error_rate"":0.0001}","{""detection_events"":9930,""detectors_checked"":44734464}"
   1936384,         0,         0,    85.6,decoder_by_matrix,b3c6da8537ae85d54cd5acd57fc4d5a00e23be04de7c70760ac5fa4b0f5f70dc,"{""distance"":3,""physical_error_rate"":1e-06}","{""detection_events"":219,""detectors_checked"":104564736}"
    739328,        14,         0,    86.2,decoder_by_matrix,5dee359087c4b9ae2c20477a4d5136d2695095b0438111838e7093c679bd3c20,"{""distance"":3,""physical_error_rate"":0.0005}","{""detection_events"":45270,""detectors_checked"":39923712,""obs_mistake_mask=E___"":3,""obs_mistake_mask=_E_E"":2,""obs_mistake_mask=_E__"":6,""obs_mistake_mask=__E_"":1,""obs_mistake_mask=___E"":2}"
    719872,        36,         0,    85.7,decoder_by_matrix,e45af4f98fc7ee1c9936a6749fec74122c57b4ab96343d0e01c96593a4531898,"{""distance"":3,""physical_error_rate"":0.001}","{""detection_events"":86556,""detectors_checked"":38873088,""obs_mistake_mask=E___"":5,""obs_mistake_mask=_EEE"":5,""obs_mistake_mask=_EE_"":2,""obs_mistake_mask=_E_E"":5,""obs_mistake_mask=_E__"":6,""obs_mistake_mask=__EE"":2,""obs_mistake_mask=__E_"":6,""obs_mistake_mask=___E"":5}"
   1748992,         0,         0,    84.8,decoder_by_matrix,1222905ef2c3e0b3841e2be415851bad02a0949e12b9844f6b979980572eaa40,"{""distance"":3,""physical_error_rate"":5e-06}","{""detection_events"":996,""detectors_checked"":94445568}"
    718848,        51,         0,    87.1,decoder_by_matrix,e45af4f98fc7ee1c9936a6749fec74122c57b4ab96343d0e01c96593a4531898,"{""distance"":3,""physical_error_rate"":0.001}","{""detection_events"":85704,""detectors_checked"":38817792,""obs_mistake_mask=E___"":4,""obs_mistake_mask=_EEE"":4,""obs_mistake_mask=_EE_"":5,""obs_mistake_mask=_E_E"":7,""obs_mistake_mask=_E__"":12,""obs_mistake_mask=__EE"":3,""obs_mistake_mask=__E_"":8,""obs_mistake_mask=___E"":8}"
    816128,         0,         0,    85.7,decoder_by_matrix,c8397cb2c46e4683a6f3970bc42cef1aabfef4d80cfcd6b8313e87630b680ee2,"{""distance"":3,""physical_error_rate"":0.0001}","{""detection_events"":9831,""detectors_checked"":44070912}"
    989184,         0,         0,    85.6,decoder_by_matrix,cd5aa4935a142b600239883e928f6c7fc9fbc8c84161e9ed59cf2551b7ebfc3d,"{""distance"":3,""physical_error_rate"":5e-05}","{""detection_events"":5661,""detectors_checked"":53415936}"
   1533952,         0,         0,    83.5,decoder_by_matrix,73784f3389b885bc1b704dac0b44b83e08b79da81bcec9ed749229213445f550,"{""distance"":3,""physical_error_rate"":1e-05}","{""detection_events"":1872,""detectors_checked"":82833408}"
   2351104,         0,         0,   115.6,decoder_by_matrix,1222905ef2c3e0b3841e2be415851bad02a0949e12b9844f6b979980572eaa40,"{""distance"":3,""physical_error_rate"":5e-06}","{""detection_events"":1431,""detectors_checked"":126959616}"
   1012736,        14,         0,   117.1,decoder_by_matrix,5dee359087c4b9ae2c20477a4d5136d2695095b0438111838e7093c679bd3c20,"{""distance"":3,""physical_error_rate"":0.0005}","{""detection_events"":60474,""detectors_checked"":54687744,""obs_mistake_mask=E___"":1,""obs_mistake_mask=_EEE"":1,""obs_mistake_mask=_E_E"":2,""obs_mistake_mask=_E__"":2,""obs_mistake_mask=__EE"":6,""obs_mistake_mask=___E"":2}"
   1140736,         1,         0,   117.3,decoder_by_matrix,c8397cb2c46e4683a6f3970bc42cef1aabfef4d80cfcd6b8313e87630b680ee2,"{""distance"":3,""physical_error_rate"":0.0001}","{""detection_events"":13935,""detectors_checked"":61599744,""obs_mistake_mask=__E_"":1}"
   2629632,         0,         0,   116.4,decoder_by_matrix,b3c6da8537ae85d54cd5acd57fc4d5a00e23be04de7c70760ac5fa4b0f5f70dc,"{""distance"":3,""physical_error_rate"":1e-06}","{""detection_events"":339,""detectors_checked"":142000128}"
   2343936,         0,         0,   114.5,decoder_by_matrix,1222905ef2c3e0b3841e2be415851bad02a0949e12b9844f6b979980572eaa40,"{""distance"":3,""physical_error_rate"":5e-06}","{""detection_events"":1431,""detectors_checked"":126572544}"
    976896,        70,         0,   118.3,decoder_by_matrix,e45af4f98fc7ee1c9936a6749fec74122c57b4ab96343d0e01c96593a4531898,"{""distance"":3,""physical_error_rate"":0.001}","{""detection_events"":116865,""detectors_checked"":52752384,""obs_mistake_mask=EE__"":1,""obs_mistake_mask=E___"":4,""obs_mistake_mask=_EEE"":10,""obs_mistake_mask=_EE_"":7,""obs_mistake_mask=_E_E"":8,""obs_mistake_mask=_E__"":9,""obs_mistake_mask=__EE"":10,""obs_mistake_mask=__E_"":13,""obs_mistake_mask=___E"":8}"
    984064,        87,         0,   118.7,decoder_by_matrix,e45af4f98fc7ee1c9936a6749fec74122c57b4ab96343d0e01c96593a4531898,"{""distance"":3,""physical_error_rate"":0.001}","{""detection_events"":117825,""detectors_checked"":53139456,""obs_mistake_mask=E___"":11,""obs_mistake_mask=_EEE"":7,""obs_mistake_mask=_EE_"":11,""obs_mistake_mask=_E_E"":8,""obs_mistake_mask=_E__"":14,""obs_mistake_mask=__EE"":5,""obs_mistake_mask=__E_"":16,""obs_mistake_mask=___E"":15}"
   1336320,         0,         0,   116.1,decoder_by_matrix,cd5aa4935a142b600239883e928f6c7fc9fbc8c84161e9ed59cf2551b7ebfc3d,"{""distance"":3,""physical_error_rate"":5e-05}","{""detection_events"":7677,""detectors_checked"":72161280}"
   1341440,         0,         0,   117.4,decoder_by_matrix,cd5aa4935a142b600239883e928f6c7fc9fbc8c84161e9ed59cf2551b7ebfc3d,"{""distance"":3,""physical_error_rate"":5e-05}","{""detection_events"":8145,""detectors_checked"":72437760}"
    977920,        70,         0,   119.0,decoder_by_matrix,e45af4f98fc7ee1c9936a6749fec74122c57b4ab96343d0e01c96593a4531898,"{""distance"":3,""physical_error_rate"":0.001}","{""detection_events"":116565,""detectors_checked"":52807680,""obs_mistake_mask=E___"":5,""obs_mistake_mask=_EEE"":5,""obs_mistake_mask=_EE_"":5,""obs_mistake_mask=_E_E"":7,""obs_mistake_mask=_E__"":11,""obs_mistake_mask=__EE"":9,""obs_mistake_mask=__E_"":18,""obs_mistake_mask=___E"":10}"
   2641920,         0,         0,   116.6,decoder_by_matrix,b3c6da8537ae85d54cd5acd57fc4d5a00e23be04de7c70760ac5fa4b0f5f70dc,"{""distance"":3,""physical_error_rate"":1e-06}","{""detection_events"":324,""detectors_checked"":142663680}"
   2651136,         0,         0,   114.1,decoder_by_matrix,b3c6da8537ae85d54cd5acd57fc4d5a00e23be04de7c70760ac5fa4b0f5f70dc,"{""distance"":3,""physical_error_rate"":1e-06}","{""detection_events"":273,""detectors_checked"":143161344}"
   2092032,         0,         0,   115.0,decoder_by_matrix,73784f3389b885bc1b704dac0b44b83e08b79da81bcec9ed749229213445f550,"{""distance"":3,""physical_error_rate"":1e-05}","{""detection_events"":2661,""detectors_checked"":112969728}"
    978944,        73,         0,   118.2,decoder_by_matrix,e45af4f98fc7ee1c9936a6749fec74122c57b4ab96343d0e01c96593a4531898,"{""distance"":3,""physical_error_rate"":0.001}","{""detection_events"":117879,""detectors_checked"":52862976,""obs_mistake_mask=E___"":8,""obs_mistake_mask=_EEE"":9,""obs_mistake_mask=_EE_"":8,""obs_mistake_mask=_E_E"":8,""obs_mistake_mask=_E__"":13,""obs_mistake_mask=__EE"":5,""obs_mistake_mask=__E_"":12,""obs_mistake_mask=___E"":10}"
   1013760,        17,         0,   119.4,decoder_by_matrix,5dee359087c4b9ae2c20477a4d5136d2695095b0438111838e7093c679bd3c20,"{""distance"":3,""physical_error_rate"":0.0005}","{""detection_events"":61056,""detectors_checked"":54743040,""obs_mistake_mask=E___"":1,""obs_mistake_mask=_EEE"":2,""obs_mistake_mask=_EE_"":3,""obs_mistake_mask=_E_E"":1,""obs_mistake_mask=_E__"":2,""obs_mistake_mask=__EE"":3,""obs_mistake_mask=__E_"":2,""obs_mistake_mask=___E"":3}"
   2357248,         0,         0,   115.6,decoder_by_matrix,1222905ef2c3e0b3841e2be415851bad02a0949e12b9844f6b979980572eaa40,"{""distance"":3,""physical_error_rate"":5e-06}","{""detection_events"":1407,""detectors_checked"":127291392}"
   1138688,         1,         0,   117.3,decoder_by_matrix,c8397cb2c46e4683a6f3970bc42cef1aabfef4d80cfcd6b8313e87630b680ee2,"{""distance"":3,""physical_error_rate"":0.0001}","{""detection_events"":13602,""detectors_checked"":61489152,""obs_mistake_mask=E___"":1}"
   1337344,         0,         0,   116.9,decoder_by_matrix,cd5aa4935a142b600239883e928f6c7fc9fbc8c84161e9ed59cf2551b7ebfc3d,"{""distance"":3,""physical_error_rate"":5e-05}","{""detection_events"":8427,""detectors_checked"":72216576}"
   2125824,         0,         0,   114.4,decoder_by_matrix,73784f3389b885bc1b704dac0b44b83e08b79da81bcec9ed749229213445f550,"{""distance"":3,""physical_error_rate"":1e-05}","{""detection_events"":2466,""detectors_checked"":114794496}"
   2117632,         0,         0,   114.6,decoder_by_matrix,73784f3389b885bc1b704dac0b44b83e08b79da81bcec9ed749229213445f550,"{""distance"":3,""physical_error_rate"":1e-05}","{""detection_events"":2481,""detectors_checked"":114352128}"
   1011712,        24,         0,   116.5,decoder_by_matrix,5dee359087c4b9ae2c20477a4d5136d2695095b0438111838e7093c679bd3c20,"{""distance"":3,""physical_error_rate"":0.0005}","{""detection_events"":60795,""detectors_checked"":54632448,""obs_mistake_mask=E__E"":1,""obs_mistake_mask=E___"":2,""obs_mistake_mask=_EEE"":3,""obs_mistake_mask=_EE_"":2,""obs_mistake_mask=_E_E"":4,""obs_mistake_mask=_E__"":4,""obs_mistake_mask=__EE"":1,""obs_mistake_mask=__E_"":4,""obs_mistake_mask=___E"":3}"
   1007616,        20,         0,   116.0,decoder_by_matrix,5dee359087c4b9ae2c20477a4d5136d2695095b0438111838e7093c679bd3c20,"{""distance"":3,""physical_error_rate"":0.0005}","{""detection_events"":61503,""detectors_checked"":54411264,""obs_mistake_mask=E___"":2,""obs_mistake_mask=_EEE"":3,""obs_mistake_mask=_EE_"":1,""obs_mistake_mask=_E_E"":1,""obs_mistake_mask=_E__"":4,""obs_mistake_mask=__EE"":2,""obs_mistake_mask=__E_"":3,""obs_mistake_mask=___E"":4}"
   1016832,        16,         0,   118.5,decoder_by_matrix,5dee359087c4b9ae2c20477a4d5136d2695095b0438111838e7093c679bd3c20,"{""distance"":3,""physical_error_rate"":0.0005}","{""detection_events"":59079,""detectors_checked"":54908928,""obs_mistake_mask=_EEE"":1,""obs_mistake_mask=_E_E"":1,""obs_mistake_mask=_E__"":2,""obs_mistake_mask=__EE"":6,""obs_mistake_mask=__E_"":5,""obs_mistake_mask=___E"":1}"
    976896,        88,         0,   117.1,decoder_by_matrix,e45af4f98fc7ee1c9936a6749fec74122c57b4ab96343d0e01c96593a4531898,"{""distance"":3,""physical_error_rate"":0.001}","{""detection_events"":117450,""detectors_checked"":52752384,""obs_mistake_mask=E__E"":1,""obs_mistake_mask=E___"":10,""obs_mistake_mask=_EEE"":7,""obs_mistake_mask=_EE_"":6,""obs_mistake_mask=_E_E"":7,""obs_mistake_mask=_E__"":21,""obs_mistake_mask=__EE"":9,""obs_mistake_mask=__E_"":17,""obs_mistake_mask=___E"":10}"
   2646016,         0,         0,   114.9,decoder_by_matrix,b3c6da8537ae85d54cd5acd57fc4d5a00e23be04de7c70760ac5fa4b0f5f70dc,"{""distance"":3,""physical_error_rate"":1e-06}","{""detection_events"":225,""detectors_checked"":142884864}"
   2668544,         0,         0,   115.1,decoder_by_matrix,b3c6da8537ae85d54cd5acd57fc4d5a00e23be04de7c70760ac5fa4b0f5f70dc,"{""distance"":3,""physical_error_rate"":1e-06}","{""detection_events"":249,""detectors_checked"":144101376}"
   1331200,         1,         0,   117.0,decoder_by_matrix,cd5aa4935a142b600239883e928f6c7fc9fbc8c84161e9ed59cf2551b7ebfc3d,"{""distance"":3,""physical_error_rate"":5e-05}","{""detection_events"":8106,""detectors_checked"":71884800,""obs_mistake_mask=___E"":1}"
   1139712,         1,         0,   117.2,decoder_by_matrix,c8397cb2c46e4683a6f3970bc42cef1aabfef4d80cfcd6b8313e87630b680ee2,"{""distance"":3,""physical_error_rate"":0.0001}","{""detection_events"":13242,""detectors_checked"":61544448,""obs_mistake_mask=_EE_"":1}"
    980992,        76,         0,   118.4,decoder_by_matrix,e45af4f98fc7ee1c9936a6749fec74122c57b4ab96343d0e01c96593a4531898,"{""distance"":3,""physical_error_rate"":0.001}","{""detection_events"":116889,""detectors_checked"":52973568,""obs_mistake_mask=E___"":5,""obs_mistake_mask=_EEE"":11,""obs_mistake_mask=_EE_"":6,""obs_mistake_mask=_E_E"":11,""obs_mistake_mask=_E__"":6,""obs_mistake_mask=__EE"":8,""obs_mistake_mask=__E_"":18,""obs_mistake_mask=___E"":11}"
   2089984,         0,         0,   115.2,decoder_by_matrix,73784f3389b885bc1b704dac0b44b83e08b79da81bcec9ed749229213445f550,"{""distance"":3,""physical_error_rate"":1e-05}","{""detection_events"":2472,""detectors_checked"":112859136}"
   2345984,         0,         0,   116.1,decoder_by_matrix,1222905ef2c3e0b3841e2be415851bad02a0949e12b9844f6b979980572eaa40,"{""distance"":3,""physical_error_rate"":5e-06}","{""detection_events"":1413,""detectors_checked"":126683136}"
   1135616,         0,         0,   119.4,decoder_by_matrix,c8397cb2c46e4683a6f3970bc42cef1aabfef4d80cfcd6b8313e87630b680ee2,"{""distance"":3,""physical_error_rate"":0.0001}","{""detection_events"":13212,""detectors_checked"":61323264}"
   1336320,         0,         0,   116.3,decoder_by_matrix,cd5aa4935a142b600239883e928f6c7fc9fbc8c84161e9ed59cf2551b7ebfc3d,"{""distance"":3,""physical_error_rate"":5e-05}","{""detection_events"":7971,""detectors_checked"":72161280}"
   1122304,         1,         0,   116.3,decoder_by_matrix,c8397cb2c46e4683a6f3970bc42cef1aabfef4d80cfcd6b8313e87630b680ee2,"{""distance"":3,""physical_error_rate"":0.0001}","{""detection_events"":13965,""detectors_checked"":60604416,""obs_mistake_mask=_E__"":1}"
   2336768,         0,         0,   112.7,decoder_by_matrix,1222905ef2c3e0b3841e2be415851bad02a0949e12b9844f6b979980572eaa40,"{""distance"":3,""physical_error_rate"":5e-06}","{""detection_events"":1467,""detectors_checked"":126185472}"
   2350080,         0,         0,   116.0,decoder_by_matrix,1222905ef2c3e0b3841e2be415851bad02a0949e12b9844f6b979980572eaa40,"{""distance"":3,""physical_error_rate"":5e-06}","{""detection_events"":1485,""detectors_checked"":126904320}"
   2350080,         0,         0,   115.6,decoder_by_matrix,1222905ef2c3e0b3841e2be415851bad02a0949e12b9844f6b979980572eaa40,"{""distance"":3,""physical_error_rate"":5e-06}","{""detection_events"":1497,""detectors_checked"":126904320}"
   1332224,         0,         0,   117.6,decoder_by_matrix,cd5aa4935a142b600239883e928f6c7fc9fbc8c84161e9ed59cf2551b7ebfc3d,"{""distance"":3,""physical_error_rate"":5e-05}","{""detection_events"":8037,""detectors_checked"":71940096}"
   1133568,         0,         0,   117.1,decoder_by_matrix,c8397cb2c46e4683a6f3970bc42cef1aabfef4d80cfcd6b8313e87630b680ee2,"{""distance"":3,""physical_error_rate"":0.0001}","{""detection_events"":13485,""detectors_checked"":61212672}"
   1010688,        20,         0,   117.6,decoder_by_matrix,5dee359087c4b9ae2c20477a4d5136d2695095b0438111838e7093c679bd3c20,"{""distance"":3,""physical_error_rate"":0.0005}","{""detection_events"":61674,""detectors_checked"":54577152,""obs_mistake_mask=E___"":2,""obs_mistake_mask=_EEE"":3,""obs_mistake_mask=_EE_"":1,""obs_mistake_mask=_E_E"":3,""obs_mistake_mask=_E__"":1,""obs_mistake_mask=__EE"":4,""obs_mistake_mask=__E_"":3,""obs_mistake_mask=___E"":3}"
   2635776,         0,         0,   114.4,decoder_by_matrix,b3c6da8537ae85d54cd5acd57fc4d5a00e23be04de7c70760ac5fa4b0f5f70dc,"{""distance"":3,""physical_error_rate"":1e-06}","{""detection_events"":369,""detectors_checked"":142331904}"
   2098176,         0,         0,   114.8,decoder_by_matrix,73784f3389b885bc1b704dac0b44b83e08b79da81bcec9ed749229213445f550,"{""distance"":3,""physical_error_rate"":1e-05}","{""detection_events"":2523,""detectors_checked"":113301504}"
    974848,        82,         0,   117.0,decoder_by_matrix,e45af4f98fc7ee1c9936a6749fec74122c57b4ab96343d0e01c96593a4531898,"{""distance"":3,""physical_error_rate"":0.001}","{""detection_events"":116982,""detectors_checked"":52641792,""obs_mistake_mask=E_EE"":1,""obs_mistake_mask=E___"":10,""obs_mistake_mask=_EEE"":5,""obs_mistake_mask=_EE_"":7,""obs_mistake_mask=_E_E"":9,""obs_mistake_mask=_E__"":15,""obs_mistake_mask=__EE"":13,""obs_mistake_mask=__E_"":6,""obs_mistake_mask=___E"":16}"
   2615296,         0,         0,   114.1,decoder_by_matrix,b3c6da8537ae85d54cd5acd57fc4d5a00e23be04de7c70760ac5fa4b0f5f70dc,"{""distance"":3,""physical_error_rate"":1e-06}","{""detection_events"":333,""detectors_checked"":141225984}"
   1333248,         0,         0,   116.1,decoder_by_matrix,cd5aa4935a142b600239883e928f6c7fc9fbc8c84161e9ed59cf2551b7ebfc3d,"{""distance"":3,""physical_error_rate"":5e-05}","{""detection_events"":7758,""detectors_checked"":71995392}"
   2046976,         0,         0,   117.9,decoder_by_matrix,73784f3389b885bc1b704dac0b44b83e08b79da81bcec9ed749229213445f550,"{""distance"":3,""physical_error_rate"":1e-05}","{""detection_events"":2805,""detectors_checked"":110536704}"
   1001472,        19,         0,   117.5,decoder_by_matrix,5dee359087c4b9ae2c20477a4d5136d2695095b0438111838e7093c679bd3c20,"{""distance"":3,""physical_error_rate"":0.0005}","{""detection_events"":60726,""detectors_checked"":54079488,""obs_mistake_mask=E___"":3,""obs_mistake_mask=_EEE"":4,""obs_mistake_mask=_EE_"":4,""obs_mistake_mask=_E_E"":1,""obs_mistake_mask=_E__"":1,""obs_mistake_mask=__EE"":1,""obs_mistake_mask=__E_"":3,""obs_mistake_mask=___E"":2}"
   1133568,         0,         0,   116.3,decoder_by_matrix,c8397cb2c46e4683a6f3970bc42cef1aabfef4d80cfcd6b8313e87630b680ee2,"{""distance"":3,""physical_error_rate"":0.0001}","{""detection_events"":13200,""detectors_checked"":61212672}"
   2043904,         0,         0,   114.4,decoder_by_matrix,73784f3389b885bc1b704dac0b44b83e08b79da81bcec9ed749229213445f550,"{""distance"":3,""physical_error_rate"":1e-05}","{""detection_events"":2772,""detectors_checked"":110370816}"
    980992,        75,         0,   117.7,decoder_by_matrix,e45af4f98fc7ee1c9936a6749fec74122c57b4ab96343d0e01c96593a4531898,"{""distance"":3,""physical_error_rate"":0.001}","{""detection_events"":117903,""detectors_checked"":52973568,""obs_mistake_mask=E___"":7,""obs_mistake_mask=_EEE"":6,""obs_mistake_mask=_EE_"":13,""obs_mistake_mask=_E_E"":7,""obs_mistake_mask=_E__"":12,""obs_mistake_mask=__EE"":4,""obs_mistake_mask=__E_"":12,""obs_mistake_mask=___E"":14}"
   1325056,         0,         0,   115.9,decoder_by_matrix,cd5aa4935a142b600239883e928f6c7fc9fbc8c84161e9ed59cf2551b7ebfc3d,"{""distance"":3,""physical_error_rate"":5e-05}","{""detection_events"":8166,""detectors_checked"":71553024}"
   2338816,         0,         0,   113.7,decoder_by_matrix,1222905ef2c3e0b3841e2be415851bad02a0949e12b9844f6b979980572eaa40,"{""distance"":3,""physical_error_rate"":5e-06}","{""detection_events"":1491,""detectors_checked"":126296064}"
   2096128,         0,         0,   113.9,decoder_by_matrix,73784f3389b885bc1b704dac0b44b83e08b79da81bcec9ed749229213445f550,"{""distance"":3,""physical_error_rate"":1e-05}","{""detection_events"":2559,""detectors_checked"":113190912}"
   2634752,         0,         0,   114.7,decoder_by_matrix,b3c6da8537ae85d54cd5acd57fc4d5a00e23be04de7c70760ac5fa4b0f5f70dc,"{""distance"":3,""physical_error_rate"":1e-06}","{""detection_events"":399,""detectors_checked"":142276608}"
   1009664,        15,         0,   117.3,decoder_by_matrix,5dee359087c4b9ae2c20477a4d5136d2695095b0438111838e7093c679bd3c20,"{""distance"":3,""physical_error_rate"":0.0005}","{""detection_events"":61200,""detectors_checked"":54521856,""obs_mistake_mask=_EE_"":1,""obs_mistake_mask=_E_E"":2,""obs_mistake_mask=_E__"":1,""obs_mistake_mask=__EE"":4,""obs_mistake_mask=__E_"":4,""obs_mistake_mask=___E"":3}"
   1112064,         2,         0,   117.5,decoder_by_matrix,c8397cb2c46e4683a6f3970bc42cef1aabfef4d80cfcd6b8313e87630b680ee2,"{""distance"":3,""physical_error_rate"":0.0001}","{""detection_events"":13425,""detectors_checked"":60051456,""obs_mistake_mask=__E_"":2}"
   2637824,         0,         0,   114.8,decoder_by_matrix,b3c6da8537ae85d54cd5acd57fc4d5a00e23be04de7c70760ac5fa4b0f5f70dc,"{""distance"":3,""physical_error_rate"":1e-06}","{""detection_events"":306,""detectors_checked"":142442496}"
   1004544,        27,         0,   117.5,decoder_by_matrix,5dee359087c4b9ae2c20477a4d5136d2695095b0438111838e7093c679bd3c20,"{""distance"":3,""physical_error_rate"":0.0005}","{""detection_events"":60159,""detectors_checked"":54245376,""obs_mistake_mask=E___"":1,""obs_mistake_mask=_EEE"":4,""obs_mistake_mask=_EE_"":2,""obs_mistake_mask=_E_E"":1,""obs_mistake_mask=_E__"":5,""obs_mistake_mask=__EE"":5,""obs_mistake_mask=__E_"":3,""obs_mistake_mask=___E"":6}"
   2356224,         0,         0,   115.5,decoder_by_matrix,1222905ef2c3e0b3841e2be415851bad02a0949e12b9844f6b979980572eaa40,"{""distance"":3,""physical_error_rate"":5e-06}","{""detection_events"":1383,""detectors_checked"":127236096}"
    980992,        73,         0,   116.2,decoder_by_matrix,e45af4f98fc7ee1c9936a6749fec74122c57b4ab96343d0e01c96593a4531898,"{""distance"":3,""physical_error_rate"":0.001}","{""detection_events"":116289,""detectors_checked"":52973568,""obs_mistake_mask=E_EE"":1,""obs_mistake_mask=E__E"":1,""obs_mistake_mask=E___"":7,""obs_mistake_mask=_EEE"":7,""obs_mistake_mask=_EE_"":9,""obs_mistake_mask=_E_E"":10,""obs_mistake_mask=_E__"":8,""obs_mistake_mask=__EE"":12,""obs_mistake_mask=__E_"":8,""obs_mistake_mask=___E"":10}"
    977920,        68,         0,   117.0,decoder_by_matrix,e45af4f98fc7ee1c9936a6749fec74122c57b4ab96343d0e01c96593a4531898,"{""distance"":3,""physical_error_rate"":0.001}","{""detection_events"":117366,""detectors_checked"":52807680,""obs_mistake_mask=E___"":6,""obs_mistake_mask=_EEE"":8,""obs_mistake_mask=_EE_"":4,""obs_mistake_mask=_E_E"":13,""obs_mistake_mask=_E__"":9,""obs_mistake_mask=__EE"":11,""obs_mistake_mask=__E_"":9,""obs_mistake_mask=___E"":8}"
   1124352,         1,         0,   118.0,decoder_by_matrix,c8397cb2c46e4683a6f3970bc42cef1aabfef4d80cfcd6b8313e87630b680ee2,"{""distance"":3,""physical_error_rate"":0.0001}","{""detection_events"":12528,""detectors_checked"":60715008,""obs_mistake_mask=___E"":1}"
   1333248,         0,         0,   116.9,decoder_by_matrix,cd5aa4935a142b600239883e928f6c7fc9fbc8c84161e9ed59cf2551b7ebfc3d,"{""distance"":3,""physical_error_rate"":5e-05}","{""detection_events"":7842,""detectors_checked"":71995392}"
   2134016,         0,         0,   115.3,decoder_by_matrix,73784f3389b885bc1b704dac0b44b83e08b79da81bcec9ed749229213445f550,"{""distance"":3,""physical_error_rate"":1e-05}","{""detection_events"":2403,""detectors_checked"":115236864}"
   2359296,         0,         0,   115.4,decoder_by_matrix,1222905ef2c3e0b3841e2be415851bad02a0949e12b9844f6b979980572eaa40,"{""distance"":3,""physical_error_rate"":5e-06}","{""detection_events"":1317,""detectors_checked"":127401984}"
   1014784,        22,         0,   118.5,decoder_by_matrix,5dee359087c4b9ae2c20477a4d5136d2695095b0438111838e7093c679bd3c20,"{""distance"":3,""physical_error_rate"":0.0005}","{""detection_events"":61017,""detectors_checked"":54798336,""obs_mistake_mask=E___"":1,""obs_mistake_mask=_EEE"":1,""obs_mistake_mask=_EE_"":4,""obs_mistake_mask=_E_E"":5,""obs_mistake_mask=_E__"":3,""obs_mistake_mask=__E_"":4,""obs_mistake_mask=___E"":4}"
   1117184,         0,         0,   117.3,decoder_by_matrix,c8397cb2c46e4683a6f3970bc42cef1aabfef4d80cfcd6b8313e87630b680ee2,"{""distance"":3,""physical_error_rate"":0.0001}","{""detection_events"":13575,""detectors_checked"":60327936}"
   2318336,         0,         0,   113.8,decoder_by_matrix,1222905ef2c3e0b3841e2be415851bad02a0949e12b9844f6b979980572eaa40,"{""distance"":3,""physical_error_rate"":5e-06}","{""detection_events"":1512,""detectors_checked"":125190144}"
   2661376,         0,         0,   114.9,decoder_by_matrix,b3c6da8537ae85d54cd5acd57fc4d5a00e23be04de7c70760ac5fa4b0f5f70dc,"{""distance"":3,""physical_error_rate"":1e-06}","{""detection_events"":267,""detectors_checked"":143714304}"
   1337344,         0,         0,   117.2,decoder_by_matrix,cd5aa4935a142b600239883e928f6c7fc9fbc8c84161e9ed59cf2551b7ebfc3d,"{""distance"":3,""physical_error_rate"":5e-05}","{""detection_events"":8127,""detectors_checked"":72216576}"
    977920,        71,         0,   117.2,decoder_by_matrix,e45af4f98fc7ee1c9936a6749fec74122c57b4ab96343d0e01c96593a4531898,"{""distance"":3,""physical_error_rate"":0.001}","{""detection_events"":117135,""detectors_checked"":52807680,""obs_mistake_mask=E___"":8,""obs_mistake_mask=_EEE"":8,""obs_mistake_mask=_EE_"":7,""obs_mistake_mask=_E_E"":9,""obs_mistake_mask=_E__"":14,""obs_mistake_mask=__EE"":4,""obs_mistake_mask=__E_"":15,""obs_mistake_mask=___E"":6}"
    983040,        83,         0,   117.7,decoder_by_matrix,e45af4f98fc7ee1c9936a6749fec74122c57b4ab96343d0e01c96593a4531898,"{""distance"":3,""physical_error_rate"":0.001}","{""detection_events"":117426,""detectors_checked"":53084160,""obs_mistake_mask=E___"":6,""obs_mistake_mask=_EEE"":6,""obs_mistake_mask=_EE_"":11,""obs_mistake_mask=_E_E"":10,""obs_mistake_mask=_E__"":15,""obs_mistake_mask=__EE"":8,""obs_mistake_mask=__E_"":15,""obs_mistake_mask=___E"":12}"
   1344512,         1,         0,   117.4,decoder_by_matrix,cd5aa4935a142b600239883e928f6c7fc9fbc8c84161e9ed59cf2551b7ebfc3d,"{""distance"":3,""physical_error_rate"":5e-05}","{""detection_events"":7764,""detectors_checked"":72603648,""obs_mistake_mask=_EE_"":1}"
    976896,        71,         0,   117.8,decoder_by_matrix,e45af4f98fc7ee1c9936a6749fec74122c57b4ab96343d0e01c96593a4531898,"{""distance"":3,""physical_error_rate"":0.001}","{""detection_events"":117021,""detectors_checked"":52752384,""obs_mistake_mask=EEE_"":1,""obs_mistake_mask=E___"":7,""obs_mistake_mask=_EEE"":9,""obs_mistake_mask=_EE_"":2,""obs_mistake_mask=_E_E"":10,""obs_mistake_mask=_E__"":10,""obs_mistake_mask=__EE"":5,""obs_mistake_mask=__E_"":18,""obs_mistake_mask=___E"":9}"
   2669568,         0,         0,   116.7,decoder_by_matrix,b3c6da8537ae85d54cd5acd57fc4d5a00e23be04de7c70760ac5fa4b0f5f70dc,"{""distance"":3,""physical_error_rate"":1e-06}","{""detection_events"":276,""detectors_checked"":144156672}"
   2339840,         0,         0,   114.9,decoder_by_matrix,1222905ef2c3e0b3841e2be415851bad02a0949e12b9844f6b979980572eaa40,"{""distance"":3,""physical_error_rate"":5e-06}","{""detection_events"":1365,""detectors_checked"":126351360}"
   2095104,         0,         0,   114.6,decoder_by_matrix,73784f3389b885bc1b704dac0b44b83e08b79da81bcec9ed749229213445f550,"{""distance"":3,""physical_error_rate"":1e-05}","{""detection_events"":2433,""detectors_checked"":113135616}"
    978944,        70,         0,   118.0,decoder_by_matrix,e45af4f98fc7ee1c9936a6749fec74122c57b4ab96343d0e01c96593a4531898,"{""distance"":3,""physical_error_rate"":0.001}","{""detection_events"":117273,""detectors_checked"":52862976,""obs_mistake_mask=E___"":7,""obs_mistake_mask=_EEE"":8,""obs_mistake_mask=_EE_"":3,""obs_mistake_mask=_E_E"":7,""obs_mistake_mask=_E__"":12,""obs_mistake_mask=__EE"":10,""obs_mistake_mask=__E_"":10,""obs_mistake_mask=___E"":13}"
   2642944,         0,         0,   115.4,decoder_by_matrix,b3c6da8537ae85d54cd5acd57fc4d5a00e23be04de7c70760ac5fa4b0f5f70dc,"{""distance"":3,""physical_error_rate"":1e-06}","{""detection_events"":276,""detectors_checked"":142718976}"
   1011712,        22,         0,   117.1,decoder_by_matrix,5dee359087c4b9ae2c20477a4d5136d2695095b0438111838e7093c679bd3c20,"{""distance"":3,""physical_error_rate"":0.0005}","{""detection_events"":61923,""detectors_checked"":54632448,""obs_mistake_mask=E___"":2,""obs_mistake_mask=_EE_"":1,""obs_mistake_mask=_E_E"":3,""obs_mistake_mask=_E__"":3,""obs_mistake_mask=__EE"":1,""obs_mistake_mask=__E_"":6,""obs_mistake_mask=___E"":6}"
   1122304,         0,         0,   118.3,decoder_by_matrix,c8397cb2c46e4683a6f3970bc42cef1aabfef4d80cfcd6b8313e87630b680ee2,"{""distance"":3,""physical_error_rate"":0.0001}","{""detection_events"":13755,""detectors_checked"":60604416}"
   2108416,         0,         0,   116.1,decoder_by_matrix,73784f3389b885bc1b704dac0b44b83e08b79da81bcec9ed749229213445f550,"{""distance"":3,""physical_error_rate"":1e-05}","{""detection_events"":2505,""detectors_checked"":113854464}"
   1009664,        19,         0,   116.9,decoder_by_matrix,5dee359087c4b9ae2c20477a4d5136d2695095b0438111838e7093c679bd3c20,"{""distance"":3,""physical_error_rate"":0.0005}","{""detection_events"":58947,""detectors_checked"":54521856,""obs_mistake_mask=E___"":1,""obs_mistake_mask=_EEE"":5,""obs_mistake_mask=_EE_"":1,""obs_mistake_mask=_E__"":3,""obs_mistake_mask=__EE"":3,""obs_mistake_mask=__E_"":4,""obs_mistake_mask=___E"":2}"
   1374208,         0,         0,   118.8,decoder_by_matrix,cd5aa4935a142b600239883e928f6c7fc9fbc8c84161e9ed59cf2551b7ebfc3d,"{""distance"":3,""physical_error_rate"":5e-05}","{""detection_events"":7926,""detectors_checked"":74207232}"
   2073600,         0,         0,   116.5,decoder_by_matrix,73784f3389b885bc1b704dac0b44b83e08b79da81bcec9ed749229213445f550,"{""distance"":3,""physical_error_rate"":1e-05}","{""detection_events"":2745,""detectors_checked"":111974400}"
   1008640,        21,         0,   117.3,decoder_by_matrix,5dee359087c4b9ae2c20477a4d5136d2695095b0438111838e7093c679bd3c20,"{""distance"":3,""physical_error_rate"":0.0005}","{""detection_events"":61026,""detectors_checked"":54466560,""obs_mistake_mask=E___"":5,""obs_mistake_mask=_EEE"":2,""obs_mistake_mask=_EE_"":2,""obs_mistake_mask=_E_E"":3,""obs_mistake_mask=__E_"":3,""obs_mistake_mask=___E"":6}"
   1012736,        19,         0,   118.1,decoder_by_matrix,5dee359087c4b9ae2c20477a4d5136d2695095b0438111838e7093c679bd3c20,"{""distance"":3,""physical_error_rate"":0.0005}","{""detection_events"":60309,""detectors_checked"":54687744,""obs_mistake_mask=E___"":1,""obs_mistake_mask=_EEE"":1,""obs_mistake_mask=_EE_"":1,""obs_mistake_mask=_E_E"":4,""obs_mistake_mask=_E__"":1,""obs_mistake_mask=__EE"":2,""obs_mistake_mask=__E_"":6,""obs_mistake_mask=___E"":3}"
    977920,        84,         0,   117.1,decoder_by_matrix,e45af4f98fc7ee1c9936a6749fec74122c57b4ab96343d0e01c96593a4531898,"{""distance"":3,""physical_error_rate"":0.001}","{""detection_events"":115938,""detectors_checked"":52807680,""obs_mistake_mask=E___"":3,""obs_mistake_mask=_EEE"":13,""obs_mistake_mask=_EE_"":9,""obs_mistake_mask=_E_E"":13,""obs_mistake_mask=_E__"":10,""obs_mistake_mask=__EE"":11,""obs_mistake_mask=__E_"":14,""obs_mistake_mask=___E"":11}"
   2615296,         0,         0,   115.6,decoder_by_matrix,b3c6da8537ae85d54cd5acd57fc4d5a00e23be04de7c70760ac5fa4b0f5f70dc,"{""distance"":3,""physical_error_rate"":1e-06}","{""detection_events"":366,""detectors_checked"":141225984}"
   1346560,         0,         0,   117.4,decoder_by_matrix,cd5aa4935a142b600239883e928f6c7fc9fbc8c84161e9ed59cf2551b7ebfc3d,"{""distance"":3,""physical_error_rate"":5e-05}","{""detection_events"":8250,""detectors_checked"":72714240}"
   2643968,         0,         0,   115.1,decoder_by_matrix,b3c6da8537ae85d54cd5acd57fc4d5a00e23be04de7c70760ac5fa4b0f5f70dc,"{""distance"":3,""physical_error_rate"":1e-06}","{""detection_events"":342,""detectors_checked"":142774272}"
   2120704,         0,         0,   116.0,decoder_by_matrix,73784f3389b885bc1b704dac0b44b83e08b79da81bcec9ed749229213445f550,"{""distance"":3,""physical_error_rate"":1e-05}","{""detection_events"":2400,""detectors_checked"":114518016}"
   1124352,         1,         0,   117.5,decoder_by_matrix,c8397cb2c46e4683a6f3970bc42cef1aabfef4d80cfcd6b8313e87630b680ee2,"{""distance"":3,""physical_error_rate"":0.0001}","{""detection_events"":13761,""detectors_checked"":60715008,""obs_mistake_mask=__E_"":1}"
    980992,        77,         0,   118.5,decoder_by_matrix,e45af4f98fc7ee1c9936a6749fec74122c57b4ab96343d0e01c96593a4531898,"{""distance"":3,""physical_error_rate"":0.001}","{""detection_events"":118731,""detectors_checked"":52973568,""obs_mistake_mask=EEE_"":1,""obs_mistake_mask=E___"":3,""obs_mistake_mask=_EEE"":6,""obs_mistake_mask=_EE_"":12,""obs_mistake_mask=_E_E"":3,""obs_mistake_mask=_E__"":15,""obs_mistake_mask=__EE"":9,""obs_mistake_mask=__E_"":14,""obs_mistake_mask=___E"":14}"
   2380800,         0,         0,   114.1,decoder_by_matrix,1222905ef2c3e0b3841e2be415851bad02a0949e12b9844f6b979980572eaa40,"{""distance"":3,""physical_error_rate"":5e-06}","{""detection_events"":1356,""detectors_checked"":128563200}"
   1122304,         1,         0,   116.0,decoder_by_matrix,c8397cb2c46e4683a6f3970bc42cef1aabfef4d80cfcd6b8313e87630b680ee2,"{""distance"":3,""physical_error_rate"":0.0001}","{""detection_events"":13575,""detectors_checked"":60604416,""obs_mistake_mask=__E_"":1}"
   1329152,         0,         0,   116.8,decoder_by_matrix,cd5aa4935a142b600239883e928f6c7fc9fbc8c84161e9ed59cf2551b7ebfc3d,"{""distance"":3,""physical_error_rate"":5e-05}","{""detection_events"":8109,""detectors_checked"":71774208}"
   1124352,         2,         0,   116.9,decoder_by_matrix,c8397cb2c46e4683a6f3970bc42cef1aabfef4d80cfcd6b8313e87630b680ee2,"{""distance"":3,""physical_error_rate"":0.0001}","{""detection_events"":13659,""detectors_checked"":60715008,""obs_mistake_mask=E___"":1,""obs_mistake_mask=_EEE"":1}"
   2366464,         0,         0,   113.5,decoder_by_matrix,1222905ef2c3e0b3841e2be415851bad02a0949e12b9844f6b979980572eaa40,"{""distance"":3,""physical_error_rate"":5e-06}","{""detection_events"":1446,""detectors_checked"":127789056}"
   2333696,         0,         0,   116.4,decoder_by_matrix,1222905ef2c3e0b3841e2be415851bad02a0949e12b9844f6b979980572eaa40,"{""distance"":3,""physical_error_rate"":5e-06}","{""detection_events"":1521,""detectors_checked"":126019584}"
   2371584,         0,         0,   116.3,decoder_by_matrix,1222905ef2c3e0b3841e2be415851bad02a0949e12b9844f6b979980572eaa40,"{""distance"":3,""physical_error_rate"":5e-06}","{""detection_events"":1392,""detectors_checked"":128065536}"
   1323008,         1,         0,   116.5,decoder_by_matrix,cd5aa4935a142b600239883e928f6c7fc9fbc8c84161e9ed59cf2551b7ebfc3d,"{""distance"":3,""physical_error_rate"":5e-05}","{""detection_events"":8139,""detectors_checked"":71442432,""obs_mistake_mask=__EE"":1}"
   1130496,         1,         0,   118.6,decoder_by_matrix,c8397cb2c46e4683a6f3970bc42cef1aabfef4d80cfcd6b8313e87630b680ee2,"{""distance"":3,""physical_error_rate"":0.0001}","{""detection_events"":13344,""detectors_checked"":61046784,""obs_mistake_mask=__E_"":1}"
   2662400,         0,         0,   114.1,decoder_by_matrix,b3c6da8537ae85d54cd5acd57fc4d5a00e23be04de7c70760ac5fa4b0f5f70dc,"{""distance"":3,""physical_error_rate"":1e-06}","{""detection_events"":255,""detectors_checked"":143769600}"
   1010688,        20,         0,   116.6,decoder_by_matrix,5dee359087c4b9ae2c20477a4d5136d2695095b0438111838e7093c679bd3c20,"{""distance"":3,""physical_error_rate"":0.0005}","{""detection_events"":60312,""detectors_checked"":54577152,""obs_mistake_mask=EE__"":1,""obs_mistake_mask=E___"":2,""obs_mistake_mask=_EEE"":2,""obs_mistake_mask=_EE_"":1,""obs_mistake_mask=_E_E"":1,""obs_mistake_mask=_E__"":2,""obs_mistake_mask=__EE"":2,""obs_mistake_mask=__E_"":2,""obs_mistake_mask=___E"":7}"
   2092032,         0,         0,   114.8,decoder_by_matrix,73784f3389b885bc1b704dac0b44b83e08b79da81bcec9ed749229213445f550,"{""distance"":3,""physical_error_rate"":1e-05}","{""detection_events"":2475,""detectors_checked"":112969728}"
    971776,        77,         0,   117.9,decoder_by_matrix,e45af4f98fc7ee1c9936a6749fec74122c57b4ab96343d0e01c96593a4531898,"{""distance"":3,""physical_error_rate"":0.001}","{""detection_events"":114684,""detectors_checked"":52475904,""obs_mistake_mask=E__E"":2,""obs_mistake_mask=E___"":7,""obs_mistake_mask=_EEE"":7,""obs_mistake_mask=_EE_"":5,""obs_mistake_mask=_E_E"":8,""obs_mistake_mask=_E__"":17,""obs_mistake_mask=__EE"":4,""obs_mistake_mask=__E_"":17,""obs_mistake_mask=___E"":10}"
   2633728,         0,         0,   114.5,decoder_by_matrix,b3c6da8537ae85d54cd5acd57fc4d5a00e23be04de7c70760ac5fa4b0f5f70dc,"{""distance"":3,""physical_error_rate"":1e-06}","{""detection_events"":285,""detectors_checked"":142221312}"
   1321984,         1,         0,   117.0,decoder_by_matrix,cd5aa4935a142b600239883e928f6c7fc9fbc8c84161e9ed59cf2551b7ebfc3d,"{""distance"":3,""physical_error_rate"":5e-05}","{""detection_events"":8073,""detectors_checked"":71387136,""obs_mistake_mask=_E__"":1}"
   2117632,         0,         0,   114.2,decoder_by_matrix,73784f3389b885bc1b704dac0b44b83e08b79da81bcec9ed749229213445f550,"{""distance"":3,""physical_error_rate"":1e-05}","{""detection_events"":2430,""detectors_checked"":114352128}"
   1005568,        15,         0,   116.3,decoder_by_matrix,5dee359087c4b9ae2c20477a4d5136d2695095b0438111838e7093c679bd3c20,"{""distance"":3,""physical_error_rate"":0.0005}","{""detection_events"":58947,""detectors_checked"":54300672,""obs_mistake_mask=E___"":1,""obs_mistake_mask=_EEE"":1,""obs_mistake_mask=_EE_"":3,""obs_mistake_mask=_E__"":2,""obs_mistake_mask=__EE"":3,""obs_mistake_mask=__E_"":1,""obs_mistake_mask=___E"":4}"
   1122304,         1,         0,   117.9,decoder_by_matrix,c8397cb2c46e4683a6f3970bc42cef1aabfef4d80cfcd6b8313e87630b680ee2,"{""distance"":3,""physical_error_rate"":0.0001}","{""detection_events"":13581,""detectors_checked"":60604416,""obs_mistake_mask=_EEE"":1}"
   2111488,         0,         0,   117.0,decoder_by_matrix,73784f3389b885bc1b704dac0b44b83e08b79da81bcec9ed749229213445f550,"{""distance"":3,""physical_error_rate"":1e-05}","{""detection_events"":2529,""detectors_checked"":114020352}"
    978944,        71,         0,   118.2,decoder_by_matrix,e45af4f98fc7ee1c9936a6749fec74122c57b4ab96343d0e01c96593a4531898,"{""distance"":3,""physical_error_rate"":0.001}","{""detection_events"":116604,""detectors_checked"":52862976,""obs_mistake_mask=E___"":7,""obs_mistake_mask=_EEE"":12,""obs_mistake_mask=_EE_"":3,""obs_mistake_mask=_E_E"":5,""obs_mistake_mask=_E__"":10,""obs_mistake_mask=__EE"":9,""obs_mistake_mask=__E_"":11,""obs_mistake_mask=___E"":14}"
   1337344,         0,         0,   116.5,decoder_by_matrix,cd5aa4935a142b600239883e928f6c7fc9fbc8c84161e9ed59cf2551b7ebfc3d,"{""distance"":3,""physical_error_rate"":5e-05}","{""detection_events"":7806,""detectors_checked"":72216576}"
   2658304,         0,         0,   115.4,decoder_by_matrix,b3c6da8537ae85d54cd5acd57fc4d5a00e23be04de7c70760ac5fa4b0f5f70dc,"{""distance"":3,""physical_error_rate"":1e-06}","{""detection_events"":267,""detectors_checked"":143548416}"
   2341888,         0,         0,   115.9,decoder_by_matrix,1222905ef2c3e0b3841e2be415851bad02a0949e12b9844f6b979980572eaa40,"{""distance"":3,""physical_error_rate"":5e-06}","{""detection_events"":1428,""detectors_checked"":126461952}"
   2080768,         0,         0,   116.9,decoder_by_matrix,73784f3389b885bc1b704dac0b44b83e08b79da81bcec9ed749229213445f550,"{""distance"":3,""physical_error_rate"":1e-05}","{""detection_events"":2646,""detectors_checked"":112361472}"
   1009664,        24,         0,   118.3,decoder_by_matrix,5dee359087c4b9ae2c20477a4d5136d2695095b0438111838e7093c679bd3c20,"{""distance"":3,""physical_error_rate"":0.0005}","{""detection_events"":59796,""detectors_checked"":54521856,""obs_mistake_mask=E___"":3,""obs_mistake_mask=_EEE"":2,""obs_mistake_mask=_EE_"":3,""obs_mistake_mask=_E_E"":1,""obs_mistake_mask=_E__"":5,""obs_mistake_mask=__E_"":5,""obs_mistake_mask=___E"":5}"
   1113088,         2,         0,   119.1,decoder_by_matrix,c8397cb2c46e4683a6f3970bc42cef1aabfef4d80cfcd6b8313e87630b680ee2,"{""distance"":3,""physical_error_rate"":0.0001}","{""detection_events"":13653,""detectors_checked"":60106752,""obs_mistake_mask=_EEE"":2}"
   2619392,         0,         0,   113.2,decoder_by_matrix,b3c6da8537ae85d54cd5acd57fc4d5a00e23be04de7c70760ac5fa4b0f5f70dc,"{""distance"":3,""physical_error_rate"":1e-06}","{""detection_events"":375,""detectors_checked"":141447168}"
   1006592,        27,         0,   117.8,decoder_by_matrix,5dee359087c4b9ae2c20477a4d5136d2695095b0438111838e7093c679bd3c20,"{""distance"":3,""physical_error_rate"":0.0005}","{""detection_events"":59811,""detectors_checked"":54355968,""obs_mistake_mask=_EE_"":2,""obs_mistake_mask=_E_E"":7,""obs_mistake_mask=_E__"":1,""obs_mistake_mask=__EE"":5,""obs_mistake_mask=__E_"":5,""obs_mistake_mask=___E"":7}"
   2354176,         0,         0,   118.2,decoder_by_matrix,1222905ef2c3e0b3841e2be415851bad02a0949e12b9844f6b979980572eaa40,"{""distance"":3,""physical_error_rate"":5e-06}","{""detection_events"":1395,""detectors_checked"":127125504}"
   1127424,         0,         0,   115.9,decoder_by_matrix,c8397cb2c46e4683a6f3970bc42cef1aabfef4d80cfcd6b8313e87630b680ee2,"{""distance"":3,""physical_error_rate"":0.0001}","{""detection_events"":13599,""detectors_checked"":60880896}"
    979968,        76,         0,   117.2,decoder_by_matrix,e45af4f98fc7ee1c9936a6749fec74122c57b4ab96343d0e01c96593a4531898,"{""distance"":3,""physical_error_rate"":0.001}","{""detection_events"":118227,""detectors_checked"":52918272,""obs_mistake_mask=E___"":6,""obs_mistake_mask=_EEE"":7,""obs_mistake_mask=_EE_"":8,""obs_mistake_mask=_E_E"":7,""obs_mistake_mask=_E__"":13,""obs_mistake_mask=__EE"":8,""obs_mistake_mask=__E_"":14,""obs_mistake_mask=___E"":13}"
    979968,        67,         0,   117.8,decoder_by_matrix,e45af4f98fc7ee1c9936a6749fec74122c57b4ab96343d0e01c96593a4531898,"{""distance"":3,""physical_error_rate"":0.001}","{""detection_events"":117195,""detectors_checked"":52918272,""obs_mistake_mask=E___"":7,""obs_mistake_mask=_EEE"":3,""obs_mistake_mask=_EE_"":7,""obs_mistake_mask=_E_E"":6,""obs_mistake_mask=_E__"":11,""obs_mistake_mask=__EE"":9,""obs_mistake_mask=__E_"":12,""obs_mistake_mask=___E"":12}"
   1320960,         1,         0,   116.4,decoder_by_matrix,cd5aa4935a142b600239883e928f6c7fc9fbc8c84161e9ed59cf2551b7ebfc3d,"{""distance"":3,""physical_error_rate"":5e-05}","{""detection_events"":8151,""detectors_checked"":71331840,""obs_mistake_mask=__EE"":1}"
   2113536,         0,         0,   115.8,decoder_by_matrix,73784f3389b885bc1b704dac0b44b83e08b79da81bcec9ed749229213445f550,"{""distance"":3,""physical_error_rate"":1e-05}","{""detection_events"":2430,""detectors_checked"":114130944}"
   2349056,         0,         0,   116.0,decoder_by_matrix,1222905ef2c3e0b3841e2be415851bad02a0949e12b9844f6b979980572eaa40,"{""distance"":3,""physical_error_rate"":5e-06}","{""detection_events"":1446,""detectors_checked"":126849024}"
   1012736,        17,         0,   117.5,decoder_by_matrix,5dee359087c4b9ae2c20477a4d5136d2695095b0438111838e7093c679bd3c20,"{""distance"":3,""physical_error_rate"":0.0005}","{""detection_events"":61425,""detectors_checked"":54687744,""obs_mistake_mask=_EEE"":1,""obs_mistake_mask=_EE_"":4,""obs_mistake_mask=_E_E"":3,""obs_mistake_mask=_E__"":2,""obs_mistake_mask=__EE"":1,""obs_mistake_mask=__E_"":2,""obs_mistake_mask=___E"":4}"
   1125376,         1,         0,   118.0,decoder_by_matrix,c8397cb2c46e4683a6f3970bc42cef1aabfef4d80cfcd6b8313e87630b680ee2,"{""distance"":3,""physical_error_rate"":0.0001}","{""detection_events"":13038,""detectors_checked"":60770304,""obs_mistake_mask=__E_"":1}"
   2315264,         0,         0,   113.3,decoder_by_matrix,1222905ef2c3e0b3841e2be415851bad02a0949e12b9844f6b979980572eaa40,"{""distance"":3,""physical_error_rate"":5e-06}","{""detection_events"":1485,""detectors_checked"":125024256}"
   2644992,         0,         0,   114.9,decoder_by_matrix,b3c6da8537ae85d54cd5acd57fc4d5a00e23be04de7c70760ac5fa4b0f5f70dc,"{""distance"":3,""physical_error_rate"":1e-06}","{""detection_events"":300,""detectors_checked"":142829568}"
    974848,        89,         0,   119.1,decoder_by_matrix,e45af4f98fc7ee1c9936a6749fec74122c57b4ab96343d0e01c96593a4531898,"{""distance"":3,""physical_error_rate"":0.001}","{""detection_events"":117192,""detectors_checked"":52641792,""obs_mistake_mask=E___"":11,""obs_mistake_mask=_EEE"":10,""obs_mistake_mask=_EE_"":10,""obs_mistake_mask=_E_E"":9,""obs_mistake_mask=_E__"":11,""obs_mistake_mask=__EE"":10,""obs_mistake_mask=__E_"":12,""obs_mistake_mask=___E"":16}"
   1346560,         1,         0,   115.6,decoder_by_matrix,cd5aa4935a142b600239883e928f6c7fc9fbc8c84161e9ed59cf2551b7ebfc3d,"{""distance"":3,""physical_error_rate"":5e-05}","{""detection_events"":7677,""detectors_checked"":72714240,""obs_mistake_mask=E___"":1}"
    982016,        68,         0,   117.4,decoder_by_matrix,e45af4f98fc7ee1c9936a6749fec74122c57b4ab96343d0e01c96593a4531898,"{""distance"":3,""physical_error_rate"":0.001}","{""detection_events"":117885,""detectors_checked"":53028864,""obs_mistake_mask=EEE_"":1,""obs_mistake_mask=E___"":7,""obs_mistake_mask=_EEE"":6,""obs_mistake_mask=_EE_"":5,""obs_mistake_mask=_E_E"":12,""obs_mistake_mask=_E__"":4,""obs_mistake_mask=__EE"":5,""obs_mistake_mask=__E_"":10,""obs_mistake_mask=___E"":18}"
   1325056,         0,         0,   117.5,decoder_by_matrix,cd5aa4935a142b600239883e928f6c7fc9fbc8c84161e9ed59cf2551b7ebfc3d,"{""distance"":3,""physical_error_rate"":5e-05}","{""detection_events"":8100,""detectors_checked"":71553024}"
    978944,        57,         0,   118.5,decoder_by_matrix,e45af4f98fc7ee1c9936a6749fec74122c57b4ab96343d0e01c96593a4531898,"{""distance"":3,""physical_error_rate"":0.001}","{""detection_events"":116919,""detectors_checked"":52862976,""obs_mistake_mask=E___"":7,""obs_mistake_mask=_EEE"":2,""obs_mistake_mask=_EE_"":8,""obs_mistake_mask=_E_E"":2,""obs_mistake_mask=_E__"":10,""obs_mistake_mask=__EE"":7,""obs_mistake_mask=__E_"":9,""obs_mistake_mask=___E"":12}"
   2360320,         0,         0,   113.6,decoder_by_matrix,1222905ef2c3e0b3841e2be415851bad02a0949e12b9844f6b979980572eaa40,"{""distance"":3,""physical_error_rate"":5e-06}","{""detection_events"":1398,""detectors_checked"":127457280}"
   2627584,         0,         0,   116.4,decoder_by_matrix,b3c6da8537ae85d54cd5acd57fc4d5a00e23be04de7c70760ac5fa4b0f5f70dc,"{""distance"":3,""physical_error_rate"":1e-06}","{""detection_events"":339,""detectors_checked"":141889536}"
    978944,        69,         0,   117.9,decoder_by_matrix,e45af4f98fc7ee1c9936a6749fec74122c57b4ab96343d0e01c96593a4531898,"{""distance"":3,""physical_error_rate"":0.001}","{""detection_events"":117426,""detectors_checked"":52862976,""obs_mistake_mask=E___"":3,""obs_mistake_mask=_EEE"":8,""obs_mistake_mask=_EE_"":7,""obs_mistake_mask=_E_E"":3,""obs_mistake_mask=_E__"":16,""obs_mistake_mask=__EE"":5,""obs_mistake_mask=__E_"":11,""obs_mistake_mask=___E"":16}"
   2654208,         0,         0,   114.0,decoder_by_matrix,b3c6da8537ae85d54cd5acd57fc4d5a00e23be04de7c70760ac5fa4b0f5f70dc,"{""distance"":3,""physical_error_rate"":1e-06}","{""detection_events"":324,""detectors_checked"":143327232}"
   2081792,         0,         0,   115.4,decoder_by_matrix,73784f3389b885bc1b704dac0b44b83e08b79da81bcec9ed749229213445f550,"{""distance"":3,""physical_error_rate"":1e-05}","{""detection_events"":2556,""detectors_checked"":112416768}"
   1013760,        16,         0,   116.6,decoder_by_matrix,5dee359087c4b9ae2c20477a4d5136d2695095b0438111838e7093c679bd3c20,"{""distance"":3,""physical_error_rate"":0.0005}","{""detection_events"":60246,""detectors_checked"":54743040,""obs_mistake_mask=E___"":2,""obs_mistake_mask=_EE_"":3,""obs_mistake_mask=_E_E"":2,""obs_mistake_mask=_E__"":2,""obs_mistake_mask=__E_"":4,""obs_mistake_mask=___E"":3}"
   1012736,        17,         0,   118.0,decoder_by_matrix,5dee359087c4b9ae2c20477a4d5136d2695095b0438111838e7093c679bd3c20,"{""distance"":3,""physical_error_rate"":0.0005}","{""detection_events"":60486,""detectors_checked"":54687744,""obs_mistake_mask=_EEE"":2,""obs_mistake_mask=_EE_"":2,""obs_mistake_mask=_E_E"":2,""obs_mistake_mask=_E__"":2,""obs_mistake_mask=__EE"":3,""obs_mistake_mask=__E_"":3,""obs_mistake_mask=___E"":3}"
   1344512,         1,         0,   117.7,decoder_by_matrix,cd5aa4935a142b600239883e928f6c7fc9fbc8c84161e9ed59cf2551b7ebfc3d,"{""distance"":3,""physical_error_rate"":5e-05}","{""detection_events"":8409,""detectors_checked"":72603648,""obs_mistake_mask=_EE_"":1}"
   2061312,         0,         0,   116.8,decoder_by_matrix,73784f3389b885bc1b704dac0b44b83e08b79da81bcec9ed749229213445f550,"{""distance"":3,""physical_error_rate"":1e-05}","{""detection_events"":2661,""detectors_checked"":111310848}"
   2108416,         0,         0,   117.2,decoder_by_matrix,73784f3389b885bc1b704dac0b44b83e08b79da81bcec9ed749229213445f550,"{""distance"":3,""physical_error_rate"":1e-05}","{""detection_events"":2490,""detectors_checked"":113854464}"
   1132544,         1,         0,   117.7,decoder_by_matrix,c8397cb2c46e4683a6f3970bc42cef1aabfef4d80cfcd6b8313e87630b680ee2,"{""distance"":3,""physical_error_rate"":0.0001}","{""detection_events"":13107,""detectors_checked"":61157376,""obs_mistake_mask=_EE_"":1}"
   1010688,        15,         0,   118.1,decoder_by_matrix,5dee359087c4b9ae2c20477a4d5136d2695095b0438111838e7093c679bd3c20,"{""distance"":3,""physical_error_rate"":0.0005}","{""detection_events"":60492,""detectors_checked"":54577152,""obs_mistake_mask=_EE_"":2,""obs_mistake_mask=_E_E"":2,""obs_mistake_mask=_E__"":4,""obs_mistake_mask=__EE"":1,""obs_mistake_mask=__E_"":4,""obs_mistake_mask=___E"":2}"
   1014784,        13,         0,   118.4,decoder_by_matrix,5dee359087c4b9ae2c20477a4d5136d2695095b0438111838e7093c679bd3c20,"{""distance"":3,""physical_error_rate"":0.0005}","{""detection_events"":60123,""detectors_checked"":54798336,""obs_mistake_mask=E___"":2,""obs_mistake_mask=_EEE"":1,""obs_mistake_mask=_EE_"":2,""obs_mistake_mask=_E__"":1,""obs_mistake_mask=__EE"":3,""obs_mistake_mask=__E_"":3,""obs_mistake_mask=___E"":1}"
   1343488,         0,         0,   116.1,decoder_by_matrix,cd5aa4935a142b600239883e928f6c7fc9fbc8c84161e9ed59cf2551b7ebfc3d,"{""distance"":3,""physical_error_rate"":5e-05}","{""detection_events"":8193,""detectors_checked"":72548352}"
   2636800,         0,         0,   113.6,decoder_by_matrix,b3c6da8537ae85d54cd5acd57fc4d5a00e23be04de7c70760ac5fa4b0f5f70dc,"{""distance"":3,""physical_error_rate"":1e-06}","{""detection_events"":309,""detectors_checked"":142387200}"
   2644992,         0,         0,   115.7,decoder_by_matrix,b3c6da8537ae85d54cd5acd57fc4d5a00e23be04de7c70760ac5fa4b0f5f70dc,"{""distance"":3,""physical_error_rate"":1e-06}","{""detection_events"":258,""detectors_checked"":142829568}"
    980992,        77,         0,   118.3,decoder_by_matrix,e45af4f98fc7ee1c9936a6749fec74122c57b4ab96343d0e01c96593a4531898,"{""distance"":3,""physical_error_rate"":0.001}","{""detection_events"":118911,""detectors_checked"":52973568,""obs_mistake_mask=E___"":2,""obs_mistake_mask=_EEE"":10,""obs_mistake_mask=_EE_"":6,""obs_mistake_mask=_E_E"":7,""obs_mistake_mask=_E__"":13,""obs_mistake_mask=__EE"":10,""obs_mistake_mask=__E_"":17,""obs_mistake_mask=___E"":12}"
   2099200,         0,         0,   116.8,decoder_by_matrix,73784f3389b885bc1b704dac0b44b83e08b79da81bcec9ed749229213445f550,"{""distance"":3,""physical_error_rate"":1e-05}","{""detection_events"":2535,""detectors_checked"":113356800}"
   1146880,         1,         0,   115.8,decoder_by_matrix,c8397cb2c46e4683a6f3970bc42cef1aabfef4d80cfcd6b8313e87630b680ee2,"{""distance"":3,""physical_error_rate"":0.0001}","{""detection_events"":13338,""detectors_checked"":61931520,""obs_mistake_mask=_EE_"":1}"
    980992,        86,         0,   118.6,decoder_by_matrix,e45af4f98fc7ee1c9936a6749fec74122c57b4ab96343d0e01c96593a4531898,"{""distance"":3,""physical_error_rate"":0.001}","{""detection_events"":116412,""detectors_checked"":52973568,""obs_mistake_mask=E___"":6,""obs_mistake_mask=_EEE"":5,""obs_mistake_mask=_EE_"":10,""obs_mistake_mask=_E_E"":16,""obs_mistake_mask=_E__"":22,""obs_mistake_mask=__EE"":7,""obs_mistake_mask=__E_"":12,""obs_mistake_mask=___E"":8}"
   2375680,         0,         0,   114.7,decoder_by_matrix,1222905ef2c3e0b3841e2be415851bad02a0949e12b9844f6b979980572eaa40,"{""distance"":3,""physical_error_rate"":5e-06}","{""detection_events"":1323,""detectors_checked"":128286720}"
   1143808,         1,         0,   116.0,decoder_by_matrix,c8397cb2c46e4683a6f3970bc42cef1aabfef4d80cfcd6b8313e87630b680ee2,"{""distance"":3,""physical_error_rate"":0.0001}","{""detection_events"":13443,""detectors_checked"":61765632,""obs_mistake_mask=_EE_"":1}"
   1334272,         0,         0,   115.8,decoder_by_matrix,cd5aa4935a142b600239883e928f6c7fc9fbc8c84161e9ed59cf2551b7ebfc3d,"{""distance"":3,""physical_error_rate"":5e-05}","{""detection_events"":8022,""detectors_checked"":72050688}"
   1126400,         2,         0,   117.7,decoder_by_matrix,c8397cb2c46e4683a6f3970bc42cef1aabfef4d80cfcd6b8313e87630b680ee2,"{""distance"":3,""physical_error_rate"":0.0001}","{""detection_events"":13920,""detectors_checked"":60825600,""obs_mistake_mask=_E__"":1,""obs_mistake_mask=__E_"":1}"
   2367488,         0,         0,   116.8,decoder_by_matrix,1222905ef2c3e0b3841e2be415851bad02a0949e12b9844f6b979980572eaa40,"{""distance"":3,""physical_error_rate"":5e-06}","{""detection_events"":1335,""detectors_checked"":127844352}"
   2354176,         0,         0,   115.7,decoder_by_matrix,1222905ef2c3e0b3841e2be415851bad02a0949e12b9844f6b979980572eaa40,"{""distance"":3,""physical_error_rate"":5e-06}","{""detection_events"":1380,""detectors_checked"":127125504}"
   2350080,         0,         0,   114.8,decoder_by_matrix,1222905ef2c3e0b3841e2be415851bad02a0949e12b9844f6b979980572eaa40,"{""distance"":3,""physical_error_rate"":5e-06}","{""detection_events"":1347,""detectors_checked"":126904320}"
   1349632,         0,         0,   118.6,decoder_by_matrix,cd5aa4935a142b600239883e928f6c7fc9fbc8c84161e9ed59cf2551b7ebfc3d,"{""distance"":3,""physical_error_rate"":5e-05}","{""detection_events"":7860,""detectors_checked"":72880128}"
   1131520,         1,         0,   116.2,decoder_by_matrix,c8397cb2c46e4683a6f3970bc42cef1aabfef4d80cfcd6b8313e87630b680ee2,"{""distance"":3,""physical_error_rate"":0.0001}","{""detection_events"":13149,""detectors_checked"":61102080,""obs_mistake_mask=__E_"":1}"
   2652160,         0,         0,   114.0,decoder_by_matrix,b3c6da8537ae85d54cd5acd57fc4d5a00e23be04de7c70760ac5fa4b0f5f70dc,"{""distance"":3,""physical_error_rate"":1e-06}","{""detection_events"":279,""detectors_checked"":143216640}"
   1010688,        19,         0,   117.9,decoder_by_matrix,5dee359087c4b9ae2c20477a4d5136d2695095b0438111838e7093c679bd3c20,"{""distance"":3,""physical_error_rate"":0.0005}","{""detection_events"":60465,""detectors_checked"":54577152,""obs_mistake_mask=E___"":2,""obs_mistake_mask=_EE_"":1,""obs_mistake_mask=_E_E"":2,""obs_mistake_mask=_E__"":5,""obs_mistake_mask=__EE"":1,""obs_mistake_mask=__E_"":3,""obs_mistake_mask=___E"":5}"
   2089984,         0,         0,   115.7,decoder_by_matrix,73784f3389b885bc1b704dac0b44b83e08b79da81bcec9ed749229213445f550,"{""distance"":3,""physical_error_rate"":1e-05}","{""detection_events"":2583,""detectors_checked"":112859136}"
    975872,        73,         0,   117.3,decoder_by_matrix,e45af4f98fc7ee1c9936a6749fec74122c57b4ab96343d0e01c96593a4531898,"{""distance"":3,""physical_error_rate"":0.001}","{""detection_events"":116769,""detectors_checked"":52697088,""obs_mistake_mask=E___"":2,""obs_mistake_mask=_EEE"":6,""obs_mistake_mask=_EE_"":4,""obs_mistake_mask=_E_E"":5,""obs_mistake_mask=_E__"":20,""obs_mistake_mask=__EE"":7,""obs_mistake_mask=__E_"":12,""obs_mistake_mask=___E"":17}"
   2634752,         0,         0,   113.9,decoder_by_matrix,b3c6da8537ae85d54cd5acd57fc4d5a00e23be04de7c70760ac5fa4b0f5f70dc,"{""distance"":3,""physical_error_rate"":1e-06}","{""detection_events"":300,""detectors_checked"":142276608}"
   1338368,         0,         0,   116.0,decoder_by_matrix,cd5aa4935a142b600239883e928f6c7fc9fbc8c84161e9ed59cf2551b7ebfc3d,"{""distance"":3,""physical_error_rate"":5e-05}","{""detection_events"":7602,""detectors_checked"":72271872}"
   2075648,         0,         0,   115.9,decoder_by_matrix,73784f3389b885bc1b704dac0b44b83e08b79da81bcec9ed749229213445f550,"{""distance"":3,""physical_error_rate"":1e-05}","{""detection_events"":2613,""detectors_checked"":112084992}"
   1002496,        21,         0,   117.2,decoder_by_matrix,5dee359087c4b9ae2c20477a4d5136d2695095b0438111838e7093c679bd3c20,"{""distance"":3,""physical_error_rate"":0.0005}","{""detection_events"":61245,""detectors_checked"":54134784,""obs_mistake_mask=E___"":4,""obs_mistake_mask=_EEE"":1,""obs_mistake_mask=_EE_"":2,""obs_mistake_mask=_E_E"":2,""obs_mistake_mask=_E__"":5,""obs_mistake_mask=__EE"":3,""obs_mistake_mask=__E_"":3,""obs_mistake_mask=___E"":1}"
   1119232,         2,         0,   118.5,decoder_by_matrix,c8397cb2c46e4683a6f3970bc42cef1aabfef4d80cfcd6b8313e87630b680ee2,"{""distance"":3,""physical_error_rate"":0.0001}","{""detection_events"":13467,""detectors_checked"":60438528,""obs_mistake_mask=__EE"":1,""obs_mistake_mask=___E"":1}"
   2103296,         0,         0,   116.7,decoder_by_matrix,73784f3389b885bc1b704dac0b44b83e08b79da81bcec9ed749229213445f550,"{""distance"":3,""physical_error_rate"":1e-05}","{""detection_events"":2484,""detectors_checked"":113577984}"
    982016,        69,         0,   117.3,decoder_by_matrix,e45af4f98fc7ee1c9936a6749fec74122c57b4ab96343d0e01c96593a4531898,"{""distance"":3,""physical_error_rate"":0.001}","{""detection_events"":117735,""detectors_checked"":53028864,""obs_mistake_mask=E___"":7,""obs_mistake_mask=_EEE"":7,""obs_mistake_mask=_EE_"":8,""obs_mistake_mask=_E_E"":5,""obs_mistake_mask=_E__"":12,""obs_mistake_mask=__EE"":6,""obs_mistake_mask=__E_"":9,""obs_mistake_mask=___E"":15}"
   1340416,         0,         0,   116.8,decoder_by_matrix,cd5aa4935a142b600239883e928f6c7fc9fbc8c84161e9ed59cf2551b7ebfc3d,"{""distance"":3,""physical_error_rate"":5e-05}","{""detection_events"":8040,""detectors_checked"":72382464}"
   2655232,         0,         0,   113.8,decoder_by_matrix,b3c6da8537ae85d54cd5acd57fc4d5a00e23be04de7c70760ac5fa4b0f5f70dc,"{""distance"":3,""physical_error_rate"":1e-06}","{""detection_events"":279,""detectors_checked"":143382528}"
   2398208,         0,         0,   115.6,decoder_by_matrix,1222905ef2c3e0b3841e2be415851bad02a0949e12b9844f6b979980572eaa40,"{""distance"":3,""physical_error_rate"":5e-06}","{""detection_events"":1215,""detectors_checked"":129503232}"
   1012736,        27,         0,   117.3,decoder_by_matrix,5dee359087c4b9ae2c20477a4d5136d2695095b0438111838e7093c679bd3c20,"{""distance"":3,""physical_error_rate"":0.0005}","{""detection_events"":59907,""detectors_checked"":54687744,""obs_mistake_mask=_EEE"":3,""obs_mistake_mask=_EE_"":1,""obs_mistake_mask=_E_E"":8,""obs_mistake_mask=_E__"":1,""obs_mistake_mask=__EE"":2,""obs_mistake_mask=__E_"":7,""obs_mistake_mask=___E"":5}"
   2079744,         0,         0,   115.2,decoder_by_matrix,73784f3389b885bc1b704dac0b44b83e08b79da81bcec9ed749229213445f550,"{""distance"":3,""physical_error_rate"":1e-05}","{""detection_events"":2616,""detectors_checked"":112306176}"
   1120256,         0,         0,   117.0,decoder_by_matrix,c8397cb2c46e4683a6f3970bc42cef1aabfef4d80cfcd6b8313e87630b680ee2,"{""distance"":3,""physical_error_rate"":0.0001}","{""detection_events"":13638,""detectors_checked"":60493824}"
   2655232,         0,         0,   114.5,decoder_by_matrix,b3c6da8537ae85d54cd5acd57fc4d5a00e23be04de7c70760ac5fa4b0f5f70dc,"{""distance"":3,""physical_error_rate"":1e-06}","{""detection_events"":297,""detectors_checked"":143382528}"
   2342912,         0,         0,   115.4,decoder_by_matrix,1222905ef2c3e0b3841e2be415851bad02a0949e12b9844f6b979980572eaa40,"{""distance"":3,""physical_error_rate"":5e-06}","{""detection_events"":1509,""detectors_checked"":126517248}"
   1008640,        17,         0,   116.1,decoder_by_matrix,5dee359087c4b9ae2c20477a4d5136d2695095b0438111838e7093c679bd3c20,"{""distance"":3,""physical_error_rate"":0.0005}","{""detection_events"":59649,""detectors_checked"":54466560,""obs_mistake_mask=E___"":2,""obs_mistake_mask=_EEE"":4,""obs_mistake_mask=_EE_"":1,""obs_mistake_mask=_E_E"":1,""obs_mistake_mask=_E__"":3,""obs_mistake_mask=__EE"":3,""obs_mistake_mask=__E_"":2,""obs_mistake_mask=___E"":1}"
   1131520,         2,         0,   116.4,decoder_by_matrix,c8397cb2c46e4683a6f3970bc42cef1aabfef4d80cfcd6b8313e87630b680ee2,"{""distance"":3,""physical_error_rate"":0.0001}","{""detection_events"":13752,""detectors_checked"":61102080,""obs_mistake_mask=___E"":2}"
    980992,        81,         0,   118.0,decoder_by_matrix,e45af4f98fc7ee1c9936a6749fec74122c57b4ab96343d0e01c96593a4531898,"{""distance"":3,""physical_error_rate"":0.001}","{""detection_events"":117726,""detectors_checked"":52973568,""obs_mistake_mask=E___"":2,""obs_mistake_mask=_EEE"":12,""obs_mistake_mask=_EE_"":12,""obs_mistake_mask=_E_E"":7,""obs_mistake_mask=_E__"":17,""obs_mistake_mask=__EE"":6,""obs_mistake_mask=__E_"":10,""obs_mistake_mask=___E"":15}"
    982016,        87,         0,   117.8,decoder_by_matrix,e45af4f98fc7ee1c9936a6749fec74122c57b4ab96343d0e01c96593a4531898,"{""distance"":3,""physical_error_rate"":0.001}","{""detection_events"":119409,""detectors_checked"":53028864,""obs_mistake_mask=E___"":3,""obs_mistake_mask=_EEE"":9,""obs_mistake_mask=_EE_"":5,""obs_mistake_mask=_E_E"":9,""obs_mistake_mask=_E__"":17,""obs_mistake_mask=__EE"":10,""obs_mistake_mask=__E_"":16,""obs_mistake_mask=___E"":18}"
   1340416,         0,         0,   116.9,decoder_by_matrix,cd5aa4935a142b600239883e928f6c7fc9fbc8c84161e9ed59cf2551b7ebfc3d,"{""distance"":3,""physical_error_rate"":5e-05}","{""detection_events"":7899,""detectors_checked"":72382464}"
   2099200,         0,         0,   114.0,decoder_by_matrix,73784f3389b885bc1b704dac0b44b83e08b79da81bcec9ed749229213445f550,"{""distance"":3,""physical_error_rate"":1e-05}","{""detection_events"":2547,""detectors_checked"":113356800}"
   2363392,         0,         0,   114.6,decoder_by_matrix,1222905ef2c3e0b3841e2be415851bad02a0949e12b9844f6b979980572eaa40,"{""distance"":3,""physical_error_rate"":5e-06}","{""detection_events"":1356,""detectors_checked"":127623168}"
   1014784,        24,         0,   117.1,decoder_by_matrix,5dee359087c4b9ae2c20477a4d5136d2695095b0438111838e7093c679bd3c20,"{""distance"":3,""physical_error_rate"":0.0005}","{""detection_events"":61500,""detectors_checked"":54798336,""obs_mistake_mask=E___"":2,""obs_mistake_mask=_EEE"":3,""obs_mistake_mask=_EE_"":2,""obs_mistake_mask=_E_E"":5,""obs_mistake_mask=_E__"":3,""obs_mistake_mask=__EE"":1,""obs_mistake_mask=__E_"":2,""obs_mistake_mask=___E"":6}"
   1133568,         1,         0,   118.5,decoder_by_matrix,c8397cb2c46e4683a6f3970bc42cef1aabfef4d80cfcd6b8313e87630b680ee2,"{""distance"":3,""physical_error_rate"":0.0001}","{""detection_events"":13485,""detectors_checked"":61212672,""obs_mistake_mask=_EE_"":1}"
   2644992,         0,         0,   115.0,decoder_by_matrix,b3c6da8537ae85d54cd5acd57fc4d5a00e23be04de7c70760ac5fa4b0f5f70dc,"{""distance"":3,""physical_error_rate"":1e-06}","{""detection_events"":318,""detectors_checked"":142829568}"
   2381824,         0,         0,   116.4,decoder_by_matrix,1222905ef2c3e0b3841e2be415851bad02a0949e12b9844f6b979980572eaa40,"{""distance"":3,""physical_error_rate"":5e-06}","{""detection_events"":1377,""detectors_checked"":128618496}"
    978944,        78,         0,   117.4,decoder_by_matrix,e45af4f98fc7ee1c9936a6749fec74122c57b4ab96343d0e01c96593a4531898,"{""distance"":3,""physical_error_rate"":0.001}","{""detection_events"":117192,""detectors_checked"":52862976,""obs_mistake_mask=E___"":7,""obs_mistake_mask=_EEE"":4,""obs_mistake_mask=_EE_"":9,""obs_mistake_mask=_E_E"":10,""obs_mistake_mask=_E__"":16,""obs_mistake_mask=__EE"":8,""obs_mistake_mask=__E_"":13,""obs_mistake_mask=___E"":11}"
   1335296,         0,         0,   117.5,decoder_by_matrix,cd5aa4935a142b600239883e928f6c7fc9fbc8c84161e9ed59cf2551b7ebfc3d,"{""distance"":3,""physical_error_rate"":5e-05}","{""detection_events"":7905,""detectors_checked"":72105984}"
   1327104,         0,         0,   117.4,decoder_by_matrix,cd5aa4935a142b600239883e928f6c7fc9fbc8c84161e9ed59cf2551b7ebfc3d,"{""distance"":3,""physical_error_rate"":5e-05}","{""detection_events"":8007,""detectors_checked"":71663616}"
    987136,        70,         0,   117.6,decoder_by_matrix,e45af4f98fc7ee1c9936a6749fec74122c57b4ab96343d0e01c96593a4531898,"{""distance"":3,""physical_error_rate"":0.001}","{""detection_events"":118689,""detectors_checked"":53305344,""obs_mistake_mask=E___"":4,""obs_mistake_mask=_EEE"":9,""obs_mistake_mask=_EE_"":4,""obs_mistake_mask=_E_E"":9,""obs_mistake_mask=_E__"":12,""obs_mistake_mask=__EE"":9,""obs_mistake_mask=__E_"":9,""obs_mistake_mask=___E"":14}"
   2285568,         0,         0,   118.3,decoder_by_matrix,1222905ef2c3e0b3841e2be415851bad02a0949e12b9844f6b979980572eaa40,"{""distance"":3,""physical_error_rate"":5e-06}","{""detection_events"":1605,""detectors_checked"":123420672}"
    977920,        79,         0,   117.3,decoder_by_matrix,e45af4f98fc7ee1c9936a6749fec74122c57b4ab96343d0e01c96593a4531898,"{""distance"":3,""physical_error_rate"":0.001}","{""detection_events"":117030,""detectors_checked"":52807680,""obs_mistake_mask=E___"":9,""obs_mistake_mask=_EEE"":5,""obs_mistake_mask=_EE_"":9,""obs_mistake_mask=_E_E"":7,""obs_mistake_mask=_E__"":13,""obs_mistake_mask=__EE"":9,""obs_mistake_mask=__E_"":18,""obs_mistake_mask=___E"":9}"
    980992,        82,         0,   118.0,decoder_by_matrix,e45af4f98fc7ee1c9936a6749fec74122c57b4ab96343d0e01c96593a4531898,"{""distance"":3,""physical_error_rate"":0.001}","{""detection_events"":117579,""detectors_checked"":52973568,""obs_mistake_mask=E___"":6,""obs_mistake_mask=_EEE"":7,""obs_mistake_mask=_EE_"":12,""obs_mistake_mask=_E_E"":6,""obs_mistake_mask=_E__"":16,""obs_mistake_mask=__EE"":8,""obs_mistake_mask=__E_"":14,""obs_mistake_mask=___E"":13}"
   2638848,         0,         0,   116.9,decoder_by_matrix,b3c6da8537ae85d54cd5acd57fc4d5a00e23be04de7c70760ac5fa4b0f5f70dc,"{""distance"":3,""physical_error_rate"":1e-06}","{""detection_events"":342,""detectors_checked"":142497792}"
   2114560,         0,         0,   116.2,decoder_by_matrix,73784f3389b885bc1b704dac0b44b83e08b79da81bcec9ed749229213445f550,"{""distance"":3,""physical_error_rate"":1e-05}","{""detection_events"":2553,""detectors_checked"":114186240}"
   2660352,         0,         0,   114.7,decoder_by_matrix,b3c6da8537ae85d54cd5acd57fc4d5a00e23be04de7c70760ac5fa4b0f5f70dc,"{""distance"":3,""physical_error_rate"":1e-06}","{""detection_events"":294,""detectors_checked"":143659008}"
   1015808,        24,         0,   116.3,decoder_by_matrix,5dee359087c4b9ae2c20477a4d5136d2695095b0438111838e7093c679bd3c20,"{""distance"":3,""physical_error_rate"":0.0005}","{""detection_events"":60750,""detectors_checked"":54853632,""obs_mistake_mask=E___"":1,""obs_mistake_mask=_EEE"":3,""obs_mistake_mask=_EE_"":2,""obs_mistake_mask=_E_E"":2,""obs_mistake_mask=_E__"":6,""obs_mistake_mask=__EE"":2,""obs_mistake_mask=__E_"":5,""obs_mistake_mask=___E"":3}"
   1368064,         0,         0,   116.5,decoder_by_matrix,cd5aa4935a142b600239883e928f6c7fc9fbc8c84161e9ed59cf2551b7ebfc3d,"{""distance"":3,""physical_error_rate"":5e-05}","{""detection_events"":7860,""detectors_checked"":73875456}"
   1013760,        17,         0,   118.5,decoder_by_matrix,5dee359087c4b9ae2c20477a4d5136d2695095b0438111838e7093c679bd3c20,"{""distance"":3,""physical_error_rate"":0.0005}","{""detection_events"":60207,""detectors_checked"":54743040,""obs_mistake_mask=_EEE"":1,""obs_mistake_mask=_EE_"":1,""obs_mistake_mask=_E_E"":3,""obs_mistake_mask=_E__"":2,""obs_mistake_mask=__EE"":1,""obs_mistake_mask=__E_"":1,""obs_mistake_mask=___E"":8}"
   1131520,         3,         0,   116.4,decoder_by_matrix,c8397cb2c46e4683a6f3970bc42cef1aabfef4d80cfcd6b8313e87630b680ee2,"{""distance"":3,""physical_error_rate"":0.0001}","{""detection_events"":13485,""detectors_checked"":61102080,""obs_mistake_mask=E___"":1,""obs_mistake_mask=_E_E"":1,""obs_mistake_mask=__E_"":1}"
   2102272,         0,         0,   116.2,decoder_by_matrix,73784f3389b885bc1b704dac0b44b83e08b79da81bcec9ed749229213445f550,"{""distance"":3,""physical_error_rate"":1e-05}","{""detection_events"":2571,""detectors_checked"":113522688}"
   2112512,         0,         0,   116.7,decoder_by_matrix,73784f3389b885bc1b704dac0b44b83e08b79da81bcec9ed749229213445f550,"{""distance"":3,""physical_error_rate"":1e-05}","{""detection_events"":2529,""detectors_checked"":114075648}"
   1011712,        24,         0,   118.0,decoder_by_matrix,5dee359087c4b9ae2c20477a4d5136d2695095b0438111838e7093c679bd3c20,"{""distance"":3,""physical_error_rate"":0.0005}","{""detection_events"":60510,""detectors_checked"":54632448,""obs_mistake_mask=E___"":2,""obs_mistake_mask=_EEE"":3,""obs_mistake_mask=_EE_"":3,""obs_mistake_mask=_E__"":4,""obs_mistake_mask=__EE"":7,""obs_mistake_mask=__E_"":1,""obs_mistake_mask=___E"":4}"
   1368064,         0,         0,   115.3,decoder_by_matrix,cd5aa4935a142b600239883e928f6c7fc9fbc8c84161e9ed59cf2551b7ebfc3d,"{""distance"":3,""physical_error_rate"":5e-05}","{""detection_events"":7959,""detectors_checked"":73875456}"
   2636800,         0,         0,   115.1,decoder_by_matrix,b3c6da8537ae85d54cd5acd57fc4d5a00e23be04de7c70760ac5fa4b0f5f70dc,"{""distance"":3,""physical_error_rate"":1e-06}","{""detection_events"":288,""detectors_checked"":142387200}"
   1014784,        19,         0,   117.3,decoder_by_matrix,5dee359087c4b9ae2c20477a4d5136d2695095b0438111838e7093c679bd3c20,"{""distance"":3,""physical_error_rate"":0.0005}","{""detection_events"":61140,""detectors_checked"":54798336,""obs_mistake_mask=E___"":4,""obs_mistake_mask=_EEE"":5,""obs_mistake_mask=_E_E"":1,""obs_mistake_mask=_E__"":3,""obs_mistake_mask=__EE"":1,""obs_mistake_mask=__E_"":4,""obs_mistake_mask=___E"":1}"
   2671616,         0,         0,   115.3,decoder_by_matrix,b3c6da8537ae85d54cd5acd57fc4d5a00e23be04de7c70760ac5fa4b0f5f70dc,"{""distance"":3,""physical_error_rate"":1e-06}","{""detection_events"":297,""detectors_checked"":144267264}"
   2052096,         0,         0,   114.2,decoder_by_matrix,73784f3389b885bc1b704dac0b44b83e08b79da81bcec9ed749229213445f550,"{""distance"":3,""physical_error_rate"":1e-05}","{""detection_events"":2583,""detectors_checked"":110813184}"
    986112,        63,         0,   118.1,decoder_by_matrix,e45af4f98fc7ee1c9936a6749fec74122c57b4ab96343d0e01c96593a4531898,"{""distance"":3,""physical_error_rate"":0.001}","{""detection_events"":118464,""detectors_checked"":53250048,""obs_mistake_mask=E___"":6,""obs_mistake_mask=_EEE"":8,""obs_mistake_mask=_EE_"":5,""obs_mistake_mask=_E_E"":5,""obs_mistake_mask=_E__"":8,""obs_mistake_mask=__EE"":8,""obs_mistake_mask=__E_"":14,""obs_mistake_mask=___E"":9}"
   1138688,         0,         0,   116.0,decoder_by_matrix,c8397cb2c46e4683a6f3970bc42cef1aabfef4d80cfcd6b8313e87630b680ee2,"{""distance"":3,""physical_error_rate"":0.0001}","{""detection_events"":13170,""detectors_checked"":61489152}"
    983040,        72,         0,   117.0,decoder_by_matrix,e45af4f98fc7ee1c9936a6749fec74122c57b4ab96343d0e01c96593a4531898,"{""distance"":3,""physical_error_rate"":0.001}","{""detection_events"":117549,""detectors_checked"":53084160,""obs_mistake_mask=E___"":10,""obs_mistake_mask=_EEE"":9,""obs_mistake_mask=_EE_"":4,""obs_mistake_mask=_E_E"":11,""obs_mistake_mask=_E__"":12,""obs_mistake_mask=__EE"":5,""obs_mistake_mask=__E_"":14,""obs_mistake_mask=___E"":7}"
   2394112,         0,         0,   115.4,decoder_by_matrix,1222905ef2c3e0b3841e2be415851bad02a0949e12b9844f6b979980572eaa40,"{""distance"":3,""physical_error_rate"":5e-06}","{""detection_events"":1290,""detectors_checked"":129282048}"
   1133568,         0,         0,   116.1,decoder_by_matrix,c8397cb2c46e4683a6f3970bc42cef1aabfef4d80cfcd6b8313e87630b680ee2,"{""distance"":3,""physical_error_rate"":0.0001}","{""detection_events"":13770,""detectors_checked"":61212672}"
   1363968,         0,         0,   117.7,decoder_by_matrix,cd5aa4935a142b600239883e928f6c7fc9fbc8c84161e9ed59cf2551b7ebfc3d,"{""distance"":3,""physical_error_rate"":5e-05}","{""detection_events"":7704,""detectors_checked"":73654272}"
   1131520,         0,         0,   118.0,decoder_by_matrix,c8397cb2c46e4683a6f3970bc42cef1aabfef4d80cfcd6b8313e87630b680ee2,"{""distance"":3,""physical_error_rate"":0.0001}","{""detection_events"":14052,""detectors_checked"":61102080}"
   2357248,         0,         0,   116.1,decoder_by_matrix,1222905ef2c3e0b3841e2be415851bad02a0949e12b9844f6b979980572eaa40,"{""distance"":3,""physical_error_rate"":5e-06}","{""detection_events"":1413,""detectors_checked"":127291392}"
   2349056,         0,         0,   115.3,decoder_by_matrix,1222905ef2c3e0b3841e2be415851bad02a0949e12b9844f6b979980572eaa40,"{""distance"":3,""physical_error_rate"":5e-06}","{""detection_events"":1440,""detectors_checked"":126849024}"
   2398208,         0,         0,   115.0,decoder_by_matrix,1222905ef2c3e0b3841e2be415851bad02a0949e12b9844f6b979980572eaa40,"{""distance"":3,""physical_error_rate"":5e-06}","{""detection_events"":1293,""detectors_checked"":129503232}"
   1131520,         1,         0,   115.5,decoder_by_matrix,c8397cb2c46e4683a6f3970bc42cef1aabfef4d80cfcd6b8313e87630b680ee2,"{""distance"":3,""physical_error_rate"":0.0001}","{""detection_events"":13650,""detectors_checked"":61102080,""obs_mistake_mask=_E__"":1}"
   1347584,         0,         0,   117.2,decoder_by_matrix,cd5aa4935a142b600239883e928f6c7fc9fbc8c84161e9ed59cf2551b7ebfc3d,"{""distance"":3,""physical_error_rate"":5e-05}","{""detection_events"":7689,""detectors_checked"":72769536}"
   1012736,        24,         0,   118.7,decoder_by_matrix,5dee359087c4b9ae2c20477a4d5136d2695095b0438111838e7093c679bd3c20,"{""distance"":3,""physical_error_rate"":0.0005}","{""detection_events"":61323,""detectors_checked"":54687744,""obs_mistake_mask=E___"":1,""obs_mistake_mask=_EEE"":4,""obs_mistake_mask=_E_E"":4,""obs_mistake_mask=_E__"":5,""obs_mistake_mask=__EE"":3,""obs_mistake_mask=__E_"":3,""obs_mistake_mask=___E"":4}"
   2658304,         0,         0,   116.1,decoder_by_matrix,b3c6da8537ae85d54cd5acd57fc4d5a00e23be04de7c70760ac5fa4b0f5f70dc,"{""distance"":3,""physical_error_rate"":1e-06}","{""detection_events"":306,""detectors_checked"":143548416}"
   2091008,         0,         0,   118.0,decoder_by_matrix,73784f3389b885bc1b704dac0b44b83e08b79da81bcec9ed749229213445f550,"{""distance"":3,""physical_error_rate"":1e-05}","{""detection_events"":2658,""detectors_checked"":112914432}"
    972800,        70,         0,   116.9,decoder_by_matrix,e45af4f98fc7ee1c9936a6749fec74122c57b4ab96343d0e01c96593a4531898,"{""distance"":3,""physical_error_rate"":0.001}","{""detection_events"":117438,""detectors_checked"":52531200,""obs_mistake_mask=E___"":8,""obs_mistake_mask=_EEE"":8,""obs_mistake_mask=_EE_"":5,""obs_mistake_mask=_E_E"":4,""obs_mistake_mask=_E__"":15,""obs_mistake_mask=__EE"":8,""obs_mistake_mask=__E_"":8,""obs_mistake_mask=___E"":14}"
   2632704,         0,         0,   114.8,decoder_by_matrix,b3c6da8537ae85d54cd5acd57fc4d5a00e23be04de7c70760ac5fa4b0f5f70dc,"{""distance"":3,""physical_error_rate"":1e-06}","{""detection_events"":333,""detectors_checked"":142166016}"
   1328128,         0,         0,   118.8,decoder_by_matrix,cd5aa4935a142b600239883e928f6c7fc9fbc8c84161e9ed59cf2551b7ebfc3d,"{""distance"":3,""physical_error_rate"":5e-05}","{""detection_events"":7788,""detectors_checked"":71718912}"
   2114560,         0,         0,   115.7,decoder_by_matrix,73784f3389b885bc1b704dac0b44b83e08b79da81bcec9ed749229213445f550,"{""distance"":3,""physical_error_rate"":1e-05}","{""detection_events"":2385,""detectors_checked"":114186240}"
   1003520,        18,         0,   116.8,decoder_by_matrix,5dee359087c4b9ae2c20477a4d5136d2695095b0438111838e7093c679bd3c20,"{""distance"":3,""physical_error_rate"":0.0005}","{""detection_events"":59589,""detectors_checked"":54190080,""obs_mistake_mask=E___"":2,""obs_mistake_mask=_EEE"":3,""obs_mistake_mask=_EE_"":4,""obs_mistake_mask=_E_E"":1,""obs_mistake_mask=_E__"":4,""obs_mistake_mask=__EE"":1,""obs_mistake_mask=__E_"":2,""obs_mistake_mask=___E"":1}"
   1137664,         1,         0,   117.6,decoder_by_matrix,c8397cb2c46e4683a6f3970bc42cef1aabfef4d80cfcd6b8313e87630b680ee2,"{""distance"":3,""physical_error_rate"":0.0001}","{""detection_events"":13524,""detectors_checked"":61433856,""obs_mistake_mask=__EE"":1}"
   2075648,         0,         0,   116.0,decoder_by_matrix,73784f3389b885bc1b704dac0b44b83e08b79da81bcec9ed749229213445f550,"{""distance"":3,""physical_error_rate"":1e-05}","{""detection_events"":2580,""detectors_checked"":112084992}"
    979968,        84,         0,   117.9,decoder_by_matrix,e45af4f98fc7ee1c9936a6749fec74122c57b4ab96343d0e01c96593a4531898,"{""distance"":3,""physical_error_rate"":0.001}","{""detection_events"":116982,""detectors_checked"":52918272,""obs_mistake_mask=E_E_"":1,""obs_mistake_mask=E___"":6,""obs_mistake_mask=_EEE"":10,""obs_mistake_mask=_EE_"":6,""obs_mistake_mask=_E_E"":9,""obs_mistake_mask=_E__"":13,""obs_mistake_mask=__EE"":3,""obs_mistake_mask=__E_"":18,""obs_mistake_mask=___E"":18}"
   1345536,         1,         0,   117.8,decoder_by_matrix,cd5aa4935a142b600239883e928f6c7fc9fbc8c84161e9ed59cf2551b7ebfc3d,"{""distance"":3,""physical_error_rate"":5e-05}","{""detection_events"":8196,""detectors_checked"":72658944,""obs_mistake_mask=__EE"":1}"
   2329600,         0,         0,   114.9,decoder_by_matrix,1222905ef2c3e0b3841e2be415851bad02a0949e12b9844f6b979980572eaa40,"{""distance"":3,""physical_error_rate"":5e-06}","{""detection_events"":1512,""detectors_checked"":125798400}"
   2650112,         0,         0,   114.1,decoder_by_matrix,b3c6da8537ae85d54cd5acd57fc4d5a00e23be04de7c70760ac5fa4b0f5f70dc,"{""distance"":3,""physical_error_rate"":1e-06}","{""detection_events"":279,""detectors_checked"":143106048}"
   1012736,        26,         0,   117.7,decoder_by_matrix,5dee359087c4b9ae2c20477a4d5136d2695095b0438111838e7093c679bd3c20,"{""distance"":3,""physical_error_rate"":0.0005}","{""detection_events"":60225,""detectors_checked"":54687744,""obs_mistake_mask=_EEE"":4,""obs_mistake_mask=_E_E"":3,""obs_mistake_mask=_E__"":5,""obs_mistake_mask=__EE"":4,""obs_mistake_mask=__E_"":5,""obs_mistake_mask=___E"":5}"
   2110464,         0,         0,   116.4,decoder_by_matrix,73784f3389b885bc1b704dac0b44b83e08b79da81bcec9ed749229213445f550,"{""distance"":3,""physical_error_rate"":1e-05}","{""detection_events"":2424,""detectors_checked"":113965056}"
   1123328,         2,         0,   116.0,decoder_by_matrix,c8397cb2c46e4683a6f3970bc42cef1aabfef4d80cfcd6b8313e87630b680ee2,"{""distance"":3,""physical_error_rate"":0.0001}","{""detection_events"":13938,""detectors_checked"":60659712,""obs_mistake_mask=_EE_"":1,""obs_mistake_mask=__E_"":1}"
   2627584,         0,         0,   115.1,decoder_by_matrix,b3c6da8537ae85d54cd5acd57fc4d5a00e23be04de7c70760ac5fa4b0f5f70dc,"{""distance"":3,""physical_error_rate"":1e-06}","{""detection_events"":291,""detectors_checked"":141889536}"
   2353152,         0,         0,   116.1,decoder_by_matrix,1222905ef2c3e0b3841e2be415851bad02a0949e12b9844f6b979980572eaa40,"{""distance"":3,""physical_error_rate"":5e-06}","{""detection_events"":1359,""detectors_checked"":127070208}"
   1001472,        25,         0,   117.4,decoder_by_matrix,5dee359087c4b9ae2c20477a4d5136d2695095b0438111838e7093c679bd3c20,"{""distance"":3,""physical_error_rate"":0.0005}","{""detection_events"":60888,""detectors_checked"":54079488,""obs_mistake_mask=E___"":2,""obs_mistake_mask=_EEE"":1,""obs_mistake_mask=_EE_"":2,""obs_mistake_mask=_E_E"":2,""obs_mistake_mask=_E__"":5,""obs_mistake_mask=__EE"":5,""obs_mistake_mask=__E_"":3,""obs_mistake_mask=___E"":5}"
   1118208,         2,         0,   117.0,decoder_by_matrix,c8397cb2c46e4683a6f3970bc42cef1aabfef4d80cfcd6b8313e87630b680ee2,"{""distance"":3,""physical_error_rate"":0.0001}","{""detection_events"":13737,""detectors_checked"":60383232,""obs_mistake_mask=_E_E"":1,""obs_mistake_mask=__E_"":1}"
    978944,        64,         0,   116.9,decoder_by_matrix,e45af4f98fc7ee1c9936a6749fec74122c57b4ab96343d0e01c96593a4531898,"{""distance"":3,""physical_error_rate"":0.001}","{""detection_events"":117432,""detectors_checked"":52862976,""obs_mistake_mask=E___"":6,""obs_mistake_mask=_EEE"":5,""obs_mistake_mask=_EE_"":9,""obs_mistake_mask=_E_E"":6,""obs_mistake_mask=_E__"":7,""obs_mistake_mask=__EE"":8,""obs_mistake_mask=__E_"":14,""obs_mistake_mask=___E"":9}"
    975872,        81,         0,   118.2,decoder_by_matrix,e45af4f98fc7ee1c9936a6749fec74122c57b4ab96343d0e01c96593a4531898,"{""distance"":3,""physical_error_rate"":0.001}","{""detection_events"":116991,""detectors_checked"":52697088,""obs_mistake_mask=EE_E"":1,""obs_mistake_mask=E___"":13,""obs_mistake_mask=_EEE"":5,""obs_mistake_mask=_EE_"":7,""obs_mistake_mask=_E_E"":9,""obs_mistake_mask=_E__"":11,""obs_mistake_mask=__EE"":7,""obs_mistake_mask=__E_"":16,""obs_mistake_mask=___E"":12}"
   1354752,         0,         0,   116.7,decoder_by_matrix,cd5aa4935a142b600239883e928f6c7fc9fbc8c84161e9ed59cf2551b7ebfc3d,"{""distance"":3,""physical_error_rate"":5e-05}","{""detection_events"":8100,""detectors_checked"":73156608}"
   2083840,         0,         0,   116.2,decoder_by_matrix,73784f3389b885bc1b704dac0b44b83e08b79da81bcec9ed749229213445f550,"{""distance"":3,""physical_error_rate"":1e-05}","{""detection_events"":2604,""detectors_checked"":112527360}"
   2369536,         0,         0,   115.7,decoder_by_matrix,1222905ef2c3e0b3841e2be415851bad02a0949e12b9844f6b979980572eaa40,"{""distance"":3,""physical_error_rate"":5e-06}","{""detection_events"":1287,""detectors_checked"":127954944}"
   1127424,         0,         0,   118.1,decoder_by_matrix,c8397cb2c46e4683a6f3970bc42cef1aabfef4d80cfcd6b8313e87630b680ee2,"{""distance"":3,""physical_error_rate"":0.0001}","{""detection_events"":13809,""detectors_checked"":60880896}"
   1010688,        22,         0,   118.5,decoder_by_matrix,5dee359087c4b9ae2c20477a4d5136d2695095b0438111838e7093c679bd3c20,"{""distance"":3,""physical_error_rate"":0.0005}","{""detection_events"":60297,""detectors_checked"":54577152,""obs_mistake_mask=E___"":1,""obs_mistake_mask=_EEE"":2,""obs_mistake_mask=_EE_"":4,""obs_mistake_mask=_E_E"":1,""obs_mistake_mask=_E__"":2,""obs_mistake_mask=__EE"":2,""obs_mistake_mask=__E_"":5,""obs_mistake_mask=___E"":5}"
    974848,        77,         0,   118.0,decoder_by_matrix,e45af4f98fc7ee1c9936a6749fec74122c57b4ab96343d0e01c96593a4531898,"{""distance"":3,""physical_error_rate"":0.001}","{""detection_events"":115824,""detectors_checked"":52641792,""obs_mistake_mask=E___"":3,""obs_mistake_mask=_EEE"":12,""obs_mistake_mask=_EE_"":5,""obs_mistake_mask=_E_E"":7,""obs_mistake_mask=_E__"":14,""obs_mistake_mask=__EE"":7,""obs_mistake_mask=__E_"":9,""obs_mistake_mask=___E"":20}"
   2628608,         0,         0,   114.5,decoder_by_matrix,b3c6da8537ae85d54cd5acd57fc4d5a00e23be04de7c70760ac5fa4b0f5f70dc,"{""distance"":3,""physical_error_rate"":1e-06}","{""detection_events"":357,""detectors_checked"":141944832}"
   2309120,         0,         0,   114.5,decoder_by_matrix,1222905ef2c3e0b3841e2be415851bad02a0949e12b9844f6b979980572eaa40,"{""distance"":3,""physical_error_rate"":5e-06}","{""detection_events"":1524,""detectors_checked"":124692480}"
   1335296,         0,         0,   117.1,decoder_by_matrix,cd5aa4935a142b600239883e928f6c7fc9fbc8c84161e9ed59cf2551b7ebfc3d,"{""distance"":3,""physical_error_rate"":5e-05}","{""detection_events"":8115,""detectors_checked"":72105984}"
   1335296,         0,         0,   115.5,decoder_by_matrix,cd5aa4935a142b600239883e928f6c7fc9fbc8c84161e9ed59cf2551b7ebfc3d,"{""distance"":3,""physical_error_rate"":5e-05}","{""detection_events"":8226,""detectors_checked"":72105984}"
    976896,        80,         0,   118.0,decoder_by_matrix,e45af4f98fc7ee1c9936a6749fec74122c57b4ab96343d0e01c96593a4531898,"{""distance"":3,""physical_error_rate"":0.001}","{""detection_events"":117627,""detectors_checked"":52752384,""obs_mistake_mask=E___"":8,""obs_mistake_mask=_EEE"":6,""obs_mistake_mask=_EE_"":11,""obs_mistake_mask=_E_E"":8,""obs_mistake_mask=_E__"":18,""obs_mistake_mask=__EE"":6,""obs_mistake_mask=__E_"":13,""obs_mistake_mask=___E"":10}"
    983040,        77,         0,   117.3,decoder_by_matrix,e45af4f98fc7ee1c9936a6749fec74122c57b4ab96343d0e01c96593a4531898,"{""distance"":3,""physical_error_rate"":0.001}","{""detection_events"":117147,""detectors_checked"":53084160,""obs_mistake_mask=E___"":7,""obs_mistake_mask=_EEE"":10,""obs_mistake_mask=_EE_"":7,""obs_mistake_mask=_E_E"":8,""obs_mistake_mask=_E__"":19,""obs_mistake_mask=__EE"":4,""obs_mistake_mask=__E_"":14,""obs_mistake_mask=___E"":8}"
   2308096,         1,         0,   115.1,decoder_by_matrix,1222905ef2c3e0b3841e2be415851bad02a0949e12b9844f6b979980572eaa40,"{""distance"":3,""physical_error_rate"":5e-06}","{""detection_events"":1560,""detectors_checked"":124637184,""obs_mistake_mask=_E_E"":1}"
   2633728,         0,         0,   115.7,decoder_by_matrix,b3c6da8537ae85d54cd5acd57fc4d5a00e23be04de7c70760ac5fa4b0f5f70dc,"{""distance"":3,""physical_error_rate"":1e-06}","{""detection_events"":276,""detectors_checked"":142221312}"
   2147328,         0,         0,   114.3,decoder_by_matrix,73784f3389b885bc1b704dac0b44b83e08b79da81bcec9ed749229213445f550,"{""distance"":3,""physical_error_rate"":1e-05}","{""detection_events"":2364,""detectors_checked"":115955712}"
    975872,        95,         0,   117.6,decoder_by_matrix,e45af4f98fc7ee1c9936a6749fec74122c57b4ab96343d0e01c96593a4531898,"{""distance"":3,""physical_error_rate"":0.001}","{""detection_events"":117627,""detectors_checked"":52697088,""obs_mistake_mask=E___"":8,""obs_mistake_mask=_EEE"":10,""obs_mistake_mask=_EE_"":8,""obs_mistake_mask=_E_E"":16,""obs_mistake_mask=_E__"":14,""obs_mistake_mask=__EE"":10,""obs_mistake_mask=__E_"":15,""obs_mistake_mask=___E"":14}"
   2658304,         0,         0,   116.5,decoder_by_matrix,b3c6da8537ae85d54cd5acd57fc4d5a00e23be04de7c70760ac5fa4b0f5f70dc,"{""distance"":3,""physical_error_rate"":1e-06}","{""detection_events"":297,""detectors_checked"":143548416}"
   1011712,        12,         0,   117.3,decoder_by_matrix,5dee359087c4b9ae2c20477a4d5136d2695095b0438111838e7093c679bd3c20,"{""distance"":3,""physical_error_rate"":0.0005}","{""detection_events"":60012,""detectors_checked"":54632448,""obs_mistake_mask=E___"":2,""obs_mistake_mask=_EEE"":1,""obs_mistake_mask=_EE_"":1,""obs_mistake_mask=_E_E"":1,""obs_mistake_mask=_E__"":2,""obs_mistake_mask=__EE"":2,""obs_mistake_mask=__E_"":1,""obs_mistake_mask=___E"":2}"
   1010688,        10,         0,   116.8,decoder_by_matrix,5dee359087c4b9ae2c20477a4d5136d2695095b0438111838e7093c679bd3c20,"{""distance"":3,""physical_error_rate"":0.0005}","{""detection_events"":60798,""detectors_checked"":54577152,""obs_mistake_mask=_EEE"":2,""obs_mistake_mask=_E_E"":1,""obs_mistake_mask=_E__"":2,""obs_mistake_mask=__E_"":1,""obs_mistake_mask=___E"":4}"
   1139712,         1,         0,   117.5,decoder_by_matrix,c8397cb2c46e4683a6f3970bc42cef1aabfef4d80cfcd6b8313e87630b680ee2,"{""distance"":3,""physical_error_rate"":0.0001}","{""detection_events"":13242,""detectors_checked"":61544448,""obs_mistake_mask=__E_"":1}"
   2098176,         0,         0,   115.7,decoder_by_matrix,73784f3389b885bc1b704dac0b44b83e08b79da81bcec9ed749229213445f550,"{""distance"":3,""physical_error_rate"":1e-05}","{""detection_events"":2508,""detectors_checked"":113301504}"
   1360896,         0,         0,   117.8,decoder_by_matrix,cd5aa4935a142b600239883e928f6c7fc9fbc8c84161e9ed59cf2551b7ebfc3d,"{""distance"":3,""physical_error_rate"":5e-05}","{""detection_events"":8052,""detectors_checked"":73488384}"
   1006592,        19,         0,   115.8,decoder_by_matrix,5dee359087c4b9ae2c20477a4d5136d2695095b0438111838e7093c679bd3c20,"{""distance"":3,""physical_error_rate"":0.0005}","{""detection_events"":60990,""detectors_checked"":54355968,""obs_mistake_mask=_EE_"":1,""obs_mistake_mask=_E_E"":3,""obs_mistake_mask=_E__"":4,""obs_mistake_mask=__EE"":2,""obs_mistake_mask=__E_"":6,""obs_mistake_mask=___E"":3}"
   2086912,         0,         0,   115.0,decoder_by_matrix,73784f3389b885bc1b704dac0b44b83e08b79da81bcec9ed749229213445f550,"{""distance"":3,""physical_error_rate"":1e-05}","{""detection_events"":2568,""detectors_checked"":112693248}"
   1346560,         0,         0,   116.4,decoder_by_matrix,cd5aa4935a142b600239883e928f6c7fc9fbc8c84161e9ed59cf2551b7ebfc3d,"{""distance"":3,""physical_error_rate"":5e-05}","{""detection_events"":8112,""detectors_checked"":72714240}"
   2608128,         0,         0,   114.6,decoder_by_matrix,b3c6da8537ae85d54cd5acd57fc4d5a00e23be04de7c70760ac5fa4b0f5f70dc,"{""distance"":3,""physical_error_rate"":1e-06}","{""detection_events"":366,""detectors_checked"":140838912}"
    977920,        79,         0,   117.9,decoder_by_matrix,e45af4f98fc7ee1c9936a6749fec74122c57b4ab96343d0e01c96593a4531898,"{""distance"":3,""physical_error_rate"":0.001}","{""detection_events"":117639,""detectors_checked"":52807680,""obs_mistake_mask=E___"":8,""obs_mistake_mask=_EEE"":12,""obs_mistake_mask=_EE_"":9,""obs_mistake_mask=_E_E"":12,""obs_mistake_mask=_E__"":14,""obs_mistake_mask=__EE"":5,""obs_mistake_mask=__E_"":8,""obs_mistake_mask=___E"":11}"
   2119680,         0,         0,   116.8,decoder_by_matrix,73784f3389b885bc1b704dac0b44b83e08b79da81bcec9ed749229213445f550,"{""distance"":3,""physical_error_rate"":1e-05}","{""detection_events"":2472,""detectors_checked"":114462720}"
   1011712,        14,         0,   119.2,decoder_by_matrix,5dee359087c4b9ae2c20477a4d5136d2695095b0438111838e7093c679bd3c20,"{""distance"":3,""physical_error_rate"":0.0005}","{""detection_events"":60570,""detectors_checked"":54632448,""obs_mistake_mask=E___"":1,""obs_mistake_mask=_EEE"":3,""obs_mistake_mask=_EE_"":2,""obs_mistake_mask=_E_E"":1,""obs_mistake_mask=_E__"":4,""obs_mistake_mask=__E_"":2,""obs_mistake_mask=___E"":1}"
   2640896,         0,         0,   113.8,decoder_by_matrix,b3c6da8537ae85d54cd5acd57fc4d5a00e23be04de7c70760ac5fa4b0f5f70dc,"{""distance"":3,""physical_error_rate"":1e-06}","{""detection_events"":306,""detectors_checked"":142608384}"
    978944,        58,         0,   118.8,decoder_by_matrix,e45af4f98fc7ee1c9936a6749fec74122c57b4ab96343d0e01c96593a4531898,"{""distance"":3,""physical_error_rate"":0.001}","{""detection_events"":116565,""detectors_checked"":52862976,""obs_mistake_mask=E___"":3,""obs_mistake_mask=_EEE"":7,""obs_mistake_mask=_EE_"":5,""obs_mistake_mask=_E_E"":4,""obs_mistake_mask=_E__"":10,""obs_mistake_mask=__EE"":6,""obs_mistake_mask=__E_"":16,""obs_mistake_mask=___E"":7}"
   1139712,         1,         0,   117.2,decoder_by_matrix,c8397cb2c46e4683a6f3970bc42cef1aabfef4d80cfcd6b8313e87630b680ee2,"{""distance"":3,""physical_error_rate"":0.0001}","{""detection_events"":13515,""detectors_checked"":61544448,""obs_mistake_mask=_E_E"":1}"
   2362368,         0,         0,   115.6,decoder_by_matrix,1222905ef2c3e0b3841e2be415851bad02a0949e12b9844f6b979980572eaa40,"{""distance"":3,""physical_error_rate"":5e-06}","{""detection_events"":1344,""detectors_checked"":127567872}"
   1310720,         0,         0,   116.2,decoder_by_matrix,cd5aa4935a142b600239883e928f6c7fc9fbc8c84161e9ed59cf2551b7ebfc3d,"{""distance"":3,""physical_error_rate"":5e-05}","{""detection_events"":8052,""detectors_checked"":70778880}"
   1144832,         1,         0,   117.9,decoder_by_matrix,c8397cb2c46e4683a6f3970bc42cef1aabfef4d80cfcd6b8313e87630b680ee2,"{""distance"":3,""physical_error_rate"":0.0001}","{""detection_events"":13353,""detectors_checked"":61820928,""obs_mistake_mask=_EE_"":1}"
   1132544,         1,         0,   116.5,decoder_by_matrix,c8397cb2c46e4683a6f3970bc42cef1aabfef4d80cfcd6b8313e87630b680ee2,"{""distance"":3,""physical_error_rate"":0.0001}","{""detection_events"":13572,""detectors_checked"":61157376,""obs_mistake_mask=_EEE"":1}"
   2337792,         0,         0,   115.3,decoder_by_matrix,1222905ef2c3e0b3841e2be415851bad02a0949e12b9844f6b979980572eaa40,"{""distance"":3,""physical_error_rate"":5e-06}","{""detection_events"":1458,""detectors_checked"":126240768}"
   2388992,         0,         0,   116.2,decoder_by_matrix,1222905ef2c3e0b3841e2be415851bad02a0949e12b9844f6b979980572eaa40,"{""distance"":3,""physical_error_rate"":5e-06}","{""detection_events"":1308,""detectors_checked"":129005568}"
   2368512,         0,         0,   115.8,decoder_by_matrix,1222905ef2c3e0b3841e2be415851bad02a0949e12b9844f6b979980572eaa40,"{""distance"":3,""physical_error_rate"":5e-06}","{""detection_events"":1470,""detectors_checked"":127899648}"
   1118208,         1,         0,   117.5,decoder_by_matrix,c8397cb2c46e4683a6f3970bc42cef1aabfef4d80cfcd6b8313e87630b680ee2,"{""distance"":3,""physical_error_rate"":0.0001}","{""detection_events"":13488,""detectors_checked"":60383232,""obs_mistake_mask=_EEE"":1}"
   1009664,        24,         0,   118.0,decoder_by_matrix,5dee359087c4b9ae2c20477a4d5136d2695095b0438111838e7093c679bd3c20,"{""distance"":3,""physical_error_rate"":0.0005}","{""detection_events"":60141,""detectors_checked"":54521856,""obs_mistake_mask=E___"":2,""obs_mistake_mask=_EEE"":4,""obs_mistake_mask=_EE_"":2,""obs_mistake_mask=_E_E"":2,""obs_mistake_mask=_E__"":5,""obs_mistake_mask=__EE"":3,""obs_mistake_mask=__E_"":3,""obs_mistake_mask=___E"":3}"
   1327104,         0,         0,   118.1,decoder_by_matrix,cd5aa4935a142b600239883e928f6c7fc9fbc8c84161e9ed59cf2551b7ebfc3d,"{""distance"":3,""physical_error_rate"":5e-05}","{""detection_events"":7944,""detectors_checked"":71663616}"
   2623488,         0,         0,   116.5,decoder_by_matrix,b3c6da8537ae85d54cd5acd57fc4d5a00e23be04de7c70760ac5fa4b0f5f70dc,"{""distance"":3,""physical_error_rate"":1e-06}","{""detection_events"":372,""detectors_checked"":141668352}"
   2127872,         0,         0,   113.6,decoder_by_matrix,73784f3389b885bc1b704dac0b44b83e08b79da81bcec9ed749229213445f550,"{""distance"":3,""physical_error_rate"":1e-05}","{""detection_events"":2322,""detectors_checked"":114905088}"
    971776,        77,         0,   116.1,decoder_by_matrix,e45af4f98fc7ee1c9936a6749fec74122c57b4ab96343d0e01c96593a4531898,"{""distance"":3,""physical_error_rate"":0.001}","{""detection_events"":116751,""detectors_checked"":52475904,""obs_mistake_mask=E___"":5,""obs_mistake_mask=_EEE"":6,""obs_mistake_mask=_EE_"":7,""obs_mistake_mask=_E_E"":9,""obs_mistake_mask=_E__"":13,""obs_mistake_mask=__EE"":6,""obs_mistake_mask=__E_"":11,""obs_mistake_mask=___E"":20}"
   2619392,         0,         0,   115.5,decoder_by_matrix,b3c6da8537ae85d54cd5acd57fc4d5a00e23be04de7c70760ac5fa4b0f5f70dc,"{""distance"":3,""physical_error_rate"":1e-06}","{""detection_events"":363,""detectors_checked"":141447168}"
   1323008,         0,         0,   115.2,decoder_by_matrix,cd5aa4935a142b600239883e928f6c7fc9fbc8c84161e9ed59cf2551b7ebfc3d,"{""distance"":3,""physical_error_rate"":5e-05}","{""detection_events"":7974,""detectors_checked"":71442432}"
   2065408,         0,         0,   116.1,decoder_by_matrix,73784f3389b885bc1b704dac0b44b83e08b79da81bcec9ed749229213445f550,"{""distance"":3,""physical_error_rate"":1e-05}","{""detection_events"":2691,""detectors_checked"":111532032}"
   1000448,        29,         0,   118.3,decoder_by_matrix,5dee359087c4b9ae2c20477a4d5136d2695095b0438111838e7093c679bd3c20,"{""distance"":3,""physical_error_rate"":0.0005}","{""detection_events"":60288,""detectors_checked"":54024192,""obs_mistake_mask=E___"":3,""obs_mistake_mask=_EEE"":5,""obs_mistake_mask=_EE_"":2,""obs_mistake_mask=_E_E"":2,""obs_mistake_mask=_E__"":4,""obs_mistake_mask=__EE"":1,""obs_mistake_mask=__E_"":5,""obs_mistake_mask=___E"":7}"
   1115136,         0,         0,   117.1,decoder_by_matrix,c8397cb2c46e4683a6f3970bc42cef1aabfef4d80cfcd6b8313e87630b680ee2,"{""distance"":3,""physical_error_rate"":0.0001}","{""detection_events"":13545,""detectors_checked"":60217344}"
   2092032,         0,         0,   115.6,decoder_by_matrix,73784f3389b885bc1b704dac0b44b83e08b79da81bcec9ed749229213445f550,"{""distance"":3,""physical_error_rate"":1e-05}","{""detection_events"":2553,""detectors_checked"":112969728}"
    979968,        63,         0,   117.7,decoder_by_matrix,e45af4f98fc7ee1c9936a6749fec74122c57b4ab96343d0e01c96593a4531898,"{""distance"":3,""physical_error_rate"":0.001}","{""detection_events"":117744,""detectors_checked"":52918272,""obs_mistake_mask=E___"":4,""obs_mistake_mask=_EEE"":8,""obs_mistake_mask=_EE_"":6,""obs_mistake_mask=_E_E"":4,""obs_mistake_mask=_E__"":8,""obs_mistake_mask=__EE"":8,""obs_mistake_mask=__E_"":16,""obs_mistake_mask=___E"":9}"
   1304576,         0,         0,   115.5,decoder_by_matrix,cd5aa4935a142b600239883e928f6c7fc9fbc8c84161e9ed59cf2551b7ebfc3d,"{""distance"":3,""physical_error_rate"":5e-05}","{""detection_events"":8337,""detectors_checked"":70447104}"
   2647040,         0,         0,   115.3,decoder_by_matrix,b3c6da8537ae85d54cd5acd57fc4d5a00e23be04de7c70760ac5fa4b0f5f70dc,"{""distance"":3,""physical_error_rate"":1e-06}","{""detection_events"":300,""detectors_checked"":142940160}"
   2365440,         0,         0,   115.7,decoder_by_matrix,1222905ef2c3e0b3841e2be415851bad02a0949e12b9844f6b979980572eaa40,"{""distance"":3,""physical_error_rate"":5e-06}","{""detection_events"":1356,""detectors_checked"":127733760}"
   2089984,         0,         0,   117.4,decoder_by_matrix,73784f3389b885bc1b704dac0b44b83e08b79da81bcec9ed749229213445f550,"{""distance"":3,""physical_error_rate"":1e-05}","{""detection_events"":2511,""detectors_checked"":112859136}"
   1010688,        21,         0,   116.8,decoder_by_matrix,5dee359087c4b9ae2c20477a4d5136d2695095b0438111838e7093c679bd3c20,"{""distance"":3,""physical_error_rate"":0.0005}","{""detection_events"":59796,""detectors_checked"":54577152,""obs_mistake_mask=E___"":1,""obs_mistake_mask=_EE_"":4,""obs_mistake_mask=_E_E"":3,""obs_mistake_mask=_E__"":2,""obs_mistake_mask=__EE"":2,""obs_mistake_mask=__E_"":6,""obs_mistake_mask=___E"":3}"
   1125376,         1,         0,   116.9,decoder_by_matrix,c8397cb2c46e4683a6f3970bc42cef1aabfef4d80cfcd6b8313e87630b680ee2,"{""distance"":3,""physical_error_rate"":0.0001}","{""detection_events"":13983,""detectors_checked"":60770304,""obs_mistake_mask=___E"":1}"
   2643968,         0,         0,   116.8,decoder_by_matrix,b3c6da8537ae85d54cd5acd57fc4d5a00e23be04de7c70760ac5fa4b0f5f70dc,"{""distance"":3,""physical_error_rate"":1e-06}","{""detection_events"":300,""detectors_checked"":142774272}"
   2340864,         0,         0,   116.4,decoder_by_matrix,1222905ef2c3e0b3841e2be415851bad02a0949e12b9844f6b979980572eaa40,"{""distance"":3,""physical_error_rate"":5e-06}","{""detection_events"":1431,""detectors_checked"":126406656}"
   1127424,         1,         0,   116.5,decoder_by_matrix,c8397cb2c46e4683a6f3970bc42cef1aabfef4d80cfcd6b8313e87630b680ee2,"{""distance"":3,""physical_error_rate"":0.0001}","{""detection_events"":14118,""detectors_checked"":60880896,""obs_mistake_mask=E___"":1}"
   1007616,        20,         0,   119.1,decoder_by_matrix,5dee359087c4b9ae2c20477a4d5136d2695095b0438111838e7093c679bd3c20,"{""distance"":3,""physical_error_rate"":0.0005}","{""detection_events"":60105,""detectors_checked"":54411264,""obs_mistake_mask=E___"":1,""obs_mistake_mask=_EEE"":4,""obs_mistake_mask=_EE_"":3,""obs_mistake_mask=_E_E"":2,""obs_mistake_mask=_E__"":1,""obs_mistake_mask=__EE"":3,""obs_mistake_mask=__E_"":3,""obs_mistake_mask=___E"":3}"
    979968,        93,         0,   118.2,decoder_by_matrix,e45af4f98fc7ee1c9936a6749fec74122c57b4ab96343d0e01c96593a4531898,"{""distance"":3,""physical_error_rate"":0.001}","{""detection_events"":116697,""detectors_checked"":52918272,""obs_mistake_mask=E___"":4,""obs_mistake_mask=_EEE"":9,""obs_mistake_mask=_EE_"":10,""obs_mistake_mask=_E_E"":11,""obs_mistake_mask=_E__"":11,""obs_mistake_mask=__EE"":14,""obs_mistake_mask=__E_"":17,""obs_mistake_mask=___E"":17}"
    977920,        81,         0,   117.6,decoder_by_matrix,e45af4f98fc7ee1c9936a6749fec74122c57b4ab96343d0e01c96593a4531898,"{""distance"":3,""physical_error_rate"":0.001}","{""detection_events"":117897,""detectors_checked"":52807680,""obs_mistake_mask=E___"":7,""obs_mistake_mask=_EEE"":10,""obs_mistake_mask=_EE_"":7,""obs_mistake_mask=_E_E"":12,""obs_mistake_mask=_E__"":7,""obs_mistake_mask=__EE"":4,""obs_mistake_mask=__E_"":15,""obs_mistake_mask=___E"":19}"
   1341440,         0,         0,   117.6,decoder_by_matrix,cd5aa4935a142b600239883e928f6c7fc9fbc8c84161e9ed59cf2551b7ebfc3d,"{""distance"":3,""physical_error_rate"":5e-05}","{""detection_events"":8058,""detectors_checked"":72437760}"
   2066432,         0,         0,   115.6,decoder_by_matrix,73784f3389b885bc1b704dac0b44b83e08b79da81bcec9ed749229213445f550,"{""distance"":3,""physical_error_rate"":1e-05}","{""detection_events"":2700,""detectors_checked"":111587328}"
   2345984,         0,         0,   115.7,decoder_by_matrix,1222905ef2c3e0b3841e2be415851bad02a0949e12b9844f6b979980572eaa40,"{""distance"":3,""physical_error_rate"":5e-06}","{""detection_events"":1485,""detectors_checked"":126683136}"
   1128448,         0,         0,   118.3,decoder_by_matrix,c8397cb2c46e4683a6f3970bc42cef1aabfef4d80cfcd6b8313e87630b680ee2,"{""distance"":3,""physical_error_rate"":0.0001}","{""detection_events"":13500,""detectors_checked"":60936192}"
   1014784,        21,         0,   117.1,decoder_by_matrix,5dee359087c4b9ae2c20477a4d5136d2695095b0438111838e7093c679bd3c20,"{""distance"":3,""physical_error_rate"":0.0005}","{""detection_events"":60756,""detectors_checked"":54798336,""obs_mistake_mask=E___"":2,""obs_mistake_mask=_EEE"":2,""obs_mistake_mask=_EE_"":1,""obs_mistake_mask=_E_E"":1,""obs_mistake_mask=_E__"":3,""obs_mistake_mask=__EE"":2,""obs_mistake_mask=__E_"":4,""obs_mistake_mask=___E"":6}"
    976896,        74,         0,   116.9,decoder_by_matrix,e45af4f98fc7ee1c9936a6749fec74122c57b4ab96343d0e01c96593a4531898,"{""distance"":3,""physical_error_rate"":0.001}","{""detection_events"":116928,""detectors_checked"":52752384,""obs_mistake_mask=E___"":7,""obs_mistake_mask=_EEE"":11,""obs_mistake_mask=_EE_"":6,""obs_mistake_mask=_E_E"":7,""obs_mistake_mask=_E__"":8,""obs_mistake_mask=__EE"":10,""obs_mistake_mask=__E_"":12,""obs_mistake_mask=___E"":13}"
   2628608,         0,         0,   115.4,decoder_by_matrix,b3c6da8537ae85d54cd5acd57fc4d5a00e23be04de7c70760ac5fa4b0f5f70dc,"{""distance"":3,""physical_error_rate"":1e-06}","{""detection_events"":351,""detectors_checked"":141944832}"
   2358272,         0,         0,   111.9,decoder_by_matrix,1222905ef2c3e0b3841e2be415851bad02a0949e12b9844f6b979980572eaa40,"{""distance"":3,""physical_error_rate"":5e-06}","{""detection_events"":1458,""detectors_checked"":127346688}"
   1332224,         0,         0,   117.8,decoder_by_matrix,cd5aa4935a142b600239883e928f6c7fc9fbc8c84161e9ed59cf2551b7ebfc3d,"{""distance"":3,""physical_error_rate"":5e-05}","{""detection_events"":7872,""detectors_checked"":71940096}"
   1347584,         0,         0,   117.2,decoder_by_matrix,cd5aa4935a142b600239883e928f6c7fc9fbc8c84161e9ed59cf2551b7ebfc3d,"{""distance"":3,""physical_error_rate"":5e-05}","{""detection_events"":7659,""detectors_checked"":72769536}"
   2351104,         0,         0,   115.7,decoder_by_matrix,1222905ef2c3e0b3841e2be415851bad02a0949e12b9844f6b979980572eaa40,"{""distance"":3,""physical_error_rate"":5e-06}","{""detection_events"":1374,""detectors_checked"":126959616}"
    980992,        77,         0,   117.5,decoder_by_matrix,e45af4f98fc7ee1c9936a6749fec74122c57b4ab96343d0e01c96593a4531898,"{""distance"":3,""physical_error_rate"":0.001}","{""detection_events"":118347,""detectors_checked"":52973568,""obs_mistake_mask=EE__"":1,""obs_mistake_mask=E___"":6,""obs_mistake_mask=_EEE"":7,""obs_mistake_mask=_EE_"":12,""obs_mistake_mask=_E_E"":7,""obs_mistake_mask=_E__"":9,""obs_mistake_mask=__EE"":9,""obs_mistake_mask=__E_"":10,""obs_mistake_mask=___E"":16}"
    984064,        68,         0,   118.2,decoder_by_matrix,e45af4f98fc7ee1c9936a6749fec74122c57b4ab96343d0e01c96593a4531898,"{""distance"":3,""physical_error_rate"":0.001}","{""detection_events"":117492,""detectors_checked"":53139456,""obs_mistake_mask=E___"":5,""obs_mistake_mask=_EEE"":11,""obs_mistake_mask=_EE_"":5,""obs_mistake_mask=_E_E"":9,""obs_mistake_mask=_E__"":17,""obs_mistake_mask=__EE"":6,""obs_mistake_mask=__E_"":8,""obs_mistake_mask=___E"":7}"
   2111488,         0,         0,   114.2,decoder_by_matrix,73784f3389b885bc1b704dac0b44b83e08b79da81bcec9ed749229213445f550,"{""distance"":3,""physical_error_rate"":1e-05}","{""detection_events"":2445,""detectors_checked"":114020352}"
   2646016,         0,         0,   112.7,decoder_by_matrix,b3c6da8537ae85d54cd5acd57fc4d5a00e23be04de7c70760ac5fa4b0f5f70dc,"{""distance"":3,""physical_error_rate"":1e-06}","{""detection_events"":306,""detectors_checked"":142884864}"
    976896,        77,         0,   116.5,decoder_by_matrix,e45af4f98fc7ee1c9936a6749fec74122c57b4ab96343d0e01c96593a4531898,"{""distance"":3,""physical_error_rate"":0.001}","{""detection_events"":116883,""detectors_checked"":52752384,""obs_mistake_mask=E__E"":1,""obs_mistake_mask=E___"":5,""obs_mistake_mask=_EEE"":5,""obs_mistake_mask=_EE_"":9,""obs_mistake_mask=_E_E"":10,""obs_mistake_mask=_E__"":16,""obs_mistake_mask=__EE"":6,""obs_mistake_mask=__E_"":13,""obs_mistake_mask=___E"":12}"
   2668544,         0,         0,   116.0,decoder_by_matrix,b3c6da8537ae85d54cd5acd57fc4d5a00e23be04de7c70760ac5fa4b0f5f70dc,"{""distance"":3,""physical_error_rate"":1e-06}","{""detection_events"":285,""detectors_checked"":144101376}"
   1008640,        32,         0,   117.4,decoder_by_matrix,5dee359087c4b9ae2c20477a4d5136d2695095b0438111838e7093c679bd3c20,"{""distance"":3,""physical_error_rate"":0.0005}","{""detection_events"":61812,""detectors_checked"":54466560,""obs_mistake_mask=E___"":2,""obs_mistake_mask=_EEE"":4,""obs_mistake_mask=_EE_"":3,""obs_mistake_mask=_E_E"":5,""obs_mistake_mask=_E__"":8,""obs_mistake_mask=__EE"":3,""obs_mistake_mask=__E_"":4,""obs_mistake_mask=___E"":3}"
   1010688,        22,         0,   117.8,decoder_by_matrix,5dee359087c4b9ae2c20477a4d5136d2695095b0438111838e7093c679bd3c20,"{""distance"":3,""physical_error_rate"":0.0005}","{""detection_events"":61305,""detectors_checked"":54577152,""obs_mistake_mask=E___"":1,""obs_mistake_mask=_EEE"":3,""obs_mistake_mask=_EE_"":2,""obs_mistake_mask=_E_E"":5,""obs_mistake_mask=_E__"":5,""obs_mistake_mask=__E_"":4,""obs_mistake_mask=___E"":2}"
   1134592,         1,         0,   116.7,decoder_by_matrix,c8397cb2c46e4683a6f3970bc42cef1aabfef4d80cfcd6b8313e87630b680ee2,"{""distance"":3,""physical_error_rate"":0.0001}","{""detection_events"":13659,""detectors_checked"":61267968,""obs_mistake_mask=___E"":1}"
   2096128,         0,         0,   114.1,decoder_by_matrix,73784f3389b885bc1b704dac0b44b83e08b79da81bcec9ed749229213445f550,"{""distance"":3,""physical_error_rate"":1e-05}","{""detection_events"":2511,""detectors_checked"":113190912}"
   1328128,         1,         0,   115.9,decoder_by_matrix,cd5aa4935a142b600239883e928f6c7fc9fbc8c84161e9ed59cf2551b7ebfc3d,"{""distance"":3,""physical_error_rate"":5e-05}","{""detection_events"":8025,""detectors_checked"":71718912,""obs_mistake_mask=___E"":1}"
   2095104,         0,         0,   113.9,decoder_by_matrix,73784f3389b885bc1b704dac0b44b83e08b79da81bcec9ed749229213445f550,"{""distance"":3,""physical_error_rate"":1e-05}","{""detection_events"":2550,""detectors_checked"":113135616}"
   1012736,        16,         0,   117.6,decoder_by_matrix,5dee359087c4b9ae2c20477a4d5136d2695095b0438111838e7093c679bd3c20,"{""distance"":3,""physical_error_rate"":0.0005}","{""detection_events"":60015,""detectors_checked"":54687744,""obs_mistake_mask=_EEE"":6,""obs_mistake_mask=_E_E"":3,""obs_mistake_mask=_E__"":3,""obs_mistake_mask=__E_"":3,""obs_mistake_mask=___E"":1}"
   1329152,         0,         0,   118.1,decoder_by_matrix,cd5aa4935a142b600239883e928f6c7fc9fbc8c84161e9ed59cf2551b7ebfc3d,"{""distance"":3,""physical_error_rate"":5e-05}","{""detection_events"":7860,""detectors_checked"":71774208}"
   2619392,         0,         0,   114.5,decoder_by_matrix,b3c6da8537ae85d54cd5acd57fc4d5a00e23be04de7c70760ac5fa4b0f5f70dc,"{""distance"":3,""physical_error_rate"":1e-06}","{""detection_events"":345,""detectors_checked"":141447168}"
    982016,        83,         0,   117.0,decoder_by_matrix,e45af4f98fc7ee1c9936a6749fec74122c57b4ab96343d0e01c96593a4531898,"{""distance"":3,""physical_error_rate"":0.001}","{""detection_events"":118839,""detectors_checked"":53028864,""obs_mistake_mask=E___"":6,""obs_mistake_mask=_EEE"":6,""obs_mistake_mask=_EE_"":5,""obs_mistake_mask=_E_E"":5,""obs_mistake_mask=_E__"":28,""obs_mistake_mask=__EE"":9,""obs_mistake_mask=__E_"":11,""obs_mistake_mask=___E"":13}"
    982016,        76,         0,   116.6,decoder_by_matrix,e45af4f98fc7ee1c9936a6749fec74122c57b4ab96343d0e01c96593a4531898,"{""distance"":3,""physical_error_rate"":0.001}","{""detection_events"":118038,""detectors_checked"":53028864,""obs_mistake_mask=E___"":4,""obs_mistake_mask=_EEE"":4,""obs_mistake_mask=_EE_"":9,""obs_mistake_mask=_E_E"":7,""obs_mistake_mask=_E__"":14,""obs_mistake_mask=__EE"":7,""obs_mistake_mask=__E_"":17,""obs_mistake_mask=___E"":14}"
   1136640,         1,         0,   118.1,decoder_by_matrix,c8397cb2c46e4683a6f3970bc42cef1aabfef4d80cfcd6b8313e87630b680ee2,"{""distance"":3,""physical_error_rate"":0.0001}","{""detection_events"":13686,""detectors_checked"":61378560,""obs_mistake_mask=_E_E"":1}"
   2662400,         0,         0,   113.6,decoder_by_matrix,b3c6da8537ae85d54cd5acd57fc4d5a00e23be04de7c70760ac5fa4b0f5f70dc,"{""distance"":3,""physical_error_rate"":1e-06}","{""detection_events"":276,""detectors_checked"":143769600}"
   1013760,        22,         0,   116.5,decoder_by_matrix,5dee359087c4b9ae2c20477a4d5136d2695095b0438111838e7093c679bd3c20,"{""distance"":3,""physical_error_rate"":0.0005}","{""detection_events"":60120,""detectors_checked"":54743040,""obs_mistake_mask=E___"":1,""obs_mistake_mask=_EEE"":2,""obs_mistake_mask=_EE_"":3,""obs_mistake_mask=_E_E"":2,""obs_mistake_mask=_E__"":4,""obs_mistake_mask=__EE"":1,""obs_mistake_mask=__E_"":5,""obs_mistake_mask=___E"":4}"
   2093056,         0,         0,   114.4,decoder_by_matrix,73784f3389b885bc1b704dac0b44b83e08b79da81bcec9ed749229213445f550,"{""distance"":3,""physical_error_rate"":1e-05}","{""detection_events"":2502,""detectors_checked"":113025024}"
   2369536,         0,         0,   116.8,decoder_by_matrix,1222905ef2c3e0b3841e2be415851bad02a0949e12b9844f6b979980572eaa40,"{""distance"":3,""physical_error_rate"":5e-06}","{""detection_events"":1392,""detectors_checked"":127954944}"
   1317888,         0,         0,   117.0,decoder_by_matrix,cd5aa4935a142b600239883e928f6c7fc9fbc8c84161e9ed59cf2551b7ebfc3d,"{""distance"":3,""physical_error_rate"":5e-05}","{""detection_events"":8250,""detectors_checked"":71165952}"
   1136640,         0,         0,   117.4,decoder_by_matrix,c8397cb2c46e4683a6f3970bc42cef1aabfef4d80cfcd6b8313e87630b680ee2,"{""distance"":3,""physical_error_rate"":0.0001}","{""detection_events"":13668,""detectors_checked"":61378560}"
   1131520,         0,         0,   117.8,decoder_by_matrix,c8397cb2c46e4683a6f3970bc42cef1aabfef4d80cfcd6b8313e87630b680ee2,"{""distance"":3,""physical_error_rate"":0.0001}","{""detection_events"":13767,""detectors_checked"":61102080}"
   2371584,         0,         0,   116.1,decoder_by_matrix,1222905ef2c3e0b3841e2be415851bad02a0949e12b9844f6b979980572eaa40,"{""distance"":3,""physical_error_rate"":5e-06}","{""detection_events"":1377,""detectors_checked"":128065536}"
   2371584,         0,         0,   112.8,decoder_by_matrix,1222905ef2c3e0b3841e2be415851bad02a0949e12b9844f6b979980572eaa40,"{""distance"":3,""physical_error_rate"":5e-06}","{""detection_events"":1395,""detectors_checked"":128065536}"
   2349056,         0,         0,   116.5,decoder_by_matrix,1222905ef2c3e0b3841e2be415851bad02a0949e12b9844f6b979980572eaa40,"{""distance"":3,""physical_error_rate"":5e-06}","{""detection_events"":1362,""detectors_checked"":126849024}"
   1349632,         0,         0,   116.7,decoder_by_matrix,cd5aa4935a142b600239883e928f6c7fc9fbc8c84161e9ed59cf2551b7ebfc3d,"{""distance"":3,""physical_error_rate"":5e-05}","{""detection_events"":8010,""detectors_checked"":72880128}"
   1129472,         1,         0,   117.2,decoder_by_matrix,c8397cb2c46e4683a6f3970bc42cef1aabfef4d80cfcd6b8313e87630b680ee2,"{""distance"":3,""physical_error_rate"":0.0001}","{""detection_events"":13563,""detectors_checked"":60991488,""obs_mistake_mask=_E__"":1}"
   2670592,         0,         0,   113.9,decoder_by_matrix,b3c6da8537ae85d54cd5acd57fc4d5a00e23be04de7c70760ac5fa4b0f5f70dc,"{""distance"":3,""physical_error_rate"":1e-06}","{""detection_events"":219,""detectors_checked"":144211968}"
   1013760,        29,         0,   118.3,decoder_by_matrix,5dee359087c4b9ae2c20477a4d5136d2695095b0438111838e7093c679bd3c20,"{""distance"":3,""physical_error_rate"":0.0005}","{""detection_events"":60384,""detectors_checked"":54743040,""obs_mistake_mask=E___"":4,""obs_mistake_mask=_EEE"":8,""obs_mistake_mask=_EE_"":1,""obs_mistake_mask=_E_E"":2,""obs_mistake_mask=_E__"":2,""obs_mistake_mask=__EE"":2,""obs_mistake_mask=__E_"":4,""obs_mistake_mask=___E"":6}"
   2098176,         0,         0,   115.1,decoder_by_matrix,73784f3389b885bc1b704dac0b44b83e08b79da81bcec9ed749229213445f550,"{""distance"":3,""physical_error_rate"":1e-05}","{""detection_events"":2571,""detectors_checked"":113301504}"
    973824,        95,         0,   117.6,decoder_by_matrix,e45af4f98fc7ee1c9936a6749fec74122c57b4ab96343d0e01c96593a4531898,"{""distance"":3,""physical_error_rate"":0.001}","{""detection_events"":116223,""detectors_checked"":52586496,""obs_mistake_mask=E___"":11,""obs_mistake_mask=_EEE"":11,""obs_mistake_mask=_EE_"":14,""obs_mistake_mask=_E_E"":9,""obs_mistake_mask=_E__"":16,""obs_mistake_mask=__EE"":8,""obs_mistake_mask=__E_"":10,""obs_mistake_mask=___E"":16}"
   2642944,         0,         0,   115.0,decoder_by_matrix,b3c6da8537ae85d54cd5acd57fc4d5a00e23be04de7c70760ac5fa4b0f5f70dc,"{""distance"":3,""physical_error_rate"":1e-06}","{""detection_events"":315,""detectors_checked"":142718976}"
   1345536,         0,         0,   117.2,decoder_by_matrix,cd5aa4935a142b600239883e928f6c7fc9fbc8c84161e9ed59cf2551b7ebfc3d,"{""distance"":3,""physical_error_rate"":5e-05}","{""detection_events"":7926,""detectors_checked"":72658944}"
   2083840,         0,         0,   115.0,decoder_by_matrix,73784f3389b885bc1b704dac0b44b83e08b79da81bcec9ed749229213445f550,"{""distance"":3,""physical_error_rate"":1e-05}","{""detection_events"":2481,""detectors_checked"":112527360}"
   1002496,        30,         0,   117.0,decoder_by_matrix,5dee359087c4b9ae2c20477a4d5136d2695095b0438111838e7093c679bd3c20,"{""distance"":3,""physical_error_rate"":0.0005}","{""detection_events"":60537,""detectors_checked"":54134784,""obs_mistake_mask=_EEE"":2,""obs_mistake_mask=_EE_"":6,""obs_mistake_mask=_E_E"":3,""obs_mistake_mask=_E__"":6,""obs_mistake_mask=__EE"":4,""obs_mistake_mask=__E_"":8,""obs_mistake_mask=___E"":1}"
   1120256,         1,         0,   117.8,decoder_by_matrix,c8397cb2c46e4683a6f3970bc42cef1aabfef4d80cfcd6b8313e87630b680ee2,"{""distance"":3,""physical_error_rate"":0.0001}","{""detection_events"":13635,""detectors_checked"":60493824,""obs_mistake_mask=_E__"":1}"
   2072576,         0,         0,   117.6,decoder_by_matrix,73784f3389b885bc1b704dac0b44b83e08b79da81bcec9ed749229213445f550,"{""distance"":3,""physical_error_rate"":1e-05}","{""detection_events"":2685,""detectors_checked"":111919104}"
    982016,        81,         0,   118.0,decoder_by_matrix,e45af4f98fc7ee1c9936a6749fec74122c57b4ab96343d0e01c96593a4531898,"{""distance"":3,""physical_error_rate"":0.001}","{""detection_events"":118530,""detectors_checked"":53028864,""obs_mistake_mask=E___"":7,""obs_mistake_mask=_EEE"":9,""obs_mistake_mask=_EE_"":8,""obs_mistake_mask=_E_E"":13,""obs_mistake_mask=_E__"":13,""obs_mistake_mask=__EE"":8,""obs_mistake_mask=__E_"":6,""obs_mistake_mask=___E"":17}"
   1364992,         1,         0,   115.8,decoder_by_matrix,cd5aa4935a142b600239883e928f6c7fc9fbc8c84161e9ed59cf2551b7ebfc3d,"{""distance"":3,""physical_error_rate"":5e-05}","{""detection_events"":7560,""detectors_checked"":73709568,""obs_mistake_mask=___E"":1}"
   2647040,         0,         0,   115.5,decoder_by_matrix,b3c6da8537ae85d54cd5acd57fc4d5a00e23be04de7c70760ac5fa4b0f5f70dc,"{""distance"":3,""physical_error_rate"":1e-06}","{""detection_events"":360,""detectors_checked"":142940160}"
   2356224,         0,         0,   114.1,decoder_by_matrix,1222905ef2c3e0b3841e2be415851bad02a0949e12b9844f6b979980572eaa40,"{""distance"":3,""physical_error_rate"":5e-06}","{""detection_events"":1383,""detectors_checked"":127236096}"
   2105344,         0,         0,   116.2,decoder_by_matrix,73784f3389b885bc1b704dac0b44b83e08b79da81bcec9ed749229213445f550,"{""distance"":3,""physical_error_rate"":1e-05}","{""detection_events"":2502,""detectors_checked"":113688576}"
   1013760,        24,         0,   117.1,decoder_by_matrix,5dee359087c4b9ae2c20477a4d5136d2695095b0438111838e7093c679bd3c20,"{""distance"":3,""physical_error_rate"":0.0005}","{""detection_events"":61341,""detectors_checked"":54743040,""obs_mistake_mask=_EEE"":1,""obs_mistake_mask=_E_E"":6,""obs_mistake_mask=_E__"":6,""obs_mistake_mask=__EE"":2,""obs_mistake_mask=__E_"":3,""obs_mistake_mask=___E"":6}"
   1133568,         0,         0,   115.7,decoder_by_matrix,c8397cb2c46e4683a6f3970bc42cef1aabfef4d80cfcd6b8313e87630b680ee2,"{""distance"":3,""physical_error_rate"":0.0001}","{""detection_events"":13473,""detectors_checked"":61212672}"
   2655232,         0,         0,   114.9,decoder_by_matrix,b3c6da8537ae85d54cd5acd57fc4d5a00e23be04de7c70760ac5fa4b0f5f70dc,"{""distance"":3,""physical_error_rate"":1e-06}","{""detection_events"":276,""detectors_checked"":143382528}"
   2351104,         0,         0,   115.3,decoder_by_matrix,1222905ef2c3e0b3841e2be415851bad02a0949e12b9844f6b979980572eaa40,"{""distance"":3,""physical_error_rate"":5e-06}","{""detection_events"":1503,""detectors_checked"":126959616}"
   1134592,         1,         0,   116.8,decoder_by_matrix,c8397cb2c46e4683a6f3970bc42cef1aabfef4d80cfcd6b8313e87630b680ee2,"{""distance"":3,""physical_error_rate"":0.0001}","{""detection_events"":13053,""detectors_checked"":61267968,""obs_mistake_mask=___E"":1}"
   1011712,        24,         0,   118.2,decoder_by_matrix,5dee359087c4b9ae2c20477a4d5136d2695095b0438111838e7093c679bd3c20,"{""distance"":3,""physical_error_rate"":0.0005}","{""detection_events"":60435,""detectors_checked"":54632448,""obs_mistake_mask=E___"":1,""obs_mistake_mask=_EEE"":5,""obs_mistake_mask=_EE_"":3,""obs_mistake_mask=_E_E"":2,""obs_mistake_mask=_E__"":5,""obs_mistake_mask=__EE"":1,""obs_mistake_mask=__E_"":3,""obs_mistake_mask=___E"":4}"
    987136,        70,         0,   117.1,decoder_by_matrix,e45af4f98fc7ee1c9936a6749fec74122c57b4ab96343d0e01c96593a4531898,"{""distance"":3,""physical_error_rate"":0.001}","{""detection_events"":118653,""detectors_checked"":53305344,""obs_mistake_mask=E___"":4,""obs_mistake_mask=_EEE"":4,""obs_mistake_mask=_EE_"":6,""obs_mistake_mask=_E_E"":10,""obs_mistake_mask=_E__"":13,""obs_mistake_mask=__EE"":6,""obs_mistake_mask=__E_"":16,""obs_mistake_mask=___E"":11}"
    985088,        60,         0,   116.9,decoder_by_matrix,e45af4f98fc7ee1c9936a6749fec74122c57b4ab96343d0e01c96593a4531898,"{""distance"":3,""physical_error_rate"":0.001}","{""detection_events"":118002,""detectors_checked"":53194752,""obs_mistake_mask=E___"":4,""obs_mistake_mask=_EEE"":9,""obs_mistake_mask=_EE_"":10,""obs_mistake_mask=_E_E"":6,""obs_mistake_mask=_E__"":8,""obs_mistake_mask=__EE"":7,""obs_mistake_mask=__E_"":8,""obs_mistake_mask=___E"":8}"
   1354752,         0,         0,   115.8,decoder_by_matrix,cd5aa4935a142b600239883e928f6c7fc9fbc8c84161e9ed59cf2551b7ebfc3d,"{""distance"":3,""physical_error_rate"":5e-05}","{""detection_events"":8001,""detectors_checked"":73156608}"
   2134016,         0,         0,   116.6,decoder_by_matrix,73784f3389b885bc1b704dac0b44b83e08b79da81bcec9ed749229213445f550,"{""distance"":3,""physical_error_rate"":1e-05}","{""detection_events"":2385,""detectors_checked"":115236864}"
   2386944,         0,         0,   115.1,decoder_by_matrix,1222905ef2c3e0b3841e2be415851bad02a0949e12b9844f6b979980572eaa40,"{""distance"":3,""physical_error_rate"":5e-06}","{""detection_events"":1341,""detectors_checked"":128894976}"
   1148928,         0,         0,   117.3,decoder_by_matrix,c8397cb2c46e4683a6f3970bc42cef1aabfef4d80cfcd6b8313e87630b680ee2,"{""distance"":3,""physical_error_rate"":0.0001}","{""detection_events"":13578,""detectors_checked"":62042112}"
   1019904,        30,         0,   116.2,decoder_by_matrix,5dee359087c4b9ae2c20477a4d5136d2695095b0438111838e7093c679bd3c20,"{""distance"":3,""physical_error_rate"":0.0005}","{""detection_events"":61305,""detectors_checked"":55074816,""obs_mistake_mask=E___"":1,""obs_mistake_mask=_EEE"":3,""obs_mistake_mask=_EE_"":7,""obs_mistake_mask=_E_E"":4,""obs_mistake_mask=_E__"":2,""obs_mistake_mask=__EE"":3,""obs_mistake_mask=__E_"":6,""obs_mistake_mask=___E"":4}"
    985088,        62,         0,   117.5,decoder_by_matrix,e45af4f98fc7ee1c9936a6749fec74122c57b4ab96343d0e01c96593a4531898,"{""distance"":3,""physical_error_rate"":0.001}","{""detection_events"":116967,""detectors_checked"":53194752,""obs_mistake_mask=E___"":7,""obs_mistake_mask=_EEE"":12,""obs_mistake_mask=_EE_"":6,""obs_mistake_mask=_E_E"":3,""obs_mistake_mask=_E__"":9,""obs_mistake_mask=__EE"":8,""obs_mistake_mask=__E_"":8,""obs_mistake_mask=___E"":9}"
   2371584,         0,         0,   113.4,decoder_by_matrix,1222905ef2c3e0b3841e2be415851bad02a0949e12b9844f6b979980572eaa40,"{""distance"":3,""physical_error_rate"":5e-06}","{""detection_events"":1416,""detectors_checked"":128065536}"
   2675712,         0,         0,   114.1,decoder_by_matrix,b3c6da8537ae85d54cd5acd57fc4d5a00e23be04de7c70760ac5fa4b0f5f70dc,"{""distance"":3,""physical_error_rate"":1e-06}","{""detection_events"":276,""detectors_checked"":144488448}"
   1325056,         0,         0,   116.8,decoder_by_matrix,cd5aa4935a142b600239883e928f6c7fc9fbc8c84161e9ed59cf2551b7ebfc3d,"{""distance"":3,""physical_error_rate"":5e-05}","{""detection_events"":8133,""detectors_checked"":71553024}"
   1348608,         1,         0,   117.6,decoder_by_matrix,cd5aa4935a142b600239883e928f6c7fc9fbc8c84161e9ed59cf2551b7ebfc3d,"{""distance"":3,""physical_error_rate"":5e-05}","{""detection_events"":7701,""detectors_checked"":72824832,""obs_mistake_mask=_EE_"":1}"
   2360320,         0,         0,   115.5,decoder_by_matrix,1222905ef2c3e0b3841e2be415851bad02a0949e12b9844f6b979980572eaa40,"{""distance"":3,""physical_error_rate"":5e-06}","{""detection_events"":1434,""detectors_checked"":127457280}"
   2110464,         0,         0,   115.0,decoder_by_matrix,73784f3389b885bc1b704dac0b44b83e08b79da81bcec9ed749229213445f550,"{""distance"":3,""physical_error_rate"":1e-05}","{""detection_events"":2394,""detectors_checked"":113965056}"
    991232,        76,         0,   117.0,decoder_by_matrix,e45af4f98fc7ee1c9936a6749fec74122c57b4ab96343d0e01c96593a4531898,"{""distance"":3,""physical_error_rate"":0.001}","{""detection_events"":117153,""detectors_checked"":53526528,""obs_mistake_mask=E___"":10,""obs_mistake_mask=_EEE"":13,""obs_mistake_mask=_EE_"":4,""obs_mistake_mask=_E_E"":7,""obs_mistake_mask=_E__"":9,""obs_mistake_mask=__EE"":3,""obs_mistake_mask=__E_"":13,""obs_mistake_mask=___E"":17}"
    987136,        83,         0,   117.8,decoder_by_matrix,e45af4f98fc7ee1c9936a6749fec74122c57b4ab96343d0e01c96593a4531898,"{""distance"":3,""physical_error_rate"":0.001}","{""detection_events"":118254,""detectors_checked"":53305344,""obs_mistake_mask=E___"":4,""obs_mistake_mask=_EEE"":11,""obs_mistake_mask=_EE_"":12,""obs_mistake_mask=_E_E"":4,""obs_mistake_mask=_E__"":18,""obs_mistake_mask=__EE"":5,""obs_mistake_mask=__E_"":13,""obs_mistake_mask=___E"":16}"
   2638848,         0,         0,   114.4,decoder_by_matrix,b3c6da8537ae85d54cd5acd57fc4d5a00e23be04de7c70760ac5fa4b0f5f70dc,"{""distance"":3,""physical_error_rate"":1e-06}","{""detection_events"":384,""detectors_checked"":142497792}"
   1018880,        20,         0,   116.8,decoder_by_matrix,5dee359087c4b9ae2c20477a4d5136d2695095b0438111838e7093c679bd3c20,"{""distance"":3,""physical_error_rate"":0.0005}","{""detection_events"":60225,""detectors_checked"":55019520,""obs_mistake_mask=E___"":1,""obs_mistake_mask=_EEE"":4,""obs_mistake_mask=_EE_"":1,""obs_mistake_mask=_E_E"":1,""obs_mistake_mask=_E__"":5,""obs_mistake_mask=__E_"":7,""obs_mistake_mask=___E"":1}"
    986112,        66,         0,   117.3,decoder_by_matrix,e45af4f98fc7ee1c9936a6749fec74122c57b4ab96343d0e01c96593a4531898,"{""distance"":3,""physical_error_rate"":0.001}","{""detection_events"":118338,""detectors_checked"":53250048,""obs_mistake_mask=EE_E"":1,""obs_mistake_mask=E___"":3,""obs_mistake_mask=_EEE"":8,""obs_mistake_mask=_EE_"":14,""obs_mistake_mask=_E_E"":4,""obs_mistake_mask=_E__"":5,""obs_mistake_mask=__EE"":3,""obs_mistake_mask=__E_"":8,""obs_mistake_mask=___E"":20}"
   1153024,         0,         0,   116.1,decoder_by_matrix,c8397cb2c46e4683a6f3970bc42cef1aabfef4d80cfcd6b8313e87630b680ee2,"{""distance"":3,""physical_error_rate"":0.0001}","{""detection_events"":13767,""detectors_checked"":62263296}"
   2141184,         0,         0,   115.3,decoder_by_matrix,73784f3389b885bc1b704dac0b44b83e08b79da81bcec9ed749229213445f550,"{""distance"":3,""physical_error_rate"":1e-05}","{""detection_events"":2496,""detectors_checked"":115623936}"
   2678784,         0,         0,   115.1,decoder_by_matrix,b3c6da8537ae85d54cd5acd57fc4d5a00e23be04de7c70760ac5fa4b0f5f70dc,"{""distance"":3,""physical_error_rate"":1e-06}","{""detection_events"":339,""detectors_checked"":144654336}"
   1019904,        11,         0,   117.6,decoder_by_matrix,5dee359087c4b9ae2c20477a4d5136d2695095b0438111838e7093c679bd3c20,"{""distance"":3,""physical_error_rate"":0.0005}","{""detection_events"":60957,""detectors_checked"":55074816,""obs_mistake_mask=E___"":1,""obs_mistake_mask=_EEE"":1,""obs_mistake_mask=_E_E"":3,""obs_mistake_mask=_E__"":2,""obs_mistake_mask=__EE"":2,""obs_mistake_mask=__E_"":1,""obs_mistake_mask=___E"":1}"
   1339392,         0,         0,   118.5,decoder_by_matrix,cd5aa4935a142b600239883e928f6c7fc9fbc8c84161e9ed59cf2551b7ebfc3d,"{""distance"":3,""physical_error_rate"":5e-05}","{""detection_events"":8265,""detectors_checked"":72327168}"
   1017856,        21,         0,   118.3,decoder_by_matrix,5dee359087c4b9ae2c20477a4d5136d2695095b0438111838e7093c679bd3c20,"{""distance"":3,""physical_error_rate"":0.0005}","{""detection_events"":60870,""detectors_checked"":54964224,""obs_mistake_mask=E___"":1,""obs_mistake_mask=_EEE"":3,""obs_mistake_mask=_EE_"":1,""obs_mistake_mask=_E_E"":4,""obs_mistake_mask=_E__"":1,""obs_mistake_mask=__EE"":1,""obs_mistake_mask=__E_"":7,""obs_mistake_mask=___E"":3}"
   2151424,         0,         0,   114.0,decoder_by_matrix,73784f3389b885bc1b704dac0b44b83e08b79da81bcec9ed749229213445f550,"{""distance"":3,""physical_error_rate"":1e-05}","{""detection_events"":2427,""detectors_checked"":116176896}"
   2639872,         0,         0,   112.3,decoder_by_matrix,b3c6da8537ae85d54cd5acd57fc4d5a00e23be04de7c70760ac5fa4b0f5f70dc,"{""distance"":3,""physical_error_rate"":1e-06}","{""detection_events"":351,""detectors_checked"":142553088}"
   1349632,         0,         0,   118.7,decoder_by_matrix,cd5aa4935a142b600239883e928f6c7fc9fbc8c84161e9ed59cf2551b7ebfc3d,"{""distance"":3,""physical_error_rate"":5e-05}","{""detection_events"":7836,""detectors_checked"":72880128}"
   2667520,         0,         0,   114.3,decoder_by_matrix,b3c6da8537ae85d54cd5acd57fc4d5a00e23be04de7c70760ac5fa4b0f5f70dc,"{""distance"":3,""physical_error_rate"":1e-06}","{""detection_events"":339,""detectors_checked"":144046080}"
   1138688,         1,         0,   117.0,decoder_by_matrix,c8397cb2c46e4683a6f3970bc42cef1aabfef4d80cfcd6b8313e87630b680ee2,"{""distance"":3,""physical_error_rate"":0.0001}","{""detection_events"":13695,""detectors_checked"":61489152,""obs_mistake_mask=_E__"":1}"
   2106368,         0,         0,   114.6,decoder_by_matrix,73784f3389b885bc1b704dac0b44b83e08b79da81bcec9ed749229213445f550,"{""distance"":3,""physical_error_rate"":1e-05}","{""detection_events"":2589,""detectors_checked"":113743872}"
    988160,        94,         0,   115.8,decoder_by_matrix,e45af4f98fc7ee1c9936a6749fec74122c57b4ab96343d0e01c96593a4531898,"{""distance"":3,""physical_error_rate"":0.001}","{""detection_events"":118089,""detectors_checked"":53360640,""obs_mistake_mask=E___"":7,""obs_mistake_mask=_EEE"":12,""obs_mistake_mask=_EE_"":9,""obs_mistake_mask=_E_E"":12,""obs_mistake_mask=_E__"":22,""obs_mistake_mask=__EE"":12,""obs_mistake_mask=__E_"":9,""obs_mistake_mask=___E"":11}"
    989184,        77,         0,   117.7,decoder_by_matrix,e45af4f98fc7ee1c9936a6749fec74122c57b4ab96343d0e01c96593a4531898,"{""distance"":3,""physical_error_rate"":0.001}","{""detection_events"":118623,""detectors_checked"":53415936,""obs_mistake_mask=E___"":6,""obs_mistake_mask=_EEE"":7,""obs_mistake_mask=_EE_"":10,""obs_mistake_mask=_E_E"":9,""obs_mistake_mask=_E__"":7,""obs_mistake_mask=__EE"":5,""obs_mistake_mask=__E_"":13,""obs_mistake_mask=___E"":20}"
   1021952,        15,         0,   116.5,decoder_by_matrix,5dee359087c4b9ae2c20477a4d5136d2695095b0438111838e7093c679bd3c20,"{""distance"":3,""physical_error_rate"":0.0005}","{""detection_events"":60948,""detectors_checked"":55185408,""obs_mistake_mask=_EE_"":3,""obs_mistake_mask=_E_E"":2,""obs_mistake_mask=_E__"":3,""obs_mistake_mask=__E_"":5,""obs_mistake_mask=___E"":2}"
   2368512,         0,         0,   114.2,decoder_by_matrix,1222905ef2c3e0b3841e2be415851bad02a0949e12b9844f6b979980572eaa40,"{""distance"":3,""physical_error_rate"":5e-06}","{""detection_events"":1458,""detectors_checked"":127899648}"
   1352704,         0,         0,   117.7,decoder_by_matrix,cd5aa4935a142b600239883e928f6c7fc9fbc8c84161e9ed59cf2551b7ebfc3d,"{""distance"":3,""physical_error_rate"":5e-05}","{""detection_events"":7866,""detectors_checked"":73046016}"
   1131520,         0,         0,   117.0,decoder_by_matrix,c8397cb2c46e4683a6f3970bc42cef1aabfef4d80cfcd6b8313e87630b680ee2,"{""distance"":3,""physical_error_rate"":0.0001}","{""detection_events"":14121,""detectors_checked"":61102080}"
   1130496,         3,         0,   118.1,decoder_by_matrix,c8397cb2c46e4683a6f3970bc42cef1aabfef4d80cfcd6b8313e87630b680ee2,"{""distance"":3,""physical_error_rate"":0.0001}","{""detection_events"":13458,""detectors_checked"":61046784,""obs_mistake_mask=E___"":1,""obs_mistake_mask=_EEE"":1,""obs_mistake_mask=_E_E"":1}"
   2375680,         0,         0,   115.3,decoder_by_matrix,1222905ef2c3e0b3841e2be415851bad02a0949e12b9844f6b979980572eaa40,"{""distance"":3,""physical_error_rate"":5e-06}","{""detection_events"":1380,""detectors_checked"":128286720}"
   2363392,         0,         0,   115.5,decoder_by_matrix,1222905ef2c3e0b3841e2be415851bad02a0949e12b9844f6b979980572eaa40,"{""distance"":3,""physical_error_rate"":5e-06}","{""detection_events"":1458,""detectors_checked"":127623168}"
   2409472,         0,         0,   114.5,decoder_by_matrix,1222905ef2c3e0b3841e2be415851bad02a0949e12b9844f6b979980572eaa40,"{""distance"":3,""physical_error_rate"":5e-06}","{""detection_events"":1338,""detectors_checked"":130111488}"
   1344512,         0,         0,   117.6,decoder_by_matrix,cd5aa4935a142b600239883e928f6c7fc9fbc8c84161e9ed59cf2551b7ebfc3d,"{""distance"":3,""physical_error_rate"":5e-05}","{""detection_events"":7908,""detectors_checked"":72603648}"
   2675712,         0,         0,   112.9,decoder_by_matrix,b3c6da8537ae85d54cd5acd57fc4d5a00e23be04de7c70760ac5fa4b0f5f70dc,"{""distance"":3,""physical_error_rate"":1e-06}","{""detection_events"":306,""detectors_checked"":144488448}"
   1142784,         0,         0,   117.1,decoder_by_matrix,c8397cb2c46e4683a6f3970bc42cef1aabfef4d80cfcd6b8313e87630b680ee2,"{""distance"":3,""physical_error_rate"":0.0001}","{""detection_events"":13482,""detectors_checked"":61710336}"
   2123776,         0,         0,   116.9,decoder_by_matrix,73784f3389b885bc1b704dac0b44b83e08b79da81bcec9ed749229213445f550,"{""distance"":3,""physical_error_rate"":1e-05}","{""detection_events"":2505,""detectors_checked"":114683904}"
   1019904,        22,         0,   117.7,decoder_by_matrix,5dee359087c4b9ae2c20477a4d5136d2695095b0438111838e7093c679bd3c20,"{""distance"":3,""physical_error_rate"":0.0005}","{""detection_events"":62859,""detectors_checked"":55074816,""obs_mistake_mask=E___"":1,""obs_mistake_mask=_EEE"":1,""obs_mistake_mask=_EE_"":3,""obs_mistake_mask=_E_E"":1,""obs_mistake_mask=_E__"":2,""obs_mistake_mask=__EE"":1,""obs_mistake_mask=__E_"":3,""obs_mistake_mask=___E"":10}"
    979968,        79,         0,   117.0,decoder_by_matrix,e45af4f98fc7ee1c9936a6749fec74122c57b4ab96343d0e01c96593a4531898,"{""distance"":3,""physical_error_rate"":0.001}","{""detection_events"":117987,""detectors_checked"":52918272,""obs_mistake_mask=EE__"":1,""obs_mistake_mask=E___"":9,""obs_mistake_mask=_EEE"":4,""obs_mistake_mask=_EE_"":11,""obs_mistake_mask=_E_E"":10,""obs_mistake_mask=_E__"":7,""obs_mistake_mask=__EE"":7,""obs_mistake_mask=__E_"":19,""obs_mistake_mask=___E"":11}"
   2664448,         0,         0,   114.9,decoder_by_matrix,b3c6da8537ae85d54cd5acd57fc4d5a00e23be04de7c70760ac5fa4b0f5f70dc,"{""distance"":3,""physical_error_rate"":1e-06}","{""detection_events"":300,""detectors_checked"":143880192}"
   1338368,         0,         0,   117.7,decoder_by_matrix,cd5aa4935a142b600239883e928f6c7fc9fbc8c84161e9ed59cf2551b7ebfc3d,"{""distance"":3,""physical_error_rate"":5e-05}","{""detection_events"":7560,""detectors_checked"":72271872}"
   2102272,         0,         0,   117.1,decoder_by_matrix,73784f3389b885bc1b704dac0b44b83e08b79da81bcec9ed749229213445f550,"{""distance"":3,""physical_error_rate"":1e-05}","{""detection_events"":2607,""detectors_checked"":113522688}"
   1012736,        20,         0,   117.4,decoder_by_matrix,5dee359087c4b9ae2c20477a4d5136d2695095b0438111838e7093c679bd3c20,"{""distance"":3,""physical_error_rate"":0.0005}","{""detection_events"":60708,""detectors_checked"":54687744,""obs_mistake_mask=_EEE"":2,""obs_mistake_mask=_EE_"":1,""obs_mistake_mask=_E_E"":3,""obs_mistake_mask=_E__"":3,""obs_mistake_mask=__EE"":6,""obs_mistake_mask=__E_"":1,""obs_mistake_mask=___E"":4}"
   1136640,         1,         0,   118.2,decoder_by_matrix,c8397cb2c46e4683a6f3970bc42cef1aabfef4d80cfcd6b8313e87630b680ee2,"{""distance"":3,""physical_error_rate"":0.0001}","{""detection_events"":13698,""detectors_checked"":61378560,""obs_mistake_mask=_EE_"":1}"
   2081792,         0,         0,   116.0,decoder_by_matrix,73784f3389b885bc1b704dac0b44b83e08b79da81bcec9ed749229213445f550,"{""distance"":3,""physical_error_rate"":1e-05}","{""detection_events"":2730,""detectors_checked"":112416768}"
    992256,        75,         0,   116.9,decoder_by_matrix,e45af4f98fc7ee1c9936a6749fec74122c57b4ab96343d0e01c96593a4531898,"{""distance"":3,""physical_error_rate"":0.001}","{""detection_events"":118173,""detectors_checked"":53581824,""obs_mistake_mask=EE_E"":1,""obs_mistake_mask=E___"":4,""obs_mistake_mask=_EEE"":9,""obs_mistake_mask=_EE_"":11,""obs_mistake_mask=_E_E"":2,""obs_mistake_mask=_E__"":11,""obs_mistake_mask=__EE"":12,""obs_mistake_mask=__E_"":13,""obs_mistake_mask=___E"":12}"
   1370112,         1,         0,   117.5,decoder_by_matrix,cd5aa4935a142b600239883e928f6c7fc9fbc8c84161e9ed59cf2551b7ebfc3d,"{""distance"":3,""physical_error_rate"":5e-05}","{""detection_events"":7971,""detectors_checked"":73986048,""obs_mistake_mask=___E"":1}"
   2353152,         0,         0,   113.5,decoder_by_matrix,1222905ef2c3e0b3841e2be415851bad02a0949e12b9844f6b979980572eaa40,"{""distance"":3,""physical_error_rate"":5e-06}","{""detection_events"":1545,""detectors_checked"":127070208}"
   2128896,         0,         0,   113.6,decoder_by_matrix,73784f3389b885bc1b704dac0b44b83e08b79da81bcec9ed749229213445f550,"{""distance"":3,""physical_error_rate"":1e-05}","{""detection_events"":2526,""detectors_checked"":114960384}"
   2666496,         0,         0,   114.5,decoder_by_matrix,b3c6da8537ae85d54cd5acd57fc4d5a00e23be04de7c70760ac5fa4b0f5f70dc,"{""distance"":3,""physical_error_rate"":1e-06}","{""detection_events"":360,""detectors_checked"":143990784}"
   1022976,        26,         0,   117.1,decoder_by_matrix,5dee359087c4b9ae2c20477a4d5136d2695095b0438111838e7093c679bd3c20,"{""distance"":3,""physical_error_rate"":0.0005}","{""detection_events"":60597,""detectors_checked"":55240704,""obs_mistake_mask=_EEE"":3,""obs_mistake_mask=_EE_"":5,""obs_mistake_mask=_E_E"":4,""obs_mistake_mask=_E__"":6,""obs_mistake_mask=__E_"":6,""obs_mistake_mask=___E"":2}"
   1153024,         1,         0,   117.5,decoder_by_matrix,c8397cb2c46e4683a6f3970bc42cef1aabfef4d80cfcd6b8313e87630b680ee2,"{""distance"":3,""physical_error_rate"":0.0001}","{""detection_events"":13347,""detectors_checked"":62263296,""obs_mistake_mask=_EE_"":1}"
   2742272,         0,         0,   113.9,decoder_by_matrix,b3c6da8537ae85d54cd5acd57fc4d5a00e23be04de7c70760ac5fa4b0f5f70dc,"{""distance"":3,""physical_error_rate"":1e-06}","{""detection_events"":294,""detectors_checked"":148082688}"
   2465792,         0,         0,   116.4,decoder_by_matrix,1222905ef2c3e0b3841e2be415851bad02a0949e12b9844f6b979980572eaa40,"{""distance"":3,""physical_error_rate"":5e-06}","{""detection_events"":1401,""detectors_checked"":133152768}"
   1015808,        79,         0,   117.9,decoder_by_matrix,e45af4f98fc7ee1c9936a6749fec74122c57b4ab96343d0e01c96593a4531898,"{""distance"":3,""physical_error_rate"":0.001}","{""detection_events"":123177,""detectors_checked"":54853632,""obs_mistake_mask=E___"":7,""obs_mistake_mask=_EEE"":9,""obs_mistake_mask=_EE_"":8,""obs_mistake_mask=_E_E"":8,""obs_mistake_mask=_E__"":13,""obs_mistake_mask=__EE"":8,""obs_mistake_mask=__E_"":12,""obs_mistake_mask=___E"":14}"
   1159168,         2,         0,   116.5,decoder_by_matrix,c8397cb2c46e4683a6f3970bc42cef1aabfef4d80cfcd6b8313e87630b680ee2,"{""distance"":3,""physical_error_rate"":0.0001}","{""detection_events"":14136,""detectors_checked"":62595072,""obs_mistake_mask=_EEE"":1,""obs_mistake_mask=_EE_"":1}"
   1041408,        22,         0,   118.2,decoder_by_matrix,5dee359087c4b9ae2c20477a4d5136d2695095b0438111838e7093c679bd3c20,"{""distance"":3,""physical_error_rate"":0.0005}","{""detection_events"":62487,""detectors_checked"":56236032,""obs_mistake_mask=E___"":2,""obs_mistake_mask=_EEE"":5,""obs_mistake_mask=_EE_"":4,""obs_mistake_mask=_E_E"":1,""obs_mistake_mask=_E__"":3,""obs_mistake_mask=__E_"":4,""obs_mistake_mask=___E"":3}"
   1013760,        93,         0,   116.9,decoder_by_matrix,e45af4f98fc7ee1c9936a6749fec74122c57b4ab96343d0e01c96593a4531898,"{""distance"":3,""physical_error_rate"":0.001}","{""detection_events"":122568,""detectors_checked"":54743040,""obs_mistake_mask=E___"":10,""obs_mistake_mask=_EEE"":11,""obs_mistake_mask=_EE_"":12,""obs_mistake_mask=_E_E"":2,""obs_mistake_mask=_E__"":16,""obs_mistake_mask=__EE"":14,""obs_mistake_mask=__E_"":18,""obs_mistake_mask=___E"":10}"
   1382400,         0,         0,   117.3,decoder_by_matrix,cd5aa4935a142b600239883e928f6c7fc9fbc8c84161e9ed59cf2551b7ebfc3d,"{""distance"":3,""physical_error_rate"":5e-05}","{""detection_events"":8757,""detectors_checked"":74649600}"
   2182144,         0,         0,   115.9,decoder_by_matrix,73784f3389b885bc1b704dac0b44b83e08b79da81bcec9ed749229213445f550,"{""distance"":3,""physical_error_rate"":1e-05}","{""detection_events"":2655,""detectors_checked"":117835776}"
   2479104,         0,         0,   113.7,decoder_by_matrix,1222905ef2c3e0b3841e2be415851bad02a0949e12b9844f6b979980572eaa40,"{""distance"":3,""physical_error_rate"":5e-06}","{""detection_events"":1350,""detectors_checked"":133871616}"
   1052672,        22,         0,   117.4,decoder_by_matrix,5dee359087c4b9ae2c20477a4d5136d2695095b0438111838e7093c679bd3c20,"{""distance"":3,""physical_error_rate"":0.0005}","{""detection_events"":61902,""detectors_checked"":56844288,""obs_mistake_mask=E___"":1,""obs_mistake_mask=_EEE"":3,""obs_mistake_mask=_EE_"":3,""obs_mistake_mask=_E_E"":3,""obs_mistake_mask=_E__"":5,""obs_mistake_mask=__EE"":1,""obs_mistake_mask=__E_"":2,""obs_mistake_mask=___E"":4}"
   1179648,         1,         0,   116.7,decoder_by_matrix,c8397cb2c46e4683a6f3970bc42cef1aabfef4d80cfcd6b8313e87630b680ee2,"{""distance"":3,""physical_error_rate"":0.0001}","{""detection_events"":14406,""detectors_checked"":63700992,""obs_mistake_mask=E___"":1}"
   1014784,        83,         0,   117.4,decoder_by_matrix,e45af4f98fc7ee1c9936a6749fec74122c57b4ab96343d0e01c96593a4531898,"{""distance"":3,""physical_error_rate"":0.001}","{""detection_events"":120789,""detectors_checked"":54798336,""obs_mistake_mask=E___"":6,""obs_mistake_mask=_EEE"":8,""obs_mistake_mask=_EE_"":7,""obs_mistake_mask=_E_E"":9,""obs_mistake_mask=_E__"":15,""obs_mistake_mask=__EE"":14,""obs_mistake_mask=__E_"":12,""obs_mistake_mask=___E"":12}"
   2439168,         0,         0,   115.7,decoder_by_matrix,1222905ef2c3e0b3841e2be415851bad02a0949e12b9844f6b979980572eaa40,"{""distance"":3,""physical_error_rate"":5e-06}","{""detection_events"":1422,""detectors_checked"":131715072}"
   2743296,         0,         0,   115.7,decoder_by_matrix,b3c6da8537ae85d54cd5acd57fc4d5a00e23be04de7c70760ac5fa4b0f5f70dc,"{""distance"":3,""physical_error_rate"":1e-06}","{""detection_events"":360,""detectors_checked"":148137984}"
   1389568,         1,         0,   116.9,decoder_by_matrix,cd5aa4935a142b600239883e928f6c7fc9fbc8c84161e9ed59cf2551b7ebfc3d,"{""distance"":3,""physical_error_rate"":5e-05}","{""detection_events"":7905,""detectors_checked"":75036672,""obs_mistake_mask=_EE_"":1}"
   1414144,         0,         0,   117.3,decoder_by_matrix,cd5aa4935a142b600239883e928f6c7fc9fbc8c84161e9ed59cf2551b7ebfc3d,"{""distance"":3,""physical_error_rate"":5e-05}","{""detection_events"":8037,""detectors_checked"":76363776}"
   2428928,         0,         0,   114.7,decoder_by_matrix,1222905ef2c3e0b3841e2be415851bad02a0949e12b9844f6b979980572eaa40,"{""distance"":3,""physical_error_rate"":5e-06}","{""detection_events"":1617,""detectors_checked"":131162112}"
   1020928,        76,         0,   117.7,decoder_by_matrix,e45af4f98fc7ee1c9936a6749fec74122c57b4ab96343d0e01c96593a4531898,"{""distance"":3,""physical_error_rate"":0.001}","{""detection_events"":121083,""detectors_checked"":55130112,""obs_mistake_mask=E___"":7,""obs_mistake_mask=_EEE"":8,""obs_mistake_mask=_EE_"":6,""obs_mistake_mask=_E_E"":8,""obs_mistake_mask=_E__"":16,""obs_mistake_mask=__EE"":6,""obs_mistake_mask=__E_"":14,""obs_mistake_mask=___E"":11}"
   2754560,         0,         0,   114.0,decoder_by_matrix,b3c6da8537ae85d54cd5acd57fc4d5a00e23be04de7c70760ac5fa4b0f5f70dc,"{""distance"":3,""physical_error_rate"":1e-06}","{""detection_events"":264,""detectors_checked"":148746240}"
   2205696,         0,         0,   115.5,decoder_by_matrix,73784f3389b885bc1b704dac0b44b83e08b79da81bcec9ed749229213445f550,"{""distance"":3,""physical_error_rate"":1e-05}","{""detection_events"":2586,""detectors_checked"":119107584}"
   1050624,        13,         0,   118.6,decoder_by_matrix,5dee359087c4b9ae2c20477a4d5136d2695095b0438111838e7093c679bd3c20,"{""distance"":3,""physical_error_rate"":0.0005}","{""detection_events"":62331,""detectors_checked"":56733696,""obs_mistake_mask=E___"":2,""obs_mistake_mask=_EE_"":1,""obs_mistake_mask=_E_E"":1,""obs_mistake_mask=_E__"":4,""obs_mistake_mask=__EE"":3,""obs_mistake_mask=__E_"":1,""obs_mistake_mask=___E"":1}"
   1015808,        98,         0,   117.5,decoder_by_matrix,e45af4f98fc7ee1c9936a6749fec74122c57b4ab96343d0e01c96593a4531898,"{""distance"":3,""physical_error_rate"":0.001}","{""detection_events"":121185,""detectors_checked"":54853632,""obs_mistake_mask=E___"":7,""obs_mistake_mask=_EEE"":11,""obs_mistake_mask=_EE_"":12,""obs_mistake_mask=_E_E"":11,""obs_mistake_mask=_E__"":15,""obs_mistake_mask=__EE"":8,""obs_mistake_mask=__E_"":14,""obs_mistake_mask=___E"":20}"
   1018880,        82,         0,   117.7,decoder_by_matrix,e45af4f98fc7ee1c9936a6749fec74122c57b4ab96343d0e01c96593a4531898,"{""distance"":3,""physical_error_rate"":0.001}","{""detection_events"":121008,""detectors_checked"":55019520,""obs_mistake_mask=E___"":5,""obs_mistake_mask=_EEE"":8,""obs_mistake_mask=_EE_"":5,""obs_mistake_mask=_E_E"":9,""obs_mistake_mask=_E__"":12,""obs_mistake_mask=__EE"":7,""obs_mistake_mask=__E_"":17,""obs_mistake_mask=___E"":19}"
   2181120,         0,         0,   115.2,decoder_by_matrix,73784f3389b885bc1b704dac0b44b83e08b79da81bcec9ed749229213445f550,"{""distance"":3,""physical_error_rate"":1e-05}","{""detection_events"":2625,""detectors_checked"":117780480}"
   1163264,         2,         0,   117.4,decoder_by_matrix,c8397cb2c46e4683a6f3970bc42cef1aabfef4d80cfcd6b8313e87630b680ee2,"{""distance"":3,""physical_error_rate"":0.0001}","{""detection_events"":14574,""detectors_checked"":62816256,""obs_mistake_mask=_EEE"":1,""obs_mistake_mask=___E"":1}"
   2771968,         0,         0,   115.1,decoder_by_matrix,b3c6da8537ae85d54cd5acd57fc4d5a00e23be04de7c70760ac5fa4b0f5f70dc,"{""distance"":3,""physical_error_rate"":1e-06}","{""detection_events"":261,""detectors_checked"":149686272}"
   1048576,        20,         0,   117.8,decoder_by_matrix,5dee359087c4b9ae2c20477a4d5136d2695095b0438111838e7093c679bd3c20,"{""distance"":3,""physical_error_rate"":0.0005}","{""detection_events"":62487,""detectors_checked"":56623104,""obs_mistake_mask=E___"":2,""obs_mistake_mask=_EE_"":3,""obs_mistake_mask=_E_E"":2,""obs_mistake_mask=_E__"":4,""obs_mistake_mask=__EE"":3,""obs_mistake_mask=__E_"":4,""obs_mistake_mask=___E"":2}"
   1384448,         2,         0,   116.8,decoder_by_matrix,cd5aa4935a142b600239883e928f6c7fc9fbc8c84161e9ed59cf2551b7ebfc3d,"{""distance"":3,""physical_error_rate"":5e-05}","{""detection_events"":8343,""detectors_checked"":74760192,""obs_mistake_mask=_EEE"":1,""obs_mistake_mask=_EE_"":1}"
   1048576,        25,         0,   118.3,decoder_by_matrix,5dee359087c4b9ae2c20477a4d5136d2695095b0438111838e7093c679bd3c20,"{""distance"":3,""physical_error_rate"":0.0005}","{""detection_events"":62868,""detectors_checked"":56623104,""obs_mistake_mask=E___"":1,""obs_mistake_mask=_EEE"":4,""obs_mistake_mask=_EE_"":6,""obs_mistake_mask=_E_E"":2,""obs_mistake_mask=_E__"":5,""obs_mistake_mask=__E_"":4,""obs_mistake_mask=___E"":3}"
   2176000,         0,         0,   115.8,decoder_by_matrix,73784f3389b885bc1b704dac0b44b83e08b79da81bcec9ed749229213445f550,"{""distance"":3,""physical_error_rate"":1e-05}","{""detection_events"":2502,""detectors_checked"":117504000}"
   2709504,         0,         0,   117.0,decoder_by_matrix,b3c6da8537ae85d54cd5acd57fc4d5a00e23be04de7c70760ac5fa4b0f5f70dc,"{""distance"":3,""physical_error_rate"":1e-06}","{""detection_events"":351,""detectors_checked"":146313216}"
   2738176,         0,         0,   115.8,decoder_by_matrix,b3c6da8537ae85d54cd5acd57fc4d5a00e23be04de7c70760ac5fa4b0f5f70dc,"{""distance"":3,""physical_error_rate"":1e-06}","{""detection_events"":312,""detectors_checked"":147861504}"
   1416192,         0,         0,   115.8,decoder_by_matrix,cd5aa4935a142b600239883e928f6c7fc9fbc8c84161e9ed59cf2551b7ebfc3d,"{""distance"":3,""physical_error_rate"":5e-05}","{""detection_events"":8079,""detectors_checked"":76474368}"
   1018880,        95,         0,   117.4,decoder_by_matrix,e45af4f98fc7ee1c9936a6749fec74122c57b4ab96343d0e01c96593a4531898,"{""distance"":3,""physical_error_rate"":0.001}","{""detection_events"":122517,""detectors_checked"":55019520,""obs_mistake_mask=EE__"":1,""obs_mistake_mask=E___"":15,""obs_mistake_mask=_EEE"":6,""obs_mistake_mask=_EE_"":10,""obs_mistake_mask=_E_E"":10,""obs_mistake_mask=_E__"":14,""obs_mistake_mask=__EE"":8,""obs_mistake_mask=__E_"":18,""obs_mistake_mask=___E"":13}"
   2141184,         0,         0,   116.2,decoder_by_matrix,73784f3389b885bc1b704dac0b44b83e08b79da81bcec9ed749229213445f550,"{""distance"":3,""physical_error_rate"":1e-05}","{""detection_events"":2799,""detectors_checked"":115623936}"
   1050624,        21,         0,   116.4,decoder_by_matrix,5dee359087c4b9ae2c20477a4d5136d2695095b0438111838e7093c679bd3c20,"{""distance"":3,""physical_error_rate"":0.0005}","{""detection_events"":62625,""detectors_checked"":56733696,""obs_mistake_mask=E___"":3,""obs_mistake_mask=_EEE"":3,""obs_mistake_mask=_EE_"":2,""obs_mistake_mask=_E_E"":2,""obs_mistake_mask=_E__"":1,""obs_mistake_mask=__EE"":2,""obs_mistake_mask=__E_"":4,""obs_mistake_mask=___E"":4}"
   1171456,         1,         0,   116.7,decoder_by_matrix,c8397cb2c46e4683a6f3970bc42cef1aabfef4d80cfcd6b8313e87630b680ee2,"{""distance"":3,""physical_error_rate"":0.0001}","{""detection_events"":14100,""detectors_checked"":63258624,""obs_mistake_mask=__E_"":1}"
   1018880,        90,         0,   119.2,decoder_by_matrix,e45af4f98fc7ee1c9936a6749fec74122c57b4ab96343d0e01c96593a4531898,"{""distance"":3,""physical_error_rate"":0.001}","{""detection_events"":122697,""detectors_checked"":55019520,""obs_mistake_mask=E___"":8,""obs_mistake_mask=_EEE"":7,""obs_mistake_mask=_EE_"":12,""obs_mistake_mask=_E_E"":12,""obs_mistake_mask=_E__"":23,""obs_mistake_mask=__EE"":7,""obs_mistake_mask=__E_"":8,""obs_mistake_mask=___E"":13}"
   2428928,         0,         0,   115.8,decoder_by_matrix,1222905ef2c3e0b3841e2be415851bad02a0949e12b9844f6b979980572eaa40,"{""distance"":3,""physical_error_rate"":5e-06}","{""detection_events"":1662,""detectors_checked"":131162112}"
   1391616,         0,         0,   117.0,decoder_by_matrix,cd5aa4935a142b600239883e928f6c7fc9fbc8c84161e9ed59cf2551b7ebfc3d,"{""distance"":3,""physical_error_rate"":5e-05}","{""detection_events"":8583,""detectors_checked"":75147264}"
   1190912,         0,         0,   118.1,decoder_by_matrix,c8397cb2c46e4683a6f3970bc42cef1aabfef4d80cfcd6b8313e87630b680ee2,"{""distance"":3,""physical_error_rate"":0.0001}","{""detection_events"":13968,""detectors_checked"":64309248}"
   1176576,         0,         0,   116.2,decoder_by_matrix,c8397cb2c46e4683a6f3970bc42cef1aabfef4d80cfcd6b8313e87630b680ee2,"{""distance"":3,""physical_error_rate"":0.0001}","{""detection_events"":14130,""detectors_checked"":63535104}"
   2454528,         0,         0,   114.0,decoder_by_matrix,1222905ef2c3e0b3841e2be415851bad02a0949e12b9844f6b979980572eaa40,"{""distance"":3,""physical_error_rate"":5e-06}","{""detection_events"":1515,""detectors_checked"":132544512}"
   2452480,         0,         0,   116.8,decoder_by_matrix,1222905ef2c3e0b3841e2be415851bad02a0949e12b9844f6b979980572eaa40,"{""distance"":3,""physical_error_rate"":5e-06}","{""detection_events"":1497,""detectors_checked"":132433920}"
   1393664,         0,         0,   116.3,decoder_by_matrix,cd5aa4935a142b600239883e928f6c7fc9fbc8c84161e9ed59cf2551b7ebfc3d,"{""distance"":3,""physical_error_rate"":5e-05}","{""detection_events"":8091,""detectors_checked"":75257856}"
   2456576,         0,         0,   115.2,decoder_by_matrix,1222905ef2c3e0b3841e2be415851bad02a0949e12b9844f6b979980572eaa40,"{""distance"":3,""physical_error_rate"":5e-06}","{""detection_events"":1344,""detectors_checked"":132655104}"
   1173504,         2,         0,   116.3,decoder_by_matrix,c8397cb2c46e4683a6f3970bc42cef1aabfef4d80cfcd6b8313e87630b680ee2,"{""distance"":3,""physical_error_rate"":0.0001}","{""detection_events"":13563,""detectors_checked"":63369216,""obs_mistake_mask=_EEE"":1,""obs_mistake_mask=_E__"":1}"
   2764800,         0,         0,   114.2,decoder_by_matrix,b3c6da8537ae85d54cd5acd57fc4d5a00e23be04de7c70760ac5fa4b0f5f70dc,"{""distance"":3,""physical_error_rate"":1e-06}","{""detection_events"":309,""detectors_checked"":149299200}"
   2187264,         0,         0,   115.8,decoder_by_matrix,73784f3389b885bc1b704dac0b44b83e08b79da81bcec9ed749229213445f550,"{""distance"":3,""physical_error_rate"":1e-05}","{""detection_events"":2595,""detectors_checked"":118112256}"
   1051648,        20,         0,   116.1,decoder_by_matrix,5dee359087c4b9ae2c20477a4d5136d2695095b0438111838e7093c679bd3c20,"{""distance"":3,""physical_error_rate"":0.0005}","{""detection_events"":63459,""detectors_checked"":56788992,""obs_mistake_mask=E___"":2,""obs_mistake_mask=_EEE"":2,""obs_mistake_mask=_EE_"":1,""obs_mistake_mask=_E_E"":1,""obs_mistake_mask=_E__"":4,""obs_mistake_mask=__EE"":2,""obs_mistake_mask=__E_"":6,""obs_mistake_mask=___E"":2}"
   1009664,        79,         0,   117.7,decoder_by_matrix,e45af4f98fc7ee1c9936a6749fec74122c57b4ab96343d0e01c96593a4531898,"{""distance"":3,""physical_error_rate"":0.001}","{""detection_events"":120849,""detectors_checked"":54521856,""obs_mistake_mask=E___"":8,""obs_mistake_mask=_EEE"":10,""obs_mistake_mask=_EE_"":4,""obs_mistake_mask=_E_E"":8,""obs_mistake_mask=_E__"":14,""obs_mistake_mask=__EE"":10,""obs_mistake_mask=__E_"":13,""obs_mistake_mask=___E"":12}"
   2729984,         0,         0,   116.2,decoder_by_matrix,b3c6da8537ae85d54cd5acd57fc4d5a00e23be04de7c70760ac5fa4b0f5f70dc,"{""distance"":3,""physical_error_rate"":1e-06}","{""detection_events"":321,""detectors_checked"":147419136}"
   1384448,         0,         0,   116.5,decoder_by_matrix,cd5aa4935a142b600239883e928f6c7fc9fbc8c84161e9ed59cf2551b7ebfc3d,"{""distance"":3,""physical_error_rate"":5e-05}","{""detection_events"":8352,""detectors_checked"":74760192}"
   2146304,         0,         0,   116.6,decoder_by_matrix,73784f3389b885bc1b704dac0b44b83e08b79da81bcec9ed749229213445f550,"{""distance"":3,""physical_error_rate"":1e-05}","{""detection_events"":2697,""detectors_checked"":115900416}"
   1178624,         1,         0,   118.4,decoder_by_matrix,c8397cb2c46e4683a6f3970bc42cef1aabfef4d80cfcd6b8313e87630b680ee2,"{""distance"":3,""physical_error_rate"":0.0001}","{""detection_events"":14076,""detectors_checked"":63645696,""obs_mistake_mask=__E_"":1}"
   1041408,        22,         0,   116.8,decoder_by_matrix,5dee359087c4b9ae2c20477a4d5136d2695095b0438111838e7093c679bd3c20,"{""distance"":3,""physical_error_rate"":0.0005}","{""detection_events"":62490,""detectors_checked"":56236032,""obs_mistake_mask=_EE_"":2,""obs_mistake_mask=_E_E"":3,""obs_mistake_mask=_E__"":5,""obs_mistake_mask=__EE"":2,""obs_mistake_mask=__E_"":5,""obs_mistake_mask=___E"":5}"
   2156544,         0,         0,   115.5,decoder_by_matrix,73784f3389b885bc1b704dac0b44b83e08b79da81bcec9ed749229213445f550,"{""distance"":3,""physical_error_rate"":1e-05}","{""detection_events"":2724,""detectors_checked"":116453376}"
   1028096,        62,         0,   117.8,decoder_by_matrix,e45af4f98fc7ee1c9936a6749fec74122c57b4ab96343d0e01c96593a4531898,"{""distance"":3,""physical_error_rate"":0.001}","{""detection_events"":122922,""detectors_checked"":55517184,""obs_mistake_mask=E___"":3,""obs_mistake_mask=_EEE"":10,""obs_mistake_mask=_EE_"":6,""obs_mistake_mask=_E_E"":5,""obs_mistake_mask=_E__"":14,""obs_mistake_mask=__EE"":7,""obs_mistake_mask=__E_"":11,""obs_mistake_mask=___E"":6}"
   1391616,         1,         0,   116.2,decoder_by_matrix,cd5aa4935a142b600239883e928f6c7fc9fbc8c84161e9ed59cf2551b7ebfc3d,"{""distance"":3,""physical_error_rate"":5e-05}","{""detection_events"":8643,""detectors_checked"":75147264,""obs_mistake_mask=__EE"":1}"
   2502656,         0,         0,   114.9,decoder_by_matrix,1222905ef2c3e0b3841e2be415851bad02a0949e12b9844f6b979980572eaa40,"{""distance"":3,""physical_error_rate"":5e-06}","{""detection_events"":1362,""detectors_checked"":135143424}"
   2756608,         0,         0,   114.2,decoder_by_matrix,b3c6da8537ae85d54cd5acd57fc4d5a00e23be04de7c70760ac5fa4b0f5f70dc,"{""distance"":3,""physical_error_rate"":1e-06}","{""detection_events"":396,""detectors_checked"":148856832}"
   1059840,        30,         0,   116.6,decoder_by_matrix,5dee359087c4b9ae2c20477a4d5136d2695095b0438111838e7093c679bd3c20,"{""distance"":3,""physical_error_rate"":0.0005}","{""detection_events"":65055,""detectors_checked"":57231360,""obs_mistake_mask=E___"":2,""obs_mistake_mask=_EEE"":4,""obs_mistake_mask=_EE_"":2,""obs_mistake_mask=_E_E"":3,""obs_mistake_mask=_E__"":4,""obs_mistake_mask=__EE"":4,""obs_mistake_mask=__E_"":7,""obs_mistake_mask=___E"":4}"
   2183168,         0,         0,   116.6,decoder_by_matrix,73784f3389b885bc1b704dac0b44b83e08b79da81bcec9ed749229213445f550,"{""distance"":3,""physical_error_rate"":1e-05}","{""detection_events"":2730,""detectors_checked"":117891072}"
   1162240,         1,         0,   117.5,decoder_by_matrix,c8397cb2c46e4683a6f3970bc42cef1aabfef4d80cfcd6b8313e87630b680ee2,"{""distance"":3,""physical_error_rate"":0.0001}","{""detection_events"":14094,""detectors_checked"":62760960,""obs_mistake_mask=_E_E"":1}"
   2825216,         0,         0,   115.0,decoder_by_matrix,b3c6da8537ae85d54cd5acd57fc4d5a00e23be04de7c70760ac5fa4b0f5f70dc,"{""distance"":3,""physical_error_rate"":1e-06}","{""detection_events"":318,""detectors_checked"":152561664}"
   2543616,         0,         0,   115.5,decoder_by_matrix,1222905ef2c3e0b3841e2be415851bad02a0949e12b9844f6b979980572eaa40,"{""distance"":3,""physical_error_rate"":5e-06}","{""detection_events"":1371,""detectors_checked"":137355264}"
   1188864,         4,         0,   116.8,decoder_by_matrix,c8397cb2c46e4683a6f3970bc42cef1aabfef4d80cfcd6b8313e87630b680ee2,"{""distance"":3,""physical_error_rate"":0.0001}","{""detection_events"":13932,""detectors_checked"":64198656,""obs_mistake_mask=_EE_"":1,""obs_mistake_mask=_E_E"":1,""obs_mistake_mask=__E_"":1,""obs_mistake_mask=___E"":1}"
   1046528,        76,         0,   117.0,decoder_by_matrix,e45af4f98fc7ee1c9936a6749fec74122c57b4ab96343d0e01c96593a4531898,"{""distance"":3,""physical_error_rate"":0.001}","{""detection_events"":123444,""detectors_checked"":56512512,""obs_mistake_mask=E___"":7,""obs_mistake_mask=_EEE"":8,""obs_mistake_mask=_EE_"":8,""obs_mistake_mask=_E_E"":5,""obs_mistake_mask=_E__"":11,""obs_mistake_mask=__EE"":5,""obs_mistake_mask=__E_"":16,""obs_mistake_mask=___E"":16}"
   1044480,        81,         0,   117.7,decoder_by_matrix,e45af4f98fc7ee1c9936a6749fec74122c57b4ab96343d0e01c96593a4531898,"{""distance"":3,""physical_error_rate"":0.001}","{""detection_events"":125058,""detectors_checked"":56401920,""obs_mistake_mask=E___"":4,""obs_mistake_mask=_EEE"":8,""obs_mistake_mask=_EE_"":7,""obs_mistake_mask=_E_E"":5,""obs_mistake_mask=_E__"":15,""obs_mistake_mask=__EE"":8,""obs_mistake_mask=__E_"":17,""obs_mistake_mask=___E"":17}"
   1070080,        22,         0,   117.8,decoder_by_matrix,5dee359087c4b9ae2c20477a4d5136d2695095b0438111838e7093c679bd3c20,"{""distance"":3,""physical_error_rate"":0.0005}","{""detection_events"":64431,""detectors_checked"":57784320,""obs_mistake_mask=E___"":1,""obs_mistake_mask=_EEE"":1,""obs_mistake_mask=_EE_"":1,""obs_mistake_mask=_E_E"":3,""obs_mistake_mask=_E__"":3,""obs_mistake_mask=__EE"":2,""obs_mistake_mask=__E_"":8,""obs_mistake_mask=___E"":3}"
   1422336,         1,         0,   117.8,decoder_by_matrix,cd5aa4935a142b600239883e928f6c7fc9fbc8c84161e9ed59cf2551b7ebfc3d,"{""distance"":3,""physical_error_rate"":5e-05}","{""detection_events"":8487,""detectors_checked"":76806144,""obs_mistake_mask=___E"":1}"
   2247680,         0,         0,   115.2,decoder_by_matrix,73784f3389b885bc1b704dac0b44b83e08b79da81bcec9ed749229213445f550,"{""distance"":3,""physical_error_rate"":1e-05}","{""detection_events"":2574,""detectors_checked"":121374720}"
   2544640,         0,         0,   114.9,decoder_by_matrix,1222905ef2c3e0b3841e2be415851bad02a0949e12b9844f6b979980572eaa40,"{""distance"":3,""physical_error_rate"":5e-06}","{""detection_events"":1416,""detectors_checked"":137410560}"
   1209344,         0,         0,   116.4,decoder_by_matrix,c8397cb2c46e4683a6f3970bc42cef1aabfef4d80cfcd6b8313e87630b680ee2,"{""distance"":3,""physical_error_rate"":0.0001}","{""detection_events"":14565,""detectors_checked"":65304576}"
   1082368,        19,         0,   118.4,decoder_by_matrix,5dee359087c4b9ae2c20477a4d5136d2695095b0438111838e7093c679bd3c20,"{""distance"":3,""physical_error_rate"":0.0005}","{""detection_events"":64836,""detectors_checked"":58447872,""obs_mistake_mask=E___"":1,""obs_mistake_mask=_EEE"":1,""obs_mistake_mask=_EE_"":2,""obs_mistake_mask=_E_E"":3,""obs_mistake_mask=_E__"":3,""obs_mistake_mask=__EE"":1,""obs_mistake_mask=__E_"":2,""obs_mistake_mask=___E"":6}"
   1042432,        81,         0,   118.1,decoder_by_matrix,e45af4f98fc7ee1c9936a6749fec74122c57b4ab96343d0e01c96593a4531898,"{""distance"":3,""physical_error_rate"":0.001}","{""detection_events"":123756,""detectors_checked"":56291328,""obs_mistake_mask=E___"":8,""obs_mistake_mask=_EEE"":4,""obs_mistake_mask=_EE_"":10,""obs_mistake_mask=_E_E"":15,""obs_mistake_mask=_E__"":18,""obs_mistake_mask=__EE"":8,""obs_mistake_mask=__E_"":10,""obs_mistake_mask=___E"":8}"
   2496512,         0,         0,   113.5,decoder_by_matrix,1222905ef2c3e0b3841e2be415851bad02a0949e12b9844f6b979980572eaa40,"{""distance"":3,""physical_error_rate"":5e-06}","{""detection_events"":1500,""detectors_checked"":134811648}"
   2826240,         0,         0,   116.3,decoder_by_matrix,b3c6da8537ae85d54cd5acd57fc4d5a00e23be04de7c70760ac5fa4b0f5f70dc,"{""distance"":3,""physical_error_rate"":1e-06}","{""detection_events"":318,""detectors_checked"":152616960}"
   1416192,         0,         0,   118.2,decoder_by_matrix,cd5aa4935a142b600239883e928f6c7fc9fbc8c84161e9ed59cf2551b7ebfc3d,"{""distance"":3,""physical_error_rate"":5e-05}","{""detection_events"":8538,""detectors_checked"":76474368}"
   1047552,        73,         0,   117.9,decoder_by_matrix,e45af4f98fc7ee1c9936a6749fec74122c57b4ab96343d0e01c96593a4531898,"{""distance"":3,""physical_error_rate"":0.001}","{""detection_events"":127050,""detectors_checked"":56567808,""obs_mistake_mask=E___"":8,""obs_mistake_mask=_EEE"":10,""obs_mistake_mask=_EE_"":6,""obs_mistake_mask=_E_E"":7,""obs_mistake_mask=_E__"":12,""obs_mistake_mask=__EE"":5,""obs_mistake_mask=__E_"":11,""obs_mistake_mask=___E"":14}"
   1411072,         0,         0,   118.8,decoder_by_matrix,cd5aa4935a142b600239883e928f6c7fc9fbc8c84161e9ed59cf2551b7ebfc3d,"{""distance"":3,""physical_error_rate"":5e-05}","{""detection_events"":8346,""detectors_checked"":76197888}"
   2510848,         0,         0,   114.7,decoder_by_matrix,1222905ef2c3e0b3841e2be415851bad02a0949e12b9844f6b979980572eaa40,"{""distance"":3,""physical_error_rate"":5e-06}","{""detection_events"":1401,""detectors_checked"":135585792}"
   2280448,         0,         0,   113.8,decoder_by_matrix,73784f3389b885bc1b704dac0b44b83e08b79da81bcec9ed749229213445f550,"{""distance"":3,""physical_error_rate"":1e-05}","{""detection_events"":2415,""detectors_checked"":123144192}"
   2820096,         0,         0,   114.2,decoder_by_matrix,b3c6da8537ae85d54cd5acd57fc4d5a00e23be04de7c70760ac5fa4b0f5f70dc,"{""distance"":3,""physical_error_rate"":1e-06}","{""detection_events"":276,""detectors_checked"":152285184}"
   1043456,        76,         0,   118.1,decoder_by_matrix,e45af4f98fc7ee1c9936a6749fec74122c57b4ab96343d0e01c96593a4531898,"{""distance"":3,""physical_error_rate"":0.001}","{""detection_events"":123927,""detectors_checked"":56346624,""obs_mistake_mask=E___"":3,""obs_mistake_mask=_EEE"":3,""obs_mistake_mask=_EE_"":14,""obs_mistake_mask=_E_E"":5,""obs_mistake_mask=_E__"":11,""obs_mistake_mask=__EE"":16,""obs_mistake_mask=__E_"":11,""obs_mistake_mask=___E"":13}"
   2253824,         0,         0,   116.7,decoder_by_matrix,73784f3389b885bc1b704dac0b44b83e08b79da81bcec9ed749229213445f550,"{""distance"":3,""physical_error_rate"":1e-05}","{""detection_events"":2676,""detectors_checked"":121706496}"
   1208320,         0,         0,   117.1,decoder_by_matrix,c8397cb2c46e4683a6f3970bc42cef1aabfef4d80cfcd6b8313e87630b680ee2,"{""distance"":3,""physical_error_rate"":0.0001}","{""detection_events"":14406,""detectors_checked"":65249280}"
   1043456,        77,         0,   118.1,decoder_by_matrix,e45af4f98fc7ee1c9936a6749fec74122c57b4ab96343d0e01c96593a4531898,"{""distance"":3,""physical_error_rate"":0.001}","{""detection_events"":123891,""detectors_checked"":56346624,""obs_mistake_mask=E___"":5,""obs_mistake_mask=_EEE"":9,""obs_mistake_mask=_EE_"":8,""obs_mistake_mask=_E_E"":7,""obs_mistake_mask=_E__"":9,""obs_mistake_mask=__EE"":3,""obs_mistake_mask=__E_"":19,""obs_mistake_mask=___E"":17}"
   1079296,        22,         0,   116.3,decoder_by_matrix,5dee359087c4b9ae2c20477a4d5136d2695095b0438111838e7093c679bd3c20,"{""distance"":3,""physical_error_rate"":0.0005}","{""detection_events"":63543,""detectors_checked"":58281984,""obs_mistake_mask=E___"":1,""obs_mistake_mask=_EEE"":1,""obs_mistake_mask=_EE_"":2,""obs_mistake_mask=_E_E"":5,""obs_mistake_mask=_E__"":3,""obs_mistake_mask=__EE"":2,""obs_mistake_mask=__E_"":4,""obs_mistake_mask=___E"":4}"
   2833408,         0,         0,   113.7,decoder_by_matrix,b3c6da8537ae85d54cd5acd57fc4d5a00e23be04de7c70760ac5fa4b0f5f70dc,"{""distance"":3,""physical_error_rate"":1e-06}","{""detection_events"":351,""detectors_checked"":153004032}"
   1077248,        19,         0,   118.1,decoder_by_matrix,5dee359087c4b9ae2c20477a4d5136d2695095b0438111838e7093c679bd3c20,"{""distance"":3,""physical_error_rate"":0.0005}","{""detection_events"":64893,""detectors_checked"":58171392,""obs_mistake_mask=E___"":1,""obs_mistake_mask=_EEE"":1,""obs_mistake_mask=_EE_"":2,""obs_mistake_mask=_E__"":2,""obs_mistake_mask=__EE"":4,""obs_mistake_mask=__E_"":4,""obs_mistake_mask=___E"":5}"
   1433600,         1,         0,   116.8,decoder_by_matrix,cd5aa4935a142b600239883e928f6c7fc9fbc8c84161e9ed59cf2551b7ebfc3d,"{""distance"":3,""physical_error_rate"":5e-05}","{""detection_events"":9189,""detectors_checked"":77414400,""obs_mistake_mask=_E__"":1}"
   1080320,        19,         0,   118.2,decoder_by_matrix,5dee359087c4b9ae2c20477a4d5136d2695095b0438111838e7093c679bd3c20,"{""distance"":3,""physical_error_rate"":0.0005}","{""detection_events"":64044,""detectors_checked"":58337280,""obs_mistake_mask=_EEE"":3,""obs_mistake_mask=_EE_"":3,""obs_mistake_mask=_E_E"":2,""obs_mistake_mask=_E__"":2,""obs_mistake_mask=__EE"":3,""obs_mistake_mask=__E_"":4,""obs_mistake_mask=___E"":2}"
   2243584,         0,         0,   116.3,decoder_by_matrix,73784f3389b885bc1b704dac0b44b83e08b79da81bcec9ed749229213445f550,"{""distance"":3,""physical_error_rate"":1e-05}","{""detection_events"":2685,""detectors_checked"":121153536}"
   2806784,         0,         0,   114.0,decoder_by_matrix,b3c6da8537ae85d54cd5acd57fc4d5a00e23be04de7c70760ac5fa4b0f5f70dc,"{""distance"":3,""physical_error_rate"":1e-06}","{""detection_events"":339,""detectors_checked"":151566336}"
   2821120,         0,         0,   113.0,decoder_by_matrix,b3c6da8537ae85d54cd5acd57fc4d5a00e23be04de7c70760ac5fa4b0f5f70dc,"{""distance"":3,""physical_error_rate"":1e-06}","{""detection_events"":354,""detectors_checked"":152340480}"
   1435648,         0,         0,   116.0,decoder_by_matrix,cd5aa4935a142b600239883e928f6c7fc9fbc8c84161e9ed59cf2551b7ebfc3d,"{""distance"":3,""physical_error_rate"":5e-05}","{""detection_events"":9051,""detectors_checked"":77524992}"
   1046528,        89,         0,   118.4,decoder_by_matrix,e45af4f98fc7ee1c9936a6749fec74122c57b4ab96343d0e01c96593a4531898,"{""distance"":3,""physical_error_rate"":0.001}","{""detection_events"":125112,""detectors_checked"":56512512,""obs_mistake_mask=E___"":8,""obs_mistake_mask=_EEE"":11,""obs_mistake_mask=_EE_"":12,""obs_mistake_mask=_E_E"":7,""obs_mistake_mask=_E__"":15,""obs_mistake_mask=__EE"":6,""obs_mistake_mask=__E_"":18,""obs_mistake_mask=___E"":12}"
   2519040,         0,         0,   115.9,decoder_by_matrix,1222905ef2c3e0b3841e2be415851bad02a0949e12b9844f6b979980572eaa40,"{""distance"":3,""physical_error_rate"":5e-06}","{""detection_events"":1530,""detectors_checked"":136028160}"
   2274304,         0,         0,   117.2,decoder_by_matrix,73784f3389b885bc1b704dac0b44b83e08b79da81bcec9ed749229213445f550,"{""distance"":3,""physical_error_rate"":1e-05}","{""detection_events"":2493,""detectors_checked"":122812416}"
   1082368,        19,         0,   118.9,decoder_by_matrix,5dee359087c4b9ae2c20477a4d5136d2695095b0438111838e7093c679bd3c20,"{""distance"":3,""physical_error_rate"":0.0005}","{""detection_events"":65034,""detectors_checked"":58447872,""obs_mistake_mask=E___"":1,""obs_mistake_mask=_EEE"":2,""obs_mistake_mask=_EE_"":1,""obs_mistake_mask=_E_E"":1,""obs_mistake_mask=_E__"":4,""obs_mistake_mask=__EE"":3,""obs_mistake_mask=__E_"":4,""obs_mistake_mask=___E"":3}"
   1218560,         1,         0,   117.2,decoder_by_matrix,c8397cb2c46e4683a6f3970bc42cef1aabfef4d80cfcd6b8313e87630b680ee2,"{""distance"":3,""physical_error_rate"":0.0001}","{""detection_events"":14517,""detectors_checked"":65802240,""obs_mistake_mask=_EE_"":1}"
   1047552,        85,         0,   116.2,decoder_by_matrix,e45af4f98fc7ee1c9936a6749fec74122c57b4ab96343d0e01c96593a4531898,"{""distance"":3,""physical_error_rate"":0.001}","{""detection_events"":124926,""detectors_checked"":56567808,""obs_mistake_mask=E___"":11,""obs_mistake_mask=_EEE"":6,""obs_mistake_mask=_EE_"":9,""obs_mistake_mask=_E_E"":7,""obs_mistake_mask=_E__"":14,""obs_mistake_mask=__EE"":8,""obs_mistake_mask=__E_"":16,""obs_mistake_mask=___E"":14}"
   1422336,         2,         0,   117.9,decoder_by_matrix,cd5aa4935a142b600239883e928f6c7fc9fbc8c84161e9ed59cf2551b7ebfc3d,"{""distance"":3,""physical_error_rate"":5e-05}","{""detection_events"":8577,""detectors_checked"":76806144,""obs_mistake_mask=_E_E"":1,""obs_mistake_mask=___E"":1}"
   1201152,         1,         0,   118.1,decoder_by_matrix,c8397cb2c46e4683a6f3970bc42cef1aabfef4d80cfcd6b8313e87630b680ee2,"{""distance"":3,""physical_error_rate"":0.0001}","{""detection_events"":14523,""detectors_checked"":64862208,""obs_mistake_mask=_E__"":1}"
   1185792,         1,         0,   117.4,decoder_by_matrix,c8397cb2c46e4683a6f3970bc42cef1aabfef4d80cfcd6b8313e87630b680ee2,"{""distance"":3,""physical_error_rate"":0.0001}","{""detection_events"":14565,""detectors_checked"":64032768,""obs_mistake_mask=_EEE"":1}"
   2511872,         0,         0,   114.3,decoder_by_matrix,1222905ef2c3e0b3841e2be415851bad02a0949e12b9844f6b979980572eaa40,"{""distance"":3,""physical_error_rate"":5e-06}","{""detection_events"":1560,""detectors_checked"":135641088}"
   2516992,         0,         0,   114.3,decoder_by_matrix,1222905ef2c3e0b3841e2be415851bad02a0949e12b9844f6b979980572eaa40,"{""distance"":3,""physical_error_rate"":5e-06}","{""detection_events"":1527,""detectors_checked"":135917568}"
   1198080,         0,         0,   117.6,decoder_by_matrix,c8397cb2c46e4683a6f3970bc42cef1aabfef4d80cfcd6b8313e87630b680ee2,"{""distance"":3,""physical_error_rate"":0.0001}","{""detection_events"":14328,""detectors_checked"":64696320}"
   1451008,         1,         0,   117.3,decoder_by_matrix,cd5aa4935a142b600239883e928f6c7fc9fbc8c84161e9ed59cf2551b7ebfc3d,"{""distance"":3,""physical_error_rate"":5e-05}","{""detection_events"":8508,""detectors_checked"":78354432,""obs_mistake_mask=__EE"":1}"
   2535424,         0,         0,   114.6,decoder_by_matrix,1222905ef2c3e0b3841e2be415851bad02a0949e12b9844f6b979980572eaa40,"{""distance"":3,""physical_error_rate"":5e-06}","{""detection_events"":1455,""detectors_checked"":136912896}"
   2811904,         0,         0,   115.2,decoder_by_matrix,b3c6da8537ae85d54cd5acd57fc4d5a00e23be04de7c70760ac5fa4b0f5f70dc,"{""distance"":3,""physical_error_rate"":1e-06}","{""detection_events"":423,""detectors_checked"":151842816}"
   2223104,         0,         0,   114.5,decoder_by_matrix,73784f3389b885bc1b704dac0b44b83e08b79da81bcec9ed749229213445f550,"{""distance"":3,""physical_error_rate"":1e-05}","{""detection_events"":2835,""detectors_checked"":120047616}"
   1078272,        23,         0,   116.2,decoder_by_matrix,5dee359087c4b9ae2c20477a4d5136d2695095b0438111838e7093c679bd3c20,"{""distance"":3,""physical_error_rate"":0.0005}","{""detection_events"":64959,""detectors_checked"":58226688,""obs_mistake_mask=E___"":2,""obs_mistake_mask=_EE_"":2,""obs_mistake_mask=_E_E"":1,""obs_mistake_mask=_E__"":5,""obs_mistake_mask=__EE"":2,""obs_mistake_mask=__E_"":6,""obs_mistake_mask=___E"":5}"
   1039360,        79,         0,   117.7,decoder_by_matrix,e45af4f98fc7ee1c9936a6749fec74122c57b4ab96343d0e01c96593a4531898,"{""distance"":3,""physical_error_rate"":0.001}","{""detection_events"":123657,""detectors_checked"":56125440,""obs_mistake_mask=E___"":2,""obs_mistake_mask=_EEE"":7,""obs_mistake_mask=_EE_"":6,""obs_mistake_mask=_E_E"":14,""obs_mistake_mask=_E__"":12,""obs_mistake_mask=__EE"":7,""obs_mistake_mask=__E_"":18,""obs_mistake_mask=___E"":13}"
   2807808,         0,         0,   114.2,decoder_by_matrix,b3c6da8537ae85d54cd5acd57fc4d5a00e23be04de7c70760ac5fa4b0f5f70dc,"{""distance"":3,""physical_error_rate"":1e-06}","{""detection_events"":354,""detectors_checked"":151621632}"
   1439744,         0,         0,   118.1,decoder_by_matrix,cd5aa4935a142b600239883e928f6c7fc9fbc8c84161e9ed59cf2551b7ebfc3d,"{""distance"":3,""physical_error_rate"":5e-05}","{""detection_events"":8232,""detectors_checked"":77746176}"
   2252800,         0,         0,   115.8,decoder_by_matrix,73784f3389b885bc1b704dac0b44b83e08b79da81bcec9ed749229213445f550,"{""distance"":3,""physical_error_rate"":1e-05}","{""detection_events"":2523,""detectors_checked"":121651200}"
   1207296,         1,         0,   117.8,decoder_by_matrix,c8397cb2c46e4683a6f3970bc42cef1aabfef4d80cfcd6b8313e87630b680ee2,"{""distance"":3,""physical_error_rate"":0.0001}","{""detection_events"":14613,""detectors_checked"":65193984,""obs_mistake_mask=_E__"":1}"
   1069056,        16,         0,   117.5,decoder_by_matrix,5dee359087c4b9ae2c20477a4d5136d2695095b0438111838e7093c679bd3c20,"{""distance"":3,""physical_error_rate"":0.0005}","{""detection_events"":64734,""detectors_checked"":57729024,""obs_mistake_mask=E___"":1,""obs_mistake_mask=_E_E"":2,""obs_mistake_mask=_E__"":5,""obs_mistake_mask=__EE"":2,""obs_mistake_mask=__E_"":4,""obs_mistake_mask=___E"":2}"
   2277376,         0,         0,   116.1,decoder_by_matrix,73784f3389b885bc1b704dac0b44b83e08b79da81bcec9ed749229213445f550,"{""distance"":3,""physical_error_rate"":1e-05}","{""detection_events"":2610,""detectors_checked"":122978304}"
   1053696,        84,         0,   118.6,decoder_by_matrix,e45af4f98fc7ee1c9936a6749fec74122c57b4ab96343d0e01c96593a4531898,"{""distance"":3,""physical_error_rate"":0.001}","{""detection_events"":125712,""detectors_checked"":56899584,""obs_mistake_mask=EEE_"":1,""obs_mistake_mask=E___"":8,""obs_mistake_mask=_EEE"":12,""obs_mistake_mask=_EE_"":9,""obs_mistake_mask=_E_E"":13,""obs_mistake_mask=_E__"":14,""obs_mistake_mask=__EE"":6,""obs_mistake_mask=__E_"":8,""obs_mistake_mask=___E"":13}"
   1447936,         0,         0,   115.4,decoder_by_matrix,cd5aa4935a142b600239883e928f6c7fc9fbc8c84161e9ed59cf2551b7ebfc3d,"{""distance"":3,""physical_error_rate"":5e-05}","{""detection_events"":8694,""detectors_checked"":78188544}"
   2515968,         0,         0,   115.6,decoder_by_matrix,1222905ef2c3e0b3841e2be415851bad02a0949e12b9844f6b979980572eaa40,"{""distance"":3,""physical_error_rate"":5e-06}","{""detection_events"":1668,""detectors_checked"":135862272}"
   2863104,         0,         0,   113.8,decoder_by_matrix,b3c6da8537ae85d54cd5acd57fc4d5a00e23be04de7c70760ac5fa4b0f5f70dc,"{""distance"":3,""physical_error_rate"":1e-06}","{""detection_events"":297,""detectors_checked"":154607616}"
   2187264,         0,         0,   116.4,decoder_by_matrix,73784f3389b885bc1b704dac0b44b83e08b79da81bcec9ed749229213445f550,"{""distance"":3,""physical_error_rate"":1e-05}","{""detection_events"":2922,""detectors_checked"":118112256}"
   1086464,        21,         0,   116.2,decoder_by_matrix,5dee359087c4b9ae2c20477a4d5136d2695095b0438111838e7093c679bd3c20,"{""distance"":3,""physical_error_rate"":0.0005}","{""detection_events"":65562,""detectors_checked"":58669056,""obs_mistake_mask=_EEE"":1,""obs_mistake_mask=_EE_"":4,""obs_mistake_mask=_E_E"":4,""obs_mistake_mask=_E__"":2,""obs_mistake_mask=__EE"":1,""obs_mistake_mask=__E_"":5,""obs_mistake_mask=___E"":4}"
   1207296,         0,         0,   116.6,decoder_by_matrix,c8397cb2c46e4683a6f3970bc42cef1aabfef4d80cfcd6b8313e87630b680ee2,"{""distance"":3,""physical_error_rate"":0.0001}","{""detection_events"":14070,""detectors_checked"":65193984}"
   2908160,         0,         0,   115.2,decoder_by_matrix,b3c6da8537ae85d54cd5acd57fc4d5a00e23be04de7c70760ac5fa4b0f5f70dc,"{""distance"":3,""physical_error_rate"":1e-06}","{""detection_events"":276,""detectors_checked"":157040640}"
   2599936,         0,         0,   113.9,decoder_by_matrix,1222905ef2c3e0b3841e2be415851bad02a0949e12b9844f6b979980572eaa40,"{""distance"":3,""physical_error_rate"":5e-06}","{""detection_events"":1485,""detectors_checked"":140396544}"
   1248256,         0,         0,   117.9,decoder_by_matrix,c8397cb2c46e4683a6f3970bc42cef1aabfef4d80cfcd6b8313e87630b680ee2,"{""distance"":3,""physical_error_rate"":0.0001}","{""detection_events"":14610,""detectors_checked"":67405824}"
   1067008,        79,         0,   117.7,decoder_by_matrix,e45af4f98fc7ee1c9936a6749fec74122c57b4ab96343d0e01c96593a4531898,"{""distance"":3,""physical_error_rate"":0.001}","{""detection_events"":127791,""detectors_checked"":57618432,""obs_mistake_mask=E___"":8,""obs_mistake_mask=_EEE"":10,""obs_mistake_mask=_EE_"":7,""obs_mistake_mask=_E_E"":13,""obs_mistake_mask=_E__"":10,""obs_mistake_mask=__EE"":8,""obs_mistake_mask=__E_"":15,""obs_mistake_mask=___E"":8}"
   1068032,        86,         0,   117.3,decoder_by_matrix,e45af4f98fc7ee1c9936a6749fec74122c57b4ab96343d0e01c96593a4531898,"{""distance"":3,""physical_error_rate"":0.001}","{""detection_events"":127347,""detectors_checked"":57673728,""obs_mistake_mask=E_EE"":1,""obs_mistake_mask=E___"":5,""obs_mistake_mask=_EEE"":10,""obs_mistake_mask=_EE_"":11,""obs_mistake_mask=_E_E"":6,""obs_mistake_mask=_E__"":14,""obs_mistake_mask=__EE"":14,""obs_mistake_mask=__E_"":12,""obs_mistake_mask=___E"":13}"
   1461248,         2,         0,   118.5,decoder_by_matrix,cd5aa4935a142b600239883e928f6c7fc9fbc8c84161e9ed59cf2551b7ebfc3d,"{""distance"":3,""physical_error_rate"":5e-05}","{""detection_events"":8937,""detectors_checked"":78907392,""obs_mistake_mask=_EEE"":1,""obs_mistake_mask=___E"":1}"
   1093632,        30,         0,   117.3,decoder_by_matrix,5dee359087c4b9ae2c20477a4d5136d2695095b0438111838e7093c679bd3c20,"{""distance"":3,""physical_error_rate"":0.0005}","{""detection_events"":65784,""detectors_checked"":59056128,""obs_mistake_mask=E___"":3,""obs_mistake_mask=_EEE"":7,""obs_mistake_mask=_EE_"":2,""obs_mistake_mask=_E_E"":5,""obs_mistake_mask=_E__"":3,""obs_mistake_mask=__EE"":2,""obs_mistake_mask=__E_"":2,""obs_mistake_mask=___E"":6}"
   2299904,         0,         0,   114.2,decoder_by_matrix,73784f3389b885bc1b704dac0b44b83e08b79da81bcec9ed749229213445f550,"{""distance"":3,""physical_error_rate"":1e-05}","{""detection_events"":2676,""detectors_checked"":124194816}"
   2601984,         0,         0,   115.2,decoder_by_matrix,1222905ef2c3e0b3841e2be415851bad02a0949e12b9844f6b979980572eaa40,"{""distance"":3,""physical_error_rate"":5e-06}","{""detection_events"":1431,""detectors_checked"":140507136}"
   1244160,         0,         0,   118.0,decoder_by_matrix,c8397cb2c46e4683a6f3970bc42cef1aabfef4d80cfcd6b8313e87630b680ee2,"{""distance"":3,""physical_error_rate"":0.0001}","{""detection_events"":14826,""detectors_checked"":67184640}"
   1108992,        15,         0,   118.4,decoder_by_matrix,5dee359087c4b9ae2c20477a4d5136d2695095b0438111838e7093c679bd3c20,"{""distance"":3,""physical_error_rate"":0.0005}","{""detection_events"":65109,""detectors_checked"":59885568,""obs_mistake_mask=E___"":3,""obs_mistake_mask=_EE_"":2,""obs_mistake_mask=_E__"":1,""obs_mistake_mask=__EE"":2,""obs_mistake_mask=__E_"":2,""obs_mistake_mask=___E"":5}"
   2562048,         0,         0,   115.0,decoder_by_matrix,1222905ef2c3e0b3841e2be415851bad02a0949e12b9844f6b979980572eaa40,"{""distance"":3,""physical_error_rate"":5e-06}","{""detection_events"":1566,""detectors_checked"":138350592}"
   1065984,        91,         0,   116.9,decoder_by_matrix,e45af4f98fc7ee1c9936a6749fec74122c57b4ab96343d0e01c96593a4531898,"{""distance"":3,""physical_error_rate"":0.001}","{""detection_events"":127764,""detectors_checked"":57563136,""obs_mistake_mask=E___"":8,""obs_mistake_mask=_EEE"":10,""obs_mistake_mask=_EE_"":10,""obs_mistake_mask=_E_E"":12,""obs_mistake_mask=_E__"":14,""obs_mistake_mask=__EE"":8,""obs_mistake_mask=__E_"":16,""obs_mistake_mask=___E"":13}"
   2891776,         0,         0,   113.5,decoder_by_matrix,b3c6da8537ae85d54cd5acd57fc4d5a00e23be04de7c70760ac5fa4b0f5f70dc,"{""distance"":3,""physical_error_rate"":1e-06}","{""detection_events"":309,""detectors_checked"":156155904}"
   1471488,         0,         0,   115.2,decoder_by_matrix,cd5aa4935a142b600239883e928f6c7fc9fbc8c84161e9ed59cf2551b7ebfc3d,"{""distance"":3,""physical_error_rate"":5e-05}","{""detection_events"":8646,""detectors_checked"":79460352}"
   2279424,         0,         0,   115.9,decoder_by_matrix,73784f3389b885bc1b704dac0b44b83e08b79da81bcec9ed749229213445f550,"{""distance"":3,""physical_error_rate"":1e-05}","{""detection_events"":2889,""detectors_checked"":123088896}"
   1070080,        72,         0,   117.0,decoder_by_matrix,e45af4f98fc7ee1c9936a6749fec74122c57b4ab96343d0e01c96593a4531898,"{""distance"":3,""physical_error_rate"":0.001}","{""detection_events"":128433,""detectors_checked"":57784320,""obs_mistake_mask=E___"":7,""obs_mistake_mask=_EEE"":10,""obs_mistake_mask=_EE_"":7,""obs_mistake_mask=_E_E"":8,""obs_mistake_mask=_E__"":6,""obs_mistake_mask=__EE"":10,""obs_mistake_mask=__E_"":12,""obs_mistake_mask=___E"":12}"
   1469440,         0,         0,   116.8,decoder_by_matrix,cd5aa4935a142b600239883e928f6c7fc9fbc8c84161e9ed59cf2551b7ebfc3d,"{""distance"":3,""physical_error_rate"":5e-05}","{""detection_events"":8568,""detectors_checked"":79349760}"
   1067008,        85,         0,   117.2,decoder_by_matrix,e45af4f98fc7ee1c9936a6749fec74122c57b4ab96343d0e01c96593a4531898,"{""distance"":3,""physical_error_rate"":0.001}","{""detection_events"":127812,""detectors_checked"":57618432,""obs_mistake_mask=E___"":4,""obs_mistake_mask=_EEE"":10,""obs_mistake_mask=_EE_"":8,""obs_mistake_mask=_E_E"":9,""obs_mistake_mask=_E__"":21,""obs_mistake_mask=__EE"":11,""obs_mistake_mask=__E_"":14,""obs_mistake_mask=___E"":8}"
   2600960,         0,         0,   116.3,decoder_by_matrix,1222905ef2c3e0b3841e2be415851bad02a0949e12b9844f6b979980572eaa40,"{""distance"":3,""physical_error_rate"":5e-06}","{""detection_events"":1470,""detectors_checked"":140451840}"
   1063936,        72,         0,   116.6,decoder_by_matrix,e45af4f98fc7ee1c9936a6749fec74122c57b4ab96343d0e01c96593a4531898,"{""distance"":3,""physical_error_rate"":0.001}","{""detection_events"":125880,""detectors_checked"":57452544,""obs_mistake_mask=E___"":8,""obs_mistake_mask=_EEE"":8,""obs_mistake_mask=_EE_"":9,""obs_mistake_mask=_E_E"":11,""obs_mistake_mask=_E__"":12,""obs_mistake_mask=__EE"":5,""obs_mistake_mask=__E_"":9,""obs_mistake_mask=___E"":10}"
   1099776,        16,         0,   117.3,decoder_by_matrix,5dee359087c4b9ae2c20477a4d5136d2695095b0438111838e7093c679bd3c20,"{""distance"":3,""physical_error_rate"":0.0005}","{""detection_events"":66717,""detectors_checked"":59387904,""obs_mistake_mask=E___"":1,""obs_mistake_mask=_EEE"":2,""obs_mistake_mask=_EE_"":1,""obs_mistake_mask=_E_E"":3,""obs_mistake_mask=_E__"":3,""obs_mistake_mask=__EE"":1,""obs_mistake_mask=__E_"":3,""obs_mistake_mask=___E"":2}"
   2906112,         0,         0,   113.6,decoder_by_matrix,b3c6da8537ae85d54cd5acd57fc4d5a00e23be04de7c70760ac5fa4b0f5f70dc,"{""distance"":3,""physical_error_rate"":1e-06}","{""detection_events"":279,""detectors_checked"":156930048}"
   2348032,         0,         0,   115.4,decoder_by_matrix,73784f3389b885bc1b704dac0b44b83e08b79da81bcec9ed749229213445f550,"{""distance"":3,""physical_error_rate"":1e-05}","{""detection_events"":2511,""detectors_checked"":126793728}"
   1223680,         0,         0,   118.3,decoder_by_matrix,c8397cb2c46e4683a6f3970bc42cef1aabfef4d80cfcd6b8313e87630b680ee2,"{""distance"":3,""physical_error_rate"":0.0001}","{""detection_events"":14715,""detectors_checked"":66078720}"
   2909184,         0,         0,   115.4,decoder_by_matrix,b3c6da8537ae85d54cd5acd57fc4d5a00e23be04de7c70760ac5fa4b0f5f70dc,"{""distance"":3,""physical_error_rate"":1e-06}","{""detection_events"":351,""detectors_checked"":157095936}"
   1492992,         0,         0,   116.8,decoder_by_matrix,cd5aa4935a142b600239883e928f6c7fc9fbc8c84161e9ed59cf2551b7ebfc3d,"{""distance"":3,""physical_error_rate"":5e-05}","{""detection_events"":8529,""detectors_checked"":80621568}"
   1101824,        22,         0,   117.3,decoder_by_matrix,5dee359087c4b9ae2c20477a4d5136d2695095b0438111838e7093c679bd3c20,"{""distance"":3,""physical_error_rate"":0.0005}","{""detection_events"":66468,""detectors_checked"":59498496,""obs_mistake_mask=EE_E"":1,""obs_mistake_mask=E___"":1,""obs_mistake_mask=_EEE"":2,""obs_mistake_mask=_EE_"":3,""obs_mistake_mask=_E_E"":2,""obs_mistake_mask=_E__"":3,""obs_mistake_mask=__E_"":6,""obs_mistake_mask=___E"":4}"
   2271232,         0,         0,   115.3,decoder_by_matrix,73784f3389b885bc1b704dac0b44b83e08b79da81bcec9ed749229213445f550,"{""distance"":3,""physical_error_rate"":1e-05}","{""detection_events"":2889,""detectors_checked"":122646528}"
   1101824,        16,         0,   117.3,decoder_by_matrix,5dee359087c4b9ae2c20477a4d5136d2695095b0438111838e7093c679bd3c20,"{""distance"":3,""physical_error_rate"":0.0005}","{""detection_events"":65610,""detectors_checked"":59498496,""obs_mistake_mask=E___"":1,""obs_mistake_mask=_EEE"":3,""obs_mistake_mask=_EE_"":4,""obs_mistake_mask=_E__"":1,""obs_mistake_mask=__EE"":2,""obs_mistake_mask=__E_"":4,""obs_mistake_mask=___E"":1}"
   2874368,         0,         0,   116.0,decoder_by_matrix,b3c6da8537ae85d54cd5acd57fc4d5a00e23be04de7c70760ac5fa4b0f5f70dc,"{""distance"":3,""physical_error_rate"":1e-06}","{""detection_events"":378,""detectors_checked"":155215872}"
   2896896,         0,         0,   114.2,decoder_by_matrix,b3c6da8537ae85d54cd5acd57fc4d5a00e23be04de7c70760ac5fa4b0f5f70dc,"{""distance"":3,""physical_error_rate"":1e-06}","{""detection_events"":381,""detectors_checked"":156432384}"
   1480704,         0,         0,   115.4,decoder_by_matrix,cd5aa4935a142b600239883e928f6c7fc9fbc8c84161e9ed59cf2551b7ebfc3d,"{""distance"":3,""physical_error_rate"":5e-05}","{""detection_events"":8499,""detectors_checked"":79958016}"
   2552832,         0,         0,   113.4,decoder_by_matrix,1222905ef2c3e0b3841e2be415851bad02a0949e12b9844f6b979980572eaa40,"{""distance"":3,""physical_error_rate"":5e-06}","{""detection_events"":1638,""detectors_checked"":137852928}"
   2317312,         0,         0,   114.1,decoder_by_matrix,73784f3389b885bc1b704dac0b44b83e08b79da81bcec9ed749229213445f550,"{""distance"":3,""physical_error_rate"":1e-05}","{""detection_events"":2742,""detectors_checked"":125134848}"
   1073152,        70,         0,   117.8,decoder_by_matrix,e45af4f98fc7ee1c9936a6749fec74122c57b4ab96343d0e01c96593a4531898,"{""distance"":3,""physical_error_rate"":0.001}","{""detection_events"":127623,""detectors_checked"":57950208,""obs_mistake_mask=EE_E"":1,""obs_mistake_mask=E___"":7,""obs_mistake_mask=_EEE"":5,""obs_mistake_mask=_EE_"":6,""obs_mistake_mask=_E_E"":8,""obs_mistake_mask=_E__"":8,""obs_mistake_mask=__EE"":7,""obs_mistake_mask=__E_"":13,""obs_mistake_mask=___E"":15}"
   1236992,         0,         0,   118.3,decoder_by_matrix,c8397cb2c46e4683a6f3970bc42cef1aabfef4d80cfcd6b8313e87630b680ee2,"{""distance"":3,""physical_error_rate"":0.0001}","{""detection_events"":14505,""detectors_checked"":66797568}"
   1105920,        25,         0,   117.7,decoder_by_matrix,5dee359087c4b9ae2c20477a4d5136d2695095b0438111838e7093c679bd3c20,"{""distance"":3,""physical_error_rate"":0.0005}","{""detection_events"":66189,""detectors_checked"":59719680,""obs_mistake_mask=E___"":2,""obs_mistake_mask=_EEE"":5,""obs_mistake_mask=_EE_"":2,""obs_mistake_mask=_E_E"":3,""obs_mistake_mask=_E__"":2,""obs_mistake_mask=__EE"":3,""obs_mistake_mask=__E_"":5,""obs_mistake_mask=___E"":3}"
   1072128,        83,         0,   118.0,decoder_by_matrix,e45af4f98fc7ee1c9936a6749fec74122c57b4ab96343d0e01c96593a4531898,"{""distance"":3,""physical_error_rate"":0.001}","{""detection_events"":128025,""detectors_checked"":57894912,""obs_mistake_mask=E___"":11,""obs_mistake_mask=_EEE"":3,""obs_mistake_mask=_EE_"":6,""obs_mistake_mask=_E_E"":5,""obs_mistake_mask=_E__"":17,""obs_mistake_mask=__EE"":7,""obs_mistake_mask=__E_"":20,""obs_mistake_mask=___E"":14}"
   1438720,         0,         0,   117.3,decoder_by_matrix,cd5aa4935a142b600239883e928f6c7fc9fbc8c84161e9ed59cf2551b7ebfc3d,"{""distance"":3,""physical_error_rate"":5e-05}","{""detection_events"":8706,""detectors_checked"":77690880}"
   1225728,         0,         0,   117.3,decoder_by_matrix,c8397cb2c46e4683a6f3970bc42cef1aabfef4d80cfcd6b8313e87630b680ee2,"{""distance"":3,""physical_error_rate"":0.0001}","{""detection_events"":15033,""detectors_checked"":66189312}"
   1236992,         1,         0,   117.2,decoder_by_matrix,c8397cb2c46e4683a6f3970bc42cef1aabfef4d80cfcd6b8313e87630b680ee2,"{""distance"":3,""physical_error_rate"":0.0001}","{""detection_events"":14772,""detectors_checked"":66797568,""obs_mistake_mask=__E_"":1}"
   2576384,         0,         0,   115.0,decoder_by_matrix,1222905ef2c3e0b3841e2be415851bad02a0949e12b9844f6b979980572eaa40,"{""distance"":3,""physical_error_rate"":5e-06}","{""detection_events"":1542,""detectors_checked"":139124736}"
   2581504,         0,         0,   115.9,decoder_by_matrix,1222905ef2c3e0b3841e2be415851bad02a0949e12b9844f6b979980572eaa40,"{""distance"":3,""physical_error_rate"":5e-06}","{""detection_events"":1551,""detectors_checked"":139401216}"
   1232896,         1,         0,   116.5,decoder_by_matrix,c8397cb2c46e4683a6f3970bc42cef1aabfef4d80cfcd6b8313e87630b680ee2,"{""distance"":3,""physical_error_rate"":0.0001}","{""detection_events"":14604,""detectors_checked"":66576384,""obs_mistake_mask=_EE_"":1}"
   1456128,         0,         0,   116.5,decoder_by_matrix,cd5aa4935a142b600239883e928f6c7fc9fbc8c84161e9ed59cf2551b7ebfc3d,"{""distance"":3,""physical_error_rate"":5e-05}","{""detection_events"":8685,""detectors_checked"":78630912}"
   2607104,         0,         0,   117.2,decoder_by_matrix,1222905ef2c3e0b3841e2be415851bad02a0949e12b9844f6b979980572eaa40,"{""distance"":3,""physical_error_rate"":5e-06}","{""detection_events"":1536,""detectors_checked"":140783616}"
   2916352,         0,         0,   114.3,decoder_by_matrix,b3c6da8537ae85d54cd5acd57fc4d5a00e23be04de7c70760ac5fa4b0f5f70dc,"{""distance"":3,""physical_error_rate"":1e-06}","{""detection_events"":318,""detectors_checked"":157483008}"
   1102848,        30,         0,   116.8,decoder_by_matrix,5dee359087c4b9ae2c20477a4d5136d2695095b0438111838e7093c679bd3c20,"{""distance"":3,""physical_error_rate"":0.0005}","{""detection_events"":65064,""detectors_checked"":59553792,""obs_mistake_mask=E___"":2,""obs_mistake_mask=_EEE"":4,""obs_mistake_mask=_EE_"":2,""obs_mistake_mask=_E_E"":5,""obs_mistake_mask=_E__"":4,""obs_mistake_mask=__EE"":4,""obs_mistake_mask=__E_"":4,""obs_mistake_mask=___E"":5}"
   2230272,         1,         0,   117.4,decoder_by_matrix,73784f3389b885bc1b704dac0b44b83e08b79da81bcec9ed749229213445f550,"{""distance"":3,""physical_error_rate"":1e-05}","{""detection_events"":3084,""detectors_checked"":120434688,""obs_mistake_mask=_E__"":1}"
   1060864,        89,         0,   117.2,decoder_by_matrix,e45af4f98fc7ee1c9936a6749fec74122c57b4ab96343d0e01c96593a4531898,"{""distance"":3,""physical_error_rate"":0.001}","{""detection_events"":126984,""detectors_checked"":57286656,""obs_mistake_mask=E___"":8,""obs_mistake_mask=_EEE"":4,""obs_mistake_mask=_EE_"":11,""obs_mistake_mask=_E_E"":11,""obs_mistake_mask=_E__"":11,""obs_mistake_mask=__EE"":16,""obs_mistake_mask=__E_"":16,""obs_mistake_mask=___E"":12}"
   2893824,         0,         0,   116.2,decoder_by_matrix,b3c6da8537ae85d54cd5acd57fc4d5a00e23be04de7c70760ac5fa4b0f5f70dc,"{""distance"":3,""physical_error_rate"":1e-06}","{""detection_events"":300,""detectors_checked"":156266496}"
   1487872,         0,         0,   117.5,decoder_by_matrix,cd5aa4935a142b600239883e928f6c7fc9fbc8c84161e9ed59cf2551b7ebfc3d,"{""distance"":3,""physical_error_rate"":5e-05}","{""detection_events"":8259,""detectors_checked"":80345088}"
   2296832,         0,         0,   115.4,decoder_by_matrix,73784f3389b885bc1b704dac0b44b83e08b79da81bcec9ed749229213445f550,"{""distance"":3,""physical_error_rate"":1e-05}","{""detection_events"":2667,""detectors_checked"":124028928}"
   1230848,         0,         0,   118.4,decoder_by_matrix,c8397cb2c46e4683a6f3970bc42cef1aabfef4d80cfcd6b8313e87630b680ee2,"{""distance"":3,""physical_error_rate"":0.0001}","{""detection_events"":14469,""detectors_checked"":66465792}"
   1086464,        21,         0,   117.7,decoder_by_matrix,5dee359087c4b9ae2c20477a4d5136d2695095b0438111838e7093c679bd3c20,"{""distance"":3,""physical_error_rate"":0.0005}","{""detection_events"":65301,""detectors_checked"":58669056,""obs_mistake_mask=E___"":3,""obs_mistake_mask=_EEE"":2,""obs_mistake_mask=_EE_"":2,""obs_mistake_mask=_E__"":6,""obs_mistake_mask=__EE"":3,""obs_mistake_mask=__E_"":4,""obs_mistake_mask=___E"":1}"
   2306048,         0,         0,   117.2,decoder_by_matrix,73784f3389b885bc1b704dac0b44b83e08b79da81bcec9ed749229213445f550,"{""distance"":3,""physical_error_rate"":1e-05}","{""detection_events"":2547,""detectors_checked"":124526592}"
   1061888,        81,         0,   117.3,decoder_by_matrix,e45af4f98fc7ee1c9936a6749fec74122c57b4ab96343d0e01c96593a4531898,"{""distance"":3,""physical_error_rate"":0.001}","{""detection_events"":127701,""detectors_checked"":57341952,""obs_mistake_mask=E___"":9,""obs_mistake_mask=_EEE"":12,""obs_mistake_mask=_EE_"":9,""obs_mistake_mask=_E_E"":5,""obs_mistake_mask=_E__"":15,""obs_mistake_mask=__EE"":10,""obs_mistake_mask=__E_"":13,""obs_mistake_mask=___E"":8}"
   2591744,         0,         0,   113.7,decoder_by_matrix,1222905ef2c3e0b3841e2be415851bad02a0949e12b9844f6b979980572eaa40,"{""distance"":3,""physical_error_rate"":5e-06}","{""detection_events"":1443,""detectors_checked"":139954176}"
   1468416,         1,         0,   116.8,decoder_by_matrix,cd5aa4935a142b600239883e928f6c7fc9fbc8c84161e9ed59cf2551b7ebfc3d,"{""distance"":3,""physical_error_rate"":5e-05}","{""detection_events"":8550,""detectors_checked"":79294464,""obs_mistake_mask=_EE_"":1}"
   2327552,         0,         0,   115.3,decoder_by_matrix,73784f3389b885bc1b704dac0b44b83e08b79da81bcec9ed749229213445f550,"{""distance"":3,""physical_error_rate"":1e-05}","{""detection_events"":2595,""detectors_checked"":125687808}"
   2886656,         0,         0,   115.7,decoder_by_matrix,b3c6da8537ae85d54cd5acd57fc4d5a00e23be04de7c70760ac5fa4b0f5f70dc,"{""distance"":3,""physical_error_rate"":1e-06}","{""detection_events"":303,""detectors_checked"":155879424}"
   1097728,        20,         0,   116.0,decoder_by_matrix,5dee359087c4b9ae2c20477a4d5136d2695095b0438111838e7093c679bd3c20,"{""distance"":3,""physical_error_rate"":0.0005}","{""detection_events"":65598,""detectors_checked"":59277312,""obs_mistake_mask=E___"":1,""obs_mistake_mask=_EEE"":2,""obs_mistake_mask=_EE_"":1,""obs_mistake_mask=_E_E"":5,""obs_mistake_mask=_E__"":1,""obs_mistake_mask=__EE"":4,""obs_mistake_mask=__E_"":4,""obs_mistake_mask=___E"":2}"
   1211392,         1,         0,   117.1,decoder_by_matrix,c8397cb2c46e4683a6f3970bc42cef1aabfef4d80cfcd6b8313e87630b680ee2,"{""distance"":3,""physical_error_rate"":0.0001}","{""detection_events"":14778,""detectors_checked"":65415168,""obs_mistake_mask=__E_"":1}"
   2810880,         0,         0,   113.3,decoder_by_matrix,b3c6da8537ae85d54cd5acd57fc4d5a00e23be04de7c70760ac5fa4b0f5f70dc,"{""distance"":3,""physical_error_rate"":1e-06}","{""detection_events"":375,""detectors_checked"":151787520}"
   2526208,         0,         0,   113.0,decoder_by_matrix,1222905ef2c3e0b3841e2be415851bad02a0949e12b9844f6b979980572eaa40,"{""distance"":3,""physical_error_rate"":5e-06}","{""detection_events"":1410,""detectors_checked"":136415232}"
   1177600,         0,         0,   116.3,decoder_by_matrix,c8397cb2c46e4683a6f3970bc42cef1aabfef4d80cfcd6b8313e87630b680ee2,"{""distance"":3,""physical_error_rate"":0.0001}","{""detection_events"":14475,""detectors_checked"":63590400}"
   1037312,        69,         0,   118.1,decoder_by_matrix,e45af4f98fc7ee1c9936a6749fec74122c57b4ab96343d0e01c96593a4531898,"{""distance"":3,""physical_error_rate"":0.001}","{""detection_events"":122853,""detectors_checked"":56014848,""obs_mistake_mask=E___"":2,""obs_mistake_mask=_EEE"":9,""obs_mistake_mask=_EE_"":7,""obs_mistake_mask=_E_E"":6,""obs_mistake_mask=_E__"":16,""obs_mistake_mask=__EE"":8,""obs_mistake_mask=__E_"":14,""obs_mistake_mask=___E"":7}"
   1038336,        94,         0,   117.5,decoder_by_matrix,e45af4f98fc7ee1c9936a6749fec74122c57b4ab96343d0e01c96593a4531898,"{""distance"":3,""physical_error_rate"":0.001}","{""detection_events"":124050,""detectors_checked"":56070144,""obs_mistake_mask=E__E"":1,""obs_mistake_mask=E___"":5,""obs_mistake_mask=_EEE"":9,""obs_mistake_mask=_EE_"":15,""obs_mistake_mask=_E_E"":11,""obs_mistake_mask=_E__"":12,""obs_mistake_mask=__EE"":12,""obs_mistake_mask=__E_"":18,""obs_mistake_mask=___E"":11}"
   1431552,         1,         0,   116.9,decoder_by_matrix,cd5aa4935a142b600239883e928f6c7fc9fbc8c84161e9ed59cf2551b7ebfc3d,"{""distance"":3,""physical_error_rate"":5e-05}","{""detection_events"":8358,""detectors_checked"":77303808,""obs_mistake_mask=__EE"":1}"
   1063936,        23,         0,   117.7,decoder_by_matrix,5dee359087c4b9ae2c20477a4d5136d2695095b0438111838e7093c679bd3c20,"{""distance"":3,""physical_error_rate"":0.0005}","{""detection_events"":64560,""detectors_checked"":57452544,""obs_mistake_mask=E___"":3,""obs_mistake_mask=_EEE"":3,""obs_mistake_mask=_EE_"":6,""obs_mistake_mask=_E__"":2,""obs_mistake_mask=__EE"":2,""obs_mistake_mask=__E_"":4,""obs_mistake_mask=___E"":3}"
   2222080,         0,         0,   115.2,decoder_by_matrix,73784f3389b885bc1b704dac0b44b83e08b79da81bcec9ed749229213445f550,"{""distance"":3,""physical_error_rate"":1e-05}","{""detection_events"":2784,""detectors_checked"":119992320}"
   2499584,         0,         0,   115.0,decoder_by_matrix,1222905ef2c3e0b3841e2be415851bad02a0949e12b9844f6b979980572eaa40,"{""distance"":3,""physical_error_rate"":5e-06}","{""detection_events"":1635,""detectors_checked"":134977536}"
   1195008,         1,         0,   116.8,decoder_by_matrix,c8397cb2c46e4683a6f3970bc42cef1aabfef4d80cfcd6b8313e87630b680ee2,"{""distance"":3,""physical_error_rate"":0.0001}","{""detection_events"":14931,""detectors_checked"":64530432,""obs_mistake_mask=___E"":1}"
   2507776,         0,         0,   114.0,decoder_by_matrix,1222905ef2c3e0b3841e2be415851bad02a0949e12b9844f6b979980572eaa40,"{""distance"":3,""physical_error_rate"":5e-06}","{""detection_events"":1434,""detectors_checked"":135419904}"
   1077248,        19,         0,   117.2,decoder_by_matrix,5dee359087c4b9ae2c20477a4d5136d2695095b0438111838e7093c679bd3c20,"{""distance"":3,""physical_error_rate"":0.0005}","{""detection_events"":64530,""detectors_checked"":58171392,""obs_mistake_mask=E___"":2,""obs_mistake_mask=_EEE"":3,""obs_mistake_mask=_EE_"":1,""obs_mistake_mask=_E_E"":1,""obs_mistake_mask=_E__"":6,""obs_mistake_mask=__E_"":3,""obs_mistake_mask=___E"":3}"
   1036288,        84,         0,   117.9,decoder_by_matrix,e45af4f98fc7ee1c9936a6749fec74122c57b4ab96343d0e01c96593a4531898,"{""distance"":3,""physical_error_rate"":0.001}","{""detection_events"":122499,""detectors_checked"":55959552,""obs_mistake_mask=E___"":7,""obs_mistake_mask=_EEE"":8,""obs_mistake_mask=_EE_"":7,""obs_mistake_mask=_E_E"":10,""obs_mistake_mask=_E__"":15,""obs_mistake_mask=__EE"":10,""obs_mistake_mask=__E_"":17,""obs_mistake_mask=___E"":10}"
   2811904,         0,         0,   114.4,decoder_by_matrix,b3c6da8537ae85d54cd5acd57fc4d5a00e23be04de7c70760ac5fa4b0f5f70dc,"{""distance"":3,""physical_error_rate"":1e-06}","{""detection_events"":330,""detectors_checked"":151842816}"
   2225152,         0,         0,   114.2,decoder_by_matrix,73784f3389b885bc1b704dac0b44b83e08b79da81bcec9ed749229213445f550,"{""distance"":3,""physical_error_rate"":1e-05}","{""detection_events"":2646,""detectors_checked"":120158208}"
   1453056,         0,         0,   117.4,decoder_by_matrix,cd5aa4935a142b600239883e928f6c7fc9fbc8c84161e9ed59cf2551b7ebfc3d,"{""distance"":3,""physical_error_rate"":5e-05}","{""detection_events"":8220,""detectors_checked"":78465024}"
   1426432,         0,         0,   116.3,decoder_by_matrix,cd5aa4935a142b600239883e928f6c7fc9fbc8c84161e9ed59cf2551b7ebfc3d,"{""distance"":3,""physical_error_rate"":5e-05}","{""detection_events"":7974,""detectors_checked"":77027328}"
   1043456,        87,         0,   117.5,decoder_by_matrix,e45af4f98fc7ee1c9936a6749fec74122c57b4ab96343d0e01c96593a4531898,"{""distance"":3,""physical_error_rate"":0.001}","{""detection_events"":124098,""detectors_checked"":56346624,""obs_mistake_mask=E___"":5,""obs_mistake_mask=_EEE"":8,""obs_mistake_mask=_EE_"":10,""obs_mistake_mask=_E_E"":15,""obs_mistake_mask=_E__"":12,""obs_mistake_mask=__EE"":7,""obs_mistake_mask=__E_"":14,""obs_mistake_mask=___E"":16}"
   2479104,         0,         0,   114.5,decoder_by_matrix,1222905ef2c3e0b3841e2be415851bad02a0949e12b9844f6b979980572eaa40,"{""distance"":3,""physical_error_rate"":5e-06}","{""detection_events"":1566,""detectors_checked"":133871616}"
   1009664,        89,         0,   116.3,decoder_by_matrix,e45af4f98fc7ee1c9936a6749fec74122c57b4ab96343d0e01c96593a4531898,"{""distance"":3,""physical_error_rate"":0.001}","{""detection_events"":119490,""detectors_checked"":54521856,""obs_mistake_mask=E___"":5,""obs_mistake_mask=_EEE"":9,""obs_mistake_mask=_EE_"":15,""obs_mistake_mask=_E_E"":6,""obs_mistake_mask=_E__"":16,""obs_mistake_mask=__EE"":6,""obs_mistake_mask=__E_"":16,""obs_mistake_mask=___E"":16}"
   1036288,        97,         0,   116.1,decoder_by_matrix,e45af4f98fc7ee1c9936a6749fec74122c57b4ab96343d0e01c96593a4531898,"{""distance"":3,""physical_error_rate"":0.001}","{""detection_events"":123630,""detectors_checked"":55959552,""obs_mistake_mask=EE_E"":1,""obs_mistake_mask=E___"":8,""obs_mistake_mask=_EEE"":9,""obs_mistake_mask=_EE_"":8,""obs_mistake_mask=_E_E"":10,""obs_mistake_mask=_E__"":19,""obs_mistake_mask=__EE"":13,""obs_mistake_mask=__E_"":16,""obs_mistake_mask=___E"":13}"
   1039360,        70,         0,   116.5,decoder_by_matrix,e45af4f98fc7ee1c9936a6749fec74122c57b4ab96343d0e01c96593a4531898,"{""distance"":3,""physical_error_rate"":0.001}","{""detection_events"":124194,""detectors_checked"":56125440,""obs_mistake_mask=E___"":6,""obs_mistake_mask=_EEE"":6,""obs_mistake_mask=_EE_"":7,""obs_mistake_mask=_E_E"":4,""obs_mistake_mask=_E__"":8,""obs_mistake_mask=__EE"":7,""obs_mistake_mask=__E_"":16,""obs_mistake_mask=___E"":16}"
   1033216,        84,         0,   117.7,decoder_by_matrix,e45af4f98fc7ee1c9936a6749fec74122c57b4ab96343d0e01c96593a4531898,"{""distance"":3,""physical_error_rate"":0.001}","{""detection_events"":124509,""detectors_checked"":55793664,""obs_mistake_mask=E___"":9,""obs_mistake_mask=_EEE"":13,""obs_mistake_mask=_EE_"":11,""obs_mistake_mask=_E_E"":9,""obs_mistake_mask=_E__"":17,""obs_mistake_mask=__EE"":6,""obs_mistake_mask=__E_"":14,""obs_mistake_mask=___E"":5}"
    750592,        52,         0,    84.5,decoder_by_matrix,e45af4f98fc7ee1c9936a6749fec74122c57b4ab96343d0e01c96593a4531898,"{""distance"":3,""physical_error_rate"":0.001}","{""detection_events"":89910,""detectors_checked"":40531968,""obs_mistake_mask=EE_E"":1,""obs_mistake_mask=E___"":6,""obs_mistake_mask=_EEE"":7,""obs_mistake_mask=_EE_"":7,""obs_mistake_mask=_E_E"":3,""obs_mistake_mask=_E__"":10,""obs_mistake_mask=__EE"":3,""obs_mistake_mask=__E_"":9,""obs_mistake_mask=___E"":6}"
     27648,         1,         0,    2.85,decoder_by_matrix,e45af4f98fc7ee1c9936a6749fec74122c57b4ab96343d0e01c96593a4531898,"{""distance"":3,""physical_error_rate"":0.001}","{""detection_events"":3141,""detectors_checked"":1492992,""obs_mistake_mask=E___"":1}"
     26624,         2,         0,    3.05,decoder_by_matrix,e45af4f98fc7ee1c9936a6749fec74122c57b4ab96343d0e01c96593a4531898,"{""distance"":3,""physical_error_rate"":0.001}","{""detection_events"":3150,""detectors_checked"":1437696,""obs_mistake_mask=_E_E"":1,""obs_mistake_mask=_E__"":1}"
   2822144,         0,         0,   112.9,decoder_by_matrix,b3c6da8537ae85d54cd5acd57fc4d5a00e23be04de7c70760ac5fa4b0f5f70dc,"{""distance"":3,""physical_error_rate"":1e-06}","{""detection_events"":258,""detectors_checked"":152395776}"
      2048,         0,         0,   0.234,decoder_by_matrix,e45af4f98fc7ee1c9936a6749fec74122c57b4ab96343d0e01c96593a4531898,"{""distance"":3,""physical_error_rate"":0.001}","{""detection_events"":261,""detectors_checked"":110592}"
   1032192,        76,         0,   116.3,decoder_by_matrix,e45af4f98fc7ee1c9936a6749fec74122c57b4ab96343d0e01c96593a4531898,"{""distance"":3,""physical_error_rate"":0.001}","{""detection_events"":123753,""detectors_checked"":55738368,""obs_mistake_mask=E_E_"":2,""obs_mistake_mask=E___"":5,""obs_mistake_mask=_EEE"":13,""obs_mistake_mask=_EE_"":6,""obs_mistake_mask=_E_E"":9,""obs_mistake_mask=_E__"":9,""obs_mistake_mask=__EE"":11,""obs_mistake_mask=__E_"":9,""obs_mistake_mask=___E"":12}"
   2214912,         0,         0,   114.7,decoder_by_matrix,73784f3389b885bc1b704dac0b44b83e08b79da81bcec9ed749229213445f550,"{""distance"":3,""physical_error_rate"":1e-05}","{""detection_events"":2700,""detectors_checked"":119605248}"
      6144,         1,         0,   0.733,decoder_by_matrix,e45af4f98fc7ee1c9936a6749fec74122c57b4ab96343d0e01c96593a4531898,"{""distance"":3,""physical_error_rate"":0.001}","{""detection_events"":741,""detectors_checked"":331776,""obs_mistake_mask=__E_"":1}"
   1200128,         0,         0,   116.9,decoder_by_matrix,c8397cb2c46e4683a6f3970bc42cef1aabfef4d80cfcd6b8313e87630b680ee2,"{""distance"":3,""physical_error_rate"":0.0001}","{""detection_events"":14790,""detectors_checked"":64806912}"
   1075200,        12,         0,   117.5,decoder_by_matrix,5dee359087c4b9ae2c20477a4d5136d2695095b0438111838e7093c679bd3c20,"{""distance"":3,""physical_error_rate"":0.0005}","{""detection_events"":63852,""detectors_checked"":58060800,""obs_mistake_mask=_EEE"":1,""obs_mistake_mask=_EE_"":2,""obs_mistake_mask=_E_E"":3,""obs_mistake_mask=_E__"":1,""obs_mistake_mask=__E_"":1,""obs_mistake_mask=___E"":4}"
   2811904,         0,         0,   115.1,decoder_by_matrix,b3c6da8537ae85d54cd5acd57fc4d5a00e23be04de7c70760ac5fa4b0f5f70dc,"{""distance"":3,""physical_error_rate"":1e-06}","{""detection_events"":405,""detectors_checked"":151842816}"
   1070080,        14,         0,   117.7,decoder_by_matrix,5dee359087c4b9ae2c20477a4d5136d2695095b0438111838e7093c679bd3c20,"{""distance"":3,""physical_error_rate"":0.0005}","{""detection_events"":63447,""detectors_checked"":57784320,""obs_mistake_mask=E___"":1,""obs_mistake_mask=_EEE"":2,""obs_mistake_mask=_EE_"":1,""obs_mistake_mask=_E_E"":3,""obs_mistake_mask=_E__"":3,""obs_mistake_mask=__E_"":2,""obs_mistake_mask=___E"":2}"
   1397760,         0,         0,   118.3,decoder_by_matrix,cd5aa4935a142b600239883e928f6c7fc9fbc8c84161e9ed59cf2551b7ebfc3d,"{""distance"":3,""physical_error_rate"":5e-05}","{""detection_events"":8652,""detectors_checked"":75479040}"
   2207744,         0,         0,   115.9,decoder_by_matrix,73784f3389b885bc1b704dac0b44b83e08b79da81bcec9ed749229213445f550,"{""distance"":3,""physical_error_rate"":1e-05}","{""detection_events"":2769,""detectors_checked"":119218176}"
   1071104,        22,         0,   118.8,decoder_by_matrix,5dee359087c4b9ae2c20477a4d5136d2695095b0438111838e7093c679bd3c20,"{""distance"":3,""physical_error_rate"":0.0005}","{""detection_events"":64110,""detectors_checked"":57839616,""obs_mistake_mask=E___"":3,""obs_mistake_mask=_EEE"":3,""obs_mistake_mask=_EE_"":4,""obs_mistake_mask=_E__"":5,""obs_mistake_mask=__EE"":3,""obs_mistake_mask=__E_"":3,""obs_mistake_mask=___E"":1}"
         1,         0,         0,   0.000,decoder_by_matrix,cd5aa4935a142b600239883e928f6c7fc9fbc8c84161e9ed59cf2551b7ebfc3d,"{""distance"":3,""physical_error_rate"":5e-05}","{""detectors_checked"":54}"
         1,         0,         0,   0.000,decoder_by_matrix,cd5aa4935a142b600239883e928f6c7fc9fbc8c84161e9ed59cf2551b7ebfc3d,"{""distance"":3,""physical_error_rate"":5e-05}","{""detectors_checked"":54}"
      3344,         0,         0,   0.039,decoder_by_matrix,cd5aa4935a142b600239883e928f6c7fc9fbc8c84161e9ed59cf2551b7ebfc3d,"{""distance"":3,""physical_error_rate"":5e-05}","{""detection_events"":12,""detectors_checked"":180576}"
      3344,         0,         0,   0.101,decoder_by_matrix,cd5aa4935a142b600239883e928f6c7fc9fbc8c84161e9ed59cf2551b7ebfc3d,"{""distance"":3,""physical_error_rate"":5e-05}","{""detection_events"":24,""detectors_checked"":180576}"
         1,         0,         0,   0.000,decoder_by_matrix,5dee359087c4b9ae2c20477a4d5136d2695095b0438111838e7093c679bd3c20,"{""distance"":3,""physical_error_rate"":0.0005}","{""detectors_checked"":54}"
         1,         0,         0,   0.000,decoder_by_matrix,1222905ef2c3e0b3841e2be415851bad02a0949e12b9844f6b979980572eaa40,"{""distance"":3,""physical_error_rate"":5e-06}","{""detectors_checked"":54}"
         1,         0,         0,   0.000,decoder_by_matrix,5dee359087c4b9ae2c20477a4d5136d2695095b0438111838e7093c679bd3c20,"{""distance"":3,""physical_error_rate"":0.0005}","{""detectors_checked"":54}"
         1,         0,         0,   0.000,decoder_by_matrix,c8397cb2c46e4683a6f3970bc42cef1aabfef4d80cfcd6b8313e87630b680ee2,"{""distance"":3,""physical_error_rate"":0.0001}","{""detectors_checked"":54}"
         1,         0,         0,   0.000,decoder_by_matrix,c8397cb2c46e4683a6f3970bc42cef1aabfef4d80cfcd6b8313e87630b680ee2,"{""distance"":3,""physical_error_rate"":0.0001}","{""detectors_checked"":54}"
         1,         0,         0,   0.000,decoder_by_matrix,73784f3389b885bc1b704dac0b44b83e08b79da81bcec9ed749229213445f550,"{""distance"":3,""physical_error_rate"":1e-05}","{""detectors_checked"":54}"
         1,         0,         0,   0.000,decoder_by_matrix,73784f3389b885bc1b704dac0b44b83e08b79da81bcec9ed749229213445f550,"{""distance"":3,""physical_error_rate"":1e-05}","{""detectors_checked"":54}"
         1,         0,         0,   0.000,decoder_by_matrix,b3c6da8537ae85d54cd5acd57fc4d5a00e23be04de7c70760ac5fa4b0f5f70dc,"{""distance"":3,""physical_error_rate"":1e-06}","{""detectors_checked"":54}"
      4368,         0,         0,   0.029,decoder_by_matrix,1222905ef2c3e0b3841e2be415851bad02a0949e12b9844f6b979980572eaa40,"{""distance"":3,""physical_error_rate"":5e-06}","{""detectors_checked"":235872}"
      2320,         1,         0,   0.030,decoder_by_matrix,5dee359087c4b9ae2c20477a4d5136d2695095b0438111838e7093c679bd3c20,"{""distance"":3,""physical_error_rate"":0.0005}","{""detection_events"":138,""detectors_checked"":125280,""obs_mistake_mask=___E"":1}"
      2320,         0,         0,   0.043,decoder_by_matrix,5dee359087c4b9ae2c20477a4d5136d2695095b0438111838e7093c679bd3c20,"{""distance"":3,""physical_error_rate"":0.0005}","{""detection_events"":105,""detectors_checked"":125280}"
      4368,         0,         0,   0.026,decoder_by_matrix,73784f3389b885bc1b704dac0b44b83e08b79da81bcec9ed749229213445f550,"{""distance"":3,""physical_error_rate"":1e-05}","{""detectors_checked"":235872}"
      3344,         0,         0,   0.056,decoder_by_matrix,c8397cb2c46e4683a6f3970bc42cef1aabfef4d80cfcd6b8313e87630b680ee2,"{""distance"":3,""physical_error_rate"":0.0001}","{""detection_events"":60,""detectors_checked"":180576}"
      2320,         0,         0,   0.066,decoder_by_matrix,c8397cb2c46e4683a6f3970bc42cef1aabfef4d80cfcd6b8313e87630b680ee2,"{""distance"":3,""physical_error_rate"":0.0001}","{""detection_events"":36,""detectors_checked"":125280}"
   2802688,         0,         0,   113.9,decoder_by_matrix,b3c6da8537ae85d54cd5acd57fc4d5a00e23be04de7c70760ac5fa4b0f5f70dc,"{""distance"":3,""physical_error_rate"":1e-06}","{""detection_events"":276,""detectors_checked"":151345152}"
      5392,         0,         0,   0.027,decoder_by_matrix,73784f3389b885bc1b704dac0b44b83e08b79da81bcec9ed749229213445f550,"{""distance"":3,""physical_error_rate"":1e-05}","{""detectors_checked"":291168}"
      1024,         0,         0,   0.001,decoder_by_matrix,73784f3389b885bc1b704dac0b44b83e08b79da81bcec9ed749229213445f550,"{""distance"":3,""physical_error_rate"":1e-05}","{""detectors_checked"":55296}"
      5392,         0,         0,   0.028,decoder_by_matrix,b3c6da8537ae85d54cd5acd57fc4d5a00e23be04de7c70760ac5fa4b0f5f70dc,"{""distance"":3,""physical_error_rate"":1e-06}","{""detectors_checked"":291168}"
      1024,         0,         0,   0.001,decoder_by_matrix,b3c6da8537ae85d54cd5acd57fc4d5a00e23be04de7c70760ac5fa4b0f5f70dc,"{""distance"":3,""physical_error_rate"":1e-06}","{""detectors_checked"":55296}"
      2048,         0,         0,   0.270,decoder_by_matrix,cd5aa4935a142b600239883e928f6c7fc9fbc8c84161e9ed59cf2551b7ebfc3d,"{""distance"":3,""physical_error_rate"":5e-05}","{""detection_events"":6,""detectors_checked"":110592}"
   2269184,         0,         0,   115.0,decoder_by_matrix,73784f3389b885bc1b704dac0b44b83e08b79da81bcec9ed749229213445f550,"{""distance"":3,""physical_error_rate"":1e-05}","{""detection_events"":2475,""detectors_checked"":122535936}"
      6144,         0,         0,   0.161,decoder_by_matrix,1222905ef2c3e0b3841e2be415851bad02a0949e12b9844f6b979980572eaa40,"{""distance"":3,""physical_error_rate"":5e-06}","{""detection_events"":9,""detectors_checked"":331776}"
      3072,         0,         0,   0.257,decoder_by_matrix,cd5aa4935a142b600239883e928f6c7fc9fbc8c84161e9ed59cf2551b7ebfc3d,"{""distance"":3,""physical_error_rate"":5e-05}","{""detection_events"":6,""detectors_checked"":165888}"
   2835456,         0,         0,   114.4,decoder_by_matrix,b3c6da8537ae85d54cd5acd57fc4d5a00e23be04de7c70760ac5fa4b0f5f70dc,"{""distance"":3,""physical_error_rate"":1e-06}","{""detection_events"":297,""detectors_checked"":153114624}"
   2470912,         0,         0,   115.0,decoder_by_matrix,1222905ef2c3e0b3841e2be415851bad02a0949e12b9844f6b979980572eaa40,"{""distance"":3,""physical_error_rate"":5e-06}","{""detection_events"":1692,""detectors_checked"":133429248}"
      2048,         0,         0,   0.215,decoder_by_matrix,5dee359087c4b9ae2c20477a4d5136d2695095b0438111838e7093c679bd3c20,"{""distance"":3,""physical_error_rate"":0.0005}","{""detection_events"":102,""detectors_checked"":110592}"
      2048,         0,         0,   0.222,decoder_by_matrix,5dee359087c4b9ae2c20477a4d5136d2695095b0438111838e7093c679bd3c20,"{""distance"":3,""physical_error_rate"":0.0005}","{""detection_events"":189,""detectors_checked"":110592}"
   1414144,         0,         0,   116.6,decoder_by_matrix,cd5aa4935a142b600239883e928f6c7fc9fbc8c84161e9ed59cf2551b7ebfc3d,"{""distance"":3,""physical_error_rate"":5e-05}","{""detection_events"":8538,""detectors_checked"":76363776}"
      5120,         0,         0,   0.222,decoder_by_matrix,73784f3389b885bc1b704dac0b44b83e08b79da81bcec9ed749229213445f550,"{""distance"":3,""physical_error_rate"":1e-05}","{""detection_events"":12,""detectors_checked"":276480}"
      2048,         0,         0,   0.239,decoder_by_matrix,c8397cb2c46e4683a6f3970bc42cef1aabfef4d80cfcd6b8313e87630b680ee2,"{""distance"":3,""physical_error_rate"":0.0001}","{""detection_events"":36,""detectors_checked"":110592}"
      3072,         0,         0,   0.240,decoder_by_matrix,c8397cb2c46e4683a6f3970bc42cef1aabfef4d80cfcd6b8313e87630b680ee2,"{""distance"":3,""physical_error_rate"":0.0001}","{""detection_events"":42,""detectors_checked"":165888}"
      4096,         0,         0,   0.253,decoder_by_matrix,73784f3389b885bc1b704dac0b44b83e08b79da81bcec9ed749229213445f550,"{""distance"":3,""physical_error_rate"":1e-05}","{""detection_events"":6,""detectors_checked"":221184}"
      5120,         0,         0,   0.252,decoder_by_matrix,b3c6da8537ae85d54cd5acd57fc4d5a00e23be04de7c70760ac5fa4b0f5f70dc,"{""distance"":3,""physical_error_rate"":1e-06}","{""detectors_checked"":276480}"
   1075200,        20,         0,   116.4,decoder_by_matrix,5dee359087c4b9ae2c20477a4d5136d2695095b0438111838e7093c679bd3c20,"{""distance"":3,""physical_error_rate"":0.0005}","{""detection_events"":64383,""detectors_checked"":58060800,""obs_mistake_mask=E___"":2,""obs_mistake_mask=_EEE"":1,""obs_mistake_mask=_EE_"":2,""obs_mistake_mask=_E_E"":5,""obs_mistake_mask=_E__"":5,""obs_mistake_mask=__E_"":4,""obs_mistake_mask=___E"":1}"
      2048,         0,         0,   0.261,decoder_by_matrix,cd5aa4935a142b600239883e928f6c7fc9fbc8c84161e9ed59cf2551b7ebfc3d,"{""distance"":3,""physical_error_rate"":5e-05}","{""detection_events"":15,""detectors_checked"":110592}"
   1196032,         0,         0,   117.5,decoder_by_matrix,c8397cb2c46e4683a6f3970bc42cef1aabfef4d80cfcd6b8313e87630b680ee2,"{""distance"":3,""physical_error_rate"":0.0001}","{""detection_events"":14523,""detectors_checked"":64585728}"
      3072,         0,         0,   0.259,decoder_by_matrix,1222905ef2c3e0b3841e2be415851bad02a0949e12b9844f6b979980572eaa40,"{""distance"":3,""physical_error_rate"":5e-06}","{""detectors_checked"":165888}"
      3072,         0,         0,   0.260,decoder_by_matrix,cd5aa4935a142b600239883e928f6c7fc9fbc8c84161e9ed59cf2551b7ebfc3d,"{""distance"":3,""physical_error_rate"":5e-05}","{""detection_events"":3,""detectors_checked"":165888}"
      2048,         0,         0,   0.267,decoder_by_matrix,5dee359087c4b9ae2c20477a4d5136d2695095b0438111838e7093c679bd3c20,"{""distance"":3,""physical_error_rate"":0.0005}","{""detection_events"":150,""detectors_checked"":110592}"
      2048,         0,         0,   0.267,decoder_by_matrix,5dee359087c4b9ae2c20477a4d5136d2695095b0438111838e7093c679bd3c20,"{""distance"":3,""physical_error_rate"":0.0005}","{""detection_events"":129,""detectors_checked"":110592}"
      4096,         0,         0,   0.274,decoder_by_matrix,73784f3389b885bc1b704dac0b44b83e08b79da81bcec9ed749229213445f550,"{""distance"":3,""physical_error_rate"":1e-05}","{""detection_events"":6,""detectors_checked"":221184}"
      2048,         0,         0,   0.258,decoder_by_matrix,c8397cb2c46e4683a6f3970bc42cef1aabfef4d80cfcd6b8313e87630b680ee2,"{""distance"":3,""physical_error_rate"":0.0001}","{""detection_events"":30,""detectors_checked"":110592}"
      2048,         0,         0,   0.256,decoder_by_matrix,c8397cb2c46e4683a6f3970bc42cef1aabfef4d80cfcd6b8313e87630b680ee2,"{""distance"":3,""physical_error_rate"":0.0001}","{""detection_events"":6,""detectors_checked"":110592}"
      5120,         0,         0,   0.257,decoder_by_matrix,73784f3389b885bc1b704dac0b44b83e08b79da81bcec9ed749229213445f550,"{""distance"":3,""physical_error_rate"":1e-05}","{""detectors_checked"":276480}"
      6144,         0,         0,   0.004,decoder_by_matrix,b3c6da8537ae85d54cd5acd57fc4d5a00e23be04de7c70760ac5fa4b0f5f70dc,"{""distance"":3,""physical_error_rate"":1e-06}","{""detectors_checked"":331776}"
      3072,         0,         0,   0.258,decoder_by_matrix,cd5aa4935a142b600239883e928f6c7fc9fbc8c84161e9ed59cf2551b7ebfc3d,"{""distance"":3,""physical_error_rate"":5e-05}","{""detection_events"":36,""detectors_checked"":165888}"
      4096,         0,         0,   0.258,decoder_by_matrix,1222905ef2c3e0b3841e2be415851bad02a0949e12b9844f6b979980572eaa40,"{""distance"":3,""physical_error_rate"":5e-06}","{""detection_events"":6,""detectors_checked"":221184}"
      3072,         0,         0,   0.258,decoder_by_matrix,cd5aa4935a142b600239883e928f6c7fc9fbc8c84161e9ed59cf2551b7ebfc3d,"{""distance"":3,""physical_error_rate"":5e-05}","{""detection_events"":18,""detectors_checked"":165888}"
      2048,         0,         0,   0.248,decoder_by_matrix,5dee359087c4b9ae2c20477a4d5136d2695095b0438111838e7093c679bd3c20,"{""distance"":3,""physical_error_rate"":0.0005}","{""detection_events"":96,""detectors_checked"":110592}"
      2048,         0,         0,   0.261,decoder_by_matrix,5dee359087c4b9ae2c20477a4d5136d2695095b0438111838e7093c679bd3c20,"{""distance"":3,""physical_error_rate"":0.0005}","{""detection_events"":108,""detectors_checked"":110592}"
   1184768,         1,         0,   119.1,decoder_by_matrix,c8397cb2c46e4683a6f3970bc42cef1aabfef4d80cfcd6b8313e87630b680ee2,"{""distance"":3,""physical_error_rate"":0.0001}","{""detection_events"":14103,""detectors_checked"":63977472,""obs_mistake_mask=__EE"":1}"
      3072,         0,         0,   0.260,decoder_by_matrix,73784f3389b885bc1b704dac0b44b83e08b79da81bcec9ed749229213445f550,"{""distance"":3,""physical_error_rate"":1e-05}","{""detection_events"":3,""detectors_checked"":165888}"
      3072,         0,         0,   0.261,decoder_by_matrix,c8397cb2c46e4683a6f3970bc42cef1aabfef4d80cfcd6b8313e87630b680ee2,"{""distance"":3,""physical_error_rate"":0.0001}","{""detection_events"":39,""detectors_checked"":165888}"
      2048,         0,         0,   0.261,decoder_by_matrix,c8397cb2c46e4683a6f3970bc42cef1aabfef4d80cfcd6b8313e87630b680ee2,"{""distance"":3,""physical_error_rate"":0.0001}","{""detection_events"":30,""detectors_checked"":110592}"
      4096,         0,         0,   0.258,decoder_by_matrix,73784f3389b885bc1b704dac0b44b83e08b79da81bcec9ed749229213445f550,"{""distance"":3,""physical_error_rate"":1e-05}","{""detection_events"":3,""detectors_checked"":221184}"
      5120,         0,         0,   0.261,decoder_by_matrix,b3c6da8537ae85d54cd5acd57fc4d5a00e23be04de7c70760ac5fa4b0f5f70dc,"{""distance"":3,""physical_error_rate"":1e-06}","{""detectors_checked"":276480}"
   1421312,         1,         0,   116.7,decoder_by_matrix,cd5aa4935a142b600239883e928f6c7fc9fbc8c84161e9ed59cf2551b7ebfc3d,"{""distance"":3,""physical_error_rate"":5e-05}","{""detection_events"":8820,""detectors_checked"":76750848,""obs_mistake_mask=_E_E"":1}"
      2048,         0,         0,   0.258,decoder_by_matrix,cd5aa4935a142b600239883e928f6c7fc9fbc8c84161e9ed59cf2551b7ebfc3d,"{""distance"":3,""physical_error_rate"":5e-05}","{""detection_events"":15,""detectors_checked"":110592}"
      6144,         0,         0,   0.258,decoder_by_matrix,1222905ef2c3e0b3841e2be415851bad02a0949e12b9844f6b979980572eaa40,"{""distance"":3,""physical_error_rate"":5e-06}","{""detectors_checked"":331776}"
      3072,         0,         0,   0.260,decoder_by_matrix,cd5aa4935a142b600239883e928f6c7fc9fbc8c84161e9ed59cf2551b7ebfc3d,"{""distance"":3,""physical_error_rate"":5e-05}","{""detection_events"":36,""detectors_checked"":165888}"
      3072,         0,         0,   0.253,decoder_by_matrix,5dee359087c4b9ae2c20477a4d5136d2695095b0438111838e7093c679bd3c20,"{""distance"":3,""physical_error_rate"":0.0005}","{""detection_events"":243,""detectors_checked"":165888}"
      3072,         0,         0,   0.289,decoder_by_matrix,5dee359087c4b9ae2c20477a4d5136d2695095b0438111838e7093c679bd3c20,"{""distance"":3,""physical_error_rate"":0.0005}","{""detection_events"":186,""detectors_checked"":165888}"
      5120,         0,         0,   0.260,decoder_by_matrix,73784f3389b885bc1b704dac0b44b83e08b79da81bcec9ed749229213445f550,"{""distance"":3,""physical_error_rate"":1e-05}","{""detection_events"":6,""detectors_checked"":276480}"
      3072,         0,         0,   0.260,decoder_by_matrix,c8397cb2c46e4683a6f3970bc42cef1aabfef4d80cfcd6b8313e87630b680ee2,"{""distance"":3,""physical_error_rate"":0.0001}","{""detection_events"":33,""detectors_checked"":165888}"
   1202176,         4,         0,   118.7,decoder_by_matrix,c8397cb2c46e4683a6f3970bc42cef1aabfef4d80cfcd6b8313e87630b680ee2,"{""distance"":3,""physical_error_rate"":0.0001}","{""detection_events"":14400,""detectors_checked"":64917504,""obs_mistake_mask=E___"":1,""obs_mistake_mask=_E__"":2,""obs_mistake_mask=___E"":1}"
      2048,         0,         0,   0.264,decoder_by_matrix,c8397cb2c46e4683a6f3970bc42cef1aabfef4d80cfcd6b8313e87630b680ee2,"{""distance"":3,""physical_error_rate"":0.0001}","{""detection_events"":21,""detectors_checked"":110592}"
   2493440,         0,         0,   116.3,decoder_by_matrix,1222905ef2c3e0b3841e2be415851bad02a0949e12b9844f6b979980572eaa40,"{""distance"":3,""physical_error_rate"":5e-06}","{""detection_events"":1515,""detectors_checked"":134645760}"
      4096,         0,         0,   0.259,decoder_by_matrix,73784f3389b885bc1b704dac0b44b83e08b79da81bcec9ed749229213445f550,"{""distance"":3,""physical_error_rate"":1e-05}","{""detection_events"":9,""detectors_checked"":221184}"
      6144,         0,         0,   0.259,decoder_by_matrix,b3c6da8537ae85d54cd5acd57fc4d5a00e23be04de7c70760ac5fa4b0f5f70dc,"{""distance"":3,""physical_error_rate"":1e-06}","{""detectors_checked"":331776}"
      2048,         0,         0,   0.261,decoder_by_matrix,cd5aa4935a142b600239883e928f6c7fc9fbc8c84161e9ed59cf2551b7ebfc3d,"{""distance"":3,""physical_error_rate"":5e-05}","{""detection_events"":27,""detectors_checked"":110592}"
      6144,         0,         0,   0.262,decoder_by_matrix,1222905ef2c3e0b3841e2be415851bad02a0949e12b9844f6b979980572eaa40,"{""distance"":3,""physical_error_rate"":5e-06}","{""detectors_checked"":331776}"
      2048,         0,         0,   0.279,decoder_by_matrix,cd5aa4935a142b600239883e928f6c7fc9fbc8c84161e9ed59cf2551b7ebfc3d,"{""distance"":3,""physical_error_rate"":5e-05}","{""detection_events"":15,""detectors_checked"":110592}"
   2537472,         0,         0,   114.9,decoder_by_matrix,1222905ef2c3e0b3841e2be415851bad02a0949e12b9844f6b979980572eaa40,"{""distance"":3,""physical_error_rate"":5e-06}","{""detection_events"":1452,""detectors_checked"":137023488}"
      2048,         0,         0,   0.259,decoder_by_matrix,5dee359087c4b9ae2c20477a4d5136d2695095b0438111838e7093c679bd3c20,"{""distance"":3,""physical_error_rate"":0.0005}","{""detection_events"":138,""detectors_checked"":110592}"
      2048,         0,         0,   0.259,decoder_by_matrix,5dee359087c4b9ae2c20477a4d5136d2695095b0438111838e7093c679bd3c20,"{""distance"":3,""physical_error_rate"":0.0005}","{""detection_events"":93,""detectors_checked"":110592}"
   1204224,         0,         0,   117.2,decoder_by_matrix,c8397cb2c46e4683a6f3970bc42cef1aabfef4d80cfcd6b8313e87630b680ee2,"{""distance"":3,""physical_error_rate"":0.0001}","{""detection_events"":13965,""detectors_checked"":65028096}"
      5120,         0,         0,   0.258,decoder_by_matrix,73784f3389b885bc1b704dac0b44b83e08b79da81bcec9ed749229213445f550,"{""distance"":3,""physical_error_rate"":1e-05}","{""detectors_checked"":276480}"
      2048,         0,         0,   0.259,decoder_by_matrix,c8397cb2c46e4683a6f3970bc42cef1aabfef4d80cfcd6b8313e87630b680ee2,"{""distance"":3,""physical_error_rate"":0.0001}","{""detection_events"":48,""detectors_checked"":110592}"
      3072,         0,         0,   0.272,decoder_by_matrix,c8397cb2c46e4683a6f3970bc42cef1aabfef4d80cfcd6b8313e87630b680ee2,"{""distance"":3,""physical_error_rate"":0.0001}","{""detection_events"":12,""detectors_checked"":165888}"
      6144,         0,         0,   0.262,decoder_by_matrix,73784f3389b885bc1b704dac0b44b83e08b79da81bcec9ed749229213445f550,"{""distance"":3,""physical_error_rate"":1e-05}","{""detection_events"":12,""detectors_checked"":331776}"
      6144,         0,         0,   0.265,decoder_by_matrix,b3c6da8537ae85d54cd5acd57fc4d5a00e23be04de7c70760ac5fa4b0f5f70dc,"{""distance"":3,""physical_error_rate"":1e-06}","{""detectors_checked"":331776}"
   1426432,         1,         0,   117.2,decoder_by_matrix,cd5aa4935a142b600239883e928f6c7fc9fbc8c84161e9ed59cf2551b7ebfc3d,"{""distance"":3,""physical_error_rate"":5e-05}","{""detection_events"":8361,""detectors_checked"":77027328,""obs_mistake_mask=_E__"":1}"
      5120,         0,         0,   0.253,decoder_by_matrix,1222905ef2c3e0b3841e2be415851bad02a0949e12b9844f6b979980572eaa40,"{""distance"":3,""physical_error_rate"":5e-06}","{""detectors_checked"":276480}"
      2048,         0,         0,   0.298,decoder_by_matrix,cd5aa4935a142b600239883e928f6c7fc9fbc8c84161e9ed59cf2551b7ebfc3d,"{""distance"":3,""physical_error_rate"":5e-05}","{""detection_events"":18,""detectors_checked"":110592}"
      2048,         0,         0,   0.258,decoder_by_matrix,cd5aa4935a142b600239883e928f6c7fc9fbc8c84161e9ed59cf2551b7ebfc3d,"{""distance"":3,""physical_error_rate"":5e-05}","{""detection_events"":30,""detectors_checked"":110592}"
   2516992,         0,         0,   114.5,decoder_by_matrix,1222905ef2c3e0b3841e2be415851bad02a0949e12b9844f6b979980572eaa40,"{""distance"":3,""physical_error_rate"":5e-06}","{""detection_events"":1452,""detectors_checked"":135917568}"
      2048,         0,         0,   0.254,decoder_by_matrix,5dee359087c4b9ae2c20477a4d5136d2695095b0438111838e7093c679bd3c20,"{""distance"":3,""physical_error_rate"":0.0005}","{""detection_events"":123,""detectors_checked"":110592}"
      2048,         0,         0,   0.258,decoder_by_matrix,5dee359087c4b9ae2c20477a4d5136d2695095b0438111838e7093c679bd3c20,"{""distance"":3,""physical_error_rate"":0.0005}","{""detection_events"":93,""detectors_checked"":110592}"
      4096,         0,         0,   0.264,decoder_by_matrix,73784f3389b885bc1b704dac0b44b83e08b79da81bcec9ed749229213445f550,"{""distance"":3,""physical_error_rate"":1e-05}","{""detection_events"":6,""detectors_checked"":221184}"
      2048,         0,         0,   0.264,decoder_by_matrix,c8397cb2c46e4683a6f3970bc42cef1aabfef4d80cfcd6b8313e87630b680ee2,"{""distance"":3,""physical_error_rate"":0.0001}","{""detection_events"":36,""detectors_checked"":110592}"
      2048,         0,         0,   0.253,decoder_by_matrix,73784f3389b885bc1b704dac0b44b83e08b79da81bcec9ed749229213445f550,"{""distance"":3,""physical_error_rate"":1e-05}","{""detection_events"":3,""detectors_checked"":110592}"
      5120,         0,         0,   0.253,decoder_by_matrix,b3c6da8537ae85d54cd5acd57fc4d5a00e23be04de7c70760ac5fa4b0f5f70dc,"{""distance"":3,""physical_error_rate"":1e-06}","{""detectors_checked"":276480}"
   2270208,         0,         0,   116.4,decoder_by_matrix,73784f3389b885bc1b704dac0b44b83e08b79da81bcec9ed749229213445f550,"{""distance"":3,""physical_error_rate"":1e-05}","{""detection_events"":2715,""detectors_checked"":122591232}"
      3072,         0,         0,   0.319,decoder_by_matrix,c8397cb2c46e4683a6f3970bc42cef1aabfef4d80cfcd6b8313e87630b680ee2,"{""distance"":3,""physical_error_rate"":0.0001}","{""detection_events"":33,""detectors_checked"":165888}"
      4096,         0,         0,   0.258,decoder_by_matrix,1222905ef2c3e0b3841e2be415851bad02a0949e12b9844f6b979980572eaa40,"{""distance"":3,""physical_error_rate"":5e-06}","{""detection_events"":3,""detectors_checked"":221184}"
      3072,         0,         0,   0.258,decoder_by_matrix,cd5aa4935a142b600239883e928f6c7fc9fbc8c84161e9ed59cf2551b7ebfc3d,"{""distance"":3,""physical_error_rate"":5e-05}","{""detection_events"":30,""detectors_checked"":165888}"
      6144,         0,         0,   0.259,decoder_by_matrix,cd5aa4935a142b600239883e928f6c7fc9fbc8c84161e9ed59cf2551b7ebfc3d,"{""distance"":3,""physical_error_rate"":5e-05}","{""detection_events"":12,""detectors_checked"":331776}"
   2827264,         0,         0,   116.1,decoder_by_matrix,b3c6da8537ae85d54cd5acd57fc4d5a00e23be04de7c70760ac5fa4b0f5f70dc,"{""distance"":3,""physical_error_rate"":1e-06}","{""detection_events"":294,""detectors_checked"":152672256}"
      2048,         0,         0,   0.258,decoder_by_matrix,5dee359087c4b9ae2c20477a4d5136d2695095b0438111838e7093c679bd3c20,"{""distance"":3,""physical_error_rate"":0.0005}","{""detection_events"":87,""detectors_checked"":110592}"
      2048,         0,         0,   0.258,decoder_by_matrix,5dee359087c4b9ae2c20477a4d5136d2695095b0438111838e7093c679bd3c20,"{""distance"":3,""physical_error_rate"":0.0005}","{""detection_events"":132,""detectors_checked"":110592}"
      5120,         0,         0,   0.245,decoder_by_matrix,73784f3389b885bc1b704dac0b44b83e08b79da81bcec9ed749229213445f550,"{""distance"":3,""physical_error_rate"":1e-05}","{""detectors_checked"":276480}"
   1075200,        22,         0,   115.6,decoder_by_matrix,5dee359087c4b9ae2c20477a4d5136d2695095b0438111838e7093c679bd3c20,"{""distance"":3,""physical_error_rate"":0.0005}","{""detection_events"":65685,""detectors_checked"":58060800,""obs_mistake_mask=E___"":3,""obs_mistake_mask=_EEE"":3,""obs_mistake_mask=_EE_"":2,""obs_mistake_mask=_E_E"":2,""obs_mistake_mask=_E__"":3,""obs_mistake_mask=__EE"":1,""obs_mistake_mask=__E_"":5,""obs_mistake_mask=___E"":3}"
      2048,         0,         0,   0.258,decoder_by_matrix,c8397cb2c46e4683a6f3970bc42cef1aabfef4d80cfcd6b8313e87630b680ee2,"{""distance"":3,""physical_error_rate"":0.0001}","{""detection_events"":9,""detectors_checked"":110592}"
      5120,         0,         0,   0.257,decoder_by_matrix,73784f3389b885bc1b704dac0b44b83e08b79da81bcec9ed749229213445f550,"{""distance"":3,""physical_error_rate"":1e-05}","{""detectors_checked"":276480}"
      6144,         0,         0,   0.258,decoder_by_matrix,b3c6da8537ae85d54cd5acd57fc4d5a00e23be04de7c70760ac5fa4b0f5f70dc,"{""distance"":3,""physical_error_rate"":1e-06}","{""detectors_checked"":331776}"
      2048,         0,         0,   0.258,decoder_by_matrix,c8397cb2c46e4683a6f3970bc42cef1aabfef4d80cfcd6b8313e87630b680ee2,"{""distance"":3,""physical_error_rate"":0.0001}","{""detection_events"":54,""detectors_checked"":110592}"
      6144,         0,         0,   0.258,decoder_by_matrix,1222905ef2c3e0b3841e2be415851bad02a0949e12b9844f6b979980572eaa40,"{""distance"":3,""physical_error_rate"":5e-06}","{""detectors_checked"":331776}"
      2048,         0,         0,   0.258,decoder_by_matrix,cd5aa4935a142b600239883e928f6c7fc9fbc8c84161e9ed59cf2551b7ebfc3d,"{""distance"":3,""physical_error_rate"":5e-05}","{""detection_events"":21,""detectors_checked"":110592}"
      2048,         0,         0,   0.256,decoder_by_matrix,cd5aa4935a142b600239883e928f6c7fc9fbc8c84161e9ed59cf2551b7ebfc3d,"{""distance"":3,""physical_error_rate"":5e-05}","{""detection_events"":21,""detectors_checked"":110592}"
      2048,         0,         0,   0.261,decoder_by_matrix,5dee359087c4b9ae2c20477a4d5136d2695095b0438111838e7093c679bd3c20,"{""distance"":3,""physical_error_rate"":0.0005}","{""detection_events"":102,""detectors_checked"":110592}"
      2048,         0,         0,   0.248,decoder_by_matrix,73784f3389b885bc1b704dac0b44b83e08b79da81bcec9ed749229213445f550,"{""distance"":3,""physical_error_rate"":1e-05}","{""detection_events"":9,""detectors_checked"":110592}"
      2048,         0,         0,   0.305,decoder_by_matrix,5dee359087c4b9ae2c20477a4d5136d2695095b0438111838e7093c679bd3c20,"{""distance"":3,""physical_error_rate"":0.0005}","{""detection_events"":132,""detectors_checked"":110592}"
      2048,         0,         0,   0.260,decoder_by_matrix,c8397cb2c46e4683a6f3970bc42cef1aabfef4d80cfcd6b8313e87630b680ee2,"{""distance"":3,""physical_error_rate"":0.0001}","{""detection_events"":18,""detectors_checked"":110592}"
      2048,         0,         0,   0.256,decoder_by_matrix,c8397cb2c46e4683a6f3970bc42cef1aabfef4d80cfcd6b8313e87630b680ee2,"{""distance"":3,""physical_error_rate"":0.0001}","{""detection_events"":30,""detectors_checked"":110592}"
   2802688,         0,         0,   112.3,decoder_by_matrix,b3c6da8537ae85d54cd5acd57fc4d5a00e23be04de7c70760ac5fa4b0f5f70dc,"{""distance"":3,""physical_error_rate"":1e-06}","{""detection_events"":300,""detectors_checked"":151345152}"
      8192,         0,         0,   0.519,decoder_by_matrix,73784f3389b885bc1b704dac0b44b83e08b79da81bcec9ed749229213445f550,"{""distance"":3,""physical_error_rate"":1e-05}","{""detection_events"":30,""detectors_checked"":442368}"
     11264,         0,         0,   0.517,decoder_by_matrix,b3c6da8537ae85d54cd5acd57fc4d5a00e23be04de7c70760ac5fa4b0f5f70dc,"{""distance"":3,""physical_error_rate"":1e-06}","{""detectors_checked"":608256}"
     10240,         0,         0,   0.517,decoder_by_matrix,1222905ef2c3e0b3841e2be415851bad02a0949e12b9844f6b979980572eaa40,"{""distance"":3,""physical_error_rate"":5e-06}","{""detectors_checked"":552960}"
      6144,         0,         0,   0.519,decoder_by_matrix,cd5aa4935a142b600239883e928f6c7fc9fbc8c84161e9ed59cf2551b7ebfc3d,"{""distance"":3,""physical_error_rate"":5e-05}","{""detection_events"":30,""detectors_checked"":331776}"
      5120,         0,         0,   0.518,decoder_by_matrix,cd5aa4935a142b600239883e928f6c7fc9fbc8c84161e9ed59cf2551b7ebfc3d,"{""distance"":3,""physical_error_rate"":5e-05}","{""detection_events"":33,""detectors_checked"":276480}"
      9216,         0,         0,   0.509,decoder_by_matrix,73784f3389b885bc1b704dac0b44b83e08b79da81bcec9ed749229213445f550,"{""distance"":3,""physical_error_rate"":1e-05}","{""detection_events"":6,""detectors_checked"":497664}"
      4096,         0,         0,   0.526,decoder_by_matrix,5dee359087c4b9ae2c20477a4d5136d2695095b0438111838e7093c679bd3c20,"{""distance"":3,""physical_error_rate"":0.0005}","{""detection_events"":267,""detectors_checked"":221184}"
      4096,         0,         0,   0.514,decoder_by_matrix,5dee359087c4b9ae2c20477a4d5136d2695095b0438111838e7093c679bd3c20,"{""distance"":3,""physical_error_rate"":0.0005}","{""detection_events"":255,""detectors_checked"":221184}"
      6144,         0,         0,   0.516,decoder_by_matrix,c8397cb2c46e4683a6f3970bc42cef1aabfef4d80cfcd6b8313e87630b680ee2,"{""distance"":3,""physical_error_rate"":0.0001}","{""detection_events"":39,""detectors_checked"":331776}"
      5120,         0,         0,   0.514,decoder_by_matrix,c8397cb2c46e4683a6f3970bc42cef1aabfef4d80cfcd6b8313e87630b680ee2,"{""distance"":3,""physical_error_rate"":0.0001}","{""detection_events"":36,""detectors_checked"":276480}"
      9216,         0,         0,   0.255,decoder_by_matrix,73784f3389b885bc1b704dac0b44b83e08b79da81bcec9ed749229213445f550,"{""distance"":3,""physical_error_rate"":1e-05}","{""detectors_checked"":497664}"
     11264,         0,         0,   0.513,decoder_by_matrix,b3c6da8537ae85d54cd5acd57fc4d5a00e23be04de7c70760ac5fa4b0f5f70dc,"{""distance"":3,""physical_error_rate"":1e-06}","{""detectors_checked"":608256}"
     10240,         0,         0,   0.514,decoder_by_matrix,1222905ef2c3e0b3841e2be415851bad02a0949e12b9844f6b979980572eaa40,"{""distance"":3,""physical_error_rate"":5e-06}","{""detection_events"":9,""detectors_checked"":552960}"
      7168,         0,         0,   0.513,decoder_by_matrix,cd5aa4935a142b600239883e928f6c7fc9fbc8c84161e9ed59cf2551b7ebfc3d,"{""distance"":3,""physical_error_rate"":5e-05}","{""detection_events"":24,""detectors_checked"":387072}"
      6144,         0,         0,   0.518,decoder_by_matrix,cd5aa4935a142b600239883e928f6c7fc9fbc8c84161e9ed59cf2551b7ebfc3d,"{""distance"":3,""physical_error_rate"":5e-05}","{""detection_events"":42,""detectors_checked"":331776}"
      4096,         0,         0,   0.499,decoder_by_matrix,5dee359087c4b9ae2c20477a4d5136d2695095b0438111838e7093c679bd3c20,"{""distance"":3,""physical_error_rate"":0.0005}","{""detection_events"":195,""detectors_checked"":221184}"
     10240,         0,         0,   0.517,decoder_by_matrix,73784f3389b885bc1b704dac0b44b83e08b79da81bcec9ed749229213445f550,"{""distance"":3,""physical_error_rate"":1e-05}","{""detection_events"":9,""detectors_checked"":552960}"
      5120,         0,         0,   0.511,decoder_by_matrix,5dee359087c4b9ae2c20477a4d5136d2695095b0438111838e7093c679bd3c20,"{""distance"":3,""physical_error_rate"":0.0005}","{""detection_events"":294,""detectors_checked"":276480}"
      4096,         0,         0,   0.510,decoder_by_matrix,c8397cb2c46e4683a6f3970bc42cef1aabfef4d80cfcd6b8313e87630b680ee2,"{""distance"":3,""physical_error_rate"":0.0001}","{""detection_events"":84,""detectors_checked"":221184}"
      5120,         0,         0,   0.516,decoder_by_matrix,c8397cb2c46e4683a6f3970bc42cef1aabfef4d80cfcd6b8313e87630b680ee2,"{""distance"":3,""physical_error_rate"":0.0001}","{""detection_events"":108,""detectors_checked"":276480}"
   1416192,         0,         0,   117.1,decoder_by_matrix,cd5aa4935a142b600239883e928f6c7fc9fbc8c84161e9ed59cf2551b7ebfc3d,"{""distance"":3,""physical_error_rate"":5e-05}","{""detection_events"":8349,""detectors_checked"":76474368}"
     14336,         0,         0,   0.727,decoder_by_matrix,73784f3389b885bc1b704dac0b44b83e08b79da81bcec9ed749229213445f550,"{""distance"":3,""physical_error_rate"":1e-05}","{""detection_events"":12,""detectors_checked"":774144}"
     16384,         0,         0,   0.711,decoder_by_matrix,b3c6da8537ae85d54cd5acd57fc4d5a00e23be04de7c70760ac5fa4b0f5f70dc,"{""distance"":3,""physical_error_rate"":1e-06}","{""detectors_checked"":884736}"
   2209792,         0,         0,   116.3,decoder_by_matrix,73784f3389b885bc1b704dac0b44b83e08b79da81bcec9ed749229213445f550,"{""distance"":3,""physical_error_rate"":1e-05}","{""detection_events"":2670,""detectors_checked"":119328768}"
      4096,         1,         0,   0.617,decoder_by_matrix,5dee359087c4b9ae2c20477a4d5136d2695095b0438111838e7093c679bd3c20,"{""distance"":3,""physical_error_rate"":0.0005}","{""detection_events"":222,""detectors_checked"":221184,""obs_mistake_mask=_E_E"":1}"
     15360,         0,         0,   0.518,decoder_by_matrix,1222905ef2c3e0b3841e2be415851bad02a0949e12b9844f6b979980572eaa40,"{""distance"":3,""physical_error_rate"":5e-06}","{""detection_events"":3,""detectors_checked"":829440}"
      7168,         0,         0,   0.771,decoder_by_matrix,cd5aa4935a142b600239883e928f6c7fc9fbc8c84161e9ed59cf2551b7ebfc3d,"{""distance"":3,""physical_error_rate"":5e-05}","{""detection_events"":60,""detectors_checked"":387072}"
      7168,         0,         0,   0.774,decoder_by_matrix,cd5aa4935a142b600239883e928f6c7fc9fbc8c84161e9ed59cf2551b7ebfc3d,"{""distance"":3,""physical_error_rate"":5e-05}","{""detection_events"":39,""detectors_checked"":387072}"
      6144,         0,         0,   0.733,decoder_by_matrix,5dee359087c4b9ae2c20477a4d5136d2695095b0438111838e7093c679bd3c20,"{""distance"":3,""physical_error_rate"":0.0005}","{""detection_events"":462,""detectors_checked"":331776}"
     14336,         0,         0,   0.773,decoder_by_matrix,73784f3389b885bc1b704dac0b44b83e08b79da81bcec9ed749229213445f550,"{""distance"":3,""physical_error_rate"":1e-05}","{""detection_events"":15,""detectors_checked"":774144}"
      8192,         0,         0,   0.767,decoder_by_matrix,c8397cb2c46e4683a6f3970bc42cef1aabfef4d80cfcd6b8313e87630b680ee2,"{""distance"":3,""physical_error_rate"":0.0001}","{""detection_events"":75,""detectors_checked"":442368}"
   1059840,        19,         0,   117.4,decoder_by_matrix,5dee359087c4b9ae2c20477a4d5136d2695095b0438111838e7093c679bd3c20,"{""distance"":3,""physical_error_rate"":0.0005}","{""detection_events"":62550,""detectors_checked"":57231360,""obs_mistake_mask=E___"":2,""obs_mistake_mask=_EEE"":3,""obs_mistake_mask=_EE_"":1,""obs_mistake_mask=_E__"":2,""obs_mistake_mask=__E_"":3,""obs_mistake_mask=___E"":8}"
      7168,         0,         0,   0.766,decoder_by_matrix,c8397cb2c46e4683a6f3970bc42cef1aabfef4d80cfcd6b8313e87630b680ee2,"{""distance"":3,""physical_error_rate"":0.0001}","{""detection_events"":90,""detectors_checked"":387072}"
   1198080,         0,         0,   117.0,decoder_by_matrix,c8397cb2c46e4683a6f3970bc42cef1aabfef4d80cfcd6b8313e87630b680ee2,"{""distance"":3,""physical_error_rate"":0.0001}","{""detection_events"":14082,""detectors_checked"":64696320}"
   2204672,         0,         0,   115.8,decoder_by_matrix,73784f3389b885bc1b704dac0b44b83e08b79da81bcec9ed749229213445f550,"{""distance"":3,""physical_error_rate"":1e-05}","{""detection_events"":2766,""detectors_checked"":119052288}"
     12288,         0,         0,   0.819,decoder_by_matrix,73784f3389b885bc1b704dac0b44b83e08b79da81bcec9ed749229213445f550,"{""distance"":3,""physical_error_rate"":1e-05}","{""detection_events"":21,""detectors_checked"":663552}"
     17408,         0,         0,   0.835,decoder_by_matrix,1222905ef2c3e0b3841e2be415851bad02a0949e12b9844f6b979980572eaa40,"{""distance"":3,""physical_error_rate"":5e-06}","{""detection_events"":3,""detectors_checked"":940032}"
     22528,         0,         0,    1.02,decoder_by_matrix,b3c6da8537ae85d54cd5acd57fc4d5a00e23be04de7c70760ac5fa4b0f5f70dc,"{""distance"":3,""physical_error_rate"":1e-06}","{""detection_events"":3,""detectors_checked"":1216512}"
      7168,         0,         0,   0.838,decoder_by_matrix,c8397cb2c46e4683a6f3970bc42cef1aabfef4d80cfcd6b8313e87630b680ee2,"{""distance"":3,""physical_error_rate"":0.0001}","{""detection_events"":123,""detectors_checked"":387072}"
      9216,         0,         0,    1.03,decoder_by_matrix,5dee359087c4b9ae2c20477a4d5136d2695095b0438111838e7093c679bd3c20,"{""distance"":3,""physical_error_rate"":0.0005}","{""detection_events"":603,""detectors_checked"":497664}"
     12288,         0,         0,    1.03,decoder_by_matrix,cd5aa4935a142b600239883e928f6c7fc9fbc8c84161e9ed59cf2551b7ebfc3d,"{""distance"":3,""physical_error_rate"":5e-05}","{""detection_events"":57,""detectors_checked"":663552}"
     11264,         0,         0,    1.03,decoder_by_matrix,cd5aa4935a142b600239883e928f6c7fc9fbc8c84161e9ed59cf2551b7ebfc3d,"{""distance"":3,""physical_error_rate"":5e-05}","{""detection_events"":75,""detectors_checked"":608256}"
      9216,         0,         0,    1.03,decoder_by_matrix,5dee359087c4b9ae2c20477a4d5136d2695095b0438111838e7093c679bd3c20,"{""distance"":3,""physical_error_rate"":0.0005}","{""detection_events"":531,""detectors_checked"":497664}"
     18432,         0,         0,    1.03,decoder_by_matrix,73784f3389b885bc1b704dac0b44b83e08b79da81bcec9ed749229213445f550,"{""distance"":3,""physical_error_rate"":1e-05}","{""detection_events"":21,""detectors_checked"":995328}"
      9216,         0,         0,    1.03,decoder_by_matrix,c8397cb2c46e4683a6f3970bc42cef1aabfef4d80cfcd6b8313e87630b680ee2,"{""distance"":3,""physical_error_rate"":0.0001}","{""detection_events"":120,""detectors_checked"":497664}"
     16384,         0,         0,    1.24,decoder_by_matrix,73784f3389b885bc1b704dac0b44b83e08b79da81bcec9ed749229213445f550,"{""distance"":3,""physical_error_rate"":1e-05}","{""detection_events"":51,""detectors_checked"":884736}"
     28672,         0,         0,    1.31,decoder_by_matrix,1222905ef2c3e0b3841e2be415851bad02a0949e12b9844f6b979980572eaa40,"{""distance"":3,""physical_error_rate"":5e-06}","{""detection_events"":12,""detectors_checked"":1548288}"
     12288,         0,         0,    1.28,decoder_by_matrix,c8397cb2c46e4683a6f3970bc42cef1aabfef4d80cfcd6b8313e87630b680ee2,"{""distance"":3,""physical_error_rate"":0.0001}","{""detection_events"":105,""detectors_checked"":663552}"
     29696,         0,         0,    1.35,decoder_by_matrix,b3c6da8537ae85d54cd5acd57fc4d5a00e23be04de7c70760ac5fa4b0f5f70dc,"{""distance"":3,""physical_error_rate"":1e-06}","{""detectors_checked"":1603584}"
     10240,         0,         0,    1.29,decoder_by_matrix,5dee359087c4b9ae2c20477a4d5136d2695095b0438111838e7093c679bd3c20,"{""distance"":3,""physical_error_rate"":0.0005}","{""detection_events"":561,""detectors_checked"":552960}"
      9216,         0,         0,    1.23,decoder_by_matrix,5dee359087c4b9ae2c20477a4d5136d2695095b0438111838e7093c679bd3c20,"{""distance"":3,""physical_error_rate"":0.0005}","{""detection_events"":522,""detectors_checked"":497664}"
     14336,         0,         0,    1.29,decoder_by_matrix,cd5aa4935a142b600239883e928f6c7fc9fbc8c84161e9ed59cf2551b7ebfc3d,"{""distance"":3,""physical_error_rate"":5e-05}","{""detection_events"":60,""detectors_checked"":774144}"
     14336,         0,         0,    1.29,decoder_by_matrix,cd5aa4935a142b600239883e928f6c7fc9fbc8c84161e9ed59cf2551b7ebfc3d,"{""distance"":3,""physical_error_rate"":5e-05}","{""detection_events"":84,""detectors_checked"":774144}"
     20480,         0,         0,    1.29,decoder_by_matrix,73784f3389b885bc1b704dac0b44b83e08b79da81bcec9ed749229213445f550,"{""distance"":3,""physical_error_rate"":1e-05}","{""detection_events"":33,""detectors_checked"":1105920}"
     12288,         0,         0,    1.35,decoder_by_matrix,c8397cb2c46e4683a6f3970bc42cef1aabfef4d80cfcd6b8313e87630b680ee2,"{""distance"":3,""physical_error_rate"":0.0001}","{""detection_events"":93,""detectors_checked"":663552}"
     29696,         0,         0,    1.61,decoder_by_matrix,73784f3389b885bc1b704dac0b44b83e08b79da81bcec9ed749229213445f550,"{""distance"":3,""physical_error_rate"":1e-05}","{""detection_events"":15,""detectors_checked"":1603584}"
     31744,         0,         0,    1.57,decoder_by_matrix,1222905ef2c3e0b3841e2be415851bad02a0949e12b9844f6b979980572eaa40,"{""distance"":3,""physical_error_rate"":5e-06}","{""detection_events"":15,""detectors_checked"":1714176}"
     15360,         0,         0,    1.60,decoder_by_matrix,c8397cb2c46e4683a6f3970bc42cef1aabfef4d80cfcd6b8313e87630b680ee2,"{""distance"":3,""physical_error_rate"":0.0001}","{""detection_events"":207,""detectors_checked"":829440}"
     37888,         0,         0,    1.42,decoder_by_matrix,b3c6da8537ae85d54cd5acd57fc4d5a00e23be04de7c70760ac5fa4b0f5f70dc,"{""distance"":3,""physical_error_rate"":1e-06}","{""detectors_checked"":2045952}"
     15360,         0,         0,    1.80,decoder_by_matrix,5dee359087c4b9ae2c20477a4d5136d2695095b0438111838e7093c679bd3c20,"{""distance"":3,""physical_error_rate"":0.0005}","{""detection_events"":810,""detectors_checked"":829440}"
     15360,         1,         0,    1.79,decoder_by_matrix,5dee359087c4b9ae2c20477a4d5136d2695095b0438111838e7093c679bd3c20,"{""distance"":3,""physical_error_rate"":0.0005}","{""detection_events"":906,""detectors_checked"":829440,""obs_mistake_mask=___E"":1}"
     20480,         0,         0,    1.79,decoder_by_matrix,cd5aa4935a142b600239883e928f6c7fc9fbc8c84161e9ed59cf2551b7ebfc3d,"{""distance"":3,""physical_error_rate"":5e-05}","{""detection_events"":72,""detectors_checked"":1105920}"
     20480,         0,         0,    1.79,decoder_by_matrix,cd5aa4935a142b600239883e928f6c7fc9fbc8c84161e9ed59cf2551b7ebfc3d,"{""distance"":3,""physical_error_rate"":5e-05}","{""detection_events"":105,""detectors_checked"":1105920}"
     30720,         0,         0,    1.79,decoder_by_matrix,73784f3389b885bc1b704dac0b44b83e08b79da81bcec9ed749229213445f550,"{""distance"":3,""physical_error_rate"":1e-05}","{""detection_events"":36,""detectors_checked"":1658880}"
     14336,         0,         0,    1.38,decoder_by_matrix,c8397cb2c46e4683a6f3970bc42cef1aabfef4d80cfcd6b8313e87630b680ee2,"{""distance"":3,""physical_error_rate"":0.0001}","{""detection_events"":162,""detectors_checked"":774144}"
     47104,         0,         0,    2.27,decoder_by_matrix,73784f3389b885bc1b704dac0b44b83e08b79da81bcec9ed749229213445f550,"{""distance"":3,""physical_error_rate"":1e-05}","{""detection_events"":12,""detectors_checked"":2543616}"
     41984,         0,         0,    2.29,decoder_by_matrix,1222905ef2c3e0b3841e2be415851bad02a0949e12b9844f6b979980572eaa40,"{""distance"":3,""physical_error_rate"":5e-06}","{""detection_events"":57,""detectors_checked"":2267136}"
     21504,         0,         0,    2.39,decoder_by_matrix,c8397cb2c46e4683a6f3970bc42cef1aabfef4d80cfcd6b8313e87630b680ee2,"{""distance"":3,""physical_error_rate"":0.0001}","{""detection_events"":198,""detectors_checked"":1161216}"
     51200,         0,         0,    2.35,decoder_by_matrix,b3c6da8537ae85d54cd5acd57fc4d5a00e23be04de7c70760ac5fa4b0f5f70dc,"{""distance"":3,""physical_error_rate"":1e-06}","{""detection_events"":6,""detectors_checked"":2764800}"
     18432,         0,         0,    2.31,decoder_by_matrix,5dee359087c4b9ae2c20477a4d5136d2695095b0438111838e7093c679bd3c20,"{""distance"":3,""physical_error_rate"":0.0005}","{""detection_events"":1179,""detectors_checked"":995328}"
     19456,         0,         0,    2.31,decoder_by_matrix,5dee359087c4b9ae2c20477a4d5136d2695095b0438111838e7093c679bd3c20,"{""distance"":3,""physical_error_rate"":0.0005}","{""detection_events"":1095,""detectors_checked"":1050624}"
     25600,         0,         0,    2.30,decoder_by_matrix,cd5aa4935a142b600239883e928f6c7fc9fbc8c84161e9ed59cf2551b7ebfc3d,"{""distance"":3,""physical_error_rate"":5e-05}","{""detection_events"":153,""detectors_checked"":1382400}"
     25600,         0,         0,    2.32,decoder_by_matrix,cd5aa4935a142b600239883e928f6c7fc9fbc8c84161e9ed59cf2551b7ebfc3d,"{""distance"":3,""physical_error_rate"":5e-05}","{""detection_events"":123,""detectors_checked"":1382400}"
     40960,         0,         0,    2.31,decoder_by_matrix,73784f3389b885bc1b704dac0b44b83e08b79da81bcec9ed749229213445f550,"{""distance"":3,""physical_error_rate"":1e-05}","{""detection_events"":36,""detectors_checked"":2211840}"
     23552,         0,         0,    2.30,decoder_by_matrix,c8397cb2c46e4683a6f3970bc42cef1aabfef4d80cfcd6b8313e87630b680ee2,"{""distance"":3,""physical_error_rate"":0.0001}","{""detection_events"":222,""detectors_checked"":1271808}"
     50176,         0,         0,    3.12,decoder_by_matrix,73784f3389b885bc1b704dac0b44b83e08b79da81bcec9ed749229213445f550,"{""distance"":3,""physical_error_rate"":1e-05}","{""detection_events"":96,""detectors_checked"":2709504}"
     60416,         0,         0,    3.06,decoder_by_matrix,1222905ef2c3e0b3841e2be415851bad02a0949e12b9844f6b979980572eaa40,"{""distance"":3,""physical_error_rate"":5e-06}","{""detection_events"":36,""detectors_checked"":3262464}"
     26624,         1,         0,    3.05,decoder_by_matrix,c8397cb2c46e4683a6f3970bc42cef1aabfef4d80cfcd6b8313e87630b680ee2,"{""distance"":3,""physical_error_rate"":0.0001}","{""detection_events"":321,""detectors_checked"":1437696,""obs_mistake_mask=_E_E"":1}"
     69632,         0,         0,    3.03,decoder_by_matrix,b3c6da8537ae85d54cd5acd57fc4d5a00e23be04de7c70760ac5fa4b0f5f70dc,"{""distance"":3,""physical_error_rate"":1e-06}","{""detectors_checked"":3760128}"
     36864,         0,         0,    2.84,decoder_by_matrix,cd5aa4935a142b600239883e928f6c7fc9fbc8c84161e9ed59cf2551b7ebfc3d,"{""distance"":3,""physical_error_rate"":5e-05}","{""detection_events"":207,""detectors_checked"":1990656}"
     25600,         0,         0,    2.87,decoder_by_matrix,5dee359087c4b9ae2c20477a4d5136d2695095b0438111838e7093c679bd3c20,"{""distance"":3,""physical_error_rate"":0.0005}","{""detection_events"":1551,""detectors_checked"":1382400}"
     25600,         0,         0,    2.90,decoder_by_matrix,5dee359087c4b9ae2c20477a4d5136d2695095b0438111838e7093c679bd3c20,"{""distance"":3,""physical_error_rate"":0.0005}","{""detection_events"":1413,""detectors_checked"":1382400}"
     51200,         0,         0,    2.91,decoder_by_matrix,73784f3389b885bc1b704dac0b44b83e08b79da81bcec9ed749229213445f550,"{""distance"":3,""physical_error_rate"":1e-05}","{""detection_events"":78,""detectors_checked"":2764800}"
     28672,         0,         0,    3.07,decoder_by_matrix,c8397cb2c46e4683a6f3970bc42cef1aabfef4d80cfcd6b8313e87630b680ee2,"{""distance"":3,""physical_error_rate"":0.0001}","{""detection_events"":321,""detectors_checked"":1548288}"
     32768,         0,         0,    3.15,decoder_by_matrix,cd5aa4935a142b600239883e928f6c7fc9fbc8c84161e9ed59cf2551b7ebfc3d,"{""distance"":3,""physical_error_rate"":5e-05}","{""detection_events"":213,""detectors_checked"":1769472}"
     75776,         0,         0,    3.90,decoder_by_matrix,73784f3389b885bc1b704dac0b44b83e08b79da81bcec9ed749229213445f550,"{""distance"":3,""physical_error_rate"":1e-05}","{""detection_events"":66,""detectors_checked"":4091904}"
     81920,         0,         0,    4.16,decoder_by_matrix,1222905ef2c3e0b3841e2be415851bad02a0949e12b9844f6b979980572eaa40,"{""distance"":3,""physical_error_rate"":5e-06}","{""detection_events"":60,""detectors_checked"":4423680}"
     38912,         0,         0,    4.36,decoder_by_matrix,c8397cb2c46e4683a6f3970bc42cef1aabfef4d80cfcd6b8313e87630b680ee2,"{""distance"":3,""physical_error_rate"":0.0001}","{""detection_events"":525,""detectors_checked"":2101248}"
     88064,         0,         0,    4.16,decoder_by_matrix,b3c6da8537ae85d54cd5acd57fc4d5a00e23be04de7c70760ac5fa4b0f5f70dc,"{""distance"":3,""physical_error_rate"":1e-06}","{""detection_events"":18,""detectors_checked"":4755456}"
     46080,         0,         0,    4.29,decoder_by_matrix,cd5aa4935a142b600239883e928f6c7fc9fbc8c84161e9ed59cf2551b7ebfc3d,"{""distance"":3,""physical_error_rate"":5e-05}","{""detection_events"":303,""detectors_checked"":2488320}"
     70656,         0,         0,    4.27,decoder_by_matrix,73784f3389b885bc1b704dac0b44b83e08b79da81bcec9ed749229213445f550,"{""distance"":3,""physical_error_rate"":1e-05}","{""detection_events"":84,""detectors_checked"":3815424}"
     36864,         0,         0,    4.20,decoder_by_matrix,5dee359087c4b9ae2c20477a4d5136d2695095b0438111838e7093c679bd3c20,"{""distance"":3,""physical_error_rate"":0.0005}","{""detection_events"":2178,""detectors_checked"":1990656}"
     36864,         0,         0,    4.51,decoder_by_matrix,5dee359087c4b9ae2c20477a4d5136d2695095b0438111838e7093c679bd3c20,"{""distance"":3,""physical_error_rate"":0.0005}","{""detection_events"":2319,""detectors_checked"":1990656}"
     51200,         0,         0,    4.01,decoder_by_matrix,cd5aa4935a142b600239883e928f6c7fc9fbc8c84161e9ed59cf2551b7ebfc3d,"{""distance"":3,""physical_error_rate"":5e-05}","{""detection_events"":333,""detectors_checked"":2764800}"
     43008,         0,         0,    4.51,decoder_by_matrix,c8397cb2c46e4683a6f3970bc42cef1aabfef4d80cfcd6b8313e87630b680ee2,"{""distance"":3,""physical_error_rate"":0.0001}","{""detection_events"":498,""detectors_checked"":2322432}"
    103424,         0,         0,    6.19,decoder_by_matrix,73784f3389b885bc1b704dac0b44b83e08b79da81bcec9ed749229213445f550,"{""distance"":3,""physical_error_rate"":1e-05}","{""detection_events"":129,""detectors_checked"":5584896}"
    116736,         0,         0,    5.92,decoder_by_matrix,1222905ef2c3e0b3841e2be415851bad02a0949e12b9844f6b979980572eaa40,"{""distance"":3,""physical_error_rate"":5e-06}","{""detection_events"":96,""detectors_checked"":6303744}"
     56320,         0,         0,    5.93,decoder_by_matrix,c8397cb2c46e4683a6f3970bc42cef1aabfef4d80cfcd6b8313e87630b680ee2,"{""distance"":3,""physical_error_rate"":0.0001}","{""detection_events"":570,""detectors_checked"":3041280}"
    140288,         0,         0,    6.17,decoder_by_matrix,b3c6da8537ae85d54cd5acd57fc4d5a00e23be04de7c70760ac5fa4b0f5f70dc,"{""distance"":3,""physical_error_rate"":1e-06}","{""detection_events"":6,""detectors_checked"":7575552}"
     68608,         0,         0,    5.91,decoder_by_matrix,cd5aa4935a142b600239883e928f6c7fc9fbc8c84161e9ed59cf2551b7ebfc3d,"{""distance"":3,""physical_error_rate"":5e-05}","{""detection_events"":399,""detectors_checked"":3704832}"
    109568,         0,         0,    6.17,decoder_by_matrix,73784f3389b885bc1b704dac0b44b83e08b79da81bcec9ed749229213445f550,"{""distance"":3,""physical_error_rate"":1e-05}","{""detection_events"":129,""detectors_checked"":5916672}"
     51200,         0,         0,    6.16,decoder_by_matrix,5dee359087c4b9ae2c20477a4d5136d2695095b0438111838e7093c679bd3c20,"{""distance"":3,""physical_error_rate"":0.0005}","{""detection_events"":3231,""detectors_checked"":2764800}"
     52224,         1,         0,    6.16,decoder_by_matrix,5dee359087c4b9ae2c20477a4d5136d2695095b0438111838e7093c679bd3c20,"{""distance"":3,""physical_error_rate"":0.0005}","{""detection_events"":3288,""detectors_checked"":2820096,""obs_mistake_mask=E___"":1}"
     58368,         0,         0,    6.07,decoder_by_matrix,c8397cb2c46e4683a6f3970bc42cef1aabfef4d80cfcd6b8313e87630b680ee2,"{""distance"":3,""physical_error_rate"":0.0001}","{""detection_events"":771,""detectors_checked"":3151872}"
     63488,         0,         0,    5.71,decoder_by_matrix,cd5aa4935a142b600239883e928f6c7fc9fbc8c84161e9ed59cf2551b7ebfc3d,"{""distance"":3,""physical_error_rate"":5e-05}","{""detection_events"":426,""detectors_checked"":3428352}"
    148480,         0,         0,    8.51,decoder_by_matrix,73784f3389b885bc1b704dac0b44b83e08b79da81bcec9ed749229213445f550,"{""distance"":3,""physical_error_rate"":1e-05}","{""detection_events"":168,""detectors_checked"":8017920}"
    161792,         0,         0,    8.42,decoder_by_matrix,1222905ef2c3e0b3841e2be415851bad02a0949e12b9844f6b979980572eaa40,"{""distance"":3,""physical_error_rate"":5e-06}","{""detection_events"":111,""detectors_checked"":8736768}"
     79872,         0,         0,    8.42,decoder_by_matrix,c8397cb2c46e4683a6f3970bc42cef1aabfef4d80cfcd6b8313e87630b680ee2,"{""distance"":3,""physical_error_rate"":0.0001}","{""detection_events"":891,""detectors_checked"":4313088}"
    184320,         0,         0,    8.20,decoder_by_matrix,b3c6da8537ae85d54cd5acd57fc4d5a00e23be04de7c70760ac5fa4b0f5f70dc,"{""distance"":3,""physical_error_rate"":1e-06}","{""detection_events"":33,""detectors_checked"":9953280}"
     93184,         0,         0,    8.21,decoder_by_matrix,cd5aa4935a142b600239883e928f6c7fc9fbc8c84161e9ed59cf2551b7ebfc3d,"{""distance"":3,""physical_error_rate"":5e-05}","{""detection_events"":612,""detectors_checked"":5031936}"
    155648,         0,         0,    8.20,decoder_by_matrix,73784f3389b885bc1b704dac0b44b83e08b79da81bcec9ed749229213445f550,"{""distance"":3,""physical_error_rate"":1e-05}","{""detection_events"":144,""detectors_checked"":8404992}"
     71680,         2,         0,    8.25,decoder_by_matrix,5dee359087c4b9ae2c20477a4d5136d2695095b0438111838e7093c679bd3c20,"{""distance"":3,""physical_error_rate"":0.0005}","{""detection_events"":4407,""detectors_checked"":3870720,""obs_mistake_mask=_EEE"":1,""obs_mistake_mask=__E_"":1}"
     71680,         3,         0,    7.96,decoder_by_matrix,5dee359087c4b9ae2c20477a4d5136d2695095b0438111838e7093c679bd3c20,"{""distance"":3,""physical_error_rate"":0.0005}","{""detection_events"":4335,""detectors_checked"":3870720,""obs_mistake_mask=_EEE"":1,""obs_mistake_mask=__E_"":2}"
     77824,         1,         0,    8.20,decoder_by_matrix,c8397cb2c46e4683a6f3970bc42cef1aabfef4d80cfcd6b8313e87630b680ee2,"{""distance"":3,""physical_error_rate"":0.0001}","{""detection_events"":936,""detectors_checked"":4202496,""obs_mistake_mask=___E"":1}"
     95232,         0,         0,    8.20,decoder_by_matrix,cd5aa4935a142b600239883e928f6c7fc9fbc8c84161e9ed59cf2551b7ebfc3d,"{""distance"":3,""physical_error_rate"":5e-05}","{""detection_events"":537,""detectors_checked"":5142528}"
   2463744,         0,         0,   114.0,decoder_by_matrix,1222905ef2c3e0b3841e2be415851bad02a0949e12b9844f6b979980572eaa40,"{""distance"":3,""physical_error_rate"":5e-06}","{""detection_events"":1473,""detectors_checked"":133042176}"
   2766848,         0,         0,   114.7,decoder_by_matrix,b3c6da8537ae85d54cd5acd57fc4d5a00e23be04de7c70760ac5fa4b0f5f70dc,"{""distance"":3,""physical_error_rate"":1e-06}","{""detection_events"":324,""detectors_checked"":149409792}"
   1408000,         0,         0,   118.0,decoder_by_matrix,cd5aa4935a142b600239883e928f6c7fc9fbc8c84161e9ed59cf2551b7ebfc3d,"{""distance"":3,""physical_error_rate"":5e-05}","{""detection_events"":8232,""detectors_checked"":76032000}"
   2206720,         0,         0,   116.9,decoder_by_matrix,73784f3389b885bc1b704dac0b44b83e08b79da81bcec9ed749229213445f550,"{""distance"":3,""physical_error_rate"":1e-05}","{""detection_events"":2523,""detectors_checked"":119162880}"
   1164288,         1,         0,   117.0,decoder_by_matrix,c8397cb2c46e4683a6f3970bc42cef1aabfef4d80cfcd6b8313e87630b680ee2,"{""distance"":3,""physical_error_rate"":0.0001}","{""detection_events"":14283,""detectors_checked"":62871552,""obs_mistake_mask=_EE_"":1}"
   1053696,        27,         0,   117.2,decoder_by_matrix,5dee359087c4b9ae2c20477a4d5136d2695095b0438111838e7093c679bd3c20,"{""distance"":3,""physical_error_rate"":0.0005}","{""detection_events"":63627,""detectors_checked"":56899584,""obs_mistake_mask=E___"":2,""obs_mistake_mask=_EEE"":3,""obs_mistake_mask=_EE_"":3,""obs_mistake_mask=_E__"":5,""obs_mistake_mask=__EE"":1,""obs_mistake_mask=__E_"":5,""obs_mistake_mask=___E"":8}"
    231424,         0,         0,    11.2,decoder_by_matrix,1222905ef2c3e0b3841e2be415851bad02a0949e12b9844f6b979980572eaa40,"{""distance"":3,""physical_error_rate"":5e-06}","{""detection_events"":99,""detectors_checked"":12496896}"
    196608,         0,         0,    11.3,decoder_by_matrix,73784f3389b885bc1b704dac0b44b83e08b79da81bcec9ed749229213445f550,"{""distance"":3,""physical_error_rate"":1e-05}","{""detection_events"":270,""detectors_checked"":10616832}"
    106496,         0,         0,    11.1,decoder_by_matrix,c8397cb2c46e4683a6f3970bc42cef1aabfef4d80cfcd6b8313e87630b680ee2,"{""distance"":3,""physical_error_rate"":0.0001}","{""detection_events"":1443,""detectors_checked"":5750784}"
    253952,         0,         0,    11.6,decoder_by_matrix,b3c6da8537ae85d54cd5acd57fc4d5a00e23be04de7c70760ac5fa4b0f5f70dc,"{""distance"":3,""physical_error_rate"":1e-06}","{""detection_events"":33,""detectors_checked"":13713408}"
    133120,         0,         0,    11.7,decoder_by_matrix,cd5aa4935a142b600239883e928f6c7fc9fbc8c84161e9ed59cf2551b7ebfc3d,"{""distance"":3,""physical_error_rate"":5e-05}","{""detection_events"":729,""detectors_checked"":7188480}"
    210944,         0,         0,    11.5,decoder_by_matrix,73784f3389b885bc1b704dac0b44b83e08b79da81bcec9ed749229213445f550,"{""distance"":3,""physical_error_rate"":1e-05}","{""detection_events"":195,""detectors_checked"":11390976}"
     95232,         1,         0,    11.5,decoder_by_matrix,5dee359087c4b9ae2c20477a4d5136d2695095b0438111838e7093c679bd3c20,"{""distance"":3,""physical_error_rate"":0.0005}","{""detection_events"":5655,""detectors_checked"":5142528,""obs_mistake_mask=_EE_"":1}"
     96256,         1,         0,    11.6,decoder_by_matrix,5dee359087c4b9ae2c20477a4d5136d2695095b0438111838e7093c679bd3c20,"{""distance"":3,""physical_error_rate"":0.0005}","{""detection_events"":5907,""detectors_checked"":5197824,""obs_mistake_mask=__EE"":1}"
    130048,         0,         0,    11.6,decoder_by_matrix,cd5aa4935a142b600239883e928f6c7fc9fbc8c84161e9ed59cf2551b7ebfc3d,"{""distance"":3,""physical_error_rate"":5e-05}","{""detection_events"":810,""detectors_checked"":7022592}"
    114688,         0,         0,    11.9,decoder_by_matrix,c8397cb2c46e4683a6f3970bc42cef1aabfef4d80cfcd6b8313e87630b680ee2,"{""distance"":3,""physical_error_rate"":0.0001}","{""detection_events"":1131,""detectors_checked"":6193152}"
    329728,         0,         0,    16.0,decoder_by_matrix,1222905ef2c3e0b3841e2be415851bad02a0949e12b9844f6b979980572eaa40,"{""distance"":3,""physical_error_rate"":5e-06}","{""detection_events"":195,""detectors_checked"":17805312}"
    280576,         0,         0,    16.1,decoder_by_matrix,73784f3389b885bc1b704dac0b44b83e08b79da81bcec9ed749229213445f550,"{""distance"":3,""physical_error_rate"":1e-05}","{""detection_events"":366,""detectors_checked"":15151104}"
    159744,         0,         0,    15.9,decoder_by_matrix,c8397cb2c46e4683a6f3970bc42cef1aabfef4d80cfcd6b8313e87630b680ee2,"{""distance"":3,""physical_error_rate"":0.0001}","{""detection_events"":1620,""detectors_checked"":8626176}"
    363520,         0,         0,    16.3,decoder_by_matrix,b3c6da8537ae85d54cd5acd57fc4d5a00e23be04de7c70760ac5fa4b0f5f70dc,"{""distance"":3,""physical_error_rate"":1e-06}","{""detection_events"":54,""detectors_checked"":19630080}"
    189440,         0,         0,    16.2,decoder_by_matrix,cd5aa4935a142b600239883e928f6c7fc9fbc8c84161e9ed59cf2551b7ebfc3d,"{""distance"":3,""physical_error_rate"":5e-05}","{""detection_events"":1110,""detectors_checked"":10229760}"
    300032,         0,         0,    16.1,decoder_by_matrix,73784f3389b885bc1b704dac0b44b83e08b79da81bcec9ed749229213445f550,"{""distance"":3,""physical_error_rate"":1e-05}","{""detection_events"":342,""detectors_checked"":16201728}"
    141312,         1,         0,    16.2,decoder_by_matrix,5dee359087c4b9ae2c20477a4d5136d2695095b0438111838e7093c679bd3c20,"{""distance"":3,""physical_error_rate"":0.0005}","{""detection_events"":8649,""detectors_checked"":7630848,""obs_mistake_mask=_E_E"":1}"
    140288,         1,         0,    16.1,decoder_by_matrix,5dee359087c4b9ae2c20477a4d5136d2695095b0438111838e7093c679bd3c20,"{""distance"":3,""physical_error_rate"":0.0005}","{""detection_events"":8010,""detectors_checked"":7575552,""obs_mistake_mask=_EEE"":1}"
    191488,         0,         0,    16.3,decoder_by_matrix,cd5aa4935a142b600239883e928f6c7fc9fbc8c84161e9ed59cf2551b7ebfc3d,"{""distance"":3,""physical_error_rate"":5e-05}","{""detection_events"":1020,""detectors_checked"":10340352}"
    156672,         0,         0,    16.6,decoder_by_matrix,c8397cb2c46e4683a6f3970bc42cef1aabfef4d80cfcd6b8313e87630b680ee2,"{""distance"":3,""physical_error_rate"":0.0001}","{""detection_events"":1917,""detectors_checked"":8460288}"
    444416,         0,         0,    21.9,decoder_by_matrix,1222905ef2c3e0b3841e2be415851bad02a0949e12b9844f6b979980572eaa40,"{""distance"":3,""physical_error_rate"":5e-06}","{""detection_events"":282,""detectors_checked"":23998464}"
    219136,         0,         0,    23.0,decoder_by_matrix,c8397cb2c46e4683a6f3970bc42cef1aabfef4d80cfcd6b8313e87630b680ee2,"{""distance"":3,""physical_error_rate"":0.0001}","{""detection_events"":2532,""detectors_checked"":11833344}"
    400384,         0,         0,    21.7,decoder_by_matrix,73784f3389b885bc1b704dac0b44b83e08b79da81bcec9ed749229213445f550,"{""distance"":3,""physical_error_rate"":1e-05}","{""detection_events"":465,""detectors_checked"":21620736}"
    516096,         0,         0,    21.4,decoder_by_matrix,b3c6da8537ae85d54cd5acd57fc4d5a00e23be04de7c70760ac5fa4b0f5f70dc,"{""distance"":3,""physical_error_rate"":1e-06}","{""detection_events"":15,""detectors_checked"":27869184}"
    388096,         0,         0,    22.2,decoder_by_matrix,73784f3389b885bc1b704dac0b44b83e08b79da81bcec9ed749229213445f550,"{""distance"":3,""physical_error_rate"":1e-05}","{""detection_events"":558,""detectors_checked"":20957184}"
    246784,         1,         0,    21.9,decoder_by_matrix,cd5aa4935a142b600239883e928f6c7fc9fbc8c84161e9ed59cf2551b7ebfc3d,"{""distance"":3,""physical_error_rate"":5e-05}","{""detection_events"":1599,""detectors_checked"":13326336,""obs_mistake_mask=E___"":1}"
    192512,         2,         0,    23.0,decoder_by_matrix,5dee359087c4b9ae2c20477a4d5136d2695095b0438111838e7093c679bd3c20,"{""distance"":3,""physical_error_rate"":0.0005}","{""detection_events"":12030,""detectors_checked"":10395648,""obs_mistake_mask=_EEE"":1,""obs_mistake_mask=__E_"":1}"
    190464,         4,         0,    22.6,decoder_by_matrix,5dee359087c4b9ae2c20477a4d5136d2695095b0438111838e7093c679bd3c20,"{""distance"":3,""physical_error_rate"":0.0005}","{""detection_events"":11343,""detectors_checked"":10285056,""obs_mistake_mask=E___"":1,""obs_mistake_mask=_E_E"":2,""obs_mistake_mask=___E"":1}"
    252928,         0,         0,    22.3,decoder_by_matrix,cd5aa4935a142b600239883e928f6c7fc9fbc8c84161e9ed59cf2551b7ebfc3d,"{""distance"":3,""physical_error_rate"":5e-05}","{""detection_events"":1593,""detectors_checked"":13658112}"
    217088,         0,         0,    23.1,decoder_by_matrix,c8397cb2c46e4683a6f3970bc42cef1aabfef4d80cfcd6b8313e87630b680ee2,"{""distance"":3,""physical_error_rate"":0.0001}","{""detection_events"":2607,""detectors_checked"":11722752}"
    633856,         0,         0,    30.7,decoder_by_matrix,1222905ef2c3e0b3841e2be415851bad02a0949e12b9844f6b979980572eaa40,"{""distance"":3,""physical_error_rate"":5e-06}","{""detection_events"":333,""detectors_checked"":34228224}"
    572416,         0,         0,    31.0,decoder_by_matrix,73784f3389b885bc1b704dac0b44b83e08b79da81bcec9ed749229213445f550,"{""distance"":3,""physical_error_rate"":1e-05}","{""detection_events"":633,""detectors_checked"":30910464}"
    296960,         0,         0,    31.7,decoder_by_matrix,c8397cb2c46e4683a6f3970bc42cef1aabfef4d80cfcd6b8313e87630b680ee2,"{""distance"":3,""physical_error_rate"":0.0001}","{""detection_events"":3492,""detectors_checked"":16035840}"
    556032,         0,         0,    29.6,decoder_by_matrix,73784f3389b885bc1b704dac0b44b83e08b79da81bcec9ed749229213445f550,"{""distance"":3,""physical_error_rate"":1e-05}","{""detection_events"":735,""detectors_checked"":30025728}"
    700416,         0,         0,    31.1,decoder_by_matrix,b3c6da8537ae85d54cd5acd57fc4d5a00e23be04de7c70760ac5fa4b0f5f70dc,"{""distance"":3,""physical_error_rate"":1e-06}","{""detection_events"":132,""detectors_checked"":37822464}"
    362496,         0,         0,    30.9,decoder_by_matrix,cd5aa4935a142b600239883e928f6c7fc9fbc8c84161e9ed59cf2551b7ebfc3d,"{""distance"":3,""physical_error_rate"":5e-05}","{""detection_events"":2133,""detectors_checked"":19574784}"
   2646016,         0,         0,   114.9,decoder_by_matrix,b3c6da8537ae85d54cd5acd57fc4d5a00e23be04de7c70760ac5fa4b0f5f70dc,"{""distance"":3,""physical_error_rate"":1e-06}","{""detection_events"":240,""detectors_checked"":142884864}"
    268288,         1,         0,    31.7,decoder_by_matrix,5dee359087c4b9ae2c20477a4d5136d2695095b0438111838e7093c679bd3c20,"{""distance"":3,""physical_error_rate"":0.0005}","{""detection_events"":16452,""detectors_checked"":14487552,""obs_mistake_mask=__E_"":1}"
    270336,         4,         0,    30.7,decoder_by_matrix,5dee359087c4b9ae2c20477a4d5136d2695095b0438111838e7093c679bd3c20,"{""distance"":3,""physical_error_rate"":0.0005}","{""detection_events"":16455,""detectors_checked"":14598144,""obs_mistake_mask=_E__"":1,""obs_mistake_mask=__EE"":2,""obs_mistake_mask=__E_"":1}"
    363520,         0,         0,    31.2,decoder_by_matrix,cd5aa4935a142b600239883e928f6c7fc9fbc8c84161e9ed59cf2551b7ebfc3d,"{""distance"":3,""physical_error_rate"":5e-05}","{""detection_events"":2127,""detectors_checked"":19630080}"
   2375680,         0,         0,   116.0,decoder_by_matrix,1222905ef2c3e0b3841e2be415851bad02a0949e12b9844f6b979980572eaa40,"{""distance"":3,""physical_error_rate"":5e-06}","{""detection_events"":1356,""detectors_checked"":128286720}"
    299008,         0,         0,    30.9,decoder_by_matrix,c8397cb2c46e4683a6f3970bc42cef1aabfef4d80cfcd6b8313e87630b680ee2,"{""distance"":3,""physical_error_rate"":0.0001}","{""detection_events"":3678,""detectors_checked"":16146432}"
   1111040,         0,         0,   117.4,decoder_by_matrix,c8397cb2c46e4683a6f3970bc42cef1aabfef4d80cfcd6b8313e87630b680ee2,"{""distance"":3,""physical_error_rate"":0.0001}","{""detection_events"":13995,""detectors_checked"":59996160}"
   1318912,         0,         0,   116.3,decoder_by_matrix,cd5aa4935a142b600239883e928f6c7fc9fbc8c84161e9ed59cf2551b7ebfc3d,"{""distance"":3,""physical_error_rate"":5e-05}","{""detection_events"":8178,""detectors_checked"":71221248}"
   1003520,        20,         0,   117.6,decoder_by_matrix,5dee359087c4b9ae2c20477a4d5136d2695095b0438111838e7093c679bd3c20,"{""distance"":3,""physical_error_rate"":0.0005}","{""detection_events"":58719,""detectors_checked"":54190080,""obs_mistake_mask=E___"":2,""obs_mistake_mask=_EEE"":2,""obs_mistake_mask=_EE_"":1,""obs_mistake_mask=_E__"":7,""obs_mistake_mask=__EE"":4,""obs_mistake_mask=__E_"":1,""obs_mistake_mask=___E"":3}"
   2095104,         0,         0,   114.2,decoder_by_matrix,73784f3389b885bc1b704dac0b44b83e08b79da81bcec9ed749229213445f550,"{""distance"":3,""physical_error_rate"":1e-05}","{""detection_events"":2619,""detectors_checked"":113135616}"
   2329600,         0,         0,   116.2,decoder_by_matrix,1222905ef2c3e0b3841e2be415851bad02a0949e12b9844f6b979980572eaa40,"{""distance"":3,""physical_error_rate"":5e-06}","{""detection_events"":1497,""detectors_checked"":125798400}"
   1118208,         2,         0,   117.8,decoder_by_matrix,c8397cb2c46e4683a6f3970bc42cef1aabfef4d80cfcd6b8313e87630b680ee2,"{""distance"":3,""physical_error_rate"":0.0001}","{""detection_events"":13491,""detectors_checked"":60383232,""obs_mistake_mask=_EEE"":1,""obs_mistake_mask=___E"":1}"
   1008640,        19,         0,   117.8,decoder_by_matrix,5dee359087c4b9ae2c20477a4d5136d2695095b0438111838e7093c679bd3c20,"{""distance"":3,""physical_error_rate"":0.0005}","{""detection_events"":60681,""detectors_checked"":54466560,""obs_mistake_mask=E___"":2,""obs_mistake_mask=_EEE"":2,""obs_mistake_mask=_EE_"":1,""obs_mistake_mask=_E_E"":2,""obs_mistake_mask=_E__"":3,""obs_mistake_mask=__EE"":3,""obs_mistake_mask=__E_"":3,""obs_mistake_mask=___E"":3}"
   2335744,         0,         0,   115.8,decoder_by_matrix,1222905ef2c3e0b3841e2be415851bad02a0949e12b9844f6b979980572eaa40,"{""distance"":3,""physical_error_rate"":5e-06}","{""detection_events"":1341,""detectors_checked"":126130176}"
   2609152,         0,         0,   115.7,decoder_by_matrix,b3c6da8537ae85d54cd5acd57fc4d5a00e23be04de7c70760ac5fa4b0f5f70dc,"{""distance"":3,""physical_error_rate"":1e-06}","{""detection_events"":390,""detectors_checked"":140894208}"
   2120704,         0,         0,   114.3,decoder_by_matrix,73784f3389b885bc1b704dac0b44b83e08b79da81bcec9ed749229213445f550,"{""distance"":3,""physical_error_rate"":1e-05}","{""detection_events"":2481,""detectors_checked"":114518016}"
   1337344,         0,         0,   117.4,decoder_by_matrix,cd5aa4935a142b600239883e928f6c7fc9fbc8c84161e9ed59cf2551b7ebfc3d,"{""distance"":3,""physical_error_rate"":5e-05}","{""detection_events"":8121,""detectors_checked"":72216576}"
   1312768,         0,         0,   117.8,decoder_by_matrix,cd5aa4935a142b600239883e928f6c7fc9fbc8c84161e9ed59cf2551b7ebfc3d,"{""distance"":3,""physical_error_rate"":5e-05}","{""detection_events"":7761,""detectors_checked"":70889472}"
   2325504,         0,         0,   115.2,decoder_by_matrix,1222905ef2c3e0b3841e2be415851bad02a0949e12b9844f6b979980572eaa40,"{""distance"":3,""physical_error_rate"":5e-06}","{""detection_events"":1473,""detectors_checked"":125577216}"
   2634752,         0,         0,   114.0,decoder_by_matrix,b3c6da8537ae85d54cd5acd57fc4d5a00e23be04de7c70760ac5fa4b0f5f70dc,"{""distance"":3,""physical_error_rate"":1e-06}","{""detection_events"":252,""detectors_checked"":142276608}"
   1004544,        20,         0,   117.3,decoder_by_matrix,5dee359087c4b9ae2c20477a4d5136d2695095b0438111838e7093c679bd3c20,"{""distance"":3,""physical_error_rate"":0.0005}","{""detection_events"":60234,""detectors_checked"":54245376,""obs_mistake_mask=E___"":2,""obs_mistake_mask=_EEE"":2,""obs_mistake_mask=_EE_"":2,""obs_mistake_mask=_E_E"":3,""obs_mistake_mask=_E__"":5,""obs_mistake_mask=__EE"":1,""obs_mistake_mask=__E_"":4,""obs_mistake_mask=___E"":1}"
   2096128,         0,         0,   115.5,decoder_by_matrix,73784f3389b885bc1b704dac0b44b83e08b79da81bcec9ed749229213445f550,"{""distance"":3,""physical_error_rate"":1e-05}","{""detection_events"":2436,""detectors_checked"":113190912}"
   1115136,         2,         0,   116.5,decoder_by_matrix,c8397cb2c46e4683a6f3970bc42cef1aabfef4d80cfcd6b8313e87630b680ee2,"{""distance"":3,""physical_error_rate"":0.0001}","{""detection_events"":13686,""detectors_checked"":60217344,""obs_mistake_mask=_E__"":1,""obs_mistake_mask=___E"":1}"
   1367040,         0,         0,   116.6,decoder_by_matrix,cd5aa4935a142b600239883e928f6c7fc9fbc8c84161e9ed59cf2551b7ebfc3d,"{""distance"":3,""physical_error_rate"":5e-05}","{""detection_events"":7704,""detectors_checked"":73820160}"
   1005568,        20,         0,   116.2,decoder_by_matrix,5dee359087c4b9ae2c20477a4d5136d2695095b0438111838e7093c679bd3c20,"{""distance"":3,""physical_error_rate"":0.0005}","{""detection_events"":59904,""detectors_checked"":54300672,""obs_mistake_mask=E___"":1,""obs_mistake_mask=_EEE"":2,""obs_mistake_mask=_EE_"":1,""obs_mistake_mask=_E_E"":4,""obs_mistake_mask=_E__"":2,""obs_mistake_mask=__EE"":6,""obs_mistake_mask=__E_"":2,""obs_mistake_mask=___E"":2}"
   2646016,         0,         0,   115.0,decoder_by_matrix,b3c6da8537ae85d54cd5acd57fc4d5a00e23be04de7c70760ac5fa4b0f5f70dc,"{""distance"":3,""physical_error_rate"":1e-06}","{""detection_events"":279,""detectors_checked"":142884864}"
   2078720,         0,         0,   114.5,decoder_by_matrix,73784f3389b885bc1b704dac0b44b83e08b79da81bcec9ed749229213445f550,"{""distance"":3,""physical_error_rate"":1e-05}","{""detection_events"":2613,""detectors_checked"":112250880}"
   1007616,        16,         0,   117.5,decoder_by_matrix,5dee359087c4b9ae2c20477a4d5136d2695095b0438111838e7093c679bd3c20,"{""distance"":3,""physical_error_rate"":0.0005}","{""detection_events"":60354,""detectors_checked"":54411264,""obs_mistake_mask=E___"":2,""obs_mistake_mask=_EEE"":2,""obs_mistake_mask=_EE_"":3,""obs_mistake_mask=_E_E"":1,""obs_mistake_mask=_E__"":1,""obs_mistake_mask=__EE"":2,""obs_mistake_mask=__E_"":2,""obs_mistake_mask=___E"":3}"
   2609152,         0,         0,   113.0,decoder_by_matrix,b3c6da8537ae85d54cd5acd57fc4d5a00e23be04de7c70760ac5fa4b0f5f70dc,"{""distance"":3,""physical_error_rate"":1e-06}","{""detection_events"":372,""detectors_checked"":140894208}"
   2098176,         0,         0,   113.7,decoder_by_matrix,73784f3389b885bc1b704dac0b44b83e08b79da81bcec9ed749229213445f550,"{""distance"":3,""physical_error_rate"":1e-05}","{""detection_events"":2394,""detectors_checked"":113301504}"
   2328576,         0,         0,   116.5,decoder_by_matrix,1222905ef2c3e0b3841e2be415851bad02a0949e12b9844f6b979980572eaa40,"{""distance"":3,""physical_error_rate"":5e-06}","{""detection_events"":1527,""detectors_checked"":125743104}"
   1331200,         0,         0,   117.7,decoder_by_matrix,cd5aa4935a142b600239883e928f6c7fc9fbc8c84161e9ed59cf2551b7ebfc3d,"{""distance"":3,""physical_error_rate"":5e-05}","{""detection_events"":8187,""detectors_checked"":71884800}"
   2644992,         0,         0,   114.3,decoder_by_matrix,b3c6da8537ae85d54cd5acd57fc4d5a00e23be04de7c70760ac5fa4b0f5f70dc,"{""distance"":3,""physical_error_rate"":1e-06}","{""detection_events"":288,""detectors_checked"":142829568}"
   1133568,         2,         0,   117.3,decoder_by_matrix,c8397cb2c46e4683a6f3970bc42cef1aabfef4d80cfcd6b8313e87630b680ee2,"{""distance"":3,""physical_error_rate"":0.0001}","{""detection_events"":13527,""detectors_checked"":61212672,""obs_mistake_mask=_E__"":1,""obs_mistake_mask=__E_"":1}"
   1008640,        22,         0,   117.4,decoder_by_matrix,5dee359087c4b9ae2c20477a4d5136d2695095b0438111838e7093c679bd3c20,"{""distance"":3,""physical_error_rate"":0.0005}","{""detection_events"":60471,""detectors_checked"":54466560,""obs_mistake_mask=E___"":4,""obs_mistake_mask=_E_E"":4,""obs_mistake_mask=_E__"":2,""obs_mistake_mask=__EE"":1,""obs_mistake_mask=__E_"":4,""obs_mistake_mask=___E"":7}"
   1126400,         0,         0,   116.9,decoder_by_matrix,c8397cb2c46e4683a6f3970bc42cef1aabfef4d80cfcd6b8313e87630b680ee2,"{""distance"":3,""physical_error_rate"":0.0001}","{""detection_events"":13065,""detectors_checked"":60825600}"
   1344512,         1,         0,   115.6,decoder_by_matrix,cd5aa4935a142b600239883e928f6c7fc9fbc8c84161e9ed59cf2551b7ebfc3d,"{""distance"":3,""physical_error_rate"":5e-05}","{""detection_events"":7905,""detectors_checked"":72603648,""obs_mistake_mask=_E__"":1}"
   2345984,         0,         0,   117.1,decoder_by_matrix,1222905ef2c3e0b3841e2be415851bad02a0949e12b9844f6b979980572eaa40,"{""distance"":3,""physical_error_rate"":5e-06}","{""detection_events"":1455,""detectors_checked"":126683136}"
   1125376,         1,         0,   118.5,decoder_by_matrix,c8397cb2c46e4683a6f3970bc42cef1aabfef4d80cfcd6b8313e87630b680ee2,"{""distance"":3,""physical_error_rate"":0.0001}","{""detection_events"":13569,""detectors_checked"":60770304,""obs_mistake_mask=_E_E"":1}"
   2342912,         0,         0,   113.4,decoder_by_matrix,1222905ef2c3e0b3841e2be415851bad02a0949e12b9844f6b979980572eaa40,"{""distance"":3,""physical_error_rate"":5e-06}","{""detection_events"":1473,""detectors_checked"":126517248}"
   1119232,         3,         0,   117.4,decoder_by_matrix,c8397cb2c46e4683a6f3970bc42cef1aabfef4d80cfcd6b8313e87630b680ee2,"{""distance"":3,""physical_error_rate"":0.0001}","{""detection_events"":13008,""detectors_checked"":60438528,""obs_mistake_mask=_EE_"":1,""obs_mistake_mask=_E_E"":1,""obs_mistake_mask=__EE"":1}"
   1342464,         0,         0,   115.7,decoder_by_matrix,cd5aa4935a142b600239883e928f6c7fc9fbc8c84161e9ed59cf2551b7ebfc3d,"{""distance"":3,""physical_error_rate"":5e-05}","{""detection_events"":7827,""detectors_checked"":72493056}"
   2347008,         0,         0,   115.9,decoder_by_matrix,1222905ef2c3e0b3841e2be415851bad02a0949e12b9844f6b979980572eaa40,"{""distance"":3,""physical_error_rate"":5e-06}","{""detection_events"":1434,""detectors_checked"":126738432}"
   2113536,         0,         0,   115.7,decoder_by_matrix,73784f3389b885bc1b704dac0b44b83e08b79da81bcec9ed749229213445f550,"{""distance"":3,""physical_error_rate"":1e-05}","{""detection_events"":2373,""detectors_checked"":114130944}"
   2625536,         0,         0,   115.2,decoder_by_matrix,b3c6da8537ae85d54cd5acd57fc4d5a00e23be04de7c70760ac5fa4b0f5f70dc,"{""distance"":3,""physical_error_rate"":1e-06}","{""detection_events"":402,""detectors_checked"":141778944}"
   1007616,        26,         0,   116.7,decoder_by_matrix,5dee359087c4b9ae2c20477a4d5136d2695095b0438111838e7093c679bd3c20,"{""distance"":3,""physical_error_rate"":0.0005}","{""detection_events"":61239,""detectors_checked"":54411264,""obs_mistake_mask=E___"":2,""obs_mistake_mask=_EEE"":1,""obs_mistake_mask=_EE_"":2,""obs_mistake_mask=_E_E"":5,""obs_mistake_mask=_E__"":4,""obs_mistake_mask=__EE"":3,""obs_mistake_mask=__E_"":3,""obs_mistake_mask=___E"":6}"
   2615296,         0,         0,   114.0,decoder_by_matrix,b3c6da8537ae85d54cd5acd57fc4d5a00e23be04de7c70760ac5fa4b0f5f70dc,"{""distance"":3,""physical_error_rate"":1e-06}","{""detection_events"":348,""detectors_checked"":141225984}"
   1309696,         0,         0,   116.9,decoder_by_matrix,cd5aa4935a142b600239883e928f6c7fc9fbc8c84161e9ed59cf2551b7ebfc3d,"{""distance"":3,""physical_error_rate"":5e-05}","{""detection_events"":8127,""detectors_checked"":70723584}"
   2135040,         0,         0,   115.8,decoder_by_matrix,73784f3389b885bc1b704dac0b44b83e08b79da81bcec9ed749229213445f550,"{""distance"":3,""physical_error_rate"":1e-05}","{""detection_events"":2322,""detectors_checked"":115292160}"
   1120256,         0,         0,   116.6,decoder_by_matrix,c8397cb2c46e4683a6f3970bc42cef1aabfef4d80cfcd6b8313e87630b680ee2,"{""distance"":3,""physical_error_rate"":0.0001}","{""detection_events"":13629,""detectors_checked"":60493824}"
    998400,        20,         0,   117.6,decoder_by_matrix,5dee359087c4b9ae2c20477a4d5136d2695095b0438111838e7093c679bd3c20,"{""distance"":3,""physical_error_rate"":0.0005}","{""detection_events"":60174,""detectors_checked"":53913600,""obs_mistake_mask=_EE_"":1,""obs_mistake_mask=_E_E"":3,""obs_mistake_mask=_E__"":1,""obs_mistake_mask=__EE"":5,""obs_mistake_mask=__E_"":4,""obs_mistake_mask=___E"":6}"
   2096128,         0,         0,   115.4,decoder_by_matrix,73784f3389b885bc1b704dac0b44b83e08b79da81bcec9ed749229213445f550,"{""distance"":3,""physical_error_rate"":1e-05}","{""detection_events"":2460,""detectors_checked"":113190912}"
   1353728,         0,         0,   118.0,decoder_by_matrix,cd5aa4935a142b600239883e928f6c7fc9fbc8c84161e9ed59cf2551b7ebfc3d,"{""distance"":3,""physical_error_rate"":5e-05}","{""detection_events"":7734,""detectors_checked"":73101312}"
   2343936,         0,         0,   114.4,decoder_by_matrix,1222905ef2c3e0b3841e2be415851bad02a0949e12b9844f6b979980572eaa40,"{""distance"":3,""physical_error_rate"":5e-06}","{""detection_events"":1401,""detectors_checked"":126572544}"
   2644992,         0,         0,   113.6,decoder_by_matrix,b3c6da8537ae85d54cd5acd57fc4d5a00e23be04de7c70760ac5fa4b0f5f70dc,"{""distance"":3,""physical_error_rate"":1e-06}","{""detection_events"":264,""detectors_checked"":142829568}"
   1106944,         0,         0,   118.0,decoder_by_matrix,c8397cb2c46e4683a6f3970bc42cef1aabfef4d80cfcd6b8313e87630b680ee2,"{""distance"":3,""physical_error_rate"":0.0001}","{""detection_events"":14148,""detectors_checked"":59774976}"
   2109440,         0,         0,   114.5,decoder_by_matrix,73784f3389b885bc1b704dac0b44b83e08b79da81bcec9ed749229213445f550,"{""distance"":3,""physical_error_rate"":1e-05}","{""detection_events"":2511,""detectors_checked"":113909760}"
   1006592,        26,         0,   116.5,decoder_by_matrix,5dee359087c4b9ae2c20477a4d5136d2695095b0438111838e7093c679bd3c20,"{""distance"":3,""physical_error_rate"":0.0005}","{""detection_events"":60261,""detectors_checked"":54355968,""obs_mistake_mask=E___"":2,""obs_mistake_mask=_EEE"":3,""obs_mistake_mask=_EE_"":1,""obs_mistake_mask=_E_E"":2,""obs_mistake_mask=_E__"":3,""obs_mistake_mask=__EE"":5,""obs_mistake_mask=__E_"":6,""obs_mistake_mask=___E"":4}"
    884736,         0,         0,    42.4,decoder_by_matrix,1222905ef2c3e0b3841e2be415851bad02a0949e12b9844f6b979980572eaa40,"{""distance"":3,""physical_error_rate"":5e-06}","{""detection_events"":501,""detectors_checked"":47775744}"
    756736,         0,         0,    44.2,decoder_by_matrix,73784f3389b885bc1b704dac0b44b83e08b79da81bcec9ed749229213445f550,"{""distance"":3,""physical_error_rate"":1e-05}","{""detection_events"":1047,""detectors_checked"":40863744}"
    416768,         0,         0,    44.5,decoder_by_matrix,c8397cb2c46e4683a6f3970bc42cef1aabfef4d80cfcd6b8313e87630b680ee2,"{""distance"":3,""physical_error_rate"":0.0001}","{""detection_events"":5253,""detectors_checked"":22505472}"
    809984,         0,         0,    42.6,decoder_by_matrix,73784f3389b885bc1b704dac0b44b83e08b79da81bcec9ed749229213445f550,"{""distance"":3,""physical_error_rate"":1e-05}","{""detection_events"":870,""detectors_checked"":43739136}"
    995328,         0,         0,    42.5,decoder_by_matrix,b3c6da8537ae85d54cd5acd57fc4d5a00e23be04de7c70760ac5fa4b0f5f70dc,"{""distance"":3,""physical_error_rate"":1e-06}","{""detection_events"":105,""detectors_checked"":53747712}"
    503808,         0,         0,    43.6,decoder_by_matrix,cd5aa4935a142b600239883e928f6c7fc9fbc8c84161e9ed59cf2551b7ebfc3d,"{""distance"":3,""physical_error_rate"":5e-05}","{""detection_events"":2850,""detectors_checked"":27205632}"
    377856,         7,         0,    44.3,decoder_by_matrix,5dee359087c4b9ae2c20477a4d5136d2695095b0438111838e7093c679bd3c20,"{""distance"":3,""physical_error_rate"":0.0005}","{""detection_events"":22920,""detectors_checked"":20404224,""obs_mistake_mask=_EEE"":1,""obs_mistake_mask=_E_E"":2,""obs_mistake_mask=_E__"":2,""obs_mistake_mask=__EE"":2}"
    378880,         7,         0,    44.5,decoder_by_matrix,5dee359087c4b9ae2c20477a4d5136d2695095b0438111838e7093c679bd3c20,"{""distance"":3,""physical_error_rate"":0.0005}","{""detection_events"":22551,""detectors_checked"":20459520,""obs_mistake_mask=_EE_"":1,""obs_mistake_mask=_E_E"":1,""obs_mistake_mask=_E__"":3,""obs_mistake_mask=__EE"":1,""obs_mistake_mask=___E"":1}"
    505856,         1,         0,    43.9,decoder_by_matrix,cd5aa4935a142b600239883e928f6c7fc9fbc8c84161e9ed59cf2551b7ebfc3d,"{""distance"":3,""physical_error_rate"":5e-05}","{""detection_events"":3030,""detectors_checked"":27316224,""obs_mistake_mask=E___"":1}"
    425984,         0,         0,    44.4,decoder_by_matrix,c8397cb2c46e4683a6f3970bc42cef1aabfef4d80cfcd6b8313e87630b680ee2,"{""distance"":3,""physical_error_rate"":0.0001}","{""detection_events"":4731,""detectors_checked"":23003136}"
   1245184,         0,         0,    61.2,decoder_by_matrix,1222905ef2c3e0b3841e2be415851bad02a0949e12b9844f6b979980572eaa40,"{""distance"":3,""physical_error_rate"":5e-06}","{""detection_events"":720,""detectors_checked"":67239936}"
   1100800,         0,         0,    60.7,decoder_by_matrix,73784f3389b885bc1b704dac0b44b83e08b79da81bcec9ed749229213445f550,"{""distance"":3,""physical_error_rate"":1e-05}","{""detection_events"":1221,""detectors_checked"":59443200}"
    595968,         1,         0,    61.7,decoder_by_matrix,c8397cb2c46e4683a6f3970bc42cef1aabfef4d80cfcd6b8313e87630b680ee2,"{""distance"":3,""physical_error_rate"":0.0001}","{""detection_events"":6834,""detectors_checked"":32182272,""obs_mistake_mask=E___"":1}"
   1094656,         0,         0,    61.2,decoder_by_matrix,73784f3389b885bc1b704dac0b44b83e08b79da81bcec9ed749229213445f550,"{""distance"":3,""physical_error_rate"":1e-05}","{""detection_events"":1242,""detectors_checked"":59111424}"
   1374208,         0,         0,    60.3,decoder_by_matrix,b3c6da8537ae85d54cd5acd57fc4d5a00e23be04de7c70760ac5fa4b0f5f70dc,"{""distance"":3,""physical_error_rate"":1e-06}","{""detection_events"":216,""detectors_checked"":74207232}"
    522240,        12,         0,    61.1,decoder_by_matrix,5dee359087c4b9ae2c20477a4d5136d2695095b0438111838e7093c679bd3c20,"{""distance"":3,""physical_error_rate"":0.0005}","{""detection_events"":31119,""detectors_checked"":28200960,""obs_mistake_mask=_EEE"":3,""obs_mistake_mask=_E_E"":1,""obs_mistake_mask=_E__"":2,""obs_mistake_mask=__EE"":1,""obs_mistake_mask=__E_"":2,""obs_mistake_mask=___E"":3}"
    700416,         0,         0,    62.2,decoder_by_matrix,cd5aa4935a142b600239883e928f6c7fc9fbc8c84161e9ed59cf2551b7ebfc3d,"{""distance"":3,""physical_error_rate"":5e-05}","{""detection_events"":4158,""detectors_checked"":37822464}"
    528384,        10,         0,    61.6,decoder_by_matrix,5dee359087c4b9ae2c20477a4d5136d2695095b0438111838e7093c679bd3c20,"{""distance"":3,""physical_error_rate"":0.0005}","{""detection_events"":31422,""detectors_checked"":28532736,""obs_mistake_mask=_EEE"":2,""obs_mistake_mask=_EE_"":1,""obs_mistake_mask=_E_E"":2,""obs_mistake_mask=_E__"":1,""obs_mistake_mask=__EE"":1,""obs_mistake_mask=___E"":3}"
    703488,         1,         0,    61.7,decoder_by_matrix,cd5aa4935a142b600239883e928f6c7fc9fbc8c84161e9ed59cf2551b7ebfc3d,"{""distance"":3,""physical_error_rate"":5e-05}","{""detection_events"":4203,""detectors_checked"":37988352,""obs_mistake_mask=_E__"":1}"
    583680,         1,         0,    62.7,decoder_by_matrix,c8397cb2c46e4683a6f3970bc42cef1aabfef4d80cfcd6b8313e87630b680ee2,"{""distance"":3,""physical_error_rate"":0.0001}","{""detection_events"":7083,""detectors_checked"":31518720,""obs_mistake_mask=_E__"":1}"
   2626560,         0,         0,   115.4,decoder_by_matrix,b3c6da8537ae85d54cd5acd57fc4d5a00e23be04de7c70760ac5fa4b0f5f70dc,"{""distance"":3,""physical_error_rate"":1e-06}","{""detection_events"":336,""detectors_checked"":141834240}"
   2360320,         0,         0,   115.7,decoder_by_matrix,1222905ef2c3e0b3841e2be415851bad02a0949e12b9844f6b979980572eaa40,"{""distance"":3,""physical_error_rate"":5e-06}","{""detection_events"":1428,""detectors_checked"":127457280}"
   1122304,         1,         0,   118.3,decoder_by_matrix,c8397cb2c46e4683a6f3970bc42cef1aabfef4d80cfcd6b8313e87630b680ee2,"{""distance"":3,""physical_error_rate"":0.0001}","{""detection_events"":13551,""detectors_checked"":60604416,""obs_mistake_mask=___E"":1}"
   1336320,         0,         0,   117.3,decoder_by_matrix,cd5aa4935a142b600239883e928f6c7fc9fbc8c84161e9ed59cf2551b7ebfc3d,"{""distance"":3,""physical_error_rate"":5e-05}","{""detection_events"":7830,""detectors_checked"":72161280}"
   2075648,         0,         0,   116.5,decoder_by_matrix,73784f3389b885bc1b704dac0b44b83e08b79da81bcec9ed749229213445f550,"{""distance"":3,""physical_error_rate"":1e-05}","{""detection_events"":2502,""detectors_checked"":112084992}"
   1001472,        25,         0,   117.7,decoder_by_matrix,5dee359087c4b9ae2c20477a4d5136d2695095b0438111838e7093c679bd3c20,"{""distance"":3,""physical_error_rate"":0.0005}","{""detection_events"":60852,""detectors_checked"":54079488,""obs_mistake_mask=EE_E"":1,""obs_mistake_mask=E___"":4,""obs_mistake_mask=_EEE"":5,""obs_mistake_mask=_EE_"":5,""obs_mistake_mask=_E_E"":1,""obs_mistake_mask=_E__"":2,""obs_mistake_mask=__EE"":1,""obs_mistake_mask=__E_"":4,""obs_mistake_mask=___E"":2}"
   2339840,         0,         0,   116.3,decoder_by_matrix,1222905ef2c3e0b3841e2be415851bad02a0949e12b9844f6b979980572eaa40,"{""distance"":3,""physical_error_rate"":5e-06}","{""detection_events"":1431,""detectors_checked"":126351360}"
   1010688,        24,         0,   117.6,decoder_by_matrix,5dee359087c4b9ae2c20477a4d5136d2695095b0438111838e7093c679bd3c20,"{""distance"":3,""physical_error_rate"":0.0005}","{""detection_events"":60531,""detectors_checked"":54577152,""obs_mistake_mask=E___"":2,""obs_mistake_mask=_EEE"":1,""obs_mistake_mask=_E_E"":2,""obs_mistake_mask=_E__"":8,""obs_mistake_mask=__EE"":1,""obs_mistake_mask=__E_"":6,""obs_mistake_mask=___E"":4}"
   1129472,         2,         0,   117.7,decoder_by_matrix,c8397cb2c46e4683a6f3970bc42cef1aabfef4d80cfcd6b8313e87630b680ee2,"{""distance"":3,""physical_error_rate"":0.0001}","{""detection_events"":13677,""detectors_checked"":60991488,""obs_mistake_mask=E___"":1,""obs_mistake_mask=__EE"":1}"
   2347008,         0,         0,   116.3,decoder_by_matrix,1222905ef2c3e0b3841e2be415851bad02a0949e12b9844f6b979980572eaa40,"{""distance"":3,""physical_error_rate"":5e-06}","{""detection_events"":1473,""detectors_checked"":126738432}"
   2639872,         0,         0,   115.4,decoder_by_matrix,b3c6da8537ae85d54cd5acd57fc4d5a00e23be04de7c70760ac5fa4b0f5f70dc,"{""distance"":3,""physical_error_rate"":1e-06}","{""detection_events"":321,""detectors_checked"":142553088}"
   1312768,         1,         0,   116.9,decoder_by_matrix,cd5aa4935a142b600239883e928f6c7fc9fbc8c84161e9ed59cf2551b7ebfc3d,"{""distance"":3,""physical_error_rate"":5e-05}","{""detection_events"":7695,""detectors_checked"":70889472,""obs_mistake_mask=__E_"":1}"
   1354752,         0,         0,   116.4,decoder_by_matrix,cd5aa4935a142b600239883e928f6c7fc9fbc8c84161e9ed59cf2551b7ebfc3d,"{""distance"":3,""physical_error_rate"":5e-05}","{""detection_events"":7986,""detectors_checked"":73156608}"
   2124800,         0,         0,   118.2,decoder_by_matrix,73784f3389b885bc1b704dac0b44b83e08b79da81bcec9ed749229213445f550,"{""distance"":3,""physical_error_rate"":1e-05}","{""detection_events"":2277,""detectors_checked"":114739200}"
   2609152,         0,         0,   113.9,decoder_by_matrix,b3c6da8537ae85d54cd5acd57fc4d5a00e23be04de7c70760ac5fa4b0f5f70dc,"{""distance"":3,""physical_error_rate"":1e-06}","{""detection_events"":354,""detectors_checked"":140894208}"
   2049024,         0,         0,   118.2,decoder_by_matrix,73784f3389b885bc1b704dac0b44b83e08b79da81bcec9ed749229213445f550,"{""distance"":3,""physical_error_rate"":1e-05}","{""detection_events"":2715,""detectors_checked"":110647296}"
   2363392,         0,         0,   114.0,decoder_by_matrix,1222905ef2c3e0b3841e2be415851bad02a0949e12b9844f6b979980572eaa40,"{""distance"":3,""physical_error_rate"":5e-06}","{""detection_events"":1377,""detectors_checked"":127623168}"
   1123328,         1,         0,   117.1,decoder_by_matrix,c8397cb2c46e4683a6f3970bc42cef1aabfef4d80cfcd6b8313e87630b680ee2,"{""distance"":3,""physical_error_rate"":0.0001}","{""detection_events"":13641,""detectors_checked"":60659712,""obs_mistake_mask=___E"":1}"
   1009664,        21,         0,   117.2,decoder_by_matrix,5dee359087c4b9ae2c20477a4d5136d2695095b0438111838e7093c679bd3c20,"{""distance"":3,""physical_error_rate"":0.0005}","{""detection_events"":59808,""detectors_checked"":54521856,""obs_mistake_mask=_EEE"":3,""obs_mistake_mask=_EE_"":1,""obs_mistake_mask=_E_E"":5,""obs_mistake_mask=_E__"":6,""obs_mistake_mask=__EE"":1,""obs_mistake_mask=__E_"":3,""obs_mistake_mask=___E"":2}"
   1009664,        22,         0,   117.2,decoder_by_matrix,5dee359087c4b9ae2c20477a4d5136d2695095b0438111838e7093c679bd3c20,"{""distance"":3,""physical_error_rate"":0.0005}","{""detection_events"":59244,""detectors_checked"":54521856,""obs_mistake_mask=_EEE"":3,""obs_mistake_mask=_EE_"":1,""obs_mistake_mask=_E_E"":3,""obs_mistake_mask=_E__"":6,""obs_mistake_mask=__EE"":2,""obs_mistake_mask=__E_"":3,""obs_mistake_mask=___E"":4}"
   1334272,         0,         0,   117.7,decoder_by_matrix,cd5aa4935a142b600239883e928f6c7fc9fbc8c84161e9ed59cf2551b7ebfc3d,"{""distance"":3,""physical_error_rate"":5e-05}","{""detection_events"":8172,""detectors_checked"":72050688}"
   2634752,         0,         0,   115.2,decoder_by_matrix,b3c6da8537ae85d54cd5acd57fc4d5a00e23be04de7c70760ac5fa4b0f5f70dc,"{""distance"":3,""physical_error_rate"":1e-06}","{""detection_events"":348,""detectors_checked"":142276608}"
   2086912,         0,         0,   116.7,decoder_by_matrix,73784f3389b885bc1b704dac0b44b83e08b79da81bcec9ed749229213445f550,"{""distance"":3,""physical_error_rate"":1e-05}","{""detection_events"":2481,""detectors_checked"":112693248}"
   1006592,        20,         0,   117.6,decoder_by_matrix,5dee359087c4b9ae2c20477a4d5136d2695095b0438111838e7093c679bd3c20,"{""distance"":3,""physical_error_rate"":0.0005}","{""detection_events"":59685,""detectors_checked"":54355968,""obs_mistake_mask=E___"":1,""obs_mistake_mask=_EEE"":1,""obs_mistake_mask=_EE_"":2,""obs_mistake_mask=_E_E"":1,""obs_mistake_mask=_E__"":1,""obs_mistake_mask=__EE"":4,""obs_mistake_mask=__E_"":5,""obs_mistake_mask=___E"":5}"
   2356224,         0,         0,   113.5,decoder_by_matrix,1222905ef2c3e0b3841e2be415851bad02a0949e12b9844f6b979980572eaa40,"{""distance"":3,""physical_error_rate"":5e-06}","{""detection_events"":1383,""detectors_checked"":127236096}"
   2620416,         0,         0,   114.9,decoder_by_matrix,b3c6da8537ae85d54cd5acd57fc4d5a00e23be04de7c70760ac5fa4b0f5f70dc,"{""distance"":3,""physical_error_rate"":1e-06}","{""detection_events"":342,""detectors_checked"":141502464}"
   2102272,         0,         0,   115.7,decoder_by_matrix,73784f3389b885bc1b704dac0b44b83e08b79da81bcec9ed749229213445f550,"{""distance"":3,""physical_error_rate"":1e-05}","{""detection_events"":2385,""detectors_checked"":113522688}"
   2630656,         0,         0,   115.9,decoder_by_matrix,b3c6da8537ae85d54cd5acd57fc4d5a00e23be04de7c70760ac5fa4b0f5f70dc,"{""distance"":3,""physical_error_rate"":1e-06}","{""detection_events"":330,""detectors_checked"":142055424}"
   1337344,         0,         0,   117.4,decoder_by_matrix,cd5aa4935a142b600239883e928f6c7fc9fbc8c84161e9ed59cf2551b7ebfc3d,"{""distance"":3,""physical_error_rate"":5e-05}","{""detection_events"":8007,""detectors_checked"":72216576}"
   1140736,         0,         0,   118.3,decoder_by_matrix,c8397cb2c46e4683a6f3970bc42cef1aabfef4d80cfcd6b8313e87630b680ee2,"{""distance"":3,""physical_error_rate"":0.0001}","{""detection_events"":12936,""detectors_checked"":61599744}"
   1008640,        24,         0,   116.7,decoder_by_matrix,5dee359087c4b9ae2c20477a4d5136d2695095b0438111838e7093c679bd3c20,"{""distance"":3,""physical_error_rate"":0.0005}","{""detection_events"":59880,""detectors_checked"":54466560,""obs_mistake_mask=E___"":3,""obs_mistake_mask=_EEE"":2,""obs_mistake_mask=_EE_"":1,""obs_mistake_mask=_E_E"":3,""obs_mistake_mask=_E__"":4,""obs_mistake_mask=__EE"":2,""obs_mistake_mask=__E_"":4,""obs_mistake_mask=___E"":5}"
   1136640,         0,         0,   118.0,decoder_by_matrix,c8397cb2c46e4683a6f3970bc42cef1aabfef4d80cfcd6b8313e87630b680ee2,"{""distance"":3,""physical_error_rate"":0.0001}","{""detection_events"":13596,""detectors_checked"":61378560}"
   1124352,         2,         0,   118.3,decoder_by_matrix,c8397cb2c46e4683a6f3970bc42cef1aabfef4d80cfcd6b8313e87630b680ee2,"{""distance"":3,""physical_error_rate"":0.0001}","{""detection_events"":13437,""detectors_checked"":60715008,""obs_mistake_mask=___E"":2}"
   1317888,         1,         0,   117.4,decoder_by_matrix,cd5aa4935a142b600239883e928f6c7fc9fbc8c84161e9ed59cf2551b7ebfc3d,"{""distance"":3,""physical_error_rate"":5e-05}","{""detection_events"":8268,""detectors_checked"":71165952,""obs_mistake_mask=_EEE"":1}"
   2353152,         0,         0,   115.4,decoder_by_matrix,1222905ef2c3e0b3841e2be415851bad02a0949e12b9844f6b979980572eaa40,"{""distance"":3,""physical_error_rate"":5e-06}","{""detection_events"":1374,""detectors_checked"":127070208}"
   2357248,         0,         0,   116.6,decoder_by_matrix,1222905ef2c3e0b3841e2be415851bad02a0949e12b9844f6b979980572eaa40,"{""distance"":3,""physical_error_rate"":5e-06}","{""detection_events"":1416,""detectors_checked"":127291392}"
   1122304,         0,         0,   118.1,decoder_by_matrix,c8397cb2c46e4683a6f3970bc42cef1aabfef4d80cfcd6b8313e87630b680ee2,"{""distance"":3,""physical_error_rate"":0.0001}","{""detection_events"":13557,""detectors_checked"":60604416}"
   2356224,         0,         0,   115.9,decoder_by_matrix,1222905ef2c3e0b3841e2be415851bad02a0949e12b9844f6b979980572eaa40,"{""distance"":3,""physical_error_rate"":5e-06}","{""detection_events"":1410,""detectors_checked"":127236096}"
   1353728,         0,         0,   117.7,decoder_by_matrix,cd5aa4935a142b600239883e928f6c7fc9fbc8c84161e9ed59cf2551b7ebfc3d,"{""distance"":3,""physical_error_rate"":5e-05}","{""detection_events"":7896,""detectors_checked"":73101312}"
   2634752,         0,         0,   114.2,decoder_by_matrix,b3c6da8537ae85d54cd5acd57fc4d5a00e23be04de7c70760ac5fa4b0f5f70dc,"{""distance"":3,""physical_error_rate"":1e-06}","{""detection_events"":375,""detectors_checked"":142276608}"
   2080768,         0,         0,   115.2,decoder_by_matrix,73784f3389b885bc1b704dac0b44b83e08b79da81bcec9ed749229213445f550,"{""distance"":3,""physical_error_rate"":1e-05}","{""detection_events"":2631,""detectors_checked"":112361472}"
   1008640,        32,         0,   117.6,decoder_by_matrix,5dee359087c4b9ae2c20477a4d5136d2695095b0438111838e7093c679bd3c20,"{""distance"":3,""physical_error_rate"":0.0005}","{""detection_events"":59748,""detectors_checked"":54466560,""obs_mistake_mask=_EEE"":3,""obs_mistake_mask=_EE_"":3,""obs_mistake_mask=_E_E"":9,""obs_mistake_mask=_E__"":5,""obs_mistake_mask=__E_"":7,""obs_mistake_mask=___E"":5}"
   2606080,         0,         0,   116.7,decoder_by_matrix,b3c6da8537ae85d54cd5acd57fc4d5a00e23be04de7c70760ac5fa4b0f5f70dc,"{""distance"":3,""physical_error_rate"":1e-06}","{""detection_events"":405,""detectors_checked"":140728320}"
   1339392,         0,         0,   116.6,decoder_by_matrix,cd5aa4935a142b600239883e928f6c7fc9fbc8c84161e9ed59cf2551b7ebfc3d,"{""distance"":3,""physical_error_rate"":5e-05}","{""detection_events"":7740,""detectors_checked"":72327168}"
   2077696,         0,         0,   115.9,decoder_by_matrix,73784f3389b885bc1b704dac0b44b83e08b79da81bcec9ed749229213445f550,"{""distance"":3,""physical_error_rate"":1e-05}","{""detection_events"":2607,""detectors_checked"":112195584}"
    999424,        15,         0,   118.8,decoder_by_matrix,5dee359087c4b9ae2c20477a4d5136d2695095b0438111838e7093c679bd3c20,"{""distance"":3,""physical_error_rate"":0.0005}","{""detection_events"":58323,""detectors_checked"":53968896,""obs_mistake_mask=E___"":2,""obs_mistake_mask=_EEE"":2,""obs_mistake_mask=_EE_"":3,""obs_mistake_mask=_E__"":2,""obs_mistake_mask=__EE"":1,""obs_mistake_mask=__E_"":2,""obs_mistake_mask=___E"":3}"
   1125376,         0,         0,   116.9,decoder_by_matrix,c8397cb2c46e4683a6f3970bc42cef1aabfef4d80cfcd6b8313e87630b680ee2,"{""distance"":3,""physical_error_rate"":0.0001}","{""detection_events"":13416,""detectors_checked"":60770304}"
   2101248,         0,         0,   116.1,decoder_by_matrix,73784f3389b885bc1b704dac0b44b83e08b79da81bcec9ed749229213445f550,"{""distance"":3,""physical_error_rate"":1e-05}","{""detection_events"":2448,""detectors_checked"":113467392}"
   1346560,         0,         0,   116.1,decoder_by_matrix,cd5aa4935a142b600239883e928f6c7fc9fbc8c84161e9ed59cf2551b7ebfc3d,"{""distance"":3,""physical_error_rate"":5e-05}","{""detection_events"":7836,""detectors_checked"":72714240}"
   2333696,         0,         0,   115.9,decoder_by_matrix,1222905ef2c3e0b3841e2be415851bad02a0949e12b9844f6b979980572eaa40,"{""distance"":3,""physical_error_rate"":5e-06}","{""detection_events"":1416,""detectors_checked"":126019584}"
   2651136,         0,         0,   113.6,decoder_by_matrix,b3c6da8537ae85d54cd5acd57fc4d5a00e23be04de7c70760ac5fa4b0f5f70dc,"{""distance"":3,""physical_error_rate"":1e-06}","{""detection_events"":261,""detectors_checked"":143161344}"
   1005568,        19,         0,   116.9,decoder_by_matrix,5dee359087c4b9ae2c20477a4d5136d2695095b0438111838e7093c679bd3c20,"{""distance"":3,""physical_error_rate"":0.0005}","{""detection_events"":60087,""detectors_checked"":54300672,""obs_mistake_mask=E___"":3,""obs_mistake_mask=_EEE"":3,""obs_mistake_mask=_EE_"":2,""obs_mistake_mask=_E_E"":3,""obs_mistake_mask=__EE"":4,""obs_mistake_mask=__E_"":3,""obs_mistake_mask=___E"":1}"
   1127424,         1,         0,   118.6,decoder_by_matrix,c8397cb2c46e4683a6f3970bc42cef1aabfef4d80cfcd6b8313e87630b680ee2,"{""distance"":3,""physical_error_rate"":0.0001}","{""detection_events"":13746,""detectors_checked"":60880896,""obs_mistake_mask=_E__"":1}"
   2118656,         0,         0,   117.1,decoder_by_matrix,73784f3389b885bc1b704dac0b44b83e08b79da81bcec9ed749229213445f550,"{""distance"":3,""physical_error_rate"":1e-05}","{""detection_events"":2436,""detectors_checked"":114407424}"
   1697792,         0,         0,    84.0,decoder_by_matrix,1222905ef2c3e0b3841e2be415851bad02a0949e12b9844f6b979980572eaa40,"{""distance"":3,""physical_error_rate"":5e-06}","{""detection_events"":1098,""detectors_checked"":91680768}"
   1533952,         0,         0,    84.5,decoder_by_matrix,73784f3389b885bc1b704dac0b44b83e08b79da81bcec9ed749229213445f550,"{""distance"":3,""physical_error_rate"":1e-05}","{""detection_events"":1962,""detectors_checked"":82833408}"
    844800,         0,         0,    87.1,decoder_by_matrix,c8397cb2c46e4683a6f3970bc42cef1aabfef4d80cfcd6b8313e87630b680ee2,"{""distance"":3,""physical_error_rate"":0.0001}","{""detection_events"":9810,""detectors_checked"":45619200}"
   1537024,         0,         0,    85.4,decoder_by_matrix,73784f3389b885bc1b704dac0b44b83e08b79da81bcec9ed749229213445f550,"{""distance"":3,""physical_error_rate"":1e-05}","{""detection_events"":1863,""detectors_checked"":82999296}"
   1947648,         0,         0,    83.9,decoder_by_matrix,b3c6da8537ae85d54cd5acd57fc4d5a00e23be04de7c70760ac5fa4b0f5f70dc,"{""distance"":3,""physical_error_rate"":1e-06}","{""detection_events"":243,""detectors_checked"":105172992}"
    740352,        18,         0,    85.9,decoder_by_matrix,5dee359087c4b9ae2c20477a4d5136d2695095b0438111838e7093c679bd3c20,"{""distance"":3,""physical_error_rate"":0.0005}","{""detection_events"":44520,""detectors_checked"":39979008,""obs_mistake_mask=E___"":1,""obs_mistake_mask=_EEE"":1,""obs_mistake_mask=_EE_"":1,""obs_mistake_mask=_E_E"":3,""obs_mistake_mask=_E__"":5,""obs_mistake_mask=__EE"":1,""obs_mistake_mask=__E_"":3,""obs_mistake_mask=___E"":3}"
    985088,         0,         0,    86.4,decoder_by_matrix,cd5aa4935a142b600239883e928f6c7fc9fbc8c84161e9ed59cf2551b7ebfc3d,"{""distance"":3,""physical_error_rate"":5e-05}","{""detection_events"":5895,""detectors_checked"":53194752}"
    740352,        17,         0,    87.7,decoder_by_matrix,5dee359087c4b9ae2c20477a4d5136d2695095b0438111838e7093c679bd3c20,"{""distance"":3,""physical_error_rate"":0.0005}","{""detection_events"":45234,""detectors_checked"":39979008,""obs_mistake_mask=E___"":2,""obs_mistake_mask=_EEE"":3,""obs_mistake_mask=_EE_"":2,""obs_mistake_mask=_E_E"":2,""obs_mistake_mask=__EE"":2,""obs_mistake_mask=__E_"":4,""obs_mistake_mask=___E"":2}"
    974848,         0,         0,    84.6,decoder_by_matrix,cd5aa4935a142b600239883e928f6c7fc9fbc8c84161e9ed59cf2551b7ebfc3d,"{""distance"":3,""physical_error_rate"":5e-05}","{""detection_events"":5817,""detectors_checked"":52641792}"
    819200,         0,         0,    87.4,decoder_by_matrix,c8397cb2c46e4683a6f3970bc42cef1aabfef4d80cfcd6b8313e87630b680ee2,"{""distance"":3,""physical_error_rate"":0.0001}","{""detection_events"":10443,""detectors_checked"":44236800}"
   2649088,         0,         0,   113.8,decoder_by_matrix,b3c6da8537ae85d54cd5acd57fc4d5a00e23be04de7c70760ac5fa4b0f5f70dc,"{""distance"":3,""physical_error_rate"":1e-06}","{""detection_events"":237,""detectors_checked"":143050752}"
   2355200,         0,         0,   115.3,decoder_by_matrix,1222905ef2c3e0b3841e2be415851bad02a0949e12b9844f6b979980572eaa40,"{""distance"":3,""physical_error_rate"":5e-06}","{""detection_events"":1473,""detectors_checked"":127180800}"
   1120256,         2,         0,   118.5,decoder_by_matrix,c8397cb2c46e4683a6f3970bc42cef1aabfef4d80cfcd6b8313e87630b680ee2,"{""distance"":3,""physical_error_rate"":0.0001}","{""detection_events"":13461,""detectors_checked"":60493824,""obs_mistake_mask=E___"":1,""obs_mistake_mask=___E"":1}"
   1340416,         1,         0,   116.8,decoder_by_matrix,cd5aa4935a142b600239883e928f6c7fc9fbc8c84161e9ed59cf2551b7ebfc3d,"{""distance"":3,""physical_error_rate"":5e-05}","{""detection_events"":7953,""detectors_checked"":72382464,""obs_mistake_mask=_EE_"":1}"
   2061312,         0,         0,   116.5,decoder_by_matrix,73784f3389b885bc1b704dac0b44b83e08b79da81bcec9ed749229213445f550,"{""distance"":3,""physical_error_rate"":1e-05}","{""detection_events"":2565,""detectors_checked"":111310848}"
    999424,        25,         0,   118.3,decoder_by_matrix,5dee359087c4b9ae2c20477a4d5136d2695095b0438111838e7093c679bd3c20,"{""distance"":3,""physical_error_rate"":0.0005}","{""detection_events"":59646,""detectors_checked"":53968896,""obs_mistake_mask=_EEE"":3,""obs_mistake_mask=_EE_"":6,""obs_mistake_mask=_E_E"":2,""obs_mistake_mask=_E__"":5,""obs_mistake_mask=__EE"":2,""obs_mistake_mask=__E_"":5,""obs_mistake_mask=___E"":2}"
   2361344,         0,         0,   114.6,decoder_by_matrix,1222905ef2c3e0b3841e2be415851bad02a0949e12b9844f6b979980572eaa40,"{""distance"":3,""physical_error_rate"":5e-06}","{""detection_events"":1359,""detectors_checked"":127512576}"
   1110016,         0,         0,   116.9,decoder_by_matrix,c8397cb2c46e4683a6f3970bc42cef1aabfef4d80cfcd6b8313e87630b680ee2,"{""distance"":3,""physical_error_rate"":0.0001}","{""detection_events"":13716,""detectors_checked"":59940864}"
   2351104,         0,         0,   115.9,decoder_by_matrix,1222905ef2c3e0b3841e2be415851bad02a0949e12b9844f6b979980572eaa40,"{""distance"":3,""physical_error_rate"":5e-06}","{""detection_events"":1299,""detectors_checked"":126959616}"
   1010688,        22,         0,   116.7,decoder_by_matrix,5dee359087c4b9ae2c20477a4d5136d2695095b0438111838e7093c679bd3c20,"{""distance"":3,""physical_error_rate"":0.0005}","{""detection_events"":61962,""detectors_checked"":54577152,""obs_mistake_mask=E___"":2,""obs_mistake_mask=_EEE"":3,""obs_mistake_mask=_EE_"":3,""obs_mistake_mask=_E_E"":2,""obs_mistake_mask=_E__"":4,""obs_mistake_mask=__E_"":4,""obs_mistake_mask=___E"":4}"
   2657280,         0,         0,   115.0,decoder_by_matrix,b3c6da8537ae85d54cd5acd57fc4d5a00e23be04de7c70760ac5fa4b0f5f70dc,"{""distance"":3,""physical_error_rate"":1e-06}","{""detection_events"":225,""detectors_checked"":143493120}"
   1321984,         1,         0,   115.4,decoder_by_matrix,cd5aa4935a142b600239883e928f6c7fc9fbc8c84161e9ed59cf2551b7ebfc3d,"{""distance"":3,""physical_error_rate"":5e-05}","{""detection_events"":7875,""detectors_checked"":71387136,""obs_mistake_mask=E___"":1}"
   1334272,         0,         0,   116.8,decoder_by_matrix,cd5aa4935a142b600239883e928f6c7fc9fbc8c84161e9ed59cf2551b7ebfc3d,"{""distance"":3,""physical_error_rate"":5e-05}","{""detection_events"":8196,""detectors_checked"":72050688}"
   2102272,         0,         0,   116.2,decoder_by_matrix,73784f3389b885bc1b704dac0b44b83e08b79da81bcec9ed749229213445f550,"{""distance"":3,""physical_error_rate"":1e-05}","{""detection_events"":2718,""detectors_checked"":113522688}"
   2634752,         0,         0,   114.2,decoder_by_matrix,b3c6da8537ae85d54cd5acd57fc4d5a00e23be04de7c70760ac5fa4b0f5f70dc,"{""distance"":3,""physical_error_rate"":1e-06}","{""detection_events"":300,""detectors_checked"":142276608}"
   2331648,         0,         0,   115.9,decoder_by_matrix,1222905ef2c3e0b3841e2be415851bad02a0949e12b9844f6b979980572eaa40,"{""distance"":3,""physical_error_rate"":5e-06}","{""detection_events"":1374,""detectors_checked"":125908992}"
   2068480,         0,         0,   116.6,decoder_by_matrix,73784f3389b885bc1b704dac0b44b83e08b79da81bcec9ed749229213445f550,"{""distance"":3,""physical_error_rate"":1e-05}","{""detection_events"":2673,""detectors_checked"":111697920}"
   1125376,         0,         0,   117.4,decoder_by_matrix,c8397cb2c46e4683a6f3970bc42cef1aabfef4d80cfcd6b8313e87630b680ee2,"{""distance"":3,""physical_error_rate"":0.0001}","{""detection_events"":13788,""detectors_checked"":60770304}"
   1004544,        26,         0,   117.7,decoder_by_matrix,5dee359087c4b9ae2c20477a4d5136d2695095b0438111838e7093c679bd3c20,"{""distance"":3,""physical_error_rate"":0.0005}","{""detection_events"":60102,""detectors_checked"":54245376,""obs_mistake_mask=E___"":4,""obs_mistake_mask=_EEE"":3,""obs_mistake_mask=_EE_"":5,""obs_mistake_mask=_E_E"":2,""obs_mistake_mask=_E__"":4,""obs_mistake_mask=__EE"":1,""obs_mistake_mask=__E_"":6,""obs_mistake_mask=___E"":1}"
   1011712,        18,         0,   116.9,decoder_by_matrix,5dee359087c4b9ae2c20477a4d5136d2695095b0438111838e7093c679bd3c20,"{""distance"":3,""physical_error_rate"":0.0005}","{""detection_events"":59514,""detectors_checked"":54632448,""obs_mistake_mask=E___"":2,""obs_mistake_mask=_EEE"":1,""obs_mistake_mask=_EE_"":3,""obs_mistake_mask=_E_E"":2,""obs_mistake_mask=_E__"":3,""obs_mistake_mask=__EE"":2,""obs_mistake_mask=__E_"":1,""obs_mistake_mask=___E"":4}"
   1338368,         0,         0,   117.4,decoder_by_matrix,cd5aa4935a142b600239883e928f6c7fc9fbc8c84161e9ed59cf2551b7ebfc3d,"{""distance"":3,""physical_error_rate"":5e-05}","{""detection_events"":8142,""detectors_checked"":72271872}"
   2066432,         0,         0,   113.5,decoder_by_matrix,73784f3389b885bc1b704dac0b44b83e08b79da81bcec9ed749229213445f550,"{""distance"":3,""physical_error_rate"":1e-05}","{""detection_events"":2661,""detectors_checked"":111587328}"
   2647040,         0,         0,   116.0,decoder_by_matrix,b3c6da8537ae85d54cd5acd57fc4d5a00e23be04de7c70760ac5fa4b0f5f70dc,"{""distance"":3,""physical_error_rate"":1e-06}","{""detection_events"":357,""detectors_checked"":142940160}"
   1009664,        20,         0,   117.7,decoder_by_matrix,5dee359087c4b9ae2c20477a4d5136d2695095b0438111838e7093c679bd3c20,"{""distance"":3,""physical_error_rate"":0.0005}","{""detection_events"":60024,""detectors_checked"":54521856,""obs_mistake_mask=E___"":1,""obs_mistake_mask=_EEE"":1,""obs_mistake_mask=_EE_"":4,""obs_mistake_mask=_E_E"":2,""obs_mistake_mask=_E__"":5,""obs_mistake_mask=__EE"":1,""obs_mistake_mask=__E_"":3,""obs_mistake_mask=___E"":3}"
   2315264,         0,         0,   114.9,decoder_by_matrix,1222905ef2c3e0b3841e2be415851bad02a0949e12b9844f6b979980572eaa40,"{""distance"":3,""physical_error_rate"":5e-06}","{""detection_events"":1599,""detectors_checked"":125024256}"
   2648064,         0,         0,   115.0,decoder_by_matrix,b3c6da8537ae85d54cd5acd57fc4d5a00e23be04de7c70760ac5fa4b0f5f70dc,"{""distance"":3,""physical_error_rate"":1e-06}","{""detection_events"":291,""detectors_checked"":142995456}"
   2097152,         0,         0,   117.4,decoder_by_matrix,73784f3389b885bc1b704dac0b44b83e08b79da81bcec9ed749229213445f550,"{""distance"":3,""physical_error_rate"":1e-05}","{""detection_events"":2451,""detectors_checked"":113246208}"
   2646016,         0,         0,   114.2,decoder_by_matrix,b3c6da8537ae85d54cd5acd57fc4d5a00e23be04de7c70760ac5fa4b0f5f70dc,"{""distance"":3,""physical_error_rate"":1e-06}","{""detection_events"":345,""detectors_checked"":142884864}"
   1010688,        26,         0,   117.7,decoder_by_matrix,5dee359087c4b9ae2c20477a4d5136d2695095b0438111838e7093c679bd3c20,"{""distance"":3,""physical_error_rate"":0.0005}","{""detection_events"":59331,""detectors_checked"":54577152,""obs_mistake_mask=E___"":2,""obs_mistake_mask=_EEE"":3,""obs_mistake_mask=_EE_"":2,""obs_mistake_mask=_E_E"":2,""obs_mistake_mask=_E__"":5,""obs_mistake_mask=__EE"":6,""obs_mistake_mask=__E_"":1,""obs_mistake_mask=___E"":5}"
   1381376,         0,         0,   117.9,decoder_by_matrix,cd5aa4935a142b600239883e928f6c7fc9fbc8c84161e9ed59cf2551b7ebfc3d,"{""distance"":3,""physical_error_rate"":5e-05}","{""detection_events"":7860,""detectors_checked"":74594304}"
   1139712,         0,         0,   118.0,decoder_by_matrix,c8397cb2c46e4683a6f3970bc42cef1aabfef4d80cfcd6b8313e87630b680ee2,"{""distance"":3,""physical_error_rate"":0.0001}","{""detection_events"":13281,""detectors_checked"":61544448}"
   1119232,         0,         0,   117.1,decoder_by_matrix,c8397cb2c46e4683a6f3970bc42cef1aabfef4d80cfcd6b8313e87630b680ee2,"{""distance"":3,""physical_error_rate"":0.0001}","{""detection_events"":12879,""detectors_checked"":60438528}"
   1111040,         2,         0,   116.1,decoder_by_matrix,c8397cb2c46e4683a6f3970bc42cef1aabfef4d80cfcd6b8313e87630b680ee2,"{""distance"":3,""physical_error_rate"":0.0001}","{""detection_events"":13170,""detectors_checked"":59996160,""obs_mistake_mask=_E_E"":1,""obs_mistake_mask=__E_"":1}"
   1328128,         1,         0,   116.9,decoder_by_matrix,cd5aa4935a142b600239883e928f6c7fc9fbc8c84161e9ed59cf2551b7ebfc3d,"{""distance"":3,""physical_error_rate"":5e-05}","{""detection_events"":8340,""detectors_checked"":71718912,""obs_mistake_mask=__E_"":1}"
   2382848,         0,         0,   116.7,decoder_by_matrix,1222905ef2c3e0b3841e2be415851bad02a0949e12b9844f6b979980572eaa40,"{""distance"":3,""physical_error_rate"":5e-06}","{""detection_events"":1308,""detectors_checked"":128673792}"
   2330624,         0,         0,   116.4,decoder_by_matrix,1222905ef2c3e0b3841e2be415851bad02a0949e12b9844f6b979980572eaa40,"{""distance"":3,""physical_error_rate"":5e-06}","{""detection_events"":1461,""detectors_checked"":125853696}"
   1126400,         3,         0,   118.9,decoder_by_matrix,c8397cb2c46e4683a6f3970bc42cef1aabfef4d80cfcd6b8313e87630b680ee2,"{""distance"":3,""physical_error_rate"":0.0001}","{""detection_events"":13314,""detectors_checked"":60825600,""obs_mistake_mask=_EEE"":1,""obs_mistake_mask=_E__"":1,""obs_mistake_mask=__E_"":1}"
   2336768,         0,         0,   115.2,decoder_by_matrix,1222905ef2c3e0b3841e2be415851bad02a0949e12b9844f6b979980572eaa40,"{""distance"":3,""physical_error_rate"":5e-06}","{""detection_events"":1374,""detectors_checked"":126185472}"
   1310720,         0,         0,   118.3,decoder_by_matrix,cd5aa4935a142b600239883e928f6c7fc9fbc8c84161e9ed59cf2551b7ebfc3d,"{""distance"":3,""physical_error_rate"":5e-05}","{""detection_events"":8355,""detectors_checked"":70778880}"
   2646016,         0,         0,   113.4,decoder_by_matrix,b3c6da8537ae85d54cd5acd57fc4d5a00e23be04de7c70760ac5fa4b0f5f70dc,"{""distance"":3,""physical_error_rate"":1e-06}","{""detection_events"":315,""detectors_checked"":142884864}"
   2105344,         0,         0,   116.4,decoder_by_matrix,73784f3389b885bc1b704dac0b44b83e08b79da81bcec9ed749229213445f550,"{""distance"":3,""physical_error_rate"":1e-05}","{""detection_events"":2472,""detectors_checked"":113688576}"
   1006592,        21,         0,   116.5,decoder_by_matrix,5dee359087c4b9ae2c20477a4d5136d2695095b0438111838e7093c679bd3c20,"{""distance"":3,""physical_error_rate"":0.0005}","{""detection_events"":59661,""detectors_checked"":54355968,""obs_mistake_mask=E___"":1,""obs_mistake_mask=_EEE"":2,""obs_mistake_mask=_EE_"":5,""obs_mistake_mask=_E_E"":2,""obs_mistake_mask=_E__"":2,""obs_mistake_mask=__EE"":1,""obs_mistake_mask=__E_"":3,""obs_mistake_mask=___E"":5}"
   2631680,         0,         0,   113.5,decoder_by_matrix,b3c6da8537ae85d54cd5acd57fc4d5a00e23be04de7c70760ac5fa4b0f5f70dc,"{""distance"":3,""physical_error_rate"":1e-06}","{""detection_events"":249,""detectors_checked"":142110720}"
   1355776,         0,         0,   116.0,decoder_by_matrix,cd5aa4935a142b600239883e928f6c7fc9fbc8c84161e9ed59cf2551b7ebfc3d,"{""distance"":3,""physical_error_rate"":5e-05}","{""detection_events"":7455,""detectors_checked"":73211904}"
   2106368,         0,         0,   116.1,decoder_by_matrix,73784f3389b885bc1b704dac0b44b83e08b79da81bcec9ed749229213445f550,"{""distance"":3,""physical_error_rate"":1e-05}","{""detection_events"":2442,""detectors_checked"":113743872}"
    998400,        18,         0,   117.7,decoder_by_matrix,5dee359087c4b9ae2c20477a4d5136d2695095b0438111838e7093c679bd3c20,"{""distance"":3,""physical_error_rate"":0.0005}","{""detection_events"":61113,""detectors_checked"":53913600,""obs_mistake_mask=E___"":1,""obs_mistake_mask=_EEE"":2,""obs_mistake_mask=_EE_"":4,""obs_mistake_mask=_E_E"":4,""obs_mistake_mask=_E__"":3,""obs_mistake_mask=__EE"":1,""obs_mistake_mask=__E_"":2,""obs_mistake_mask=___E"":1}"
   1121280,         0,         0,   118.3,decoder_by_matrix,c8397cb2c46e4683a6f3970bc42cef1aabfef4d80cfcd6b8313e87630b680ee2,"{""distance"":3,""physical_error_rate"":0.0001}","{""detection_events"":14325,""detectors_checked"":60549120}"
   2085888,         0,         0,   116.5,decoder_by_matrix,73784f3389b885bc1b704dac0b44b83e08b79da81bcec9ed749229213445f550,"{""distance"":3,""physical_error_rate"":1e-05}","{""detection_events"":2481,""detectors_checked"":112637952}"
   2352128,         0,         0,   114.6,decoder_by_matrix,1222905ef2c3e0b3841e2be415851bad02a0949e12b9844f6b979980572eaa40,"{""distance"":3,""physical_error_rate"":5e-06}","{""detection_events"":1311,""detectors_checked"":127014912}"
   2642944,         0,         0,   115.3,decoder_by_matrix,b3c6da8537ae85d54cd5acd57fc4d5a00e23be04de7c70760ac5fa4b0f5f70dc,"{""distance"":3,""physical_error_rate"":1e-06}","{""detection_events"":264,""detectors_checked"":142718976}"
   1353728,         0,         0,   117.1,decoder_by_matrix,cd5aa4935a142b600239883e928f6c7fc9fbc8c84161e9ed59cf2551b7ebfc3d,"{""distance"":3,""physical_error_rate"":5e-05}","{""detection_events"":7821,""detectors_checked"":73101312}"
   1119232,         0,         0,   117.3,decoder_by_matrix,c8397cb2c46e4683a6f3970bc42cef1aabfef4d80cfcd6b8313e87630b680ee2,"{""distance"":3,""physical_error_rate"":0.0001}","{""detection_events"":13428,""detectors_checked"":60438528}"
   1008640,        25,         0,   118.1,decoder_by_matrix,5dee359087c4b9ae2c20477a4d5136d2695095b0438111838e7093c679bd3c20,"{""distance"":3,""physical_error_rate"":0.0005}","{""detection_events"":61098,""detectors_checked"":54466560,""obs_mistake_mask=E___"":3,""obs_mistake_mask=_EEE"":2,""obs_mistake_mask=_EE_"":4,""obs_mistake_mask=_E_E"":5,""obs_mistake_mask=_E__"":5,""obs_mistake_mask=__EE"":4,""obs_mistake_mask=__E_"":1,""obs_mistake_mask=___E"":1}"
   2057216,         0,         0,   117.4,decoder_by_matrix,73784f3389b885bc1b704dac0b44b83e08b79da81bcec9ed749229213445f550,"{""distance"":3,""physical_error_rate"":1e-05}","{""detection_events"":2580,""detectors_checked"":111089664}"
   2342912,         0,         0,   115.0,decoder_by_matrix,1222905ef2c3e0b3841e2be415851bad02a0949e12b9844f6b979980572eaa40,"{""distance"":3,""physical_error_rate"":5e-06}","{""detection_events"":1446,""detectors_checked"":126517248}"
   2105344,         0,         0,   113.0,decoder_by_matrix,73784f3389b885bc1b704dac0b44b83e08b79da81bcec9ed749229213445f550,"{""distance"":3,""physical_error_rate"":1e-05}","{""detection_events"":2400,""detectors_checked"":113688576}"
   1112064,         2,         0,   118.1,decoder_by_matrix,c8397cb2c46e4683a6f3970bc42cef1aabfef4d80cfcd6b8313e87630b680ee2,"{""distance"":3,""physical_error_rate"":0.0001}","{""detection_events"":13671,""detectors_checked"":60051456,""obs_mistake_mask=_EEE"":1,""obs_mistake_mask=_E__"":1}"
   2069504,         0,         0,   117.0,decoder_by_matrix,73784f3389b885bc1b704dac0b44b83e08b79da81bcec9ed749229213445f550,"{""distance"":3,""physical_error_rate"":1e-05}","{""detection_events"":2604,""detectors_checked"":111753216}"
   2632704,         0,         0,   114.4,decoder_by_matrix,b3c6da8537ae85d54cd5acd57fc4d5a00e23be04de7c70760ac5fa4b0f5f70dc,"{""distance"":3,""physical_error_rate"":1e-06}","{""detection_events"":330,""detectors_checked"":142166016}"
   1003520,        18,         0,   118.4,decoder_by_matrix,5dee359087c4b9ae2c20477a4d5136d2695095b0438111838e7093c679bd3c20,"{""distance"":3,""physical_error_rate"":0.0005}","{""detection_events"":60171,""detectors_checked"":54190080,""obs_mistake_mask=E__E"":1,""obs_mistake_mask=_EEE"":1,""obs_mistake_mask=_EE_"":2,""obs_mistake_mask=_E_E"":1,""obs_mistake_mask=_E__"":3,""obs_mistake_mask=__EE"":3,""obs_mistake_mask=__E_"":2,""obs_mistake_mask=___E"":5}"
   1352704,         0,         0,   116.2,decoder_by_matrix,cd5aa4935a142b600239883e928f6c7fc9fbc8c84161e9ed59cf2551b7ebfc3d,"{""distance"":3,""physical_error_rate"":5e-05}","{""detection_events"":7704,""detectors_checked"":73046016}"
   1005568,        21,         0,   117.7,decoder_by_matrix,5dee359087c4b9ae2c20477a4d5136d2695095b0438111838e7093c679bd3c20,"{""distance"":3,""physical_error_rate"":0.0005}","{""detection_events"":60099,""detectors_checked"":54300672,""obs_mistake_mask=E___"":2,""obs_mistake_mask=_EEE"":1,""obs_mistake_mask=_EE_"":1,""obs_mistake_mask=_E_E"":3,""obs_mistake_mask=_E__"":5,""obs_mistake_mask=__EE"":3,""obs_mistake_mask=__E_"":5,""obs_mistake_mask=___E"":1}"
   1313792,         2,         0,   117.1,decoder_by_matrix,cd5aa4935a142b600239883e928f6c7fc9fbc8c84161e9ed59cf2551b7ebfc3d,"{""distance"":3,""physical_error_rate"":5e-05}","{""detection_events"":7977,""detectors_checked"":70944768,""obs_mistake_mask=_EEE"":1,""obs_mistake_mask=_E_E"":1}"
   1127424,         1,         0,   115.8,decoder_by_matrix,c8397cb2c46e4683a6f3970bc42cef1aabfef4d80cfcd6b8313e87630b680ee2,"{""distance"":3,""physical_error_rate"":0.0001}","{""detection_events"":12987,""detectors_checked"":60880896,""obs_mistake_mask=_E_E"":1}"
   2616320,         0,         0,   116.9,decoder_by_matrix,b3c6da8537ae85d54cd5acd57fc4d5a00e23be04de7c70760ac5fa4b0f5f70dc,"{""distance"":3,""physical_error_rate"":1e-06}","{""detection_events"":336,""detectors_checked"":141281280}"
   2351104,         0,         0,   115.9,decoder_by_matrix,1222905ef2c3e0b3841e2be415851bad02a0949e12b9844f6b979980572eaa40,"{""distance"":3,""physical_error_rate"":5e-06}","{""detection_events"":1470,""detectors_checked"":126959616}"
   1120256,         0,         0,   117.2,decoder_by_matrix,c8397cb2c46e4683a6f3970bc42cef1aabfef4d80cfcd6b8313e87630b680ee2,"{""distance"":3,""physical_error_rate"":0.0001}","{""detection_events"":13806,""detectors_checked"":60493824}"
   1331200,         1,         0,   116.1,decoder_by_matrix,cd5aa4935a142b600239883e928f6c7fc9fbc8c84161e9ed59cf2551b7ebfc3d,"{""distance"":3,""physical_error_rate"":5e-05}","{""detection_events"":8169,""detectors_checked"":71884800,""obs_mistake_mask=_E__"":1}"
   2066432,         0,         0,   116.7,decoder_by_matrix,73784f3389b885bc1b704dac0b44b83e08b79da81bcec9ed749229213445f550,"{""distance"":3,""physical_error_rate"":1e-05}","{""detection_events"":2580,""detectors_checked"":111587328}"
    999424,        21,         0,   118.2,decoder_by_matrix,5dee359087c4b9ae2c20477a4d5136d2695095b0438111838e7093c679bd3c20,"{""distance"":3,""physical_error_rate"":0.0005}","{""detection_events"":59760,""detectors_checked"":53968896,""obs_mistake_mask=E___"":1,""obs_mistake_mask=_EE_"":4,""obs_mistake_mask=_E_E"":4,""obs_mistake_mask=_E__"":3,""obs_mistake_mask=__EE"":3,""obs_mistake_mask=__E_"":3,""obs_mistake_mask=___E"":3}"
   2327552,         0,         0,   115.0,decoder_by_matrix,1222905ef2c3e0b3841e2be415851bad02a0949e12b9844f6b979980572eaa40,"{""distance"":3,""physical_error_rate"":5e-06}","{""detection_events"":1479,""detectors_checked"":125687808}"
   1128448,         1,         0,   117.5,decoder_by_matrix,c8397cb2c46e4683a6f3970bc42cef1aabfef4d80cfcd6b8313e87630b680ee2,"{""distance"":3,""physical_error_rate"":0.0001}","{""detection_events"":13698,""detectors_checked"":60936192,""obs_mistake_mask=__E_"":1}"
   2344960,         0,         0,   115.0,decoder_by_matrix,1222905ef2c3e0b3841e2be415851bad02a0949e12b9844f6b979980572eaa40,"{""distance"":3,""physical_error_rate"":5e-06}","{""detection_events"":1404,""detectors_checked"":126627840}"
   1007616,        18,         0,   117.1,decoder_by_matrix,5dee359087c4b9ae2c20477a4d5136d2695095b0438111838e7093c679bd3c20,"{""distance"":3,""physical_error_rate"":0.0005}","{""detection_events"":60387,""detectors_checked"":54411264,""obs_mistake_mask=E___"":1,""obs_mistake_mask=_EEE"":4,""obs_mistake_mask=_EE_"":3,""obs_mistake_mask=_E__"":5,""obs_mistake_mask=__EE"":3,""obs_mistake_mask=___E"":2}"
   2619392,         0,         0,   113.9,decoder_by_matrix,b3c6da8537ae85d54cd5acd57fc4d5a00e23be04de7c70760ac5fa4b0f5f70dc,"{""distance"":3,""physical_error_rate"":1e-06}","{""detection_events"":348,""detectors_checked"":141447168}"
   1328128,         0,         0,   115.9,decoder_by_matrix,cd5aa4935a142b600239883e928f6c7fc9fbc8c84161e9ed59cf2551b7ebfc3d,"{""distance"":3,""physical_error_rate"":5e-05}","{""detection_events"":7941,""detectors_checked"":71718912}"
   2066432,         0,         0,   115.9,decoder_by_matrix,73784f3389b885bc1b704dac0b44b83e08b79da81bcec9ed749229213445f550,"{""distance"":3,""physical_error_rate"":1e-05}","{""detection_events"":2655,""detectors_checked"":111587328}"
   1316864,         0,         0,   117.8,decoder_by_matrix,cd5aa4935a142b600239883e928f6c7fc9fbc8c84161e9ed59cf2551b7ebfc3d,"{""distance"":3,""physical_error_rate"":5e-05}","{""detection_events"":8298,""detectors_checked"":71110656}"
   2338816,         0,         0,   115.5,decoder_by_matrix,1222905ef2c3e0b3841e2be415851bad02a0949e12b9844f6b979980572eaa40,"{""distance"":3,""physical_error_rate"":5e-06}","{""detection_events"":1392,""detectors_checked"":126296064}"
   2069504,         0,         0,   114.5,decoder_by_matrix,73784f3389b885bc1b704dac0b44b83e08b79da81bcec9ed749229213445f550,"{""distance"":3,""physical_error_rate"":1e-05}","{""detection_events"":2670,""detectors_checked"":111753216}"
   2643968,         0,         0,   114.0,decoder_by_matrix,b3c6da8537ae85d54cd5acd57fc4d5a00e23be04de7c70760ac5fa4b0f5f70dc,"{""distance"":3,""physical_error_rate"":1e-06}","{""detection_events"":267,""detectors_checked"":142774272}"
   1003520,        21,         0,   117.0,decoder_by_matrix,5dee359087c4b9ae2c20477a4d5136d2695095b0438111838e7093c679bd3c20,"{""distance"":3,""physical_error_rate"":0.0005}","{""detection_events"":60942,""detectors_checked"":54190080,""obs_mistake_mask=E___"":2,""obs_mistake_mask=_EEE"":3,""obs_mistake_mask=_EE_"":1,""obs_mistake_mask=_E_E"":1,""obs_mistake_mask=_E__"":5,""obs_mistake_mask=__EE"":3,""obs_mistake_mask=___E"":6}"
   1121280,         3,         0,   118.3,decoder_by_matrix,c8397cb2c46e4683a6f3970bc42cef1aabfef4d80cfcd6b8313e87630b680ee2,"{""distance"":3,""physical_error_rate"":0.0001}","{""detection_events"":13455,""detectors_checked"":60549120,""obs_mistake_mask=_E_E"":1,""obs_mistake_mask=__E_"":1,""obs_mistake_mask=___E"":1}"
   1333248,         0,         0,   115.6,decoder_by_matrix,cd5aa4935a142b600239883e928f6c7fc9fbc8c84161e9ed59cf2551b7ebfc3d,"{""distance"":3,""physical_error_rate"":5e-05}","{""detection_events"":7803,""detectors_checked"":71995392}"
   1007616,        18,         0,   116.1,decoder_by_matrix,5dee359087c4b9ae2c20477a4d5136d2695095b0438111838e7093c679bd3c20,"{""distance"":3,""physical_error_rate"":0.0005}","{""detection_events"":59991,""detectors_checked"":54411264,""obs_mistake_mask=E___"":1,""obs_mistake_mask=_EEE"":2,""obs_mistake_mask=_E_E"":5,""obs_mistake_mask=_E__"":4,""obs_mistake_mask=__EE"":2,""obs_mistake_mask=__E_"":3,""obs_mistake_mask=___E"":1}"
   2095104,         0,         0,   115.8,decoder_by_matrix,73784f3389b885bc1b704dac0b44b83e08b79da81bcec9ed749229213445f550,"{""distance"":3,""physical_error_rate"":1e-05}","{""detection_events"":2505,""detectors_checked"":113135616}"
   2635776,         0,         0,   113.7,decoder_by_matrix,b3c6da8537ae85d54cd5acd57fc4d5a00e23be04de7c70760ac5fa4b0f5f70dc,"{""distance"":3,""physical_error_rate"":1e-06}","{""detection_events"":324,""detectors_checked"":142331904}"
   2336768,         0,         0,   115.1,decoder_by_matrix,1222905ef2c3e0b3841e2be415851bad02a0949e12b9844f6b979980572eaa40,"{""distance"":3,""physical_error_rate"":5e-06}","{""detection_events"":1449,""detectors_checked"":126185472}"
   2625536,         0,         0,   116.8,decoder_by_matrix,b3c6da8537ae85d54cd5acd57fc4d5a00e23be04de7c70760ac5fa4b0f5f70dc,"{""distance"":3,""physical_error_rate"":1e-06}","{""detection_events"":264,""detectors_checked"":141778944}"
   1004544,        12,         0,   118.5,decoder_by_matrix,5dee359087c4b9ae2c20477a4d5136d2695095b0438111838e7093c679bd3c20,"{""distance"":3,""physical_error_rate"":0.0005}","{""detection_events"":59343,""detectors_checked"":54245376,""obs_mistake_mask=_EEE"":2,""obs_mistake_mask=_EE_"":1,""obs_mistake_mask=_E_E"":3,""obs_mistake_mask=_E__"":1,""obs_mistake_mask=__EE"":2,""obs_mistake_mask=__E_"":1,""obs_mistake_mask=___E"":2}"
   2054144,         0,         0,   115.6,decoder_by_matrix,73784f3389b885bc1b704dac0b44b83e08b79da81bcec9ed749229213445f550,"{""distance"":3,""physical_error_rate"":1e-05}","{""detection_events"":2565,""detectors_checked"":110923776}"
   2623488,         0,         0,   114.9,decoder_by_matrix,b3c6da8537ae85d54cd5acd57fc4d5a00e23be04de7c70760ac5fa4b0f5f70dc,"{""distance"":3,""physical_error_rate"":1e-06}","{""detection_events"":372,""detectors_checked"":141668352}"
   1005568,        22,         0,   116.9,decoder_by_matrix,5dee359087c4b9ae2c20477a4d5136d2695095b0438111838e7093c679bd3c20,"{""distance"":3,""physical_error_rate"":0.0005}","{""detection_events"":60846,""detectors_checked"":54300672,""obs_mistake_mask=E___"":3,""obs_mistake_mask=_EEE"":2,""obs_mistake_mask=_EE_"":3,""obs_mistake_mask=_E_E"":5,""obs_mistake_mask=_E__"":2,""obs_mistake_mask=__EE"":1,""obs_mistake_mask=__E_"":5,""obs_mistake_mask=___E"":1}"
   1355776,         0,         0,   116.6,decoder_by_matrix,cd5aa4935a142b600239883e928f6c7fc9fbc8c84161e9ed59cf2551b7ebfc3d,"{""distance"":3,""physical_error_rate"":5e-05}","{""detection_events"":7896,""detectors_checked"":73211904}"
   1118208,         0,         0,   117.3,decoder_by_matrix,c8397cb2c46e4683a6f3970bc42cef1aabfef4d80cfcd6b8313e87630b680ee2,"{""distance"":3,""physical_error_rate"":0.0001}","{""detection_events"":13230,""detectors_checked"":60383232}"
   1116160,         2,         0,   118.2,decoder_by_matrix,c8397cb2c46e4683a6f3970bc42cef1aabfef4d80cfcd6b8313e87630b680ee2,"{""distance"":3,""physical_error_rate"":0.0001}","{""detection_events"":13737,""detectors_checked"":60272640,""obs_mistake_mask=_EE_"":1,""obs_mistake_mask=_E__"":1}"
   1320960,         0,         0,   117.2,decoder_by_matrix,cd5aa4935a142b600239883e928f6c7fc9fbc8c84161e9ed59cf2551b7ebfc3d,"{""distance"":3,""physical_error_rate"":5e-05}","{""detection_events"":8232,""detectors_checked"":71331840}"
   1122304,         2,         0,   117.7,decoder_by_matrix,c8397cb2c46e4683a6f3970bc42cef1aabfef4d80cfcd6b8313e87630b680ee2,"{""distance"":3,""physical_error_rate"":0.0001}","{""detection_events"":13830,""detectors_checked"":60604416,""obs_mistake_mask=_E__"":1,""obs_mistake_mask=__EE"":1}"
   2351104,         0,         0,   113.2,decoder_by_matrix,1222905ef2c3e0b3841e2be415851bad02a0949e12b9844f6b979980572eaa40,"{""distance"":3,""physical_error_rate"":5e-06}","{""detection_events"":1389,""detectors_checked"":126959616}"
   2360320,         0,         0,   116.3,decoder_by_matrix,1222905ef2c3e0b3841e2be415851bad02a0949e12b9844f6b979980572eaa40,"{""distance"":3,""physical_error_rate"":5e-06}","{""detection_events"":1422,""detectors_checked"":127457280}"
   2330624,         0,         0,   115.8,decoder_by_matrix,1222905ef2c3e0b3841e2be415851bad02a0949e12b9844f6b979980572eaa40,"{""distance"":3,""physical_error_rate"":5e-06}","{""detection_events"":1419,""detectors_checked"":125853696}"
   1120256,         2,         0,   117.4,decoder_by_matrix,c8397cb2c46e4683a6f3970bc42cef1aabfef4d80cfcd6b8313e87630b680ee2,"{""distance"":3,""physical_error_rate"":0.0001}","{""detection_events"":13524,""detectors_checked"":60493824,""obs_mistake_mask=_E_E"":1,""obs_mistake_mask=__E_"":1}"
   1332224,         0,         0,   114.8,decoder_by_matrix,cd5aa4935a142b600239883e928f6c7fc9fbc8c84161e9ed59cf2551b7ebfc3d,"{""distance"":3,""physical_error_rate"":5e-05}","{""detection_events"":7734,""detectors_checked"":71940096}"
   2634752,         0,         0,   115.3,decoder_by_matrix,b3c6da8537ae85d54cd5acd57fc4d5a00e23be04de7c70760ac5fa4b0f5f70dc,"{""distance"":3,""physical_error_rate"":1e-06}","{""detection_events"":327,""detectors_checked"":142276608}"
   1006592,        22,         0,   117.2,decoder_by_matrix,5dee359087c4b9ae2c20477a4d5136d2695095b0438111838e7093c679bd3c20,"{""distance"":3,""physical_error_rate"":0.0005}","{""detection_events"":60426,""detectors_checked"":54355968,""obs_mistake_mask=E___"":4,""obs_mistake_mask=_EEE"":4,""obs_mistake_mask=_EE_"":2,""obs_mistake_mask=_E_E"":1,""obs_mistake_mask=_E__"":3,""obs_mistake_mask=__EE"":3,""obs_mistake_mask=__E_"":3,""obs_mistake_mask=___E"":2}"
   2073600,         0,         0,   114.7,decoder_by_matrix,73784f3389b885bc1b704dac0b44b83e08b79da81bcec9ed749229213445f550,"{""distance"":3,""physical_error_rate"":1e-05}","{""detection_events"":2517,""detectors_checked"":111974400}"
   2629632,         0,         0,   115.3,decoder_by_matrix,b3c6da8537ae85d54cd5acd57fc4d5a00e23be04de7c70760ac5fa4b0f5f70dc,"{""distance"":3,""physical_error_rate"":1e-06}","{""detection_events"":300,""detectors_checked"":142000128}"
   1319936,         0,         0,   116.9,decoder_by_matrix,cd5aa4935a142b600239883e928f6c7fc9fbc8c84161e9ed59cf2551b7ebfc3d,"{""distance"":3,""physical_error_rate"":5e-05}","{""detection_events"":7788,""detectors_checked"":71276544}"
   2127872,         0,         0,   113.8,decoder_by_matrix,73784f3389b885bc1b704dac0b44b83e08b79da81bcec9ed749229213445f550,"{""distance"":3,""physical_error_rate"":1e-05}","{""detection_events"":2253,""detectors_checked"":114905088}"
    999424,        22,         0,   118.1,decoder_by_matrix,5dee359087c4b9ae2c20477a4d5136d2695095b0438111838e7093c679bd3c20,"{""distance"":3,""physical_error_rate"":0.0005}","{""detection_events"":59604,""detectors_checked"":53968896,""obs_mistake_mask=E___"":2,""obs_mistake_mask=_EEE"":1,""obs_mistake_mask=_EE_"":5,""obs_mistake_mask=_E_E"":2,""obs_mistake_mask=_E__"":5,""obs_mistake_mask=__EE"":3,""obs_mistake_mask=__E_"":3,""obs_mistake_mask=___E"":1}"
   1130496,         1,         0,   116.8,decoder_by_matrix,c8397cb2c46e4683a6f3970bc42cef1aabfef4d80cfcd6b8313e87630b680ee2,"{""distance"":3,""physical_error_rate"":0.0001}","{""detection_events"":13968,""detectors_checked"":61046784,""obs_mistake_mask=_EE_"":1}"
   2115584,         0,         0,   114.7,decoder_by_matrix,73784f3389b885bc1b704dac0b44b83e08b79da81bcec9ed749229213445f550,"{""distance"":3,""physical_error_rate"":1e-05}","{""detection_events"":2340,""detectors_checked"":114241536}"
   2632704,         0,         0,   116.2,decoder_by_matrix,b3c6da8537ae85d54cd5acd57fc4d5a00e23be04de7c70760ac5fa4b0f5f70dc,"{""distance"":3,""physical_error_rate"":1e-06}","{""detection_events"":312,""detectors_checked"":142166016}"
   2374656,         0,         0,   114.5,decoder_by_matrix,1222905ef2c3e0b3841e2be415851bad02a0949e12b9844f6b979980572eaa40,"{""distance"":3,""physical_error_rate"":5e-06}","{""detection_events"":1305,""detectors_checked"":128231424}"
   1336320,         0,         0,   116.4,decoder_by_matrix,cd5aa4935a142b600239883e928f6c7fc9fbc8c84161e9ed59cf2551b7ebfc3d,"{""distance"":3,""physical_error_rate"":5e-05}","{""detection_events"":7950,""detectors_checked"":72161280}"
   1121280,         3,         0,   117.3,decoder_by_matrix,c8397cb2c46e4683a6f3970bc42cef1aabfef4d80cfcd6b8313e87630b680ee2,"{""distance"":3,""physical_error_rate"":0.0001}","{""detection_events"":12732,""detectors_checked"":60549120,""obs_mistake_mask=_EE_"":1,""obs_mistake_mask=__E_"":2}"
   1004544,        15,         0,   118.8,decoder_by_matrix,5dee359087c4b9ae2c20477a4d5136d2695095b0438111838e7093c679bd3c20,"{""distance"":3,""physical_error_rate"":0.0005}","{""detection_events"":60315,""detectors_checked"":54245376,""obs_mistake_mask=E___"":2,""obs_mistake_mask=_EEE"":1,""obs_mistake_mask=_EE_"":1,""obs_mistake_mask=_E_E"":1,""obs_mistake_mask=_E__"":2,""obs_mistake_mask=__EE"":2,""obs_mistake_mask=__E_"":3,""obs_mistake_mask=___E"":3}"
   2084864,         0,         0,   117.5,decoder_by_matrix,73784f3389b885bc1b704dac0b44b83e08b79da81bcec9ed749229213445f550,"{""distance"":3,""physical_error_rate"":1e-05}","{""detection_events"":2562,""detectors_checked"":112582656}"
   2359296,         0,         0,   116.5,decoder_by_matrix,1222905ef2c3e0b3841e2be415851bad02a0949e12b9844f6b979980572eaa40,"{""distance"":3,""physical_error_rate"":5e-06}","{""detection_events"":1314,""detectors_checked"":127401984}"
   2103296,         0,         0,   115.2,decoder_by_matrix,73784f3389b885bc1b704dac0b44b83e08b79da81bcec9ed749229213445f550,"{""distance"":3,""physical_error_rate"":1e-05}","{""detection_events"":2514,""detectors_checked"":113577984}"
   2086912,         0,         0,   114.0,decoder_by_matrix,73784f3389b885bc1b704dac0b44b83e08b79da81bcec9ed749229213445f550,"{""distance"":3,""physical_error_rate"":1e-05}","{""detection_events"":2418,""detectors_checked"":112693248}"
   2642944,         0,         0,   114.9,decoder_by_matrix,b3c6da8537ae85d54cd5acd57fc4d5a00e23be04de7c70760ac5fa4b0f5f70dc,"{""distance"":3,""physical_error_rate"":1e-06}","{""detection_events"":264,""detectors_checked"":142718976}"
   1126400,         1,         0,   117.6,decoder_by_matrix,c8397cb2c46e4683a6f3970bc42cef1aabfef4d80cfcd6b8313e87630b680ee2,"{""distance"":3,""physical_error_rate"":0.0001}","{""detection_events"":13575,""detectors_checked"":60825600,""obs_mistake_mask=__E_"":1}"
   1000448,        14,         0,   117.9,decoder_by_matrix,5dee359087c4b9ae2c20477a4d5136d2695095b0438111838e7093c679bd3c20,"{""distance"":3,""physical_error_rate"":0.0005}","{""detection_events"":59622,""detectors_checked"":54024192,""obs_mistake_mask=E___"":2,""obs_mistake_mask=_EEE"":2,""obs_mistake_mask=_EE_"":1,""obs_mistake_mask=_E_E"":2,""obs_mistake_mask=_E__"":3,""obs_mistake_mask=__EE"":1,""obs_mistake_mask=__E_"":1,""obs_mistake_mask=___E"":2}"
   1302528,         0,         0,   118.3,decoder_by_matrix,cd5aa4935a142b600239883e928f6c7fc9fbc8c84161e9ed59cf2551b7ebfc3d,"{""distance"":3,""physical_error_rate"":5e-05}","{""detection_events"":8286,""detectors_checked"":70336512}"
   1002496,        15,         0,   118.2,decoder_by_matrix,5dee359087c4b9ae2c20477a4d5136d2695095b0438111838e7093c679bd3c20,"{""distance"":3,""physical_error_rate"":0.0005}","{""detection_events"":60138,""detectors_checked"":54134784,""obs_mistake_mask=E___"":2,""obs_mistake_mask=_EEE"":3,""obs_mistake_mask=_EE_"":2,""obs_mistake_mask=_E__"":2,""obs_mistake_mask=__EE"":1,""obs_mistake_mask=__E_"":2,""obs_mistake_mask=___E"":3}"
   1337344,         0,         0,   116.4,decoder_by_matrix,cd5aa4935a142b600239883e928f6c7fc9fbc8c84161e9ed59cf2551b7ebfc3d,"{""distance"":3,""physical_error_rate"":5e-05}","{""detection_events"":7809,""detectors_checked"":72216576}"
   1113088,         1,         0,   117.0,decoder_by_matrix,c8397cb2c46e4683a6f3970bc42cef1aabfef4d80cfcd6b8313e87630b680ee2,"{""distance"":3,""physical_error_rate"":0.0001}","{""detection_events"":13272,""detectors_checked"":60106752,""obs_mistake_mask=__EE"":1}"
   2607104,         0,         0,   116.3,decoder_by_matrix,b3c6da8537ae85d54cd5acd57fc4d5a00e23be04de7c70760ac5fa4b0f5f70dc,"{""distance"":3,""physical_error_rate"":1e-06}","{""detection_events"":393,""detectors_checked"":140783616}"
   2314240,         0,         0,   115.3,decoder_by_matrix,1222905ef2c3e0b3841e2be415851bad02a0949e12b9844f6b979980572eaa40,"{""distance"":3,""physical_error_rate"":5e-06}","{""detection_events"":1485,""detectors_checked"":124968960}"
   1117184,         0,         0,   117.5,decoder_by_matrix,c8397cb2c46e4683a6f3970bc42cef1aabfef4d80cfcd6b8313e87630b680ee2,"{""distance"":3,""physical_error_rate"":0.0001}","{""detection_events"":13569,""detectors_checked"":60327936}"
   1334272,         0,         0,   118.7,decoder_by_matrix,cd5aa4935a142b600239883e928f6c7fc9fbc8c84161e9ed59cf2551b7ebfc3d,"{""distance"":3,""physical_error_rate"":5e-05}","{""detection_events"":7971,""detectors_checked"":72050688}"
   2061312,         0,         0,   115.5,decoder_by_matrix,73784f3389b885bc1b704dac0b44b83e08b79da81bcec9ed749229213445f550,"{""distance"":3,""physical_error_rate"":1e-05}","{""detection_events"":2655,""detectors_checked"":111310848}"
    999424,        18,         0,   118.0,decoder_by_matrix,5dee359087c4b9ae2c20477a4d5136d2695095b0438111838e7093c679bd3c20,"{""distance"":3,""physical_error_rate"":0.0005}","{""detection_events"":57987,""detectors_checked"":53968896,""obs_mistake_mask=E___"":2,""obs_mistake_mask=_EEE"":1,""obs_mistake_mask=_EE_"":1,""obs_mistake_mask=_E_E"":1,""obs_mistake_mask=_E__"":2,""obs_mistake_mask=__EE"":2,""obs_mistake_mask=__E_"":2,""obs_mistake_mask=___E"":7}"
   2378752,         0,         0,   115.4,decoder_by_matrix,1222905ef2c3e0b3841e2be415851bad02a0949e12b9844f6b979980572eaa40,"{""distance"":3,""physical_error_rate"":5e-06}","{""detection_events"":1329,""detectors_checked"":128452608}"
   1140736,         1,         0,   115.7,decoder_by_matrix,c8397cb2c46e4683a6f3970bc42cef1aabfef4d80cfcd6b8313e87630b680ee2,"{""distance"":3,""physical_error_rate"":0.0001}","{""detection_events"":13041,""detectors_checked"":61599744,""obs_mistake_mask=_E__"":1}"
   1007616,        22,         0,   117.7,decoder_by_matrix,5dee359087c4b9ae2c20477a4d5136d2695095b0438111838e7093c679bd3c20,"{""distance"":3,""physical_error_rate"":0.0005}","{""detection_events"":60702,""detectors_checked"":54411264,""obs_mistake_mask=E___"":1,""obs_mistake_mask=_EEE"":4,""obs_mistake_mask=_EE_"":3,""obs_mistake_mask=_E_E"":1,""obs_mistake_mask=_E__"":4,""obs_mistake_mask=__EE"":2,""obs_mistake_mask=__E_"":6,""obs_mistake_mask=___E"":1}"
   2312192,         0,         0,   114.3,decoder_by_matrix,1222905ef2c3e0b3841e2be415851bad02a0949e12b9844f6b979980572eaa40,"{""distance"":3,""physical_error_rate"":5e-06}","{""detection_events"":1479,""detectors_checked"":124858368}"
   2637824,         0,         0,   116.3,decoder_by_matrix,b3c6da8537ae85d54cd5acd57fc4d5a00e23be04de7c70760ac5fa4b0f5f70dc,"{""distance"":3,""physical_error_rate"":1e-06}","{""detection_events"":255,""detectors_checked"":142442496}"
   1324032,         1,         0,   115.9,decoder_by_matrix,cd5aa4935a142b600239883e928f6c7fc9fbc8c84161e9ed59cf2551b7ebfc3d,"{""distance"":3,""physical_error_rate"":5e-05}","{""detection_events"":8061,""detectors_checked"":71497728,""obs_mistake_mask=_E__"":1}"
   2089984,         0,         0,   116.7,decoder_by_matrix,73784f3389b885bc1b704dac0b44b83e08b79da81bcec9ed749229213445f550,"{""distance"":3,""physical_error_rate"":1e-05}","{""detection_events"":2652,""detectors_checked"":112859136}"
   2284544,         0,         0,   116.5,decoder_by_matrix,1222905ef2c3e0b3841e2be415851bad02a0949e12b9844f6b979980572eaa40,"{""distance"":3,""physical_error_rate"":5e-06}","{""detection_events"":1560,""detectors_checked"":123365376}"
   2057216,         0,         0,   114.5,decoder_by_matrix,73784f3389b885bc1b704dac0b44b83e08b79da81bcec9ed749229213445f550,"{""distance"":3,""physical_error_rate"":1e-05}","{""detection_events"":2685,""detectors_checked"":111089664}"
   1333248,         0,         0,   117.2,decoder_by_matrix,cd5aa4935a142b600239883e928f6c7fc9fbc8c84161e9ed59cf2551b7ebfc3d,"{""distance"":3,""physical_error_rate"":5e-05}","{""detection_events"":7818,""detectors_checked"":71995392}"
   2612224,         0,         0,   114.4,decoder_by_matrix,b3c6da8537ae85d54cd5acd57fc4d5a00e23be04de7c70760ac5fa4b0f5f70dc,"{""distance"":3,""physical_error_rate"":1e-06}","{""detection_events"":300,""detectors_checked"":141060096}"
   1319936,         0,         0,   116.1,decoder_by_matrix,cd5aa4935a142b600239883e928f6c7fc9fbc8c84161e9ed59cf2551b7ebfc3d,"{""distance"":3,""physical_error_rate"":5e-05}","{""detection_events"":8115,""detectors_checked"":71276544}"
   1137664,         0,         0,   117.2,decoder_by_matrix,c8397cb2c46e4683a6f3970bc42cef1aabfef4d80cfcd6b8313e87630b680ee2,"{""distance"":3,""physical_error_rate"":0.0001}","{""detection_events"":13389,""detectors_checked"":61433856}"
   1006592,        21,         0,   118.9,decoder_by_matrix,5dee359087c4b9ae2c20477a4d5136d2695095b0438111838e7093c679bd3c20,"{""distance"":3,""physical_error_rate"":0.0005}","{""detection_events"":60342,""detectors_checked"":54355968,""obs_mistake_mask=E___"":2,""obs_mistake_mask=_EEE"":2,""obs_mistake_mask=_EE_"":3,""obs_mistake_mask=_E_E"":4,""obs_mistake_mask=_E__"":3,""obs_mistake_mask=__E_"":2,""obs_mistake_mask=___E"":5}"
   2109440,         0,         0,   117.2,decoder_by_matrix,73784f3389b885bc1b704dac0b44b83e08b79da81bcec9ed749229213445f550,"{""distance"":3,""physical_error_rate"":1e-05}","{""detection_events"":2448,""detectors_checked"":113909760}"
   2664448,         0,         0,   114.4,decoder_by_matrix,b3c6da8537ae85d54cd5acd57fc4d5a00e23be04de7c70760ac5fa4b0f5f70dc,"{""distance"":3,""physical_error_rate"":1e-06}","{""detection_events"":204,""detectors_checked"":143880192}"
   1003520,        25,         0,   117.6,decoder_by_matrix,5dee359087c4b9ae2c20477a4d5136d2695095b0438111838e7093c679bd3c20,"{""distance"":3,""physical_error_rate"":0.0005}","{""detection_events"":60456,""detectors_checked"":54190080,""obs_mistake_mask=_EEE"":3,""obs_mistake_mask=_EE_"":1,""obs_mistake_mask=_E_E"":3,""obs_mistake_mask=_E__"":4,""obs_mistake_mask=__EE"":4,""obs_mistake_mask=__E_"":5,""obs_mistake_mask=___E"":5}"
   2399232,         0,         0,   114.1,decoder_by_matrix,1222905ef2c3e0b3841e2be415851bad02a0949e12b9844f6b979980572eaa40,"{""distance"":3,""physical_error_rate"":5e-06}","{""detection_events"":1161,""detectors_checked"":129558528}"
   2598912,         0,         0,   114.4,decoder_by_matrix,b3c6da8537ae85d54cd5acd57fc4d5a00e23be04de7c70760ac5fa4b0f5f70dc,"{""distance"":3,""physical_error_rate"":1e-06}","{""detection_events"":378,""detectors_checked"":140341248}"
   2079744,         0,         0,   115.3,decoder_by_matrix,73784f3389b885bc1b704dac0b44b83e08b79da81bcec9ed749229213445f550,"{""distance"":3,""physical_error_rate"":1e-05}","{""detection_events"":2448,""detectors_checked"":112306176}"
   1006592,        17,         0,   118.2,decoder_by_matrix,5dee359087c4b9ae2c20477a4d5136d2695095b0438111838e7093c679bd3c20,"{""distance"":3,""physical_error_rate"":0.0005}","{""detection_events"":59838,""detectors_checked"":54355968,""obs_mistake_mask=E___"":2,""obs_mistake_mask=_EEE"":2,""obs_mistake_mask=_EE_"":1,""obs_mistake_mask=_E_E"":1,""obs_mistake_mask=__EE"":4,""obs_mistake_mask=__E_"":3,""obs_mistake_mask=___E"":4}"
   2621440,         0,         0,   115.7,decoder_by_matrix,b3c6da8537ae85d54cd5acd57fc4d5a00e23be04de7c70760ac5fa4b0f5f70dc,"{""distance"":3,""physical_error_rate"":1e-06}","{""detection_events"":300,""detectors_checked"":141557760}"
   1002496,        25,         0,   117.7,decoder_by_matrix,5dee359087c4b9ae2c20477a4d5136d2695095b0438111838e7093c679bd3c20,"{""distance"":3,""physical_error_rate"":0.0005}","{""detection_events"":60570,""detectors_checked"":54134784,""obs_mistake_mask=_EEE"":2,""obs_mistake_mask=_EE_"":3,""obs_mistake_mask=_E_E"":1,""obs_mistake_mask=_E__"":4,""obs_mistake_mask=__EE"":2,""obs_mistake_mask=__E_"":7,""obs_mistake_mask=___E"":6}"
   1317888,         0,         0,   117.2,decoder_by_matrix,cd5aa4935a142b600239883e928f6c7fc9fbc8c84161e9ed59cf2551b7ebfc3d,"{""distance"":3,""physical_error_rate"":5e-05}","{""detection_events"":8151,""detectors_checked"":71165952}"
   1138688,         3,         0,   117.2,decoder_by_matrix,c8397cb2c46e4683a6f3970bc42cef1aabfef4d80cfcd6b8313e87630b680ee2,"{""distance"":3,""physical_error_rate"":0.0001}","{""detection_events"":13236,""detectors_checked"":61489152,""obs_mistake_mask=_EEE"":1,""obs_mistake_mask=_EE_"":1,""obs_mistake_mask=__E_"":1}"
   1126400,         1,         0,   117.4,decoder_by_matrix,c8397cb2c46e4683a6f3970bc42cef1aabfef4d80cfcd6b8313e87630b680ee2,"{""distance"":3,""physical_error_rate"":0.0001}","{""detection_events"":13368,""detectors_checked"":60825600,""obs_mistake_mask=__E_"":1}"
   1129472,         0,         0,   118.6,decoder_by_matrix,c8397cb2c46e4683a6f3970bc42cef1aabfef4d80cfcd6b8313e87630b680ee2,"{""distance"":3,""physical_error_rate"":0.0001}","{""detection_events"":13518,""detectors_checked"":60991488}"
   1313792,         0,         0,   116.7,decoder_by_matrix,cd5aa4935a142b600239883e928f6c7fc9fbc8c84161e9ed59cf2551b7ebfc3d,"{""distance"":3,""physical_error_rate"":5e-05}","{""detection_events"":8301,""detectors_checked"":70944768}"
   2333696,         0,         0,   115.9,decoder_by_matrix,1222905ef2c3e0b3841e2be415851bad02a0949e12b9844f6b979980572eaa40,"{""distance"":3,""physical_error_rate"":5e-06}","{""detection_events"":1383,""detectors_checked"":126019584}"
   2376704,         0,         0,   115.0,decoder_by_matrix,1222905ef2c3e0b3841e2be415851bad02a0949e12b9844f6b979980572eaa40,"{""distance"":3,""physical_error_rate"":5e-06}","{""detection_events"":1314,""detectors_checked"":128342016}"
   1107968,         0,         0,   117.2,decoder_by_matrix,c8397cb2c46e4683a6f3970bc42cef1aabfef4d80cfcd6b8313e87630b680ee2,"{""distance"":3,""physical_error_rate"":0.0001}","{""detection_events"":13464,""detectors_checked"":59830272}"
   2345984,         0,         0,   116.2,decoder_by_matrix,1222905ef2c3e0b3841e2be415851bad02a0949e12b9844f6b979980572eaa40,"{""distance"":3,""physical_error_rate"":5e-06}","{""detection_events"":1461,""detectors_checked"":126683136}"
   1325056,         0,         0,   117.1,decoder_by_matrix,cd5aa4935a142b600239883e928f6c7fc9fbc8c84161e9ed59cf2551b7ebfc3d,"{""distance"":3,""physical_error_rate"":5e-05}","{""detection_events"":8199,""detectors_checked"":71553024}"
   2650112,         0,         0,   114.6,decoder_by_matrix,b3c6da8537ae85d54cd5acd57fc4d5a00e23be04de7c70760ac5fa4b0f5f70dc,"{""distance"":3,""physical_error_rate"":1e-06}","{""detection_events"":282,""detectors_checked"":143106048}"
   2068480,         0,         0,   115.9,decoder_by_matrix,73784f3389b885bc1b704dac0b44b83e08b79da81bcec9ed749229213445f550,"{""distance"":3,""physical_error_rate"":1e-05}","{""detection_events"":2448,""detectors_checked"":111697920}"
   1006592,        17,         0,   117.5,decoder_by_matrix,5dee359087c4b9ae2c20477a4d5136d2695095b0438111838e7093c679bd3c20,"{""distance"":3,""physical_error_rate"":0.0005}","{""detection_events"":61053,""detectors_checked"":54355968,""obs_mistake_mask=E___"":2,""obs_mistake_mask=_EEE"":3,""obs_mistake_mask=_EE_"":2,""obs_mistake_mask=_E_E"":2,""obs_mistake_mask=_E__"":2,""obs_mistake_mask=__EE"":2,""obs_mistake_mask=__E_"":2,""obs_mistake_mask=___E"":2}"
   2625536,         0,         0,   113.6,decoder_by_matrix,b3c6da8537ae85d54cd5acd57fc4d5a00e23be04de7c70760ac5fa4b0f5f70dc,"{""distance"":3,""physical_error_rate"":1e-06}","{""detection_events"":279,""detectors_checked"":141778944}"
   1339392,         0,         0,   117.1,decoder_by_matrix,cd5aa4935a142b600239883e928f6c7fc9fbc8c84161e9ed59cf2551b7ebfc3d,"{""distance"":3,""physical_error_rate"":5e-05}","{""detection_events"":7926,""detectors_checked"":72327168}"
   2026496,         0,         0,   115.4,decoder_by_matrix,73784f3389b885bc1b704dac0b44b83e08b79da81bcec9ed749229213445f550,"{""distance"":3,""physical_error_rate"":1e-05}","{""detection_events"":2820,""detectors_checked"":109430784}"
    996352,        28,         0,   116.9,decoder_by_matrix,5dee359087c4b9ae2c20477a4d5136d2695095b0438111838e7093c679bd3c20,"{""distance"":3,""physical_error_rate"":0.0005}","{""detection_events"":59817,""detectors_checked"":53803008,""obs_mistake_mask=E___"":3,""obs_mistake_mask=_EEE"":4,""obs_mistake_mask=_EE_"":3,""obs_mistake_mask=_E_E"":1,""obs_mistake_mask=_E__"":6,""obs_mistake_mask=__EE"":2,""obs_mistake_mask=__E_"":4,""obs_mistake_mask=___E"":5}"
   1125376,         0,         0,   118.3,decoder_by_matrix,c8397cb2c46e4683a6f3970bc42cef1aabfef4d80cfcd6b8313e87630b680ee2,"{""distance"":3,""physical_error_rate"":0.0001}","{""detection_events"":13011,""detectors_checked"":60770304}"
   2066432,         0,         0,   114.1,decoder_by_matrix,73784f3389b885bc1b704dac0b44b83e08b79da81bcec9ed749229213445f550,"{""distance"":3,""physical_error_rate"":1e-05}","{""detection_events"":2607,""detectors_checked"":111587328}"
   2622464,         0,         0,   116.4,decoder_by_matrix,b3c6da8537ae85d54cd5acd57fc4d5a00e23be04de7c70760ac5fa4b0f5f70dc,"{""distance"":3,""physical_error_rate"":1e-06}","{""detection_events"":318,""detectors_checked"":141613056}"
   2347008,         0,         0,   114.1,decoder_by_matrix,1222905ef2c3e0b3841e2be415851bad02a0949e12b9844f6b979980572eaa40,"{""distance"":3,""physical_error_rate"":5e-06}","{""detection_events"":1362,""detectors_checked"":126738432}"
   1328128,         0,         0,   116.8,decoder_by_matrix,cd5aa4935a142b600239883e928f6c7fc9fbc8c84161e9ed59cf2551b7ebfc3d,"{""distance"":3,""physical_error_rate"":5e-05}","{""detection_events"":8094,""detectors_checked"":71718912}"
   1128448,         0,         0,   118.3,decoder_by_matrix,c8397cb2c46e4683a6f3970bc42cef1aabfef4d80cfcd6b8313e87630b680ee2,"{""distance"":3,""physical_error_rate"":0.0001}","{""detection_events"":13407,""detectors_checked"":60936192}"
   1006592,        25,         0,   117.2,decoder_by_matrix,5dee359087c4b9ae2c20477a4d5136d2695095b0438111838e7093c679bd3c20,"{""distance"":3,""physical_error_rate"":0.0005}","{""detection_events"":61233,""detectors_checked"":54355968,""obs_mistake_mask=E___"":2,""obs_mistake_mask=_EEE"":2,""obs_mistake_mask=_EE_"":2,""obs_mistake_mask=_E_E"":3,""obs_mistake_mask=_E__"":6,""obs_mistake_mask=__EE"":2,""obs_mistake_mask=__E_"":5,""obs_mistake_mask=___E"":3}"
   2073600,         0,         0,   116.9,decoder_by_matrix,73784f3389b885bc1b704dac0b44b83e08b79da81bcec9ed749229213445f550,"{""distance"":3,""physical_error_rate"":1e-05}","{""detection_events"":2625,""detectors_checked"":111974400}"
   2342912,         0,         0,   115.7,decoder_by_matrix,1222905ef2c3e0b3841e2be415851bad02a0949e12b9844f6b979980572eaa40,"{""distance"":3,""physical_error_rate"":5e-06}","{""detection_events"":1413,""detectors_checked"":126517248}"
   2076672,         0,         0,   115.9,decoder_by_matrix,73784f3389b885bc1b704dac0b44b83e08b79da81bcec9ed749229213445f550,"{""distance"":3,""physical_error_rate"":1e-05}","{""detection_events"":2601,""detectors_checked"":112140288}"
   2092032,         0,         0,   116.3,decoder_by_matrix,73784f3389b885bc1b704dac0b44b83e08b79da81bcec9ed749229213445f550,"{""distance"":3,""physical_error_rate"":1e-05}","{""detection_events"":2391,""detectors_checked"":112969728}"
   2612224,         0,         0,   117.1,decoder_by_matrix,b3c6da8537ae85d54cd5acd57fc4d5a00e23be04de7c70760ac5fa4b0f5f70dc,"{""distance"":3,""physical_error_rate"":1e-06}","{""detection_events"":399,""detectors_checked"":141060096}"
   1126400,         1,         0,   117.6,decoder_by_matrix,c8397cb2c46e4683a6f3970bc42cef1aabfef4d80cfcd6b8313e87630b680ee2,"{""distance"":3,""physical_error_rate"":0.0001}","{""detection_events"":12948,""detectors_checked"":60825600,""obs_mistake_mask=___E"":1}"
   1001472,        17,         0,   117.3,decoder_by_matrix,5dee359087c4b9ae2c20477a4d5136d2695095b0438111838e7093c679bd3c20,"{""distance"":3,""physical_error_rate"":0.0005}","{""detection_events"":60357,""detectors_checked"":54079488,""obs_mistake_mask=E___"":1,""obs_mistake_mask=_EEE"":1,""obs_mistake_mask=_EE_"":3,""obs_mistake_mask=_E_E"":2,""obs_mistake_mask=__EE"":4,""obs_mistake_mask=__E_"":5,""obs_mistake_mask=___E"":1}"
   1323008,         1,         0,   115.6,decoder_by_matrix,cd5aa4935a142b600239883e928f6c7fc9fbc8c84161e9ed59cf2551b7ebfc3d,"{""distance"":3,""physical_error_rate"":5e-05}","{""detection_events"":8040,""detectors_checked"":71442432,""obs_mistake_mask=_EE_"":1}"
   1004544,        26,         0,   117.3,decoder_by_matrix,5dee359087c4b9ae2c20477a4d5136d2695095b0438111838e7093c679bd3c20,"{""distance"":3,""physical_error_rate"":0.0005}","{""detection_events"":60375,""detectors_checked"":54245376,""obs_mistake_mask=E___"":4,""obs_mistake_mask=_EEE"":2,""obs_mistake_mask=_EE_"":1,""obs_mistake_mask=_E_E"":6,""obs_mistake_mask=_E__"":2,""obs_mistake_mask=__EE"":4,""obs_mistake_mask=__E_"":3,""obs_mistake_mask=___E"":4}"
   1348608,         0,         0,   117.4,decoder_by_matrix,cd5aa4935a142b600239883e928f6c7fc9fbc8c84161e9ed59cf2551b7ebfc3d,"{""distance"":3,""physical_error_rate"":5e-05}","{""detection_events"":7734,""detectors_checked"":72824832}"
   1132544,         0,         0,   118.6,decoder_by_matrix,c8397cb2c46e4683a6f3970bc42cef1aabfef4d80cfcd6b8313e87630b680ee2,"{""distance"":3,""physical_error_rate"":0.0001}","{""detection_events"":13071,""detectors_checked"":61157376}"
   2596864,         0,         0,   114.9,decoder_by_matrix,b3c6da8537ae85d54cd5acd57fc4d5a00e23be04de7c70760ac5fa4b0f5f70dc,"{""distance"":3,""physical_error_rate"":1e-06}","{""detection_events"":438,""detectors_checked"":140230656}"
   2309120,         0,         0,   115.1,decoder_by_matrix,1222905ef2c3e0b3841e2be415851bad02a0949e12b9844f6b979980572eaa40,"{""distance"":3,""physical_error_rate"":5e-06}","{""detection_events"":1473,""detectors_checked"":124692480}"
   1098752,         1,         0,   117.1,decoder_by_matrix,c8397cb2c46e4683a6f3970bc42cef1aabfef4d80cfcd6b8313e87630b680ee2,"{""distance"":3,""physical_error_rate"":0.0001}","{""detection_events"":13599,""detectors_checked"":59332608,""obs_mistake_mask=_E_E"":1}"
   1338368,         0,         0,   117.4,decoder_by_matrix,cd5aa4935a142b600239883e928f6c7fc9fbc8c84161e9ed59cf2551b7ebfc3d,"{""distance"":3,""physical_error_rate"":5e-05}","{""detection_events"":7743,""detectors_checked"":72271872}"
    998400,        17,         0,   118.2,decoder_by_matrix,5dee359087c4b9ae2c20477a4d5136d2695095b0438111838e7093c679bd3c20,"{""distance"":3,""physical_error_rate"":0.0005}","{""detection_events"":59292,""detectors_checked"":53913600,""obs_mistake_mask=E___"":1,""obs_mistake_mask=_EE_"":2,""obs_mistake_mask=_E_E"":1,""obs_mistake_mask=_E__"":5,""obs_mistake_mask=__EE"":1,""obs_mistake_mask=__E_"":3,""obs_mistake_mask=___E"":4}"
   2074624,         0,         0,   116.0,decoder_by_matrix,73784f3389b885bc1b704dac0b44b83e08b79da81bcec9ed749229213445f550,"{""distance"":3,""physical_error_rate"":1e-05}","{""detection_events"":2541,""detectors_checked"":112029696}"
   2279424,         0,         0,   112.5,decoder_by_matrix,1222905ef2c3e0b3841e2be415851bad02a0949e12b9844f6b979980572eaa40,"{""distance"":3,""physical_error_rate"":5e-06}","{""detection_events"":1596,""detectors_checked"":123088896}"
   1125376,         1,         0,   115.8,decoder_by_matrix,c8397cb2c46e4683a6f3970bc42cef1aabfef4d80cfcd6b8313e87630b680ee2,"{""distance"":3,""physical_error_rate"":0.0001}","{""detection_events"":13236,""detectors_checked"":60770304,""obs_mistake_mask=___E"":1}"
   2632704,         0,         0,   115.6,decoder_by_matrix,b3c6da8537ae85d54cd5acd57fc4d5a00e23be04de7c70760ac5fa4b0f5f70dc,"{""distance"":3,""physical_error_rate"":1e-06}","{""detection_events"":255,""detectors_checked"":142166016}"
   1008640,        17,         0,   117.4,decoder_by_matrix,5dee359087c4b9ae2c20477a4d5136d2695095b0438111838e7093c679bd3c20,"{""distance"":3,""physical_error_rate"":0.0005}","{""detection_events"":59763,""detectors_checked"":54466560,""obs_mistake_mask=E___"":3,""obs_mistake_mask=_EEE"":1,""obs_mistake_mask=_EE_"":3,""obs_mistake_mask=_E__"":3,""obs_mistake_mask=__E_"":4,""obs_mistake_mask=___E"":3}"
   2335744,         0,         0,   115.1,decoder_by_matrix,1222905ef2c3e0b3841e2be415851bad02a0949e12b9844f6b979980572eaa40,"{""distance"":3,""physical_error_rate"":5e-06}","{""detection_events"":1476,""detectors_checked"":126130176}"
   1318912,         0,         0,   117.3,decoder_by_matrix,cd5aa4935a142b600239883e928f6c7fc9fbc8c84161e9ed59cf2551b7ebfc3d,"{""distance"":3,""physical_error_rate"":5e-05}","{""detection_events"":8049,""detectors_checked"":71221248}"
   2093056,         0,         0,   114.1,decoder_by_matrix,73784f3389b885bc1b704dac0b44b83e08b79da81bcec9ed749229213445f550,"{""distance"":3,""physical_error_rate"":1e-05}","{""detection_events"":2451,""detectors_checked"":113025024}"
   2077696,         0,         0,   115.6,decoder_by_matrix,73784f3389b885bc1b704dac0b44b83e08b79da81bcec9ed749229213445f550,"{""distance"":3,""physical_error_rate"":1e-05}","{""detection_events"":2619,""detectors_checked"":112195584}"
   2336768,         0,         0,   115.1,decoder_by_matrix,1222905ef2c3e0b3841e2be415851bad02a0949e12b9844f6b979980572eaa40,"{""distance"":3,""physical_error_rate"":5e-06}","{""detection_events"":1368,""detectors_checked"":126185472}"
   2631680,         0,         0,   113.7,decoder_by_matrix,b3c6da8537ae85d54cd5acd57fc4d5a00e23be04de7c70760ac5fa4b0f5f70dc,"{""distance"":3,""physical_error_rate"":1e-06}","{""detection_events"":276,""detectors_checked"":142110720}"
   1121280,         2,         0,   117.6,decoder_by_matrix,c8397cb2c46e4683a6f3970bc42cef1aabfef4d80cfcd6b8313e87630b680ee2,"{""distance"":3,""physical_error_rate"":0.0001}","{""detection_events"":13893,""detectors_checked"":60549120,""obs_mistake_mask=__E_"":1,""obs_mistake_mask=___E"":1}"
   1339392,         0,         0,   115.4,decoder_by_matrix,cd5aa4935a142b600239883e928f6c7fc9fbc8c84161e9ed59cf2551b7ebfc3d,"{""distance"":3,""physical_error_rate"":5e-05}","{""detection_events"":8070,""detectors_checked"":72327168}"
   1334272,         1,         0,   117.2,decoder_by_matrix,cd5aa4935a142b600239883e928f6c7fc9fbc8c84161e9ed59cf2551b7ebfc3d,"{""distance"":3,""physical_error_rate"":5e-05}","{""detection_events"":8124,""detectors_checked"":72050688,""obs_mistake_mask=__EE"":1}"
   1006592,        18,         0,   117.7,decoder_by_matrix,5dee359087c4b9ae2c20477a4d5136d2695095b0438111838e7093c679bd3c20,"{""distance"":3,""physical_error_rate"":0.0005}","{""detection_events"":60075,""detectors_checked"":54355968,""obs_mistake_mask=E___"":2,""obs_mistake_mask=_EEE"":2,""obs_mistake_mask=_E_E"":1,""obs_mistake_mask=_E__"":6,""obs_mistake_mask=__EE"":2,""obs_mistake_mask=__E_"":3,""obs_mistake_mask=___E"":2}"
   2093056,         2,         0,   115.8,decoder_by_matrix,73784f3389b885bc1b704dac0b44b83e08b79da81bcec9ed749229213445f550,"{""distance"":3,""physical_error_rate"":1e-05}","{""detection_events"":2502,""detectors_checked"":113025024,""obs_mistake_mask=_EE_"":1,""obs_mistake_mask=__E_"":1}"
   2647040,         0,         0,   115.9,decoder_by_matrix,b3c6da8537ae85d54cd5acd57fc4d5a00e23be04de7c70760ac5fa4b0f5f70dc,"{""distance"":3,""physical_error_rate"":1e-06}","{""detection_events"":285,""detectors_checked"":142940160}"
   1008640,        12,         0,   116.1,decoder_by_matrix,5dee359087c4b9ae2c20477a4d5136d2695095b0438111838e7093c679bd3c20,"{""distance"":3,""physical_error_rate"":0.0005}","{""detection_events"":59865,""detectors_checked"":54466560,""obs_mistake_mask=E___"":1,""obs_mistake_mask=_EEE"":5,""obs_mistake_mask=_E_E"":2,""obs_mistake_mask=_E__"":1,""obs_mistake_mask=__E_"":1,""obs_mistake_mask=___E"":2}"
   2312192,         0,         0,   115.1,decoder_by_matrix,1222905ef2c3e0b3841e2be415851bad02a0949e12b9844f6b979980572eaa40,"{""distance"":3,""physical_error_rate"":5e-06}","{""detection_events"":1620,""detectors_checked"":124858368}"
   2607104,         0,         0,   114.9,decoder_by_matrix,b3c6da8537ae85d54cd5acd57fc4d5a00e23be04de7c70760ac5fa4b0f5f70dc,"{""distance"":3,""physical_error_rate"":1e-06}","{""detection_events"":315,""detectors_checked"":140783616}"
   1004544,        22,         0,   118.1,decoder_by_matrix,5dee359087c4b9ae2c20477a4d5136d2695095b0438111838e7093c679bd3c20,"{""distance"":3,""physical_error_rate"":0.0005}","{""detection_events"":60702,""detectors_checked"":54245376,""obs_mistake_mask=EEE_"":1,""obs_mistake_mask=E___"":3,""obs_mistake_mask=_EEE"":2,""obs_mistake_mask=_EE_"":2,""obs_mistake_mask=_E_E"":1,""obs_mistake_mask=_E__"":6,""obs_mistake_mask=__E_"":4,""obs_mistake_mask=___E"":3}"
   2630656,         0,         0,   115.4,decoder_by_matrix,b3c6da8537ae85d54cd5acd57fc4d5a00e23be04de7c70760ac5fa4b0f5f70dc,"{""distance"":3,""physical_error_rate"":1e-06}","{""detection_events"":282,""detectors_checked"":142055424}"
   1000448,        24,         0,   116.9,decoder_by_matrix,5dee359087c4b9ae2c20477a4d5136d2695095b0438111838e7093c679bd3c20,"{""distance"":3,""physical_error_rate"":0.0005}","{""detection_events"":60111,""detectors_checked"":54024192,""obs_mistake_mask=E___"":4,""obs_mistake_mask=_EEE"":4,""obs_mistake_mask=_EE_"":3,""obs_mistake_mask=_E_E"":2,""obs_mistake_mask=_E__"":2,""obs_mistake_mask=__EE"":2,""obs_mistake_mask=__E_"":3,""obs_mistake_mask=___E"":4}"
   2107392,         0,         0,   113.9,decoder_by_matrix,73784f3389b885bc1b704dac0b44b83e08b79da81bcec9ed749229213445f550,"{""distance"":3,""physical_error_rate"":1e-05}","{""detection_events"":2442,""detectors_checked"":113799168}"
   1118208,         2,         0,   117.8,decoder_by_matrix,c8397cb2c46e4683a6f3970bc42cef1aabfef4d80cfcd6b8313e87630b680ee2,"{""distance"":3,""physical_error_rate"":0.0001}","{""detection_events"":13896,""detectors_checked"":60383232,""obs_mistake_mask=E___"":1,""obs_mistake_mask=__E_"":1}"
   1336320,         1,         0,   117.6,decoder_by_matrix,cd5aa4935a142b600239883e928f6c7fc9fbc8c84161e9ed59cf2551b7ebfc3d,"{""distance"":3,""physical_error_rate"":5e-05}","{""detection_events"":7953,""detectors_checked"":72161280,""obs_mistake_mask=E___"":1}"
   1120256,         0,         0,   117.3,decoder_by_matrix,c8397cb2c46e4683a6f3970bc42cef1aabfef4d80cfcd6b8313e87630b680ee2,"{""distance"":3,""physical_error_rate"":0.0001}","{""detection_events"":13128,""detectors_checked"":60493824}"
   1319936,         0,         0,   115.6,decoder_by_matrix,cd5aa4935a142b600239883e928f6c7fc9fbc8c84161e9ed59cf2551b7ebfc3d,"{""distance"":3,""physical_error_rate"":5e-05}","{""detection_events"":7872,""detectors_checked"":71276544}"
   2378752,         0,         0,   115.8,decoder_by_matrix,1222905ef2c3e0b3841e2be415851bad02a0949e12b9844f6b979980572eaa40,"{""distance"":3,""physical_error_rate"":5e-06}","{""detection_events"":1266,""detectors_checked"":128452608}"
   1127424,         0,         0,   115.9,decoder_by_matrix,c8397cb2c46e4683a6f3970bc42cef1aabfef4d80cfcd6b8313e87630b680ee2,"{""distance"":3,""physical_error_rate"":0.0001}","{""detection_events"":13365,""detectors_checked"":60880896}"
   2339840,         0,         0,   114.8,decoder_by_matrix,1222905ef2c3e0b3841e2be415851bad02a0949e12b9844f6b979980572eaa40,"{""distance"":3,""physical_error_rate"":5e-06}","{""detection_events"":1359,""detectors_checked"":126351360}"
   2321408,         0,         0,   115.7,decoder_by_matrix,1222905ef2c3e0b3841e2be415851bad02a0949e12b9844f6b979980572eaa40,"{""distance"":3,""physical_error_rate"":5e-06}","{""detection_events"":1464,""detectors_checked"":125356032}"
   1133568,         0,         0,   119.0,decoder_by_matrix,c8397cb2c46e4683a6f3970bc42cef1aabfef4d80cfcd6b8313e87630b680ee2,"{""distance"":3,""physical_error_rate"":0.0001}","{""detection_events"":13221,""detectors_checked"":61212672}"
   1327104,         0,         0,   117.2,decoder_by_matrix,cd5aa4935a142b600239883e928f6c7fc9fbc8c84161e9ed59cf2551b7ebfc3d,"{""distance"":3,""physical_error_rate"":5e-05}","{""detection_events"":7758,""detectors_checked"":71663616}"
   2600960,         0,         0,   114.8,decoder_by_matrix,b3c6da8537ae85d54cd5acd57fc4d5a00e23be04de7c70760ac5fa4b0f5f70dc,"{""distance"":3,""physical_error_rate"":1e-06}","{""detection_events"":420,""detectors_checked"":140451840}"
   2069504,         0,         0,   117.0,decoder_by_matrix,73784f3389b885bc1b704dac0b44b83e08b79da81bcec9ed749229213445f550,"{""distance"":3,""physical_error_rate"":1e-05}","{""detection_events"":2496,""detectors_checked"":111753216}"
   1006592,        22,         0,   116.7,decoder_by_matrix,5dee359087c4b9ae2c20477a4d5136d2695095b0438111838e7093c679bd3c20,"{""distance"":3,""physical_error_rate"":0.0005}","{""detection_events"":60813,""detectors_checked"":54355968,""obs_mistake_mask=E___"":6,""obs_mistake_mask=_EEE"":1,""obs_mistake_mask=_EE_"":1,""obs_mistake_mask=_E_E"":1,""obs_mistake_mask=_E__"":2,""obs_mistake_mask=__EE"":1,""obs_mistake_mask=__E_"":3,""obs_mistake_mask=___E"":7}"
   2621440,         0,         0,   115.6,decoder_by_matrix,b3c6da8537ae85d54cd5acd57fc4d5a00e23be04de7c70760ac5fa4b0f5f70dc,"{""distance"":3,""physical_error_rate"":1e-06}","{""detection_events"":276,""detectors_checked"":141557760}"
   1314816,         0,         0,   117.9,decoder_by_matrix,cd5aa4935a142b600239883e928f6c7fc9fbc8c84161e9ed59cf2551b7ebfc3d,"{""distance"":3,""physical_error_rate"":5e-05}","{""detection_events"":8139,""detectors_checked"":71000064}"
   2080768,         0,         0,   116.4,decoder_by_matrix,73784f3389b885bc1b704dac0b44b83e08b79da81bcec9ed749229213445f550,"{""distance"":3,""physical_error_rate"":1e-05}","{""detection_events"":2502,""detectors_checked"":112361472}"
    997376,        30,         0,   117.4,decoder_by_matrix,5dee359087c4b9ae2c20477a4d5136d2695095b0438111838e7093c679bd3c20,"{""distance"":3,""physical_error_rate"":0.0005}","{""detection_events"":59655,""detectors_checked"":53858304,""obs_mistake_mask=E___"":5,""obs_mistake_mask=_EEE"":4,""obs_mistake_mask=_EE_"":5,""obs_mistake_mask=_E_E"":4,""obs_mistake_mask=_E__"":4,""obs_mistake_mask=__EE"":3,""obs_mistake_mask=__E_"":3,""obs_mistake_mask=___E"":2}"
   1124352,         0,         0,   116.9,decoder_by_matrix,c8397cb2c46e4683a6f3970bc42cef1aabfef4d80cfcd6b8313e87630b680ee2,"{""distance"":3,""physical_error_rate"":0.0001}","{""detection_events"":13392,""detectors_checked"":60715008}"
   2080768,         0,         0,   117.1,decoder_by_matrix,73784f3389b885bc1b704dac0b44b83e08b79da81bcec9ed749229213445f550,"{""distance"":3,""physical_error_rate"":1e-05}","{""detection_events"":2424,""detectors_checked"":112361472}"
   2620416,         0,         0,   114.6,decoder_by_matrix,b3c6da8537ae85d54cd5acd57fc4d5a00e23be04de7c70760ac5fa4b0f5f70dc,"{""distance"":3,""physical_error_rate"":1e-06}","{""detection_events"":315,""detectors_checked"":141502464}"
   2342912,         0,         0,   114.9,decoder_by_matrix,1222905ef2c3e0b3841e2be415851bad02a0949e12b9844f6b979980572eaa40,"{""distance"":3,""physical_error_rate"":5e-06}","{""detection_events"":1362,""detectors_checked"":126517248}"
   1333248,         0,         0,   114.1,decoder_by_matrix,cd5aa4935a142b600239883e928f6c7fc9fbc8c84161e9ed59cf2551b7ebfc3d,"{""distance"":3,""physical_error_rate"":5e-05}","{""detection_events"":7755,""detectors_checked"":71995392}"
   1003520,        28,         0,   117.8,decoder_by_matrix,5dee359087c4b9ae2c20477a4d5136d2695095b0438111838e7093c679bd3c20,"{""distance"":3,""physical_error_rate"":0.0005}","{""detection_events"":60753,""detectors_checked"":54190080,""obs_mistake_mask=E___"":2,""obs_mistake_mask=_EEE"":3,""obs_mistake_mask=_EE_"":7,""obs_mistake_mask=_E_E"":4,""obs_mistake_mask=_E__"":3,""obs_mistake_mask=__EE"":1,""obs_mistake_mask=__E_"":3,""obs_mistake_mask=___E"":5}"
   2080768,         0,         0,   114.3,decoder_by_matrix,73784f3389b885bc1b704dac0b44b83e08b79da81bcec9ed749229213445f550,"{""distance"":3,""physical_error_rate"":1e-05}","{""detection_events"":2619,""detectors_checked"":112361472}"
   1116160,         0,         0,   117.3,decoder_by_matrix,c8397cb2c46e4683a6f3970bc42cef1aabfef4d80cfcd6b8313e87630b680ee2,"{""distance"":3,""physical_error_rate"":0.0001}","{""detection_events"":13482,""detectors_checked"":60272640}"
   2348032,         0,         0,   112.9,decoder_by_matrix,1222905ef2c3e0b3841e2be415851bad02a0949e12b9844f6b979980572eaa40,"{""distance"":3,""physical_error_rate"":5e-06}","{""detection_events"":1425,""detectors_checked"":126793728}"
   2099200,         0,         0,   115.0,decoder_by_matrix,73784f3389b885bc1b704dac0b44b83e08b79da81bcec9ed749229213445f550,"{""distance"":3,""physical_error_rate"":1e-05}","{""detection_events"":2430,""detectors_checked"":113356800}"
   2059264,         0,         0,   114.5,decoder_by_matrix,73784f3389b885bc1b704dac0b44b83e08b79da81bcec9ed749229213445f550,"{""distance"":3,""physical_error_rate"":1e-05}","{""detection_events"":2592,""detectors_checked"":111200256}"
   2637824,         0,         0,   114.4,decoder_by_matrix,b3c6da8537ae85d54cd5acd57fc4d5a00e23be04de7c70760ac5fa4b0f5f70dc,"{""distance"":3,""physical_error_rate"":1e-06}","{""detection_events"":303,""detectors_checked"":142442496}"
   1118208,         2,         0,   117.0,decoder_by_matrix,c8397cb2c46e4683a6f3970bc42cef1aabfef4d80cfcd6b8313e87630b680ee2,"{""distance"":3,""physical_error_rate"":0.0001}","{""detection_events"":13446,""detectors_checked"":60383232,""obs_mistake_mask=_E__"":1,""obs_mistake_mask=___E"":1}"
   1327104,         0,         0,   116.1,decoder_by_matrix,cd5aa4935a142b600239883e928f6c7fc9fbc8c84161e9ed59cf2551b7ebfc3d,"{""distance"":3,""physical_error_rate"":5e-05}","{""detection_events"":8130,""detectors_checked"":71663616}"
    997376,        20,         0,   117.6,decoder_by_matrix,5dee359087c4b9ae2c20477a4d5136d2695095b0438111838e7093c679bd3c20,"{""distance"":3,""physical_error_rate"":0.0005}","{""detection_events"":60120,""detectors_checked"":53858304,""obs_mistake_mask=E___"":1,""obs_mistake_mask=_E_E"":1,""obs_mistake_mask=_E__"":4,""obs_mistake_mask=__EE"":4,""obs_mistake_mask=__E_"":6,""obs_mistake_mask=___E"":4}"
   1003520,        20,         0,   117.6,decoder_by_matrix,5dee359087c4b9ae2c20477a4d5136d2695095b0438111838e7093c679bd3c20,"{""distance"":3,""physical_error_rate"":0.0005}","{""detection_events"":59955,""detectors_checked"":54190080,""obs_mistake_mask=E___"":2,""obs_mistake_mask=_EEE"":1,""obs_mistake_mask=_EE_"":4,""obs_mistake_mask=_E_E"":2,""obs_mistake_mask=_E__"":4,""obs_mistake_mask=__EE"":2,""obs_mistake_mask=__E_"":3,""obs_mistake_mask=___E"":2}"
   1329152,         1,         0,   116.7,decoder_by_matrix,cd5aa4935a142b600239883e928f6c7fc9fbc8c84161e9ed59cf2551b7ebfc3d,"{""distance"":3,""physical_error_rate"":5e-05}","{""detection_events"":7767,""detectors_checked"":71774208,""obs_mistake_mask=__EE"":1}"
   1129472,         1,         0,   117.9,decoder_by_matrix,c8397cb2c46e4683a6f3970bc42cef1aabfef4d80cfcd6b8313e87630b680ee2,"{""distance"":3,""physical_error_rate"":0.0001}","{""detection_events"":12561,""detectors_checked"":60991488,""obs_mistake_mask=___E"":1}"
   2624512,         0,         0,   112.9,decoder_by_matrix,b3c6da8537ae85d54cd5acd57fc4d5a00e23be04de7c70760ac5fa4b0f5f70dc,"{""distance"":3,""physical_error_rate"":1e-06}","{""detection_events"":282,""detectors_checked"":141723648}"
   2363392,         0,         0,   114.5,decoder_by_matrix,1222905ef2c3e0b3841e2be415851bad02a0949e12b9844f6b979980572eaa40,"{""distance"":3,""physical_error_rate"":5e-06}","{""detection_events"":1410,""detectors_checked"":127623168}"
   1123328,         1,         0,   116.4,decoder_by_matrix,c8397cb2c46e4683a6f3970bc42cef1aabfef4d80cfcd6b8313e87630b680ee2,"{""distance"":3,""physical_error_rate"":0.0001}","{""detection_events"":13251,""detectors_checked"":60659712,""obs_mistake_mask=__E_"":1}"
   1341440,         0,         0,   115.9,decoder_by_matrix,cd5aa4935a142b600239883e928f6c7fc9fbc8c84161e9ed59cf2551b7ebfc3d,"{""distance"":3,""physical_error_rate"":5e-05}","{""detection_events"":7959,""detectors_checked"":72437760}"
    998400,        19,         0,   118.0,decoder_by_matrix,5dee359087c4b9ae2c20477a4d5136d2695095b0438111838e7093c679bd3c20,"{""distance"":3,""physical_error_rate"":0.0005}","{""detection_events"":59253,""detectors_checked"":53913600,""obs_mistake_mask=E___"":1,""obs_mistake_mask=_EEE"":2,""obs_mistake_mask=_EE_"":4,""obs_mistake_mask=_E_E"":2,""obs_mistake_mask=_E__"":3,""obs_mistake_mask=__E_"":3,""obs_mistake_mask=___E"":4}"
   2097152,         0,         0,   114.9,decoder_by_matrix,73784f3389b885bc1b704dac0b44b83e08b79da81bcec9ed749229213445f550,"{""distance"":3,""physical_error_rate"":1e-05}","{""detection_events"":2331,""detectors_checked"":113246208}"
   2343936,         0,         0,   115.2,decoder_by_matrix,1222905ef2c3e0b3841e2be415851bad02a0949e12b9844f6b979980572eaa40,"{""distance"":3,""physical_error_rate"":5e-06}","{""detection_events"":1383,""detectors_checked"":126572544}"
   1007616,        21,         0,   117.7,decoder_by_matrix,5dee359087c4b9ae2c20477a4d5136d2695095b0438111838e7093c679bd3c20,"{""distance"":3,""physical_error_rate"":0.0005}","{""detection_events"":60546,""detectors_checked"":54411264,""obs_mistake_mask=E___"":1,""obs_mistake_mask=_EEE"":4,""obs_mistake_mask=_EE_"":4,""obs_mistake_mask=_E_E"":2,""obs_mistake_mask=_E__"":3,""obs_mistake_mask=__EE"":1,""obs_mistake_mask=__E_"":3,""obs_mistake_mask=___E"":3}"
   1129472,         1,         0,   118.3,decoder_by_matrix,c8397cb2c46e4683a6f3970bc42cef1aabfef4d80cfcd6b8313e87630b680ee2,"{""distance"":3,""physical_error_rate"":0.0001}","{""detection_events"":12891,""detectors_checked"":60991488,""obs_mistake_mask=_E__"":1}"
   2619392,         0,         0,   114.8,decoder_by_matrix,b3c6da8537ae85d54cd5acd57fc4d5a00e23be04de7c70760ac5fa4b0f5f70dc,"{""distance"":3,""physical_error_rate"":1e-06}","{""detection_events"":363,""detectors_checked"":141447168}"
   2342912,         0,         0,   116.0,decoder_by_matrix,1222905ef2c3e0b3841e2be415851bad02a0949e12b9844f6b979980572eaa40,"{""distance"":3,""physical_error_rate"":5e-06}","{""detection_events"":1470,""detectors_checked"":126517248}"
   1346560,         2,         0,   117.0,decoder_by_matrix,cd5aa4935a142b600239883e928f6c7fc9fbc8c84161e9ed59cf2551b7ebfc3d,"{""distance"":3,""physical_error_rate"":5e-05}","{""detection_events"":7704,""detectors_checked"":72714240,""obs_mistake_mask=_E_E"":1,""obs_mistake_mask=__E_"":1}"
   2083840,         0,         0,   116.6,decoder_by_matrix,73784f3389b885bc1b704dac0b44b83e08b79da81bcec9ed749229213445f550,"{""distance"":3,""physical_error_rate"":1e-05}","{""detection_events"":2532,""detectors_checked"":112527360}"
   2077696,         0,         0,   115.5,decoder_by_matrix,73784f3389b885bc1b704dac0b44b83e08b79da81bcec9ed749229213445f550,"{""distance"":3,""physical_error_rate"":1e-05}","{""detection_events"":2355,""detectors_checked"":112195584}"
   1121280,         0,         0,   115.7,decoder_by_matrix,c8397cb2c46e4683a6f3970bc42cef1aabfef4d80cfcd6b8313e87630b680ee2,"{""distance"":3,""physical_error_rate"":0.0001}","{""detection_events"":13056,""detectors_checked"":60549120}"
   2350080,         0,         0,   117.4,decoder_by_matrix,1222905ef2c3e0b3841e2be415851bad02a0949e12b9844f6b979980572eaa40,"{""distance"":3,""physical_error_rate"":5e-06}","{""detection_events"":1275,""detectors_checked"":126904320}"
   2605056,         0,         0,   115.1,decoder_by_matrix,b3c6da8537ae85d54cd5acd57fc4d5a00e23be04de7c70760ac5fa4b0f5f70dc,"{""distance"":3,""physical_error_rate"":1e-06}","{""detection_events"":378,""detectors_checked"":140673024}"
   1318912,         0,         0,   117.4,decoder_by_matrix,cd5aa4935a142b600239883e928f6c7fc9fbc8c84161e9ed59cf2551b7ebfc3d,"{""distance"":3,""physical_error_rate"":5e-05}","{""detection_events"":8172,""detectors_checked"":71221248}"
   1342464,         0,         0,   116.1,decoder_by_matrix,cd5aa4935a142b600239883e928f6c7fc9fbc8c84161e9ed59cf2551b7ebfc3d,"{""distance"":3,""physical_error_rate"":5e-05}","{""detection_events"":7833,""detectors_checked"":72493056}"
   1007616,        13,         0,   119.2,decoder_by_matrix,5dee359087c4b9ae2c20477a4d5136d2695095b0438111838e7093c679bd3c20,"{""distance"":3,""physical_error_rate"":0.0005}","{""detection_events"":60222,""detectors_checked"":54411264,""obs_mistake_mask=E___"":1,""obs_mistake_mask=_EEE"":1,""obs_mistake_mask=_EE_"":4,""obs_mistake_mask=_E_E"":2,""obs_mistake_mask=_E__"":2,""obs_mistake_mask=__E_"":3}"
   2097152,         0,         0,   116.1,decoder_by_matrix,73784f3389b885bc1b704dac0b44b83e08b79da81bcec9ed749229213445f550,"{""distance"":3,""physical_error_rate"":1e-05}","{""detection_events"":2490,""detectors_checked"":113246208}"
   2639872,         0,         0,   116.1,decoder_by_matrix,b3c6da8537ae85d54cd5acd57fc4d5a00e23be04de7c70760ac5fa4b0f5f70dc,"{""distance"":3,""physical_error_rate"":1e-06}","{""detection_events"":300,""detectors_checked"":142553088}"
   1008640,        16,         0,   118.0,decoder_by_matrix,5dee359087c4b9ae2c20477a4d5136d2695095b0438111838e7093c679bd3c20,"{""distance"":3,""physical_error_rate"":0.0005}","{""detection_events"":60642,""detectors_checked"":54466560,""obs_mistake_mask=E___"":2,""obs_mistake_mask=_EE_"":3,""obs_mistake_mask=_E_E"":1,""obs_mistake_mask=_E__"":3,""obs_mistake_mask=__EE"":2,""obs_mistake_mask=__E_"":2,""obs_mistake_mask=___E"":3}"
   2606080,         0,         0,   114.8,decoder_by_matrix,b3c6da8537ae85d54cd5acd57fc4d5a00e23be04de7c70760ac5fa4b0f5f70dc,"{""distance"":3,""physical_error_rate"":1e-06}","{""detection_events"":384,""detectors_checked"":140728320}"
   2370560,         0,         0,   114.4,decoder_by_matrix,1222905ef2c3e0b3841e2be415851bad02a0949e12b9844f6b979980572eaa40,"{""distance"":3,""physical_error_rate"":5e-06}","{""detection_events"":1242,""detectors_checked"":128010240}"
   2616320,         0,         0,   115.6,decoder_by_matrix,b3c6da8537ae85d54cd5acd57fc4d5a00e23be04de7c70760ac5fa4b0f5f70dc,"{""distance"":3,""physical_error_rate"":1e-06}","{""detection_events"":342,""detectors_checked"":141281280}"
   1006592,        26,         0,   117.9,decoder_by_matrix,5dee359087c4b9ae2c20477a4d5136d2695095b0438111838e7093c679bd3c20,"{""distance"":3,""physical_error_rate"":0.0005}","{""detection_events"":60489,""detectors_checked"":54355968,""obs_mistake_mask=E___"":6,""obs_mistake_mask=_EEE"":3,""obs_mistake_mask=_EE_"":1,""obs_mistake_mask=_E__"":5,""obs_mistake_mask=__EE"":2,""obs_mistake_mask=__E_"":5,""obs_mistake_mask=___E"":4}"
   2080768,         0,         0,   117.3,decoder_by_matrix,73784f3389b885bc1b704dac0b44b83e08b79da81bcec9ed749229213445f550,"{""distance"":3,""physical_error_rate"":1e-05}","{""detection_events"":2496,""detectors_checked"":112361472}"
   1324032,         0,         0,   116.4,decoder_by_matrix,cd5aa4935a142b600239883e928f6c7fc9fbc8c84161e9ed59cf2551b7ebfc3d,"{""distance"":3,""physical_error_rate"":5e-05}","{""detection_events"":7986,""detectors_checked"":71497728}"
   1001472,        19,         0,   118.4,decoder_by_matrix,5dee359087c4b9ae2c20477a4d5136d2695095b0438111838e7093c679bd3c20,"{""distance"":3,""physical_error_rate"":0.0005}","{""detection_events"":60393,""detectors_checked"":54079488,""obs_mistake_mask=E___"":3,""obs_mistake_mask=_EEE"":2,""obs_mistake_mask=_EE_"":1,""obs_mistake_mask=_E_E"":2,""obs_mistake_mask=_E__"":5,""obs_mistake_mask=__E_"":2,""obs_mistake_mask=___E"":4}"
   1124352,         4,         0,   117.8,decoder_by_matrix,c8397cb2c46e4683a6f3970bc42cef1aabfef4d80cfcd6b8313e87630b680ee2,"{""distance"":3,""physical_error_rate"":0.0001}","{""detection_events"":13704,""detectors_checked"":60715008,""obs_mistake_mask=E___"":1,""obs_mistake_mask=_E_E"":2,""obs_mistake_mask=__E_"":1}"
   1118208,         1,         0,   117.8,decoder_by_matrix,c8397cb2c46e4683a6f3970bc42cef1aabfef4d80cfcd6b8313e87630b680ee2,"{""distance"":3,""physical_error_rate"":0.0001}","{""detection_events"":13599,""detectors_checked"":60383232,""obs_mistake_mask=___E"":1}"
   1130496,         1,         0,   117.6,decoder_by_matrix,c8397cb2c46e4683a6f3970bc42cef1aabfef4d80cfcd6b8313e87630b680ee2,"{""distance"":3,""physical_error_rate"":0.0001}","{""detection_events"":13146,""detectors_checked"":61046784,""obs_mistake_mask=_EE_"":1}"
   2349056,         0,         0,   115.5,decoder_by_matrix,1222905ef2c3e0b3841e2be415851bad02a0949e12b9844f6b979980572eaa40,"{""distance"":3,""physical_error_rate"":5e-06}","{""detection_events"":1503,""detectors_checked"":126849024}"
   1360896,         0,         0,   115.9,decoder_by_matrix,cd5aa4935a142b600239883e928f6c7fc9fbc8c84161e9ed59cf2551b7ebfc3d,"{""distance"":3,""physical_error_rate"":5e-05}","{""detection_events"":8235,""detectors_checked"":73488384}"
   2327552,         0,         0,   115.2,decoder_by_matrix,1222905ef2c3e0b3841e2be415851bad02a0949e12b9844f6b979980572eaa40,"{""distance"":3,""physical_error_rate"":5e-06}","{""detection_events"":1461,""detectors_checked"":125687808}"
   1119232,         3,         0,   115.0,decoder_by_matrix,c8397cb2c46e4683a6f3970bc42cef1aabfef4d80cfcd6b8313e87630b680ee2,"{""distance"":3,""physical_error_rate"":0.0001}","{""detection_events"":13251,""detectors_checked"":60438528,""obs_mistake_mask=_EE_"":1,""obs_mistake_mask=_E__"":1,""obs_mistake_mask=___E"":1}"
   2320384,         0,         0,   113.6,decoder_by_matrix,1222905ef2c3e0b3841e2be415851bad02a0949e12b9844f6b979980572eaa40,"{""distance"":3,""physical_error_rate"":5e-06}","{""detection_events"":1428,""detectors_checked"":125300736}"
   1320960,         0,         0,   116.9,decoder_by_matrix,cd5aa4935a142b600239883e928f6c7fc9fbc8c84161e9ed59cf2551b7ebfc3d,"{""distance"":3,""physical_error_rate"":5e-05}","{""detection_events"":8424,""detectors_checked"":71331840}"
   2658304,         0,         0,   115.2,decoder_by_matrix,b3c6da8537ae85d54cd5acd57fc4d5a00e23be04de7c70760ac5fa4b0f5f70dc,"{""distance"":3,""physical_error_rate"":1e-06}","{""detection_events"":195,""detectors_checked"":143548416}"
   2099200,         0,         0,   116.7,decoder_by_matrix,73784f3389b885bc1b704dac0b44b83e08b79da81bcec9ed749229213445f550,"{""distance"":3,""physical_error_rate"":1e-05}","{""detection_events"":2484,""detectors_checked"":113356800}"
   1004544,        20,         0,   117.4,decoder_by_matrix,5dee359087c4b9ae2c20477a4d5136d2695095b0438111838e7093c679bd3c20,"{""distance"":3,""physical_error_rate"":0.0005}","{""detection_events"":60942,""detectors_checked"":54245376,""obs_mistake_mask=E___"":1,""obs_mistake_mask=_EEE"":4,""obs_mistake_mask=_E_E"":3,""obs_mistake_mask=_E__"":2,""obs_mistake_mask=__EE"":2,""obs_mistake_mask=__E_"":5,""obs_mistake_mask=___E"":3}"
   2617344,         0,         0,   114.2,decoder_by_matrix,b3c6da8537ae85d54cd5acd57fc4d5a00e23be04de7c70760ac5fa4b0f5f70dc,"{""distance"":3,""physical_error_rate"":1e-06}","{""detection_events"":279,""detectors_checked"":141336576}"
   1308672,         0,         0,   118.0,decoder_by_matrix,cd5aa4935a142b600239883e928f6c7fc9fbc8c84161e9ed59cf2551b7ebfc3d,"{""distance"":3,""physical_error_rate"":5e-05}","{""detection_events"":8076,""detectors_checked"":70668288}"
   2093056,         0,         0,   114.8,decoder_by_matrix,73784f3389b885bc1b704dac0b44b83e08b79da81bcec9ed749229213445f550,"{""distance"":3,""physical_error_rate"":1e-05}","{""detection_events"":2586,""detectors_checked"":113025024}"
    997376,        27,         0,   118.1,decoder_by_matrix,5dee359087c4b9ae2c20477a4d5136d2695095b0438111838e7093c679bd3c20,"{""distance"":3,""physical_error_rate"":0.0005}","{""detection_events"":60243,""detectors_checked"":53858304,""obs_mistake_mask=E___"":3,""obs_mistake_mask=_EEE"":2,""obs_mistake_mask=_EE_"":3,""obs_mistake_mask=_E_E"":1,""obs_mistake_mask=_E__"":8,""obs_mistake_mask=__EE"":3,""obs_mistake_mask=__E_"":5,""obs_mistake_mask=___E"":2}"
   2072576,         0,         0,   115.7,decoder_by_matrix,73784f3389b885bc1b704dac0b44b83e08b79da81bcec9ed749229213445f550,"{""distance"":3,""physical_error_rate"":1e-05}","{""detection_events"":2514,""detectors_checked"":111919104}"
   1126400,         1,         0,   117.6,decoder_by_matrix,c8397cb2c46e4683a6f3970bc42cef1aabfef4d80cfcd6b8313e87630b680ee2,"{""distance"":3,""physical_error_rate"":0.0001}","{""detection_events"":13404,""detectors_checked"":60825600,""obs_mistake_mask=_EE_"":1}"
   2643968,         0,         0,   113.0,decoder_by_matrix,b3c6da8537ae85d54cd5acd57fc4d5a00e23be04de7c70760ac5fa4b0f5f70dc,"{""distance"":3,""physical_error_rate"":1e-06}","{""detection_events"":324,""detectors_checked"":142774272}"
   2321408,         0,         0,   114.0,decoder_by_matrix,1222905ef2c3e0b3841e2be415851bad02a0949e12b9844f6b979980572eaa40,"{""distance"":3,""physical_error_rate"":5e-06}","{""detection_events"":1533,""detectors_checked"":125356032}"
   1327104,         0,         0,   117.6,decoder_by_matrix,cd5aa4935a142b600239883e928f6c7fc9fbc8c84161e9ed59cf2551b7ebfc3d,"{""distance"":3,""physical_error_rate"":5e-05}","{""detection_events"":7875,""detectors_checked"":71663616}"
   1005568,        21,         0,   117.6,decoder_by_matrix,5dee359087c4b9ae2c20477a4d5136d2695095b0438111838e7093c679bd3c20,"{""distance"":3,""physical_error_rate"":0.0005}","{""detection_events"":59871,""detectors_checked"":54300672,""obs_mistake_mask=E___"":2,""obs_mistake_mask=_EEE"":2,""obs_mistake_mask=_EE_"":4,""obs_mistake_mask=_E_E"":1,""obs_mistake_mask=_E__"":3,""obs_mistake_mask=__EE"":2,""obs_mistake_mask=__E_"":6,""obs_mistake_mask=___E"":1}"
   1106944,         1,         0,   116.0,decoder_by_matrix,c8397cb2c46e4683a6f3970bc42cef1aabfef4d80cfcd6b8313e87630b680ee2,"{""distance"":3,""physical_error_rate"":0.0001}","{""detection_events"":13338,""detectors_checked"":59774976,""obs_mistake_mask=_E__"":1}"
   2052096,         0,         0,   116.1,decoder_by_matrix,73784f3389b885bc1b704dac0b44b83e08b79da81bcec9ed749229213445f550,"{""distance"":3,""physical_error_rate"":1e-05}","{""detection_events"":2529,""detectors_checked"":110813184}"
   2333696,         0,         0,   113.8,decoder_by_matrix,1222905ef2c3e0b3841e2be415851bad02a0949e12b9844f6b979980572eaa40,"{""distance"":3,""physical_error_rate"":5e-06}","{""detection_events"":1482,""detectors_checked"":126019584}"
   2067456,         0,         0,   115.3,decoder_by_matrix,73784f3389b885bc1b704dac0b44b83e08b79da81bcec9ed749229213445f550,"{""distance"":3,""physical_error_rate"":1e-05}","{""detection_events"":2616,""detectors_checked"":111642624}"
   2125824,         0,         0,   114.7,decoder_by_matrix,73784f3389b885bc1b704dac0b44b83e08b79da81bcec9ed749229213445f550,"{""distance"":3,""physical_error_rate"":1e-05}","{""detection_events"":2214,""detectors_checked"":114794496}"
   2621440,         0,         0,   113.2,decoder_by_matrix,b3c6da8537ae85d54cd5acd57fc4d5a00e23be04de7c70760ac5fa4b0f5f70dc,"{""distance"":3,""physical_error_rate"":1e-06}","{""detection_events"":339,""detectors_checked"":141557760}"
   1135616,         2,         0,   118.6,decoder_by_matrix,c8397cb2c46e4683a6f3970bc42cef1aabfef4d80cfcd6b8313e87630b680ee2,"{""distance"":3,""physical_error_rate"":0.0001}","{""detection_events"":13149,""detectors_checked"":61323264,""obs_mistake_mask=E___"":1,""obs_mistake_mask=_EE_"":1}"
    994304,        18,         0,   117.2,decoder_by_matrix,5dee359087c4b9ae2c20477a4d5136d2695095b0438111838e7093c679bd3c20,"{""distance"":3,""physical_error_rate"":0.0005}","{""detection_events"":59670,""detectors_checked"":53692416,""obs_mistake_mask=E___"":1,""obs_mistake_mask=_EEE"":5,""obs_mistake_mask=_EE_"":1,""obs_mistake_mask=_E_E"":2,""obs_mistake_mask=_E__"":2,""obs_mistake_mask=__EE"":3,""obs_mistake_mask=__E_"":4}"
   1329152,         0,         0,   117.1,decoder_by_matrix,cd5aa4935a142b600239883e928f6c7fc9fbc8c84161e9ed59cf2551b7ebfc3d,"{""distance"":3,""physical_error_rate"":5e-05}","{""detection_events"":8139,""detectors_checked"":71774208}"
    999424,        27,         0,   117.9,decoder_by_matrix,5dee359087c4b9ae2c20477a4d5136d2695095b0438111838e7093c679bd3c20,"{""distance"":3,""physical_error_rate"":0.0005}","{""detection_events"":60933,""detectors_checked"":53968896,""obs_mistake_mask=E___"":1,""obs_mistake_mask=_EEE"":1,""obs_mistake_mask=_EE_"":7,""obs_mistake_mask=_E__"":7,""obs_mistake_mask=__EE"":1,""obs_mistake_mask=__E_"":5,""obs_mistake_mask=___E"":5}"
   1344512,         0,         0,   117.3,decoder_by_matrix,cd5aa4935a142b600239883e928f6c7fc9fbc8c84161e9ed59cf2551b7ebfc3d,"{""distance"":3,""physical_error_rate"":5e-05}","{""detection_events"":8160,""detectors_checked"":72603648}"
   1118208,         0,         0,   116.0,decoder_by_matrix,c8397cb2c46e4683a6f3970bc42cef1aabfef4d80cfcd6b8313e87630b680ee2,"{""distance"":3,""physical_error_rate"":0.0001}","{""detection_events"":12765,""detectors_checked"":60383232}"
   2622464,         0,         0,   116.1,decoder_by_matrix,b3c6da8537ae85d54cd5acd57fc4d5a00e23be04de7c70760ac5fa4b0f5f70dc,"{""distance"":3,""physical_error_rate"":1e-06}","{""detection_events"":312,""detectors_checked"":141613056}"
   2326528,         0,         0,   116.0,decoder_by_matrix,1222905ef2c3e0b3841e2be415851bad02a0949e12b9844f6b979980572eaa40,"{""distance"":3,""physical_error_rate"":5e-06}","{""detection_events"":1473,""detectors_checked"":125632512}"
   1114112,         1,         0,   118.1,decoder_by_matrix,c8397cb2c46e4683a6f3970bc42cef1aabfef4d80cfcd6b8313e87630b680ee2,"{""distance"":3,""physical_error_rate"":0.0001}","{""detection_events"":13605,""detectors_checked"":60162048,""obs_mistake_mask=_EE_"":1}"
   1337344,         0,         0,   116.7,decoder_by_matrix,cd5aa4935a142b600239883e928f6c7fc9fbc8c84161e9ed59cf2551b7ebfc3d,"{""distance"":3,""physical_error_rate"":5e-05}","{""detection_events"":7878,""detectors_checked"":72216576}"
    998400,        18,         0,   118.1,decoder_by_matrix,5dee359087c4b9ae2c20477a4d5136d2695095b0438111838e7093c679bd3c20,"{""distance"":3,""physical_error_rate"":0.0005}","{""detection_events"":59295,""detectors_checked"":53913600,""obs_mistake_mask=E___"":2,""obs_mistake_mask=_EEE"":2,""obs_mistake_mask=_EE_"":1,""obs_mistake_mask=_E_E"":1,""obs_mistake_mask=_E__"":3,""obs_mistake_mask=__EE"":1,""obs_mistake_mask=__E_"":7,""obs_mistake_mask=___E"":1}"
   2081792,         0,         0,   116.8,decoder_by_matrix,73784f3389b885bc1b704dac0b44b83e08b79da81bcec9ed749229213445f550,"{""distance"":3,""physical_error_rate"":1e-05}","{""detection_events"":2418,""detectors_checked"":112416768}"
   2355200,         0,         0,   115.4,decoder_by_matrix,1222905ef2c3e0b3841e2be415851bad02a0949e12b9844f6b979980572eaa40,"{""distance"":3,""physical_error_rate"":5e-06}","{""detection_events"":1269,""detectors_checked"":127180800}"
   1007616,        29,         0,   117.7,decoder_by_matrix,5dee359087c4b9ae2c20477a4d5136d2695095b0438111838e7093c679bd3c20,"{""distance"":3,""physical_error_rate"":0.0005}","{""detection_events"":59883,""detectors_checked"":54411264,""obs_mistake_mask=E___"":2,""obs_mistake_mask=_EEE"":5,""obs_mistake_mask=_EE_"":7,""obs_mistake_mask=_E_E"":1,""obs_mistake_mask=_E__"":3,""obs_mistake_mask=__EE"":3,""obs_mistake_mask=__E_"":1,""obs_mistake_mask=___E"":7}"
   1126400,         0,         0,   118.5,decoder_by_matrix,c8397cb2c46e4683a6f3970bc42cef1aabfef4d80cfcd6b8313e87630b680ee2,"{""distance"":3,""physical_error_rate"":0.0001}","{""detection_events"":13659,""detectors_checked"":60825600}"
   2311168,         0,         0,   116.4,decoder_by_matrix,1222905ef2c3e0b3841e2be415851bad02a0949e12b9844f6b979980572eaa40,"{""distance"":3,""physical_error_rate"":5e-06}","{""detection_events"":1572,""detectors_checked"":124803072}"
   2626560,         0,         0,   114.7,decoder_by_matrix,b3c6da8537ae85d54cd5acd57fc4d5a00e23be04de7c70760ac5fa4b0f5f70dc,"{""distance"":3,""physical_error_rate"":1e-06}","{""detection_events"":333,""detectors_checked"":141834240}"
   2081792,         0,         0,   116.4,decoder_by_matrix,73784f3389b885bc1b704dac0b44b83e08b79da81bcec9ed749229213445f550,"{""distance"":3,""physical_error_rate"":1e-05}","{""detection_events"":2532,""detectors_checked"":112416768}"
   2082816,         0,         0,   117.0,decoder_by_matrix,73784f3389b885bc1b704dac0b44b83e08b79da81bcec9ed749229213445f550,"{""distance"":3,""physical_error_rate"":1e-05}","{""detection_events"":2694,""detectors_checked"":112472064}"
   1308672,         0,         0,   118.8,decoder_by_matrix,cd5aa4935a142b600239883e928f6c7fc9fbc8c84161e9ed59cf2551b7ebfc3d,"{""distance"":3,""physical_error_rate"":5e-05}","{""detection_events"":8067,""detectors_checked"":70668288}"
   2356224,         0,         0,   115.7,decoder_by_matrix,1222905ef2c3e0b3841e2be415851bad02a0949e12b9844f6b979980572eaa40,"{""distance"":3,""physical_error_rate"":5e-06}","{""detection_events"":1287,""detectors_checked"":127236096}"
   1117184,         2,         0,   117.9,decoder_by_matrix,c8397cb2c46e4683a6f3970bc42cef1aabfef4d80cfcd6b8313e87630b680ee2,"{""distance"":3,""physical_error_rate"":0.0001}","{""detection_events"":13368,""detectors_checked"":60327936,""obs_mistake_mask=__E_"":1,""obs_mistake_mask=___E"":1}"
   2638848,         0,         0,   116.3,decoder_by_matrix,b3c6da8537ae85d54cd5acd57fc4d5a00e23be04de7c70760ac5fa4b0f5f70dc,"{""distance"":3,""physical_error_rate"":1e-06}","{""detection_events"":267,""detectors_checked"":142497792}"
   1340416,         1,         0,   116.7,decoder_by_matrix,cd5aa4935a142b600239883e928f6c7fc9fbc8c84161e9ed59cf2551b7ebfc3d,"{""distance"":3,""physical_error_rate"":5e-05}","{""detection_events"":8040,""detectors_checked"":72382464,""obs_mistake_mask=E___"":1}"
   1329152,         0,         0,   116.2,decoder_by_matrix,cd5aa4935a142b600239883e928f6c7fc9fbc8c84161e9ed59cf2551b7ebfc3d,"{""distance"":3,""physical_error_rate"":5e-05}","{""detection_events"":8112,""detectors_checked"":71774208}"
   1000448,        21,         0,   116.0,decoder_by_matrix,5dee359087c4b9ae2c20477a4d5136d2695095b0438111838e7093c679bd3c20,"{""distance"":3,""physical_error_rate"":0.0005}","{""detection_events"":60441,""detectors_checked"":54024192,""obs_mistake_mask=E___"":3,""obs_mistake_mask=_EEE"":1,""obs_mistake_mask=_EE_"":4,""obs_mistake_mask=_E_E"":1,""obs_mistake_mask=_E__"":2,""obs_mistake_mask=__EE"":2,""obs_mistake_mask=__E_"":5,""obs_mistake_mask=___E"":3}"
   2082816,         0,         0,   115.2,decoder_by_matrix,73784f3389b885bc1b704dac0b44b83e08b79da81bcec9ed749229213445f550,"{""distance"":3,""physical_error_rate"":1e-05}","{""detection_events"":2463,""detectors_checked"":112472064}"
   2662400,         0,         0,   113.4,decoder_by_matrix,b3c6da8537ae85d54cd5acd57fc4d5a00e23be04de7c70760ac5fa4b0f5f70dc,"{""distance"":3,""physical_error_rate"":1e-06}","{""detection_events"":222,""detectors_checked"":143769600}"
   2616320,         0,         0,   112.7,decoder_by_matrix,b3c6da8537ae85d54cd5acd57fc4d5a00e23be04de7c70760ac5fa4b0f5f70dc,"{""distance"":3,""physical_error_rate"":1e-06}","{""detection_events"":315,""detectors_checked"":141281280}"
   1007616,        25,         0,   115.8,decoder_by_matrix,5dee359087c4b9ae2c20477a4d5136d2695095b0438111838e7093c679bd3c20,"{""distance"":3,""physical_error_rate"":0.0005}","{""detection_events"":61446,""detectors_checked"":54411264,""obs_mistake_mask=E___"":2,""obs_mistake_mask=_EE_"":4,""obs_mistake_mask=_E_E"":2,""obs_mistake_mask=_E__"":3,""obs_mistake_mask=__EE"":2,""obs_mistake_mask=__E_"":10,""obs_mistake_mask=___E"":2}"
   2601984,         0,         0,   115.9,decoder_by_matrix,b3c6da8537ae85d54cd5acd57fc4d5a00e23be04de7c70760ac5fa4b0f5f70dc,"{""distance"":3,""physical_error_rate"":1e-06}","{""detection_events"":414,""detectors_checked"":140507136}"
   1003520,        22,         0,   116.9,decoder_by_matrix,5dee359087c4b9ae2c20477a4d5136d2695095b0438111838e7093c679bd3c20,"{""distance"":3,""physical_error_rate"":0.0005}","{""detection_events"":60951,""detectors_checked"":54190080,""obs_mistake_mask=E___"":1,""obs_mistake_mask=_EEE"":1,""obs_mistake_mask=_EE_"":4,""obs_mistake_mask=_E_E"":2,""obs_mistake_mask=_E__"":3,""obs_mistake_mask=__E_"":7,""obs_mistake_mask=___E"":4}"
   2371584,         0,         0,   114.2,decoder_by_matrix,1222905ef2c3e0b3841e2be415851bad02a0949e12b9844f6b979980572eaa40,"{""distance"":3,""physical_error_rate"":5e-06}","{""detection_events"":1302,""detectors_checked"":128065536}"
   2068480,         0,         0,   114.7,decoder_by_matrix,73784f3389b885bc1b704dac0b44b83e08b79da81bcec9ed749229213445f550,"{""distance"":3,""physical_error_rate"":1e-05}","{""detection_events"":2544,""detectors_checked"":111697920}"
   1001472,        22,         0,   117.9,decoder_by_matrix,5dee359087c4b9ae2c20477a4d5136d2695095b0438111838e7093c679bd3c20,"{""distance"":3,""physical_error_rate"":0.0005}","{""detection_events"":62046,""detectors_checked"":54079488,""obs_mistake_mask=E___"":1,""obs_mistake_mask=_EEE"":4,""obs_mistake_mask=_EE_"":1,""obs_mistake_mask=_E_E"":5,""obs_mistake_mask=_E__"":3,""obs_mistake_mask=__EE"":2,""obs_mistake_mask=__E_"":1,""obs_mistake_mask=___E"":5}"
   1342464,         0,         0,   117.1,decoder_by_matrix,cd5aa4935a142b600239883e928f6c7fc9fbc8c84161e9ed59cf2551b7ebfc3d,"{""distance"":3,""physical_error_rate"":5e-05}","{""detection_events"":7998,""detectors_checked"":72493056}"
   1124352,         0,         0,   117.7,decoder_by_matrix,c8397cb2c46e4683a6f3970bc42cef1aabfef4d80cfcd6b8313e87630b680ee2,"{""distance"":3,""physical_error_rate"":0.0001}","{""detection_events"":13527,""detectors_checked"":60715008}"
   1121280,         1,         0,   117.6,decoder_by_matrix,c8397cb2c46e4683a6f3970bc42cef1aabfef4d80cfcd6b8313e87630b680ee2,"{""distance"":3,""physical_error_rate"":0.0001}","{""detection_events"":13299,""detectors_checked"":60549120,""obs_mistake_mask=_E_E"":1}"
   1123328,         0,         0,   117.1,decoder_by_matrix,c8397cb2c46e4683a6f3970bc42cef1aabfef4d80cfcd6b8313e87630b680ee2,"{""distance"":3,""physical_error_rate"":0.0001}","{""detection_events"":13122,""detectors_checked"":60659712}"
   2345984,         0,         0,   114.6,decoder_by_matrix,1222905ef2c3e0b3841e2be415851bad02a0949e12b9844f6b979980572eaa40,"{""distance"":3,""physical_error_rate"":5e-06}","{""detection_events"":1404,""detectors_checked"":126683136}"
   1342464,         0,         0,   116.7,decoder_by_matrix,cd5aa4935a142b600239883e928f6c7fc9fbc8c84161e9ed59cf2551b7ebfc3d,"{""distance"":3,""physical_error_rate"":5e-05}","{""detection_events"":7671,""detectors_checked"":72493056}"
   2337792,         0,         0,   115.4,decoder_by_matrix,1222905ef2c3e0b3841e2be415851bad02a0949e12b9844f6b979980572eaa40,"{""distance"":3,""physical_error_rate"":5e-06}","{""detection_events"":1383,""detectors_checked"":126240768}"
   2361344,         0,         0,   114.2,decoder_by_matrix,1222905ef2c3e0b3841e2be415851bad02a0949e12b9844f6b979980572eaa40,"{""distance"":3,""physical_error_rate"":5e-06}","{""detection_events"":1284,""detectors_checked"":127512576}"
   1120256,         2,         0,   116.6,decoder_by_matrix,c8397cb2c46e4683a6f3970bc42cef1aabfef4d80cfcd6b8313e87630b680ee2,"{""distance"":3,""physical_error_rate"":0.0001}","{""detection_events"":13965,""detectors_checked"":60493824,""obs_mistake_mask=_EE_"":1,""obs_mistake_mask=_E_E"":1}"
   1336320,         1,         0,   115.7,decoder_by_matrix,cd5aa4935a142b600239883e928f6c7fc9fbc8c84161e9ed59cf2551b7ebfc3d,"{""distance"":3,""physical_error_rate"":5e-05}","{""detection_events"":7806,""detectors_checked"":72161280,""obs_mistake_mask=E___"":1}"
   2635776,         0,         0,   115.6,decoder_by_matrix,b3c6da8537ae85d54cd5acd57fc4d5a00e23be04de7c70760ac5fa4b0f5f70dc,"{""distance"":3,""physical_error_rate"":1e-06}","{""detection_events"":354,""detectors_checked"":142331904}"
   2092032,         0,         0,   116.4,decoder_by_matrix,73784f3389b885bc1b704dac0b44b83e08b79da81bcec9ed749229213445f550,"{""distance"":3,""physical_error_rate"":1e-05}","{""detection_events"":2379,""detectors_checked"":112969728}"
   1005568,        19,         0,   118.0,decoder_by_matrix,5dee359087c4b9ae2c20477a4d5136d2695095b0438111838e7093c679bd3c20,"{""distance"":3,""physical_error_rate"":0.0005}","{""detection_events"":61101,""detectors_checked"":54300672,""obs_mistake_mask=_EEE"":3,""obs_mistake_mask=_EE_"":2,""obs_mistake_mask=_E_E"":2,""obs_mistake_mask=_E__"":2,""obs_mistake_mask=__EE"":1,""obs_mistake_mask=__E_"":5,""obs_mistake_mask=___E"":4}"
   2623488,         0,         0,   115.3,decoder_by_matrix,b3c6da8537ae85d54cd5acd57fc4d5a00e23be04de7c70760ac5fa4b0f5f70dc,"{""distance"":3,""physical_error_rate"":1e-06}","{""detection_events"":303,""detectors_checked"":141668352}"
   1331200,         1,         0,   117.6,decoder_by_matrix,cd5aa4935a142b600239883e928f6c7fc9fbc8c84161e9ed59cf2551b7ebfc3d,"{""distance"":3,""physical_error_rate"":5e-05}","{""detection_events"":8079,""detectors_checked"":71884800,""obs_mistake_mask=__E_"":1}"
   2091008,         0,         0,   116.5,decoder_by_matrix,73784f3389b885bc1b704dac0b44b83e08b79da81bcec9ed749229213445f550,"{""distance"":3,""physical_error_rate"":1e-05}","{""detection_events"":2481,""detectors_checked"":112914432}"
    994304,        22,         0,   117.4,decoder_by_matrix,5dee359087c4b9ae2c20477a4d5136d2695095b0438111838e7093c679bd3c20,"{""distance"":3,""physical_error_rate"":0.0005}","{""detection_events"":59157,""detectors_checked"":53692416,""obs_mistake_mask=_EEE"":3,""obs_mistake_mask=_EE_"":1,""obs_mistake_mask=_E_E"":1,""obs_mistake_mask=_E__"":6,""obs_mistake_mask=__EE"":1,""obs_mistake_mask=__E_"":6,""obs_mistake_mask=___E"":4}"
   2067456,         0,         0,   114.7,decoder_by_matrix,73784f3389b885bc1b704dac0b44b83e08b79da81bcec9ed749229213445f550,"{""distance"":3,""physical_error_rate"":1e-05}","{""detection_events"":2511,""detectors_checked"":111642624}"
   1123328,         3,         0,   116.7,decoder_by_matrix,c8397cb2c46e4683a6f3970bc42cef1aabfef4d80cfcd6b8313e87630b680ee2,"{""distance"":3,""physical_error_rate"":0.0001}","{""detection_events"":13881,""detectors_checked"":60659712,""obs_mistake_mask=_E__"":1,""obs_mistake_mask=__E_"":2}"
   2639872,         0,         0,   113.0,decoder_by_matrix,b3c6da8537ae85d54cd5acd57fc4d5a00e23be04de7c70760ac5fa4b0f5f70dc,"{""distance"":3,""physical_error_rate"":1e-06}","{""detection_events"":243,""detectors_checked"":142553088}"
   2355200,         0,         0,   116.1,decoder_by_matrix,1222905ef2c3e0b3841e2be415851bad02a0949e12b9844f6b979980572eaa40,"{""distance"":3,""physical_error_rate"":5e-06}","{""detection_events"":1401,""detectors_checked"":127180800}"
   1309696,         0,         0,   116.9,decoder_by_matrix,cd5aa4935a142b600239883e928f6c7fc9fbc8c84161e9ed59cf2551b7ebfc3d,"{""distance"":3,""physical_error_rate"":5e-05}","{""detection_events"":8016,""detectors_checked"":70723584}"
   1006592,        15,         0,   117.4,decoder_by_matrix,5dee359087c4b9ae2c20477a4d5136d2695095b0438111838e7093c679bd3c20,"{""distance"":3,""physical_error_rate"":0.0005}","{""detection_events"":60312,""detectors_checked"":54355968,""obs_mistake_mask=E___"":2,""obs_mistake_mask=_EEE"":1,""obs_mistake_mask=_E_E"":2,""obs_mistake_mask=_E__"":4,""obs_mistake_mask=__EE"":4,""obs_mistake_mask=__E_"":2}"
   1104896,         1,         0,   115.6,decoder_by_matrix,c8397cb2c46e4683a6f3970bc42cef1aabfef4d80cfcd6b8313e87630b680ee2,"{""distance"":3,""physical_error_rate"":0.0001}","{""detection_events"":13761,""detectors_checked"":59664384,""obs_mistake_mask=___E"":1}"
   2070528,         0,         0,   116.2,decoder_by_matrix,73784f3389b885bc1b704dac0b44b83e08b79da81bcec9ed749229213445f550,"{""distance"":3,""physical_error_rate"":1e-05}","{""detection_events"":2508,""detectors_checked"":111808512}"
   2077696,         0,         0,   115.8,decoder_by_matrix,73784f3389b885bc1b704dac0b44b83e08b79da81bcec9ed749229213445f550,"{""distance"":3,""physical_error_rate"":1e-05}","{""detection_events"":2475,""detectors_checked"":112195584}"
   2351104,         0,         0,   116.0,decoder_by_matrix,1222905ef2c3e0b3841e2be415851bad02a0949e12b9844f6b979980572eaa40,"{""distance"":3,""physical_error_rate"":5e-06}","{""detection_events"":1401,""detectors_checked"":126959616}"
   2076672,         0,         0,   115.5,decoder_by_matrix,73784f3389b885bc1b704dac0b44b83e08b79da81bcec9ed749229213445f550,"{""distance"":3,""physical_error_rate"":1e-05}","{""detection_events"":2580,""detectors_checked"":112140288}"
   1130496,         0,         0,   118.1,decoder_by_matrix,c8397cb2c46e4683a6f3970bc42cef1aabfef4d80cfcd6b8313e87630b680ee2,"{""distance"":3,""physical_error_rate"":0.0001}","{""detection_events"":13227,""detectors_checked"":61046784}"
   2642944,         0,         0,   115.5,decoder_by_matrix,b3c6da8537ae85d54cd5acd57fc4d5a00e23be04de7c70760ac5fa4b0f5f70dc,"{""distance"":3,""physical_error_rate"":1e-06}","{""detection_events"":267,""detectors_checked"":142718976}"
    993280,        28,         0,   115.9,decoder_by_matrix,5dee359087c4b9ae2c20477a4d5136d2695095b0438111838e7093c679bd3c20,"{""distance"":3,""physical_error_rate"":0.0005}","{""detection_events"":59526,""detectors_checked"":53637120,""obs_mistake_mask=E___"":3,""obs_mistake_mask=_EEE"":2,""obs_mistake_mask=_EE_"":2,""obs_mistake_mask=_E_E"":4,""obs_mistake_mask=_E__"":7,""obs_mistake_mask=__EE"":4,""obs_mistake_mask=__E_"":3,""obs_mistake_mask=___E"":3}"
   1343488,         1,         0,   115.9,decoder_by_matrix,cd5aa4935a142b600239883e928f6c7fc9fbc8c84161e9ed59cf2551b7ebfc3d,"{""distance"":3,""physical_error_rate"":5e-05}","{""detection_events"":7698,""detectors_checked"":72548352,""obs_mistake_mask=_E__"":1}"
   1002496,        10,         0,   117.9,decoder_by_matrix,5dee359087c4b9ae2c20477a4d5136d2695095b0438111838e7093c679bd3c20,"{""distance"":3,""physical_error_rate"":0.0005}","{""detection_events"":59811,""detectors_checked"":54134784,""obs_mistake_mask=E___"":1,""obs_mistake_mask=_EE_"":1,""obs_mistake_mask=_E_E"":2,""obs_mistake_mask=_E__"":1,""obs_mistake_mask=__EE"":1,""obs_mistake_mask=__E_"":2,""obs_mistake_mask=___E"":2}"
   1303552,         0,         0,   116.4,decoder_by_matrix,cd5aa4935a142b600239883e928f6c7fc9fbc8c84161e9ed59cf2551b7ebfc3d,"{""distance"":3,""physical_error_rate"":5e-05}","{""detection_events"":7902,""detectors_checked"":70391808}"
   1112064,         2,         0,   118.7,decoder_by_matrix,c8397cb2c46e4683a6f3970bc42cef1aabfef4d80cfcd6b8313e87630b680ee2,"{""distance"":3,""physical_error_rate"":0.0001}","{""detection_events"":13899,""detectors_checked"":60051456,""obs_mistake_mask=_EEE"":1,""obs_mistake_mask=_E_E"":1}"
   2635776,         0,         0,   116.0,decoder_by_matrix,b3c6da8537ae85d54cd5acd57fc4d5a00e23be04de7c70760ac5fa4b0f5f70dc,"{""distance"":3,""physical_error_rate"":1e-06}","{""detection_events"":306,""detectors_checked"":142331904}"
   2359296,         0,         0,   115.7,decoder_by_matrix,1222905ef2c3e0b3841e2be415851bad02a0949e12b9844f6b979980572eaa40,"{""distance"":3,""physical_error_rate"":5e-06}","{""detection_events"":1377,""detectors_checked"":127401984}"
   1127424,         0,         0,   117.5,decoder_by_matrix,c8397cb2c46e4683a6f3970bc42cef1aabfef4d80cfcd6b8313e87630b680ee2,"{""distance"":3,""physical_error_rate"":0.0001}","{""detection_events"":13044,""detectors_checked"":60880896}"
   1329152,         0,         0,   116.9,decoder_by_matrix,cd5aa4935a142b600239883e928f6c7fc9fbc8c84161e9ed59cf2551b7ebfc3d,"{""distance"":3,""physical_error_rate"":5e-05}","{""detection_events"":8154,""detectors_checked"":71774208}"
    998400,        16,         0,   118.1,decoder_by_matrix,5dee359087c4b9ae2c20477a4d5136d2695095b0438111838e7093c679bd3c20,"{""distance"":3,""physical_error_rate"":0.0005}","{""detection_events"":59865,""detectors_checked"":53913600,""obs_mistake_mask=E___"":2,""obs_mistake_mask=_EEE"":2,""obs_mistake_mask=_EE_"":2,""obs_mistake_mask=_E_E"":3,""obs_mistake_mask=__EE"":1,""obs_mistake_mask=__E_"":3,""obs_mistake_mask=___E"":3}"
   2069504,         0,         0,   115.7,decoder_by_matrix,73784f3389b885bc1b704dac0b44b83e08b79da81bcec9ed749229213445f550,"{""distance"":3,""physical_error_rate"":1e-05}","{""detection_events"":2577,""detectors_checked"":111753216}"
   2343936,         0,         0,   113.8,decoder_by_matrix,1222905ef2c3e0b3841e2be415851bad02a0949e12b9844f6b979980572eaa40,"{""distance"":3,""physical_error_rate"":5e-06}","{""detection_events"":1470,""detectors_checked"":126572544}"
   1120256,         1,         0,   117.2,decoder_by_matrix,c8397cb2c46e4683a6f3970bc42cef1aabfef4d80cfcd6b8313e87630b680ee2,"{""distance"":3,""physical_error_rate"":0.0001}","{""detection_events"":13752,""detectors_checked"":60493824,""obs_mistake_mask=_E__"":1}"
   2620416,         0,         0,   114.3,decoder_by_matrix,b3c6da8537ae85d54cd5acd57fc4d5a00e23be04de7c70760ac5fa4b0f5f70dc,"{""distance"":3,""physical_error_rate"":1e-06}","{""detection_events"":360,""detectors_checked"":141502464}"
   2318336,         0,         0,   113.3,decoder_by_matrix,1222905ef2c3e0b3841e2be415851bad02a0949e12b9844f6b979980572eaa40,"{""distance"":3,""physical_error_rate"":5e-06}","{""detection_events"":1524,""detectors_checked"":125190144}"
   1008640,        23,         0,   117.0,decoder_by_matrix,5dee359087c4b9ae2c20477a4d5136d2695095b0438111838e7093c679bd3c20,"{""distance"":3,""physical_error_rate"":0.0005}","{""detection_events"":61404,""detectors_checked"":54466560,""obs_mistake_mask=_EEE"":3,""obs_mistake_mask=_EE_"":2,""obs_mistake_mask=_E_E"":2,""obs_mistake_mask=_E__"":5,""obs_mistake_mask=__EE"":1,""obs_mistake_mask=__E_"":8,""obs_mistake_mask=___E"":2}"
   2097152,         0,         0,   115.9,decoder_by_matrix,73784f3389b885bc1b704dac0b44b83e08b79da81bcec9ed749229213445f550,"{""distance"":3,""physical_error_rate"":1e-05}","{""detection_events"":2439,""detectors_checked"":113246208}"
   2087936,         0,         0,   116.1,decoder_by_matrix,73784f3389b885bc1b704dac0b44b83e08b79da81bcec9ed749229213445f550,"{""distance"":3,""physical_error_rate"":1e-05}","{""detection_events"":2529,""detectors_checked"":112748544}"
   2307072,         0,         0,   113.5,decoder_by_matrix,1222905ef2c3e0b3841e2be415851bad02a0949e12b9844f6b979980572eaa40,"{""distance"":3,""physical_error_rate"":5e-06}","{""detection_events"":1470,""detectors_checked"":124581888}"
   1309696,         0,         0,   117.5,decoder_by_matrix,cd5aa4935a142b600239883e928f6c7fc9fbc8c84161e9ed59cf2551b7ebfc3d,"{""distance"":3,""physical_error_rate"":5e-05}","{""detection_events"":7773,""detectors_checked"":70723584}"
   1124352,         0,         0,   117.1,decoder_by_matrix,c8397cb2c46e4683a6f3970bc42cef1aabfef4d80cfcd6b8313e87630b680ee2,"{""distance"":3,""physical_error_rate"":0.0001}","{""detection_events"":13596,""detectors_checked"":60715008}"
   2595840,         0,         0,   114.4,decoder_by_matrix,b3c6da8537ae85d54cd5acd57fc4d5a00e23be04de7c70760ac5fa4b0f5f70dc,"{""distance"":3,""physical_error_rate"":1e-06}","{""detection_events"":372,""detectors_checked"":140175360}"
   1336320,         1,         0,   117.0,decoder_by_matrix,cd5aa4935a142b600239883e928f6c7fc9fbc8c84161e9ed59cf2551b7ebfc3d,"{""distance"":3,""physical_error_rate"":5e-05}","{""detection_events"":8010,""detectors_checked"":72161280,""obs_mistake_mask=___E"":1}"
   1355776,         0,         0,   117.1,decoder_by_matrix,cd5aa4935a142b600239883e928f6c7fc9fbc8c84161e9ed59cf2551b7ebfc3d,"{""distance"":3,""physical_error_rate"":5e-05}","{""detection_events"":7968,""detectors_checked"":73211904}"
   2634752,         0,         0,   113.8,decoder_by_matrix,b3c6da8537ae85d54cd5acd57fc4d5a00e23be04de7c70760ac5fa4b0f5f70dc,"{""distance"":3,""physical_error_rate"":1e-06}","{""detection_events"":318,""detectors_checked"":142276608}"
   1005568,        23,         0,   117.5,decoder_by_matrix,5dee359087c4b9ae2c20477a4d5136d2695095b0438111838e7093c679bd3c20,"{""distance"":3,""physical_error_rate"":0.0005}","{""detection_events"":60108,""detectors_checked"":54300672,""obs_mistake_mask=E___"":3,""obs_mistake_mask=_EE_"":3,""obs_mistake_mask=_E_E"":1,""obs_mistake_mask=_E__"":3,""obs_mistake_mask=__EE"":3,""obs_mistake_mask=__E_"":3,""obs_mistake_mask=___E"":7}"
   2097152,         0,         0,   117.0,decoder_by_matrix,73784f3389b885bc1b704dac0b44b83e08b79da81bcec9ed749229213445f550,"{""distance"":3,""physical_error_rate"":1e-05}","{""detection_events"":2382,""detectors_checked"":113246208}"
   1008640,        18,         0,   119.2,decoder_by_matrix,5dee359087c4b9ae2c20477a4d5136d2695095b0438111838e7093c679bd3c20,"{""distance"":3,""physical_error_rate"":0.0005}","{""detection_events"":60558,""detectors_checked"":54466560,""obs_mistake_mask=E___"":1,""obs_mistake_mask=_EE_"":1,""obs_mistake_mask=_E_E"":3,""obs_mistake_mask=_E__"":1,""obs_mistake_mask=__EE"":2,""obs_mistake_mask=__E_"":4,""obs_mistake_mask=___E"":6}"
   2613248,         0,         0,   114.4,decoder_by_matrix,b3c6da8537ae85d54cd5acd57fc4d5a00e23be04de7c70760ac5fa4b0f5f70dc,"{""distance"":3,""physical_error_rate"":1e-06}","{""detection_events"":285,""detectors_checked"":141115392}"
   2080768,         0,         0,   114.9,decoder_by_matrix,73784f3389b885bc1b704dac0b44b83e08b79da81bcec9ed749229213445f550,"{""distance"":3,""physical_error_rate"":1e-05}","{""detection_events"":2442,""detectors_checked"":112361472}"
   2610176,         0,         0,   113.4,decoder_by_matrix,b3c6da8537ae85d54cd5acd57fc4d5a00e23be04de7c70760ac5fa4b0f5f70dc,"{""distance"":3,""physical_error_rate"":1e-06}","{""detection_events"":348,""detectors_checked"":140949504}"
   1006592,        25,         0,   118.8,decoder_by_matrix,5dee359087c4b9ae2c20477a4d5136d2695095b0438111838e7093c679bd3c20,"{""distance"":3,""physical_error_rate"":0.0005}","{""detection_events"":60735,""detectors_checked"":54355968,""obs_mistake_mask=E___"":2,""obs_mistake_mask=_EEE"":1,""obs_mistake_mask=_EE_"":2,""obs_mistake_mask=_E_E"":1,""obs_mistake_mask=_E__"":5,""obs_mistake_mask=__EE"":5,""obs_mistake_mask=__E_"":5,""obs_mistake_mask=___E"":4}"
   2319360,         0,         0,   116.4,decoder_by_matrix,1222905ef2c3e0b3841e2be415851bad02a0949e12b9844f6b979980572eaa40,"{""distance"":3,""physical_error_rate"":5e-06}","{""detection_events"":1521,""detectors_checked"":125245440}"
   1298432,         0,         0,   116.7,decoder_by_matrix,cd5aa4935a142b600239883e928f6c7fc9fbc8c84161e9ed59cf2551b7ebfc3d,"{""distance"":3,""physical_error_rate"":5e-05}","{""detection_events"":8181,""detectors_checked"":70115328}"
   1004544,        16,         0,   116.5,decoder_by_matrix,5dee359087c4b9ae2c20477a4d5136d2695095b0438111838e7093c679bd3c20,"{""distance"":3,""physical_error_rate"":0.0005}","{""detection_events"":60144,""detectors_checked"":54245376,""obs_mistake_mask=E___"":2,""obs_mistake_mask=_EEE"":2,""obs_mistake_mask=_E_E"":1,""obs_mistake_mask=_E__"":2,""obs_mistake_mask=__EE"":1,""obs_mistake_mask=__E_"":6,""obs_mistake_mask=___E"":2}"
   1127424,         0,         0,   117.9,decoder_by_matrix,c8397cb2c46e4683a6f3970bc42cef1aabfef4d80cfcd6b8313e87630b680ee2,"{""distance"":3,""physical_error_rate"":0.0001}","{""detection_events"":13581,""detectors_checked"":60880896}"
   1105920,         0,         0,   117.1,decoder_by_matrix,c8397cb2c46e4683a6f3970bc42cef1aabfef4d80cfcd6b8313e87630b680ee2,"{""distance"":3,""physical_error_rate"":0.0001}","{""detection_events"":13485,""detectors_checked"":59719680}"
   2361344,         0,         0,   114.8,decoder_by_matrix,1222905ef2c3e0b3841e2be415851bad02a0949e12b9844f6b979980572eaa40,"{""distance"":3,""physical_error_rate"":5e-06}","{""detection_events"":1395,""detectors_checked"":127512576}"
   1136640,         0,         0,   116.3,decoder_by_matrix,c8397cb2c46e4683a6f3970bc42cef1aabfef4d80cfcd6b8313e87630b680ee2,"{""distance"":3,""physical_error_rate"":0.0001}","{""detection_events"":13683,""detectors_checked"":61378560}"
   2371584,         0,         0,   115.8,decoder_by_matrix,1222905ef2c3e0b3841e2be415851bad02a0949e12b9844f6b979980572eaa40,"{""distance"":3,""physical_error_rate"":5e-06}","{""detection_events"":1314,""detectors_checked"":128065536}"
   1323008,         0,         0,   117.5,decoder_by_matrix,cd5aa4935a142b600239883e928f6c7fc9fbc8c84161e9ed59cf2551b7ebfc3d,"{""distance"":3,""physical_error_rate"":5e-05}","{""detection_events"":8190,""detectors_checked"":71442432}"
   2302976,         0,         0,   114.1,decoder_by_matrix,1222905ef2c3e0b3841e2be415851bad02a0949e12b9844f6b979980572eaa40,"{""distance"":3,""physical_error_rate"":5e-06}","{""detection_events"":1536,""detectors_checked"":124360704}"
   1107968,         1,         0,   117.1,decoder_by_matrix,c8397cb2c46e4683a6f3970bc42cef1aabfef4d80cfcd6b8313e87630b680ee2,"{""distance"":3,""physical_error_rate"":0.0001}","{""detection_events"":13299,""detectors_checked"":59830272,""obs_mistake_mask=_E_E"":1}"
   2622464,         0,         0,   113.7,decoder_by_matrix,b3c6da8537ae85d54cd5acd57fc4d5a00e23be04de7c70760ac5fa4b0f5f70dc,"{""distance"":3,""physical_error_rate"":1e-06}","{""detection_events"":333,""detectors_checked"":141613056}"
   1321984,         0,         0,   117.5,decoder_by_matrix,cd5aa4935a142b600239883e928f6c7fc9fbc8c84161e9ed59cf2551b7ebfc3d,"{""distance"":3,""physical_error_rate"":5e-05}","{""detection_events"":7830,""detectors_checked"":71387136}"
   2091008,         0,         0,   115.6,decoder_by_matrix,73784f3389b885bc1b704dac0b44b83e08b79da81bcec9ed749229213445f550,"{""distance"":3,""physical_error_rate"":1e-05}","{""detection_events"":2553,""detectors_checked"":112914432}"
   1005568,        25,         0,   118.2,decoder_by_matrix,5dee359087c4b9ae2c20477a4d5136d2695095b0438111838e7093c679bd3c20,"{""distance"":3,""physical_error_rate"":0.0005}","{""detection_events"":58380,""detectors_checked"":54300672,""obs_mistake_mask=E___"":2,""obs_mistake_mask=_EEE"":1,""obs_mistake_mask=_EE_"":3,""obs_mistake_mask=_E_E"":3,""obs_mistake_mask=_E__"":2,""obs_mistake_mask=__EE"":1,""obs_mistake_mask=__E_"":6,""obs_mistake_mask=___E"":7}"
   2635776,         0,         0,   113.2,decoder_by_matrix,b3c6da8537ae85d54cd5acd57fc4d5a00e23be04de7c70760ac5fa4b0f5f70dc,"{""distance"":3,""physical_error_rate"":1e-06}","{""detection_events"":249,""detectors_checked"":142331904}"
   1316864,         0,         0,   117.2,decoder_by_matrix,cd5aa4935a142b600239883e928f6c7fc9fbc8c84161e9ed59cf2551b7ebfc3d,"{""distance"":3,""physical_error_rate"":5e-05}","{""detection_events"":8115,""detectors_checked"":71110656}"
   2063360,         0,         0,   115.0,decoder_by_matrix,73784f3389b885bc1b704dac0b44b83e08b79da81bcec9ed749229213445f550,"{""distance"":3,""physical_error_rate"":1e-05}","{""detection_events"":2484,""detectors_checked"":111421440}"
    999424,        12,         0,   117.5,decoder_by_matrix,5dee359087c4b9ae2c20477a4d5136d2695095b0438111838e7093c679bd3c20,"{""distance"":3,""physical_error_rate"":0.0005}","{""detection_events"":60087,""detectors_checked"":53968896,""obs_mistake_mask=E___"":1,""obs_mistake_mask=_EEE"":2,""obs_mistake_mask=_E_E"":2,""obs_mistake_mask=_E__"":2,""obs_mistake_mask=__EE"":3,""obs_mistake_mask=__E_"":1,""obs_mistake_mask=___E"":1}"
   2095104,         0,         0,   114.3,decoder_by_matrix,73784f3389b885bc1b704dac0b44b83e08b79da81bcec9ed749229213445f550,"{""distance"":3,""physical_error_rate"":1e-05}","{""detection_events"":2499,""detectors_checked"":113135616}"
   1123328,         0,         0,   118.1,decoder_by_matrix,c8397cb2c46e4683a6f3970bc42cef1aabfef4d80cfcd6b8313e87630b680ee2,"{""distance"":3,""physical_error_rate"":0.0001}","{""detection_events"":13509,""detectors_checked"":60659712}"
   2623488,         0,         0,   112.6,decoder_by_matrix,b3c6da8537ae85d54cd5acd57fc4d5a00e23be04de7c70760ac5fa4b0f5f70dc,"{""distance"":3,""physical_error_rate"":1e-06}","{""detection_events"":339,""detectors_checked"":141668352}"
   1346560,         1,         0,   116.6,decoder_by_matrix,cd5aa4935a142b600239883e928f6c7fc9fbc8c84161e9ed59cf2551b7ebfc3d,"{""distance"":3,""physical_error_rate"":5e-05}","{""detection_events"":8079,""detectors_checked"":72714240,""obs_mistake_mask=__E_"":1}"
   2379776,         0,         0,   115.5,decoder_by_matrix,1222905ef2c3e0b3841e2be415851bad02a0949e12b9844f6b979980572eaa40,"{""distance"":3,""physical_error_rate"":5e-06}","{""detection_events"":1185,""detectors_checked"":128507904}"
   1004544,        18,         0,   117.2,decoder_by_matrix,5dee359087c4b9ae2c20477a4d5136d2695095b0438111838e7093c679bd3c20,"{""distance"":3,""physical_error_rate"":0.0005}","{""detection_events"":60366,""detectors_checked"":54245376,""obs_mistake_mask=E___"":2,""obs_mistake_mask=_EEE"":5,""obs_mistake_mask=_EE_"":2,""obs_mistake_mask=_E__"":2,""obs_mistake_mask=__EE"":2,""obs_mistake_mask=__E_"":3,""obs_mistake_mask=___E"":2}"
   1110016,         1,         0,   116.1,decoder_by_matrix,c8397cb2c46e4683a6f3970bc42cef1aabfef4d80cfcd6b8313e87630b680ee2,"{""distance"":3,""physical_error_rate"":0.0001}","{""detection_events"":13638,""detectors_checked"":59940864,""obs_mistake_mask=_E__"":1}"
   2110464,         0,         0,   114.7,decoder_by_matrix,73784f3389b885bc1b704dac0b44b83e08b79da81bcec9ed749229213445f550,"{""distance"":3,""physical_error_rate"":1e-05}","{""detection_events"":2487,""detectors_checked"":113965056}"
   2081792,         0,         0,   115.6,decoder_by_matrix,73784f3389b885bc1b704dac0b44b83e08b79da81bcec9ed749229213445f550,"{""distance"":3,""physical_error_rate"":1e-05}","{""detection_events"":2616,""detectors_checked"":112416768}"
   2355200,         0,         0,   115.6,decoder_by_matrix,1222905ef2c3e0b3841e2be415851bad02a0949e12b9844f6b979980572eaa40,"{""distance"":3,""physical_error_rate"":5e-06}","{""detection_events"":1335,""detectors_checked"":127180800}"
   2592768,         0,         0,   114.3,decoder_by_matrix,b3c6da8537ae85d54cd5acd57fc4d5a00e23be04de7c70760ac5fa4b0f5f70dc,"{""distance"":3,""physical_error_rate"":1e-06}","{""detection_events"":396,""detectors_checked"":140009472}"
   1112064,         2,         0,   117.8,decoder_by_matrix,c8397cb2c46e4683a6f3970bc42cef1aabfef4d80cfcd6b8313e87630b680ee2,"{""distance"":3,""physical_error_rate"":0.0001}","{""detection_events"":14037,""detectors_checked"":60051456,""obs_mistake_mask=_EE_"":1,""obs_mistake_mask=__E_"":1}"
   2095104,         0,         0,   115.0,decoder_by_matrix,73784f3389b885bc1b704dac0b44b83e08b79da81bcec9ed749229213445f550,"{""distance"":3,""physical_error_rate"":1e-05}","{""detection_events"":2676,""detectors_checked"":113135616}"
    995328,        25,         0,   118.2,decoder_by_matrix,5dee359087c4b9ae2c20477a4d5136d2695095b0438111838e7093c679bd3c20,"{""distance"":3,""physical_error_rate"":0.0005}","{""detection_events"":60810,""detectors_checked"":53747712,""obs_mistake_mask=E___"":2,""obs_mistake_mask=_EEE"":1,""obs_mistake_mask=_EE_"":3,""obs_mistake_mask=_E_E"":5,""obs_mistake_mask=_E__"":5,""obs_mistake_mask=__EE"":2,""obs_mistake_mask=__E_"":6,""obs_mistake_mask=___E"":1}"
   1323008,         0,         0,   117.9,decoder_by_matrix,cd5aa4935a142b600239883e928f6c7fc9fbc8c84161e9ed59cf2551b7ebfc3d,"{""distance"":3,""physical_error_rate"":5e-05}","{""detection_events"":7566,""detectors_checked"":71442432}"
    999424,        24,         0,   117.4,decoder_by_matrix,5dee359087c4b9ae2c20477a4d5136d2695095b0438111838e7093c679bd3c20,"{""distance"":3,""physical_error_rate"":0.0005}","{""detection_events"":60138,""detectors_checked"":53968896,""obs_mistake_mask=E___"":2,""obs_mistake_mask=_EEE"":1,""obs_mistake_mask=_EE_"":2,""obs_mistake_mask=_E_E"":2,""obs_mistake_mask=_E__"":7,""obs_mistake_mask=__EE"":1,""obs_mistake_mask=__E_"":5,""obs_mistake_mask=___E"":4}"
   1349632,         0,         0,   116.6,decoder_by_matrix,cd5aa4935a142b600239883e928f6c7fc9fbc8c84161e9ed59cf2551b7ebfc3d,"{""distance"":3,""physical_error_rate"":5e-05}","{""detection_events"":7986,""detectors_checked"":72880128}"
   1113088,         0,         0,   117.4,decoder_by_matrix,c8397cb2c46e4683a6f3970bc42cef1aabfef4d80cfcd6b8313e87630b680ee2,"{""distance"":3,""physical_error_rate"":0.0001}","{""detection_events"":13137,""detectors_checked"":60106752}"
   2625536,         0,         0,   113.0,decoder_by_matrix,b3c6da8537ae85d54cd5acd57fc4d5a00e23be04de7c70760ac5fa4b0f5f70dc,"{""distance"":3,""physical_error_rate"":1e-06}","{""detection_events"":339,""detectors_checked"":141778944}"
   2379776,         0,         0,   117.0,decoder_by_matrix,1222905ef2c3e0b3841e2be415851bad02a0949e12b9844f6b979980572eaa40,"{""distance"":3,""physical_error_rate"":5e-06}","{""detection_events"":1332,""detectors_checked"":128507904}"
   1117184,         0,         0,   116.4,decoder_by_matrix,c8397cb2c46e4683a6f3970bc42cef1aabfef4d80cfcd6b8313e87630b680ee2,"{""distance"":3,""physical_error_rate"":0.0001}","{""detection_events"":13545,""detectors_checked"":60327936}"
   1355776,         0,         0,   116.5,decoder_by_matrix,cd5aa4935a142b600239883e928f6c7fc9fbc8c84161e9ed59cf2551b7ebfc3d,"{""distance"":3,""physical_error_rate"":5e-05}","{""detection_events"":8229,""detectors_checked"":73211904}"
   1000448,        20,         0,   117.4,decoder_by_matrix,5dee359087c4b9ae2c20477a4d5136d2695095b0438111838e7093c679bd3c20,"{""distance"":3,""physical_error_rate"":0.0005}","{""detection_events"":60600,""detectors_checked"":54024192,""obs_mistake_mask=E___"":1,""obs_mistake_mask=_EEE"":3,""obs_mistake_mask=_EE_"":3,""obs_mistake_mask=_E_E"":4,""obs_mistake_mask=_E__"":1,""obs_mistake_mask=__EE"":4,""obs_mistake_mask=__E_"":1,""obs_mistake_mask=___E"":3}"
   2094080,         0,         0,   114.9,decoder_by_matrix,73784f3389b885bc1b704dac0b44b83e08b79da81bcec9ed749229213445f550,"{""distance"":3,""physical_error_rate"":1e-05}","{""detection_events"":2568,""detectors_checked"":113080320}"
   2344960,         0,         0,   115.0,decoder_by_matrix,1222905ef2c3e0b3841e2be415851bad02a0949e12b9844f6b979980572eaa40,"{""distance"":3,""physical_error_rate"":5e-06}","{""detection_events"":1269,""detectors_checked"":126627840}"
   2364416,         0,         0,   115.1,decoder_by_matrix,1222905ef2c3e0b3841e2be415851bad02a0949e12b9844f6b979980572eaa40,"{""distance"":3,""physical_error_rate"":5e-06}","{""detection_events"":1335,""detectors_checked"":127678464}"
   1132544,         1,         0,   116.5,decoder_by_matrix,c8397cb2c46e4683a6f3970bc42cef1aabfef4d80cfcd6b8313e87630b680ee2,"{""distance"":3,""physical_error_rate"":0.0001}","{""detection_events"":13704,""detectors_checked"":61157376,""obs_mistake_mask=__E_"":1}"
   1008640,        20,         0,   118.4,decoder_by_matrix,5dee359087c4b9ae2c20477a4d5136d2695095b0438111838e7093c679bd3c20,"{""distance"":3,""physical_error_rate"":0.0005}","{""detection_events"":60069,""detectors_checked"":54466560,""obs_mistake_mask=E___"":1,""obs_mistake_mask=_EEE"":1,""obs_mistake_mask=_EE_"":1,""obs_mistake_mask=_E_E"":2,""obs_mistake_mask=_E__"":6,""obs_mistake_mask=__EE"":4,""obs_mistake_mask=__E_"":2,""obs_mistake_mask=___E"":3}"
   2652160,         0,         0,   116.1,decoder_by_matrix,b3c6da8537ae85d54cd5acd57fc4d5a00e23be04de7c70760ac5fa4b0f5f70dc,"{""distance"":3,""physical_error_rate"":1e-06}","{""detection_events"":252,""detectors_checked"":143216640}"
   2039808,         0,         0,   116.1,decoder_by_matrix,73784f3389b885bc1b704dac0b44b83e08b79da81bcec9ed749229213445f550,"{""distance"":3,""physical_error_rate"":1e-05}","{""detection_events"":2817,""detectors_checked"":110149632}"
   2093056,         0,         0,   114.1,decoder_by_matrix,73784f3389b885bc1b704dac0b44b83e08b79da81bcec9ed749229213445f550,"{""distance"":3,""physical_error_rate"":1e-05}","{""detection_events"":2559,""detectors_checked"":113025024}"
   2367488,         0,         0,   115.2,decoder_by_matrix,1222905ef2c3e0b3841e2be415851bad02a0949e12b9844f6b979980572eaa40,"{""distance"":3,""physical_error_rate"":5e-06}","{""detection_events"":1338,""detectors_checked"":127844352}"
   1341440,         1,         0,   116.1,decoder_by_matrix,cd5aa4935a142b600239883e928f6c7fc9fbc8c84161e9ed59cf2551b7ebfc3d,"{""distance"":3,""physical_error_rate"":5e-05}","{""detection_events"":7731,""detectors_checked"":72437760,""obs_mistake_mask=__E_"":1}"
   1124352,         2,         0,   117.1,decoder_by_matrix,c8397cb2c46e4683a6f3970bc42cef1aabfef4d80cfcd6b8313e87630b680ee2,"{""distance"":3,""physical_error_rate"":0.0001}","{""detection_events"":13092,""detectors_checked"":60715008,""obs_mistake_mask=E___"":1,""obs_mistake_mask=_EE_"":1}"
   2630656,         0,         0,   113.5,decoder_by_matrix,b3c6da8537ae85d54cd5acd57fc4d5a00e23be04de7c70760ac5fa4b0f5f70dc,"{""distance"":3,""physical_error_rate"":1e-06}","{""detection_events"":303,""detectors_checked"":142055424}"
   1338368,         0,         0,   117.2,decoder_by_matrix,cd5aa4935a142b600239883e928f6c7fc9fbc8c84161e9ed59cf2551b7ebfc3d,"{""distance"":3,""physical_error_rate"":5e-05}","{""detection_events"":8031,""detectors_checked"":72271872}"
   1325056,         0,         0,   116.6,decoder_by_matrix,cd5aa4935a142b600239883e928f6c7fc9fbc8c84161e9ed59cf2551b7ebfc3d,"{""distance"":3,""physical_error_rate"":5e-05}","{""detection_events"":8295,""detectors_checked"":71553024}"
   2647040,         0,         0,   115.4,decoder_by_matrix,b3c6da8537ae85d54cd5acd57fc4d5a00e23be04de7c70760ac5fa4b0f5f70dc,"{""distance"":3,""physical_error_rate"":1e-06}","{""detection_events"":324,""detectors_checked"":142940160}"
   2088960,         0,         0,   114.2,decoder_by_matrix,73784f3389b885bc1b704dac0b44b83e08b79da81bcec9ed749229213445f550,"{""distance"":3,""physical_error_rate"":1e-05}","{""detection_events"":2574,""detectors_checked"":112803840}"
   1008640,        19,         0,   118.6,decoder_by_matrix,5dee359087c4b9ae2c20477a4d5136d2695095b0438111838e7093c679bd3c20,"{""distance"":3,""physical_error_rate"":0.0005}","{""detection_events"":60156,""detectors_checked"":54466560,""obs_mistake_mask=E___"":1,""obs_mistake_mask=_EE_"":2,""obs_mistake_mask=_E_E"":1,""obs_mistake_mask=_E__"":6,""obs_mistake_mask=__EE"":2,""obs_mistake_mask=__E_"":6,""obs_mistake_mask=___E"":1}"
   2613248,         0,         0,   114.1,decoder_by_matrix,b3c6da8537ae85d54cd5acd57fc4d5a00e23be04de7c70760ac5fa4b0f5f70dc,"{""distance"":3,""physical_error_rate"":1e-06}","{""detection_events"":294,""detectors_checked"":141115392}"
   1010688,        20,         0,   116.2,decoder_by_matrix,5dee359087c4b9ae2c20477a4d5136d2695095b0438111838e7093c679bd3c20,"{""distance"":3,""physical_error_rate"":0.0005}","{""detection_events"":60780,""detectors_checked"":54577152,""obs_mistake_mask=E___"":2,""obs_mistake_mask=_EEE"":1,""obs_mistake_mask=_EE_"":3,""obs_mistake_mask=_E_E"":6,""obs_mistake_mask=_E__"":2,""obs_mistake_mask=__EE"":1,""obs_mistake_mask=__E_"":2,""obs_mistake_mask=___E"":3}"
   2075648,         0,         0,   115.4,decoder_by_matrix,73784f3389b885bc1b704dac0b44b83e08b79da81bcec9ed749229213445f550,"{""distance"":3,""physical_error_rate"":1e-05}","{""detection_events"":2475,""detectors_checked"":112084992}"
   1337344,         0,         0,   117.3,decoder_by_matrix,cd5aa4935a142b600239883e928f6c7fc9fbc8c84161e9ed59cf2551b7ebfc3d,"{""distance"":3,""physical_error_rate"":5e-05}","{""detection_events"":8169,""detectors_checked"":72216576}"
   2382848,         0,         0,   117.7,decoder_by_matrix,1222905ef2c3e0b3841e2be415851bad02a0949e12b9844f6b979980572eaa40,"{""distance"":3,""physical_error_rate"":5e-06}","{""detection_events"":1290,""detectors_checked"":128673792}"
   2657280,         0,         0,   115.4,decoder_by_matrix,b3c6da8537ae85d54cd5acd57fc4d5a00e23be04de7c70760ac5fa4b0f5f70dc,"{""distance"":3,""physical_error_rate"":1e-06}","{""detection_events"":228,""detectors_checked"":143493120}"
   1008640,        19,         0,   116.5,decoder_by_matrix,5dee359087c4b9ae2c20477a4d5136d2695095b0438111838e7093c679bd3c20,"{""distance"":3,""physical_error_rate"":0.0005}","{""detection_events"":60945,""detectors_checked"":54466560,""obs_mistake_mask=E___"":2,""obs_mistake_mask=_EEE"":1,""obs_mistake_mask=_EE_"":2,""obs_mistake_mask=_E_E"":1,""obs_mistake_mask=_E__"":3,""obs_mistake_mask=__EE"":2,""obs_mistake_mask=__E_"":3,""obs_mistake_mask=___E"":5}"
   1006592,        13,         0,   118.6,decoder_by_matrix,5dee359087c4b9ae2c20477a4d5136d2695095b0438111838e7093c679bd3c20,"{""distance"":3,""physical_error_rate"":0.0005}","{""detection_events"":58950,""detectors_checked"":54355968,""obs_mistake_mask=E___"":2,""obs_mistake_mask=_EEE"":1,""obs_mistake_mask=_EE_"":2,""obs_mistake_mask=_E_E"":1,""obs_mistake_mask=_E__"":3,""obs_mistake_mask=__EE"":1,""obs_mistake_mask=__E_"":1,""obs_mistake_mask=___E"":2}"
   1123328,         0,         0,   117.7,decoder_by_matrix,c8397cb2c46e4683a6f3970bc42cef1aabfef4d80cfcd6b8313e87630b680ee2,"{""distance"":3,""physical_error_rate"":0.0001}","{""detection_events"":13659,""detectors_checked"":60659712}"
   1129472,         0,         0,   117.0,decoder_by_matrix,c8397cb2c46e4683a6f3970bc42cef1aabfef4d80cfcd6b8313e87630b680ee2,"{""distance"":3,""physical_error_rate"":0.0001}","{""detection_events"":13374,""detectors_checked"":60991488}"
   1305600,         1,         0,   117.9,decoder_by_matrix,cd5aa4935a142b600239883e928f6c7fc9fbc8c84161e9ed59cf2551b7ebfc3d,"{""distance"":3,""physical_error_rate"":5e-05}","{""detection_events"":7977,""detectors_checked"":70502400,""obs_mistake_mask=__E_"":1}"
   1116160,         1,         0,   116.9,decoder_by_matrix,c8397cb2c46e4683a6f3970bc42cef1aabfef4d80cfcd6b8313e87630b680ee2,"{""distance"":3,""physical_error_rate"":0.0001}","{""detection_events"":14211,""detectors_checked"":60272640,""obs_mistake_mask=___E"":1}"
   2306048,         0,         0,   116.8,decoder_by_matrix,1222905ef2c3e0b3841e2be415851bad02a0949e12b9844f6b979980572eaa40,"{""distance"":3,""physical_error_rate"":5e-06}","{""detection_events"":1608,""detectors_checked"":124526592}"
   2363392,         0,         0,   115.4,decoder_by_matrix,1222905ef2c3e0b3841e2be415851bad02a0949e12b9844f6b979980572eaa40,"{""distance"":3,""physical_error_rate"":5e-06}","{""detection_events"":1374,""detectors_checked"":127623168}"
   2365440,         0,         0,   113.9,decoder_by_matrix,1222905ef2c3e0b3841e2be415851bad02a0949e12b9844f6b979980572eaa40,"{""distance"":3,""physical_error_rate"":5e-06}","{""detection_events"":1284,""detectors_checked"":127733760}"
   2636800,         0,         0,   117.4,decoder_by_matrix,b3c6da8537ae85d54cd5acd57fc4d5a00e23be04de7c70760ac5fa4b0f5f70dc,"{""distance"":3,""physical_error_rate"":1e-06}","{""detection_events"":312,""detectors_checked"":142387200}"
   1304576,         0,         0,   115.5,decoder_by_matrix,cd5aa4935a142b600239883e928f6c7fc9fbc8c84161e9ed59cf2551b7ebfc3d,"{""distance"":3,""physical_error_rate"":5e-05}","{""detection_events"":7932,""detectors_checked"":70447104}"
   1122304,         2,         0,   117.4,decoder_by_matrix,c8397cb2c46e4683a6f3970bc42cef1aabfef4d80cfcd6b8313e87630b680ee2,"{""distance"":3,""physical_error_rate"":0.0001}","{""detection_events"":13260,""detectors_checked"":60604416,""obs_mistake_mask=_EEE"":1,""obs_mistake_mask=__E_"":1}"
   1004544,        17,         0,   117.3,decoder_by_matrix,5dee359087c4b9ae2c20477a4d5136d2695095b0438111838e7093c679bd3c20,"{""distance"":3,""physical_error_rate"":0.0005}","{""detection_events"":59997,""detectors_checked"":54245376,""obs_mistake_mask=E___"":1,""obs_mistake_mask=_EEE"":4,""obs_mistake_mask=_EE_"":1,""obs_mistake_mask=_E_E"":2,""obs_mistake_mask=_E__"":3,""obs_mistake_mask=__EE"":1,""obs_mistake_mask=__E_"":3,""obs_mistake_mask=___E"":2}"
   2078720,         0,         0,   114.0,decoder_by_matrix,73784f3389b885bc1b704dac0b44b83e08b79da81bcec9ed749229213445f550,"{""distance"":3,""physical_error_rate"":1e-05}","{""detection_events"":2565,""detectors_checked"":112250880}"
   2609152,         0,         0,   115.7,decoder_by_matrix,b3c6da8537ae85d54cd5acd57fc4d5a00e23be04de7c70760ac5fa4b0f5f70dc,"{""distance"":3,""physical_error_rate"":1e-06}","{""detection_events"":315,""detectors_checked"":140894208}"
   1323008,         0,         0,   119.0,decoder_by_matrix,cd5aa4935a142b600239883e928f6c7fc9fbc8c84161e9ed59cf2551b7ebfc3d,"{""distance"":3,""physical_error_rate"":5e-05}","{""detection_events"":7941,""detectors_checked"":71442432}"
   2102272,         0,         0,   115.4,decoder_by_matrix,73784f3389b885bc1b704dac0b44b83e08b79da81bcec9ed749229213445f550,"{""distance"":3,""physical_error_rate"":1e-05}","{""detection_events"":2433,""detectors_checked"":113522688}"
   2118656,         0,         0,   114.8,decoder_by_matrix,73784f3389b885bc1b704dac0b44b83e08b79da81bcec9ed749229213445f550,"{""distance"":3,""physical_error_rate"":1e-05}","{""detection_events"":2400,""detectors_checked"":114407424}"
    998400,        25,         0,   117.2,decoder_by_matrix,5dee359087c4b9ae2c20477a4d5136d2695095b0438111838e7093c679bd3c20,"{""distance"":3,""physical_error_rate"":0.0005}","{""detection_events"":59820,""detectors_checked"":53913600,""obs_mistake_mask=E___"":1,""obs_mistake_mask=_EEE"":2,""obs_mistake_mask=_EE_"":3,""obs_mistake_mask=_E_E"":3,""obs_mistake_mask=_E__"":1,""obs_mistake_mask=__EE"":4,""obs_mistake_mask=__E_"":3,""obs_mistake_mask=___E"":8}"
   1120256,         0,         0,   117.8,decoder_by_matrix,c8397cb2c46e4683a6f3970bc42cef1aabfef4d80cfcd6b8313e87630b680ee2,"{""distance"":3,""physical_error_rate"":0.0001}","{""detection_events"":13176,""detectors_checked"":60493824}"
   2636800,         0,         0,   115.7,decoder_by_matrix,b3c6da8537ae85d54cd5acd57fc4d5a00e23be04de7c70760ac5fa4b0f5f70dc,"{""distance"":3,""physical_error_rate"":1e-06}","{""detection_events"":384,""detectors_checked"":142387200}"
   1339392,         0,         0,   117.2,decoder_by_matrix,cd5aa4935a142b600239883e928f6c7fc9fbc8c84161e9ed59cf2551b7ebfc3d,"{""distance"":3,""physical_error_rate"":5e-05}","{""detection_events"":8064,""detectors_checked"":72327168}"
   2366464,         0,         0,   116.4,decoder_by_matrix,1222905ef2c3e0b3841e2be415851bad02a0949e12b9844f6b979980572eaa40,"{""distance"":3,""physical_error_rate"":5e-06}","{""detection_events"":1296,""detectors_checked"":127789056}"
   1122304,         1,         0,   117.7,decoder_by_matrix,c8397cb2c46e4683a6f3970bc42cef1aabfef4d80cfcd6b8313e87630b680ee2,"{""distance"":3,""physical_error_rate"":0.0001}","{""detection_events"":14016,""detectors_checked"":60604416,""obs_mistake_mask=_E__"":1}"
   1010688,        22,         0,   117.2,decoder_by_matrix,5dee359087c4b9ae2c20477a4d5136d2695095b0438111838e7093c679bd3c20,"{""distance"":3,""physical_error_rate"":0.0005}","{""detection_events"":59715,""detectors_checked"":54577152,""obs_mistake_mask=E___"":2,""obs_mistake_mask=_EEE"":5,""obs_mistake_mask=_EE_"":3,""obs_mistake_mask=_E_E"":1,""obs_mistake_mask=_E__"":3,""obs_mistake_mask=__EE"":1,""obs_mistake_mask=__E_"":4,""obs_mistake_mask=___E"":3}"
   2081792,         0,         0,   117.9,decoder_by_matrix,73784f3389b885bc1b704dac0b44b83e08b79da81bcec9ed749229213445f550,"{""distance"":3,""physical_error_rate"":1e-05}","{""detection_events"":2598,""detectors_checked"":112416768}"
   2144256,         0,         0,   115.7,decoder_by_matrix,73784f3389b885bc1b704dac0b44b83e08b79da81bcec9ed749229213445f550,"{""distance"":3,""physical_error_rate"":1e-05}","{""detection_events"":2337,""detectors_checked"":115789824}"
   2324480,         0,         0,   115.2,decoder_by_matrix,1222905ef2c3e0b3841e2be415851bad02a0949e12b9844f6b979980572eaa40,"{""distance"":3,""physical_error_rate"":5e-06}","{""detection_events"":1611,""detectors_checked"":125521920}"
   2669568,         0,         0,   115.2,decoder_by_matrix,b3c6da8537ae85d54cd5acd57fc4d5a00e23be04de7c70760ac5fa4b0f5f70dc,"{""distance"":3,""physical_error_rate"":1e-06}","{""detection_events"":258,""detectors_checked"":144156672}"
   1140736,         2,         0,   117.1,decoder_by_matrix,c8397cb2c46e4683a6f3970bc42cef1aabfef4d80cfcd6b8313e87630b680ee2,"{""distance"":3,""physical_error_rate"":0.0001}","{""detection_events"":14001,""detectors_checked"":61599744,""obs_mistake_mask=_E_E"":1,""obs_mistake_mask=__EE"":1}"
   2146304,         0,         0,   113.9,decoder_by_matrix,73784f3389b885bc1b704dac0b44b83e08b79da81bcec9ed749229213445f550,"{""distance"":3,""physical_error_rate"":1e-05}","{""detection_events"":2379,""detectors_checked"":115900416}"
   1012736,        15,         0,   117.4,decoder_by_matrix,5dee359087c4b9ae2c20477a4d5136d2695095b0438111838e7093c679bd3c20,"{""distance"":3,""physical_error_rate"":0.0005}","{""detection_events"":60120,""detectors_checked"":54687744,""obs_mistake_mask=E___"":2,""obs_mistake_mask=_EEE"":1,""obs_mistake_mask=_EE_"":1,""obs_mistake_mask=_E_E"":1,""obs_mistake_mask=_E__"":3,""obs_mistake_mask=__EE"":1,""obs_mistake_mask=__E_"":2,""obs_mistake_mask=___E"":4}"
   1358848,         0,         0,   118.1,decoder_by_matrix,cd5aa4935a142b600239883e928f6c7fc9fbc8c84161e9ed59cf2551b7ebfc3d,"{""distance"":3,""physical_error_rate"":5e-05}","{""detection_events"":7833,""detectors_checked"":73377792}"
   1014784,        21,         0,   118.0,decoder_by_matrix,5dee359087c4b9ae2c20477a4d5136d2695095b0438111838e7093c679bd3c20,"{""distance"":3,""physical_error_rate"":0.0005}","{""detection_events"":60276,""detectors_checked"":54798336,""obs_mistake_mask=E___"":2,""obs_mistake_mask=_EEE"":8,""obs_mistake_mask=_EE_"":1,""obs_mistake_mask=_E_E"":3,""obs_mistake_mask=_E__"":4,""obs_mistake_mask=__EE"":2,""obs_mistake_mask=__E_"":1}"
   1370112,         0,         0,   117.0,decoder_by_matrix,cd5aa4935a142b600239883e928f6c7fc9fbc8c84161e9ed59cf2551b7ebfc3d,"{""distance"":3,""physical_error_rate"":5e-05}","{""detection_events"":8364,""detectors_checked"":73986048}"
   1123328,         0,         0,   117.2,decoder_by_matrix,c8397cb2c46e4683a6f3970bc42cef1aabfef4d80cfcd6b8313e87630b680ee2,"{""distance"":3,""physical_error_rate"":0.0001}","{""detection_events"":13665,""detectors_checked"":60659712}"
   2722816,         0,         0,   116.1,decoder_by_matrix,b3c6da8537ae85d54cd5acd57fc4d5a00e23be04de7c70760ac5fa4b0f5f70dc,"{""distance"":3,""physical_error_rate"":1e-06}","{""detection_events"":282,""detectors_checked"":147032064}"
   2439168,         0,         0,   114.5,decoder_by_matrix,1222905ef2c3e0b3841e2be415851bad02a0949e12b9844f6b979980572eaa40,"{""distance"":3,""physical_error_rate"":5e-06}","{""detection_events"":1386,""detectors_checked"":131715072}"
   1155072,         2,         0,   118.1,decoder_by_matrix,c8397cb2c46e4683a6f3970bc42cef1aabfef4d80cfcd6b8313e87630b680ee2,"{""distance"":3,""physical_error_rate"":0.0001}","{""detection_events"":13212,""detectors_checked"":62373888,""obs_mistake_mask=E___"":1,""obs_mistake_mask=_EEE"":1}"
   1362944,         0,         0,   117.3,decoder_by_matrix,cd5aa4935a142b600239883e928f6c7fc9fbc8c84161e9ed59cf2551b7ebfc3d,"{""distance"":3,""physical_error_rate"":5e-05}","{""detection_events"":8154,""detectors_checked"":73598976}"
   1036288,        23,         0,   117.5,decoder_by_matrix,5dee359087c4b9ae2c20477a4d5136d2695095b0438111838e7093c679bd3c20,"{""distance"":3,""physical_error_rate"":0.0005}","{""detection_events"":60900,""detectors_checked"":55959552,""obs_mistake_mask=E___"":3,""obs_mistake_mask=_EEE"":3,""obs_mistake_mask=_EE_"":4,""obs_mistake_mask=_E__"":6,""obs_mistake_mask=__EE"":2,""obs_mistake_mask=__E_"":1,""obs_mistake_mask=___E"":4}"
   2164736,         0,         0,   116.6,decoder_by_matrix,73784f3389b885bc1b704dac0b44b83e08b79da81bcec9ed749229213445f550,"{""distance"":3,""physical_error_rate"":1e-05}","{""detection_events"":2595,""detectors_checked"":116895744}"
   2402304,         0,         0,   115.2,decoder_by_matrix,1222905ef2c3e0b3841e2be415851bad02a0949e12b9844f6b979980572eaa40,"{""distance"":3,""physical_error_rate"":5e-06}","{""detection_events"":1536,""detectors_checked"":129724416}"
   1044480,        24,         0,   116.2,decoder_by_matrix,5dee359087c4b9ae2c20477a4d5136d2695095b0438111838e7093c679bd3c20,"{""distance"":3,""physical_error_rate"":0.0005}","{""detection_events"":63444,""detectors_checked"":56401920,""obs_mistake_mask=E___"":2,""obs_mistake_mask=_EEE"":4,""obs_mistake_mask=_EE_"":2,""obs_mistake_mask=_E_E"":2,""obs_mistake_mask=_E__"":5,""obs_mistake_mask=__EE"":1,""obs_mistake_mask=__E_"":3,""obs_mistake_mask=___E"":5}"
   2424832,         0,         0,   115.9,decoder_by_matrix,1222905ef2c3e0b3841e2be415851bad02a0949e12b9844f6b979980572eaa40,"{""distance"":3,""physical_error_rate"":5e-06}","{""detection_events"":1440,""detectors_checked"":130940928}"
   1172480,         1,         0,   117.8,decoder_by_matrix,c8397cb2c46e4683a6f3970bc42cef1aabfef4d80cfcd6b8313e87630b680ee2,"{""distance"":3,""physical_error_rate"":0.0001}","{""detection_events"":13305,""detectors_checked"":63313920,""obs_mistake_mask=E___"":1}"
   2709504,         0,         0,   115.8,decoder_by_matrix,b3c6da8537ae85d54cd5acd57fc4d5a00e23be04de7c70760ac5fa4b0f5f70dc,"{""distance"":3,""physical_error_rate"":1e-06}","{""detection_events"":354,""detectors_checked"":146313216}"
   2214912,         0,         0,   114.4,decoder_by_matrix,73784f3389b885bc1b704dac0b44b83e08b79da81bcec9ed749229213445f550,"{""distance"":3,""physical_error_rate"":1e-05}","{""detection_events"":2451,""detectors_checked"":119605248}"
   2171904,         0,         0,   116.2,decoder_by_matrix,73784f3389b885bc1b704dac0b44b83e08b79da81bcec9ed749229213445f550,"{""distance"":3,""physical_error_rate"":1e-05}","{""detection_events"":2559,""detectors_checked"":117282816}"
   2420736,         0,         0,   114.7,decoder_by_matrix,1222905ef2c3e0b3841e2be415851bad02a0949e12b9844f6b979980572eaa40,"{""distance"":3,""physical_error_rate"":5e-06}","{""detection_events"":1428,""detectors_checked"":130719744}"
   1380352,         0,         0,   116.5,decoder_by_matrix,cd5aa4935a142b600239883e928f6c7fc9fbc8c84161e9ed59cf2551b7ebfc3d,"{""distance"":3,""physical_error_rate"":5e-05}","{""detection_events"":8202,""detectors_checked"":74539008}"
   1167360,         0,         0,   117.1,decoder_by_matrix,c8397cb2c46e4683a6f3970bc42cef1aabfef4d80cfcd6b8313e87630b680ee2,"{""distance"":3,""physical_error_rate"":0.0001}","{""detection_events"":14133,""detectors_checked"":63037440}"
   2717696,         0,         0,   114.5,decoder_by_matrix,b3c6da8537ae85d54cd5acd57fc4d5a00e23be04de7c70760ac5fa4b0f5f70dc,"{""distance"":3,""physical_error_rate"":1e-06}","{""detection_events"":303,""detectors_checked"":146755584}"
   1390592,         0,         0,   116.8,decoder_by_matrix,cd5aa4935a142b600239883e928f6c7fc9fbc8c84161e9ed59cf2551b7ebfc3d,"{""distance"":3,""physical_error_rate"":5e-05}","{""detection_events"":8094,""detectors_checked"":75091968}"
   1362944,         0,         0,   115.5,decoder_by_matrix,cd5aa4935a142b600239883e928f6c7fc9fbc8c84161e9ed59cf2551b7ebfc3d,"{""distance"":3,""physical_error_rate"":5e-05}","{""detection_events"":8235,""detectors_checked"":73598976}"
   2184192,         0,         0,   114.6,decoder_by_matrix,73784f3389b885bc1b704dac0b44b83e08b79da81bcec9ed749229213445f550,"{""distance"":3,""physical_error_rate"":1e-05}","{""detection_events"":2472,""detectors_checked"":117946368}"
   2744320,         0,         0,   114.9,decoder_by_matrix,b3c6da8537ae85d54cd5acd57fc4d5a00e23be04de7c70760ac5fa4b0f5f70dc,"{""distance"":3,""physical_error_rate"":1e-06}","{""detection_events"":324,""detectors_checked"":148193280}"
   1043456,        23,         0,   118.0,decoder_by_matrix,5dee359087c4b9ae2c20477a4d5136d2695095b0438111838e7093c679bd3c20,"{""distance"":3,""physical_error_rate"":0.0005}","{""detection_events"":63663,""detectors_checked"":56346624,""obs_mistake_mask=E___"":1,""obs_mistake_mask=_EEE"":4,""obs_mistake_mask=_EE_"":3,""obs_mistake_mask=_E_E"":1,""obs_mistake_mask=_E__"":5,""obs_mistake_mask=__EE"":3,""obs_mistake_mask=__E_"":2,""obs_mistake_mask=___E"":4}"
   1045504,        17,         0,   117.3,decoder_by_matrix,5dee359087c4b9ae2c20477a4d5136d2695095b0438111838e7093c679bd3c20,"{""distance"":3,""physical_error_rate"":0.0005}","{""detection_events"":63249,""detectors_checked"":56457216,""obs_mistake_mask=_EEE"":3,""obs_mistake_mask=_EE_"":4,""obs_mistake_mask=_E_E"":1,""obs_mistake_mask=_E__"":1,""obs_mistake_mask=__EE"":3,""obs_mistake_mask=__E_"":4,""obs_mistake_mask=___E"":1}"
   2703360,         0,         0,   113.4,decoder_by_matrix,b3c6da8537ae85d54cd5acd57fc4d5a00e23be04de7c70760ac5fa4b0f5f70dc,"{""distance"":3,""physical_error_rate"":1e-06}","{""detection_events"":348,""detectors_checked"":145981440}"
   1378304,         0,         0,   118.3,decoder_by_matrix,cd5aa4935a142b600239883e928f6c7fc9fbc8c84161e9ed59cf2551b7ebfc3d,"{""distance"":3,""physical_error_rate"":5e-05}","{""detection_events"":8511,""detectors_checked"":74428416}"
   2153472,         0,         0,   115.8,decoder_by_matrix,73784f3389b885bc1b704dac0b44b83e08b79da81bcec9ed749229213445f550,"{""distance"":3,""physical_error_rate"":1e-05}","{""detection_events"":2586,""detectors_checked"":116287488}"
   2746368,         0,         0,   116.3,decoder_by_matrix,b3c6da8537ae85d54cd5acd57fc4d5a00e23be04de7c70760ac5fa4b0f5f70dc,"{""distance"":3,""physical_error_rate"":1e-06}","{""detection_events"":297,""detectors_checked"":148303872}"
   2434048,         0,         0,   116.4,decoder_by_matrix,1222905ef2c3e0b3841e2be415851bad02a0949e12b9844f6b979980572eaa40,"{""distance"":3,""physical_error_rate"":5e-06}","{""detection_events"":1539,""detectors_checked"":131438592}"
   1043456,        21,         0,   116.7,decoder_by_matrix,5dee359087c4b9ae2c20477a4d5136d2695095b0438111838e7093c679bd3c20,"{""distance"":3,""physical_error_rate"":0.0005}","{""detection_events"":61215,""detectors_checked"":56346624,""obs_mistake_mask=E___"":2,""obs_mistake_mask=_EEE"":5,""obs_mistake_mask=_EE_"":2,""obs_mistake_mask=_E__"":5,""obs_mistake_mask=__EE"":3,""obs_mistake_mask=__E_"":1,""obs_mistake_mask=___E"":3}"
   1046528,        17,         0,   117.9,decoder_by_matrix,5dee359087c4b9ae2c20477a4d5136d2695095b0438111838e7093c679bd3c20,"{""distance"":3,""physical_error_rate"":0.0005}","{""detection_events"":62046,""detectors_checked"":56512512,""obs_mistake_mask=_EEE"":1,""obs_mistake_mask=_EE_"":2,""obs_mistake_mask=_E_E"":1,""obs_mistake_mask=_E__"":3,""obs_mistake_mask=__EE"":1,""obs_mistake_mask=__E_"":6,""obs_mistake_mask=___E"":3}"
   1166336,         0,         0,   115.8,decoder_by_matrix,c8397cb2c46e4683a6f3970bc42cef1aabfef4d80cfcd6b8313e87630b680ee2,"{""distance"":3,""physical_error_rate"":0.0001}","{""detection_events"":13890,""detectors_checked"":62982144}"
   1143808,         3,         0,   116.7,decoder_by_matrix,c8397cb2c46e4683a6f3970bc42cef1aabfef4d80cfcd6b8313e87630b680ee2,"{""distance"":3,""physical_error_rate"":0.0001}","{""detection_events"":14805,""detectors_checked"":61765632,""obs_mistake_mask=_E__"":1,""obs_mistake_mask=__EE"":2}"
   1165312,         3,         0,   117.3,decoder_by_matrix,c8397cb2c46e4683a6f3970bc42cef1aabfef4d80cfcd6b8313e87630b680ee2,"{""distance"":3,""physical_error_rate"":0.0001}","{""detection_events"":13905,""detectors_checked"":62926848,""obs_mistake_mask=_EEE"":1,""obs_mistake_mask=_E_E"":1,""obs_mistake_mask=__EE"":1}"
   1367040,         1,         0,   116.7,decoder_by_matrix,cd5aa4935a142b600239883e928f6c7fc9fbc8c84161e9ed59cf2551b7ebfc3d,"{""distance"":3,""physical_error_rate"":5e-05}","{""detection_events"":8472,""detectors_checked"":73820160,""obs_mistake_mask=_EEE"":1}"
   2427904,         0,         0,   113.7,decoder_by_matrix,1222905ef2c3e0b3841e2be415851bad02a0949e12b9844f6b979980572eaa40,"{""distance"":3,""physical_error_rate"":5e-06}","{""detection_events"":1509,""detectors_checked"":131106816}"
   2448384,         0,         0,   114.6,decoder_by_matrix,1222905ef2c3e0b3841e2be415851bad02a0949e12b9844f6b979980572eaa40,"{""distance"":3,""physical_error_rate"":5e-06}","{""detection_events"":1422,""detectors_checked"":132212736}"
   2442240,         0,         0,   113.4,decoder_by_matrix,1222905ef2c3e0b3841e2be415851bad02a0949e12b9844f6b979980572eaa40,"{""distance"":3,""physical_error_rate"":5e-06}","{""detection_events"":1416,""detectors_checked"":131880960}"
   2734080,         0,         0,   113.3,decoder_by_matrix,b3c6da8537ae85d54cd5acd57fc4d5a00e23be04de7c70760ac5fa4b0f5f70dc,"{""distance"":3,""physical_error_rate"":1e-06}","{""detection_events"":360,""detectors_checked"":147640320}"
   1164288,         4,         0,   117.3,decoder_by_matrix,c8397cb2c46e4683a6f3970bc42cef1aabfef4d80cfcd6b8313e87630b680ee2,"{""distance"":3,""physical_error_rate"":0.0001}","{""detection_events"":13662,""detectors_checked"":62871552,""obs_mistake_mask=E___"":1,""obs_mistake_mask=_EEE"":1,""obs_mistake_mask=__E_"":2}"
   1356800,         0,         0,   118.3,decoder_by_matrix,cd5aa4935a142b600239883e928f6c7fc9fbc8c84161e9ed59cf2551b7ebfc3d,"{""distance"":3,""physical_error_rate"":5e-05}","{""detection_events"":8412,""detectors_checked"":73267200}"
   1044480,        23,         0,   115.9,decoder_by_matrix,5dee359087c4b9ae2c20477a4d5136d2695095b0438111838e7093c679bd3c20,"{""distance"":3,""physical_error_rate"":0.0005}","{""detection_events"":61935,""detectors_checked"":56401920,""obs_mistake_mask=E___"":2,""obs_mistake_mask=_EEE"":3,""obs_mistake_mask=_EE_"":2,""obs_mistake_mask=_E_E"":2,""obs_mistake_mask=_E__"":6,""obs_mistake_mask=__EE"":1,""obs_mistake_mask=__E_"":4,""obs_mistake_mask=___E"":3}"
   2152448,         1,         0,   114.1,decoder_by_matrix,73784f3389b885bc1b704dac0b44b83e08b79da81bcec9ed749229213445f550,"{""distance"":3,""physical_error_rate"":1e-05}","{""detection_events"":2610,""detectors_checked"":116232192,""obs_mistake_mask=__EE"":1}"
   2725888,         0,         0,   114.7,decoder_by_matrix,b3c6da8537ae85d54cd5acd57fc4d5a00e23be04de7c70760ac5fa4b0f5f70dc,"{""distance"":3,""physical_error_rate"":1e-06}","{""detection_events"":312,""detectors_checked"":147197952}"
   1382400,         0,         0,   116.5,decoder_by_matrix,cd5aa4935a142b600239883e928f6c7fc9fbc8c84161e9ed59cf2551b7ebfc3d,"{""distance"":3,""physical_error_rate"":5e-05}","{""detection_events"":8250,""detectors_checked"":74649600}"
   2160640,         0,         0,   114.1,decoder_by_matrix,73784f3389b885bc1b704dac0b44b83e08b79da81bcec9ed749229213445f550,"{""distance"":3,""physical_error_rate"":1e-05}","{""detection_events"":2478,""detectors_checked"":116674560}"
   1038336,        30,         0,   117.5,decoder_by_matrix,5dee359087c4b9ae2c20477a4d5136d2695095b0438111838e7093c679bd3c20,"{""distance"":3,""physical_error_rate"":0.0005}","{""detection_events"":62385,""detectors_checked"":56070144,""obs_mistake_mask=E___"":3,""obs_mistake_mask=_EEE"":2,""obs_mistake_mask=_EE_"":5,""obs_mistake_mask=_E_E"":3,""obs_mistake_mask=_E__"":7,""obs_mistake_mask=__EE"":2,""obs_mistake_mask=__E_"":6,""obs_mistake_mask=___E"":2}"
   2147328,         0,         0,   116.3,decoder_by_matrix,73784f3389b885bc1b704dac0b44b83e08b79da81bcec9ed749229213445f550,"{""distance"":3,""physical_error_rate"":1e-05}","{""detection_events"":2772,""detectors_checked"":115955712}"
   1181696,         0,         0,   116.7,decoder_by_matrix,c8397cb2c46e4683a6f3970bc42cef1aabfef4d80cfcd6b8313e87630b680ee2,"{""distance"":3,""physical_error_rate"":0.0001}","{""detection_events"":14001,""detectors_checked"":63811584}"
   2787328,         0,         0,   112.3,decoder_by_matrix,b3c6da8537ae85d54cd5acd57fc4d5a00e23be04de7c70760ac5fa4b0f5f70dc,"{""distance"":3,""physical_error_rate"":1e-06}","{""detection_events"":372,""detectors_checked"":150515712}"
   1415168,         0,         0,   117.2,decoder_by_matrix,cd5aa4935a142b600239883e928f6c7fc9fbc8c84161e9ed59cf2551b7ebfc3d,"{""distance"":3,""physical_error_rate"":5e-05}","{""detection_events"":8535,""detectors_checked"":76419072}"
   1179648,         1,         0,   118.1,decoder_by_matrix,c8397cb2c46e4683a6f3970bc42cef1aabfef4d80cfcd6b8313e87630b680ee2,"{""distance"":3,""physical_error_rate"":0.0001}","{""detection_events"":14634,""detectors_checked"":63700992,""obs_mistake_mask=_E__"":1}"
   2488320,         0,         0,   117.3,decoder_by_matrix,1222905ef2c3e0b3841e2be415851bad02a0949e12b9844f6b979980572eaa40,"{""distance"":3,""physical_error_rate"":5e-06}","{""detection_events"":1485,""detectors_checked"":134369280}"
   1067008,        24,         0,   116.0,decoder_by_matrix,5dee359087c4b9ae2c20477a4d5136d2695095b0438111838e7093c679bd3c20,"{""distance"":3,""physical_error_rate"":0.0005}","{""detection_events"":64482,""detectors_checked"":57618432,""obs_mistake_mask=E___"":2,""obs_mistake_mask=_EE_"":3,""obs_mistake_mask=_E_E"":3,""obs_mistake_mask=_E__"":3,""obs_mistake_mask=__EE"":2,""obs_mistake_mask=__E_"":5,""obs_mistake_mask=___E"":6}"
   2214912,         0,         0,   115.6,decoder_by_matrix,73784f3389b885bc1b704dac0b44b83e08b79da81bcec9ed749229213445f550,"{""distance"":3,""physical_error_rate"":1e-05}","{""detection_events"":2784,""detectors_checked"":119605248}"
   2279424,         0,         0,   115.4,decoder_by_matrix,73784f3389b885bc1b704dac0b44b83e08b79da81bcec9ed749229213445f550,"{""distance"":3,""physical_error_rate"":1e-05}","{""detection_events"":2730,""detectors_checked"":123088896}"
   2576384,         0,         0,   115.1,decoder_by_matrix,1222905ef2c3e0b3841e2be415851bad02a0949e12b9844f6b979980572eaa40,"{""distance"":3,""physical_error_rate"":5e-06}","{""detection_events"":1467,""detectors_checked"":139124736}"
   2870272,         0,         0,   113.8,decoder_by_matrix,b3c6da8537ae85d54cd5acd57fc4d5a00e23be04de7c70760ac5fa4b0f5f70dc,"{""distance"":3,""physical_error_rate"":1e-06}","{""detection_events"":324,""detectors_checked"":154994688}"
   1227776,         3,         0,   117.0,decoder_by_matrix,c8397cb2c46e4683a6f3970bc42cef1aabfef4d80cfcd6b8313e87630b680ee2,"{""distance"":3,""physical_error_rate"":0.0001}","{""detection_events"":14274,""detectors_checked"":66299904,""obs_mistake_mask=_EEE"":1,""obs_mistake_mask=__E_"":2}"
   2236416,         0,         0,   116.0,decoder_by_matrix,73784f3389b885bc1b704dac0b44b83e08b79da81bcec9ed749229213445f550,"{""distance"":3,""physical_error_rate"":1e-05}","{""detection_events"":2838,""detectors_checked"":120766464}"
   1415168,         0,         0,   117.9,decoder_by_matrix,cd5aa4935a142b600239883e928f6c7fc9fbc8c84161e9ed59cf2551b7ebfc3d,"{""distance"":3,""physical_error_rate"":5e-05}","{""detection_events"":8748,""detectors_checked"":76419072}"
   1088512,        19,         0,   118.4,decoder_by_matrix,5dee359087c4b9ae2c20477a4d5136d2695095b0438111838e7093c679bd3c20,"{""distance"":3,""physical_error_rate"":0.0005}","{""detection_events"":64824,""detectors_checked"":58779648,""obs_mistake_mask=E___"":2,""obs_mistake_mask=_EE_"":5,""obs_mistake_mask=_E_E"":1,""obs_mistake_mask=_E__"":5,""obs_mistake_mask=__EE"":3,""obs_mistake_mask=__E_"":1,""obs_mistake_mask=___E"":2}"
   1090560,        24,         0,   117.7,decoder_by_matrix,5dee359087c4b9ae2c20477a4d5136d2695095b0438111838e7093c679bd3c20,"{""distance"":3,""physical_error_rate"":0.0005}","{""detection_events"":64815,""detectors_checked"":58890240,""obs_mistake_mask=E___"":2,""obs_mistake_mask=_EEE"":2,""obs_mistake_mask=_EE_"":4,""obs_mistake_mask=_E_E"":2,""obs_mistake_mask=_E__"":3,""obs_mistake_mask=__E_"":5,""obs_mistake_mask=___E"":6}"
   1440768,         0,         0,   116.4,decoder_by_matrix,cd5aa4935a142b600239883e928f6c7fc9fbc8c84161e9ed59cf2551b7ebfc3d,"{""distance"":3,""physical_error_rate"":5e-05}","{""detection_events"":8904,""detectors_checked"":77801472}"
   1212416,         3,         0,   118.2,decoder_by_matrix,c8397cb2c46e4683a6f3970bc42cef1aabfef4d80cfcd6b8313e87630b680ee2,"{""distance"":3,""physical_error_rate"":0.0001}","{""detection_events"":13929,""detectors_checked"":65470464,""obs_mistake_mask=E___"":1,""obs_mistake_mask=__E_"":1,""obs_mistake_mask=___E"":1}"
   2916352,         0,         0,   113.8,decoder_by_matrix,b3c6da8537ae85d54cd5acd57fc4d5a00e23be04de7c70760ac5fa4b0f5f70dc,"{""distance"":3,""physical_error_rate"":1e-06}","{""detection_events"":279,""detectors_checked"":157483008}"
   2594816,         0,         0,   115.7,decoder_by_matrix,1222905ef2c3e0b3841e2be415851bad02a0949e12b9844f6b979980572eaa40,"{""distance"":3,""physical_error_rate"":5e-06}","{""detection_events"":1623,""detectors_checked"":140120064}"
   1449984,         1,         0,   116.7,decoder_by_matrix,cd5aa4935a142b600239883e928f6c7fc9fbc8c84161e9ed59cf2551b7ebfc3d,"{""distance"":3,""physical_error_rate"":5e-05}","{""detection_events"":8556,""detectors_checked"":78299136,""obs_mistake_mask=__E_"":1}"
   1230848,         1,         0,   117.7,decoder_by_matrix,c8397cb2c46e4683a6f3970bc42cef1aabfef4d80cfcd6b8313e87630b680ee2,"{""distance"":3,""physical_error_rate"":0.0001}","{""detection_events"":14751,""detectors_checked"":66465792,""obs_mistake_mask=__E_"":1}"
   1094656,        21,         0,   116.8,decoder_by_matrix,5dee359087c4b9ae2c20477a4d5136d2695095b0438111838e7093c679bd3c20,"{""distance"":3,""physical_error_rate"":0.0005}","{""detection_events"":66426,""detectors_checked"":59111424,""obs_mistake_mask=E___"":3,""obs_mistake_mask=_EEE"":4,""obs_mistake_mask=_EE_"":2,""obs_mistake_mask=_E_E"":4,""obs_mistake_mask=_E__"":2,""obs_mistake_mask=__EE"":3,""obs_mistake_mask=__E_"":3}"
   2312192,         0,         0,   114.6,decoder_by_matrix,73784f3389b885bc1b704dac0b44b83e08b79da81bcec9ed749229213445f550,"{""distance"":3,""physical_error_rate"":1e-05}","{""detection_events"":2718,""detectors_checked"":124858368}"
   2622464,         0,         0,   116.0,decoder_by_matrix,1222905ef2c3e0b3841e2be415851bad02a0949e12b9844f6b979980572eaa40,"{""distance"":3,""physical_error_rate"":5e-06}","{""detection_events"":1470,""detectors_checked"":141613056}"
   2609152,         0,         0,   115.1,decoder_by_matrix,1222905ef2c3e0b3841e2be415851bad02a0949e12b9844f6b979980572eaa40,"{""distance"":3,""physical_error_rate"":5e-06}","{""detection_events"":1404,""detectors_checked"":140894208}"
   1242112,         2,         0,   116.5,decoder_by_matrix,c8397cb2c46e4683a6f3970bc42cef1aabfef4d80cfcd6b8313e87630b680ee2,"{""distance"":3,""physical_error_rate"":0.0001}","{""detection_events"":15333,""detectors_checked"":67074048,""obs_mistake_mask=E___"":1,""obs_mistake_mask=_E_E"":1}"
   2917376,         0,         0,   113.6,decoder_by_matrix,b3c6da8537ae85d54cd5acd57fc4d5a00e23be04de7c70760ac5fa4b0f5f70dc,"{""distance"":3,""physical_error_rate"":1e-06}","{""detection_events"":339,""detectors_checked"":157538304}"
   1111040,        24,         0,   116.2,decoder_by_matrix,5dee359087c4b9ae2c20477a4d5136d2695095b0438111838e7093c679bd3c20,"{""distance"":3,""physical_error_rate"":0.0005}","{""detection_events"":66900,""detectors_checked"":59996160,""obs_mistake_mask=E___"":4,""obs_mistake_mask=_EEE"":3,""obs_mistake_mask=_EE_"":3,""obs_mistake_mask=_E_E"":2,""obs_mistake_mask=_E__"":2,""obs_mistake_mask=__EE"":3,""obs_mistake_mask=__E_"":3,""obs_mistake_mask=___E"":4}"
   2330624,         0,         0,   113.8,decoder_by_matrix,73784f3389b885bc1b704dac0b44b83e08b79da81bcec9ed749229213445f550,"{""distance"":3,""physical_error_rate"":1e-05}","{""detection_events"":2715,""detectors_checked"":125853696}"
   2582528,         0,         0,   114.5,decoder_by_matrix,1222905ef2c3e0b3841e2be415851bad02a0949e12b9844f6b979980572eaa40,"{""distance"":3,""physical_error_rate"":5e-06}","{""detection_events"":1596,""detectors_checked"":139456512}"
   2316288,         0,         0,   112.9,decoder_by_matrix,73784f3389b885bc1b704dac0b44b83e08b79da81bcec9ed749229213445f550,"{""distance"":3,""physical_error_rate"":1e-05}","{""detection_events"":2856,""detectors_checked"":125079552}"
   1235968,         1,         0,   116.9,decoder_by_matrix,c8397cb2c46e4683a6f3970bc42cef1aabfef4d80cfcd6b8313e87630b680ee2,"{""distance"":3,""physical_error_rate"":0.0001}","{""detection_events"":15087,""detectors_checked"":66742272,""obs_mistake_mask=___E"":1}"
   1453056,         0,         0,   116.6,decoder_by_matrix,cd5aa4935a142b600239883e928f6c7fc9fbc8c84161e9ed59cf2551b7ebfc3d,"{""distance"":3,""physical_error_rate"":5e-05}","{""detection_events"":9159,""detectors_checked"":78465024}"
   1447936,         0,         0,   117.4,decoder_by_matrix,cd5aa4935a142b600239883e928f6c7fc9fbc8c84161e9ed59cf2551b7ebfc3d,"{""distance"":3,""physical_error_rate"":5e-05}","{""detection_events"":8712,""detectors_checked"":78188544}"
   2895872,         0,         0,   115.5,decoder_by_matrix,b3c6da8537ae85d54cd5acd57fc4d5a00e23be04de7c70760ac5fa4b0f5f70dc,"{""distance"":3,""physical_error_rate"":1e-06}","{""detection_events"":435,""detectors_checked"":156377088}"
   1474560,         1,         0,   115.9,decoder_by_matrix,cd5aa4935a142b600239883e928f6c7fc9fbc8c84161e9ed59cf2551b7ebfc3d,"{""distance"":3,""physical_error_rate"":5e-05}","{""detection_events"":8481,""detectors_checked"":79626240,""obs_mistake_mask=_E__"":1}"
   2279424,         0,         0,   115.4,decoder_by_matrix,73784f3389b885bc1b704dac0b44b83e08b79da81bcec9ed749229213445f550,"{""distance"":3,""physical_error_rate"":1e-05}","{""detection_events"":3093,""detectors_checked"":123088896}"
   1105920,        19,         0,   117.4,decoder_by_matrix,5dee359087c4b9ae2c20477a4d5136d2695095b0438111838e7093c679bd3c20,"{""distance"":3,""physical_error_rate"":0.0005}","{""detection_events"":66657,""detectors_checked"":59719680,""obs_mistake_mask=E___"":4,""obs_mistake_mask=_EEE"":4,""obs_mistake_mask=_EE_"":1,""obs_mistake_mask=_E_E"":2,""obs_mistake_mask=_E__"":1,""obs_mistake_mask=__EE"":1,""obs_mistake_mask=__E_"":3,""obs_mistake_mask=___E"":3}"
   1110016,        28,         0,   115.7,decoder_by_matrix,5dee359087c4b9ae2c20477a4d5136d2695095b0438111838e7093c679bd3c20,"{""distance"":3,""physical_error_rate"":0.0005}","{""detection_events"":65655,""detectors_checked"":59940864,""obs_mistake_mask=E___"":1,""obs_mistake_mask=_EEE"":3,""obs_mistake_mask=_EE_"":2,""obs_mistake_mask=_E_E"":3,""obs_mistake_mask=_E__"":5,""obs_mistake_mask=__EE"":2,""obs_mistake_mask=__E_"":6,""obs_mistake_mask=___E"":6}"
   2944000,         0,         0,   114.5,decoder_by_matrix,b3c6da8537ae85d54cd5acd57fc4d5a00e23be04de7c70760ac5fa4b0f5f70dc,"{""distance"":3,""physical_error_rate"":1e-06}","{""detection_events"":288,""detectors_checked"":158976000}"
   2897920,         0,         0,   113.2,decoder_by_matrix,b3c6da8537ae85d54cd5acd57fc4d5a00e23be04de7c70760ac5fa4b0f5f70dc,"{""distance"":3,""physical_error_rate"":1e-06}","{""detection_events"":360,""detectors_checked"":156487680}"
   1489920,         0,         0,   115.3,decoder_by_matrix,cd5aa4935a142b600239883e928f6c7fc9fbc8c84161e9ed59cf2551b7ebfc3d,"{""distance"":3,""physical_error_rate"":5e-05}","{""detection_events"":8916,""detectors_checked"":80455680}"
   2348032,         0,         0,   115.8,decoder_by_matrix,73784f3389b885bc1b704dac0b44b83e08b79da81bcec9ed749229213445f550,"{""distance"":3,""physical_error_rate"":1e-05}","{""detection_events"":2547,""detectors_checked"":126793728}"
   2580480,         0,         0,   114.7,decoder_by_matrix,1222905ef2c3e0b3841e2be415851bad02a0949e12b9844f6b979980572eaa40,"{""distance"":3,""physical_error_rate"":5e-06}","{""detection_events"":1632,""detectors_checked"":139345920}"
   2948096,         0,         0,   114.8,decoder_by_matrix,b3c6da8537ae85d54cd5acd57fc4d5a00e23be04de7c70760ac5fa4b0f5f70dc,"{""distance"":3,""physical_error_rate"":1e-06}","{""detection_events"":309,""detectors_checked"":159197184}"
   1105920,        17,         0,   116.6,decoder_by_matrix,5dee359087c4b9ae2c20477a4d5136d2695095b0438111838e7093c679bd3c20,"{""distance"":3,""physical_error_rate"":0.0005}","{""detection_events"":66312,""detectors_checked"":59719680,""obs_mistake_mask=E___"":1,""obs_mistake_mask=_EEE"":3,""obs_mistake_mask=_EE_"":1,""obs_mistake_mask=_E_E"":2,""obs_mistake_mask=_E__"":1,""obs_mistake_mask=__EE"":3,""obs_mistake_mask=__E_"":2,""obs_mistake_mask=___E"":4}"
   1112064,        28,         0,   117.0,decoder_by_matrix,5dee359087c4b9ae2c20477a4d5136d2695095b0438111838e7093c679bd3c20,"{""distance"":3,""physical_error_rate"":0.0005}","{""detection_events"":66594,""detectors_checked"":60051456,""obs_mistake_mask=E___"":1,""obs_mistake_mask=_EEE"":2,""obs_mistake_mask=_EE_"":3,""obs_mistake_mask=_E_E"":3,""obs_mistake_mask=_E__"":5,""obs_mistake_mask=__EE"":2,""obs_mistake_mask=__E_"":9,""obs_mistake_mask=___E"":3}"
   1249280,         2,         0,   117.8,decoder_by_matrix,c8397cb2c46e4683a6f3970bc42cef1aabfef4d80cfcd6b8313e87630b680ee2,"{""distance"":3,""physical_error_rate"":0.0001}","{""detection_events"":14670,""detectors_checked"":67461120,""obs_mistake_mask=_EE_"":1,""obs_mistake_mask=_E__"":1}"
   1229824,         1,         0,   118.2,decoder_by_matrix,c8397cb2c46e4683a6f3970bc42cef1aabfef4d80cfcd6b8313e87630b680ee2,"{""distance"":3,""physical_error_rate"":0.0001}","{""detection_events"":15312,""detectors_checked"":66410496,""obs_mistake_mask=__E_"":1}"
   1462272,         1,         0,   117.6,decoder_by_matrix,cd5aa4935a142b600239883e928f6c7fc9fbc8c84161e9ed59cf2551b7ebfc3d,"{""distance"":3,""physical_error_rate"":5e-05}","{""detection_events"":8754,""detectors_checked"":78962688,""obs_mistake_mask=__E_"":1}"
   1230848,         0,         0,   117.9,decoder_by_matrix,c8397cb2c46e4683a6f3970bc42cef1aabfef4d80cfcd6b8313e87630b680ee2,"{""distance"":3,""physical_error_rate"":0.0001}","{""detection_events"":15099,""detectors_checked"":66465792}"
   2605056,         0,         0,   115.1,decoder_by_matrix,1222905ef2c3e0b3841e2be415851bad02a0949e12b9844f6b979980572eaa40,"{""distance"":3,""physical_error_rate"":5e-06}","{""detection_events"":1548,""detectors_checked"":140673024}"
   2604032,         0,         0,   114.6,decoder_by_matrix,1222905ef2c3e0b3841e2be415851bad02a0949e12b9844f6b979980572eaa40,"{""distance"":3,""physical_error_rate"":5e-06}","{""detection_events"":1512,""detectors_checked"":140617728}"
   2614272,         0,         0,   113.1,decoder_by_matrix,1222905ef2c3e0b3841e2be415851bad02a0949e12b9844f6b979980572eaa40,"{""distance"":3,""physical_error_rate"":5e-06}","{""detection_events"":1458,""detectors_checked"":141170688}"
   2922496,         0,         0,   115.6,decoder_by_matrix,b3c6da8537ae85d54cd5acd57fc4d5a00e23be04de7c70760ac5fa4b0f5f70dc,"{""distance"":3,""physical_error_rate"":1e-06}","{""detection_events"":345,""detectors_checked"":157814784}"
   1467392,         0,         0,   119.0,decoder_by_matrix,cd5aa4935a142b600239883e928f6c7fc9fbc8c84161e9ed59cf2551b7ebfc3d,"{""distance"":3,""physical_error_rate"":5e-05}","{""detection_events"":8973,""detectors_checked"":79239168}"
   1225728,         1,         0,   115.7,decoder_by_matrix,c8397cb2c46e4683a6f3970bc42cef1aabfef4d80cfcd6b8313e87630b680ee2,"{""distance"":3,""physical_error_rate"":0.0001}","{""detection_events"":14856,""detectors_checked"":66189312,""obs_mistake_mask=__EE"":1}"
   2311168,         0,         0,   116.2,decoder_by_matrix,73784f3389b885bc1b704dac0b44b83e08b79da81bcec9ed749229213445f550,"{""distance"":3,""physical_error_rate"":1e-05}","{""detection_events"":2742,""detectors_checked"":124803072}"
   1110016,        19,         0,   116.7,decoder_by_matrix,5dee359087c4b9ae2c20477a4d5136d2695095b0438111838e7093c679bd3c20,"{""distance"":3,""physical_error_rate"":0.0005}","{""detection_events"":67188,""detectors_checked"":59940864,""obs_mistake_mask=E___"":3,""obs_mistake_mask=_EEE"":2,""obs_mistake_mask=_EE_"":4,""obs_mistake_mask=_E_E"":3,""obs_mistake_mask=_E__"":2,""obs_mistake_mask=__EE"":2,""obs_mistake_mask=__E_"":1,""obs_mistake_mask=___E"":2}"
   2914304,         0,         0,   115.1,decoder_by_matrix,b3c6da8537ae85d54cd5acd57fc4d5a00e23be04de7c70760ac5fa4b0f5f70dc,"{""distance"":3,""physical_error_rate"":1e-06}","{""detection_events"":315,""detectors_checked"":157372416}"
   1426432,         0,         0,   114.4,decoder_by_matrix,cd5aa4935a142b600239883e928f6c7fc9fbc8c84161e9ed59cf2551b7ebfc3d,"{""distance"":3,""physical_error_rate"":5e-05}","{""detection_events"":8967,""detectors_checked"":77027328}"
   2311168,         0,         0,   112.0,decoder_by_matrix,73784f3389b885bc1b704dac0b44b83e08b79da81bcec9ed749229213445f550,"{""distance"":3,""physical_error_rate"":1e-05}","{""detection_events"":2787,""detectors_checked"":124803072}"
   2302976,         1,         0,   116.3,decoder_by_matrix,73784f3389b885bc1b704dac0b44b83e08b79da81bcec9ed749229213445f550,"{""distance"":3,""physical_error_rate"":1e-05}","{""detection_events"":2841,""detectors_checked"":124360704,""obs_mistake_mask=__E_"":1}"
   1232896,         0,         0,   117.4,decoder_by_matrix,c8397cb2c46e4683a6f3970bc42cef1aabfef4d80cfcd6b8313e87630b680ee2,"{""distance"":3,""physical_error_rate"":0.0001}","{""detection_events"":15417,""detectors_checked"":66576384}"
   1092608,        25,         0,   117.2,decoder_by_matrix,5dee359087c4b9ae2c20477a4d5136d2695095b0438111838e7093c679bd3c20,"{""distance"":3,""physical_error_rate"":0.0005}","{""detection_events"":65046,""detectors_checked"":59000832,""obs_mistake_mask=_EEE"":2,""obs_mistake_mask=_EE_"":3,""obs_mistake_mask=_E_E"":3,""obs_mistake_mask=_E__"":7,""obs_mistake_mask=__EE"":2,""obs_mistake_mask=__E_"":5,""obs_mistake_mask=___E"":3}"
   2947072,         0,         0,   115.3,decoder_by_matrix,b3c6da8537ae85d54cd5acd57fc4d5a00e23be04de7c70760ac5fa4b0f5f70dc,"{""distance"":3,""physical_error_rate"":1e-06}","{""detection_events"":312,""detectors_checked"":159141888}"
   1475584,         0,         0,   117.0,decoder_by_matrix,cd5aa4935a142b600239883e928f6c7fc9fbc8c84161e9ed59cf2551b7ebfc3d,"{""distance"":3,""physical_error_rate"":5e-05}","{""detection_events"":8853,""detectors_checked"":79681536}"
   2586624,         0,         0,   115.5,decoder_by_matrix,1222905ef2c3e0b3841e2be415851bad02a0949e12b9844f6b979980572eaa40,"{""distance"":3,""physical_error_rate"":5e-06}","{""detection_events"":1734,""detectors_checked"":139677696}"
   1245184,         1,         0,   117.8,decoder_by_matrix,c8397cb2c46e4683a6f3970bc42cef1aabfef4d80cfcd6b8313e87630b680ee2,"{""distance"":3,""physical_error_rate"":0.0001}","{""detection_events"":14781,""detectors_checked"":67239936,""obs_mistake_mask=__E_"":1}"
   1111040,        29,         0,   117.4,decoder_by_matrix,5dee359087c4b9ae2c20477a4d5136d2695095b0438111838e7093c679bd3c20,"{""distance"":3,""physical_error_rate"":0.0005}","{""detection_events"":66432,""detectors_checked"":59996160,""obs_mistake_mask=E___"":1,""obs_mistake_mask=_EEE"":11,""obs_mistake_mask=_EE_"":2,""obs_mistake_mask=_E_E"":2,""obs_mistake_mask=_E__"":3,""obs_mistake_mask=__EE"":2,""obs_mistake_mask=__E_"":4,""obs_mistake_mask=___E"":4}"
   2331648,         0,         0,   113.6,decoder_by_matrix,73784f3389b885bc1b704dac0b44b83e08b79da81bcec9ed749229213445f550,"{""distance"":3,""physical_error_rate"":1e-05}","{""detection_events"":2550,""detectors_checked"":125908992}"
   2317312,         0,         0,   116.2,decoder_by_matrix,73784f3389b885bc1b704dac0b44b83e08b79da81bcec9ed749229213445f550,"{""distance"":3,""physical_error_rate"":1e-05}","{""detection_events"":2709,""detectors_checked"":125134848}"
   2920448,         0,         0,   113.4,decoder_by_matrix,b3c6da8537ae85d54cd5acd57fc4d5a00e23be04de7c70760ac5fa4b0f5f70dc,"{""distance"":3,""physical_error_rate"":1e-06}","{""detection_events"":393,""detectors_checked"":157704192}"
   2623488,         0,         0,   115.4,decoder_by_matrix,1222905ef2c3e0b3841e2be415851bad02a0949e12b9844f6b979980572eaa40,"{""distance"":3,""physical_error_rate"":5e-06}","{""detection_events"":1605,""detectors_checked"":141668352}"
   1253376,         1,         0,   117.4,decoder_by_matrix,c8397cb2c46e4683a6f3970bc42cef1aabfef4d80cfcd6b8313e87630b680ee2,"{""distance"":3,""physical_error_rate"":0.0001}","{""detection_events"":14904,""detectors_checked"":67682304,""obs_mistake_mask=___E"":1}"
   2311168,         0,         0,   115.7,decoder_by_matrix,73784f3389b885bc1b704dac0b44b83e08b79da81bcec9ed749229213445f550,"{""distance"":3,""physical_error_rate"":1e-05}","{""detection_events"":2826,""detectors_checked"":124803072}"
   1104896,        27,         0,   117.7,decoder_by_matrix,5dee359087c4b9ae2c20477a4d5136d2695095b0438111838e7093c679bd3c20,"{""distance"":3,""physical_error_rate"":0.0005}","{""detection_events"":65652,""detectors_checked"":59664384,""obs_mistake_mask=E___"":4,""obs_mistake_mask=_EEE"":1,""obs_mistake_mask=_EE_"":3,""obs_mistake_mask=_E_E"":2,""obs_mistake_mask=_E__"":4,""obs_mistake_mask=__EE"":5,""obs_mistake_mask=__E_"":2,""obs_mistake_mask=___E"":6}"
   1456128,         0,         0,   116.8,decoder_by_matrix,cd5aa4935a142b600239883e928f6c7fc9fbc8c84161e9ed59cf2551b7ebfc3d,"{""distance"":3,""physical_error_rate"":5e-05}","{""detection_events"":8604,""detectors_checked"":78630912}"
   1108992,        22,         0,   116.4,decoder_by_matrix,5dee359087c4b9ae2c20477a4d5136d2695095b0438111838e7093c679bd3c20,"{""distance"":3,""physical_error_rate"":0.0005}","{""detection_events"":67272,""detectors_checked"":59885568,""obs_mistake_mask=E___"":1,""obs_mistake_mask=_EEE"":3,""obs_mistake_mask=_EE_"":1,""obs_mistake_mask=_E_E"":4,""obs_mistake_mask=_E__"":1,""obs_mistake_mask=__EE"":3,""obs_mistake_mask=__E_"":6,""obs_mistake_mask=___E"":3}"
   1466368,         1,         0,   117.2,decoder_by_matrix,cd5aa4935a142b600239883e928f6c7fc9fbc8c84161e9ed59cf2551b7ebfc3d,"{""distance"":3,""physical_error_rate"":5e-05}","{""detection_events"":8571,""detectors_checked"":79183872,""obs_mistake_mask=__E_"":1}"
   1242112,         2,         0,   116.7,decoder_by_matrix,c8397cb2c46e4683a6f3970bc42cef1aabfef4d80cfcd6b8313e87630b680ee2,"{""distance"":3,""physical_error_rate"":0.0001}","{""detection_events"":14886,""detectors_checked"":67074048,""obs_mistake_mask=_E_E"":1,""obs_mistake_mask=__E_"":1}"
   2937856,         0,         0,   112.9,decoder_by_matrix,b3c6da8537ae85d54cd5acd57fc4d5a00e23be04de7c70760ac5fa4b0f5f70dc,"{""distance"":3,""physical_error_rate"":1e-06}","{""detection_events"":387,""detectors_checked"":158644224}"
   1234944,         1,         0,   117.4,decoder_by_matrix,c8397cb2c46e4683a6f3970bc42cef1aabfef4d80cfcd6b8313e87630b680ee2,"{""distance"":3,""physical_error_rate"":0.0001}","{""detection_events"":14670,""detectors_checked"":66686976,""obs_mistake_mask=__E_"":1}"
   2658304,         0,         0,   114.6,decoder_by_matrix,1222905ef2c3e0b3841e2be415851bad02a0949e12b9844f6b979980572eaa40,"{""distance"":3,""physical_error_rate"":5e-06}","{""detection_events"":1428,""detectors_checked"":143548416}"
   1498112,         1,         0,   117.0,decoder_by_matrix,cd5aa4935a142b600239883e928f6c7fc9fbc8c84161e9ed59cf2551b7ebfc3d,"{""distance"":3,""physical_error_rate"":5e-05}","{""detection_events"":8865,""detectors_checked"":80898048,""obs_mistake_mask=__E_"":1}"
   1099776,        24,         0,   117.4,decoder_by_matrix,5dee359087c4b9ae2c20477a4d5136d2695095b0438111838e7093c679bd3c20,"{""distance"":3,""physical_error_rate"":0.0005}","{""detection_events"":66849,""detectors_checked"":59387904,""obs_mistake_mask=E___"":1,""obs_mistake_mask=_EEE"":4,""obs_mistake_mask=_EE_"":3,""obs_mistake_mask=_E_E"":1,""obs_mistake_mask=_E__"":3,""obs_mistake_mask=__EE"":5,""obs_mistake_mask=__E_"":3,""obs_mistake_mask=___E"":4}"
   2316288,         0,         0,   116.1,decoder_by_matrix,73784f3389b885bc1b704dac0b44b83e08b79da81bcec9ed749229213445f550,"{""distance"":3,""physical_error_rate"":1e-05}","{""detection_events"":2805,""detectors_checked"":125079552}"
   2624512,         0,         0,   116.7,decoder_by_matrix,1222905ef2c3e0b3841e2be415851bad02a0949e12b9844f6b979980572eaa40,"{""distance"":3,""physical_error_rate"":5e-06}","{""detection_events"":1539,""detectors_checked"":141723648}"
   1259520,         1,         0,   118.4,decoder_by_matrix,c8397cb2c46e4683a6f3970bc42cef1aabfef4d80cfcd6b8313e87630b680ee2,"{""distance"":3,""physical_error_rate"":0.0001}","{""detection_events"":14598,""detectors_checked"":68014080,""obs_mistake_mask=__EE"":1}"
   2629632,         0,         0,   115.8,decoder_by_matrix,1222905ef2c3e0b3841e2be415851bad02a0949e12b9844f6b979980572eaa40,"{""distance"":3,""physical_error_rate"":5e-06}","{""detection_events"":1443,""detectors_checked"":142000128}"
   1119232,        21,         0,   117.0,decoder_by_matrix,5dee359087c4b9ae2c20477a4d5136d2695095b0438111838e7093c679bd3c20,"{""distance"":3,""physical_error_rate"":0.0005}","{""detection_events"":68259,""detectors_checked"":60438528,""obs_mistake_mask=E___"":4,""obs_mistake_mask=_EE_"":1,""obs_mistake_mask=_E_E"":2,""obs_mistake_mask=_E__"":5,""obs_mistake_mask=__EE"":4,""obs_mistake_mask=__E_"":3,""obs_mistake_mask=___E"":2}"
   2949120,         0,         0,   113.3,decoder_by_matrix,b3c6da8537ae85d54cd5acd57fc4d5a00e23be04de7c70760ac5fa4b0f5f70dc,"{""distance"":3,""physical_error_rate"":1e-06}","{""detection_events"":342,""detectors_checked"":159252480}"
   2618368,         0,         0,   115.8,decoder_by_matrix,1222905ef2c3e0b3841e2be415851bad02a0949e12b9844f6b979980572eaa40,"{""distance"":3,""physical_error_rate"":5e-06}","{""detection_events"":1503,""detectors_checked"":141391872}"
   2337792,         0,         0,   115.8,decoder_by_matrix,73784f3389b885bc1b704dac0b44b83e08b79da81bcec9ed749229213445f550,"{""distance"":3,""physical_error_rate"":1e-05}","{""detection_events"":2814,""detectors_checked"":126240768}"
   2344960,         0,         0,   116.5,decoder_by_matrix,73784f3389b885bc1b704dac0b44b83e08b79da81bcec9ed749229213445f550,"{""distance"":3,""physical_error_rate"":1e-05}","{""detection_events"":2688,""detectors_checked"":126627840}"
   1245184,         0,         0,   117.0,decoder_by_matrix,c8397cb2c46e4683a6f3970bc42cef1aabfef4d80cfcd6b8313e87630b680ee2,"{""distance"":3,""physical_error_rate"":0.0001}","{""detection_events"":14877,""detectors_checked"":67239936}"
   1459200,         0,         0,   117.3,decoder_by_matrix,cd5aa4935a142b600239883e928f6c7fc9fbc8c84161e9ed59cf2551b7ebfc3d,"{""distance"":3,""physical_error_rate"":5e-05}","{""detection_events"":9144,""detectors_checked"":78796800}"
   1483776,         0,         0,   116.6,decoder_by_matrix,cd5aa4935a142b600239883e928f6c7fc9fbc8c84161e9ed59cf2551b7ebfc3d,"{""distance"":3,""physical_error_rate"":5e-05}","{""detection_events"":9003,""detectors_checked"":80123904}"
   2938880,         0,         0,   112.3,decoder_by_matrix,b3c6da8537ae85d54cd5acd57fc4d5a00e23be04de7c70760ac5fa4b0f5f70dc,"{""distance"":3,""physical_error_rate"":1e-06}","{""detection_events"":345,""detectors_checked"":158699520}"
   2354176,         0,         0,   115.3,decoder_by_matrix,73784f3389b885bc1b704dac0b44b83e08b79da81bcec9ed749229213445f550,"{""distance"":3,""physical_error_rate"":1e-05}","{""detection_events"":2712,""detectors_checked"":127125504}"
   1486848,         0,         0,   117.9,decoder_by_matrix,cd5aa4935a142b600239883e928f6c7fc9fbc8c84161e9ed59cf2551b7ebfc3d,"{""distance"":3,""physical_error_rate"":5e-05}","{""detection_events"":9099,""detectors_checked"":80289792}"
   1119232,        20,         0,   117.3,decoder_by_matrix,5dee359087c4b9ae2c20477a4d5136d2695095b0438111838e7093c679bd3c20,"{""distance"":3,""physical_error_rate"":0.0005}","{""detection_events"":66939,""detectors_checked"":60438528,""obs_mistake_mask=E___"":3,""obs_mistake_mask=_EEE"":1,""obs_mistake_mask=_EE_"":2,""obs_mistake_mask=_E_E"":2,""obs_mistake_mask=_E__"":5,""obs_mistake_mask=__EE"":1,""obs_mistake_mask=__E_"":3,""obs_mistake_mask=___E"":3}"
   1115136,        26,         0,   117.7,decoder_by_matrix,5dee359087c4b9ae2c20477a4d5136d2695095b0438111838e7093c679bd3c20,"{""distance"":3,""physical_error_rate"":0.0005}","{""detection_events"":65826,""detectors_checked"":60217344,""obs_mistake_mask=E___"":1,""obs_mistake_mask=_EEE"":5,""obs_mistake_mask=_EE_"":4,""obs_mistake_mask=_E_E"":2,""obs_mistake_mask=_E__"":3,""obs_mistake_mask=__EE"":5,""obs_mistake_mask=__E_"":2,""obs_mistake_mask=___E"":4}"
   2920448,         0,         0,   113.6,decoder_by_matrix,b3c6da8537ae85d54cd5acd57fc4d5a00e23be04de7c70760ac5fa4b0f5f70dc,"{""distance"":3,""physical_error_rate"":1e-06}","{""detection_events"":336,""detectors_checked"":157704192}"
   2954240,         0,         0,   114.8,decoder_by_matrix,b3c6da8537ae85d54cd5acd57fc4d5a00e23be04de7c70760ac5fa4b0f5f70dc,"{""distance"":3,""physical_error_rate"":1e-06}","{""detection_events"":384,""detectors_checked"":159528960}"
   2336768,         0,         0,   115.0,decoder_by_matrix,73784f3389b885bc1b704dac0b44b83e08b79da81bcec9ed749229213445f550,"{""distance"":3,""physical_error_rate"":1e-05}","{""detection_events"":2811,""detectors_checked"":126185472}"
   2586624,         0,         0,   115.5,decoder_by_matrix,1222905ef2c3e0b3841e2be415851bad02a0949e12b9844f6b979980572eaa40,"{""distance"":3,""physical_error_rate"":5e-06}","{""detection_events"":1740,""detectors_checked"":139677696}"
   1112064,        21,         0,   117.0,decoder_by_matrix,5dee359087c4b9ae2c20477a4d5136d2695095b0438111838e7093c679bd3c20,"{""distance"":3,""physical_error_rate"":0.0005}","{""detection_events"":67050,""detectors_checked"":60051456,""obs_mistake_mask=_EE_"":3,""obs_mistake_mask=_E_E"":2,""obs_mistake_mask=_E__"":5,""obs_mistake_mask=__EE"":3,""obs_mistake_mask=__E_"":1,""obs_mistake_mask=___E"":7}"
   1480704,         0,         0,   118.2,decoder_by_matrix,cd5aa4935a142b600239883e928f6c7fc9fbc8c84161e9ed59cf2551b7ebfc3d,"{""distance"":3,""physical_error_rate"":5e-05}","{""detection_events"":8997,""detectors_checked"":79958016}"
   2944000,         0,         0,   116.2,decoder_by_matrix,b3c6da8537ae85d54cd5acd57fc4d5a00e23be04de7c70760ac5fa4b0f5f70dc,"{""distance"":3,""physical_error_rate"":1e-06}","{""detection_events"":381,""detectors_checked"":158976000}"
   1116160,        27,         0,   117.8,decoder_by_matrix,5dee359087c4b9ae2c20477a4d5136d2695095b0438111838e7093c679bd3c20,"{""distance"":3,""physical_error_rate"":0.0005}","{""detection_events"":67482,""detectors_checked"":60272640,""obs_mistake_mask=E___"":5,""obs_mistake_mask=_EEE"":3,""obs_mistake_mask=_EE_"":2,""obs_mistake_mask=_E_E"":2,""obs_mistake_mask=_E__"":3,""obs_mistake_mask=__EE"":4,""obs_mistake_mask=__E_"":5,""obs_mistake_mask=___E"":3}"
   1253376,         1,         0,   117.3,decoder_by_matrix,c8397cb2c46e4683a6f3970bc42cef1aabfef4d80cfcd6b8313e87630b680ee2,"{""distance"":3,""physical_error_rate"":0.0001}","{""detection_events"":14403,""detectors_checked"":67682304,""obs_mistake_mask=_EEE"":1}"
   1245184,         3,         0,   118.3,decoder_by_matrix,c8397cb2c46e4683a6f3970bc42cef1aabfef4d80cfcd6b8313e87630b680ee2,"{""distance"":3,""physical_error_rate"":0.0001}","{""detection_events"":14679,""detectors_checked"":67239936,""obs_mistake_mask=_EE_"":2,""obs_mistake_mask=___E"":1}"
   1447936,         1,         0,   117.1,decoder_by_matrix,cd5aa4935a142b600239883e928f6c7fc9fbc8c84161e9ed59cf2551b7ebfc3d,"{""distance"":3,""physical_error_rate"":5e-05}","{""detection_events"":9171,""detectors_checked"":78188544,""obs_mistake_mask=___E"":1}"
   1263616,         1,         0,   117.0,decoder_by_matrix,c8397cb2c46e4683a6f3970bc42cef1aabfef4d80cfcd6b8313e87630b680ee2,"{""distance"":3,""physical_error_rate"":0.0001}","{""detection_events"":14904,""detectors_checked"":68235264,""obs_mistake_mask=_EE_"":1}"
   2599936,         0,         0,   113.9,decoder_by_matrix,1222905ef2c3e0b3841e2be415851bad02a0949e12b9844f6b979980572eaa40,"{""distance"":3,""physical_error_rate"":5e-06}","{""detection_events"":1731,""detectors_checked"":140396544}"
   2622464,         0,         0,   113.8,decoder_by_matrix,1222905ef2c3e0b3841e2be415851bad02a0949e12b9844f6b979980572eaa40,"{""distance"":3,""physical_error_rate"":5e-06}","{""detection_events"":1527,""detectors_checked"":141613056}"
   2614272,         0,         0,   113.7,decoder_by_matrix,1222905ef2c3e0b3841e2be415851bad02a0949e12b9844f6b979980572eaa40,"{""distance"":3,""physical_error_rate"":5e-06}","{""detection_events"":1548,""detectors_checked"":141170688}"
   2962432,         0,         0,   113.3,decoder_by_matrix,b3c6da8537ae85d54cd5acd57fc4d5a00e23be04de7c70760ac5fa4b0f5f70dc,"{""distance"":3,""physical_error_rate"":1e-06}","{""detection_events"":300,""detectors_checked"":159971328}"
   1479680,         1,         0,   116.2,decoder_by_matrix,cd5aa4935a142b600239883e928f6c7fc9fbc8c84161e9ed59cf2551b7ebfc3d,"{""distance"":3,""physical_error_rate"":5e-05}","{""detection_events"":9069,""detectors_checked"":79902720,""obs_mistake_mask=_EE_"":1}"
   1233920,         0,         0,   117.6,decoder_by_matrix,c8397cb2c46e4683a6f3970bc42cef1aabfef4d80cfcd6b8313e87630b680ee2,"{""distance"":3,""physical_error_rate"":0.0001}","{""detection_events"":14994,""detectors_checked"":66631680}"
   2315264,         0,         0,   115.4,decoder_by_matrix,73784f3389b885bc1b704dac0b44b83e08b79da81bcec9ed749229213445f550,"{""distance"":3,""physical_error_rate"":1e-05}","{""detection_events"":2778,""detectors_checked"":125024256}"
   1116160,        29,         0,   116.5,decoder_by_matrix,5dee359087c4b9ae2c20477a4d5136d2695095b0438111838e7093c679bd3c20,"{""distance"":3,""physical_error_rate"":0.0005}","{""detection_events"":68037,""detectors_checked"":60272640,""obs_mistake_mask=E___"":2,""obs_mistake_mask=_EEE"":4,""obs_mistake_mask=_EE_"":4,""obs_mistake_mask=_E_E"":4,""obs_mistake_mask=_E__"":1,""obs_mistake_mask=__EE"":2,""obs_mistake_mask=__E_"":5,""obs_mistake_mask=___E"":7}"
   2918400,         0,         0,   115.5,decoder_by_matrix,b3c6da8537ae85d54cd5acd57fc4d5a00e23be04de7c70760ac5fa4b0f5f70dc,"{""distance"":3,""physical_error_rate"":1e-06}","{""detection_events"":360,""detectors_checked"":157593600}"
   1466368,         0,         0,   118.2,decoder_by_matrix,cd5aa4935a142b600239883e928f6c7fc9fbc8c84161e9ed59cf2551b7ebfc3d,"{""distance"":3,""physical_error_rate"":5e-05}","{""detection_events"":8700,""detectors_checked"":79183872}"
   2301952,         0,         0,   116.9,decoder_by_matrix,73784f3389b885bc1b704dac0b44b83e08b79da81bcec9ed749229213445f550,"{""distance"":3,""physical_error_rate"":1e-05}","{""detection_events"":3087,""detectors_checked"":124305408}"
   2305024,         0,         0,   115.8,decoder_by_matrix,73784f3389b885bc1b704dac0b44b83e08b79da81bcec9ed749229213445f550,"{""distance"":3,""physical_error_rate"":1e-05}","{""detection_events"":2934,""detectors_checked"":124471296}"
   1097728,        15,         0,   119.2,decoder_by_matrix,5dee359087c4b9ae2c20477a4d5136d2695095b0438111838e7093c679bd3c20,"{""distance"":3,""physical_error_rate"":0.0005}","{""detection_events"":64650,""detectors_checked"":59277312,""obs_mistake_mask=E___"":1,""obs_mistake_mask=_EE_"":2,""obs_mistake_mask=_E_E"":1,""obs_mistake_mask=_E__"":2,""obs_mistake_mask=__EE"":3,""obs_mistake_mask=__E_"":3,""obs_mistake_mask=___E"":3}"
   1240064,         1,         0,   118.5,decoder_by_matrix,c8397cb2c46e4683a6f3970bc42cef1aabfef4d80cfcd6b8313e87630b680ee2,"{""distance"":3,""physical_error_rate"":0.0001}","{""detection_events"":15660,""detectors_checked"":66963456,""obs_mistake_mask=___E"":1}"
   2961408,         0,         0,   113.5,decoder_by_matrix,b3c6da8537ae85d54cd5acd57fc4d5a00e23be04de7c70760ac5fa4b0f5f70dc,"{""distance"":3,""physical_error_rate"":1e-06}","{""detection_events"":330,""detectors_checked"":159916032}"
   1483776,         0,         0,   118.1,decoder_by_matrix,cd5aa4935a142b600239883e928f6c7fc9fbc8c84161e9ed59cf2551b7ebfc3d,"{""distance"":3,""physical_error_rate"":5e-05}","{""detection_events"":8952,""detectors_checked"":80123904}"
   2636800,         0,         0,   114.5,decoder_by_matrix,1222905ef2c3e0b3841e2be415851bad02a0949e12b9844f6b979980572eaa40,"{""distance"":3,""physical_error_rate"":5e-06}","{""detection_events"":1515,""detectors_checked"":142387200}"
   1235968,         1,         0,   116.1,decoder_by_matrix,c8397cb2c46e4683a6f3970bc42cef1aabfef4d80cfcd6b8313e87630b680ee2,"{""distance"":3,""physical_error_rate"":0.0001}","{""detection_events"":14655,""detectors_checked"":66742272,""obs_mistake_mask=___E"":1}"
   1118208,        15,         0,   117.1,decoder_by_matrix,5dee359087c4b9ae2c20477a4d5136d2695095b0438111838e7093c679bd3c20,"{""distance"":3,""physical_error_rate"":0.0005}","{""detection_events"":65649,""detectors_checked"":60383232,""obs_mistake_mask=E___"":1,""obs_mistake_mask=_EEE"":1,""obs_mistake_mask=_EE_"":2,""obs_mistake_mask=_E_E"":2,""obs_mistake_mask=_E__"":4,""obs_mistake_mask=__EE"":1,""obs_mistake_mask=___E"":4}"
   2311168,         0,         0,   115.0,decoder_by_matrix,73784f3389b885bc1b704dac0b44b83e08b79da81bcec9ed749229213445f550,"{""distance"":3,""physical_error_rate"":1e-05}","{""detection_events"":2832,""detectors_checked"":124803072}"
   2387968,         0,         0,   115.6,decoder_by_matrix,73784f3389b885bc1b704dac0b44b83e08b79da81bcec9ed749229213445f550,"{""distance"":3,""physical_error_rate"":1e-05}","{""detection_events"":2679,""detectors_checked"":128950272}"
   2957312,         0,         0,   115.8,decoder_by_matrix,b3c6da8537ae85d54cd5acd57fc4d5a00e23be04de7c70760ac5fa4b0f5f70dc,"{""distance"":3,""physical_error_rate"":1e-06}","{""detection_events"":414,""detectors_checked"":159694848}"
   1248256,         0,         0,   117.2,decoder_by_matrix,c8397cb2c46e4683a6f3970bc42cef1aabfef4d80cfcd6b8313e87630b680ee2,"{""distance"":3,""physical_error_rate"":0.0001}","{""detection_events"":14913,""detectors_checked"":67405824}"
   2654208,         0,         0,   115.4,decoder_by_matrix,1222905ef2c3e0b3841e2be415851bad02a0949e12b9844f6b979980572eaa40,"{""distance"":3,""physical_error_rate"":5e-06}","{""detection_events"":1560,""detectors_checked"":143327232}"
   2367488,         0,         0,   114.9,decoder_by_matrix,73784f3389b885bc1b704dac0b44b83e08b79da81bcec9ed749229213445f550,"{""distance"":3,""physical_error_rate"":1e-05}","{""detection_events"":2814,""detectors_checked"":127844352}"
   1123328,        25,         0,   118.0,decoder_by_matrix,5dee359087c4b9ae2c20477a4d5136d2695095b0438111838e7093c679bd3c20,"{""distance"":3,""physical_error_rate"":0.0005}","{""detection_events"":68340,""detectors_checked"":60659712,""obs_mistake_mask=E___"":1,""obs_mistake_mask=_EEE"":2,""obs_mistake_mask=_EE_"":5,""obs_mistake_mask=_E_E"":5,""obs_mistake_mask=_E__"":4,""obs_mistake_mask=__EE"":1,""obs_mistake_mask=__E_"":5,""obs_mistake_mask=___E"":2}"
   1500160,         0,         0,   118.0,decoder_by_matrix,cd5aa4935a142b600239883e928f6c7fc9fbc8c84161e9ed59cf2551b7ebfc3d,"{""distance"":3,""physical_error_rate"":5e-05}","{""detection_events"":9096,""detectors_checked"":81008640}"
   1128448,        17,         0,   118.4,decoder_by_matrix,5dee359087c4b9ae2c20477a4d5136d2695095b0438111838e7093c679bd3c20,"{""distance"":3,""physical_error_rate"":0.0005}","{""detection_events"":67269,""detectors_checked"":60936192,""obs_mistake_mask=E___"":2,""obs_mistake_mask=_EEE"":1,""obs_mistake_mask=_EE_"":1,""obs_mistake_mask=_E_E"":2,""obs_mistake_mask=_E__"":3,""obs_mistake_mask=__EE"":4,""obs_mistake_mask=__E_"":3,""obs_mistake_mask=___E"":1}"
   1488896,         0,         0,   117.7,decoder_by_matrix,cd5aa4935a142b600239883e928f6c7fc9fbc8c84161e9ed59cf2551b7ebfc3d,"{""distance"":3,""physical_error_rate"":5e-05}","{""detection_events"":9117,""detectors_checked"":80400384}"
   1247232,         3,         0,   115.6,decoder_by_matrix,c8397cb2c46e4683a6f3970bc42cef1aabfef4d80cfcd6b8313e87630b680ee2,"{""distance"":3,""physical_error_rate"":0.0001}","{""detection_events"":14793,""detectors_checked"":67350528,""obs_mistake_mask=_E__"":1,""obs_mistake_mask=__EE"":1,""obs_mistake_mask=__E_"":1}"
   2996224,         0,         0,   114.5,decoder_by_matrix,b3c6da8537ae85d54cd5acd57fc4d5a00e23be04de7c70760ac5fa4b0f5f70dc,"{""distance"":3,""physical_error_rate"":1e-06}","{""detection_events"":330,""detectors_checked"":161796096}"
   1255424,         1,         0,   119.2,decoder_by_matrix,c8397cb2c46e4683a6f3970bc42cef1aabfef4d80cfcd6b8313e87630b680ee2,"{""distance"":3,""physical_error_rate"":0.0001}","{""detection_events"":15096,""detectors_checked"":67792896,""obs_mistake_mask=E___"":1}"
   1488896,         0,         0,   116.4,decoder_by_matrix,cd5aa4935a142b600239883e928f6c7fc9fbc8c84161e9ed59cf2551b7ebfc3d,"{""distance"":3,""physical_error_rate"":5e-05}","{""detection_events"":9120,""detectors_checked"":80400384}"
   2739200,         0,         0,   115.0,decoder_by_matrix,1222905ef2c3e0b3841e2be415851bad02a0949e12b9844f6b979980572eaa40,"{""distance"":3,""physical_error_rate"":5e-06}","{""detection_events"":1440,""detectors_checked"":147916800}"
   1122304,        22,         0,   117.3,decoder_by_matrix,5dee359087c4b9ae2c20477a4d5136d2695095b0438111838e7093c679bd3c20,"{""distance"":3,""physical_error_rate"":0.0005}","{""detection_events"":67902,""detectors_checked"":60604416,""obs_mistake_mask=E___"":2,""obs_mistake_mask=_EEE"":3,""obs_mistake_mask=_E_E"":4,""obs_mistake_mask=_E__"":2,""obs_mistake_mask=__EE"":2,""obs_mistake_mask=__E_"":5,""obs_mistake_mask=___E"":4}"
   2382848,         0,         0,   115.9,decoder_by_matrix,73784f3389b885bc1b704dac0b44b83e08b79da81bcec9ed749229213445f550,"{""distance"":3,""physical_error_rate"":1e-05}","{""detection_events"":2952,""detectors_checked"":128673792}"
   2661376,         0,         0,   112.7,decoder_by_matrix,1222905ef2c3e0b3841e2be415851bad02a0949e12b9844f6b979980572eaa40,"{""distance"":3,""physical_error_rate"":5e-06}","{""detection_events"":1653,""detectors_checked"":143714304}"
   2673664,         0,         0,   115.2,decoder_by_matrix,1222905ef2c3e0b3841e2be415851bad02a0949e12b9844f6b979980572eaa40,"{""distance"":3,""physical_error_rate"":5e-06}","{""detection_events"":1614,""detectors_checked"":144377856}"
   1140736,        17,         0,   117.7,decoder_by_matrix,5dee359087c4b9ae2c20477a4d5136d2695095b0438111838e7093c679bd3c20,"{""distance"":3,""physical_error_rate"":0.0005}","{""detection_events"":68304,""detectors_checked"":61599744,""obs_mistake_mask=E___"":1,""obs_mistake_mask=_EEE"":2,""obs_mistake_mask=_E_E"":3,""obs_mistake_mask=_E__"":2,""obs_mistake_mask=__E_"":4,""obs_mistake_mask=___E"":5}"
   1288192,         1,         0,   116.9,decoder_by_matrix,c8397cb2c46e4683a6f3970bc42cef1aabfef4d80cfcd6b8313e87630b680ee2,"{""distance"":3,""physical_error_rate"":0.0001}","{""detection_events"":15126,""detectors_checked"":69562368,""obs_mistake_mask=_E__"":1}"
   3013632,         0,         0,   116.0,decoder_by_matrix,b3c6da8537ae85d54cd5acd57fc4d5a00e23be04de7c70760ac5fa4b0f5f70dc,"{""distance"":3,""physical_error_rate"":1e-06}","{""detection_events"":312,""detectors_checked"":162736128}"
   2343936,         0,         0,   115.1,decoder_by_matrix,73784f3389b885bc1b704dac0b44b83e08b79da81bcec9ed749229213445f550,"{""distance"":3,""physical_error_rate"":1e-05}","{""detection_events"":3024,""detectors_checked"":126572544}"
   2671616,         0,         0,   114.1,decoder_by_matrix,1222905ef2c3e0b3841e2be415851bad02a0949e12b9844f6b979980572eaa40,"{""distance"":3,""physical_error_rate"":5e-06}","{""detection_events"":1455,""detectors_checked"":144267264}"
   2359296,         0,         0,   115.8,decoder_by_matrix,73784f3389b885bc1b704dac0b44b83e08b79da81bcec9ed749229213445f550,"{""distance"":3,""physical_error_rate"":1e-05}","{""detection_events"":3087,""detectors_checked"":127401984}"
   1277952,         1,         0,   117.7,decoder_by_matrix,c8397cb2c46e4683a6f3970bc42cef1aabfef4d80cfcd6b8313e87630b680ee2,"{""distance"":3,""physical_error_rate"":0.0001}","{""detection_events"":14847,""detectors_checked"":69009408,""obs_mistake_mask=_E_E"":1}"
   1502208,         0,         0,   116.9,decoder_by_matrix,cd5aa4935a142b600239883e928f6c7fc9fbc8c84161e9ed59cf2551b7ebfc3d,"{""distance"":3,""physical_error_rate"":5e-05}","{""detection_events"":8997,""detectors_checked"":81119232}"
   1514496,         0,         0,   115.9,decoder_by_matrix,cd5aa4935a142b600239883e928f6c7fc9fbc8c84161e9ed59cf2551b7ebfc3d,"{""distance"":3,""physical_error_rate"":5e-05}","{""detection_events"":9267,""detectors_checked"":81782784}"
   3012608,         0,         0,   114.9,decoder_by_matrix,b3c6da8537ae85d54cd5acd57fc4d5a00e23be04de7c70760ac5fa4b0f5f70dc,"{""distance"":3,""physical_error_rate"":1e-06}","{""detection_events"":315,""detectors_checked"":162680832}"
   1504256,         0,         0,   117.3,decoder_by_matrix,cd5aa4935a142b600239883e928f6c7fc9fbc8c84161e9ed59cf2551b7ebfc3d,"{""distance"":3,""physical_error_rate"":5e-05}","{""detection_events"":9111,""detectors_checked"":81229824}"
   2422784,         0,         0,   114.0,decoder_by_matrix,73784f3389b885bc1b704dac0b44b83e08b79da81bcec9ed749229213445f550,"{""distance"":3,""physical_error_rate"":1e-05}","{""detection_events"":2718,""detectors_checked"":130830336}"
   1132544,        26,         0,   117.6,decoder_by_matrix,5dee359087c4b9ae2c20477a4d5136d2695095b0438111838e7093c679bd3c20,"{""distance"":3,""physical_error_rate"":0.0005}","{""detection_events"":67830,""detectors_checked"":61157376,""obs_mistake_mask=E___"":3,""obs_mistake_mask=_EEE"":1,""obs_mistake_mask=_EE_"":3,""obs_mistake_mask=_E_E"":3,""obs_mistake_mask=_E__"":4,""obs_mistake_mask=__EE"":3,""obs_mistake_mask=__E_"":5,""obs_mistake_mask=___E"":4}"
   2990080,         0,         0,   114.0,decoder_by_matrix,b3c6da8537ae85d54cd5acd57fc4d5a00e23be04de7c70760ac5fa4b0f5f70dc,"{""distance"":3,""physical_error_rate"":1e-06}","{""detection_events"":408,""detectors_checked"":161464320}"
   3007488,         0,         0,   116.1,decoder_by_matrix,b3c6da8537ae85d54cd5acd57fc4d5a00e23be04de7c70760ac5fa4b0f5f70dc,"{""distance"":3,""physical_error_rate"":1e-06}","{""detection_events"":432,""detectors_checked"":162404352}"
   1136640,        19,         0,   117.2,decoder_by_matrix,5dee359087c4b9ae2c20477a4d5136d2695095b0438111838e7093c679bd3c20,"{""distance"":3,""physical_error_rate"":0.0005}","{""detection_events"":67371,""detectors_checked"":61378560,""obs_mistake_mask=E___"":2,""obs_mistake_mask=_EEE"":2,""obs_mistake_mask=_EE_"":3,""obs_mistake_mask=_E_E"":1,""obs_mistake_mask=_E__"":2,""obs_mistake_mask=__EE"":4,""obs_mistake_mask=__E_"":4,""obs_mistake_mask=___E"":1}"
   2383872,         0,         0,   116.1,decoder_by_matrix,73784f3389b885bc1b704dac0b44b83e08b79da81bcec9ed749229213445f550,"{""distance"":3,""physical_error_rate"":1e-05}","{""detection_events"":2757,""detectors_checked"":128729088}"
   1133568,        20,         0,   116.2,decoder_by_matrix,5dee359087c4b9ae2c20477a4d5136d2695095b0438111838e7093c679bd3c20,"{""distance"":3,""physical_error_rate"":0.0005}","{""detection_events"":67014,""detectors_checked"":61212672,""obs_mistake_mask=E___"":3,""obs_mistake_mask=_EEE"":4,""obs_mistake_mask=_EE_"":1,""obs_mistake_mask=_E_E"":3,""obs_mistake_mask=_E__"":1,""obs_mistake_mask=__EE"":1,""obs_mistake_mask=__E_"":5,""obs_mistake_mask=___E"":2}"
   2702336,         0,         0,   115.5,decoder_by_matrix,1222905ef2c3e0b3841e2be415851bad02a0949e12b9844f6b979980572eaa40,"{""distance"":3,""physical_error_rate"":5e-06}","{""detection_events"":1533,""detectors_checked"":145926144}"
   3019776,         0,         0,   113.5,decoder_by_matrix,b3c6da8537ae85d54cd5acd57fc4d5a00e23be04de7c70760ac5fa4b0f5f70dc,"{""distance"":3,""physical_error_rate"":1e-06}","{""detection_events"":345,""detectors_checked"":163067904}"
   1515520,         0,         0,   117.7,decoder_by_matrix,cd5aa4935a142b600239883e928f6c7fc9fbc8c84161e9ed59cf2551b7ebfc3d,"{""distance"":3,""physical_error_rate"":5e-05}","{""detection_events"":9381,""detectors_checked"":81838080}"
   1135616,        26,         0,   117.1,decoder_by_matrix,5dee359087c4b9ae2c20477a4d5136d2695095b0438111838e7093c679bd3c20,"{""distance"":3,""physical_error_rate"":0.0005}","{""detection_events"":69501,""detectors_checked"":61323264,""obs_mistake_mask=E___"":4,""obs_mistake_mask=_EEE"":3,""obs_mistake_mask=_EE_"":2,""obs_mistake_mask=_E_E"":2,""obs_mistake_mask=_E__"":3,""obs_mistake_mask=__EE"":5,""obs_mistake_mask=__E_"":3,""obs_mistake_mask=___E"":4}"
   1258496,         3,         0,   117.6,decoder_by_matrix,c8397cb2c46e4683a6f3970bc42cef1aabfef4d80cfcd6b8313e87630b680ee2,"{""distance"":3,""physical_error_rate"":0.0001}","{""detection_events"":15150,""detectors_checked"":67958784,""obs_mistake_mask=__E_"":2,""obs_mistake_mask=___E"":1}"
   1277952,         2,         0,   117.6,decoder_by_matrix,c8397cb2c46e4683a6f3970bc42cef1aabfef4d80cfcd6b8313e87630b680ee2,"{""distance"":3,""physical_error_rate"":0.0001}","{""detection_events"":15207,""detectors_checked"":69009408,""obs_mistake_mask=___E"":2}"
   1522688,         0,         0,   116.0,decoder_by_matrix,cd5aa4935a142b600239883e928f6c7fc9fbc8c84161e9ed59cf2551b7ebfc3d,"{""distance"":3,""physical_error_rate"":5e-05}","{""detection_events"":8886,""detectors_checked"":82225152}"
   1272832,         1,         0,   117.0,decoder_by_matrix,c8397cb2c46e4683a6f3970bc42cef1aabfef4d80cfcd6b8313e87630b680ee2,"{""distance"":3,""physical_error_rate"":0.0001}","{""detection_events"":14967,""detectors_checked"":68732928,""obs_mistake_mask=__E_"":1}"
   2661376,         0,         0,   115.0,decoder_by_matrix,1222905ef2c3e0b3841e2be415851bad02a0949e12b9844f6b979980572eaa40,"{""distance"":3,""physical_error_rate"":5e-06}","{""detection_events"":1653,""detectors_checked"":143714304}"
   2658304,         0,         0,   116.8,decoder_by_matrix,1222905ef2c3e0b3841e2be415851bad02a0949e12b9844f6b979980572eaa40,"{""distance"":3,""physical_error_rate"":5e-06}","{""detection_events"":1791,""detectors_checked"":143548416}"
   2677760,         0,         0,   113.2,decoder_by_matrix,1222905ef2c3e0b3841e2be415851bad02a0949e12b9844f6b979980572eaa40,"{""distance"":3,""physical_error_rate"":5e-06}","{""detection_events"":1665,""detectors_checked"":144599040}"
   1474560,         1,         0,   117.5,decoder_by_matrix,cd5aa4935a142b600239883e928f6c7fc9fbc8c84161e9ed59cf2551b7ebfc3d,"{""distance"":3,""physical_error_rate"":5e-05}","{""detection_events"":9141,""detectors_checked"":79626240,""obs_mistake_mask=_E__"":1}"
   3010560,         0,         0,   114.6,decoder_by_matrix,b3c6da8537ae85d54cd5acd57fc4d5a00e23be04de7c70760ac5fa4b0f5f70dc,"{""distance"":3,""physical_error_rate"":1e-06}","{""detection_events"":363,""detectors_checked"":162570240}"
   1273856,         0,         0,   118.4,decoder_by_matrix,c8397cb2c46e4683a6f3970bc42cef1aabfef4d80cfcd6b8313e87630b680ee2,"{""distance"":3,""physical_error_rate"":0.0001}","{""detection_events"":15531,""detectors_checked"":68788224}"
   2373632,         1,         0,   116.2,decoder_by_matrix,73784f3389b885bc1b704dac0b44b83e08b79da81bcec9ed749229213445f550,"{""distance"":3,""physical_error_rate"":1e-05}","{""detection_events"":2814,""detectors_checked"":128176128,""obs_mistake_mask=__E_"":1}"
   1139712,        21,         0,   118.3,decoder_by_matrix,5dee359087c4b9ae2c20477a4d5136d2695095b0438111838e7093c679bd3c20,"{""distance"":3,""physical_error_rate"":0.0005}","{""detection_events"":67062,""detectors_checked"":61544448,""obs_mistake_mask=_EEE"":4,""obs_mistake_mask=_EE_"":3,""obs_mistake_mask=_E_E"":5,""obs_mistake_mask=_E__"":3,""obs_mistake_mask=__EE"":1,""obs_mistake_mask=__E_"":3,""obs_mistake_mask=___E"":2}"
   2985984,         0,         0,   114.9,decoder_by_matrix,b3c6da8537ae85d54cd5acd57fc4d5a00e23be04de7c70760ac5fa4b0f5f70dc,"{""distance"":3,""physical_error_rate"":1e-06}","{""detection_events"":375,""detectors_checked"":161243136}"
   1492992,         0,         0,   117.4,decoder_by_matrix,cd5aa4935a142b600239883e928f6c7fc9fbc8c84161e9ed59cf2551b7ebfc3d,"{""distance"":3,""physical_error_rate"":5e-05}","{""detection_events"":8784,""detectors_checked"":80621568}"
   2394112,         0,         0,   114.7,decoder_by_matrix,73784f3389b885bc1b704dac0b44b83e08b79da81bcec9ed749229213445f550,"{""distance"":3,""physical_error_rate"":1e-05}","{""detection_events"":2757,""detectors_checked"":129282048}"
   1121280,        33,         0,   117.0,decoder_by_matrix,5dee359087c4b9ae2c20477a4d5136d2695095b0438111838e7093c679bd3c20,"{""distance"":3,""physical_error_rate"":0.0005}","{""detection_events"":67734,""detectors_checked"":60549120,""obs_mistake_mask=E___"":2,""obs_mistake_mask=_EEE"":6,""obs_mistake_mask=_EE_"":2,""obs_mistake_mask=_E_E"":5,""obs_mistake_mask=_E__"":5,""obs_mistake_mask=__EE"":6,""obs_mistake_mask=__E_"":3,""obs_mistake_mask=___E"":4}"
   2400256,         0,         0,   116.3,decoder_by_matrix,73784f3389b885bc1b704dac0b44b83e08b79da81bcec9ed749229213445f550,"{""distance"":3,""physical_error_rate"":1e-05}","{""detection_events"":2721,""detectors_checked"":129613824}"
   1257472,         3,         0,   118.9,decoder_by_matrix,c8397cb2c46e4683a6f3970bc42cef1aabfef4d80cfcd6b8313e87630b680ee2,"{""distance"":3,""physical_error_rate"":0.0001}","{""detection_events"":15435,""detectors_checked"":67903488,""obs_mistake_mask=_E__"":1,""obs_mistake_mask=___E"":2}"
   3067904,         0,         0,   112.7,decoder_by_matrix,b3c6da8537ae85d54cd5acd57fc4d5a00e23be04de7c70760ac5fa4b0f5f70dc,"{""distance"":3,""physical_error_rate"":1e-06}","{""detection_events"":300,""detectors_checked"":165666816}"
   1528832,         0,         0,   118.1,decoder_by_matrix,cd5aa4935a142b600239883e928f6c7fc9fbc8c84161e9ed59cf2551b7ebfc3d,"{""distance"":3,""physical_error_rate"":5e-05}","{""detection_events"":9003,""detectors_checked"":82556928}"
   1273856,         0,         0,   118.6,decoder_by_matrix,c8397cb2c46e4683a6f3970bc42cef1aabfef4d80cfcd6b8313e87630b680ee2,"{""distance"":3,""physical_error_rate"":0.0001}","{""detection_events"":15360,""detectors_checked"":68788224}"
   2734080,         0,         0,   113.5,decoder_by_matrix,1222905ef2c3e0b3841e2be415851bad02a0949e12b9844f6b979980572eaa40,"{""distance"":3,""physical_error_rate"":5e-06}","{""detection_events"":1425,""detectors_checked"":147640320}"
   1144832,        20,         0,   118.0,decoder_by_matrix,5dee359087c4b9ae2c20477a4d5136d2695095b0438111838e7093c679bd3c20,"{""distance"":3,""physical_error_rate"":0.0005}","{""detection_events"":67773,""detectors_checked"":61820928,""obs_mistake_mask=E___"":1,""obs_mistake_mask=_EEE"":4,""obs_mistake_mask=_EE_"":2,""obs_mistake_mask=_E_E"":2,""obs_mistake_mask=_E__"":4,""obs_mistake_mask=__EE"":1,""obs_mistake_mask=__E_"":3,""obs_mistake_mask=___E"":3}"
   2429952,         0,         0,   114.4,decoder_by_matrix,73784f3389b885bc1b704dac0b44b83e08b79da81bcec9ed749229213445f550,"{""distance"":3,""physical_error_rate"":1e-05}","{""detection_events"":2856,""detectors_checked"":131217408}"
   2408448,         0,         0,   115.3,decoder_by_matrix,73784f3389b885bc1b704dac0b44b83e08b79da81bcec9ed749229213445f550,"{""distance"":3,""physical_error_rate"":1e-05}","{""detection_events"":2811,""detectors_checked"":130056192}"
   1281024,         1,         0,   117.2,decoder_by_matrix,c8397cb2c46e4683a6f3970bc42cef1aabfef4d80cfcd6b8313e87630b680ee2,"{""distance"":3,""physical_error_rate"":0.0001}","{""detection_events"":15594,""detectors_checked"":69175296,""obs_mistake_mask=___E"":1}"
   3053568,         0,         0,   115.4,decoder_by_matrix,b3c6da8537ae85d54cd5acd57fc4d5a00e23be04de7c70760ac5fa4b0f5f70dc,"{""distance"":3,""physical_error_rate"":1e-06}","{""detection_events"":369,""detectors_checked"":164892672}"
   2706432,         0,         0,   112.7,decoder_by_matrix,1222905ef2c3e0b3841e2be415851bad02a0949e12b9844f6b979980572eaa40,"{""distance"":3,""physical_error_rate"":5e-06}","{""detection_events"":1662,""detectors_checked"":146147328}"
   2416640,         0,         0,   115.6,decoder_by_matrix,73784f3389b885bc1b704dac0b44b83e08b79da81bcec9ed749229213445f550,"{""distance"":3,""physical_error_rate"":1e-05}","{""detection_events"":2922,""detectors_checked"":130498560}"
   1141760,        40,         0,   117.2,decoder_by_matrix,5dee359087c4b9ae2c20477a4d5136d2695095b0438111838e7093c679bd3c20,"{""distance"":3,""physical_error_rate"":0.0005}","{""detection_events"":69024,""detectors_checked"":61655040,""obs_mistake_mask=E_EE"":1,""obs_mistake_mask=E___"":7,""obs_mistake_mask=_EEE"":2,""obs_mistake_mask=_EE_"":2,""obs_mistake_mask=_E_E"":4,""obs_mistake_mask=_E__"":5,""obs_mistake_mask=__EE"":4,""obs_mistake_mask=__E_"":7,""obs_mistake_mask=___E"":8}"
   1528832,         0,         0,   117.8,decoder_by_matrix,cd5aa4935a142b600239883e928f6c7fc9fbc8c84161e9ed59cf2551b7ebfc3d,"{""distance"":3,""physical_error_rate"":5e-05}","{""detection_events"":9306,""detectors_checked"":82556928}"
   1150976,        24,         0,   115.8,decoder_by_matrix,5dee359087c4b9ae2c20477a4d5136d2695095b0438111838e7093c679bd3c20,"{""distance"":3,""physical_error_rate"":0.0005}","{""detection_events"":68079,""detectors_checked"":62152704,""obs_mistake_mask=E___"":3,""obs_mistake_mask=_EEE"":5,""obs_mistake_mask=_EE_"":1,""obs_mistake_mask=_E_E"":2,""obs_mistake_mask=_E__"":6,""obs_mistake_mask=__EE"":1,""obs_mistake_mask=__E_"":2,""obs_mistake_mask=___E"":4}"
   1526784,         0,         0,   117.5,decoder_by_matrix,cd5aa4935a142b600239883e928f6c7fc9fbc8c84161e9ed59cf2551b7ebfc3d,"{""distance"":3,""physical_error_rate"":5e-05}","{""detection_events"":9381,""detectors_checked"":82446336}"
   1272832,         1,         0,   118.2,decoder_by_matrix,c8397cb2c46e4683a6f3970bc42cef1aabfef4d80cfcd6b8313e87630b680ee2,"{""distance"":3,""physical_error_rate"":0.0001}","{""detection_events"":15411,""detectors_checked"":68732928,""obs_mistake_mask=__E_"":1}"
   3027968,         0,         0,   113.7,decoder_by_matrix,b3c6da8537ae85d54cd5acd57fc4d5a00e23be04de7c70760ac5fa4b0f5f70dc,"{""distance"":3,""physical_error_rate"":1e-06}","{""detection_events"":363,""detectors_checked"":163510272}"
   1510400,         0,         0,   117.9,decoder_by_matrix,cd5aa4935a142b600239883e928f6c7fc9fbc8c84161e9ed59cf2551b7ebfc3d,"{""distance"":3,""physical_error_rate"":5e-05}","{""detection_events"":8985,""detectors_checked"":81561600}"
   1285120,         0,         0,   117.3,decoder_by_matrix,c8397cb2c46e4683a6f3970bc42cef1aabfef4d80cfcd6b8313e87630b680ee2,"{""distance"":3,""physical_error_rate"":0.0001}","{""detection_events"":15045,""detectors_checked"":69396480}"
   2767872,         0,         0,   116.9,decoder_by_matrix,1222905ef2c3e0b3841e2be415851bad02a0949e12b9844f6b979980572eaa40,"{""distance"":3,""physical_error_rate"":5e-06}","{""detection_events"":1425,""detectors_checked"":149465088}"
   1135616,        23,         0,   117.2,decoder_by_matrix,5dee359087c4b9ae2c20477a4d5136d2695095b0438111838e7093c679bd3c20,"{""distance"":3,""physical_error_rate"":0.0005}","{""detection_events"":66531,""detectors_checked"":61323264,""obs_mistake_mask=E___"":3,""obs_mistake_mask=_EEE"":2,""obs_mistake_mask=_EE_"":1,""obs_mistake_mask=_E_E"":3,""obs_mistake_mask=_E__"":5,""obs_mistake_mask=__EE"":3,""obs_mistake_mask=__E_"":2,""obs_mistake_mask=___E"":4}"
   2439168,         0,         0,   116.5,decoder_by_matrix,73784f3389b885bc1b704dac0b44b83e08b79da81bcec9ed749229213445f550,"{""distance"":3,""physical_error_rate"":1e-05}","{""detection_events"":2814,""detectors_checked"":131715072}"
   2724864,         0,         0,   114.2,decoder_by_matrix,1222905ef2c3e0b3841e2be415851bad02a0949e12b9844f6b979980572eaa40,"{""distance"":3,""physical_error_rate"":5e-06}","{""detection_events"":1638,""detectors_checked"":147142656}"
   1294336,         3,         0,   117.1,decoder_by_matrix,c8397cb2c46e4683a6f3970bc42cef1aabfef4d80cfcd6b8313e87630b680ee2,"{""distance"":3,""physical_error_rate"":0.0001}","{""detection_events"":15240,""detectors_checked"":69894144,""obs_mistake_mask=_E__"":1,""obs_mistake_mask=__E_"":1,""obs_mistake_mask=___E"":1}"
   2737152,         0,         0,   114.7,decoder_by_matrix,1222905ef2c3e0b3841e2be415851bad02a0949e12b9844f6b979980572eaa40,"{""distance"":3,""physical_error_rate"":5e-06}","{""detection_events"":1599,""detectors_checked"":147806208}"
   3034112,         0,         0,   114.0,decoder_by_matrix,b3c6da8537ae85d54cd5acd57fc4d5a00e23be04de7c70760ac5fa4b0f5f70dc,"{""distance"":3,""physical_error_rate"":1e-06}","{""detection_events"":378,""detectors_checked"":163842048}"
   1154048,        18,         0,   118.2,decoder_by_matrix,5dee359087c4b9ae2c20477a4d5136d2695095b0438111838e7093c679bd3c20,"{""distance"":3,""physical_error_rate"":0.0005}","{""detection_events"":69267,""detectors_checked"":62318592,""obs_mistake_mask=E___"":2,""obs_mistake_mask=_EEE"":1,""obs_mistake_mask=_EE_"":2,""obs_mistake_mask=_E_E"":2,""obs_mistake_mask=_E__"":4,""obs_mistake_mask=__EE"":2,""obs_mistake_mask=__E_"":4,""obs_mistake_mask=___E"":1}"
   2426880,         0,         0,   115.6,decoder_by_matrix,73784f3389b885bc1b704dac0b44b83e08b79da81bcec9ed749229213445f550,"{""distance"":3,""physical_error_rate"":1e-05}","{""detection_events"":2823,""detectors_checked"":131051520}"
   2716672,         0,         0,   113.0,decoder_by_matrix,1222905ef2c3e0b3841e2be415851bad02a0949e12b9844f6b979980572eaa40,"{""distance"":3,""physical_error_rate"":5e-06}","{""detection_events"":1479,""detectors_checked"":146700288}"
   2405376,         0,         0,   115.6,decoder_by_matrix,73784f3389b885bc1b704dac0b44b83e08b79da81bcec9ed749229213445f550,"{""distance"":3,""physical_error_rate"":1e-05}","{""detection_events"":2931,""detectors_checked"":129890304}"
   1533952,         0,         0,   115.4,decoder_by_matrix,cd5aa4935a142b600239883e928f6c7fc9fbc8c84161e9ed59cf2551b7ebfc3d,"{""distance"":3,""physical_error_rate"":5e-05}","{""detection_events"":9291,""detectors_checked"":82833408}"
   1273856,         1,         0,   116.8,decoder_by_matrix,c8397cb2c46e4683a6f3970bc42cef1aabfef4d80cfcd6b8313e87630b680ee2,"{""distance"":3,""physical_error_rate"":0.0001}","{""detection_events"":15516,""detectors_checked"":68788224,""obs_mistake_mask=_EEE"":1}"
   1508352,         0,         0,   116.1,decoder_by_matrix,cd5aa4935a142b600239883e928f6c7fc9fbc8c84161e9ed59cf2551b7ebfc3d,"{""distance"":3,""physical_error_rate"":5e-05}","{""detection_events"":9081,""detectors_checked"":81451008}"
   3039232,         0,         0,   113.4,decoder_by_matrix,b3c6da8537ae85d54cd5acd57fc4d5a00e23be04de7c70760ac5fa4b0f5f70dc,"{""distance"":3,""physical_error_rate"":1e-06}","{""detection_events"":375,""detectors_checked"":164118528}"
   2411520,         0,         0,   116.2,decoder_by_matrix,73784f3389b885bc1b704dac0b44b83e08b79da81bcec9ed749229213445f550,"{""distance"":3,""physical_error_rate"":1e-05}","{""detection_events"":2868,""detectors_checked"":130222080}"
   1145856,        29,         0,   118.0,decoder_by_matrix,5dee359087c4b9ae2c20477a4d5136d2695095b0438111838e7093c679bd3c20,"{""distance"":3,""physical_error_rate"":0.0005}","{""detection_events"":69057,""detectors_checked"":61876224,""obs_mistake_mask=E___"":2,""obs_mistake_mask=_EEE"":3,""obs_mistake_mask=_EE_"":3,""obs_mistake_mask=_E_E"":1,""obs_mistake_mask=_E__"":9,""obs_mistake_mask=__EE"":2,""obs_mistake_mask=__E_"":4,""obs_mistake_mask=___E"":5}"
   3016704,         0,         0,   113.7,decoder_by_matrix,b3c6da8537ae85d54cd5acd57fc4d5a00e23be04de7c70760ac5fa4b0f5f70dc,"{""distance"":3,""physical_error_rate"":1e-06}","{""detection_events"":411,""detectors_checked"":162902016}"
   1526784,         0,         0,   116.9,decoder_by_matrix,cd5aa4935a142b600239883e928f6c7fc9fbc8c84161e9ed59cf2551b7ebfc3d,"{""distance"":3,""physical_error_rate"":5e-05}","{""detection_events"":9084,""detectors_checked"":82446336}"
   3052544,         0,         0,   114.5,decoder_by_matrix,b3c6da8537ae85d54cd5acd57fc4d5a00e23be04de7c70760ac5fa4b0f5f70dc,"{""distance"":3,""physical_error_rate"":1e-06}","{""detection_events"":366,""detectors_checked"":164837376}"
   1142784,        22,         0,   115.6,decoder_by_matrix,5dee359087c4b9ae2c20477a4d5136d2695095b0438111838e7093c679bd3c20,"{""distance"":3,""physical_error_rate"":0.0005}","{""detection_events"":68145,""detectors_checked"":61710336,""obs_mistake_mask=E_E_"":1,""obs_mistake_mask=_EEE"":3,""obs_mistake_mask=_EE_"":5,""obs_mistake_mask=_E_E"":2,""obs_mistake_mask=_E__"":1,""obs_mistake_mask=__EE"":4,""obs_mistake_mask=__E_"":3,""obs_mistake_mask=___E"":3}"
   2362368,         0,         0,   115.2,decoder_by_matrix,73784f3389b885bc1b704dac0b44b83e08b79da81bcec9ed749229213445f550,"{""distance"":3,""physical_error_rate"":1e-05}","{""detection_events"":2988,""detectors_checked"":127567872}"
   2696192,         0,         0,   114.9,decoder_by_matrix,1222905ef2c3e0b3841e2be415851bad02a0949e12b9844f6b979980572eaa40,"{""distance"":3,""physical_error_rate"":5e-06}","{""detection_events"":1620,""detectors_checked"":145594368}"
   1144832,        20,         0,   118.2,decoder_by_matrix,5dee359087c4b9ae2c20477a4d5136d2695095b0438111838e7093c679bd3c20,"{""distance"":3,""physical_error_rate"":0.0005}","{""detection_events"":69903,""detectors_checked"":61820928,""obs_mistake_mask=E___"":2,""obs_mistake_mask=_EEE"":1,""obs_mistake_mask=_EE_"":1,""obs_mistake_mask=_E_E"":2,""obs_mistake_mask=_E__"":4,""obs_mistake_mask=__EE"":5,""obs_mistake_mask=__E_"":3,""obs_mistake_mask=___E"":2}"
   3056640,         0,         0,   116.4,decoder_by_matrix,b3c6da8537ae85d54cd5acd57fc4d5a00e23be04de7c70760ac5fa4b0f5f70dc,"{""distance"":3,""physical_error_rate"":1e-06}","{""detection_events"":342,""detectors_checked"":165058560}"
   1516544,         0,         0,   116.7,decoder_by_matrix,cd5aa4935a142b600239883e928f6c7fc9fbc8c84161e9ed59cf2551b7ebfc3d,"{""distance"":3,""physical_error_rate"":5e-05}","{""detection_events"":9318,""detectors_checked"":81893376}"
   1148928,        15,         0,   117.4,decoder_by_matrix,5dee359087c4b9ae2c20477a4d5136d2695095b0438111838e7093c679bd3c20,"{""distance"":3,""physical_error_rate"":0.0005}","{""detection_events"":68682,""detectors_checked"":62042112,""obs_mistake_mask=E___"":1,""obs_mistake_mask=_E_E"":2,""obs_mistake_mask=_E__"":1,""obs_mistake_mask=__EE"":1,""obs_mistake_mask=__E_"":6,""obs_mistake_mask=___E"":4}"
   1282048,         1,         0,   117.4,decoder_by_matrix,c8397cb2c46e4683a6f3970bc42cef1aabfef4d80cfcd6b8313e87630b680ee2,"{""distance"":3,""physical_error_rate"":0.0001}","{""detection_events"":15675,""detectors_checked"":69230592,""obs_mistake_mask=_E__"":1}"
   1289216,         2,         0,   116.7,decoder_by_matrix,c8397cb2c46e4683a6f3970bc42cef1aabfef4d80cfcd6b8313e87630b680ee2,"{""distance"":3,""physical_error_rate"":0.0001}","{""detection_events"":15648,""detectors_checked"":69617664,""obs_mistake_mask=__EE"":1,""obs_mistake_mask=__E_"":1}"
   1512448,         0,         0,   116.6,decoder_by_matrix,cd5aa4935a142b600239883e928f6c7fc9fbc8c84161e9ed59cf2551b7ebfc3d,"{""distance"":3,""physical_error_rate"":5e-05}","{""detection_events"":9225,""detectors_checked"":81672192}"
   1299456,         2,         0,   116.3,decoder_by_matrix,c8397cb2c46e4683a6f3970bc42cef1aabfef4d80cfcd6b8313e87630b680ee2,"{""distance"":3,""physical_error_rate"":0.0001}","{""detection_events"":15276,""detectors_checked"":70170624,""obs_mistake_mask=__EE"":1,""obs_mistake_mask=___E"":1}"
   2712576,         0,         0,   115.8,decoder_by_matrix,1222905ef2c3e0b3841e2be415851bad02a0949e12b9844f6b979980572eaa40,"{""distance"":3,""physical_error_rate"":5e-06}","{""detection_events"":1632,""detectors_checked"":146479104}"
   2739200,         0,         0,   115.5,decoder_by_matrix,1222905ef2c3e0b3841e2be415851bad02a0949e12b9844f6b979980572eaa40,"{""distance"":3,""physical_error_rate"":5e-06}","{""detection_events"":1563,""detectors_checked"":147916800}"
   2707456,         0,         0,   116.1,decoder_by_matrix,1222905ef2c3e0b3841e2be415851bad02a0949e12b9844f6b979980572eaa40,"{""distance"":3,""physical_error_rate"":5e-06}","{""detection_events"":1527,""detectors_checked"":146202624}"
   1525760,         1,         0,   117.4,decoder_by_matrix,cd5aa4935a142b600239883e928f6c7fc9fbc8c84161e9ed59cf2551b7ebfc3d,"{""distance"":3,""physical_error_rate"":5e-05}","{""detection_events"":9189,""detectors_checked"":82391040,""obs_mistake_mask=_EE_"":1}"
   3076096,         0,         0,   113.7,decoder_by_matrix,b3c6da8537ae85d54cd5acd57fc4d5a00e23be04de7c70760ac5fa4b0f5f70dc,"{""distance"":3,""physical_error_rate"":1e-06}","{""detection_events"":291,""detectors_checked"":166109184}"
   2387968,         0,         0,   117.8,decoder_by_matrix,73784f3389b885bc1b704dac0b44b83e08b79da81bcec9ed749229213445f550,"{""distance"":3,""physical_error_rate"":1e-05}","{""detection_events"":2937,""detectors_checked"":128950272}"
   1277952,         0,         0,   117.0,decoder_by_matrix,c8397cb2c46e4683a6f3970bc42cef1aabfef4d80cfcd6b8313e87630b680ee2,"{""distance"":3,""physical_error_rate"":0.0001}","{""detection_events"":15486,""detectors_checked"":69009408}"
   1147904,        19,         0,   116.2,decoder_by_matrix,5dee359087c4b9ae2c20477a4d5136d2695095b0438111838e7093c679bd3c20,"{""distance"":3,""physical_error_rate"":0.0005}","{""detection_events"":68703,""detectors_checked"":61986816,""obs_mistake_mask=E___"":6,""obs_mistake_mask=_EE_"":1,""obs_mistake_mask=_E_E"":3,""obs_mistake_mask=_E__"":1,""obs_mistake_mask=__EE"":3,""obs_mistake_mask=__E_"":3,""obs_mistake_mask=___E"":2}"
   3019776,         0,         0,   115.0,decoder_by_matrix,b3c6da8537ae85d54cd5acd57fc4d5a00e23be04de7c70760ac5fa4b0f5f70dc,"{""distance"":3,""physical_error_rate"":1e-06}","{""detection_events"":321,""detectors_checked"":163067904}"
   1520640,         1,         0,   116.0,decoder_by_matrix,cd5aa4935a142b600239883e928f6c7fc9fbc8c84161e9ed59cf2551b7ebfc3d,"{""distance"":3,""physical_error_rate"":5e-05}","{""detection_events"":8661,""detectors_checked"":82114560,""obs_mistake_mask=_EE_"":1}"
   2405376,         0,         0,   116.4,decoder_by_matrix,73784f3389b885bc1b704dac0b44b83e08b79da81bcec9ed749229213445f550,"{""distance"":3,""physical_error_rate"":1e-05}","{""detection_events"":2892,""detectors_checked"":129890304}"
   1132544,        20,         0,   117.4,decoder_by_matrix,5dee359087c4b9ae2c20477a4d5136d2695095b0438111838e7093c679bd3c20,"{""distance"":3,""physical_error_rate"":0.0005}","{""detection_events"":67656,""detectors_checked"":61157376,""obs_mistake_mask=E___"":1,""obs_mistake_mask=_EEE"":1,""obs_mistake_mask=_E_E"":3,""obs_mistake_mask=_E__"":4,""obs_mistake_mask=__EE"":4,""obs_mistake_mask=__E_"":3,""obs_mistake_mask=___E"":4}"
   2361344,         0,         0,   117.3,decoder_by_matrix,73784f3389b885bc1b704dac0b44b83e08b79da81bcec9ed749229213445f550,"{""distance"":3,""physical_error_rate"":1e-05}","{""detection_events"":3057,""detectors_checked"":127512576}"
   1271808,         2,         0,   117.2,decoder_by_matrix,c8397cb2c46e4683a6f3970bc42cef1aabfef4d80cfcd6b8313e87630b680ee2,"{""distance"":3,""physical_error_rate"":0.0001}","{""detection_events"":15237,""detectors_checked"":68677632,""obs_mistake_mask=_E__"":2}"
   1534976,         0,         0,   117.5,decoder_by_matrix,cd5aa4935a142b600239883e928f6c7fc9fbc8c84161e9ed59cf2551b7ebfc3d,"{""distance"":3,""physical_error_rate"":5e-05}","{""detection_events"":8907,""detectors_checked"":82888704}"
   3058688,         0,         0,   115.8,decoder_by_matrix,b3c6da8537ae85d54cd5acd57fc4d5a00e23be04de7c70760ac5fa4b0f5f70dc,"{""distance"":3,""physical_error_rate"":1e-06}","{""detection_events"":417,""detectors_checked"":165169152}"
   2703360,         0,         0,   115.0,decoder_by_matrix,1222905ef2c3e0b3841e2be415851bad02a0949e12b9844f6b979980572eaa40,"{""distance"":3,""physical_error_rate"":5e-06}","{""detection_events"":1644,""detectors_checked"":145981440}"
   1145856,        17,         0,   118.2,decoder_by_matrix,5dee359087c4b9ae2c20477a4d5136d2695095b0438111838e7093c679bd3c20,"{""distance"":3,""physical_error_rate"":0.0005}","{""detection_events"":68901,""detectors_checked"":61876224,""obs_mistake_mask=E___"":3,""obs_mistake_mask=_EEE"":2,""obs_mistake_mask=_EE_"":2,""obs_mistake_mask=_E_E"":1,""obs_mistake_mask=_E__"":2,""obs_mistake_mask=__E_"":2,""obs_mistake_mask=___E"":5}"
   1281024,         2,         0,   117.0,decoder_by_matrix,c8397cb2c46e4683a6f3970bc42cef1aabfef4d80cfcd6b8313e87630b680ee2,"{""distance"":3,""physical_error_rate"":0.0001}","{""detection_events"":15777,""detectors_checked"":69175296,""obs_mistake_mask=_E__"":2}"
   2408448,         0,         0,   114.0,decoder_by_matrix,73784f3389b885bc1b704dac0b44b83e08b79da81bcec9ed749229213445f550,"{""distance"":3,""physical_error_rate"":1e-05}","{""detection_events"":2811,""detectors_checked"":130056192}"
   2432000,         0,         0,   115.0,decoder_by_matrix,73784f3389b885bc1b704dac0b44b83e08b79da81bcec9ed749229213445f550,"{""distance"":3,""physical_error_rate"":1e-05}","{""detection_events"":2802,""detectors_checked"":131328000}"
   1280000,         0,         0,   117.3,decoder_by_matrix,c8397cb2c46e4683a6f3970bc42cef1aabfef4d80cfcd6b8313e87630b680ee2,"{""distance"":3,""physical_error_rate"":0.0001}","{""detection_events"":15174,""detectors_checked"":69120000}"
   3049472,         0,         0,   114.4,decoder_by_matrix,b3c6da8537ae85d54cd5acd57fc4d5a00e23be04de7c70760ac5fa4b0f5f70dc,"{""distance"":3,""physical_error_rate"":1e-06}","{""detection_events"":348,""detectors_checked"":164671488}"
   2361344,         0,         0,   116.2,decoder_by_matrix,73784f3389b885bc1b704dac0b44b83e08b79da81bcec9ed749229213445f550,"{""distance"":3,""physical_error_rate"":1e-05}","{""detection_events"":3057,""detectors_checked"":127512576}"
   2696192,         0,         0,   113.6,decoder_by_matrix,1222905ef2c3e0b3841e2be415851bad02a0949e12b9844f6b979980572eaa40,"{""distance"":3,""physical_error_rate"":5e-06}","{""detection_events"":1689,""detectors_checked"":145594368}"
   1142784,        18,         0,   117.1,decoder_by_matrix,5dee359087c4b9ae2c20477a4d5136d2695095b0438111838e7093c679bd3c20,"{""distance"":3,""physical_error_rate"":0.0005}","{""detection_events"":68550,""detectors_checked"":61710336,""obs_mistake_mask=E___"":1,""obs_mistake_mask=_EEE"":1,""obs_mistake_mask=_E_E"":2,""obs_mistake_mask=_E__"":3,""obs_mistake_mask=__EE"":2,""obs_mistake_mask=__E_"":4,""obs_mistake_mask=___E"":5}"
   1509376,         2,         0,   116.6,decoder_by_matrix,cd5aa4935a142b600239883e928f6c7fc9fbc8c84161e9ed59cf2551b7ebfc3d,"{""distance"":3,""physical_error_rate"":5e-05}","{""detection_events"":9237,""detectors_checked"":81506304,""obs_mistake_mask=E___"":1,""obs_mistake_mask=_EEE"":1}"
   1145856,        12,         0,   116.3,decoder_by_matrix,5dee359087c4b9ae2c20477a4d5136d2695095b0438111838e7093c679bd3c20,"{""distance"":3,""physical_error_rate"":0.0005}","{""detection_events"":68856,""detectors_checked"":61876224,""obs_mistake_mask=_EEE"":4,""obs_mistake_mask=_EE_"":2,""obs_mistake_mask=_E_E"":1,""obs_mistake_mask=__E_"":2,""obs_mistake_mask=___E"":3}"
   1531904,         0,         0,   117.8,decoder_by_matrix,cd5aa4935a142b600239883e928f6c7fc9fbc8c84161e9ed59cf2551b7ebfc3d,"{""distance"":3,""physical_error_rate"":5e-05}","{""detection_events"":9324,""detectors_checked"":82722816}"
   1263616,         2,         0,   117.7,decoder_by_matrix,c8397cb2c46e4683a6f3970bc42cef1aabfef4d80cfcd6b8313e87630b680ee2,"{""distance"":3,""physical_error_rate"":0.0001}","{""detection_events"":15396,""detectors_checked"":68235264,""obs_mistake_mask=_EEE"":1,""obs_mistake_mask=_E__"":1}"
   3014656,         0,         0,   116.6,decoder_by_matrix,b3c6da8537ae85d54cd5acd57fc4d5a00e23be04de7c70760ac5fa4b0f5f70dc,"{""distance"":3,""physical_error_rate"":1e-06}","{""detection_events"":402,""detectors_checked"":162791424}"
   1540096,         1,         0,   117.6,decoder_by_matrix,cd5aa4935a142b600239883e928f6c7fc9fbc8c84161e9ed59cf2551b7ebfc3d,"{""distance"":3,""physical_error_rate"":5e-05}","{""detection_events"":8997,""detectors_checked"":83165184,""obs_mistake_mask=__EE"":1}"
   1277952,         0,         0,   118.3,decoder_by_matrix,c8397cb2c46e4683a6f3970bc42cef1aabfef4d80cfcd6b8313e87630b680ee2,"{""distance"":3,""physical_error_rate"":0.0001}","{""detection_events"":14748,""detectors_checked"":69009408}"
   2723840,         0,         0,   112.6,decoder_by_matrix,1222905ef2c3e0b3841e2be415851bad02a0949e12b9844f6b979980572eaa40,"{""distance"":3,""physical_error_rate"":5e-06}","{""detection_events"":1674,""detectors_checked"":147087360}"
   1130496,        18,         0,   116.9,decoder_by_matrix,5dee359087c4b9ae2c20477a4d5136d2695095b0438111838e7093c679bd3c20,"{""distance"":3,""physical_error_rate"":0.0005}","{""detection_events"":67191,""detectors_checked"":61046784,""obs_mistake_mask=_EEE"":1,""obs_mistake_mask=_EE_"":1,""obs_mistake_mask=_E_E"":1,""obs_mistake_mask=_E__"":4,""obs_mistake_mask=__EE"":4,""obs_mistake_mask=__E_"":6,""obs_mistake_mask=___E"":1}"
   2425856,         0,         0,   115.8,decoder_by_matrix,73784f3389b885bc1b704dac0b44b83e08b79da81bcec9ed749229213445f550,"{""distance"":3,""physical_error_rate"":1e-05}","{""detection_events"":2772,""detectors_checked"":130996224}"
   2714624,         0,         0,   115.2,decoder_by_matrix,1222905ef2c3e0b3841e2be415851bad02a0949e12b9844f6b979980572eaa40,"{""distance"":3,""physical_error_rate"":5e-06}","{""detection_events"":1686,""detectors_checked"":146589696}"
   1285120,         3,         0,   115.8,decoder_by_matrix,c8397cb2c46e4683a6f3970bc42cef1aabfef4d80cfcd6b8313e87630b680ee2,"{""distance"":3,""physical_error_rate"":0.0001}","{""detection_events"":15690,""detectors_checked"":69396480,""obs_mistake_mask=_EE_"":1,""obs_mistake_mask=_E_E"":1,""obs_mistake_mask=___E"":1}"
   1149952,        21,         0,   116.8,decoder_by_matrix,5dee359087c4b9ae2c20477a4d5136d2695095b0438111838e7093c679bd3c20,"{""distance"":3,""physical_error_rate"":0.0005}","{""detection_events"":69882,""detectors_checked"":62097408,""obs_mistake_mask=E___"":3,""obs_mistake_mask=_EEE"":1,""obs_mistake_mask=_EE_"":4,""obs_mistake_mask=_E_E"":4,""obs_mistake_mask=_E__"":4,""obs_mistake_mask=__EE"":1,""obs_mistake_mask=__E_"":3,""obs_mistake_mask=___E"":1}"
   3049472,         0,         0,   113.2,decoder_by_matrix,b3c6da8537ae85d54cd5acd57fc4d5a00e23be04de7c70760ac5fa4b0f5f70dc,"{""distance"":3,""physical_error_rate"":1e-06}","{""detection_events"":372,""detectors_checked"":164671488}"
   2673664,         0,         0,   116.5,decoder_by_matrix,1222905ef2c3e0b3841e2be415851bad02a0949e12b9844f6b979980572eaa40,"{""distance"":3,""physical_error_rate"":5e-06}","{""detection_events"":1866,""detectors_checked"":144377856}"
   2395136,         0,         0,   116.0,decoder_by_matrix,73784f3389b885bc1b704dac0b44b83e08b79da81bcec9ed749229213445f550,"{""distance"":3,""physical_error_rate"":1e-05}","{""detection_events"":3012,""detectors_checked"":129337344}"
   2688000,         0,         0,   115.1,decoder_by_matrix,1222905ef2c3e0b3841e2be415851bad02a0949e12b9844f6b979980572eaa40,"{""distance"":3,""physical_error_rate"":5e-06}","{""detection_events"":1581,""detectors_checked"":145152000}"
   1291264,         1,         0,   117.9,decoder_by_matrix,c8397cb2c46e4683a6f3970bc42cef1aabfef4d80cfcd6b8313e87630b680ee2,"{""distance"":3,""physical_error_rate"":0.0001}","{""detection_events"":15282,""detectors_checked"":69728256,""obs_mistake_mask=__E_"":1}"
   1523712,         0,         0,   117.2,decoder_by_matrix,cd5aa4935a142b600239883e928f6c7fc9fbc8c84161e9ed59cf2551b7ebfc3d,"{""distance"":3,""physical_error_rate"":5e-05}","{""detection_events"":8820,""detectors_checked"":82280448}"
   1522688,         0,         0,   115.9,decoder_by_matrix,cd5aa4935a142b600239883e928f6c7fc9fbc8c84161e9ed59cf2551b7ebfc3d,"{""distance"":3,""physical_error_rate"":5e-05}","{""detection_events"":9165,""detectors_checked"":82225152}"
   2447360,         0,         0,   115.4,decoder_by_matrix,73784f3389b885bc1b704dac0b44b83e08b79da81bcec9ed749229213445f550,"{""distance"":3,""physical_error_rate"":1e-05}","{""detection_events"":2775,""detectors_checked"":132157440}"
   3030016,         0,         0,   112.3,decoder_by_matrix,b3c6da8537ae85d54cd5acd57fc4d5a00e23be04de7c70760ac5fa4b0f5f70dc,"{""distance"":3,""physical_error_rate"":1e-06}","{""detection_events"":432,""detectors_checked"":163620864}"
   2378752,         0,         0,   114.0,decoder_by_matrix,73784f3389b885bc1b704dac0b44b83e08b79da81bcec9ed749229213445f550,"{""distance"":3,""physical_error_rate"":1e-05}","{""detection_events"":3030,""detectors_checked"":128452608}"
   3021824,         0,         0,   115.7,decoder_by_matrix,b3c6da8537ae85d54cd5acd57fc4d5a00e23be04de7c70760ac5fa4b0f5f70dc,"{""distance"":3,""physical_error_rate"":1e-06}","{""detection_events"":363,""detectors_checked"":163178496}"
   1143808,        19,         0,   118.1,decoder_by_matrix,5dee359087c4b9ae2c20477a4d5136d2695095b0438111838e7093c679bd3c20,"{""distance"":3,""physical_error_rate"":0.0005}","{""detection_events"":69744,""detectors_checked"":61765632,""obs_mistake_mask=E___"":2,""obs_mistake_mask=_EEE"":4,""obs_mistake_mask=_EE_"":2,""obs_mistake_mask=_E_E"":2,""obs_mistake_mask=_E__"":3,""obs_mistake_mask=__EE"":3,""obs_mistake_mask=__E_"":1,""obs_mistake_mask=___E"":2}"
   1502208,         1,         0,   117.1,decoder_by_matrix,cd5aa4935a142b600239883e928f6c7fc9fbc8c84161e9ed59cf2551b7ebfc3d,"{""distance"":3,""physical_error_rate"":5e-05}","{""detection_events"":9348,""detectors_checked"":81119232,""obs_mistake_mask=__E_"":1}"
   3062784,         0,         0,   114.9,decoder_by_matrix,b3c6da8537ae85d54cd5acd57fc4d5a00e23be04de7c70760ac5fa4b0f5f70dc,"{""distance"":3,""physical_error_rate"":1e-06}","{""detection_events"":408,""detectors_checked"":165390336}"
   1142784,        28,         0,   117.7,decoder_by_matrix,5dee359087c4b9ae2c20477a4d5136d2695095b0438111838e7093c679bd3c20,"{""distance"":3,""physical_error_rate"":0.0005}","{""detection_events"":67884,""detectors_checked"":61710336,""obs_mistake_mask=E___"":4,""obs_mistake_mask=_EEE"":1,""obs_mistake_mask=_EE_"":6,""obs_mistake_mask=_E_E"":3,""obs_mistake_mask=_E__"":3,""obs_mistake_mask=__EE"":2,""obs_mistake_mask=__E_"":6,""obs_mistake_mask=___E"":3}"
   2383872,         0,         0,   115.5,decoder_by_matrix,73784f3389b885bc1b704dac0b44b83e08b79da81bcec9ed749229213445f550,"{""distance"":3,""physical_error_rate"":1e-05}","{""detection_events"":2940,""detectors_checked"":128729088}"
   2741248,         0,         0,   113.6,decoder_by_matrix,1222905ef2c3e0b3841e2be415851bad02a0949e12b9844f6b979980572eaa40,"{""distance"":3,""physical_error_rate"":5e-06}","{""detection_events"":1608,""detectors_checked"":148027392}"
   1534976,         0,         0,   116.7,decoder_by_matrix,cd5aa4935a142b600239883e928f6c7fc9fbc8c84161e9ed59cf2551b7ebfc3d,"{""distance"":3,""physical_error_rate"":5e-05}","{""detection_events"":9009,""detectors_checked"":82888704}"
   3049472,         0,         0,   113.7,decoder_by_matrix,b3c6da8537ae85d54cd5acd57fc4d5a00e23be04de7c70760ac5fa4b0f5f70dc,"{""distance"":3,""physical_error_rate"":1e-06}","{""detection_events"":369,""detectors_checked"":164671488}"
   1143808,        21,         0,   117.1,decoder_by_matrix,5dee359087c4b9ae2c20477a4d5136d2695095b0438111838e7093c679bd3c20,"{""distance"":3,""physical_error_rate"":0.0005}","{""detection_events"":68139,""detectors_checked"":61765632,""obs_mistake_mask=E___"":1,""obs_mistake_mask=_EEE"":5,""obs_mistake_mask=_EE_"":3,""obs_mistake_mask=_E__"":3,""obs_mistake_mask=__EE"":4,""obs_mistake_mask=__E_"":4,""obs_mistake_mask=___E"":1}"
   1147904,        24,         0,   118.0,decoder_by_matrix,5dee359087c4b9ae2c20477a4d5136d2695095b0438111838e7093c679bd3c20,"{""distance"":3,""physical_error_rate"":0.0005}","{""detection_events"":67134,""detectors_checked"":61986816,""obs_mistake_mask=E___"":3,""obs_mistake_mask=_EEE"":1,""obs_mistake_mask=_EE_"":3,""obs_mistake_mask=_E_E"":4,""obs_mistake_mask=_E__"":2,""obs_mistake_mask=__EE"":4,""obs_mistake_mask=__E_"":4,""obs_mistake_mask=___E"":3}"
   1284096,         0,         0,   117.6,decoder_by_matrix,c8397cb2c46e4683a6f3970bc42cef1aabfef4d80cfcd6b8313e87630b680ee2,"{""distance"":3,""physical_error_rate"":0.0001}","{""detection_events"":15069,""detectors_checked"":69341184}"
   1280000,         0,         0,   118.4,decoder_by_matrix,c8397cb2c46e4683a6f3970bc42cef1aabfef4d80cfcd6b8313e87630b680ee2,"{""distance"":3,""physical_error_rate"":0.0001}","{""detection_events"":15390,""detectors_checked"":69120000}"
   1283072,         1,         0,   117.3,decoder_by_matrix,c8397cb2c46e4683a6f3970bc42cef1aabfef4d80cfcd6b8313e87630b680ee2,"{""distance"":3,""physical_error_rate"":0.0001}","{""detection_events"":15063,""detectors_checked"":69285888,""obs_mistake_mask=___E"":1}"
   1532928,         0,         0,   116.5,decoder_by_matrix,cd5aa4935a142b600239883e928f6c7fc9fbc8c84161e9ed59cf2551b7ebfc3d,"{""distance"":3,""physical_error_rate"":5e-05}","{""detection_events"":9264,""detectors_checked"":82778112}"
   2736128,         0,         0,   114.3,decoder_by_matrix,1222905ef2c3e0b3841e2be415851bad02a0949e12b9844f6b979980572eaa40,"{""distance"":3,""physical_error_rate"":5e-06}","{""detection_events"":1554,""detectors_checked"":147750912}"
   2725888,         0,         0,   113.1,decoder_by_matrix,1222905ef2c3e0b3841e2be415851bad02a0949e12b9844f6b979980572eaa40,"{""distance"":3,""physical_error_rate"":5e-06}","{""detection_events"":1638,""detectors_checked"":147197952}"
   2714624,         0,         0,   114.6,decoder_by_matrix,1222905ef2c3e0b3841e2be415851bad02a0949e12b9844f6b979980572eaa40,"{""distance"":3,""physical_error_rate"":5e-06}","{""detection_events"":1629,""detectors_checked"":146589696}"
   3052544,         0,         0,   114.2,decoder_by_matrix,b3c6da8537ae85d54cd5acd57fc4d5a00e23be04de7c70760ac5fa4b0f5f70dc,"{""distance"":3,""physical_error_rate"":1e-06}","{""detection_events"":435,""detectors_checked"":164837376}"
   1539072,         1,         0,   117.8,decoder_by_matrix,cd5aa4935a142b600239883e928f6c7fc9fbc8c84161e9ed59cf2551b7ebfc3d,"{""distance"":3,""physical_error_rate"":5e-05}","{""detection_events"":8658,""detectors_checked"":83109888,""obs_mistake_mask=__EE"":1}"
   2360320,         0,         0,   113.7,decoder_by_matrix,73784f3389b885bc1b704dac0b44b83e08b79da81bcec9ed749229213445f550,"{""distance"":3,""physical_error_rate"":1e-05}","{""detection_events"":3030,""detectors_checked"":127457280}"
   1285120,         1,         0,   116.7,decoder_by_matrix,c8397cb2c46e4683a6f3970bc42cef1aabfef4d80cfcd6b8313e87630b680ee2,"{""distance"":3,""physical_error_rate"":0.0001}","{""detection_events"":14937,""detectors_checked"":69396480,""obs_mistake_mask=___E"":1}"
   3016704,         0,         0,   115.5,decoder_by_matrix,b3c6da8537ae85d54cd5acd57fc4d5a00e23be04de7c70760ac5fa4b0f5f70dc,"{""distance"":3,""physical_error_rate"":1e-06}","{""detection_events"":330,""detectors_checked"":162902016}"
   1148928,        22,         0,   116.3,decoder_by_matrix,5dee359087c4b9ae2c20477a4d5136d2695095b0438111838e7093c679bd3c20,"{""distance"":3,""physical_error_rate"":0.0005}","{""detection_events"":70110,""detectors_checked"":62042112,""obs_mistake_mask=E___"":2,""obs_mistake_mask=_EEE"":1,""obs_mistake_mask=_EE_"":3,""obs_mistake_mask=_E_E"":2,""obs_mistake_mask=_E__"":7,""obs_mistake_mask=__E_"":4,""obs_mistake_mask=___E"":3}"
   1513472,         1,         0,   116.5,decoder_by_matrix,cd5aa4935a142b600239883e928f6c7fc9fbc8c84161e9ed59cf2551b7ebfc3d,"{""distance"":3,""physical_error_rate"":5e-05}","{""detection_events"":8943,""detectors_checked"":81727488,""obs_mistake_mask=_EEE"":1}"
   2420736,         0,         0,   115.3,decoder_by_matrix,73784f3389b885bc1b704dac0b44b83e08b79da81bcec9ed749229213445f550,"{""distance"":3,""physical_error_rate"":1e-05}","{""detection_events"":2775,""detectors_checked"":130719744}"
   2450432,         0,         0,   112.6,decoder_by_matrix,73784f3389b885bc1b704dac0b44b83e08b79da81bcec9ed749229213445f550,"{""distance"":3,""physical_error_rate"":1e-05}","{""detection_events"":2715,""detectors_checked"":132323328}"
   1128448,        23,         0,   118.1,decoder_by_matrix,5dee359087c4b9ae2c20477a4d5136d2695095b0438111838e7093c679bd3c20,"{""distance"":3,""physical_error_rate"":0.0005}","{""detection_events"":67569,""detectors_checked"":60936192,""obs_mistake_mask=_EEE"":2,""obs_mistake_mask=_EE_"":6,""obs_mistake_mask=_E_E"":1,""obs_mistake_mask=_E__"":4,""obs_mistake_mask=__EE"":6,""obs_mistake_mask=__E_"":2,""obs_mistake_mask=___E"":2}"
   1290240,         0,         0,   115.9,decoder_by_matrix,c8397cb2c46e4683a6f3970bc42cef1aabfef4d80cfcd6b8313e87630b680ee2,"{""distance"":3,""physical_error_rate"":0.0001}","{""detection_events"":15189,""detectors_checked"":69672960}"
   3036160,         0,         0,   113.8,decoder_by_matrix,b3c6da8537ae85d54cd5acd57fc4d5a00e23be04de7c70760ac5fa4b0f5f70dc,"{""distance"":3,""physical_error_rate"":1e-06}","{""detection_events"":444,""detectors_checked"":163952640}"
   1521664,         1,         0,   117.6,decoder_by_matrix,cd5aa4935a142b600239883e928f6c7fc9fbc8c84161e9ed59cf2551b7ebfc3d,"{""distance"":3,""physical_error_rate"":5e-05}","{""detection_events"":9339,""detectors_checked"":82169856,""obs_mistake_mask=_E_E"":1}"
   1146880,        18,         0,   116.5,decoder_by_matrix,5dee359087c4b9ae2c20477a4d5136d2695095b0438111838e7093c679bd3c20,"{""distance"":3,""physical_error_rate"":0.0005}","{""detection_events"":68820,""detectors_checked"":61931520,""obs_mistake_mask=_EEE"":3,""obs_mistake_mask=_EE_"":3,""obs_mistake_mask=_E_E"":1,""obs_mistake_mask=_E__"":5,""obs_mistake_mask=__EE"":1,""obs_mistake_mask=__E_"":2,""obs_mistake_mask=___E"":3}"
   2664448,         0,         0,   116.1,decoder_by_matrix,1222905ef2c3e0b3841e2be415851bad02a0949e12b9844f6b979980572eaa40,"{""distance"":3,""physical_error_rate"":5e-06}","{""detection_events"":1752,""detectors_checked"":143880192}"
   1275904,         3,         0,   116.5,decoder_by_matrix,c8397cb2c46e4683a6f3970bc42cef1aabfef4d80cfcd6b8313e87630b680ee2,"{""distance"":3,""physical_error_rate"":0.0001}","{""detection_events"":15468,""detectors_checked"":68898816,""obs_mistake_mask=_EE_"":1,""obs_mistake_mask=_E_E"":1,""obs_mistake_mask=_E__"":1}"
   2372608,         0,         0,   116.0,decoder_by_matrix,73784f3389b885bc1b704dac0b44b83e08b79da81bcec9ed749229213445f550,"{""distance"":3,""physical_error_rate"":1e-05}","{""detection_events"":3093,""detectors_checked"":128120832}"
   2363392,         0,         0,   118.2,decoder_by_matrix,73784f3389b885bc1b704dac0b44b83e08b79da81bcec9ed749229213445f550,"{""distance"":3,""physical_error_rate"":1e-05}","{""detection_events"":3096,""detectors_checked"":127623168}"
   3055616,         0,         0,   113.9,decoder_by_matrix,b3c6da8537ae85d54cd5acd57fc4d5a00e23be04de7c70760ac5fa4b0f5f70dc,"{""distance"":3,""physical_error_rate"":1e-06}","{""detection_events"":330,""detectors_checked"":165003264}"
   1278976,         1,         0,   116.3,decoder_by_matrix,c8397cb2c46e4683a6f3970bc42cef1aabfef4d80cfcd6b8313e87630b680ee2,"{""distance"":3,""physical_error_rate"":0.0001}","{""detection_events"":15753,""detectors_checked"":69064704,""obs_mistake_mask=__E_"":1}"
   2384896,         0,         0,   115.6,decoder_by_matrix,73784f3389b885bc1b704dac0b44b83e08b79da81bcec9ed749229213445f550,"{""distance"":3,""physical_error_rate"":1e-05}","{""detection_events"":2922,""detectors_checked"":128784384}"
   2731008,         0,         0,   117.0,decoder_by_matrix,1222905ef2c3e0b3841e2be415851bad02a0949e12b9844f6b979980572eaa40,"{""distance"":3,""physical_error_rate"":5e-06}","{""detection_events"":1611,""detectors_checked"":147474432}"
   1142784,        20,         0,   117.7,decoder_by_matrix,5dee359087c4b9ae2c20477a4d5136d2695095b0438111838e7093c679bd3c20,"{""distance"":3,""physical_error_rate"":0.0005}","{""detection_events"":68841,""detectors_checked"":61710336,""obs_mistake_mask=E___"":1,""obs_mistake_mask=_EEE"":1,""obs_mistake_mask=_EE_"":2,""obs_mistake_mask=_E_E"":3,""obs_mistake_mask=_E__"":7,""obs_mistake_mask=__EE"":4,""obs_mistake_mask=___E"":2}"
   1538048,         0,         0,   115.0,decoder_by_matrix,cd5aa4935a142b600239883e928f6c7fc9fbc8c84161e9ed59cf2551b7ebfc3d,"{""distance"":3,""physical_error_rate"":5e-05}","{""detection_events"":9102,""detectors_checked"":83054592}"
   1148928,        23,         0,   117.1,decoder_by_matrix,5dee359087c4b9ae2c20477a4d5136d2695095b0438111838e7093c679bd3c20,"{""distance"":3,""physical_error_rate"":0.0005}","{""detection_events"":69165,""detectors_checked"":62042112,""obs_mistake_mask=E___"":2,""obs_mistake_mask=_EEE"":3,""obs_mistake_mask=_EE_"":1,""obs_mistake_mask=_E__"":1,""obs_mistake_mask=__EE"":6,""obs_mistake_mask=__E_"":5,""obs_mistake_mask=___E"":5}"
   1537024,         0,         0,   117.3,decoder_by_matrix,cd5aa4935a142b600239883e928f6c7fc9fbc8c84161e9ed59cf2551b7ebfc3d,"{""distance"":3,""physical_error_rate"":5e-05}","{""detection_events"":9120,""detectors_checked"":82999296}"
   1272832,         2,         0,   117.6,decoder_by_matrix,c8397cb2c46e4683a6f3970bc42cef1aabfef4d80cfcd6b8313e87630b680ee2,"{""distance"":3,""physical_error_rate"":0.0001}","{""detection_events"":15471,""detectors_checked"":68732928,""obs_mistake_mask=__EE"":1,""obs_mistake_mask=___E"":1}"
   3014656,         0,         0,   115.1,decoder_by_matrix,b3c6da8537ae85d54cd5acd57fc4d5a00e23be04de7c70760ac5fa4b0f5f70dc,"{""distance"":3,""physical_error_rate"":1e-06}","{""detection_events"":477,""detectors_checked"":162791424}"
   1509376,         1,         0,   117.6,decoder_by_matrix,cd5aa4935a142b600239883e928f6c7fc9fbc8c84161e9ed59cf2551b7ebfc3d,"{""distance"":3,""physical_error_rate"":5e-05}","{""detection_events"":9159,""detectors_checked"":81506304,""obs_mistake_mask=_E_E"":1}"
   2748416,         0,         0,   113.7,decoder_by_matrix,1222905ef2c3e0b3841e2be415851bad02a0949e12b9844f6b979980572eaa40,"{""distance"":3,""physical_error_rate"":5e-06}","{""detection_events"":1506,""detectors_checked"":148414464}"
   1268736,         0,         0,   116.0,decoder_by_matrix,c8397cb2c46e4683a6f3970bc42cef1aabfef4d80cfcd6b8313e87630b680ee2,"{""distance"":3,""physical_error_rate"":0.0001}","{""detection_events"":15414,""detectors_checked"":68511744}"
   1131520,        22,         0,   117.7,decoder_by_matrix,5dee359087c4b9ae2c20477a4d5136d2695095b0438111838e7093c679bd3c20,"{""distance"":3,""physical_error_rate"":0.0005}","{""detection_events"":67194,""detectors_checked"":61102080,""obs_mistake_mask=E___"":5,""obs_mistake_mask=_EE_"":1,""obs_mistake_mask=_E_E"":2,""obs_mistake_mask=_E__"":3,""obs_mistake_mask=__EE"":5,""obs_mistake_mask=__E_"":1,""obs_mistake_mask=___E"":5}"
   2393088,         0,         0,   115.6,decoder_by_matrix,73784f3389b885bc1b704dac0b44b83e08b79da81bcec9ed749229213445f550,"{""distance"":3,""physical_error_rate"":1e-05}","{""detection_events"":2871,""detectors_checked"":129226752}"
   2695168,         0,         0,   116.1,decoder_by_matrix,1222905ef2c3e0b3841e2be415851bad02a0949e12b9844f6b979980572eaa40,"{""distance"":3,""physical_error_rate"":5e-06}","{""detection_events"":1719,""detectors_checked"":145539072}"
   1289216,         0,         0,   117.7,decoder_by_matrix,c8397cb2c46e4683a6f3970bc42cef1aabfef4d80cfcd6b8313e87630b680ee2,"{""distance"":3,""physical_error_rate"":0.0001}","{""detection_events"":15438,""detectors_checked"":69617664}"
   2731008,         0,         0,   114.3,decoder_by_matrix,1222905ef2c3e0b3841e2be415851bad02a0949e12b9844f6b979980572eaa40,"{""distance"":3,""physical_error_rate"":5e-06}","{""detection_events"":1539,""detectors_checked"":147474432}"
   3044352,         0,         0,   115.2,decoder_by_matrix,b3c6da8537ae85d54cd5acd57fc4d5a00e23be04de7c70760ac5fa4b0f5f70dc,"{""distance"":3,""physical_error_rate"":1e-06}","{""detection_events"":315,""detectors_checked"":164395008}"
   1152000,        20,         0,   116.7,decoder_by_matrix,5dee359087c4b9ae2c20477a4d5136d2695095b0438111838e7093c679bd3c20,"{""distance"":3,""physical_error_rate"":0.0005}","{""detection_events"":68241,""detectors_checked"":62208000,""obs_mistake_mask=_EEE"":3,""obs_mistake_mask=_EE_"":2,""obs_mistake_mask=_E_E"":3,""obs_mistake_mask=_E__"":4,""obs_mistake_mask=__EE"":2,""obs_mistake_mask=__E_"":2,""obs_mistake_mask=___E"":4}"
   2401280,         0,         0,   115.4,decoder_by_matrix,73784f3389b885bc1b704dac0b44b83e08b79da81bcec9ed749229213445f550,"{""distance"":3,""physical_error_rate"":1e-05}","{""detection_events"":2976,""detectors_checked"":129669120}"
   2689024,         0,         0,   115.6,decoder_by_matrix,1222905ef2c3e0b3841e2be415851bad02a0949e12b9844f6b979980572eaa40,"{""distance"":3,""physical_error_rate"":5e-06}","{""detection_events"":1731,""detectors_checked"":145207296}"
   1282048,         0,         0,   117.8,decoder_by_matrix,c8397cb2c46e4683a6f3970bc42cef1aabfef4d80cfcd6b8313e87630b680ee2,"{""distance"":3,""physical_error_rate"":0.0001}","{""detection_events"":15831,""detectors_checked"":69230592}"
   1522688,         0,         0,   116.9,decoder_by_matrix,cd5aa4935a142b600239883e928f6c7fc9fbc8c84161e9ed59cf2551b7ebfc3d,"{""distance"":3,""physical_error_rate"":5e-05}","{""detection_events"":9159,""detectors_checked"":82225152}"
   1506304,         0,         0,   116.0,decoder_by_matrix,cd5aa4935a142b600239883e928f6c7fc9fbc8c84161e9ed59cf2551b7ebfc3d,"{""distance"":3,""physical_error_rate"":5e-05}","{""detection_events"":9270,""detectors_checked"":81340416}"
   2400256,         0,         0,   118.0,decoder_by_matrix,73784f3389b885bc1b704dac0b44b83e08b79da81bcec9ed749229213445f550,"{""distance"":3,""physical_error_rate"":1e-05}","{""detection_events"":2973,""detectors_checked"":129613824}"
   3038208,         0,         0,   116.0,decoder_by_matrix,b3c6da8537ae85d54cd5acd57fc4d5a00e23be04de7c70760ac5fa4b0f5f70dc,"{""distance"":3,""physical_error_rate"":1e-06}","{""detection_events"":369,""detectors_checked"":164063232}"
   1143808,        29,         0,   116.8,decoder_by_matrix,5dee359087c4b9ae2c20477a4d5136d2695095b0438111838e7093c679bd3c20,"{""distance"":3,""physical_error_rate"":0.0005}","{""detection_events"":68943,""detectors_checked"":61765632,""obs_mistake_mask=E___"":2,""obs_mistake_mask=_EEE"":3,""obs_mistake_mask=_EE_"":4,""obs_mistake_mask=_E_E"":4,""obs_mistake_mask=_E__"":3,""obs_mistake_mask=__EE"":2,""obs_mistake_mask=__E_"":6,""obs_mistake_mask=___E"":5}"
   1539072,         0,         0,   118.7,decoder_by_matrix,cd5aa4935a142b600239883e928f6c7fc9fbc8c84161e9ed59cf2551b7ebfc3d,"{""distance"":3,""physical_error_rate"":5e-05}","{""detection_events"":9003,""detectors_checked"":83109888}"
   3028992,         0,         0,   114.2,decoder_by_matrix,b3c6da8537ae85d54cd5acd57fc4d5a00e23be04de7c70760ac5fa4b0f5f70dc,"{""distance"":3,""physical_error_rate"":1e-06}","{""detection_events"":387,""detectors_checked"":163565568}"
   2440192,         0,         0,   115.6,decoder_by_matrix,73784f3389b885bc1b704dac0b44b83e08b79da81bcec9ed749229213445f550,"{""distance"":3,""physical_error_rate"":1e-05}","{""detection_events"":3063,""detectors_checked"":131770368}"
   1143808,        31,         0,   117.6,decoder_by_matrix,5dee359087c4b9ae2c20477a4d5136d2695095b0438111838e7093c679bd3c20,"{""distance"":3,""physical_error_rate"":0.0005}","{""detection_events"":69033,""detectors_checked"":61765632,""obs_mistake_mask=E___"":2,""obs_mistake_mask=_EEE"":3,""obs_mistake_mask=_E_E"":3,""obs_mistake_mask=_E__"":6,""obs_mistake_mask=__EE"":2,""obs_mistake_mask=__E_"":4,""obs_mistake_mask=___E"":11}"
   3059712,         0,         0,   113.8,decoder_by_matrix,b3c6da8537ae85d54cd5acd57fc4d5a00e23be04de7c70760ac5fa4b0f5f70dc,"{""distance"":3,""physical_error_rate"":1e-06}","{""detection_events"":357,""detectors_checked"":165224448}"
   2688000,         0,         0,   115.2,decoder_by_matrix,1222905ef2c3e0b3841e2be415851bad02a0949e12b9844f6b979980572eaa40,"{""distance"":3,""physical_error_rate"":5e-06}","{""detection_events"":1758,""detectors_checked"":145152000}"
   2449408,         0,         0,   113.9,decoder_by_matrix,73784f3389b885bc1b704dac0b44b83e08b79da81bcec9ed749229213445f550,"{""distance"":3,""physical_error_rate"":1e-05}","{""detection_events"":2757,""detectors_checked"":132268032}"
   3062784,         0,         0,   113.0,decoder_by_matrix,b3c6da8537ae85d54cd5acd57fc4d5a00e23be04de7c70760ac5fa4b0f5f70dc,"{""distance"":3,""physical_error_rate"":1e-06}","{""detection_events"":381,""detectors_checked"":165390336}"
   1144832,        13,         0,   118.3,decoder_by_matrix,5dee359087c4b9ae2c20477a4d5136d2695095b0438111838e7093c679bd3c20,"{""distance"":3,""physical_error_rate"":0.0005}","{""detection_events"":68298,""detectors_checked"":61820928,""obs_mistake_mask=E___"":2,""obs_mistake_mask=_EE_"":1,""obs_mistake_mask=_E_E"":1,""obs_mistake_mask=_E__"":1,""obs_mistake_mask=__EE"":1,""obs_mistake_mask=__E_"":3,""obs_mistake_mask=___E"":4}"
   1536000,         0,         0,   116.8,decoder_by_matrix,cd5aa4935a142b600239883e928f6c7fc9fbc8c84161e9ed59cf2551b7ebfc3d,"{""distance"":3,""physical_error_rate"":5e-05}","{""detection_events"":8850,""detectors_checked"":82944000}"
   1148928,        23,         0,   117.4,decoder_by_matrix,5dee359087c4b9ae2c20477a4d5136d2695095b0438111838e7093c679bd3c20,"{""distance"":3,""physical_error_rate"":0.0005}","{""detection_events"":68886,""detectors_checked"":62042112,""obs_mistake_mask=E___"":2,""obs_mistake_mask=_EEE"":4,""obs_mistake_mask=_E_E"":4,""obs_mistake_mask=_E__"":5,""obs_mistake_mask=__EE"":2,""obs_mistake_mask=__E_"":3,""obs_mistake_mask=___E"":3}"
   1271808,         1,         0,   117.7,decoder_by_matrix,c8397cb2c46e4683a6f3970bc42cef1aabfef4d80cfcd6b8313e87630b680ee2,"{""distance"":3,""physical_error_rate"":0.0001}","{""detection_events"":15867,""detectors_checked"":68677632,""obs_mistake_mask=_E__"":1}"
   1282048,         1,         0,   116.9,decoder_by_matrix,c8397cb2c46e4683a6f3970bc42cef1aabfef4d80cfcd6b8313e87630b680ee2,"{""distance"":3,""physical_error_rate"":0.0001}","{""detection_events"":15561,""detectors_checked"":69230592,""obs_mistake_mask=_E_E"":1}"
   1551360,         0,         0,   116.8,decoder_by_matrix,cd5aa4935a142b600239883e928f6c7fc9fbc8c84161e9ed59cf2551b7ebfc3d,"{""distance"":3,""physical_error_rate"":5e-05}","{""detection_events"":8994,""detectors_checked"":83773440}"
   1277952,         2,         0,   117.4,decoder_by_matrix,c8397cb2c46e4683a6f3970bc42cef1aabfef4d80cfcd6b8313e87630b680ee2,"{""distance"":3,""physical_error_rate"":0.0001}","{""detection_events"":15495,""detectors_checked"":69009408,""obs_mistake_mask=_E__"":1,""obs_mistake_mask=___E"":1}"
   2700288,         0,         0,   112.5,decoder_by_matrix,1222905ef2c3e0b3841e2be415851bad02a0949e12b9844f6b979980572eaa40,"{""distance"":3,""physical_error_rate"":5e-06}","{""detection_events"":1608,""detectors_checked"":145815552}"
   2702336,         0,         0,   113.6,decoder_by_matrix,1222905ef2c3e0b3841e2be415851bad02a0949e12b9844f6b979980572eaa40,"{""distance"":3,""physical_error_rate"":5e-06}","{""detection_events"":1623,""detectors_checked"":145926144}"
   2711552,         0,         0,   115.3,decoder_by_matrix,1222905ef2c3e0b3841e2be415851bad02a0949e12b9844f6b979980572eaa40,"{""distance"":3,""physical_error_rate"":5e-06}","{""detection_events"":1623,""detectors_checked"":146423808}"
   1513472,         0,         0,   118.1,decoder_by_matrix,cd5aa4935a142b600239883e928f6c7fc9fbc8c84161e9ed59cf2551b7ebfc3d,"{""distance"":3,""physical_error_rate"":5e-05}","{""detection_events"":9135,""detectors_checked"":81727488}"
   3026944,         0,         0,   115.7,decoder_by_matrix,b3c6da8537ae85d54cd5acd57fc4d5a00e23be04de7c70760ac5fa4b0f5f70dc,"{""distance"":3,""physical_error_rate"":1e-06}","{""detection_events"":498,""detectors_checked"":163454976}"
   1273856,         1,         0,   114.9,decoder_by_matrix,c8397cb2c46e4683a6f3970bc42cef1aabfef4d80cfcd6b8313e87630b680ee2,"{""distance"":3,""physical_error_rate"":0.0001}","{""detection_events"":15432,""detectors_checked"":68788224,""obs_mistake_mask=E___"":1}"
   2367488,         0,         0,   116.2,decoder_by_matrix,73784f3389b885bc1b704dac0b44b83e08b79da81bcec9ed749229213445f550,"{""distance"":3,""physical_error_rate"":1e-05}","{""detection_events"":3060,""detectors_checked"":127844352}"
   3011584,         0,         0,   114.7,decoder_by_matrix,b3c6da8537ae85d54cd5acd57fc4d5a00e23be04de7c70760ac5fa4b0f5f70dc,"{""distance"":3,""physical_error_rate"":1e-06}","{""detection_events"":444,""detectors_checked"":162625536}"
   1149952,        16,         0,   117.0,decoder_by_matrix,5dee359087c4b9ae2c20477a4d5136d2695095b0438111838e7093c679bd3c20,"{""distance"":3,""physical_error_rate"":0.0005}","{""detection_events"":68640,""detectors_checked"":62097408,""obs_mistake_mask=E___"":4,""obs_mistake_mask=_EEE"":1,""obs_mistake_mask=_EE_"":2,""obs_mistake_mask=_E__"":4,""obs_mistake_mask=__E_"":3,""obs_mistake_mask=___E"":2}"
   1504256,         1,         0,   116.9,decoder_by_matrix,cd5aa4935a142b600239883e928f6c7fc9fbc8c84161e9ed59cf2551b7ebfc3d,"{""distance"":3,""physical_error_rate"":5e-05}","{""detection_events"":9021,""detectors_checked"":81229824,""obs_mistake_mask=_E__"":1}"
   2418688,         0,         0,   117.3,decoder_by_matrix,73784f3389b885bc1b704dac0b44b83e08b79da81bcec9ed749229213445f550,"{""distance"":3,""physical_error_rate"":1e-05}","{""detection_events"":2940,""detectors_checked"":130609152}"
   2421760,         0,         0,   115.1,decoder_by_matrix,73784f3389b885bc1b704dac0b44b83e08b79da81bcec9ed749229213445f550,"{""distance"":3,""physical_error_rate"":1e-05}","{""detection_events"":2763,""detectors_checked"":130775040}"
   1130496,        25,         0,   116.9,decoder_by_matrix,5dee359087c4b9ae2c20477a4d5136d2695095b0438111838e7093c679bd3c20,"{""distance"":3,""physical_error_rate"":0.0005}","{""detection_events"":68046,""detectors_checked"":61046784,""obs_mistake_mask=E___"":5,""obs_mistake_mask=_EEE"":2,""obs_mistake_mask=_EE_"":4,""obs_mistake_mask=_E__"":6,""obs_mistake_mask=__EE"":1,""obs_mistake_mask=__E_"":3,""obs_mistake_mask=___E"":4}"
   1265664,         0,         0,   117.8,decoder_by_matrix,c8397cb2c46e4683a6f3970bc42cef1aabfef4d80cfcd6b8313e87630b680ee2,"{""distance"":3,""physical_error_rate"":0.0001}","{""detection_events"":15924,""detectors_checked"":68345856}"
   3058688,         0,         0,   114.6,decoder_by_matrix,b3c6da8537ae85d54cd5acd57fc4d5a00e23be04de7c70760ac5fa4b0f5f70dc,"{""distance"":3,""physical_error_rate"":1e-06}","{""detection_events"":381,""detectors_checked"":165169152}"
   1503232,         0,         0,   117.5,decoder_by_matrix,cd5aa4935a142b600239883e928f6c7fc9fbc8c84161e9ed59cf2551b7ebfc3d,"{""distance"":3,""physical_error_rate"":5e-05}","{""detection_events"":9243,""detectors_checked"":81174528}"
   1147904,        28,         0,   118.0,decoder_by_matrix,5dee359087c4b9ae2c20477a4d5136d2695095b0438111838e7093c679bd3c20,"{""distance"":3,""physical_error_rate"":0.0005}","{""detection_events"":69270,""detectors_checked"":61986816,""obs_mistake_mask=E___"":2,""obs_mistake_mask=_EEE"":4,""obs_mistake_mask=_EE_"":4,""obs_mistake_mask=_E_E"":4,""obs_mistake_mask=_E__"":5,""obs_mistake_mask=__EE"":2,""obs_mistake_mask=__E_"":5,""obs_mistake_mask=___E"":2}"
   2706432,         0,         0,   115.6,decoder_by_matrix,1222905ef2c3e0b3841e2be415851bad02a0949e12b9844f6b979980572eaa40,"{""distance"":3,""physical_error_rate"":5e-06}","{""detection_events"":1563,""detectors_checked"":146147328}"
   1272832,         0,         0,   117.5,decoder_by_matrix,c8397cb2c46e4683a6f3970bc42cef1aabfef4d80cfcd6b8313e87630b680ee2,"{""distance"":3,""physical_error_rate"":0.0001}","{""detection_events"":15246,""detectors_checked"":68732928}"
   2425856,         0,         0,   115.2,decoder_by_matrix,73784f3389b885bc1b704dac0b44b83e08b79da81bcec9ed749229213445f550,"{""distance"":3,""physical_error_rate"":1e-05}","{""detection_events"":2817,""detectors_checked"":130996224}"
   2398208,         1,         0,   115.3,decoder_by_matrix,73784f3389b885bc1b704dac0b44b83e08b79da81bcec9ed749229213445f550,"{""distance"":3,""physical_error_rate"":1e-05}","{""detection_events"":2880,""detectors_checked"":129503232,""obs_mistake_mask=__E_"":1}"
   3013632,         0,         0,   114.7,decoder_by_matrix,b3c6da8537ae85d54cd5acd57fc4d5a00e23be04de7c70760ac5fa4b0f5f70dc,"{""distance"":3,""physical_error_rate"":1e-06}","{""detection_events"":450,""detectors_checked"":162736128}"
   1294336,         0,         0,   117.5,decoder_by_matrix,c8397cb2c46e4683a6f3970bc42cef1aabfef4d80cfcd6b8313e87630b680ee2,"{""distance"":3,""physical_error_rate"":0.0001}","{""detection_events"":15210,""detectors_checked"":69894144}"
   2733056,         0,         0,   115.5,decoder_by_matrix,1222905ef2c3e0b3841e2be415851bad02a0949e12b9844f6b979980572eaa40,"{""distance"":3,""physical_error_rate"":5e-06}","{""detection_events"":1503,""detectors_checked"":147585024}"
   2411520,         0,         0,   115.1,decoder_by_matrix,73784f3389b885bc1b704dac0b44b83e08b79da81bcec9ed749229213445f550,"{""distance"":3,""physical_error_rate"":1e-05}","{""detection_events"":2772,""detectors_checked"":130222080}"
   1142784,        21,         0,   117.8,decoder_by_matrix,5dee359087c4b9ae2c20477a4d5136d2695095b0438111838e7093c679bd3c20,"{""distance"":3,""physical_error_rate"":0.0005}","{""detection_events"":67776,""detectors_checked"":61710336,""obs_mistake_mask=E___"":2,""obs_mistake_mask=_EEE"":3,""obs_mistake_mask=_EE_"":2,""obs_mistake_mask=_E_E"":5,""obs_mistake_mask=_E__"":2,""obs_mistake_mask=__EE"":4,""obs_mistake_mask=__E_"":1,""obs_mistake_mask=___E"":2}"
   1517568,         1,         0,   116.0,decoder_by_matrix,cd5aa4935a142b600239883e928f6c7fc9fbc8c84161e9ed59cf2551b7ebfc3d,"{""distance"":3,""physical_error_rate"":5e-05}","{""detection_events"":9447,""detectors_checked"":81948672,""obs_mistake_mask=___E"":1}"
   1148928,        21,         0,   117.4,decoder_by_matrix,5dee359087c4b9ae2c20477a4d5136d2695095b0438111838e7093c679bd3c20,"{""distance"":3,""physical_error_rate"":0.0005}","{""detection_events"":69174,""detectors_checked"":62042112,""obs_mistake_mask=_EEE"":1,""obs_mistake_mask=_EE_"":2,""obs_mistake_mask=_E__"":5,""obs_mistake_mask=__EE"":2,""obs_mistake_mask=__E_"":1,""obs_mistake_mask=___E"":10}"
   1502208,         0,         0,   116.5,decoder_by_matrix,cd5aa4935a142b600239883e928f6c7fc9fbc8c84161e9ed59cf2551b7ebfc3d,"{""distance"":3,""physical_error_rate"":5e-05}","{""detection_events"":9351,""detectors_checked"":81119232}"
   1285120,         1,         0,   118.7,decoder_by_matrix,c8397cb2c46e4683a6f3970bc42cef1aabfef4d80cfcd6b8313e87630b680ee2,"{""distance"":3,""physical_error_rate"":0.0001}","{""detection_events"":15654,""detectors_checked"":69396480,""obs_mistake_mask=___E"":1}"
   3030016,         0,         0,   115.5,decoder_by_matrix,b3c6da8537ae85d54cd5acd57fc4d5a00e23be04de7c70760ac5fa4b0f5f70dc,"{""distance"":3,""physical_error_rate"":1e-06}","{""detection_events"":372,""detectors_checked"":163620864}"
   2728960,         0,         0,   116.4,decoder_by_matrix,1222905ef2c3e0b3841e2be415851bad02a0949e12b9844f6b979980572eaa40,"{""distance"":3,""physical_error_rate"":5e-06}","{""detection_events"":1503,""detectors_checked"":147363840}"
   1524736,         0,         0,   117.4,decoder_by_matrix,cd5aa4935a142b600239883e928f6c7fc9fbc8c84161e9ed59cf2551b7ebfc3d,"{""distance"":3,""physical_error_rate"":5e-05}","{""detection_events"":9255,""detectors_checked"":82335744}"
   1292288,         2,         0,   117.8,decoder_by_matrix,c8397cb2c46e4683a6f3970bc42cef1aabfef4d80cfcd6b8313e87630b680ee2,"{""distance"":3,""physical_error_rate"":0.0001}","{""detection_events"":15285,""detectors_checked"":69783552,""obs_mistake_mask=___E"":2}"
   1134592,        23,         0,   117.3,decoder_by_matrix,5dee359087c4b9ae2c20477a4d5136d2695095b0438111838e7093c679bd3c20,"{""distance"":3,""physical_error_rate"":0.0005}","{""detection_events"":67713,""detectors_checked"":61267968,""obs_mistake_mask=E___"":1,""obs_mistake_mask=_EEE"":1,""obs_mistake_mask=_EE_"":1,""obs_mistake_mask=_E_E"":3,""obs_mistake_mask=_E__"":3,""obs_mistake_mask=__EE"":4,""obs_mistake_mask=__E_"":6,""obs_mistake_mask=___E"":4}"
   2412544,         0,         0,   117.3,decoder_by_matrix,73784f3389b885bc1b704dac0b44b83e08b79da81bcec9ed749229213445f550,"{""distance"":3,""physical_error_rate"":1e-05}","{""detection_events"":3027,""detectors_checked"":130277376}"
   2703360,         0,         0,   114.0,decoder_by_matrix,1222905ef2c3e0b3841e2be415851bad02a0949e12b9844f6b979980572eaa40,"{""distance"":3,""physical_error_rate"":5e-06}","{""detection_events"":1680,""detectors_checked"":145981440}"
   1284096,         2,         0,   116.6,decoder_by_matrix,c8397cb2c46e4683a6f3970bc42cef1aabfef4d80cfcd6b8313e87630b680ee2,"{""distance"":3,""physical_error_rate"":0.0001}","{""detection_events"":15492,""detectors_checked"":69341184,""obs_mistake_mask=_EEE"":1,""obs_mistake_mask=_EE_"":1}"
   2676736,         0,         0,   116.9,decoder_by_matrix,1222905ef2c3e0b3841e2be415851bad02a0949e12b9844f6b979980572eaa40,"{""distance"":3,""physical_error_rate"":5e-06}","{""detection_events"":1704,""detectors_checked"":144543744}"
   3057664,         0,         0,   114.9,decoder_by_matrix,b3c6da8537ae85d54cd5acd57fc4d5a00e23be04de7c70760ac5fa4b0f5f70dc,"{""distance"":3,""physical_error_rate"":1e-06}","{""detection_events"":378,""detectors_checked"":165113856}"
   1149952,        24,         0,   115.5,decoder_by_matrix,5dee359087c4b9ae2c20477a4d5136d2695095b0438111838e7093c679bd3c20,"{""distance"":3,""physical_error_rate"":0.0005}","{""detection_events"":68706,""detectors_checked"":62097408,""obs_mistake_mask=E___"":4,""obs_mistake_mask=_EEE"":4,""obs_mistake_mask=_EE_"":2,""obs_mistake_mask=_E_E"":2,""obs_mistake_mask=_E__"":4,""obs_mistake_mask=__EE"":1,""obs_mistake_mask=__E_"":4,""obs_mistake_mask=___E"":3}"
   2685952,         0,         0,   116.2,decoder_by_matrix,1222905ef2c3e0b3841e2be415851bad02a0949e12b9844f6b979980572eaa40,"{""distance"":3,""physical_error_rate"":5e-06}","{""detection_events"":1665,""detectors_checked"":145041408}"
   2413568,         0,         0,   114.8,decoder_by_matrix,73784f3389b885bc1b704dac0b44b83e08b79da81bcec9ed749229213445f550,"{""distance"":3,""physical_error_rate"":1e-05}","{""detection_events"":2958,""detectors_checked"":130332672}"
   1521664,         0,         0,   117.2,decoder_by_matrix,cd5aa4935a142b600239883e928f6c7fc9fbc8c84161e9ed59cf2551b7ebfc3d,"{""distance"":3,""physical_error_rate"":5e-05}","{""detection_events"":9222,""detectors_checked"":82169856}"
   2406400,         0,         0,   114.8,decoder_by_matrix,73784f3389b885bc1b704dac0b44b83e08b79da81bcec9ed749229213445f550,"{""distance"":3,""physical_error_rate"":1e-05}","{""detection_events"":2826,""detectors_checked"":129945600}"
   1504256,         0,         0,   117.9,decoder_by_matrix,cd5aa4935a142b600239883e928f6c7fc9fbc8c84161e9ed59cf2551b7ebfc3d,"{""distance"":3,""physical_error_rate"":5e-05}","{""detection_events"":9384,""detectors_checked"":81229824}"
   1277952,         1,         0,   117.7,decoder_by_matrix,c8397cb2c46e4683a6f3970bc42cef1aabfef4d80cfcd6b8313e87630b680ee2,"{""distance"":3,""physical_error_rate"":0.0001}","{""detection_events"":15618,""detectors_checked"":69009408,""obs_mistake_mask=_E_E"":1}"
   3023872,         0,         0,   114.2,decoder_by_matrix,b3c6da8537ae85d54cd5acd57fc4d5a00e23be04de7c70760ac5fa4b0f5f70dc,"{""distance"":3,""physical_error_rate"":1e-06}","{""detection_events"":414,""detectors_checked"":163289088}"
   1527808,         1,         0,   115.4,decoder_by_matrix,cd5aa4935a142b600239883e928f6c7fc9fbc8c84161e9ed59cf2551b7ebfc3d,"{""distance"":3,""physical_error_rate"":5e-05}","{""detection_events"":9237,""detectors_checked"":82501632,""obs_mistake_mask=_E__"":1}"
   1143808,        23,         0,   116.0,decoder_by_matrix,5dee359087c4b9ae2c20477a4d5136d2695095b0438111838e7093c679bd3c20,"{""distance"":3,""physical_error_rate"":0.0005}","{""detection_events"":67770,""detectors_checked"":61765632,""obs_mistake_mask=E___"":1,""obs_mistake_mask=_EEE"":2,""obs_mistake_mask=_EE_"":3,""obs_mistake_mask=_E_E"":3,""obs_mistake_mask=_E__"":7,""obs_mistake_mask=__EE"":2,""obs_mistake_mask=__E_"":1,""obs_mistake_mask=___E"":4}"
   1143808,        23,         0,   117.6,decoder_by_matrix,5dee359087c4b9ae2c20477a4d5136d2695095b0438111838e7093c679bd3c20,"{""distance"":3,""physical_error_rate"":0.0005}","{""detection_events"":69000,""detectors_checked"":61765632,""obs_mistake_mask=E___"":2,""obs_mistake_mask=_EEE"":2,""obs_mistake_mask=_EE_"":1,""obs_mistake_mask=_E_E"":1,""obs_mistake_mask=_E__"":2,""obs_mistake_mask=__EE"":4,""obs_mistake_mask=__E_"":6,""obs_mistake_mask=___E"":5}"
   2424832,         0,         0,   114.9,decoder_by_matrix,73784f3389b885bc1b704dac0b44b83e08b79da81bcec9ed749229213445f550,"{""distance"":3,""physical_error_rate"":1e-05}","{""detection_events"":2910,""detectors_checked"":130940928}"
   3063808,         0,         0,   114.5,decoder_by_matrix,b3c6da8537ae85d54cd5acd57fc4d5a00e23be04de7c70760ac5fa4b0f5f70dc,"{""distance"":3,""physical_error_rate"":1e-06}","{""detection_events"":279,""detectors_checked"":165445632}"
   2356224,         0,         0,   114.9,decoder_by_matrix,73784f3389b885bc1b704dac0b44b83e08b79da81bcec9ed749229213445f550,"{""distance"":3,""physical_error_rate"":1e-05}","{""detection_events"":2895,""detectors_checked"":127236096}"
   3088384,         0,         0,   114.2,decoder_by_matrix,b3c6da8537ae85d54cd5acd57fc4d5a00e23be04de7c70760ac5fa4b0f5f70dc,"{""distance"":3,""physical_error_rate"":1e-06}","{""detection_events"":258,""detectors_checked"":166772736}"
   2725888,         0,         0,   116.1,decoder_by_matrix,1222905ef2c3e0b3841e2be415851bad02a0949e12b9844f6b979980572eaa40,"{""distance"":3,""physical_error_rate"":5e-06}","{""detection_events"":1635,""detectors_checked"":147197952}"
   3052544,         0,         0,   114.8,decoder_by_matrix,b3c6da8537ae85d54cd5acd57fc4d5a00e23be04de7c70760ac5fa4b0f5f70dc,"{""distance"":3,""physical_error_rate"":1e-06}","{""detection_events"":438,""detectors_checked"":164837376}"
   1496064,         0,         0,   117.2,decoder_by_matrix,cd5aa4935a142b600239883e928f6c7fc9fbc8c84161e9ed59cf2551b7ebfc3d,"{""distance"":3,""physical_error_rate"":5e-05}","{""detection_events"":9429,""detectors_checked"":80787456}"
   1147904,        21,         0,   116.9,decoder_by_matrix,5dee359087c4b9ae2c20477a4d5136d2695095b0438111838e7093c679bd3c20,"{""distance"":3,""physical_error_rate"":0.0005}","{""detection_events"":68265,""detectors_checked"":61986816,""obs_mistake_mask=E___"":1,""obs_mistake_mask=_EEE"":1,""obs_mistake_mask=_EE_"":1,""obs_mistake_mask=_E__"":3,""obs_mistake_mask=__EE"":3,""obs_mistake_mask=__E_"":8,""obs_mistake_mask=___E"":4}"
   1143808,        18,         0,   116.3,decoder_by_matrix,5dee359087c4b9ae2c20477a4d5136d2695095b0438111838e7093c679bd3c20,"{""distance"":3,""physical_error_rate"":0.0005}","{""detection_events"":68631,""detectors_checked"":61765632,""obs_mistake_mask=E___"":6,""obs_mistake_mask=_EEE"":1,""obs_mistake_mask=_EE_"":2,""obs_mistake_mask=_E_E"":2,""obs_mistake_mask=_E__"":2,""obs_mistake_mask=__EE"":1,""obs_mistake_mask=__E_"":2,""obs_mistake_mask=___E"":2}"
   1283072,         2,         0,   118.5,decoder_by_matrix,c8397cb2c46e4683a6f3970bc42cef1aabfef4d80cfcd6b8313e87630b680ee2,"{""distance"":3,""physical_error_rate"":0.0001}","{""detection_events"":15564,""detectors_checked"":69285888,""obs_mistake_mask=_EE_"":1,""obs_mistake_mask=_E__"":1}"
   1283072,         0,         0,   117.9,decoder_by_matrix,c8397cb2c46e4683a6f3970bc42cef1aabfef4d80cfcd6b8313e87630b680ee2,"{""distance"":3,""physical_error_rate"":0.0001}","{""detection_events"":15564,""detectors_checked"":69285888}"
   1500160,         0,         0,   117.1,decoder_by_matrix,cd5aa4935a142b600239883e928f6c7fc9fbc8c84161e9ed59cf2551b7ebfc3d,"{""distance"":3,""physical_error_rate"":5e-05}","{""detection_events"":9585,""detectors_checked"":81008640}"
   1284096,         0,         0,   116.4,decoder_by_matrix,c8397cb2c46e4683a6f3970bc42cef1aabfef4d80cfcd6b8313e87630b680ee2,"{""distance"":3,""physical_error_rate"":0.0001}","{""detection_events"":15018,""detectors_checked"":69341184}"
   2726912,         0,         0,   116.8,decoder_by_matrix,1222905ef2c3e0b3841e2be415851bad02a0949e12b9844f6b979980572eaa40,"{""distance"":3,""physical_error_rate"":5e-06}","{""detection_events"":1710,""detectors_checked"":147253248}"
   2723840,         0,         0,   113.0,decoder_by_matrix,1222905ef2c3e0b3841e2be415851bad02a0949e12b9844f6b979980572eaa40,"{""distance"":3,""physical_error_rate"":5e-06}","{""detection_events"":1665,""detectors_checked"":147087360}"
   2712576,         0,         0,   116.5,decoder_by_matrix,1222905ef2c3e0b3841e2be415851bad02a0949e12b9844f6b979980572eaa40,"{""distance"":3,""physical_error_rate"":5e-06}","{""detection_events"":1521,""detectors_checked"":146479104}"
   3069952,         0,         0,   115.4,decoder_by_matrix,b3c6da8537ae85d54cd5acd57fc4d5a00e23be04de7c70760ac5fa4b0f5f70dc,"{""distance"":3,""physical_error_rate"":1e-06}","{""detection_events"":345,""detectors_checked"":165777408}"
   1512448,         1,         0,   116.5,decoder_by_matrix,cd5aa4935a142b600239883e928f6c7fc9fbc8c84161e9ed59cf2551b7ebfc3d,"{""distance"":3,""physical_error_rate"":5e-05}","{""detection_events"":8721,""detectors_checked"":81672192,""obs_mistake_mask=_EE_"":1}"
   1278976,         0,         0,   116.7,decoder_by_matrix,c8397cb2c46e4683a6f3970bc42cef1aabfef4d80cfcd6b8313e87630b680ee2,"{""distance"":3,""physical_error_rate"":0.0001}","{""detection_events"":15129,""detectors_checked"":69064704}"
   2399232,         0,         0,   115.0,decoder_by_matrix,73784f3389b885bc1b704dac0b44b83e08b79da81bcec9ed749229213445f550,"{""distance"":3,""physical_error_rate"":1e-05}","{""detection_events"":3015,""detectors_checked"":129558528}"
   3004416,         0,         0,   115.4,decoder_by_matrix,b3c6da8537ae85d54cd5acd57fc4d5a00e23be04de7c70760ac5fa4b0f5f70dc,"{""distance"":3,""physical_error_rate"":1e-06}","{""detection_events"":456,""detectors_checked"":162238464}"
   1148928,        19,         0,   117.5,decoder_by_matrix,5dee359087c4b9ae2c20477a4d5136d2695095b0438111838e7093c679bd3c20,"{""distance"":3,""physical_error_rate"":0.0005}","{""detection_events"":68100,""detectors_checked"":62042112,""obs_mistake_mask=E___"":1,""obs_mistake_mask=_EEE"":5,""obs_mistake_mask=_EE_"":2,""obs_mistake_mask=_E__"":3,""obs_mistake_mask=__EE"":2,""obs_mistake_mask=__E_"":3,""obs_mistake_mask=___E"":3}"
   1510400,         0,         0,   116.7,decoder_by_matrix,cd5aa4935a142b600239883e928f6c7fc9fbc8c84161e9ed59cf2551b7ebfc3d,"{""distance"":3,""physical_error_rate"":5e-05}","{""detection_events"":8970,""detectors_checked"":81561600}"
   2404352,         0,         0,   116.4,decoder_by_matrix,73784f3389b885bc1b704dac0b44b83e08b79da81bcec9ed749229213445f550,"{""distance"":3,""physical_error_rate"":1e-05}","{""detection_events"":2976,""detectors_checked"":129835008}"
   2401280,         0,         0,   114.4,decoder_by_matrix,73784f3389b885bc1b704dac0b44b83e08b79da81bcec9ed749229213445f550,"{""distance"":3,""physical_error_rate"":1e-05}","{""detection_events"":2940,""detectors_checked"":129669120}"
   1129472,        23,         0,   116.5,decoder_by_matrix,5dee359087c4b9ae2c20477a4d5136d2695095b0438111838e7093c679bd3c20,"{""distance"":3,""physical_error_rate"":0.0005}","{""detection_events"":67176,""detectors_checked"":60991488,""obs_mistake_mask=E___"":3,""obs_mistake_mask=_EEE"":3,""obs_mistake_mask=_EE_"":1,""obs_mistake_mask=_E_E"":2,""obs_mistake_mask=_E__"":2,""obs_mistake_mask=__EE"":1,""obs_mistake_mask=__E_"":6,""obs_mistake_mask=___E"":5}"
   1284096,         1,         0,   118.5,decoder_by_matrix,c8397cb2c46e4683a6f3970bc42cef1aabfef4d80cfcd6b8313e87630b680ee2,"{""distance"":3,""physical_error_rate"":0.0001}","{""detection_events"":15807,""detectors_checked"":69341184,""obs_mistake_mask=_EE_"":1}"
   3069952,         0,         0,   114.2,decoder_by_matrix,b3c6da8537ae85d54cd5acd57fc4d5a00e23be04de7c70760ac5fa4b0f5f70dc,"{""distance"":3,""physical_error_rate"":1e-06}","{""detection_events"":351,""detectors_checked"":165777408}"
   2688000,         0,         0,   114.9,decoder_by_matrix,1222905ef2c3e0b3841e2be415851bad02a0949e12b9844f6b979980572eaa40,"{""distance"":3,""physical_error_rate"":5e-06}","{""detection_events"":1647,""detectors_checked"":145152000}"
   1557504,         1,         0,   117.2,decoder_by_matrix,cd5aa4935a142b600239883e928f6c7fc9fbc8c84161e9ed59cf2551b7ebfc3d,"{""distance"":3,""physical_error_rate"":5e-05}","{""detection_events"":9237,""detectors_checked"":84105216,""obs_mistake_mask=__E_"":1}"
   1149952,        28,         0,   116.7,decoder_by_matrix,5dee359087c4b9ae2c20477a4d5136d2695095b0438111838e7093c679bd3c20,"{""distance"":3,""physical_error_rate"":0.0005}","{""detection_events"":68394,""detectors_checked"":62097408,""obs_mistake_mask=E___"":2,""obs_mistake_mask=_EEE"":2,""obs_mistake_mask=_EE_"":2,""obs_mistake_mask=_E_E"":4,""obs_mistake_mask=_E__"":5,""obs_mistake_mask=__EE"":1,""obs_mistake_mask=__E_"":4,""obs_mistake_mask=___E"":8}"
   1281024,         1,         0,   118.8,decoder_by_matrix,c8397cb2c46e4683a6f3970bc42cef1aabfef4d80cfcd6b8313e87630b680ee2,"{""distance"":3,""physical_error_rate"":0.0001}","{""detection_events"":14805,""detectors_checked"":69175296,""obs_mistake_mask=__E_"":1}"
   2427904,         0,         0,   115.3,decoder_by_matrix,73784f3389b885bc1b704dac0b44b83e08b79da81bcec9ed749229213445f550,"{""distance"":3,""physical_error_rate"":1e-05}","{""detection_events"":2883,""detectors_checked"":131106816}"
   2412544,         0,         0,   116.2,decoder_by_matrix,73784f3389b885bc1b704dac0b44b83e08b79da81bcec9ed749229213445f550,"{""distance"":3,""physical_error_rate"":1e-05}","{""detection_events"":2754,""detectors_checked"":130277376}"
   3064832,         0,         0,   116.0,decoder_by_matrix,b3c6da8537ae85d54cd5acd57fc4d5a00e23be04de7c70760ac5fa4b0f5f70dc,"{""distance"":3,""physical_error_rate"":1e-06}","{""detection_events"":348,""detectors_checked"":165500928}"
   1275904,         2,         0,   116.3,decoder_by_matrix,c8397cb2c46e4683a6f3970bc42cef1aabfef4d80cfcd6b8313e87630b680ee2,"{""distance"":3,""physical_error_rate"":0.0001}","{""detection_events"":15567,""detectors_checked"":68898816,""obs_mistake_mask=E___"":1,""obs_mistake_mask=_EE_"":1}"
   2675712,         0,         0,   113.7,decoder_by_matrix,1222905ef2c3e0b3841e2be415851bad02a0949e12b9844f6b979980572eaa40,"{""distance"":3,""physical_error_rate"":5e-06}","{""detection_events"":1803,""detectors_checked"":144488448}"
   2419712,         0,         0,   116.2,decoder_by_matrix,73784f3389b885bc1b704dac0b44b83e08b79da81bcec9ed749229213445f550,"{""distance"":3,""physical_error_rate"":1e-05}","{""detection_events"":2751,""detectors_checked"":130664448}"
   1142784,        21,         0,   117.7,decoder_by_matrix,5dee359087c4b9ae2c20477a4d5136d2695095b0438111838e7093c679bd3c20,"{""distance"":3,""physical_error_rate"":0.0005}","{""detection_events"":68841,""detectors_checked"":61710336,""obs_mistake_mask=_EEE"":4,""obs_mistake_mask=_E_E"":1,""obs_mistake_mask=_E__"":6,""obs_mistake_mask=__EE"":1,""obs_mistake_mask=__E_"":5,""obs_mistake_mask=___E"":4}"
   1537024,         0,         0,   116.1,decoder_by_matrix,cd5aa4935a142b600239883e928f6c7fc9fbc8c84161e9ed59cf2551b7ebfc3d,"{""distance"":3,""physical_error_rate"":5e-05}","{""detection_events"":9222,""detectors_checked"":82999296}"
   1148928,        16,         0,   116.1,decoder_by_matrix,5dee359087c4b9ae2c20477a4d5136d2695095b0438111838e7093c679bd3c20,"{""distance"":3,""physical_error_rate"":0.0005}","{""detection_events"":70146,""detectors_checked"":62042112,""obs_mistake_mask=_EEE"":1,""obs_mistake_mask=_EE_"":2,""obs_mistake_mask=_E_E"":2,""obs_mistake_mask=_E__"":4,""obs_mistake_mask=__EE"":4,""obs_mistake_mask=__E_"":2,""obs_mistake_mask=___E"":1}"
   1509376,         1,         0,   117.2,decoder_by_matrix,cd5aa4935a142b600239883e928f6c7fc9fbc8c84161e9ed59cf2551b7ebfc3d,"{""distance"":3,""physical_error_rate"":5e-05}","{""detection_events"":9237,""detectors_checked"":81506304,""obs_mistake_mask=_EE_"":1}"
   1266688,         3,         0,   115.8,decoder_by_matrix,c8397cb2c46e4683a6f3970bc42cef1aabfef4d80cfcd6b8313e87630b680ee2,"{""distance"":3,""physical_error_rate"":0.0001}","{""detection_events"":15051,""detectors_checked"":68401152,""obs_mistake_mask=E___"":1,""obs_mistake_mask=_EEE"":2}"
   3030016,         0,         0,   115.6,decoder_by_matrix,b3c6da8537ae85d54cd5acd57fc4d5a00e23be04de7c70760ac5fa4b0f5f70dc,"{""distance"":3,""physical_error_rate"":1e-06}","{""detection_events"":390,""detectors_checked"":163620864}"
   1501184,         0,         0,   117.9,decoder_by_matrix,cd5aa4935a142b600239883e928f6c7fc9fbc8c84161e9ed59cf2551b7ebfc3d,"{""distance"":3,""physical_error_rate"":5e-05}","{""detection_events"":9135,""detectors_checked"":81063936}"
   2739200,         0,         0,   115.4,decoder_by_matrix,1222905ef2c3e0b3841e2be415851bad02a0949e12b9844f6b979980572eaa40,"{""distance"":3,""physical_error_rate"":5e-06}","{""detection_events"":1593,""detectors_checked"":147916800}"
   1278976,         0,         0,   116.1,decoder_by_matrix,c8397cb2c46e4683a6f3970bc42cef1aabfef4d80cfcd6b8313e87630b680ee2,"{""distance"":3,""physical_error_rate"":0.0001}","{""detection_events"":16008,""detectors_checked"":69064704}"
   1131520,        18,         0,   116.4,decoder_by_matrix,5dee359087c4b9ae2c20477a4d5136d2695095b0438111838e7093c679bd3c20,"{""distance"":3,""physical_error_rate"":0.0005}","{""detection_events"":68118,""detectors_checked"":61102080,""obs_mistake_mask=_EEE"":2,""obs_mistake_mask=_EE_"":2,""obs_mistake_mask=_E_E"":1,""obs_mistake_mask=_E__"":1,""obs_mistake_mask=__EE"":5,""obs_mistake_mask=__E_"":2,""obs_mistake_mask=___E"":5}"
   2445312,         0,         0,   115.7,decoder_by_matrix,73784f3389b885bc1b704dac0b44b83e08b79da81bcec9ed749229213445f550,"{""distance"":3,""physical_error_rate"":1e-05}","{""detection_events"":2691,""detectors_checked"":132046848}"
   2731008,         0,         0,   116.6,decoder_by_matrix,1222905ef2c3e0b3841e2be415851bad02a0949e12b9844f6b979980572eaa40,"{""distance"":3,""physical_error_rate"":5e-06}","{""detection_events"":1530,""detectors_checked"":147474432}"
   1280000,         0,         0,   118.0,decoder_by_matrix,c8397cb2c46e4683a6f3970bc42cef1aabfef4d80cfcd6b8313e87630b680ee2,"{""distance"":3,""physical_error_rate"":0.0001}","{""detection_events"":15729,""detectors_checked"":69120000}"
   1148928,        18,         0,   117.4,decoder_by_matrix,5dee359087c4b9ae2c20477a4d5136d2695095b0438111838e7093c679bd3c20,"{""distance"":3,""physical_error_rate"":0.0005}","{""detection_events"":67875,""detectors_checked"":62042112,""obs_mistake_mask=E___"":3,""obs_mistake_mask=_EE_"":4,""obs_mistake_mask=_E_E"":1,""obs_mistake_mask=_E__"":3,""obs_mistake_mask=__EE"":1,""obs_mistake_mask=__E_"":3,""obs_mistake_mask=___E"":3}"
   3043328,         0,         0,   117.1,decoder_by_matrix,b3c6da8537ae85d54cd5acd57fc4d5a00e23be04de7c70760ac5fa4b0f5f70dc,"{""distance"":3,""physical_error_rate"":1e-06}","{""detection_events"":366,""detectors_checked"":164339712}"
   2711552,         0,         0,   115.7,decoder_by_matrix,1222905ef2c3e0b3841e2be415851bad02a0949e12b9844f6b979980572eaa40,"{""distance"":3,""physical_error_rate"":5e-06}","{""detection_events"":1701,""detectors_checked"":146423808}"
   2686976,         0,         0,   115.9,decoder_by_matrix,1222905ef2c3e0b3841e2be415851bad02a0949e12b9844f6b979980572eaa40,"{""distance"":3,""physical_error_rate"":5e-06}","{""detection_events"":1563,""detectors_checked"":145096704}"
   1298432,         0,         0,   117.0,decoder_by_matrix,c8397cb2c46e4683a6f3970bc42cef1aabfef4d80cfcd6b8313e87630b680ee2,"{""distance"":3,""physical_error_rate"":0.0001}","{""detection_events"":15609,""detectors_checked"":70115328}"
   1532928,         0,         0,   117.2,decoder_by_matrix,cd5aa4935a142b600239883e928f6c7fc9fbc8c84161e9ed59cf2551b7ebfc3d,"{""distance"":3,""physical_error_rate"":5e-05}","{""detection_events"":9051,""detectors_checked"":82778112}"
   2371584,         0,         0,   116.9,decoder_by_matrix,73784f3389b885bc1b704dac0b44b83e08b79da81bcec9ed749229213445f550,"{""distance"":3,""physical_error_rate"":1e-05}","{""detection_events"":2988,""detectors_checked"":128065536}"
   1526784,         0,         0,   117.9,decoder_by_matrix,cd5aa4935a142b600239883e928f6c7fc9fbc8c84161e9ed59cf2551b7ebfc3d,"{""distance"":3,""physical_error_rate"":5e-05}","{""detection_events"":9015,""detectors_checked"":82446336}"
   1143808,        22,         0,   117.3,decoder_by_matrix,5dee359087c4b9ae2c20477a4d5136d2695095b0438111838e7093c679bd3c20,"{""distance"":3,""physical_error_rate"":0.0005}","{""detection_events"":68604,""detectors_checked"":61765632,""obs_mistake_mask=_EEE"":3,""obs_mistake_mask=_EE_"":1,""obs_mistake_mask=_E_E"":4,""obs_mistake_mask=_E__"":3,""obs_mistake_mask=__EE"":1,""obs_mistake_mask=__E_"":7,""obs_mistake_mask=___E"":3}"
   2442240,         0,         0,   116.2,decoder_by_matrix,73784f3389b885bc1b704dac0b44b83e08b79da81bcec9ed749229213445f550,"{""distance"":3,""physical_error_rate"":1e-05}","{""detection_events"":2721,""detectors_checked"":131880960}"
   3041280,         0,         0,   112.2,decoder_by_matrix,b3c6da8537ae85d54cd5acd57fc4d5a00e23be04de7c70760ac5fa4b0f5f70dc,"{""distance"":3,""physical_error_rate"":1e-06}","{""detection_events"":396,""detectors_checked"":164229120}"
   1516544,         0,         0,   117.6,decoder_by_matrix,cd5aa4935a142b600239883e928f6c7fc9fbc8c84161e9ed59cf2551b7ebfc3d,"{""distance"":3,""physical_error_rate"":5e-05}","{""detection_events"":9024,""detectors_checked"":81893376}"
   2372608,         0,         0,   114.8,decoder_by_matrix,73784f3389b885bc1b704dac0b44b83e08b79da81bcec9ed749229213445f550,"{""distance"":3,""physical_error_rate"":1e-05}","{""detection_events"":3135,""detectors_checked"":128120832}"
   3019776,         0,         0,   113.8,decoder_by_matrix,b3c6da8537ae85d54cd5acd57fc4d5a00e23be04de7c70760ac5fa4b0f5f70dc,"{""distance"":3,""physical_error_rate"":1e-06}","{""detection_events"":366,""detectors_checked"":163067904}"
   1144832,        24,         0,   116.2,decoder_by_matrix,5dee359087c4b9ae2c20477a4d5136d2695095b0438111838e7093c679bd3c20,"{""distance"":3,""physical_error_rate"":0.0005}","{""detection_events"":68607,""detectors_checked"":61820928,""obs_mistake_mask=E___"":1,""obs_mistake_mask=_EEE"":3,""obs_mistake_mask=_EE_"":3,""obs_mistake_mask=_E_E"":2,""obs_mistake_mask=_E__"":2,""obs_mistake_mask=__EE"":1,""obs_mistake_mask=__E_"":6,""obs_mistake_mask=___E"":6}"
   3043328,         0,         0,   115.9,decoder_by_matrix,b3c6da8537ae85d54cd5acd57fc4d5a00e23be04de7c70760ac5fa4b0f5f70dc,"{""distance"":3,""physical_error_rate"":1e-06}","{""detection_events"":390,""detectors_checked"":164339712}"
   2399232,         0,         0,   116.4,decoder_by_matrix,73784f3389b885bc1b704dac0b44b83e08b79da81bcec9ed749229213445f550,"{""distance"":3,""physical_error_rate"":1e-05}","{""detection_events"":2811,""detectors_checked"":129558528}"
   2711552,         0,         0,   114.7,decoder_by_matrix,1222905ef2c3e0b3841e2be415851bad02a0949e12b9844f6b979980572eaa40,"{""distance"":3,""physical_error_rate"":5e-06}","{""detection_events"":1716,""detectors_checked"":146423808}"
   3045376,         0,         0,   113.4,decoder_by_matrix,b3c6da8537ae85d54cd5acd57fc4d5a00e23be04de7c70760ac5fa4b0f5f70dc,"{""distance"":3,""physical_error_rate"":1e-06}","{""detection_events"":399,""detectors_checked"":164450304}"
   1148928,        23,         0,   117.2,decoder_by_matrix,5dee359087c4b9ae2c20477a4d5136d2695095b0438111838e7093c679bd3c20,"{""distance"":3,""physical_error_rate"":0.0005}","{""detection_events"":68925,""detectors_checked"":62042112,""obs_mistake_mask=E___"":2,""obs_mistake_mask=_EEE"":1,""obs_mistake_mask=_EE_"":4,""obs_mistake_mask=_E_E"":2,""obs_mistake_mask=_E__"":1,""obs_mistake_mask=__EE"":5,""obs_mistake_mask=__E_"":4,""obs_mistake_mask=___E"":4}"
   1144832,        25,         0,   116.4,decoder_by_matrix,5dee359087c4b9ae2c20477a4d5136d2695095b0438111838e7093c679bd3c20,"{""distance"":3,""physical_error_rate"":0.0005}","{""detection_events"":66984,""detectors_checked"":61820928,""obs_mistake_mask=E___"":1,""obs_mistake_mask=_EEE"":2,""obs_mistake_mask=_EE_"":6,""obs_mistake_mask=_E_E"":4,""obs_mistake_mask=_E__"":4,""obs_mistake_mask=__EE"":1,""obs_mistake_mask=__E_"":2,""obs_mistake_mask=___E"":5}"
   1553408,         0,         0,   118.6,decoder_by_matrix,cd5aa4935a142b600239883e928f6c7fc9fbc8c84161e9ed59cf2551b7ebfc3d,"{""distance"":3,""physical_error_rate"":5e-05}","{""detection_events"":9186,""detectors_checked"":83884032}"
   1286144,         1,         0,   117.4,decoder_by_matrix,c8397cb2c46e4683a6f3970bc42cef1aabfef4d80cfcd6b8313e87630b680ee2,"{""distance"":3,""physical_error_rate"":0.0001}","{""detection_events"":14661,""detectors_checked"":69451776,""obs_mistake_mask=___E"":1}"
   1280000,         2,         0,   116.3,decoder_by_matrix,c8397cb2c46e4683a6f3970bc42cef1aabfef4d80cfcd6b8313e87630b680ee2,"{""distance"":3,""physical_error_rate"":0.0001}","{""detection_events"":15345,""detectors_checked"":69120000,""obs_mistake_mask=_EE_"":1,""obs_mistake_mask=___E"":1}"
   1298432,         0,         0,   116.8,decoder_by_matrix,c8397cb2c46e4683a6f3970bc42cef1aabfef4d80cfcd6b8313e87630b680ee2,"{""distance"":3,""physical_error_rate"":0.0001}","{""detection_events"":15186,""detectors_checked"":70115328}"
   1519616,         0,         0,   117.0,decoder_by_matrix,cd5aa4935a142b600239883e928f6c7fc9fbc8c84161e9ed59cf2551b7ebfc3d,"{""distance"":3,""physical_error_rate"":5e-05}","{""detection_events"":8976,""detectors_checked"":82059264}"
   2699264,         0,         0,   115.1,decoder_by_matrix,1222905ef2c3e0b3841e2be415851bad02a0949e12b9844f6b979980572eaa40,"{""distance"":3,""physical_error_rate"":5e-06}","{""detection_events"":1644,""detectors_checked"":145760256}"
   2731008,         0,         0,   114.9,decoder_by_matrix,1222905ef2c3e0b3841e2be415851bad02a0949e12b9844f6b979980572eaa40,"{""distance"":3,""physical_error_rate"":5e-06}","{""detection_events"":1506,""detectors_checked"":147474432}"
   2724864,         0,         0,   113.9,decoder_by_matrix,1222905ef2c3e0b3841e2be415851bad02a0949e12b9844f6b979980572eaa40,"{""distance"":3,""physical_error_rate"":5e-06}","{""detection_events"":1536,""detectors_checked"":147142656}"
   3052544,         0,         0,   114.9,decoder_by_matrix,b3c6da8537ae85d54cd5acd57fc4d5a00e23be04de7c70760ac5fa4b0f5f70dc,"{""distance"":3,""physical_error_rate"":1e-06}","{""detection_events"":378,""detectors_checked"":164837376}"
   1525760,         1,         0,   116.0,decoder_by_matrix,cd5aa4935a142b600239883e928f6c7fc9fbc8c84161e9ed59cf2551b7ebfc3d,"{""distance"":3,""physical_error_rate"":5e-05}","{""detection_events"":8862,""detectors_checked"":82391040,""obs_mistake_mask=___E"":1}"
   1283072,         0,         0,   116.9,decoder_by_matrix,c8397cb2c46e4683a6f3970bc42cef1aabfef4d80cfcd6b8313e87630b680ee2,"{""distance"":3,""physical_error_rate"":0.0001}","{""detection_events"":15000,""detectors_checked"":69285888}"
   2432000,         0,         0,   116.2,decoder_by_matrix,73784f3389b885bc1b704dac0b44b83e08b79da81bcec9ed749229213445f550,"{""distance"":3,""physical_error_rate"":1e-05}","{""detection_events"":2793,""detectors_checked"":131328000}"
   3042304,         0,         0,   113.1,decoder_by_matrix,b3c6da8537ae85d54cd5acd57fc4d5a00e23be04de7c70760ac5fa4b0f5f70dc,"{""distance"":3,""physical_error_rate"":1e-06}","{""detection_events"":273,""detectors_checked"":164284416}"
   1148928,        25,         0,   116.6,decoder_by_matrix,5dee359087c4b9ae2c20477a4d5136d2695095b0438111838e7093c679bd3c20,"{""distance"":3,""physical_error_rate"":0.0005}","{""detection_events"":69174,""detectors_checked"":62042112,""obs_mistake_mask=_EEE"":2,""obs_mistake_mask=_EE_"":2,""obs_mistake_mask=_E_E"":1,""obs_mistake_mask=_E__"":6,""obs_mistake_mask=__EE"":4,""obs_mistake_mask=__E_"":7,""obs_mistake_mask=___E"":3}"
   1497088,         0,         0,   117.2,decoder_by_matrix,cd5aa4935a142b600239883e928f6c7fc9fbc8c84161e9ed59cf2551b7ebfc3d,"{""distance"":3,""physical_error_rate"":5e-05}","{""detection_events"":8808,""detectors_checked"":80842752}"
   2397184,         0,         0,   115.3,decoder_by_matrix,73784f3389b885bc1b704dac0b44b83e08b79da81bcec9ed749229213445f550,"{""distance"":3,""physical_error_rate"":1e-05}","{""detection_events"":2961,""detectors_checked"":129447936}"
   1129472,        24,         0,   117.6,decoder_by_matrix,5dee359087c4b9ae2c20477a4d5136d2695095b0438111838e7093c679bd3c20,"{""distance"":3,""physical_error_rate"":0.0005}","{""detection_events"":67323,""detectors_checked"":60991488,""obs_mistake_mask=E___"":2,""obs_mistake_mask=_EEE"":3,""obs_mistake_mask=_EE_"":1,""obs_mistake_mask=_E_E"":2,""obs_mistake_mask=_E__"":5,""obs_mistake_mask=__EE"":1,""obs_mistake_mask=__E_"":4,""obs_mistake_mask=___E"":6}"
   2394112,         0,         0,   115.9,decoder_by_matrix,73784f3389b885bc1b704dac0b44b83e08b79da81bcec9ed749229213445f550,"{""distance"":3,""physical_error_rate"":1e-05}","{""detection_events"":2949,""detectors_checked"":129282048}"
   1278976,         0,         0,   117.2,decoder_by_matrix,c8397cb2c46e4683a6f3970bc42cef1aabfef4d80cfcd6b8313e87630b680ee2,"{""distance"":3,""physical_error_rate"":0.0001}","{""detection_events"":15516,""detectors_checked"":69064704}"
   3070976,         0,         0,   115.6,decoder_by_matrix,b3c6da8537ae85d54cd5acd57fc4d5a00e23be04de7c70760ac5fa4b0f5f70dc,"{""distance"":3,""physical_error_rate"":1e-06}","{""detection_events"":342,""detectors_checked"":165832704}"
   1539072,         0,         0,   115.0,decoder_by_matrix,cd5aa4935a142b600239883e928f6c7fc9fbc8c84161e9ed59cf2551b7ebfc3d,"{""distance"":3,""physical_error_rate"":5e-05}","{""detection_events"":8685,""detectors_checked"":83109888}"
   1145856,        18,         0,   117.6,decoder_by_matrix,5dee359087c4b9ae2c20477a4d5136d2695095b0438111838e7093c679bd3c20,"{""distance"":3,""physical_error_rate"":0.0005}","{""detection_events"":68466,""detectors_checked"":61876224,""obs_mistake_mask=E___"":4,""obs_mistake_mask=_EEE"":4,""obs_mistake_mask=_E_E"":1,""obs_mistake_mask=_E__"":2,""obs_mistake_mask=__EE"":1,""obs_mistake_mask=__E_"":3,""obs_mistake_mask=___E"":3}"
   2709504,         0,         0,   115.6,decoder_by_matrix,1222905ef2c3e0b3841e2be415851bad02a0949e12b9844f6b979980572eaa40,"{""distance"":3,""physical_error_rate"":5e-06}","{""detection_events"":1563,""detectors_checked"":146313216}"
   1272832,         2,         0,   117.9,decoder_by_matrix,c8397cb2c46e4683a6f3970bc42cef1aabfef4d80cfcd6b8313e87630b680ee2,"{""distance"":3,""physical_error_rate"":0.0001}","{""detection_events"":16011,""detectors_checked"":68732928,""obs_mistake_mask=_EE_"":1,""obs_mistake_mask=__EE"":1}"
   2395136,         0,         0,   116.6,decoder_by_matrix,73784f3389b885bc1b704dac0b44b83e08b79da81bcec9ed749229213445f550,"{""distance"":3,""physical_error_rate"":1e-05}","{""detection_events"":3000,""detectors_checked"":129337344}"
   2400256,         0,         0,   114.3,decoder_by_matrix,73784f3389b885bc1b704dac0b44b83e08b79da81bcec9ed749229213445f550,"{""distance"":3,""physical_error_rate"":1e-05}","{""detection_events"":2997,""detectors_checked"":129613824}"
   3030016,         0,         0,   114.3,decoder_by_matrix,b3c6da8537ae85d54cd5acd57fc4d5a00e23be04de7c70760ac5fa4b0f5f70dc,"{""distance"":3,""physical_error_rate"":1e-06}","{""detection_events"":411,""detectors_checked"":163620864}"
   1280000,         1,         0,   117.0,decoder_by_matrix,c8397cb2c46e4683a6f3970bc42cef1aabfef4d80cfcd6b8313e87630b680ee2,"{""distance"":3,""physical_error_rate"":0.0001}","{""detection_events"":15228,""detectors_checked"":69120000,""obs_mistake_mask=_EE_"":1}"
   2672640,         0,         0,   116.2,decoder_by_matrix,1222905ef2c3e0b3841e2be415851bad02a0949e12b9844f6b979980572eaa40,"{""distance"":3,""physical_error_rate"":5e-06}","{""detection_events"":1836,""detectors_checked"":144322560}"
   2366464,         0,         0,   116.2,decoder_by_matrix,73784f3389b885bc1b704dac0b44b83e08b79da81bcec9ed749229213445f550,"{""distance"":3,""physical_error_rate"":1e-05}","{""detection_events"":3042,""detectors_checked"":127789056}"
   1140736,        18,         0,   117.3,decoder_by_matrix,5dee359087c4b9ae2c20477a4d5136d2695095b0438111838e7093c679bd3c20,"{""distance"":3,""physical_error_rate"":0.0005}","{""detection_events"":67590,""detectors_checked"":61599744,""obs_mistake_mask=_EEE"":4,""obs_mistake_mask=_EE_"":3,""obs_mistake_mask=_E_E"":2,""obs_mistake_mask=_E__"":1,""obs_mistake_mask=__EE"":2,""obs_mistake_mask=__E_"":4,""obs_mistake_mask=___E"":2}"
   1517568,         0,         0,   116.2,decoder_by_matrix,cd5aa4935a142b600239883e928f6c7fc9fbc8c84161e9ed59cf2551b7ebfc3d,"{""distance"":3,""physical_error_rate"":5e-05}","{""detection_events"":9018,""detectors_checked"":81948672}"
   1148928,        24,         0,   115.9,decoder_by_matrix,5dee359087c4b9ae2c20477a4d5136d2695095b0438111838e7093c679bd3c20,"{""distance"":3,""physical_error_rate"":0.0005}","{""detection_events"":68280,""detectors_checked"":62042112,""obs_mistake_mask=E___"":2,""obs_mistake_mask=_EEE"":4,""obs_mistake_mask=_EE_"":2,""obs_mistake_mask=_E_E"":1,""obs_mistake_mask=_E__"":5,""obs_mistake_mask=__EE"":1,""obs_mistake_mask=__E_"":7,""obs_mistake_mask=___E"":2}"
   1550336,         0,         0,   117.6,decoder_by_matrix,cd5aa4935a142b600239883e928f6c7fc9fbc8c84161e9ed59cf2551b7ebfc3d,"{""distance"":3,""physical_error_rate"":5e-05}","{""detection_events"":8799,""detectors_checked"":83718144}"
   1291264,         0,         0,   116.7,decoder_by_matrix,c8397cb2c46e4683a6f3970bc42cef1aabfef4d80cfcd6b8313e87630b680ee2,"{""distance"":3,""physical_error_rate"":0.0001}","{""detection_events"":15240,""detectors_checked"":69728256}"
   3039232,         0,         0,   113.9,decoder_by_matrix,b3c6da8537ae85d54cd5acd57fc4d5a00e23be04de7c70760ac5fa4b0f5f70dc,"{""distance"":3,""physical_error_rate"":1e-06}","{""detection_events"":351,""detectors_checked"":164118528}"
   1532928,         0,         0,   116.6,decoder_by_matrix,cd5aa4935a142b600239883e928f6c7fc9fbc8c84161e9ed59cf2551b7ebfc3d,"{""distance"":3,""physical_error_rate"":5e-05}","{""detection_events"":9012,""detectors_checked"":82778112}"
   2725888,         0,         0,   114.4,decoder_by_matrix,1222905ef2c3e0b3841e2be415851bad02a0949e12b9844f6b979980572eaa40,"{""distance"":3,""physical_error_rate"":5e-06}","{""detection_events"":1569,""detectors_checked"":147197952}"
   1262592,         1,         0,   117.8,decoder_by_matrix,c8397cb2c46e4683a6f3970bc42cef1aabfef4d80cfcd6b8313e87630b680ee2,"{""distance"":3,""physical_error_rate"":0.0001}","{""detection_events"":15423,""detectors_checked"":68179968,""obs_mistake_mask=_E__"":1}"
   1131520,        29,         0,   117.0,decoder_by_matrix,5dee359087c4b9ae2c20477a4d5136d2695095b0438111838e7093c679bd3c20,"{""distance"":3,""physical_error_rate"":0.0005}","{""detection_events"":69201,""detectors_checked"":61102080,""obs_mistake_mask=E___"":1,""obs_mistake_mask=_EEE"":2,""obs_mistake_mask=_EE_"":2,""obs_mistake_mask=_E_E"":1,""obs_mistake_mask=_E__"":8,""obs_mistake_mask=__EE"":7,""obs_mistake_mask=__E_"":4,""obs_mistake_mask=___E"":4}"
   2411520,         0,         0,   116.1,decoder_by_matrix,73784f3389b885bc1b704dac0b44b83e08b79da81bcec9ed749229213445f550,"{""distance"":3,""physical_error_rate"":1e-05}","{""detection_events"":2772,""detectors_checked"":130222080}"
   2731008,         0,         0,   112.3,decoder_by_matrix,1222905ef2c3e0b3841e2be415851bad02a0949e12b9844f6b979980572eaa40,"{""distance"":3,""physical_error_rate"":5e-06}","{""detection_events"":1575,""detectors_checked"":147474432}"
   1289216,         0,         0,   117.2,decoder_by_matrix,c8397cb2c46e4683a6f3970bc42cef1aabfef4d80cfcd6b8313e87630b680ee2,"{""distance"":3,""physical_error_rate"":0.0001}","{""detection_events"":15936,""detectors_checked"":69617664}"
   1152000,        24,         0,   118.3,decoder_by_matrix,5dee359087c4b9ae2c20477a4d5136d2695095b0438111838e7093c679bd3c20,"{""distance"":3,""physical_error_rate"":0.0005}","{""detection_events"":68397,""detectors_checked"":62208000,""obs_mistake_mask=E___"":1,""obs_mistake_mask=_EEE"":2,""obs_mistake_mask=_EE_"":4,""obs_mistake_mask=_E_E"":1,""obs_mistake_mask=_E__"":7,""obs_mistake_mask=__EE"":1,""obs_mistake_mask=__E_"":5,""obs_mistake_mask=___E"":3}"
   3036160,         0,         0,   114.5,decoder_by_matrix,b3c6da8537ae85d54cd5acd57fc4d5a00e23be04de7c70760ac5fa4b0f5f70dc,"{""distance"":3,""physical_error_rate"":1e-06}","{""detection_events"":450,""detectors_checked"":163952640}"
   2699264,         0,         0,   112.9,decoder_by_matrix,1222905ef2c3e0b3841e2be415851bad02a0949e12b9844f6b979980572eaa40,"{""distance"":3,""physical_error_rate"":5e-06}","{""detection_events"":1635,""detectors_checked"":145760256}"
   1282048,         0,         0,   118.0,decoder_by_matrix,c8397cb2c46e4683a6f3970bc42cef1aabfef4d80cfcd6b8313e87630b680ee2,"{""distance"":3,""physical_error_rate"":0.0001}","{""detection_events"":15645,""detectors_checked"":69230592}"
   1522688,         0,         0,   116.5,decoder_by_matrix,cd5aa4935a142b600239883e928f6c7fc9fbc8c84161e9ed59cf2551b7ebfc3d,"{""distance"":3,""physical_error_rate"":5e-05}","{""detection_events"":9126,""detectors_checked"":82225152}"
   2672640,         0,         0,   114.0,decoder_by_matrix,1222905ef2c3e0b3841e2be415851bad02a0949e12b9844f6b979980572eaa40,"{""distance"":3,""physical_error_rate"":5e-06}","{""detection_events"":1626,""detectors_checked"":144322560}"
   2410496,         0,         0,   115.8,decoder_by_matrix,73784f3389b885bc1b704dac0b44b83e08b79da81bcec9ed749229213445f550,"{""distance"":3,""physical_error_rate"":1e-05}","{""detection_events"":2868,""detectors_checked"":130166784}"
   2463744,         0,         0,   115.8,decoder_by_matrix,73784f3389b885bc1b704dac0b44b83e08b79da81bcec9ed749229213445f550,"{""distance"":3,""physical_error_rate"":1e-05}","{""detection_events"":2724,""detectors_checked"":133042176}"
   1528832,         0,         0,   118.4,decoder_by_matrix,cd5aa4935a142b600239883e928f6c7fc9fbc8c84161e9ed59cf2551b7ebfc3d,"{""distance"":3,""physical_error_rate"":5e-05}","{""detection_events"":9390,""detectors_checked"":82556928}"
   1545216,         2,         0,   116.7,decoder_by_matrix,cd5aa4935a142b600239883e928f6c7fc9fbc8c84161e9ed59cf2551b7ebfc3d,"{""distance"":3,""physical_error_rate"":5e-05}","{""detection_events"":9213,""detectors_checked"":83441664,""obs_mistake_mask=_E_E"":2}"
   3022848,         0,         0,   112.1,decoder_by_matrix,b3c6da8537ae85d54cd5acd57fc4d5a00e23be04de7c70760ac5fa4b0f5f70dc,"{""distance"":3,""physical_error_rate"":1e-06}","{""detection_events"":435,""detectors_checked"":163233792}"
   1147904,        21,         0,   117.7,decoder_by_matrix,5dee359087c4b9ae2c20477a4d5136d2695095b0438111838e7093c679bd3c20,"{""distance"":3,""physical_error_rate"":0.0005}","{""detection_events"":69315,""detectors_checked"":61986816,""obs_mistake_mask=E___"":1,""obs_mistake_mask=_EEE"":1,""obs_mistake_mask=_EE_"":1,""obs_mistake_mask=_E_E"":2,""obs_mistake_mask=_E__"":4,""obs_mistake_mask=__EE"":1,""obs_mistake_mask=__E_"":9,""obs_mistake_mask=___E"":2}"
   2464768,         0,         0,   114.5,decoder_by_matrix,73784f3389b885bc1b704dac0b44b83e08b79da81bcec9ed749229213445f550,"{""distance"":3,""physical_error_rate"":1e-05}","{""detection_events"":2709,""detectors_checked"":133097472}"
   3045376,         0,         0,   113.3,decoder_by_matrix,b3c6da8537ae85d54cd5acd57fc4d5a00e23be04de7c70760ac5fa4b0f5f70dc,"{""distance"":3,""physical_error_rate"":1e-06}","{""detection_events"":303,""detectors_checked"":164450304}"
   1143808,        20,         0,   116.1,decoder_by_matrix,5dee359087c4b9ae2c20477a4d5136d2695095b0438111838e7093c679bd3c20,"{""distance"":3,""physical_error_rate"":0.0005}","{""detection_events"":68820,""detectors_checked"":61765632,""obs_mistake_mask=E___"":3,""obs_mistake_mask=_E_E"":2,""obs_mistake_mask=_E__"":3,""obs_mistake_mask=__EE"":3,""obs_mistake_mask=__E_"":3,""obs_mistake_mask=___E"":6}"
   2393088,         0,         0,   115.0,decoder_by_matrix,73784f3389b885bc1b704dac0b44b83e08b79da81bcec9ed749229213445f550,"{""distance"":3,""physical_error_rate"":1e-05}","{""detection_events"":2973,""detectors_checked"":129226752}"
   3059712,         0,         0,   115.2,decoder_by_matrix,b3c6da8537ae85d54cd5acd57fc4d5a00e23be04de7c70760ac5fa4b0f5f70dc,"{""distance"":3,""physical_error_rate"":1e-06}","{""detection_events"":378,""detectors_checked"":165224448}"
   2711552,         0,         0,   113.4,decoder_by_matrix,1222905ef2c3e0b3841e2be415851bad02a0949e12b9844f6b979980572eaa40,"{""distance"":3,""physical_error_rate"":5e-06}","{""detection_events"":1656,""detectors_checked"":146423808}"
   3069952,         0,         0,   114.7,decoder_by_matrix,b3c6da8537ae85d54cd5acd57fc4d5a00e23be04de7c70760ac5fa4b0f5f70dc,"{""distance"":3,""physical_error_rate"":1e-06}","{""detection_events"":282,""detectors_checked"":165777408}"
   1147904,        27,         0,   117.5,decoder_by_matrix,5dee359087c4b9ae2c20477a4d5136d2695095b0438111838e7093c679bd3c20,"{""distance"":3,""physical_error_rate"":0.0005}","{""detection_events"":68133,""detectors_checked"":61986816,""obs_mistake_mask=E___"":1,""obs_mistake_mask=_EEE"":3,""obs_mistake_mask=_EE_"":6,""obs_mistake_mask=_E_E"":2,""obs_mistake_mask=_E__"":5,""obs_mistake_mask=__EE"":3,""obs_mistake_mask=__E_"":2,""obs_mistake_mask=___E"":5}"
   1529856,         0,         0,   116.5,decoder_by_matrix,cd5aa4935a142b600239883e928f6c7fc9fbc8c84161e9ed59cf2551b7ebfc3d,"{""distance"":3,""physical_error_rate"":5e-05}","{""detection_events"":9279,""detectors_checked"":82612224}"
   1142784,        24,         0,   115.7,decoder_by_matrix,5dee359087c4b9ae2c20477a4d5136d2695095b0438111838e7093c679bd3c20,"{""distance"":3,""physical_error_rate"":0.0005}","{""detection_events"":68769,""detectors_checked"":61710336,""obs_mistake_mask=E___"":1,""obs_mistake_mask=_EEE"":4,""obs_mistake_mask=_EE_"":5,""obs_mistake_mask=_E_E"":1,""obs_mistake_mask=_E__"":5,""obs_mistake_mask=__EE"":3,""obs_mistake_mask=__E_"":3,""obs_mistake_mask=___E"":2}"
   1305600,         1,         0,   115.8,decoder_by_matrix,c8397cb2c46e4683a6f3970bc42cef1aabfef4d80cfcd6b8313e87630b680ee2,"{""distance"":3,""physical_error_rate"":0.0001}","{""detection_events"":14877,""detectors_checked"":70502400,""obs_mistake_mask=__EE"":1}"
   1276928,         0,         0,   116.7,decoder_by_matrix,c8397cb2c46e4683a6f3970bc42cef1aabfef4d80cfcd6b8313e87630b680ee2,"{""distance"":3,""physical_error_rate"":0.0001}","{""detection_events"":15792,""detectors_checked"":68954112}"
   1271808,         0,         0,   117.3,decoder_by_matrix,c8397cb2c46e4683a6f3970bc42cef1aabfef4d80cfcd6b8313e87630b680ee2,"{""distance"":3,""physical_error_rate"":0.0001}","{""detection_events"":15168,""detectors_checked"":68677632}"
   1534976,         0,         0,   116.1,decoder_by_matrix,cd5aa4935a142b600239883e928f6c7fc9fbc8c84161e9ed59cf2551b7ebfc3d,"{""distance"":3,""physical_error_rate"":5e-05}","{""detection_events"":9159,""detectors_checked"":82888704}"
   2691072,         0,         0,   115.1,decoder_by_matrix,1222905ef2c3e0b3841e2be415851bad02a0949e12b9844f6b979980572eaa40,"{""distance"":3,""physical_error_rate"":5e-06}","{""detection_events"":1728,""detectors_checked"":145317888}"
   2679808,         0,         0,   113.1,decoder_by_matrix,1222905ef2c3e0b3841e2be415851bad02a0949e12b9844f6b979980572eaa40,"{""distance"":3,""physical_error_rate"":5e-06}","{""detection_events"":1617,""detectors_checked"":144709632}"
   2701312,         1,         0,   114.5,decoder_by_matrix,1222905ef2c3e0b3841e2be415851bad02a0949e12b9844f6b979980572eaa40,"{""distance"":3,""physical_error_rate"":5e-06}","{""detection_events"":1713,""detectors_checked"":145870848,""obs_mistake_mask=___E"":1}"
   3078144,         0,         0,   114.9,decoder_by_matrix,b3c6da8537ae85d54cd5acd57fc4d5a00e23be04de7c70760ac5fa4b0f5f70dc,"{""distance"":3,""physical_error_rate"":1e-06}","{""detection_events"":315,""detectors_checked"":166219776}"
   1276928,         3,         0,   117.9,decoder_by_matrix,c8397cb2c46e4683a6f3970bc42cef1aabfef4d80cfcd6b8313e87630b680ee2,"{""distance"":3,""physical_error_rate"":0.0001}","{""detection_events"":15246,""detectors_checked"":68954112,""obs_mistake_mask=_E_E"":1,""obs_mistake_mask=_E__"":1,""obs_mistake_mask=__EE"":1}"
   1511424,         0,         0,   116.5,decoder_by_matrix,cd5aa4935a142b600239883e928f6c7fc9fbc8c84161e9ed59cf2551b7ebfc3d,"{""distance"":3,""physical_error_rate"":5e-05}","{""detection_events"":9291,""detectors_checked"":81616896}"
   2414592,         0,         0,   114.1,decoder_by_matrix,73784f3389b885bc1b704dac0b44b83e08b79da81bcec9ed749229213445f550,"{""distance"":3,""physical_error_rate"":1e-05}","{""detection_events"":2856,""detectors_checked"":130387968}"
   3025920,         0,         0,   112.3,decoder_by_matrix,b3c6da8537ae85d54cd5acd57fc4d5a00e23be04de7c70760ac5fa4b0f5f70dc,"{""distance"":3,""physical_error_rate"":1e-06}","{""detection_events"":300,""detectors_checked"":163399680}"
   1146880,        24,         0,   118.8,decoder_by_matrix,5dee359087c4b9ae2c20477a4d5136d2695095b0438111838e7093c679bd3c20,"{""distance"":3,""physical_error_rate"":0.0005}","{""detection_events"":70464,""detectors_checked"":61931520,""obs_mistake_mask=E___"":5,""obs_mistake_mask=_EEE"":3,""obs_mistake_mask=_EE_"":2,""obs_mistake_mask=_E_E"":3,""obs_mistake_mask=_E__"":2,""obs_mistake_mask=__EE"":2,""obs_mistake_mask=__E_"":4,""obs_mistake_mask=___E"":3}"
   1520640,         0,         0,   114.1,decoder_by_matrix,cd5aa4935a142b600239883e928f6c7fc9fbc8c84161e9ed59cf2551b7ebfc3d,"{""distance"":3,""physical_error_rate"":5e-05}","{""detection_events"":9030,""detectors_checked"":82114560}"
   2416640,         0,         0,   113.8,decoder_by_matrix,73784f3389b885bc1b704dac0b44b83e08b79da81bcec9ed749229213445f550,"{""distance"":3,""physical_error_rate"":1e-05}","{""detection_events"":2850,""detectors_checked"":130498560}"
   1130496,        15,         0,   118.8,decoder_by_matrix,5dee359087c4b9ae2c20477a4d5136d2695095b0438111838e7093c679bd3c20,"{""distance"":3,""physical_error_rate"":0.0005}","{""detection_events"":67527,""detectors_checked"":61046784,""obs_mistake_mask=_EEE"":2,""obs_mistake_mask=_EE_"":1,""obs_mistake_mask=_E_E"":1,""obs_mistake_mask=_E__"":4,""obs_mistake_mask=__EE"":1,""obs_mistake_mask=__E_"":3,""obs_mistake_mask=___E"":3}"
   1290240,         4,         0,   116.9,decoder_by_matrix,c8397cb2c46e4683a6f3970bc42cef1aabfef4d80cfcd6b8313e87630b680ee2,"{""distance"":3,""physical_error_rate"":0.0001}","{""detection_events"":14937,""detectors_checked"":69672960,""obs_mistake_mask=E___"":1,""obs_mistake_mask=__E_"":1,""obs_mistake_mask=___E"":2}"
   2393088,         0,         0,   114.5,decoder_by_matrix,73784f3389b885bc1b704dac0b44b83e08b79da81bcec9ed749229213445f550,"{""distance"":3,""physical_error_rate"":1e-05}","{""detection_events"":2796,""detectors_checked"":129226752}"
   3037184,         0,         0,   113.4,decoder_by_matrix,b3c6da8537ae85d54cd5acd57fc4d5a00e23be04de7c70760ac5fa4b0f5f70dc,"{""distance"":3,""physical_error_rate"":1e-06}","{""detection_events"":450,""detectors_checked"":164007936}"
   1530880,         0,         0,   117.2,decoder_by_matrix,cd5aa4935a142b600239883e928f6c7fc9fbc8c84161e9ed59cf2551b7ebfc3d,"{""distance"":3,""physical_error_rate"":5e-05}","{""detection_events"":9066,""detectors_checked"":82667520}"
   2690048,         0,         0,   114.1,decoder_by_matrix,1222905ef2c3e0b3841e2be415851bad02a0949e12b9844f6b979980572eaa40,"{""distance"":3,""physical_error_rate"":5e-06}","{""detection_events"":1743,""detectors_checked"":145262592}"
   1148928,        23,         0,   117.1,decoder_by_matrix,5dee359087c4b9ae2c20477a4d5136d2695095b0438111838e7093c679bd3c20,"{""distance"":3,""physical_error_rate"":0.0005}","{""detection_events"":69114,""detectors_checked"":62042112,""obs_mistake_mask=_EEE"":3,""obs_mistake_mask=_EE_"":3,""obs_mistake_mask=_E_E"":1,""obs_mistake_mask=_E__"":3,""obs_mistake_mask=__EE"":2,""obs_mistake_mask=__E_"":7,""obs_mistake_mask=___E"":4}"
   1263616,         2,         0,   117.1,decoder_by_matrix,c8397cb2c46e4683a6f3970bc42cef1aabfef4d80cfcd6b8313e87630b680ee2,"{""distance"":3,""physical_error_rate"":0.0001}","{""detection_events"":15561,""detectors_checked"":68235264,""obs_mistake_mask=_E__"":1,""obs_mistake_mask=__E_"":1}"
   2352128,         0,         0,   114.9,decoder_by_matrix,73784f3389b885bc1b704dac0b44b83e08b79da81bcec9ed749229213445f550,"{""distance"":3,""physical_error_rate"":1e-05}","{""detection_events"":3072,""detectors_checked"":127014912}"
   2379776,         0,         0,   114.0,decoder_by_matrix,73784f3389b885bc1b704dac0b44b83e08b79da81bcec9ed749229213445f550,"{""distance"":3,""physical_error_rate"":1e-05}","{""detection_events"":2910,""detectors_checked"":128507904}"
   3032064,         0,         0,   114.9,decoder_by_matrix,b3c6da8537ae85d54cd5acd57fc4d5a00e23be04de7c70760ac5fa4b0f5f70dc,"{""distance"":3,""physical_error_rate"":1e-06}","{""detection_events"":438,""detectors_checked"":163731456}"
   1274880,         0,         0,   117.1,decoder_by_matrix,c8397cb2c46e4683a6f3970bc42cef1aabfef4d80cfcd6b8313e87630b680ee2,"{""distance"":3,""physical_error_rate"":0.0001}","{""detection_events"":15333,""detectors_checked"":68843520}"
   2432000,         0,         0,   116.2,decoder_by_matrix,73784f3389b885bc1b704dac0b44b83e08b79da81bcec9ed749229213445f550,"{""distance"":3,""physical_error_rate"":1e-05}","{""detection_events"":2811,""detectors_checked"":131328000}"
   2715648,         0,         0,   116.1,decoder_by_matrix,1222905ef2c3e0b3841e2be415851bad02a0949e12b9844f6b979980572eaa40,"{""distance"":3,""physical_error_rate"":5e-06}","{""detection_events"":1560,""detectors_checked"":146644992}"
   1142784,        26,         0,   117.3,decoder_by_matrix,5dee359087c4b9ae2c20477a4d5136d2695095b0438111838e7093c679bd3c20,"{""distance"":3,""physical_error_rate"":0.0005}","{""detection_events"":68472,""detectors_checked"":61710336,""obs_mistake_mask=E___"":2,""obs_mistake_mask=_EEE"":4,""obs_mistake_mask=_EE_"":4,""obs_mistake_mask=_E_E"":3,""obs_mistake_mask=_E__"":1,""obs_mistake_mask=__EE"":2,""obs_mistake_mask=__E_"":2,""obs_mistake_mask=___E"":8}"
   1512448,         0,         0,   118.0,decoder_by_matrix,cd5aa4935a142b600239883e928f6c7fc9fbc8c84161e9ed59cf2551b7ebfc3d,"{""distance"":3,""physical_error_rate"":5e-05}","{""detection_events"":9336,""detectors_checked"":81672192}"
   1147904,        20,         0,   118.5,decoder_by_matrix,5dee359087c4b9ae2c20477a4d5136d2695095b0438111838e7093c679bd3c20,"{""distance"":3,""physical_error_rate"":0.0005}","{""detection_events"":70140,""detectors_checked"":61986816,""obs_mistake_mask=E___"":1,""obs_mistake_mask=_EEE"":3,""obs_mistake_mask=_EE_"":1,""obs_mistake_mask=_E_E"":2,""obs_mistake_mask=_E__"":4,""obs_mistake_mask=__EE"":2,""obs_mistake_mask=__E_"":7}"
   1518592,         0,         0,   116.0,decoder_by_matrix,cd5aa4935a142b600239883e928f6c7fc9fbc8c84161e9ed59cf2551b7ebfc3d,"{""distance"":3,""physical_error_rate"":5e-05}","{""detection_events"":8964,""detectors_checked"":82003968}"
   1262592,         2,         0,   117.6,decoder_by_matrix,c8397cb2c46e4683a6f3970bc42cef1aabfef4d80cfcd6b8313e87630b680ee2,"{""distance"":3,""physical_error_rate"":0.0001}","{""detection_events"":15180,""detectors_checked"":68179968,""obs_mistake_mask=E___"":1,""obs_mistake_mask=_EEE"":1}"
   1508352,         0,         0,   115.2,decoder_by_matrix,cd5aa4935a142b600239883e928f6c7fc9fbc8c84161e9ed59cf2551b7ebfc3d,"{""distance"":3,""physical_error_rate"":5e-05}","{""detection_events"":8991,""detectors_checked"":81451008}"
   3037184,         0,         0,   114.0,decoder_by_matrix,b3c6da8537ae85d54cd5acd57fc4d5a00e23be04de7c70760ac5fa4b0f5f70dc,"{""distance"":3,""physical_error_rate"":1e-06}","{""detection_events"":348,""detectors_checked"":164007936}"
   2690048,         0,         0,   116.4,decoder_by_matrix,1222905ef2c3e0b3841e2be415851bad02a0949e12b9844f6b979980572eaa40,"{""distance"":3,""physical_error_rate"":5e-06}","{""detection_events"":1851,""detectors_checked"":145262592}"
   1277952,         0,         0,   116.5,decoder_by_matrix,c8397cb2c46e4683a6f3970bc42cef1aabfef4d80cfcd6b8313e87630b680ee2,"{""distance"":3,""physical_error_rate"":0.0001}","{""detection_events"":15240,""detectors_checked"":69009408}"
   1134592,        23,         0,   116.7,decoder_by_matrix,5dee359087c4b9ae2c20477a4d5136d2695095b0438111838e7093c679bd3c20,"{""distance"":3,""physical_error_rate"":0.0005}","{""detection_events"":69237,""detectors_checked"":61267968,""obs_mistake_mask=E___"":3,""obs_mistake_mask=_EEE"":2,""obs_mistake_mask=_EE_"":4,""obs_mistake_mask=_E_E"":1,""obs_mistake_mask=_E__"":5,""obs_mistake_mask=__EE"":1,""obs_mistake_mask=__E_"":4,""obs_mistake_mask=___E"":3}"
   2444288,         0,         0,   113.7,decoder_by_matrix,73784f3389b885bc1b704dac0b44b83e08b79da81bcec9ed749229213445f550,"{""distance"":3,""physical_error_rate"":1e-05}","{""detection_events"":2742,""detectors_checked"":131991552}"
   2708480,         0,         0,   115.2,decoder_by_matrix,1222905ef2c3e0b3841e2be415851bad02a0949e12b9844f6b979980572eaa40,"{""distance"":3,""physical_error_rate"":5e-06}","{""detection_events"":1614,""detectors_checked"":146257920}"
   1288192,         2,         0,   116.9,decoder_by_matrix,c8397cb2c46e4683a6f3970bc42cef1aabfef4d80cfcd6b8313e87630b680ee2,"{""distance"":3,""physical_error_rate"":0.0001}","{""detection_events"":15621,""detectors_checked"":69562368,""obs_mistake_mask=_EE_"":1,""obs_mistake_mask=___E"":1}"
   1150976,        17,         0,   117.5,decoder_by_matrix,5dee359087c4b9ae2c20477a4d5136d2695095b0438111838e7093c679bd3c20,"{""distance"":3,""physical_error_rate"":0.0005}","{""detection_events"":68181,""detectors_checked"":62152704,""obs_mistake_mask=E___"":2,""obs_mistake_mask=_EE_"":2,""obs_mistake_mask=_E__"":2,""obs_mistake_mask=__EE"":2,""obs_mistake_mask=__E_"":4,""obs_mistake_mask=___E"":5}"
   3039232,         0,         0,   115.9,decoder_by_matrix,b3c6da8537ae85d54cd5acd57fc4d5a00e23be04de7c70760ac5fa4b0f5f70dc,"{""distance"":3,""physical_error_rate"":1e-06}","{""detection_events"":378,""detectors_checked"":164118528}"
   2714624,         0,         0,   115.5,decoder_by_matrix,1222905ef2c3e0b3841e2be415851bad02a0949e12b9844f6b979980572eaa40,"{""distance"":3,""physical_error_rate"":5e-06}","{""detection_events"":1608,""detectors_checked"":146589696}"
   1536000,         0,         0,   116.1,decoder_by_matrix,cd5aa4935a142b600239883e928f6c7fc9fbc8c84161e9ed59cf2551b7ebfc3d,"{""distance"":3,""physical_error_rate"":5e-05}","{""detection_events"":9483,""detectors_checked"":82944000}"
   1299456,         2,         0,   119.4,decoder_by_matrix,c8397cb2c46e4683a6f3970bc42cef1aabfef4d80cfcd6b8313e87630b680ee2,"{""distance"":3,""physical_error_rate"":0.0001}","{""detection_events"":15381,""detectors_checked"":70170624,""obs_mistake_mask=___E"":2}"
   2463744,         0,         0,   115.4,decoder_by_matrix,73784f3389b885bc1b704dac0b44b83e08b79da81bcec9ed749229213445f550,"{""distance"":3,""physical_error_rate"":1e-05}","{""detection_events"":2679,""detectors_checked"":133042176}"
   2394112,         0,         0,   114.0,decoder_by_matrix,73784f3389b885bc1b704dac0b44b83e08b79da81bcec9ed749229213445f550,"{""distance"":3,""physical_error_rate"":1e-05}","{""detection_events"":2865,""detectors_checked"":129282048}"
   2662400,         0,         0,   115.4,decoder_by_matrix,1222905ef2c3e0b3841e2be415851bad02a0949e12b9844f6b979980572eaa40,"{""distance"":3,""physical_error_rate"":5e-06}","{""detection_events"":1689,""detectors_checked"":143769600}"
   1518592,         1,         0,   115.2,decoder_by_matrix,cd5aa4935a142b600239883e928f6c7fc9fbc8c84161e9ed59cf2551b7ebfc3d,"{""distance"":3,""physical_error_rate"":5e-05}","{""detection_events"":9486,""detectors_checked"":82003968,""obs_mistake_mask=___E"":1}"
   1530880,         1,         0,   117.3,decoder_by_matrix,cd5aa4935a142b600239883e928f6c7fc9fbc8c84161e9ed59cf2551b7ebfc3d,"{""distance"":3,""physical_error_rate"":5e-05}","{""detection_events"":9159,""detectors_checked"":82667520,""obs_mistake_mask=_EE_"":1}"
   3048448,         0,         0,   115.4,decoder_by_matrix,b3c6da8537ae85d54cd5acd57fc4d5a00e23be04de7c70760ac5fa4b0f5f70dc,"{""distance"":3,""physical_error_rate"":1e-06}","{""detection_events"":288,""detectors_checked"":164616192}"
   3048448,         0,         0,   113.4,decoder_by_matrix,b3c6da8537ae85d54cd5acd57fc4d5a00e23be04de7c70760ac5fa4b0f5f70dc,"{""distance"":3,""physical_error_rate"":1e-06}","{""detection_events"":363,""detectors_checked"":164616192}"
   1148928,        20,         0,   117.1,decoder_by_matrix,5dee359087c4b9ae2c20477a4d5136d2695095b0438111838e7093c679bd3c20,"{""distance"":3,""physical_error_rate"":0.0005}","{""detection_events"":68484,""detectors_checked"":62042112,""obs_mistake_mask=E___"":1,""obs_mistake_mask=_EE_"":1,""obs_mistake_mask=_E__"":6,""obs_mistake_mask=__EE"":4,""obs_mistake_mask=__E_"":2,""obs_mistake_mask=___E"":6}"
   1143808,        21,         0,   117.7,decoder_by_matrix,5dee359087c4b9ae2c20477a4d5136d2695095b0438111838e7093c679bd3c20,"{""distance"":3,""physical_error_rate"":0.0005}","{""detection_events"":68814,""detectors_checked"":61765632,""obs_mistake_mask=E___"":3,""obs_mistake_mask=_EEE"":2,""obs_mistake_mask=_EE_"":1,""obs_mistake_mask=_E_E"":2,""obs_mistake_mask=_E__"":9,""obs_mistake_mask=__EE"":1,""obs_mistake_mask=__E_"":2,""obs_mistake_mask=___E"":1}"
   2439168,         0,         0,   114.1,decoder_by_matrix,73784f3389b885bc1b704dac0b44b83e08b79da81bcec9ed749229213445f550,"{""distance"":3,""physical_error_rate"":1e-05}","{""detection_events"":2853,""detectors_checked"":131715072}"
   2351104,         0,         0,   117.6,decoder_by_matrix,73784f3389b885bc1b704dac0b44b83e08b79da81bcec9ed749229213445f550,"{""distance"":3,""physical_error_rate"":1e-05}","{""detection_events"":3108,""detectors_checked"":126959616}"
   2719744,         0,         0,   115.1,decoder_by_matrix,1222905ef2c3e0b3841e2be415851bad02a0949e12b9844f6b979980572eaa40,"{""distance"":3,""physical_error_rate"":5e-06}","{""detection_events"":1629,""detectors_checked"":146866176}"
   3094528,         0,         0,   115.1,decoder_by_matrix,b3c6da8537ae85d54cd5acd57fc4d5a00e23be04de7c70760ac5fa4b0f5f70dc,"{""distance"":3,""physical_error_rate"":1e-06}","{""detection_events"":291,""detectors_checked"":167104512}"
   3039232,         0,         0,   113.7,decoder_by_matrix,b3c6da8537ae85d54cd5acd57fc4d5a00e23be04de7c70760ac5fa4b0f5f70dc,"{""distance"":3,""physical_error_rate"":1e-06}","{""detection_events"":453,""detectors_checked"":164118528}"
   1562624,         1,         0,   115.0,decoder_by_matrix,cd5aa4935a142b600239883e928f6c7fc9fbc8c84161e9ed59cf2551b7ebfc3d,"{""distance"":3,""physical_error_rate"":5e-05}","{""detection_events"":8913,""detectors_checked"":84381696,""obs_mistake_mask=_E__"":1}"
   1143808,        24,         0,   116.9,decoder_by_matrix,5dee359087c4b9ae2c20477a4d5136d2695095b0438111838e7093c679bd3c20,"{""distance"":3,""physical_error_rate"":0.0005}","{""detection_events"":68145,""detectors_checked"":61765632,""obs_mistake_mask=E___"":3,""obs_mistake_mask=_EEE"":3,""obs_mistake_mask=_EE_"":1,""obs_mistake_mask=_E_E"":3,""obs_mistake_mask=_E__"":4,""obs_mistake_mask=__EE"":3,""obs_mistake_mask=__E_"":3,""obs_mistake_mask=___E"":4}"
   1147904,        26,         0,   117.0,decoder_by_matrix,5dee359087c4b9ae2c20477a4d5136d2695095b0438111838e7093c679bd3c20,"{""distance"":3,""physical_error_rate"":0.0005}","{""detection_events"":67347,""detectors_checked"":61986816,""obs_mistake_mask=E___"":4,""obs_mistake_mask=_EEE"":3,""obs_mistake_mask=_EE_"":3,""obs_mistake_mask=_E_E"":1,""obs_mistake_mask=_E__"":5,""obs_mistake_mask=__EE"":3,""obs_mistake_mask=__E_"":4,""obs_mistake_mask=___E"":3}"
   1285120,         1,         0,   116.1,decoder_by_matrix,c8397cb2c46e4683a6f3970bc42cef1aabfef4d80cfcd6b8313e87630b680ee2,"{""distance"":3,""physical_error_rate"":0.0001}","{""detection_events"":15099,""detectors_checked"":69396480,""obs_mistake_mask=__EE"":1}"
   1281024,         2,         0,   117.3,decoder_by_matrix,c8397cb2c46e4683a6f3970bc42cef1aabfef4d80cfcd6b8313e87630b680ee2,"{""distance"":3,""physical_error_rate"":0.0001}","{""detection_events"":15132,""detectors_checked"":69175296,""obs_mistake_mask=E___"":1,""obs_mistake_mask=___E"":1}"
   1289216,         0,         0,   115.7,decoder_by_matrix,c8397cb2c46e4683a6f3970bc42cef1aabfef4d80cfcd6b8313e87630b680ee2,"{""distance"":3,""physical_error_rate"":0.0001}","{""detection_events"":15117,""detectors_checked"":69617664}"
   2683904,         0,         0,   115.5,decoder_by_matrix,1222905ef2c3e0b3841e2be415851bad02a0949e12b9844f6b979980572eaa40,"{""distance"":3,""physical_error_rate"":5e-06}","{""detection_events"":1743,""detectors_checked"":144930816}"
   1539072,         0,         0,   116.4,decoder_by_matrix,cd5aa4935a142b600239883e928f6c7fc9fbc8c84161e9ed59cf2551b7ebfc3d,"{""distance"":3,""physical_error_rate"":5e-05}","{""detection_events"":9123,""detectors_checked"":83109888}"
   2718720,         0,         0,   115.2,decoder_by_matrix,1222905ef2c3e0b3841e2be415851bad02a0949e12b9844f6b979980572eaa40,"{""distance"":3,""physical_error_rate"":5e-06}","{""detection_events"":1653,""detectors_checked"":146810880}"
   2683904,         0,         0,   115.2,decoder_by_matrix,1222905ef2c3e0b3841e2be415851bad02a0949e12b9844f6b979980572eaa40,"{""distance"":3,""physical_error_rate"":5e-06}","{""detection_events"":1770,""detectors_checked"":144930816}"
   3054592,         0,         0,   114.6,decoder_by_matrix,b3c6da8537ae85d54cd5acd57fc4d5a00e23be04de7c70760ac5fa4b0f5f70dc,"{""distance"":3,""physical_error_rate"":1e-06}","{""detection_events"":396,""detectors_checked"":164947968}"
   1506304,         0,         0,   117.2,decoder_by_matrix,cd5aa4935a142b600239883e928f6c7fc9fbc8c84161e9ed59cf2551b7ebfc3d,"{""distance"":3,""physical_error_rate"":5e-05}","{""detection_events"":9246,""detectors_checked"":81340416}"
   1291264,         2,         0,   116.5,decoder_by_matrix,c8397cb2c46e4683a6f3970bc42cef1aabfef4d80cfcd6b8313e87630b680ee2,"{""distance"":3,""physical_error_rate"":0.0001}","{""detection_events"":15033,""detectors_checked"":69728256,""obs_mistake_mask=EEE_"":1,""obs_mistake_mask=_E__"":1}"
   2420736,         0,         0,   113.8,decoder_by_matrix,73784f3389b885bc1b704dac0b44b83e08b79da81bcec9ed749229213445f550,"{""distance"":3,""physical_error_rate"":1e-05}","{""detection_events"":2847,""detectors_checked"":130719744}"
   3028992,         0,         0,   113.8,decoder_by_matrix,b3c6da8537ae85d54cd5acd57fc4d5a00e23be04de7c70760ac5fa4b0f5f70dc,"{""distance"":3,""physical_error_rate"":1e-06}","{""detection_events"":321,""detectors_checked"":163565568}"
   1148928,        26,         0,   117.1,decoder_by_matrix,5dee359087c4b9ae2c20477a4d5136d2695095b0438111838e7093c679bd3c20,"{""distance"":3,""physical_error_rate"":0.0005}","{""detection_events"":68028,""detectors_checked"":62042112,""obs_mistake_mask=E___"":3,""obs_mistake_mask=_EEE"":4,""obs_mistake_mask=_EE_"":2,""obs_mistake_mask=_E_E"":3,""obs_mistake_mask=_E__"":5,""obs_mistake_mask=__EE"":2,""obs_mistake_mask=__E_"":3,""obs_mistake_mask=___E"":4}"
   1507328,         0,         0,   117.6,decoder_by_matrix,cd5aa4935a142b600239883e928f6c7fc9fbc8c84161e9ed59cf2551b7ebfc3d,"{""distance"":3,""physical_error_rate"":5e-05}","{""detection_events"":8982,""detectors_checked"":81395712}"
   2394112,         0,         0,   115.1,decoder_by_matrix,73784f3389b885bc1b704dac0b44b83e08b79da81bcec9ed749229213445f550,"{""distance"":3,""physical_error_rate"":1e-05}","{""detection_events"":2949,""detectors_checked"":129282048}"
   1125376,        20,         0,   117.3,decoder_by_matrix,5dee359087c4b9ae2c20477a4d5136d2695095b0438111838e7093c679bd3c20,"{""distance"":3,""physical_error_rate"":0.0005}","{""detection_events"":67230,""detectors_checked"":60770304,""obs_mistake_mask=E___"":1,""obs_mistake_mask=_EEE"":2,""obs_mistake_mask=_E_E"":4,""obs_mistake_mask=_E__"":5,""obs_mistake_mask=__EE"":3,""obs_mistake_mask=__E_"":4,""obs_mistake_mask=___E"":1}"
   2434048,         0,         0,   115.9,decoder_by_matrix,73784f3389b885bc1b704dac0b44b83e08b79da81bcec9ed749229213445f550,"{""distance"":3,""physical_error_rate"":1e-05}","{""detection_events"":2799,""detectors_checked"":131438592}"
   1295360,         1,         0,   115.4,decoder_by_matrix,c8397cb2c46e4683a6f3970bc42cef1aabfef4d80cfcd6b8313e87630b680ee2,"{""distance"":3,""physical_error_rate"":0.0001}","{""detection_events"":15702,""detectors_checked"":69949440,""obs_mistake_mask=_EE_"":1}"
   3090432,         0,         0,   113.0,decoder_by_matrix,b3c6da8537ae85d54cd5acd57fc4d5a00e23be04de7c70760ac5fa4b0f5f70dc,"{""distance"":3,""physical_error_rate"":1e-06}","{""detection_events"":255,""detectors_checked"":166883328}"
   1532928,         0,         0,   117.2,decoder_by_matrix,cd5aa4935a142b600239883e928f6c7fc9fbc8c84161e9ed59cf2551b7ebfc3d,"{""distance"":3,""physical_error_rate"":5e-05}","{""detection_events"":8940,""detectors_checked"":82778112}"
   2720768,         0,         0,   116.4,decoder_by_matrix,1222905ef2c3e0b3841e2be415851bad02a0949e12b9844f6b979980572eaa40,"{""distance"":3,""physical_error_rate"":5e-06}","{""detection_events"":1533,""detectors_checked"":146921472}"
   1146880,        28,         0,   117.9,decoder_by_matrix,5dee359087c4b9ae2c20477a4d5136d2695095b0438111838e7093c679bd3c20,"{""distance"":3,""physical_error_rate"":0.0005}","{""detection_events"":69951,""detectors_checked"":61931520,""obs_mistake_mask=E___"":3,""obs_mistake_mask=_EEE"":5,""obs_mistake_mask=_EE_"":1,""obs_mistake_mask=_E_E"":2,""obs_mistake_mask=_E__"":5,""obs_mistake_mask=__EE"":5,""obs_mistake_mask=__E_"":5,""obs_mistake_mask=___E"":2}"
   1276928,         0,         0,   117.3,decoder_by_matrix,c8397cb2c46e4683a6f3970bc42cef1aabfef4d80cfcd6b8313e87630b680ee2,"{""distance"":3,""physical_error_rate"":0.0001}","{""detection_events"":15450,""detectors_checked"":68954112}"
   2413568,         0,         0,   114.0,decoder_by_matrix,73784f3389b885bc1b704dac0b44b83e08b79da81bcec9ed749229213445f550,"{""distance"":3,""physical_error_rate"":1e-05}","{""detection_events"":2691,""detectors_checked"":130332672}"
   2392064,         0,         0,   115.6,decoder_by_matrix,73784f3389b885bc1b704dac0b44b83e08b79da81bcec9ed749229213445f550,"{""distance"":3,""physical_error_rate"":1e-05}","{""detection_events"":2874,""detectors_checked"":129171456}"
   3049472,         0,         0,   115.0,decoder_by_matrix,b3c6da8537ae85d54cd5acd57fc4d5a00e23be04de7c70760ac5fa4b0f5f70dc,"{""distance"":3,""physical_error_rate"":1e-06}","{""detection_events"":360,""detectors_checked"":164671488}"
   1284096,         1,         0,   118.3,decoder_by_matrix,c8397cb2c46e4683a6f3970bc42cef1aabfef4d80cfcd6b8313e87630b680ee2,"{""distance"":3,""physical_error_rate"":0.0001}","{""detection_events"":15417,""detectors_checked"":69341184,""obs_mistake_mask=___E"":1}"
   2452480,         0,         0,   116.1,decoder_by_matrix,73784f3389b885bc1b704dac0b44b83e08b79da81bcec9ed749229213445f550,"{""distance"":3,""physical_error_rate"":1e-05}","{""detection_events"":2730,""detectors_checked"":132433920}"
   2736128,         0,         0,   111.9,decoder_by_matrix,1222905ef2c3e0b3841e2be415851bad02a0949e12b9844f6b979980572eaa40,"{""distance"":3,""physical_error_rate"":5e-06}","{""detection_events"":1554,""detectors_checked"":147750912}"
   1141760,        18,         0,   116.5,decoder_by_matrix,5dee359087c4b9ae2c20477a4d5136d2695095b0438111838e7093c679bd3c20,"{""distance"":3,""physical_error_rate"":0.0005}","{""detection_events"":69219,""detectors_checked"":61655040,""obs_mistake_mask=E___"":2,""obs_mistake_mask=_EE_"":1,""obs_mistake_mask=_E_E"":1,""obs_mistake_mask=_E__"":3,""obs_mistake_mask=__EE"":2,""obs_mistake_mask=__E_"":3,""obs_mistake_mask=___E"":6}"
   1509376,         0,         0,   115.8,decoder_by_matrix,cd5aa4935a142b600239883e928f6c7fc9fbc8c84161e9ed59cf2551b7ebfc3d,"{""distance"":3,""physical_error_rate"":5e-05}","{""detection_events"":8724,""detectors_checked"":81506304}"
   1145856,        18,         0,   117.6,decoder_by_matrix,5dee359087c4b9ae2c20477a4d5136d2695095b0438111838e7093c679bd3c20,"{""distance"":3,""physical_error_rate"":0.0005}","{""detection_events"":70092,""detectors_checked"":61876224,""obs_mistake_mask=E___"":2,""obs_mistake_mask=_EEE"":2,""obs_mistake_mask=_EE_"":3,""obs_mistake_mask=_E_E"":2,""obs_mistake_mask=_E__"":2,""obs_mistake_mask=__E_"":5,""obs_mistake_mask=___E"":2}"
   1531904,         0,         0,   118.6,decoder_by_matrix,cd5aa4935a142b600239883e928f6c7fc9fbc8c84161e9ed59cf2551b7ebfc3d,"{""distance"":3,""physical_error_rate"":5e-05}","{""detection_events"":8649,""detectors_checked"":82722816}"
   1259520,         2,         0,   117.4,decoder_by_matrix,c8397cb2c46e4683a6f3970bc42cef1aabfef4d80cfcd6b8313e87630b680ee2,"{""distance"":3,""physical_error_rate"":0.0001}","{""detection_events"":15597,""detectors_checked"":68014080,""obs_mistake_mask=__EE"":1,""obs_mistake_mask=__E_"":1}"
   3022848,         0,         0,   112.4,decoder_by_matrix,b3c6da8537ae85d54cd5acd57fc4d5a00e23be04de7c70760ac5fa4b0f5f70dc,"{""distance"":3,""physical_error_rate"":1e-06}","{""detection_events"":378,""detectors_checked"":163233792}"
   2743296,         0,         0,   116.4,decoder_by_matrix,1222905ef2c3e0b3841e2be415851bad02a0949e12b9844f6b979980572eaa40,"{""distance"":3,""physical_error_rate"":5e-06}","{""detection_events"":1515,""detectors_checked"":148137984}"
   1509376,         1,         0,   117.8,decoder_by_matrix,cd5aa4935a142b600239883e928f6c7fc9fbc8c84161e9ed59cf2551b7ebfc3d,"{""distance"":3,""physical_error_rate"":5e-05}","{""detection_events"":9204,""detectors_checked"":81506304,""obs_mistake_mask=_EEE"":1}"
   1270784,         0,         0,   116.4,decoder_by_matrix,c8397cb2c46e4683a6f3970bc42cef1aabfef4d80cfcd6b8313e87630b680ee2,"{""distance"":3,""physical_error_rate"":0.0001}","{""detection_events"":15450,""detectors_checked"":68622336}"
   1130496,        29,         0,   119.1,decoder_by_matrix,5dee359087c4b9ae2c20477a4d5136d2695095b0438111838e7093c679bd3c20,"{""distance"":3,""physical_error_rate"":0.0005}","{""detection_events"":68988,""detectors_checked"":61046784,""obs_mistake_mask=E___"":2,""obs_mistake_mask=_EEE"":1,""obs_mistake_mask=_EE_"":4,""obs_mistake_mask=_E_E"":2,""obs_mistake_mask=_E__"":7,""obs_mistake_mask=__EE"":1,""obs_mistake_mask=__E_"":7,""obs_mistake_mask=___E"":5}"
   2392064,         0,         0,   115.5,decoder_by_matrix,73784f3389b885bc1b704dac0b44b83e08b79da81bcec9ed749229213445f550,"{""distance"":3,""physical_error_rate"":1e-05}","{""detection_events"":2868,""detectors_checked"":129171456}"
   2752512,         0,         0,   115.0,decoder_by_matrix,1222905ef2c3e0b3841e2be415851bad02a0949e12b9844f6b979980572eaa40,"{""distance"":3,""physical_error_rate"":5e-06}","{""detection_events"":1485,""detectors_checked"":148635648}"
   1276928,         0,         0,   117.0,decoder_by_matrix,c8397cb2c46e4683a6f3970bc42cef1aabfef4d80cfcd6b8313e87630b680ee2,"{""distance"":3,""physical_error_rate"":0.0001}","{""detection_events"":14691,""detectors_checked"":68954112}"
   3013632,         0,         0,   116.3,decoder_by_matrix,b3c6da8537ae85d54cd5acd57fc4d5a00e23be04de7c70760ac5fa4b0f5f70dc,"{""distance"":3,""physical_error_rate"":1e-06}","{""detection_events"":462,""detectors_checked"":162736128}"
   1149952,        22,         0,   117.7,decoder_by_matrix,5dee359087c4b9ae2c20477a4d5136d2695095b0438111838e7093c679bd3c20,"{""distance"":3,""physical_error_rate"":0.0005}","{""detection_events"":69357,""detectors_checked"":62097408,""obs_mistake_mask=E___"":3,""obs_mistake_mask=_EEE"":1,""obs_mistake_mask=_EE_"":4,""obs_mistake_mask=_E_E"":3,""obs_mistake_mask=_E__"":5,""obs_mistake_mask=__EE"":2,""obs_mistake_mask=__E_"":1,""obs_mistake_mask=___E"":3}"
   2718720,         0,         0,   115.0,decoder_by_matrix,1222905ef2c3e0b3841e2be415851bad02a0949e12b9844f6b979980572eaa40,"{""distance"":3,""physical_error_rate"":5e-06}","{""detection_events"":1590,""detectors_checked"":146810880}"
   1516544,         1,         0,   117.7,decoder_by_matrix,cd5aa4935a142b600239883e928f6c7fc9fbc8c84161e9ed59cf2551b7ebfc3d,"{""distance"":3,""physical_error_rate"":5e-05}","{""detection_events"":9039,""detectors_checked"":81893376,""obs_mistake_mask=_E__"":1}"
   1298432,         1,         0,   115.7,decoder_by_matrix,c8397cb2c46e4683a6f3970bc42cef1aabfef4d80cfcd6b8313e87630b680ee2,"{""distance"":3,""physical_error_rate"":0.0001}","{""detection_events"":15159,""detectors_checked"":70115328,""obs_mistake_mask=___E"":1}"
   2420736,         0,         0,   115.3,decoder_by_matrix,73784f3389b885bc1b704dac0b44b83e08b79da81bcec9ed749229213445f550,"{""distance"":3,""physical_error_rate"":1e-05}","{""detection_events"":2850,""detectors_checked"":130719744}"
   2359296,         0,         0,   116.1,decoder_by_matrix,73784f3389b885bc1b704dac0b44b83e08b79da81bcec9ed749229213445f550,"{""distance"":3,""physical_error_rate"":1e-05}","{""detection_events"":3162,""detectors_checked"":127401984}"
   2731008,         0,         0,   114.3,decoder_by_matrix,1222905ef2c3e0b3841e2be415851bad02a0949e12b9844f6b979980572eaa40,"{""distance"":3,""physical_error_rate"":5e-06}","{""detection_events"":1443,""detectors_checked"":147474432}"
   1537024,         0,         0,   115.6,decoder_by_matrix,cd5aa4935a142b600239883e928f6c7fc9fbc8c84161e9ed59cf2551b7ebfc3d,"{""distance"":3,""physical_error_rate"":5e-05}","{""detection_events"":9273,""detectors_checked"":82999296}"
   3010560,         0,         0,   115.7,decoder_by_matrix,b3c6da8537ae85d54cd5acd57fc4d5a00e23be04de7c70760ac5fa4b0f5f70dc,"{""distance"":3,""physical_error_rate"":1e-06}","{""detection_events"":399,""detectors_checked"":162570240}"
   3047424,         0,         0,   114.9,decoder_by_matrix,b3c6da8537ae85d54cd5acd57fc4d5a00e23be04de7c70760ac5fa4b0f5f70dc,"{""distance"":3,""physical_error_rate"":1e-06}","{""detection_events"":399,""detectors_checked"":164560896}"
   1143808,        25,         0,   117.1,decoder_by_matrix,5dee359087c4b9ae2c20477a4d5136d2695095b0438111838e7093c679bd3c20,"{""distance"":3,""physical_error_rate"":0.0005}","{""detection_events"":68994,""detectors_checked"":61765632,""obs_mistake_mask=E___"":1,""obs_mistake_mask=_EEE"":4,""obs_mistake_mask=_EE_"":1,""obs_mistake_mask=_E_E"":3,""obs_mistake_mask=_E__"":8,""obs_mistake_mask=__E_"":6,""obs_mistake_mask=___E"":2}"
   1142784,        18,         0,   118.3,decoder_by_matrix,5dee359087c4b9ae2c20477a4d5136d2695095b0438111838e7093c679bd3c20,"{""distance"":3,""physical_error_rate"":0.0005}","{""detection_events"":68955,""detectors_checked"":61710336,""obs_mistake_mask=_EE_"":3,""obs_mistake_mask=_E_E"":5,""obs_mistake_mask=_E__"":2,""obs_mistake_mask=__EE"":1,""obs_mistake_mask=__E_"":3,""obs_mistake_mask=___E"":4}"
   1542144,         0,         0,   115.4,decoder_by_matrix,cd5aa4935a142b600239883e928f6c7fc9fbc8c84161e9ed59cf2551b7ebfc3d,"{""distance"":3,""physical_error_rate"":5e-05}","{""detection_events"":9291,""detectors_checked"":83275776}"
   2407424,         0,         0,   115.3,decoder_by_matrix,73784f3389b885bc1b704dac0b44b83e08b79da81bcec9ed749229213445f550,"{""distance"":3,""physical_error_rate"":1e-05}","{""detection_events"":2865,""detectors_checked"":130000896}"
   2364416,         0,         0,   114.9,decoder_by_matrix,73784f3389b885bc1b704dac0b44b83e08b79da81bcec9ed749229213445f550,"{""distance"":3,""physical_error_rate"":1e-05}","{""detection_events"":3009,""detectors_checked"":127678464}"
   3041280,         0,         0,   114.1,decoder_by_matrix,b3c6da8537ae85d54cd5acd57fc4d5a00e23be04de7c70760ac5fa4b0f5f70dc,"{""distance"":3,""physical_error_rate"":1e-06}","{""detection_events"":450,""detectors_checked"":164229120}"
   2718720,         0,         0,   114.5,decoder_by_matrix,1222905ef2c3e0b3841e2be415851bad02a0949e12b9844f6b979980572eaa40,"{""distance"":3,""physical_error_rate"":5e-06}","{""detection_events"":1605,""detectors_checked"":146810880}"
   3059712,         0,         0,   113.9,decoder_by_matrix,b3c6da8537ae85d54cd5acd57fc4d5a00e23be04de7c70760ac5fa4b0f5f70dc,"{""distance"":3,""physical_error_rate"":1e-06}","{""detection_events"":339,""detectors_checked"":165224448}"
   1505280,         0,         0,   116.9,decoder_by_matrix,cd5aa4935a142b600239883e928f6c7fc9fbc8c84161e9ed59cf2551b7ebfc3d,"{""distance"":3,""physical_error_rate"":5e-05}","{""detection_events"":9186,""detectors_checked"":81285120}"
   1148928,        28,         0,   118.2,decoder_by_matrix,5dee359087c4b9ae2c20477a4d5136d2695095b0438111838e7093c679bd3c20,"{""distance"":3,""physical_error_rate"":0.0005}","{""detection_events"":68757,""detectors_checked"":62042112,""obs_mistake_mask=E___"":5,""obs_mistake_mask=_EEE"":1,""obs_mistake_mask=_EE_"":2,""obs_mistake_mask=_E__"":4,""obs_mistake_mask=__EE"":4,""obs_mistake_mask=__E_"":10,""obs_mistake_mask=___E"":2}"
   1142784,        24,         0,   115.7,decoder_by_matrix,5dee359087c4b9ae2c20477a4d5136d2695095b0438111838e7093c679bd3c20,"{""distance"":3,""physical_error_rate"":0.0005}","{""detection_events"":67932,""detectors_checked"":61710336,""obs_mistake_mask=E___"":3,""obs_mistake_mask=_EEE"":5,""obs_mistake_mask=_EE_"":3,""obs_mistake_mask=_E_E"":3,""obs_mistake_mask=_E__"":4,""obs_mistake_mask=__EE"":3,""obs_mistake_mask=__E_"":2,""obs_mistake_mask=___E"":1}"
   1282048,         1,         0,   115.2,decoder_by_matrix,c8397cb2c46e4683a6f3970bc42cef1aabfef4d80cfcd6b8313e87630b680ee2,"{""distance"":3,""physical_error_rate"":0.0001}","{""detection_events"":15381,""detectors_checked"":69230592,""obs_mistake_mask=__E_"":1}"
   1287168,         0,         0,   117.7,decoder_by_matrix,c8397cb2c46e4683a6f3970bc42cef1aabfef4d80cfcd6b8313e87630b680ee2,"{""distance"":3,""physical_error_rate"":0.0001}","{""detection_events"":15123,""detectors_checked"":69507072}"
   1290240,         0,         0,   117.7,decoder_by_matrix,c8397cb2c46e4683a6f3970bc42cef1aabfef4d80cfcd6b8313e87630b680ee2,"{""distance"":3,""physical_error_rate"":0.0001}","{""detection_events"":15417,""detectors_checked"":69672960}"
   1483776,         1,         0,   115.9,decoder_by_matrix,cd5aa4935a142b600239883e928f6c7fc9fbc8c84161e9ed59cf2551b7ebfc3d,"{""distance"":3,""physical_error_rate"":5e-05}","{""detection_events"":9048,""detectors_checked"":80123904,""obs_mistake_mask=__E_"":1}"
   2667520,         0,         0,   116.0,decoder_by_matrix,1222905ef2c3e0b3841e2be415851bad02a0949e12b9844f6b979980572eaa40,"{""distance"":3,""physical_error_rate"":5e-06}","{""detection_events"":1818,""detectors_checked"":144046080}"
   2660352,         0,         0,   114.5,decoder_by_matrix,1222905ef2c3e0b3841e2be415851bad02a0949e12b9844f6b979980572eaa40,"{""distance"":3,""physical_error_rate"":5e-06}","{""detection_events"":1782,""detectors_checked"":143659008}"
   2701312,         0,         0,   115.9,decoder_by_matrix,1222905ef2c3e0b3841e2be415851bad02a0949e12b9844f6b979980572eaa40,"{""distance"":3,""physical_error_rate"":5e-06}","{""detection_events"":1569,""detectors_checked"":145870848}"
   1280000,         0,         0,   116.8,decoder_by_matrix,c8397cb2c46e4683a6f3970bc42cef1aabfef4d80cfcd6b8313e87630b680ee2,"{""distance"":3,""physical_error_rate"":0.0001}","{""detection_events"":15702,""detectors_checked"":69120000}"
   3032064,         0,         0,   115.0,decoder_by_matrix,b3c6da8537ae85d54cd5acd57fc4d5a00e23be04de7c70760ac5fa4b0f5f70dc,"{""distance"":3,""physical_error_rate"":1e-06}","{""detection_events"":432,""detectors_checked"":163731456}"
   1485824,         0,         0,   116.5,decoder_by_matrix,cd5aa4935a142b600239883e928f6c7fc9fbc8c84161e9ed59cf2551b7ebfc3d,"{""distance"":3,""physical_error_rate"":5e-05}","{""detection_events"":9006,""detectors_checked"":80234496}"
   2406400,         0,         0,   115.3,decoder_by_matrix,73784f3389b885bc1b704dac0b44b83e08b79da81bcec9ed749229213445f550,"{""distance"":3,""physical_error_rate"":1e-05}","{""detection_events"":3018,""detectors_checked"":129945600}"
   3019776,         0,         0,   113.9,decoder_by_matrix,b3c6da8537ae85d54cd5acd57fc4d5a00e23be04de7c70760ac5fa4b0f5f70dc,"{""distance"":3,""physical_error_rate"":1e-06}","{""detection_events"":369,""detectors_checked"":163067904}"
   1132544,        20,         0,   117.1,decoder_by_matrix,5dee359087c4b9ae2c20477a4d5136d2695095b0438111838e7093c679bd3c20,"{""distance"":3,""physical_error_rate"":0.0005}","{""detection_events"":68022,""detectors_checked"":61157376,""obs_mistake_mask=E___"":2,""obs_mistake_mask=_EE_"":3,""obs_mistake_mask=_E_E"":2,""obs_mistake_mask=_E__"":5,""obs_mistake_mask=__E_"":6,""obs_mistake_mask=___E"":2}"
   1513472,         0,         0,   116.9,decoder_by_matrix,cd5aa4935a142b600239883e928f6c7fc9fbc8c84161e9ed59cf2551b7ebfc3d,"{""distance"":3,""physical_error_rate"":5e-05}","{""detection_events"":8880,""detectors_checked"":81727488}"
   2372608,         0,         0,   117.1,decoder_by_matrix,73784f3389b885bc1b704dac0b44b83e08b79da81bcec9ed749229213445f550,"{""distance"":3,""physical_error_rate"":1e-05}","{""detection_events"":2985,""detectors_checked"":128120832}"
   1129472,        22,         0,   117.5,decoder_by_matrix,5dee359087c4b9ae2c20477a4d5136d2695095b0438111838e7093c679bd3c20,"{""distance"":3,""physical_error_rate"":0.0005}","{""detection_events"":66663,""detectors_checked"":60991488,""obs_mistake_mask=_EEE"":4,""obs_mistake_mask=_E_E"":1,""obs_mistake_mask=_E__"":4,""obs_mistake_mask=__EE"":3,""obs_mistake_mask=__E_"":4,""obs_mistake_mask=___E"":6}"
   2364416,         0,         0,   115.2,decoder_by_matrix,73784f3389b885bc1b704dac0b44b83e08b79da81bcec9ed749229213445f550,"{""distance"":3,""physical_error_rate"":1e-05}","{""detection_events"":3060,""detectors_checked"":127678464}"
   1280000,         0,         0,   117.8,decoder_by_matrix,c8397cb2c46e4683a6f3970bc42cef1aabfef4d80cfcd6b8313e87630b680ee2,"{""distance"":3,""physical_error_rate"":0.0001}","{""detection_events"":15723,""detectors_checked"":69120000}"
   3051520,         0,         0,   115.0,decoder_by_matrix,b3c6da8537ae85d54cd5acd57fc4d5a00e23be04de7c70760ac5fa4b0f5f70dc,"{""distance"":3,""physical_error_rate"":1e-06}","{""detection_events"":357,""detectors_checked"":164782080}"
   1510400,         1,         0,   117.9,decoder_by_matrix,cd5aa4935a142b600239883e928f6c7fc9fbc8c84161e9ed59cf2551b7ebfc3d,"{""distance"":3,""physical_error_rate"":5e-05}","{""detection_events"":9102,""detectors_checked"":81561600,""obs_mistake_mask=___E"":1}"
   2723840,         0,         0,   113.1,decoder_by_matrix,1222905ef2c3e0b3841e2be415851bad02a0949e12b9844f6b979980572eaa40,"{""distance"":3,""physical_error_rate"":5e-06}","{""detection_events"":1530,""detectors_checked"":147087360}"
   1147904,        28,         0,   116.7,decoder_by_matrix,5dee359087c4b9ae2c20477a4d5136d2695095b0438111838e7093c679bd3c20,"{""distance"":3,""physical_error_rate"":0.0005}","{""detection_events"":68625,""detectors_checked"":61986816,""obs_mistake_mask=E___"":3,""obs_mistake_mask=_EEE"":3,""obs_mistake_mask=_EE_"":3,""obs_mistake_mask=_E_E"":3,""obs_mistake_mask=_E__"":6,""obs_mistake_mask=__EE"":3,""obs_mistake_mask=__E_"":3,""obs_mistake_mask=___E"":4}"
   1269760,         1,         0,   118.1,decoder_by_matrix,c8397cb2c46e4683a6f3970bc42cef1aabfef4d80cfcd6b8313e87630b680ee2,"{""distance"":3,""physical_error_rate"":0.0001}","{""detection_events"":15378,""detectors_checked"":68567040,""obs_mistake_mask=_EE_"":1}"
   2382848,         0,         0,   116.4,decoder_by_matrix,73784f3389b885bc1b704dac0b44b83e08b79da81bcec9ed749229213445f550,"{""distance"":3,""physical_error_rate"":1e-05}","{""detection_events"":2979,""detectors_checked"":128673792}"
   2385920,         0,         0,   115.0,decoder_by_matrix,73784f3389b885bc1b704dac0b44b83e08b79da81bcec9ed749229213445f550,"{""distance"":3,""physical_error_rate"":1e-05}","{""detection_events"":3057,""detectors_checked"":128839680}"
   3043328,         0,         0,   115.6,decoder_by_matrix,b3c6da8537ae85d54cd5acd57fc4d5a00e23be04de7c70760ac5fa4b0f5f70dc,"{""distance"":3,""physical_error_rate"":1e-06}","{""detection_events"":369,""detectors_checked"":164339712}"
   1283072,         0,         0,   117.4,decoder_by_matrix,c8397cb2c46e4683a6f3970bc42cef1aabfef4d80cfcd6b8313e87630b680ee2,"{""distance"":3,""physical_error_rate"":0.0001}","{""detection_events"":15183,""detectors_checked"":69285888}"
   2353152,         0,         0,   116.0,decoder_by_matrix,73784f3389b885bc1b704dac0b44b83e08b79da81bcec9ed749229213445f550,"{""distance"":3,""physical_error_rate"":1e-05}","{""detection_events"":3054,""detectors_checked"":127070208}"
   2750464,         0,         0,   115.5,decoder_by_matrix,1222905ef2c3e0b3841e2be415851bad02a0949e12b9844f6b979980572eaa40,"{""distance"":3,""physical_error_rate"":5e-06}","{""detection_events"":1521,""detectors_checked"":148525056}"
   1140736,        16,         0,   116.9,decoder_by_matrix,5dee359087c4b9ae2c20477a4d5136d2695095b0438111838e7093c679bd3c20,"{""distance"":3,""physical_error_rate"":0.0005}","{""detection_events"":67866,""detectors_checked"":61599744,""obs_mistake_mask=E___"":2,""obs_mistake_mask=_EEE"":2,""obs_mistake_mask=_EE_"":3,""obs_mistake_mask=_E_E"":2,""obs_mistake_mask=_E__"":3,""obs_mistake_mask=__EE"":1,""obs_mistake_mask=__E_"":1,""obs_mistake_mask=___E"":2}"
   1512448,         0,         0,   117.4,decoder_by_matrix,cd5aa4935a142b600239883e928f6c7fc9fbc8c84161e9ed59cf2551b7ebfc3d,"{""distance"":3,""physical_error_rate"":5e-05}","{""detection_events"":9342,""detectors_checked"":81672192}"
   1146880,        26,         0,   117.9,decoder_by_matrix,5dee359087c4b9ae2c20477a4d5136d2695095b0438111838e7093c679bd3c20,"{""distance"":3,""physical_error_rate"":0.0005}","{""detection_events"":69723,""detectors_checked"":61931520,""obs_mistake_mask=_EEE"":1,""obs_mistake_mask=_EE_"":4,""obs_mistake_mask=_E_E"":2,""obs_mistake_mask=_E__"":4,""obs_mistake_mask=__EE"":5,""obs_mistake_mask=__E_"":8,""obs_mistake_mask=___E"":2}"
   1532928,         0,         0,   117.4,decoder_by_matrix,cd5aa4935a142b600239883e928f6c7fc9fbc8c84161e9ed59cf2551b7ebfc3d,"{""distance"":3,""physical_error_rate"":5e-05}","{""detection_events"":9252,""detectors_checked"":82778112}"
   1269760,         0,         0,   117.7,decoder_by_matrix,c8397cb2c46e4683a6f3970bc42cef1aabfef4d80cfcd6b8313e87630b680ee2,"{""distance"":3,""physical_error_rate"":0.0001}","{""detection_events"":15519,""detectors_checked"":68567040}"
   3032064,         0,         0,   114.3,decoder_by_matrix,b3c6da8537ae85d54cd5acd57fc4d5a00e23be04de7c70760ac5fa4b0f5f70dc,"{""distance"":3,""physical_error_rate"":1e-06}","{""detection_events"":339,""detectors_checked"":163731456}"
   1555456,         1,         0,   114.5,decoder_by_matrix,cd5aa4935a142b600239883e928f6c7fc9fbc8c84161e9ed59cf2551b7ebfc3d,"{""distance"":3,""physical_error_rate"":5e-05}","{""detection_events"":8889,""detectors_checked"":83994624,""obs_mistake_mask=_E__"":1}"
   2720768,         0,         0,   117.0,decoder_by_matrix,1222905ef2c3e0b3841e2be415851bad02a0949e12b9844f6b979980572eaa40,"{""distance"":3,""physical_error_rate"":5e-06}","{""detection_events"":1593,""detectors_checked"":146921472}"
   1273856,         1,         0,   116.0,decoder_by_matrix,c8397cb2c46e4683a6f3970bc42cef1aabfef4d80cfcd6b8313e87630b680ee2,"{""distance"":3,""physical_error_rate"":0.0001}","{""detection_events"":14970,""detectors_checked"":68788224,""obs_mistake_mask=___E"":1}"
   1133568,        25,         0,   116.3,decoder_by_matrix,5dee359087c4b9ae2c20477a4d5136d2695095b0438111838e7093c679bd3c20,"{""distance"":3,""physical_error_rate"":0.0005}","{""detection_events"":67116,""detectors_checked"":61212672,""obs_mistake_mask=E___"":3,""obs_mistake_mask=_EEE"":1,""obs_mistake_mask=_EE_"":1,""obs_mistake_mask=_E_E"":2,""obs_mistake_mask=_E__"":7,""obs_mistake_mask=__E_"":6,""obs_mistake_mask=___E"":5}"
   2372608,         0,         0,   114.0,decoder_by_matrix,73784f3389b885bc1b704dac0b44b83e08b79da81bcec9ed749229213445f550,"{""distance"":3,""physical_error_rate"":1e-05}","{""detection_events"":2991,""detectors_checked"":128120832}"
   2718720,         0,         0,   115.5,decoder_by_matrix,1222905ef2c3e0b3841e2be415851bad02a0949e12b9844f6b979980572eaa40,"{""distance"":3,""physical_error_rate"":5e-06}","{""detection_events"":1593,""detectors_checked"":146810880}"
   1292288,         4,         0,   116.0,decoder_by_matrix,c8397cb2c46e4683a6f3970bc42cef1aabfef4d80cfcd6b8313e87630b680ee2,"{""distance"":3,""physical_error_rate"":0.0001}","{""detection_events"":15168,""detectors_checked"":69783552,""obs_mistake_mask=E___"":1,""obs_mistake_mask=_EEE"":1,""obs_mistake_mask=_EE_"":1,""obs_mistake_mask=_E_E"":1}"
   1150976,        12,         0,   118.9,decoder_by_matrix,5dee359087c4b9ae2c20477a4d5136d2695095b0438111838e7093c679bd3c20,"{""distance"":3,""physical_error_rate"":0.0005}","{""detection_events"":68730,""detectors_checked"":62152704,""obs_mistake_mask=E___"":1,""obs_mistake_mask=_EE_"":2,""obs_mistake_mask=_E__"":3,""obs_mistake_mask=__EE"":3,""obs_mistake_mask=__E_"":1,""obs_mistake_mask=___E"":2}"
   3049472,         0,         0,   114.0,decoder_by_matrix,b3c6da8537ae85d54cd5acd57fc4d5a00e23be04de7c70760ac5fa4b0f5f70dc,"{""distance"":3,""physical_error_rate"":1e-06}","{""detection_events"":387,""detectors_checked"":164671488}"
   2726912,         0,         0,   113.4,decoder_by_matrix,1222905ef2c3e0b3841e2be415851bad02a0949e12b9844f6b979980572eaa40,"{""distance"":3,""physical_error_rate"":5e-06}","{""detection_events"":1560,""detectors_checked"":147253248}"
   1286144,         0,         0,   116.9,decoder_by_matrix,c8397cb2c46e4683a6f3970bc42cef1aabfef4d80cfcd6b8313e87630b680ee2,"{""distance"":3,""physical_error_rate"":0.0001}","{""detection_events"":15243,""detectors_checked"":69451776}"
   1517568,         0,         0,   117.7,decoder_by_matrix,cd5aa4935a142b600239883e928f6c7fc9fbc8c84161e9ed59cf2551b7ebfc3d,"{""distance"":3,""physical_error_rate"":5e-05}","{""detection_events"":9285,""detectors_checked"":81948672}"
   2414592,         0,         0,   114.8,decoder_by_matrix,73784f3389b885bc1b704dac0b44b83e08b79da81bcec9ed749229213445f550,"{""distance"":3,""physical_error_rate"":1e-05}","{""detection_events"":2871,""detectors_checked"":130387968}"
   2469888,         0,         0,   117.0,decoder_by_matrix,73784f3389b885bc1b704dac0b44b83e08b79da81bcec9ed749229213445f550,"{""distance"":3,""physical_error_rate"":1e-05}","{""detection_events"":2559,""detectors_checked"":133373952}"
   1518592,         0,         0,   118.0,decoder_by_matrix,cd5aa4935a142b600239883e928f6c7fc9fbc8c84161e9ed59cf2551b7ebfc3d,"{""distance"":3,""physical_error_rate"":5e-05}","{""detection_events"":9366,""detectors_checked"":82003968}"
   2742272,         0,         0,   115.3,decoder_by_matrix,1222905ef2c3e0b3841e2be415851bad02a0949e12b9844f6b979980572eaa40,"{""distance"":3,""physical_error_rate"":5e-06}","{""detection_events"":1476,""detectors_checked"":148082688}"
   1544192,         1,         0,   116.0,decoder_by_matrix,cd5aa4935a142b600239883e928f6c7fc9fbc8c84161e9ed59cf2551b7ebfc3d,"{""distance"":3,""physical_error_rate"":5e-05}","{""detection_events"":9312,""detectors_checked"":83386368,""obs_mistake_mask=_E__"":1}"
   3022848,         0,         0,   114.0,decoder_by_matrix,b3c6da8537ae85d54cd5acd57fc4d5a00e23be04de7c70760ac5fa4b0f5f70dc,"{""distance"":3,""physical_error_rate"":1e-06}","{""detection_events"":381,""detectors_checked"":163233792}"
   1145856,        26,         0,   117.7,decoder_by_matrix,5dee359087c4b9ae2c20477a4d5136d2695095b0438111838e7093c679bd3c20,"{""distance"":3,""physical_error_rate"":0.0005}","{""detection_events"":69768,""detectors_checked"":61876224,""obs_mistake_mask=E___"":5,""obs_mistake_mask=_EEE"":5,""obs_mistake_mask=_EE_"":2,""obs_mistake_mask=_E_E"":1,""obs_mistake_mask=_E__"":3,""obs_mistake_mask=__EE"":2,""obs_mistake_mask=__E_"":3,""obs_mistake_mask=___E"":5}"
   1145856,        23,         0,   117.4,decoder_by_matrix,5dee359087c4b9ae2c20477a4d5136d2695095b0438111838e7093c679bd3c20,"{""distance"":3,""physical_error_rate"":0.0005}","{""detection_events"":69420,""detectors_checked"":61876224,""obs_mistake_mask=E___"":1,""obs_mistake_mask=_EEE"":4,""obs_mistake_mask=_EE_"":3,""obs_mistake_mask=_E_E"":3,""obs_mistake_mask=_E__"":2,""obs_mistake_mask=__EE"":2,""obs_mistake_mask=__E_"":3,""obs_mistake_mask=___E"":5}"
   3036160,         0,         0,   116.1,decoder_by_matrix,b3c6da8537ae85d54cd5acd57fc4d5a00e23be04de7c70760ac5fa4b0f5f70dc,"{""distance"":3,""physical_error_rate"":1e-06}","{""detection_events"":402,""detectors_checked"":163952640}"
   2457600,         0,         0,   114.9,decoder_by_matrix,73784f3389b885bc1b704dac0b44b83e08b79da81bcec9ed749229213445f550,"{""distance"":3,""physical_error_rate"":1e-05}","{""detection_events"":2640,""detectors_checked"":132710400}"
   2421760,         0,         0,   115.4,decoder_by_matrix,73784f3389b885bc1b704dac0b44b83e08b79da81bcec9ed749229213445f550,"{""distance"":3,""physical_error_rate"":1e-05}","{""detection_events"":2925,""detectors_checked"":130775040}"
   2705408,         0,         0,   115.5,decoder_by_matrix,1222905ef2c3e0b3841e2be415851bad02a0949e12b9844f6b979980572eaa40,"{""distance"":3,""physical_error_rate"":5e-06}","{""detection_events"":1611,""detectors_checked"":146092032}"
   3066880,         0,         0,   112.6,decoder_by_matrix,b3c6da8537ae85d54cd5acd57fc4d5a00e23be04de7c70760ac5fa4b0f5f70dc,"{""distance"":3,""physical_error_rate"":1e-06}","{""detection_events"":357,""detectors_checked"":165611520}"
   3044352,         0,         0,   114.9,decoder_by_matrix,b3c6da8537ae85d54cd5acd57fc4d5a00e23be04de7c70760ac5fa4b0f5f70dc,"{""distance"":3,""physical_error_rate"":1e-06}","{""detection_events"":393,""detectors_checked"":164395008}"
   1506304,         0,         0,   117.6,decoder_by_matrix,cd5aa4935a142b600239883e928f6c7fc9fbc8c84161e9ed59cf2551b7ebfc3d,"{""distance"":3,""physical_error_rate"":5e-05}","{""detection_events"":9150,""detectors_checked"":81340416}"
   1148928,        21,         0,   117.5,decoder_by_matrix,5dee359087c4b9ae2c20477a4d5136d2695095b0438111838e7093c679bd3c20,"{""distance"":3,""physical_error_rate"":0.0005}","{""detection_events"":69426,""detectors_checked"":62042112,""obs_mistake_mask=E___"":1,""obs_mistake_mask=_EEE"":1,""obs_mistake_mask=_EE_"":2,""obs_mistake_mask=_E_E"":3,""obs_mistake_mask=_E__"":3,""obs_mistake_mask=__EE"":1,""obs_mistake_mask=__E_"":4,""obs_mistake_mask=___E"":6}"
   1146880,        19,         0,   117.3,decoder_by_matrix,5dee359087c4b9ae2c20477a4d5136d2695095b0438111838e7093c679bd3c20,"{""distance"":3,""physical_error_rate"":0.0005}","{""detection_events"":66987,""detectors_checked"":61931520,""obs_mistake_mask=_EEE"":2,""obs_mistake_mask=_EE_"":1,""obs_mistake_mask=_E_E"":1,""obs_mistake_mask=_E__"":4,""obs_mistake_mask=__EE"":4,""obs_mistake_mask=__E_"":5,""obs_mistake_mask=___E"":2}"
   1271808,         1,         0,   116.0,decoder_by_matrix,c8397cb2c46e4683a6f3970bc42cef1aabfef4d80cfcd6b8313e87630b680ee2,"{""distance"":3,""physical_error_rate"":0.0001}","{""detection_events"":15192,""detectors_checked"":68677632,""obs_mistake_mask=_E_E"":1}"
   1298432,         1,         0,   115.1,decoder_by_matrix,c8397cb2c46e4683a6f3970bc42cef1aabfef4d80cfcd6b8313e87630b680ee2,"{""distance"":3,""physical_error_rate"":0.0001}","{""detection_events"":15240,""detectors_checked"":70115328,""obs_mistake_mask=_E_E"":1}"
   1280000,         1,         0,   117.4,decoder_by_matrix,c8397cb2c46e4683a6f3970bc42cef1aabfef4d80cfcd6b8313e87630b680ee2,"{""distance"":3,""physical_error_rate"":0.0001}","{""detection_events"":15585,""detectors_checked"":69120000,""obs_mistake_mask=_EE_"":1}"
   1509376,         0,         0,   116.3,decoder_by_matrix,cd5aa4935a142b600239883e928f6c7fc9fbc8c84161e9ed59cf2551b7ebfc3d,"{""distance"":3,""physical_error_rate"":5e-05}","{""detection_events"":9426,""detectors_checked"":81506304}"
   2689024,         0,         0,   114.9,decoder_by_matrix,1222905ef2c3e0b3841e2be415851bad02a0949e12b9844f6b979980572eaa40,"{""distance"":3,""physical_error_rate"":5e-06}","{""detection_events"":1680,""detectors_checked"":145207296}"
   2722816,         0,         0,   113.6,decoder_by_matrix,1222905ef2c3e0b3841e2be415851bad02a0949e12b9844f6b979980572eaa40,"{""distance"":3,""physical_error_rate"":5e-06}","{""detection_events"":1599,""detectors_checked"":147032064}"
   2713600,         0,         0,   116.5,decoder_by_matrix,1222905ef2c3e0b3841e2be415851bad02a0949e12b9844f6b979980572eaa40,"{""distance"":3,""physical_error_rate"":5e-06}","{""detection_events"":1593,""detectors_checked"":146534400}"
   3086336,         0,         0,   113.6,decoder_by_matrix,b3c6da8537ae85d54cd5acd57fc4d5a00e23be04de7c70760ac5fa4b0f5f70dc,"{""distance"":3,""physical_error_rate"":1e-06}","{""detection_events"":276,""detectors_checked"":166662144}"
   1509376,         0,         0,   118.0,decoder_by_matrix,cd5aa4935a142b600239883e928f6c7fc9fbc8c84161e9ed59cf2551b7ebfc3d,"{""distance"":3,""physical_error_rate"":5e-05}","{""detection_events"":8838,""detectors_checked"":81506304}"
   1302528,         1,         0,   116.0,decoder_by_matrix,c8397cb2c46e4683a6f3970bc42cef1aabfef4d80cfcd6b8313e87630b680ee2,"{""distance"":3,""physical_error_rate"":0.0001}","{""detection_events"":14994,""detectors_checked"":70336512,""obs_mistake_mask=_EEE"":1}"
   2417664,         0,         0,   117.4,decoder_by_matrix,73784f3389b885bc1b704dac0b44b83e08b79da81bcec9ed749229213445f550,"{""distance"":3,""physical_error_rate"":1e-05}","{""detection_events"":2820,""detectors_checked"":130553856}"
   3019776,         0,         0,   115.8,decoder_by_matrix,b3c6da8537ae85d54cd5acd57fc4d5a00e23be04de7c70760ac5fa4b0f5f70dc,"{""distance"":3,""physical_error_rate"":1e-06}","{""detection_events"":366,""detectors_checked"":163067904}"
   1148928,        25,         0,   117.4,decoder_by_matrix,5dee359087c4b9ae2c20477a4d5136d2695095b0438111838e7093c679bd3c20,"{""distance"":3,""physical_error_rate"":0.0005}","{""detection_events"":69396,""detectors_checked"":62042112,""obs_mistake_mask=E___"":3,""obs_mistake_mask=_EEE"":3,""obs_mistake_mask=_EE_"":3,""obs_mistake_mask=_E_E"":3,""obs_mistake_mask=_E__"":2,""obs_mistake_mask=__EE"":3,""obs_mistake_mask=__E_"":3,""obs_mistake_mask=___E"":5}"
   1506304,         0,         0,   117.0,decoder_by_matrix,cd5aa4935a142b600239883e928f6c7fc9fbc8c84161e9ed59cf2551b7ebfc3d,"{""distance"":3,""physical_error_rate"":5e-05}","{""detection_events"":9090,""detectors_checked"":81340416}"
   2424832,         0,         0,   114.5,decoder_by_matrix,73784f3389b885bc1b704dac0b44b83e08b79da81bcec9ed749229213445f550,"{""distance"":3,""physical_error_rate"":1e-05}","{""detection_events"":2733,""detectors_checked"":130940928}"
   1128448,        24,         0,   117.0,decoder_by_matrix,5dee359087c4b9ae2c20477a4d5136d2695095b0438111838e7093c679bd3c20,"{""distance"":3,""physical_error_rate"":0.0005}","{""detection_events"":68151,""detectors_checked"":60936192,""obs_mistake_mask=E___"":1,""obs_mistake_mask=_EEE"":2,""obs_mistake_mask=_EE_"":3,""obs_mistake_mask=_E_E"":5,""obs_mistake_mask=_E__"":6,""obs_mistake_mask=__EE"":2,""obs_mistake_mask=__E_"":4,""obs_mistake_mask=___E"":1}"
   2416640,         0,         0,   114.9,decoder_by_matrix,73784f3389b885bc1b704dac0b44b83e08b79da81bcec9ed749229213445f550,"{""distance"":3,""physical_error_rate"":1e-05}","{""detection_events"":2700,""detectors_checked"":130498560}"
   1288192,         2,         0,   118.2,decoder_by_matrix,c8397cb2c46e4683a6f3970bc42cef1aabfef4d80cfcd6b8313e87630b680ee2,"{""distance"":3,""physical_error_rate"":0.0001}","{""detection_events"":15411,""detectors_checked"":69562368,""obs_mistake_mask=_E__"":1,""obs_mistake_mask=___E"":1}"
    297059,         0,         0,    11.7,decoder_by_matrix,b3c6da8537ae85d54cd5acd57fc4d5a00e23be04de7c70760ac5fa4b0f5f70dc,"{""distance"":3,""physical_error_rate"":1e-06}","{""detection_events"":33,""detectors_checked"":16041186}"
   2572288,         0,         0,    96.1,decoder_by_matrix,b3c6da8537ae85d54cd5acd57fc4d5a00e23be04de7c70760ac5fa4b0f5f70dc,"{""distance"":3,""physical_error_rate"":1e-06}","{""detection_events"":252,""detectors_checked"":138903552}"
   2051851,         0,         0,    77.0,decoder_by_matrix,b3c6da8537ae85d54cd5acd57fc4d5a00e23be04de7c70760ac5fa4b0f5f70dc,"{""distance"":3,""physical_error_rate"":1e-06}","{""detection_events"":213,""detectors_checked"":110799954}"
   1517568,         1,         0,   115.9,decoder_by_matrix,cd5aa4935a142b600239883e928f6c7fc9fbc8c84161e9ed59cf2551b7ebfc3d,"{""distance"":3,""physical_error_rate"":5e-05}","{""detection_events"":9033,""detectors_checked"":81948672,""obs_mistake_mask=E___"":1}"
   2705408,         0,         0,   113.4,decoder_by_matrix,1222905ef2c3e0b3841e2be415851bad02a0949e12b9844f6b979980572eaa40,"{""distance"":3,""physical_error_rate"":5e-06}","{""detection_events"":1533,""detectors_checked"":146092032}"
   1272832,         1,         0,   118.0,decoder_by_matrix,c8397cb2c46e4683a6f3970bc42cef1aabfef4d80cfcd6b8313e87630b680ee2,"{""distance"":3,""physical_error_rate"":0.0001}","{""detection_events"":15339,""detectors_checked"":68732928,""obs_mistake_mask=__E_"":1}"
   1149952,        31,         0,   117.9,decoder_by_matrix,5dee359087c4b9ae2c20477a4d5136d2695095b0438111838e7093c679bd3c20,"{""distance"":3,""physical_error_rate"":0.0005}","{""detection_events"":68724,""detectors_checked"":62097408,""obs_mistake_mask=E___"":5,""obs_mistake_mask=_EEE"":1,""obs_mistake_mask=_EE_"":3,""obs_mistake_mask=_E_E"":3,""obs_mistake_mask=_E__"":5,""obs_mistake_mask=__EE"":2,""obs_mistake_mask=__E_"":6,""obs_mistake_mask=___E"":6}"
   2425856,         0,         0,   115.6,decoder_by_matrix,73784f3389b885bc1b704dac0b44b83e08b79da81bcec9ed749229213445f550,"{""distance"":3,""physical_error_rate"":1e-05}","{""detection_events"":2835,""detectors_checked"":130996224}"
   1589437,         0,         0,    61.5,decoder_by_matrix,b3c6da8537ae85d54cd5acd57fc4d5a00e23be04de7c70760ac5fa4b0f5f70dc,"{""distance"":3,""physical_error_rate"":1e-06}","{""detection_events"":207,""detectors_checked"":85829598}"
   1497088,         0,         0,    55.4,decoder_by_matrix,b3c6da8537ae85d54cd5acd57fc4d5a00e23be04de7c70760ac5fa4b0f5f70dc,"{""distance"":3,""physical_error_rate"":1e-06}","{""detection_events"":162,""detectors_checked"":80842752}"
   1516544,         0,         0,    58.5,decoder_by_matrix,b3c6da8537ae85d54cd5acd57fc4d5a00e23be04de7c70760ac5fa4b0f5f70dc,"{""distance"":3,""physical_error_rate"":1e-06}","{""detection_events"":210,""detectors_checked"":81893376}"
   1482752,         0,         0,    57.1,decoder_by_matrix,b3c6da8537ae85d54cd5acd57fc4d5a00e23be04de7c70760ac5fa4b0f5f70dc,"{""distance"":3,""physical_error_rate"":1e-06}","{""detection_events"":192,""detectors_checked"":80068608}"
   1496064,         0,         0,    57.2,decoder_by_matrix,b3c6da8537ae85d54cd5acd57fc4d5a00e23be04de7c70760ac5fa4b0f5f70dc,"{""distance"":3,""physical_error_rate"":1e-06}","{""detection_events"":150,""detectors_checked"":80787456}"
   1482752,         0,         0,    55.9,decoder_by_matrix,b3c6da8537ae85d54cd5acd57fc4d5a00e23be04de7c70760ac5fa4b0f5f70dc,"{""distance"":3,""physical_error_rate"":1e-06}","{""detection_events"":243,""detectors_checked"":80068608}"
   1430493,         0,         0,    54.1,decoder_by_matrix,b3c6da8537ae85d54cd5acd57fc4d5a00e23be04de7c70760ac5fa4b0f5f70dc,"{""distance"":3,""physical_error_rate"":1e-06}","{""detection_events"":168,""detectors_checked"":77246622}"
   1156096,         0,         0,    44.5,decoder_by_matrix,b3c6da8537ae85d54cd5acd57fc4d5a00e23be04de7c70760ac5fa4b0f5f70dc,"{""distance"":3,""physical_error_rate"":1e-06}","{""detection_events"":114,""detectors_checked"":62429184}"
    706560,         0,         0,    25.5,decoder_by_matrix,b3c6da8537ae85d54cd5acd57fc4d5a00e23be04de7c70760ac5fa4b0f5f70dc,"{""distance"":3,""physical_error_rate"":1e-06}","{""detection_events"":84,""detectors_checked"":38154240}"
   1163264,         0,         0,    44.9,decoder_by_matrix,b3c6da8537ae85d54cd5acd57fc4d5a00e23be04de7c70760ac5fa4b0f5f70dc,"{""distance"":3,""physical_error_rate"":1e-06}","{""detection_events"":141,""detectors_checked"":62816256}"
    109990,         0,         0,    4.07,decoder_by_matrix,b3c6da8537ae85d54cd5acd57fc4d5a00e23be04de7c70760ac5fa4b0f5f70dc,"{""distance"":3,""physical_error_rate"":1e-06}","{""detection_events"":6,""detectors_checked"":5939460}"
    226333,         0,         0,    8.71,decoder_by_matrix,b3c6da8537ae85d54cd5acd57fc4d5a00e23be04de7c70760ac5fa4b0f5f70dc,"{""distance"":3,""physical_error_rate"":1e-06}","{""detection_events"":12,""detectors_checked"":12221982}"
    219136,         0,         0,    7.40,decoder_by_matrix,b3c6da8537ae85d54cd5acd57fc4d5a00e23be04de7c70760ac5fa4b0f5f70dc,"{""distance"":3,""physical_error_rate"":1e-06}","{""detection_events"":15,""detectors_checked"":11833344}"
    222208,         0,         0,    8.34,decoder_by_matrix,b3c6da8537ae85d54cd5acd57fc4d5a00e23be04de7c70760ac5fa4b0f5f70dc,"{""distance"":3,""physical_error_rate"":1e-06}","{""detection_events"":36,""detectors_checked"":11999232}"
    226304,         0,         0,    8.34,decoder_by_matrix,b3c6da8537ae85d54cd5acd57fc4d5a00e23be04de7c70760ac5fa4b0f5f70dc,"{""distance"":3,""physical_error_rate"":1e-06}","{""detection_events"":9,""detectors_checked"":12220416}"
    218112,         0,         0,    8.04,decoder_by_matrix,b3c6da8537ae85d54cd5acd57fc4d5a00e23be04de7c70760ac5fa4b0f5f70dc,"{""distance"":3,""physical_error_rate"":1e-06}","{""detection_events"":15,""detectors_checked"":11778048}"
    220160,         0,         0,    7.79,decoder_by_matrix,b3c6da8537ae85d54cd5acd57fc4d5a00e23be04de7c70760ac5fa4b0f5f70dc,"{""distance"":3,""physical_error_rate"":1e-06}","{""detectors_checked"":11888640}"
    222208,         0,         0,    8.16,decoder_by_matrix,b3c6da8537ae85d54cd5acd57fc4d5a00e23be04de7c70760ac5fa4b0f5f70dc,"{""distance"":3,""physical_error_rate"":1e-06}","{""detection_events"":33,""detectors_checked"":11999232}"
    225280,         0,         0,    7.86,decoder_by_matrix,b3c6da8537ae85d54cd5acd57fc4d5a00e23be04de7c70760ac5fa4b0f5f70dc,"{""distance"":3,""physical_error_rate"":1e-06}","{""detectors_checked"":12165120}"
        29,         0,         0,   0.000,decoder_by_matrix,b3c6da8537ae85d54cd5acd57fc4d5a00e23be04de7c70760ac5fa4b0f5f70dc,"{""distance"":3,""physical_error_rate"":1e-06}","{""detectors_checked"":1566}"
    226304,         0,         0,    8.73,decoder_by_matrix,b3c6da8537ae85d54cd5acd57fc4d5a00e23be04de7c70760ac5fa4b0f5f70dc,"{""distance"":3,""physical_error_rate"":1e-06}","{""detection_events"":39,""detectors_checked"":12220416}"
      4125,         0,         0,   0.002,decoder_by_matrix,b3c6da8537ae85d54cd5acd57fc4d5a00e23be04de7c70760ac5fa4b0f5f70dc,"{""distance"":3,""physical_error_rate"":1e-06}","{""detectors_checked"":222750}"
      4117,         0,         0,   0.002,decoder_by_matrix,b3c6da8537ae85d54cd5acd57fc4d5a00e23be04de7c70760ac5fa4b0f5f70dc,"{""distance"":3,""physical_error_rate"":1e-06}","{""detectors_checked"":222318}"
      1053,         0,         0,   0.001,decoder_by_matrix,b3c6da8537ae85d54cd5acd57fc4d5a00e23be04de7c70760ac5fa4b0f5f70dc,"{""distance"":3,""physical_error_rate"":1e-06}","{""detectors_checked"":56862}"
      7197,         0,         0,   0.140,decoder_by_matrix,b3c6da8537ae85d54cd5acd57fc4d5a00e23be04de7c70760ac5fa4b0f5f70dc,"{""distance"":3,""physical_error_rate"":1e-06}","{""detectors_checked"":388638}"
      8221,         0,         0,   0.207,decoder_by_matrix,b3c6da8537ae85d54cd5acd57fc4d5a00e23be04de7c70760ac5fa4b0f5f70dc,"{""distance"":3,""physical_error_rate"":1e-06}","{""detection_events"":6,""detectors_checked"":443934}"
    113664,         0,         0,    4.37,decoder_by_matrix,b3c6da8537ae85d54cd5acd57fc4d5a00e23be04de7c70760ac5fa4b0f5f70dc,"{""distance"":3,""physical_error_rate"":1e-06}","{""detection_events"":15,""detectors_checked"":6137856}"
      6173,         0,         0,   0.236,decoder_by_matrix,b3c6da8537ae85d54cd5acd57fc4d5a00e23be04de7c70760ac5fa4b0f5f70dc,"{""distance"":3,""physical_error_rate"":1e-06}","{""detection_events"":3,""detectors_checked"":333342}"
      3708,         0,         0,   0.002,decoder_by_matrix,b3c6da8537ae85d54cd5acd57fc4d5a00e23be04de7c70760ac5fa4b0f5f70dc,"{""distance"":3,""physical_error_rate"":1e-06}","{""detectors_checked"":200232}"
      6848,         0,         0,   0.091,decoder_by_matrix,b3c6da8537ae85d54cd5acd57fc4d5a00e23be04de7c70760ac5fa4b0f5f70dc,"{""distance"":3,""physical_error_rate"":1e-06}","{""detectors_checked"":369792}"
     10899,         0,         0,   0.117,decoder_by_matrix,b3c6da8537ae85d54cd5acd57fc4d5a00e23be04de7c70760ac5fa4b0f5f70dc,"{""distance"":3,""physical_error_rate"":1e-06}","{""detectors_checked"":588546}"
     10899,         0,         0,   0.132,decoder_by_matrix,b3c6da8537ae85d54cd5acd57fc4d5a00e23be04de7c70760ac5fa4b0f5f70dc,"{""distance"":3,""physical_error_rate"":1e-06}","{""detectors_checked"":588546}"
     10899,         0,         0,   0.006,decoder_by_matrix,b3c6da8537ae85d54cd5acd57fc4d5a00e23be04de7c70760ac5fa4b0f5f70dc,"{""distance"":3,""physical_error_rate"":1e-06}","{""detectors_checked"":588546}"
     10899,         0,         0,   0.166,decoder_by_matrix,b3c6da8537ae85d54cd5acd57fc4d5a00e23be04de7c70760ac5fa4b0f5f70dc,"{""distance"":3,""physical_error_rate"":1e-06}","{""detectors_checked"":588546}"
       742,         0,         0,   0.001,decoder_by_matrix,b3c6da8537ae85d54cd5acd57fc4d5a00e23be04de7c70760ac5fa4b0f5f70dc,"{""distance"":3,""physical_error_rate"":1e-06}","{""detectors_checked"":40068}"
       618,         0,         0,   0.000,decoder_by_matrix,b3c6da8537ae85d54cd5acd57fc4d5a00e23be04de7c70760ac5fa4b0f5f70dc,"{""distance"":3,""physical_error_rate"":1e-06}","{""detectors_checked"":33372}"
     11264,         0,         0,   0.257,decoder_by_matrix,b3c6da8537ae85d54cd5acd57fc4d5a00e23be04de7c70760ac5fa4b0f5f70dc,"{""distance"":3,""physical_error_rate"":1e-06}","{""detection_events"":6,""detectors_checked"":608256}"
      8192,         0,         0,   0.273,decoder_by_matrix,b3c6da8537ae85d54cd5acd57fc4d5a00e23be04de7c70760ac5fa4b0f5f70dc,"{""distance"":3,""physical_error_rate"":1e-06}","{""detectors_checked"":442368}"
     16384,         0,         0,   0.529,decoder_by_matrix,b3c6da8537ae85d54cd5acd57fc4d5a00e23be04de7c70760ac5fa4b0f5f70dc,"{""distance"":3,""physical_error_rate"":1e-06}","{""detectors_checked"":884736}"
       371,         0,         0,   0.000,decoder_by_matrix,b3c6da8537ae85d54cd5acd57fc4d5a00e23be04de7c70760ac5fa4b0f5f70dc,"{""distance"":3,""physical_error_rate"":1e-06}","{""detectors_checked"":20034}"
     10215,         0,         0,   0.238,decoder_by_matrix,b3c6da8537ae85d54cd5acd57fc4d5a00e23be04de7c70760ac5fa4b0f5f70dc,"{""distance"":3,""physical_error_rate"":1e-06}","{""detectors_checked"":551610}"
       371,         0,         0,   0.000,decoder_by_matrix,b3c6da8537ae85d54cd5acd57fc4d5a00e23be04de7c70760ac5fa4b0f5f70dc,"{""distance"":3,""physical_error_rate"":1e-06}","{""detectors_checked"":20034}"
       371,         0,         0,   0.000,decoder_by_matrix,b3c6da8537ae85d54cd5acd57fc4d5a00e23be04de7c70760ac5fa4b0f5f70dc,"{""distance"":3,""physical_error_rate"":1e-06}","{""detectors_checked"":20034}"
      1002,         0,         0,   0.001,decoder_by_matrix,b3c6da8537ae85d54cd5acd57fc4d5a00e23be04de7c70760ac5fa4b0f5f70dc,"{""distance"":3,""physical_error_rate"":1e-06}","{""detectors_checked"":54108}"
         6,         0,         0,   0.000,decoder_by_matrix,b3c6da8537ae85d54cd5acd57fc4d5a00e23be04de7c70760ac5fa4b0f5f70dc,"{""distance"":3,""physical_error_rate"":1e-06}","{""detectors_checked"":324}"
      1039,         0,         0,   0.001,decoder_by_matrix,b3c6da8537ae85d54cd5acd57fc4d5a00e23be04de7c70760ac5fa4b0f5f70dc,"{""distance"":3,""physical_error_rate"":1e-06}","{""detectors_checked"":56106}"
        37,         0,         0,   0.000,decoder_by_matrix,b3c6da8537ae85d54cd5acd57fc4d5a00e23be04de7c70760ac5fa4b0f5f70dc,"{""distance"":3,""physical_error_rate"":1e-06}","{""detectors_checked"":1998}"
      2098,         0,         0,   0.001,decoder_by_matrix,b3c6da8537ae85d54cd5acd57fc4d5a00e23be04de7c70760ac5fa4b0f5f70dc,"{""distance"":3,""physical_error_rate"":1e-06}","{""detectors_checked"":113292}"
      1076,         0,         0,   0.001,decoder_by_matrix,b3c6da8537ae85d54cd5acd57fc4d5a00e23be04de7c70760ac5fa4b0f5f70dc,"{""distance"":3,""physical_error_rate"":1e-06}","{""detectors_checked"":58104}"
      2135,         0,         0,   0.001,decoder_by_matrix,b3c6da8537ae85d54cd5acd57fc4d5a00e23be04de7c70760ac5fa4b0f5f70dc,"{""distance"":3,""physical_error_rate"":1e-06}","{""detectors_checked"":115290}"
       902,         0,         0,   0.001,decoder_by_matrix,b3c6da8537ae85d54cd5acd57fc4d5a00e23be04de7c70760ac5fa4b0f5f70dc,"{""distance"":3,""physical_error_rate"":1e-06}","{""detectors_checked"":48708}"
        94,         0,         0,   0.000,decoder_by_matrix,b3c6da8537ae85d54cd5acd57fc4d5a00e23be04de7c70760ac5fa4b0f5f70dc,"{""distance"":3,""physical_error_rate"":1e-06}","{""detectors_checked"":5076}"
        16,         0,         0,   0.000,decoder_by_matrix,b3c6da8537ae85d54cd5acd57fc4d5a00e23be04de7c70760ac5fa4b0f5f70dc,"{""distance"":3,""physical_error_rate"":1e-06}","{""detectors_checked"":864}"
       476,         0,         0,   0.000,decoder_by_matrix,b3c6da8537ae85d54cd5acd57fc4d5a00e23be04de7c70760ac5fa4b0f5f70dc,"{""distance"":3,""physical_error_rate"":1e-06}","{""detectors_checked"":25704}"
       476,         0,         0,   0.000,decoder_by_matrix,b3c6da8537ae85d54cd5acd57fc4d5a00e23be04de7c70760ac5fa4b0f5f70dc,"{""distance"":3,""physical_error_rate"":1e-06}","{""detectors_checked"":25704}"
        37,         0,         0,   0.000,decoder_by_matrix,b3c6da8537ae85d54cd5acd57fc4d5a00e23be04de7c70760ac5fa4b0f5f70dc,"{""distance"":3,""physical_error_rate"":1e-06}","{""detectors_checked"":1998}"
       100,         0,         0,   0.000,decoder_by_matrix,b3c6da8537ae85d54cd5acd57fc4d5a00e23be04de7c70760ac5fa4b0f5f70dc,"{""distance"":3,""physical_error_rate"":1e-06}","{""detectors_checked"":5400}"
        96,         0,         0,   0.000,decoder_by_matrix,b3c6da8537ae85d54cd5acd57fc4d5a00e23be04de7c70760ac5fa4b0f5f70dc,"{""distance"":3,""physical_error_rate"":1e-06}","{""detectors_checked"":5184}"
       320,         0,         0,   0.000,decoder_by_matrix,b3c6da8537ae85d54cd5acd57fc4d5a00e23be04de7c70760ac5fa4b0f5f70dc,"{""distance"":3,""physical_error_rate"":1e-06}","{""detectors_checked"":17280}"
        11,         0,         0,   0.000,decoder_by_matrix,b3c6da8537ae85d54cd5acd57fc4d5a00e23be04de7c70760ac5fa4b0f5f70dc,"{""distance"":3,""physical_error_rate"":1e-06}","{""detectors_checked"":594}"
        10,         0,         0,   0.000,decoder_by_matrix,b3c6da8537ae85d54cd5acd57fc4d5a00e23be04de7c70760ac5fa4b0f5f70dc,"{""distance"":3,""physical_error_rate"":1e-06}","{""detectors_checked"":540}"
        11,         0,         0,   0.000,decoder_by_matrix,b3c6da8537ae85d54cd5acd57fc4d5a00e23be04de7c70760ac5fa4b0f5f70dc,"{""distance"":3,""physical_error_rate"":1e-06}","{""detectors_checked"":594}"
        10,         0,         0,   0.000,decoder_by_matrix,b3c6da8537ae85d54cd5acd57fc4d5a00e23be04de7c70760ac5fa4b0f5f70dc,"{""distance"":3,""physical_error_rate"":1e-06}","{""detectors_checked"":540}"
        10,         0,         0,   0.000,decoder_by_matrix,b3c6da8537ae85d54cd5acd57fc4d5a00e23be04de7c70760ac5fa4b0f5f70dc,"{""distance"":3,""physical_error_rate"":1e-06}","{""detectors_checked"":540}"
        11,         0,         0,   0.000,decoder_by_matrix,b3c6da8537ae85d54cd5acd57fc4d5a00e23be04de7c70760ac5fa4b0f5f70dc,"{""distance"":3,""physical_error_rate"":1e-06}","{""detectors_checked"":594}"
        10,         0,         0,   0.000,decoder_by_matrix,b3c6da8537ae85d54cd5acd57fc4d5a00e23be04de7c70760ac5fa4b0f5f70dc,"{""distance"":3,""physical_error_rate"":1e-06}","{""detectors_checked"":540}"
        10,         0,         0,   0.000,decoder_by_matrix,b3c6da8537ae85d54cd5acd57fc4d5a00e23be04de7c70760ac5fa4b0f5f70dc,"{""distance"":3,""physical_error_rate"":1e-06}","{""detectors_checked"":540}"
        10,         0,         0,   0.000,decoder_by_matrix,b3c6da8537ae85d54cd5acd57fc4d5a00e23be04de7c70760ac5fa4b0f5f70dc,"{""distance"":3,""physical_error_rate"":1e-06}","{""detectors_checked"":540}"
         9,         0,         0,   0.000,decoder_by_matrix,b3c6da8537ae85d54cd5acd57fc4d5a00e23be04de7c70760ac5fa4b0f5f70dc,"{""distance"":3,""physical_error_rate"":1e-06}","{""detectors_checked"":486}"
         1,         0,         0,   0.000,decoder_by_matrix,b3c6da8537ae85d54cd5acd57fc4d5a00e23be04de7c70760ac5fa4b0f5f70dc,"{""distance"":3,""physical_error_rate"":1e-06}","{""detectors_checked"":54}"
         1,         0,         0,   0.000,decoder_by_matrix,b3c6da8537ae85d54cd5acd57fc4d5a00e23be04de7c70760ac5fa4b0f5f70dc,"{""distance"":3,""physical_error_rate"":1e-06}","{""detectors_checked"":54}"
         1,         0,         0,   0.000,decoder_by_matrix,b3c6da8537ae85d54cd5acd57fc4d5a00e23be04de7c70760ac5fa4b0f5f70dc,"{""distance"":3,""physical_error_rate"":1e-06}","{""detectors_checked"":54}"
         1,         0,         0,   0.000,decoder_by_matrix,b3c6da8537ae85d54cd5acd57fc4d5a00e23be04de7c70760ac5fa4b0f5f70dc,"{""distance"":3,""physical_error_rate"":1e-06}","{""detectors_checked"":54}"
         1,         0,         0,   0.000,decoder_by_matrix,b3c6da8537ae85d54cd5acd57fc4d5a00e23be04de7c70760ac5fa4b0f5f70dc,"{""distance"":3,""physical_error_rate"":1e-06}","{""detectors_checked"":54}"
         1,         0,         0,   0.000,decoder_by_matrix,b3c6da8537ae85d54cd5acd57fc4d5a00e23be04de7c70760ac5fa4b0f5f70dc,"{""distance"":3,""physical_error_rate"":1e-06}","{""detectors_checked"":54}"
         1,         0,         0,   0.000,decoder_by_matrix,cd5aa4935a142b600239883e928f6c7fc9fbc8c84161e9ed59cf2551b7ebfc3d,"{""distance"":3,""physical_error_rate"":5e-05}","{""detectors_checked"":54}"
         1,         0,         0,   0.000,decoder_by_matrix,c8397cb2c46e4683a6f3970bc42cef1aabfef4d80cfcd6b8313e87630b680ee2,"{""distance"":3,""physical_error_rate"":0.0001}","{""detectors_checked"":54}"
         1,         0,         0,   0.000,decoder_by_matrix,1222905ef2c3e0b3841e2be415851bad02a0949e12b9844f6b979980572eaa40,"{""distance"":3,""physical_error_rate"":5e-06}","{""detectors_checked"":54}"
         1,         0,         0,   0.000,decoder_by_matrix,1222905ef2c3e0b3841e2be415851bad02a0949e12b9844f6b979980572eaa40,"{""distance"":3,""physical_error_rate"":5e-06}","{""detectors_checked"":54}"
      4368,         0,         0,   0.014,decoder_by_matrix,c8397cb2c46e4683a6f3970bc42cef1aabfef4d80cfcd6b8313e87630b680ee2,"{""distance"":3,""physical_error_rate"":0.0001}","{""detection_events"":24,""detectors_checked"":235872}"
         1,         0,         0,   0.000,decoder_by_matrix,73784f3389b885bc1b704dac0b44b83e08b79da81bcec9ed749229213445f550,"{""distance"":3,""physical_error_rate"":1e-05}","{""detectors_checked"":54}"
         1,         0,         0,   0.000,decoder_by_matrix,73784f3389b885bc1b704dac0b44b83e08b79da81bcec9ed749229213445f550,"{""distance"":3,""physical_error_rate"":1e-05}","{""detectors_checked"":54}"
         1,         0,         0,   0.000,decoder_by_matrix,5dee359087c4b9ae2c20477a4d5136d2695095b0438111838e7093c679bd3c20,"{""distance"":3,""physical_error_rate"":0.0005}","{""detectors_checked"":54}"
         1,         0,         0,   0.000,decoder_by_matrix,5dee359087c4b9ae2c20477a4d5136d2695095b0438111838e7093c679bd3c20,"{""distance"":3,""physical_error_rate"":0.0005}","{""detectors_checked"":54}"
         1,         0,         0,   0.000,decoder_by_matrix,c8397cb2c46e4683a6f3970bc42cef1aabfef4d80cfcd6b8313e87630b680ee2,"{""distance"":3,""physical_error_rate"":0.0001}","{""detectors_checked"":54}"
         1,         0,         0,   0.000,decoder_by_matrix,cd5aa4935a142b600239883e928f6c7fc9fbc8c84161e9ed59cf2551b7ebfc3d,"{""distance"":3,""physical_error_rate"":5e-05}","{""detectors_checked"":54}"
      5392,         0,         0,   0.037,decoder_by_matrix,1222905ef2c3e0b3841e2be415851bad02a0949e12b9844f6b979980572eaa40,"{""distance"":3,""physical_error_rate"":5e-06}","{""detectors_checked"":291168}"
      5392,         0,         0,   0.036,decoder_by_matrix,1222905ef2c3e0b3841e2be415851bad02a0949e12b9844f6b979980572eaa40,"{""distance"":3,""physical_error_rate"":5e-06}","{""detectors_checked"":291168}"
      5392,         0,         0,   0.033,decoder_by_matrix,73784f3389b885bc1b704dac0b44b83e08b79da81bcec9ed749229213445f550,"{""distance"":3,""physical_error_rate"":1e-05}","{""detection_events"":3,""detectors_checked"":291168}"
      4368,         0,         0,   0.032,decoder_by_matrix,73784f3389b885bc1b704dac0b44b83e08b79da81bcec9ed749229213445f550,"{""distance"":3,""physical_error_rate"":1e-05}","{""detection_events"":6,""detectors_checked"":235872}"
      2320,         0,         0,   0.032,decoder_by_matrix,5dee359087c4b9ae2c20477a4d5136d2695095b0438111838e7093c679bd3c20,"{""distance"":3,""physical_error_rate"":0.0005}","{""detection_events"":96,""detectors_checked"":125280}"
      2320,         0,         0,   0.028,decoder_by_matrix,c8397cb2c46e4683a6f3970bc42cef1aabfef4d80cfcd6b8313e87630b680ee2,"{""distance"":3,""physical_error_rate"":0.0001}","{""detection_events"":39,""detectors_checked"":125280}"
      2320,         0,         0,   0.036,decoder_by_matrix,5dee359087c4b9ae2c20477a4d5136d2695095b0438111838e7093c679bd3c20,"{""distance"":3,""physical_error_rate"":0.0005}","{""detection_events"":123,""detectors_checked"":125280}"
      3344,         0,         0,   0.031,decoder_by_matrix,cd5aa4935a142b600239883e928f6c7fc9fbc8c84161e9ed59cf2551b7ebfc3d,"{""distance"":3,""physical_error_rate"":5e-05}","{""detection_events"":9,""detectors_checked"":180576}"
      5120,         0,         0,   0.031,decoder_by_matrix,1222905ef2c3e0b3841e2be415851bad02a0949e12b9844f6b979980572eaa40,"{""distance"":3,""physical_error_rate"":5e-06}","{""detectors_checked"":276480}"
      6144,         0,         0,   0.032,decoder_by_matrix,1222905ef2c3e0b3841e2be415851bad02a0949e12b9844f6b979980572eaa40,"{""distance"":3,""physical_error_rate"":5e-06}","{""detectors_checked"":331776}"
      3072,         0,         0,   0.031,decoder_by_matrix,73784f3389b885bc1b704dac0b44b83e08b79da81bcec9ed749229213445f550,"{""distance"":3,""physical_error_rate"":1e-05}","{""detection_events"":3,""detectors_checked"":165888}"
      1024,         0,         0,   0.070,decoder_by_matrix,c8397cb2c46e4683a6f3970bc42cef1aabfef4d80cfcd6b8313e87630b680ee2,"{""distance"":3,""physical_error_rate"":0.0001}","{""detection_events"":9,""detectors_checked"":55296}"
      5120,         0,         0,   0.036,decoder_by_matrix,73784f3389b885bc1b704dac0b44b83e08b79da81bcec9ed749229213445f550,"{""distance"":3,""physical_error_rate"":1e-05}","{""detectors_checked"":276480}"
      2048,         0,         0,   0.036,decoder_by_matrix,5dee359087c4b9ae2c20477a4d5136d2695095b0438111838e7093c679bd3c20,"{""distance"":3,""physical_error_rate"":0.0005}","{""detection_events"":114,""detectors_checked"":110592}"
      2048,         0,         0,   0.032,decoder_by_matrix,5dee359087c4b9ae2c20477a4d5136d2695095b0438111838e7093c679bd3c20,"{""distance"":3,""physical_error_rate"":0.0005}","{""detection_events"":96,""detectors_checked"":110592}"
      2048,         0,         0,   0.039,decoder_by_matrix,c8397cb2c46e4683a6f3970bc42cef1aabfef4d80cfcd6b8313e87630b680ee2,"{""distance"":3,""physical_error_rate"":0.0001}","{""detection_events"":27,""detectors_checked"":110592}"
      4096,         0,         0,   0.037,decoder_by_matrix,cd5aa4935a142b600239883e928f6c7fc9fbc8c84161e9ed59cf2551b7ebfc3d,"{""distance"":3,""physical_error_rate"":5e-05}","{""detection_events"":21,""detectors_checked"":221184}"
      4096,         0,         0,   0.036,decoder_by_matrix,1222905ef2c3e0b3841e2be415851bad02a0949e12b9844f6b979980572eaa40,"{""distance"":3,""physical_error_rate"":5e-06}","{""detection_events"":6,""detectors_checked"":221184}"
      6144,         0,         0,   0.036,decoder_by_matrix,1222905ef2c3e0b3841e2be415851bad02a0949e12b9844f6b979980572eaa40,"{""distance"":3,""physical_error_rate"":5e-06}","{""detectors_checked"":331776}"
      4096,         0,         0,   0.036,decoder_by_matrix,73784f3389b885bc1b704dac0b44b83e08b79da81bcec9ed749229213445f550,"{""distance"":3,""physical_error_rate"":1e-05}","{""detection_events"":6,""detectors_checked"":221184}"
      2048,         0,         0,   0.055,decoder_by_matrix,c8397cb2c46e4683a6f3970bc42cef1aabfef4d80cfcd6b8313e87630b680ee2,"{""distance"":3,""physical_error_rate"":0.0001}","{""detection_events"":39,""detectors_checked"":110592}"
      5120,         0,         0,   0.063,decoder_by_matrix,73784f3389b885bc1b704dac0b44b83e08b79da81bcec9ed749229213445f550,"{""distance"":3,""physical_error_rate"":1e-05}","{""detectors_checked"":276480}"
     12560,         0,         0,   0.373,decoder_by_matrix,cd5aa4935a142b600239883e928f6c7fc9fbc8c84161e9ed59cf2551b7ebfc3d,"{""distance"":3,""physical_error_rate"":5e-05}","{""detection_events"":27,""detectors_checked"":678240}"
      2048,         0,         0,   0.080,decoder_by_matrix,5dee359087c4b9ae2c20477a4d5136d2695095b0438111838e7093c679bd3c20,"{""distance"":3,""physical_error_rate"":0.0005}","{""detection_events"":81,""detectors_checked"":110592}"
      2048,         0,         0,   0.076,decoder_by_matrix,c8397cb2c46e4683a6f3970bc42cef1aabfef4d80cfcd6b8313e87630b680ee2,"{""distance"":3,""physical_error_rate"":0.0001}","{""detection_events"":9,""detectors_checked"":110592}"
      2048,         0,         0,   0.087,decoder_by_matrix,5dee359087c4b9ae2c20477a4d5136d2695095b0438111838e7093c679bd3c20,"{""distance"":3,""physical_error_rate"":0.0005}","{""detection_events"":75,""detectors_checked"":110592}"
      3072,         0,         0,   0.003,decoder_by_matrix,cd5aa4935a142b600239883e928f6c7fc9fbc8c84161e9ed59cf2551b7ebfc3d,"{""distance"":3,""physical_error_rate"":5e-05}","{""detection_events"":6,""detectors_checked"":165888}"
      6144,         0,         0,   0.132,decoder_by_matrix,1222905ef2c3e0b3841e2be415851bad02a0949e12b9844f6b979980572eaa40,"{""distance"":3,""physical_error_rate"":5e-06}","{""detectors_checked"":331776}"
      4096,         0,         0,   0.164,decoder_by_matrix,1222905ef2c3e0b3841e2be415851bad02a0949e12b9844f6b979980572eaa40,"{""distance"":3,""physical_error_rate"":5e-06}","{""detection_events"":3,""detectors_checked"":221184}"
      5120,         0,         0,   0.204,decoder_by_matrix,73784f3389b885bc1b704dac0b44b83e08b79da81bcec9ed749229213445f550,"{""distance"":3,""physical_error_rate"":1e-05}","{""detectors_checked"":276480}"
      2048,         0,         0,   0.209,decoder_by_matrix,c8397cb2c46e4683a6f3970bc42cef1aabfef4d80cfcd6b8313e87630b680ee2,"{""distance"":3,""physical_error_rate"":0.0001}","{""detection_events"":21,""detectors_checked"":110592}"
      3072,         0,         0,   0.224,decoder_by_matrix,73784f3389b885bc1b704dac0b44b83e08b79da81bcec9ed749229213445f550,"{""distance"":3,""physical_error_rate"":1e-05}","{""detection_events"":24,""detectors_checked"":165888}"
      3072,         0,         0,   0.211,decoder_by_matrix,cd5aa4935a142b600239883e928f6c7fc9fbc8c84161e9ed59cf2551b7ebfc3d,"{""distance"":3,""physical_error_rate"":5e-05}","{""detection_events"":27,""detectors_checked"":165888}"
      2048,         0,         0,   0.206,decoder_by_matrix,c8397cb2c46e4683a6f3970bc42cef1aabfef4d80cfcd6b8313e87630b680ee2,"{""distance"":3,""physical_error_rate"":0.0001}","{""detection_events"":15,""detectors_checked"":110592}"
      2048,         0,         0,   0.212,decoder_by_matrix,5dee359087c4b9ae2c20477a4d5136d2695095b0438111838e7093c679bd3c20,"{""distance"":3,""physical_error_rate"":0.0005}","{""detection_events"":117,""detectors_checked"":110592}"
      2048,         0,         0,   0.207,decoder_by_matrix,5dee359087c4b9ae2c20477a4d5136d2695095b0438111838e7093c679bd3c20,"{""distance"":3,""physical_error_rate"":0.0005}","{""detection_events"":159,""detectors_checked"":110592}"
      4096,         0,         0,   0.220,decoder_by_matrix,cd5aa4935a142b600239883e928f6c7fc9fbc8c84161e9ed59cf2551b7ebfc3d,"{""distance"":3,""physical_error_rate"":5e-05}","{""detection_events"":30,""detectors_checked"":221184}"
      1024,         0,         0,   0.062,decoder_by_matrix,5dee359087c4b9ae2c20477a4d5136d2695095b0438111838e7093c679bd3c20,"{""distance"":3,""physical_error_rate"":0.0005}","{""detection_events"":99,""detectors_checked"":55296}"
      1024,         0,         0,   0.072,decoder_by_matrix,cd5aa4935a142b600239883e928f6c7fc9fbc8c84161e9ed59cf2551b7ebfc3d,"{""distance"":3,""physical_error_rate"":5e-05}","{""detection_events"":15,""detectors_checked"":55296}"
      6144,         0,         0,   0.215,decoder_by_matrix,1222905ef2c3e0b3841e2be415851bad02a0949e12b9844f6b979980572eaa40,"{""distance"":3,""physical_error_rate"":5e-06}","{""detection_events"":6,""detectors_checked"":331776}"
      1024,         0,         0,   0.070,decoder_by_matrix,5dee359087c4b9ae2c20477a4d5136d2695095b0438111838e7093c679bd3c20,"{""distance"":3,""physical_error_rate"":0.0005}","{""detection_events"":45,""detectors_checked"":55296}"
      6144,         0,         0,   0.207,decoder_by_matrix,1222905ef2c3e0b3841e2be415851bad02a0949e12b9844f6b979980572eaa40,"{""distance"":3,""physical_error_rate"":5e-06}","{""detectors_checked"":331776}"
      2048,         0,         0,   0.142,decoder_by_matrix,c8397cb2c46e4683a6f3970bc42cef1aabfef4d80cfcd6b8313e87630b680ee2,"{""distance"":3,""physical_error_rate"":0.0001}","{""detection_events"":21,""detectors_checked"":110592}"
      5120,         0,         0,   0.183,decoder_by_matrix,73784f3389b885bc1b704dac0b44b83e08b79da81bcec9ed749229213445f550,"{""distance"":3,""physical_error_rate"":1e-05}","{""detectors_checked"":276480}"
      2048,         0,         0,   0.150,decoder_by_matrix,c8397cb2c46e4683a6f3970bc42cef1aabfef4d80cfcd6b8313e87630b680ee2,"{""distance"":3,""physical_error_rate"":0.0001}","{""detection_events"":21,""detectors_checked"":110592}"
      3072,         0,         0,   0.161,decoder_by_matrix,73784f3389b885bc1b704dac0b44b83e08b79da81bcec9ed749229213445f550,"{""distance"":3,""physical_error_rate"":1e-05}","{""detection_events"":6,""detectors_checked"":165888}"
      1024,         0,         0,   0.116,decoder_by_matrix,cd5aa4935a142b600239883e928f6c7fc9fbc8c84161e9ed59cf2551b7ebfc3d,"{""distance"":3,""physical_error_rate"":5e-05}","{""detectors_checked"":55296}"
      1024,         0,         0,   0.115,decoder_by_matrix,cd5aa4935a142b600239883e928f6c7fc9fbc8c84161e9ed59cf2551b7ebfc3d,"{""distance"":3,""physical_error_rate"":5e-05}","{""detection_events"":9,""detectors_checked"":55296}"
      1024,         0,         0,   0.124,decoder_by_matrix,5dee359087c4b9ae2c20477a4d5136d2695095b0438111838e7093c679bd3c20,"{""distance"":3,""physical_error_rate"":0.0005}","{""detection_events"":48,""detectors_checked"":55296}"
      1024,         0,         0,   0.118,decoder_by_matrix,1222905ef2c3e0b3841e2be415851bad02a0949e12b9844f6b979980572eaa40,"{""distance"":3,""physical_error_rate"":5e-06}","{""detectors_checked"":55296}"
      1024,         0,         0,   0.130,decoder_by_matrix,5dee359087c4b9ae2c20477a4d5136d2695095b0438111838e7093c679bd3c20,"{""distance"":3,""physical_error_rate"":0.0005}","{""detection_events"":72,""detectors_checked"":55296}"
      1024,         0,         0,   0.118,decoder_by_matrix,1222905ef2c3e0b3841e2be415851bad02a0949e12b9844f6b979980572eaa40,"{""distance"":3,""physical_error_rate"":5e-06}","{""detection_events"":3,""detectors_checked"":55296}"
      1024,         0,         0,   0.093,decoder_by_matrix,73784f3389b885bc1b704dac0b44b83e08b79da81bcec9ed749229213445f550,"{""distance"":3,""physical_error_rate"":1e-05}","{""detection_events"":15,""detectors_checked"":55296}"
      1024,         0,         0,   0.112,decoder_by_matrix,cd5aa4935a142b600239883e928f6c7fc9fbc8c84161e9ed59cf2551b7ebfc3d,"{""distance"":3,""physical_error_rate"":5e-05}","{""detectors_checked"":55296}"
      1024,         0,         0,   0.111,decoder_by_matrix,5dee359087c4b9ae2c20477a4d5136d2695095b0438111838e7093c679bd3c20,"{""distance"":3,""physical_error_rate"":0.0005}","{""detection_events"":78,""detectors_checked"":55296}"
      1024,         0,         0,   0.126,decoder_by_matrix,cd5aa4935a142b600239883e928f6c7fc9fbc8c84161e9ed59cf2551b7ebfc3d,"{""distance"":3,""physical_error_rate"":5e-05}","{""detection_events"":12,""detectors_checked"":55296}"
      2048,         0,         0,   0.116,decoder_by_matrix,1222905ef2c3e0b3841e2be415851bad02a0949e12b9844f6b979980572eaa40,"{""distance"":3,""physical_error_rate"":5e-06}","{""detectors_checked"":110592}"
      1024,         0,         0,   0.206,decoder_by_matrix,c8397cb2c46e4683a6f3970bc42cef1aabfef4d80cfcd6b8313e87630b680ee2,"{""distance"":3,""physical_error_rate"":0.0001}","{""detection_events"":15,""detectors_checked"":55296}"
      1024,         0,         0,   0.114,decoder_by_matrix,5dee359087c4b9ae2c20477a4d5136d2695095b0438111838e7093c679bd3c20,"{""distance"":3,""physical_error_rate"":0.0005}","{""detection_events"":54,""detectors_checked"":55296}"
      3072,         0,         0,   0.203,decoder_by_matrix,73784f3389b885bc1b704dac0b44b83e08b79da81bcec9ed749229213445f550,"{""distance"":3,""physical_error_rate"":1e-05}","{""detection_events"":6,""detectors_checked"":165888}"
      1024,         0,         0,   0.110,decoder_by_matrix,1222905ef2c3e0b3841e2be415851bad02a0949e12b9844f6b979980572eaa40,"{""distance"":3,""physical_error_rate"":5e-06}","{""detectors_checked"":55296}"
      1024,         0,         0,   0.107,decoder_by_matrix,73784f3389b885bc1b704dac0b44b83e08b79da81bcec9ed749229213445f550,"{""distance"":3,""physical_error_rate"":1e-05}","{""detectors_checked"":55296}"
      1024,         0,         0,   0.223,decoder_by_matrix,c8397cb2c46e4683a6f3970bc42cef1aabfef4d80cfcd6b8313e87630b680ee2,"{""distance"":3,""physical_error_rate"":0.0001}","{""detection_events"":6,""detectors_checked"":55296}"
      1024,         0,         0,   0.116,decoder_by_matrix,cd5aa4935a142b600239883e928f6c7fc9fbc8c84161e9ed59cf2551b7ebfc3d,"{""distance"":3,""physical_error_rate"":5e-05}","{""detection_events"":9,""detectors_checked"":55296}"
      2048,         0,         0,   0.124,decoder_by_matrix,73784f3389b885bc1b704dac0b44b83e08b79da81bcec9ed749229213445f550,"{""distance"":3,""physical_error_rate"":1e-05}","{""detectors_checked"":110592}"
      2048,         0,         0,   0.147,decoder_by_matrix,cd5aa4935a142b600239883e928f6c7fc9fbc8c84161e9ed59cf2551b7ebfc3d,"{""distance"":3,""physical_error_rate"":5e-05}","{""detection_events"":3,""detectors_checked"":110592}"
      1024,         0,         0,   0.114,decoder_by_matrix,c8397cb2c46e4683a6f3970bc42cef1aabfef4d80cfcd6b8313e87630b680ee2,"{""distance"":3,""physical_error_rate"":0.0001}","{""detection_events"":18,""detectors_checked"":55296}"
      2048,         0,         0,   0.206,decoder_by_matrix,c8397cb2c46e4683a6f3970bc42cef1aabfef4d80cfcd6b8313e87630b680ee2,"{""distance"":3,""physical_error_rate"":0.0001}","{""detection_events"":9,""detectors_checked"":110592}"
      1024,         0,         0,   0.114,decoder_by_matrix,cd5aa4935a142b600239883e928f6c7fc9fbc8c84161e9ed59cf2551b7ebfc3d,"{""distance"":3,""physical_error_rate"":5e-05}","{""detection_events"":15,""detectors_checked"":55296}"
      3072,         0,         0,   0.222,decoder_by_matrix,1222905ef2c3e0b3841e2be415851bad02a0949e12b9844f6b979980572eaa40,"{""distance"":3,""physical_error_rate"":5e-06}","{""detection_events"":9,""detectors_checked"":165888}"
      5120,         0,         0,   0.245,decoder_by_matrix,1222905ef2c3e0b3841e2be415851bad02a0949e12b9844f6b979980572eaa40,"{""distance"":3,""physical_error_rate"":5e-06}","{""detectors_checked"":276480}"
      2048,         1,         0,   0.233,decoder_by_matrix,5dee359087c4b9ae2c20477a4d5136d2695095b0438111838e7093c679bd3c20,"{""distance"":3,""physical_error_rate"":0.0005}","{""detection_events"":123,""detectors_checked"":110592,""obs_mistake_mask=__E_"":1}"
      4096,         0,         0,   0.207,decoder_by_matrix,73784f3389b885bc1b704dac0b44b83e08b79da81bcec9ed749229213445f550,"{""distance"":3,""physical_error_rate"":1e-05}","{""detectors_checked"":221184}"
      2048,         0,         0,   0.333,decoder_by_matrix,5dee359087c4b9ae2c20477a4d5136d2695095b0438111838e7093c679bd3c20,"{""distance"":3,""physical_error_rate"":0.0005}","{""detection_events"":138,""detectors_checked"":110592}"
      4096,         0,         0,   0.222,decoder_by_matrix,73784f3389b885bc1b704dac0b44b83e08b79da81bcec9ed749229213445f550,"{""distance"":3,""physical_error_rate"":1e-05}","{""detection_events"":9,""detectors_checked"":221184}"
      2048,         0,         0,   0.238,decoder_by_matrix,cd5aa4935a142b600239883e928f6c7fc9fbc8c84161e9ed59cf2551b7ebfc3d,"{""distance"":3,""physical_error_rate"":5e-05}","{""detection_events"":39,""detectors_checked"":110592}"
      2048,         0,         0,   0.231,decoder_by_matrix,c8397cb2c46e4683a6f3970bc42cef1aabfef4d80cfcd6b8313e87630b680ee2,"{""distance"":3,""physical_error_rate"":0.0001}","{""detection_events"":18,""detectors_checked"":110592}"
      2048,         0,         0,   0.219,decoder_by_matrix,c8397cb2c46e4683a6f3970bc42cef1aabfef4d80cfcd6b8313e87630b680ee2,"{""distance"":3,""physical_error_rate"":0.0001}","{""detection_events"":12,""detectors_checked"":110592}"
      2048,         0,         0,   0.245,decoder_by_matrix,cd5aa4935a142b600239883e928f6c7fc9fbc8c84161e9ed59cf2551b7ebfc3d,"{""distance"":3,""physical_error_rate"":5e-05}","{""detection_events"":12,""detectors_checked"":110592}"
   2401280,         0,         0,   114.7,decoder_by_matrix,73784f3389b885bc1b704dac0b44b83e08b79da81bcec9ed749229213445f550,"{""distance"":3,""physical_error_rate"":1e-05}","{""detection_events"":2829,""detectors_checked"":129669120}"
      4096,         0,         0,   0.222,decoder_by_matrix,73784f3389b885bc1b704dac0b44b83e08b79da81bcec9ed749229213445f550,"{""distance"":3,""physical_error_rate"":1e-05}","{""detectors_checked"":221184}"
      5120,         0,         0,   0.250,decoder_by_matrix,1222905ef2c3e0b3841e2be415851bad02a0949e12b9844f6b979980572eaa40,"{""distance"":3,""physical_error_rate"":5e-06}","{""detectors_checked"":276480}"
      2048,         0,         0,   0.234,decoder_by_matrix,73784f3389b885bc1b704dac0b44b83e08b79da81bcec9ed749229213445f550,"{""distance"":3,""physical_error_rate"":1e-05}","{""detection_events"":6,""detectors_checked"":110592}"
      7168,         0,         0,   0.365,decoder_by_matrix,1222905ef2c3e0b3841e2be415851bad02a0949e12b9844f6b979980572eaa40,"{""distance"":3,""physical_error_rate"":5e-06}","{""detection_events"":9,""detectors_checked"":387072}"
      2048,         0,         0,   0.249,decoder_by_matrix,cd5aa4935a142b600239883e928f6c7fc9fbc8c84161e9ed59cf2551b7ebfc3d,"{""distance"":3,""physical_error_rate"":5e-05}","{""detection_events"":24,""detectors_checked"":110592}"
      2048,         0,         0,   0.250,decoder_by_matrix,5dee359087c4b9ae2c20477a4d5136d2695095b0438111838e7093c679bd3c20,"{""distance"":3,""physical_error_rate"":0.0005}","{""detection_events"":120,""detectors_checked"":110592}"
      3072,         0,         0,   0.382,decoder_by_matrix,5dee359087c4b9ae2c20477a4d5136d2695095b0438111838e7093c679bd3c20,"{""distance"":3,""physical_error_rate"":0.0005}","{""detection_events"":150,""detectors_checked"":165888}"
      1024,         0,         0,   0.190,decoder_by_matrix,c8397cb2c46e4683a6f3970bc42cef1aabfef4d80cfcd6b8313e87630b680ee2,"{""distance"":3,""physical_error_rate"":0.0001}","{""detection_events"":6,""detectors_checked"":55296}"
      2048,         0,         0,   0.360,decoder_by_matrix,c8397cb2c46e4683a6f3970bc42cef1aabfef4d80cfcd6b8313e87630b680ee2,"{""distance"":3,""physical_error_rate"":0.0001}","{""detection_events"":45,""detectors_checked"":110592}"
      3072,         0,         0,   0.368,decoder_by_matrix,cd5aa4935a142b600239883e928f6c7fc9fbc8c84161e9ed59cf2551b7ebfc3d,"{""distance"":3,""physical_error_rate"":5e-05}","{""detection_events"":48,""detectors_checked"":165888}"
      7168,         0,         0,   0.254,decoder_by_matrix,73784f3389b885bc1b704dac0b44b83e08b79da81bcec9ed749229213445f550,"{""distance"":3,""physical_error_rate"":1e-05}","{""detection_events"":6,""detectors_checked"":387072}"
      8192,         0,         0,   0.413,decoder_by_matrix,1222905ef2c3e0b3841e2be415851bad02a0949e12b9844f6b979980572eaa40,"{""distance"":3,""physical_error_rate"":5e-06}","{""detection_events"":12,""detectors_checked"":442368}"
      3072,         0,         0,   0.250,decoder_by_matrix,5dee359087c4b9ae2c20477a4d5136d2695095b0438111838e7093c679bd3c20,"{""distance"":3,""physical_error_rate"":0.0005}","{""detection_events"":108,""detectors_checked"":165888}"
      5120,         0,         0,   0.349,decoder_by_matrix,73784f3389b885bc1b704dac0b44b83e08b79da81bcec9ed749229213445f550,"{""distance"":3,""physical_error_rate"":1e-05}","{""detection_events"":6,""detectors_checked"":276480}"
   1292288,         1,         0,   118.1,decoder_by_matrix,c8397cb2c46e4683a6f3970bc42cef1aabfef4d80cfcd6b8313e87630b680ee2,"{""distance"":3,""physical_error_rate"":0.0001}","{""detection_events"":15729,""detectors_checked"":69783552,""obs_mistake_mask=_E_E"":1}"
     11264,         0,         0,   0.510,decoder_by_matrix,1222905ef2c3e0b3841e2be415851bad02a0949e12b9844f6b979980572eaa40,"{""distance"":3,""physical_error_rate"":5e-06}","{""detection_events"":3,""detectors_checked"":608256}"
      6144,         0,         0,   0.507,decoder_by_matrix,cd5aa4935a142b600239883e928f6c7fc9fbc8c84161e9ed59cf2551b7ebfc3d,"{""distance"":3,""physical_error_rate"":5e-05}","{""detection_events"":39,""detectors_checked"":331776}"
      4096,         0,         0,   0.515,decoder_by_matrix,5dee359087c4b9ae2c20477a4d5136d2695095b0438111838e7093c679bd3c20,"{""distance"":3,""physical_error_rate"":0.0005}","{""detection_events"":270,""detectors_checked"":221184}"
      6144,         0,         0,   0.524,decoder_by_matrix,c8397cb2c46e4683a6f3970bc42cef1aabfef4d80cfcd6b8313e87630b680ee2,"{""distance"":3,""physical_error_rate"":0.0001}","{""detection_events"":51,""detectors_checked"":331776}"
      5120,         0,         0,   0.517,decoder_by_matrix,c8397cb2c46e4683a6f3970bc42cef1aabfef4d80cfcd6b8313e87630b680ee2,"{""distance"":3,""physical_error_rate"":0.0001}","{""detection_events"":87,""detectors_checked"":276480}"
      5120,         0,         0,   0.521,decoder_by_matrix,cd5aa4935a142b600239883e928f6c7fc9fbc8c84161e9ed59cf2551b7ebfc3d,"{""distance"":3,""physical_error_rate"":5e-05}","{""detection_events"":45,""detectors_checked"":276480}"
     12288,         0,         0,   0.508,decoder_by_matrix,1222905ef2c3e0b3841e2be415851bad02a0949e12b9844f6b979980572eaa40,"{""distance"":3,""physical_error_rate"":5e-06}","{""detectors_checked"":663552}"
   2406400,         0,         0,   115.7,decoder_by_matrix,73784f3389b885bc1b704dac0b44b83e08b79da81bcec9ed749229213445f550,"{""distance"":3,""physical_error_rate"":1e-05}","{""detection_events"":2865,""detectors_checked"":129945600}"
      5120,         0,         0,   0.514,decoder_by_matrix,5dee359087c4b9ae2c20477a4d5136d2695095b0438111838e7093c679bd3c20,"{""distance"":3,""physical_error_rate"":0.0005}","{""detection_events"":336,""detectors_checked"":276480}"
      9216,         0,         0,   0.510,decoder_by_matrix,73784f3389b885bc1b704dac0b44b83e08b79da81bcec9ed749229213445f550,"{""distance"":3,""physical_error_rate"":1e-05}","{""detection_events"":15,""detectors_checked"":497664}"
      9216,         0,         0,   0.590,decoder_by_matrix,73784f3389b885bc1b704dac0b44b83e08b79da81bcec9ed749229213445f550,"{""distance"":3,""physical_error_rate"":1e-05}","{""detection_events"":39,""detectors_checked"":497664}"
   2680832,         0,         0,   112.2,decoder_by_matrix,1222905ef2c3e0b3841e2be415851bad02a0949e12b9844f6b979980572eaa40,"{""distance"":3,""physical_error_rate"":5e-06}","{""detection_events"":1776,""detectors_checked"":144764928}"
   1136640,        18,         0,   117.3,decoder_by_matrix,5dee359087c4b9ae2c20477a4d5136d2695095b0438111838e7093c679bd3c20,"{""distance"":3,""physical_error_rate"":0.0005}","{""detection_events"":67662,""detectors_checked"":61378560,""obs_mistake_mask=E___"":3,""obs_mistake_mask=_EEE"":2,""obs_mistake_mask=_EE_"":2,""obs_mistake_mask=_E_E"":3,""obs_mistake_mask=_E__"":1,""obs_mistake_mask=__EE"":1,""obs_mistake_mask=__E_"":3,""obs_mistake_mask=___E"":3}"
      7168,         0,         0,   0.512,decoder_by_matrix,cd5aa4935a142b600239883e928f6c7fc9fbc8c84161e9ed59cf2551b7ebfc3d,"{""distance"":3,""physical_error_rate"":5e-05}","{""detection_events"":45,""detectors_checked"":387072}"
     11264,         0,         0,   0.600,decoder_by_matrix,1222905ef2c3e0b3841e2be415851bad02a0949e12b9844f6b979980572eaa40,"{""distance"":3,""physical_error_rate"":5e-06}","{""detection_events"":6,""detectors_checked"":608256}"
      5120,         0,         0,   0.513,decoder_by_matrix,5dee359087c4b9ae2c20477a4d5136d2695095b0438111838e7093c679bd3c20,"{""distance"":3,""physical_error_rate"":0.0005}","{""detection_events"":342,""detectors_checked"":276480}"
      5120,         0,         0,   0.512,decoder_by_matrix,c8397cb2c46e4683a6f3970bc42cef1aabfef4d80cfcd6b8313e87630b680ee2,"{""distance"":3,""physical_error_rate"":0.0001}","{""detection_events"":39,""detectors_checked"":276480}"
      5120,         0,         0,   0.515,decoder_by_matrix,c8397cb2c46e4683a6f3970bc42cef1aabfef4d80cfcd6b8313e87630b680ee2,"{""distance"":3,""physical_error_rate"":0.0001}","{""detection_events"":39,""detectors_checked"":276480}"
   1517568,         0,         0,   116.5,decoder_by_matrix,cd5aa4935a142b600239883e928f6c7fc9fbc8c84161e9ed59cf2551b7ebfc3d,"{""distance"":3,""physical_error_rate"":5e-05}","{""detection_events"":9006,""detectors_checked"":81948672}"
      6144,         0,         0,   0.514,decoder_by_matrix,cd5aa4935a142b600239883e928f6c7fc9fbc8c84161e9ed59cf2551b7ebfc3d,"{""distance"":3,""physical_error_rate"":5e-05}","{""detection_events"":33,""detectors_checked"":331776}"
     14336,         0,         0,   0.586,decoder_by_matrix,1222905ef2c3e0b3841e2be415851bad02a0949e12b9844f6b979980572eaa40,"{""distance"":3,""physical_error_rate"":5e-06}","{""detectors_checked"":774144}"
   1524736,         0,         0,   117.5,decoder_by_matrix,cd5aa4935a142b600239883e928f6c7fc9fbc8c84161e9ed59cf2551b7ebfc3d,"{""distance"":3,""physical_error_rate"":5e-05}","{""detection_events"":9324,""detectors_checked"":82335744}"
      7168,         2,         0,   0.771,decoder_by_matrix,5dee359087c4b9ae2c20477a4d5136d2695095b0438111838e7093c679bd3c20,"{""distance"":3,""physical_error_rate"":0.0005}","{""detection_events"":471,""detectors_checked"":387072,""obs_mistake_mask=_EE_"":1,""obs_mistake_mask=__E_"":1}"
     17408,         0,         0,   0.772,decoder_by_matrix,73784f3389b885bc1b704dac0b44b83e08b79da81bcec9ed749229213445f550,"{""distance"":3,""physical_error_rate"":1e-05}","{""detection_events"":9,""detectors_checked"":940032}"
     15360,         0,         0,   0.772,decoder_by_matrix,73784f3389b885bc1b704dac0b44b83e08b79da81bcec9ed749229213445f550,"{""distance"":3,""physical_error_rate"":1e-05}","{""detection_events"":12,""detectors_checked"":829440}"
      8192,         0,         0,   0.595,decoder_by_matrix,cd5aa4935a142b600239883e928f6c7fc9fbc8c84161e9ed59cf2551b7ebfc3d,"{""distance"":3,""physical_error_rate"":5e-05}","{""detection_events"":33,""detectors_checked"":442368}"
   1148928,        21,         0,   116.5,decoder_by_matrix,5dee359087c4b9ae2c20477a4d5136d2695095b0438111838e7093c679bd3c20,"{""distance"":3,""physical_error_rate"":0.0005}","{""detection_events"":69036,""detectors_checked"":62042112,""obs_mistake_mask=E___"":1,""obs_mistake_mask=_EEE"":1,""obs_mistake_mask=_EE_"":2,""obs_mistake_mask=_E_E"":2,""obs_mistake_mask=_E__"":5,""obs_mistake_mask=__EE"":1,""obs_mistake_mask=__E_"":3,""obs_mistake_mask=___E"":6}"
      7168,         0,         0,   0.569,decoder_by_matrix,c8397cb2c46e4683a6f3970bc42cef1aabfef4d80cfcd6b8313e87630b680ee2,"{""distance"":3,""physical_error_rate"":0.0001}","{""detection_events"":78,""detectors_checked"":387072}"
      7168,         0,         0,   0.654,decoder_by_matrix,c8397cb2c46e4683a6f3970bc42cef1aabfef4d80cfcd6b8313e87630b680ee2,"{""distance"":3,""physical_error_rate"":0.0001}","{""detection_events"":93,""detectors_checked"":387072}"
     18432,         0,         0,   0.770,decoder_by_matrix,1222905ef2c3e0b3841e2be415851bad02a0949e12b9844f6b979980572eaa40,"{""distance"":3,""physical_error_rate"":5e-06}","{""detection_events"":3,""detectors_checked"":995328}"
      7168,         0,         0,   0.782,decoder_by_matrix,5dee359087c4b9ae2c20477a4d5136d2695095b0438111838e7093c679bd3c20,"{""distance"":3,""physical_error_rate"":0.0005}","{""detection_events"":417,""detectors_checked"":387072}"
      8192,         0,         0,   0.775,decoder_by_matrix,cd5aa4935a142b600239883e928f6c7fc9fbc8c84161e9ed59cf2551b7ebfc3d,"{""distance"":3,""physical_error_rate"":5e-05}","{""detection_events"":51,""detectors_checked"":442368}"
     17408,         0,         0,   0.863,decoder_by_matrix,1222905ef2c3e0b3841e2be415851bad02a0949e12b9844f6b979980572eaa40,"{""distance"":3,""physical_error_rate"":5e-06}","{""detection_events"":18,""detectors_checked"":940032}"
      7168,         0,         0,   0.857,decoder_by_matrix,5dee359087c4b9ae2c20477a4d5136d2695095b0438111838e7093c679bd3c20,"{""distance"":3,""physical_error_rate"":0.0005}","{""detection_events"":447,""detectors_checked"":387072}"
     22528,         0,         0,    1.01,decoder_by_matrix,73784f3389b885bc1b704dac0b44b83e08b79da81bcec9ed749229213445f550,"{""distance"":3,""physical_error_rate"":1e-05}","{""detection_events"":24,""detectors_checked"":1216512}"
     19456,         0,         0,    1.02,decoder_by_matrix,73784f3389b885bc1b704dac0b44b83e08b79da81bcec9ed749229213445f550,"{""distance"":3,""physical_error_rate"":1e-05}","{""detection_events"":15,""detectors_checked"":1050624}"
     13312,         0,         0,    1.02,decoder_by_matrix,cd5aa4935a142b600239883e928f6c7fc9fbc8c84161e9ed59cf2551b7ebfc3d,"{""distance"":3,""physical_error_rate"":5e-05}","{""detection_events"":72,""detectors_checked"":718848}"
      8192,         0,         0,   0.953,decoder_by_matrix,c8397cb2c46e4683a6f3970bc42cef1aabfef4d80cfcd6b8313e87630b680ee2,"{""distance"":3,""physical_error_rate"":0.0001}","{""detection_events"":150,""detectors_checked"":442368}"
      9216,         0,         0,    1.03,decoder_by_matrix,c8397cb2c46e4683a6f3970bc42cef1aabfef4d80cfcd6b8313e87630b680ee2,"{""distance"":3,""physical_error_rate"":0.0001}","{""detection_events"":141,""detectors_checked"":497664}"
     20480,         0,         0,   0.913,decoder_by_matrix,1222905ef2c3e0b3841e2be415851bad02a0949e12b9844f6b979980572eaa40,"{""distance"":3,""physical_error_rate"":5e-06}","{""detection_events"":27,""detectors_checked"":1105920}"
   1277952,         0,         0,   118.4,decoder_by_matrix,c8397cb2c46e4683a6f3970bc42cef1aabfef4d80cfcd6b8313e87630b680ee2,"{""distance"":3,""physical_error_rate"":0.0001}","{""detection_events"":14928,""detectors_checked"":69009408}"
     10240,         1,         0,    1.03,decoder_by_matrix,5dee359087c4b9ae2c20477a4d5136d2695095b0438111838e7093c679bd3c20,"{""distance"":3,""physical_error_rate"":0.0005}","{""detection_events"":588,""detectors_checked"":552960,""obs_mistake_mask=_EE_"":1}"
     14336,         0,         0,    1.03,decoder_by_matrix,cd5aa4935a142b600239883e928f6c7fc9fbc8c84161e9ed59cf2551b7ebfc3d,"{""distance"":3,""physical_error_rate"":5e-05}","{""detection_events"":81,""detectors_checked"":774144}"
     30720,         0,         0,    1.23,decoder_by_matrix,1222905ef2c3e0b3841e2be415851bad02a0949e12b9844f6b979980572eaa40,"{""distance"":3,""physical_error_rate"":5e-06}","{""detection_events"":6,""detectors_checked"":1658880}"
     12288,         0,         0,    1.23,decoder_by_matrix,5dee359087c4b9ae2c20477a4d5136d2695095b0438111838e7093c679bd3c20,"{""distance"":3,""physical_error_rate"":0.0005}","{""detection_events"":837,""detectors_checked"":663552}"
     19456,         0,         0,    1.12,decoder_by_matrix,73784f3389b885bc1b704dac0b44b83e08b79da81bcec9ed749229213445f550,"{""distance"":3,""physical_error_rate"":1e-05}","{""detection_events"":33,""detectors_checked"":1050624}"
     22528,         0,         0,    1.24,decoder_by_matrix,73784f3389b885bc1b704dac0b44b83e08b79da81bcec9ed749229213445f550,"{""distance"":3,""physical_error_rate"":1e-05}","{""detection_events"":51,""detectors_checked"":1216512}"
     19456,         0,         0,    1.29,decoder_by_matrix,cd5aa4935a142b600239883e928f6c7fc9fbc8c84161e9ed59cf2551b7ebfc3d,"{""distance"":3,""physical_error_rate"":5e-05}","{""detection_events"":69,""detectors_checked"":1050624}"
     15360,         0,         0,    1.28,decoder_by_matrix,c8397cb2c46e4683a6f3970bc42cef1aabfef4d80cfcd6b8313e87630b680ee2,"{""distance"":3,""physical_error_rate"":0.0001}","{""detection_events"":198,""detectors_checked"":829440}"
     14336,         0,         0,    1.28,decoder_by_matrix,c8397cb2c46e4683a6f3970bc42cef1aabfef4d80cfcd6b8313e87630b680ee2,"{""distance"":3,""physical_error_rate"":0.0001}","{""detection_events"":186,""detectors_checked"":774144}"
     28672,         0,         0,    1.28,decoder_by_matrix,1222905ef2c3e0b3841e2be415851bad02a0949e12b9844f6b979980572eaa40,"{""distance"":3,""physical_error_rate"":5e-06}","{""detection_events"":6,""detectors_checked"":1548288}"
     12288,         0,         0,    1.24,decoder_by_matrix,5dee359087c4b9ae2c20477a4d5136d2695095b0438111838e7093c679bd3c20,"{""distance"":3,""physical_error_rate"":0.0005}","{""detection_events"":747,""detectors_checked"":663552}"
     13312,         0,         0,    1.28,decoder_by_matrix,cd5aa4935a142b600239883e928f6c7fc9fbc8c84161e9ed59cf2551b7ebfc3d,"{""distance"":3,""physical_error_rate"":5e-05}","{""detection_events"":93,""detectors_checked"":718848}"
     44032,         0,         0,    1.75,decoder_by_matrix,1222905ef2c3e0b3841e2be415851bad02a0949e12b9844f6b979980572eaa40,"{""distance"":3,""physical_error_rate"":5e-06}","{""detection_events"":15,""detectors_checked"":2377728}"
     15360,         0,         0,    1.61,decoder_by_matrix,5dee359087c4b9ae2c20477a4d5136d2695095b0438111838e7093c679bd3c20,"{""distance"":3,""physical_error_rate"":0.0005}","{""detection_events"":912,""detectors_checked"":829440}"
     32768,         0,         0,    1.33,decoder_by_matrix,73784f3389b885bc1b704dac0b44b83e08b79da81bcec9ed749229213445f550,"{""distance"":3,""physical_error_rate"":1e-05}","{""detection_events"":45,""detectors_checked"":1769472}"
     36864,         0,         0,    1.81,decoder_by_matrix,73784f3389b885bc1b704dac0b44b83e08b79da81bcec9ed749229213445f550,"{""distance"":3,""physical_error_rate"":1e-05}","{""detection_events"":36,""detectors_checked"":1990656}"
     19456,         0,         0,    1.78,decoder_by_matrix,cd5aa4935a142b600239883e928f6c7fc9fbc8c84161e9ed59cf2551b7ebfc3d,"{""distance"":3,""physical_error_rate"":5e-05}","{""detection_events"":183,""detectors_checked"":1050624}"
     19456,         0,         0,    1.78,decoder_by_matrix,c8397cb2c46e4683a6f3970bc42cef1aabfef4d80cfcd6b8313e87630b680ee2,"{""distance"":3,""physical_error_rate"":0.0001}","{""detection_events"":222,""detectors_checked"":1050624}"
     15360,         1,         0,    1.67,decoder_by_matrix,5dee359087c4b9ae2c20477a4d5136d2695095b0438111838e7093c679bd3c20,"{""distance"":3,""physical_error_rate"":0.0005}","{""detection_events"":1047,""detectors_checked"":829440,""obs_mistake_mask=_EEE"":1}"
     17408,         0,         0,    1.79,decoder_by_matrix,c8397cb2c46e4683a6f3970bc42cef1aabfef4d80cfcd6b8313e87630b680ee2,"{""distance"":3,""physical_error_rate"":0.0001}","{""detection_events"":267,""detectors_checked"":940032}"
     41984,         0,         0,    1.80,decoder_by_matrix,1222905ef2c3e0b3841e2be415851bad02a0949e12b9844f6b979980572eaa40,"{""distance"":3,""physical_error_rate"":5e-06}","{""detection_events"":24,""detectors_checked"":2267136}"
     23552,         0,         0,    1.80,decoder_by_matrix,cd5aa4935a142b600239883e928f6c7fc9fbc8c84161e9ed59cf2551b7ebfc3d,"{""distance"":3,""physical_error_rate"":5e-05}","{""detection_events"":132,""detectors_checked"":1271808}"
     46080,         0,         0,    2.36,decoder_by_matrix,1222905ef2c3e0b3841e2be415851bad02a0949e12b9844f6b979980572eaa40,"{""distance"":3,""physical_error_rate"":5e-06}","{""detection_events"":51,""detectors_checked"":2488320}"
     50176,         0,         0,    2.04,decoder_by_matrix,73784f3389b885bc1b704dac0b44b83e08b79da81bcec9ed749229213445f550,"{""distance"":3,""physical_error_rate"":1e-05}","{""detection_events"":36,""detectors_checked"":2709504}"
     21504,         0,         0,    2.33,decoder_by_matrix,5dee359087c4b9ae2c20477a4d5136d2695095b0438111838e7093c679bd3c20,"{""distance"":3,""physical_error_rate"":0.0005}","{""detection_events"":1338,""detectors_checked"":1161216}"
     47104,         0,         0,    2.27,decoder_by_matrix,73784f3389b885bc1b704dac0b44b83e08b79da81bcec9ed749229213445f550,"{""distance"":3,""physical_error_rate"":1e-05}","{""detection_events"":48,""detectors_checked"":2543616}"
     27648,         0,         0,    2.05,decoder_by_matrix,cd5aa4935a142b600239883e928f6c7fc9fbc8c84161e9ed59cf2551b7ebfc3d,"{""distance"":3,""physical_error_rate"":5e-05}","{""detection_events"":159,""detectors_checked"":1492992}"
     52224,         0,         0,    2.06,decoder_by_matrix,1222905ef2c3e0b3841e2be415851bad02a0949e12b9844f6b979980572eaa40,"{""distance"":3,""physical_error_rate"":5e-06}","{""detection_events"":30,""detectors_checked"":2820096}"
     23552,         0,         0,    2.06,decoder_by_matrix,c8397cb2c46e4683a6f3970bc42cef1aabfef4d80cfcd6b8313e87630b680ee2,"{""distance"":3,""physical_error_rate"":0.0001}","{""detection_events"":267,""detectors_checked"":1271808}"
     21504,         0,         0,    2.31,decoder_by_matrix,5dee359087c4b9ae2c20477a4d5136d2695095b0438111838e7093c679bd3c20,"{""distance"":3,""physical_error_rate"":0.0005}","{""detection_events"":1215,""detectors_checked"":1161216}"
     26624,         0,         0,    1.81,decoder_by_matrix,c8397cb2c46e4683a6f3970bc42cef1aabfef4d80cfcd6b8313e87630b680ee2,"{""distance"":3,""physical_error_rate"":0.0001}","{""detection_events"":243,""detectors_checked"":1437696}"
     29696,         0,         0,    2.30,decoder_by_matrix,cd5aa4935a142b600239883e928f6c7fc9fbc8c84161e9ed59cf2551b7ebfc3d,"{""distance"":3,""physical_error_rate"":5e-05}","{""detection_events"":192,""detectors_checked"":1603584}"
     29696,         0,         0,    3.07,decoder_by_matrix,5dee359087c4b9ae2c20477a4d5136d2695095b0438111838e7093c679bd3c20,"{""distance"":3,""physical_error_rate"":0.0005}","{""detection_events"":1791,""detectors_checked"":1603584}"
     65536,         0,         0,    3.09,decoder_by_matrix,73784f3389b885bc1b704dac0b44b83e08b79da81bcec9ed749229213445f550,"{""distance"":3,""physical_error_rate"":1e-05}","{""detection_events"":60,""detectors_checked"":3538944}"
     73728,         0,         0,    3.30,decoder_by_matrix,1222905ef2c3e0b3841e2be415851bad02a0949e12b9844f6b979980572eaa40,"{""distance"":3,""physical_error_rate"":5e-06}","{""detection_events"":51,""detectors_checked"":3981312}"
     41984,         0,         0,    3.05,decoder_by_matrix,cd5aa4935a142b600239883e928f6c7fc9fbc8c84161e9ed59cf2551b7ebfc3d,"{""distance"":3,""physical_error_rate"":5e-05}","{""detection_events"":228,""detectors_checked"":2267136}"
     60416,         0,         0,    3.12,decoder_by_matrix,73784f3389b885bc1b704dac0b44b83e08b79da81bcec9ed749229213445f550,"{""distance"":3,""physical_error_rate"":1e-05}","{""detection_events"":99,""detectors_checked"":3262464}"
     29696,         1,         0,    3.06,decoder_by_matrix,5dee359087c4b9ae2c20477a4d5136d2695095b0438111838e7093c679bd3c20,"{""distance"":3,""physical_error_rate"":0.0005}","{""detection_events"":1695,""detectors_checked"":1603584,""obs_mistake_mask=_E__"":1}"
     32768,         0,         0,    3.07,decoder_by_matrix,c8397cb2c46e4683a6f3970bc42cef1aabfef4d80cfcd6b8313e87630b680ee2,"{""distance"":3,""physical_error_rate"":0.0001}","{""detection_events"":348,""detectors_checked"":1769472}"
     72704,         0,         0,    3.22,decoder_by_matrix,1222905ef2c3e0b3841e2be415851bad02a0949e12b9844f6b979980572eaa40,"{""distance"":3,""physical_error_rate"":5e-06}","{""detection_events"":51,""detectors_checked"":3926016}"
     33792,         0,         0,    3.23,decoder_by_matrix,c8397cb2c46e4683a6f3970bc42cef1aabfef4d80cfcd6b8313e87630b680ee2,"{""distance"":3,""physical_error_rate"":0.0001}","{""detection_events"":438,""detectors_checked"":1824768}"
     41984,         0,         0,    3.05,decoder_by_matrix,cd5aa4935a142b600239883e928f6c7fc9fbc8c84161e9ed59cf2551b7ebfc3d,"{""distance"":3,""physical_error_rate"":5e-05}","{""detection_events"":294,""detectors_checked"":2267136}"
     41984,         0,         0,    4.13,decoder_by_matrix,5dee359087c4b9ae2c20477a4d5136d2695095b0438111838e7093c679bd3c20,"{""distance"":3,""physical_error_rate"":0.0005}","{""detection_events"":2622,""detectors_checked"":2267136}"
     88064,         0,         0,    4.13,decoder_by_matrix,73784f3389b885bc1b704dac0b44b83e08b79da81bcec9ed749229213445f550,"{""distance"":3,""physical_error_rate"":1e-05}","{""detection_events"":114,""detectors_checked"":4755456}"
     95232,         0,         0,    4.34,decoder_by_matrix,1222905ef2c3e0b3841e2be415851bad02a0949e12b9844f6b979980572eaa40,"{""distance"":3,""physical_error_rate"":5e-06}","{""detection_events"":66,""detectors_checked"":5142528}"
     49152,         0,         0,    4.28,decoder_by_matrix,cd5aa4935a142b600239883e928f6c7fc9fbc8c84161e9ed59cf2551b7ebfc3d,"{""distance"":3,""physical_error_rate"":5e-05}","{""detection_events"":354,""detectors_checked"":2654208}"
     86016,         0,         0,    4.11,decoder_by_matrix,73784f3389b885bc1b704dac0b44b83e08b79da81bcec9ed749229213445f550,"{""distance"":3,""physical_error_rate"":1e-05}","{""detection_events"":117,""detectors_checked"":4644864}"
     40960,         0,         0,    4.34,decoder_by_matrix,5dee359087c4b9ae2c20477a4d5136d2695095b0438111838e7093c679bd3c20,"{""distance"":3,""physical_error_rate"":0.0005}","{""detection_events"":2613,""detectors_checked"":2211840}"
     49152,         0,         0,    4.35,decoder_by_matrix,c8397cb2c46e4683a6f3970bc42cef1aabfef4d80cfcd6b8313e87630b680ee2,"{""distance"":3,""physical_error_rate"":0.0001}","{""detection_events"":483,""detectors_checked"":2654208}"
     48128,         0,         0,    4.35,decoder_by_matrix,c8397cb2c46e4683a6f3970bc42cef1aabfef4d80cfcd6b8313e87630b680ee2,"{""distance"":3,""physical_error_rate"":0.0001}","{""detection_events"":483,""detectors_checked"":2598912}"
    102400,         0,         0,    4.18,decoder_by_matrix,1222905ef2c3e0b3841e2be415851bad02a0949e12b9844f6b979980572eaa40,"{""distance"":3,""physical_error_rate"":5e-06}","{""detection_events"":60,""detectors_checked"":5529600}"
     55296,         0,         0,    4.34,decoder_by_matrix,cd5aa4935a142b600239883e928f6c7fc9fbc8c84161e9ed59cf2551b7ebfc3d,"{""distance"":3,""physical_error_rate"":5e-05}","{""detection_events"":285,""detectors_checked"":2985984}"
    116736,         0,         0,    5.86,decoder_by_matrix,73784f3389b885bc1b704dac0b44b83e08b79da81bcec9ed749229213445f550,"{""distance"":3,""physical_error_rate"":1e-05}","{""detection_events"":207,""detectors_checked"":6303744}"
     59392,         1,         0,    6.17,decoder_by_matrix,5dee359087c4b9ae2c20477a4d5136d2695095b0438111838e7093c679bd3c20,"{""distance"":3,""physical_error_rate"":0.0005}","{""detection_events"":3513,""detectors_checked"":3207168,""obs_mistake_mask=_E__"":1}"
    138240,         0,         0,    6.14,decoder_by_matrix,1222905ef2c3e0b3841e2be415851bad02a0949e12b9844f6b979980572eaa40,"{""distance"":3,""physical_error_rate"":5e-06}","{""detection_events"":87,""detectors_checked"":7464960}"
     77824,         0,         0,    6.18,decoder_by_matrix,cd5aa4935a142b600239883e928f6c7fc9fbc8c84161e9ed59cf2551b7ebfc3d,"{""distance"":3,""physical_error_rate"":5e-05}","{""detection_events"":486,""detectors_checked"":4202496}"
    123904,         0,         0,    5.66,decoder_by_matrix,73784f3389b885bc1b704dac0b44b83e08b79da81bcec9ed749229213445f550,"{""distance"":3,""physical_error_rate"":1e-05}","{""detection_events"":135,""detectors_checked"":6690816}"
     59392,         2,         0,    6.14,decoder_by_matrix,5dee359087c4b9ae2c20477a4d5136d2695095b0438111838e7093c679bd3c20,"{""distance"":3,""physical_error_rate"":0.0005}","{""detection_events"":3372,""detectors_checked"":3207168,""obs_mistake_mask=_EE_"":1,""obs_mistake_mask=___E"":1}"
     67584,         0,         0,    6.14,decoder_by_matrix,c8397cb2c46e4683a6f3970bc42cef1aabfef4d80cfcd6b8313e87630b680ee2,"{""distance"":3,""physical_error_rate"":0.0001}","{""detection_events"":705,""detectors_checked"":3649536}"
     66560,         0,         0,    6.16,decoder_by_matrix,c8397cb2c46e4683a6f3970bc42cef1aabfef4d80cfcd6b8313e87630b680ee2,"{""distance"":3,""physical_error_rate"":0.0001}","{""detection_events"":771,""detectors_checked"":3594240}"
    131072,         0,         0,    5.85,decoder_by_matrix,1222905ef2c3e0b3841e2be415851bad02a0949e12b9844f6b979980572eaa40,"{""distance"":3,""physical_error_rate"":5e-06}","{""detection_events"":120,""detectors_checked"":7077888}"
     70656,         0,         0,    6.13,decoder_by_matrix,cd5aa4935a142b600239883e928f6c7fc9fbc8c84161e9ed59cf2551b7ebfc3d,"{""distance"":3,""physical_error_rate"":5e-05}","{""detection_events"":585,""detectors_checked"":3815424}"
    166912,         0,         0,    7.62,decoder_by_matrix,73784f3389b885bc1b704dac0b44b83e08b79da81bcec9ed749229213445f550,"{""distance"":3,""physical_error_rate"":1e-05}","{""detection_events"":171,""detectors_checked"":9013248}"
     79872,         0,         0,    8.52,decoder_by_matrix,5dee359087c4b9ae2c20477a4d5136d2695095b0438111838e7093c679bd3c20,"{""distance"":3,""physical_error_rate"":0.0005}","{""detection_events"":4806,""detectors_checked"":4313088}"
    192512,         0,         0,    7.85,decoder_by_matrix,1222905ef2c3e0b3841e2be415851bad02a0949e12b9844f6b979980572eaa40,"{""distance"":3,""physical_error_rate"":5e-06}","{""detection_events"":102,""detectors_checked"":10395648}"
    106496,         0,         0,    8.15,decoder_by_matrix,cd5aa4935a142b600239883e928f6c7fc9fbc8c84161e9ed59cf2551b7ebfc3d,"{""distance"":3,""physical_error_rate"":5e-05}","{""detection_events"":624,""detectors_checked"":5750784}"
    160768,         0,         0,    8.21,decoder_by_matrix,73784f3389b885bc1b704dac0b44b83e08b79da81bcec9ed749229213445f550,"{""distance"":3,""physical_error_rate"":1e-05}","{""detection_events"":225,""detectors_checked"":8681472}"
     79872,         3,         0,    8.50,decoder_by_matrix,5dee359087c4b9ae2c20477a4d5136d2695095b0438111838e7093c679bd3c20,"{""distance"":3,""physical_error_rate"":0.0005}","{""detection_events"":4701,""detectors_checked"":4313088,""obs_mistake_mask=__EE"":1,""obs_mistake_mask=__E_"":2}"
    192512,         0,         0,    8.38,decoder_by_matrix,1222905ef2c3e0b3841e2be415851bad02a0949e12b9844f6b979980572eaa40,"{""distance"":3,""physical_error_rate"":5e-06}","{""detection_events"":69,""detectors_checked"":10395648}"
     94208,         0,         0,    8.33,decoder_by_matrix,c8397cb2c46e4683a6f3970bc42cef1aabfef4d80cfcd6b8313e87630b680ee2,"{""distance"":3,""physical_error_rate"":0.0001}","{""detection_events"":1032,""detectors_checked"":5087232}"
     89088,         0,         0,    7.97,decoder_by_matrix,c8397cb2c46e4683a6f3970bc42cef1aabfef4d80cfcd6b8313e87630b680ee2,"{""distance"":3,""physical_error_rate"":0.0001}","{""detection_events"":1128,""detectors_checked"":4810752}"
    110592,         0,         0,    7.97,decoder_by_matrix,cd5aa4935a142b600239883e928f6c7fc9fbc8c84161e9ed59cf2551b7ebfc3d,"{""distance"":3,""physical_error_rate"":5e-05}","{""detection_events"":633,""detectors_checked"":5971968}"
    244736,         0,         0,    11.3,decoder_by_matrix,73784f3389b885bc1b704dac0b44b83e08b79da81bcec9ed749229213445f550,"{""distance"":3,""physical_error_rate"":1e-05}","{""detection_events"":231,""detectors_checked"":13215744}"
    113664,         5,         0,    11.6,decoder_by_matrix,5dee359087c4b9ae2c20477a4d5136d2695095b0438111838e7093c679bd3c20,"{""distance"":3,""physical_error_rate"":0.0005}","{""detection_events"":6774,""detectors_checked"":6137856,""obs_mistake_mask=_EEE"":1,""obs_mistake_mask=_E__"":1,""obs_mistake_mask=__EE"":1,""obs_mistake_mask=__E_"":1,""obs_mistake_mask=___E"":1}"
    282624,         0,         0,    11.1,decoder_by_matrix,1222905ef2c3e0b3841e2be415851bad02a0949e12b9844f6b979980572eaa40,"{""distance"":3,""physical_error_rate"":5e-06}","{""detection_events"":147,""detectors_checked"":15261696}"
    149504,         0,         0,    11.3,decoder_by_matrix,cd5aa4935a142b600239883e928f6c7fc9fbc8c84161e9ed59cf2551b7ebfc3d,"{""distance"":3,""physical_error_rate"":5e-05}","{""detection_events"":777,""detectors_checked"":8073216}"
    233472,         0,         0,    11.3,decoder_by_matrix,73784f3389b885bc1b704dac0b44b83e08b79da81bcec9ed749229213445f550,"{""distance"":3,""physical_error_rate"":1e-05}","{""detection_events"":273,""detectors_checked"":12607488}"
    113664,         1,         0,    11.0,decoder_by_matrix,5dee359087c4b9ae2c20477a4d5136d2695095b0438111838e7093c679bd3c20,"{""distance"":3,""physical_error_rate"":0.0005}","{""detection_events"":6219,""detectors_checked"":6137856,""obs_mistake_mask=_EE_"":1}"
    264192,         0,         0,    10.7,decoder_by_matrix,1222905ef2c3e0b3841e2be415851bad02a0949e12b9844f6b979980572eaa40,"{""distance"":3,""physical_error_rate"":5e-06}","{""detection_events"":177,""detectors_checked"":14266368}"
    122880,         1,         0,    11.7,decoder_by_matrix,c8397cb2c46e4683a6f3970bc42cef1aabfef4d80cfcd6b8313e87630b680ee2,"{""distance"":3,""physical_error_rate"":0.0001}","{""detection_events"":1494,""detectors_checked"":6635520,""obs_mistake_mask=___E"":1}"
    122880,         0,         0,    11.5,decoder_by_matrix,c8397cb2c46e4683a6f3970bc42cef1aabfef4d80cfcd6b8313e87630b680ee2,"{""distance"":3,""physical_error_rate"":0.0001}","{""detection_events"":1551,""detectors_checked"":6635520}"
    149504,         0,         0,    11.6,decoder_by_matrix,cd5aa4935a142b600239883e928f6c7fc9fbc8c84161e9ed59cf2551b7ebfc3d,"{""distance"":3,""physical_error_rate"":5e-05}","{""detection_events"":930,""detectors_checked"":8073216}"
   1520640,         1,         0,   117.2,decoder_by_matrix,cd5aa4935a142b600239883e928f6c7fc9fbc8c84161e9ed59cf2551b7ebfc3d,"{""distance"":3,""physical_error_rate"":5e-05}","{""detection_events"":8934,""detectors_checked"":82114560,""obs_mistake_mask=_E_E"":1}"
   1267712,         0,         0,   117.6,decoder_by_matrix,c8397cb2c46e4683a6f3970bc42cef1aabfef4d80cfcd6b8313e87630b680ee2,"{""distance"":3,""physical_error_rate"":0.0001}","{""detection_events"":14913,""detectors_checked"":68456448}"
   2722816,         0,         0,   116.2,decoder_by_matrix,1222905ef2c3e0b3841e2be415851bad02a0949e12b9844f6b979980572eaa40,"{""distance"":3,""physical_error_rate"":5e-06}","{""detection_events"":1584,""detectors_checked"":147032064}"
   1130496,        21,         0,   117.5,decoder_by_matrix,5dee359087c4b9ae2c20477a4d5136d2695095b0438111838e7093c679bd3c20,"{""distance"":3,""physical_error_rate"":0.0005}","{""detection_events"":67386,""detectors_checked"":61046784,""obs_mistake_mask=E___"":3,""obs_mistake_mask=_EEE"":4,""obs_mistake_mask=_EE_"":4,""obs_mistake_mask=_E_E"":1,""obs_mistake_mask=_E__"":4,""obs_mistake_mask=__EE"":1,""obs_mistake_mask=__E_"":2,""obs_mistake_mask=___E"":2}"
   2427904,         0,         0,   114.9,decoder_by_matrix,73784f3389b885bc1b704dac0b44b83e08b79da81bcec9ed749229213445f550,"{""distance"":3,""physical_error_rate"":1e-05}","{""detection_events"":2733,""detectors_checked"":131106816}"
   2685952,         0,         0,   114.4,decoder_by_matrix,1222905ef2c3e0b3841e2be415851bad02a0949e12b9844f6b979980572eaa40,"{""distance"":3,""physical_error_rate"":5e-06}","{""detection_events"":1731,""detectors_checked"":145041408}"
   1148928,        21,         0,   117.9,decoder_by_matrix,5dee359087c4b9ae2c20477a4d5136d2695095b0438111838e7093c679bd3c20,"{""distance"":3,""physical_error_rate"":0.0005}","{""detection_events"":69666,""detectors_checked"":62042112,""obs_mistake_mask=E___"":1,""obs_mistake_mask=_EEE"":1,""obs_mistake_mask=_EE_"":3,""obs_mistake_mask=_E_E"":4,""obs_mistake_mask=_E__"":1,""obs_mistake_mask=__EE"":4,""obs_mistake_mask=__E_"":2,""obs_mistake_mask=___E"":5}"
   1294336,         0,         0,   117.4,decoder_by_matrix,c8397cb2c46e4683a6f3970bc42cef1aabfef4d80cfcd6b8313e87630b680ee2,"{""distance"":3,""physical_error_rate"":0.0001}","{""detection_events"":15033,""detectors_checked"":69894144}"
   2740224,         0,         0,   114.0,decoder_by_matrix,1222905ef2c3e0b3841e2be415851bad02a0949e12b9844f6b979980572eaa40,"{""distance"":3,""physical_error_rate"":5e-06}","{""detection_events"":1482,""detectors_checked"":147972096}"
   1286144,         1,         0,   117.0,decoder_by_matrix,c8397cb2c46e4683a6f3970bc42cef1aabfef4d80cfcd6b8313e87630b680ee2,"{""distance"":3,""physical_error_rate"":0.0001}","{""detection_events"":15831,""detectors_checked"":69451776,""obs_mistake_mask=_E__"":1}"
   2388992,         0,         0,   113.7,decoder_by_matrix,73784f3389b885bc1b704dac0b44b83e08b79da81bcec9ed749229213445f550,"{""distance"":3,""physical_error_rate"":1e-05}","{""detection_events"":2907,""detectors_checked"":129005568}"
   1544192,         0,         0,   117.2,decoder_by_matrix,cd5aa4935a142b600239883e928f6c7fc9fbc8c84161e9ed59cf2551b7ebfc3d,"{""distance"":3,""physical_error_rate"":5e-05}","{""detection_events"":8853,""detectors_checked"":83386368}"
   2434048,         0,         0,   115.5,decoder_by_matrix,73784f3389b885bc1b704dac0b44b83e08b79da81bcec9ed749229213445f550,"{""distance"":3,""physical_error_rate"":1e-05}","{""detection_events"":2871,""detectors_checked"":131438592}"
   1504256,         0,         0,   116.4,decoder_by_matrix,cd5aa4935a142b600239883e928f6c7fc9fbc8c84161e9ed59cf2551b7ebfc3d,"{""distance"":3,""physical_error_rate"":5e-05}","{""detection_events"":9450,""detectors_checked"":81229824}"
   2734080,         0,         0,   114.4,decoder_by_matrix,1222905ef2c3e0b3841e2be415851bad02a0949e12b9844f6b979980572eaa40,"{""distance"":3,""physical_error_rate"":5e-06}","{""detection_events"":1467,""detectors_checked"":147640320}"
   1529856,         0,         0,   116.7,decoder_by_matrix,cd5aa4935a142b600239883e928f6c7fc9fbc8c84161e9ed59cf2551b7ebfc3d,"{""distance"":3,""physical_error_rate"":5e-05}","{""detection_events"":8862,""detectors_checked"":82612224}"
   1141760,        24,         0,   117.5,decoder_by_matrix,5dee359087c4b9ae2c20477a4d5136d2695095b0438111838e7093c679bd3c20,"{""distance"":3,""physical_error_rate"":0.0005}","{""detection_events"":68706,""detectors_checked"":61655040,""obs_mistake_mask=E___"":1,""obs_mistake_mask=_EEE"":2,""obs_mistake_mask=_EE_"":4,""obs_mistake_mask=_E_E"":1,""obs_mistake_mask=_E__"":6,""obs_mistake_mask=__EE"":1,""obs_mistake_mask=__E_"":4,""obs_mistake_mask=___E"":5}"
   2407424,         0,         0,   116.1,decoder_by_matrix,73784f3389b885bc1b704dac0b44b83e08b79da81bcec9ed749229213445f550,"{""distance"":3,""physical_error_rate"":1e-05}","{""detection_events"":2703,""detectors_checked"":130000896}"
   1144832,        21,         0,   117.0,decoder_by_matrix,5dee359087c4b9ae2c20477a4d5136d2695095b0438111838e7093c679bd3c20,"{""distance"":3,""physical_error_rate"":0.0005}","{""detection_events"":68664,""detectors_checked"":61820928,""obs_mistake_mask=E___"":4,""obs_mistake_mask=_EEE"":1,""obs_mistake_mask=_EE_"":1,""obs_mistake_mask=_E_E"":3,""obs_mistake_mask=_E__"":4,""obs_mistake_mask=__E_"":4,""obs_mistake_mask=___E"":4}"
   2382848,         0,         0,   115.7,decoder_by_matrix,73784f3389b885bc1b704dac0b44b83e08b79da81bcec9ed749229213445f550,"{""distance"":3,""physical_error_rate"":1e-05}","{""detection_events"":2883,""detectors_checked"":128673792}"
   2707456,         0,         0,   113.6,decoder_by_matrix,1222905ef2c3e0b3841e2be415851bad02a0949e12b9844f6b979980572eaa40,"{""distance"":3,""physical_error_rate"":5e-06}","{""detection_events"":1665,""detectors_checked"":146202624}"
   1536000,         0,         0,   115.1,decoder_by_matrix,cd5aa4935a142b600239883e928f6c7fc9fbc8c84161e9ed59cf2551b7ebfc3d,"{""distance"":3,""physical_error_rate"":5e-05}","{""detection_events"":9381,""detectors_checked"":82944000}"
   1147904,        24,         0,   117.0,decoder_by_matrix,5dee359087c4b9ae2c20477a4d5136d2695095b0438111838e7093c679bd3c20,"{""distance"":3,""physical_error_rate"":0.0005}","{""detection_events"":68169,""detectors_checked"":61986816,""obs_mistake_mask=_EEE"":4,""obs_mistake_mask=_EE_"":4,""obs_mistake_mask=_E_E"":4,""obs_mistake_mask=_E__"":2,""obs_mistake_mask=__E_"":5,""obs_mistake_mask=___E"":5}"
   1142784,        27,         0,   117.6,decoder_by_matrix,5dee359087c4b9ae2c20477a4d5136d2695095b0438111838e7093c679bd3c20,"{""distance"":3,""physical_error_rate"":0.0005}","{""detection_events"":69306,""detectors_checked"":61710336,""obs_mistake_mask=E___"":3,""obs_mistake_mask=_EEE"":3,""obs_mistake_mask=_EE_"":5,""obs_mistake_mask=_E_E"":5,""obs_mistake_mask=_E__"":3,""obs_mistake_mask=__EE"":1,""obs_mistake_mask=__E_"":2,""obs_mistake_mask=___E"":5}"
   1270784,         0,         0,   117.1,decoder_by_matrix,c8397cb2c46e4683a6f3970bc42cef1aabfef4d80cfcd6b8313e87630b680ee2,"{""distance"":3,""physical_error_rate"":0.0001}","{""detection_events"":15195,""detectors_checked"":68622336}"
   1287168,         1,         0,   117.6,decoder_by_matrix,c8397cb2c46e4683a6f3970bc42cef1aabfef4d80cfcd6b8313e87630b680ee2,"{""distance"":3,""physical_error_rate"":0.0001}","{""detection_events"":15831,""detectors_checked"":69507072,""obs_mistake_mask=___E"":1}"
   1274880,         1,         0,   116.6,decoder_by_matrix,c8397cb2c46e4683a6f3970bc42cef1aabfef4d80cfcd6b8313e87630b680ee2,"{""distance"":3,""physical_error_rate"":0.0001}","{""detection_events"":15720,""detectors_checked"":68843520,""obs_mistake_mask=_E__"":1}"
   2696192,         0,         0,   116.9,decoder_by_matrix,1222905ef2c3e0b3841e2be415851bad02a0949e12b9844f6b979980572eaa40,"{""distance"":3,""physical_error_rate"":5e-06}","{""detection_events"":1665,""detectors_checked"":145594368}"
   2725888,         0,         0,   113.9,decoder_by_matrix,1222905ef2c3e0b3841e2be415851bad02a0949e12b9844f6b979980572eaa40,"{""distance"":3,""physical_error_rate"":5e-06}","{""detection_events"":1500,""detectors_checked"":147197952}"
   1512448,         0,         0,   118.3,decoder_by_matrix,cd5aa4935a142b600239883e928f6c7fc9fbc8c84161e9ed59cf2551b7ebfc3d,"{""distance"":3,""physical_error_rate"":5e-05}","{""detection_events"":8904,""detectors_checked"":81672192}"
   2712576,         0,         0,   115.0,decoder_by_matrix,1222905ef2c3e0b3841e2be415851bad02a0949e12b9844f6b979980572eaa40,"{""distance"":3,""physical_error_rate"":5e-06}","{""detection_events"":1638,""detectors_checked"":146479104}"
   1523712,         0,         0,   117.5,decoder_by_matrix,cd5aa4935a142b600239883e928f6c7fc9fbc8c84161e9ed59cf2551b7ebfc3d,"{""distance"":3,""physical_error_rate"":5e-05}","{""detection_events"":9204,""detectors_checked"":82280448}"
   2387968,         0,         0,   116.2,decoder_by_matrix,73784f3389b885bc1b704dac0b44b83e08b79da81bcec9ed749229213445f550,"{""distance"":3,""physical_error_rate"":1e-05}","{""detection_events"":2955,""detectors_checked"":128950272}"
   1290240,         1,         0,   117.8,decoder_by_matrix,c8397cb2c46e4683a6f3970bc42cef1aabfef4d80cfcd6b8313e87630b680ee2,"{""distance"":3,""physical_error_rate"":0.0001}","{""detection_events"":15450,""detectors_checked"":69672960,""obs_mistake_mask=_E__"":1}"
   1146880,        18,         0,   117.4,decoder_by_matrix,5dee359087c4b9ae2c20477a4d5136d2695095b0438111838e7093c679bd3c20,"{""distance"":3,""physical_error_rate"":0.0005}","{""detection_events"":68268,""detectors_checked"":61931520,""obs_mistake_mask=E___"":2,""obs_mistake_mask=_EEE"":2,""obs_mistake_mask=_EE_"":1,""obs_mistake_mask=_E__"":3,""obs_mistake_mask=__EE"":2,""obs_mistake_mask=__E_"":4,""obs_mistake_mask=___E"":4}"
   1527808,         0,         0,   116.8,decoder_by_matrix,cd5aa4935a142b600239883e928f6c7fc9fbc8c84161e9ed59cf2551b7ebfc3d,"{""distance"":3,""physical_error_rate"":5e-05}","{""detection_events"":8511,""detectors_checked"":82501632}"
   2395136,         1,         0,   114.7,decoder_by_matrix,73784f3389b885bc1b704dac0b44b83e08b79da81bcec9ed749229213445f550,"{""distance"":3,""physical_error_rate"":1e-05}","{""detection_events"":2913,""detectors_checked"":129337344,""obs_mistake_mask=__E_"":1}"
   1126400,        20,         0,   117.9,decoder_by_matrix,5dee359087c4b9ae2c20477a4d5136d2695095b0438111838e7093c679bd3c20,"{""distance"":3,""physical_error_rate"":0.0005}","{""detection_events"":67764,""detectors_checked"":60825600,""obs_mistake_mask=E___"":2,""obs_mistake_mask=_EE_"":2,""obs_mistake_mask=_E_E"":2,""obs_mistake_mask=_E__"":3,""obs_mistake_mask=__EE"":2,""obs_mistake_mask=__E_"":4,""obs_mistake_mask=___E"":5}"
   2378752,         0,         0,   115.7,decoder_by_matrix,73784f3389b885bc1b704dac0b44b83e08b79da81bcec9ed749229213445f550,"{""distance"":3,""physical_error_rate"":1e-05}","{""detection_events"":2934,""detectors_checked"":128452608}"
   1285120,         0,         0,   117.2,decoder_by_matrix,c8397cb2c46e4683a6f3970bc42cef1aabfef4d80cfcd6b8313e87630b680ee2,"{""distance"":3,""physical_error_rate"":0.0001}","{""detection_events"":15027,""detectors_checked"":69396480}"
    320512,         0,         0,    16.3,decoder_by_matrix,73784f3389b885bc1b704dac0b44b83e08b79da81bcec9ed749229213445f550,"{""distance"":3,""physical_error_rate"":1e-05}","{""detection_events"":420,""detectors_checked"":17307648}"
    362496,         0,         0,    15.9,decoder_by_matrix,1222905ef2c3e0b3841e2be415851bad02a0949e12b9844f6b979980572eaa40,"{""distance"":3,""physical_error_rate"":5e-06}","{""detection_events"":228,""detectors_checked"":19574784}"
    158720,         3,         0,    15.8,decoder_by_matrix,5dee359087c4b9ae2c20477a4d5136d2695095b0438111838e7093c679bd3c20,"{""distance"":3,""physical_error_rate"":0.0005}","{""detection_events"":9093,""detectors_checked"":8570880,""obs_mistake_mask=_EEE"":1,""obs_mistake_mask=_E_E"":1,""obs_mistake_mask=_E__"":1}"
    209920,         0,         0,    16.6,decoder_by_matrix,cd5aa4935a142b600239883e928f6c7fc9fbc8c84161e9ed59cf2551b7ebfc3d,"{""distance"":3,""physical_error_rate"":5e-05}","{""detection_events"":1305,""detectors_checked"":11335680}"
    323584,         0,         0,    16.1,decoder_by_matrix,73784f3389b885bc1b704dac0b44b83e08b79da81bcec9ed749229213445f550,"{""distance"":3,""physical_error_rate"":1e-05}","{""detection_events"":417,""detectors_checked"":17473536}"
    157696,         4,         0,    16.5,decoder_by_matrix,5dee359087c4b9ae2c20477a4d5136d2695095b0438111838e7093c679bd3c20,"{""distance"":3,""physical_error_rate"":0.0005}","{""detection_events"":9432,""detectors_checked"":8515584,""obs_mistake_mask=_EEE"":1,""obs_mistake_mask=_EE_"":1,""obs_mistake_mask=__E_"":1,""obs_mistake_mask=___E"":1}"
    379904,         0,         0,    16.3,decoder_by_matrix,1222905ef2c3e0b3841e2be415851bad02a0949e12b9844f6b979980572eaa40,"{""distance"":3,""physical_error_rate"":5e-06}","{""detection_events"":204,""detectors_checked"":20514816}"
    202752,         0,         0,    15.7,decoder_by_matrix,cd5aa4935a142b600239883e928f6c7fc9fbc8c84161e9ed59cf2551b7ebfc3d,"{""distance"":3,""physical_error_rate"":5e-05}","{""detection_events"":1263,""detectors_checked"":10948608}"
    177152,         0,         0,    15.8,decoder_by_matrix,c8397cb2c46e4683a6f3970bc42cef1aabfef4d80cfcd6b8313e87630b680ee2,"{""distance"":3,""physical_error_rate"":0.0001}","{""detection_events"":2013,""detectors_checked"":9566208}"
    179200,         0,         0,    16.6,decoder_by_matrix,c8397cb2c46e4683a6f3970bc42cef1aabfef4d80cfcd6b8313e87630b680ee2,"{""distance"":3,""physical_error_rate"":0.0001}","{""detection_events"":1992,""detectors_checked"":9676800}"
    456704,         0,         0,    22.3,decoder_by_matrix,73784f3389b885bc1b704dac0b44b83e08b79da81bcec9ed749229213445f550,"{""distance"":3,""physical_error_rate"":1e-05}","{""detection_events"":564,""detectors_checked"":24662016}"
    528384,         0,         0,    21.3,decoder_by_matrix,1222905ef2c3e0b3841e2be415851bad02a0949e12b9844f6b979980572eaa40,"{""distance"":3,""physical_error_rate"":5e-06}","{""detection_events"":246,""detectors_checked"":28532736}"
    218112,         2,         0,    21.7,decoder_by_matrix,5dee359087c4b9ae2c20477a4d5136d2695095b0438111838e7093c679bd3c20,"{""distance"":3,""physical_error_rate"":0.0005}","{""detection_events"":12393,""detectors_checked"":11778048,""obs_mistake_mask=_E__"":1,""obs_mistake_mask=__EE"":1}"
    446464,         0,         0,    22.5,decoder_by_matrix,73784f3389b885bc1b704dac0b44b83e08b79da81bcec9ed749229213445f550,"{""distance"":3,""physical_error_rate"":1e-05}","{""detection_events"":630,""detectors_checked"":24109056}"
    295936,         0,         0,    22.6,decoder_by_matrix,cd5aa4935a142b600239883e928f6c7fc9fbc8c84161e9ed59cf2551b7ebfc3d,"{""distance"":3,""physical_error_rate"":5e-05}","{""detection_events"":1758,""detectors_checked"":15980544}"
    510976,         0,         0,    21.4,decoder_by_matrix,1222905ef2c3e0b3841e2be415851bad02a0949e12b9844f6b979980572eaa40,"{""distance"":3,""physical_error_rate"":5e-06}","{""detection_events"":333,""detectors_checked"":27592704}"
    220160,         6,         0,    22.2,decoder_by_matrix,5dee359087c4b9ae2c20477a4d5136d2695095b0438111838e7093c679bd3c20,"{""distance"":3,""physical_error_rate"":0.0005}","{""detection_events"":13008,""detectors_checked"":11888640,""obs_mistake_mask=_EE_"":2,""obs_mistake_mask=_E_E"":1,""obs_mistake_mask=_E__"":1,""obs_mistake_mask=___E"":2}"
    243712,         1,         0,    22.7,decoder_by_matrix,c8397cb2c46e4683a6f3970bc42cef1aabfef4d80cfcd6b8313e87630b680ee2,"{""distance"":3,""physical_error_rate"":0.0001}","{""detection_events"":3063,""detectors_checked"":13160448,""obs_mistake_mask=_E_E"":1}"
    289792,         0,         0,    22.6,decoder_by_matrix,cd5aa4935a142b600239883e928f6c7fc9fbc8c84161e9ed59cf2551b7ebfc3d,"{""distance"":3,""physical_error_rate"":5e-05}","{""detection_events"":1695,""detectors_checked"":15648768}"
    242688,         0,         0,    22.0,decoder_by_matrix,c8397cb2c46e4683a6f3970bc42cef1aabfef4d80cfcd6b8313e87630b680ee2,"{""distance"":3,""physical_error_rate"":0.0001}","{""detection_events"":3243,""detectors_checked"":13105152}"
   1544192,         1,         0,   115.7,decoder_by_matrix,cd5aa4935a142b600239883e928f6c7fc9fbc8c84161e9ed59cf2551b7ebfc3d,"{""distance"":3,""physical_error_rate"":5e-05}","{""detection_events"":9336,""detectors_checked"":83386368,""obs_mistake_mask=_EEE"":1}"
   2682880,         0,         0,   115.2,decoder_by_matrix,1222905ef2c3e0b3841e2be415851bad02a0949e12b9844f6b979980572eaa40,"{""distance"":3,""physical_error_rate"":5e-06}","{""detection_events"":1713,""detectors_checked"":144875520}"
   1277952,         0,         0,   116.8,decoder_by_matrix,c8397cb2c46e4683a6f3970bc42cef1aabfef4d80cfcd6b8313e87630b680ee2,"{""distance"":3,""physical_error_rate"":0.0001}","{""detection_events"":15669,""detectors_checked"":69009408}"
   1145856,        19,         0,   117.2,decoder_by_matrix,5dee359087c4b9ae2c20477a4d5136d2695095b0438111838e7093c679bd3c20,"{""distance"":3,""physical_error_rate"":0.0005}","{""detection_events"":69528,""detectors_checked"":61876224,""obs_mistake_mask=E___"":1,""obs_mistake_mask=_EEE"":3,""obs_mistake_mask=_EE_"":3,""obs_mistake_mask=_E_E"":2,""obs_mistake_mask=_E__"":2,""obs_mistake_mask=__E_"":6,""obs_mistake_mask=___E"":2}"
   2387968,         0,         0,   114.8,decoder_by_matrix,73784f3389b885bc1b704dac0b44b83e08b79da81bcec9ed749229213445f550,"{""distance"":3,""physical_error_rate"":1e-05}","{""detection_events"":2883,""detectors_checked"":128950272}"
    642048,         0,         0,    31.3,decoder_by_matrix,73784f3389b885bc1b704dac0b44b83e08b79da81bcec9ed749229213445f550,"{""distance"":3,""physical_error_rate"":1e-05}","{""detection_events"":840,""detectors_checked"":34670592}"
    307200,        15,         0,    31.2,decoder_by_matrix,5dee359087c4b9ae2c20477a4d5136d2695095b0438111838e7093c679bd3c20,"{""distance"":3,""physical_error_rate"":0.0005}","{""detection_events"":18765,""detectors_checked"":16588800,""obs_mistake_mask=E___"":4,""obs_mistake_mask=_EEE"":1,""obs_mistake_mask=_E_E"":3,""obs_mistake_mask=_E__"":2,""obs_mistake_mask=__EE"":1,""obs_mistake_mask=__E_"":2,""obs_mistake_mask=___E"":2}"
    751616,         0,         0,    31.3,decoder_by_matrix,1222905ef2c3e0b3841e2be415851bad02a0949e12b9844f6b979980572eaa40,"{""distance"":3,""physical_error_rate"":5e-06}","{""detection_events"":360,""detectors_checked"":40587264}"
    618496,         0,         0,    31.2,decoder_by_matrix,73784f3389b885bc1b704dac0b44b83e08b79da81bcec9ed749229213445f550,"{""distance"":3,""physical_error_rate"":1e-05}","{""detection_events"":867,""detectors_checked"":33398784}"
    416768,         0,         0,    31.3,decoder_by_matrix,cd5aa4935a142b600239883e928f6c7fc9fbc8c84161e9ed59cf2551b7ebfc3d,"{""distance"":3,""physical_error_rate"":5e-05}","{""detection_events"":2439,""detectors_checked"":22505472}"
    717824,         0,         0,    31.0,decoder_by_matrix,1222905ef2c3e0b3841e2be415851bad02a0949e12b9844f6b979980572eaa40,"{""distance"":3,""physical_error_rate"":5e-06}","{""detection_events"":531,""detectors_checked"":38762496}"
    307200,         6,         0,    31.7,decoder_by_matrix,5dee359087c4b9ae2c20477a4d5136d2695095b0438111838e7093c679bd3c20,"{""distance"":3,""physical_error_rate"":0.0005}","{""detection_events"":18231,""detectors_checked"":16588800,""obs_mistake_mask=_EE_"":1,""obs_mistake_mask=_E__"":2,""obs_mistake_mask=__EE"":1,""obs_mistake_mask=__E_"":1,""obs_mistake_mask=___E"":1}"
    339968,         0,         0,    31.2,decoder_by_matrix,c8397cb2c46e4683a6f3970bc42cef1aabfef4d80cfcd6b8313e87630b680ee2,"{""distance"":3,""physical_error_rate"":0.0001}","{""detection_events"":4110,""detectors_checked"":18358272}"
    403456,         1,         0,    31.8,decoder_by_matrix,cd5aa4935a142b600239883e928f6c7fc9fbc8c84161e9ed59cf2551b7ebfc3d,"{""distance"":3,""physical_error_rate"":5e-05}","{""detection_events"":2601,""detectors_checked"":21786624,""obs_mistake_mask=__E_"":1}"
    342016,         0,         0,    31.8,decoder_by_matrix,c8397cb2c46e4683a6f3970bc42cef1aabfef4d80cfcd6b8313e87630b680ee2,"{""distance"":3,""physical_error_rate"":0.0001}","{""detection_events"":4251,""detectors_checked"":18468864}"
   2394112,         0,         0,   115.6,decoder_by_matrix,73784f3389b885bc1b704dac0b44b83e08b79da81bcec9ed749229213445f550,"{""distance"":3,""physical_error_rate"":1e-05}","{""detection_events"":2919,""detectors_checked"":129282048}"
   1270784,         1,         0,   116.7,decoder_by_matrix,c8397cb2c46e4683a6f3970bc42cef1aabfef4d80cfcd6b8313e87630b680ee2,"{""distance"":3,""physical_error_rate"":0.0001}","{""detection_events"":15186,""detectors_checked"":68622336,""obs_mistake_mask=__E_"":1}"
   2426880,         0,         0,   115.6,decoder_by_matrix,73784f3389b885bc1b704dac0b44b83e08b79da81bcec9ed749229213445f550,"{""distance"":3,""physical_error_rate"":1e-05}","{""detection_events"":2673,""detectors_checked"":131051520}"
   2768896,         0,         0,   116.2,decoder_by_matrix,1222905ef2c3e0b3841e2be415851bad02a0949e12b9844f6b979980572eaa40,"{""distance"":3,""physical_error_rate"":5e-06}","{""detection_events"":1413,""detectors_checked"":149520384}"
   1137664,        23,         0,   116.2,decoder_by_matrix,5dee359087c4b9ae2c20477a4d5136d2695095b0438111838e7093c679bd3c20,"{""distance"":3,""physical_error_rate"":0.0005}","{""detection_events"":68883,""detectors_checked"":61433856,""obs_mistake_mask=E___"":2,""obs_mistake_mask=_EEE"":2,""obs_mistake_mask=_EE_"":2,""obs_mistake_mask=_E__"":7,""obs_mistake_mask=__EE"":2,""obs_mistake_mask=__E_"":4,""obs_mistake_mask=___E"":4}"
   1523712,         1,         0,   118.3,decoder_by_matrix,cd5aa4935a142b600239883e928f6c7fc9fbc8c84161e9ed59cf2551b7ebfc3d,"{""distance"":3,""physical_error_rate"":5e-05}","{""detection_events"":9180,""detectors_checked"":82280448,""obs_mistake_mask=___E"":1}"
   1509376,         0,         0,   117.2,decoder_by_matrix,cd5aa4935a142b600239883e928f6c7fc9fbc8c84161e9ed59cf2551b7ebfc3d,"{""distance"":3,""physical_error_rate"":5e-05}","{""detection_events"":9510,""detectors_checked"":81506304}"
   1147904,        27,         0,   115.9,decoder_by_matrix,5dee359087c4b9ae2c20477a4d5136d2695095b0438111838e7093c679bd3c20,"{""distance"":3,""physical_error_rate"":0.0005}","{""detection_events"":68331,""detectors_checked"":61986816,""obs_mistake_mask=E___"":4,""obs_mistake_mask=_EEE"":3,""obs_mistake_mask=_EE_"":2,""obs_mistake_mask=_E_E"":1,""obs_mistake_mask=_E__"":5,""obs_mistake_mask=__EE"":1,""obs_mistake_mask=__E_"":7,""obs_mistake_mask=___E"":4}"
   1267712,         1,         0,   118.4,decoder_by_matrix,c8397cb2c46e4683a6f3970bc42cef1aabfef4d80cfcd6b8313e87630b680ee2,"{""distance"":3,""physical_error_rate"":0.0001}","{""detection_events"":15795,""detectors_checked"":68456448,""obs_mistake_mask=_E_E"":1}"
    903168,         0,         0,    43.5,decoder_by_matrix,73784f3389b885bc1b704dac0b44b83e08b79da81bcec9ed749229213445f550,"{""distance"":3,""physical_error_rate"":1e-05}","{""detection_events"":1152,""detectors_checked"":48771072}"
    427008,        12,         0,    43.7,decoder_by_matrix,5dee359087c4b9ae2c20477a4d5136d2695095b0438111838e7093c679bd3c20,"{""distance"":3,""physical_error_rate"":0.0005}","{""detection_events"":26355,""detectors_checked"":23058432,""obs_mistake_mask=_EEE"":1,""obs_mistake_mask=_EE_"":1,""obs_mistake_mask=_E__"":4,""obs_mistake_mask=__EE"":1,""obs_mistake_mask=__E_"":2,""obs_mistake_mask=___E"":3}"
   1002496,         0,         0,    42.7,decoder_by_matrix,1222905ef2c3e0b3841e2be415851bad02a0949e12b9844f6b979980572eaa40,"{""distance"":3,""physical_error_rate"":5e-06}","{""detection_events"":624,""detectors_checked"":54134784}"
    916480,         0,         0,    44.1,decoder_by_matrix,73784f3389b885bc1b704dac0b44b83e08b79da81bcec9ed749229213445f550,"{""distance"":3,""physical_error_rate"":1e-05}","{""detection_events"":996,""detectors_checked"":49489920}"
   1003520,         0,         0,    43.0,decoder_by_matrix,1222905ef2c3e0b3841e2be415851bad02a0949e12b9844f6b979980572eaa40,"{""distance"":3,""physical_error_rate"":5e-06}","{""detection_events"":648,""detectors_checked"":54190080}"
    571392,         0,         0,    43.4,decoder_by_matrix,cd5aa4935a142b600239883e928f6c7fc9fbc8c84161e9ed59cf2551b7ebfc3d,"{""distance"":3,""physical_error_rate"":5e-05}","{""detection_events"":3459,""detectors_checked"":30855168}"
    479232,         0,         0,    44.1,decoder_by_matrix,c8397cb2c46e4683a6f3970bc42cef1aabfef4d80cfcd6b8313e87630b680ee2,"{""distance"":3,""physical_error_rate"":0.0001}","{""detection_events"":5601,""detectors_checked"":25878528}"
    430080,        14,         0,    43.5,decoder_by_matrix,5dee359087c4b9ae2c20477a4d5136d2695095b0438111838e7093c679bd3c20,"{""distance"":3,""physical_error_rate"":0.0005}","{""detection_events"":25683,""detectors_checked"":23224320,""obs_mistake_mask=E___"":2,""obs_mistake_mask=_EEE"":4,""obs_mistake_mask=_E_E"":4,""obs_mistake_mask=__EE"":1,""obs_mistake_mask=__E_"":1,""obs_mistake_mask=___E"":2}"
    574464,         1,         0,    44.2,decoder_by_matrix,cd5aa4935a142b600239883e928f6c7fc9fbc8c84161e9ed59cf2551b7ebfc3d,"{""distance"":3,""physical_error_rate"":5e-05}","{""detection_events"":3279,""detectors_checked"":31021056,""obs_mistake_mask=_E_E"":1}"
    478208,         0,         0,    43.0,decoder_by_matrix,c8397cb2c46e4683a6f3970bc42cef1aabfef4d80cfcd6b8313e87630b680ee2,"{""distance"":3,""physical_error_rate"":0.0001}","{""detection_events"":5613,""detectors_checked"":25823232}"
   1553408,         1,         0,   116.2,decoder_by_matrix,cd5aa4935a142b600239883e928f6c7fc9fbc8c84161e9ed59cf2551b7ebfc3d,"{""distance"":3,""physical_error_rate"":5e-05}","{""detection_events"":9093,""detectors_checked"":83884032,""obs_mistake_mask=_EE_"":1}"
   2710528,         0,         0,   114.4,decoder_by_matrix,1222905ef2c3e0b3841e2be415851bad02a0949e12b9844f6b979980572eaa40,"{""distance"":3,""physical_error_rate"":5e-06}","{""detection_events"":1656,""detectors_checked"":146368512}"
   1271808,         1,         0,   117.6,decoder_by_matrix,c8397cb2c46e4683a6f3970bc42cef1aabfef4d80cfcd6b8313e87630b680ee2,"{""distance"":3,""physical_error_rate"":0.0001}","{""detection_events"":14895,""detectors_checked"":68677632,""obs_mistake_mask=__E_"":1}"
   1134592,        28,         0,   117.2,decoder_by_matrix,5dee359087c4b9ae2c20477a4d5136d2695095b0438111838e7093c679bd3c20,"{""distance"":3,""physical_error_rate"":0.0005}","{""detection_events"":68013,""detectors_checked"":61267968,""obs_mistake_mask=E___"":2,""obs_mistake_mask=_EEE"":2,""obs_mistake_mask=_EE_"":2,""obs_mistake_mask=_E_E"":5,""obs_mistake_mask=_E__"":7,""obs_mistake_mask=__EE"":2,""obs_mistake_mask=__E_"":5,""obs_mistake_mask=___E"":3}"
   2394112,         0,         0,   114.4,decoder_by_matrix,73784f3389b885bc1b704dac0b44b83e08b79da81bcec9ed749229213445f550,"{""distance"":3,""physical_error_rate"":1e-05}","{""detection_events"":2916,""detectors_checked"":129282048}"
   2717696,         0,         0,   114.8,decoder_by_matrix,1222905ef2c3e0b3841e2be415851bad02a0949e12b9844f6b979980572eaa40,"{""distance"":3,""physical_error_rate"":5e-06}","{""detection_events"":1575,""detectors_checked"":146755584}"
   1294336,         1,         0,   117.5,decoder_by_matrix,c8397cb2c46e4683a6f3970bc42cef1aabfef4d80cfcd6b8313e87630b680ee2,"{""distance"":3,""physical_error_rate"":0.0001}","{""detection_events"":15195,""detectors_checked"":69894144,""obs_mistake_mask=___E"":1}"
   1149952,        22,         0,   117.0,decoder_by_matrix,5dee359087c4b9ae2c20477a4d5136d2695095b0438111838e7093c679bd3c20,"{""distance"":3,""physical_error_rate"":0.0005}","{""detection_events"":70158,""detectors_checked"":62097408,""obs_mistake_mask=E___"":1,""obs_mistake_mask=_EEE"":2,""obs_mistake_mask=_EE_"":2,""obs_mistake_mask=_E_E"":2,""obs_mistake_mask=_E__"":3,""obs_mistake_mask=__EE"":4,""obs_mistake_mask=__E_"":3,""obs_mistake_mask=___E"":5}"
   2746368,         0,         0,   114.0,decoder_by_matrix,1222905ef2c3e0b3841e2be415851bad02a0949e12b9844f6b979980572eaa40,"{""distance"":3,""physical_error_rate"":5e-06}","{""detection_events"":1491,""detectors_checked"":148303872}"
   1293312,         0,         0,   118.7,decoder_by_matrix,c8397cb2c46e4683a6f3970bc42cef1aabfef4d80cfcd6b8313e87630b680ee2,"{""distance"":3,""physical_error_rate"":0.0001}","{""detection_events"":15408,""detectors_checked"":69838848}"
   2426880,         0,         0,   115.3,decoder_by_matrix,73784f3389b885bc1b704dac0b44b83e08b79da81bcec9ed749229213445f550,"{""distance"":3,""physical_error_rate"":1e-05}","{""detection_events"":2838,""detectors_checked"":131051520}"
   2407424,         1,         0,   117.1,decoder_by_matrix,73784f3389b885bc1b704dac0b44b83e08b79da81bcec9ed749229213445f550,"{""distance"":3,""physical_error_rate"":1e-05}","{""detection_events"":2952,""detectors_checked"":130000896,""obs_mistake_mask=__E_"":1}"
   1517568,         0,         0,   116.4,decoder_by_matrix,cd5aa4935a142b600239883e928f6c7fc9fbc8c84161e9ed59cf2551b7ebfc3d,"{""distance"":3,""physical_error_rate"":5e-05}","{""detection_events"":9186,""detectors_checked"":81948672}"
   1550336,         0,         0,   116.6,decoder_by_matrix,cd5aa4935a142b600239883e928f6c7fc9fbc8c84161e9ed59cf2551b7ebfc3d,"{""distance"":3,""physical_error_rate"":5e-05}","{""detection_events"":8961,""detectors_checked"":83718144}"
   2677760,         0,         0,   113.9,decoder_by_matrix,1222905ef2c3e0b3841e2be415851bad02a0949e12b9844f6b979980572eaa40,"{""distance"":3,""physical_error_rate"":5e-06}","{""detection_events"":1698,""detectors_checked"":144599040}"
   1522688,         0,         0,   116.6,decoder_by_matrix,cd5aa4935a142b600239883e928f6c7fc9fbc8c84161e9ed59cf2551b7ebfc3d,"{""distance"":3,""physical_error_rate"":5e-05}","{""detection_events"":8955,""detectors_checked"":82225152}"
   2454528,         0,         0,   114.3,decoder_by_matrix,73784f3389b885bc1b704dac0b44b83e08b79da81bcec9ed749229213445f550,"{""distance"":3,""physical_error_rate"":1e-05}","{""detection_events"":2784,""detectors_checked"":132544512}"
   1144832,        25,         0,   117.4,decoder_by_matrix,5dee359087c4b9ae2c20477a4d5136d2695095b0438111838e7093c679bd3c20,"{""distance"":3,""physical_error_rate"":0.0005}","{""detection_events"":69642,""detectors_checked"":61820928,""obs_mistake_mask=E___"":3,""obs_mistake_mask=_EEE"":4,""obs_mistake_mask=_EE_"":1,""obs_mistake_mask=_E_E"":1,""obs_mistake_mask=_E__"":3,""obs_mistake_mask=__EE"":3,""obs_mistake_mask=__E_"":7,""obs_mistake_mask=___E"":3}"
   1144832,        23,         0,   117.3,decoder_by_matrix,5dee359087c4b9ae2c20477a4d5136d2695095b0438111838e7093c679bd3c20,"{""distance"":3,""physical_error_rate"":0.0005}","{""detection_events"":69267,""detectors_checked"":61820928,""obs_mistake_mask=EEE_"":1,""obs_mistake_mask=E___"":1,""obs_mistake_mask=_EEE"":8,""obs_mistake_mask=_EE_"":1,""obs_mistake_mask=_E__"":5,""obs_mistake_mask=__EE"":1,""obs_mistake_mask=__E_"":5,""obs_mistake_mask=___E"":1}"
   2367488,         0,         0,   116.3,decoder_by_matrix,73784f3389b885bc1b704dac0b44b83e08b79da81bcec9ed749229213445f550,"{""distance"":3,""physical_error_rate"":1e-05}","{""detection_events"":3033,""detectors_checked"":127844352}"
   2700288,         0,         0,   116.1,decoder_by_matrix,1222905ef2c3e0b3841e2be415851bad02a0949e12b9844f6b979980572eaa40,"{""distance"":3,""physical_error_rate"":5e-06}","{""detection_events"":1770,""detectors_checked"":145815552}"
   1149952,        20,         0,   118.1,decoder_by_matrix,5dee359087c4b9ae2c20477a4d5136d2695095b0438111838e7093c679bd3c20,"{""distance"":3,""physical_error_rate"":0.0005}","{""detection_events"":67821,""detectors_checked"":62097408,""obs_mistake_mask=E___"":2,""obs_mistake_mask=_EEE"":1,""obs_mistake_mask=_EE_"":2,""obs_mistake_mask=_E_E"":2,""obs_mistake_mask=_E__"":4,""obs_mistake_mask=__EE"":2,""obs_mistake_mask=__E_"":3,""obs_mistake_mask=___E"":4}"
   1143808,        25,         0,   118.4,decoder_by_matrix,5dee359087c4b9ae2c20477a4d5136d2695095b0438111838e7093c679bd3c20,"{""distance"":3,""physical_error_rate"":0.0005}","{""detection_events"":66462,""detectors_checked"":61765632,""obs_mistake_mask=E___"":2,""obs_mistake_mask=_EEE"":4,""obs_mistake_mask=_EE_"":1,""obs_mistake_mask=_E_E"":6,""obs_mistake_mask=_E__"":2,""obs_mistake_mask=__EE"":2,""obs_mistake_mask=__E_"":5,""obs_mistake_mask=___E"":3}"
   1512448,         0,         0,   114.8,decoder_by_matrix,cd5aa4935a142b600239883e928f6c7fc9fbc8c84161e9ed59cf2551b7ebfc3d,"{""distance"":3,""physical_error_rate"":5e-05}","{""detection_events"":8955,""detectors_checked"":81672192}"
   1287168,         0,         0,   117.5,decoder_by_matrix,c8397cb2c46e4683a6f3970bc42cef1aabfef4d80cfcd6b8313e87630b680ee2,"{""distance"":3,""physical_error_rate"":0.0001}","{""detection_events"":15741,""detectors_checked"":69507072}"
   1291264,         0,         0,   116.8,decoder_by_matrix,c8397cb2c46e4683a6f3970bc42cef1aabfef4d80cfcd6b8313e87630b680ee2,"{""distance"":3,""physical_error_rate"":0.0001}","{""detection_events"":16191,""detectors_checked"":69728256}"
   1283072,         0,         0,   118.0,decoder_by_matrix,c8397cb2c46e4683a6f3970bc42cef1aabfef4d80cfcd6b8313e87630b680ee2,"{""distance"":3,""physical_error_rate"":0.0001}","{""detection_events"":15117,""detectors_checked"":69285888}"
   2752512,         0,         0,   116.2,decoder_by_matrix,1222905ef2c3e0b3841e2be415851bad02a0949e12b9844f6b979980572eaa40,"{""distance"":3,""physical_error_rate"":5e-06}","{""detection_events"":1428,""detectors_checked"":148635648}"
   1524736,         0,         0,   116.3,decoder_by_matrix,cd5aa4935a142b600239883e928f6c7fc9fbc8c84161e9ed59cf2551b7ebfc3d,"{""distance"":3,""physical_error_rate"":5e-05}","{""detection_events"":9144,""detectors_checked"":82335744}"
   2721792,         0,         0,   114.1,decoder_by_matrix,1222905ef2c3e0b3841e2be415851bad02a0949e12b9844f6b979980572eaa40,"{""distance"":3,""physical_error_rate"":5e-06}","{""detection_events"":1605,""detectors_checked"":146976768}"
   1516544,         0,         0,   117.4,decoder_by_matrix,cd5aa4935a142b600239883e928f6c7fc9fbc8c84161e9ed59cf2551b7ebfc3d,"{""distance"":3,""physical_error_rate"":5e-05}","{""detection_events"":9528,""detectors_checked"":81893376}"
   2749440,         0,         0,   114.5,decoder_by_matrix,1222905ef2c3e0b3841e2be415851bad02a0949e12b9844f6b979980572eaa40,"{""distance"":3,""physical_error_rate"":5e-06}","{""detection_events"":1479,""detectors_checked"":148469760}"
   2424832,         1,         0,   114.8,decoder_by_matrix,73784f3389b885bc1b704dac0b44b83e08b79da81bcec9ed749229213445f550,"{""distance"":3,""physical_error_rate"":1e-05}","{""detection_events"":2724,""detectors_checked"":130940928,""obs_mistake_mask=__E_"":1}"
   1277952,         1,         0,   118.0,decoder_by_matrix,c8397cb2c46e4683a6f3970bc42cef1aabfef4d80cfcd6b8313e87630b680ee2,"{""distance"":3,""physical_error_rate"":0.0001}","{""detection_events"":15699,""detectors_checked"":69009408,""obs_mistake_mask=_EEE"":1}"
   1150976,        30,         0,   119.1,decoder_by_matrix,5dee359087c4b9ae2c20477a4d5136d2695095b0438111838e7093c679bd3c20,"{""distance"":3,""physical_error_rate"":0.0005}","{""detection_events"":68910,""detectors_checked"":62152704,""obs_mistake_mask=E___"":3,""obs_mistake_mask=_EEE"":4,""obs_mistake_mask=_EE_"":2,""obs_mistake_mask=_E_E"":1,""obs_mistake_mask=_E__"":6,""obs_mistake_mask=__EE"":3,""obs_mistake_mask=__E_"":7,""obs_mistake_mask=___E"":4}"
   1474560,         0,         0,   117.2,decoder_by_matrix,cd5aa4935a142b600239883e928f6c7fc9fbc8c84161e9ed59cf2551b7ebfc3d,"{""distance"":3,""physical_error_rate"":5e-05}","{""detection_events"":8934,""detectors_checked"":79626240}"
   2385920,         0,         0,   117.0,decoder_by_matrix,73784f3389b885bc1b704dac0b44b83e08b79da81bcec9ed749229213445f550,"{""distance"":3,""physical_error_rate"":1e-05}","{""detection_events"":2853,""detectors_checked"":128839680}"
   1130496,        28,         0,   118.5,decoder_by_matrix,5dee359087c4b9ae2c20477a4d5136d2695095b0438111838e7093c679bd3c20,"{""distance"":3,""physical_error_rate"":0.0005}","{""detection_events"":67887,""detectors_checked"":61046784,""obs_mistake_mask=E___"":3,""obs_mistake_mask=_EE_"":2,""obs_mistake_mask=_E_E"":4,""obs_mistake_mask=_E__"":6,""obs_mistake_mask=__EE"":3,""obs_mistake_mask=__E_"":5,""obs_mistake_mask=___E"":5}"
   2388992,         0,         0,   114.8,decoder_by_matrix,73784f3389b885bc1b704dac0b44b83e08b79da81bcec9ed749229213445f550,"{""distance"":3,""physical_error_rate"":1e-05}","{""detection_events"":2979,""detectors_checked"":129005568}"
   1281024,         3,         0,   118.4,decoder_by_matrix,c8397cb2c46e4683a6f3970bc42cef1aabfef4d80cfcd6b8313e87630b680ee2,"{""distance"":3,""physical_error_rate"":0.0001}","{""detection_events"":15873,""detectors_checked"":69175296,""obs_mistake_mask=_EE_"":1,""obs_mistake_mask=_E__"":2}"
   2715648,         0,         0,   116.2,decoder_by_matrix,1222905ef2c3e0b3841e2be415851bad02a0949e12b9844f6b979980572eaa40,"{""distance"":3,""physical_error_rate"":5e-06}","{""detection_events"":1548,""detectors_checked"":146644992}"
   1524736,         0,         0,   117.3,decoder_by_matrix,cd5aa4935a142b600239883e928f6c7fc9fbc8c84161e9ed59cf2551b7ebfc3d,"{""distance"":3,""physical_error_rate"":5e-05}","{""detection_events"":8904,""detectors_checked"":82335744}"
   1148928,        21,         0,   116.7,decoder_by_matrix,5dee359087c4b9ae2c20477a4d5136d2695095b0438111838e7093c679bd3c20,"{""distance"":3,""physical_error_rate"":0.0005}","{""detection_events"":69807,""detectors_checked"":62042112,""obs_mistake_mask=_EEE"":2,""obs_mistake_mask=_EE_"":2,""obs_mistake_mask=_E_E"":2,""obs_mistake_mask=_E__"":7,""obs_mistake_mask=__EE"":3,""obs_mistake_mask=__E_"":3,""obs_mistake_mask=___E"":2}"
   1274880,         0,         0,   115.8,decoder_by_matrix,c8397cb2c46e4683a6f3970bc42cef1aabfef4d80cfcd6b8313e87630b680ee2,"{""distance"":3,""physical_error_rate"":0.0001}","{""detection_events"":15219,""detectors_checked"":68843520}"
   2423808,         0,         0,   114.1,decoder_by_matrix,73784f3389b885bc1b704dac0b44b83e08b79da81bcec9ed749229213445f550,"{""distance"":3,""physical_error_rate"":1e-05}","{""detection_events"":2841,""detectors_checked"":130885632}"
   1277952,         0,         0,    59.0,decoder_by_matrix,73784f3389b885bc1b704dac0b44b83e08b79da81bcec9ed749229213445f550,"{""distance"":3,""physical_error_rate"":1e-05}","{""detection_events"":1500,""detectors_checked"":69009408}"
    601088,        10,         0,    61.7,decoder_by_matrix,5dee359087c4b9ae2c20477a4d5136d2695095b0438111838e7093c679bd3c20,"{""distance"":3,""physical_error_rate"":0.0005}","{""detection_events"":36276,""detectors_checked"":32458752,""obs_mistake_mask=E___"":2,""obs_mistake_mask=_EEE"":1,""obs_mistake_mask=_EE_"":1,""obs_mistake_mask=_E_E"":2,""obs_mistake_mask=_E__"":1,""obs_mistake_mask=__E_"":1,""obs_mistake_mask=___E"":2}"
   1404928,         0,         0,    59.7,decoder_by_matrix,1222905ef2c3e0b3841e2be415851bad02a0949e12b9844f6b979980572eaa40,"{""distance"":3,""physical_error_rate"":5e-06}","{""detection_events"":990,""detectors_checked"":75866112}"
   1443840,         0,         0,    60.6,decoder_by_matrix,1222905ef2c3e0b3841e2be415851bad02a0949e12b9844f6b979980572eaa40,"{""distance"":3,""physical_error_rate"":5e-06}","{""detection_events"":837,""detectors_checked"":77967360}"
    795648,         0,         0,    61.1,decoder_by_matrix,cd5aa4935a142b600239883e928f6c7fc9fbc8c84161e9ed59cf2551b7ebfc3d,"{""distance"":3,""physical_error_rate"":5e-05}","{""detection_events"":4761,""detectors_checked"":42964992}"
   1268736,         0,         0,    60.4,decoder_by_matrix,73784f3389b885bc1b704dac0b44b83e08b79da81bcec9ed749229213445f550,"{""distance"":3,""physical_error_rate"":1e-05}","{""detection_events"":1551,""detectors_checked"":68511744}"
    660480,         0,         0,    62.6,decoder_by_matrix,c8397cb2c46e4683a6f3970bc42cef1aabfef4d80cfcd6b8313e87630b680ee2,"{""distance"":3,""physical_error_rate"":0.0001}","{""detection_events"":7974,""detectors_checked"":35665920}"
    602112,         9,         0,    62.6,decoder_by_matrix,5dee359087c4b9ae2c20477a4d5136d2695095b0438111838e7093c679bd3c20,"{""distance"":3,""physical_error_rate"":0.0005}","{""detection_events"":36189,""detectors_checked"":32514048,""obs_mistake_mask=E___"":1,""obs_mistake_mask=_EEE"":2,""obs_mistake_mask=_E_E"":2,""obs_mistake_mask=_E__"":1,""obs_mistake_mask=__EE"":1,""obs_mistake_mask=__E_"":1,""obs_mistake_mask=___E"":1}"
    807936,         1,         0,    61.8,decoder_by_matrix,cd5aa4935a142b600239883e928f6c7fc9fbc8c84161e9ed59cf2551b7ebfc3d,"{""distance"":3,""physical_error_rate"":5e-05}","{""detection_events"":4758,""detectors_checked"":43628544,""obs_mistake_mask=_EEE"":1}"
    674816,         0,         0,    61.8,decoder_by_matrix,c8397cb2c46e4683a6f3970bc42cef1aabfef4d80cfcd6b8313e87630b680ee2,"{""distance"":3,""physical_error_rate"":0.0001}","{""detection_events"":8388,""detectors_checked"":36440064}"
   2354176,         0,         0,   116.3,decoder_by_matrix,73784f3389b885bc1b704dac0b44b83e08b79da81bcec9ed749229213445f550,"{""distance"":3,""physical_error_rate"":1e-05}","{""detection_events"":3066,""detectors_checked"":127125504}"
   1292288,         0,         0,   117.8,decoder_by_matrix,c8397cb2c46e4683a6f3970bc42cef1aabfef4d80cfcd6b8313e87630b680ee2,"{""distance"":3,""physical_error_rate"":0.0001}","{""detection_events"":14949,""detectors_checked"":69783552}"
   2397184,         0,         0,   115.2,decoder_by_matrix,73784f3389b885bc1b704dac0b44b83e08b79da81bcec9ed749229213445f550,"{""distance"":3,""physical_error_rate"":1e-05}","{""detection_events"":2886,""detectors_checked"":129447936}"
   2705408,         0,         0,   114.3,decoder_by_matrix,1222905ef2c3e0b3841e2be415851bad02a0949e12b9844f6b979980572eaa40,"{""distance"":3,""physical_error_rate"":5e-06}","{""detection_events"":1671,""detectors_checked"":146092032}"
   1138688,        24,         0,   117.3,decoder_by_matrix,5dee359087c4b9ae2c20477a4d5136d2695095b0438111838e7093c679bd3c20,"{""distance"":3,""physical_error_rate"":0.0005}","{""detection_events"":68064,""detectors_checked"":61489152,""obs_mistake_mask=E___"":1,""obs_mistake_mask=_EEE"":4,""obs_mistake_mask=_EE_"":1,""obs_mistake_mask=_E_E"":3,""obs_mistake_mask=_E__"":3,""obs_mistake_mask=__EE"":1,""obs_mistake_mask=__E_"":5,""obs_mistake_mask=___E"":6}"
   1554432,         0,         0,   116.4,decoder_by_matrix,cd5aa4935a142b600239883e928f6c7fc9fbc8c84161e9ed59cf2551b7ebfc3d,"{""distance"":3,""physical_error_rate"":5e-05}","{""detection_events"":8850,""detectors_checked"":83939328}"
   1497088,         0,         0,   118.0,decoder_by_matrix,cd5aa4935a142b600239883e928f6c7fc9fbc8c84161e9ed59cf2551b7ebfc3d,"{""distance"":3,""physical_error_rate"":5e-05}","{""detection_events"":9351,""detectors_checked"":80842752}"
   1145856,        19,         0,   117.4,decoder_by_matrix,5dee359087c4b9ae2c20477a4d5136d2695095b0438111838e7093c679bd3c20,"{""distance"":3,""physical_error_rate"":0.0005}","{""detection_events"":69450,""detectors_checked"":61876224,""obs_mistake_mask=E___"":1,""obs_mistake_mask=_EEE"":3,""obs_mistake_mask=_EE_"":2,""obs_mistake_mask=_E_E"":2,""obs_mistake_mask=_E__"":4,""obs_mistake_mask=__EE"":2,""obs_mistake_mask=__E_"":1,""obs_mistake_mask=___E"":4}"
   1266688,         1,         0,   116.2,decoder_by_matrix,c8397cb2c46e4683a6f3970bc42cef1aabfef4d80cfcd6b8313e87630b680ee2,"{""distance"":3,""physical_error_rate"":0.0001}","{""detection_events"":15435,""detectors_checked"":68401152,""obs_mistake_mask=__E_"":1}"
   1274880,         2,         0,   117.5,decoder_by_matrix,c8397cb2c46e4683a6f3970bc42cef1aabfef4d80cfcd6b8313e87630b680ee2,"{""distance"":3,""physical_error_rate"":0.0001}","{""detection_events"":15261,""detectors_checked"":68843520,""obs_mistake_mask=___E"":2}"
   2690048,         1,         0,   114.9,decoder_by_matrix,1222905ef2c3e0b3841e2be415851bad02a0949e12b9844f6b979980572eaa40,"{""distance"":3,""physical_error_rate"":5e-06}","{""detection_events"":1773,""detectors_checked"":145262592,""obs_mistake_mask=__EE"":1}"
   1497088,         2,         0,   117.5,decoder_by_matrix,cd5aa4935a142b600239883e928f6c7fc9fbc8c84161e9ed59cf2551b7ebfc3d,"{""distance"":3,""physical_error_rate"":5e-05}","{""detection_events"":9342,""detectors_checked"":80842752,""obs_mistake_mask=_EEE"":1,""obs_mistake_mask=_E__"":1}"
   1134592,        24,         0,   118.8,decoder_by_matrix,5dee359087c4b9ae2c20477a4d5136d2695095b0438111838e7093c679bd3c20,"{""distance"":3,""physical_error_rate"":0.0005}","{""detection_events"":68175,""detectors_checked"":61267968,""obs_mistake_mask=_EEE"":1,""obs_mistake_mask=_EE_"":3,""obs_mistake_mask=_E_E"":1,""obs_mistake_mask=_E__"":6,""obs_mistake_mask=__EE"":2,""obs_mistake_mask=__E_"":6,""obs_mistake_mask=___E"":5}"
   2408448,         0,         0,   116.9,decoder_by_matrix,73784f3389b885bc1b704dac0b44b83e08b79da81bcec9ed749229213445f550,"{""distance"":3,""physical_error_rate"":1e-05}","{""detection_events"":2970,""detectors_checked"":130056192}"
   2750464,         0,         0,   114.4,decoder_by_matrix,1222905ef2c3e0b3841e2be415851bad02a0949e12b9844f6b979980572eaa40,"{""distance"":3,""physical_error_rate"":5e-06}","{""detection_events"":1512,""detectors_checked"":148525056}"
   1153024,        23,         0,   117.1,decoder_by_matrix,5dee359087c4b9ae2c20477a4d5136d2695095b0438111838e7093c679bd3c20,"{""distance"":3,""physical_error_rate"":0.0005}","{""detection_events"":67683,""detectors_checked"":62263296,""obs_mistake_mask=E___"":1,""obs_mistake_mask=_EEE"":3,""obs_mistake_mask=_EE_"":1,""obs_mistake_mask=_E_E"":1,""obs_mistake_mask=_E__"":5,""obs_mistake_mask=__EE"":2,""obs_mistake_mask=__E_"":7,""obs_mistake_mask=___E"":3}"
   1292288,         2,         0,   117.4,decoder_by_matrix,c8397cb2c46e4683a6f3970bc42cef1aabfef4d80cfcd6b8313e87630b680ee2,"{""distance"":3,""physical_error_rate"":0.0001}","{""detection_events"":15636,""detectors_checked"":69783552,""obs_mistake_mask=_E_E"":1,""obs_mistake_mask=_E__"":1}"
   2717696,         0,         0,   113.7,decoder_by_matrix,1222905ef2c3e0b3841e2be415851bad02a0949e12b9844f6b979980572eaa40,"{""distance"":3,""physical_error_rate"":5e-06}","{""detection_events"":1674,""detectors_checked"":146755584}"
   1295360,         3,         0,   118.4,decoder_by_matrix,c8397cb2c46e4683a6f3970bc42cef1aabfef4d80cfcd6b8313e87630b680ee2,"{""distance"":3,""physical_error_rate"":0.0001}","{""detection_events"":15432,""detectors_checked"":69949440,""obs_mistake_mask=_E__"":1,""obs_mistake_mask=__EE"":1,""obs_mistake_mask=__E_"":1}"
   2379776,         0,         0,   116.5,decoder_by_matrix,73784f3389b885bc1b704dac0b44b83e08b79da81bcec9ed749229213445f550,"{""distance"":3,""physical_error_rate"":1e-05}","{""detection_events"":2964,""detectors_checked"":128507904}"
   2388992,         0,         0,   114.5,decoder_by_matrix,73784f3389b885bc1b704dac0b44b83e08b79da81bcec9ed749229213445f550,"{""distance"":3,""physical_error_rate"":1e-05}","{""detection_events"":3000,""detectors_checked"":129005568}"
   1517568,         0,         0,   116.7,decoder_by_matrix,cd5aa4935a142b600239883e928f6c7fc9fbc8c84161e9ed59cf2551b7ebfc3d,"{""distance"":3,""physical_error_rate"":5e-05}","{""detection_events"":9297,""detectors_checked"":81948672}"
   2694144,         0,         0,   115.8,decoder_by_matrix,1222905ef2c3e0b3841e2be415851bad02a0949e12b9844f6b979980572eaa40,"{""distance"":3,""physical_error_rate"":5e-06}","{""detection_events"":1578,""detectors_checked"":145483776}"
   1544192,         0,         0,   116.6,decoder_by_matrix,cd5aa4935a142b600239883e928f6c7fc9fbc8c84161e9ed59cf2551b7ebfc3d,"{""distance"":3,""physical_error_rate"":5e-05}","{""detection_events"":8859,""detectors_checked"":83386368}"
   2417664,         0,         0,   116.8,decoder_by_matrix,73784f3389b885bc1b704dac0b44b83e08b79da81bcec9ed749229213445f550,"{""distance"":3,""physical_error_rate"":1e-05}","{""detection_events"":2910,""detectors_checked"":130553856}"
   1144832,        24,         0,   117.3,decoder_by_matrix,5dee359087c4b9ae2c20477a4d5136d2695095b0438111838e7093c679bd3c20,"{""distance"":3,""physical_error_rate"":0.0005}","{""detection_events"":68892,""detectors_checked"":61820928,""obs_mistake_mask=E___"":1,""obs_mistake_mask=_EEE"":2,""obs_mistake_mask=_EE_"":3,""obs_mistake_mask=_E_E"":2,""obs_mistake_mask=_E__"":4,""obs_mistake_mask=__EE"":1,""obs_mistake_mask=__E_"":4,""obs_mistake_mask=___E"":7}"
   1507328,         0,         0,   117.4,decoder_by_matrix,cd5aa4935a142b600239883e928f6c7fc9fbc8c84161e9ed59cf2551b7ebfc3d,"{""distance"":3,""physical_error_rate"":5e-05}","{""detection_events"":9213,""detectors_checked"":81395712}"
   1147904,        24,         0,   117.3,decoder_by_matrix,5dee359087c4b9ae2c20477a4d5136d2695095b0438111838e7093c679bd3c20,"{""distance"":3,""physical_error_rate"":0.0005}","{""detection_events"":69081,""detectors_checked"":61986816,""obs_mistake_mask=E___"":1,""obs_mistake_mask=_EEE"":1,""obs_mistake_mask=_EE_"":3,""obs_mistake_mask=_E_E"":3,""obs_mistake_mask=_E__"":3,""obs_mistake_mask=__EE"":6,""obs_mistake_mask=__E_"":3,""obs_mistake_mask=___E"":4}"
   2415616,         0,         0,   115.3,decoder_by_matrix,73784f3389b885bc1b704dac0b44b83e08b79da81bcec9ed749229213445f550,"{""distance"":3,""physical_error_rate"":1e-05}","{""detection_events"":2850,""detectors_checked"":130443264}"
   2719744,         0,         0,   113.0,decoder_by_matrix,1222905ef2c3e0b3841e2be415851bad02a0949e12b9844f6b979980572eaa40,"{""distance"":3,""physical_error_rate"":5e-06}","{""detection_events"":1599,""detectors_checked"":146866176}"
   1145856,        30,         0,   115.7,decoder_by_matrix,5dee359087c4b9ae2c20477a4d5136d2695095b0438111838e7093c679bd3c20,"{""distance"":3,""physical_error_rate"":0.0005}","{""detection_events"":67878,""detectors_checked"":61876224,""obs_mistake_mask=E___"":4,""obs_mistake_mask=_EEE"":3,""obs_mistake_mask=_EE_"":1,""obs_mistake_mask=_E_E"":6,""obs_mistake_mask=_E__"":4,""obs_mistake_mask=__EE"":5,""obs_mistake_mask=__E_"":2,""obs_mistake_mask=___E"":5}"
   1534976,         0,         0,   117.6,decoder_by_matrix,cd5aa4935a142b600239883e928f6c7fc9fbc8c84161e9ed59cf2551b7ebfc3d,"{""distance"":3,""physical_error_rate"":5e-05}","{""detection_events"":8832,""detectors_checked"":82888704}"
   1150976,        25,         0,   117.6,decoder_by_matrix,5dee359087c4b9ae2c20477a4d5136d2695095b0438111838e7093c679bd3c20,"{""distance"":3,""physical_error_rate"":0.0005}","{""detection_events"":69729,""detectors_checked"":62152704,""obs_mistake_mask=E___"":1,""obs_mistake_mask=_EE_"":2,""obs_mistake_mask=_E_E"":3,""obs_mistake_mask=_E__"":6,""obs_mistake_mask=__EE"":3,""obs_mistake_mask=__E_"":5,""obs_mistake_mask=___E"":5}"
   1298432,         2,         0,   117.1,decoder_by_matrix,c8397cb2c46e4683a6f3970bc42cef1aabfef4d80cfcd6b8313e87630b680ee2,"{""distance"":3,""physical_error_rate"":0.0001}","{""detection_events"":15603,""detectors_checked"":70115328,""obs_mistake_mask=_E__"":1,""obs_mistake_mask=___E"":1}"
   1293312,         1,         0,   118.2,decoder_by_matrix,c8397cb2c46e4683a6f3970bc42cef1aabfef4d80cfcd6b8313e87630b680ee2,"{""distance"":3,""physical_error_rate"":0.0001}","{""detection_events"":15630,""detectors_checked"":69838848,""obs_mistake_mask=_EE_"":1}"
   1539072,         0,         0,   117.2,decoder_by_matrix,cd5aa4935a142b600239883e928f6c7fc9fbc8c84161e9ed59cf2551b7ebfc3d,"{""distance"":3,""physical_error_rate"":5e-05}","{""detection_events"":8973,""detectors_checked"":83109888}"
   2694144,         0,         0,   114.8,decoder_by_matrix,1222905ef2c3e0b3841e2be415851bad02a0949e12b9844f6b979980572eaa40,"{""distance"":3,""physical_error_rate"":5e-06}","{""detection_events"":1617,""detectors_checked"":145483776}"
   2709504,         0,         0,   113.1,decoder_by_matrix,1222905ef2c3e0b3841e2be415851bad02a0949e12b9844f6b979980572eaa40,"{""distance"":3,""physical_error_rate"":5e-06}","{""detection_events"":1689,""detectors_checked"":146313216}"
   1292288,         1,         0,   118.2,decoder_by_matrix,c8397cb2c46e4683a6f3970bc42cef1aabfef4d80cfcd6b8313e87630b680ee2,"{""distance"":3,""physical_error_rate"":0.0001}","{""detection_events"":15420,""detectors_checked"":69783552,""obs_mistake_mask=__E_"":1}"
   1555456,         0,         0,   116.3,decoder_by_matrix,cd5aa4935a142b600239883e928f6c7fc9fbc8c84161e9ed59cf2551b7ebfc3d,"{""distance"":3,""physical_error_rate"":5e-05}","{""detection_events"":8835,""detectors_checked"":83994624}"
   2711552,         0,         0,   115.2,decoder_by_matrix,1222905ef2c3e0b3841e2be415851bad02a0949e12b9844f6b979980572eaa40,"{""distance"":3,""physical_error_rate"":5e-06}","{""detection_events"":1713,""detectors_checked"":146423808}"
   1275904,         0,         0,   117.1,decoder_by_matrix,c8397cb2c46e4683a6f3970bc42cef1aabfef4d80cfcd6b8313e87630b680ee2,"{""distance"":3,""physical_error_rate"":0.0001}","{""detection_events"":15687,""detectors_checked"":68898816}"
   2393088,         0,         0,   114.5,decoder_by_matrix,73784f3389b885bc1b704dac0b44b83e08b79da81bcec9ed749229213445f550,"{""distance"":3,""physical_error_rate"":1e-05}","{""detection_events"":3108,""detectors_checked"":129226752}"
   1149952,        19,         0,   118.4,decoder_by_matrix,5dee359087c4b9ae2c20477a4d5136d2695095b0438111838e7093c679bd3c20,"{""distance"":3,""physical_error_rate"":0.0005}","{""detection_events"":69477,""detectors_checked"":62097408,""obs_mistake_mask=E___"":2,""obs_mistake_mask=_EEE"":1,""obs_mistake_mask=_EE_"":3,""obs_mistake_mask=_E_E"":1,""obs_mistake_mask=_E__"":5,""obs_mistake_mask=__E_"":2,""obs_mistake_mask=___E"":5}"
   1531904,         0,         0,   118.1,decoder_by_matrix,cd5aa4935a142b600239883e928f6c7fc9fbc8c84161e9ed59cf2551b7ebfc3d,"{""distance"":3,""physical_error_rate"":5e-05}","{""detection_events"":8667,""detectors_checked"":82722816}"
   1130496,        22,         0,   117.8,decoder_by_matrix,5dee359087c4b9ae2c20477a4d5136d2695095b0438111838e7093c679bd3c20,"{""distance"":3,""physical_error_rate"":0.0005}","{""detection_events"":67455,""detectors_checked"":61046784,""obs_mistake_mask=E___"":3,""obs_mistake_mask=_EEE"":3,""obs_mistake_mask=_EE_"":1,""obs_mistake_mask=_E_E"":5,""obs_mistake_mask=_E__"":5,""obs_mistake_mask=__EE"":2,""obs_mistake_mask=__E_"":1,""obs_mistake_mask=___E"":2}"
   2405376,         0,         0,   115.7,decoder_by_matrix,73784f3389b885bc1b704dac0b44b83e08b79da81bcec9ed749229213445f550,"{""distance"":3,""physical_error_rate"":1e-05}","{""detection_events"":2823,""detectors_checked"":129890304}"
   2388992,         0,         0,   117.6,decoder_by_matrix,73784f3389b885bc1b704dac0b44b83e08b79da81bcec9ed749229213445f550,"{""distance"":3,""physical_error_rate"":1e-05}","{""detection_events"":2955,""detectors_checked"":129005568}"
   1290240,         0,         0,   116.6,decoder_by_matrix,c8397cb2c46e4683a6f3970bc42cef1aabfef4d80cfcd6b8313e87630b680ee2,"{""distance"":3,""physical_error_rate"":0.0001}","{""detection_events"":15708,""detectors_checked"":69672960}"
   1798144,         0,         0,    84.9,decoder_by_matrix,73784f3389b885bc1b704dac0b44b83e08b79da81bcec9ed749229213445f550,"{""distance"":3,""physical_error_rate"":1e-05}","{""detection_events"":1992,""detectors_checked"":97099776}"
    838656,         9,         0,    87.3,decoder_by_matrix,5dee359087c4b9ae2c20477a4d5136d2695095b0438111838e7093c679bd3c20,"{""distance"":3,""physical_error_rate"":0.0005}","{""detection_events"":50085,""detectors_checked"":45287424,""obs_mistake_mask=E___"":2,""obs_mistake_mask=_E_E"":2,""obs_mistake_mask=_E__"":1,""obs_mistake_mask=__EE"":2,""obs_mistake_mask=__E_"":1,""obs_mistake_mask=___E"":1}"
   2022400,         0,         0,    81.6,decoder_by_matrix,1222905ef2c3e0b3841e2be415851bad02a0949e12b9844f6b979980572eaa40,"{""distance"":3,""physical_error_rate"":5e-06}","{""detection_events"":1107,""detectors_checked"":109209600}"
   1973248,         0,         0,    85.0,decoder_by_matrix,1222905ef2c3e0b3841e2be415851bad02a0949e12b9844f6b979980572eaa40,"{""distance"":3,""physical_error_rate"":5e-06}","{""detection_events"":1308,""detectors_checked"":106555392}"
   1102848,         0,         0,    84.9,decoder_by_matrix,cd5aa4935a142b600239883e928f6c7fc9fbc8c84161e9ed59cf2551b7ebfc3d,"{""distance"":3,""physical_error_rate"":5e-05}","{""detection_events"":6609,""detectors_checked"":59553792}"
   1770496,         0,         0,    84.7,decoder_by_matrix,73784f3389b885bc1b704dac0b44b83e08b79da81bcec9ed749229213445f550,"{""distance"":3,""physical_error_rate"":1e-05}","{""detection_events"":2034,""detectors_checked"":95606784}"
    839680,        10,         0,    86.9,decoder_by_matrix,5dee359087c4b9ae2c20477a4d5136d2695095b0438111838e7093c679bd3c20,"{""distance"":3,""physical_error_rate"":0.0005}","{""detection_events"":50682,""detectors_checked"":45342720,""obs_mistake_mask=E___"":2,""obs_mistake_mask=_EEE"":1,""obs_mistake_mask=_EE_"":2,""obs_mistake_mask=_E__"":1,""obs_mistake_mask=__EE"":1,""obs_mistake_mask=__E_"":3}"
    940032,         1,         0,    85.9,decoder_by_matrix,c8397cb2c46e4683a6f3970bc42cef1aabfef4d80cfcd6b8313e87630b680ee2,"{""distance"":3,""physical_error_rate"":0.0001}","{""detection_events"":11103,""detectors_checked"":50761728,""obs_mistake_mask=___E"":1}"
   1111040,         1,         0,    86.6,decoder_by_matrix,cd5aa4935a142b600239883e928f6c7fc9fbc8c84161e9ed59cf2551b7ebfc3d,"{""distance"":3,""physical_error_rate"":5e-05}","{""detection_events"":6726,""detectors_checked"":59996160,""obs_mistake_mask=_EEE"":1}"
    951296,         0,         0,    87.1,decoder_by_matrix,c8397cb2c46e4683a6f3970bc42cef1aabfef4d80cfcd6b8313e87630b680ee2,"{""distance"":3,""physical_error_rate"":0.0001}","{""detection_events"":11337,""detectors_checked"":51369984}"
   1539072,         0,         0,   116.3,decoder_by_matrix,cd5aa4935a142b600239883e928f6c7fc9fbc8c84161e9ed59cf2551b7ebfc3d,"{""distance"":3,""physical_error_rate"":5e-05}","{""detection_events"":9243,""detectors_checked"":83109888}"
   1150976,        23,         0,   117.6,decoder_by_matrix,5dee359087c4b9ae2c20477a4d5136d2695095b0438111838e7093c679bd3c20,"{""distance"":3,""physical_error_rate"":0.0005}","{""detection_events"":68634,""detectors_checked"":62152704,""obs_mistake_mask=E___"":2,""obs_mistake_mask=_EEE"":2,""obs_mistake_mask=_EE_"":3,""obs_mistake_mask=_E_E"":4,""obs_mistake_mask=_E__"":4,""obs_mistake_mask=__E_"":3,""obs_mistake_mask=___E"":5}"
   2731008,         0,         0,   114.9,decoder_by_matrix,1222905ef2c3e0b3841e2be415851bad02a0949e12b9844f6b979980572eaa40,"{""distance"":3,""physical_error_rate"":5e-06}","{""detection_events"":1554,""detectors_checked"":147474432}"
   1273856,         0,         0,   117.7,decoder_by_matrix,c8397cb2c46e4683a6f3970bc42cef1aabfef4d80cfcd6b8313e87630b680ee2,"{""distance"":3,""physical_error_rate"":0.0001}","{""detection_events"":15048,""detectors_checked"":68788224}"
   2411520,         0,         0,   116.4,decoder_by_matrix,73784f3389b885bc1b704dac0b44b83e08b79da81bcec9ed749229213445f550,"{""distance"":3,""physical_error_rate"":1e-05}","{""detection_events"":2880,""detectors_checked"":130222080}"
   2238774,         0,         0,    93.4,decoder_by_matrix,1222905ef2c3e0b3841e2be415851bad02a0949e12b9844f6b979980572eaa40,"{""distance"":3,""physical_error_rate"":5e-06}","{""detection_events"":1311,""detectors_checked"":120893796}"
   2408448,         0,         0,   116.7,decoder_by_matrix,73784f3389b885bc1b704dac0b44b83e08b79da81bcec9ed749229213445f550,"{""distance"":3,""physical_error_rate"":1e-05}","{""detection_events"":2961,""detectors_checked"":130056192}"
   1287168,         2,         0,   117.8,decoder_by_matrix,c8397cb2c46e4683a6f3970bc42cef1aabfef4d80cfcd6b8313e87630b680ee2,"{""distance"":3,""physical_error_rate"":0.0001}","{""detection_events"":15291,""detectors_checked"":69507072,""obs_mistake_mask=E___"":1,""obs_mistake_mask=__EE"":1}"
   2414592,         0,         0,   115.6,decoder_by_matrix,73784f3389b885bc1b704dac0b44b83e08b79da81bcec9ed749229213445f550,"{""distance"":3,""physical_error_rate"":1e-05}","{""detection_events"":2901,""detectors_checked"":130387968}"
   1137664,        27,         0,   117.5,decoder_by_matrix,5dee359087c4b9ae2c20477a4d5136d2695095b0438111838e7093c679bd3c20,"{""distance"":3,""physical_error_rate"":0.0005}","{""detection_events"":68271,""detectors_checked"":61433856,""obs_mistake_mask=E___"":1,""obs_mistake_mask=_EE_"":1,""obs_mistake_mask=_E_E"":2,""obs_mistake_mask=_E__"":6,""obs_mistake_mask=__EE"":3,""obs_mistake_mask=__E_"":7,""obs_mistake_mask=___E"":7}"
   1533952,         0,         0,   117.0,decoder_by_matrix,cd5aa4935a142b600239883e928f6c7fc9fbc8c84161e9ed59cf2551b7ebfc3d,"{""distance"":3,""physical_error_rate"":5e-05}","{""detection_events"":9240,""detectors_checked"":82833408}"
   1526784,         1,         0,   117.3,decoder_by_matrix,cd5aa4935a142b600239883e928f6c7fc9fbc8c84161e9ed59cf2551b7ebfc3d,"{""distance"":3,""physical_error_rate"":5e-05}","{""detection_events"":8796,""detectors_checked"":82446336,""obs_mistake_mask=_EEE"":1}"
   1147904,        18,         0,   117.5,decoder_by_matrix,5dee359087c4b9ae2c20477a4d5136d2695095b0438111838e7093c679bd3c20,"{""distance"":3,""physical_error_rate"":0.0005}","{""detection_events"":67215,""detectors_checked"":61986816,""obs_mistake_mask=E___"":2,""obs_mistake_mask=_EEE"":2,""obs_mistake_mask=_EE_"":2,""obs_mistake_mask=_E_E"":4,""obs_mistake_mask=_E__"":1,""obs_mistake_mask=__EE"":3,""obs_mistake_mask=__E_"":2,""obs_mistake_mask=___E"":2}"
   1285120,         0,         0,   116.4,decoder_by_matrix,c8397cb2c46e4683a6f3970bc42cef1aabfef4d80cfcd6b8313e87630b680ee2,"{""distance"":3,""physical_error_rate"":0.0001}","{""detection_events"":15642,""detectors_checked"":69396480}"
   2244160,         0,         0,    92.5,decoder_by_matrix,1222905ef2c3e0b3841e2be415851bad02a0949e12b9844f6b979980572eaa40,"{""distance"":3,""physical_error_rate"":5e-06}","{""detection_events"":1068,""detectors_checked"":121184640}"
   2204672,         0,         0,    95.5,decoder_by_matrix,1222905ef2c3e0b3841e2be415851bad02a0949e12b9844f6b979980572eaa40,"{""distance"":3,""physical_error_rate"":5e-06}","{""detection_events"":1425,""detectors_checked"":119052288}"
   2114560,         0,         0,    88.9,decoder_by_matrix,1222905ef2c3e0b3841e2be415851bad02a0949e12b9844f6b979980572eaa40,"{""distance"":3,""physical_error_rate"":5e-06}","{""detection_events"":1164,""detectors_checked"":114186240}"
   2132992,         0,         0,    91.7,decoder_by_matrix,1222905ef2c3e0b3841e2be415851bad02a0949e12b9844f6b979980572eaa40,"{""distance"":3,""physical_error_rate"":5e-06}","{""detection_events"":1299,""detectors_checked"":115181568}"
   2128896,         0,         0,    91.9,decoder_by_matrix,1222905ef2c3e0b3841e2be415851bad02a0949e12b9844f6b979980572eaa40,"{""distance"":3,""physical_error_rate"":5e-06}","{""detection_events"":1203,""detectors_checked"":114960384}"
   2159616,         0,         0,    91.6,decoder_by_matrix,1222905ef2c3e0b3841e2be415851bad02a0949e12b9844f6b979980572eaa40,"{""distance"":3,""physical_error_rate"":5e-06}","{""detection_events"":1296,""detectors_checked"":116619264}"
   2109440,         0,         0,    87.4,decoder_by_matrix,1222905ef2c3e0b3841e2be415851bad02a0949e12b9844f6b979980572eaa40,"{""distance"":3,""physical_error_rate"":5e-06}","{""detection_events"":1281,""detectors_checked"":113909760}"
   2063360,         0,         0,    86.4,decoder_by_matrix,1222905ef2c3e0b3841e2be415851bad02a0949e12b9844f6b979980572eaa40,"{""distance"":3,""physical_error_rate"":5e-06}","{""detection_events"":1407,""detectors_checked"":111421440}"
    115268,         0,         0,    5.00,decoder_by_matrix,1222905ef2c3e0b3841e2be415851bad02a0949e12b9844f6b979980572eaa40,"{""distance"":3,""physical_error_rate"":5e-06}","{""detection_events"":105,""detectors_checked"":6224472}"
   1801216,         0,         0,    75.5,decoder_by_matrix,1222905ef2c3e0b3841e2be415851bad02a0949e12b9844f6b979980572eaa40,"{""distance"":3,""physical_error_rate"":5e-06}","{""detection_events"":1056,""detectors_checked"":97265664}"
   1482752,         0,         0,    63.4,decoder_by_matrix,1222905ef2c3e0b3841e2be415851bad02a0949e12b9844f6b979980572eaa40,"{""distance"":3,""physical_error_rate"":5e-06}","{""detection_events"":975,""detectors_checked"":80068608}"
   1811456,         0,         0,    75.7,decoder_by_matrix,1222905ef2c3e0b3841e2be415851bad02a0949e12b9844f6b979980572eaa40,"{""distance"":3,""physical_error_rate"":5e-06}","{""detection_events"":1017,""detectors_checked"":97818624}"
   1137664,         0,         0,    48.3,decoder_by_matrix,1222905ef2c3e0b3841e2be415851bad02a0949e12b9844f6b979980572eaa40,"{""distance"":3,""physical_error_rate"":5e-06}","{""detection_events"":750,""detectors_checked"":61433856}"
    187013,         0,         0,    8.22,decoder_by_matrix,1222905ef2c3e0b3841e2be415851bad02a0949e12b9844f6b979980572eaa40,"{""distance"":3,""physical_error_rate"":5e-06}","{""detection_events"":96,""detectors_checked"":10098702}"
    269742,         0,         0,    11.7,decoder_by_matrix,1222905ef2c3e0b3841e2be415851bad02a0949e12b9844f6b979980572eaa40,"{""distance"":3,""physical_error_rate"":5e-06}","{""detection_events"":126,""detectors_checked"":14566068}"
    262144,         0,         0,    11.4,decoder_by_matrix,1222905ef2c3e0b3841e2be415851bad02a0949e12b9844f6b979980572eaa40,"{""distance"":3,""physical_error_rate"":5e-06}","{""detection_events"":159,""detectors_checked"":14155776}"
    258048,         0,         0,    11.1,decoder_by_matrix,1222905ef2c3e0b3841e2be415851bad02a0949e12b9844f6b979980572eaa40,"{""distance"":3,""physical_error_rate"":5e-06}","{""detection_events"":150,""detectors_checked"":13934592}"
    262144,         0,         0,    10.6,decoder_by_matrix,1222905ef2c3e0b3841e2be415851bad02a0949e12b9844f6b979980572eaa40,"{""distance"":3,""physical_error_rate"":5e-06}","{""detection_events"":198,""detectors_checked"":14155776}"
    263168,         0,         0,    11.1,decoder_by_matrix,1222905ef2c3e0b3841e2be415851bad02a0949e12b9844f6b979980572eaa40,"{""distance"":3,""physical_error_rate"":5e-06}","{""detection_events"":189,""detectors_checked"":14211072}"
    256000,         0,         0,    11.9,decoder_by_matrix,1222905ef2c3e0b3841e2be415851bad02a0949e12b9844f6b979980572eaa40,"{""distance"":3,""physical_error_rate"":5e-06}","{""detection_events"":207,""detectors_checked"":13824000}"
      6574,         0,         0,   0.243,decoder_by_matrix,1222905ef2c3e0b3841e2be415851bad02a0949e12b9844f6b979980572eaa40,"{""distance"":3,""physical_error_rate"":5e-06}","{""detectors_checked"":354996}"
    158720,         0,         0,    6.10,decoder_by_matrix,1222905ef2c3e0b3841e2be415851bad02a0949e12b9844f6b979980572eaa40,"{""distance"":3,""physical_error_rate"":5e-06}","{""detection_events"":75,""detectors_checked"":8570880}"
    154624,         0,         0,    6.78,decoder_by_matrix,1222905ef2c3e0b3841e2be415851bad02a0949e12b9844f6b979980572eaa40,"{""distance"":3,""physical_error_rate"":5e-06}","{""detection_events"":90,""detectors_checked"":8349696}"
    160768,         0,         0,    6.79,decoder_by_matrix,1222905ef2c3e0b3841e2be415851bad02a0949e12b9844f6b979980572eaa40,"{""distance"":3,""physical_error_rate"":5e-06}","{""detection_events"":51,""detectors_checked"":8681472}"
    151552,         0,         0,    6.54,decoder_by_matrix,1222905ef2c3e0b3841e2be415851bad02a0949e12b9844f6b979980572eaa40,"{""distance"":3,""physical_error_rate"":5e-06}","{""detection_events"":81,""detectors_checked"":8183808}"
    156672,         0,         0,    6.30,decoder_by_matrix,1222905ef2c3e0b3841e2be415851bad02a0949e12b9844f6b979980572eaa40,"{""distance"":3,""physical_error_rate"":5e-06}","{""detection_events"":90,""detectors_checked"":8460288}"
     13742,         0,         0,   0.245,decoder_by_matrix,1222905ef2c3e0b3841e2be415851bad02a0949e12b9844f6b979980572eaa40,"{""distance"":3,""physical_error_rate"":5e-06}","{""detection_events"":6,""detectors_checked"":742068}"
     34172,         0,         0,    1.42,decoder_by_matrix,1222905ef2c3e0b3841e2be415851bad02a0949e12b9844f6b979980572eaa40,"{""distance"":3,""physical_error_rate"":5e-06}","{""detection_events"":15,""detectors_checked"":1845288}"
    117760,         0,         0,    5.12,decoder_by_matrix,1222905ef2c3e0b3841e2be415851bad02a0949e12b9844f6b979980572eaa40,"{""distance"":3,""physical_error_rate"":5e-06}","{""detection_events"":75,""detectors_checked"":6359040}"
     19853,         0,         0,   0.828,decoder_by_matrix,1222905ef2c3e0b3841e2be415851bad02a0949e12b9844f6b979980572eaa40,"{""distance"":3,""physical_error_rate"":5e-06}","{""detection_events"":12,""detectors_checked"":1072062}"
     44956,         0,         0,    1.78,decoder_by_matrix,1222905ef2c3e0b3841e2be415851bad02a0949e12b9844f6b979980572eaa40,"{""distance"":3,""physical_error_rate"":5e-06}","{""detection_events"":18,""detectors_checked"":2427624}"
     52549,         0,         0,    2.06,decoder_by_matrix,1222905ef2c3e0b3841e2be415851bad02a0949e12b9844f6b979980572eaa40,"{""distance"":3,""physical_error_rate"":5e-06}","{""detection_events"":24,""detectors_checked"":2837646}"
     47606,         0,         0,    2.00,decoder_by_matrix,1222905ef2c3e0b3841e2be415851bad02a0949e12b9844f6b979980572eaa40,"{""distance"":3,""physical_error_rate"":5e-06}","{""detection_events"":30,""detectors_checked"":2570724}"
      4379,         0,         0,   0.004,decoder_by_matrix,1222905ef2c3e0b3841e2be415851bad02a0949e12b9844f6b979980572eaa40,"{""distance"":3,""physical_error_rate"":5e-06}","{""detection_events"":3,""detectors_checked"":236466}"
     49476,         0,         0,    1.72,decoder_by_matrix,1222905ef2c3e0b3841e2be415851bad02a0949e12b9844f6b979980572eaa40,"{""distance"":3,""physical_error_rate"":5e-06}","{""detection_events"":21,""detectors_checked"":2671704}"
     44032,         0,         0,    1.69,decoder_by_matrix,1222905ef2c3e0b3841e2be415851bad02a0949e12b9844f6b979980572eaa40,"{""distance"":3,""physical_error_rate"":5e-06}","{""detection_events"":15,""detectors_checked"":2377728}"
     41021,         0,         0,    1.72,decoder_by_matrix,1222905ef2c3e0b3841e2be415851bad02a0949e12b9844f6b979980572eaa40,"{""distance"":3,""physical_error_rate"":5e-06}","{""detection_events"":21,""detectors_checked"":2215134}"
     49152,         0,         0,    1.81,decoder_by_matrix,1222905ef2c3e0b3841e2be415851bad02a0949e12b9844f6b979980572eaa40,"{""distance"":3,""physical_error_rate"":5e-06}","{""detection_events"":15,""detectors_checked"":2654208}"
     48128,         0,         0,    1.63,decoder_by_matrix,1222905ef2c3e0b3841e2be415851bad02a0949e12b9844f6b979980572eaa40,"{""distance"":3,""physical_error_rate"":5e-06}","{""detection_events"":12,""detectors_checked"":2598912}"
      4488,         0,         0,   0.003,decoder_by_matrix,1222905ef2c3e0b3841e2be415851bad02a0949e12b9844f6b979980572eaa40,"{""distance"":3,""physical_error_rate"":5e-06}","{""detectors_checked"":242352}"
      4812,         0,         0,   0.003,decoder_by_matrix,1222905ef2c3e0b3841e2be415851bad02a0949e12b9844f6b979980572eaa40,"{""distance"":3,""physical_error_rate"":5e-06}","{""detectors_checked"":259848}"
      1348,         0,         0,   0.001,decoder_by_matrix,1222905ef2c3e0b3841e2be415851bad02a0949e12b9844f6b979980572eaa40,"{""distance"":3,""physical_error_rate"":5e-06}","{""detectors_checked"":72792}"
     47104,         0,         0,    1.92,decoder_by_matrix,1222905ef2c3e0b3841e2be415851bad02a0949e12b9844f6b979980572eaa40,"{""distance"":3,""physical_error_rate"":5e-06}","{""detection_events"":21,""detectors_checked"":2543616}"
     25453,         0,         0,   0.977,decoder_by_matrix,1222905ef2c3e0b3841e2be415851bad02a0949e12b9844f6b979980572eaa40,"{""distance"":3,""physical_error_rate"":5e-06}","{""detection_events"":15,""detectors_checked"":1374462}"
     27648,         0,         0,    1.25,decoder_by_matrix,1222905ef2c3e0b3841e2be415851bad02a0949e12b9844f6b979980572eaa40,"{""distance"":3,""physical_error_rate"":5e-06}","{""detection_events"":21,""detectors_checked"":1492992}"
      2372,         0,         0,   0.002,decoder_by_matrix,1222905ef2c3e0b3841e2be415851bad02a0949e12b9844f6b979980572eaa40,"{""distance"":3,""physical_error_rate"":5e-06}","{""detection_events"":6,""detectors_checked"":128088}"
      1203,         0,         0,   0.001,decoder_by_matrix,1222905ef2c3e0b3841e2be415851bad02a0949e12b9844f6b979980572eaa40,"{""distance"":3,""physical_error_rate"":5e-06}","{""detectors_checked"":64962}"
     23552,         0,         0,   0.771,decoder_by_matrix,1222905ef2c3e0b3841e2be415851bad02a0949e12b9844f6b979980572eaa40,"{""distance"":3,""physical_error_rate"":5e-06}","{""detection_events"":21,""detectors_checked"":1271808}"
     24576,         0,         0,    1.18,decoder_by_matrix,1222905ef2c3e0b3841e2be415851bad02a0949e12b9844f6b979980572eaa40,"{""distance"":3,""physical_error_rate"":5e-06}","{""detection_events"":36,""detectors_checked"":1327104}"
     18893,         0,         0,   0.497,decoder_by_matrix,1222905ef2c3e0b3841e2be415851bad02a0949e12b9844f6b979980572eaa40,"{""distance"":3,""physical_error_rate"":5e-06}","{""detectors_checked"":1020222}"
      8455,         0,         0,   0.151,decoder_by_matrix,1222905ef2c3e0b3841e2be415851bad02a0949e12b9844f6b979980572eaa40,"{""distance"":3,""physical_error_rate"":5e-06}","{""detectors_checked"":456570}"
     16391,         0,         0,   0.474,decoder_by_matrix,1222905ef2c3e0b3841e2be415851bad02a0949e12b9844f6b979980572eaa40,"{""distance"":3,""physical_error_rate"":5e-06}","{""detection_events"":15,""detectors_checked"":885114}"
      7087,         0,         0,   0.171,decoder_by_matrix,1222905ef2c3e0b3841e2be415851bad02a0949e12b9844f6b979980572eaa40,"{""distance"":3,""physical_error_rate"":5e-06}","{""detectors_checked"":382698}"
      8455,         0,         0,   0.405,decoder_by_matrix,1222905ef2c3e0b3841e2be415851bad02a0949e12b9844f6b979980572eaa40,"{""distance"":3,""physical_error_rate"":5e-06}","{""detection_events"":15,""detectors_checked"":456570}"
       870,         0,         0,   0.001,decoder_by_matrix,1222905ef2c3e0b3841e2be415851bad02a0949e12b9844f6b979980572eaa40,"{""distance"":3,""physical_error_rate"":5e-06}","{""detectors_checked"":46980}"
      3140,         0,         0,   0.002,decoder_by_matrix,1222905ef2c3e0b3841e2be415851bad02a0949e12b9844f6b979980572eaa40,"{""distance"":3,""physical_error_rate"":5e-06}","{""detectors_checked"":169560}"
      2048,         0,         0,   0.001,decoder_by_matrix,1222905ef2c3e0b3841e2be415851bad02a0949e12b9844f6b979980572eaa40,"{""distance"":3,""physical_error_rate"":5e-06}","{""detectors_checked"":110592}"
       722,         0,         0,   0.001,decoder_by_matrix,1222905ef2c3e0b3841e2be415851bad02a0949e12b9844f6b979980572eaa40,"{""distance"":3,""physical_error_rate"":5e-06}","{""detectors_checked"":38988}"
     12281,         0,         0,   0.445,decoder_by_matrix,1222905ef2c3e0b3841e2be415851bad02a0949e12b9844f6b979980572eaa40,"{""distance"":3,""physical_error_rate"":5e-06}","{""detection_events"":18,""detectors_checked"":663174}"
      7268,         0,         0,   0.166,decoder_by_matrix,1222905ef2c3e0b3841e2be415851bad02a0949e12b9844f6b979980572eaa40,"{""distance"":3,""physical_error_rate"":5e-06}","{""detectors_checked"":392472}"
      7268,         0,         0,   0.164,decoder_by_matrix,1222905ef2c3e0b3841e2be415851bad02a0949e12b9844f6b979980572eaa40,"{""distance"":3,""physical_error_rate"":5e-06}","{""detection_events"":9,""detectors_checked"":392472}"
     14329,         0,         0,   0.428,decoder_by_matrix,1222905ef2c3e0b3841e2be415851bad02a0949e12b9844f6b979980572eaa40,"{""distance"":3,""physical_error_rate"":5e-06}","{""detection_events"":15,""detectors_checked"":773766}"
      1366,         0,         0,   0.002,decoder_by_matrix,1222905ef2c3e0b3841e2be415851bad02a0949e12b9844f6b979980572eaa40,"{""distance"":3,""physical_error_rate"":5e-06}","{""detection_events"":3,""detectors_checked"":73764}"
       201,         0,         0,   0.000,decoder_by_matrix,1222905ef2c3e0b3841e2be415851bad02a0949e12b9844f6b979980572eaa40,"{""distance"":3,""physical_error_rate"":5e-06}","{""detectors_checked"":10854}"
        72,         0,         0,   0.000,decoder_by_matrix,1222905ef2c3e0b3841e2be415851bad02a0949e12b9844f6b979980572eaa40,"{""distance"":3,""physical_error_rate"":5e-06}","{""detectors_checked"":3888}"
      1092,         0,         0,   0.001,decoder_by_matrix,1222905ef2c3e0b3841e2be415851bad02a0949e12b9844f6b979980572eaa40,"{""distance"":3,""physical_error_rate"":5e-06}","{""detectors_checked"":58968}"
      1618,         0,         0,   0.001,decoder_by_matrix,1222905ef2c3e0b3841e2be415851bad02a0949e12b9844f6b979980572eaa40,"{""distance"":3,""physical_error_rate"":5e-06}","{""detectors_checked"":87372}"
      4541,         0,         0,   0.215,decoder_by_matrix,1222905ef2c3e0b3841e2be415851bad02a0949e12b9844f6b979980572eaa40,"{""distance"":3,""physical_error_rate"":5e-06}","{""detection_events"":9,""detectors_checked"":245214}"
      1368,         0,         0,   0.001,decoder_by_matrix,1222905ef2c3e0b3841e2be415851bad02a0949e12b9844f6b979980572eaa40,"{""distance"":3,""physical_error_rate"":5e-06}","{""detectors_checked"":73872}"
      6144,         0,         0,   0.246,decoder_by_matrix,1222905ef2c3e0b3841e2be415851bad02a0949e12b9844f6b979980572eaa40,"{""distance"":3,""physical_error_rate"":5e-06}","{""detection_events"":6,""detectors_checked"":331776}"
      1239,         0,         0,   0.001,decoder_by_matrix,1222905ef2c3e0b3841e2be415851bad02a0949e12b9844f6b979980572eaa40,"{""distance"":3,""physical_error_rate"":5e-06}","{""detectors_checked"":66906}"
     12281,         0,         0,   0.493,decoder_by_matrix,1222905ef2c3e0b3841e2be415851bad02a0949e12b9844f6b979980572eaa40,"{""distance"":3,""physical_error_rate"":5e-06}","{""detection_events"":21,""detectors_checked"":663174}"
       400,         0,         0,   0.000,decoder_by_matrix,1222905ef2c3e0b3841e2be415851bad02a0949e12b9844f6b979980572eaa40,"{""distance"":3,""physical_error_rate"":5e-06}","{""detectors_checked"":21600}"
       853,         0,         0,   0.001,decoder_by_matrix,1222905ef2c3e0b3841e2be415851bad02a0949e12b9844f6b979980572eaa40,"{""distance"":3,""physical_error_rate"":5e-06}","{""detectors_checked"":46062}"
      7168,         0,         0,   0.276,decoder_by_matrix,1222905ef2c3e0b3841e2be415851bad02a0949e12b9844f6b979980572eaa40,"{""distance"":3,""physical_error_rate"":5e-06}","{""detectors_checked"":387072}"
       151,         0,         0,   0.000,decoder_by_matrix,1222905ef2c3e0b3841e2be415851bad02a0949e12b9844f6b979980572eaa40,"{""distance"":3,""physical_error_rate"":5e-06}","{""detectors_checked"":8154}"
       139,         0,         0,   0.000,decoder_by_matrix,1222905ef2c3e0b3841e2be415851bad02a0949e12b9844f6b979980572eaa40,"{""distance"":3,""physical_error_rate"":5e-06}","{""detectors_checked"":7506}"
       151,         0,         0,   0.000,decoder_by_matrix,1222905ef2c3e0b3841e2be415851bad02a0949e12b9844f6b979980572eaa40,"{""distance"":3,""physical_error_rate"":5e-06}","{""detectors_checked"":8154}"
       139,         0,         0,   0.000,decoder_by_matrix,1222905ef2c3e0b3841e2be415851bad02a0949e12b9844f6b979980572eaa40,"{""distance"":3,""physical_error_rate"":5e-06}","{""detectors_checked"":7506}"
       139,         0,         0,   0.000,decoder_by_matrix,1222905ef2c3e0b3841e2be415851bad02a0949e12b9844f6b979980572eaa40,"{""distance"":3,""physical_error_rate"":5e-06}","{""detectors_checked"":7506}"
       139,         0,         0,   0.000,decoder_by_matrix,1222905ef2c3e0b3841e2be415851bad02a0949e12b9844f6b979980572eaa40,"{""distance"":3,""physical_error_rate"":5e-06}","{""detectors_checked"":7506}"
       139,         0,         0,   0.000,decoder_by_matrix,1222905ef2c3e0b3841e2be415851bad02a0949e12b9844f6b979980572eaa40,"{""distance"":3,""physical_error_rate"":5e-06}","{""detectors_checked"":7506}"
       139,         0,         0,   0.000,decoder_by_matrix,1222905ef2c3e0b3841e2be415851bad02a0949e12b9844f6b979980572eaa40,"{""distance"":3,""physical_error_rate"":5e-06}","{""detectors_checked"":7506}"
       151,         0,         0,   0.000,decoder_by_matrix,1222905ef2c3e0b3841e2be415851bad02a0949e12b9844f6b979980572eaa40,"{""distance"":3,""physical_error_rate"":5e-06}","{""detectors_checked"":8154}"
       109,         0,         0,   0.000,decoder_by_matrix,1222905ef2c3e0b3841e2be415851bad02a0949e12b9844f6b979980572eaa40,"{""distance"":3,""physical_error_rate"":5e-06}","{""detectors_checked"":5886}"
       139,         0,         0,   0.000,decoder_by_matrix,1222905ef2c3e0b3841e2be415851bad02a0949e12b9844f6b979980572eaa40,"{""distance"":3,""physical_error_rate"":5e-06}","{""detectors_checked"":7506}"
        57,         0,         0,   0.000,decoder_by_matrix,1222905ef2c3e0b3841e2be415851bad02a0949e12b9844f6b979980572eaa40,"{""distance"":3,""physical_error_rate"":5e-06}","{""detectors_checked"":3078}"
        12,         0,         0,   0.000,decoder_by_matrix,1222905ef2c3e0b3841e2be415851bad02a0949e12b9844f6b979980572eaa40,"{""distance"":3,""physical_error_rate"":5e-06}","{""detectors_checked"":648}"
        12,         0,         0,   0.000,decoder_by_matrix,1222905ef2c3e0b3841e2be415851bad02a0949e12b9844f6b979980572eaa40,"{""distance"":3,""physical_error_rate"":5e-06}","{""detectors_checked"":648}"
       115,         0,         0,   0.000,decoder_by_matrix,1222905ef2c3e0b3841e2be415851bad02a0949e12b9844f6b979980572eaa40,"{""distance"":3,""physical_error_rate"":5e-06}","{""detectors_checked"":6210}"
        12,         0,         0,   0.000,decoder_by_matrix,1222905ef2c3e0b3841e2be415851bad02a0949e12b9844f6b979980572eaa40,"{""distance"":3,""physical_error_rate"":5e-06}","{""detectors_checked"":648}"
        12,         0,         0,   0.000,decoder_by_matrix,1222905ef2c3e0b3841e2be415851bad02a0949e12b9844f6b979980572eaa40,"{""distance"":3,""physical_error_rate"":5e-06}","{""detectors_checked"":648}"
        12,         0,         0,   0.000,decoder_by_matrix,1222905ef2c3e0b3841e2be415851bad02a0949e12b9844f6b979980572eaa40,"{""distance"":3,""physical_error_rate"":5e-06}","{""detectors_checked"":648}"
         8,         0,         0,   0.000,decoder_by_matrix,1222905ef2c3e0b3841e2be415851bad02a0949e12b9844f6b979980572eaa40,"{""distance"":3,""physical_error_rate"":5e-06}","{""detectors_checked"":432}"
        12,         0,         0,   0.000,decoder_by_matrix,1222905ef2c3e0b3841e2be415851bad02a0949e12b9844f6b979980572eaa40,"{""distance"":3,""physical_error_rate"":5e-06}","{""detectors_checked"":648}"
        12,         0,         0,   0.000,decoder_by_matrix,1222905ef2c3e0b3841e2be415851bad02a0949e12b9844f6b979980572eaa40,"{""distance"":3,""physical_error_rate"":5e-06}","{""detectors_checked"":648}"
         7,         0,         0,   0.000,decoder_by_matrix,1222905ef2c3e0b3841e2be415851bad02a0949e12b9844f6b979980572eaa40,"{""distance"":3,""physical_error_rate"":5e-06}","{""detectors_checked"":378}"
         1,         0,         0,   0.000,decoder_by_matrix,1222905ef2c3e0b3841e2be415851bad02a0949e12b9844f6b979980572eaa40,"{""distance"":3,""physical_error_rate"":5e-06}","{""detectors_checked"":54}"
         1,         0,         0,   0.000,decoder_by_matrix,1222905ef2c3e0b3841e2be415851bad02a0949e12b9844f6b979980572eaa40,"{""distance"":3,""physical_error_rate"":5e-06}","{""detectors_checked"":54}"
         1,         0,         0,   0.000,decoder_by_matrix,1222905ef2c3e0b3841e2be415851bad02a0949e12b9844f6b979980572eaa40,"{""distance"":3,""physical_error_rate"":5e-06}","{""detectors_checked"":54}"
         1,         0,         0,   0.000,decoder_by_matrix,1222905ef2c3e0b3841e2be415851bad02a0949e12b9844f6b979980572eaa40,"{""distance"":3,""physical_error_rate"":5e-06}","{""detectors_checked"":54}"
         1,         0,         0,   0.000,decoder_by_matrix,1222905ef2c3e0b3841e2be415851bad02a0949e12b9844f6b979980572eaa40,"{""distance"":3,""physical_error_rate"":5e-06}","{""detectors_checked"":54}"
         1,         0,         0,   0.000,decoder_by_matrix,73784f3389b885bc1b704dac0b44b83e08b79da81bcec9ed749229213445f550,"{""distance"":3,""physical_error_rate"":1e-05}","{""detectors_checked"":54}"
         1,         0,         0,   0.000,decoder_by_matrix,c8397cb2c46e4683a6f3970bc42cef1aabfef4d80cfcd6b8313e87630b680ee2,"{""distance"":3,""physical_error_rate"":0.0001}","{""detectors_checked"":54}"
      7440,         0,         0,   0.014,decoder_by_matrix,73784f3389b885bc1b704dac0b44b83e08b79da81bcec9ed749229213445f550,"{""distance"":3,""physical_error_rate"":1e-05}","{""detection_events"":6,""detectors_checked"":401760}"
      6416,         0,         0,   0.014,decoder_by_matrix,c8397cb2c46e4683a6f3970bc42cef1aabfef4d80cfcd6b8313e87630b680ee2,"{""distance"":3,""physical_error_rate"":0.0001}","{""detection_events"":114,""detectors_checked"":346464}"
      2048,         0,         0,   0.104,decoder_by_matrix,c8397cb2c46e4683a6f3970bc42cef1aabfef4d80cfcd6b8313e87630b680ee2,"{""distance"":3,""physical_error_rate"":0.0001}","{""detection_events"":54,""detectors_checked"":110592}"
      6144,         0,         0,   0.136,decoder_by_matrix,73784f3389b885bc1b704dac0b44b83e08b79da81bcec9ed749229213445f550,"{""distance"":3,""physical_error_rate"":1e-05}","{""detection_events"":3,""detectors_checked"":331776}"
         1,         0,         0,   0.000,decoder_by_matrix,5dee359087c4b9ae2c20477a4d5136d2695095b0438111838e7093c679bd3c20,"{""distance"":3,""physical_error_rate"":0.0005}","{""detectors_checked"":54}"
         1,         0,         0,   0.000,decoder_by_matrix,c8397cb2c46e4683a6f3970bc42cef1aabfef4d80cfcd6b8313e87630b680ee2,"{""distance"":3,""physical_error_rate"":0.0001}","{""detectors_checked"":54}"
         1,         0,         0,   0.000,decoder_by_matrix,73784f3389b885bc1b704dac0b44b83e08b79da81bcec9ed749229213445f550,"{""distance"":3,""physical_error_rate"":1e-05}","{""detectors_checked"":54}"
         1,         0,         0,   0.000,decoder_by_matrix,cd5aa4935a142b600239883e928f6c7fc9fbc8c84161e9ed59cf2551b7ebfc3d,"{""distance"":3,""physical_error_rate"":5e-05}","{""detectors_checked"":54}"
         1,         0,         0,   0.000,decoder_by_matrix,c8397cb2c46e4683a6f3970bc42cef1aabfef4d80cfcd6b8313e87630b680ee2,"{""distance"":3,""physical_error_rate"":0.0001}","{""detectors_checked"":54}"
         1,         0,         0,   0.000,decoder_by_matrix,5dee359087c4b9ae2c20477a4d5136d2695095b0438111838e7093c679bd3c20,"{""distance"":3,""physical_error_rate"":0.0005}","{""detectors_checked"":54}"
         1,         0,         0,   0.000,decoder_by_matrix,73784f3389b885bc1b704dac0b44b83e08b79da81bcec9ed749229213445f550,"{""distance"":3,""physical_error_rate"":1e-05}","{""detectors_checked"":54}"
         1,         0,         0,   0.000,decoder_by_matrix,cd5aa4935a142b600239883e928f6c7fc9fbc8c84161e9ed59cf2551b7ebfc3d,"{""distance"":3,""physical_error_rate"":5e-05}","{""detectors_checked"":54}"
         1,         0,         0,   0.000,decoder_by_matrix,cd5aa4935a142b600239883e928f6c7fc9fbc8c84161e9ed59cf2551b7ebfc3d,"{""distance"":3,""physical_error_rate"":5e-05}","{""detectors_checked"":54}"
         1,         0,         0,   0.000,decoder_by_matrix,5dee359087c4b9ae2c20477a4d5136d2695095b0438111838e7093c679bd3c20,"{""distance"":3,""physical_error_rate"":0.0005}","{""detectors_checked"":54}"
      2320,         0,         0,   0.040,decoder_by_matrix,5dee359087c4b9ae2c20477a4d5136d2695095b0438111838e7093c679bd3c20,"{""distance"":3,""physical_error_rate"":0.0005}","{""detection_events"":135,""detectors_checked"":125280}"
      2320,         0,         0,   0.040,decoder_by_matrix,c8397cb2c46e4683a6f3970bc42cef1aabfef4d80cfcd6b8313e87630b680ee2,"{""distance"":3,""physical_error_rate"":0.0001}","{""detection_events"":48,""detectors_checked"":125280}"
      6416,         0,         0,   0.040,decoder_by_matrix,73784f3389b885bc1b704dac0b44b83e08b79da81bcec9ed749229213445f550,"{""distance"":3,""physical_error_rate"":1e-05}","{""detectors_checked"":346464}"
      4368,         0,         0,   0.041,decoder_by_matrix,cd5aa4935a142b600239883e928f6c7fc9fbc8c84161e9ed59cf2551b7ebfc3d,"{""distance"":3,""physical_error_rate"":5e-05}","{""detection_events"":12,""detectors_checked"":235872}"
      3344,         0,         0,   0.040,decoder_by_matrix,c8397cb2c46e4683a6f3970bc42cef1aabfef4d80cfcd6b8313e87630b680ee2,"{""distance"":3,""physical_error_rate"":0.0001}","{""detection_events"":30,""detectors_checked"":180576}"
      2320,         0,         0,   0.040,decoder_by_matrix,5dee359087c4b9ae2c20477a4d5136d2695095b0438111838e7093c679bd3c20,"{""distance"":3,""physical_error_rate"":0.0005}","{""detection_events"":132,""detectors_checked"":125280}"
      3344,         0,         0,   0.003,decoder_by_matrix,cd5aa4935a142b600239883e928f6c7fc9fbc8c84161e9ed59cf2551b7ebfc3d,"{""distance"":3,""physical_error_rate"":5e-05}","{""detection_events"":3,""detectors_checked"":180576}"
      3344,         0,         0,   0.044,decoder_by_matrix,73784f3389b885bc1b704dac0b44b83e08b79da81bcec9ed749229213445f550,"{""distance"":3,""physical_error_rate"":1e-05}","{""detection_events"":18,""detectors_checked"":180576}"
      3344,         0,         0,   0.040,decoder_by_matrix,cd5aa4935a142b600239883e928f6c7fc9fbc8c84161e9ed59cf2551b7ebfc3d,"{""distance"":3,""physical_error_rate"":5e-05}","{""detection_events"":33,""detectors_checked"":180576}"
      2320,         0,         0,   0.037,decoder_by_matrix,5dee359087c4b9ae2c20477a4d5136d2695095b0438111838e7093c679bd3c20,"{""distance"":3,""physical_error_rate"":0.0005}","{""detection_events"":162,""detectors_checked"":125280}"
      2048,         0,         0,   0.040,decoder_by_matrix,5dee359087c4b9ae2c20477a4d5136d2695095b0438111838e7093c679bd3c20,"{""distance"":3,""physical_error_rate"":0.0005}","{""detection_events"":96,""detectors_checked"":110592}"
      3072,         0,         0,   0.041,decoder_by_matrix,c8397cb2c46e4683a6f3970bc42cef1aabfef4d80cfcd6b8313e87630b680ee2,"{""distance"":3,""physical_error_rate"":0.0001}","{""detection_events"":12,""detectors_checked"":165888}"
      6144,         0,         0,   0.003,decoder_by_matrix,73784f3389b885bc1b704dac0b44b83e08b79da81bcec9ed749229213445f550,"{""distance"":3,""physical_error_rate"":1e-05}","{""detectors_checked"":331776}"
      3072,         0,         0,   0.041,decoder_by_matrix,cd5aa4935a142b600239883e928f6c7fc9fbc8c84161e9ed59cf2551b7ebfc3d,"{""distance"":3,""physical_error_rate"":5e-05}","{""detection_events"":15,""detectors_checked"":165888}"
      3072,         1,         0,   0.041,decoder_by_matrix,c8397cb2c46e4683a6f3970bc42cef1aabfef4d80cfcd6b8313e87630b680ee2,"{""distance"":3,""physical_error_rate"":0.0001}","{""detection_events"":54,""detectors_checked"":165888,""obs_mistake_mask=___E"":1}"
      3072,         0,         0,   0.042,decoder_by_matrix,5dee359087c4b9ae2c20477a4d5136d2695095b0438111838e7093c679bd3c20,"{""distance"":3,""physical_error_rate"":0.0005}","{""detection_events"":159,""detectors_checked"":165888}"
      4096,         0,         0,   0.041,decoder_by_matrix,cd5aa4935a142b600239883e928f6c7fc9fbc8c84161e9ed59cf2551b7ebfc3d,"{""distance"":3,""physical_error_rate"":5e-05}","{""detection_events"":30,""detectors_checked"":221184}"
      4096,         0,         0,   0.040,decoder_by_matrix,73784f3389b885bc1b704dac0b44b83e08b79da81bcec9ed749229213445f550,"{""distance"":3,""physical_error_rate"":1e-05}","{""detection_events"":9,""detectors_checked"":221184}"
      3072,         0,         0,   0.041,decoder_by_matrix,5dee359087c4b9ae2c20477a4d5136d2695095b0438111838e7093c679bd3c20,"{""distance"":3,""physical_error_rate"":0.0005}","{""detection_events"":150,""detectors_checked"":165888}"
      4096,         0,         0,   0.044,decoder_by_matrix,cd5aa4935a142b600239883e928f6c7fc9fbc8c84161e9ed59cf2551b7ebfc3d,"{""distance"":3,""physical_error_rate"":5e-05}","{""detection_events"":21,""detectors_checked"":221184}"
      3072,         0,         0,   0.041,decoder_by_matrix,5dee359087c4b9ae2c20477a4d5136d2695095b0438111838e7093c679bd3c20,"{""distance"":3,""physical_error_rate"":0.0005}","{""detection_events"":168,""detectors_checked"":165888}"
      3072,         0,         0,   0.041,decoder_by_matrix,c8397cb2c46e4683a6f3970bc42cef1aabfef4d80cfcd6b8313e87630b680ee2,"{""distance"":3,""physical_error_rate"":0.0001}","{""detection_events"":33,""detectors_checked"":165888}"
      5120,         0,         0,   0.040,decoder_by_matrix,73784f3389b885bc1b704dac0b44b83e08b79da81bcec9ed749229213445f550,"{""distance"":3,""physical_error_rate"":1e-05}","{""detection_events"":3,""detectors_checked"":276480}"
      2048,         0,         0,   0.055,decoder_by_matrix,cd5aa4935a142b600239883e928f6c7fc9fbc8c84161e9ed59cf2551b7ebfc3d,"{""distance"":3,""physical_error_rate"":5e-05}","{""detection_events"":27,""detectors_checked"":110592}"
      3072,         0,         0,   0.065,decoder_by_matrix,c8397cb2c46e4683a6f3970bc42cef1aabfef4d80cfcd6b8313e87630b680ee2,"{""distance"":3,""physical_error_rate"":0.0001}","{""detection_events"":48,""detectors_checked"":165888}"
      2048,         0,         0,   0.103,decoder_by_matrix,5dee359087c4b9ae2c20477a4d5136d2695095b0438111838e7093c679bd3c20,"{""distance"":3,""physical_error_rate"":0.0005}","{""detection_events"":87,""detectors_checked"":110592}"
      3072,         0,         0,   0.117,decoder_by_matrix,cd5aa4935a142b600239883e928f6c7fc9fbc8c84161e9ed59cf2551b7ebfc3d,"{""distance"":3,""physical_error_rate"":5e-05}","{""detection_events"":21,""detectors_checked"":165888}"
      5120,         0,         0,   0.129,decoder_by_matrix,73784f3389b885bc1b704dac0b44b83e08b79da81bcec9ed749229213445f550,"{""distance"":3,""physical_error_rate"":1e-05}","{""detection_events"":21,""detectors_checked"":276480}"
      2048,         0,         0,   0.135,decoder_by_matrix,5dee359087c4b9ae2c20477a4d5136d2695095b0438111838e7093c679bd3c20,"{""distance"":3,""physical_error_rate"":0.0005}","{""detection_events"":102,""detectors_checked"":110592}"
      2048,         0,         0,   0.353,decoder_by_matrix,c8397cb2c46e4683a6f3970bc42cef1aabfef4d80cfcd6b8313e87630b680ee2,"{""distance"":3,""physical_error_rate"":0.0001}","{""detection_events"":18,""detectors_checked"":110592}"
      3072,         0,         0,   0.164,decoder_by_matrix,cd5aa4935a142b600239883e928f6c7fc9fbc8c84161e9ed59cf2551b7ebfc3d,"{""distance"":3,""physical_error_rate"":5e-05}","{""detection_events"":9,""detectors_checked"":165888}"
      2048,         0,         0,   0.203,decoder_by_matrix,c8397cb2c46e4683a6f3970bc42cef1aabfef4d80cfcd6b8313e87630b680ee2,"{""distance"":3,""physical_error_rate"":0.0001}","{""detection_events"":45,""detectors_checked"":110592}"
      5120,         0,         0,   0.206,decoder_by_matrix,73784f3389b885bc1b704dac0b44b83e08b79da81bcec9ed749229213445f550,"{""distance"":3,""physical_error_rate"":1e-05}","{""detection_events"":12,""detectors_checked"":276480}"
      2048,         0,         0,   0.191,decoder_by_matrix,5dee359087c4b9ae2c20477a4d5136d2695095b0438111838e7093c679bd3c20,"{""distance"":3,""physical_error_rate"":0.0005}","{""detection_events"":129,""detectors_checked"":110592}"
      3072,         0,         0,   0.226,decoder_by_matrix,cd5aa4935a142b600239883e928f6c7fc9fbc8c84161e9ed59cf2551b7ebfc3d,"{""distance"":3,""physical_error_rate"":5e-05}","{""detection_events"":42,""detectors_checked"":165888}"
      2048,         0,         0,   0.228,decoder_by_matrix,c8397cb2c46e4683a6f3970bc42cef1aabfef4d80cfcd6b8313e87630b680ee2,"{""distance"":3,""physical_error_rate"":0.0001}","{""detection_events"":30,""detectors_checked"":110592}"
      2048,         0,         0,   0.240,decoder_by_matrix,5dee359087c4b9ae2c20477a4d5136d2695095b0438111838e7093c679bd3c20,"{""distance"":3,""physical_error_rate"":0.0005}","{""detection_events"":153,""detectors_checked"":110592}"
      2048,         0,         0,   0.240,decoder_by_matrix,cd5aa4935a142b600239883e928f6c7fc9fbc8c84161e9ed59cf2551b7ebfc3d,"{""distance"":3,""physical_error_rate"":5e-05}","{""detection_events"":9,""detectors_checked"":110592}"
      9216,         0,         0,   0.529,decoder_by_matrix,73784f3389b885bc1b704dac0b44b83e08b79da81bcec9ed749229213445f550,"{""distance"":3,""physical_error_rate"":1e-05}","{""detection_events"":3,""detectors_checked"":497664}"
      3072,         0,         0,   0.257,decoder_by_matrix,73784f3389b885bc1b704dac0b44b83e08b79da81bcec9ed749229213445f550,"{""distance"":3,""physical_error_rate"":1e-05}","{""detection_events"":15,""detectors_checked"":165888}"
      2048,         0,         0,   0.264,decoder_by_matrix,5dee359087c4b9ae2c20477a4d5136d2695095b0438111838e7093c679bd3c20,"{""distance"":3,""physical_error_rate"":0.0005}","{""detection_events"":126,""detectors_checked"":110592}"
      3072,         0,         0,   0.261,decoder_by_matrix,c8397cb2c46e4683a6f3970bc42cef1aabfef4d80cfcd6b8313e87630b680ee2,"{""distance"":3,""physical_error_rate"":0.0001}","{""detection_events"":33,""detectors_checked"":165888}"
      3072,         0,         0,   0.270,decoder_by_matrix,cd5aa4935a142b600239883e928f6c7fc9fbc8c84161e9ed59cf2551b7ebfc3d,"{""distance"":3,""physical_error_rate"":5e-05}","{""detection_events"":21,""detectors_checked"":165888}"
      5120,         0,         0,   0.253,decoder_by_matrix,73784f3389b885bc1b704dac0b44b83e08b79da81bcec9ed749229213445f550,"{""distance"":3,""physical_error_rate"":1e-05}","{""detectors_checked"":276480}"
      3072,         0,         0,   0.256,decoder_by_matrix,5dee359087c4b9ae2c20477a4d5136d2695095b0438111838e7093c679bd3c20,"{""distance"":3,""physical_error_rate"":0.0005}","{""detection_events"":222,""detectors_checked"":165888}"
      2048,         0,         0,   0.254,decoder_by_matrix,cd5aa4935a142b600239883e928f6c7fc9fbc8c84161e9ed59cf2551b7ebfc3d,"{""distance"":3,""physical_error_rate"":5e-05}","{""detection_events"":33,""detectors_checked"":110592}"
      3072,         0,         0,   0.308,decoder_by_matrix,c8397cb2c46e4683a6f3970bc42cef1aabfef4d80cfcd6b8313e87630b680ee2,"{""distance"":3,""physical_error_rate"":0.0001}","{""detection_events"":72,""detectors_checked"":165888}"
      2048,         0,         0,   0.258,decoder_by_matrix,c8397cb2c46e4683a6f3970bc42cef1aabfef4d80cfcd6b8313e87630b680ee2,"{""distance"":3,""physical_error_rate"":0.0001}","{""detection_events"":21,""detectors_checked"":110592}"
      3072,         0,         0,   0.260,decoder_by_matrix,5dee359087c4b9ae2c20477a4d5136d2695095b0438111838e7093c679bd3c20,"{""distance"":3,""physical_error_rate"":0.0005}","{""detection_events"":123,""detectors_checked"":165888}"
      4096,         0,         0,   0.259,decoder_by_matrix,cd5aa4935a142b600239883e928f6c7fc9fbc8c84161e9ed59cf2551b7ebfc3d,"{""distance"":3,""physical_error_rate"":5e-05}","{""detection_events"":15,""detectors_checked"":221184}"
      6144,         0,         0,   0.262,decoder_by_matrix,73784f3389b885bc1b704dac0b44b83e08b79da81bcec9ed749229213445f550,"{""distance"":3,""physical_error_rate"":1e-05}","{""detectors_checked"":331776}"
      4096,         0,         0,   0.258,decoder_by_matrix,73784f3389b885bc1b704dac0b44b83e08b79da81bcec9ed749229213445f550,"{""distance"":3,""physical_error_rate"":1e-05}","{""detection_events"":3,""detectors_checked"":221184}"
      3072,         0,         0,   0.260,decoder_by_matrix,5dee359087c4b9ae2c20477a4d5136d2695095b0438111838e7093c679bd3c20,"{""distance"":3,""physical_error_rate"":0.0005}","{""detection_events"":162,""detectors_checked"":165888}"
      3072,         0,         0,   0.260,decoder_by_matrix,c8397cb2c46e4683a6f3970bc42cef1aabfef4d80cfcd6b8313e87630b680ee2,"{""distance"":3,""physical_error_rate"":0.0001}","{""detection_events"":36,""detectors_checked"":165888}"
      2048,         0,         0,   0.262,decoder_by_matrix,cd5aa4935a142b600239883e928f6c7fc9fbc8c84161e9ed59cf2551b7ebfc3d,"{""distance"":3,""physical_error_rate"":5e-05}","{""detection_events"":33,""detectors_checked"":110592}"
      2048,         0,         0,   0.252,decoder_by_matrix,5dee359087c4b9ae2c20477a4d5136d2695095b0438111838e7093c679bd3c20,"{""distance"":3,""physical_error_rate"":0.0005}","{""detection_events"":147,""detectors_checked"":110592}"
      4096,         0,         0,   0.257,decoder_by_matrix,cd5aa4935a142b600239883e928f6c7fc9fbc8c84161e9ed59cf2551b7ebfc3d,"{""distance"":3,""physical_error_rate"":5e-05}","{""detection_events"":42,""detectors_checked"":221184}"
      2048,         0,         0,   0.252,decoder_by_matrix,c8397cb2c46e4683a6f3970bc42cef1aabfef4d80cfcd6b8313e87630b680ee2,"{""distance"":3,""physical_error_rate"":0.0001}","{""detection_events"":36,""detectors_checked"":110592}"
      5120,         0,         0,   0.309,decoder_by_matrix,73784f3389b885bc1b704dac0b44b83e08b79da81bcec9ed749229213445f550,"{""distance"":3,""physical_error_rate"":1e-05}","{""detection_events"":6,""detectors_checked"":276480}"
      3072,         0,         0,   0.257,decoder_by_matrix,c8397cb2c46e4683a6f3970bc42cef1aabfef4d80cfcd6b8313e87630b680ee2,"{""distance"":3,""physical_error_rate"":0.0001}","{""detection_events"":30,""detectors_checked"":165888}"
      2048,         0,         0,   0.256,decoder_by_matrix,5dee359087c4b9ae2c20477a4d5136d2695095b0438111838e7093c679bd3c20,"{""distance"":3,""physical_error_rate"":0.0005}","{""detection_events"":126,""detectors_checked"":110592}"
      3072,         0,         0,   0.257,decoder_by_matrix,cd5aa4935a142b600239883e928f6c7fc9fbc8c84161e9ed59cf2551b7ebfc3d,"{""distance"":3,""physical_error_rate"":5e-05}","{""detection_events"":9,""detectors_checked"":165888}"
      5120,         0,         0,   0.257,decoder_by_matrix,73784f3389b885bc1b704dac0b44b83e08b79da81bcec9ed749229213445f550,"{""distance"":3,""physical_error_rate"":1e-05}","{""detection_events"":6,""detectors_checked"":276480}"
      4096,         0,         0,   0.256,decoder_by_matrix,73784f3389b885bc1b704dac0b44b83e08b79da81bcec9ed749229213445f550,"{""distance"":3,""physical_error_rate"":1e-05}","{""detection_events"":9,""detectors_checked"":221184}"
      2048,         0,         0,   0.256,decoder_by_matrix,5dee359087c4b9ae2c20477a4d5136d2695095b0438111838e7093c679bd3c20,"{""distance"":3,""physical_error_rate"":0.0005}","{""detection_events"":141,""detectors_checked"":110592}"
      2048,         0,         0,   0.256,decoder_by_matrix,c8397cb2c46e4683a6f3970bc42cef1aabfef4d80cfcd6b8313e87630b680ee2,"{""distance"":3,""physical_error_rate"":0.0001}","{""detection_events"":27,""detectors_checked"":110592}"
      4096,         0,         0,   0.261,decoder_by_matrix,cd5aa4935a142b600239883e928f6c7fc9fbc8c84161e9ed59cf2551b7ebfc3d,"{""distance"":3,""physical_error_rate"":5e-05}","{""detection_events"":33,""detectors_checked"":221184}"
      3072,         0,         0,   0.255,decoder_by_matrix,cd5aa4935a142b600239883e928f6c7fc9fbc8c84161e9ed59cf2551b7ebfc3d,"{""distance"":3,""physical_error_rate"":5e-05}","{""detection_events"":6,""detectors_checked"":165888}"
      3072,         0,         0,   0.258,decoder_by_matrix,c8397cb2c46e4683a6f3970bc42cef1aabfef4d80cfcd6b8313e87630b680ee2,"{""distance"":3,""physical_error_rate"":0.0001}","{""detection_events"":42,""detectors_checked"":165888}"
      5120,         0,         0,   0.257,decoder_by_matrix,73784f3389b885bc1b704dac0b44b83e08b79da81bcec9ed749229213445f550,"{""distance"":3,""physical_error_rate"":1e-05}","{""detection_events"":6,""detectors_checked"":276480}"
      3072,         0,         0,   0.258,decoder_by_matrix,c8397cb2c46e4683a6f3970bc42cef1aabfef4d80cfcd6b8313e87630b680ee2,"{""distance"":3,""physical_error_rate"":0.0001}","{""detection_events"":36,""detectors_checked"":165888}"
      3072,         0,         0,   0.313,decoder_by_matrix,5dee359087c4b9ae2c20477a4d5136d2695095b0438111838e7093c679bd3c20,"{""distance"":3,""physical_error_rate"":0.0005}","{""detection_events"":129,""detectors_checked"":165888}"
      2048,         0,         0,   0.264,decoder_by_matrix,5dee359087c4b9ae2c20477a4d5136d2695095b0438111838e7093c679bd3c20,"{""distance"":3,""physical_error_rate"":0.0005}","{""detection_events"":141,""detectors_checked"":110592}"
      3072,         0,         0,   0.256,decoder_by_matrix,cd5aa4935a142b600239883e928f6c7fc9fbc8c84161e9ed59cf2551b7ebfc3d,"{""distance"":3,""physical_error_rate"":5e-05}","{""detection_events"":6,""detectors_checked"":165888}"
      6144,         0,         0,   0.256,decoder_by_matrix,73784f3389b885bc1b704dac0b44b83e08b79da81bcec9ed749229213445f550,"{""distance"":3,""physical_error_rate"":1e-05}","{""detectors_checked"":331776}"
      6144,         0,         0,   0.260,decoder_by_matrix,73784f3389b885bc1b704dac0b44b83e08b79da81bcec9ed749229213445f550,"{""distance"":3,""physical_error_rate"":1e-05}","{""detectors_checked"":331776}"
      2048,         0,         0,   0.260,decoder_by_matrix,5dee359087c4b9ae2c20477a4d5136d2695095b0438111838e7093c679bd3c20,"{""distance"":3,""physical_error_rate"":0.0005}","{""detection_events"":141,""detectors_checked"":110592}"
      2048,         0,         0,   0.003,decoder_by_matrix,c8397cb2c46e4683a6f3970bc42cef1aabfef4d80cfcd6b8313e87630b680ee2,"{""distance"":3,""physical_error_rate"":0.0001}","{""detection_events"":42,""detectors_checked"":110592}"
      2048,         0,         0,   0.260,decoder_by_matrix,cd5aa4935a142b600239883e928f6c7fc9fbc8c84161e9ed59cf2551b7ebfc3d,"{""distance"":3,""physical_error_rate"":5e-05}","{""detection_events"":18,""detectors_checked"":110592}"
      2048,         0,         0,   0.253,decoder_by_matrix,c8397cb2c46e4683a6f3970bc42cef1aabfef4d80cfcd6b8313e87630b680ee2,"{""distance"":3,""physical_error_rate"":0.0001}","{""detection_events"":36,""detectors_checked"":110592}"
      5120,         0,         0,   0.256,decoder_by_matrix,73784f3389b885bc1b704dac0b44b83e08b79da81bcec9ed749229213445f550,"{""distance"":3,""physical_error_rate"":1e-05}","{""detection_events"":9,""detectors_checked"":276480}"
      3072,         0,         0,   0.255,decoder_by_matrix,c8397cb2c46e4683a6f3970bc42cef1aabfef4d80cfcd6b8313e87630b680ee2,"{""distance"":3,""physical_error_rate"":0.0001}","{""detection_events"":36,""detectors_checked"":165888}"
      2048,         0,         0,   0.254,decoder_by_matrix,5dee359087c4b9ae2c20477a4d5136d2695095b0438111838e7093c679bd3c20,"{""distance"":3,""physical_error_rate"":0.0005}","{""detection_events"":108,""detectors_checked"":110592}"
      3072,         0,         0,   0.256,decoder_by_matrix,5dee359087c4b9ae2c20477a4d5136d2695095b0438111838e7093c679bd3c20,"{""distance"":3,""physical_error_rate"":0.0005}","{""detection_events"":198,""detectors_checked"":165888}"
      5120,         0,         0,   0.255,decoder_by_matrix,cd5aa4935a142b600239883e928f6c7fc9fbc8c84161e9ed59cf2551b7ebfc3d,"{""distance"":3,""physical_error_rate"":5e-05}","{""detection_events"":6,""detectors_checked"":276480}"
      5120,         0,         0,   0.255,decoder_by_matrix,73784f3389b885bc1b704dac0b44b83e08b79da81bcec9ed749229213445f550,"{""distance"":3,""physical_error_rate"":1e-05}","{""detection_events"":3,""detectors_checked"":276480}"
      4096,         0,         0,   0.255,decoder_by_matrix,73784f3389b885bc1b704dac0b44b83e08b79da81bcec9ed749229213445f550,"{""distance"":3,""physical_error_rate"":1e-05}","{""detection_events"":15,""detectors_checked"":221184}"
      4096,         0,         0,   0.396,decoder_by_matrix,cd5aa4935a142b600239883e928f6c7fc9fbc8c84161e9ed59cf2551b7ebfc3d,"{""distance"":3,""physical_error_rate"":5e-05}","{""detection_events"":51,""detectors_checked"":221184}"
      3072,         0,         0,   0.260,decoder_by_matrix,5dee359087c4b9ae2c20477a4d5136d2695095b0438111838e7093c679bd3c20,"{""distance"":3,""physical_error_rate"":0.0005}","{""detection_events"":153,""detectors_checked"":165888}"
      3072,         0,         0,   0.260,decoder_by_matrix,c8397cb2c46e4683a6f3970bc42cef1aabfef4d80cfcd6b8313e87630b680ee2,"{""distance"":3,""physical_error_rate"":0.0001}","{""detection_events"":30,""detectors_checked"":165888}"
      3072,         0,         0,   0.260,decoder_by_matrix,cd5aa4935a142b600239883e928f6c7fc9fbc8c84161e9ed59cf2551b7ebfc3d,"{""distance"":3,""physical_error_rate"":5e-05}","{""detection_events"":33,""detectors_checked"":165888}"
      3072,         0,         0,   0.254,decoder_by_matrix,73784f3389b885bc1b704dac0b44b83e08b79da81bcec9ed749229213445f550,"{""distance"":3,""physical_error_rate"":1e-05}","{""detection_events"":9,""detectors_checked"":165888}"
      2048,         0,         0,   0.254,decoder_by_matrix,c8397cb2c46e4683a6f3970bc42cef1aabfef4d80cfcd6b8313e87630b680ee2,"{""distance"":3,""physical_error_rate"":0.0001}","{""detection_events"":30,""detectors_checked"":110592}"
      2048,         0,         0,   0.003,decoder_by_matrix,5dee359087c4b9ae2c20477a4d5136d2695095b0438111838e7093c679bd3c20,"{""distance"":3,""physical_error_rate"":0.0005}","{""detection_events"":87,""detectors_checked"":110592}"
      4096,         0,         0,   0.311,decoder_by_matrix,c8397cb2c46e4683a6f3970bc42cef1aabfef4d80cfcd6b8313e87630b680ee2,"{""distance"":3,""physical_error_rate"":0.0001}","{""detection_events"":21,""detectors_checked"":221184}"
      2048,         0,         0,   0.258,decoder_by_matrix,5dee359087c4b9ae2c20477a4d5136d2695095b0438111838e7093c679bd3c20,"{""distance"":3,""physical_error_rate"":0.0005}","{""detection_events"":126,""detectors_checked"":110592}"
      4096,         0,         0,   0.259,decoder_by_matrix,cd5aa4935a142b600239883e928f6c7fc9fbc8c84161e9ed59cf2551b7ebfc3d,"{""distance"":3,""physical_error_rate"":5e-05}","{""detection_events"":18,""detectors_checked"":221184}"
      5120,         0,         0,   0.259,decoder_by_matrix,73784f3389b885bc1b704dac0b44b83e08b79da81bcec9ed749229213445f550,"{""distance"":3,""physical_error_rate"":1e-05}","{""detection_events"":6,""detectors_checked"":276480}"
      4096,         0,         0,   0.258,decoder_by_matrix,73784f3389b885bc1b704dac0b44b83e08b79da81bcec9ed749229213445f550,"{""distance"":3,""physical_error_rate"":1e-05}","{""detection_events"":3,""detectors_checked"":221184}"
      3072,         0,         0,   0.259,decoder_by_matrix,cd5aa4935a142b600239883e928f6c7fc9fbc8c84161e9ed59cf2551b7ebfc3d,"{""distance"":3,""physical_error_rate"":5e-05}","{""detection_events"":15,""detectors_checked"":165888}"
      2048,         0,         0,   0.258,decoder_by_matrix,5dee359087c4b9ae2c20477a4d5136d2695095b0438111838e7093c679bd3c20,"{""distance"":3,""physical_error_rate"":0.0005}","{""detection_events"":156,""detectors_checked"":110592}"
      2048,         0,         0,   0.258,decoder_by_matrix,c8397cb2c46e4683a6f3970bc42cef1aabfef4d80cfcd6b8313e87630b680ee2,"{""distance"":3,""physical_error_rate"":0.0001}","{""detection_events"":30,""detectors_checked"":110592}"
      3072,         0,         0,   0.298,decoder_by_matrix,cd5aa4935a142b600239883e928f6c7fc9fbc8c84161e9ed59cf2551b7ebfc3d,"{""distance"":3,""physical_error_rate"":5e-05}","{""detection_events"":15,""detectors_checked"":165888}"
      4096,         0,         0,   0.305,decoder_by_matrix,73784f3389b885bc1b704dac0b44b83e08b79da81bcec9ed749229213445f550,"{""distance"":3,""physical_error_rate"":1e-05}","{""detection_events"":15,""detectors_checked"":221184}"
      5120,         0,         0,   0.257,decoder_by_matrix,73784f3389b885bc1b704dac0b44b83e08b79da81bcec9ed749229213445f550,"{""distance"":3,""physical_error_rate"":1e-05}","{""detection_events"":3,""detectors_checked"":276480}"
      6144,         0,         0,   0.508,decoder_by_matrix,c8397cb2c46e4683a6f3970bc42cef1aabfef4d80cfcd6b8313e87630b680ee2,"{""distance"":3,""physical_error_rate"":0.0001}","{""detection_events"":39,""detectors_checked"":331776}"
      5120,         0,         0,   0.513,decoder_by_matrix,5dee359087c4b9ae2c20477a4d5136d2695095b0438111838e7093c679bd3c20,"{""distance"":3,""physical_error_rate"":0.0005}","{""detection_events"":321,""detectors_checked"":276480}"
      5120,         0,         0,   0.513,decoder_by_matrix,c8397cb2c46e4683a6f3970bc42cef1aabfef4d80cfcd6b8313e87630b680ee2,"{""distance"":3,""physical_error_rate"":0.0001}","{""detection_events"":75,""detectors_checked"":276480}"
      5120,         0,         0,   0.517,decoder_by_matrix,5dee359087c4b9ae2c20477a4d5136d2695095b0438111838e7093c679bd3c20,"{""distance"":3,""physical_error_rate"":0.0005}","{""detection_events"":294,""detectors_checked"":276480}"
      7168,         0,         0,   0.516,decoder_by_matrix,cd5aa4935a142b600239883e928f6c7fc9fbc8c84161e9ed59cf2551b7ebfc3d,"{""distance"":3,""physical_error_rate"":5e-05}","{""detection_events"":18,""detectors_checked"":387072}"
     12288,         0,         0,   0.517,decoder_by_matrix,73784f3389b885bc1b704dac0b44b83e08b79da81bcec9ed749229213445f550,"{""distance"":3,""physical_error_rate"":1e-05}","{""detection_events"":9,""detectors_checked"":663552}"
      5120,         0,         0,   0.516,decoder_by_matrix,cd5aa4935a142b600239883e928f6c7fc9fbc8c84161e9ed59cf2551b7ebfc3d,"{""distance"":3,""physical_error_rate"":5e-05}","{""detection_events"":39,""detectors_checked"":276480}"
      5120,         0,         0,   0.517,decoder_by_matrix,5dee359087c4b9ae2c20477a4d5136d2695095b0438111838e7093c679bd3c20,"{""distance"":3,""physical_error_rate"":0.0005}","{""detection_events"":312,""detectors_checked"":276480}"
      5120,         0,         0,   0.521,decoder_by_matrix,c8397cb2c46e4683a6f3970bc42cef1aabfef4d80cfcd6b8313e87630b680ee2,"{""distance"":3,""physical_error_rate"":0.0001}","{""detection_events"":60,""detectors_checked"":276480}"
      6144,         0,         0,   0.505,decoder_by_matrix,cd5aa4935a142b600239883e928f6c7fc9fbc8c84161e9ed59cf2551b7ebfc3d,"{""distance"":3,""physical_error_rate"":5e-05}","{""detection_events"":45,""detectors_checked"":331776}"
      7168,         0,         0,   0.513,decoder_by_matrix,73784f3389b885bc1b704dac0b44b83e08b79da81bcec9ed749229213445f550,"{""distance"":3,""physical_error_rate"":1e-05}","{""detection_events"":18,""detectors_checked"":387072}"
     10240,         0,         0,   0.518,decoder_by_matrix,73784f3389b885bc1b704dac0b44b83e08b79da81bcec9ed749229213445f550,"{""distance"":3,""physical_error_rate"":1e-05}","{""detection_events"":12,""detectors_checked"":552960}"
      5120,         1,         0,   0.510,decoder_by_matrix,5dee359087c4b9ae2c20477a4d5136d2695095b0438111838e7093c679bd3c20,"{""distance"":3,""physical_error_rate"":0.0005}","{""detection_events"":390,""detectors_checked"":276480,""obs_mistake_mask=E___"":1}"
      6144,         0,         0,   0.508,decoder_by_matrix,c8397cb2c46e4683a6f3970bc42cef1aabfef4d80cfcd6b8313e87630b680ee2,"{""distance"":3,""physical_error_rate"":0.0001}","{""detection_events"":72,""detectors_checked"":331776}"
      5120,         0,         0,   0.569,decoder_by_matrix,c8397cb2c46e4683a6f3970bc42cef1aabfef4d80cfcd6b8313e87630b680ee2,"{""distance"":3,""physical_error_rate"":0.0001}","{""detection_events"":90,""detectors_checked"":276480}"
      4096,         0,         0,   0.511,decoder_by_matrix,5dee359087c4b9ae2c20477a4d5136d2695095b0438111838e7093c679bd3c20,"{""distance"":3,""physical_error_rate"":0.0005}","{""detection_events"":213,""detectors_checked"":221184}"
      6144,         0,         0,   0.513,decoder_by_matrix,cd5aa4935a142b600239883e928f6c7fc9fbc8c84161e9ed59cf2551b7ebfc3d,"{""distance"":3,""physical_error_rate"":5e-05}","{""detection_events"":27,""detectors_checked"":331776}"
     10240,         0,         0,   0.513,decoder_by_matrix,73784f3389b885bc1b704dac0b44b83e08b79da81bcec9ed749229213445f550,"{""distance"":3,""physical_error_rate"":1e-05}","{""detection_events"":9,""detectors_checked"":552960}"
      5120,         0,         0,   0.513,decoder_by_matrix,cd5aa4935a142b600239883e928f6c7fc9fbc8c84161e9ed59cf2551b7ebfc3d,"{""distance"":3,""physical_error_rate"":5e-05}","{""detection_events"":42,""detectors_checked"":276480}"
      5120,         0,         0,   0.517,decoder_by_matrix,5dee359087c4b9ae2c20477a4d5136d2695095b0438111838e7093c679bd3c20,"{""distance"":3,""physical_error_rate"":0.0005}","{""detection_events"":309,""detectors_checked"":276480}"
      5120,         0,         0,   0.517,decoder_by_matrix,c8397cb2c46e4683a6f3970bc42cef1aabfef4d80cfcd6b8313e87630b680ee2,"{""distance"":3,""physical_error_rate"":0.0001}","{""detection_events"":60,""detectors_checked"":276480}"
      7168,         0,         0,   0.514,decoder_by_matrix,cd5aa4935a142b600239883e928f6c7fc9fbc8c84161e9ed59cf2551b7ebfc3d,"{""distance"":3,""physical_error_rate"":5e-05}","{""detection_events"":39,""detectors_checked"":387072}"
     11264,         0,         0,   0.506,decoder_by_matrix,73784f3389b885bc1b704dac0b44b83e08b79da81bcec9ed749229213445f550,"{""distance"":3,""physical_error_rate"":1e-05}","{""detection_events"":3,""detectors_checked"":608256}"
     17408,         0,         0,   0.769,decoder_by_matrix,73784f3389b885bc1b704dac0b44b83e08b79da81bcec9ed749229213445f550,"{""distance"":3,""physical_error_rate"":1e-05}","{""detection_events"":9,""detectors_checked"":940032}"
      5120,         0,         0,   0.593,decoder_by_matrix,5dee359087c4b9ae2c20477a4d5136d2695095b0438111838e7093c679bd3c20,"{""distance"":3,""physical_error_rate"":0.0005}","{""detection_events"":267,""detectors_checked"":276480}"
      8192,         0,         0,   0.772,decoder_by_matrix,c8397cb2c46e4683a6f3970bc42cef1aabfef4d80cfcd6b8313e87630b680ee2,"{""distance"":3,""physical_error_rate"":0.0001}","{""detection_events"":144,""detectors_checked"":442368}"
      7168,         0,         0,   0.769,decoder_by_matrix,c8397cb2c46e4683a6f3970bc42cef1aabfef4d80cfcd6b8313e87630b680ee2,"{""distance"":3,""physical_error_rate"":0.0001}","{""detection_events"":72,""detectors_checked"":387072}"
      7168,         0,         0,   0.769,decoder_by_matrix,5dee359087c4b9ae2c20477a4d5136d2695095b0438111838e7093c679bd3c20,"{""distance"":3,""physical_error_rate"":0.0005}","{""detection_events"":411,""detectors_checked"":387072}"
      8192,         0,         0,   0.769,decoder_by_matrix,cd5aa4935a142b600239883e928f6c7fc9fbc8c84161e9ed59cf2551b7ebfc3d,"{""distance"":3,""physical_error_rate"":5e-05}","{""detection_events"":66,""detectors_checked"":442368}"
     14336,         0,         0,   0.765,decoder_by_matrix,73784f3389b885bc1b704dac0b44b83e08b79da81bcec9ed749229213445f550,"{""distance"":3,""physical_error_rate"":1e-05}","{""detection_events"":24,""detectors_checked"":774144}"
      7168,         0,         0,   0.742,decoder_by_matrix,c8397cb2c46e4683a6f3970bc42cef1aabfef4d80cfcd6b8313e87630b680ee2,"{""distance"":3,""physical_error_rate"":0.0001}","{""detection_events"":81,""detectors_checked"":387072}"
     10240,         0,         0,   0.770,decoder_by_matrix,cd5aa4935a142b600239883e928f6c7fc9fbc8c84161e9ed59cf2551b7ebfc3d,"{""distance"":3,""physical_error_rate"":5e-05}","{""detection_events"":72,""detectors_checked"":552960}"
      7168,         1,         0,   0.777,decoder_by_matrix,5dee359087c4b9ae2c20477a4d5136d2695095b0438111838e7093c679bd3c20,"{""distance"":3,""physical_error_rate"":0.0005}","{""detection_events"":387,""detectors_checked"":387072,""obs_mistake_mask=___E"":1}"
      9216,         0,         0,   0.779,decoder_by_matrix,cd5aa4935a142b600239883e928f6c7fc9fbc8c84161e9ed59cf2551b7ebfc3d,"{""distance"":3,""physical_error_rate"":5e-05}","{""detection_events"":39,""detectors_checked"":497664}"
     14336,         0,         0,   0.710,decoder_by_matrix,73784f3389b885bc1b704dac0b44b83e08b79da81bcec9ed749229213445f550,"{""distance"":3,""physical_error_rate"":1e-05}","{""detection_events"":18,""detectors_checked"":774144}"
     16384,         0,         0,   0.846,decoder_by_matrix,73784f3389b885bc1b704dac0b44b83e08b79da81bcec9ed749229213445f550,"{""distance"":3,""physical_error_rate"":1e-05}","{""detection_events"":9,""detectors_checked"":884736}"
      8192,         0,         0,   0.878,decoder_by_matrix,5dee359087c4b9ae2c20477a4d5136d2695095b0438111838e7093c679bd3c20,"{""distance"":3,""physical_error_rate"":0.0005}","{""detection_events"":465,""detectors_checked"":442368}"
      9216,         0,         0,   0.900,decoder_by_matrix,c8397cb2c46e4683a6f3970bc42cef1aabfef4d80cfcd6b8313e87630b680ee2,"{""distance"":3,""physical_error_rate"":0.0001}","{""detection_events"":84,""detectors_checked"":497664}"
     10240,         0,         0,    1.03,decoder_by_matrix,c8397cb2c46e4683a6f3970bc42cef1aabfef4d80cfcd6b8313e87630b680ee2,"{""distance"":3,""physical_error_rate"":0.0001}","{""detection_events"":96,""detectors_checked"":552960}"
     10240,         0,         0,    1.03,decoder_by_matrix,5dee359087c4b9ae2c20477a4d5136d2695095b0438111838e7093c679bd3c20,"{""distance"":3,""physical_error_rate"":0.0005}","{""detection_events"":642,""detectors_checked"":552960}"
     13312,         0,         0,    1.03,decoder_by_matrix,cd5aa4935a142b600239883e928f6c7fc9fbc8c84161e9ed59cf2551b7ebfc3d,"{""distance"":3,""physical_error_rate"":5e-05}","{""detection_events"":81,""detectors_checked"":718848}"
     19456,         0,         0,    1.02,decoder_by_matrix,73784f3389b885bc1b704dac0b44b83e08b79da81bcec9ed749229213445f550,"{""distance"":3,""physical_error_rate"":1e-05}","{""detection_events"":39,""detectors_checked"":1050624}"
     11264,         0,         0,    1.03,decoder_by_matrix,c8397cb2c46e4683a6f3970bc42cef1aabfef4d80cfcd6b8313e87630b680ee2,"{""distance"":3,""physical_error_rate"":0.0001}","{""detection_events"":108,""detectors_checked"":608256}"
     11264,         0,         0,    1.02,decoder_by_matrix,cd5aa4935a142b600239883e928f6c7fc9fbc8c84161e9ed59cf2551b7ebfc3d,"{""distance"":3,""physical_error_rate"":5e-05}","{""detection_events"":48,""detectors_checked"":608256}"
      9216,         0,         0,    1.02,decoder_by_matrix,5dee359087c4b9ae2c20477a4d5136d2695095b0438111838e7093c679bd3c20,"{""distance"":3,""physical_error_rate"":0.0005}","{""detection_events"":510,""detectors_checked"":497664}"
     12288,         0,         0,    1.03,decoder_by_matrix,cd5aa4935a142b600239883e928f6c7fc9fbc8c84161e9ed59cf2551b7ebfc3d,"{""distance"":3,""physical_error_rate"":5e-05}","{""detection_events"":51,""detectors_checked"":663552}"
     21504,         0,         0,   0.755,decoder_by_matrix,73784f3389b885bc1b704dac0b44b83e08b79da81bcec9ed749229213445f550,"{""distance"":3,""physical_error_rate"":1e-05}","{""detection_events"":24,""detectors_checked"":1161216}"
   1262592,         1,         0,   117.7,decoder_by_matrix,c8397cb2c46e4683a6f3970bc42cef1aabfef4d80cfcd6b8313e87630b680ee2,"{""distance"":3,""physical_error_rate"":0.0001}","{""detection_events"":15069,""detectors_checked"":68179968,""obs_mistake_mask=_EE_"":1}"
     25600,         0,         0,    1.25,decoder_by_matrix,73784f3389b885bc1b704dac0b44b83e08b79da81bcec9ed749229213445f550,"{""distance"":3,""physical_error_rate"":1e-05}","{""detection_events"":24,""detectors_checked"":1382400}"
   1522688,         0,         0,   117.1,decoder_by_matrix,cd5aa4935a142b600239883e928f6c7fc9fbc8c84161e9ed59cf2551b7ebfc3d,"{""distance"":3,""physical_error_rate"":5e-05}","{""detection_events"":8820,""detectors_checked"":82225152}"
     12288,         0,         0,    1.26,decoder_by_matrix,5dee359087c4b9ae2c20477a4d5136d2695095b0438111838e7093c679bd3c20,"{""distance"":3,""physical_error_rate"":0.0005}","{""detection_events"":678,""detectors_checked"":663552}"
     13312,         0,         0,    1.03,decoder_by_matrix,c8397cb2c46e4683a6f3970bc42cef1aabfef4d80cfcd6b8313e87630b680ee2,"{""distance"":3,""physical_error_rate"":0.0001}","{""detection_events"":180,""detectors_checked"":718848}"
     15360,         0,         0,    1.13,decoder_by_matrix,c8397cb2c46e4683a6f3970bc42cef1aabfef4d80cfcd6b8313e87630b680ee2,"{""distance"":3,""physical_error_rate"":0.0001}","{""detection_events"":93,""detectors_checked"":829440}"
     15360,         0,         0,    1.23,decoder_by_matrix,cd5aa4935a142b600239883e928f6c7fc9fbc8c84161e9ed59cf2551b7ebfc3d,"{""distance"":3,""physical_error_rate"":5e-05}","{""detection_events"":51,""detectors_checked"":829440}"
     13312,         0,         0,    1.30,decoder_by_matrix,c8397cb2c46e4683a6f3970bc42cef1aabfef4d80cfcd6b8313e87630b680ee2,"{""distance"":3,""physical_error_rate"":0.0001}","{""detection_events"":177,""detectors_checked"":718848}"
     12288,         1,         0,    1.29,decoder_by_matrix,5dee359087c4b9ae2c20477a4d5136d2695095b0438111838e7093c679bd3c20,"{""distance"":3,""physical_error_rate"":0.0005}","{""detection_events"":657,""detectors_checked"":663552,""obs_mistake_mask=_E__"":1}"
     20480,         0,         0,    1.28,decoder_by_matrix,73784f3389b885bc1b704dac0b44b83e08b79da81bcec9ed749229213445f550,"{""distance"":3,""physical_error_rate"":1e-05}","{""detection_events"":39,""detectors_checked"":1105920}"
     14336,         0,         0,    1.28,decoder_by_matrix,cd5aa4935a142b600239883e928f6c7fc9fbc8c84161e9ed59cf2551b7ebfc3d,"{""distance"":3,""physical_error_rate"":5e-05}","{""detection_events"":72,""detectors_checked"":774144}"
     12288,         0,         0,    1.02,decoder_by_matrix,5dee359087c4b9ae2c20477a4d5136d2695095b0438111838e7093c679bd3c20,"{""distance"":3,""physical_error_rate"":0.0005}","{""detection_events"":798,""detectors_checked"":663552}"
     15360,         0,         0,    1.28,decoder_by_matrix,cd5aa4935a142b600239883e928f6c7fc9fbc8c84161e9ed59cf2551b7ebfc3d,"{""distance"":3,""physical_error_rate"":5e-05}","{""detection_events"":105,""detectors_checked"":829440}"
     29696,         0,         0,    1.29,decoder_by_matrix,73784f3389b885bc1b704dac0b44b83e08b79da81bcec9ed749229213445f550,"{""distance"":3,""physical_error_rate"":1e-05}","{""detection_events"":9,""detectors_checked"":1603584}"
   1131520,        22,         0,   116.7,decoder_by_matrix,5dee359087c4b9ae2c20477a4d5136d2695095b0438111838e7093c679bd3c20,"{""distance"":3,""physical_error_rate"":0.0005}","{""detection_events"":68502,""detectors_checked"":61102080,""obs_mistake_mask=E___"":3,""obs_mistake_mask=_EEE"":1,""obs_mistake_mask=_EE_"":4,""obs_mistake_mask=_E_E"":3,""obs_mistake_mask=_E__"":2,""obs_mistake_mask=__EE"":3,""obs_mistake_mask=__E_"":4,""obs_mistake_mask=___E"":2}"
   2399232,         0,         0,   116.1,decoder_by_matrix,73784f3389b885bc1b704dac0b44b83e08b79da81bcec9ed749229213445f550,"{""distance"":3,""physical_error_rate"":1e-05}","{""detection_events"":2949,""detectors_checked"":129558528}"
     32768,         0,         0,    1.57,decoder_by_matrix,73784f3389b885bc1b704dac0b44b83e08b79da81bcec9ed749229213445f550,"{""distance"":3,""physical_error_rate"":1e-05}","{""detection_events"":30,""detectors_checked"":1769472}"
     17408,         1,         0,    1.81,decoder_by_matrix,5dee359087c4b9ae2c20477a4d5136d2695095b0438111838e7093c679bd3c20,"{""distance"":3,""physical_error_rate"":0.0005}","{""detection_events"":972,""detectors_checked"":940032,""obs_mistake_mask=__E_"":1}"
     16384,         0,         0,    1.56,decoder_by_matrix,c8397cb2c46e4683a6f3970bc42cef1aabfef4d80cfcd6b8313e87630b680ee2,"{""distance"":3,""physical_error_rate"":0.0001}","{""detection_events"":171,""detectors_checked"":884736}"
     18432,         0,         0,    1.78,decoder_by_matrix,c8397cb2c46e4683a6f3970bc42cef1aabfef4d80cfcd6b8313e87630b680ee2,"{""distance"":3,""physical_error_rate"":0.0001}","{""detection_events"":327,""detectors_checked"":995328}"
     20480,         0,         0,    1.33,decoder_by_matrix,cd5aa4935a142b600239883e928f6c7fc9fbc8c84161e9ed59cf2551b7ebfc3d,"{""distance"":3,""physical_error_rate"":5e-05}","{""detection_events"":111,""detectors_checked"":1105920}"
     21504,         0,         0,    1.80,decoder_by_matrix,cd5aa4935a142b600239883e928f6c7fc9fbc8c84161e9ed59cf2551b7ebfc3d,"{""distance"":3,""physical_error_rate"":5e-05}","{""detection_events"":183,""detectors_checked"":1161216}"
     18432,         0,         0,    1.80,decoder_by_matrix,c8397cb2c46e4683a6f3970bc42cef1aabfef4d80cfcd6b8313e87630b680ee2,"{""distance"":3,""physical_error_rate"":0.0001}","{""detection_events"":252,""detectors_checked"":995328}"
     17408,         0,         0,    1.80,decoder_by_matrix,5dee359087c4b9ae2c20477a4d5136d2695095b0438111838e7093c679bd3c20,"{""distance"":3,""physical_error_rate"":0.0005}","{""detection_events"":1056,""detectors_checked"":940032}"
     34816,         0,         0,    1.79,decoder_by_matrix,73784f3389b885bc1b704dac0b44b83e08b79da81bcec9ed749229213445f550,"{""distance"":3,""physical_error_rate"":1e-05}","{""detection_events"":51,""detectors_checked"":1880064}"
     20480,         0,         0,    1.79,decoder_by_matrix,cd5aa4935a142b600239883e928f6c7fc9fbc8c84161e9ed59cf2551b7ebfc3d,"{""distance"":3,""physical_error_rate"":5e-05}","{""detection_events"":147,""detectors_checked"":1105920}"
     17408,         0,         0,    1.80,decoder_by_matrix,5dee359087c4b9ae2c20477a4d5136d2695095b0438111838e7093c679bd3c20,"{""distance"":3,""physical_error_rate"":0.0005}","{""detection_events"":924,""detectors_checked"":940032}"
     41984,         0,         0,    1.80,decoder_by_matrix,73784f3389b885bc1b704dac0b44b83e08b79da81bcec9ed749229213445f550,"{""distance"":3,""physical_error_rate"":1e-05}","{""detection_events"":21,""detectors_checked"":2267136}"
   1153024,        18,         0,   117.2,decoder_by_matrix,5dee359087c4b9ae2c20477a4d5136d2695095b0438111838e7093c679bd3c20,"{""distance"":3,""physical_error_rate"":0.0005}","{""detection_events"":68868,""detectors_checked"":62263296,""obs_mistake_mask=E___"":2,""obs_mistake_mask=_EEE"":3,""obs_mistake_mask=_EE_"":1,""obs_mistake_mask=_E_E"":1,""obs_mistake_mask=_E__"":2,""obs_mistake_mask=__EE"":2,""obs_mistake_mask=__E_"":5,""obs_mistake_mask=___E"":2}"
   1290240,         0,         0,   117.5,decoder_by_matrix,c8397cb2c46e4683a6f3970bc42cef1aabfef4d80cfcd6b8313e87630b680ee2,"{""distance"":3,""physical_error_rate"":0.0001}","{""detection_events"":15918,""detectors_checked"":69672960}"
   1283072,         2,         0,   117.7,decoder_by_matrix,c8397cb2c46e4683a6f3970bc42cef1aabfef4d80cfcd6b8313e87630b680ee2,"{""distance"":3,""physical_error_rate"":0.0001}","{""detection_events"":15423,""detectors_checked"":69285888,""obs_mistake_mask=___E"":2}"
   2453504,         0,         0,   115.5,decoder_by_matrix,73784f3389b885bc1b704dac0b44b83e08b79da81bcec9ed749229213445f550,"{""distance"":3,""physical_error_rate"":1e-05}","{""detection_events"":2688,""detectors_checked"":132489216}"
   2384896,         0,         0,   115.3,decoder_by_matrix,73784f3389b885bc1b704dac0b44b83e08b79da81bcec9ed749229213445f550,"{""distance"":3,""physical_error_rate"":1e-05}","{""detection_events"":2874,""detectors_checked"":128784384}"
   1513472,         0,         0,   117.7,decoder_by_matrix,cd5aa4935a142b600239883e928f6c7fc9fbc8c84161e9ed59cf2551b7ebfc3d,"{""distance"":3,""physical_error_rate"":5e-05}","{""detection_events"":8904,""detectors_checked"":81727488}"
   1548288,         1,         0,   115.9,decoder_by_matrix,cd5aa4935a142b600239883e928f6c7fc9fbc8c84161e9ed59cf2551b7ebfc3d,"{""distance"":3,""physical_error_rate"":5e-05}","{""detection_events"":9093,""detectors_checked"":83607552,""obs_mistake_mask=_EEE"":1}"
   1144832,        22,         0,   116.3,decoder_by_matrix,5dee359087c4b9ae2c20477a4d5136d2695095b0438111838e7093c679bd3c20,"{""distance"":3,""physical_error_rate"":0.0005}","{""detection_events"":67779,""detectors_checked"":61820928,""obs_mistake_mask=E___"":2,""obs_mistake_mask=_EEE"":1,""obs_mistake_mask=_EE_"":4,""obs_mistake_mask=_E__"":3,""obs_mistake_mask=__EE"":5,""obs_mistake_mask=__E_"":2,""obs_mistake_mask=___E"":5}"
   1144832,        23,         0,   117.2,decoder_by_matrix,5dee359087c4b9ae2c20477a4d5136d2695095b0438111838e7093c679bd3c20,"{""distance"":3,""physical_error_rate"":0.0005}","{""detection_events"":68598,""detectors_checked"":61820928,""obs_mistake_mask=E___"":5,""obs_mistake_mask=_EE_"":2,""obs_mistake_mask=_E_E"":3,""obs_mistake_mask=_E__"":3,""obs_mistake_mask=__EE"":2,""obs_mistake_mask=__E_"":5,""obs_mistake_mask=___E"":3}"
   1527808,         0,         0,   117.6,decoder_by_matrix,cd5aa4935a142b600239883e928f6c7fc9fbc8c84161e9ed59cf2551b7ebfc3d,"{""distance"":3,""physical_error_rate"":5e-05}","{""detection_events"":9009,""detectors_checked"":82501632}"
   2404352,         0,         0,   116.4,decoder_by_matrix,73784f3389b885bc1b704dac0b44b83e08b79da81bcec9ed749229213445f550,"{""distance"":3,""physical_error_rate"":1e-05}","{""detection_events"":2862,""detectors_checked"":129835008}"
     48128,         0,         0,    2.36,decoder_by_matrix,73784f3389b885bc1b704dac0b44b83e08b79da81bcec9ed749229213445f550,"{""distance"":3,""physical_error_rate"":1e-05}","{""detection_events"":54,""detectors_checked"":2598912}"
   2410496,         0,         0,   113.4,decoder_by_matrix,73784f3389b885bc1b704dac0b44b83e08b79da81bcec9ed749229213445f550,"{""distance"":3,""physical_error_rate"":1e-05}","{""detection_events"":2811,""detectors_checked"":130166784}"
     21504,         0,         0,    2.33,decoder_by_matrix,5dee359087c4b9ae2c20477a4d5136d2695095b0438111838e7093c679bd3c20,"{""distance"":3,""physical_error_rate"":0.0005}","{""detection_events"":1245,""detectors_checked"":1161216}"
     26624,         0,         0,    2.28,decoder_by_matrix,c8397cb2c46e4683a6f3970bc42cef1aabfef4d80cfcd6b8313e87630b680ee2,"{""distance"":3,""physical_error_rate"":0.0001}","{""detection_events"":291,""detectors_checked"":1437696}"
   1144832,        24,         0,   118.9,decoder_by_matrix,5dee359087c4b9ae2c20477a4d5136d2695095b0438111838e7093c679bd3c20,"{""distance"":3,""physical_error_rate"":0.0005}","{""detection_events"":68046,""detectors_checked"":61820928,""obs_mistake_mask=E___"":2,""obs_mistake_mask=_EEE"":2,""obs_mistake_mask=_EE_"":1,""obs_mistake_mask=_E_E"":3,""obs_mistake_mask=_E__"":3,""obs_mistake_mask=__EE"":5,""obs_mistake_mask=__E_"":4,""obs_mistake_mask=___E"":4}"
   1525760,         0,         0,   117.1,decoder_by_matrix,cd5aa4935a142b600239883e928f6c7fc9fbc8c84161e9ed59cf2551b7ebfc3d,"{""distance"":3,""physical_error_rate"":5e-05}","{""detection_events"":9312,""detectors_checked"":82391040}"
   1148928,        19,         0,   117.4,decoder_by_matrix,5dee359087c4b9ae2c20477a4d5136d2695095b0438111838e7093c679bd3c20,"{""distance"":3,""physical_error_rate"":0.0005}","{""detection_events"":69873,""detectors_checked"":62042112,""obs_mistake_mask=E___"":2,""obs_mistake_mask=_EEE"":4,""obs_mistake_mask=_E_E"":3,""obs_mistake_mask=_E__"":6,""obs_mistake_mask=__E_"":1,""obs_mistake_mask=___E"":3}"
   1283072,         2,         0,   117.4,decoder_by_matrix,c8397cb2c46e4683a6f3970bc42cef1aabfef4d80cfcd6b8313e87630b680ee2,"{""distance"":3,""physical_error_rate"":0.0001}","{""detection_events"":14967,""detectors_checked"":69285888,""obs_mistake_mask=_EE_"":1,""obs_mistake_mask=___E"":1}"
     23552,         0,         0,    2.31,decoder_by_matrix,c8397cb2c46e4683a6f3970bc42cef1aabfef4d80cfcd6b8313e87630b680ee2,"{""distance"":3,""physical_error_rate"":0.0001}","{""detection_events"":261,""detectors_checked"":1271808}"
     28672,         0,         0,    2.29,decoder_by_matrix,cd5aa4935a142b600239883e928f6c7fc9fbc8c84161e9ed59cf2551b7ebfc3d,"{""distance"":3,""physical_error_rate"":5e-05}","{""detection_events"":207,""detectors_checked"":1548288}"
     29696,         0,         0,    2.05,decoder_by_matrix,cd5aa4935a142b600239883e928f6c7fc9fbc8c84161e9ed59cf2551b7ebfc3d,"{""distance"":3,""physical_error_rate"":5e-05}","{""detection_events"":156,""detectors_checked"":1603584}"
     23552,         0,         0,    2.30,decoder_by_matrix,c8397cb2c46e4683a6f3970bc42cef1aabfef4d80cfcd6b8313e87630b680ee2,"{""distance"":3,""physical_error_rate"":0.0001}","{""detection_events"":309,""detectors_checked"":1271808}"
     21504,         0,         0,    2.30,decoder_by_matrix,5dee359087c4b9ae2c20477a4d5136d2695095b0438111838e7093c679bd3c20,"{""distance"":3,""physical_error_rate"":0.0005}","{""detection_events"":1221,""detectors_checked"":1161216}"
     41984,         0,         0,    2.31,decoder_by_matrix,73784f3389b885bc1b704dac0b44b83e08b79da81bcec9ed749229213445f550,"{""distance"":3,""physical_error_rate"":1e-05}","{""detection_events"":78,""detectors_checked"":2267136}"
     29696,         0,         0,    2.31,decoder_by_matrix,cd5aa4935a142b600239883e928f6c7fc9fbc8c84161e9ed59cf2551b7ebfc3d,"{""distance"":3,""physical_error_rate"":5e-05}","{""detection_events"":195,""detectors_checked"":1603584}"
     22528,         1,         0,    2.31,decoder_by_matrix,5dee359087c4b9ae2c20477a4d5136d2695095b0438111838e7093c679bd3c20,"{""distance"":3,""physical_error_rate"":0.0005}","{""detection_events"":1302,""detectors_checked"":1216512,""obs_mistake_mask=_E_E"":1}"
     48128,         0,         0,    2.19,decoder_by_matrix,73784f3389b885bc1b704dac0b44b83e08b79da81bcec9ed749229213445f550,"{""distance"":3,""physical_error_rate"":1e-05}","{""detection_events"":21,""detectors_checked"":2598912}"
   1288192,         2,         0,   117.9,decoder_by_matrix,c8397cb2c46e4683a6f3970bc42cef1aabfef4d80cfcd6b8313e87630b680ee2,"{""distance"":3,""physical_error_rate"":0.0001}","{""detection_events"":15369,""detectors_checked"":69562368,""obs_mistake_mask=_EEE"":1,""obs_mistake_mask=___E"":1}"
   1514496,         0,         0,   118.1,decoder_by_matrix,cd5aa4935a142b600239883e928f6c7fc9fbc8c84161e9ed59cf2551b7ebfc3d,"{""distance"":3,""physical_error_rate"":5e-05}","{""detection_events"":9231,""detectors_checked"":81782784}"
   1523712,         0,         0,   116.9,decoder_by_matrix,cd5aa4935a142b600239883e928f6c7fc9fbc8c84161e9ed59cf2551b7ebfc3d,"{""distance"":3,""physical_error_rate"":5e-05}","{""detection_events"":8976,""detectors_checked"":82280448}"
   1297408,         0,         0,   116.3,decoder_by_matrix,c8397cb2c46e4683a6f3970bc42cef1aabfef4d80cfcd6b8313e87630b680ee2,"{""distance"":3,""physical_error_rate"":0.0001}","{""detection_events"":15252,""detectors_checked"":70060032}"
   1282048,         1,         0,   116.7,decoder_by_matrix,c8397cb2c46e4683a6f3970bc42cef1aabfef4d80cfcd6b8313e87630b680ee2,"{""distance"":3,""physical_error_rate"":0.0001}","{""detection_events"":14964,""detectors_checked"":69230592,""obs_mistake_mask=E___"":1}"
   2401280,         0,         0,   114.5,decoder_by_matrix,73784f3389b885bc1b704dac0b44b83e08b79da81bcec9ed749229213445f550,"{""distance"":3,""physical_error_rate"":1e-05}","{""detection_events"":3063,""detectors_checked"":129669120}"
   1142784,        21,         0,   116.2,decoder_by_matrix,5dee359087c4b9ae2c20477a4d5136d2695095b0438111838e7093c679bd3c20,"{""distance"":3,""physical_error_rate"":0.0005}","{""detection_events"":68592,""detectors_checked"":61710336,""obs_mistake_mask=E___"":2,""obs_mistake_mask=_EEE"":3,""obs_mistake_mask=_EE_"":1,""obs_mistake_mask=_E_E"":2,""obs_mistake_mask=_E__"":3,""obs_mistake_mask=__EE"":4,""obs_mistake_mask=__E_"":3,""obs_mistake_mask=___E"":3}"
   1499136,         0,         0,   116.1,decoder_by_matrix,cd5aa4935a142b600239883e928f6c7fc9fbc8c84161e9ed59cf2551b7ebfc3d,"{""distance"":3,""physical_error_rate"":5e-05}","{""detection_events"":8853,""detectors_checked"":80953344}"
     65536,         0,         0,    3.08,decoder_by_matrix,73784f3389b885bc1b704dac0b44b83e08b79da81bcec9ed749229213445f550,"{""distance"":3,""physical_error_rate"":1e-05}","{""detection_events"":57,""detectors_checked"":3538944}"
     34816,         0,         0,    3.08,decoder_by_matrix,c8397cb2c46e4683a6f3970bc42cef1aabfef4d80cfcd6b8313e87630b680ee2,"{""distance"":3,""physical_error_rate"":0.0001}","{""detection_events"":339,""detectors_checked"":1880064}"
     30720,         1,         0,    2.87,decoder_by_matrix,5dee359087c4b9ae2c20477a4d5136d2695095b0438111838e7093c679bd3c20,"{""distance"":3,""physical_error_rate"":0.0005}","{""detection_events"":1872,""detectors_checked"":1658880,""obs_mistake_mask=_E__"":1}"
     31744,         0,         0,    3.07,decoder_by_matrix,c8397cb2c46e4683a6f3970bc42cef1aabfef4d80cfcd6b8313e87630b680ee2,"{""distance"":3,""physical_error_rate"":0.0001}","{""detection_events"":450,""detectors_checked"":1714176}"
     39936,         0,         0,    3.09,decoder_by_matrix,cd5aa4935a142b600239883e928f6c7fc9fbc8c84161e9ed59cf2551b7ebfc3d,"{""distance"":3,""physical_error_rate"":5e-05}","{""detection_events"":192,""detectors_checked"":2156544}"
     35840,         0,         0,    3.10,decoder_by_matrix,cd5aa4935a142b600239883e928f6c7fc9fbc8c84161e9ed59cf2551b7ebfc3d,"{""distance"":3,""physical_error_rate"":5e-05}","{""detection_events"":237,""detectors_checked"":1935360}"
     34816,         0,         0,    3.09,decoder_by_matrix,c8397cb2c46e4683a6f3970bc42cef1aabfef4d80cfcd6b8313e87630b680ee2,"{""distance"":3,""physical_error_rate"":0.0001}","{""detection_events"":423,""detectors_checked"":1880064}"
     62464,         0,         0,    2.81,decoder_by_matrix,73784f3389b885bc1b704dac0b44b83e08b79da81bcec9ed749229213445f550,"{""distance"":3,""physical_error_rate"":1e-05}","{""detection_events"":63,""detectors_checked"":3373056}"
     39936,         0,         0,    3.08,decoder_by_matrix,cd5aa4935a142b600239883e928f6c7fc9fbc8c84161e9ed59cf2551b7ebfc3d,"{""distance"":3,""physical_error_rate"":5e-05}","{""detection_events"":207,""detectors_checked"":2156544}"
     29696,         1,         0,    3.14,decoder_by_matrix,5dee359087c4b9ae2c20477a4d5136d2695095b0438111838e7093c679bd3c20,"{""distance"":3,""physical_error_rate"":0.0005}","{""detection_events"":1677,""detectors_checked"":1603584,""obs_mistake_mask=__E_"":1}"
     28672,         0,         0,    3.09,decoder_by_matrix,5dee359087c4b9ae2c20477a4d5136d2695095b0438111838e7093c679bd3c20,"{""distance"":3,""physical_error_rate"":0.0005}","{""detection_events"":1698,""detectors_checked"":1548288}"
     58368,         0,         0,    3.09,decoder_by_matrix,73784f3389b885bc1b704dac0b44b83e08b79da81bcec9ed749229213445f550,"{""distance"":3,""physical_error_rate"":1e-05}","{""detection_events"":87,""detectors_checked"":3151872}"
   1127424,        17,         0,   118.0,decoder_by_matrix,5dee359087c4b9ae2c20477a4d5136d2695095b0438111838e7093c679bd3c20,"{""distance"":3,""physical_error_rate"":0.0005}","{""detection_events"":66399,""detectors_checked"":60880896,""obs_mistake_mask=E___"":2,""obs_mistake_mask=_EEE"":2,""obs_mistake_mask=_EE_"":1,""obs_mistake_mask=_E_E"":1,""obs_mistake_mask=_E__"":1,""obs_mistake_mask=__EE"":2,""obs_mistake_mask=__E_"":6,""obs_mistake_mask=___E"":2}"
   2410496,         0,         0,   115.4,decoder_by_matrix,73784f3389b885bc1b704dac0b44b83e08b79da81bcec9ed749229213445f550,"{""distance"":3,""physical_error_rate"":1e-05}","{""detection_events"":2901,""detectors_checked"":130166784}"
   2399232,         0,         0,   116.7,decoder_by_matrix,73784f3389b885bc1b704dac0b44b83e08b79da81bcec9ed749229213445f550,"{""distance"":3,""physical_error_rate"":1e-05}","{""detection_events"":2856,""detectors_checked"":129558528}"
   1283072,         0,         0,   116.9,decoder_by_matrix,c8397cb2c46e4683a6f3970bc42cef1aabfef4d80cfcd6b8313e87630b680ee2,"{""distance"":3,""physical_error_rate"":0.0001}","{""detection_events"":15282,""detectors_checked"":69285888}"
     88064,         0,         0,    4.33,decoder_by_matrix,73784f3389b885bc1b704dac0b44b83e08b79da81bcec9ed749229213445f550,"{""distance"":3,""physical_error_rate"":1e-05}","{""detection_events"":87,""detectors_checked"":4755456}"
     47104,         0,         0,    4.34,decoder_by_matrix,c8397cb2c46e4683a6f3970bc42cef1aabfef4d80cfcd6b8313e87630b680ee2,"{""distance"":3,""physical_error_rate"":0.0001}","{""detection_events"":627,""detectors_checked"":2543616}"
     40960,         0,         0,    4.35,decoder_by_matrix,5dee359087c4b9ae2c20477a4d5136d2695095b0438111838e7093c679bd3c20,"{""distance"":3,""physical_error_rate"":0.0005}","{""detection_events"":2418,""detectors_checked"":2211840}"
     46080,         0,         0,    4.35,decoder_by_matrix,c8397cb2c46e4683a6f3970bc42cef1aabfef4d80cfcd6b8313e87630b680ee2,"{""distance"":3,""physical_error_rate"":0.0001}","{""detection_events"":627,""detectors_checked"":2488320}"
     60416,         0,         0,    4.32,decoder_by_matrix,cd5aa4935a142b600239883e928f6c7fc9fbc8c84161e9ed59cf2551b7ebfc3d,"{""distance"":3,""physical_error_rate"":5e-05}","{""detection_events"":300,""detectors_checked"":3262464}"
     49152,         0,         0,    3.83,decoder_by_matrix,cd5aa4935a142b600239883e928f6c7fc9fbc8c84161e9ed59cf2551b7ebfc3d,"{""distance"":3,""physical_error_rate"":5e-05}","{""detection_events"":384,""detectors_checked"":2654208}"
     48128,         0,         0,    4.11,decoder_by_matrix,c8397cb2c46e4683a6f3970bc42cef1aabfef4d80cfcd6b8313e87630b680ee2,"{""distance"":3,""physical_error_rate"":0.0001}","{""detection_events"":576,""detectors_checked"":2598912}"
     81920,         0,         0,    3.86,decoder_by_matrix,73784f3389b885bc1b704dac0b44b83e08b79da81bcec9ed749229213445f550,"{""distance"":3,""physical_error_rate"":1e-05}","{""detection_events"":159,""detectors_checked"":4423680}"
     53248,         0,         0,    4.34,decoder_by_matrix,cd5aa4935a142b600239883e928f6c7fc9fbc8c84161e9ed59cf2551b7ebfc3d,"{""distance"":3,""physical_error_rate"":5e-05}","{""detection_events"":369,""detectors_checked"":2875392}"
     41984,         1,         0,    4.09,decoder_by_matrix,5dee359087c4b9ae2c20477a4d5136d2695095b0438111838e7093c679bd3c20,"{""distance"":3,""physical_error_rate"":0.0005}","{""detection_events"":2469,""detectors_checked"":2267136,""obs_mistake_mask=E___"":1}"
     41984,         0,         0,    4.34,decoder_by_matrix,5dee359087c4b9ae2c20477a4d5136d2695095b0438111838e7093c679bd3c20,"{""distance"":3,""physical_error_rate"":0.0005}","{""detection_events"":2640,""detectors_checked"":2267136}"
     91136,         0,         0,    3.84,decoder_by_matrix,73784f3389b885bc1b704dac0b44b83e08b79da81bcec9ed749229213445f550,"{""distance"":3,""physical_error_rate"":1e-05}","{""detection_events"":120,""detectors_checked"":4921344}"
    124928,         0,         0,    6.06,decoder_by_matrix,73784f3389b885bc1b704dac0b44b83e08b79da81bcec9ed749229213445f550,"{""distance"":3,""physical_error_rate"":1e-05}","{""detection_events"":111,""detectors_checked"":6746112}"
     55296,         0,         0,    5.99,decoder_by_matrix,5dee359087c4b9ae2c20477a4d5136d2695095b0438111838e7093c679bd3c20,"{""distance"":3,""physical_error_rate"":0.0005}","{""detection_events"":3312,""detectors_checked"":2985984}"
     63488,         0,         0,    5.83,decoder_by_matrix,c8397cb2c46e4683a6f3970bc42cef1aabfef4d80cfcd6b8313e87630b680ee2,"{""distance"":3,""physical_error_rate"":0.0001}","{""detection_events"":690,""detectors_checked"":3428352}"
     62464,         0,         0,    5.20,decoder_by_matrix,c8397cb2c46e4683a6f3970bc42cef1aabfef4d80cfcd6b8313e87630b680ee2,"{""distance"":3,""physical_error_rate"":0.0001}","{""detection_events"":768,""detectors_checked"":3373056}"
     61440,         0,         0,    6.05,decoder_by_matrix,c8397cb2c46e4683a6f3970bc42cef1aabfef4d80cfcd6b8313e87630b680ee2,"{""distance"":3,""physical_error_rate"":0.0001}","{""detection_events"":696,""detectors_checked"":3317760}"
     75776,         0,         0,    5.85,decoder_by_matrix,cd5aa4935a142b600239883e928f6c7fc9fbc8c84161e9ed59cf2551b7ebfc3d,"{""distance"":3,""physical_error_rate"":5e-05}","{""detection_events"":501,""detectors_checked"":4091904}"
     75776,         0,         0,    5.92,decoder_by_matrix,cd5aa4935a142b600239883e928f6c7fc9fbc8c84161e9ed59cf2551b7ebfc3d,"{""distance"":3,""physical_error_rate"":5e-05}","{""detection_events"":462,""detectors_checked"":4091904}"
     55296,         1,         0,    5.79,decoder_by_matrix,5dee359087c4b9ae2c20477a4d5136d2695095b0438111838e7093c679bd3c20,"{""distance"":3,""physical_error_rate"":0.0005}","{""detection_events"":3363,""detectors_checked"":2985984,""obs_mistake_mask=_E__"":1}"
     56320,         0,         0,    6.07,decoder_by_matrix,5dee359087c4b9ae2c20477a4d5136d2695095b0438111838e7093c679bd3c20,"{""distance"":3,""physical_error_rate"":0.0005}","{""detection_events"":3093,""detectors_checked"":3041280}"
     73728,         0,         0,    6.11,decoder_by_matrix,cd5aa4935a142b600239883e928f6c7fc9fbc8c84161e9ed59cf2551b7ebfc3d,"{""distance"":3,""physical_error_rate"":5e-05}","{""detection_events"":498,""detectors_checked"":3981312}"
    124928,         0,         0,    6.18,decoder_by_matrix,73784f3389b885bc1b704dac0b44b83e08b79da81bcec9ed749229213445f550,"{""distance"":3,""physical_error_rate"":1e-05}","{""detection_events"":117,""detectors_checked"":6746112}"
    118784,         0,         0,    5.88,decoder_by_matrix,73784f3389b885bc1b704dac0b44b83e08b79da81bcec9ed749229213445f550,"{""distance"":3,""physical_error_rate"":1e-05}","{""detection_events"":126,""detectors_checked"":6414336}"
   2417664,         0,         0,   117.3,decoder_by_matrix,73784f3389b885bc1b704dac0b44b83e08b79da81bcec9ed749229213445f550,"{""distance"":3,""physical_error_rate"":1e-05}","{""detection_events"":2811,""detectors_checked"":130553856}"
   1141760,        26,         0,   117.7,decoder_by_matrix,5dee359087c4b9ae2c20477a4d5136d2695095b0438111838e7093c679bd3c20,"{""distance"":3,""physical_error_rate"":0.0005}","{""detection_events"":68280,""detectors_checked"":61655040,""obs_mistake_mask=E___"":1,""obs_mistake_mask=_EEE"":1,""obs_mistake_mask=_EE_"":3,""obs_mistake_mask=_E_E"":2,""obs_mistake_mask=_E__"":8,""obs_mistake_mask=__EE"":4,""obs_mistake_mask=__E_"":1,""obs_mistake_mask=___E"":6}"
   2415616,         1,         0,   114.5,decoder_by_matrix,73784f3389b885bc1b704dac0b44b83e08b79da81bcec9ed749229213445f550,"{""distance"":3,""physical_error_rate"":1e-05}","{""detection_events"":2781,""detectors_checked"":130443264,""obs_mistake_mask=___E"":1}"
   1139712,        20,         0,   116.7,decoder_by_matrix,5dee359087c4b9ae2c20477a4d5136d2695095b0438111838e7093c679bd3c20,"{""distance"":3,""physical_error_rate"":0.0005}","{""detection_events"":69057,""detectors_checked"":61544448,""obs_mistake_mask=E___"":4,""obs_mistake_mask=_EE_"":5,""obs_mistake_mask=_E_E"":2,""obs_mistake_mask=_E__"":2,""obs_mistake_mask=__EE"":3,""obs_mistake_mask=__E_"":3,""obs_mistake_mask=___E"":1}"
   1517568,         0,         0,   116.8,decoder_by_matrix,cd5aa4935a142b600239883e928f6c7fc9fbc8c84161e9ed59cf2551b7ebfc3d,"{""distance"":3,""physical_error_rate"":5e-05}","{""detection_events"":9297,""detectors_checked"":81948672}"
   1276928,         2,         0,   117.0,decoder_by_matrix,c8397cb2c46e4683a6f3970bc42cef1aabfef4d80cfcd6b8313e87630b680ee2,"{""distance"":3,""physical_error_rate"":0.0001}","{""detection_events"":15306,""detectors_checked"":68954112,""obs_mistake_mask=_E__"":1,""obs_mistake_mask=___E"":1}"
   1529856,         1,         0,   116.3,decoder_by_matrix,cd5aa4935a142b600239883e928f6c7fc9fbc8c84161e9ed59cf2551b7ebfc3d,"{""distance"":3,""physical_error_rate"":5e-05}","{""detection_events"":9204,""detectors_checked"":82612224,""obs_mistake_mask=_EE_"":1}"
   1290240,         0,         0,   116.9,decoder_by_matrix,c8397cb2c46e4683a6f3970bc42cef1aabfef4d80cfcd6b8313e87630b680ee2,"{""distance"":3,""physical_error_rate"":0.0001}","{""detection_events"":15267,""detectors_checked"":69672960}"
    166912,         0,         0,    8.39,decoder_by_matrix,73784f3389b885bc1b704dac0b44b83e08b79da81bcec9ed749229213445f550,"{""distance"":3,""physical_error_rate"":1e-05}","{""detection_events"":252,""detectors_checked"":9013248}"
     80896,         0,         0,    8.39,decoder_by_matrix,5dee359087c4b9ae2c20477a4d5136d2695095b0438111838e7093c679bd3c20,"{""distance"":3,""physical_error_rate"":0.0005}","{""detection_events"":4743,""detectors_checked"":4368384}"
     90112,         0,         0,    8.55,decoder_by_matrix,c8397cb2c46e4683a6f3970bc42cef1aabfef4d80cfcd6b8313e87630b680ee2,"{""distance"":3,""physical_error_rate"":0.0001}","{""detection_events"":1083,""detectors_checked"":4866048}"
     88064,         0,         0,    8.37,decoder_by_matrix,c8397cb2c46e4683a6f3970bc42cef1aabfef4d80cfcd6b8313e87630b680ee2,"{""distance"":3,""physical_error_rate"":0.0001}","{""detection_events"":1047,""detectors_checked"":4755456}"
     89088,         0,         0,    8.53,decoder_by_matrix,c8397cb2c46e4683a6f3970bc42cef1aabfef4d80cfcd6b8313e87630b680ee2,"{""distance"":3,""physical_error_rate"":0.0001}","{""detection_events"":975,""detectors_checked"":4810752}"
    101376,         0,         0,    8.22,decoder_by_matrix,cd5aa4935a142b600239883e928f6c7fc9fbc8c84161e9ed59cf2551b7ebfc3d,"{""distance"":3,""physical_error_rate"":5e-05}","{""detection_events"":771,""detectors_checked"":5474304}"
     80896,         0,         0,    8.43,decoder_by_matrix,5dee359087c4b9ae2c20477a4d5136d2695095b0438111838e7093c679bd3c20,"{""distance"":3,""physical_error_rate"":0.0005}","{""detection_events"":4854,""detectors_checked"":4368384}"
    115712,         1,         0,    8.22,decoder_by_matrix,cd5aa4935a142b600239883e928f6c7fc9fbc8c84161e9ed59cf2551b7ebfc3d,"{""distance"":3,""physical_error_rate"":5e-05}","{""detection_events"":636,""detectors_checked"":6248448,""obs_mistake_mask=___E"":1}"
    168960,         0,         0,    8.18,decoder_by_matrix,73784f3389b885bc1b704dac0b44b83e08b79da81bcec9ed749229213445f550,"{""distance"":3,""physical_error_rate"":1e-05}","{""detection_events"":183,""detectors_checked"":9123840}"
    173056,         0,         0,    6.66,decoder_by_matrix,73784f3389b885bc1b704dac0b44b83e08b79da81bcec9ed749229213445f550,"{""distance"":3,""physical_error_rate"":1e-05}","{""detection_events"":174,""detectors_checked"":9345024}"
     81920,         1,         0,    8.33,decoder_by_matrix,5dee359087c4b9ae2c20477a4d5136d2695095b0438111838e7093c679bd3c20,"{""distance"":3,""physical_error_rate"":0.0005}","{""detection_events"":4656,""detectors_checked"":4423680,""obs_mistake_mask=_EEE"":1}"
    109568,         0,         0,    8.35,decoder_by_matrix,cd5aa4935a142b600239883e928f6c7fc9fbc8c84161e9ed59cf2551b7ebfc3d,"{""distance"":3,""physical_error_rate"":5e-05}","{""detection_events"":657,""detectors_checked"":5916672}"
   1510400,         0,         0,   116.5,decoder_by_matrix,cd5aa4935a142b600239883e928f6c7fc9fbc8c84161e9ed59cf2551b7ebfc3d,"{""distance"":3,""physical_error_rate"":5e-05}","{""detection_events"":9432,""detectors_checked"":81561600}"
   1277952,         1,         0,   117.2,decoder_by_matrix,c8397cb2c46e4683a6f3970bc42cef1aabfef4d80cfcd6b8313e87630b680ee2,"{""distance"":3,""physical_error_rate"":0.0001}","{""detection_events"":15315,""detectors_checked"":69009408,""obs_mistake_mask=_EE_"":1}"
   1149952,        12,         0,   117.2,decoder_by_matrix,5dee359087c4b9ae2c20477a4d5136d2695095b0438111838e7093c679bd3c20,"{""distance"":3,""physical_error_rate"":0.0005}","{""detection_events"":68322,""detectors_checked"":62097408,""obs_mistake_mask=E___"":2,""obs_mistake_mask=_EEE"":2,""obs_mistake_mask=_E_E"":1,""obs_mistake_mask=_E__"":3,""obs_mistake_mask=__E_"":2,""obs_mistake_mask=___E"":2}"
   2416640,         0,         0,   115.8,decoder_by_matrix,73784f3389b885bc1b704dac0b44b83e08b79da81bcec9ed749229213445f550,"{""distance"":3,""physical_error_rate"":1e-05}","{""detection_events"":2889,""detectors_checked"":130498560}"
    236544,         0,         0,    11.4,decoder_by_matrix,73784f3389b885bc1b704dac0b44b83e08b79da81bcec9ed749229213445f550,"{""distance"":3,""physical_error_rate"":1e-05}","{""detection_events"":300,""detectors_checked"":12773376}"
    113664,         5,         0,    11.8,decoder_by_matrix,5dee359087c4b9ae2c20477a4d5136d2695095b0438111838e7093c679bd3c20,"{""distance"":3,""physical_error_rate"":0.0005}","{""detection_events"":6780,""detectors_checked"":6137856,""obs_mistake_mask=_EEE"":1,""obs_mistake_mask=_E_E"":1,""obs_mistake_mask=_E__"":2,""obs_mistake_mask=___E"":1}"
    124928,         0,         0,    11.5,decoder_by_matrix,c8397cb2c46e4683a6f3970bc42cef1aabfef4d80cfcd6b8313e87630b680ee2,"{""distance"":3,""physical_error_rate"":0.0001}","{""detection_events"":1434,""detectors_checked"":6746112}"
    126976,         0,         0,    11.1,decoder_by_matrix,c8397cb2c46e4683a6f3970bc42cef1aabfef4d80cfcd6b8313e87630b680ee2,"{""distance"":3,""physical_error_rate"":0.0001}","{""detection_events"":1635,""detectors_checked"":6856704}"
    123904,         0,         0,    11.8,decoder_by_matrix,c8397cb2c46e4683a6f3970bc42cef1aabfef4d80cfcd6b8313e87630b680ee2,"{""distance"":3,""physical_error_rate"":0.0001}","{""detection_events"":1443,""detectors_checked"":6690816}"
    157696,         0,         0,    11.8,decoder_by_matrix,cd5aa4935a142b600239883e928f6c7fc9fbc8c84161e9ed59cf2551b7ebfc3d,"{""distance"":3,""physical_error_rate"":5e-05}","{""detection_events"":837,""detectors_checked"":8515584}"
    148480,         0,         0,    11.8,decoder_by_matrix,cd5aa4935a142b600239883e928f6c7fc9fbc8c84161e9ed59cf2551b7ebfc3d,"{""distance"":3,""physical_error_rate"":5e-05}","{""detection_events"":1035,""detectors_checked"":8017920}"
    111616,         4,         0,    11.5,decoder_by_matrix,5dee359087c4b9ae2c20477a4d5136d2695095b0438111838e7093c679bd3c20,"{""distance"":3,""physical_error_rate"":0.0005}","{""detection_events"":6738,""detectors_checked"":6027264,""obs_mistake_mask=_E__"":2,""obs_mistake_mask=__EE"":1,""obs_mistake_mask=___E"":1}"
    250880,         0,         0,    10.5,decoder_by_matrix,73784f3389b885bc1b704dac0b44b83e08b79da81bcec9ed749229213445f550,"{""distance"":3,""physical_error_rate"":1e-05}","{""detection_events"":243,""detectors_checked"":13547520}"
    112640,         3,         0,    11.5,decoder_by_matrix,5dee359087c4b9ae2c20477a4d5136d2695095b0438111838e7093c679bd3c20,"{""distance"":3,""physical_error_rate"":0.0005}","{""detection_events"":6972,""detectors_checked"":6082560,""obs_mistake_mask=E___"":1,""obs_mistake_mask=_EE_"":1,""obs_mistake_mask=_E__"":1}"
    233472,         0,         0,    11.6,decoder_by_matrix,73784f3389b885bc1b704dac0b44b83e08b79da81bcec9ed749229213445f550,"{""distance"":3,""physical_error_rate"":1e-05}","{""detection_events"":333,""detectors_checked"":12607488}"
    147456,         0,         0,    11.5,decoder_by_matrix,cd5aa4935a142b600239883e928f6c7fc9fbc8c84161e9ed59cf2551b7ebfc3d,"{""distance"":3,""physical_error_rate"":5e-05}","{""detection_events"":825,""detectors_checked"":7962624}"
    329728,         0,         0,    15.9,decoder_by_matrix,73784f3389b885bc1b704dac0b44b83e08b79da81bcec9ed749229213445f550,"{""distance"":3,""physical_error_rate"":1e-05}","{""detection_events"":399,""detectors_checked"":17805312}"
    154624,         7,         0,    15.8,decoder_by_matrix,5dee359087c4b9ae2c20477a4d5136d2695095b0438111838e7093c679bd3c20,"{""distance"":3,""physical_error_rate"":0.0005}","{""detection_events"":9105,""detectors_checked"":8349696,""obs_mistake_mask=_EE_"":1,""obs_mistake_mask=_E__"":4,""obs_mistake_mask=__E_"":1,""obs_mistake_mask=___E"":1}"
    177152,         0,         0,    16.0,decoder_by_matrix,c8397cb2c46e4683a6f3970bc42cef1aabfef4d80cfcd6b8313e87630b680ee2,"{""distance"":3,""physical_error_rate"":0.0001}","{""detection_events"":2034,""detectors_checked"":9566208}"
    172032,         0,         0,    16.6,decoder_by_matrix,c8397cb2c46e4683a6f3970bc42cef1aabfef4d80cfcd6b8313e87630b680ee2,"{""distance"":3,""physical_error_rate"":0.0001}","{""detection_events"":2211,""detectors_checked"":9289728}"
    176128,         0,         0,    15.8,decoder_by_matrix,c8397cb2c46e4683a6f3970bc42cef1aabfef4d80cfcd6b8313e87630b680ee2,"{""distance"":3,""physical_error_rate"":0.0001}","{""detection_events"":2100,""detectors_checked"":9510912}"
    155648,         3,         0,    16.0,decoder_by_matrix,5dee359087c4b9ae2c20477a4d5136d2695095b0438111838e7093c679bd3c20,"{""distance"":3,""physical_error_rate"":0.0005}","{""detection_events"":8901,""detectors_checked"":8404992,""obs_mistake_mask=__EE"":1,""obs_mistake_mask=__E_"":1,""obs_mistake_mask=___E"":1}"
    209920,         0,         0,    16.1,decoder_by_matrix,cd5aa4935a142b600239883e928f6c7fc9fbc8c84161e9ed59cf2551b7ebfc3d,"{""distance"":3,""physical_error_rate"":5e-05}","{""detection_events"":1311,""detectors_checked"":11335680}"
    214016,         0,         0,    16.4,decoder_by_matrix,cd5aa4935a142b600239883e928f6c7fc9fbc8c84161e9ed59cf2551b7ebfc3d,"{""distance"":3,""physical_error_rate"":5e-05}","{""detection_events"":1245,""detectors_checked"":11556864}"
    326656,         0,         0,    16.2,decoder_by_matrix,73784f3389b885bc1b704dac0b44b83e08b79da81bcec9ed749229213445f550,"{""distance"":3,""physical_error_rate"":1e-05}","{""detection_events"":411,""detectors_checked"":17639424}"
    155648,         3,         0,    15.9,decoder_by_matrix,5dee359087c4b9ae2c20477a4d5136d2695095b0438111838e7093c679bd3c20,"{""distance"":3,""physical_error_rate"":0.0005}","{""detection_events"":9201,""detectors_checked"":8404992,""obs_mistake_mask=_EEE"":1,""obs_mistake_mask=__EE"":1,""obs_mistake_mask=__E_"":1}"
    210944,         1,         0,    16.4,decoder_by_matrix,cd5aa4935a142b600239883e928f6c7fc9fbc8c84161e9ed59cf2551b7ebfc3d,"{""distance"":3,""physical_error_rate"":5e-05}","{""detection_events"":1161,""detectors_checked"":11390976,""obs_mistake_mask=__E_"":1}"
    336896,         0,         0,    15.3,decoder_by_matrix,73784f3389b885bc1b704dac0b44b83e08b79da81bcec9ed749229213445f550,"{""distance"":3,""physical_error_rate"":1e-05}","{""detection_events"":375,""detectors_checked"":18192384}"
   2371584,         0,         0,   115.1,decoder_by_matrix,73784f3389b885bc1b704dac0b44b83e08b79da81bcec9ed749229213445f550,"{""distance"":3,""physical_error_rate"":1e-05}","{""detection_events"":2904,""detectors_checked"":128065536}"
   1280000,         0,         0,   117.0,decoder_by_matrix,c8397cb2c46e4683a6f3970bc42cef1aabfef4d80cfcd6b8313e87630b680ee2,"{""distance"":3,""physical_error_rate"":0.0001}","{""detection_events"":15327,""detectors_checked"":69120000}"
   2391040,         0,         0,   115.9,decoder_by_matrix,73784f3389b885bc1b704dac0b44b83e08b79da81bcec9ed749229213445f550,"{""distance"":3,""physical_error_rate"":1e-05}","{""detection_events"":3006,""detectors_checked"":129116160}"
   1133568,        16,         0,   116.2,decoder_by_matrix,5dee359087c4b9ae2c20477a4d5136d2695095b0438111838e7093c679bd3c20,"{""distance"":3,""physical_error_rate"":0.0005}","{""detection_events"":69033,""detectors_checked"":61212672,""obs_mistake_mask=_EEE"":5,""obs_mistake_mask=_EE_"":1,""obs_mistake_mask=_E_E"":1,""obs_mistake_mask=_E__"":4,""obs_mistake_mask=__EE"":1,""obs_mistake_mask=__E_"":1,""obs_mistake_mask=___E"":3}"
   1140736,        18,         0,   117.8,decoder_by_matrix,5dee359087c4b9ae2c20477a4d5136d2695095b0438111838e7093c679bd3c20,"{""distance"":3,""physical_error_rate"":0.0005}","{""detection_events"":68613,""detectors_checked"":61599744,""obs_mistake_mask=E___"":1,""obs_mistake_mask=_EEE"":3,""obs_mistake_mask=_EE_"":4,""obs_mistake_mask=_E_E"":2,""obs_mistake_mask=_E__"":1,""obs_mistake_mask=__EE"":1,""obs_mistake_mask=__E_"":1,""obs_mistake_mask=___E"":5}"
   1522688,         1,         0,   116.7,decoder_by_matrix,cd5aa4935a142b600239883e928f6c7fc9fbc8c84161e9ed59cf2551b7ebfc3d,"{""distance"":3,""physical_error_rate"":5e-05}","{""detection_events"":9105,""detectors_checked"":82225152,""obs_mistake_mask=___E"":1}"
   1531904,         0,         0,   116.8,decoder_by_matrix,cd5aa4935a142b600239883e928f6c7fc9fbc8c84161e9ed59cf2551b7ebfc3d,"{""distance"":3,""physical_error_rate"":5e-05}","{""detection_events"":9174,""detectors_checked"":82722816}"
   1272832,         1,         0,   117.5,decoder_by_matrix,c8397cb2c46e4683a6f3970bc42cef1aabfef4d80cfcd6b8313e87630b680ee2,"{""distance"":3,""physical_error_rate"":0.0001}","{""detection_events"":15543,""detectors_checked"":68732928,""obs_mistake_mask=_E__"":1}"
    452608,         0,         0,    21.5,decoder_by_matrix,73784f3389b885bc1b704dac0b44b83e08b79da81bcec9ed749229213445f550,"{""distance"":3,""physical_error_rate"":1e-05}","{""detection_events"":516,""detectors_checked"":24440832}"
    214016,         4,         0,    22.8,decoder_by_matrix,5dee359087c4b9ae2c20477a4d5136d2695095b0438111838e7093c679bd3c20,"{""distance"":3,""physical_error_rate"":0.0005}","{""detection_events"":13440,""detectors_checked"":11556864,""obs_mistake_mask=E___"":1,""obs_mistake_mask=_E_E"":1,""obs_mistake_mask=_E__"":1,""obs_mistake_mask=__E_"":1}"
    241664,         0,         0,    22.4,decoder_by_matrix,c8397cb2c46e4683a6f3970bc42cef1aabfef4d80cfcd6b8313e87630b680ee2,"{""distance"":3,""physical_error_rate"":0.0001}","{""detection_events"":2694,""detectors_checked"":13049856}"
    241664,         0,         0,    22.3,decoder_by_matrix,c8397cb2c46e4683a6f3970bc42cef1aabfef4d80cfcd6b8313e87630b680ee2,"{""distance"":3,""physical_error_rate"":0.0001}","{""detection_events"":2772,""detectors_checked"":13049856}"
    241664,         0,         0,    22.8,decoder_by_matrix,c8397cb2c46e4683a6f3970bc42cef1aabfef4d80cfcd6b8313e87630b680ee2,"{""distance"":3,""physical_error_rate"":0.0001}","{""detection_events"":2697,""detectors_checked"":13049856}"
    289792,         0,         0,    22.5,decoder_by_matrix,cd5aa4935a142b600239883e928f6c7fc9fbc8c84161e9ed59cf2551b7ebfc3d,"{""distance"":3,""physical_error_rate"":5e-05}","{""detection_events"":1872,""detectors_checked"":15648768}"
    285696,         0,         0,    21.7,decoder_by_matrix,cd5aa4935a142b600239883e928f6c7fc9fbc8c84161e9ed59cf2551b7ebfc3d,"{""distance"":3,""physical_error_rate"":5e-05}","{""detection_events"":1608,""detectors_checked"":15427584}"
    449536,         0,         0,    22.8,decoder_by_matrix,73784f3389b885bc1b704dac0b44b83e08b79da81bcec9ed749229213445f550,"{""distance"":3,""physical_error_rate"":1e-05}","{""detection_events"":561,""detectors_checked"":24274944}"
    212992,         7,         0,    23.0,decoder_by_matrix,5dee359087c4b9ae2c20477a4d5136d2695095b0438111838e7093c679bd3c20,"{""distance"":3,""physical_error_rate"":0.0005}","{""detection_events"":12909,""detectors_checked"":11501568,""obs_mistake_mask=_E_E"":1,""obs_mistake_mask=_E__"":2,""obs_mistake_mask=__EE"":2,""obs_mistake_mask=__E_"":1,""obs_mistake_mask=___E"":1}"
    279552,         0,         0,    22.7,decoder_by_matrix,cd5aa4935a142b600239883e928f6c7fc9fbc8c84161e9ed59cf2551b7ebfc3d,"{""distance"":3,""physical_error_rate"":5e-05}","{""detection_events"":1848,""detectors_checked"":15095808}"
    214016,         2,         0,    23.0,decoder_by_matrix,5dee359087c4b9ae2c20477a4d5136d2695095b0438111838e7093c679bd3c20,"{""distance"":3,""physical_error_rate"":0.0005}","{""detection_events"":12870,""detectors_checked"":11556864,""obs_mistake_mask=_EE_"":1,""obs_mistake_mask=__EE"":1}"
    450560,         0,         0,    22.6,decoder_by_matrix,73784f3389b885bc1b704dac0b44b83e08b79da81bcec9ed749229213445f550,"{""distance"":3,""physical_error_rate"":1e-05}","{""detection_events"":570,""detectors_checked"":24330240}"
    637952,         0,         0,    31.2,decoder_by_matrix,73784f3389b885bc1b704dac0b44b83e08b79da81bcec9ed749229213445f550,"{""distance"":3,""physical_error_rate"":1e-05}","{""detection_events"":708,""detectors_checked"":34449408}"
    300032,         8,         0,    31.9,decoder_by_matrix,5dee359087c4b9ae2c20477a4d5136d2695095b0438111838e7093c679bd3c20,"{""distance"":3,""physical_error_rate"":0.0005}","{""detection_events"":17694,""detectors_checked"":16201728,""obs_mistake_mask=_EEE"":1,""obs_mistake_mask=_EE_"":3,""obs_mistake_mask=_E__"":1,""obs_mistake_mask=__EE"":3}"
    336896,         0,         0,    31.9,decoder_by_matrix,c8397cb2c46e4683a6f3970bc42cef1aabfef4d80cfcd6b8313e87630b680ee2,"{""distance"":3,""physical_error_rate"":0.0001}","{""detection_events"":4137,""detectors_checked"":18192384}"
    333824,         1,         0,    31.3,decoder_by_matrix,c8397cb2c46e4683a6f3970bc42cef1aabfef4d80cfcd6b8313e87630b680ee2,"{""distance"":3,""physical_error_rate"":0.0001}","{""detection_events"":4011,""detectors_checked"":18026496,""obs_mistake_mask=_EE_"":1}"
    294912,         3,         0,    32.1,decoder_by_matrix,5dee359087c4b9ae2c20477a4d5136d2695095b0438111838e7093c679bd3c20,"{""distance"":3,""physical_error_rate"":0.0005}","{""detection_events"":18396,""detectors_checked"":15925248,""obs_mistake_mask=E___"":1,""obs_mistake_mask=_EE_"":1,""obs_mistake_mask=__E_"":1}"
    334848,         1,         0,    31.2,decoder_by_matrix,c8397cb2c46e4683a6f3970bc42cef1aabfef4d80cfcd6b8313e87630b680ee2,"{""distance"":3,""physical_error_rate"":0.0001}","{""detection_events"":3708,""detectors_checked"":18081792,""obs_mistake_mask=___E"":1}"
    633856,         0,         0,    31.0,decoder_by_matrix,73784f3389b885bc1b704dac0b44b83e08b79da81bcec9ed749229213445f550,"{""distance"":3,""physical_error_rate"":1e-05}","{""detection_events"":750,""detectors_checked"":34228224}"
    400384,         0,         0,    31.8,decoder_by_matrix,cd5aa4935a142b600239883e928f6c7fc9fbc8c84161e9ed59cf2551b7ebfc3d,"{""distance"":3,""physical_error_rate"":5e-05}","{""detection_events"":2430,""detectors_checked"":21620736}"
    395264,         0,         0,    31.0,decoder_by_matrix,cd5aa4935a142b600239883e928f6c7fc9fbc8c84161e9ed59cf2551b7ebfc3d,"{""distance"":3,""physical_error_rate"":5e-05}","{""detection_events"":2418,""detectors_checked"":21344256}"
    389120,         0,         0,    31.9,decoder_by_matrix,cd5aa4935a142b600239883e928f6c7fc9fbc8c84161e9ed59cf2551b7ebfc3d,"{""distance"":3,""physical_error_rate"":5e-05}","{""detection_events"":2550,""detectors_checked"":21012480}"
    603136,         0,         0,    31.7,decoder_by_matrix,73784f3389b885bc1b704dac0b44b83e08b79da81bcec9ed749229213445f550,"{""distance"":3,""physical_error_rate"":1e-05}","{""detection_events"":822,""detectors_checked"":32569344}"
    301056,         5,         0,    31.6,decoder_by_matrix,5dee359087c4b9ae2c20477a4d5136d2695095b0438111838e7093c679bd3c20,"{""distance"":3,""physical_error_rate"":0.0005}","{""detection_events"":17217,""detectors_checked"":16257024,""obs_mistake_mask=EE__"":1,""obs_mistake_mask=_EEE"":1,""obs_mistake_mask=_E_E"":1,""obs_mistake_mask=___E"":2}"
   2177863,         0,         0,   105.4,decoder_by_matrix,73784f3389b885bc1b704dac0b44b83e08b79da81bcec9ed749229213445f550,"{""distance"":3,""physical_error_rate"":1e-05}","{""detection_events"":2667,""detectors_checked"":117604602}"
   2192384,         0,         0,   106.6,decoder_by_matrix,73784f3389b885bc1b704dac0b44b83e08b79da81bcec9ed749229213445f550,"{""distance"":3,""physical_error_rate"":1e-05}","{""detection_events"":2436,""detectors_checked"":118388736}"
   2219008,         0,         0,   109.4,decoder_by_matrix,73784f3389b885bc1b704dac0b44b83e08b79da81bcec9ed749229213445f550,"{""distance"":3,""physical_error_rate"":1e-05}","{""detection_events"":2763,""detectors_checked"":119826432}"
   2160640,         1,         0,   105.8,decoder_by_matrix,73784f3389b885bc1b704dac0b44b83e08b79da81bcec9ed749229213445f550,"{""distance"":3,""physical_error_rate"":1e-05}","{""detection_events"":2601,""detectors_checked"":116674560,""obs_mistake_mask=_E__"":1}"
   2213888,         0,         0,   106.5,decoder_by_matrix,73784f3389b885bc1b704dac0b44b83e08b79da81bcec9ed749229213445f550,"{""distance"":3,""physical_error_rate"":1e-05}","{""detection_events"":2367,""detectors_checked"":119549952}"
   2109919,         0,         0,   101.2,decoder_by_matrix,73784f3389b885bc1b704dac0b44b83e08b79da81bcec9ed749229213445f550,"{""distance"":3,""physical_error_rate"":1e-05}","{""detection_events"":2367,""detectors_checked"":113935626}"
   1750016,         0,         0,    84.7,decoder_by_matrix,73784f3389b885bc1b704dac0b44b83e08b79da81bcec9ed749229213445f550,"{""distance"":3,""physical_error_rate"":1e-05}","{""detection_events"":2088,""detectors_checked"":94500864}"
   1748992,         0,         0,    87.1,decoder_by_matrix,73784f3389b885bc1b704dac0b44b83e08b79da81bcec9ed749229213445f550,"{""distance"":3,""physical_error_rate"":1e-05}","{""detection_events"":2139,""detectors_checked"":94445568}"
   1482752,         0,         0,    71.8,decoder_by_matrix,73784f3389b885bc1b704dac0b44b83e08b79da81bcec9ed749229213445f550,"{""distance"":3,""physical_error_rate"":1e-05}","{""detection_events"":1794,""detectors_checked"":80068608}"
   2103296,         0,         0,   103.9,decoder_by_matrix,73784f3389b885bc1b704dac0b44b83e08b79da81bcec9ed749229213445f550,"{""distance"":3,""physical_error_rate"":1e-05}","{""detection_events"":2667,""detectors_checked"":113577984}"
   2062336,         0,         0,   100.5,decoder_by_matrix,73784f3389b885bc1b704dac0b44b83e08b79da81bcec9ed749229213445f550,"{""distance"":3,""physical_error_rate"":1e-05}","{""detection_events"":2517,""detectors_checked"":111366144}"
   1259520,         1,         0,   117.2,decoder_by_matrix,c8397cb2c46e4683a6f3970bc42cef1aabfef4d80cfcd6b8313e87630b680ee2,"{""distance"":3,""physical_error_rate"":0.0001}","{""detection_events"":15036,""detectors_checked"":68014080,""obs_mistake_mask=_EEE"":1}"
   1522688,         0,         0,   117.1,decoder_by_matrix,cd5aa4935a142b600239883e928f6c7fc9fbc8c84161e9ed59cf2551b7ebfc3d,"{""distance"":3,""physical_error_rate"":5e-05}","{""detection_events"":9051,""detectors_checked"":82225152}"
   1123328,        14,         0,   118.3,decoder_by_matrix,5dee359087c4b9ae2c20477a4d5136d2695095b0438111838e7093c679bd3c20,"{""distance"":3,""physical_error_rate"":0.0005}","{""detection_events"":67395,""detectors_checked"":60659712,""obs_mistake_mask=E___"":2,""obs_mistake_mask=_EEE"":1,""obs_mistake_mask=_EE_"":2,""obs_mistake_mask=_E_E"":2,""obs_mistake_mask=_E__"":4,""obs_mistake_mask=__E_"":2,""obs_mistake_mask=___E"":1}"
   1277952,         0,         0,   117.8,decoder_by_matrix,c8397cb2c46e4683a6f3970bc42cef1aabfef4d80cfcd6b8313e87630b680ee2,"{""distance"":3,""physical_error_rate"":0.0001}","{""detection_events"":15219,""detectors_checked"":69009408}"
   1140736,        22,         0,   117.7,decoder_by_matrix,5dee359087c4b9ae2c20477a4d5136d2695095b0438111838e7093c679bd3c20,"{""distance"":3,""physical_error_rate"":0.0005}","{""detection_events"":68502,""detectors_checked"":61599744,""obs_mistake_mask=E___"":1,""obs_mistake_mask=_EEE"":3,""obs_mistake_mask=_EE_"":1,""obs_mistake_mask=_E__"":3,""obs_mistake_mask=__EE"":3,""obs_mistake_mask=__E_"":5,""obs_mistake_mask=___E"":6}"
   1292288,         0,         0,   118.6,decoder_by_matrix,c8397cb2c46e4683a6f3970bc42cef1aabfef4d80cfcd6b8313e87630b680ee2,"{""distance"":3,""physical_error_rate"":0.0001}","{""detection_events"":14580,""detectors_checked"":69783552}"
   1485824,         0,         0,   115.9,decoder_by_matrix,cd5aa4935a142b600239883e928f6c7fc9fbc8c84161e9ed59cf2551b7ebfc3d,"{""distance"":3,""physical_error_rate"":5e-05}","{""detection_events"":9273,""detectors_checked"":80234496}"
   1514496,         0,         0,   115.7,decoder_by_matrix,cd5aa4935a142b600239883e928f6c7fc9fbc8c84161e9ed59cf2551b7ebfc3d,"{""distance"":3,""physical_error_rate"":5e-05}","{""detection_events"":8901,""detectors_checked"":81782784}"
   1135616,        27,         0,   118.4,decoder_by_matrix,5dee359087c4b9ae2c20477a4d5136d2695095b0438111838e7093c679bd3c20,"{""distance"":3,""physical_error_rate"":0.0005}","{""detection_events"":67110,""detectors_checked"":61323264,""obs_mistake_mask=E___"":2,""obs_mistake_mask=_EEE"":2,""obs_mistake_mask=_EE_"":3,""obs_mistake_mask=_E_E"":2,""obs_mistake_mask=_E__"":5,""obs_mistake_mask=__EE"":2,""obs_mistake_mask=__E_"":4,""obs_mistake_mask=___E"":7}"
   1134592,        18,         0,   116.1,decoder_by_matrix,5dee359087c4b9ae2c20477a4d5136d2695095b0438111838e7093c679bd3c20,"{""distance"":3,""physical_error_rate"":0.0005}","{""detection_events"":68655,""detectors_checked"":61267968,""obs_mistake_mask=E___"":1,""obs_mistake_mask=_EEE"":2,""obs_mistake_mask=_EE_"":2,""obs_mistake_mask=_E_E"":5,""obs_mistake_mask=_E__"":1,""obs_mistake_mask=__EE"":1,""obs_mistake_mask=__E_"":2,""obs_mistake_mask=___E"":4}"
   1504256,         2,         0,   116.0,decoder_by_matrix,cd5aa4935a142b600239883e928f6c7fc9fbc8c84161e9ed59cf2551b7ebfc3d,"{""distance"":3,""physical_error_rate"":5e-05}","{""detection_events"":8955,""detectors_checked"":81229824,""obs_mistake_mask=E___"":1,""obs_mistake_mask=__EE"":1}"
   1500160,         0,         0,   115.7,decoder_by_matrix,cd5aa4935a142b600239883e928f6c7fc9fbc8c84161e9ed59cf2551b7ebfc3d,"{""distance"":3,""physical_error_rate"":5e-05}","{""detection_events"":9111,""detectors_checked"":81008640}"
   1133568,        29,         0,   116.6,decoder_by_matrix,5dee359087c4b9ae2c20477a4d5136d2695095b0438111838e7093c679bd3c20,"{""distance"":3,""physical_error_rate"":0.0005}","{""detection_events"":68559,""detectors_checked"":61212672,""obs_mistake_mask=E___"":3,""obs_mistake_mask=_EEE"":5,""obs_mistake_mask=_EE_"":3,""obs_mistake_mask=_E_E"":2,""obs_mistake_mask=_E__"":2,""obs_mistake_mask=__EE"":5,""obs_mistake_mask=__E_"":4,""obs_mistake_mask=___E"":5}"
   1137664,        28,         0,   117.8,decoder_by_matrix,5dee359087c4b9ae2c20477a4d5136d2695095b0438111838e7093c679bd3c20,"{""distance"":3,""physical_error_rate"":0.0005}","{""detection_events"":67779,""detectors_checked"":61433856,""obs_mistake_mask=E___"":1,""obs_mistake_mask=_EEE"":6,""obs_mistake_mask=_EE_"":2,""obs_mistake_mask=_E_E"":2,""obs_mistake_mask=_E__"":2,""obs_mistake_mask=__EE"":3,""obs_mistake_mask=__E_"":7,""obs_mistake_mask=___E"":5}"
   1264640,         4,         0,   116.8,decoder_by_matrix,c8397cb2c46e4683a6f3970bc42cef1aabfef4d80cfcd6b8313e87630b680ee2,"{""distance"":3,""physical_error_rate"":0.0001}","{""detection_events"":15522,""detectors_checked"":68290560,""obs_mistake_mask=_EEE"":1,""obs_mistake_mask=_EE_"":1,""obs_mistake_mask=_E__"":1,""obs_mistake_mask=__EE"":1}"
   1259520,         1,         0,   116.6,decoder_by_matrix,c8397cb2c46e4683a6f3970bc42cef1aabfef4d80cfcd6b8313e87630b680ee2,"{""distance"":3,""physical_error_rate"":0.0001}","{""detection_events"":15015,""detectors_checked"":68014080,""obs_mistake_mask=_E__"":1}"
   1507328,         0,         0,   116.9,decoder_by_matrix,cd5aa4935a142b600239883e928f6c7fc9fbc8c84161e9ed59cf2551b7ebfc3d,"{""distance"":3,""physical_error_rate"":5e-05}","{""detection_events"":8877,""detectors_checked"":81395712}"
   1494016,         0,         0,   117.5,decoder_by_matrix,cd5aa4935a142b600239883e928f6c7fc9fbc8c84161e9ed59cf2551b7ebfc3d,"{""distance"":3,""physical_error_rate"":5e-05}","{""detection_events"":8946,""detectors_checked"":80676864}"
   1276928,         0,         0,   117.7,decoder_by_matrix,c8397cb2c46e4683a6f3970bc42cef1aabfef4d80cfcd6b8313e87630b680ee2,"{""distance"":3,""physical_error_rate"":0.0001}","{""detection_events"":15042,""detectors_checked"":68954112}"
   1306624,         0,         0,   116.7,decoder_by_matrix,c8397cb2c46e4683a6f3970bc42cef1aabfef4d80cfcd6b8313e87630b680ee2,"{""distance"":3,""physical_error_rate"":0.0001}","{""detection_events"":14913,""detectors_checked"":70557696}"
   1136640,        23,         0,   117.2,decoder_by_matrix,5dee359087c4b9ae2c20477a4d5136d2695095b0438111838e7093c679bd3c20,"{""distance"":3,""physical_error_rate"":0.0005}","{""detection_events"":69771,""detectors_checked"":61378560,""obs_mistake_mask=E___"":1,""obs_mistake_mask=_EEE"":3,""obs_mistake_mask=_EE_"":1,""obs_mistake_mask=_E_E"":2,""obs_mistake_mask=_E__"":6,""obs_mistake_mask=__EE"":3,""obs_mistake_mask=__E_"":6,""obs_mistake_mask=___E"":1}"
   1487872,         0,         0,   116.7,decoder_by_matrix,cd5aa4935a142b600239883e928f6c7fc9fbc8c84161e9ed59cf2551b7ebfc3d,"{""distance"":3,""physical_error_rate"":5e-05}","{""detection_events"":9102,""detectors_checked"":80345088}"
   1121280,        22,         0,   118.3,decoder_by_matrix,5dee359087c4b9ae2c20477a4d5136d2695095b0438111838e7093c679bd3c20,"{""distance"":3,""physical_error_rate"":0.0005}","{""detection_events"":66336,""detectors_checked"":60549120,""obs_mistake_mask=E___"":1,""obs_mistake_mask=_EEE"":3,""obs_mistake_mask=_EE_"":3,""obs_mistake_mask=_E_E"":2,""obs_mistake_mask=_E__"":4,""obs_mistake_mask=__EE"":2,""obs_mistake_mask=__E_"":4,""obs_mistake_mask=___E"":3}"
   1277952,         0,         0,   116.9,decoder_by_matrix,c8397cb2c46e4683a6f3970bc42cef1aabfef4d80cfcd6b8313e87630b680ee2,"{""distance"":3,""physical_error_rate"":0.0001}","{""detection_events"":15354,""detectors_checked"":69009408}"
    354000,         0,         0,    16.7,decoder_by_matrix,73784f3389b885bc1b704dac0b44b83e08b79da81bcec9ed749229213445f550,"{""distance"":3,""physical_error_rate"":1e-05}","{""detection_events"":396,""detectors_checked"":19116000}"
   1116160,         0,         0,    55.6,decoder_by_matrix,73784f3389b885bc1b704dac0b44b83e08b79da81bcec9ed749229213445f550,"{""distance"":3,""physical_error_rate"":1e-05}","{""detection_events"":1395,""detectors_checked"":60272640}"
   1124352,         0,         0,    54.1,decoder_by_matrix,73784f3389b885bc1b704dac0b44b83e08b79da81bcec9ed749229213445f550,"{""distance"":3,""physical_error_rate"":1e-05}","{""detection_events"":1194,""detectors_checked"":60715008}"
    443076,         0,         0,    21.6,decoder_by_matrix,73784f3389b885bc1b704dac0b44b83e08b79da81bcec9ed749229213445f550,"{""distance"":3,""physical_error_rate"":1e-05}","{""detection_events"":546,""detectors_checked"":23926104}"
    667368,         0,         0,    31.1,decoder_by_matrix,73784f3389b885bc1b704dac0b44b83e08b79da81bcec9ed749229213445f550,"{""distance"":3,""physical_error_rate"":1e-05}","{""detection_events"":708,""detectors_checked"":36037872}"
    633856,         0,         0,    30.1,decoder_by_matrix,73784f3389b885bc1b704dac0b44b83e08b79da81bcec9ed749229213445f550,"{""distance"":3,""physical_error_rate"":1e-05}","{""detection_events"":759,""detectors_checked"":34228224}"
    625657,         0,         0,    31.7,decoder_by_matrix,73784f3389b885bc1b704dac0b44b83e08b79da81bcec9ed749229213445f550,"{""distance"":3,""physical_error_rate"":1e-05}","{""detection_events"":840,""detectors_checked"":33785478}"
    568320,         0,         0,    26.8,decoder_by_matrix,73784f3389b885bc1b704dac0b44b83e08b79da81bcec9ed749229213445f550,"{""distance"":3,""physical_error_rate"":1e-05}","{""detection_events"":762,""detectors_checked"":30689280}"
    550912,         0,         0,    27.7,decoder_by_matrix,73784f3389b885bc1b704dac0b44b83e08b79da81bcec9ed749229213445f550,"{""distance"":3,""physical_error_rate"":1e-05}","{""detection_events"":816,""detectors_checked"":29749248}"
    575488,         0,         0,    27.5,decoder_by_matrix,73784f3389b885bc1b704dac0b44b83e08b79da81bcec9ed749229213445f550,"{""distance"":3,""physical_error_rate"":1e-05}","{""detection_events"":654,""detectors_checked"":31076352}"
    569344,         0,         0,    27.8,decoder_by_matrix,73784f3389b885bc1b704dac0b44b83e08b79da81bcec9ed749229213445f550,"{""distance"":3,""physical_error_rate"":1e-05}","{""detection_events"":660,""detectors_checked"":30744576}"
    585728,         0,         0,    27.2,decoder_by_matrix,73784f3389b885bc1b704dac0b44b83e08b79da81bcec9ed749229213445f550,"{""distance"":3,""physical_error_rate"":1e-05}","{""detection_events"":708,""detectors_checked"":31629312}"
    566272,         0,         0,    29.2,decoder_by_matrix,73784f3389b885bc1b704dac0b44b83e08b79da81bcec9ed749229213445f550,"{""distance"":3,""physical_error_rate"":1e-05}","{""detection_events"":768,""detectors_checked"":30578688}"
    560128,         0,         0,    27.7,decoder_by_matrix,73784f3389b885bc1b704dac0b44b83e08b79da81bcec9ed749229213445f550,"{""distance"":3,""physical_error_rate"":1e-05}","{""detection_events"":804,""detectors_checked"":30246912}"
    600064,         0,         0,    27.6,decoder_by_matrix,73784f3389b885bc1b704dac0b44b83e08b79da81bcec9ed749229213445f550,"{""distance"":3,""physical_error_rate"":1e-05}","{""detection_events"":684,""detectors_checked"":32403456}"
    588800,         0,         0,    27.2,decoder_by_matrix,73784f3389b885bc1b704dac0b44b83e08b79da81bcec9ed749229213445f550,"{""distance"":3,""physical_error_rate"":1e-05}","{""detection_events"":663,""detectors_checked"":31795200}"
   1129472,        21,         0,   117.1,decoder_by_matrix,5dee359087c4b9ae2c20477a4d5136d2695095b0438111838e7093c679bd3c20,"{""distance"":3,""physical_error_rate"":0.0005}","{""detection_events"":67137,""detectors_checked"":60991488,""obs_mistake_mask=E___"":2,""obs_mistake_mask=_EEE"":1,""obs_mistake_mask=_EE_"":1,""obs_mistake_mask=_E_E"":2,""obs_mistake_mask=_E__"":5,""obs_mistake_mask=__EE"":4,""obs_mistake_mask=__E_"":2,""obs_mistake_mask=___E"":4}"
     25593,         0,         0,    1.18,decoder_by_matrix,73784f3389b885bc1b704dac0b44b83e08b79da81bcec9ed749229213445f550,"{""distance"":3,""physical_error_rate"":1e-05}","{""detection_events"":39,""detectors_checked"":1382022}"
    256000,         0,         0,    12.7,decoder_by_matrix,73784f3389b885bc1b704dac0b44b83e08b79da81bcec9ed749229213445f550,"{""distance"":3,""physical_error_rate"":1e-05}","{""detection_events"":288,""detectors_checked"":13824000}"
    260096,         0,         0,    12.9,decoder_by_matrix,73784f3389b885bc1b704dac0b44b83e08b79da81bcec9ed749229213445f550,"{""distance"":3,""physical_error_rate"":1e-05}","{""detection_events"":297,""detectors_checked"":14045184}"
    266240,         0,         0,    12.9,decoder_by_matrix,73784f3389b885bc1b704dac0b44b83e08b79da81bcec9ed749229213445f550,"{""distance"":3,""physical_error_rate"":1e-05}","{""detection_events"":360,""detectors_checked"":14376960}"
   1129472,        27,         0,   116.8,decoder_by_matrix,5dee359087c4b9ae2c20477a4d5136d2695095b0438111838e7093c679bd3c20,"{""distance"":3,""physical_error_rate"":0.0005}","{""detection_events"":67497,""detectors_checked"":60991488,""obs_mistake_mask=_EEE"":6,""obs_mistake_mask=_EE_"":3,""obs_mistake_mask=_E_E"":3,""obs_mistake_mask=_E__"":3,""obs_mistake_mask=__EE"":2,""obs_mistake_mask=__E_"":8,""obs_mistake_mask=___E"":2}"
   1505280,         0,         0,   117.4,decoder_by_matrix,cd5aa4935a142b600239883e928f6c7fc9fbc8c84161e9ed59cf2551b7ebfc3d,"{""distance"":3,""physical_error_rate"":5e-05}","{""detection_events"":8940,""detectors_checked"":81285120}"
   1250304,         0,         0,   118.0,decoder_by_matrix,c8397cb2c46e4683a6f3970bc42cef1aabfef4d80cfcd6b8313e87630b680ee2,"{""distance"":3,""physical_error_rate"":0.0001}","{""detection_events"":15186,""detectors_checked"":67516416}"
   1510400,         0,         0,   117.8,decoder_by_matrix,cd5aa4935a142b600239883e928f6c7fc9fbc8c84161e9ed59cf2551b7ebfc3d,"{""distance"":3,""physical_error_rate"":5e-05}","{""detection_events"":8883,""detectors_checked"":81561600}"
   1269760,         0,         0,   118.0,decoder_by_matrix,c8397cb2c46e4683a6f3970bc42cef1aabfef4d80cfcd6b8313e87630b680ee2,"{""distance"":3,""physical_error_rate"":0.0001}","{""detection_events"":15372,""detectors_checked"":68567040}"
    222522,         0,         0,    10.0,decoder_by_matrix,73784f3389b885bc1b704dac0b44b83e08b79da81bcec9ed749229213445f550,"{""distance"":3,""physical_error_rate"":1e-05}","{""detection_events"":303,""detectors_checked"":12016188}"
    159718,         0,         0,    7.09,decoder_by_matrix,73784f3389b885bc1b704dac0b44b83e08b79da81bcec9ed749229213445f550,"{""distance"":3,""physical_error_rate"":1e-05}","{""detection_events"":123,""detectors_checked"":8624772}"
    159718,         0,         0,    7.35,decoder_by_matrix,73784f3389b885bc1b704dac0b44b83e08b79da81bcec9ed749229213445f550,"{""distance"":3,""physical_error_rate"":1e-05}","{""detection_events"":129,""detectors_checked"":8624772}"
    149736,         0,         0,    6.34,decoder_by_matrix,73784f3389b885bc1b704dac0b44b83e08b79da81bcec9ed749229213445f550,"{""distance"":3,""physical_error_rate"":1e-05}","{""detection_events"":177,""detectors_checked"":8085744}"
    149736,         0,         0,    6.87,decoder_by_matrix,73784f3389b885bc1b704dac0b44b83e08b79da81bcec9ed749229213445f550,"{""distance"":3,""physical_error_rate"":1e-05}","{""detection_events"":198,""detectors_checked"":8085744}"
    153600,         0,         0,    7.40,decoder_by_matrix,73784f3389b885bc1b704dac0b44b83e08b79da81bcec9ed749229213445f550,"{""distance"":3,""physical_error_rate"":1e-05}","{""detection_events"":168,""detectors_checked"":8294400}"
    152576,         0,         0,    6.91,decoder_by_matrix,73784f3389b885bc1b704dac0b44b83e08b79da81bcec9ed749229213445f550,"{""distance"":3,""physical_error_rate"":1e-05}","{""detection_events"":180,""detectors_checked"":8239104}"
    157696,         0,         0,    8.48,decoder_by_matrix,73784f3389b885bc1b704dac0b44b83e08b79da81bcec9ed749229213445f550,"{""distance"":3,""physical_error_rate"":1e-05}","{""detection_events"":249,""detectors_checked"":8515584}"
    158720,         0,         0,    8.06,decoder_by_matrix,73784f3389b885bc1b704dac0b44b83e08b79da81bcec9ed749229213445f550,"{""distance"":3,""physical_error_rate"":1e-05}","{""detection_events"":219,""detectors_checked"":8570880}"
    149504,         0,         0,    6.87,decoder_by_matrix,73784f3389b885bc1b704dac0b44b83e08b79da81bcec9ed749229213445f550,"{""distance"":3,""physical_error_rate"":1e-05}","{""detection_events"":180,""detectors_checked"":8073216}"
      2022,         0,         0,   0.224,decoder_by_matrix,73784f3389b885bc1b704dac0b44b83e08b79da81bcec9ed749229213445f550,"{""distance"":3,""physical_error_rate"":1e-05}","{""detection_events"":9,""detectors_checked"":109188}"
       232,         0,         0,   0.000,decoder_by_matrix,73784f3389b885bc1b704dac0b44b83e08b79da81bcec9ed749229213445f550,"{""distance"":3,""physical_error_rate"":1e-05}","{""detectors_checked"":12528}"
    129024,         0,         0,    5.80,decoder_by_matrix,73784f3389b885bc1b704dac0b44b83e08b79da81bcec9ed749229213445f550,"{""distance"":3,""physical_error_rate"":1e-05}","{""detection_events"":102,""detectors_checked"":6967296}"
    142336,         0,         0,    6.84,decoder_by_matrix,73784f3389b885bc1b704dac0b44b83e08b79da81bcec9ed749229213445f550,"{""distance"":3,""physical_error_rate"":1e-05}","{""detection_events"":228,""detectors_checked"":7686144}"
    129024,         0,         0,    6.27,decoder_by_matrix,73784f3389b885bc1b704dac0b44b83e08b79da81bcec9ed749229213445f550,"{""distance"":3,""physical_error_rate"":1e-05}","{""detection_events"":126,""detectors_checked"":6967296}"
     76800,         0,         0,    3.07,decoder_by_matrix,73784f3389b885bc1b704dac0b44b83e08b79da81bcec9ed749229213445f550,"{""distance"":3,""physical_error_rate"":1e-05}","{""detection_events"":57,""detectors_checked"":4147200}"
    140288,         0,         0,    7.63,decoder_by_matrix,73784f3389b885bc1b704dac0b44b83e08b79da81bcec9ed749229213445f550,"{""distance"":3,""physical_error_rate"":1e-05}","{""detection_events"":249,""detectors_checked"":7575552}"
    133120,         0,         0,    6.06,decoder_by_matrix,73784f3389b885bc1b704dac0b44b83e08b79da81bcec9ed749229213445f550,"{""distance"":3,""physical_error_rate"":1e-05}","{""detection_events"":123,""detectors_checked"":7188480}"
      1421,         0,         0,   0.001,decoder_by_matrix,73784f3389b885bc1b704dac0b44b83e08b79da81bcec9ed749229213445f550,"{""distance"":3,""physical_error_rate"":1e-05}","{""detectors_checked"":76734}"
      1371,         0,         0,   0.001,decoder_by_matrix,73784f3389b885bc1b704dac0b44b83e08b79da81bcec9ed749229213445f550,"{""distance"":3,""physical_error_rate"":1e-05}","{""detectors_checked"":74034}"
    126976,         0,         0,    5.83,decoder_by_matrix,73784f3389b885bc1b704dac0b44b83e08b79da81bcec9ed749229213445f550,"{""distance"":3,""physical_error_rate"":1e-05}","{""detection_events"":171,""detectors_checked"":6856704}"
     16100,         0,         0,   0.477,decoder_by_matrix,73784f3389b885bc1b704dac0b44b83e08b79da81bcec9ed749229213445f550,"{""distance"":3,""physical_error_rate"":1e-05}","{""detection_events"":3,""detectors_checked"":869400}"
     17124,         0,         0,   0.499,decoder_by_matrix,73784f3389b885bc1b704dac0b44b83e08b79da81bcec9ed749229213445f550,"{""distance"":3,""physical_error_rate"":1e-05}","{""detection_events"":33,""detectors_checked"":924696}"
      7400,         0,         0,   0.242,decoder_by_matrix,73784f3389b885bc1b704dac0b44b83e08b79da81bcec9ed749229213445f550,"{""distance"":3,""physical_error_rate"":1e-05}","{""detectors_checked"":399600}"
      3060,         0,         0,   0.003,decoder_by_matrix,73784f3389b885bc1b704dac0b44b83e08b79da81bcec9ed749229213445f550,"{""distance"":3,""physical_error_rate"":1e-05}","{""detection_events"":6,""detectors_checked"":165240}"
     17617,         0,         0,   0.742,decoder_by_matrix,73784f3389b885bc1b704dac0b44b83e08b79da81bcec9ed749229213445f550,"{""distance"":3,""physical_error_rate"":1e-05}","{""detection_events"":33,""detectors_checked"":951318}"
      1572,         0,         0,   0.001,decoder_by_matrix,73784f3389b885bc1b704dac0b44b83e08b79da81bcec9ed749229213445f550,"{""distance"":3,""physical_error_rate"":1e-05}","{""detectors_checked"":84888}"
     17617,         0,         0,   0.757,decoder_by_matrix,73784f3389b885bc1b704dac0b44b83e08b79da81bcec9ed749229213445f550,"{""distance"":3,""physical_error_rate"":1e-05}","{""detection_events"":18,""detectors_checked"":951318}"
     15541,         0,         0,   0.534,decoder_by_matrix,73784f3389b885bc1b704dac0b44b83e08b79da81bcec9ed749229213445f550,"{""distance"":3,""physical_error_rate"":1e-05}","{""detection_events"":12,""detectors_checked"":839214}"
      5143,         0,         0,   0.137,decoder_by_matrix,73784f3389b885bc1b704dac0b44b83e08b79da81bcec9ed749229213445f550,"{""distance"":3,""physical_error_rate"":1e-05}","{""detection_events"":3,""detectors_checked"":277722}"
     17617,         0,         0,   0.738,decoder_by_matrix,73784f3389b885bc1b704dac0b44b83e08b79da81bcec9ed749229213445f550,"{""distance"":3,""physical_error_rate"":1e-05}","{""detection_events"":24,""detectors_checked"":951318}"
     15360,         0,         0,   0.623,decoder_by_matrix,73784f3389b885bc1b704dac0b44b83e08b79da81bcec9ed749229213445f550,"{""distance"":3,""physical_error_rate"":1e-05}","{""detection_events"":18,""detectors_checked"":829440}"
      2347,         0,         0,   0.002,decoder_by_matrix,73784f3389b885bc1b704dac0b44b83e08b79da81bcec9ed749229213445f550,"{""distance"":3,""physical_error_rate"":1e-05}","{""detectors_checked"":126738}"
       191,         0,         0,   0.000,decoder_by_matrix,73784f3389b885bc1b704dac0b44b83e08b79da81bcec9ed749229213445f550,"{""distance"":3,""physical_error_rate"":1e-05}","{""detectors_checked"":10314}"
      2347,         0,         0,   0.002,decoder_by_matrix,73784f3389b885bc1b704dac0b44b83e08b79da81bcec9ed749229213445f550,"{""distance"":3,""physical_error_rate"":1e-05}","{""detectors_checked"":126738}"
      2433,         0,         0,   0.002,decoder_by_matrix,73784f3389b885bc1b704dac0b44b83e08b79da81bcec9ed749229213445f550,"{""distance"":3,""physical_error_rate"":1e-05}","{""detectors_checked"":131382}"
      9233,         0,         0,   0.484,decoder_by_matrix,73784f3389b885bc1b704dac0b44b83e08b79da81bcec9ed749229213445f550,"{""distance"":3,""physical_error_rate"":1e-05}","{""detection_events"":18,""detectors_checked"":498582}"
     13688,         0,         0,   0.298,decoder_by_matrix,73784f3389b885bc1b704dac0b44b83e08b79da81bcec9ed749229213445f550,"{""distance"":3,""physical_error_rate"":1e-05}","{""detection_events"":3,""detectors_checked"":739152}"
     19456,         0,         0,   0.893,decoder_by_matrix,73784f3389b885bc1b704dac0b44b83e08b79da81bcec9ed749229213445f550,"{""distance"":3,""physical_error_rate"":1e-05}","{""detection_events"":39,""detectors_checked"":1050624}"
     11615,         0,         0,   0.520,decoder_by_matrix,73784f3389b885bc1b704dac0b44b83e08b79da81bcec9ed749229213445f550,"{""distance"":3,""physical_error_rate"":1e-05}","{""detection_events"":12,""detectors_checked"":627210}"
       870,         0,         0,   0.001,decoder_by_matrix,73784f3389b885bc1b704dac0b44b83e08b79da81bcec9ed749229213445f550,"{""distance"":3,""physical_error_rate"":1e-05}","{""detectors_checked"":46980}"
      1199,         0,         0,   0.001,decoder_by_matrix,73784f3389b885bc1b704dac0b44b83e08b79da81bcec9ed749229213445f550,"{""distance"":3,""physical_error_rate"":1e-05}","{""detectors_checked"":64746}"
      3095,         0,         0,   0.002,decoder_by_matrix,73784f3389b885bc1b704dac0b44b83e08b79da81bcec9ed749229213445f550,"{""distance"":3,""physical_error_rate"":1e-05}","{""detectors_checked"":167130}"
       215,         0,         0,   0.000,decoder_by_matrix,73784f3389b885bc1b704dac0b44b83e08b79da81bcec9ed749229213445f550,"{""distance"":3,""physical_error_rate"":1e-05}","{""detectors_checked"":11610}"
      1724,         0,         0,   0.001,decoder_by_matrix,73784f3389b885bc1b704dac0b44b83e08b79da81bcec9ed749229213445f550,"{""distance"":3,""physical_error_rate"":1e-05}","{""detectors_checked"":93096}"
     14336,         0,         0,   0.443,decoder_by_matrix,73784f3389b885bc1b704dac0b44b83e08b79da81bcec9ed749229213445f550,"{""distance"":3,""physical_error_rate"":1e-05}","{""detection_events"":9,""detectors_checked"":774144}"
      8928,         0,         0,   0.258,decoder_by_matrix,73784f3389b885bc1b704dac0b44b83e08b79da81bcec9ed749229213445f550,"{""distance"":3,""physical_error_rate"":1e-05}","{""detection_events"":6,""detectors_checked"":482112}"
       508,         0,         0,   0.000,decoder_by_matrix,73784f3389b885bc1b704dac0b44b83e08b79da81bcec9ed749229213445f550,"{""distance"":3,""physical_error_rate"":1e-05}","{""detectors_checked"":27432}"
      4255,         0,         0,   0.005,decoder_by_matrix,73784f3389b885bc1b704dac0b44b83e08b79da81bcec9ed749229213445f550,"{""distance"":3,""physical_error_rate"":1e-05}","{""detection_events"":9,""detectors_checked"":229770}"
     13312,         0,         0,   0.747,decoder_by_matrix,73784f3389b885bc1b704dac0b44b83e08b79da81bcec9ed749229213445f550,"{""distance"":3,""physical_error_rate"":1e-05}","{""detection_events"":30,""detectors_checked"":718848}"
     16384,         0,         0,   0.762,decoder_by_matrix,73784f3389b885bc1b704dac0b44b83e08b79da81bcec9ed749229213445f550,"{""distance"":3,""physical_error_rate"":1e-05}","{""detection_events"":21,""detectors_checked"":884736}"
      2257,         0,         0,   0.143,decoder_by_matrix,73784f3389b885bc1b704dac0b44b83e08b79da81bcec9ed749229213445f550,"{""distance"":3,""physical_error_rate"":1e-05}","{""detection_events"":12,""detectors_checked"":121878}"
      3569,         0,         0,   0.003,decoder_by_matrix,73784f3389b885bc1b704dac0b44b83e08b79da81bcec9ed749229213445f550,"{""distance"":3,""physical_error_rate"":1e-05}","{""detection_events"":9,""detectors_checked"":192726}"
       474,         0,         0,   0.000,decoder_by_matrix,73784f3389b885bc1b704dac0b44b83e08b79da81bcec9ed749229213445f550,"{""distance"":3,""physical_error_rate"":1e-05}","{""detectors_checked"":25596}"
       305,         0,         0,   0.000,decoder_by_matrix,73784f3389b885bc1b704dac0b44b83e08b79da81bcec9ed749229213445f550,"{""distance"":3,""physical_error_rate"":1e-05}","{""detectors_checked"":16470}"
       551,         0,         0,   0.001,decoder_by_matrix,73784f3389b885bc1b704dac0b44b83e08b79da81bcec9ed749229213445f550,"{""distance"":3,""physical_error_rate"":1e-05}","{""detection_events"":9,""detectors_checked"":29754}"
      1208,         0,         0,   0.002,decoder_by_matrix,73784f3389b885bc1b704dac0b44b83e08b79da81bcec9ed749229213445f550,"{""distance"":3,""physical_error_rate"":1e-05}","{""detection_events"":6,""detectors_checked"":65232}"
      4996,         0,         0,   0.224,decoder_by_matrix,73784f3389b885bc1b704dac0b44b83e08b79da81bcec9ed749229213445f550,"{""distance"":3,""physical_error_rate"":1e-05}","{""detection_events"":6,""detectors_checked"":269784}"
      8192,         0,         0,   0.304,decoder_by_matrix,73784f3389b885bc1b704dac0b44b83e08b79da81bcec9ed749229213445f550,"{""distance"":3,""physical_error_rate"":1e-05}","{""detection_events"":18,""detectors_checked"":442368}"
         2,         0,         0,   0.000,decoder_by_matrix,73784f3389b885bc1b704dac0b44b83e08b79da81bcec9ed749229213445f550,"{""distance"":3,""physical_error_rate"":1e-05}","{""detectors_checked"":108}"
         2,         0,         0,   0.000,decoder_by_matrix,73784f3389b885bc1b704dac0b44b83e08b79da81bcec9ed749229213445f550,"{""distance"":3,""physical_error_rate"":1e-05}","{""detectors_checked"":108}"
         1,         0,         0,   0.000,decoder_by_matrix,73784f3389b885bc1b704dac0b44b83e08b79da81bcec9ed749229213445f550,"{""distance"":3,""physical_error_rate"":1e-05}","{""detectors_checked"":54}"
         2,         0,         0,   0.000,decoder_by_matrix,73784f3389b885bc1b704dac0b44b83e08b79da81bcec9ed749229213445f550,"{""distance"":3,""physical_error_rate"":1e-05}","{""detectors_checked"":108}"
         2,         0,         0,   0.000,decoder_by_matrix,73784f3389b885bc1b704dac0b44b83e08b79da81bcec9ed749229213445f550,"{""distance"":3,""physical_error_rate"":1e-05}","{""detectors_checked"":108}"
         2,         0,         0,   0.000,decoder_by_matrix,73784f3389b885bc1b704dac0b44b83e08b79da81bcec9ed749229213445f550,"{""distance"":3,""physical_error_rate"":1e-05}","{""detectors_checked"":108}"
         2,         0,         0,   0.000,decoder_by_matrix,73784f3389b885bc1b704dac0b44b83e08b79da81bcec9ed749229213445f550,"{""distance"":3,""physical_error_rate"":1e-05}","{""detectors_checked"":108}"
         2,         0,         0,   0.000,decoder_by_matrix,73784f3389b885bc1b704dac0b44b83e08b79da81bcec9ed749229213445f550,"{""distance"":3,""physical_error_rate"":1e-05}","{""detectors_checked"":108}"
         2,         0,         0,   0.000,decoder_by_matrix,73784f3389b885bc1b704dac0b44b83e08b79da81bcec9ed749229213445f550,"{""distance"":3,""physical_error_rate"":1e-05}","{""detectors_checked"":108}"
         2,         0,         0,   0.000,decoder_by_matrix,73784f3389b885bc1b704dac0b44b83e08b79da81bcec9ed749229213445f550,"{""distance"":3,""physical_error_rate"":1e-05}","{""detectors_checked"":108}"
         2,         0,         0,   0.000,decoder_by_matrix,73784f3389b885bc1b704dac0b44b83e08b79da81bcec9ed749229213445f550,"{""distance"":3,""physical_error_rate"":1e-05}","{""detectors_checked"":108}"
         2,         0,         0,   0.000,decoder_by_matrix,73784f3389b885bc1b704dac0b44b83e08b79da81bcec9ed749229213445f550,"{""distance"":3,""physical_error_rate"":1e-05}","{""detectors_checked"":108}"
         2,         0,         0,   0.000,decoder_by_matrix,73784f3389b885bc1b704dac0b44b83e08b79da81bcec9ed749229213445f550,"{""distance"":3,""physical_error_rate"":1e-05}","{""detectors_checked"":108}"
         2,         0,         0,   0.000,decoder_by_matrix,73784f3389b885bc1b704dac0b44b83e08b79da81bcec9ed749229213445f550,"{""distance"":3,""physical_error_rate"":1e-05}","{""detectors_checked"":108}"
         2,         0,         0,   0.000,decoder_by_matrix,73784f3389b885bc1b704dac0b44b83e08b79da81bcec9ed749229213445f550,"{""distance"":3,""physical_error_rate"":1e-05}","{""detectors_checked"":108}"
         2,         0,         0,   0.000,decoder_by_matrix,73784f3389b885bc1b704dac0b44b83e08b79da81bcec9ed749229213445f550,"{""distance"":3,""physical_error_rate"":1e-05}","{""detectors_checked"":108}"
      2321,         0,         0,   0.015,decoder_by_matrix,5dee359087c4b9ae2c20477a4d5136d2695095b0438111838e7093c679bd3c20,"{""distance"":3,""physical_error_rate"":0.0005}","{""detection_events"":174,""detectors_checked"":125334}"
         1,         0,         0,   0.000,decoder_by_matrix,cd5aa4935a142b600239883e928f6c7fc9fbc8c84161e9ed59cf2551b7ebfc3d,"{""distance"":3,""physical_error_rate"":5e-05}","{""detectors_checked"":54}"
         1,         0,         0,   0.000,decoder_by_matrix,c8397cb2c46e4683a6f3970bc42cef1aabfef4d80cfcd6b8313e87630b680ee2,"{""distance"":3,""physical_error_rate"":0.0001}","{""detectors_checked"":54}"
         1,         0,         0,   0.000,decoder_by_matrix,c8397cb2c46e4683a6f3970bc42cef1aabfef4d80cfcd6b8313e87630b680ee2,"{""distance"":3,""physical_error_rate"":0.0001}","{""detectors_checked"":54}"
         1,         0,         0,   0.000,decoder_by_matrix,5dee359087c4b9ae2c20477a4d5136d2695095b0438111838e7093c679bd3c20,"{""distance"":3,""physical_error_rate"":0.0005}","{""detectors_checked"":54}"
         1,         0,         0,   0.000,decoder_by_matrix,5dee359087c4b9ae2c20477a4d5136d2695095b0438111838e7093c679bd3c20,"{""distance"":3,""physical_error_rate"":0.0005}","{""detectors_checked"":54}"
         1,         0,         0,   0.000,decoder_by_matrix,cd5aa4935a142b600239883e928f6c7fc9fbc8c84161e9ed59cf2551b7ebfc3d,"{""distance"":3,""physical_error_rate"":5e-05}","{""detectors_checked"":54}"
         1,         0,         0,   0.000,decoder_by_matrix,c8397cb2c46e4683a6f3970bc42cef1aabfef4d80cfcd6b8313e87630b680ee2,"{""distance"":3,""physical_error_rate"":0.0001}","{""detectors_checked"":54}"
         1,         0,         0,   0.000,decoder_by_matrix,5dee359087c4b9ae2c20477a4d5136d2695095b0438111838e7093c679bd3c20,"{""distance"":3,""physical_error_rate"":0.0005}","{""detectors_checked"":54}"
         1,         0,         0,   0.000,decoder_by_matrix,c8397cb2c46e4683a6f3970bc42cef1aabfef4d80cfcd6b8313e87630b680ee2,"{""distance"":3,""physical_error_rate"":0.0001}","{""detectors_checked"":54}"
         1,         0,         0,   0.000,decoder_by_matrix,5dee359087c4b9ae2c20477a4d5136d2695095b0438111838e7093c679bd3c20,"{""distance"":3,""physical_error_rate"":0.0005}","{""detectors_checked"":54}"
         1,         0,         0,   0.000,decoder_by_matrix,cd5aa4935a142b600239883e928f6c7fc9fbc8c84161e9ed59cf2551b7ebfc3d,"{""distance"":3,""physical_error_rate"":5e-05}","{""detectors_checked"":54}"
         1,         0,         0,   0.000,decoder_by_matrix,cd5aa4935a142b600239883e928f6c7fc9fbc8c84161e9ed59cf2551b7ebfc3d,"{""distance"":3,""physical_error_rate"":5e-05}","{""detectors_checked"":54}"
      2320,         0,         0,   0.044,decoder_by_matrix,c8397cb2c46e4683a6f3970bc42cef1aabfef4d80cfcd6b8313e87630b680ee2,"{""distance"":3,""physical_error_rate"":0.0001}","{""detection_events"":30,""detectors_checked"":125280}"
      2320,         0,         0,   0.044,decoder_by_matrix,c8397cb2c46e4683a6f3970bc42cef1aabfef4d80cfcd6b8313e87630b680ee2,"{""distance"":3,""physical_error_rate"":0.0001}","{""detection_events"":33,""detectors_checked"":125280}"
         1,         0,         0,   0.000,decoder_by_matrix,c8397cb2c46e4683a6f3970bc42cef1aabfef4d80cfcd6b8313e87630b680ee2,"{""distance"":3,""physical_error_rate"":0.0001}","{""detectors_checked"":54}"
      2320,         0,         0,   0.048,decoder_by_matrix,5dee359087c4b9ae2c20477a4d5136d2695095b0438111838e7093c679bd3c20,"{""distance"":3,""physical_error_rate"":0.0005}","{""detection_events"":129,""detectors_checked"":125280}"
         1,         0,         0,   0.000,decoder_by_matrix,cd5aa4935a142b600239883e928f6c7fc9fbc8c84161e9ed59cf2551b7ebfc3d,"{""distance"":3,""physical_error_rate"":5e-05}","{""detectors_checked"":54}"
      2320,         0,         0,   0.052,decoder_by_matrix,5dee359087c4b9ae2c20477a4d5136d2695095b0438111838e7093c679bd3c20,"{""distance"":3,""physical_error_rate"":0.0005}","{""detection_events"":90,""detectors_checked"":125280}"
      3344,         0,         0,   0.052,decoder_by_matrix,cd5aa4935a142b600239883e928f6c7fc9fbc8c84161e9ed59cf2551b7ebfc3d,"{""distance"":3,""physical_error_rate"":5e-05}","{""detection_events"":30,""detectors_checked"":180576}"
         1,         0,         0,   0.000,decoder_by_matrix,5dee359087c4b9ae2c20477a4d5136d2695095b0438111838e7093c679bd3c20,"{""distance"":3,""physical_error_rate"":0.0005}","{""detectors_checked"":54}"
      4368,         0,         0,   0.080,decoder_by_matrix,cd5aa4935a142b600239883e928f6c7fc9fbc8c84161e9ed59cf2551b7ebfc3d,"{""distance"":3,""physical_error_rate"":5e-05}","{""detection_events"":3,""detectors_checked"":235872}"
      3344,         0,         0,   0.060,decoder_by_matrix,c8397cb2c46e4683a6f3970bc42cef1aabfef4d80cfcd6b8313e87630b680ee2,"{""distance"":3,""physical_error_rate"":0.0001}","{""detection_events"":57,""detectors_checked"":180576}"
      2320,         0,         0,   0.060,decoder_by_matrix,5dee359087c4b9ae2c20477a4d5136d2695095b0438111838e7093c679bd3c20,"{""distance"":3,""physical_error_rate"":0.0005}","{""detection_events"":126,""detectors_checked"":125280}"
      2320,         0,         0,   0.060,decoder_by_matrix,c8397cb2c46e4683a6f3970bc42cef1aabfef4d80cfcd6b8313e87630b680ee2,"{""distance"":3,""physical_error_rate"":0.0001}","{""detection_events"":45,""detectors_checked"":125280}"
      2320,         0,         0,   0.060,decoder_by_matrix,5dee359087c4b9ae2c20477a4d5136d2695095b0438111838e7093c679bd3c20,"{""distance"":3,""physical_error_rate"":0.0005}","{""detection_events"":168,""detectors_checked"":125280}"
      2320,         0,         0,   0.059,decoder_by_matrix,cd5aa4935a142b600239883e928f6c7fc9fbc8c84161e9ed59cf2551b7ebfc3d,"{""distance"":3,""physical_error_rate"":5e-05}","{""detection_events"":24,""detectors_checked"":125280}"
      2320,         0,         0,   0.059,decoder_by_matrix,cd5aa4935a142b600239883e928f6c7fc9fbc8c84161e9ed59cf2551b7ebfc3d,"{""distance"":3,""physical_error_rate"":5e-05}","{""detection_events"":6,""detectors_checked"":125280}"
      3072,         0,         0,   0.061,decoder_by_matrix,c8397cb2c46e4683a6f3970bc42cef1aabfef4d80cfcd6b8313e87630b680ee2,"{""distance"":3,""physical_error_rate"":0.0001}","{""detection_events"":81,""detectors_checked"":165888}"
      3072,         0,         0,   0.061,decoder_by_matrix,c8397cb2c46e4683a6f3970bc42cef1aabfef4d80cfcd6b8313e87630b680ee2,"{""distance"":3,""physical_error_rate"":0.0001}","{""detection_events"":39,""detectors_checked"":165888}"
      2320,         0,         0,   0.060,decoder_by_matrix,c8397cb2c46e4683a6f3970bc42cef1aabfef4d80cfcd6b8313e87630b680ee2,"{""distance"":3,""physical_error_rate"":0.0001}","{""detection_events"":30,""detectors_checked"":125280}"
      5392,         0,         0,   0.056,decoder_by_matrix,cd5aa4935a142b600239883e928f6c7fc9fbc8c84161e9ed59cf2551b7ebfc3d,"{""distance"":3,""physical_error_rate"":5e-05}","{""detection_events"":9,""detectors_checked"":291168}"
      2048,         0,         0,   0.063,decoder_by_matrix,5dee359087c4b9ae2c20477a4d5136d2695095b0438111838e7093c679bd3c20,"{""distance"":3,""physical_error_rate"":0.0005}","{""detection_events"":81,""detectors_checked"":110592}"
      2048,         0,         0,   0.059,decoder_by_matrix,5dee359087c4b9ae2c20477a4d5136d2695095b0438111838e7093c679bd3c20,"{""distance"":3,""physical_error_rate"":0.0005}","{""detection_events"":102,""detectors_checked"":110592}"
      5120,         0,         0,   0.059,decoder_by_matrix,cd5aa4935a142b600239883e928f6c7fc9fbc8c84161e9ed59cf2551b7ebfc3d,"{""distance"":3,""physical_error_rate"":5e-05}","{""detectors_checked"":276480}"
      2320,         0,         0,   0.060,decoder_by_matrix,5dee359087c4b9ae2c20477a4d5136d2695095b0438111838e7093c679bd3c20,"{""distance"":3,""physical_error_rate"":0.0005}","{""detection_events"":111,""detectors_checked"":125280}"
      4096,         0,         0,   0.092,decoder_by_matrix,cd5aa4935a142b600239883e928f6c7fc9fbc8c84161e9ed59cf2551b7ebfc3d,"{""distance"":3,""physical_error_rate"":5e-05}","{""detection_events"":15,""detectors_checked"":221184}"
      2048,         0,         0,   0.111,decoder_by_matrix,c8397cb2c46e4683a6f3970bc42cef1aabfef4d80cfcd6b8313e87630b680ee2,"{""distance"":3,""physical_error_rate"":0.0001}","{""detection_events"":45,""detectors_checked"":110592}"
      3072,         0,         0,   0.113,decoder_by_matrix,5dee359087c4b9ae2c20477a4d5136d2695095b0438111838e7093c679bd3c20,"{""distance"":3,""physical_error_rate"":0.0005}","{""detection_events"":138,""detectors_checked"":165888}"
      3072,         0,         0,   0.121,decoder_by_matrix,c8397cb2c46e4683a6f3970bc42cef1aabfef4d80cfcd6b8313e87630b680ee2,"{""distance"":3,""physical_error_rate"":0.0001}","{""detection_events"":36,""detectors_checked"":165888}"
      3072,         0,         0,   0.121,decoder_by_matrix,5dee359087c4b9ae2c20477a4d5136d2695095b0438111838e7093c679bd3c20,"{""distance"":3,""physical_error_rate"":0.0005}","{""detection_events"":147,""detectors_checked"":165888}"
      4096,         0,         0,   0.120,decoder_by_matrix,cd5aa4935a142b600239883e928f6c7fc9fbc8c84161e9ed59cf2551b7ebfc3d,"{""distance"":3,""physical_error_rate"":5e-05}","{""detection_events"":21,""detectors_checked"":221184}"
      5120,         0,         0,   0.409,decoder_by_matrix,5dee359087c4b9ae2c20477a4d5136d2695095b0438111838e7093c679bd3c20,"{""distance"":3,""physical_error_rate"":0.0005}","{""detection_events"":372,""detectors_checked"":276480}"
      3072,         0,         0,   0.148,decoder_by_matrix,cd5aa4935a142b600239883e928f6c7fc9fbc8c84161e9ed59cf2551b7ebfc3d,"{""distance"":3,""physical_error_rate"":5e-05}","{""detection_events"":24,""detectors_checked"":165888}"
      2048,         0,         0,   0.159,decoder_by_matrix,c8397cb2c46e4683a6f3970bc42cef1aabfef4d80cfcd6b8313e87630b680ee2,"{""distance"":3,""physical_error_rate"":0.0001}","{""detection_events"":24,""detectors_checked"":110592}"
      2048,         0,         0,   0.163,decoder_by_matrix,c8397cb2c46e4683a6f3970bc42cef1aabfef4d80cfcd6b8313e87630b680ee2,"{""distance"":3,""physical_error_rate"":0.0001}","{""detection_events"":18,""detectors_checked"":110592}"
      3072,         0,         0,   0.177,decoder_by_matrix,c8397cb2c46e4683a6f3970bc42cef1aabfef4d80cfcd6b8313e87630b680ee2,"{""distance"":3,""physical_error_rate"":0.0001}","{""detection_events"":42,""detectors_checked"":165888}"
      2048,         0,         0,   0.185,decoder_by_matrix,cd5aa4935a142b600239883e928f6c7fc9fbc8c84161e9ed59cf2551b7ebfc3d,"{""distance"":3,""physical_error_rate"":5e-05}","{""detection_events"":18,""detectors_checked"":110592}"
      3072,         0,         0,   0.187,decoder_by_matrix,5dee359087c4b9ae2c20477a4d5136d2695095b0438111838e7093c679bd3c20,"{""distance"":3,""physical_error_rate"":0.0005}","{""detection_events"":198,""detectors_checked"":165888}"
      3072,         0,         0,   0.208,decoder_by_matrix,5dee359087c4b9ae2c20477a4d5136d2695095b0438111838e7093c679bd3c20,"{""distance"":3,""physical_error_rate"":0.0005}","{""detection_events"":162,""detectors_checked"":165888}"
      3072,         0,         0,   0.231,decoder_by_matrix,cd5aa4935a142b600239883e928f6c7fc9fbc8c84161e9ed59cf2551b7ebfc3d,"{""distance"":3,""physical_error_rate"":5e-05}","{""detection_events"":27,""detectors_checked"":165888}"
      2048,         0,         0,   0.238,decoder_by_matrix,5dee359087c4b9ae2c20477a4d5136d2695095b0438111838e7093c679bd3c20,"{""distance"":3,""physical_error_rate"":0.0005}","{""detection_events"":108,""detectors_checked"":110592}"
      4096,         0,         0,   0.250,decoder_by_matrix,cd5aa4935a142b600239883e928f6c7fc9fbc8c84161e9ed59cf2551b7ebfc3d,"{""distance"":3,""physical_error_rate"":5e-05}","{""detection_events"":15,""detectors_checked"":221184}"
      3072,         0,         0,   0.264,decoder_by_matrix,c8397cb2c46e4683a6f3970bc42cef1aabfef4d80cfcd6b8313e87630b680ee2,"{""distance"":3,""physical_error_rate"":0.0001}","{""detection_events"":54,""detectors_checked"":165888}"
      2048,         0,         0,   0.262,decoder_by_matrix,5dee359087c4b9ae2c20477a4d5136d2695095b0438111838e7093c679bd3c20,"{""distance"":3,""physical_error_rate"":0.0005}","{""detection_events"":96,""detectors_checked"":110592}"
      3072,         0,         0,   0.262,decoder_by_matrix,c8397cb2c46e4683a6f3970bc42cef1aabfef4d80cfcd6b8313e87630b680ee2,"{""distance"":3,""physical_error_rate"":0.0001}","{""detection_events"":30,""detectors_checked"":165888}"
      2048,         0,         0,   0.262,decoder_by_matrix,5dee359087c4b9ae2c20477a4d5136d2695095b0438111838e7093c679bd3c20,"{""distance"":3,""physical_error_rate"":0.0005}","{""detection_events"":78,""detectors_checked"":110592}"
      3072,         0,         0,   0.263,decoder_by_matrix,cd5aa4935a142b600239883e928f6c7fc9fbc8c84161e9ed59cf2551b7ebfc3d,"{""distance"":3,""physical_error_rate"":5e-05}","{""detection_events"":18,""detectors_checked"":165888}"
      2048,         0,         0,   0.262,decoder_by_matrix,5dee359087c4b9ae2c20477a4d5136d2695095b0438111838e7093c679bd3c20,"{""distance"":3,""physical_error_rate"":0.0005}","{""detection_events"":135,""detectors_checked"":110592}"
      3072,         0,         0,   0.004,decoder_by_matrix,cd5aa4935a142b600239883e928f6c7fc9fbc8c84161e9ed59cf2551b7ebfc3d,"{""distance"":3,""physical_error_rate"":5e-05}","{""detection_events"":15,""detectors_checked"":165888}"
      2048,         0,         0,   0.264,decoder_by_matrix,c8397cb2c46e4683a6f3970bc42cef1aabfef4d80cfcd6b8313e87630b680ee2,"{""distance"":3,""physical_error_rate"":0.0001}","{""detection_events"":27,""detectors_checked"":110592}"
      3072,         0,         0,   0.266,decoder_by_matrix,c8397cb2c46e4683a6f3970bc42cef1aabfef4d80cfcd6b8313e87630b680ee2,"{""distance"":3,""physical_error_rate"":0.0001}","{""detection_events"":48,""detectors_checked"":165888}"
      2048,         0,         0,   0.246,decoder_by_matrix,cd5aa4935a142b600239883e928f6c7fc9fbc8c84161e9ed59cf2551b7ebfc3d,"{""distance"":3,""physical_error_rate"":5e-05}","{""detection_events"":12,""detectors_checked"":110592}"
      2048,         0,         0,   0.268,decoder_by_matrix,c8397cb2c46e4683a6f3970bc42cef1aabfef4d80cfcd6b8313e87630b680ee2,"{""distance"":3,""physical_error_rate"":0.0001}","{""detection_events"":12,""detectors_checked"":110592}"
      2048,         0,         0,   0.253,decoder_by_matrix,5dee359087c4b9ae2c20477a4d5136d2695095b0438111838e7093c679bd3c20,"{""distance"":3,""physical_error_rate"":0.0005}","{""detection_events"":102,""detectors_checked"":110592}"
      2048,         0,         0,   0.297,decoder_by_matrix,5dee359087c4b9ae2c20477a4d5136d2695095b0438111838e7093c679bd3c20,"{""distance"":3,""physical_error_rate"":0.0005}","{""detection_events"":126,""detectors_checked"":110592}"
      3072,         0,         0,   0.258,decoder_by_matrix,cd5aa4935a142b600239883e928f6c7fc9fbc8c84161e9ed59cf2551b7ebfc3d,"{""distance"":3,""physical_error_rate"":5e-05}","{""detection_events"":18,""detectors_checked"":165888}"
      3072,         0,         0,   0.259,decoder_by_matrix,5dee359087c4b9ae2c20477a4d5136d2695095b0438111838e7093c679bd3c20,"{""distance"":3,""physical_error_rate"":0.0005}","{""detection_events"":192,""detectors_checked"":165888}"
      3072,         0,         0,   0.258,decoder_by_matrix,cd5aa4935a142b600239883e928f6c7fc9fbc8c84161e9ed59cf2551b7ebfc3d,"{""distance"":3,""physical_error_rate"":5e-05}","{""detection_events"":24,""detectors_checked"":165888}"
      2048,         0,         0,   0.257,decoder_by_matrix,c8397cb2c46e4683a6f3970bc42cef1aabfef4d80cfcd6b8313e87630b680ee2,"{""distance"":3,""physical_error_rate"":0.0001}","{""detection_events"":36,""detectors_checked"":110592}"
      2048,         0,         0,   0.257,decoder_by_matrix,5dee359087c4b9ae2c20477a4d5136d2695095b0438111838e7093c679bd3c20,"{""distance"":3,""physical_error_rate"":0.0005}","{""detection_events"":72,""detectors_checked"":110592}"
      3072,         0,         0,   0.258,decoder_by_matrix,c8397cb2c46e4683a6f3970bc42cef1aabfef4d80cfcd6b8313e87630b680ee2,"{""distance"":3,""physical_error_rate"":0.0001}","{""detection_events"":15,""detectors_checked"":165888}"
      2048,         1,         0,   0.257,decoder_by_matrix,5dee359087c4b9ae2c20477a4d5136d2695095b0438111838e7093c679bd3c20,"{""distance"":3,""physical_error_rate"":0.0005}","{""detection_events"":177,""detectors_checked"":110592,""obs_mistake_mask=_E__"":1}"
      3072,         0,         0,   0.258,decoder_by_matrix,cd5aa4935a142b600239883e928f6c7fc9fbc8c84161e9ed59cf2551b7ebfc3d,"{""distance"":3,""physical_error_rate"":5e-05}","{""detection_events"":21,""detectors_checked"":165888}"
      2048,         0,         0,   0.260,decoder_by_matrix,5dee359087c4b9ae2c20477a4d5136d2695095b0438111838e7093c679bd3c20,"{""distance"":3,""physical_error_rate"":0.0005}","{""detection_events"":105,""detectors_checked"":110592}"
      4096,         0,         0,   0.266,decoder_by_matrix,cd5aa4935a142b600239883e928f6c7fc9fbc8c84161e9ed59cf2551b7ebfc3d,"{""distance"":3,""physical_error_rate"":5e-05}","{""detection_events"":15,""detectors_checked"":221184}"
      3072,         0,         0,   0.252,decoder_by_matrix,c8397cb2c46e4683a6f3970bc42cef1aabfef4d80cfcd6b8313e87630b680ee2,"{""distance"":3,""physical_error_rate"":0.0001}","{""detection_events"":33,""detectors_checked"":165888}"
      2048,         0,         0,   0.254,decoder_by_matrix,c8397cb2c46e4683a6f3970bc42cef1aabfef4d80cfcd6b8313e87630b680ee2,"{""distance"":3,""physical_error_rate"":0.0001}","{""detection_events"":33,""detectors_checked"":110592}"
      4096,         0,         0,   0.005,decoder_by_matrix,cd5aa4935a142b600239883e928f6c7fc9fbc8c84161e9ed59cf2551b7ebfc3d,"{""distance"":3,""physical_error_rate"":5e-05}","{""detection_events"":39,""detectors_checked"":221184}"
      3072,         0,         0,   0.005,decoder_by_matrix,c8397cb2c46e4683a6f3970bc42cef1aabfef4d80cfcd6b8313e87630b680ee2,"{""distance"":3,""physical_error_rate"":0.0001}","{""detection_events"":27,""detectors_checked"":165888}"
      2048,         0,         0,   0.258,decoder_by_matrix,5dee359087c4b9ae2c20477a4d5136d2695095b0438111838e7093c679bd3c20,"{""distance"":3,""physical_error_rate"":0.0005}","{""detection_events"":141,""detectors_checked"":110592}"
      3072,         0,         0,   0.260,decoder_by_matrix,5dee359087c4b9ae2c20477a4d5136d2695095b0438111838e7093c679bd3c20,"{""distance"":3,""physical_error_rate"":0.0005}","{""detection_events"":207,""detectors_checked"":165888}"
      5120,         0,         0,   0.260,decoder_by_matrix,cd5aa4935a142b600239883e928f6c7fc9fbc8c84161e9ed59cf2551b7ebfc3d,"{""distance"":3,""physical_error_rate"":5e-05}","{""detection_events"":9,""detectors_checked"":276480}"
      2048,         0,         0,   0.258,decoder_by_matrix,5dee359087c4b9ae2c20477a4d5136d2695095b0438111838e7093c679bd3c20,"{""distance"":3,""physical_error_rate"":0.0005}","{""detection_events"":108,""detectors_checked"":110592}"
      5120,         0,         0,   0.259,decoder_by_matrix,cd5aa4935a142b600239883e928f6c7fc9fbc8c84161e9ed59cf2551b7ebfc3d,"{""distance"":3,""physical_error_rate"":5e-05}","{""detection_events"":18,""detectors_checked"":276480}"
      3072,         0,         0,   0.260,decoder_by_matrix,c8397cb2c46e4683a6f3970bc42cef1aabfef4d80cfcd6b8313e87630b680ee2,"{""distance"":3,""physical_error_rate"":0.0001}","{""detection_events"":30,""detectors_checked"":165888}"
      3072,         0,         0,   0.262,decoder_by_matrix,5dee359087c4b9ae2c20477a4d5136d2695095b0438111838e7093c679bd3c20,"{""distance"":3,""physical_error_rate"":0.0005}","{""detection_events"":105,""detectors_checked"":165888}"
      3072,         0,         0,   0.262,decoder_by_matrix,c8397cb2c46e4683a6f3970bc42cef1aabfef4d80cfcd6b8313e87630b680ee2,"{""distance"":3,""physical_error_rate"":0.0001}","{""detection_events"":42,""detectors_checked"":165888}"
      3072,         0,         0,   0.262,decoder_by_matrix,5dee359087c4b9ae2c20477a4d5136d2695095b0438111838e7093c679bd3c20,"{""distance"":3,""physical_error_rate"":0.0005}","{""detection_events"":120,""detectors_checked"":165888}"
      3072,         0,         0,   0.262,decoder_by_matrix,cd5aa4935a142b600239883e928f6c7fc9fbc8c84161e9ed59cf2551b7ebfc3d,"{""distance"":3,""physical_error_rate"":5e-05}","{""detection_events"":30,""detectors_checked"":165888}"
      3072,         1,         0,   0.266,decoder_by_matrix,5dee359087c4b9ae2c20477a4d5136d2695095b0438111838e7093c679bd3c20,"{""distance"":3,""physical_error_rate"":0.0005}","{""detection_events"":192,""detectors_checked"":165888,""obs_mistake_mask=_E_E"":1}"
      3072,         0,         0,   0.257,decoder_by_matrix,cd5aa4935a142b600239883e928f6c7fc9fbc8c84161e9ed59cf2551b7ebfc3d,"{""distance"":3,""physical_error_rate"":5e-05}","{""detection_events"":24,""detectors_checked"":165888}"
      2048,         0,         0,   0.256,decoder_by_matrix,c8397cb2c46e4683a6f3970bc42cef1aabfef4d80cfcd6b8313e87630b680ee2,"{""distance"":3,""physical_error_rate"":0.0001}","{""detection_events"":18,""detectors_checked"":110592}"
      3072,         0,         0,   0.257,decoder_by_matrix,c8397cb2c46e4683a6f3970bc42cef1aabfef4d80cfcd6b8313e87630b680ee2,"{""distance"":3,""physical_error_rate"":0.0001}","{""detection_events"":21,""detectors_checked"":165888}"
      3072,         0,         0,   0.257,decoder_by_matrix,cd5aa4935a142b600239883e928f6c7fc9fbc8c84161e9ed59cf2551b7ebfc3d,"{""distance"":3,""physical_error_rate"":5e-05}","{""detection_events"":15,""detectors_checked"":165888}"
      2048,         0,         0,   0.256,decoder_by_matrix,c8397cb2c46e4683a6f3970bc42cef1aabfef4d80cfcd6b8313e87630b680ee2,"{""distance"":3,""physical_error_rate"":0.0001}","{""detection_events"":27,""detectors_checked"":110592}"
      3072,         0,         0,   0.258,decoder_by_matrix,5dee359087c4b9ae2c20477a4d5136d2695095b0438111838e7093c679bd3c20,"{""distance"":3,""physical_error_rate"":0.0005}","{""detection_events"":171,""detectors_checked"":165888}"
      2048,         0,         0,   0.256,decoder_by_matrix,5dee359087c4b9ae2c20477a4d5136d2695095b0438111838e7093c679bd3c20,"{""distance"":3,""physical_error_rate"":0.0005}","{""detection_events"":132,""detectors_checked"":110592}"
      3072,         0,         0,   0.256,decoder_by_matrix,cd5aa4935a142b600239883e928f6c7fc9fbc8c84161e9ed59cf2551b7ebfc3d,"{""distance"":3,""physical_error_rate"":5e-05}","{""detection_events"":6,""detectors_checked"":165888}"
      2048,         0,         0,   0.255,decoder_by_matrix,5dee359087c4b9ae2c20477a4d5136d2695095b0438111838e7093c679bd3c20,"{""distance"":3,""physical_error_rate"":0.0005}","{""detection_events"":147,""detectors_checked"":110592}"
      3072,         0,         0,   0.266,decoder_by_matrix,cd5aa4935a142b600239883e928f6c7fc9fbc8c84161e9ed59cf2551b7ebfc3d,"{""distance"":3,""physical_error_rate"":5e-05}","{""detection_events"":15,""detectors_checked"":165888}"
      2048,         0,         0,   0.256,decoder_by_matrix,5dee359087c4b9ae2c20477a4d5136d2695095b0438111838e7093c679bd3c20,"{""distance"":3,""physical_error_rate"":0.0005}","{""detection_events"":147,""detectors_checked"":110592}"
      2048,         0,         0,   0.256,decoder_by_matrix,c8397cb2c46e4683a6f3970bc42cef1aabfef4d80cfcd6b8313e87630b680ee2,"{""distance"":3,""physical_error_rate"":0.0001}","{""detection_events"":12,""detectors_checked"":110592}"
      2048,         0,         0,   0.256,decoder_by_matrix,5dee359087c4b9ae2c20477a4d5136d2695095b0438111838e7093c679bd3c20,"{""distance"":3,""physical_error_rate"":0.0005}","{""detection_events"":57,""detectors_checked"":110592}"
      2048,         0,         0,   0.256,decoder_by_matrix,cd5aa4935a142b600239883e928f6c7fc9fbc8c84161e9ed59cf2551b7ebfc3d,"{""distance"":3,""physical_error_rate"":5e-05}","{""detection_events"":30,""detectors_checked"":110592}"
      3072,         0,         0,   0.302,decoder_by_matrix,c8397cb2c46e4683a6f3970bc42cef1aabfef4d80cfcd6b8313e87630b680ee2,"{""distance"":3,""physical_error_rate"":0.0001}","{""detection_events"":60,""detectors_checked"":165888}"
      2048,         0,         0,   0.257,decoder_by_matrix,5dee359087c4b9ae2c20477a4d5136d2695095b0438111838e7093c679bd3c20,"{""distance"":3,""physical_error_rate"":0.0005}","{""detection_events"":126,""detectors_checked"":110592}"
      2048,         0,         0,   0.257,decoder_by_matrix,cd5aa4935a142b600239883e928f6c7fc9fbc8c84161e9ed59cf2551b7ebfc3d,"{""distance"":3,""physical_error_rate"":5e-05}","{""detection_events"":21,""detectors_checked"":110592}"
      2048,         0,         0,   0.257,decoder_by_matrix,c8397cb2c46e4683a6f3970bc42cef1aabfef4d80cfcd6b8313e87630b680ee2,"{""distance"":3,""physical_error_rate"":0.0001}","{""detection_events"":12,""detectors_checked"":110592}"
      2048,         0,         0,   0.257,decoder_by_matrix,c8397cb2c46e4683a6f3970bc42cef1aabfef4d80cfcd6b8313e87630b680ee2,"{""distance"":3,""physical_error_rate"":0.0001}","{""detection_events"":27,""detectors_checked"":110592}"
      2048,         0,         0,   0.257,decoder_by_matrix,cd5aa4935a142b600239883e928f6c7fc9fbc8c84161e9ed59cf2551b7ebfc3d,"{""distance"":3,""physical_error_rate"":5e-05}","{""detection_events"":15,""detectors_checked"":110592}"
      2048,         0,         0,   0.257,decoder_by_matrix,c8397cb2c46e4683a6f3970bc42cef1aabfef4d80cfcd6b8313e87630b680ee2,"{""distance"":3,""physical_error_rate"":0.0001}","{""detection_events"":24,""detectors_checked"":110592}"
      2048,         0,         0,   0.206,decoder_by_matrix,cd5aa4935a142b600239883e928f6c7fc9fbc8c84161e9ed59cf2551b7ebfc3d,"{""distance"":3,""physical_error_rate"":5e-05}","{""detection_events"":18,""detectors_checked"":110592}"
      2048,         0,         0,   0.261,decoder_by_matrix,5dee359087c4b9ae2c20477a4d5136d2695095b0438111838e7093c679bd3c20,"{""distance"":3,""physical_error_rate"":0.0005}","{""detection_events"":114,""detectors_checked"":110592}"
      2048,         0,         0,   0.271,decoder_by_matrix,5dee359087c4b9ae2c20477a4d5136d2695095b0438111838e7093c679bd3c20,"{""distance"":3,""physical_error_rate"":0.0005}","{""detection_events"":132,""detectors_checked"":110592}"
      3072,         0,         0,   0.266,decoder_by_matrix,5dee359087c4b9ae2c20477a4d5136d2695095b0438111838e7093c679bd3c20,"{""distance"":3,""physical_error_rate"":0.0005}","{""detection_events"":210,""detectors_checked"":165888}"
      3072,         0,         0,   0.287,decoder_by_matrix,cd5aa4935a142b600239883e928f6c7fc9fbc8c84161e9ed59cf2551b7ebfc3d,"{""distance"":3,""physical_error_rate"":5e-05}","{""detection_events"":36,""detectors_checked"":165888}"
      2048,         1,         0,   0.257,decoder_by_matrix,5dee359087c4b9ae2c20477a4d5136d2695095b0438111838e7093c679bd3c20,"{""distance"":3,""physical_error_rate"":0.0005}","{""detection_events"":141,""detectors_checked"":110592,""obs_mistake_mask=__E_"":1}"
      3072,         0,         0,   0.259,decoder_by_matrix,c8397cb2c46e4683a6f3970bc42cef1aabfef4d80cfcd6b8313e87630b680ee2,"{""distance"":3,""physical_error_rate"":0.0001}","{""detection_events"":42,""detectors_checked"":165888}"
      2048,         0,         0,   0.257,decoder_by_matrix,5dee359087c4b9ae2c20477a4d5136d2695095b0438111838e7093c679bd3c20,"{""distance"":3,""physical_error_rate"":0.0005}","{""detection_events"":81,""detectors_checked"":110592}"
      3072,         0,         0,   0.258,decoder_by_matrix,cd5aa4935a142b600239883e928f6c7fc9fbc8c84161e9ed59cf2551b7ebfc3d,"{""distance"":3,""physical_error_rate"":5e-05}","{""detection_events"":9,""detectors_checked"":165888}"
      2048,         0,         0,   0.257,decoder_by_matrix,c8397cb2c46e4683a6f3970bc42cef1aabfef4d80cfcd6b8313e87630b680ee2,"{""distance"":3,""physical_error_rate"":0.0001}","{""detection_events"":18,""detectors_checked"":110592}"
      3072,         0,         0,   0.259,decoder_by_matrix,5dee359087c4b9ae2c20477a4d5136d2695095b0438111838e7093c679bd3c20,"{""distance"":3,""physical_error_rate"":0.0005}","{""detection_events"":237,""detectors_checked"":165888}"
      2048,         0,         0,   0.257,decoder_by_matrix,cd5aa4935a142b600239883e928f6c7fc9fbc8c84161e9ed59cf2551b7ebfc3d,"{""distance"":3,""physical_error_rate"":5e-05}","{""detection_events"":15,""detectors_checked"":110592}"
      3072,         0,         0,   0.259,decoder_by_matrix,c8397cb2c46e4683a6f3970bc42cef1aabfef4d80cfcd6b8313e87630b680ee2,"{""distance"":3,""physical_error_rate"":0.0001}","{""detection_events"":27,""detectors_checked"":165888}"
      3072,         0,         0,   0.258,decoder_by_matrix,c8397cb2c46e4683a6f3970bc42cef1aabfef4d80cfcd6b8313e87630b680ee2,"{""distance"":3,""physical_error_rate"":0.0001}","{""detection_events"":24,""detectors_checked"":165888}"
      2048,         0,         0,   0.257,decoder_by_matrix,cd5aa4935a142b600239883e928f6c7fc9fbc8c84161e9ed59cf2551b7ebfc3d,"{""distance"":3,""physical_error_rate"":5e-05}","{""detection_events"":21,""detectors_checked"":110592}"
      3072,         0,         0,   0.260,decoder_by_matrix,c8397cb2c46e4683a6f3970bc42cef1aabfef4d80cfcd6b8313e87630b680ee2,"{""distance"":3,""physical_error_rate"":0.0001}","{""detection_events"":12,""detectors_checked"":165888}"
      4096,         0,         0,   0.260,decoder_by_matrix,cd5aa4935a142b600239883e928f6c7fc9fbc8c84161e9ed59cf2551b7ebfc3d,"{""distance"":3,""physical_error_rate"":5e-05}","{""detection_events"":15,""detectors_checked"":221184}"
      3072,         0,         0,   0.005,decoder_by_matrix,5dee359087c4b9ae2c20477a4d5136d2695095b0438111838e7093c679bd3c20,"{""distance"":3,""physical_error_rate"":0.0005}","{""detection_events"":114,""detectors_checked"":165888}"
      2048,         0,         0,   0.267,decoder_by_matrix,5dee359087c4b9ae2c20477a4d5136d2695095b0438111838e7093c679bd3c20,"{""distance"":3,""physical_error_rate"":0.0005}","{""detection_events"":111,""detectors_checked"":110592}"
      2048,         0,         0,   0.253,decoder_by_matrix,5dee359087c4b9ae2c20477a4d5136d2695095b0438111838e7093c679bd3c20,"{""distance"":3,""physical_error_rate"":0.0005}","{""detection_events"":138,""detectors_checked"":110592}"
      2048,         0,         0,   0.257,decoder_by_matrix,cd5aa4935a142b600239883e928f6c7fc9fbc8c84161e9ed59cf2551b7ebfc3d,"{""distance"":3,""physical_error_rate"":5e-05}","{""detection_events"":12,""detectors_checked"":110592}"
      3072,         0,         0,   0.259,decoder_by_matrix,5dee359087c4b9ae2c20477a4d5136d2695095b0438111838e7093c679bd3c20,"{""distance"":3,""physical_error_rate"":0.0005}","{""detection_events"":189,""detectors_checked"":165888}"
      2048,         0,         0,   0.257,decoder_by_matrix,c8397cb2c46e4683a6f3970bc42cef1aabfef4d80cfcd6b8313e87630b680ee2,"{""distance"":3,""physical_error_rate"":0.0001}","{""detection_events"":15,""detectors_checked"":110592}"
      3072,         0,         0,   0.259,decoder_by_matrix,5dee359087c4b9ae2c20477a4d5136d2695095b0438111838e7093c679bd3c20,"{""distance"":3,""physical_error_rate"":0.0005}","{""detection_events"":168,""detectors_checked"":165888}"
      3072,         0,         0,   0.258,decoder_by_matrix,cd5aa4935a142b600239883e928f6c7fc9fbc8c84161e9ed59cf2551b7ebfc3d,"{""distance"":3,""physical_error_rate"":5e-05}","{""detection_events"":12,""detectors_checked"":165888}"
      3072,         0,         0,   0.258,decoder_by_matrix,c8397cb2c46e4683a6f3970bc42cef1aabfef4d80cfcd6b8313e87630b680ee2,"{""distance"":3,""physical_error_rate"":0.0001}","{""detection_events"":27,""detectors_checked"":165888}"
      2048,         0,         0,   0.259,decoder_by_matrix,5dee359087c4b9ae2c20477a4d5136d2695095b0438111838e7093c679bd3c20,"{""distance"":3,""physical_error_rate"":0.0005}","{""detection_events"":177,""detectors_checked"":110592}"
      3072,         0,         0,   0.262,decoder_by_matrix,cd5aa4935a142b600239883e928f6c7fc9fbc8c84161e9ed59cf2551b7ebfc3d,"{""distance"":3,""physical_error_rate"":5e-05}","{""detection_events"":27,""detectors_checked"":165888}"
      2048,         0,         0,   0.260,decoder_by_matrix,c8397cb2c46e4683a6f3970bc42cef1aabfef4d80cfcd6b8313e87630b680ee2,"{""distance"":3,""physical_error_rate"":0.0001}","{""detection_events"":30,""detectors_checked"":110592}"
      3072,         0,         0,   0.265,decoder_by_matrix,c8397cb2c46e4683a6f3970bc42cef1aabfef4d80cfcd6b8313e87630b680ee2,"{""distance"":3,""physical_error_rate"":0.0001}","{""detection_events"":36,""detectors_checked"":165888}"
      3072,         0,         0,   0.243,decoder_by_matrix,c8397cb2c46e4683a6f3970bc42cef1aabfef4d80cfcd6b8313e87630b680ee2,"{""distance"":3,""physical_error_rate"":0.0001}","{""detection_events"":18,""detectors_checked"":165888}"
      3072,         0,         0,   0.265,decoder_by_matrix,cd5aa4935a142b600239883e928f6c7fc9fbc8c84161e9ed59cf2551b7ebfc3d,"{""distance"":3,""physical_error_rate"":5e-05}","{""detection_events"":21,""detectors_checked"":165888}"
      4096,         0,         0,   0.259,decoder_by_matrix,cd5aa4935a142b600239883e928f6c7fc9fbc8c84161e9ed59cf2551b7ebfc3d,"{""distance"":3,""physical_error_rate"":5e-05}","{""detection_events"":15,""detectors_checked"":221184}"
      2048,         0,         0,   0.258,decoder_by_matrix,5dee359087c4b9ae2c20477a4d5136d2695095b0438111838e7093c679bd3c20,"{""distance"":3,""physical_error_rate"":0.0005}","{""detection_events"":144,""detectors_checked"":110592}"
      3072,         0,         0,   0.260,decoder_by_matrix,5dee359087c4b9ae2c20477a4d5136d2695095b0438111838e7093c679bd3c20,"{""distance"":3,""physical_error_rate"":0.0005}","{""detection_events"":192,""detectors_checked"":165888}"
      2048,         0,         0,   0.258,decoder_by_matrix,5dee359087c4b9ae2c20477a4d5136d2695095b0438111838e7093c679bd3c20,"{""distance"":3,""physical_error_rate"":0.0005}","{""detection_events"":111,""detectors_checked"":110592}"
      4096,         0,         0,   0.259,decoder_by_matrix,cd5aa4935a142b600239883e928f6c7fc9fbc8c84161e9ed59cf2551b7ebfc3d,"{""distance"":3,""physical_error_rate"":5e-05}","{""detection_events"":12,""detectors_checked"":221184}"
      2048,         0,         0,   0.260,decoder_by_matrix,5dee359087c4b9ae2c20477a4d5136d2695095b0438111838e7093c679bd3c20,"{""distance"":3,""physical_error_rate"":0.0005}","{""detection_events"":126,""detectors_checked"":110592}"
      3072,         0,         0,   0.262,decoder_by_matrix,c8397cb2c46e4683a6f3970bc42cef1aabfef4d80cfcd6b8313e87630b680ee2,"{""distance"":3,""physical_error_rate"":0.0001}","{""detection_events"":45,""detectors_checked"":165888}"
      2048,         0,         0,   0.261,decoder_by_matrix,5dee359087c4b9ae2c20477a4d5136d2695095b0438111838e7093c679bd3c20,"{""distance"":3,""physical_error_rate"":0.0005}","{""detection_events"":147,""detectors_checked"":110592}"
      3072,         0,         0,   0.262,decoder_by_matrix,cd5aa4935a142b600239883e928f6c7fc9fbc8c84161e9ed59cf2551b7ebfc3d,"{""distance"":3,""physical_error_rate"":5e-05}","{""detection_events"":18,""detectors_checked"":165888}"
      3072,         0,         0,   0.262,decoder_by_matrix,c8397cb2c46e4683a6f3970bc42cef1aabfef4d80cfcd6b8313e87630b680ee2,"{""distance"":3,""physical_error_rate"":0.0001}","{""detection_events"":12,""detectors_checked"":165888}"
      3072,         0,         0,   0.255,decoder_by_matrix,cd5aa4935a142b600239883e928f6c7fc9fbc8c84161e9ed59cf2551b7ebfc3d,"{""distance"":3,""physical_error_rate"":5e-05}","{""detection_events"":9,""detectors_checked"":165888}"
      4096,         0,         0,   0.255,decoder_by_matrix,c8397cb2c46e4683a6f3970bc42cef1aabfef4d80cfcd6b8313e87630b680ee2,"{""distance"":3,""physical_error_rate"":0.0001}","{""detection_events"":39,""detectors_checked"":221184}"
      4096,         0,         0,   0.260,decoder_by_matrix,cd5aa4935a142b600239883e928f6c7fc9fbc8c84161e9ed59cf2551b7ebfc3d,"{""distance"":3,""physical_error_rate"":5e-05}","{""detection_events"":18,""detectors_checked"":221184}"
      3072,         0,         0,   0.304,decoder_by_matrix,5dee359087c4b9ae2c20477a4d5136d2695095b0438111838e7093c679bd3c20,"{""distance"":3,""physical_error_rate"":0.0005}","{""detection_events"":138,""detectors_checked"":165888}"
      3072,         0,         0,   0.259,decoder_by_matrix,5dee359087c4b9ae2c20477a4d5136d2695095b0438111838e7093c679bd3c20,"{""distance"":3,""physical_error_rate"":0.0005}","{""detection_events"":237,""detectors_checked"":165888}"
      3072,         0,         0,   0.297,decoder_by_matrix,5dee359087c4b9ae2c20477a4d5136d2695095b0438111838e7093c679bd3c20,"{""distance"":3,""physical_error_rate"":0.0005}","{""detection_events"":150,""detectors_checked"":165888}"
      5120,         0,         0,   0.512,decoder_by_matrix,c8397cb2c46e4683a6f3970bc42cef1aabfef4d80cfcd6b8313e87630b680ee2,"{""distance"":3,""physical_error_rate"":0.0001}","{""detection_events"":69,""detectors_checked"":276480}"
      5120,         0,         0,   0.517,decoder_by_matrix,c8397cb2c46e4683a6f3970bc42cef1aabfef4d80cfcd6b8313e87630b680ee2,"{""distance"":3,""physical_error_rate"":0.0001}","{""detection_events"":72,""detectors_checked"":276480}"
      2048,         0,         0,   0.261,decoder_by_matrix,5dee359087c4b9ae2c20477a4d5136d2695095b0438111838e7093c679bd3c20,"{""distance"":3,""physical_error_rate"":0.0005}","{""detection_events"":117,""detectors_checked"":110592}"
      4096,         0,         0,   0.523,decoder_by_matrix,cd5aa4935a142b600239883e928f6c7fc9fbc8c84161e9ed59cf2551b7ebfc3d,"{""distance"":3,""physical_error_rate"":5e-05}","{""detection_events"":21,""detectors_checked"":221184}"
      5120,         0,         0,   0.517,decoder_by_matrix,5dee359087c4b9ae2c20477a4d5136d2695095b0438111838e7093c679bd3c20,"{""distance"":3,""physical_error_rate"":0.0005}","{""detection_events"":234,""detectors_checked"":276480}"
      5120,         0,         0,   0.521,decoder_by_matrix,5dee359087c4b9ae2c20477a4d5136d2695095b0438111838e7093c679bd3c20,"{""distance"":3,""physical_error_rate"":0.0005}","{""detection_events"":270,""detectors_checked"":276480}"
    428032,        14,         0,    44.3,decoder_by_matrix,5dee359087c4b9ae2c20477a4d5136d2695095b0438111838e7093c679bd3c20,"{""distance"":3,""physical_error_rate"":0.0005}","{""detection_events"":26454,""detectors_checked"":23113728,""obs_mistake_mask=E___"":1,""obs_mistake_mask=_EEE"":1,""obs_mistake_mask=_EE_"":1,""obs_mistake_mask=_E_E"":1,""obs_mistake_mask=_E__"":2,""obs_mistake_mask=__EE"":4,""obs_mistake_mask=__E_"":3,""obs_mistake_mask=___E"":1}"
      6144,         0,         0,   0.517,decoder_by_matrix,cd5aa4935a142b600239883e928f6c7fc9fbc8c84161e9ed59cf2551b7ebfc3d,"{""distance"":3,""physical_error_rate"":5e-05}","{""detection_events"":42,""detectors_checked"":331776}"
      6144,         0,         0,   0.510,decoder_by_matrix,c8397cb2c46e4683a6f3970bc42cef1aabfef4d80cfcd6b8313e87630b680ee2,"{""distance"":3,""physical_error_rate"":0.0001}","{""detection_events"":75,""detectors_checked"":331776}"
      5120,         0,         0,   0.512,decoder_by_matrix,5dee359087c4b9ae2c20477a4d5136d2695095b0438111838e7093c679bd3c20,"{""distance"":3,""physical_error_rate"":0.0005}","{""detection_events"":363,""detectors_checked"":276480}"
      6144,         0,         0,   0.512,decoder_by_matrix,cd5aa4935a142b600239883e928f6c7fc9fbc8c84161e9ed59cf2551b7ebfc3d,"{""distance"":3,""physical_error_rate"":5e-05}","{""detection_events"":39,""detectors_checked"":331776}"
      5120,         0,         0,   0.513,decoder_by_matrix,c8397cb2c46e4683a6f3970bc42cef1aabfef4d80cfcd6b8313e87630b680ee2,"{""distance"":3,""physical_error_rate"":0.0001}","{""detection_events"":90,""detectors_checked"":276480}"
      5120,         0,         0,   0.512,decoder_by_matrix,cd5aa4935a142b600239883e928f6c7fc9fbc8c84161e9ed59cf2551b7ebfc3d,"{""distance"":3,""physical_error_rate"":5e-05}","{""detection_events"":39,""detectors_checked"":276480}"
      5120,         0,         0,   0.516,decoder_by_matrix,c8397cb2c46e4683a6f3970bc42cef1aabfef4d80cfcd6b8313e87630b680ee2,"{""distance"":3,""physical_error_rate"":0.0001}","{""detection_events"":33,""detectors_checked"":276480}"
      6144,         0,         0,   0.516,decoder_by_matrix,cd5aa4935a142b600239883e928f6c7fc9fbc8c84161e9ed59cf2551b7ebfc3d,"{""distance"":3,""physical_error_rate"":5e-05}","{""detection_events"":21,""detectors_checked"":331776}"
    487424,         0,         0,    44.3,decoder_by_matrix,c8397cb2c46e4683a6f3970bc42cef1aabfef4d80cfcd6b8313e87630b680ee2,"{""distance"":3,""physical_error_rate"":0.0001}","{""detection_events"":6105,""detectors_checked"":26320896}"
      4096,         0,         0,   0.520,decoder_by_matrix,5dee359087c4b9ae2c20477a4d5136d2695095b0438111838e7093c679bd3c20,"{""distance"":3,""physical_error_rate"":0.0005}","{""detection_events"":252,""detectors_checked"":221184}"
      5120,         0,         0,   0.541,decoder_by_matrix,5dee359087c4b9ae2c20477a4d5136d2695095b0438111838e7093c679bd3c20,"{""distance"":3,""physical_error_rate"":0.0005}","{""detection_events"":312,""detectors_checked"":276480}"
      6144,         0,         0,   0.513,decoder_by_matrix,c8397cb2c46e4683a6f3970bc42cef1aabfef4d80cfcd6b8313e87630b680ee2,"{""distance"":3,""physical_error_rate"":0.0001}","{""detection_events"":54,""detectors_checked"":331776}"
      5120,         1,         0,   0.514,decoder_by_matrix,5dee359087c4b9ae2c20477a4d5136d2695095b0438111838e7093c679bd3c20,"{""distance"":3,""physical_error_rate"":0.0005}","{""detection_events"":339,""detectors_checked"":276480,""obs_mistake_mask=_E__"":1}"
      5120,         0,         0,   0.562,decoder_by_matrix,c8397cb2c46e4683a6f3970bc42cef1aabfef4d80cfcd6b8313e87630b680ee2,"{""distance"":3,""physical_error_rate"":0.0001}","{""detection_events"":54,""detectors_checked"":276480}"
      8192,         0,         0,   0.267,decoder_by_matrix,cd5aa4935a142b600239883e928f6c7fc9fbc8c84161e9ed59cf2551b7ebfc3d,"{""distance"":3,""physical_error_rate"":5e-05}","{""detection_events"":39,""detectors_checked"":442368}"
      4096,         0,         0,   0.516,decoder_by_matrix,5dee359087c4b9ae2c20477a4d5136d2695095b0438111838e7093c679bd3c20,"{""distance"":3,""physical_error_rate"":0.0005}","{""detection_events"":168,""detectors_checked"":221184}"
      4096,         1,         0,   0.517,decoder_by_matrix,5dee359087c4b9ae2c20477a4d5136d2695095b0438111838e7093c679bd3c20,"{""distance"":3,""physical_error_rate"":0.0005}","{""detection_events"":267,""detectors_checked"":221184,""obs_mistake_mask=__E_"":1}"
    474112,         0,         0,    43.6,decoder_by_matrix,c8397cb2c46e4683a6f3970bc42cef1aabfef4d80cfcd6b8313e87630b680ee2,"{""distance"":3,""physical_error_rate"":0.0001}","{""detection_events"":5766,""detectors_checked"":25602048}"
    484352,         0,         0,    43.9,decoder_by_matrix,c8397cb2c46e4683a6f3970bc42cef1aabfef4d80cfcd6b8313e87630b680ee2,"{""distance"":3,""physical_error_rate"":0.0001}","{""detection_events"":5457,""detectors_checked"":26155008}"
      5120,         0,         0,   0.517,decoder_by_matrix,cd5aa4935a142b600239883e928f6c7fc9fbc8c84161e9ed59cf2551b7ebfc3d,"{""distance"":3,""physical_error_rate"":5e-05}","{""detection_events"":36,""detectors_checked"":276480}"
      5120,         0,         0,   0.517,decoder_by_matrix,c8397cb2c46e4683a6f3970bc42cef1aabfef4d80cfcd6b8313e87630b680ee2,"{""distance"":3,""physical_error_rate"":0.0001}","{""detection_events"":81,""detectors_checked"":276480}"
      6144,         0,         0,   0.511,decoder_by_matrix,cd5aa4935a142b600239883e928f6c7fc9fbc8c84161e9ed59cf2551b7ebfc3d,"{""distance"":3,""physical_error_rate"":5e-05}","{""detection_events"":39,""detectors_checked"":331776}"
      6144,         0,         0,   0.511,decoder_by_matrix,c8397cb2c46e4683a6f3970bc42cef1aabfef4d80cfcd6b8313e87630b680ee2,"{""distance"":3,""physical_error_rate"":0.0001}","{""detection_events"":36,""detectors_checked"":331776}"
    553984,         0,         0,    44.5,decoder_by_matrix,cd5aa4935a142b600239883e928f6c7fc9fbc8c84161e9ed59cf2551b7ebfc3d,"{""distance"":3,""physical_error_rate"":5e-05}","{""detection_events"":3246,""detectors_checked"":29915136}"
      6144,         0,         0,   0.513,decoder_by_matrix,cd5aa4935a142b600239883e928f6c7fc9fbc8c84161e9ed59cf2551b7ebfc3d,"{""distance"":3,""physical_error_rate"":5e-05}","{""detection_events"":42,""detectors_checked"":331776}"
    423936,         7,         0,    44.0,decoder_by_matrix,5dee359087c4b9ae2c20477a4d5136d2695095b0438111838e7093c679bd3c20,"{""distance"":3,""physical_error_rate"":0.0005}","{""detection_events"":25353,""detectors_checked"":22892544,""obs_mistake_mask=_EE_"":1,""obs_mistake_mask=_E_E"":2,""obs_mistake_mask=_E__"":1,""obs_mistake_mask=__EE"":1,""obs_mistake_mask=___E"":2}"
      5120,         0,         0,   0.557,decoder_by_matrix,5dee359087c4b9ae2c20477a4d5136d2695095b0438111838e7093c679bd3c20,"{""distance"":3,""physical_error_rate"":0.0005}","{""detection_events"":264,""detectors_checked"":276480}"
      5120,         0,         0,   0.509,decoder_by_matrix,c8397cb2c46e4683a6f3970bc42cef1aabfef4d80cfcd6b8313e87630b680ee2,"{""distance"":3,""physical_error_rate"":0.0001}","{""detection_events"":78,""detectors_checked"":276480}"
      7168,         0,         0,   0.508,decoder_by_matrix,cd5aa4935a142b600239883e928f6c7fc9fbc8c84161e9ed59cf2551b7ebfc3d,"{""distance"":3,""physical_error_rate"":5e-05}","{""detection_events"":21,""detectors_checked"":387072}"
    569344,         0,         0,    44.0,decoder_by_matrix,cd5aa4935a142b600239883e928f6c7fc9fbc8c84161e9ed59cf2551b7ebfc3d,"{""distance"":3,""physical_error_rate"":5e-05}","{""detection_events"":3147,""detectors_checked"":30744576}"
      5120,         0,         0,   0.515,decoder_by_matrix,5dee359087c4b9ae2c20477a4d5136d2695095b0438111838e7093c679bd3c20,"{""distance"":3,""physical_error_rate"":0.0005}","{""detection_events"":279,""detectors_checked"":276480}"
    572416,         0,         0,    44.4,decoder_by_matrix,cd5aa4935a142b600239883e928f6c7fc9fbc8c84161e9ed59cf2551b7ebfc3d,"{""distance"":3,""physical_error_rate"":5e-05}","{""detection_events"":3348,""detectors_checked"":30910464}"
    428032,        10,         0,    43.4,decoder_by_matrix,5dee359087c4b9ae2c20477a4d5136d2695095b0438111838e7093c679bd3c20,"{""distance"":3,""physical_error_rate"":0.0005}","{""detection_events"":25608,""detectors_checked"":23113728,""obs_mistake_mask=_EEE"":3,""obs_mistake_mask=_E_E"":2,""obs_mistake_mask=_E__"":4,""obs_mistake_mask=__E_"":1}"
      5120,         0,         0,   0.571,decoder_by_matrix,5dee359087c4b9ae2c20477a4d5136d2695095b0438111838e7093c679bd3c20,"{""distance"":3,""physical_error_rate"":0.0005}","{""detection_events"":237,""detectors_checked"":276480}"
      5120,         0,         0,   0.621,decoder_by_matrix,5dee359087c4b9ae2c20477a4d5136d2695095b0438111838e7093c679bd3c20,"{""distance"":3,""physical_error_rate"":0.0005}","{""detection_events"":261,""detectors_checked"":276480}"
      8192,         0,         0,   0.719,decoder_by_matrix,c8397cb2c46e4683a6f3970bc42cef1aabfef4d80cfcd6b8313e87630b680ee2,"{""distance"":3,""physical_error_rate"":0.0001}","{""detection_events"":51,""detectors_checked"":442368}"
      9216,         0,         0,   0.800,decoder_by_matrix,c8397cb2c46e4683a6f3970bc42cef1aabfef4d80cfcd6b8313e87630b680ee2,"{""distance"":3,""physical_error_rate"":0.0001}","{""detection_events"":105,""detectors_checked"":497664}"
      9216,         0,         0,   0.771,decoder_by_matrix,cd5aa4935a142b600239883e928f6c7fc9fbc8c84161e9ed59cf2551b7ebfc3d,"{""distance"":3,""physical_error_rate"":5e-05}","{""detection_events"":45,""detectors_checked"":497664}"
      8192,         0,         0,   0.780,decoder_by_matrix,5dee359087c4b9ae2c20477a4d5136d2695095b0438111838e7093c679bd3c20,"{""distance"":3,""physical_error_rate"":0.0005}","{""detection_events"":444,""detectors_checked"":442368}"
      7168,         1,         0,   0.771,decoder_by_matrix,5dee359087c4b9ae2c20477a4d5136d2695095b0438111838e7093c679bd3c20,"{""distance"":3,""physical_error_rate"":0.0005}","{""detection_events"":477,""detectors_checked"":387072,""obs_mistake_mask=__E_"":1}"
     10240,         0,         0,   0.775,decoder_by_matrix,cd5aa4935a142b600239883e928f6c7fc9fbc8c84161e9ed59cf2551b7ebfc3d,"{""distance"":3,""physical_error_rate"":5e-05}","{""detection_events"":60,""detectors_checked"":552960}"
      8192,         0,         0,   0.775,decoder_by_matrix,c8397cb2c46e4683a6f3970bc42cef1aabfef4d80cfcd6b8313e87630b680ee2,"{""distance"":3,""physical_error_rate"":0.0001}","{""detection_events"":90,""detectors_checked"":442368}"
      9216,         0,         0,   0.778,decoder_by_matrix,cd5aa4935a142b600239883e928f6c7fc9fbc8c84161e9ed59cf2551b7ebfc3d,"{""distance"":3,""physical_error_rate"":5e-05}","{""detection_events"":72,""detectors_checked"":497664}"
      8192,         0,         0,   0.782,decoder_by_matrix,c8397cb2c46e4683a6f3970bc42cef1aabfef4d80cfcd6b8313e87630b680ee2,"{""distance"":3,""physical_error_rate"":0.0001}","{""detection_events"":159,""detectors_checked"":442368}"
      8192,         0,         0,   0.516,decoder_by_matrix,cd5aa4935a142b600239883e928f6c7fc9fbc8c84161e9ed59cf2551b7ebfc3d,"{""distance"":3,""physical_error_rate"":5e-05}","{""detection_events"":72,""detectors_checked"":442368}"
      7168,         1,         0,   0.780,decoder_by_matrix,5dee359087c4b9ae2c20477a4d5136d2695095b0438111838e7093c679bd3c20,"{""distance"":3,""physical_error_rate"":0.0005}","{""detection_events"":405,""detectors_checked"":387072,""obs_mistake_mask=_E__"":1}"
      8192,         0,         0,   0.786,decoder_by_matrix,c8397cb2c46e4683a6f3970bc42cef1aabfef4d80cfcd6b8313e87630b680ee2,"{""distance"":3,""physical_error_rate"":0.0001}","{""detection_events"":90,""detectors_checked"":442368}"
     10240,         0,         0,   0.786,decoder_by_matrix,cd5aa4935a142b600239883e928f6c7fc9fbc8c84161e9ed59cf2551b7ebfc3d,"{""distance"":3,""physical_error_rate"":5e-05}","{""detection_events"":42,""detectors_checked"":552960}"
      7168,         0,         0,   0.771,decoder_by_matrix,5dee359087c4b9ae2c20477a4d5136d2695095b0438111838e7093c679bd3c20,"{""distance"":3,""physical_error_rate"":0.0005}","{""detection_events"":441,""detectors_checked"":387072}"
      7168,         0,         0,   0.798,decoder_by_matrix,5dee359087c4b9ae2c20477a4d5136d2695095b0438111838e7093c679bd3c20,"{""distance"":3,""physical_error_rate"":0.0005}","{""detection_events"":447,""detectors_checked"":387072}"
     10240,         0,         0,    1.03,decoder_by_matrix,5dee359087c4b9ae2c20477a4d5136d2695095b0438111838e7093c679bd3c20,"{""distance"":3,""physical_error_rate"":0.0005}","{""detection_events"":594,""detectors_checked"":552960}"
      7168,         0,         0,   0.811,decoder_by_matrix,5dee359087c4b9ae2c20477a4d5136d2695095b0438111838e7093c679bd3c20,"{""distance"":3,""physical_error_rate"":0.0005}","{""detection_events"":528,""detectors_checked"":387072}"
      9216,         0,         0,   0.988,decoder_by_matrix,c8397cb2c46e4683a6f3970bc42cef1aabfef4d80cfcd6b8313e87630b680ee2,"{""distance"":3,""physical_error_rate"":0.0001}","{""detection_events"":126,""detectors_checked"":497664}"
      9216,         0,         0,   0.826,decoder_by_matrix,c8397cb2c46e4683a6f3970bc42cef1aabfef4d80cfcd6b8313e87630b680ee2,"{""distance"":3,""physical_error_rate"":0.0001}","{""detection_events"":84,""detectors_checked"":497664}"
      9216,         0,         0,   0.973,decoder_by_matrix,5dee359087c4b9ae2c20477a4d5136d2695095b0438111838e7093c679bd3c20,"{""distance"":3,""physical_error_rate"":0.0005}","{""detection_events"":531,""detectors_checked"":497664}"
     10240,         0,         0,    1.03,decoder_by_matrix,c8397cb2c46e4683a6f3970bc42cef1aabfef4d80cfcd6b8313e87630b680ee2,"{""distance"":3,""physical_error_rate"":0.0001}","{""detection_events"":69,""detectors_checked"":552960}"
     12288,         0,         0,    1.04,decoder_by_matrix,cd5aa4935a142b600239883e928f6c7fc9fbc8c84161e9ed59cf2551b7ebfc3d,"{""distance"":3,""physical_error_rate"":5e-05}","{""detection_events"":72,""detectors_checked"":663552}"
   1509376,         0,         0,   116.3,decoder_by_matrix,cd5aa4935a142b600239883e928f6c7fc9fbc8c84161e9ed59cf2551b7ebfc3d,"{""distance"":3,""physical_error_rate"":5e-05}","{""detection_events"":9138,""detectors_checked"":81506304}"
     11264,         0,         0,   0.772,decoder_by_matrix,cd5aa4935a142b600239883e928f6c7fc9fbc8c84161e9ed59cf2551b7ebfc3d,"{""distance"":3,""physical_error_rate"":5e-05}","{""detection_events"":87,""detectors_checked"":608256}"
      9216,         0,         0,   0.980,decoder_by_matrix,5dee359087c4b9ae2c20477a4d5136d2695095b0438111838e7093c679bd3c20,"{""distance"":3,""physical_error_rate"":0.0005}","{""detection_events"":561,""detectors_checked"":497664}"
     13312,         0,         0,   0.776,decoder_by_matrix,cd5aa4935a142b600239883e928f6c7fc9fbc8c84161e9ed59cf2551b7ebfc3d,"{""distance"":3,""physical_error_rate"":5e-05}","{""detection_events"":60,""detectors_checked"":718848}"
     13312,         0,         0,    1.01,decoder_by_matrix,cd5aa4935a142b600239883e928f6c7fc9fbc8c84161e9ed59cf2551b7ebfc3d,"{""distance"":3,""physical_error_rate"":5e-05}","{""detection_events"":105,""detectors_checked"":718848}"
     12288,         0,         0,    1.03,decoder_by_matrix,c8397cb2c46e4683a6f3970bc42cef1aabfef4d80cfcd6b8313e87630b680ee2,"{""distance"":3,""physical_error_rate"":0.0001}","{""detection_events"":165,""detectors_checked"":663552}"
     11264,         0,         0,   0.782,decoder_by_matrix,c8397cb2c46e4683a6f3970bc42cef1aabfef4d80cfcd6b8313e87630b680ee2,"{""distance"":3,""physical_error_rate"":0.0001}","{""detection_events"":150,""detectors_checked"":608256}"
     12288,         0,         0,    1.03,decoder_by_matrix,cd5aa4935a142b600239883e928f6c7fc9fbc8c84161e9ed59cf2551b7ebfc3d,"{""distance"":3,""physical_error_rate"":5e-05}","{""detection_events"":69,""detectors_checked"":663552}"
   1242112,         1,         0,   118.1,decoder_by_matrix,c8397cb2c46e4683a6f3970bc42cef1aabfef4d80cfcd6b8313e87630b680ee2,"{""distance"":3,""physical_error_rate"":0.0001}","{""detection_events"":15180,""detectors_checked"":67074048,""obs_mistake_mask=_EE_"":1}"
     10240,         0,         0,    1.02,decoder_by_matrix,5dee359087c4b9ae2c20477a4d5136d2695095b0438111838e7093c679bd3c20,"{""distance"":3,""physical_error_rate"":0.0005}","{""detection_events"":600,""detectors_checked"":552960}"
   1135616,        31,         0,   117.9,decoder_by_matrix,5dee359087c4b9ae2c20477a4d5136d2695095b0438111838e7093c679bd3c20,"{""distance"":3,""physical_error_rate"":0.0005}","{""detection_events"":66396,""detectors_checked"":61323264,""obs_mistake_mask=E___"":3,""obs_mistake_mask=_EEE"":1,""obs_mistake_mask=_EE_"":4,""obs_mistake_mask=_E_E"":5,""obs_mistake_mask=_E__"":4,""obs_mistake_mask=__EE"":5,""obs_mistake_mask=__E_"":4,""obs_mistake_mask=___E"":5}"
     10240,         1,         0,    1.01,decoder_by_matrix,5dee359087c4b9ae2c20477a4d5136d2695095b0438111838e7093c679bd3c20,"{""distance"":3,""physical_error_rate"":0.0005}","{""detection_events"":606,""detectors_checked"":552960,""obs_mistake_mask=_E__"":1}"
     10240,         0,         0,    1.15,decoder_by_matrix,5dee359087c4b9ae2c20477a4d5136d2695095b0438111838e7093c679bd3c20,"{""distance"":3,""physical_error_rate"":0.0005}","{""detection_events"":732,""detectors_checked"":552960}"
     12288,         0,         0,    1.29,decoder_by_matrix,5dee359087c4b9ae2c20477a4d5136d2695095b0438111838e7093c679bd3c20,"{""distance"":3,""physical_error_rate"":0.0005}","{""detection_events"":741,""detectors_checked"":663552}"
     14336,         0,         0,    1.04,decoder_by_matrix,c8397cb2c46e4683a6f3970bc42cef1aabfef4d80cfcd6b8313e87630b680ee2,"{""distance"":3,""physical_error_rate"":0.0001}","{""detection_events"":201,""detectors_checked"":774144}"
     12288,         0,         0,    1.29,decoder_by_matrix,c8397cb2c46e4683a6f3970bc42cef1aabfef4d80cfcd6b8313e87630b680ee2,"{""distance"":3,""physical_error_rate"":0.0001}","{""detection_events"":192,""detectors_checked"":663552}"
     12288,         2,         0,    1.28,decoder_by_matrix,5dee359087c4b9ae2c20477a4d5136d2695095b0438111838e7093c679bd3c20,"{""distance"":3,""physical_error_rate"":0.0005}","{""detection_events"":846,""detectors_checked"":663552,""obs_mistake_mask=_EE_"":1,""obs_mistake_mask=_E__"":1}"
     14336,         0,         0,    1.03,decoder_by_matrix,c8397cb2c46e4683a6f3970bc42cef1aabfef4d80cfcd6b8313e87630b680ee2,"{""distance"":3,""physical_error_rate"":0.0001}","{""detection_events"":153,""detectors_checked"":774144}"
     13312,         0,         0,    1.06,decoder_by_matrix,cd5aa4935a142b600239883e928f6c7fc9fbc8c84161e9ed59cf2551b7ebfc3d,"{""distance"":3,""physical_error_rate"":5e-05}","{""detection_events"":75,""detectors_checked"":718848}"
     15360,         0,         0,    1.03,decoder_by_matrix,cd5aa4935a142b600239883e928f6c7fc9fbc8c84161e9ed59cf2551b7ebfc3d,"{""distance"":3,""physical_error_rate"":5e-05}","{""detection_events"":120,""detectors_checked"":829440}"
     17408,         0,         0,    1.26,decoder_by_matrix,cd5aa4935a142b600239883e928f6c7fc9fbc8c84161e9ed59cf2551b7ebfc3d,"{""distance"":3,""physical_error_rate"":5e-05}","{""detection_events"":72,""detectors_checked"":940032}"
     12288,         1,         0,    1.29,decoder_by_matrix,5dee359087c4b9ae2c20477a4d5136d2695095b0438111838e7093c679bd3c20,"{""distance"":3,""physical_error_rate"":0.0005}","{""detection_events"":756,""detectors_checked"":663552,""obs_mistake_mask=___E"":1}"
     14336,         0,         0,    1.04,decoder_by_matrix,cd5aa4935a142b600239883e928f6c7fc9fbc8c84161e9ed59cf2551b7ebfc3d,"{""distance"":3,""physical_error_rate"":5e-05}","{""detection_events"":75,""detectors_checked"":774144}"
     13312,         0,         0,    1.28,decoder_by_matrix,c8397cb2c46e4683a6f3970bc42cef1aabfef4d80cfcd6b8313e87630b680ee2,"{""distance"":3,""physical_error_rate"":0.0001}","{""detection_events"":186,""detectors_checked"":718848}"
     15360,         0,         0,    1.28,decoder_by_matrix,cd5aa4935a142b600239883e928f6c7fc9fbc8c84161e9ed59cf2551b7ebfc3d,"{""distance"":3,""physical_error_rate"":5e-05}","{""detection_events"":87,""detectors_checked"":829440}"
     15360,         0,         0,    1.11,decoder_by_matrix,c8397cb2c46e4683a6f3970bc42cef1aabfef4d80cfcd6b8313e87630b680ee2,"{""distance"":3,""physical_error_rate"":0.0001}","{""detection_events"":105,""detectors_checked"":829440}"
     11264,         0,         0,    1.29,decoder_by_matrix,5dee359087c4b9ae2c20477a4d5136d2695095b0438111838e7093c679bd3c20,"{""distance"":3,""physical_error_rate"":0.0005}","{""detection_events"":786,""detectors_checked"":608256}"
     11264,         1,         0,    1.29,decoder_by_matrix,5dee359087c4b9ae2c20477a4d5136d2695095b0438111838e7093c679bd3c20,"{""distance"":3,""physical_error_rate"":0.0005}","{""detection_events"":723,""detectors_checked"":608256,""obs_mistake_mask=_E__"":1}"
     15360,         0,         0,    1.56,decoder_by_matrix,5dee359087c4b9ae2c20477a4d5136d2695095b0438111838e7093c679bd3c20,"{""distance"":3,""physical_error_rate"":0.0005}","{""detection_events"":852,""detectors_checked"":829440}"
     15360,         1,         0,    1.59,decoder_by_matrix,5dee359087c4b9ae2c20477a4d5136d2695095b0438111838e7093c679bd3c20,"{""distance"":3,""physical_error_rate"":0.0005}","{""detection_events"":837,""detectors_checked"":829440,""obs_mistake_mask=_EEE"":1}"
     19456,         0,         0,    1.77,decoder_by_matrix,c8397cb2c46e4683a6f3970bc42cef1aabfef4d80cfcd6b8313e87630b680ee2,"{""distance"":3,""physical_error_rate"":0.0001}","{""detection_events"":255,""detectors_checked"":1050624}"
     19456,         0,         0,    1.79,decoder_by_matrix,c8397cb2c46e4683a6f3970bc42cef1aabfef4d80cfcd6b8313e87630b680ee2,"{""distance"":3,""physical_error_rate"":0.0001}","{""detection_events"":195,""detectors_checked"":1050624}"
     17408,         1,         0,    1.54,decoder_by_matrix,5dee359087c4b9ae2c20477a4d5136d2695095b0438111838e7093c679bd3c20,"{""distance"":3,""physical_error_rate"":0.0005}","{""detection_events"":1002,""detectors_checked"":940032,""obs_mistake_mask=__EE"":1}"
     18432,         0,         0,    1.79,decoder_by_matrix,c8397cb2c46e4683a6f3970bc42cef1aabfef4d80cfcd6b8313e87630b680ee2,"{""distance"":3,""physical_error_rate"":0.0001}","{""detection_events"":282,""detectors_checked"":995328}"
     22528,         0,         0,    1.65,decoder_by_matrix,cd5aa4935a142b600239883e928f6c7fc9fbc8c84161e9ed59cf2551b7ebfc3d,"{""distance"":3,""physical_error_rate"":5e-05}","{""detection_events"":96,""detectors_checked"":1216512}"
     24576,         0,         0,    1.81,decoder_by_matrix,cd5aa4935a142b600239883e928f6c7fc9fbc8c84161e9ed59cf2551b7ebfc3d,"{""distance"":3,""physical_error_rate"":5e-05}","{""detection_events"":132,""detectors_checked"":1327104}"
     21504,         0,         0,    1.78,decoder_by_matrix,cd5aa4935a142b600239883e928f6c7fc9fbc8c84161e9ed59cf2551b7ebfc3d,"{""distance"":3,""physical_error_rate"":5e-05}","{""detection_events"":126,""detectors_checked"":1161216}"
     17408,         3,         0,    1.79,decoder_by_matrix,5dee359087c4b9ae2c20477a4d5136d2695095b0438111838e7093c679bd3c20,"{""distance"":3,""physical_error_rate"":0.0005}","{""detection_events"":1245,""detectors_checked"":940032,""obs_mistake_mask=_EEE"":1,""obs_mistake_mask=_E_E"":1,""obs_mistake_mask=__E_"":1}"
     26624,         0,         0,    1.79,decoder_by_matrix,cd5aa4935a142b600239883e928f6c7fc9fbc8c84161e9ed59cf2551b7ebfc3d,"{""distance"":3,""physical_error_rate"":5e-05}","{""detection_events"":144,""detectors_checked"":1437696}"
     18432,         0,         0,    1.54,decoder_by_matrix,c8397cb2c46e4683a6f3970bc42cef1aabfef4d80cfcd6b8313e87630b680ee2,"{""distance"":3,""physical_error_rate"":0.0001}","{""detection_events"":255,""detectors_checked"":995328}"
     21504,         0,         0,    1.80,decoder_by_matrix,cd5aa4935a142b600239883e928f6c7fc9fbc8c84161e9ed59cf2551b7ebfc3d,"{""distance"":3,""physical_error_rate"":5e-05}","{""detection_events"":135,""detectors_checked"":1161216}"
     17408,         0,         0,    1.81,decoder_by_matrix,c8397cb2c46e4683a6f3970bc42cef1aabfef4d80cfcd6b8313e87630b680ee2,"{""distance"":3,""physical_error_rate"":0.0001}","{""detection_events"":216,""detectors_checked"":940032}"
     17408,         0,         0,    1.56,decoder_by_matrix,5dee359087c4b9ae2c20477a4d5136d2695095b0438111838e7093c679bd3c20,"{""distance"":3,""physical_error_rate"":0.0005}","{""detection_events"":1083,""detectors_checked"":940032}"
     17408,         0,         0,    1.52,decoder_by_matrix,5dee359087c4b9ae2c20477a4d5136d2695095b0438111838e7093c679bd3c20,"{""distance"":3,""physical_error_rate"":0.0005}","{""detection_events"":906,""detectors_checked"":940032}"
     22528,         0,         0,    2.41,decoder_by_matrix,5dee359087c4b9ae2c20477a4d5136d2695095b0438111838e7093c679bd3c20,"{""distance"":3,""physical_error_rate"":0.0005}","{""detection_events"":1332,""detectors_checked"":1216512}"
     22528,         0,         0,    2.34,decoder_by_matrix,5dee359087c4b9ae2c20477a4d5136d2695095b0438111838e7093c679bd3c20,"{""distance"":3,""physical_error_rate"":0.0005}","{""detection_events"":1284,""detectors_checked"":1216512}"
     23552,         0,         0,    2.32,decoder_by_matrix,c8397cb2c46e4683a6f3970bc42cef1aabfef4d80cfcd6b8313e87630b680ee2,"{""distance"":3,""physical_error_rate"":0.0001}","{""detection_events"":285,""detectors_checked"":1271808}"
     22528,         1,         0,    2.30,decoder_by_matrix,5dee359087c4b9ae2c20477a4d5136d2695095b0438111838e7093c679bd3c20,"{""distance"":3,""physical_error_rate"":0.0005}","{""detection_events"":1341,""detectors_checked"":1216512,""obs_mistake_mask=_E_E"":1}"
     25600,         0,         0,    2.33,decoder_by_matrix,c8397cb2c46e4683a6f3970bc42cef1aabfef4d80cfcd6b8313e87630b680ee2,"{""distance"":3,""physical_error_rate"":0.0001}","{""detection_events"":297,""detectors_checked"":1382400}"
     25600,         0,         0,    2.31,decoder_by_matrix,c8397cb2c46e4683a6f3970bc42cef1aabfef4d80cfcd6b8313e87630b680ee2,"{""distance"":3,""physical_error_rate"":0.0001}","{""detection_events"":258,""detectors_checked"":1382400}"
     27648,         0,         0,    2.31,decoder_by_matrix,cd5aa4935a142b600239883e928f6c7fc9fbc8c84161e9ed59cf2551b7ebfc3d,"{""distance"":3,""physical_error_rate"":5e-05}","{""detection_events"":243,""detectors_checked"":1492992}"
     26624,         0,         0,    2.32,decoder_by_matrix,cd5aa4935a142b600239883e928f6c7fc9fbc8c84161e9ed59cf2551b7ebfc3d,"{""distance"":3,""physical_error_rate"":5e-05}","{""detection_events"":213,""detectors_checked"":1437696}"
     28672,         0,         0,    2.30,decoder_by_matrix,cd5aa4935a142b600239883e928f6c7fc9fbc8c84161e9ed59cf2551b7ebfc3d,"{""distance"":3,""physical_error_rate"":5e-05}","{""detection_events"":204,""detectors_checked"":1548288}"
     22528,         0,         0,    2.31,decoder_by_matrix,5dee359087c4b9ae2c20477a4d5136d2695095b0438111838e7093c679bd3c20,"{""distance"":3,""physical_error_rate"":0.0005}","{""detection_events"":1299,""detectors_checked"":1216512}"
     25600,         0,         0,    2.30,decoder_by_matrix,c8397cb2c46e4683a6f3970bc42cef1aabfef4d80cfcd6b8313e87630b680ee2,"{""distance"":3,""physical_error_rate"":0.0001}","{""detection_events"":270,""detectors_checked"":1382400}"
     29696,         0,         0,    2.35,decoder_by_matrix,cd5aa4935a142b600239883e928f6c7fc9fbc8c84161e9ed59cf2551b7ebfc3d,"{""distance"":3,""physical_error_rate"":5e-05}","{""detection_events"":180,""detectors_checked"":1603584}"
     29696,         0,         0,    2.30,decoder_by_matrix,cd5aa4935a142b600239883e928f6c7fc9fbc8c84161e9ed59cf2551b7ebfc3d,"{""distance"":3,""physical_error_rate"":5e-05}","{""detection_events"":162,""detectors_checked"":1603584}"
     21504,         0,         0,    1.98,decoder_by_matrix,5dee359087c4b9ae2c20477a4d5136d2695095b0438111838e7093c679bd3c20,"{""distance"":3,""physical_error_rate"":0.0005}","{""detection_events"":1179,""detectors_checked"":1161216}"
     23552,         0,         0,    2.32,decoder_by_matrix,c8397cb2c46e4683a6f3970bc42cef1aabfef4d80cfcd6b8313e87630b680ee2,"{""distance"":3,""physical_error_rate"":0.0001}","{""detection_events"":300,""detectors_checked"":1271808}"
     21504,         1,         0,    2.25,decoder_by_matrix,5dee359087c4b9ae2c20477a4d5136d2695095b0438111838e7093c679bd3c20,"{""distance"":3,""physical_error_rate"":0.0005}","{""detection_events"":1284,""detectors_checked"":1161216,""obs_mistake_mask=_E__"":1}"
     27648,         0,         0,    3.16,decoder_by_matrix,5dee359087c4b9ae2c20477a4d5136d2695095b0438111838e7093c679bd3c20,"{""distance"":3,""physical_error_rate"":0.0005}","{""detection_events"":1833,""detectors_checked"":1492992}"
     28672,         3,         0,    3.18,decoder_by_matrix,5dee359087c4b9ae2c20477a4d5136d2695095b0438111838e7093c679bd3c20,"{""distance"":3,""physical_error_rate"":0.0005}","{""detection_events"":1731,""detectors_checked"":1548288,""obs_mistake_mask=E___"":1,""obs_mistake_mask=_E_E"":1,""obs_mistake_mask=__EE"":1}"
     30720,         0,         0,    2.80,decoder_by_matrix,c8397cb2c46e4683a6f3970bc42cef1aabfef4d80cfcd6b8313e87630b680ee2,"{""distance"":3,""physical_error_rate"":0.0001}","{""detection_events"":372,""detectors_checked"":1658880}"
     27648,         0,         0,    3.09,decoder_by_matrix,5dee359087c4b9ae2c20477a4d5136d2695095b0438111838e7093c679bd3c20,"{""distance"":3,""physical_error_rate"":0.0005}","{""detection_events"":1749,""detectors_checked"":1492992}"
     36864,         0,         0,    3.05,decoder_by_matrix,cd5aa4935a142b600239883e928f6c7fc9fbc8c84161e9ed59cf2551b7ebfc3d,"{""distance"":3,""physical_error_rate"":5e-05}","{""detection_events"":240,""detectors_checked"":1990656}"
     33792,         0,         0,    3.06,decoder_by_matrix,cd5aa4935a142b600239883e928f6c7fc9fbc8c84161e9ed59cf2551b7ebfc3d,"{""distance"":3,""physical_error_rate"":5e-05}","{""detection_events"":258,""detectors_checked"":1824768}"
     31744,         0,         0,    3.18,decoder_by_matrix,c8397cb2c46e4683a6f3970bc42cef1aabfef4d80cfcd6b8313e87630b680ee2,"{""distance"":3,""physical_error_rate"":0.0001}","{""detection_events"":378,""detectors_checked"":1714176}"
     30720,         0,         0,    3.07,decoder_by_matrix,c8397cb2c46e4683a6f3970bc42cef1aabfef4d80cfcd6b8313e87630b680ee2,"{""distance"":3,""physical_error_rate"":0.0001}","{""detection_events"":342,""detectors_checked"":1658880}"
     26624,         0,         0,    3.06,decoder_by_matrix,5dee359087c4b9ae2c20477a4d5136d2695095b0438111838e7093c679bd3c20,"{""distance"":3,""physical_error_rate"":0.0005}","{""detection_events"":1722,""detectors_checked"":1437696}"
     37888,         0,         0,    3.23,decoder_by_matrix,cd5aa4935a142b600239883e928f6c7fc9fbc8c84161e9ed59cf2551b7ebfc3d,"{""distance"":3,""physical_error_rate"":5e-05}","{""detection_events"":297,""detectors_checked"":2045952}"
     39936,         0,         0,    3.16,decoder_by_matrix,cd5aa4935a142b600239883e928f6c7fc9fbc8c84161e9ed59cf2551b7ebfc3d,"{""distance"":3,""physical_error_rate"":5e-05}","{""detection_events"":186,""detectors_checked"":2156544}"
     28672,         2,         0,    3.24,decoder_by_matrix,5dee359087c4b9ae2c20477a4d5136d2695095b0438111838e7093c679bd3c20,"{""distance"":3,""physical_error_rate"":0.0005}","{""detection_events"":1716,""detectors_checked"":1548288,""obs_mistake_mask=__E_"":2}"
     37888,         0,         0,    3.17,decoder_by_matrix,cd5aa4935a142b600239883e928f6c7fc9fbc8c84161e9ed59cf2551b7ebfc3d,"{""distance"":3,""physical_error_rate"":5e-05}","{""detection_events"":228,""detectors_checked"":2045952}"
     32768,         0,         0,    3.27,decoder_by_matrix,c8397cb2c46e4683a6f3970bc42cef1aabfef4d80cfcd6b8313e87630b680ee2,"{""distance"":3,""physical_error_rate"":0.0001}","{""detection_events"":414,""detectors_checked"":1769472}"
     33792,         0,         0,    3.23,decoder_by_matrix,c8397cb2c46e4683a6f3970bc42cef1aabfef4d80cfcd6b8313e87630b680ee2,"{""distance"":3,""physical_error_rate"":0.0001}","{""detection_events"":534,""detectors_checked"":1824768}"
     27648,         1,         0,    3.09,decoder_by_matrix,5dee359087c4b9ae2c20477a4d5136d2695095b0438111838e7093c679bd3c20,"{""distance"":3,""physical_error_rate"":0.0005}","{""detection_events"":1623,""detectors_checked"":1492992,""obs_mistake_mask=___E"":1}"
     44032,         0,         0,    4.52,decoder_by_matrix,5dee359087c4b9ae2c20477a4d5136d2695095b0438111838e7093c679bd3c20,"{""distance"":3,""physical_error_rate"":0.0005}","{""detection_events"":2823,""detectors_checked"":2377728}"
     41984,         1,         0,    4.45,decoder_by_matrix,5dee359087c4b9ae2c20477a4d5136d2695095b0438111838e7093c679bd3c20,"{""distance"":3,""physical_error_rate"":0.0005}","{""detection_events"":2739,""detectors_checked"":2267136,""obs_mistake_mask=_E_E"":1}"
     58368,         0,         0,    4.09,decoder_by_matrix,cd5aa4935a142b600239883e928f6c7fc9fbc8c84161e9ed59cf2551b7ebfc3d,"{""distance"":3,""physical_error_rate"":5e-05}","{""detection_events"":288,""detectors_checked"":3151872}"
     49152,         0,         0,    4.39,decoder_by_matrix,c8397cb2c46e4683a6f3970bc42cef1aabfef4d80cfcd6b8313e87630b680ee2,"{""distance"":3,""physical_error_rate"":0.0001}","{""detection_events"":522,""detectors_checked"":2654208}"
     53248,         0,         0,    4.10,decoder_by_matrix,cd5aa4935a142b600239883e928f6c7fc9fbc8c84161e9ed59cf2551b7ebfc3d,"{""distance"":3,""physical_error_rate"":5e-05}","{""detection_events"":342,""detectors_checked"":2875392}"
     44032,         0,         0,    4.35,decoder_by_matrix,c8397cb2c46e4683a6f3970bc42cef1aabfef4d80cfcd6b8313e87630b680ee2,"{""distance"":3,""physical_error_rate"":0.0001}","{""detection_events"":600,""detectors_checked"":2377728}"
     41984,         0,         0,    4.50,decoder_by_matrix,5dee359087c4b9ae2c20477a4d5136d2695095b0438111838e7093c679bd3c20,"{""distance"":3,""physical_error_rate"":0.0005}","{""detection_events"":2541,""detectors_checked"":2267136}"
     48128,         0,         0,    4.23,decoder_by_matrix,c8397cb2c46e4683a6f3970bc42cef1aabfef4d80cfcd6b8313e87630b680ee2,"{""distance"":3,""physical_error_rate"":0.0001}","{""detection_events"":636,""detectors_checked"":2598912}"
     55296,         0,         0,    4.09,decoder_by_matrix,cd5aa4935a142b600239883e928f6c7fc9fbc8c84161e9ed59cf2551b7ebfc3d,"{""distance"":3,""physical_error_rate"":5e-05}","{""detection_events"":291,""detectors_checked"":2985984}"
     52224,         0,         0,    4.35,decoder_by_matrix,cd5aa4935a142b600239883e928f6c7fc9fbc8c84161e9ed59cf2551b7ebfc3d,"{""distance"":3,""physical_error_rate"":5e-05}","{""detection_events"":336,""detectors_checked"":2820096}"
     41984,         1,         0,    4.42,decoder_by_matrix,5dee359087c4b9ae2c20477a4d5136d2695095b0438111838e7093c679bd3c20,"{""distance"":3,""physical_error_rate"":0.0005}","{""detection_events"":2499,""detectors_checked"":2267136,""obs_mistake_mask=__E_"":1}"
     41984,         0,         0,    4.36,decoder_by_matrix,5dee359087c4b9ae2c20477a4d5136d2695095b0438111838e7093c679bd3c20,"{""distance"":3,""physical_error_rate"":0.0005}","{""detection_events"":2373,""detectors_checked"":2267136}"
     57344,         1,         0,    4.35,decoder_by_matrix,cd5aa4935a142b600239883e928f6c7fc9fbc8c84161e9ed59cf2551b7ebfc3d,"{""distance"":3,""physical_error_rate"":5e-05}","{""detection_events"":378,""detectors_checked"":3096576,""obs_mistake_mask=__E_"":1}"
     47104,         0,         0,    4.35,decoder_by_matrix,c8397cb2c46e4683a6f3970bc42cef1aabfef4d80cfcd6b8313e87630b680ee2,"{""distance"":3,""physical_error_rate"":0.0001}","{""detection_events"":600,""detectors_checked"":2543616}"
     47104,         0,         0,    4.39,decoder_by_matrix,c8397cb2c46e4683a6f3970bc42cef1aabfef4d80cfcd6b8313e87630b680ee2,"{""distance"":3,""physical_error_rate"":0.0001}","{""detection_events"":522,""detectors_checked"":2543616}"
     40960,         0,         0,    4.35,decoder_by_matrix,5dee359087c4b9ae2c20477a4d5136d2695095b0438111838e7093c679bd3c20,"{""distance"":3,""physical_error_rate"":0.0005}","{""detection_events"":2724,""detectors_checked"":2211840}"
     59392,         0,         0,    5.88,decoder_by_matrix,5dee359087c4b9ae2c20477a4d5136d2695095b0438111838e7093c679bd3c20,"{""distance"":3,""physical_error_rate"":0.0005}","{""detection_events"":3342,""detectors_checked"":3207168}"
     59392,         1,         0,    5.68,decoder_by_matrix,5dee359087c4b9ae2c20477a4d5136d2695095b0438111838e7093c679bd3c20,"{""distance"":3,""physical_error_rate"":0.0005}","{""detection_events"":3483,""detectors_checked"":3207168,""obs_mistake_mask=_E__"":1}"
     76800,         0,         0,    6.14,decoder_by_matrix,cd5aa4935a142b600239883e928f6c7fc9fbc8c84161e9ed59cf2551b7ebfc3d,"{""distance"":3,""physical_error_rate"":5e-05}","{""detection_events"":492,""detectors_checked"":4147200}"
     58368,         0,         0,    6.01,decoder_by_matrix,5dee359087c4b9ae2c20477a4d5136d2695095b0438111838e7093c679bd3c20,"{""distance"":3,""physical_error_rate"":0.0005}","{""detection_events"":3624,""detectors_checked"":3151872}"
     64512,         0,         0,    5.91,decoder_by_matrix,c8397cb2c46e4683a6f3970bc42cef1aabfef4d80cfcd6b8313e87630b680ee2,"{""distance"":3,""physical_error_rate"":0.0001}","{""detection_events"":867,""detectors_checked"":3483648}"
     80896,         0,         0,    6.14,decoder_by_matrix,cd5aa4935a142b600239883e928f6c7fc9fbc8c84161e9ed59cf2551b7ebfc3d,"{""distance"":3,""physical_error_rate"":5e-05}","{""detection_events"":387,""detectors_checked"":4368384}"
     64512,         0,         0,    5.90,decoder_by_matrix,c8397cb2c46e4683a6f3970bc42cef1aabfef4d80cfcd6b8313e87630b680ee2,"{""distance"":3,""physical_error_rate"":0.0001}","{""detection_events"":789,""detectors_checked"":3483648}"
     71680,         0,         0,    6.00,decoder_by_matrix,cd5aa4935a142b600239883e928f6c7fc9fbc8c84161e9ed59cf2551b7ebfc3d,"{""distance"":3,""physical_error_rate"":5e-05}","{""detection_events"":546,""detectors_checked"":3870720}"
     69632,         0,         0,    5.63,decoder_by_matrix,c8397cb2c46e4683a6f3970bc42cef1aabfef4d80cfcd6b8313e87630b680ee2,"{""distance"":3,""physical_error_rate"":0.0001}","{""detection_events"":753,""detectors_checked"":3760128}"
     77824,         0,         0,    5.66,decoder_by_matrix,cd5aa4935a142b600239883e928f6c7fc9fbc8c84161e9ed59cf2551b7ebfc3d,"{""distance"":3,""physical_error_rate"":5e-05}","{""detection_events"":522,""detectors_checked"":4202496}"
     58368,         0,         0,    6.17,decoder_by_matrix,5dee359087c4b9ae2c20477a4d5136d2695095b0438111838e7093c679bd3c20,"{""distance"":3,""physical_error_rate"":0.0005}","{""detection_events"":3591,""detectors_checked"":3151872}"
     59392,         0,         0,    6.16,decoder_by_matrix,5dee359087c4b9ae2c20477a4d5136d2695095b0438111838e7093c679bd3c20,"{""distance"":3,""physical_error_rate"":0.0005}","{""detection_events"":3561,""detectors_checked"":3207168}"
     79872,         0,         0,    5.90,decoder_by_matrix,cd5aa4935a142b600239883e928f6c7fc9fbc8c84161e9ed59cf2551b7ebfc3d,"{""distance"":3,""physical_error_rate"":5e-05}","{""detection_events"":459,""detectors_checked"":4313088}"
     60416,         0,         0,    6.00,decoder_by_matrix,c8397cb2c46e4683a6f3970bc42cef1aabfef4d80cfcd6b8313e87630b680ee2,"{""distance"":3,""physical_error_rate"":0.0001}","{""detection_events"":819,""detectors_checked"":3262464}"
     61440,         0,         0,    6.14,decoder_by_matrix,c8397cb2c46e4683a6f3970bc42cef1aabfef4d80cfcd6b8313e87630b680ee2,"{""distance"":3,""physical_error_rate"":0.0001}","{""detection_events"":783,""detectors_checked"":3317760}"
     58368,         2,         0,    6.11,decoder_by_matrix,5dee359087c4b9ae2c20477a4d5136d2695095b0438111838e7093c679bd3c20,"{""distance"":3,""physical_error_rate"":0.0005}","{""detection_events"":3270,""detectors_checked"":3151872,""obs_mistake_mask=_E_E"":1,""obs_mistake_mask=__E_"":1}"
     80896,         2,         0,    8.52,decoder_by_matrix,5dee359087c4b9ae2c20477a4d5136d2695095b0438111838e7093c679bd3c20,"{""distance"":3,""physical_error_rate"":0.0005}","{""detection_events"":5052,""detectors_checked"":4368384,""obs_mistake_mask=_E__"":1,""obs_mistake_mask=__E_"":1}"
     81920,         2,         0,    8.55,decoder_by_matrix,5dee359087c4b9ae2c20477a4d5136d2695095b0438111838e7093c679bd3c20,"{""distance"":3,""physical_error_rate"":0.0005}","{""detection_events"":4995,""detectors_checked"":4423680,""obs_mistake_mask=_EEE"":1,""obs_mistake_mask=__EE"":1}"
    112640,         0,         0,    7.94,decoder_by_matrix,cd5aa4935a142b600239883e928f6c7fc9fbc8c84161e9ed59cf2551b7ebfc3d,"{""distance"":3,""physical_error_rate"":5e-05}","{""detection_events"":633,""detectors_checked"":6082560}"
     81920,         2,         0,    7.96,decoder_by_matrix,5dee359087c4b9ae2c20477a4d5136d2695095b0438111838e7093c679bd3c20,"{""distance"":3,""physical_error_rate"":0.0005}","{""detection_events"":5190,""detectors_checked"":4423680,""obs_mistake_mask=__E_"":1,""obs_mistake_mask=___E"":1}"
     92160,         0,         0,    8.46,decoder_by_matrix,c8397cb2c46e4683a6f3970bc42cef1aabfef4d80cfcd6b8313e87630b680ee2,"{""distance"":3,""physical_error_rate"":0.0001}","{""detection_events"":993,""detectors_checked"":4976640}"
    108544,         1,         0,    8.21,decoder_by_matrix,cd5aa4935a142b600239883e928f6c7fc9fbc8c84161e9ed59cf2551b7ebfc3d,"{""distance"":3,""physical_error_rate"":5e-05}","{""detection_events"":666,""detectors_checked"":5861376,""obs_mistake_mask=_E__"":1}"
     93184,         0,         0,    7.94,decoder_by_matrix,c8397cb2c46e4683a6f3970bc42cef1aabfef4d80cfcd6b8313e87630b680ee2,"{""distance"":3,""physical_error_rate"":0.0001}","{""detection_events"":1044,""detectors_checked"":5031936}"
    104448,         0,         0,    8.44,decoder_by_matrix,cd5aa4935a142b600239883e928f6c7fc9fbc8c84161e9ed59cf2551b7ebfc3d,"{""distance"":3,""physical_error_rate"":5e-05}","{""detection_events"":711,""detectors_checked"":5640192}"
    111616,         0,         0,    8.42,decoder_by_matrix,cd5aa4935a142b600239883e928f6c7fc9fbc8c84161e9ed59cf2551b7ebfc3d,"{""distance"":3,""physical_error_rate"":5e-05}","{""detection_events"":642,""detectors_checked"":6027264}"
     81920,         2,         0,    8.19,decoder_by_matrix,5dee359087c4b9ae2c20477a4d5136d2695095b0438111838e7093c679bd3c20,"{""distance"":3,""physical_error_rate"":0.0005}","{""detection_events"":4836,""detectors_checked"":4423680,""obs_mistake_mask=E___"":1,""obs_mistake_mask=__E_"":1}"
    112640,         0,         0,    7.94,decoder_by_matrix,cd5aa4935a142b600239883e928f6c7fc9fbc8c84161e9ed59cf2551b7ebfc3d,"{""distance"":3,""physical_error_rate"":5e-05}","{""detection_events"":621,""detectors_checked"":6082560}"
     91136,         0,         0,    8.44,decoder_by_matrix,c8397cb2c46e4683a6f3970bc42cef1aabfef4d80cfcd6b8313e87630b680ee2,"{""distance"":3,""physical_error_rate"":0.0001}","{""detection_events"":1002,""detectors_checked"":4921344}"
     80896,         2,         0,    8.24,decoder_by_matrix,5dee359087c4b9ae2c20477a4d5136d2695095b0438111838e7093c679bd3c20,"{""distance"":3,""physical_error_rate"":0.0005}","{""detection_events"":4581,""detectors_checked"":4368384,""obs_mistake_mask=_EEE"":1,""obs_mistake_mask=__E_"":1}"
     94208,         0,         0,    8.20,decoder_by_matrix,c8397cb2c46e4683a6f3970bc42cef1aabfef4d80cfcd6b8313e87630b680ee2,"{""distance"":3,""physical_error_rate"":0.0001}","{""detection_events"":1107,""detectors_checked"":5087232}"
     88064,         0,         0,    8.60,decoder_by_matrix,c8397cb2c46e4683a6f3970bc42cef1aabfef4d80cfcd6b8313e87630b680ee2,"{""distance"":3,""physical_error_rate"":0.0001}","{""detection_events"":1122,""detectors_checked"":4755456}"
     79872,         3,         0,    8.47,decoder_by_matrix,5dee359087c4b9ae2c20477a4d5136d2695095b0438111838e7093c679bd3c20,"{""distance"":3,""physical_error_rate"":0.0005}","{""detection_events"":4836,""detectors_checked"":4313088,""obs_mistake_mask=_E_E"":2,""obs_mistake_mask=__E_"":1}"
   1269760,         2,         0,   117.7,decoder_by_matrix,c8397cb2c46e4683a6f3970bc42cef1aabfef4d80cfcd6b8313e87630b680ee2,"{""distance"":3,""physical_error_rate"":0.0001}","{""detection_events"":15651,""detectors_checked"":68567040,""obs_mistake_mask=_E_E"":1,""obs_mistake_mask=___E"":1}"
   1125376,        22,         0,   115.1,decoder_by_matrix,5dee359087c4b9ae2c20477a4d5136d2695095b0438111838e7093c679bd3c20,"{""distance"":3,""physical_error_rate"":0.0005}","{""detection_events"":67563,""detectors_checked"":60770304,""obs_mistake_mask=E___"":2,""obs_mistake_mask=_EEE"":5,""obs_mistake_mask=_EE_"":1,""obs_mistake_mask=_E_E"":1,""obs_mistake_mask=_E__"":4,""obs_mistake_mask=__EE"":3,""obs_mistake_mask=__E_"":2,""obs_mistake_mask=___E"":4}"
   1135616,        23,         0,   117.6,decoder_by_matrix,5dee359087c4b9ae2c20477a4d5136d2695095b0438111838e7093c679bd3c20,"{""distance"":3,""physical_error_rate"":0.0005}","{""detection_events"":68358,""detectors_checked"":61323264,""obs_mistake_mask=E___"":2,""obs_mistake_mask=_EEE"":2,""obs_mistake_mask=_EE_"":3,""obs_mistake_mask=_E_E"":2,""obs_mistake_mask=_E__"":3,""obs_mistake_mask=__EE"":2,""obs_mistake_mask=__E_"":2,""obs_mistake_mask=___E"":7}"
   1517568,         0,         0,   117.4,decoder_by_matrix,cd5aa4935a142b600239883e928f6c7fc9fbc8c84161e9ed59cf2551b7ebfc3d,"{""distance"":3,""physical_error_rate"":5e-05}","{""detection_events"":9165,""detectors_checked"":81948672}"
    112640,         0,         0,    11.6,decoder_by_matrix,5dee359087c4b9ae2c20477a4d5136d2695095b0438111838e7093c679bd3c20,"{""distance"":3,""physical_error_rate"":0.0005}","{""detection_events"":6918,""detectors_checked"":6082560}"
   1462272,         0,         0,   117.5,decoder_by_matrix,cd5aa4935a142b600239883e928f6c7fc9fbc8c84161e9ed59cf2551b7ebfc3d,"{""distance"":3,""physical_error_rate"":5e-05}","{""detection_events"":9390,""detectors_checked"":78962688}"
    110592,         3,         0,    11.3,decoder_by_matrix,5dee359087c4b9ae2c20477a4d5136d2695095b0438111838e7093c679bd3c20,"{""distance"":3,""physical_error_rate"":0.0005}","{""detection_events"":6930,""detectors_checked"":5971968,""obs_mistake_mask=_E_E"":2,""obs_mistake_mask=__EE"":1}"
    155648,         0,         0,    11.4,decoder_by_matrix,cd5aa4935a142b600239883e928f6c7fc9fbc8c84161e9ed59cf2551b7ebfc3d,"{""distance"":3,""physical_error_rate"":5e-05}","{""detection_events"":795,""detectors_checked"":8404992}"
    145408,         0,         0,    11.4,decoder_by_matrix,cd5aa4935a142b600239883e928f6c7fc9fbc8c84161e9ed59cf2551b7ebfc3d,"{""distance"":3,""physical_error_rate"":5e-05}","{""detection_events"":954,""detectors_checked"":7852032}"
    126976,         0,         0,    11.9,decoder_by_matrix,c8397cb2c46e4683a6f3970bc42cef1aabfef4d80cfcd6b8313e87630b680ee2,"{""distance"":3,""physical_error_rate"":0.0001}","{""detection_events"":1473,""detectors_checked"":6856704}"
    112640,         1,         0,    11.9,decoder_by_matrix,5dee359087c4b9ae2c20477a4d5136d2695095b0438111838e7093c679bd3c20,"{""distance"":3,""physical_error_rate"":0.0005}","{""detection_events"":6828,""detectors_checked"":6082560,""obs_mistake_mask=_EE_"":1}"
    150528,         0,         0,    11.6,decoder_by_matrix,cd5aa4935a142b600239883e928f6c7fc9fbc8c84161e9ed59cf2551b7ebfc3d,"{""distance"":3,""physical_error_rate"":5e-05}","{""detection_events"":855,""detectors_checked"":8128512}"
    128000,         0,         0,    11.7,decoder_by_matrix,c8397cb2c46e4683a6f3970bc42cef1aabfef4d80cfcd6b8313e87630b680ee2,"{""distance"":3,""physical_error_rate"":0.0001}","{""detection_events"":1593,""detectors_checked"":6912000}"
    145408,         1,         0,    11.3,decoder_by_matrix,cd5aa4935a142b600239883e928f6c7fc9fbc8c84161e9ed59cf2551b7ebfc3d,"{""distance"":3,""physical_error_rate"":5e-05}","{""detection_events"":948,""detectors_checked"":7852032,""obs_mistake_mask=_E_E"":1}"
    111616,         0,         0,    11.6,decoder_by_matrix,5dee359087c4b9ae2c20477a4d5136d2695095b0438111838e7093c679bd3c20,"{""distance"":3,""physical_error_rate"":0.0005}","{""detection_events"":6642,""detectors_checked"":6027264}"
    124928,         0,         0,    11.6,decoder_by_matrix,c8397cb2c46e4683a6f3970bc42cef1aabfef4d80cfcd6b8313e87630b680ee2,"{""distance"":3,""physical_error_rate"":0.0001}","{""detection_events"":1449,""detectors_checked"":6746112}"
    148480,         0,         0,    11.7,decoder_by_matrix,cd5aa4935a142b600239883e928f6c7fc9fbc8c84161e9ed59cf2551b7ebfc3d,"{""distance"":3,""physical_error_rate"":5e-05}","{""detection_events"":912,""detectors_checked"":8017920}"
    110592,         1,         0,    11.6,decoder_by_matrix,5dee359087c4b9ae2c20477a4d5136d2695095b0438111838e7093c679bd3c20,"{""distance"":3,""physical_error_rate"":0.0005}","{""detection_events"":6861,""detectors_checked"":5971968,""obs_mistake_mask=___E"":1}"
    124928,         0,         0,    10.9,decoder_by_matrix,c8397cb2c46e4683a6f3970bc42cef1aabfef4d80cfcd6b8313e87630b680ee2,"{""distance"":3,""physical_error_rate"":0.0001}","{""detection_events"":1527,""detectors_checked"":6746112}"
    128000,         0,         0,    11.9,decoder_by_matrix,c8397cb2c46e4683a6f3970bc42cef1aabfef4d80cfcd6b8313e87630b680ee2,"{""distance"":3,""physical_error_rate"":0.0001}","{""detection_events"":1608,""detectors_checked"":6912000}"
    110592,         1,         0,    11.8,decoder_by_matrix,5dee359087c4b9ae2c20477a4d5136d2695095b0438111838e7093c679bd3c20,"{""distance"":3,""physical_error_rate"":0.0005}","{""detection_events"":6474,""detectors_checked"":5971968,""obs_mistake_mask=___E"":1}"
   1260544,         0,         0,   116.7,decoder_by_matrix,c8397cb2c46e4683a6f3970bc42cef1aabfef4d80cfcd6b8313e87630b680ee2,"{""distance"":3,""physical_error_rate"":0.0001}","{""detection_events"":15663,""detectors_checked"":68069376}"
    157696,         6,         0,    15.9,decoder_by_matrix,5dee359087c4b9ae2c20477a4d5136d2695095b0438111838e7093c679bd3c20,"{""distance"":3,""physical_error_rate"":0.0005}","{""detection_events"":9333,""detectors_checked"":8515584,""obs_mistake_mask=_EE_"":2,""obs_mistake_mask=_E__"":2,""obs_mistake_mask=__EE"":1,""obs_mistake_mask=___E"":1}"
    203776,         0,         0,    15.9,decoder_by_matrix,cd5aa4935a142b600239883e928f6c7fc9fbc8c84161e9ed59cf2551b7ebfc3d,"{""distance"":3,""physical_error_rate"":5e-05}","{""detection_events"":1263,""detectors_checked"":11003904}"
    157696,         6,         0,    16.2,decoder_by_matrix,5dee359087c4b9ae2c20477a4d5136d2695095b0438111838e7093c679bd3c20,"{""distance"":3,""physical_error_rate"":0.0005}","{""detection_events"":9843,""detectors_checked"":8515584,""obs_mistake_mask=_E_E"":2,""obs_mistake_mask=_E__"":1,""obs_mistake_mask=__E_"":1,""obs_mistake_mask=___E"":2}"
    159744,         4,         0,    16.1,decoder_by_matrix,5dee359087c4b9ae2c20477a4d5136d2695095b0438111838e7093c679bd3c20,"{""distance"":3,""physical_error_rate"":0.0005}","{""detection_events"":9870,""detectors_checked"":8626176,""obs_mistake_mask=_EE_"":1,""obs_mistake_mask=_E__"":2,""obs_mistake_mask=___E"":1}"
    210944,         0,         0,    15.7,decoder_by_matrix,cd5aa4935a142b600239883e928f6c7fc9fbc8c84161e9ed59cf2551b7ebfc3d,"{""distance"":3,""physical_error_rate"":5e-05}","{""detection_events"":1320,""detectors_checked"":11390976}"
    210944,         0,         0,    16.4,decoder_by_matrix,cd5aa4935a142b600239883e928f6c7fc9fbc8c84161e9ed59cf2551b7ebfc3d,"{""distance"":3,""physical_error_rate"":5e-05}","{""detection_events"":1293,""detectors_checked"":11390976}"
    177152,         1,         0,    16.4,decoder_by_matrix,c8397cb2c46e4683a6f3970bc42cef1aabfef4d80cfcd6b8313e87630b680ee2,"{""distance"":3,""physical_error_rate"":0.0001}","{""detection_events"":2115,""detectors_checked"":9566208,""obs_mistake_mask=__EE"":1}"
    206848,         0,         0,    16.4,decoder_by_matrix,cd5aa4935a142b600239883e928f6c7fc9fbc8c84161e9ed59cf2551b7ebfc3d,"{""distance"":3,""physical_error_rate"":5e-05}","{""detection_events"":1194,""detectors_checked"":11169792}"
    155648,         4,         0,    16.4,decoder_by_matrix,5dee359087c4b9ae2c20477a4d5136d2695095b0438111838e7093c679bd3c20,"{""distance"":3,""physical_error_rate"":0.0005}","{""detection_events"":9618,""detectors_checked"":8404992,""obs_mistake_mask=_E__"":2,""obs_mistake_mask=__EE"":1,""obs_mistake_mask=___E"":1}"
    177152,         0,         0,    16.6,decoder_by_matrix,c8397cb2c46e4683a6f3970bc42cef1aabfef4d80cfcd6b8313e87630b680ee2,"{""distance"":3,""physical_error_rate"":0.0001}","{""detection_events"":2298,""detectors_checked"":9566208}"
    206848,         0,         0,    16.4,decoder_by_matrix,cd5aa4935a142b600239883e928f6c7fc9fbc8c84161e9ed59cf2551b7ebfc3d,"{""distance"":3,""physical_error_rate"":5e-05}","{""detection_events"":1332,""detectors_checked"":11169792}"
    175104,         0,         0,    16.5,decoder_by_matrix,c8397cb2c46e4683a6f3970bc42cef1aabfef4d80cfcd6b8313e87630b680ee2,"{""distance"":3,""physical_error_rate"":0.0001}","{""detection_events"":2157,""detectors_checked"":9455616}"
    156672,         7,         0,    16.4,decoder_by_matrix,5dee359087c4b9ae2c20477a4d5136d2695095b0438111838e7093c679bd3c20,"{""distance"":3,""physical_error_rate"":0.0005}","{""detection_events"":9465,""detectors_checked"":8460288,""obs_mistake_mask=E___"":1,""obs_mistake_mask=_EEE"":2,""obs_mistake_mask=_E__"":1,""obs_mistake_mask=__E_"":2,""obs_mistake_mask=___E"":1}"
    181248,         0,         0,    16.0,decoder_by_matrix,c8397cb2c46e4683a6f3970bc42cef1aabfef4d80cfcd6b8313e87630b680ee2,"{""distance"":3,""physical_error_rate"":0.0001}","{""detection_events"":2223,""detectors_checked"":9787392}"
    160768,         6,         0,    15.9,decoder_by_matrix,5dee359087c4b9ae2c20477a4d5136d2695095b0438111838e7093c679bd3c20,"{""distance"":3,""physical_error_rate"":0.0005}","{""detection_events"":9708,""detectors_checked"":8681472,""obs_mistake_mask=E___"":1,""obs_mistake_mask=_EEE"":3,""obs_mistake_mask=__E_"":1,""obs_mistake_mask=___E"":1}"
    177152,         0,         0,    16.4,decoder_by_matrix,c8397cb2c46e4683a6f3970bc42cef1aabfef4d80cfcd6b8313e87630b680ee2,"{""distance"":3,""physical_error_rate"":0.0001}","{""detection_events"":2343,""detectors_checked"":9566208}"
    599040,         7,         0,    61.4,decoder_by_matrix,5dee359087c4b9ae2c20477a4d5136d2695095b0438111838e7093c679bd3c20,"{""distance"":3,""physical_error_rate"":0.0005}","{""detection_events"":36030,""detectors_checked"":32348160,""obs_mistake_mask=_E_E"":1,""obs_mistake_mask=_E__"":2,""obs_mistake_mask=__EE"":3,""obs_mistake_mask=__E_"":1}"
    679936,         0,         0,    62.4,decoder_by_matrix,c8397cb2c46e4683a6f3970bc42cef1aabfef4d80cfcd6b8313e87630b680ee2,"{""distance"":3,""physical_error_rate"":0.0001}","{""detection_events"":7713,""detectors_checked"":36716544}"
    678912,         0,         0,    61.1,decoder_by_matrix,c8397cb2c46e4683a6f3970bc42cef1aabfef4d80cfcd6b8313e87630b680ee2,"{""distance"":3,""physical_error_rate"":0.0001}","{""detection_events"":8205,""detectors_checked"":36661248}"
    663552,         0,         0,    61.8,decoder_by_matrix,c8397cb2c46e4683a6f3970bc42cef1aabfef4d80cfcd6b8313e87630b680ee2,"{""distance"":3,""physical_error_rate"":0.0001}","{""detection_events"":7902,""detectors_checked"":35831808}"
    781312,         0,         0,    61.4,decoder_by_matrix,cd5aa4935a142b600239883e928f6c7fc9fbc8c84161e9ed59cf2551b7ebfc3d,"{""distance"":3,""physical_error_rate"":5e-05}","{""detection_events"":4614,""detectors_checked"":42190848}"
    590848,        10,         0,    61.9,decoder_by_matrix,5dee359087c4b9ae2c20477a4d5136d2695095b0438111838e7093c679bd3c20,"{""distance"":3,""physical_error_rate"":0.0005}","{""detection_events"":35487,""detectors_checked"":31905792,""obs_mistake_mask=E___"":1,""obs_mistake_mask=_EEE"":2,""obs_mistake_mask=_E_E"":1,""obs_mistake_mask=_E__"":1,""obs_mistake_mask=__E_"":1,""obs_mistake_mask=___E"":4}"
    785408,         0,         0,    60.9,decoder_by_matrix,cd5aa4935a142b600239883e928f6c7fc9fbc8c84161e9ed59cf2551b7ebfc3d,"{""distance"":3,""physical_error_rate"":5e-05}","{""detection_events"":4629,""detectors_checked"":42412032}"
    808960,         0,         0,    61.7,decoder_by_matrix,cd5aa4935a142b600239883e928f6c7fc9fbc8c84161e9ed59cf2551b7ebfc3d,"{""distance"":3,""physical_error_rate"":5e-05}","{""detection_events"":4719,""detectors_checked"":43683840}"
    598016,        16,         0,    61.8,decoder_by_matrix,5dee359087c4b9ae2c20477a4d5136d2695095b0438111838e7093c679bd3c20,"{""distance"":3,""physical_error_rate"":0.0005}","{""detection_events"":35793,""detectors_checked"":32292864,""obs_mistake_mask=_EEE"":3,""obs_mistake_mask=_EE_"":3,""obs_mistake_mask=_E_E"":2,""obs_mistake_mask=__EE"":3,""obs_mistake_mask=__E_"":2,""obs_mistake_mask=___E"":3}"
    220160,         3,         0,    22.6,decoder_by_matrix,5dee359087c4b9ae2c20477a4d5136d2695095b0438111838e7093c679bd3c20,"{""distance"":3,""physical_error_rate"":0.0005}","{""detection_events"":13023,""detectors_checked"":11888640,""obs_mistake_mask=E___"":2,""obs_mistake_mask=___E"":1}"
    304128,         0,         0,    22.0,decoder_by_matrix,cd5aa4935a142b600239883e928f6c7fc9fbc8c84161e9ed59cf2551b7ebfc3d,"{""distance"":3,""physical_error_rate"":5e-05}","{""detection_events"":1737,""detectors_checked"":16422912}"
    219136,         6,         0,    22.5,decoder_by_matrix,5dee359087c4b9ae2c20477a4d5136d2695095b0438111838e7093c679bd3c20,"{""distance"":3,""physical_error_rate"":0.0005}","{""detection_events"":13374,""detectors_checked"":11833344,""obs_mistake_mask=_EEE"":1,""obs_mistake_mask=_EE_"":1,""obs_mistake_mask=_E_E"":2,""obs_mistake_mask=_E__"":1,""obs_mistake_mask=__E_"":1}"
    219136,         4,         0,    23.1,decoder_by_matrix,5dee359087c4b9ae2c20477a4d5136d2695095b0438111838e7093c679bd3c20,"{""distance"":3,""physical_error_rate"":0.0005}","{""detection_events"":13464,""detectors_checked"":11833344,""obs_mistake_mask=_EEE"":1,""obs_mistake_mask=_E__"":2,""obs_mistake_mask=__EE"":1}"
    285696,         0,         0,    22.3,decoder_by_matrix,cd5aa4935a142b600239883e928f6c7fc9fbc8c84161e9ed59cf2551b7ebfc3d,"{""distance"":3,""physical_error_rate"":5e-05}","{""detection_events"":1863,""detectors_checked"":15427584}"
    295936,         2,         0,    22.4,decoder_by_matrix,cd5aa4935a142b600239883e928f6c7fc9fbc8c84161e9ed59cf2551b7ebfc3d,"{""distance"":3,""physical_error_rate"":5e-05}","{""detection_events"":1770,""detectors_checked"":15980544,""obs_mistake_mask=__E_"":1,""obs_mistake_mask=___E"":1}"
    218112,         2,         0,    22.2,decoder_by_matrix,5dee359087c4b9ae2c20477a4d5136d2695095b0438111838e7093c679bd3c20,"{""distance"":3,""physical_error_rate"":0.0005}","{""detection_events"":12840,""detectors_checked"":11778048,""obs_mistake_mask=_EE_"":1,""obs_mistake_mask=___E"":1}"
    291840,         0,         0,    22.2,decoder_by_matrix,cd5aa4935a142b600239883e928f6c7fc9fbc8c84161e9ed59cf2551b7ebfc3d,"{""distance"":3,""physical_error_rate"":5e-05}","{""detection_events"":1785,""detectors_checked"":15759360}"
    249856,         0,         0,    22.6,decoder_by_matrix,c8397cb2c46e4683a6f3970bc42cef1aabfef4d80cfcd6b8313e87630b680ee2,"{""distance"":3,""physical_error_rate"":0.0001}","{""detection_events"":2769,""detectors_checked"":13492224}"
    243712,         0,         0,    23.1,decoder_by_matrix,c8397cb2c46e4683a6f3970bc42cef1aabfef4d80cfcd6b8313e87630b680ee2,"{""distance"":3,""physical_error_rate"":0.0001}","{""detection_events"":3009,""detectors_checked"":13160448}"
    283648,         0,         0,    22.8,decoder_by_matrix,cd5aa4935a142b600239883e928f6c7fc9fbc8c84161e9ed59cf2551b7ebfc3d,"{""distance"":3,""physical_error_rate"":5e-05}","{""detection_events"":1830,""detectors_checked"":15316992}"
    217088,         5,         0,    22.3,decoder_by_matrix,5dee359087c4b9ae2c20477a4d5136d2695095b0438111838e7093c679bd3c20,"{""distance"":3,""physical_error_rate"":0.0005}","{""detection_events"":12792,""detectors_checked"":11722752,""obs_mistake_mask=_E__"":1,""obs_mistake_mask=__E_"":2,""obs_mistake_mask=___E"":2}"
    246784,         1,         0,    22.2,decoder_by_matrix,c8397cb2c46e4683a6f3970bc42cef1aabfef4d80cfcd6b8313e87630b680ee2,"{""distance"":3,""physical_error_rate"":0.0001}","{""detection_events"":3084,""detectors_checked"":13326336,""obs_mistake_mask=_E__"":1}"
    240640,         0,         0,    22.8,decoder_by_matrix,c8397cb2c46e4683a6f3970bc42cef1aabfef4d80cfcd6b8313e87630b680ee2,"{""distance"":3,""physical_error_rate"":0.0001}","{""detection_events"":3093,""detectors_checked"":12994560}"
    220160,         7,         0,    22.8,decoder_by_matrix,5dee359087c4b9ae2c20477a4d5136d2695095b0438111838e7093c679bd3c20,"{""distance"":3,""physical_error_rate"":0.0005}","{""detection_events"":12759,""detectors_checked"":11888640,""obs_mistake_mask=E___"":1,""obs_mistake_mask=_E__"":2,""obs_mistake_mask=__EE"":2,""obs_mistake_mask=__E_"":1,""obs_mistake_mask=___E"":1}"
    245760,         0,         0,    21.6,decoder_by_matrix,c8397cb2c46e4683a6f3970bc42cef1aabfef4d80cfcd6b8313e87630b680ee2,"{""distance"":3,""physical_error_rate"":0.0001}","{""detection_events"":3045,""detectors_checked"":13271040}"
   1283072,         0,         0,   117.1,decoder_by_matrix,c8397cb2c46e4683a6f3970bc42cef1aabfef4d80cfcd6b8313e87630b680ee2,"{""distance"":3,""physical_error_rate"":0.0001}","{""detection_events"":14865,""detectors_checked"":69285888}"
   1531904,         0,         0,   115.9,decoder_by_matrix,cd5aa4935a142b600239883e928f6c7fc9fbc8c84161e9ed59cf2551b7ebfc3d,"{""distance"":3,""physical_error_rate"":5e-05}","{""detection_events"":9195,""detectors_checked"":82722816}"
   1131520,        31,         0,   118.5,decoder_by_matrix,5dee359087c4b9ae2c20477a4d5136d2695095b0438111838e7093c679bd3c20,"{""distance"":3,""physical_error_rate"":0.0005}","{""detection_events"":68109,""detectors_checked"":61102080,""obs_mistake_mask=E___"":2,""obs_mistake_mask=_EEE"":5,""obs_mistake_mask=_EE_"":2,""obs_mistake_mask=_E_E"":3,""obs_mistake_mask=_E__"":2,""obs_mistake_mask=__EE"":6,""obs_mistake_mask=__E_"":6,""obs_mistake_mask=___E"":5}"
   1276928,         1,         0,   116.2,decoder_by_matrix,c8397cb2c46e4683a6f3970bc42cef1aabfef4d80cfcd6b8313e87630b680ee2,"{""distance"":3,""physical_error_rate"":0.0001}","{""detection_events"":15321,""detectors_checked"":68954112,""obs_mistake_mask=___E"":1}"
   1153024,        21,         0,   117.6,decoder_by_matrix,5dee359087c4b9ae2c20477a4d5136d2695095b0438111838e7093c679bd3c20,"{""distance"":3,""physical_error_rate"":0.0005}","{""detection_events"":67845,""detectors_checked"":62263296,""obs_mistake_mask=E___"":1,""obs_mistake_mask=_EEE"":3,""obs_mistake_mask=_EE_"":1,""obs_mistake_mask=_E_E"":2,""obs_mistake_mask=_E__"":7,""obs_mistake_mask=__EE"":1,""obs_mistake_mask=__E_"":4,""obs_mistake_mask=___E"":2}"
   1290240,         1,         0,   117.7,decoder_by_matrix,c8397cb2c46e4683a6f3970bc42cef1aabfef4d80cfcd6b8313e87630b680ee2,"{""distance"":3,""physical_error_rate"":0.0001}","{""detection_events"":15285,""detectors_checked"":69672960,""obs_mistake_mask=__E_"":1}"
   1542144,         1,         0,   116.8,decoder_by_matrix,cd5aa4935a142b600239883e928f6c7fc9fbc8c84161e9ed59cf2551b7ebfc3d,"{""distance"":3,""physical_error_rate"":5e-05}","{""detection_events"":8826,""detectors_checked"":83275776,""obs_mistake_mask=_EE_"":1}"
   1519616,         0,         0,   117.8,decoder_by_matrix,cd5aa4935a142b600239883e928f6c7fc9fbc8c84161e9ed59cf2551b7ebfc3d,"{""distance"":3,""physical_error_rate"":5e-05}","{""detection_events"":9843,""detectors_checked"":82059264}"
   1513472,         1,         0,   117.0,decoder_by_matrix,cd5aa4935a142b600239883e928f6c7fc9fbc8c84161e9ed59cf2551b7ebfc3d,"{""distance"":3,""physical_error_rate"":5e-05}","{""detection_events"":8991,""detectors_checked"":81727488,""obs_mistake_mask=__E_"":1}"
   1144832,        20,         0,   115.7,decoder_by_matrix,5dee359087c4b9ae2c20477a4d5136d2695095b0438111838e7093c679bd3c20,"{""distance"":3,""physical_error_rate"":0.0005}","{""detection_events"":68265,""detectors_checked"":61820928,""obs_mistake_mask=_EEE"":2,""obs_mistake_mask=_EE_"":4,""obs_mistake_mask=_E_E"":2,""obs_mistake_mask=_E__"":1,""obs_mistake_mask=__EE"":2,""obs_mistake_mask=__E_"":6,""obs_mistake_mask=___E"":3}"
   1142784,        21,         0,   117.1,decoder_by_matrix,5dee359087c4b9ae2c20477a4d5136d2695095b0438111838e7093c679bd3c20,"{""distance"":3,""physical_error_rate"":0.0005}","{""detection_events"":68577,""detectors_checked"":61710336,""obs_mistake_mask=E___"":3,""obs_mistake_mask=_EEE"":5,""obs_mistake_mask=_EE_"":2,""obs_mistake_mask=_E_E"":2,""obs_mistake_mask=_E__"":3,""obs_mistake_mask=__E_"":4,""obs_mistake_mask=___E"":2}"
   1515520,         0,         0,   116.5,decoder_by_matrix,cd5aa4935a142b600239883e928f6c7fc9fbc8c84161e9ed59cf2551b7ebfc3d,"{""distance"":3,""physical_error_rate"":5e-05}","{""detection_events"":9723,""detectors_checked"":81838080}"
   1145856,        25,         0,   116.7,decoder_by_matrix,5dee359087c4b9ae2c20477a4d5136d2695095b0438111838e7093c679bd3c20,"{""distance"":3,""physical_error_rate"":0.0005}","{""detection_events"":67503,""detectors_checked"":61876224,""obs_mistake_mask=E___"":1,""obs_mistake_mask=_EEE"":2,""obs_mistake_mask=_EE_"":2,""obs_mistake_mask=_E__"":3,""obs_mistake_mask=__EE"":3,""obs_mistake_mask=__E_"":6,""obs_mistake_mask=___E"":8}"
   1149952,        18,         0,   117.4,decoder_by_matrix,5dee359087c4b9ae2c20477a4d5136d2695095b0438111838e7093c679bd3c20,"{""distance"":3,""physical_error_rate"":0.0005}","{""detection_events"":68925,""detectors_checked"":62097408,""obs_mistake_mask=E___"":3,""obs_mistake_mask=_EEE"":3,""obs_mistake_mask=_EE_"":2,""obs_mistake_mask=_E_E"":1,""obs_mistake_mask=_E__"":1,""obs_mistake_mask=__EE"":2,""obs_mistake_mask=__E_"":1,""obs_mistake_mask=___E"":5}"
   1274880,         1,         0,   117.0,decoder_by_matrix,c8397cb2c46e4683a6f3970bc42cef1aabfef4d80cfcd6b8313e87630b680ee2,"{""distance"":3,""physical_error_rate"":0.0001}","{""detection_events"":15297,""detectors_checked"":68843520,""obs_mistake_mask=_E_E"":1}"
   1303552,         0,         0,   118.5,decoder_by_matrix,c8397cb2c46e4683a6f3970bc42cef1aabfef4d80cfcd6b8313e87630b680ee2,"{""distance"":3,""physical_error_rate"":0.0001}","{""detection_events"":15588,""detectors_checked"":70391808}"
   1494016,         1,         0,   115.9,decoder_by_matrix,cd5aa4935a142b600239883e928f6c7fc9fbc8c84161e9ed59cf2551b7ebfc3d,"{""distance"":3,""physical_error_rate"":5e-05}","{""detection_events"":9009,""detectors_checked"":80676864,""obs_mistake_mask=_E__"":1}"
   1500160,         0,         0,   118.1,decoder_by_matrix,cd5aa4935a142b600239883e928f6c7fc9fbc8c84161e9ed59cf2551b7ebfc3d,"{""distance"":3,""physical_error_rate"":5e-05}","{""detection_events"":9117,""detectors_checked"":81008640}"
   1271808,         0,         0,   118.2,decoder_by_matrix,c8397cb2c46e4683a6f3970bc42cef1aabfef4d80cfcd6b8313e87630b680ee2,"{""distance"":3,""physical_error_rate"":0.0001}","{""detection_events"":15771,""detectors_checked"":68677632}"
   1276928,         1,         0,   116.5,decoder_by_matrix,c8397cb2c46e4683a6f3970bc42cef1aabfef4d80cfcd6b8313e87630b680ee2,"{""distance"":3,""physical_error_rate"":0.0001}","{""detection_events"":15546,""detectors_checked"":68954112,""obs_mistake_mask=_EE_"":1}"
   1149952,        13,         0,   117.7,decoder_by_matrix,5dee359087c4b9ae2c20477a4d5136d2695095b0438111838e7093c679bd3c20,"{""distance"":3,""physical_error_rate"":0.0005}","{""detection_events"":68682,""detectors_checked"":62097408,""obs_mistake_mask=E___"":2,""obs_mistake_mask=_EE_"":1,""obs_mistake_mask=_E__"":2,""obs_mistake_mask=__EE"":2,""obs_mistake_mask=__E_"":1,""obs_mistake_mask=___E"":5}"
   1508352,         0,         0,   115.1,decoder_by_matrix,cd5aa4935a142b600239883e928f6c7fc9fbc8c84161e9ed59cf2551b7ebfc3d,"{""distance"":3,""physical_error_rate"":5e-05}","{""detection_events"":8943,""detectors_checked"":81451008}"
   1128448,        21,         0,   117.7,decoder_by_matrix,5dee359087c4b9ae2c20477a4d5136d2695095b0438111838e7093c679bd3c20,"{""distance"":3,""physical_error_rate"":0.0005}","{""detection_events"":67611,""detectors_checked"":60936192,""obs_mistake_mask=E___"":3,""obs_mistake_mask=_EEE"":3,""obs_mistake_mask=_EE_"":2,""obs_mistake_mask=_E_E"":2,""obs_mistake_mask=_E__"":2,""obs_mistake_mask=__EE"":5,""obs_mistake_mask=__E_"":1,""obs_mistake_mask=___E"":3}"
   1282048,         0,         0,   116.0,decoder_by_matrix,c8397cb2c46e4683a6f3970bc42cef1aabfef4d80cfcd6b8313e87630b680ee2,"{""distance"":3,""physical_error_rate"":0.0001}","{""detection_events"":15018,""detectors_checked"":69230592}"
   1140736,        28,         0,   116.5,decoder_by_matrix,5dee359087c4b9ae2c20477a4d5136d2695095b0438111838e7093c679bd3c20,"{""distance"":3,""physical_error_rate"":0.0005}","{""detection_events"":69090,""detectors_checked"":61599744,""obs_mistake_mask=E___"":4,""obs_mistake_mask=_EEE"":3,""obs_mistake_mask=_EE_"":3,""obs_mistake_mask=_E_E"":4,""obs_mistake_mask=_E__"":5,""obs_mistake_mask=__EE"":2,""obs_mistake_mask=__E_"":1,""obs_mistake_mask=___E"":6}"
   1141760,        24,         0,   118.2,decoder_by_matrix,5dee359087c4b9ae2c20477a4d5136d2695095b0438111838e7093c679bd3c20,"{""distance"":3,""physical_error_rate"":0.0005}","{""detection_events"":66930,""detectors_checked"":61655040,""obs_mistake_mask=E___"":1,""obs_mistake_mask=_EEE"":3,""obs_mistake_mask=_EE_"":3,""obs_mistake_mask=_E_E"":3,""obs_mistake_mask=_E__"":2,""obs_mistake_mask=__EE"":2,""obs_mistake_mask=__E_"":4,""obs_mistake_mask=___E"":6}"
   1510400,         2,         0,   116.7,decoder_by_matrix,cd5aa4935a142b600239883e928f6c7fc9fbc8c84161e9ed59cf2551b7ebfc3d,"{""distance"":3,""physical_error_rate"":5e-05}","{""detection_events"":8988,""detectors_checked"":81561600,""obs_mistake_mask=__E_"":2}"
   1277952,         0,         0,   116.5,decoder_by_matrix,c8397cb2c46e4683a6f3970bc42cef1aabfef4d80cfcd6b8313e87630b680ee2,"{""distance"":3,""physical_error_rate"":0.0001}","{""detection_events"":15258,""detectors_checked"":69009408}"
   1545216,         0,         0,   116.1,decoder_by_matrix,cd5aa4935a142b600239883e928f6c7fc9fbc8c84161e9ed59cf2551b7ebfc3d,"{""distance"":3,""physical_error_rate"":5e-05}","{""detection_events"":8715,""detectors_checked"":83441664}"
   1272832,         2,         0,   116.3,decoder_by_matrix,c8397cb2c46e4683a6f3970bc42cef1aabfef4d80cfcd6b8313e87630b680ee2,"{""distance"":3,""physical_error_rate"":0.0001}","{""detection_events"":15561,""detectors_checked"":68732928,""obs_mistake_mask=E___"":1,""obs_mistake_mask=_EE_"":1}"
    306176,        13,         0,    31.1,decoder_by_matrix,5dee359087c4b9ae2c20477a4d5136d2695095b0438111838e7093c679bd3c20,"{""distance"":3,""physical_error_rate"":0.0005}","{""detection_events"":18987,""detectors_checked"":16533504,""obs_mistake_mask=_EEE"":2,""obs_mistake_mask=_EE_"":2,""obs_mistake_mask=_E_E"":3,""obs_mistake_mask=_E__"":1,""obs_mistake_mask=__EE"":1,""obs_mistake_mask=__E_"":2,""obs_mistake_mask=___E"":2}"
    397312,         0,         0,    31.3,decoder_by_matrix,cd5aa4935a142b600239883e928f6c7fc9fbc8c84161e9ed59cf2551b7ebfc3d,"{""distance"":3,""physical_error_rate"":5e-05}","{""detection_events"":2499,""detectors_checked"":21454848}"
    402432,         0,         0,    30.6,decoder_by_matrix,cd5aa4935a142b600239883e928f6c7fc9fbc8c84161e9ed59cf2551b7ebfc3d,"{""distance"":3,""physical_error_rate"":5e-05}","{""detection_events"":2484,""detectors_checked"":21731328}"
    308224,         7,         0,    31.3,decoder_by_matrix,5dee359087c4b9ae2c20477a4d5136d2695095b0438111838e7093c679bd3c20,"{""distance"":3,""physical_error_rate"":0.0005}","{""detection_events"":18303,""detectors_checked"":16644096,""obs_mistake_mask=E___"":1,""obs_mistake_mask=_E_E"":1,""obs_mistake_mask=_E__"":2,""obs_mistake_mask=__EE"":1,""obs_mistake_mask=__E_"":2}"
    308224,         6,         0,    31.4,decoder_by_matrix,5dee359087c4b9ae2c20477a4d5136d2695095b0438111838e7093c679bd3c20,"{""distance"":3,""physical_error_rate"":0.0005}","{""detection_events"":18432,""detectors_checked"":16644096,""obs_mistake_mask=_EEE"":1,""obs_mistake_mask=_EE_"":1,""obs_mistake_mask=_E__"":2,""obs_mistake_mask=__EE"":1,""obs_mistake_mask=__E_"":1}"
    304128,         6,         0,    31.4,decoder_by_matrix,5dee359087c4b9ae2c20477a4d5136d2695095b0438111838e7093c679bd3c20,"{""distance"":3,""physical_error_rate"":0.0005}","{""detection_events"":18684,""detectors_checked"":16422912,""obs_mistake_mask=_EE_"":1,""obs_mistake_mask=__EE"":1,""obs_mistake_mask=__E_"":2,""obs_mistake_mask=___E"":2}"
    409600,         0,         0,    31.1,decoder_by_matrix,cd5aa4935a142b600239883e928f6c7fc9fbc8c84161e9ed59cf2551b7ebfc3d,"{""distance"":3,""physical_error_rate"":5e-05}","{""detection_events"":2547,""detectors_checked"":22118400}"
    337920,         1,         0,    31.1,decoder_by_matrix,c8397cb2c46e4683a6f3970bc42cef1aabfef4d80cfcd6b8313e87630b680ee2,"{""distance"":3,""physical_error_rate"":0.0001}","{""detection_events"":4287,""detectors_checked"":18247680,""obs_mistake_mask=_EE_"":1}"
    402432,         0,         0,    31.5,decoder_by_matrix,cd5aa4935a142b600239883e928f6c7fc9fbc8c84161e9ed59cf2551b7ebfc3d,"{""distance"":3,""physical_error_rate"":5e-05}","{""detection_events"":2475,""detectors_checked"":21731328}"
    334848,         0,         0,    32.3,decoder_by_matrix,c8397cb2c46e4683a6f3970bc42cef1aabfef4d80cfcd6b8313e87630b680ee2,"{""distance"":3,""physical_error_rate"":0.0001}","{""detection_events"":4140,""detectors_checked"":18081792}"
    344064,         0,         0,    32.1,decoder_by_matrix,c8397cb2c46e4683a6f3970bc42cef1aabfef4d80cfcd6b8313e87630b680ee2,"{""distance"":3,""physical_error_rate"":0.0001}","{""detection_events"":3894,""detectors_checked"":18579456}"
    406528,         0,         0,    31.9,decoder_by_matrix,cd5aa4935a142b600239883e928f6c7fc9fbc8c84161e9ed59cf2551b7ebfc3d,"{""distance"":3,""physical_error_rate"":5e-05}","{""detection_events"":2571,""detectors_checked"":21952512}"
    347136,         0,         0,    31.7,decoder_by_matrix,c8397cb2c46e4683a6f3970bc42cef1aabfef4d80cfcd6b8313e87630b680ee2,"{""distance"":3,""physical_error_rate"":0.0001}","{""detection_events"":4143,""detectors_checked"":18745344}"
    305152,         6,         0,    31.4,decoder_by_matrix,5dee359087c4b9ae2c20477a4d5136d2695095b0438111838e7093c679bd3c20,"{""distance"":3,""physical_error_rate"":0.0005}","{""detection_events"":18480,""detectors_checked"":16478208,""obs_mistake_mask=_EEE"":1,""obs_mistake_mask=_EE_"":1,""obs_mistake_mask=_E_E"":1,""obs_mistake_mask=_E__"":1,""obs_mistake_mask=__EE"":1,""obs_mistake_mask=__E_"":1}"
    308224,         4,         0,    31.6,decoder_by_matrix,5dee359087c4b9ae2c20477a4d5136d2695095b0438111838e7093c679bd3c20,"{""distance"":3,""physical_error_rate"":0.0005}","{""detection_events"":18084,""detectors_checked"":16644096,""obs_mistake_mask=E___"":2,""obs_mistake_mask=_EE_"":1,""obs_mistake_mask=_E__"":1}"
    342016,         0,         0,    31.5,decoder_by_matrix,c8397cb2c46e4683a6f3970bc42cef1aabfef4d80cfcd6b8313e87630b680ee2,"{""distance"":3,""physical_error_rate"":0.0001}","{""detection_events"":4329,""detectors_checked"":18468864}"
   1552384,         0,         0,   115.8,decoder_by_matrix,cd5aa4935a142b600239883e928f6c7fc9fbc8c84161e9ed59cf2551b7ebfc3d,"{""distance"":3,""physical_error_rate"":5e-05}","{""detection_events"":9186,""detectors_checked"":83828736}"
   1282048,         1,         0,   118.3,decoder_by_matrix,c8397cb2c46e4683a6f3970bc42cef1aabfef4d80cfcd6b8313e87630b680ee2,"{""distance"":3,""physical_error_rate"":0.0001}","{""detection_events"":15681,""detectors_checked"":69230592,""obs_mistake_mask=_E_E"":1}"
   1149952,        29,         0,   118.0,decoder_by_matrix,5dee359087c4b9ae2c20477a4d5136d2695095b0438111838e7093c679bd3c20,"{""distance"":3,""physical_error_rate"":0.0005}","{""detection_events"":68367,""detectors_checked"":62097408,""obs_mistake_mask=E___"":4,""obs_mistake_mask=_EEE"":6,""obs_mistake_mask=_EE_"":3,""obs_mistake_mask=_E_E"":2,""obs_mistake_mask=_E__"":4,""obs_mistake_mask=__EE"":2,""obs_mistake_mask=__E_"":6,""obs_mistake_mask=___E"":2}"
    125952,         2,         0,    12.9,decoder_by_matrix,5dee359087c4b9ae2c20477a4d5136d2695095b0438111838e7093c679bd3c20,"{""distance"":3,""physical_error_rate"":0.0005}","{""detection_events"":7827,""detectors_checked"":6801408,""obs_mistake_mask=_E__"":1,""obs_mistake_mask=__E_"":1}"
    777216,        10,         0,    79.4,decoder_by_matrix,5dee359087c4b9ae2c20477a4d5136d2695095b0438111838e7093c679bd3c20,"{""distance"":3,""physical_error_rate"":0.0005}","{""detection_events"":46785,""detectors_checked"":41969664,""obs_mistake_mask=_EEE"":1,""obs_mistake_mask=_EE_"":1,""obs_mistake_mask=_E_E"":1,""obs_mistake_mask=_E__"":1,""obs_mistake_mask=__E_"":1,""obs_mistake_mask=___E"":5}"
    319488,         4,         0,    33.1,decoder_by_matrix,5dee359087c4b9ae2c20477a4d5136d2695095b0438111838e7093c679bd3c20,"{""distance"":3,""physical_error_rate"":0.0005}","{""detection_events"":19143,""detectors_checked"":17252352,""obs_mistake_mask=E___"":1,""obs_mistake_mask=_EE_"":1,""obs_mistake_mask=_E_E"":2}"
    122880,         1,         0,    12.5,decoder_by_matrix,5dee359087c4b9ae2c20477a4d5136d2695095b0438111838e7093c679bd3c20,"{""distance"":3,""physical_error_rate"":0.0005}","{""detection_events"":7410,""detectors_checked"":6635520,""obs_mistake_mask=__E_"":1}"
    299008,         7,         0,    30.5,decoder_by_matrix,5dee359087c4b9ae2c20477a4d5136d2695095b0438111838e7093c679bd3c20,"{""distance"":3,""physical_error_rate"":0.0005}","{""detection_events"":16716,""detectors_checked"":16146432,""obs_mistake_mask=_EE_"":2,""obs_mistake_mask=_E__"":1,""obs_mistake_mask=__E_"":2,""obs_mistake_mask=___E"":2}"
    278528,         2,         0,    29.0,decoder_by_matrix,5dee359087c4b9ae2c20477a4d5136d2695095b0438111838e7093c679bd3c20,"{""distance"":3,""physical_error_rate"":0.0005}","{""detection_events"":17088,""detectors_checked"":15040512,""obs_mistake_mask=_E_E"":1,""obs_mistake_mask=_E__"":1}"
    780288,        18,         0,    80.1,decoder_by_matrix,5dee359087c4b9ae2c20477a4d5136d2695095b0438111838e7093c679bd3c20,"{""distance"":3,""physical_error_rate"":0.0005}","{""detection_events"":47103,""detectors_checked"":42135552,""obs_mistake_mask=E___"":1,""obs_mistake_mask=_EEE"":2,""obs_mistake_mask=_EE_"":2,""obs_mistake_mask=_E_E"":2,""obs_mistake_mask=_E__"":5,""obs_mistake_mask=__EE"":2,""obs_mistake_mask=__E_"":1,""obs_mistake_mask=___E"":3}"
    569344,         6,         0,    59.4,decoder_by_matrix,5dee359087c4b9ae2c20477a4d5136d2695095b0438111838e7093c679bd3c20,"{""distance"":3,""physical_error_rate"":0.0005}","{""detection_events"":34197,""detectors_checked"":30744576,""obs_mistake_mask=_EEE"":2,""obs_mistake_mask=_EE_"":1,""obs_mistake_mask=_E__"":1,""obs_mistake_mask=__E_"":2}"
    315392,         7,         0,    31.9,decoder_by_matrix,5dee359087c4b9ae2c20477a4d5136d2695095b0438111838e7093c679bd3c20,"{""distance"":3,""physical_error_rate"":0.0005}","{""detection_events"":19149,""detectors_checked"":17031168,""obs_mistake_mask=E___"":1,""obs_mistake_mask=_EE_"":1,""obs_mistake_mask=_E_E"":1,""obs_mistake_mask=_E__"":2,""obs_mistake_mask=__E_"":2}"
    333824,         8,         0,    33.8,decoder_by_matrix,5dee359087c4b9ae2c20477a4d5136d2695095b0438111838e7093c679bd3c20,"{""distance"":3,""physical_error_rate"":0.0005}","{""detection_events"":20286,""detectors_checked"":18026496,""obs_mistake_mask=_EE_"":1,""obs_mistake_mask=_E__"":1,""obs_mistake_mask=__EE"":2,""obs_mistake_mask=__E_"":2,""obs_mistake_mask=___E"":2}"
    559104,         7,         0,    57.0,decoder_by_matrix,5dee359087c4b9ae2c20477a4d5136d2695095b0438111838e7093c679bd3c20,"{""distance"":3,""physical_error_rate"":0.0005}","{""detection_events"":33612,""detectors_checked"":30191616,""obs_mistake_mask=_EE_"":3,""obs_mistake_mask=_E_E"":1,""obs_mistake_mask=__EE"":2,""obs_mistake_mask=__E_"":1}"
    316416,         6,         0,    32.6,decoder_by_matrix,5dee359087c4b9ae2c20477a4d5136d2695095b0438111838e7093c679bd3c20,"{""distance"":3,""physical_error_rate"":0.0005}","{""detection_events"":18513,""detectors_checked"":17086464,""obs_mistake_mask=E___"":2,""obs_mistake_mask=_E_E"":1,""obs_mistake_mask=_E__"":1,""obs_mistake_mask=__E_"":1,""obs_mistake_mask=___E"":1}"
    557056,         8,         0,    56.5,decoder_by_matrix,5dee359087c4b9ae2c20477a4d5136d2695095b0438111838e7093c679bd3c20,"{""distance"":3,""physical_error_rate"":0.0005}","{""detection_events"":33702,""detectors_checked"":30081024,""obs_mistake_mask=_EEE"":1,""obs_mistake_mask=_EE_"":2,""obs_mistake_mask=_E__"":3,""obs_mistake_mask=__E_"":1,""obs_mistake_mask=___E"":1}"
     88064,         2,         0,    9.14,decoder_by_matrix,5dee359087c4b9ae2c20477a4d5136d2695095b0438111838e7093c679bd3c20,"{""distance"":3,""physical_error_rate"":0.0005}","{""detection_events"":5286,""detectors_checked"":4755456,""obs_mistake_mask=E___"":1,""obs_mistake_mask=__EE"":1}"
     91136,         3,         0,    9.44,decoder_by_matrix,5dee359087c4b9ae2c20477a4d5136d2695095b0438111838e7093c679bd3c20,"{""distance"":3,""physical_error_rate"":0.0005}","{""detection_events"":5355,""detectors_checked"":4921344,""obs_mistake_mask=_EE_"":1,""obs_mistake_mask=__E_"":1,""obs_mistake_mask=___E"":1}"
     93184,         3,         0,    9.49,decoder_by_matrix,5dee359087c4b9ae2c20477a4d5136d2695095b0438111838e7093c679bd3c20,"{""distance"":3,""physical_error_rate"":0.0005}","{""detection_events"":5766,""detectors_checked"":5031936,""obs_mistake_mask=_EE_"":1,""obs_mistake_mask=__EE"":1,""obs_mistake_mask=__E_"":1}"
     91136,         1,         0,    9.42,decoder_by_matrix,5dee359087c4b9ae2c20477a4d5136d2695095b0438111838e7093c679bd3c20,"{""distance"":3,""physical_error_rate"":0.0005}","{""detection_events"":5478,""detectors_checked"":4921344,""obs_mistake_mask=__E_"":1}"
    346112,         7,         0,    34.9,decoder_by_matrix,5dee359087c4b9ae2c20477a4d5136d2695095b0438111838e7093c679bd3c20,"{""distance"":3,""physical_error_rate"":0.0005}","{""detection_events"":21006,""detectors_checked"":18690048,""obs_mistake_mask=_EE_"":3,""obs_mistake_mask=_E_E"":1,""obs_mistake_mask=_E__"":1,""obs_mistake_mask=__EE"":1,""obs_mistake_mask=__E_"":1}"
     89088,         4,         0,    8.66,decoder_by_matrix,5dee359087c4b9ae2c20477a4d5136d2695095b0438111838e7093c679bd3c20,"{""distance"":3,""physical_error_rate"":0.0005}","{""detection_events"":5190,""detectors_checked"":4810752,""obs_mistake_mask=_EEE"":1,""obs_mistake_mask=_EE_"":2,""obs_mistake_mask=_E_E"":1}"
     89088,         0,         0,    9.15,decoder_by_matrix,5dee359087c4b9ae2c20477a4d5136d2695095b0438111838e7093c679bd3c20,"{""distance"":3,""physical_error_rate"":0.0005}","{""detection_events"":5526,""detectors_checked"":4810752}"
    322560,         4,         0,    33.1,decoder_by_matrix,5dee359087c4b9ae2c20477a4d5136d2695095b0438111838e7093c679bd3c20,"{""distance"":3,""physical_error_rate"":0.0005}","{""detection_events"":18993,""detectors_checked"":17418240,""obs_mistake_mask=_E_E"":1,""obs_mistake_mask=_E__"":3}"
         1,         0,         0,   0.000,decoder_by_matrix,cd5aa4935a142b600239883e928f6c7fc9fbc8c84161e9ed59cf2551b7ebfc3d,"{""distance"":3,""physical_error_rate"":5e-05}","{""detectors_checked"":54}"
         1,         0,         0,   0.000,decoder_by_matrix,c8397cb2c46e4683a6f3970bc42cef1aabfef4d80cfcd6b8313e87630b680ee2,"{""distance"":3,""physical_error_rate"":0.0001}","{""detectors_checked"":54}"
      1296,         0,         0,   0.068,decoder_by_matrix,c8397cb2c46e4683a6f3970bc42cef1aabfef4d80cfcd6b8313e87630b680ee2,"{""distance"":3,""physical_error_rate"":0.0001}","{""detection_events"":33,""detectors_checked"":69984}"
         1,         0,         0,   0.000,decoder_by_matrix,c8397cb2c46e4683a6f3970bc42cef1aabfef4d80cfcd6b8313e87630b680ee2,"{""distance"":3,""physical_error_rate"":0.0001}","{""detectors_checked"":54}"
         1,         0,         0,   0.000,decoder_by_matrix,cd5aa4935a142b600239883e928f6c7fc9fbc8c84161e9ed59cf2551b7ebfc3d,"{""distance"":3,""physical_error_rate"":5e-05}","{""detectors_checked"":54}"
         1,         0,         0,   0.000,decoder_by_matrix,cd5aa4935a142b600239883e928f6c7fc9fbc8c84161e9ed59cf2551b7ebfc3d,"{""distance"":3,""physical_error_rate"":5e-05}","{""detectors_checked"":54}"
         1,         0,         0,   0.000,decoder_by_matrix,c8397cb2c46e4683a6f3970bc42cef1aabfef4d80cfcd6b8313e87630b680ee2,"{""distance"":3,""physical_error_rate"":0.0001}","{""detectors_checked"":54}"
         1,         0,         0,   0.000,decoder_by_matrix,cd5aa4935a142b600239883e928f6c7fc9fbc8c84161e9ed59cf2551b7ebfc3d,"{""distance"":3,""physical_error_rate"":5e-05}","{""detectors_checked"":54}"
         1,         0,         0,   0.000,decoder_by_matrix,cd5aa4935a142b600239883e928f6c7fc9fbc8c84161e9ed59cf2551b7ebfc3d,"{""distance"":3,""physical_error_rate"":5e-05}","{""detectors_checked"":54}"
         1,         0,         0,   0.000,decoder_by_matrix,cd5aa4935a142b600239883e928f6c7fc9fbc8c84161e9ed59cf2551b7ebfc3d,"{""distance"":3,""physical_error_rate"":5e-05}","{""detectors_checked"":54}"
         1,         0,         0,   0.000,decoder_by_matrix,c8397cb2c46e4683a6f3970bc42cef1aabfef4d80cfcd6b8313e87630b680ee2,"{""distance"":3,""physical_error_rate"":0.0001}","{""detectors_checked"":54}"
         1,         0,         0,   0.000,decoder_by_matrix,c8397cb2c46e4683a6f3970bc42cef1aabfef4d80cfcd6b8313e87630b680ee2,"{""distance"":3,""physical_error_rate"":0.0001}","{""detectors_checked"":54}"
         1,         0,         0,   0.000,decoder_by_matrix,cd5aa4935a142b600239883e928f6c7fc9fbc8c84161e9ed59cf2551b7ebfc3d,"{""distance"":3,""physical_error_rate"":5e-05}","{""detectors_checked"":54}"
         1,         0,         0,   0.000,decoder_by_matrix,cd5aa4935a142b600239883e928f6c7fc9fbc8c84161e9ed59cf2551b7ebfc3d,"{""distance"":3,""physical_error_rate"":5e-05}","{""detectors_checked"":54}"
         1,         0,         0,   0.000,decoder_by_matrix,c8397cb2c46e4683a6f3970bc42cef1aabfef4d80cfcd6b8313e87630b680ee2,"{""distance"":3,""physical_error_rate"":0.0001}","{""detectors_checked"":54}"
         1,         0,         0,   0.000,decoder_by_matrix,c8397cb2c46e4683a6f3970bc42cef1aabfef4d80cfcd6b8313e87630b680ee2,"{""distance"":3,""physical_error_rate"":0.0001}","{""detectors_checked"":54}"
         1,         0,         0,   0.000,decoder_by_matrix,c8397cb2c46e4683a6f3970bc42cef1aabfef4d80cfcd6b8313e87630b680ee2,"{""distance"":3,""physical_error_rate"":0.0001}","{""detectors_checked"":54}"
         1,         0,         0,   0.000,decoder_by_matrix,cd5aa4935a142b600239883e928f6c7fc9fbc8c84161e9ed59cf2551b7ebfc3d,"{""distance"":3,""physical_error_rate"":5e-05}","{""detectors_checked"":54}"
         1,         0,         0,   0.000,decoder_by_matrix,cd5aa4935a142b600239883e928f6c7fc9fbc8c84161e9ed59cf2551b7ebfc3d,"{""distance"":3,""physical_error_rate"":5e-05}","{""detectors_checked"":54}"
         1,         0,         0,   0.000,decoder_by_matrix,c8397cb2c46e4683a6f3970bc42cef1aabfef4d80cfcd6b8313e87630b680ee2,"{""distance"":3,""physical_error_rate"":0.0001}","{""detectors_checked"":54}"
         1,         0,         0,   0.000,decoder_by_matrix,cd5aa4935a142b600239883e928f6c7fc9fbc8c84161e9ed59cf2551b7ebfc3d,"{""distance"":3,""physical_error_rate"":5e-05}","{""detectors_checked"":54}"
         1,         0,         0,   0.000,decoder_by_matrix,c8397cb2c46e4683a6f3970bc42cef1aabfef4d80cfcd6b8313e87630b680ee2,"{""distance"":3,""physical_error_rate"":0.0001}","{""detectors_checked"":54}"
         1,         0,         0,   0.000,decoder_by_matrix,c8397cb2c46e4683a6f3970bc42cef1aabfef4d80cfcd6b8313e87630b680ee2,"{""distance"":3,""physical_error_rate"":0.0001}","{""detectors_checked"":54}"
      3344,         0,         0,   0.076,decoder_by_matrix,cd5aa4935a142b600239883e928f6c7fc9fbc8c84161e9ed59cf2551b7ebfc3d,"{""distance"":3,""physical_error_rate"":5e-05}","{""detection_events"":21,""detectors_checked"":180576}"
      2320,         0,         0,   0.076,decoder_by_matrix,cd5aa4935a142b600239883e928f6c7fc9fbc8c84161e9ed59cf2551b7ebfc3d,"{""distance"":3,""physical_error_rate"":5e-05}","{""detection_events"":30,""detectors_checked"":125280}"
      2320,         0,         0,   0.076,decoder_by_matrix,c8397cb2c46e4683a6f3970bc42cef1aabfef4d80cfcd6b8313e87630b680ee2,"{""distance"":3,""physical_error_rate"":0.0001}","{""detection_events"":48,""detectors_checked"":125280}"
      3344,         0,         0,   0.076,decoder_by_matrix,cd5aa4935a142b600239883e928f6c7fc9fbc8c84161e9ed59cf2551b7ebfc3d,"{""distance"":3,""physical_error_rate"":5e-05}","{""detection_events"":18,""detectors_checked"":180576}"
      3344,         0,         0,   0.096,decoder_by_matrix,c8397cb2c46e4683a6f3970bc42cef1aabfef4d80cfcd6b8313e87630b680ee2,"{""distance"":3,""physical_error_rate"":0.0001}","{""detection_events"":39,""detectors_checked"":180576}"
      4368,         0,         0,   0.081,decoder_by_matrix,cd5aa4935a142b600239883e928f6c7fc9fbc8c84161e9ed59cf2551b7ebfc3d,"{""distance"":3,""physical_error_rate"":5e-05}","{""detection_events"":18,""detectors_checked"":235872}"
      3344,         0,         0,   0.080,decoder_by_matrix,cd5aa4935a142b600239883e928f6c7fc9fbc8c84161e9ed59cf2551b7ebfc3d,"{""distance"":3,""physical_error_rate"":5e-05}","{""detection_events"":24,""detectors_checked"":180576}"
      3344,         0,         0,   0.080,decoder_by_matrix,c8397cb2c46e4683a6f3970bc42cef1aabfef4d80cfcd6b8313e87630b680ee2,"{""distance"":3,""physical_error_rate"":0.0001}","{""detection_events"":30,""detectors_checked"":180576}"
      3344,         0,         0,   0.085,decoder_by_matrix,c8397cb2c46e4683a6f3970bc42cef1aabfef4d80cfcd6b8313e87630b680ee2,"{""distance"":3,""physical_error_rate"":0.0001}","{""detection_events"":36,""detectors_checked"":180576}"
      3344,         0,         0,   0.089,decoder_by_matrix,cd5aa4935a142b600239883e928f6c7fc9fbc8c84161e9ed59cf2551b7ebfc3d,"{""distance"":3,""physical_error_rate"":5e-05}","{""detection_events"":27,""detectors_checked"":180576}"
      3344,         0,         0,   0.092,decoder_by_matrix,cd5aa4935a142b600239883e928f6c7fc9fbc8c84161e9ed59cf2551b7ebfc3d,"{""distance"":3,""physical_error_rate"":5e-05}","{""detection_events"":18,""detectors_checked"":180576}"
      3344,         0,         0,   0.093,decoder_by_matrix,c8397cb2c46e4683a6f3970bc42cef1aabfef4d80cfcd6b8313e87630b680ee2,"{""distance"":3,""physical_error_rate"":0.0001}","{""detection_events"":63,""detectors_checked"":180576}"
      3344,         0,         0,   0.092,decoder_by_matrix,c8397cb2c46e4683a6f3970bc42cef1aabfef4d80cfcd6b8313e87630b680ee2,"{""distance"":3,""physical_error_rate"":0.0001}","{""detection_events"":30,""detectors_checked"":180576}"
      3344,         0,         0,   0.105,decoder_by_matrix,c8397cb2c46e4683a6f3970bc42cef1aabfef4d80cfcd6b8313e87630b680ee2,"{""distance"":3,""physical_error_rate"":0.0001}","{""detection_events"":36,""detectors_checked"":180576}"
      4368,         0,         0,   0.104,decoder_by_matrix,cd5aa4935a142b600239883e928f6c7fc9fbc8c84161e9ed59cf2551b7ebfc3d,"{""distance"":3,""physical_error_rate"":5e-05}","{""detection_events"":6,""detectors_checked"":235872}"
      3344,         0,         0,   0.105,decoder_by_matrix,cd5aa4935a142b600239883e928f6c7fc9fbc8c84161e9ed59cf2551b7ebfc3d,"{""distance"":3,""physical_error_rate"":5e-05}","{""detection_events"":30,""detectors_checked"":180576}"
      3344,         0,         0,   0.105,decoder_by_matrix,c8397cb2c46e4683a6f3970bc42cef1aabfef4d80cfcd6b8313e87630b680ee2,"{""distance"":3,""physical_error_rate"":0.0001}","{""detection_events"":51,""detectors_checked"":180576}"
      3344,         0,         0,   0.109,decoder_by_matrix,cd5aa4935a142b600239883e928f6c7fc9fbc8c84161e9ed59cf2551b7ebfc3d,"{""distance"":3,""physical_error_rate"":5e-05}","{""detection_events"":33,""detectors_checked"":180576}"
      5392,         0,         0,   0.350,decoder_by_matrix,cd5aa4935a142b600239883e928f6c7fc9fbc8c84161e9ed59cf2551b7ebfc3d,"{""distance"":3,""physical_error_rate"":5e-05}","{""detection_events"":9,""detectors_checked"":291168}"
      3344,         0,         0,   0.141,decoder_by_matrix,c8397cb2c46e4683a6f3970bc42cef1aabfef4d80cfcd6b8313e87630b680ee2,"{""distance"":3,""physical_error_rate"":0.0001}","{""detection_events"":57,""detectors_checked"":180576}"
      2320,         0,         0,   0.148,decoder_by_matrix,c8397cb2c46e4683a6f3970bc42cef1aabfef4d80cfcd6b8313e87630b680ee2,"{""distance"":3,""physical_error_rate"":0.0001}","{""detection_events"":45,""detectors_checked"":125280}"
      3072,         0,         0,   0.184,decoder_by_matrix,cd5aa4935a142b600239883e928f6c7fc9fbc8c84161e9ed59cf2551b7ebfc3d,"{""distance"":3,""physical_error_rate"":5e-05}","{""detection_events"":18,""detectors_checked"":165888}"
      3072,         0,         0,   0.184,decoder_by_matrix,cd5aa4935a142b600239883e928f6c7fc9fbc8c84161e9ed59cf2551b7ebfc3d,"{""distance"":3,""physical_error_rate"":5e-05}","{""detection_events"":12,""detectors_checked"":165888}"
      3072,         0,         0,   0.372,decoder_by_matrix,c8397cb2c46e4683a6f3970bc42cef1aabfef4d80cfcd6b8313e87630b680ee2,"{""distance"":3,""physical_error_rate"":0.0001}","{""detection_events"":18,""detectors_checked"":165888}"
      3072,         0,         0,   0.192,decoder_by_matrix,c8397cb2c46e4683a6f3970bc42cef1aabfef4d80cfcd6b8313e87630b680ee2,"{""distance"":3,""physical_error_rate"":0.0001}","{""detection_events"":30,""detectors_checked"":165888}"
      3072,         0,         0,   0.192,decoder_by_matrix,cd5aa4935a142b600239883e928f6c7fc9fbc8c84161e9ed59cf2551b7ebfc3d,"{""distance"":3,""physical_error_rate"":5e-05}","{""detection_events"":18,""detectors_checked"":165888}"
      3072,         0,         0,   0.197,decoder_by_matrix,c8397cb2c46e4683a6f3970bc42cef1aabfef4d80cfcd6b8313e87630b680ee2,"{""distance"":3,""physical_error_rate"":0.0001}","{""detection_events"":30,""detectors_checked"":165888}"
      2048,         0,         0,   0.204,decoder_by_matrix,cd5aa4935a142b600239883e928f6c7fc9fbc8c84161e9ed59cf2551b7ebfc3d,"{""distance"":3,""physical_error_rate"":5e-05}","{""detection_events"":9,""detectors_checked"":110592}"
      2048,         0,         0,   0.218,decoder_by_matrix,c8397cb2c46e4683a6f3970bc42cef1aabfef4d80cfcd6b8313e87630b680ee2,"{""distance"":3,""physical_error_rate"":0.0001}","{""detection_events"":48,""detectors_checked"":110592}"
      3072,         0,         0,   0.220,decoder_by_matrix,c8397cb2c46e4683a6f3970bc42cef1aabfef4d80cfcd6b8313e87630b680ee2,"{""distance"":3,""physical_error_rate"":0.0001}","{""detection_events"":39,""detectors_checked"":165888}"
      3072,         0,         0,   0.223,decoder_by_matrix,cd5aa4935a142b600239883e928f6c7fc9fbc8c84161e9ed59cf2551b7ebfc3d,"{""distance"":3,""physical_error_rate"":5e-05}","{""detection_events"":15,""detectors_checked"":165888}"
      1024,         0,         0,   0.002,decoder_by_matrix,cd5aa4935a142b600239883e928f6c7fc9fbc8c84161e9ed59cf2551b7ebfc3d,"{""distance"":3,""physical_error_rate"":5e-05}","{""detection_events"":9,""detectors_checked"":55296}"
      2048,         0,         0,   0.214,decoder_by_matrix,cd5aa4935a142b600239883e928f6c7fc9fbc8c84161e9ed59cf2551b7ebfc3d,"{""distance"":3,""physical_error_rate"":5e-05}","{""detection_events"":33,""detectors_checked"":110592}"
      1024,         0,         0,   0.001,decoder_by_matrix,cd5aa4935a142b600239883e928f6c7fc9fbc8c84161e9ed59cf2551b7ebfc3d,"{""distance"":3,""physical_error_rate"":5e-05}","{""detectors_checked"":55296}"
      2048,         0,         0,   0.239,decoder_by_matrix,c8397cb2c46e4683a6f3970bc42cef1aabfef4d80cfcd6b8313e87630b680ee2,"{""distance"":3,""physical_error_rate"":0.0001}","{""detection_events"":21,""detectors_checked"":110592}"
      3072,         0,         0,   0.240,decoder_by_matrix,cd5aa4935a142b600239883e928f6c7fc9fbc8c84161e9ed59cf2551b7ebfc3d,"{""distance"":3,""physical_error_rate"":5e-05}","{""detection_events"":21,""detectors_checked"":165888}"
      2048,         0,         0,   0.239,decoder_by_matrix,cd5aa4935a142b600239883e928f6c7fc9fbc8c84161e9ed59cf2551b7ebfc3d,"{""distance"":3,""physical_error_rate"":5e-05}","{""detection_events"":27,""detectors_checked"":110592}"
      2048,         0,         0,   0.243,decoder_by_matrix,c8397cb2c46e4683a6f3970bc42cef1aabfef4d80cfcd6b8313e87630b680ee2,"{""distance"":3,""physical_error_rate"":0.0001}","{""detection_events"":30,""detectors_checked"":110592}"
      2048,         0,         0,   0.244,decoder_by_matrix,cd5aa4935a142b600239883e928f6c7fc9fbc8c84161e9ed59cf2551b7ebfc3d,"{""distance"":3,""physical_error_rate"":5e-05}","{""detection_events"":12,""detectors_checked"":110592}"
      2048,         0,         0,   0.214,decoder_by_matrix,cd5aa4935a142b600239883e928f6c7fc9fbc8c84161e9ed59cf2551b7ebfc3d,"{""distance"":3,""physical_error_rate"":5e-05}","{""detection_events"":27,""detectors_checked"":110592}"
      1024,         0,         0,   0.002,decoder_by_matrix,cd5aa4935a142b600239883e928f6c7fc9fbc8c84161e9ed59cf2551b7ebfc3d,"{""distance"":3,""physical_error_rate"":5e-05}","{""detection_events"":9,""detectors_checked"":55296}"
      5120,         0,         0,   0.254,decoder_by_matrix,cd5aa4935a142b600239883e928f6c7fc9fbc8c84161e9ed59cf2551b7ebfc3d,"{""distance"":3,""physical_error_rate"":5e-05}","{""detection_events"":15,""detectors_checked"":276480}"
      2048,         0,         0,   0.221,decoder_by_matrix,c8397cb2c46e4683a6f3970bc42cef1aabfef4d80cfcd6b8313e87630b680ee2,"{""distance"":3,""physical_error_rate"":0.0001}","{""detection_events"":15,""detectors_checked"":110592}"
      1024,         0,         0,   0.002,decoder_by_matrix,c8397cb2c46e4683a6f3970bc42cef1aabfef4d80cfcd6b8313e87630b680ee2,"{""distance"":3,""physical_error_rate"":0.0001}","{""detection_events"":15,""detectors_checked"":55296}"
      3072,         0,         0,   0.220,decoder_by_matrix,c8397cb2c46e4683a6f3970bc42cef1aabfef4d80cfcd6b8313e87630b680ee2,"{""distance"":3,""physical_error_rate"":0.0001}","{""detection_events"":75,""detectors_checked"":165888}"
      1024,         0,         0,   0.002,decoder_by_matrix,c8397cb2c46e4683a6f3970bc42cef1aabfef4d80cfcd6b8313e87630b680ee2,"{""distance"":3,""physical_error_rate"":0.0001}","{""detection_events"":9,""detectors_checked"":55296}"
      2048,         0,         0,   0.268,decoder_by_matrix,c8397cb2c46e4683a6f3970bc42cef1aabfef4d80cfcd6b8313e87630b680ee2,"{""distance"":3,""physical_error_rate"":0.0001}","{""detection_events"":33,""detectors_checked"":110592}"
      3072,         0,         0,   0.270,decoder_by_matrix,c8397cb2c46e4683a6f3970bc42cef1aabfef4d80cfcd6b8313e87630b680ee2,"{""distance"":3,""physical_error_rate"":0.0001}","{""detection_events"":63,""detectors_checked"":165888}"
      3072,         0,         0,   0.274,decoder_by_matrix,cd5aa4935a142b600239883e928f6c7fc9fbc8c84161e9ed59cf2551b7ebfc3d,"{""distance"":3,""physical_error_rate"":5e-05}","{""detection_events"":21,""detectors_checked"":165888}"
      5120,         0,         0,   0.274,decoder_by_matrix,cd5aa4935a142b600239883e928f6c7fc9fbc8c84161e9ed59cf2551b7ebfc3d,"{""distance"":3,""physical_error_rate"":5e-05}","{""detection_events"":15,""detectors_checked"":276480}"
      2048,         0,         0,   0.272,decoder_by_matrix,c8397cb2c46e4683a6f3970bc42cef1aabfef4d80cfcd6b8313e87630b680ee2,"{""distance"":3,""physical_error_rate"":0.0001}","{""detection_events"":30,""detectors_checked"":110592}"
      4096,         0,         0,   0.274,decoder_by_matrix,c8397cb2c46e4683a6f3970bc42cef1aabfef4d80cfcd6b8313e87630b680ee2,"{""distance"":3,""physical_error_rate"":0.0001}","{""detection_events"":42,""detectors_checked"":221184}"
      3072,         0,         0,   0.273,decoder_by_matrix,cd5aa4935a142b600239883e928f6c7fc9fbc8c84161e9ed59cf2551b7ebfc3d,"{""distance"":3,""physical_error_rate"":5e-05}","{""detection_events"":45,""detectors_checked"":165888}"
      4096,         0,         0,   0.255,decoder_by_matrix,cd5aa4935a142b600239883e928f6c7fc9fbc8c84161e9ed59cf2551b7ebfc3d,"{""distance"":3,""physical_error_rate"":5e-05}","{""detection_events"":9,""detectors_checked"":221184}"
      2048,         0,         0,   0.280,decoder_by_matrix,c8397cb2c46e4683a6f3970bc42cef1aabfef4d80cfcd6b8313e87630b680ee2,"{""distance"":3,""physical_error_rate"":0.0001}","{""detection_events"":30,""detectors_checked"":110592}"
      3072,         0,         0,   0.257,decoder_by_matrix,c8397cb2c46e4683a6f3970bc42cef1aabfef4d80cfcd6b8313e87630b680ee2,"{""distance"":3,""physical_error_rate"":0.0001}","{""detection_events"":30,""detectors_checked"":165888}"
      2048,         0,         0,   0.257,decoder_by_matrix,cd5aa4935a142b600239883e928f6c7fc9fbc8c84161e9ed59cf2551b7ebfc3d,"{""distance"":3,""physical_error_rate"":5e-05}","{""detection_events"":12,""detectors_checked"":110592}"
      2048,         0,         0,   0.257,decoder_by_matrix,cd5aa4935a142b600239883e928f6c7fc9fbc8c84161e9ed59cf2551b7ebfc3d,"{""distance"":3,""physical_error_rate"":5e-05}","{""detection_events"":18,""detectors_checked"":110592}"
      2048,         0,         0,   0.261,decoder_by_matrix,c8397cb2c46e4683a6f3970bc42cef1aabfef4d80cfcd6b8313e87630b680ee2,"{""distance"":3,""physical_error_rate"":0.0001}","{""detection_events"":36,""detectors_checked"":110592}"
      3072,         0,         0,   0.263,decoder_by_matrix,cd5aa4935a142b600239883e928f6c7fc9fbc8c84161e9ed59cf2551b7ebfc3d,"{""distance"":3,""physical_error_rate"":5e-05}","{""detection_events"":39,""detectors_checked"":165888}"
      3072,         0,         0,   0.262,decoder_by_matrix,cd5aa4935a142b600239883e928f6c7fc9fbc8c84161e9ed59cf2551b7ebfc3d,"{""distance"":3,""physical_error_rate"":5e-05}","{""detection_events"":9,""detectors_checked"":165888}"
      3072,         0,         0,   0.262,decoder_by_matrix,c8397cb2c46e4683a6f3970bc42cef1aabfef4d80cfcd6b8313e87630b680ee2,"{""distance"":3,""physical_error_rate"":0.0001}","{""detection_events"":36,""detectors_checked"":165888}"
      3072,         0,         0,   0.323,decoder_by_matrix,c8397cb2c46e4683a6f3970bc42cef1aabfef4d80cfcd6b8313e87630b680ee2,"{""distance"":3,""physical_error_rate"":0.0001}","{""detection_events"":48,""detectors_checked"":165888}"
      2048,         0,         0,   0.260,decoder_by_matrix,cd5aa4935a142b600239883e928f6c7fc9fbc8c84161e9ed59cf2551b7ebfc3d,"{""distance"":3,""physical_error_rate"":5e-05}","{""detection_events"":9,""detectors_checked"":110592}"
      4096,         0,         0,   0.260,decoder_by_matrix,cd5aa4935a142b600239883e928f6c7fc9fbc8c84161e9ed59cf2551b7ebfc3d,"{""distance"":3,""physical_error_rate"":5e-05}","{""detection_events"":15,""detectors_checked"":221184}"
      2048,         0,         0,   0.260,decoder_by_matrix,cd5aa4935a142b600239883e928f6c7fc9fbc8c84161e9ed59cf2551b7ebfc3d,"{""distance"":3,""physical_error_rate"":5e-05}","{""detection_events"":9,""detectors_checked"":110592}"
      2048,         0,         0,   0.260,decoder_by_matrix,c8397cb2c46e4683a6f3970bc42cef1aabfef4d80cfcd6b8313e87630b680ee2,"{""distance"":3,""physical_error_rate"":0.0001}","{""detection_events"":24,""detectors_checked"":110592}"
      2048,         0,         0,   0.260,decoder_by_matrix,c8397cb2c46e4683a6f3970bc42cef1aabfef4d80cfcd6b8313e87630b680ee2,"{""distance"":3,""physical_error_rate"":0.0001}","{""detection_events"":27,""detectors_checked"":110592}"
      2048,         0,         0,   0.260,decoder_by_matrix,c8397cb2c46e4683a6f3970bc42cef1aabfef4d80cfcd6b8313e87630b680ee2,"{""distance"":3,""physical_error_rate"":0.0001}","{""detection_events"":45,""detectors_checked"":110592}"
      4096,         0,         0,   0.261,decoder_by_matrix,c8397cb2c46e4683a6f3970bc42cef1aabfef4d80cfcd6b8313e87630b680ee2,"{""distance"":3,""physical_error_rate"":0.0001}","{""detection_events"":33,""detectors_checked"":221184}"
      3072,         0,         0,   0.261,decoder_by_matrix,cd5aa4935a142b600239883e928f6c7fc9fbc8c84161e9ed59cf2551b7ebfc3d,"{""distance"":3,""physical_error_rate"":5e-05}","{""detection_events"":24,""detectors_checked"":165888}"
      2048,         0,         0,   0.260,decoder_by_matrix,cd5aa4935a142b600239883e928f6c7fc9fbc8c84161e9ed59cf2551b7ebfc3d,"{""distance"":3,""physical_error_rate"":5e-05}","{""detection_events"":9,""detectors_checked"":110592}"
      3072,         0,         0,   0.262,decoder_by_matrix,c8397cb2c46e4683a6f3970bc42cef1aabfef4d80cfcd6b8313e87630b680ee2,"{""distance"":3,""physical_error_rate"":0.0001}","{""detection_events"":36,""detectors_checked"":165888}"
      2048,         0,         0,   0.260,decoder_by_matrix,c8397cb2c46e4683a6f3970bc42cef1aabfef4d80cfcd6b8313e87630b680ee2,"{""distance"":3,""physical_error_rate"":0.0001}","{""detection_events"":21,""detectors_checked"":110592}"
      3072,         0,         0,   0.262,decoder_by_matrix,cd5aa4935a142b600239883e928f6c7fc9fbc8c84161e9ed59cf2551b7ebfc3d,"{""distance"":3,""physical_error_rate"":5e-05}","{""detection_events"":33,""detectors_checked"":165888}"
      4096,         0,         0,   0.261,decoder_by_matrix,cd5aa4935a142b600239883e928f6c7fc9fbc8c84161e9ed59cf2551b7ebfc3d,"{""distance"":3,""physical_error_rate"":5e-05}","{""detection_events"":12,""detectors_checked"":221184}"
      2048,         0,         0,   0.268,decoder_by_matrix,c8397cb2c46e4683a6f3970bc42cef1aabfef4d80cfcd6b8313e87630b680ee2,"{""distance"":3,""physical_error_rate"":0.0001}","{""detection_events"":33,""detectors_checked"":110592}"
      4096,         0,         0,   0.255,decoder_by_matrix,cd5aa4935a142b600239883e928f6c7fc9fbc8c84161e9ed59cf2551b7ebfc3d,"{""distance"":3,""physical_error_rate"":5e-05}","{""detection_events"":15,""detectors_checked"":221184}"
      3072,         0,         0,   0.257,decoder_by_matrix,cd5aa4935a142b600239883e928f6c7fc9fbc8c84161e9ed59cf2551b7ebfc3d,"{""distance"":3,""physical_error_rate"":5e-05}","{""detection_events"":24,""detectors_checked"":165888}"
      3072,         0,         0,   0.257,decoder_by_matrix,c8397cb2c46e4683a6f3970bc42cef1aabfef4d80cfcd6b8313e87630b680ee2,"{""distance"":3,""physical_error_rate"":0.0001}","{""detection_events"":21,""detectors_checked"":165888}"
      3072,         0,         0,   0.256,decoder_by_matrix,cd5aa4935a142b600239883e928f6c7fc9fbc8c84161e9ed59cf2551b7ebfc3d,"{""distance"":3,""physical_error_rate"":5e-05}","{""detection_events"":6,""detectors_checked"":165888}"
      2048,         0,         0,   0.256,decoder_by_matrix,cd5aa4935a142b600239883e928f6c7fc9fbc8c84161e9ed59cf2551b7ebfc3d,"{""distance"":3,""physical_error_rate"":5e-05}","{""detection_events"":9,""detectors_checked"":110592}"
      2048,         0,         0,   0.256,decoder_by_matrix,c8397cb2c46e4683a6f3970bc42cef1aabfef4d80cfcd6b8313e87630b680ee2,"{""distance"":3,""physical_error_rate"":0.0001}","{""detection_events"":6,""detectors_checked"":110592}"
      2048,         0,         0,   0.256,decoder_by_matrix,c8397cb2c46e4683a6f3970bc42cef1aabfef4d80cfcd6b8313e87630b680ee2,"{""distance"":3,""physical_error_rate"":0.0001}","{""detection_events"":36,""detectors_checked"":110592}"
      3072,         0,         0,   0.257,decoder_by_matrix,cd5aa4935a142b600239883e928f6c7fc9fbc8c84161e9ed59cf2551b7ebfc3d,"{""distance"":3,""physical_error_rate"":5e-05}","{""detection_events"":9,""detectors_checked"":165888}"
      2048,         0,         0,   0.256,decoder_by_matrix,cd5aa4935a142b600239883e928f6c7fc9fbc8c84161e9ed59cf2551b7ebfc3d,"{""distance"":3,""physical_error_rate"":5e-05}","{""detection_events"":27,""detectors_checked"":110592}"
      3072,         0,         0,   0.258,decoder_by_matrix,cd5aa4935a142b600239883e928f6c7fc9fbc8c84161e9ed59cf2551b7ebfc3d,"{""distance"":3,""physical_error_rate"":5e-05}","{""detection_events"":27,""detectors_checked"":165888}"
      2048,         0,         0,   0.256,decoder_by_matrix,c8397cb2c46e4683a6f3970bc42cef1aabfef4d80cfcd6b8313e87630b680ee2,"{""distance"":3,""physical_error_rate"":0.0001}","{""detection_events"":15,""detectors_checked"":110592}"
      2048,         0,         0,   0.256,decoder_by_matrix,c8397cb2c46e4683a6f3970bc42cef1aabfef4d80cfcd6b8313e87630b680ee2,"{""distance"":3,""physical_error_rate"":0.0001}","{""detection_events"":42,""detectors_checked"":110592}"
      3072,         0,         0,   0.258,decoder_by_matrix,c8397cb2c46e4683a6f3970bc42cef1aabfef4d80cfcd6b8313e87630b680ee2,"{""distance"":3,""physical_error_rate"":0.0001}","{""detection_events"":21,""detectors_checked"":165888}"
      2048,         0,         0,   0.256,decoder_by_matrix,c8397cb2c46e4683a6f3970bc42cef1aabfef4d80cfcd6b8313e87630b680ee2,"{""distance"":3,""physical_error_rate"":0.0001}","{""detection_events"":21,""detectors_checked"":110592}"
      4096,         0,         0,   0.402,decoder_by_matrix,c8397cb2c46e4683a6f3970bc42cef1aabfef4d80cfcd6b8313e87630b680ee2,"{""distance"":3,""physical_error_rate"":0.0001}","{""detection_events"":48,""detectors_checked"":221184}"
      3072,         0,         0,   0.260,decoder_by_matrix,cd5aa4935a142b600239883e928f6c7fc9fbc8c84161e9ed59cf2551b7ebfc3d,"{""distance"":3,""physical_error_rate"":5e-05}","{""detection_events"":3,""detectors_checked"":165888}"
      3072,         0,         0,   0.262,decoder_by_matrix,cd5aa4935a142b600239883e928f6c7fc9fbc8c84161e9ed59cf2551b7ebfc3d,"{""distance"":3,""physical_error_rate"":5e-05}","{""detection_events"":69,""detectors_checked"":165888}"
      2048,         0,         0,   0.260,decoder_by_matrix,c8397cb2c46e4683a6f3970bc42cef1aabfef4d80cfcd6b8313e87630b680ee2,"{""distance"":3,""physical_error_rate"":0.0001}","{""detection_events"":30,""detectors_checked"":110592}"
      2048,         0,         0,   0.260,decoder_by_matrix,c8397cb2c46e4683a6f3970bc42cef1aabfef4d80cfcd6b8313e87630b680ee2,"{""distance"":3,""physical_error_rate"":0.0001}","{""detection_events"":75,""detectors_checked"":110592}"
      3072,         0,         0,   0.261,decoder_by_matrix,cd5aa4935a142b600239883e928f6c7fc9fbc8c84161e9ed59cf2551b7ebfc3d,"{""distance"":3,""physical_error_rate"":5e-05}","{""detection_events"":12,""detectors_checked"":165888}"
      2048,         0,         0,   0.260,decoder_by_matrix,cd5aa4935a142b600239883e928f6c7fc9fbc8c84161e9ed59cf2551b7ebfc3d,"{""distance"":3,""physical_error_rate"":5e-05}","{""detection_events"":15,""detectors_checked"":110592}"
      3072,         0,         0,   0.262,decoder_by_matrix,c8397cb2c46e4683a6f3970bc42cef1aabfef4d80cfcd6b8313e87630b680ee2,"{""distance"":3,""physical_error_rate"":0.0001}","{""detection_events"":36,""detectors_checked"":165888}"
      4096,         0,         0,   0.255,decoder_by_matrix,cd5aa4935a142b600239883e928f6c7fc9fbc8c84161e9ed59cf2551b7ebfc3d,"{""distance"":3,""physical_error_rate"":5e-05}","{""detection_events"":12,""detectors_checked"":221184}"
      3072,         0,         0,   0.257,decoder_by_matrix,c8397cb2c46e4683a6f3970bc42cef1aabfef4d80cfcd6b8313e87630b680ee2,"{""distance"":3,""physical_error_rate"":0.0001}","{""detection_events"":57,""detectors_checked"":165888}"
      4096,         0,         0,   0.005,decoder_by_matrix,cd5aa4935a142b600239883e928f6c7fc9fbc8c84161e9ed59cf2551b7ebfc3d,"{""distance"":3,""physical_error_rate"":5e-05}","{""detection_events"":21,""detectors_checked"":221184}"
      5120,         0,         0,   0.257,decoder_by_matrix,cd5aa4935a142b600239883e928f6c7fc9fbc8c84161e9ed59cf2551b7ebfc3d,"{""distance"":3,""physical_error_rate"":5e-05}","{""detection_events"":9,""detectors_checked"":276480}"
      3072,         0,         0,   0.257,decoder_by_matrix,c8397cb2c46e4683a6f3970bc42cef1aabfef4d80cfcd6b8313e87630b680ee2,"{""distance"":3,""physical_error_rate"":0.0001}","{""detection_events"":45,""detectors_checked"":165888}"
      3072,         0,         0,   0.256,decoder_by_matrix,c8397cb2c46e4683a6f3970bc42cef1aabfef4d80cfcd6b8313e87630b680ee2,"{""distance"":3,""physical_error_rate"":0.0001}","{""detection_events"":48,""detectors_checked"":165888}"
      5120,         0,         0,   0.257,decoder_by_matrix,cd5aa4935a142b600239883e928f6c7fc9fbc8c84161e9ed59cf2551b7ebfc3d,"{""distance"":3,""physical_error_rate"":5e-05}","{""detection_events"":24,""detectors_checked"":276480}"
      3072,         0,         0,   0.257,decoder_by_matrix,cd5aa4935a142b600239883e928f6c7fc9fbc8c84161e9ed59cf2551b7ebfc3d,"{""distance"":3,""physical_error_rate"":5e-05}","{""detection_events"":18,""detectors_checked"":165888}"
      3072,         0,         0,   0.256,decoder_by_matrix,cd5aa4935a142b600239883e928f6c7fc9fbc8c84161e9ed59cf2551b7ebfc3d,"{""distance"":3,""physical_error_rate"":5e-05}","{""detection_events"":12,""detectors_checked"":165888}"
      3072,         0,         0,   0.257,decoder_by_matrix,c8397cb2c46e4683a6f3970bc42cef1aabfef4d80cfcd6b8313e87630b680ee2,"{""distance"":3,""physical_error_rate"":0.0001}","{""detection_events"":48,""detectors_checked"":165888}"
      3072,         0,         0,   0.257,decoder_by_matrix,c8397cb2c46e4683a6f3970bc42cef1aabfef4d80cfcd6b8313e87630b680ee2,"{""distance"":3,""physical_error_rate"":0.0001}","{""detection_events"":21,""detectors_checked"":165888}"
      2048,         0,         0,   0.255,decoder_by_matrix,c8397cb2c46e4683a6f3970bc42cef1aabfef4d80cfcd6b8313e87630b680ee2,"{""distance"":3,""physical_error_rate"":0.0001}","{""detection_events"":24,""detectors_checked"":110592}"
      3072,         0,         0,   0.256,decoder_by_matrix,c8397cb2c46e4683a6f3970bc42cef1aabfef4d80cfcd6b8313e87630b680ee2,"{""distance"":3,""physical_error_rate"":0.0001}","{""detection_events"":15,""detectors_checked"":165888}"
      2048,         0,         0,   0.255,decoder_by_matrix,c8397cb2c46e4683a6f3970bc42cef1aabfef4d80cfcd6b8313e87630b680ee2,"{""distance"":3,""physical_error_rate"":0.0001}","{""detection_events"":33,""detectors_checked"":110592}"
      4096,         0,         0,   0.393,decoder_by_matrix,cd5aa4935a142b600239883e928f6c7fc9fbc8c84161e9ed59cf2551b7ebfc3d,"{""distance"":3,""physical_error_rate"":5e-05}","{""detection_events"":24,""detectors_checked"":221184}"
      3072,         0,         0,   0.261,decoder_by_matrix,cd5aa4935a142b600239883e928f6c7fc9fbc8c84161e9ed59cf2551b7ebfc3d,"{""distance"":3,""physical_error_rate"":5e-05}","{""detection_events"":48,""detectors_checked"":165888}"
      3072,         0,         0,   0.259,decoder_by_matrix,cd5aa4935a142b600239883e928f6c7fc9fbc8c84161e9ed59cf2551b7ebfc3d,"{""distance"":3,""physical_error_rate"":5e-05}","{""detection_events"":3,""detectors_checked"":165888}"
      3072,         0,         0,   0.260,decoder_by_matrix,c8397cb2c46e4683a6f3970bc42cef1aabfef4d80cfcd6b8313e87630b680ee2,"{""distance"":3,""physical_error_rate"":0.0001}","{""detection_events"":21,""detectors_checked"":165888}"
      3072,         0,         0,   0.261,decoder_by_matrix,c8397cb2c46e4683a6f3970bc42cef1aabfef4d80cfcd6b8313e87630b680ee2,"{""distance"":3,""physical_error_rate"":0.0001}","{""detection_events"":57,""detectors_checked"":165888}"
      2048,         0,         0,   0.259,decoder_by_matrix,cd5aa4935a142b600239883e928f6c7fc9fbc8c84161e9ed59cf2551b7ebfc3d,"{""distance"":3,""physical_error_rate"":5e-05}","{""detection_events"":9,""detectors_checked"":110592}"
      5120,         0,         0,   0.261,decoder_by_matrix,cd5aa4935a142b600239883e928f6c7fc9fbc8c84161e9ed59cf2551b7ebfc3d,"{""distance"":3,""physical_error_rate"":5e-05}","{""detection_events"":42,""detectors_checked"":276480}"
      2048,         0,         0,   0.259,decoder_by_matrix,c8397cb2c46e4683a6f3970bc42cef1aabfef4d80cfcd6b8313e87630b680ee2,"{""distance"":3,""physical_error_rate"":0.0001}","{""detection_events"":24,""detectors_checked"":110592}"
      2048,         0,         0,   0.253,decoder_by_matrix,c8397cb2c46e4683a6f3970bc42cef1aabfef4d80cfcd6b8313e87630b680ee2,"{""distance"":3,""physical_error_rate"":0.0001}","{""detection_events"":39,""detectors_checked"":110592}"
      4096,         0,         0,   0.253,decoder_by_matrix,cd5aa4935a142b600239883e928f6c7fc9fbc8c84161e9ed59cf2551b7ebfc3d,"{""distance"":3,""physical_error_rate"":5e-05}","{""detectors_checked"":221184}"
      2048,         0,         0,   0.254,decoder_by_matrix,cd5aa4935a142b600239883e928f6c7fc9fbc8c84161e9ed59cf2551b7ebfc3d,"{""distance"":3,""physical_error_rate"":5e-05}","{""detection_events"":18,""detectors_checked"":110592}"
      4096,         0,         0,   0.255,decoder_by_matrix,c8397cb2c46e4683a6f3970bc42cef1aabfef4d80cfcd6b8313e87630b680ee2,"{""distance"":3,""physical_error_rate"":0.0001}","{""detection_events"":12,""detectors_checked"":221184}"
      3072,         0,         0,   0.254,decoder_by_matrix,c8397cb2c46e4683a6f3970bc42cef1aabfef4d80cfcd6b8313e87630b680ee2,"{""distance"":3,""physical_error_rate"":0.0001}","{""detection_events"":21,""detectors_checked"":165888}"
      3072,         0,         0,   0.253,decoder_by_matrix,cd5aa4935a142b600239883e928f6c7fc9fbc8c84161e9ed59cf2551b7ebfc3d,"{""distance"":3,""physical_error_rate"":5e-05}","{""detection_events"":9,""detectors_checked"":165888}"
      2048,         0,         0,   0.253,decoder_by_matrix,cd5aa4935a142b600239883e928f6c7fc9fbc8c84161e9ed59cf2551b7ebfc3d,"{""distance"":3,""physical_error_rate"":5e-05}","{""detection_events"":15,""detectors_checked"":110592}"
      3072,         0,         0,   0.254,decoder_by_matrix,cd5aa4935a142b600239883e928f6c7fc9fbc8c84161e9ed59cf2551b7ebfc3d,"{""distance"":3,""physical_error_rate"":5e-05}","{""detection_events"":15,""detectors_checked"":165888}"
      2048,         0,         0,   0.253,decoder_by_matrix,c8397cb2c46e4683a6f3970bc42cef1aabfef4d80cfcd6b8313e87630b680ee2,"{""distance"":3,""physical_error_rate"":0.0001}","{""detection_events"":24,""detectors_checked"":110592}"
      3072,         0,         0,   0.315,decoder_by_matrix,cd5aa4935a142b600239883e928f6c7fc9fbc8c84161e9ed59cf2551b7ebfc3d,"{""distance"":3,""physical_error_rate"":5e-05}","{""detection_events"":12,""detectors_checked"":165888}"
      3072,         0,         0,   0.258,decoder_by_matrix,c8397cb2c46e4683a6f3970bc42cef1aabfef4d80cfcd6b8313e87630b680ee2,"{""distance"":3,""physical_error_rate"":0.0001}","{""detection_events"":21,""detectors_checked"":165888}"
      3072,         0,         0,   0.259,decoder_by_matrix,c8397cb2c46e4683a6f3970bc42cef1aabfef4d80cfcd6b8313e87630b680ee2,"{""distance"":3,""physical_error_rate"":0.0001}","{""detection_events"":45,""detectors_checked"":165888}"
      2048,         0,         0,   0.257,decoder_by_matrix,c8397cb2c46e4683a6f3970bc42cef1aabfef4d80cfcd6b8313e87630b680ee2,"{""distance"":3,""physical_error_rate"":0.0001}","{""detection_events"":30,""detectors_checked"":110592}"
      3072,         0,         0,   0.258,decoder_by_matrix,c8397cb2c46e4683a6f3970bc42cef1aabfef4d80cfcd6b8313e87630b680ee2,"{""distance"":3,""physical_error_rate"":0.0001}","{""detection_events"":33,""detectors_checked"":165888}"
      3072,         0,         0,   0.257,decoder_by_matrix,cd5aa4935a142b600239883e928f6c7fc9fbc8c84161e9ed59cf2551b7ebfc3d,"{""distance"":3,""physical_error_rate"":5e-05}","{""detection_events"":9,""detectors_checked"":165888}"
      3072,         0,         0,   0.258,decoder_by_matrix,cd5aa4935a142b600239883e928f6c7fc9fbc8c84161e9ed59cf2551b7ebfc3d,"{""distance"":3,""physical_error_rate"":5e-05}","{""detection_events"":27,""detectors_checked"":165888}"
      4096,         0,         0,   0.258,decoder_by_matrix,cd5aa4935a142b600239883e928f6c7fc9fbc8c84161e9ed59cf2551b7ebfc3d,"{""distance"":3,""physical_error_rate"":5e-05}","{""detection_events"":24,""detectors_checked"":221184}"
      3072,         0,         0,   0.259,decoder_by_matrix,c8397cb2c46e4683a6f3970bc42cef1aabfef4d80cfcd6b8313e87630b680ee2,"{""distance"":3,""physical_error_rate"":0.0001}","{""detection_events"":57,""detectors_checked"":165888}"
      2048,         0,         0,   0.257,decoder_by_matrix,c8397cb2c46e4683a6f3970bc42cef1aabfef4d80cfcd6b8313e87630b680ee2,"{""distance"":3,""physical_error_rate"":0.0001}","{""detection_events"":36,""detectors_checked"":110592}"
      3072,         0,         0,   0.259,decoder_by_matrix,cd5aa4935a142b600239883e928f6c7fc9fbc8c84161e9ed59cf2551b7ebfc3d,"{""distance"":3,""physical_error_rate"":5e-05}","{""detection_events"":15,""detectors_checked"":165888}"
      3072,         0,         0,   0.257,decoder_by_matrix,cd5aa4935a142b600239883e928f6c7fc9fbc8c84161e9ed59cf2551b7ebfc3d,"{""distance"":3,""physical_error_rate"":5e-05}","{""detection_events"":15,""detectors_checked"":165888}"
      3072,         0,         0,   0.259,decoder_by_matrix,c8397cb2c46e4683a6f3970bc42cef1aabfef4d80cfcd6b8313e87630b680ee2,"{""distance"":3,""physical_error_rate"":0.0001}","{""detection_events"":42,""detectors_checked"":165888}"
      3072,         0,         0,   0.209,decoder_by_matrix,c8397cb2c46e4683a6f3970bc42cef1aabfef4d80cfcd6b8313e87630b680ee2,"{""distance"":3,""physical_error_rate"":0.0001}","{""detection_events"":15,""detectors_checked"":165888}"
      3072,         0,         0,   0.258,decoder_by_matrix,cd5aa4935a142b600239883e928f6c7fc9fbc8c84161e9ed59cf2551b7ebfc3d,"{""distance"":3,""physical_error_rate"":5e-05}","{""detection_events"":12,""detectors_checked"":165888}"
      3072,         0,         0,   0.258,decoder_by_matrix,cd5aa4935a142b600239883e928f6c7fc9fbc8c84161e9ed59cf2551b7ebfc3d,"{""distance"":3,""physical_error_rate"":5e-05}","{""detection_events"":12,""detectors_checked"":165888}"
      2048,         0,         0,   0.254,decoder_by_matrix,c8397cb2c46e4683a6f3970bc42cef1aabfef4d80cfcd6b8313e87630b680ee2,"{""distance"":3,""physical_error_rate"":0.0001}","{""detection_events"":63,""detectors_checked"":110592}"
      3072,         0,         0,   0.255,decoder_by_matrix,cd5aa4935a142b600239883e928f6c7fc9fbc8c84161e9ed59cf2551b7ebfc3d,"{""distance"":3,""physical_error_rate"":5e-05}","{""detection_events"":12,""detectors_checked"":165888}"
      4096,         0,         0,   0.255,decoder_by_matrix,cd5aa4935a142b600239883e928f6c7fc9fbc8c84161e9ed59cf2551b7ebfc3d,"{""distance"":3,""physical_error_rate"":5e-05}","{""detection_events"":18,""detectors_checked"":221184}"
      3072,         0,         0,   0.255,decoder_by_matrix,cd5aa4935a142b600239883e928f6c7fc9fbc8c84161e9ed59cf2551b7ebfc3d,"{""distance"":3,""physical_error_rate"":5e-05}","{""detection_events"":21,""detectors_checked"":165888}"
      3072,         0,         0,   0.005,decoder_by_matrix,c8397cb2c46e4683a6f3970bc42cef1aabfef4d80cfcd6b8313e87630b680ee2,"{""distance"":3,""physical_error_rate"":0.0001}","{""detection_events"":36,""detectors_checked"":165888}"
      4096,         0,         0,   0.254,decoder_by_matrix,cd5aa4935a142b600239883e928f6c7fc9fbc8c84161e9ed59cf2551b7ebfc3d,"{""distance"":3,""physical_error_rate"":5e-05}","{""detection_events"":21,""detectors_checked"":221184}"
      3072,         0,         0,   0.310,decoder_by_matrix,c8397cb2c46e4683a6f3970bc42cef1aabfef4d80cfcd6b8313e87630b680ee2,"{""distance"":3,""physical_error_rate"":0.0001}","{""detection_events"":15,""detectors_checked"":165888}"
      2048,         0,         0,   0.258,decoder_by_matrix,c8397cb2c46e4683a6f3970bc42cef1aabfef4d80cfcd6b8313e87630b680ee2,"{""distance"":3,""physical_error_rate"":0.0001}","{""detection_events"":24,""detectors_checked"":110592}"
      2048,         0,         0,   0.258,decoder_by_matrix,c8397cb2c46e4683a6f3970bc42cef1aabfef4d80cfcd6b8313e87630b680ee2,"{""distance"":3,""physical_error_rate"":0.0001}","{""detection_events"":48,""detectors_checked"":110592}"
      3072,         0,         0,   0.259,decoder_by_matrix,c8397cb2c46e4683a6f3970bc42cef1aabfef4d80cfcd6b8313e87630b680ee2,"{""distance"":3,""physical_error_rate"":0.0001}","{""detection_events"":42,""detectors_checked"":165888}"
      2048,         0,         0,   0.258,decoder_by_matrix,c8397cb2c46e4683a6f3970bc42cef1aabfef4d80cfcd6b8313e87630b680ee2,"{""distance"":3,""physical_error_rate"":0.0001}","{""detection_events"":27,""detectors_checked"":110592}"
      3072,         0,         0,   0.260,decoder_by_matrix,cd5aa4935a142b600239883e928f6c7fc9fbc8c84161e9ed59cf2551b7ebfc3d,"{""distance"":3,""physical_error_rate"":5e-05}","{""detection_events"":39,""detectors_checked"":165888}"
      2048,         0,         0,   0.262,decoder_by_matrix,cd5aa4935a142b600239883e928f6c7fc9fbc8c84161e9ed59cf2551b7ebfc3d,"{""distance"":3,""physical_error_rate"":5e-05}","{""detection_events"":12,""detectors_checked"":110592}"
      4096,         0,         0,   0.262,decoder_by_matrix,cd5aa4935a142b600239883e928f6c7fc9fbc8c84161e9ed59cf2551b7ebfc3d,"{""distance"":3,""physical_error_rate"":5e-05}","{""detection_events"":3,""detectors_checked"":221184}"
      2048,         0,         0,   0.262,decoder_by_matrix,c8397cb2c46e4683a6f3970bc42cef1aabfef4d80cfcd6b8313e87630b680ee2,"{""distance"":3,""physical_error_rate"":0.0001}","{""detection_events"":54,""detectors_checked"":110592}"
      3072,         0,         0,   0.263,decoder_by_matrix,c8397cb2c46e4683a6f3970bc42cef1aabfef4d80cfcd6b8313e87630b680ee2,"{""distance"":3,""physical_error_rate"":0.0001}","{""detection_events"":36,""detectors_checked"":165888}"
      2048,         0,         0,   0.262,decoder_by_matrix,cd5aa4935a142b600239883e928f6c7fc9fbc8c84161e9ed59cf2551b7ebfc3d,"{""distance"":3,""physical_error_rate"":5e-05}","{""detection_events"":12,""detectors_checked"":110592}"
      4096,         0,         0,   0.264,decoder_by_matrix,cd5aa4935a142b600239883e928f6c7fc9fbc8c84161e9ed59cf2551b7ebfc3d,"{""distance"":3,""physical_error_rate"":5e-05}","{""detection_events"":24,""detectors_checked"":221184}"
      2048,         0,         0,   0.262,decoder_by_matrix,c8397cb2c46e4683a6f3970bc42cef1aabfef4d80cfcd6b8313e87630b680ee2,"{""distance"":3,""physical_error_rate"":0.0001}","{""detection_events"":42,""detectors_checked"":110592}"
      3072,         0,         0,   0.292,decoder_by_matrix,c8397cb2c46e4683a6f3970bc42cef1aabfef4d80cfcd6b8313e87630b680ee2,"{""distance"":3,""physical_error_rate"":0.0001}","{""detection_events"":78,""detectors_checked"":165888}"
      3072,         0,         0,   0.262,decoder_by_matrix,cd5aa4935a142b600239883e928f6c7fc9fbc8c84161e9ed59cf2551b7ebfc3d,"{""distance"":3,""physical_error_rate"":5e-05}","{""detection_events"":27,""detectors_checked"":165888}"
      3072,         0,         0,   0.262,decoder_by_matrix,cd5aa4935a142b600239883e928f6c7fc9fbc8c84161e9ed59cf2551b7ebfc3d,"{""distance"":3,""physical_error_rate"":5e-05}","{""detection_events"":18,""detectors_checked"":165888}"
      4096,         0,         0,   0.004,decoder_by_matrix,c8397cb2c46e4683a6f3970bc42cef1aabfef4d80cfcd6b8313e87630b680ee2,"{""distance"":3,""physical_error_rate"":0.0001}","{""detection_events"":36,""detectors_checked"":221184}"
      3072,         0,         0,   0.261,decoder_by_matrix,cd5aa4935a142b600239883e928f6c7fc9fbc8c84161e9ed59cf2551b7ebfc3d,"{""distance"":3,""physical_error_rate"":5e-05}","{""detection_events"":12,""detectors_checked"":165888}"
      3072,         0,         0,   0.260,decoder_by_matrix,cd5aa4935a142b600239883e928f6c7fc9fbc8c84161e9ed59cf2551b7ebfc3d,"{""distance"":3,""physical_error_rate"":5e-05}","{""detection_events"":6,""detectors_checked"":165888}"
      3072,         0,         0,   0.261,decoder_by_matrix,cd5aa4935a142b600239883e928f6c7fc9fbc8c84161e9ed59cf2551b7ebfc3d,"{""distance"":3,""physical_error_rate"":5e-05}","{""detection_events"":39,""detectors_checked"":165888}"
      2048,         0,         0,   0.260,decoder_by_matrix,c8397cb2c46e4683a6f3970bc42cef1aabfef4d80cfcd6b8313e87630b680ee2,"{""distance"":3,""physical_error_rate"":0.0001}","{""detection_events"":45,""detectors_checked"":110592}"
      2048,         0,         0,   0.260,decoder_by_matrix,cd5aa4935a142b600239883e928f6c7fc9fbc8c84161e9ed59cf2551b7ebfc3d,"{""distance"":3,""physical_error_rate"":5e-05}","{""detection_events"":12,""detectors_checked"":110592}"
      4096,         0,         0,   0.261,decoder_by_matrix,c8397cb2c46e4683a6f3970bc42cef1aabfef4d80cfcd6b8313e87630b680ee2,"{""distance"":3,""physical_error_rate"":0.0001}","{""detection_events"":12,""detectors_checked"":221184}"
      4096,         0,         0,   0.261,decoder_by_matrix,c8397cb2c46e4683a6f3970bc42cef1aabfef4d80cfcd6b8313e87630b680ee2,"{""distance"":3,""physical_error_rate"":0.0001}","{""detection_events"":15,""detectors_checked"":221184}"
      2048,         0,         0,   0.003,decoder_by_matrix,c8397cb2c46e4683a6f3970bc42cef1aabfef4d80cfcd6b8313e87630b680ee2,"{""distance"":3,""physical_error_rate"":0.0001}","{""detection_events"":30,""detectors_checked"":110592}"
      3072,         0,         0,   0.262,decoder_by_matrix,c8397cb2c46e4683a6f3970bc42cef1aabfef4d80cfcd6b8313e87630b680ee2,"{""distance"":3,""physical_error_rate"":0.0001}","{""detection_events"":24,""detectors_checked"":165888}"
      3072,         0,         0,   0.262,decoder_by_matrix,c8397cb2c46e4683a6f3970bc42cef1aabfef4d80cfcd6b8313e87630b680ee2,"{""distance"":3,""physical_error_rate"":0.0001}","{""detection_events"":45,""detectors_checked"":165888}"
      3072,         0,         0,   0.261,decoder_by_matrix,cd5aa4935a142b600239883e928f6c7fc9fbc8c84161e9ed59cf2551b7ebfc3d,"{""distance"":3,""physical_error_rate"":5e-05}","{""detection_events"":33,""detectors_checked"":165888}"
      4096,         0,         0,   0.260,decoder_by_matrix,cd5aa4935a142b600239883e928f6c7fc9fbc8c84161e9ed59cf2551b7ebfc3d,"{""distance"":3,""physical_error_rate"":5e-05}","{""detection_events"":15,""detectors_checked"":221184}"
      4096,         0,         0,   0.261,decoder_by_matrix,cd5aa4935a142b600239883e928f6c7fc9fbc8c84161e9ed59cf2551b7ebfc3d,"{""distance"":3,""physical_error_rate"":5e-05}","{""detection_events"":6,""detectors_checked"":221184}"
      3072,         0,         0,   0.265,decoder_by_matrix,c8397cb2c46e4683a6f3970bc42cef1aabfef4d80cfcd6b8313e87630b680ee2,"{""distance"":3,""physical_error_rate"":0.0001}","{""detection_events"":24,""detectors_checked"":165888}"
      3072,         0,         0,   0.265,decoder_by_matrix,c8397cb2c46e4683a6f3970bc42cef1aabfef4d80cfcd6b8313e87630b680ee2,"{""distance"":3,""physical_error_rate"":0.0001}","{""detection_events"":18,""detectors_checked"":165888}"
      3072,         0,         0,   0.266,decoder_by_matrix,cd5aa4935a142b600239883e928f6c7fc9fbc8c84161e9ed59cf2551b7ebfc3d,"{""distance"":3,""physical_error_rate"":5e-05}","{""detection_events"":36,""detectors_checked"":165888}"
      3072,         0,         0,   0.264,decoder_by_matrix,cd5aa4935a142b600239883e928f6c7fc9fbc8c84161e9ed59cf2551b7ebfc3d,"{""distance"":3,""physical_error_rate"":5e-05}","{""detection_events"":6,""detectors_checked"":165888}"
      2048,         0,         0,   0.264,decoder_by_matrix,c8397cb2c46e4683a6f3970bc42cef1aabfef4d80cfcd6b8313e87630b680ee2,"{""distance"":3,""physical_error_rate"":0.0001}","{""detection_events"":6,""detectors_checked"":110592}"
      5120,         0,         0,   0.255,decoder_by_matrix,cd5aa4935a142b600239883e928f6c7fc9fbc8c84161e9ed59cf2551b7ebfc3d,"{""distance"":3,""physical_error_rate"":5e-05}","{""detection_events"":3,""detectors_checked"":276480}"
      3072,         0,         0,   0.256,decoder_by_matrix,cd5aa4935a142b600239883e928f6c7fc9fbc8c84161e9ed59cf2551b7ebfc3d,"{""distance"":3,""physical_error_rate"":5e-05}","{""detection_events"":9,""detectors_checked"":165888}"
      3072,         0,         0,   0.257,decoder_by_matrix,c8397cb2c46e4683a6f3970bc42cef1aabfef4d80cfcd6b8313e87630b680ee2,"{""distance"":3,""physical_error_rate"":0.0001}","{""detection_events"":84,""detectors_checked"":165888}"
      3072,         0,         0,   0.257,decoder_by_matrix,cd5aa4935a142b600239883e928f6c7fc9fbc8c84161e9ed59cf2551b7ebfc3d,"{""distance"":3,""physical_error_rate"":5e-05}","{""detection_events"":33,""detectors_checked"":165888}"
      2048,         0,         0,   0.255,decoder_by_matrix,cd5aa4935a142b600239883e928f6c7fc9fbc8c84161e9ed59cf2551b7ebfc3d,"{""distance"":3,""physical_error_rate"":5e-05}","{""detection_events"":9,""detectors_checked"":110592}"
      2048,         0,         0,   0.003,decoder_by_matrix,c8397cb2c46e4683a6f3970bc42cef1aabfef4d80cfcd6b8313e87630b680ee2,"{""distance"":3,""physical_error_rate"":0.0001}","{""detection_events"":18,""detectors_checked"":110592}"
      4096,         0,         0,   0.257,decoder_by_matrix,c8397cb2c46e4683a6f3970bc42cef1aabfef4d80cfcd6b8313e87630b680ee2,"{""distance"":3,""physical_error_rate"":0.0001}","{""detection_events"":51,""detectors_checked"":221184}"
      2048,         0,         0,   0.255,decoder_by_matrix,c8397cb2c46e4683a6f3970bc42cef1aabfef4d80cfcd6b8313e87630b680ee2,"{""distance"":3,""physical_error_rate"":0.0001}","{""detection_events"":51,""detectors_checked"":110592}"
      2048,         0,         0,   0.255,decoder_by_matrix,c8397cb2c46e4683a6f3970bc42cef1aabfef4d80cfcd6b8313e87630b680ee2,"{""distance"":3,""physical_error_rate"":0.0001}","{""detection_events"":18,""detectors_checked"":110592}"
      4096,         0,         0,   0.392,decoder_by_matrix,c8397cb2c46e4683a6f3970bc42cef1aabfef4d80cfcd6b8313e87630b680ee2,"{""distance"":3,""physical_error_rate"":0.0001}","{""detection_events"":18,""detectors_checked"":221184}"
      7168,         0,         0,   0.509,decoder_by_matrix,cd5aa4935a142b600239883e928f6c7fc9fbc8c84161e9ed59cf2551b7ebfc3d,"{""distance"":3,""physical_error_rate"":5e-05}","{""detection_events"":36,""detectors_checked"":387072}"
      5120,         0,         0,   0.510,decoder_by_matrix,c8397cb2c46e4683a6f3970bc42cef1aabfef4d80cfcd6b8313e87630b680ee2,"{""distance"":3,""physical_error_rate"":0.0001}","{""detection_events"":39,""detectors_checked"":276480}"
      5120,         0,         0,   0.510,decoder_by_matrix,cd5aa4935a142b600239883e928f6c7fc9fbc8c84161e9ed59cf2551b7ebfc3d,"{""distance"":3,""physical_error_rate"":5e-05}","{""detection_events"":45,""detectors_checked"":276480}"
      2048,         0,         0,   0.301,decoder_by_matrix,cd5aa4935a142b600239883e928f6c7fc9fbc8c84161e9ed59cf2551b7ebfc3d,"{""distance"":3,""physical_error_rate"":5e-05}","{""detection_events"":21,""detectors_checked"":110592}"
      5120,         0,         0,   0.514,decoder_by_matrix,c8397cb2c46e4683a6f3970bc42cef1aabfef4d80cfcd6b8313e87630b680ee2,"{""distance"":3,""physical_error_rate"":0.0001}","{""detection_events"":87,""detectors_checked"":276480}"
      8192,         0,         0,   0.514,decoder_by_matrix,cd5aa4935a142b600239883e928f6c7fc9fbc8c84161e9ed59cf2551b7ebfc3d,"{""distance"":3,""physical_error_rate"":5e-05}","{""detection_events"":33,""detectors_checked"":442368}"
      7168,         0,         0,   0.518,decoder_by_matrix,cd5aa4935a142b600239883e928f6c7fc9fbc8c84161e9ed59cf2551b7ebfc3d,"{""distance"":3,""physical_error_rate"":5e-05}","{""detection_events"":66,""detectors_checked"":387072}"
      7168,         0,         0,   0.262,decoder_by_matrix,cd5aa4935a142b600239883e928f6c7fc9fbc8c84161e9ed59cf2551b7ebfc3d,"{""distance"":3,""physical_error_rate"":5e-05}","{""detection_events"":48,""detectors_checked"":387072}"
      5120,         0,         0,   0.517,decoder_by_matrix,c8397cb2c46e4683a6f3970bc42cef1aabfef4d80cfcd6b8313e87630b680ee2,"{""distance"":3,""physical_error_rate"":0.0001}","{""detection_events"":51,""detectors_checked"":276480}"
      5120,         0,         0,   0.518,decoder_by_matrix,c8397cb2c46e4683a6f3970bc42cef1aabfef4d80cfcd6b8313e87630b680ee2,"{""distance"":3,""physical_error_rate"":0.0001}","{""detection_events"":63,""detectors_checked"":276480}"
      6144,         0,         0,   0.260,decoder_by_matrix,cd5aa4935a142b600239883e928f6c7fc9fbc8c84161e9ed59cf2551b7ebfc3d,"{""distance"":3,""physical_error_rate"":5e-05}","{""detection_events"":27,""detectors_checked"":331776}"
      6144,         0,         0,   0.518,decoder_by_matrix,cd5aa4935a142b600239883e928f6c7fc9fbc8c84161e9ed59cf2551b7ebfc3d,"{""distance"":3,""physical_error_rate"":5e-05}","{""detection_events"":72,""detectors_checked"":331776}"
      6144,         0,         0,   0.515,decoder_by_matrix,c8397cb2c46e4683a6f3970bc42cef1aabfef4d80cfcd6b8313e87630b680ee2,"{""distance"":3,""physical_error_rate"":0.0001}","{""detection_events"":114,""detectors_checked"":331776}"
      7168,         0,         0,   0.265,decoder_by_matrix,cd5aa4935a142b600239883e928f6c7fc9fbc8c84161e9ed59cf2551b7ebfc3d,"{""distance"":3,""physical_error_rate"":5e-05}","{""detection_events"":24,""detectors_checked"":387072}"
      4096,         0,         0,   0.512,decoder_by_matrix,c8397cb2c46e4683a6f3970bc42cef1aabfef4d80cfcd6b8313e87630b680ee2,"{""distance"":3,""physical_error_rate"":0.0001}","{""detection_events"":69,""detectors_checked"":221184}"
      6144,         0,         0,   0.265,decoder_by_matrix,cd5aa4935a142b600239883e928f6c7fc9fbc8c84161e9ed59cf2551b7ebfc3d,"{""distance"":3,""physical_error_rate"":5e-05}","{""detection_events"":21,""detectors_checked"":331776}"
      5120,         0,         0,   0.510,decoder_by_matrix,cd5aa4935a142b600239883e928f6c7fc9fbc8c84161e9ed59cf2551b7ebfc3d,"{""distance"":3,""physical_error_rate"":5e-05}","{""detection_events"":66,""detectors_checked"":276480}"
      6144,         0,         0,   0.515,decoder_by_matrix,c8397cb2c46e4683a6f3970bc42cef1aabfef4d80cfcd6b8313e87630b680ee2,"{""distance"":3,""physical_error_rate"":0.0001}","{""detection_events"":102,""detectors_checked"":331776}"
      6144,         0,         0,   0.513,decoder_by_matrix,c8397cb2c46e4683a6f3970bc42cef1aabfef4d80cfcd6b8313e87630b680ee2,"{""distance"":3,""physical_error_rate"":0.0001}","{""detection_events"":60,""detectors_checked"":331776}"
      6144,         0,         0,   0.514,decoder_by_matrix,c8397cb2c46e4683a6f3970bc42cef1aabfef4d80cfcd6b8313e87630b680ee2,"{""distance"":3,""physical_error_rate"":0.0001}","{""detection_events"":57,""detectors_checked"":331776}"
      5120,         0,         0,   0.514,decoder_by_matrix,c8397cb2c46e4683a6f3970bc42cef1aabfef4d80cfcd6b8313e87630b680ee2,"{""distance"":3,""physical_error_rate"":0.0001}","{""detection_events"":48,""detectors_checked"":276480}"
      6144,         0,         0,   0.515,decoder_by_matrix,c8397cb2c46e4683a6f3970bc42cef1aabfef4d80cfcd6b8313e87630b680ee2,"{""distance"":3,""physical_error_rate"":0.0001}","{""detection_events"":111,""detectors_checked"":331776}"
      7168,         0,         0,   0.509,decoder_by_matrix,c8397cb2c46e4683a6f3970bc42cef1aabfef4d80cfcd6b8313e87630b680ee2,"{""distance"":3,""physical_error_rate"":0.0001}","{""detection_events"":60,""detectors_checked"":387072}"
      7168,         0,         0,   0.511,decoder_by_matrix,cd5aa4935a142b600239883e928f6c7fc9fbc8c84161e9ed59cf2551b7ebfc3d,"{""distance"":3,""physical_error_rate"":5e-05}","{""detection_events"":39,""detectors_checked"":387072}"
      8192,         0,         0,   0.511,decoder_by_matrix,cd5aa4935a142b600239883e928f6c7fc9fbc8c84161e9ed59cf2551b7ebfc3d,"{""distance"":3,""physical_error_rate"":5e-05}","{""detection_events"":33,""detectors_checked"":442368}"
      5120,         0,         0,   0.514,decoder_by_matrix,c8397cb2c46e4683a6f3970bc42cef1aabfef4d80cfcd6b8313e87630b680ee2,"{""distance"":3,""physical_error_rate"":0.0001}","{""detection_events"":66,""detectors_checked"":276480}"
      6144,         0,         0,   0.514,decoder_by_matrix,cd5aa4935a142b600239883e928f6c7fc9fbc8c84161e9ed59cf2551b7ebfc3d,"{""distance"":3,""physical_error_rate"":5e-05}","{""detection_events"":60,""detectors_checked"":331776}"
      6144,         0,         0,   0.515,decoder_by_matrix,cd5aa4935a142b600239883e928f6c7fc9fbc8c84161e9ed59cf2551b7ebfc3d,"{""distance"":3,""physical_error_rate"":5e-05}","{""detection_events"":51,""detectors_checked"":331776}"
      5120,         0,         0,   0.514,decoder_by_matrix,cd5aa4935a142b600239883e928f6c7fc9fbc8c84161e9ed59cf2551b7ebfc3d,"{""distance"":3,""physical_error_rate"":5e-05}","{""detection_events"":33,""detectors_checked"":276480}"
      5120,         0,         0,   0.659,decoder_by_matrix,cd5aa4935a142b600239883e928f6c7fc9fbc8c84161e9ed59cf2551b7ebfc3d,"{""distance"":3,""physical_error_rate"":5e-05}","{""detection_events"":54,""detectors_checked"":276480}"
      7168,         0,         0,   0.520,decoder_by_matrix,c8397cb2c46e4683a6f3970bc42cef1aabfef4d80cfcd6b8313e87630b680ee2,"{""distance"":3,""physical_error_rate"":0.0001}","{""detection_events"":72,""detectors_checked"":387072}"
      6144,         0,         0,   0.519,decoder_by_matrix,c8397cb2c46e4683a6f3970bc42cef1aabfef4d80cfcd6b8313e87630b680ee2,"{""distance"":3,""physical_error_rate"":0.0001}","{""detection_events"":54,""detectors_checked"":331776}"
      6144,         0,         0,   0.518,decoder_by_matrix,cd5aa4935a142b600239883e928f6c7fc9fbc8c84161e9ed59cf2551b7ebfc3d,"{""distance"":3,""physical_error_rate"":5e-05}","{""detection_events"":27,""detectors_checked"":331776}"
      5120,         0,         0,   0.523,decoder_by_matrix,cd5aa4935a142b600239883e928f6c7fc9fbc8c84161e9ed59cf2551b7ebfc3d,"{""distance"":3,""physical_error_rate"":5e-05}","{""detection_events"":57,""detectors_checked"":276480}"
      6144,         0,         0,   0.517,decoder_by_matrix,c8397cb2c46e4683a6f3970bc42cef1aabfef4d80cfcd6b8313e87630b680ee2,"{""distance"":3,""physical_error_rate"":0.0001}","{""detection_events"":81,""detectors_checked"":331776}"
      5120,         0,         0,   0.513,decoder_by_matrix,c8397cb2c46e4683a6f3970bc42cef1aabfef4d80cfcd6b8313e87630b680ee2,"{""distance"":3,""physical_error_rate"":0.0001}","{""detection_events"":57,""detectors_checked"":276480}"
      6144,         0,         0,   0.512,decoder_by_matrix,cd5aa4935a142b600239883e928f6c7fc9fbc8c84161e9ed59cf2551b7ebfc3d,"{""distance"":3,""physical_error_rate"":5e-05}","{""detection_events"":42,""detectors_checked"":331776}"
      6144,         0,         0,   0.256,decoder_by_matrix,cd5aa4935a142b600239883e928f6c7fc9fbc8c84161e9ed59cf2551b7ebfc3d,"{""distance"":3,""physical_error_rate"":5e-05}","{""detection_events"":48,""detectors_checked"":331776}"
      6144,         0,         0,   0.508,decoder_by_matrix,c8397cb2c46e4683a6f3970bc42cef1aabfef4d80cfcd6b8313e87630b680ee2,"{""distance"":3,""physical_error_rate"":0.0001}","{""detection_events"":60,""detectors_checked"":331776}"
      7168,         0,         0,   0.564,decoder_by_matrix,cd5aa4935a142b600239883e928f6c7fc9fbc8c84161e9ed59cf2551b7ebfc3d,"{""distance"":3,""physical_error_rate"":5e-05}","{""detection_events"":48,""detectors_checked"":387072}"
      5120,         0,         0,   0.510,decoder_by_matrix,c8397cb2c46e4683a6f3970bc42cef1aabfef4d80cfcd6b8313e87630b680ee2,"{""distance"":3,""physical_error_rate"":0.0001}","{""detection_events"":63,""detectors_checked"":276480}"
      5120,         0,         0,   0.511,decoder_by_matrix,c8397cb2c46e4683a6f3970bc42cef1aabfef4d80cfcd6b8313e87630b680ee2,"{""distance"":3,""physical_error_rate"":0.0001}","{""detection_events"":45,""detectors_checked"":276480}"
      5120,         0,         0,   0.511,decoder_by_matrix,c8397cb2c46e4683a6f3970bc42cef1aabfef4d80cfcd6b8313e87630b680ee2,"{""distance"":3,""physical_error_rate"":0.0001}","{""detection_events"":42,""detectors_checked"":276480}"
      6144,         0,         0,   0.510,decoder_by_matrix,c8397cb2c46e4683a6f3970bc42cef1aabfef4d80cfcd6b8313e87630b680ee2,"{""distance"":3,""physical_error_rate"":0.0001}","{""detection_events"":48,""detectors_checked"":331776}"
      5120,         0,         0,   0.658,decoder_by_matrix,c8397cb2c46e4683a6f3970bc42cef1aabfef4d80cfcd6b8313e87630b680ee2,"{""distance"":3,""physical_error_rate"":0.0001}","{""detection_events"":78,""detectors_checked"":276480}"
      9216,         0,         0,   0.769,decoder_by_matrix,cd5aa4935a142b600239883e928f6c7fc9fbc8c84161e9ed59cf2551b7ebfc3d,"{""distance"":3,""physical_error_rate"":5e-05}","{""detection_events"":51,""detectors_checked"":497664}"
     10240,         0,         0,   0.770,decoder_by_matrix,cd5aa4935a142b600239883e928f6c7fc9fbc8c84161e9ed59cf2551b7ebfc3d,"{""distance"":3,""physical_error_rate"":5e-05}","{""detection_events"":69,""detectors_checked"":552960}"
      8192,         0,         0,   0.766,decoder_by_matrix,c8397cb2c46e4683a6f3970bc42cef1aabfef4d80cfcd6b8313e87630b680ee2,"{""distance"":3,""physical_error_rate"":0.0001}","{""detection_events"":105,""detectors_checked"":442368}"
      9216,         0,         0,   0.765,decoder_by_matrix,cd5aa4935a142b600239883e928f6c7fc9fbc8c84161e9ed59cf2551b7ebfc3d,"{""distance"":3,""physical_error_rate"":5e-05}","{""detection_events"":66,""detectors_checked"":497664}"
      7168,         0,         0,   0.717,decoder_by_matrix,c8397cb2c46e4683a6f3970bc42cef1aabfef4d80cfcd6b8313e87630b680ee2,"{""distance"":3,""physical_error_rate"":0.0001}","{""detection_events"":69,""detectors_checked"":387072}"
      9216,         0,         0,   0.738,decoder_by_matrix,cd5aa4935a142b600239883e928f6c7fc9fbc8c84161e9ed59cf2551b7ebfc3d,"{""distance"":3,""physical_error_rate"":5e-05}","{""detection_events"":51,""detectors_checked"":497664}"
     11264,         0,         0,   0.772,decoder_by_matrix,cd5aa4935a142b600239883e928f6c7fc9fbc8c84161e9ed59cf2551b7ebfc3d,"{""distance"":3,""physical_error_rate"":5e-05}","{""detection_events"":36,""detectors_checked"":608256}"
     11264,         0,         0,   0.517,decoder_by_matrix,cd5aa4935a142b600239883e928f6c7fc9fbc8c84161e9ed59cf2551b7ebfc3d,"{""distance"":3,""physical_error_rate"":5e-05}","{""detection_events"":36,""detectors_checked"":608256}"
      9216,         0,         0,   0.774,decoder_by_matrix,cd5aa4935a142b600239883e928f6c7fc9fbc8c84161e9ed59cf2551b7ebfc3d,"{""distance"":3,""physical_error_rate"":5e-05}","{""detection_events"":60,""detectors_checked"":497664}"
      8192,         0,         0,   0.769,decoder_by_matrix,c8397cb2c46e4683a6f3970bc42cef1aabfef4d80cfcd6b8313e87630b680ee2,"{""distance"":3,""physical_error_rate"":0.0001}","{""detection_events"":99,""detectors_checked"":442368}"
     10240,         0,         0,   0.761,decoder_by_matrix,cd5aa4935a142b600239883e928f6c7fc9fbc8c84161e9ed59cf2551b7ebfc3d,"{""distance"":3,""physical_error_rate"":5e-05}","{""detection_events"":54,""detectors_checked"":552960}"
      8192,         0,         0,   0.765,decoder_by_matrix,c8397cb2c46e4683a6f3970bc42cef1aabfef4d80cfcd6b8313e87630b680ee2,"{""distance"":3,""physical_error_rate"":0.0001}","{""detection_events"":99,""detectors_checked"":442368}"
     10240,         0,         0,   0.673,decoder_by_matrix,cd5aa4935a142b600239883e928f6c7fc9fbc8c84161e9ed59cf2551b7ebfc3d,"{""distance"":3,""physical_error_rate"":5e-05}","{""detection_events"":39,""detectors_checked"":552960}"
      7168,         0,         0,   0.761,decoder_by_matrix,c8397cb2c46e4683a6f3970bc42cef1aabfef4d80cfcd6b8313e87630b680ee2,"{""distance"":3,""physical_error_rate"":0.0001}","{""detection_events"":168,""detectors_checked"":387072}"
      9216,         0,         0,   0.782,decoder_by_matrix,cd5aa4935a142b600239883e928f6c7fc9fbc8c84161e9ed59cf2551b7ebfc3d,"{""distance"":3,""physical_error_rate"":5e-05}","{""detection_events"":63,""detectors_checked"":497664}"
     11264,         0,         0,   0.782,decoder_by_matrix,cd5aa4935a142b600239883e928f6c7fc9fbc8c84161e9ed59cf2551b7ebfc3d,"{""distance"":3,""physical_error_rate"":5e-05}","{""detection_events"":78,""detectors_checked"":608256}"
      8192,         0,         0,   0.774,decoder_by_matrix,c8397cb2c46e4683a6f3970bc42cef1aabfef4d80cfcd6b8313e87630b680ee2,"{""distance"":3,""physical_error_rate"":0.0001}","{""detection_events"":120,""detectors_checked"":442368}"
      8192,         0,         0,   0.773,decoder_by_matrix,c8397cb2c46e4683a6f3970bc42cef1aabfef4d80cfcd6b8313e87630b680ee2,"{""distance"":3,""physical_error_rate"":0.0001}","{""detection_events"":81,""detectors_checked"":442368}"
     10240,         0,         0,   0.772,decoder_by_matrix,c8397cb2c46e4683a6f3970bc42cef1aabfef4d80cfcd6b8313e87630b680ee2,"{""distance"":3,""physical_error_rate"":0.0001}","{""detection_events"":87,""detectors_checked"":552960}"
      8192,         0,         0,   0.771,decoder_by_matrix,c8397cb2c46e4683a6f3970bc42cef1aabfef4d80cfcd6b8313e87630b680ee2,"{""distance"":3,""physical_error_rate"":0.0001}","{""detection_events"":75,""detectors_checked"":442368}"
      7168,         0,         0,   0.767,decoder_by_matrix,c8397cb2c46e4683a6f3970bc42cef1aabfef4d80cfcd6b8313e87630b680ee2,"{""distance"":3,""physical_error_rate"":0.0001}","{""detection_events"":87,""detectors_checked"":387072}"
     11264,         0,         0,    1.01,decoder_by_matrix,c8397cb2c46e4683a6f3970bc42cef1aabfef4d80cfcd6b8313e87630b680ee2,"{""distance"":3,""physical_error_rate"":0.0001}","{""detection_events"":126,""detectors_checked"":608256}"
     11264,         0,         0,   0.808,decoder_by_matrix,cd5aa4935a142b600239883e928f6c7fc9fbc8c84161e9ed59cf2551b7ebfc3d,"{""distance"":3,""physical_error_rate"":5e-05}","{""detection_events"":81,""detectors_checked"":608256}"
      8192,         0,         0,   0.802,decoder_by_matrix,c8397cb2c46e4683a6f3970bc42cef1aabfef4d80cfcd6b8313e87630b680ee2,"{""distance"":3,""physical_error_rate"":0.0001}","{""detection_events"":87,""detectors_checked"":442368}"
     11264,         0,         0,   0.815,decoder_by_matrix,cd5aa4935a142b600239883e928f6c7fc9fbc8c84161e9ed59cf2551b7ebfc3d,"{""distance"":3,""physical_error_rate"":5e-05}","{""detection_events"":81,""detectors_checked"":608256}"
     12288,         0,         0,   0.967,decoder_by_matrix,cd5aa4935a142b600239883e928f6c7fc9fbc8c84161e9ed59cf2551b7ebfc3d,"{""distance"":3,""physical_error_rate"":5e-05}","{""detection_events"":60,""detectors_checked"":663552}"
     11264,         0,         0,   0.855,decoder_by_matrix,cd5aa4935a142b600239883e928f6c7fc9fbc8c84161e9ed59cf2551b7ebfc3d,"{""distance"":3,""physical_error_rate"":5e-05}","{""detection_events"":69,""detectors_checked"":608256}"
     12288,         0,         0,   0.968,decoder_by_matrix,cd5aa4935a142b600239883e928f6c7fc9fbc8c84161e9ed59cf2551b7ebfc3d,"{""distance"":3,""physical_error_rate"":5e-05}","{""detection_events"":93,""detectors_checked"":663552}"
     10240,         0,         0,   0.802,decoder_by_matrix,cd5aa4935a142b600239883e928f6c7fc9fbc8c84161e9ed59cf2551b7ebfc3d,"{""distance"":3,""physical_error_rate"":5e-05}","{""detection_events"":72,""detectors_checked"":552960}"
     12288,         0,         0,   0.905,decoder_by_matrix,cd5aa4935a142b600239883e928f6c7fc9fbc8c84161e9ed59cf2551b7ebfc3d,"{""distance"":3,""physical_error_rate"":5e-05}","{""detection_events"":51,""detectors_checked"":663552}"
     11264,         0,         0,   0.978,decoder_by_matrix,c8397cb2c46e4683a6f3970bc42cef1aabfef4d80cfcd6b8313e87630b680ee2,"{""distance"":3,""physical_error_rate"":0.0001}","{""detection_events"":120,""detectors_checked"":608256}"
      9216,         0,         0,   0.801,decoder_by_matrix,c8397cb2c46e4683a6f3970bc42cef1aabfef4d80cfcd6b8313e87630b680ee2,"{""distance"":3,""physical_error_rate"":0.0001}","{""detection_events"":108,""detectors_checked"":497664}"
      9216,         0,         0,   0.883,decoder_by_matrix,cd5aa4935a142b600239883e928f6c7fc9fbc8c84161e9ed59cf2551b7ebfc3d,"{""distance"":3,""physical_error_rate"":5e-05}","{""detection_events"":78,""detectors_checked"":497664}"
     11264,         0,         0,   0.916,decoder_by_matrix,c8397cb2c46e4683a6f3970bc42cef1aabfef4d80cfcd6b8313e87630b680ee2,"{""distance"":3,""physical_error_rate"":0.0001}","{""detection_events"":114,""detectors_checked"":608256}"
     15360,         0,         0,    1.00,decoder_by_matrix,cd5aa4935a142b600239883e928f6c7fc9fbc8c84161e9ed59cf2551b7ebfc3d,"{""distance"":3,""physical_error_rate"":5e-05}","{""detection_events"":72,""detectors_checked"":829440}"
      8192,         0,         0,   0.544,decoder_by_matrix,c8397cb2c46e4683a6f3970bc42cef1aabfef4d80cfcd6b8313e87630b680ee2,"{""distance"":3,""physical_error_rate"":0.0001}","{""detection_events"":69,""detectors_checked"":442368}"
     11264,         0,         0,    1.06,decoder_by_matrix,c8397cb2c46e4683a6f3970bc42cef1aabfef4d80cfcd6b8313e87630b680ee2,"{""distance"":3,""physical_error_rate"":0.0001}","{""detection_events"":144,""detectors_checked"":608256}"
      9216,         0,         0,   0.932,decoder_by_matrix,cd5aa4935a142b600239883e928f6c7fc9fbc8c84161e9ed59cf2551b7ebfc3d,"{""distance"":3,""physical_error_rate"":5e-05}","{""detection_events"":63,""detectors_checked"":497664}"
      8192,         0,         0,   0.953,decoder_by_matrix,c8397cb2c46e4683a6f3970bc42cef1aabfef4d80cfcd6b8313e87630b680ee2,"{""distance"":3,""physical_error_rate"":0.0001}","{""detection_events"":135,""detectors_checked"":442368}"
      9216,         0,         0,   0.969,decoder_by_matrix,cd5aa4935a142b600239883e928f6c7fc9fbc8c84161e9ed59cf2551b7ebfc3d,"{""distance"":3,""physical_error_rate"":5e-05}","{""detection_events"":54,""detectors_checked"":497664}"
     10240,         0,         0,   0.975,decoder_by_matrix,c8397cb2c46e4683a6f3970bc42cef1aabfef4d80cfcd6b8313e87630b680ee2,"{""distance"":3,""physical_error_rate"":0.0001}","{""detection_events"":177,""detectors_checked"":552960}"
      9216,         0,         0,    1.04,decoder_by_matrix,c8397cb2c46e4683a6f3970bc42cef1aabfef4d80cfcd6b8313e87630b680ee2,"{""distance"":3,""physical_error_rate"":0.0001}","{""detection_events"":123,""detectors_checked"":497664}"
     10240,         0,         0,    1.06,decoder_by_matrix,c8397cb2c46e4683a6f3970bc42cef1aabfef4d80cfcd6b8313e87630b680ee2,"{""distance"":3,""physical_error_rate"":0.0001}","{""detection_events"":120,""detectors_checked"":552960}"
     11264,         0,         0,    1.14,decoder_by_matrix,c8397cb2c46e4683a6f3970bc42cef1aabfef4d80cfcd6b8313e87630b680ee2,"{""distance"":3,""physical_error_rate"":0.0001}","{""detection_events"":96,""detectors_checked"":608256}"
     12288,         0,         0,    1.11,decoder_by_matrix,c8397cb2c46e4683a6f3970bc42cef1aabfef4d80cfcd6b8313e87630b680ee2,"{""distance"":3,""physical_error_rate"":0.0001}","{""detection_events"":168,""detectors_checked"":663552}"
     12288,         0,         0,    1.17,decoder_by_matrix,cd5aa4935a142b600239883e928f6c7fc9fbc8c84161e9ed59cf2551b7ebfc3d,"{""distance"":3,""physical_error_rate"":5e-05}","{""detection_events"":51,""detectors_checked"":663552}"
      9216,         0,         0,    1.12,decoder_by_matrix,c8397cb2c46e4683a6f3970bc42cef1aabfef4d80cfcd6b8313e87630b680ee2,"{""distance"":3,""physical_error_rate"":0.0001}","{""detection_events"":84,""detectors_checked"":497664}"
     12288,         0,         0,   0.924,decoder_by_matrix,cd5aa4935a142b600239883e928f6c7fc9fbc8c84161e9ed59cf2551b7ebfc3d,"{""distance"":3,""physical_error_rate"":5e-05}","{""detection_events"":90,""detectors_checked"":663552}"
     13312,         0,         0,    1.19,decoder_by_matrix,cd5aa4935a142b600239883e928f6c7fc9fbc8c84161e9ed59cf2551b7ebfc3d,"{""distance"":3,""physical_error_rate"":5e-05}","{""detection_events"":93,""detectors_checked"":718848}"
     13312,         0,         0,   0.743,decoder_by_matrix,cd5aa4935a142b600239883e928f6c7fc9fbc8c84161e9ed59cf2551b7ebfc3d,"{""distance"":3,""physical_error_rate"":5e-05}","{""detection_events"":63,""detectors_checked"":718848}"
     14336,         0,         0,    1.25,decoder_by_matrix,cd5aa4935a142b600239883e928f6c7fc9fbc8c84161e9ed59cf2551b7ebfc3d,"{""distance"":3,""physical_error_rate"":5e-05}","{""detection_events"":54,""detectors_checked"":774144}"
     13312,         0,         0,    1.35,decoder_by_matrix,cd5aa4935a142b600239883e928f6c7fc9fbc8c84161e9ed59cf2551b7ebfc3d,"{""distance"":3,""physical_error_rate"":5e-05}","{""detection_events"":69,""detectors_checked"":718848}"
     13312,         0,         0,    1.13,decoder_by_matrix,cd5aa4935a142b600239883e928f6c7fc9fbc8c84161e9ed59cf2551b7ebfc3d,"{""distance"":3,""physical_error_rate"":5e-05}","{""detection_events"":108,""detectors_checked"":718848}"
     12288,         0,         0,    1.32,decoder_by_matrix,c8397cb2c46e4683a6f3970bc42cef1aabfef4d80cfcd6b8313e87630b680ee2,"{""distance"":3,""physical_error_rate"":0.0001}","{""detection_events"":159,""detectors_checked"":663552}"
     10240,         0,         0,    1.26,decoder_by_matrix,c8397cb2c46e4683a6f3970bc42cef1aabfef4d80cfcd6b8313e87630b680ee2,"{""distance"":3,""physical_error_rate"":0.0001}","{""detection_events"":144,""detectors_checked"":552960}"
     14336,         0,         0,    1.24,decoder_by_matrix,cd5aa4935a142b600239883e928f6c7fc9fbc8c84161e9ed59cf2551b7ebfc3d,"{""distance"":3,""physical_error_rate"":5e-05}","{""detection_events"":93,""detectors_checked"":774144}"
     16384,         0,         0,    1.37,decoder_by_matrix,cd5aa4935a142b600239883e928f6c7fc9fbc8c84161e9ed59cf2551b7ebfc3d,"{""distance"":3,""physical_error_rate"":5e-05}","{""detection_events"":51,""detectors_checked"":884736}"
     17408,         0,         0,    1.26,decoder_by_matrix,cd5aa4935a142b600239883e928f6c7fc9fbc8c84161e9ed59cf2551b7ebfc3d,"{""distance"":3,""physical_error_rate"":5e-05}","{""detection_events"":66,""detectors_checked"":940032}"
     11264,         0,         0,    1.30,decoder_by_matrix,c8397cb2c46e4683a6f3970bc42cef1aabfef4d80cfcd6b8313e87630b680ee2,"{""distance"":3,""physical_error_rate"":0.0001}","{""detection_events"":93,""detectors_checked"":608256}"
     13312,         0,         0,    1.35,decoder_by_matrix,c8397cb2c46e4683a6f3970bc42cef1aabfef4d80cfcd6b8313e87630b680ee2,"{""distance"":3,""physical_error_rate"":0.0001}","{""detection_events"":132,""detectors_checked"":718848}"
     11264,         0,         0,    1.28,decoder_by_matrix,c8397cb2c46e4683a6f3970bc42cef1aabfef4d80cfcd6b8313e87630b680ee2,"{""distance"":3,""physical_error_rate"":0.0001}","{""detection_events"":147,""detectors_checked"":608256}"
     11264,         0,         0,    1.24,decoder_by_matrix,c8397cb2c46e4683a6f3970bc42cef1aabfef4d80cfcd6b8313e87630b680ee2,"{""distance"":3,""physical_error_rate"":0.0001}","{""detection_events"":90,""detectors_checked"":608256}"
     19456,         0,         0,    1.30,decoder_by_matrix,cd5aa4935a142b600239883e928f6c7fc9fbc8c84161e9ed59cf2551b7ebfc3d,"{""distance"":3,""physical_error_rate"":5e-05}","{""detection_events"":51,""detectors_checked"":1050624}"
     11264,         0,         0,    1.22,decoder_by_matrix,c8397cb2c46e4683a6f3970bc42cef1aabfef4d80cfcd6b8313e87630b680ee2,"{""distance"":3,""physical_error_rate"":0.0001}","{""detection_events"":105,""detectors_checked"":608256}"
     14336,         0,         0,    1.34,decoder_by_matrix,c8397cb2c46e4683a6f3970bc42cef1aabfef4d80cfcd6b8313e87630b680ee2,"{""distance"":3,""physical_error_rate"":0.0001}","{""detection_events"":93,""detectors_checked"":774144}"
     17408,         0,         0,    1.59,decoder_by_matrix,c8397cb2c46e4683a6f3970bc42cef1aabfef4d80cfcd6b8313e87630b680ee2,"{""distance"":3,""physical_error_rate"":0.0001}","{""detection_events"":174,""detectors_checked"":940032}"
     17408,         0,         0,    1.78,decoder_by_matrix,c8397cb2c46e4683a6f3970bc42cef1aabfef4d80cfcd6b8313e87630b680ee2,"{""distance"":3,""physical_error_rate"":0.0001}","{""detection_events"":228,""detectors_checked"":940032}"
     23552,         0,         0,    1.61,decoder_by_matrix,cd5aa4935a142b600239883e928f6c7fc9fbc8c84161e9ed59cf2551b7ebfc3d,"{""distance"":3,""physical_error_rate"":5e-05}","{""detection_events"":123,""detectors_checked"":1271808}"
     21504,         0,         0,    1.76,decoder_by_matrix,cd5aa4935a142b600239883e928f6c7fc9fbc8c84161e9ed59cf2551b7ebfc3d,"{""distance"":3,""physical_error_rate"":5e-05}","{""detection_events"":183,""detectors_checked"":1161216}"
     23552,         0,         0,    1.53,decoder_by_matrix,cd5aa4935a142b600239883e928f6c7fc9fbc8c84161e9ed59cf2551b7ebfc3d,"{""distance"":3,""physical_error_rate"":5e-05}","{""detection_events"":174,""detectors_checked"":1271808}"
     22528,         0,         0,    1.63,decoder_by_matrix,cd5aa4935a142b600239883e928f6c7fc9fbc8c84161e9ed59cf2551b7ebfc3d,"{""distance"":3,""physical_error_rate"":5e-05}","{""detection_events"":123,""detectors_checked"":1216512}"
     19456,         0,         0,    1.79,decoder_by_matrix,c8397cb2c46e4683a6f3970bc42cef1aabfef4d80cfcd6b8313e87630b680ee2,"{""distance"":3,""physical_error_rate"":0.0001}","{""detection_events"":303,""detectors_checked"":1050624}"
     25600,         0,         0,    1.80,decoder_by_matrix,cd5aa4935a142b600239883e928f6c7fc9fbc8c84161e9ed59cf2551b7ebfc3d,"{""distance"":3,""physical_error_rate"":5e-05}","{""detection_events"":126,""detectors_checked"":1382400}"
     22528,         0,         0,    1.80,decoder_by_matrix,cd5aa4935a142b600239883e928f6c7fc9fbc8c84161e9ed59cf2551b7ebfc3d,"{""distance"":3,""physical_error_rate"":5e-05}","{""detection_events"":144,""detectors_checked"":1216512}"
     27648,         0,         0,    1.03,decoder_by_matrix,cd5aa4935a142b600239883e928f6c7fc9fbc8c84161e9ed59cf2551b7ebfc3d,"{""distance"":3,""physical_error_rate"":5e-05}","{""detection_events"":81,""detectors_checked"":1492992}"
     17408,         0,         0,    1.79,decoder_by_matrix,c8397cb2c46e4683a6f3970bc42cef1aabfef4d80cfcd6b8313e87630b680ee2,"{""distance"":3,""physical_error_rate"":0.0001}","{""detection_events"":270,""detectors_checked"":940032}"
     19456,         0,         0,    1.80,decoder_by_matrix,c8397cb2c46e4683a6f3970bc42cef1aabfef4d80cfcd6b8313e87630b680ee2,"{""distance"":3,""physical_error_rate"":0.0001}","{""detection_events"":231,""detectors_checked"":1050624}"
     24576,         0,         0,    1.53,decoder_by_matrix,cd5aa4935a142b600239883e928f6c7fc9fbc8c84161e9ed59cf2551b7ebfc3d,"{""distance"":3,""physical_error_rate"":5e-05}","{""detection_events"":135,""detectors_checked"":1327104}"
     22528,         0,         0,    1.79,decoder_by_matrix,cd5aa4935a142b600239883e928f6c7fc9fbc8c84161e9ed59cf2551b7ebfc3d,"{""distance"":3,""physical_error_rate"":5e-05}","{""detection_events"":105,""detectors_checked"":1216512}"
     17408,         0,         0,    1.61,decoder_by_matrix,c8397cb2c46e4683a6f3970bc42cef1aabfef4d80cfcd6b8313e87630b680ee2,"{""distance"":3,""physical_error_rate"":0.0001}","{""detection_events"":252,""detectors_checked"":940032}"
     22528,         0,         0,    1.55,decoder_by_matrix,cd5aa4935a142b600239883e928f6c7fc9fbc8c84161e9ed59cf2551b7ebfc3d,"{""distance"":3,""physical_error_rate"":5e-05}","{""detection_events"":138,""detectors_checked"":1216512}"
     18432,         0,         0,    1.80,decoder_by_matrix,c8397cb2c46e4683a6f3970bc42cef1aabfef4d80cfcd6b8313e87630b680ee2,"{""distance"":3,""physical_error_rate"":0.0001}","{""detection_events"":270,""detectors_checked"":995328}"
     19456,         0,         0,    1.79,decoder_by_matrix,c8397cb2c46e4683a6f3970bc42cef1aabfef4d80cfcd6b8313e87630b680ee2,"{""distance"":3,""physical_error_rate"":0.0001}","{""detection_events"":231,""detectors_checked"":1050624}"
     19456,         0,         0,    1.79,decoder_by_matrix,c8397cb2c46e4683a6f3970bc42cef1aabfef4d80cfcd6b8313e87630b680ee2,"{""distance"":3,""physical_error_rate"":0.0001}","{""detection_events"":231,""detectors_checked"":1050624}"
     19456,         0,         0,    1.80,decoder_by_matrix,c8397cb2c46e4683a6f3970bc42cef1aabfef4d80cfcd6b8313e87630b680ee2,"{""distance"":3,""physical_error_rate"":0.0001}","{""detection_events"":240,""detectors_checked"":1050624}"
     21504,         0,         0,    1.79,decoder_by_matrix,cd5aa4935a142b600239883e928f6c7fc9fbc8c84161e9ed59cf2551b7ebfc3d,"{""distance"":3,""physical_error_rate"":5e-05}","{""detection_events"":168,""detectors_checked"":1161216}"
     19456,         0,         0,    1.80,decoder_by_matrix,c8397cb2c46e4683a6f3970bc42cef1aabfef4d80cfcd6b8313e87630b680ee2,"{""distance"":3,""physical_error_rate"":0.0001}","{""detection_events"":192,""detectors_checked"":1050624}"
     25600,         0,         0,    2.38,decoder_by_matrix,c8397cb2c46e4683a6f3970bc42cef1aabfef4d80cfcd6b8313e87630b680ee2,"{""distance"":3,""physical_error_rate"":0.0001}","{""detection_events"":219,""detectors_checked"":1382400}"
     26624,         0,         0,    2.32,decoder_by_matrix,c8397cb2c46e4683a6f3970bc42cef1aabfef4d80cfcd6b8313e87630b680ee2,"{""distance"":3,""physical_error_rate"":0.0001}","{""detection_events"":345,""detectors_checked"":1437696}"
     29696,         0,         0,    2.34,decoder_by_matrix,cd5aa4935a142b600239883e928f6c7fc9fbc8c84161e9ed59cf2551b7ebfc3d,"{""distance"":3,""physical_error_rate"":5e-05}","{""detection_events"":168,""detectors_checked"":1603584}"
     28672,         0,         0,    1.80,decoder_by_matrix,cd5aa4935a142b600239883e928f6c7fc9fbc8c84161e9ed59cf2551b7ebfc3d,"{""distance"":3,""physical_error_rate"":5e-05}","{""detection_events"":168,""detectors_checked"":1548288}"
     25600,         0,         0,    2.06,decoder_by_matrix,cd5aa4935a142b600239883e928f6c7fc9fbc8c84161e9ed59cf2551b7ebfc3d,"{""distance"":3,""physical_error_rate"":5e-05}","{""detection_events"":171,""detectors_checked"":1382400}"
     28672,         0,         0,    2.30,decoder_by_matrix,cd5aa4935a142b600239883e928f6c7fc9fbc8c84161e9ed59cf2551b7ebfc3d,"{""distance"":3,""physical_error_rate"":5e-05}","{""detection_events"":147,""detectors_checked"":1548288}"
     25600,         0,         0,    2.31,decoder_by_matrix,c8397cb2c46e4683a6f3970bc42cef1aabfef4d80cfcd6b8313e87630b680ee2,"{""distance"":3,""physical_error_rate"":0.0001}","{""detection_events"":279,""detectors_checked"":1382400}"
     28672,         0,         0,    2.31,decoder_by_matrix,cd5aa4935a142b600239883e928f6c7fc9fbc8c84161e9ed59cf2551b7ebfc3d,"{""distance"":3,""physical_error_rate"":5e-05}","{""detection_events"":177,""detectors_checked"":1548288}"
     28672,         0,         0,    2.32,decoder_by_matrix,cd5aa4935a142b600239883e928f6c7fc9fbc8c84161e9ed59cf2551b7ebfc3d,"{""distance"":3,""physical_error_rate"":5e-05}","{""detection_events"":186,""detectors_checked"":1548288}"
     26624,         0,         0,    2.31,decoder_by_matrix,cd5aa4935a142b600239883e928f6c7fc9fbc8c84161e9ed59cf2551b7ebfc3d,"{""distance"":3,""physical_error_rate"":5e-05}","{""detection_events"":129,""detectors_checked"":1437696}"
     22528,         0,         0,    2.29,decoder_by_matrix,c8397cb2c46e4683a6f3970bc42cef1aabfef4d80cfcd6b8313e87630b680ee2,"{""distance"":3,""physical_error_rate"":0.0001}","{""detection_events"":321,""detectors_checked"":1216512}"
     28672,         0,         0,    2.30,decoder_by_matrix,cd5aa4935a142b600239883e928f6c7fc9fbc8c84161e9ed59cf2551b7ebfc3d,"{""distance"":3,""physical_error_rate"":5e-05}","{""detection_events"":207,""detectors_checked"":1548288}"
     31744,         0,         0,    1.78,decoder_by_matrix,cd5aa4935a142b600239883e928f6c7fc9fbc8c84161e9ed59cf2551b7ebfc3d,"{""distance"":3,""physical_error_rate"":5e-05}","{""detection_events"":174,""detectors_checked"":1714176}"
     25600,         0,         0,    2.37,decoder_by_matrix,c8397cb2c46e4683a6f3970bc42cef1aabfef4d80cfcd6b8313e87630b680ee2,"{""distance"":3,""physical_error_rate"":0.0001}","{""detection_events"":339,""detectors_checked"":1382400}"
     22528,         0,         0,    2.05,decoder_by_matrix,c8397cb2c46e4683a6f3970bc42cef1aabfef4d80cfcd6b8313e87630b680ee2,"{""distance"":3,""physical_error_rate"":0.0001}","{""detection_events"":321,""detectors_checked"":1216512}"
     23552,         0,         0,    2.29,decoder_by_matrix,c8397cb2c46e4683a6f3970bc42cef1aabfef4d80cfcd6b8313e87630b680ee2,"{""distance"":3,""physical_error_rate"":0.0001}","{""detection_events"":396,""detectors_checked"":1271808}"
     29696,         0,         0,    2.31,decoder_by_matrix,cd5aa4935a142b600239883e928f6c7fc9fbc8c84161e9ed59cf2551b7ebfc3d,"{""distance"":3,""physical_error_rate"":5e-05}","{""detection_events"":177,""detectors_checked"":1603584}"
     25600,         0,         0,    2.31,decoder_by_matrix,c8397cb2c46e4683a6f3970bc42cef1aabfef4d80cfcd6b8313e87630b680ee2,"{""distance"":3,""physical_error_rate"":0.0001}","{""detection_events"":267,""detectors_checked"":1382400}"
     24576,         0,         0,    2.31,decoder_by_matrix,c8397cb2c46e4683a6f3970bc42cef1aabfef4d80cfcd6b8313e87630b680ee2,"{""distance"":3,""physical_error_rate"":0.0001}","{""detection_events"":237,""detectors_checked"":1327104}"
     24576,         0,         0,    2.05,decoder_by_matrix,c8397cb2c46e4683a6f3970bc42cef1aabfef4d80cfcd6b8313e87630b680ee2,"{""distance"":3,""physical_error_rate"":0.0001}","{""detection_events"":297,""detectors_checked"":1327104}"
     30720,         0,         0,    2.30,decoder_by_matrix,cd5aa4935a142b600239883e928f6c7fc9fbc8c84161e9ed59cf2551b7ebfc3d,"{""distance"":3,""physical_error_rate"":5e-05}","{""detection_events"":144,""detectors_checked"":1658880}"
     22528,         0,         0,    2.27,decoder_by_matrix,c8397cb2c46e4683a6f3970bc42cef1aabfef4d80cfcd6b8313e87630b680ee2,"{""distance"":3,""physical_error_rate"":0.0001}","{""detection_events"":252,""detectors_checked"":1216512}"
     38912,         0,         0,    3.29,decoder_by_matrix,c8397cb2c46e4683a6f3970bc42cef1aabfef4d80cfcd6b8313e87630b680ee2,"{""distance"":3,""physical_error_rate"":0.0001}","{""detection_events"":363,""detectors_checked"":2101248}"
     38912,         0,         0,    2.83,decoder_by_matrix,cd5aa4935a142b600239883e928f6c7fc9fbc8c84161e9ed59cf2551b7ebfc3d,"{""distance"":3,""physical_error_rate"":5e-05}","{""detection_events"":204,""detectors_checked"":2101248}"
     40960,         0,         0,    3.07,decoder_by_matrix,cd5aa4935a142b600239883e928f6c7fc9fbc8c84161e9ed59cf2551b7ebfc3d,"{""distance"":3,""physical_error_rate"":5e-05}","{""detection_events"":198,""detectors_checked"":2211840}"
     34816,         0,         0,    3.08,decoder_by_matrix,cd5aa4935a142b600239883e928f6c7fc9fbc8c84161e9ed59cf2551b7ebfc3d,"{""distance"":3,""physical_error_rate"":5e-05}","{""detection_events"":255,""detectors_checked"":1880064}"
     33792,         0,         0,    3.08,decoder_by_matrix,c8397cb2c46e4683a6f3970bc42cef1aabfef4d80cfcd6b8313e87630b680ee2,"{""distance"":3,""physical_error_rate"":0.0001}","{""detection_events"":372,""detectors_checked"":1824768}"
     39936,         0,         0,    2.91,decoder_by_matrix,cd5aa4935a142b600239883e928f6c7fc9fbc8c84161e9ed59cf2551b7ebfc3d,"{""distance"":3,""physical_error_rate"":5e-05}","{""detection_events"":270,""detectors_checked"":2156544}"
     44032,         0,         0,    2.83,decoder_by_matrix,cd5aa4935a142b600239883e928f6c7fc9fbc8c84161e9ed59cf2551b7ebfc3d,"{""distance"":3,""physical_error_rate"":5e-05}","{""detection_events"":252,""detectors_checked"":2377728}"
     41984,         0,         0,    2.83,decoder_by_matrix,cd5aa4935a142b600239883e928f6c7fc9fbc8c84161e9ed59cf2551b7ebfc3d,"{""distance"":3,""physical_error_rate"":5e-05}","{""detection_events"":201,""detectors_checked"":2267136}"
     31744,         0,         0,    3.26,decoder_by_matrix,c8397cb2c46e4683a6f3970bc42cef1aabfef4d80cfcd6b8313e87630b680ee2,"{""distance"":3,""physical_error_rate"":0.0001}","{""detection_events"":414,""detectors_checked"":1714176}"
     37888,         0,         0,    2.81,decoder_by_matrix,cd5aa4935a142b600239883e928f6c7fc9fbc8c84161e9ed59cf2551b7ebfc3d,"{""distance"":3,""physical_error_rate"":5e-05}","{""detection_events"":285,""detectors_checked"":2045952}"
     34816,         0,         0,    2.83,decoder_by_matrix,c8397cb2c46e4683a6f3970bc42cef1aabfef4d80cfcd6b8313e87630b680ee2,"{""distance"":3,""physical_error_rate"":0.0001}","{""detection_events"":342,""detectors_checked"":1880064}"
     41984,         0,         0,    3.09,decoder_by_matrix,cd5aa4935a142b600239883e928f6c7fc9fbc8c84161e9ed59cf2551b7ebfc3d,"{""distance"":3,""physical_error_rate"":5e-05}","{""detection_events"":279,""detectors_checked"":2267136}"
     35840,         0,         0,    3.08,decoder_by_matrix,c8397cb2c46e4683a6f3970bc42cef1aabfef4d80cfcd6b8313e87630b680ee2,"{""distance"":3,""physical_error_rate"":0.0001}","{""detection_events"":339,""detectors_checked"":1935360}"
     32768,         0,         0,    3.08,decoder_by_matrix,c8397cb2c46e4683a6f3970bc42cef1aabfef4d80cfcd6b8313e87630b680ee2,"{""distance"":3,""physical_error_rate"":0.0001}","{""detection_events"":363,""detectors_checked"":1769472}"
     35840,         0,         0,    3.08,decoder_by_matrix,cd5aa4935a142b600239883e928f6c7fc9fbc8c84161e9ed59cf2551b7ebfc3d,"{""distance"":3,""physical_error_rate"":5e-05}","{""detection_events"":309,""detectors_checked"":1935360}"
     33792,         0,         0,    3.08,decoder_by_matrix,c8397cb2c46e4683a6f3970bc42cef1aabfef4d80cfcd6b8313e87630b680ee2,"{""distance"":3,""physical_error_rate"":0.0001}","{""detection_events"":390,""detectors_checked"":1824768}"
     41984,         0,         0,    3.07,decoder_by_matrix,cd5aa4935a142b600239883e928f6c7fc9fbc8c84161e9ed59cf2551b7ebfc3d,"{""distance"":3,""physical_error_rate"":5e-05}","{""detection_events"":189,""detectors_checked"":2267136}"
     32768,         0,         0,    3.08,decoder_by_matrix,c8397cb2c46e4683a6f3970bc42cef1aabfef4d80cfcd6b8313e87630b680ee2,"{""distance"":3,""physical_error_rate"":0.0001}","{""detection_events"":441,""detectors_checked"":1769472}"
     48128,         0,         0,    3.25,decoder_by_matrix,cd5aa4935a142b600239883e928f6c7fc9fbc8c84161e9ed59cf2551b7ebfc3d,"{""distance"":3,""physical_error_rate"":5e-05}","{""detection_events"":219,""detectors_checked"":2598912}"
     34816,         0,         0,    2.86,decoder_by_matrix,c8397cb2c46e4683a6f3970bc42cef1aabfef4d80cfcd6b8313e87630b680ee2,"{""distance"":3,""physical_error_rate"":0.0001}","{""detection_events"":372,""detectors_checked"":1880064}"
     33792,         0,         0,    3.23,decoder_by_matrix,c8397cb2c46e4683a6f3970bc42cef1aabfef4d80cfcd6b8313e87630b680ee2,"{""distance"":3,""physical_error_rate"":0.0001}","{""detection_events"":366,""detectors_checked"":1824768}"
     34816,         0,         0,    3.27,decoder_by_matrix,c8397cb2c46e4683a6f3970bc42cef1aabfef4d80cfcd6b8313e87630b680ee2,"{""distance"":3,""physical_error_rate"":0.0001}","{""detection_events"":378,""detectors_checked"":1880064}"
     54272,         0,         0,    4.32,decoder_by_matrix,cd5aa4935a142b600239883e928f6c7fc9fbc8c84161e9ed59cf2551b7ebfc3d,"{""distance"":3,""physical_error_rate"":5e-05}","{""detection_events"":441,""detectors_checked"":2930688}"
     53248,         0,         0,    4.35,decoder_by_matrix,cd5aa4935a142b600239883e928f6c7fc9fbc8c84161e9ed59cf2551b7ebfc3d,"{""distance"":3,""physical_error_rate"":5e-05}","{""detection_events"":324,""detectors_checked"":2875392}"
     52224,         0,         0,    4.36,decoder_by_matrix,cd5aa4935a142b600239883e928f6c7fc9fbc8c84161e9ed59cf2551b7ebfc3d,"{""distance"":3,""physical_error_rate"":5e-05}","{""detection_events"":342,""detectors_checked"":2820096}"
     43008,         0,         0,    4.36,decoder_by_matrix,c8397cb2c46e4683a6f3970bc42cef1aabfef4d80cfcd6b8313e87630b680ee2,"{""distance"":3,""physical_error_rate"":0.0001}","{""detection_events"":570,""detectors_checked"":2322432}"
     56320,         0,         0,    4.35,decoder_by_matrix,cd5aa4935a142b600239883e928f6c7fc9fbc8c84161e9ed59cf2551b7ebfc3d,"{""distance"":3,""physical_error_rate"":5e-05}","{""detection_events"":240,""detectors_checked"":3041280}"
     54272,         0,         0,    4.35,decoder_by_matrix,cd5aa4935a142b600239883e928f6c7fc9fbc8c84161e9ed59cf2551b7ebfc3d,"{""distance"":3,""physical_error_rate"":5e-05}","{""detection_events"":336,""detectors_checked"":2930688}"
     55296,         0,         0,    4.35,decoder_by_matrix,cd5aa4935a142b600239883e928f6c7fc9fbc8c84161e9ed59cf2551b7ebfc3d,"{""distance"":3,""physical_error_rate"":5e-05}","{""detection_events"":381,""detectors_checked"":2985984}"
     45056,         0,         0,    4.43,decoder_by_matrix,c8397cb2c46e4683a6f3970bc42cef1aabfef4d80cfcd6b8313e87630b680ee2,"{""distance"":3,""physical_error_rate"":0.0001}","{""detection_events"":540,""detectors_checked"":2433024}"
     46080,         0,         0,    3.78,decoder_by_matrix,c8397cb2c46e4683a6f3970bc42cef1aabfef4d80cfcd6b8313e87630b680ee2,"{""distance"":3,""physical_error_rate"":0.0001}","{""detection_events"":498,""detectors_checked"":2488320}"
     56320,         0,         0,    4.35,decoder_by_matrix,cd5aa4935a142b600239883e928f6c7fc9fbc8c84161e9ed59cf2551b7ebfc3d,"{""distance"":3,""physical_error_rate"":5e-05}","{""detection_events"":324,""detectors_checked"":3041280}"
     45056,         0,         0,    4.32,decoder_by_matrix,c8397cb2c46e4683a6f3970bc42cef1aabfef4d80cfcd6b8313e87630b680ee2,"{""distance"":3,""physical_error_rate"":0.0001}","{""detection_events"":558,""detectors_checked"":2433024}"
     61440,         0,         0,    4.11,decoder_by_matrix,cd5aa4935a142b600239883e928f6c7fc9fbc8c84161e9ed59cf2551b7ebfc3d,"{""distance"":3,""physical_error_rate"":5e-05}","{""detection_events"":291,""detectors_checked"":3317760}"
     50176,         0,         0,    4.50,decoder_by_matrix,c8397cb2c46e4683a6f3970bc42cef1aabfef4d80cfcd6b8313e87630b680ee2,"{""distance"":3,""physical_error_rate"":0.0001}","{""detection_events"":510,""detectors_checked"":2709504}"
     55296,         0,         0,    4.32,decoder_by_matrix,cd5aa4935a142b600239883e928f6c7fc9fbc8c84161e9ed59cf2551b7ebfc3d,"{""distance"":3,""physical_error_rate"":5e-05}","{""detection_events"":354,""detectors_checked"":2985984}"
     46080,         0,         0,    4.10,decoder_by_matrix,c8397cb2c46e4683a6f3970bc42cef1aabfef4d80cfcd6b8313e87630b680ee2,"{""distance"":3,""physical_error_rate"":0.0001}","{""detection_events"":687,""detectors_checked"":2488320}"
     55296,         0,         0,    4.10,decoder_by_matrix,cd5aa4935a142b600239883e928f6c7fc9fbc8c84161e9ed59cf2551b7ebfc3d,"{""distance"":3,""physical_error_rate"":5e-05}","{""detection_events"":336,""detectors_checked"":2985984}"
     45056,         0,         0,    4.35,decoder_by_matrix,c8397cb2c46e4683a6f3970bc42cef1aabfef4d80cfcd6b8313e87630b680ee2,"{""distance"":3,""physical_error_rate"":0.0001}","{""detection_events"":588,""detectors_checked"":2433024}"
     59392,         0,         0,    4.36,decoder_by_matrix,cd5aa4935a142b600239883e928f6c7fc9fbc8c84161e9ed59cf2551b7ebfc3d,"{""distance"":3,""physical_error_rate"":5e-05}","{""detection_events"":336,""detectors_checked"":3207168}"
     48128,         1,         0,    4.35,decoder_by_matrix,c8397cb2c46e4683a6f3970bc42cef1aabfef4d80cfcd6b8313e87630b680ee2,"{""distance"":3,""physical_error_rate"":0.0001}","{""detection_events"":582,""detectors_checked"":2598912,""obs_mistake_mask=_E_E"":1}"
     48128,         0,         0,    4.50,decoder_by_matrix,c8397cb2c46e4683a6f3970bc42cef1aabfef4d80cfcd6b8313e87630b680ee2,"{""distance"":3,""physical_error_rate"":0.0001}","{""detection_events"":528,""detectors_checked"":2598912}"
     46080,         0,         0,    4.43,decoder_by_matrix,c8397cb2c46e4683a6f3970bc42cef1aabfef4d80cfcd6b8313e87630b680ee2,"{""distance"":3,""physical_error_rate"":0.0001}","{""detection_events"":636,""detectors_checked"":2488320}"
     48128,         0,         0,    4.45,decoder_by_matrix,c8397cb2c46e4683a6f3970bc42cef1aabfef4d80cfcd6b8313e87630b680ee2,"{""distance"":3,""physical_error_rate"":0.0001}","{""detection_events"":489,""detectors_checked"":2598912}"
     77824,         0,         0,    5.86,decoder_by_matrix,cd5aa4935a142b600239883e928f6c7fc9fbc8c84161e9ed59cf2551b7ebfc3d,"{""distance"":3,""physical_error_rate"":5e-05}","{""detection_events"":468,""detectors_checked"":4202496}"
     67584,         0,         0,    5.57,decoder_by_matrix,c8397cb2c46e4683a6f3970bc42cef1aabfef4d80cfcd6b8313e87630b680ee2,"{""distance"":3,""physical_error_rate"":0.0001}","{""detection_events"":879,""detectors_checked"":3649536}"
     74752,         1,         0,    6.15,decoder_by_matrix,cd5aa4935a142b600239883e928f6c7fc9fbc8c84161e9ed59cf2551b7ebfc3d,"{""distance"":3,""physical_error_rate"":5e-05}","{""detection_events"":513,""detectors_checked"":4036608,""obs_mistake_mask=_E_E"":1}"
     78848,         0,         0,    6.15,decoder_by_matrix,cd5aa4935a142b600239883e928f6c7fc9fbc8c84161e9ed59cf2551b7ebfc3d,"{""distance"":3,""physical_error_rate"":5e-05}","{""detection_events"":510,""detectors_checked"":4257792}"
     66560,         0,         0,    5.91,decoder_by_matrix,c8397cb2c46e4683a6f3970bc42cef1aabfef4d80cfcd6b8313e87630b680ee2,"{""distance"":3,""physical_error_rate"":0.0001}","{""detection_events"":825,""detectors_checked"":3594240}"
     75776,         0,         0,    5.73,decoder_by_matrix,cd5aa4935a142b600239883e928f6c7fc9fbc8c84161e9ed59cf2551b7ebfc3d,"{""distance"":3,""physical_error_rate"":5e-05}","{""detection_events"":426,""detectors_checked"":4091904}"
     81920,         0,         0,    6.16,decoder_by_matrix,cd5aa4935a142b600239883e928f6c7fc9fbc8c84161e9ed59cf2551b7ebfc3d,"{""distance"":3,""physical_error_rate"":5e-05}","{""detection_events"":414,""detectors_checked"":4423680}"
     73728,         0,         0,    5.91,decoder_by_matrix,cd5aa4935a142b600239883e928f6c7fc9fbc8c84161e9ed59cf2551b7ebfc3d,"{""distance"":3,""physical_error_rate"":5e-05}","{""detection_events"":447,""detectors_checked"":3981312}"
     67584,         0,         0,    6.14,decoder_by_matrix,c8397cb2c46e4683a6f3970bc42cef1aabfef4d80cfcd6b8313e87630b680ee2,"{""distance"":3,""physical_error_rate"":0.0001}","{""detection_events"":714,""detectors_checked"":3649536}"
     81920,         0,         0,    6.15,decoder_by_matrix,cd5aa4935a142b600239883e928f6c7fc9fbc8c84161e9ed59cf2551b7ebfc3d,"{""distance"":3,""physical_error_rate"":5e-05}","{""detection_events"":432,""detectors_checked"":4423680}"
     67584,         0,         0,    5.86,decoder_by_matrix,c8397cb2c46e4683a6f3970bc42cef1aabfef4d80cfcd6b8313e87630b680ee2,"{""distance"":3,""physical_error_rate"":0.0001}","{""detection_events"":852,""detectors_checked"":3649536}"
     77824,         0,         0,    5.89,decoder_by_matrix,cd5aa4935a142b600239883e928f6c7fc9fbc8c84161e9ed59cf2551b7ebfc3d,"{""distance"":3,""physical_error_rate"":5e-05}","{""detection_events"":489,""detectors_checked"":4202496}"
     65536,         0,         0,    5.65,decoder_by_matrix,c8397cb2c46e4683a6f3970bc42cef1aabfef4d80cfcd6b8313e87630b680ee2,"{""distance"":3,""physical_error_rate"":0.0001}","{""detection_events"":924,""detectors_checked"":3538944}"
     86016,         0,         0,    6.15,decoder_by_matrix,cd5aa4935a142b600239883e928f6c7fc9fbc8c84161e9ed59cf2551b7ebfc3d,"{""distance"":3,""physical_error_rate"":5e-05}","{""detection_events"":447,""detectors_checked"":4644864}"
     65536,         0,         0,    5.88,decoder_by_matrix,c8397cb2c46e4683a6f3970bc42cef1aabfef4d80cfcd6b8313e87630b680ee2,"{""distance"":3,""physical_error_rate"":0.0001}","{""detection_events"":807,""detectors_checked"":3538944}"
     65536,         0,         0,    6.14,decoder_by_matrix,c8397cb2c46e4683a6f3970bc42cef1aabfef4d80cfcd6b8313e87630b680ee2,"{""distance"":3,""physical_error_rate"":0.0001}","{""detection_events"":837,""detectors_checked"":3538944}"
     79872,         0,         0,    5.89,decoder_by_matrix,cd5aa4935a142b600239883e928f6c7fc9fbc8c84161e9ed59cf2551b7ebfc3d,"{""distance"":3,""physical_error_rate"":5e-05}","{""detection_events"":465,""detectors_checked"":4313088}"
     69632,         0,         0,    5.89,decoder_by_matrix,c8397cb2c46e4683a6f3970bc42cef1aabfef4d80cfcd6b8313e87630b680ee2,"{""distance"":3,""physical_error_rate"":0.0001}","{""detection_events"":729,""detectors_checked"":3760128}"
     66560,         0,         0,    6.15,decoder_by_matrix,c8397cb2c46e4683a6f3970bc42cef1aabfef4d80cfcd6b8313e87630b680ee2,"{""distance"":3,""physical_error_rate"":0.0001}","{""detection_events"":708,""detectors_checked"":3594240}"
     77824,         0,         0,    6.21,decoder_by_matrix,cd5aa4935a142b600239883e928f6c7fc9fbc8c84161e9ed59cf2551b7ebfc3d,"{""distance"":3,""physical_error_rate"":5e-05}","{""detection_events"":444,""detectors_checked"":4202496}"
     65536,         0,         0,    6.10,decoder_by_matrix,c8397cb2c46e4683a6f3970bc42cef1aabfef4d80cfcd6b8313e87630b680ee2,"{""distance"":3,""physical_error_rate"":0.0001}","{""detection_events"":828,""detectors_checked"":3538944}"
     65536,         0,         0,    6.01,decoder_by_matrix,c8397cb2c46e4683a6f3970bc42cef1aabfef4d80cfcd6b8313e87630b680ee2,"{""distance"":3,""physical_error_rate"":0.0001}","{""detection_events"":669,""detectors_checked"":3538944}"
    958464,         1,         0,    86.7,decoder_by_matrix,c8397cb2c46e4683a6f3970bc42cef1aabfef4d80cfcd6b8313e87630b680ee2,"{""distance"":3,""physical_error_rate"":0.0001}","{""detection_events"":11028,""detectors_checked"":51757056,""obs_mistake_mask=_E_E"":1}"
    936960,         0,         0,    87.1,decoder_by_matrix,c8397cb2c46e4683a6f3970bc42cef1aabfef4d80cfcd6b8313e87630b680ee2,"{""distance"":3,""physical_error_rate"":0.0001}","{""detection_events"":11118,""detectors_checked"":50595840}"
   1106944,         0,         0,    85.6,decoder_by_matrix,cd5aa4935a142b600239883e928f6c7fc9fbc8c84161e9ed59cf2551b7ebfc3d,"{""distance"":3,""physical_error_rate"":5e-05}","{""detection_events"":6447,""detectors_checked"":59774976}"
    948224,         1,         0,    85.7,decoder_by_matrix,c8397cb2c46e4683a6f3970bc42cef1aabfef4d80cfcd6b8313e87630b680ee2,"{""distance"":3,""physical_error_rate"":0.0001}","{""detection_events"":11169,""detectors_checked"":51204096,""obs_mistake_mask=E___"":1}"
   1098752,         0,         0,    87.0,decoder_by_matrix,cd5aa4935a142b600239883e928f6c7fc9fbc8c84161e9ed59cf2551b7ebfc3d,"{""distance"":3,""physical_error_rate"":5e-05}","{""detection_events"":6528,""detectors_checked"":59332608}"
   1129472,         0,         0,    87.1,decoder_by_matrix,cd5aa4935a142b600239883e928f6c7fc9fbc8c84161e9ed59cf2551b7ebfc3d,"{""distance"":3,""physical_error_rate"":5e-05}","{""detection_events"":6753,""detectors_checked"":60991488}"
    108544,         0,         0,    8.19,decoder_by_matrix,cd5aa4935a142b600239883e928f6c7fc9fbc8c84161e9ed59cf2551b7ebfc3d,"{""distance"":3,""physical_error_rate"":5e-05}","{""detection_events"":615,""detectors_checked"":5861376}"
    106496,         0,         0,    7.87,decoder_by_matrix,cd5aa4935a142b600239883e928f6c7fc9fbc8c84161e9ed59cf2551b7ebfc3d,"{""distance"":3,""physical_error_rate"":5e-05}","{""detection_events"":624,""detectors_checked"":5750784}"
     89088,         0,         0,    8.18,decoder_by_matrix,c8397cb2c46e4683a6f3970bc42cef1aabfef4d80cfcd6b8313e87630b680ee2,"{""distance"":3,""physical_error_rate"":0.0001}","{""detection_events"":1230,""detectors_checked"":4810752}"
    102400,         0,         0,    8.21,decoder_by_matrix,cd5aa4935a142b600239883e928f6c7fc9fbc8c84161e9ed59cf2551b7ebfc3d,"{""distance"":3,""physical_error_rate"":5e-05}","{""detection_events"":651,""detectors_checked"":5529600}"
    101376,         0,         0,    7.94,decoder_by_matrix,cd5aa4935a142b600239883e928f6c7fc9fbc8c84161e9ed59cf2551b7ebfc3d,"{""distance"":3,""physical_error_rate"":5e-05}","{""detection_events"":795,""detectors_checked"":5474304}"
    108544,         0,         0,    8.18,decoder_by_matrix,cd5aa4935a142b600239883e928f6c7fc9fbc8c84161e9ed59cf2551b7ebfc3d,"{""distance"":3,""physical_error_rate"":5e-05}","{""detection_events"":720,""detectors_checked"":5861376}"
    101376,         0,         0,    8.44,decoder_by_matrix,cd5aa4935a142b600239883e928f6c7fc9fbc8c84161e9ed59cf2551b7ebfc3d,"{""distance"":3,""physical_error_rate"":5e-05}","{""detection_events"":660,""detectors_checked"":5474304}"
     91136,         0,         0,    8.01,decoder_by_matrix,c8397cb2c46e4683a6f3970bc42cef1aabfef4d80cfcd6b8313e87630b680ee2,"{""distance"":3,""physical_error_rate"":0.0001}","{""detection_events"":1161,""detectors_checked"":4921344}"
     92160,         0,         0,    8.45,decoder_by_matrix,c8397cb2c46e4683a6f3970bc42cef1aabfef4d80cfcd6b8313e87630b680ee2,"{""distance"":3,""physical_error_rate"":0.0001}","{""detection_events"":1182,""detectors_checked"":4976640}"
    104448,         0,         0,    8.21,decoder_by_matrix,cd5aa4935a142b600239883e928f6c7fc9fbc8c84161e9ed59cf2551b7ebfc3d,"{""distance"":3,""physical_error_rate"":5e-05}","{""detection_events"":663,""detectors_checked"":5640192}"
     89088,         0,         0,    7.95,decoder_by_matrix,c8397cb2c46e4683a6f3970bc42cef1aabfef4d80cfcd6b8313e87630b680ee2,"{""distance"":3,""physical_error_rate"":0.0001}","{""detection_events"":1038,""detectors_checked"":4810752}"
    110592,         0,         0,    8.46,decoder_by_matrix,cd5aa4935a142b600239883e928f6c7fc9fbc8c84161e9ed59cf2551b7ebfc3d,"{""distance"":3,""physical_error_rate"":5e-05}","{""detection_events"":522,""detectors_checked"":5971968}"
    111616,         0,         0,    7.96,decoder_by_matrix,cd5aa4935a142b600239883e928f6c7fc9fbc8c84161e9ed59cf2551b7ebfc3d,"{""distance"":3,""physical_error_rate"":5e-05}","{""detection_events"":633,""detectors_checked"":6027264}"
     91136,         0,         0,    8.51,decoder_by_matrix,c8397cb2c46e4683a6f3970bc42cef1aabfef4d80cfcd6b8313e87630b680ee2,"{""distance"":3,""physical_error_rate"":0.0001}","{""detection_events"":1170,""detectors_checked"":4921344}"
     90112,         0,         0,    8.44,decoder_by_matrix,c8397cb2c46e4683a6f3970bc42cef1aabfef4d80cfcd6b8313e87630b680ee2,"{""distance"":3,""physical_error_rate"":0.0001}","{""detection_events"":1011,""detectors_checked"":4866048}"
     91136,         0,         0,    8.20,decoder_by_matrix,c8397cb2c46e4683a6f3970bc42cef1aabfef4d80cfcd6b8313e87630b680ee2,"{""distance"":3,""physical_error_rate"":0.0001}","{""detection_events"":1062,""detectors_checked"":4921344}"
    108544,         0,         0,    8.15,decoder_by_matrix,cd5aa4935a142b600239883e928f6c7fc9fbc8c84161e9ed59cf2551b7ebfc3d,"{""distance"":3,""physical_error_rate"":5e-05}","{""detection_events"":528,""detectors_checked"":5861376}"
    108544,         0,         0,    7.70,decoder_by_matrix,cd5aa4935a142b600239883e928f6c7fc9fbc8c84161e9ed59cf2551b7ebfc3d,"{""distance"":3,""physical_error_rate"":5e-05}","{""detection_events"":714,""detectors_checked"":5861376}"
     93184,         0,         0,    8.21,decoder_by_matrix,c8397cb2c46e4683a6f3970bc42cef1aabfef4d80cfcd6b8313e87630b680ee2,"{""distance"":3,""physical_error_rate"":0.0001}","{""detection_events"":1065,""detectors_checked"":5031936}"
     88064,         0,         0,    7.91,decoder_by_matrix,c8397cb2c46e4683a6f3970bc42cef1aabfef4d80cfcd6b8313e87630b680ee2,"{""distance"":3,""physical_error_rate"":0.0001}","{""detection_events"":1095,""detectors_checked"":4755456}"
     88064,         0,         0,    8.51,decoder_by_matrix,c8397cb2c46e4683a6f3970bc42cef1aabfef4d80cfcd6b8313e87630b680ee2,"{""distance"":3,""physical_error_rate"":0.0001}","{""detection_events"":1203,""detectors_checked"":4755456}"
     89088,         0,         0,    8.47,decoder_by_matrix,c8397cb2c46e4683a6f3970bc42cef1aabfef4d80cfcd6b8313e87630b680ee2,"{""distance"":3,""physical_error_rate"":0.0001}","{""detection_events"":1113,""detectors_checked"":4810752}"
    573440,         0,         0,    44.0,decoder_by_matrix,cd5aa4935a142b600239883e928f6c7fc9fbc8c84161e9ed59cf2551b7ebfc3d,"{""distance"":3,""physical_error_rate"":5e-05}","{""detection_events"":3585,""detectors_checked"":30965760}"
    576512,         0,         0,    43.8,decoder_by_matrix,cd5aa4935a142b600239883e928f6c7fc9fbc8c84161e9ed59cf2551b7ebfc3d,"{""distance"":3,""physical_error_rate"":5e-05}","{""detection_events"":3462,""detectors_checked"":31131648}"
    475136,         2,         0,    43.5,decoder_by_matrix,c8397cb2c46e4683a6f3970bc42cef1aabfef4d80cfcd6b8313e87630b680ee2,"{""distance"":3,""physical_error_rate"":0.0001}","{""detection_events"":6156,""detectors_checked"":25657344,""obs_mistake_mask=_E__"":1,""obs_mistake_mask=__E_"":1}"
    552960,         0,         0,    44.0,decoder_by_matrix,cd5aa4935a142b600239883e928f6c7fc9fbc8c84161e9ed59cf2551b7ebfc3d,"{""distance"":3,""physical_error_rate"":5e-05}","{""detection_events"":3549,""detectors_checked"":29859840}"
    576512,         0,         0,    42.9,decoder_by_matrix,cd5aa4935a142b600239883e928f6c7fc9fbc8c84161e9ed59cf2551b7ebfc3d,"{""distance"":3,""physical_error_rate"":5e-05}","{""detection_events"":3318,""detectors_checked"":31131648}"
    482304,         0,         0,    43.6,decoder_by_matrix,c8397cb2c46e4683a6f3970bc42cef1aabfef4d80cfcd6b8313e87630b680ee2,"{""distance"":3,""physical_error_rate"":0.0001}","{""detection_events"":5607,""detectors_checked"":26044416}"
    585728,         0,         0,    44.6,decoder_by_matrix,cd5aa4935a142b600239883e928f6c7fc9fbc8c84161e9ed59cf2551b7ebfc3d,"{""distance"":3,""physical_error_rate"":5e-05}","{""detection_events"":3189,""detectors_checked"":31629312}"
    484352,         1,         0,    43.9,decoder_by_matrix,c8397cb2c46e4683a6f3970bc42cef1aabfef4d80cfcd6b8313e87630b680ee2,"{""distance"":3,""physical_error_rate"":0.0001}","{""detection_events"":5805,""detectors_checked"":26155008,""obs_mistake_mask=_E_E"":1}"
    486400,         1,         0,    43.9,decoder_by_matrix,c8397cb2c46e4683a6f3970bc42cef1aabfef4d80cfcd6b8313e87630b680ee2,"{""distance"":3,""physical_error_rate"":0.0001}","{""detection_events"":5889,""detectors_checked"":26265600,""obs_mistake_mask=_EEE"":1}"
    480256,         0,         0,    43.9,decoder_by_matrix,c8397cb2c46e4683a6f3970bc42cef1aabfef4d80cfcd6b8313e87630b680ee2,"{""distance"":3,""physical_error_rate"":0.0001}","{""detection_events"":5694,""detectors_checked"":25933824}"
   1290240,         0,         0,   117.6,decoder_by_matrix,c8397cb2c46e4683a6f3970bc42cef1aabfef4d80cfcd6b8313e87630b680ee2,"{""distance"":3,""physical_error_rate"":0.0001}","{""detection_events"":15861,""detectors_checked"":69672960}"
   1495040,         0,         0,   117.1,decoder_by_matrix,cd5aa4935a142b600239883e928f6c7fc9fbc8c84161e9ed59cf2551b7ebfc3d,"{""distance"":3,""physical_error_rate"":5e-05}","{""detection_events"":9345,""detectors_checked"":80732160}"
   1501184,         0,         0,   116.5,decoder_by_matrix,cd5aa4935a142b600239883e928f6c7fc9fbc8c84161e9ed59cf2551b7ebfc3d,"{""distance"":3,""physical_error_rate"":5e-05}","{""detection_events"":9297,""detectors_checked"":81063936}"
   1266688,         2,         0,   117.7,decoder_by_matrix,c8397cb2c46e4683a6f3970bc42cef1aabfef4d80cfcd6b8313e87630b680ee2,"{""distance"":3,""physical_error_rate"":0.0001}","{""detection_events"":15636,""detectors_checked"":68401152,""obs_mistake_mask=_EEE"":1,""obs_mistake_mask=__E_"":1}"
    143360,         0,         0,    11.8,decoder_by_matrix,cd5aa4935a142b600239883e928f6c7fc9fbc8c84161e9ed59cf2551b7ebfc3d,"{""distance"":3,""physical_error_rate"":5e-05}","{""detection_events"":837,""detectors_checked"":7741440}"
    148480,         0,         0,    11.7,decoder_by_matrix,cd5aa4935a142b600239883e928f6c7fc9fbc8c84161e9ed59cf2551b7ebfc3d,"{""distance"":3,""physical_error_rate"":5e-05}","{""detection_events"":927,""detectors_checked"":8017920}"
    151552,         0,         0,    11.5,decoder_by_matrix,cd5aa4935a142b600239883e928f6c7fc9fbc8c84161e9ed59cf2551b7ebfc3d,"{""distance"":3,""physical_error_rate"":5e-05}","{""detection_events"":870,""detectors_checked"":8183808}"
    151552,         0,         0,    11.5,decoder_by_matrix,cd5aa4935a142b600239883e928f6c7fc9fbc8c84161e9ed59cf2551b7ebfc3d,"{""distance"":3,""physical_error_rate"":5e-05}","{""detection_events"":906,""detectors_checked"":8183808}"
    149504,         0,         0,    11.6,decoder_by_matrix,cd5aa4935a142b600239883e928f6c7fc9fbc8c84161e9ed59cf2551b7ebfc3d,"{""distance"":3,""physical_error_rate"":5e-05}","{""detection_events"":939,""detectors_checked"":8073216}"
    146432,         0,         0,    11.8,decoder_by_matrix,cd5aa4935a142b600239883e928f6c7fc9fbc8c84161e9ed59cf2551b7ebfc3d,"{""distance"":3,""physical_error_rate"":5e-05}","{""detection_events"":903,""detectors_checked"":7907328}"
    124928,         0,         0,    11.4,decoder_by_matrix,c8397cb2c46e4683a6f3970bc42cef1aabfef4d80cfcd6b8313e87630b680ee2,"{""distance"":3,""physical_error_rate"":0.0001}","{""detection_events"":1416,""detectors_checked"":6746112}"
    124928,         0,         0,    11.5,decoder_by_matrix,c8397cb2c46e4683a6f3970bc42cef1aabfef4d80cfcd6b8313e87630b680ee2,"{""distance"":3,""physical_error_rate"":0.0001}","{""detection_events"":1614,""detectors_checked"":6746112}"
    125952,         0,         0,    11.2,decoder_by_matrix,c8397cb2c46e4683a6f3970bc42cef1aabfef4d80cfcd6b8313e87630b680ee2,"{""distance"":3,""physical_error_rate"":0.0001}","{""detection_events"":1464,""detectors_checked"":6801408}"
    150528,         0,         0,    11.7,decoder_by_matrix,cd5aa4935a142b600239883e928f6c7fc9fbc8c84161e9ed59cf2551b7ebfc3d,"{""distance"":3,""physical_error_rate"":5e-05}","{""detection_events"":816,""detectors_checked"":8128512}"
    133120,         0,         0,    11.7,decoder_by_matrix,c8397cb2c46e4683a6f3970bc42cef1aabfef4d80cfcd6b8313e87630b680ee2,"{""distance"":3,""physical_error_rate"":0.0001}","{""detection_events"":1449,""detectors_checked"":7188480}"
    155648,         0,         0,    11.5,decoder_by_matrix,cd5aa4935a142b600239883e928f6c7fc9fbc8c84161e9ed59cf2551b7ebfc3d,"{""distance"":3,""physical_error_rate"":5e-05}","{""detection_events"":768,""detectors_checked"":8404992}"
    151552,         0,         0,    11.7,decoder_by_matrix,cd5aa4935a142b600239883e928f6c7fc9fbc8c84161e9ed59cf2551b7ebfc3d,"{""distance"":3,""physical_error_rate"":5e-05}","{""detection_events"":894,""detectors_checked"":8183808}"
    147456,         0,         0,    11.7,decoder_by_matrix,cd5aa4935a142b600239883e928f6c7fc9fbc8c84161e9ed59cf2551b7ebfc3d,"{""distance"":3,""physical_error_rate"":5e-05}","{""detection_events"":930,""detectors_checked"":7962624}"
    121856,         0,         0,    11.5,decoder_by_matrix,c8397cb2c46e4683a6f3970bc42cef1aabfef4d80cfcd6b8313e87630b680ee2,"{""distance"":3,""physical_error_rate"":0.0001}","{""detection_events"":1446,""detectors_checked"":6580224}"
    123904,         0,         0,    11.6,decoder_by_matrix,c8397cb2c46e4683a6f3970bc42cef1aabfef4d80cfcd6b8313e87630b680ee2,"{""distance"":3,""physical_error_rate"":0.0001}","{""detection_events"":1575,""detectors_checked"":6690816}"
    120832,         0,         0,    11.8,decoder_by_matrix,c8397cb2c46e4683a6f3970bc42cef1aabfef4d80cfcd6b8313e87630b680ee2,"{""distance"":3,""physical_error_rate"":0.0001}","{""detection_events"":1653,""detectors_checked"":6524928}"
    125952,         0,         0,    11.5,decoder_by_matrix,c8397cb2c46e4683a6f3970bc42cef1aabfef4d80cfcd6b8313e87630b680ee2,"{""distance"":3,""physical_error_rate"":0.0001}","{""detection_events"":1461,""detectors_checked"":6801408}"
    125952,         0,         0,    11.6,decoder_by_matrix,c8397cb2c46e4683a6f3970bc42cef1aabfef4d80cfcd6b8313e87630b680ee2,"{""distance"":3,""physical_error_rate"":0.0001}","{""detection_events"":1560,""detectors_checked"":6801408}"
    150528,         0,         0,    11.7,decoder_by_matrix,cd5aa4935a142b600239883e928f6c7fc9fbc8c84161e9ed59cf2551b7ebfc3d,"{""distance"":3,""physical_error_rate"":5e-05}","{""detection_events"":924,""detectors_checked"":8128512}"
    130048,         0,         0,    11.7,decoder_by_matrix,c8397cb2c46e4683a6f3970bc42cef1aabfef4d80cfcd6b8313e87630b680ee2,"{""distance"":3,""physical_error_rate"":0.0001}","{""detection_events"":1368,""detectors_checked"":7022592}"
    124928,         0,         0,    11.6,decoder_by_matrix,c8397cb2c46e4683a6f3970bc42cef1aabfef4d80cfcd6b8313e87630b680ee2,"{""distance"":3,""physical_error_rate"":0.0001}","{""detection_events"":1569,""detectors_checked"":6746112}"
    214016,         0,         0,    15.9,decoder_by_matrix,cd5aa4935a142b600239883e928f6c7fc9fbc8c84161e9ed59cf2551b7ebfc3d,"{""distance"":3,""physical_error_rate"":5e-05}","{""detection_events"":1215,""detectors_checked"":11556864}"
    212992,         0,         0,    16.1,decoder_by_matrix,cd5aa4935a142b600239883e928f6c7fc9fbc8c84161e9ed59cf2551b7ebfc3d,"{""distance"":3,""physical_error_rate"":5e-05}","{""detection_events"":1281,""detectors_checked"":11501568}"
    209920,         0,         0,    16.3,decoder_by_matrix,cd5aa4935a142b600239883e928f6c7fc9fbc8c84161e9ed59cf2551b7ebfc3d,"{""distance"":3,""physical_error_rate"":5e-05}","{""detection_events"":1299,""detectors_checked"":11335680}"
    207872,         0,         0,    16.3,decoder_by_matrix,cd5aa4935a142b600239883e928f6c7fc9fbc8c84161e9ed59cf2551b7ebfc3d,"{""distance"":3,""physical_error_rate"":5e-05}","{""detection_events"":1191,""detectors_checked"":11225088}"
    172032,         1,         0,    16.4,decoder_by_matrix,c8397cb2c46e4683a6f3970bc42cef1aabfef4d80cfcd6b8313e87630b680ee2,"{""distance"":3,""physical_error_rate"":0.0001}","{""detection_events"":2181,""detectors_checked"":9289728,""obs_mistake_mask=_E__"":1}"
    200704,         0,         0,    15.6,decoder_by_matrix,cd5aa4935a142b600239883e928f6c7fc9fbc8c84161e9ed59cf2551b7ebfc3d,"{""distance"":3,""physical_error_rate"":5e-05}","{""detection_events"":1314,""detectors_checked"":10838016}"
    207872,         0,         0,    16.3,decoder_by_matrix,cd5aa4935a142b600239883e928f6c7fc9fbc8c84161e9ed59cf2551b7ebfc3d,"{""distance"":3,""physical_error_rate"":5e-05}","{""detection_events"":1284,""detectors_checked"":11225088}"
    178176,         0,         0,    16.3,decoder_by_matrix,c8397cb2c46e4683a6f3970bc42cef1aabfef4d80cfcd6b8313e87630b680ee2,"{""distance"":3,""physical_error_rate"":0.0001}","{""detection_events"":2196,""detectors_checked"":9621504}"
    181248,         0,         0,    16.6,decoder_by_matrix,c8397cb2c46e4683a6f3970bc42cef1aabfef4d80cfcd6b8313e87630b680ee2,"{""distance"":3,""physical_error_rate"":0.0001}","{""detection_events"":2118,""detectors_checked"":9787392}"
    207872,         0,         0,    15.6,decoder_by_matrix,cd5aa4935a142b600239883e928f6c7fc9fbc8c84161e9ed59cf2551b7ebfc3d,"{""distance"":3,""physical_error_rate"":5e-05}","{""detection_events"":1257,""detectors_checked"":11225088}"
    177152,         0,         0,    16.6,decoder_by_matrix,c8397cb2c46e4683a6f3970bc42cef1aabfef4d80cfcd6b8313e87630b680ee2,"{""distance"":3,""physical_error_rate"":0.0001}","{""detection_events"":2145,""detectors_checked"":9566208}"
    207872,         0,         0,    16.0,decoder_by_matrix,cd5aa4935a142b600239883e928f6c7fc9fbc8c84161e9ed59cf2551b7ebfc3d,"{""distance"":3,""physical_error_rate"":5e-05}","{""detection_events"":1230,""detectors_checked"":11225088}"
    175104,         0,         0,    15.9,decoder_by_matrix,c8397cb2c46e4683a6f3970bc42cef1aabfef4d80cfcd6b8313e87630b680ee2,"{""distance"":3,""physical_error_rate"":0.0001}","{""detection_events"":2103,""detectors_checked"":9455616}"
    176128,         1,         0,    16.5,decoder_by_matrix,c8397cb2c46e4683a6f3970bc42cef1aabfef4d80cfcd6b8313e87630b680ee2,"{""distance"":3,""physical_error_rate"":0.0001}","{""detection_events"":2169,""detectors_checked"":9510912,""obs_mistake_mask=_EE_"":1}"
    206848,         0,         0,    15.4,decoder_by_matrix,cd5aa4935a142b600239883e928f6c7fc9fbc8c84161e9ed59cf2551b7ebfc3d,"{""distance"":3,""physical_error_rate"":5e-05}","{""detection_events"":1266,""detectors_checked"":11169792}"
    203776,         0,         0,    16.4,decoder_by_matrix,cd5aa4935a142b600239883e928f6c7fc9fbc8c84161e9ed59cf2551b7ebfc3d,"{""distance"":3,""physical_error_rate"":5e-05}","{""detection_events"":1137,""detectors_checked"":11003904}"
    210944,         0,         0,    16.6,decoder_by_matrix,cd5aa4935a142b600239883e928f6c7fc9fbc8c84161e9ed59cf2551b7ebfc3d,"{""distance"":3,""physical_error_rate"":5e-05}","{""detection_events"":1281,""detectors_checked"":11390976}"
    179200,         0,         0,    16.1,decoder_by_matrix,c8397cb2c46e4683a6f3970bc42cef1aabfef4d80cfcd6b8313e87630b680ee2,"{""distance"":3,""physical_error_rate"":0.0001}","{""detection_events"":2169,""detectors_checked"":9676800}"
    173056,         1,         0,    16.4,decoder_by_matrix,c8397cb2c46e4683a6f3970bc42cef1aabfef4d80cfcd6b8313e87630b680ee2,"{""distance"":3,""physical_error_rate"":0.0001}","{""detection_events"":2160,""detectors_checked"":9345024,""obs_mistake_mask=E___"":1}"
    176128,         0,         0,    15.9,decoder_by_matrix,c8397cb2c46e4683a6f3970bc42cef1aabfef4d80cfcd6b8313e87630b680ee2,"{""distance"":3,""physical_error_rate"":0.0001}","{""detection_events"":2085,""detectors_checked"":9510912}"
    172032,         1,         0,    15.4,decoder_by_matrix,c8397cb2c46e4683a6f3970bc42cef1aabfef4d80cfcd6b8313e87630b680ee2,"{""distance"":3,""physical_error_rate"":0.0001}","{""detection_events"":2166,""detectors_checked"":9289728,""obs_mistake_mask=_E_E"":1}"
    177152,         0,         0,    16.1,decoder_by_matrix,c8397cb2c46e4683a6f3970bc42cef1aabfef4d80cfcd6b8313e87630b680ee2,"{""distance"":3,""physical_error_rate"":0.0001}","{""detection_events"":2103,""detectors_checked"":9566208}"
   1290240,         1,         0,   118.3,decoder_by_matrix,c8397cb2c46e4683a6f3970bc42cef1aabfef4d80cfcd6b8313e87630b680ee2,"{""distance"":3,""physical_error_rate"":0.0001}","{""detection_events"":15102,""detectors_checked"":69672960,""obs_mistake_mask=__E_"":1}"
   1519616,         0,         0,   116.8,decoder_by_matrix,cd5aa4935a142b600239883e928f6c7fc9fbc8c84161e9ed59cf2551b7ebfc3d,"{""distance"":3,""physical_error_rate"":5e-05}","{""detection_events"":8910,""detectors_checked"":82059264}"
    293888,         1,         0,    22.7,decoder_by_matrix,cd5aa4935a142b600239883e928f6c7fc9fbc8c84161e9ed59cf2551b7ebfc3d,"{""distance"":3,""physical_error_rate"":5e-05}","{""detection_events"":1752,""detectors_checked"":15869952,""obs_mistake_mask=_E_E"":1}"
    302080,         0,         0,    21.6,decoder_by_matrix,cd5aa4935a142b600239883e928f6c7fc9fbc8c84161e9ed59cf2551b7ebfc3d,"{""distance"":3,""physical_error_rate"":5e-05}","{""detection_events"":1644,""detectors_checked"":16312320}"
    250880,         0,         0,    22.8,decoder_by_matrix,c8397cb2c46e4683a6f3970bc42cef1aabfef4d80cfcd6b8313e87630b680ee2,"{""distance"":3,""physical_error_rate"":0.0001}","{""detection_events"":2871,""detectors_checked"":13547520}"
    290816,         0,         0,    21.7,decoder_by_matrix,cd5aa4935a142b600239883e928f6c7fc9fbc8c84161e9ed59cf2551b7ebfc3d,"{""distance"":3,""physical_error_rate"":5e-05}","{""detection_events"":1806,""detectors_checked"":15704064}"
    293888,         0,         0,    22.8,decoder_by_matrix,cd5aa4935a142b600239883e928f6c7fc9fbc8c84161e9ed59cf2551b7ebfc3d,"{""distance"":3,""physical_error_rate"":5e-05}","{""detection_events"":1728,""detectors_checked"":15869952}"
    278528,         0,         0,    23.1,decoder_by_matrix,cd5aa4935a142b600239883e928f6c7fc9fbc8c84161e9ed59cf2551b7ebfc3d,"{""distance"":3,""physical_error_rate"":5e-05}","{""detection_events"":1773,""detectors_checked"":15040512}"
    297984,         1,         0,    22.8,decoder_by_matrix,cd5aa4935a142b600239883e928f6c7fc9fbc8c84161e9ed59cf2551b7ebfc3d,"{""distance"":3,""physical_error_rate"":5e-05}","{""detection_events"":1647,""detectors_checked"":16091136,""obs_mistake_mask=_EEE"":1}"
    243712,         0,         0,    22.9,decoder_by_matrix,c8397cb2c46e4683a6f3970bc42cef1aabfef4d80cfcd6b8313e87630b680ee2,"{""distance"":3,""physical_error_rate"":0.0001}","{""detection_events"":2940,""detectors_checked"":13160448}"
    291840,         0,         0,    22.5,decoder_by_matrix,cd5aa4935a142b600239883e928f6c7fc9fbc8c84161e9ed59cf2551b7ebfc3d,"{""distance"":3,""physical_error_rate"":5e-05}","{""detection_events"":1959,""detectors_checked"":15759360}"
    246784,         0,         0,    22.9,decoder_by_matrix,c8397cb2c46e4683a6f3970bc42cef1aabfef4d80cfcd6b8313e87630b680ee2,"{""distance"":3,""physical_error_rate"":0.0001}","{""detection_events"":3048,""detectors_checked"":13326336}"
    292864,         0,         0,    22.9,decoder_by_matrix,cd5aa4935a142b600239883e928f6c7fc9fbc8c84161e9ed59cf2551b7ebfc3d,"{""distance"":3,""physical_error_rate"":5e-05}","{""detection_events"":1680,""detectors_checked"":15814656}"
    239616,         0,         0,    22.7,decoder_by_matrix,c8397cb2c46e4683a6f3970bc42cef1aabfef4d80cfcd6b8313e87630b680ee2,"{""distance"":3,""physical_error_rate"":0.0001}","{""detection_events"":2886,""detectors_checked"":12939264}"
    285696,         0,         0,    22.5,decoder_by_matrix,cd5aa4935a142b600239883e928f6c7fc9fbc8c84161e9ed59cf2551b7ebfc3d,"{""distance"":3,""physical_error_rate"":5e-05}","{""detection_events"":1791,""detectors_checked"":15427584}"
    296960,         0,         0,    21.5,decoder_by_matrix,cd5aa4935a142b600239883e928f6c7fc9fbc8c84161e9ed59cf2551b7ebfc3d,"{""distance"":3,""physical_error_rate"":5e-05}","{""detection_events"":1680,""detectors_checked"":16035840}"
    247808,         0,         0,    23.2,decoder_by_matrix,c8397cb2c46e4683a6f3970bc42cef1aabfef4d80cfcd6b8313e87630b680ee2,"{""distance"":3,""physical_error_rate"":0.0001}","{""detection_events"":2877,""detectors_checked"":13381632}"
    247808,         0,         0,    23.0,decoder_by_matrix,c8397cb2c46e4683a6f3970bc42cef1aabfef4d80cfcd6b8313e87630b680ee2,"{""distance"":3,""physical_error_rate"":0.0001}","{""detection_events"":3243,""detectors_checked"":13381632}"
    252928,         0,         0,    22.1,decoder_by_matrix,c8397cb2c46e4683a6f3970bc42cef1aabfef4d80cfcd6b8313e87630b680ee2,"{""distance"":3,""physical_error_rate"":0.0001}","{""detection_events"":2982,""detectors_checked"":13658112}"
    247808,         0,         0,    23.1,decoder_by_matrix,c8397cb2c46e4683a6f3970bc42cef1aabfef4d80cfcd6b8313e87630b680ee2,"{""distance"":3,""physical_error_rate"":0.0001}","{""detection_events"":2811,""detectors_checked"":13381632}"
    283648,         0,         0,    22.6,decoder_by_matrix,cd5aa4935a142b600239883e928f6c7fc9fbc8c84161e9ed59cf2551b7ebfc3d,"{""distance"":3,""physical_error_rate"":5e-05}","{""detection_events"":1896,""detectors_checked"":15316992}"
    247808,         0,         0,    23.1,decoder_by_matrix,c8397cb2c46e4683a6f3970bc42cef1aabfef4d80cfcd6b8313e87630b680ee2,"{""distance"":3,""physical_error_rate"":0.0001}","{""detection_events"":3042,""detectors_checked"":13381632}"
    243712,         0,         0,    22.3,decoder_by_matrix,c8397cb2c46e4683a6f3970bc42cef1aabfef4d80cfcd6b8313e87630b680ee2,"{""distance"":3,""physical_error_rate"":0.0001}","{""detection_events"":3111,""detectors_checked"":13160448}"
    244736,         0,         0,    22.7,decoder_by_matrix,c8397cb2c46e4683a6f3970bc42cef1aabfef4d80cfcd6b8313e87630b680ee2,"{""distance"":3,""physical_error_rate"":0.0001}","{""detection_events"":2970,""detectors_checked"":13215744}"
   1287168,         0,         0,   116.3,decoder_by_matrix,c8397cb2c46e4683a6f3970bc42cef1aabfef4d80cfcd6b8313e87630b680ee2,"{""distance"":3,""physical_error_rate"":0.0001}","{""detection_events"":15465,""detectors_checked"":69507072}"
   1307648,         2,         0,   118.0,decoder_by_matrix,c8397cb2c46e4683a6f3970bc42cef1aabfef4d80cfcd6b8313e87630b680ee2,"{""distance"":3,""physical_error_rate"":0.0001}","{""detection_events"":15462,""detectors_checked"":70612992,""obs_mistake_mask=_EE_"":1,""obs_mistake_mask=__EE"":1}"
   1515520,         0,         0,   116.7,decoder_by_matrix,cd5aa4935a142b600239883e928f6c7fc9fbc8c84161e9ed59cf2551b7ebfc3d,"{""distance"":3,""physical_error_rate"":5e-05}","{""detection_events"":9426,""detectors_checked"":81838080}"
   1520640,         0,         0,   117.4,decoder_by_matrix,cd5aa4935a142b600239883e928f6c7fc9fbc8c84161e9ed59cf2551b7ebfc3d,"{""distance"":3,""physical_error_rate"":5e-05}","{""detection_events"":9066,""detectors_checked"":82114560}"
   1502208,         0,         0,   117.2,decoder_by_matrix,cd5aa4935a142b600239883e928f6c7fc9fbc8c84161e9ed59cf2551b7ebfc3d,"{""distance"":3,""physical_error_rate"":5e-05}","{""detection_events"":9438,""detectors_checked"":81119232}"
   1530880,         1,         0,   116.0,decoder_by_matrix,cd5aa4935a142b600239883e928f6c7fc9fbc8c84161e9ed59cf2551b7ebfc3d,"{""distance"":3,""physical_error_rate"":5e-05}","{""detection_events"":9099,""detectors_checked"":82667520,""obs_mistake_mask=_E_E"":1}"
   1263616,         0,         0,   116.6,decoder_by_matrix,c8397cb2c46e4683a6f3970bc42cef1aabfef4d80cfcd6b8313e87630b680ee2,"{""distance"":3,""physical_error_rate"":0.0001}","{""detection_events"":14781,""detectors_checked"":68235264}"
   1277952,         1,         0,   117.4,decoder_by_matrix,c8397cb2c46e4683a6f3970bc42cef1aabfef4d80cfcd6b8313e87630b680ee2,"{""distance"":3,""physical_error_rate"":0.0001}","{""detection_events"":15633,""detectors_checked"":69009408,""obs_mistake_mask=_EEE"":1}"
   1492992,         0,         0,   117.3,decoder_by_matrix,cd5aa4935a142b600239883e928f6c7fc9fbc8c84161e9ed59cf2551b7ebfc3d,"{""distance"":3,""physical_error_rate"":5e-05}","{""detection_events"":9075,""detectors_checked"":80621568}"
   1540096,         1,         0,   118.2,decoder_by_matrix,cd5aa4935a142b600239883e928f6c7fc9fbc8c84161e9ed59cf2551b7ebfc3d,"{""distance"":3,""physical_error_rate"":5e-05}","{""detection_events"":9099,""detectors_checked"":83165184,""obs_mistake_mask=_EEE"":1}"
   1297408,         0,         0,   117.7,decoder_by_matrix,c8397cb2c46e4683a6f3970bc42cef1aabfef4d80cfcd6b8313e87630b680ee2,"{""distance"":3,""physical_error_rate"":0.0001}","{""detection_events"":15546,""detectors_checked"":70060032}"
   1302528,         1,         0,   117.8,decoder_by_matrix,c8397cb2c46e4683a6f3970bc42cef1aabfef4d80cfcd6b8313e87630b680ee2,"{""distance"":3,""physical_error_rate"":0.0001}","{""detection_events"":14811,""detectors_checked"":70336512,""obs_mistake_mask=__E_"":1}"
   1518592,         0,         0,   117.0,decoder_by_matrix,cd5aa4935a142b600239883e928f6c7fc9fbc8c84161e9ed59cf2551b7ebfc3d,"{""distance"":3,""physical_error_rate"":5e-05}","{""detection_events"":9225,""detectors_checked"":82003968}"
   1288192,         2,         0,   116.6,decoder_by_matrix,c8397cb2c46e4683a6f3970bc42cef1aabfef4d80cfcd6b8313e87630b680ee2,"{""distance"":3,""physical_error_rate"":0.0001}","{""detection_events"":15444,""detectors_checked"":69562368,""obs_mistake_mask=E___"":1,""obs_mistake_mask=__EE"":1}"
    788480,         0,         0,    61.4,decoder_by_matrix,cd5aa4935a142b600239883e928f6c7fc9fbc8c84161e9ed59cf2551b7ebfc3d,"{""distance"":3,""physical_error_rate"":5e-05}","{""detection_events"":4761,""detectors_checked"":42577920}"
    806912,         0,         0,    61.1,decoder_by_matrix,cd5aa4935a142b600239883e928f6c7fc9fbc8c84161e9ed59cf2551b7ebfc3d,"{""distance"":3,""physical_error_rate"":5e-05}","{""detection_events"":4680,""detectors_checked"":43573248}"
    667648,         0,         0,    61.8,decoder_by_matrix,c8397cb2c46e4683a6f3970bc42cef1aabfef4d80cfcd6b8313e87630b680ee2,"{""distance"":3,""physical_error_rate"":0.0001}","{""detection_events"":7899,""detectors_checked"":36052992}"
    798720,         1,         0,    60.9,decoder_by_matrix,cd5aa4935a142b600239883e928f6c7fc9fbc8c84161e9ed59cf2551b7ebfc3d,"{""distance"":3,""physical_error_rate"":5e-05}","{""detection_events"":4776,""detectors_checked"":43130880,""obs_mistake_mask=_EE_"":1}"
    668672,         0,         0,    62.0,decoder_by_matrix,c8397cb2c46e4683a6f3970bc42cef1aabfef4d80cfcd6b8313e87630b680ee2,"{""distance"":3,""physical_error_rate"":0.0001}","{""detection_events"":8253,""detectors_checked"":36108288}"
    785408,         0,         0,    61.0,decoder_by_matrix,cd5aa4935a142b600239883e928f6c7fc9fbc8c84161e9ed59cf2551b7ebfc3d,"{""distance"":3,""physical_error_rate"":5e-05}","{""detection_events"":4758,""detectors_checked"":42412032}"
    668672,         0,         0,    62.8,decoder_by_matrix,c8397cb2c46e4683a6f3970bc42cef1aabfef4d80cfcd6b8313e87630b680ee2,"{""distance"":3,""physical_error_rate"":0.0001}","{""detection_events"":8097,""detectors_checked"":36108288}"
    679936,         0,         0,    61.0,decoder_by_matrix,c8397cb2c46e4683a6f3970bc42cef1aabfef4d80cfcd6b8313e87630b680ee2,"{""distance"":3,""physical_error_rate"":0.0001}","{""detection_events"":7800,""detectors_checked"":36716544}"
    802816,         0,         0,    61.1,decoder_by_matrix,cd5aa4935a142b600239883e928f6c7fc9fbc8c84161e9ed59cf2551b7ebfc3d,"{""distance"":3,""physical_error_rate"":5e-05}","{""detection_events"":4599,""detectors_checked"":43352064}"
    670720,         1,         0,    62.0,decoder_by_matrix,c8397cb2c46e4683a6f3970bc42cef1aabfef4d80cfcd6b8313e87630b680ee2,"{""distance"":3,""physical_error_rate"":0.0001}","{""detection_events"":8034,""detectors_checked"":36218880,""obs_mistake_mask=__EE"":1}"
   1291264,         0,         0,   116.5,decoder_by_matrix,c8397cb2c46e4683a6f3970bc42cef1aabfef4d80cfcd6b8313e87630b680ee2,"{""distance"":3,""physical_error_rate"":0.0001}","{""detection_events"":14880,""detectors_checked"":69728256}"
   1487872,         0,         0,   117.1,decoder_by_matrix,cd5aa4935a142b600239883e928f6c7fc9fbc8c84161e9ed59cf2551b7ebfc3d,"{""distance"":3,""physical_error_rate"":5e-05}","{""detection_events"":9201,""detectors_checked"":80345088}"
   1523712,         1,         0,   116.9,decoder_by_matrix,cd5aa4935a142b600239883e928f6c7fc9fbc8c84161e9ed59cf2551b7ebfc3d,"{""distance"":3,""physical_error_rate"":5e-05}","{""detection_events"":8985,""detectors_checked"":82280448,""obs_mistake_mask=_EE_"":1}"
   1286144,         2,         0,   117.4,decoder_by_matrix,c8397cb2c46e4683a6f3970bc42cef1aabfef4d80cfcd6b8313e87630b680ee2,"{""distance"":3,""physical_error_rate"":0.0001}","{""detection_events"":15300,""detectors_checked"":69451776,""obs_mistake_mask=_EEE"":1,""obs_mistake_mask=__E_"":1}"
    403456,         0,         0,    31.0,decoder_by_matrix,cd5aa4935a142b600239883e928f6c7fc9fbc8c84161e9ed59cf2551b7ebfc3d,"{""distance"":3,""physical_error_rate"":5e-05}","{""detection_events"":2466,""detectors_checked"":21786624}"
    414720,         0,         0,    31.7,decoder_by_matrix,cd5aa4935a142b600239883e928f6c7fc9fbc8c84161e9ed59cf2551b7ebfc3d,"{""distance"":3,""physical_error_rate"":5e-05}","{""detection_events"":2373,""detectors_checked"":22394880}"
    409600,         0,         0,    30.9,decoder_by_matrix,cd5aa4935a142b600239883e928f6c7fc9fbc8c84161e9ed59cf2551b7ebfc3d,"{""distance"":3,""physical_error_rate"":5e-05}","{""detection_events"":2400,""detectors_checked"":22118400}"
    347136,         1,         0,    31.3,decoder_by_matrix,c8397cb2c46e4683a6f3970bc42cef1aabfef4d80cfcd6b8313e87630b680ee2,"{""distance"":3,""physical_error_rate"":0.0001}","{""detection_events"":4254,""detectors_checked"":18745344,""obs_mistake_mask=___E"":1}"
    413696,         0,         0,    30.8,decoder_by_matrix,cd5aa4935a142b600239883e928f6c7fc9fbc8c84161e9ed59cf2551b7ebfc3d,"{""distance"":3,""physical_error_rate"":5e-05}","{""detection_events"":2304,""detectors_checked"":22339584}"
    397312,         0,         0,    31.8,decoder_by_matrix,cd5aa4935a142b600239883e928f6c7fc9fbc8c84161e9ed59cf2551b7ebfc3d,"{""distance"":3,""physical_error_rate"":5e-05}","{""detection_events"":2409,""detectors_checked"":21454848}"
    415744,         1,         0,    31.2,decoder_by_matrix,cd5aa4935a142b600239883e928f6c7fc9fbc8c84161e9ed59cf2551b7ebfc3d,"{""distance"":3,""physical_error_rate"":5e-05}","{""detection_events"":2298,""detectors_checked"":22450176,""obs_mistake_mask=__E_"":1}"
    340992,         1,         0,    32.0,decoder_by_matrix,c8397cb2c46e4683a6f3970bc42cef1aabfef4d80cfcd6b8313e87630b680ee2,"{""distance"":3,""physical_error_rate"":0.0001}","{""detection_events"":4311,""detectors_checked"":18413568,""obs_mistake_mask=___E"":1}"
    412672,         0,         0,    31.3,decoder_by_matrix,cd5aa4935a142b600239883e928f6c7fc9fbc8c84161e9ed59cf2551b7ebfc3d,"{""distance"":3,""physical_error_rate"":5e-05}","{""detection_events"":2289,""detectors_checked"":22284288}"
    345088,         0,         0,    31.4,decoder_by_matrix,c8397cb2c46e4683a6f3970bc42cef1aabfef4d80cfcd6b8313e87630b680ee2,"{""distance"":3,""physical_error_rate"":0.0001}","{""detection_events"":4221,""detectors_checked"":18634752}"
    346112,         1,         0,    31.0,decoder_by_matrix,c8397cb2c46e4683a6f3970bc42cef1aabfef4d80cfcd6b8313e87630b680ee2,"{""distance"":3,""physical_error_rate"":0.0001}","{""detection_events"":3993,""detectors_checked"":18690048,""obs_mistake_mask=_EE_"":1}"
    335872,         0,         0,    31.2,decoder_by_matrix,c8397cb2c46e4683a6f3970bc42cef1aabfef4d80cfcd6b8313e87630b680ee2,"{""distance"":3,""physical_error_rate"":0.0001}","{""detection_events"":4284,""detectors_checked"":18137088}"
    385024,         0,         0,    31.9,decoder_by_matrix,cd5aa4935a142b600239883e928f6c7fc9fbc8c84161e9ed59cf2551b7ebfc3d,"{""distance"":3,""physical_error_rate"":5e-05}","{""detection_events"":2553,""detectors_checked"":20791296}"
    412672,         0,         0,    31.3,decoder_by_matrix,cd5aa4935a142b600239883e928f6c7fc9fbc8c84161e9ed59cf2551b7ebfc3d,"{""distance"":3,""physical_error_rate"":5e-05}","{""detection_events"":2604,""detectors_checked"":22284288}"
    410624,         0,         0,    31.5,decoder_by_matrix,cd5aa4935a142b600239883e928f6c7fc9fbc8c84161e9ed59cf2551b7ebfc3d,"{""distance"":3,""physical_error_rate"":5e-05}","{""detection_events"":2367,""detectors_checked"":22173696}"
    345088,         0,         0,    30.6,decoder_by_matrix,c8397cb2c46e4683a6f3970bc42cef1aabfef4d80cfcd6b8313e87630b680ee2,"{""distance"":3,""physical_error_rate"":0.0001}","{""detection_events"":4014,""detectors_checked"":18634752}"
    340992,         0,         0,    31.6,decoder_by_matrix,c8397cb2c46e4683a6f3970bc42cef1aabfef4d80cfcd6b8313e87630b680ee2,"{""distance"":3,""physical_error_rate"":0.0001}","{""detection_events"":4113,""detectors_checked"":18413568}"
    339968,         0,         0,    30.8,decoder_by_matrix,c8397cb2c46e4683a6f3970bc42cef1aabfef4d80cfcd6b8313e87630b680ee2,"{""distance"":3,""physical_error_rate"":0.0001}","{""detection_events"":4248,""detectors_checked"":18358272}"
    412672,         0,         0,    32.0,decoder_by_matrix,cd5aa4935a142b600239883e928f6c7fc9fbc8c84161e9ed59cf2551b7ebfc3d,"{""distance"":3,""physical_error_rate"":5e-05}","{""detection_events"":2400,""detectors_checked"":22284288}"
    342016,         0,         0,    31.7,decoder_by_matrix,c8397cb2c46e4683a6f3970bc42cef1aabfef4d80cfcd6b8313e87630b680ee2,"{""distance"":3,""physical_error_rate"":0.0001}","{""detection_events"":4173,""detectors_checked"":18468864}"
    338944,         1,         0,    32.0,decoder_by_matrix,c8397cb2c46e4683a6f3970bc42cef1aabfef4d80cfcd6b8313e87630b680ee2,"{""distance"":3,""physical_error_rate"":0.0001}","{""detection_events"":3906,""detectors_checked"":18302976,""obs_mistake_mask=___E"":1}"
    335872,         0,         0,    31.3,decoder_by_matrix,c8397cb2c46e4683a6f3970bc42cef1aabfef4d80cfcd6b8313e87630b680ee2,"{""distance"":3,""physical_error_rate"":0.0001}","{""detection_events"":4131,""detectors_checked"":18137088}"
   1563648,         0,         0,   117.3,decoder_by_matrix,cd5aa4935a142b600239883e928f6c7fc9fbc8c84161e9ed59cf2551b7ebfc3d,"{""distance"":3,""physical_error_rate"":5e-05}","{""detection_events"":8742,""detectors_checked"":84436992}"
   1269760,         2,         0,   115.8,decoder_by_matrix,c8397cb2c46e4683a6f3970bc42cef1aabfef4d80cfcd6b8313e87630b680ee2,"{""distance"":3,""physical_error_rate"":0.0001}","{""detection_events"":15054,""detectors_checked"":68567040,""obs_mistake_mask=_E_E"":1,""obs_mistake_mask=__E_"":1}"
   1275904,         3,         0,   117.1,decoder_by_matrix,c8397cb2c46e4683a6f3970bc42cef1aabfef4d80cfcd6b8313e87630b680ee2,"{""distance"":3,""physical_error_rate"":0.0001}","{""detection_events"":15468,""detectors_checked"":68898816,""obs_mistake_mask=_EEE"":1,""obs_mistake_mask=___E"":2}"
   1286144,         0,         0,   118.8,decoder_by_matrix,c8397cb2c46e4683a6f3970bc42cef1aabfef4d80cfcd6b8313e87630b680ee2,"{""distance"":3,""physical_error_rate"":0.0001}","{""detection_events"":15330,""detectors_checked"":69451776}"
   1476608,         0,         0,   118.0,decoder_by_matrix,cd5aa4935a142b600239883e928f6c7fc9fbc8c84161e9ed59cf2551b7ebfc3d,"{""distance"":3,""physical_error_rate"":5e-05}","{""detection_events"":8865,""detectors_checked"":79736832}"
   1267712,         0,         0,   117.8,decoder_by_matrix,c8397cb2c46e4683a6f3970bc42cef1aabfef4d80cfcd6b8313e87630b680ee2,"{""distance"":3,""physical_error_rate"":0.0001}","{""detection_events"":14847,""detectors_checked"":68456448}"
   1498112,         0,         0,   117.1,decoder_by_matrix,cd5aa4935a142b600239883e928f6c7fc9fbc8c84161e9ed59cf2551b7ebfc3d,"{""distance"":3,""physical_error_rate"":5e-05}","{""detection_events"":8871,""detectors_checked"":80898048}"
   1551360,         0,         0,   117.9,decoder_by_matrix,cd5aa4935a142b600239883e928f6c7fc9fbc8c84161e9ed59cf2551b7ebfc3d,"{""distance"":3,""physical_error_rate"":5e-05}","{""detection_events"":9210,""detectors_checked"":83773440}"
   1293312,         0,         0,   117.8,decoder_by_matrix,c8397cb2c46e4683a6f3970bc42cef1aabfef4d80cfcd6b8313e87630b680ee2,"{""distance"":3,""physical_error_rate"":0.0001}","{""detection_events"":15393,""detectors_checked"":69838848}"
   1530880,         1,         0,   116.1,decoder_by_matrix,cd5aa4935a142b600239883e928f6c7fc9fbc8c84161e9ed59cf2551b7ebfc3d,"{""distance"":3,""physical_error_rate"":5e-05}","{""detection_events"":9201,""detectors_checked"":82667520,""obs_mistake_mask=__E_"":1}"
   1532928,         0,         0,   118.1,decoder_by_matrix,cd5aa4935a142b600239883e928f6c7fc9fbc8c84161e9ed59cf2551b7ebfc3d,"{""distance"":3,""physical_error_rate"":5e-05}","{""detection_events"":9009,""detectors_checked"":82778112}"
   1285120,         1,         0,   118.5,decoder_by_matrix,c8397cb2c46e4683a6f3970bc42cef1aabfef4d80cfcd6b8313e87630b680ee2,"{""distance"":3,""physical_error_rate"":0.0001}","{""detection_events"":14931,""detectors_checked"":69396480,""obs_mistake_mask=_E__"":1}"
    571392,         0,         0,    43.9,decoder_by_matrix,cd5aa4935a142b600239883e928f6c7fc9fbc8c84161e9ed59cf2551b7ebfc3d,"{""distance"":3,""physical_error_rate"":5e-05}","{""detection_events"":3405,""detectors_checked"":30855168}"
    495616,         1,         0,    43.7,decoder_by_matrix,c8397cb2c46e4683a6f3970bc42cef1aabfef4d80cfcd6b8313e87630b680ee2,"{""distance"":3,""physical_error_rate"":0.0001}","{""detection_events"":5694,""detectors_checked"":26763264,""obs_mistake_mask=__E_"":1}"
    553984,         0,         0,    44.3,decoder_by_matrix,cd5aa4935a142b600239883e928f6c7fc9fbc8c84161e9ed59cf2551b7ebfc3d,"{""distance"":3,""physical_error_rate"":5e-05}","{""detection_events"":3504,""detectors_checked"":29915136}"
    582656,         0,         0,    44.6,decoder_by_matrix,cd5aa4935a142b600239883e928f6c7fc9fbc8c84161e9ed59cf2551b7ebfc3d,"{""distance"":3,""physical_error_rate"":5e-05}","{""detection_events"":3468,""detectors_checked"":31463424}"
    570368,         0,         0,    44.2,decoder_by_matrix,cd5aa4935a142b600239883e928f6c7fc9fbc8c84161e9ed59cf2551b7ebfc3d,"{""distance"":3,""physical_error_rate"":5e-05}","{""detection_events"":3423,""detectors_checked"":30799872}"
    477184,         0,         0,    44.0,decoder_by_matrix,c8397cb2c46e4683a6f3970bc42cef1aabfef4d80cfcd6b8313e87630b680ee2,"{""distance"":3,""physical_error_rate"":0.0001}","{""detection_events"":5514,""detectors_checked"":25767936}"
    578560,         0,         0,    43.1,decoder_by_matrix,cd5aa4935a142b600239883e928f6c7fc9fbc8c84161e9ed59cf2551b7ebfc3d,"{""distance"":3,""physical_error_rate"":5e-05}","{""detection_events"":3246,""detectors_checked"":31242240}"
    562176,         0,         0,    44.0,decoder_by_matrix,cd5aa4935a142b600239883e928f6c7fc9fbc8c84161e9ed59cf2551b7ebfc3d,"{""distance"":3,""physical_error_rate"":5e-05}","{""detection_events"":3309,""detectors_checked"":30357504}"
    486400,         0,         0,    43.7,decoder_by_matrix,c8397cb2c46e4683a6f3970bc42cef1aabfef4d80cfcd6b8313e87630b680ee2,"{""distance"":3,""physical_error_rate"":0.0001}","{""detection_events"":5859,""detectors_checked"":26265600}"
    573440,         0,         0,    44.9,decoder_by_matrix,cd5aa4935a142b600239883e928f6c7fc9fbc8c84161e9ed59cf2551b7ebfc3d,"{""distance"":3,""physical_error_rate"":5e-05}","{""detection_events"":3483,""detectors_checked"":30965760}"
    578560,         0,         0,    43.5,decoder_by_matrix,cd5aa4935a142b600239883e928f6c7fc9fbc8c84161e9ed59cf2551b7ebfc3d,"{""distance"":3,""physical_error_rate"":5e-05}","{""detection_events"":3375,""detectors_checked"":31242240}"
    480256,         0,         0,    44.7,decoder_by_matrix,c8397cb2c46e4683a6f3970bc42cef1aabfef4d80cfcd6b8313e87630b680ee2,"{""distance"":3,""physical_error_rate"":0.0001}","{""detection_events"":5739,""detectors_checked"":25933824}"
    572416,         0,         0,    44.2,decoder_by_matrix,cd5aa4935a142b600239883e928f6c7fc9fbc8c84161e9ed59cf2551b7ebfc3d,"{""distance"":3,""physical_error_rate"":5e-05}","{""detection_events"":3435,""detectors_checked"":30910464}"
    466944,         0,         0,    44.2,decoder_by_matrix,c8397cb2c46e4683a6f3970bc42cef1aabfef4d80cfcd6b8313e87630b680ee2,"{""distance"":3,""physical_error_rate"":0.0001}","{""detection_events"":6174,""detectors_checked"":25214976}"
    480256,         0,         0,    44.8,decoder_by_matrix,c8397cb2c46e4683a6f3970bc42cef1aabfef4d80cfcd6b8313e87630b680ee2,"{""distance"":3,""physical_error_rate"":0.0001}","{""detection_events"":5355,""detectors_checked"":25933824}"
    470016,         0,         0,    43.8,decoder_by_matrix,c8397cb2c46e4683a6f3970bc42cef1aabfef4d80cfcd6b8313e87630b680ee2,"{""distance"":3,""physical_error_rate"":0.0001}","{""detection_events"":6120,""detectors_checked"":25380864}"
    487424,         0,         0,    44.5,decoder_by_matrix,c8397cb2c46e4683a6f3970bc42cef1aabfef4d80cfcd6b8313e87630b680ee2,"{""distance"":3,""physical_error_rate"":0.0001}","{""detection_events"":5538,""detectors_checked"":26320896}"
    574464,         0,         0,    44.5,decoder_by_matrix,cd5aa4935a142b600239883e928f6c7fc9fbc8c84161e9ed59cf2551b7ebfc3d,"{""distance"":3,""physical_error_rate"":5e-05}","{""detection_events"":3390,""detectors_checked"":31021056}"
    574464,         0,         0,    44.5,decoder_by_matrix,cd5aa4935a142b600239883e928f6c7fc9fbc8c84161e9ed59cf2551b7ebfc3d,"{""distance"":3,""physical_error_rate"":5e-05}","{""detection_events"":3696,""detectors_checked"":31021056}"
    481280,         0,         0,    43.8,decoder_by_matrix,c8397cb2c46e4683a6f3970bc42cef1aabfef4d80cfcd6b8313e87630b680ee2,"{""distance"":3,""physical_error_rate"":0.0001}","{""detection_events"":5505,""detectors_checked"":25989120}"
    480256,         2,         0,    44.6,decoder_by_matrix,c8397cb2c46e4683a6f3970bc42cef1aabfef4d80cfcd6b8313e87630b680ee2,"{""distance"":3,""physical_error_rate"":0.0001}","{""detection_events"":5700,""detectors_checked"":25933824,""obs_mistake_mask=_EE_"":1,""obs_mistake_mask=_E__"":1}"
    483328,         1,         0,    43.9,decoder_by_matrix,c8397cb2c46e4683a6f3970bc42cef1aabfef4d80cfcd6b8313e87630b680ee2,"{""distance"":3,""physical_error_rate"":0.0001}","{""detection_events"":5823,""detectors_checked"":26099712,""obs_mistake_mask=_E__"":1}"
   1102848,         0,         0,    87.5,decoder_by_matrix,cd5aa4935a142b600239883e928f6c7fc9fbc8c84161e9ed59cf2551b7ebfc3d,"{""distance"":3,""physical_error_rate"":5e-05}","{""detection_events"":6573,""detectors_checked"":59553792}"
   1125376,         0,         0,    85.4,decoder_by_matrix,cd5aa4935a142b600239883e928f6c7fc9fbc8c84161e9ed59cf2551b7ebfc3d,"{""distance"":3,""physical_error_rate"":5e-05}","{""detection_events"":6795,""detectors_checked"":60770304}"
    954368,         0,         0,    84.9,decoder_by_matrix,c8397cb2c46e4683a6f3970bc42cef1aabfef4d80cfcd6b8313e87630b680ee2,"{""distance"":3,""physical_error_rate"":0.0001}","{""detection_events"":11472,""detectors_checked"":51535872}"
   1118208,         0,         0,    84.7,decoder_by_matrix,cd5aa4935a142b600239883e928f6c7fc9fbc8c84161e9ed59cf2551b7ebfc3d,"{""distance"":3,""physical_error_rate"":5e-05}","{""detection_events"":6873,""detectors_checked"":60383232}"
    918528,         0,         0,    86.2,decoder_by_matrix,c8397cb2c46e4683a6f3970bc42cef1aabfef4d80cfcd6b8313e87630b680ee2,"{""distance"":3,""physical_error_rate"":0.0001}","{""detection_events"":11064,""detectors_checked"":49600512}"
   1100800,         1,         0,    87.0,decoder_by_matrix,cd5aa4935a142b600239883e928f6c7fc9fbc8c84161e9ed59cf2551b7ebfc3d,"{""distance"":3,""physical_error_rate"":5e-05}","{""detection_events"":6846,""detectors_checked"":59443200,""obs_mistake_mask=__E_"":1}"
    937984,         1,         0,    86.9,decoder_by_matrix,c8397cb2c46e4683a6f3970bc42cef1aabfef4d80cfcd6b8313e87630b680ee2,"{""distance"":3,""physical_error_rate"":0.0001}","{""detection_events"":11607,""detectors_checked"":50651136,""obs_mistake_mask=E___"":1}"
    939008,         0,         0,    86.2,decoder_by_matrix,c8397cb2c46e4683a6f3970bc42cef1aabfef4d80cfcd6b8313e87630b680ee2,"{""distance"":3,""physical_error_rate"":0.0001}","{""detection_events"":11325,""detectors_checked"":50706432}"
   1119232,         0,         0,    86.3,decoder_by_matrix,cd5aa4935a142b600239883e928f6c7fc9fbc8c84161e9ed59cf2551b7ebfc3d,"{""distance"":3,""physical_error_rate"":5e-05}","{""detection_events"":6909,""detectors_checked"":60438528}"
    948224,         1,         0,    87.2,decoder_by_matrix,c8397cb2c46e4683a6f3970bc42cef1aabfef4d80cfcd6b8313e87630b680ee2,"{""distance"":3,""physical_error_rate"":0.0001}","{""detection_events"":11109,""detectors_checked"":51204096,""obs_mistake_mask=___E"":1}"
   1278976,         0,         0,   117.0,decoder_by_matrix,c8397cb2c46e4683a6f3970bc42cef1aabfef4d80cfcd6b8313e87630b680ee2,"{""distance"":3,""physical_error_rate"":0.0001}","{""detection_events"":15279,""detectors_checked"":69064704}"
   1543168,         1,         0,   116.8,decoder_by_matrix,cd5aa4935a142b600239883e928f6c7fc9fbc8c84161e9ed59cf2551b7ebfc3d,"{""distance"":3,""physical_error_rate"":5e-05}","{""detection_events"":9009,""detectors_checked"":83331072,""obs_mistake_mask=__E_"":1}"
   1290240,         2,         0,   118.3,decoder_by_matrix,c8397cb2c46e4683a6f3970bc42cef1aabfef4d80cfcd6b8313e87630b680ee2,"{""distance"":3,""physical_error_rate"":0.0001}","{""detection_events"":14757,""detectors_checked"":69672960,""obs_mistake_mask=_E__"":1,""obs_mistake_mask=___E"":1}"
   1285120,         2,         0,   116.2,decoder_by_matrix,c8397cb2c46e4683a6f3970bc42cef1aabfef4d80cfcd6b8313e87630b680ee2,"{""distance"":3,""physical_error_rate"":0.0001}","{""detection_events"":15750,""detectors_checked"":69396480,""obs_mistake_mask=_EE_"":1,""obs_mistake_mask=__E_"":1}"
   1533952,         1,         0,   117.1,decoder_by_matrix,cd5aa4935a142b600239883e928f6c7fc9fbc8c84161e9ed59cf2551b7ebfc3d,"{""distance"":3,""physical_error_rate"":5e-05}","{""detection_events"":9384,""detectors_checked"":82833408,""obs_mistake_mask=__E_"":1}"
   1532928,         0,         0,   116.7,decoder_by_matrix,cd5aa4935a142b600239883e928f6c7fc9fbc8c84161e9ed59cf2551b7ebfc3d,"{""distance"":3,""physical_error_rate"":5e-05}","{""detection_events"":9150,""detectors_checked"":82778112}"
   1522688,         0,         0,   117.1,decoder_by_matrix,cd5aa4935a142b600239883e928f6c7fc9fbc8c84161e9ed59cf2551b7ebfc3d,"{""distance"":3,""physical_error_rate"":5e-05}","{""detection_events"":9120,""detectors_checked"":82225152}"
   1521664,         0,         0,   116.0,decoder_by_matrix,cd5aa4935a142b600239883e928f6c7fc9fbc8c84161e9ed59cf2551b7ebfc3d,"{""distance"":3,""physical_error_rate"":5e-05}","{""detection_events"":9540,""detectors_checked"":82169856}"
   1282048,         1,         0,   117.8,decoder_by_matrix,c8397cb2c46e4683a6f3970bc42cef1aabfef4d80cfcd6b8313e87630b680ee2,"{""distance"":3,""physical_error_rate"":0.0001}","{""detection_events"":15390,""detectors_checked"":69230592,""obs_mistake_mask=__EE"":1}"
   1520640,         0,         0,   116.9,decoder_by_matrix,cd5aa4935a142b600239883e928f6c7fc9fbc8c84161e9ed59cf2551b7ebfc3d,"{""distance"":3,""physical_error_rate"":5e-05}","{""detection_events"":8700,""detectors_checked"":82114560}"
   1294336,         1,         0,   117.7,decoder_by_matrix,c8397cb2c46e4683a6f3970bc42cef1aabfef4d80cfcd6b8313e87630b680ee2,"{""distance"":3,""physical_error_rate"":0.0001}","{""detection_events"":15585,""detectors_checked"":69894144,""obs_mistake_mask=___E"":1}"
   1498112,         0,         0,   117.7,decoder_by_matrix,cd5aa4935a142b600239883e928f6c7fc9fbc8c84161e9ed59cf2551b7ebfc3d,"{""distance"":3,""physical_error_rate"":5e-05}","{""detection_events"":9525,""detectors_checked"":80898048}"
   1287168,         1,         0,   116.3,decoder_by_matrix,c8397cb2c46e4683a6f3970bc42cef1aabfef4d80cfcd6b8313e87630b680ee2,"{""distance"":3,""physical_error_rate"":0.0001}","{""detection_events"":15453,""detectors_checked"":69507072,""obs_mistake_mask=_E__"":1}"
   1283072,         1,         0,   117.7,decoder_by_matrix,c8397cb2c46e4683a6f3970bc42cef1aabfef4d80cfcd6b8313e87630b680ee2,"{""distance"":3,""physical_error_rate"":0.0001}","{""detection_events"":15393,""detectors_checked"":69285888,""obs_mistake_mask=_E_E"":1}"
   1510400,         1,         0,   116.5,decoder_by_matrix,cd5aa4935a142b600239883e928f6c7fc9fbc8c84161e9ed59cf2551b7ebfc3d,"{""distance"":3,""physical_error_rate"":5e-05}","{""detection_events"":9060,""detectors_checked"":81561600,""obs_mistake_mask=___E"":1}"
   1287168,         2,         0,   117.3,decoder_by_matrix,c8397cb2c46e4683a6f3970bc42cef1aabfef4d80cfcd6b8313e87630b680ee2,"{""distance"":3,""physical_error_rate"":0.0001}","{""detection_events"":15114,""detectors_checked"":69507072,""obs_mistake_mask=_E_E"":1,""obs_mistake_mask=__E_"":1}"
    788480,         0,         0,    61.8,decoder_by_matrix,cd5aa4935a142b600239883e928f6c7fc9fbc8c84161e9ed59cf2551b7ebfc3d,"{""distance"":3,""physical_error_rate"":5e-05}","{""detection_events"":4803,""detectors_checked"":42577920}"
    798720,         0,         0,    62.3,decoder_by_matrix,cd5aa4935a142b600239883e928f6c7fc9fbc8c84161e9ed59cf2551b7ebfc3d,"{""distance"":3,""physical_error_rate"":5e-05}","{""detection_events"":4782,""detectors_checked"":43130880}"
    678912,         0,         0,    59.8,decoder_by_matrix,c8397cb2c46e4683a6f3970bc42cef1aabfef4d80cfcd6b8313e87630b680ee2,"{""distance"":3,""physical_error_rate"":0.0001}","{""detection_events"":8184,""detectors_checked"":36661248}"
    790528,         0,         0,    61.5,decoder_by_matrix,cd5aa4935a142b600239883e928f6c7fc9fbc8c84161e9ed59cf2551b7ebfc3d,"{""distance"":3,""physical_error_rate"":5e-05}","{""detection_events"":4755,""detectors_checked"":42688512}"
    795648,         1,         0,    61.5,decoder_by_matrix,cd5aa4935a142b600239883e928f6c7fc9fbc8c84161e9ed59cf2551b7ebfc3d,"{""distance"":3,""physical_error_rate"":5e-05}","{""detection_events"":4581,""detectors_checked"":42964992,""obs_mistake_mask=__E_"":1}"
    792576,         0,         0,    61.3,decoder_by_matrix,cd5aa4935a142b600239883e928f6c7fc9fbc8c84161e9ed59cf2551b7ebfc3d,"{""distance"":3,""physical_error_rate"":5e-05}","{""detection_events"":4926,""detectors_checked"":42799104}"
    792576,         0,         0,    61.3,decoder_by_matrix,cd5aa4935a142b600239883e928f6c7fc9fbc8c84161e9ed59cf2551b7ebfc3d,"{""distance"":3,""physical_error_rate"":5e-05}","{""detection_events"":4569,""detectors_checked"":42799104}"
    678912,         0,         0,    62.0,decoder_by_matrix,c8397cb2c46e4683a6f3970bc42cef1aabfef4d80cfcd6b8313e87630b680ee2,"{""distance"":3,""physical_error_rate"":0.0001}","{""detection_events"":8073,""detectors_checked"":36661248}"
    673792,         2,         0,    61.4,decoder_by_matrix,c8397cb2c46e4683a6f3970bc42cef1aabfef4d80cfcd6b8313e87630b680ee2,"{""distance"":3,""physical_error_rate"":0.0001}","{""detection_events"":8163,""detectors_checked"":36384768,""obs_mistake_mask=_EE_"":1,""obs_mistake_mask=___E"":1}"
    679936,         0,         0,    62.2,decoder_by_matrix,c8397cb2c46e4683a6f3970bc42cef1aabfef4d80cfcd6b8313e87630b680ee2,"{""distance"":3,""physical_error_rate"":0.0001}","{""detection_events"":7746,""detectors_checked"":36716544}"
    662528,         0,         0,    62.0,decoder_by_matrix,c8397cb2c46e4683a6f3970bc42cef1aabfef4d80cfcd6b8313e87630b680ee2,"{""distance"":3,""physical_error_rate"":0.0001}","{""detection_events"":7710,""detectors_checked"":35776512}"
    788480,         1,         0,    61.4,decoder_by_matrix,cd5aa4935a142b600239883e928f6c7fc9fbc8c84161e9ed59cf2551b7ebfc3d,"{""distance"":3,""physical_error_rate"":5e-05}","{""detection_events"":4692,""detectors_checked"":42577920,""obs_mistake_mask=___E"":1}"
    671744,         1,         0,    60.3,decoder_by_matrix,c8397cb2c46e4683a6f3970bc42cef1aabfef4d80cfcd6b8313e87630b680ee2,"{""distance"":3,""physical_error_rate"":0.0001}","{""detection_events"":8481,""detectors_checked"":36274176,""obs_mistake_mask=_E_E"":1}"
    811008,         0,         0,    61.3,decoder_by_matrix,cd5aa4935a142b600239883e928f6c7fc9fbc8c84161e9ed59cf2551b7ebfc3d,"{""distance"":3,""physical_error_rate"":5e-05}","{""detection_events"":4863,""detectors_checked"":43794432}"
    661504,         0,         0,    62.5,decoder_by_matrix,c8397cb2c46e4683a6f3970bc42cef1aabfef4d80cfcd6b8313e87630b680ee2,"{""distance"":3,""physical_error_rate"":0.0001}","{""detection_events"":7878,""detectors_checked"":35721216}"
    672768,         2,         0,    62.1,decoder_by_matrix,c8397cb2c46e4683a6f3970bc42cef1aabfef4d80cfcd6b8313e87630b680ee2,"{""distance"":3,""physical_error_rate"":0.0001}","{""detection_events"":8292,""detectors_checked"":36329472,""obs_mistake_mask=_E__"":2}"
    783360,         0,         0,    61.9,decoder_by_matrix,cd5aa4935a142b600239883e928f6c7fc9fbc8c84161e9ed59cf2551b7ebfc3d,"{""distance"":3,""physical_error_rate"":5e-05}","{""detection_events"":4929,""detectors_checked"":42301440}"
    681984,         1,         0,    61.7,decoder_by_matrix,c8397cb2c46e4683a6f3970bc42cef1aabfef4d80cfcd6b8313e87630b680ee2,"{""distance"":3,""physical_error_rate"":0.0001}","{""detection_events"":7716,""detectors_checked"":36827136,""obs_mistake_mask=___E"":1}"
    808960,         0,         0,    61.9,decoder_by_matrix,cd5aa4935a142b600239883e928f6c7fc9fbc8c84161e9ed59cf2551b7ebfc3d,"{""distance"":3,""physical_error_rate"":5e-05}","{""detection_events"":4677,""detectors_checked"":43683840}"
    817152,         0,         0,    61.4,decoder_by_matrix,cd5aa4935a142b600239883e928f6c7fc9fbc8c84161e9ed59cf2551b7ebfc3d,"{""distance"":3,""physical_error_rate"":5e-05}","{""detection_events"":4626,""detectors_checked"":44126208}"
    672768,         0,         0,    61.8,decoder_by_matrix,c8397cb2c46e4683a6f3970bc42cef1aabfef4d80cfcd6b8313e87630b680ee2,"{""distance"":3,""physical_error_rate"":0.0001}","{""detection_events"":8193,""detectors_checked"":36329472}"
    679936,         1,         0,    61.7,decoder_by_matrix,c8397cb2c46e4683a6f3970bc42cef1aabfef4d80cfcd6b8313e87630b680ee2,"{""distance"":3,""physical_error_rate"":0.0001}","{""detection_events"":8295,""detectors_checked"":36716544,""obs_mistake_mask=__EE"":1}"
   1516544,         1,         0,   117.9,decoder_by_matrix,cd5aa4935a142b600239883e928f6c7fc9fbc8c84161e9ed59cf2551b7ebfc3d,"{""distance"":3,""physical_error_rate"":5e-05}","{""detection_events"":9198,""detectors_checked"":81893376,""obs_mistake_mask=_E_E"":1}"
   1270784,         1,         0,   117.5,decoder_by_matrix,c8397cb2c46e4683a6f3970bc42cef1aabfef4d80cfcd6b8313e87630b680ee2,"{""distance"":3,""physical_error_rate"":0.0001}","{""detection_events"":15756,""detectors_checked"":68622336,""obs_mistake_mask=_EE_"":1}"
   1528832,         0,         0,   117.3,decoder_by_matrix,cd5aa4935a142b600239883e928f6c7fc9fbc8c84161e9ed59cf2551b7ebfc3d,"{""distance"":3,""physical_error_rate"":5e-05}","{""detection_events"":9258,""detectors_checked"":82556928}"
   1291264,         0,         0,   116.1,decoder_by_matrix,c8397cb2c46e4683a6f3970bc42cef1aabfef4d80cfcd6b8313e87630b680ee2,"{""distance"":3,""physical_error_rate"":0.0001}","{""detection_events"":15447,""detectors_checked"":69728256}"
   1539072,         0,         0,   116.9,decoder_by_matrix,cd5aa4935a142b600239883e928f6c7fc9fbc8c84161e9ed59cf2551b7ebfc3d,"{""distance"":3,""physical_error_rate"":5e-05}","{""detection_events"":9087,""detectors_checked"":83109888}"
   1275904,         1,         0,   116.8,decoder_by_matrix,c8397cb2c46e4683a6f3970bc42cef1aabfef4d80cfcd6b8313e87630b680ee2,"{""distance"":3,""physical_error_rate"":0.0001}","{""detection_events"":15639,""detectors_checked"":68898816,""obs_mistake_mask=_E_E"":1}"
   1266688,         1,         0,   115.2,decoder_by_matrix,c8397cb2c46e4683a6f3970bc42cef1aabfef4d80cfcd6b8313e87630b680ee2,"{""distance"":3,""physical_error_rate"":0.0001}","{""detection_events"":15558,""detectors_checked"":68401152,""obs_mistake_mask=__EE"":1}"
   1294336,         1,         0,   116.7,decoder_by_matrix,c8397cb2c46e4683a6f3970bc42cef1aabfef4d80cfcd6b8313e87630b680ee2,"{""distance"":3,""physical_error_rate"":0.0001}","{""detection_events"":15327,""detectors_checked"":69894144,""obs_mistake_mask=__E_"":1}"
   1477632,         1,         0,   117.1,decoder_by_matrix,cd5aa4935a142b600239883e928f6c7fc9fbc8c84161e9ed59cf2551b7ebfc3d,"{""distance"":3,""physical_error_rate"":5e-05}","{""detection_events"":9045,""detectors_checked"":79792128,""obs_mistake_mask=_EE_"":1}"
   1265664,         2,         0,   118.6,decoder_by_matrix,c8397cb2c46e4683a6f3970bc42cef1aabfef4d80cfcd6b8313e87630b680ee2,"{""distance"":3,""physical_error_rate"":0.0001}","{""detection_events"":15132,""detectors_checked"":68345856,""obs_mistake_mask=_E_E"":1,""obs_mistake_mask=___E"":1}"
   1473536,         0,         0,   117.4,decoder_by_matrix,cd5aa4935a142b600239883e928f6c7fc9fbc8c84161e9ed59cf2551b7ebfc3d,"{""distance"":3,""physical_error_rate"":5e-05}","{""detection_events"":9456,""detectors_checked"":79570944}"
   1526784,         0,         0,   118.1,decoder_by_matrix,cd5aa4935a142b600239883e928f6c7fc9fbc8c84161e9ed59cf2551b7ebfc3d,"{""distance"":3,""physical_error_rate"":5e-05}","{""detection_events"":9210,""detectors_checked"":82446336}"
   1278976,         2,         0,   118.1,decoder_by_matrix,c8397cb2c46e4683a6f3970bc42cef1aabfef4d80cfcd6b8313e87630b680ee2,"{""distance"":3,""physical_error_rate"":0.0001}","{""detection_events"":15093,""detectors_checked"":69064704,""obs_mistake_mask=_EEE"":1,""obs_mistake_mask=_E_E"":1}"
   1531904,         0,         0,   116.4,decoder_by_matrix,cd5aa4935a142b600239883e928f6c7fc9fbc8c84161e9ed59cf2551b7ebfc3d,"{""distance"":3,""physical_error_rate"":5e-05}","{""detection_events"":8967,""detectors_checked"":82722816}"
   1545216,         0,         0,   118.0,decoder_by_matrix,cd5aa4935a142b600239883e928f6c7fc9fbc8c84161e9ed59cf2551b7ebfc3d,"{""distance"":3,""physical_error_rate"":5e-05}","{""detection_events"":8727,""detectors_checked"":83441664}"
   1272832,         4,         0,   118.5,decoder_by_matrix,c8397cb2c46e4683a6f3970bc42cef1aabfef4d80cfcd6b8313e87630b680ee2,"{""distance"":3,""physical_error_rate"":0.0001}","{""detection_events"":15807,""detectors_checked"":68732928,""obs_mistake_mask=_EEE"":1,""obs_mistake_mask=_E__"":2,""obs_mistake_mask=___E"":1}"
   1518592,         0,         0,   115.2,decoder_by_matrix,cd5aa4935a142b600239883e928f6c7fc9fbc8c84161e9ed59cf2551b7ebfc3d,"{""distance"":3,""physical_error_rate"":5e-05}","{""detection_events"":8841,""detectors_checked"":82003968}"
   1515520,         0,         0,   116.2,decoder_by_matrix,cd5aa4935a142b600239883e928f6c7fc9fbc8c84161e9ed59cf2551b7ebfc3d,"{""distance"":3,""physical_error_rate"":5e-05}","{""detection_events"":9363,""detectors_checked"":81838080}"
   1501184,         0,         0,   118.0,decoder_by_matrix,cd5aa4935a142b600239883e928f6c7fc9fbc8c84161e9ed59cf2551b7ebfc3d,"{""distance"":3,""physical_error_rate"":5e-05}","{""detection_events"":9396,""detectors_checked"":81063936}"
   1273856,         0,         0,   115.2,decoder_by_matrix,c8397cb2c46e4683a6f3970bc42cef1aabfef4d80cfcd6b8313e87630b680ee2,"{""distance"":3,""physical_error_rate"":0.0001}","{""detection_events"":15708,""detectors_checked"":68788224}"
   1272832,         1,         0,   116.8,decoder_by_matrix,c8397cb2c46e4683a6f3970bc42cef1aabfef4d80cfcd6b8313e87630b680ee2,"{""distance"":3,""physical_error_rate"":0.0001}","{""detection_events"":14811,""detectors_checked"":68732928,""obs_mistake_mask=_EE_"":1}"
   1282048,         1,         0,   117.0,decoder_by_matrix,c8397cb2c46e4683a6f3970bc42cef1aabfef4d80cfcd6b8313e87630b680ee2,"{""distance"":3,""physical_error_rate"":0.0001}","{""detection_events"":15564,""detectors_checked"":69230592,""obs_mistake_mask=__E_"":1}"
   1483776,         1,         0,   117.8,decoder_by_matrix,cd5aa4935a142b600239883e928f6c7fc9fbc8c84161e9ed59cf2551b7ebfc3d,"{""distance"":3,""physical_error_rate"":5e-05}","{""detection_events"":9267,""detectors_checked"":80123904,""obs_mistake_mask=_E__"":1}"
   1286144,         1,         0,   118.1,decoder_by_matrix,c8397cb2c46e4683a6f3970bc42cef1aabfef4d80cfcd6b8313e87630b680ee2,"{""distance"":3,""physical_error_rate"":0.0001}","{""detection_events"":15318,""detectors_checked"":69451776,""obs_mistake_mask=__EE"":1}"
   1523712,         0,         0,   116.3,decoder_by_matrix,cd5aa4935a142b600239883e928f6c7fc9fbc8c84161e9ed59cf2551b7ebfc3d,"{""distance"":3,""physical_error_rate"":5e-05}","{""detection_events"":9012,""detectors_checked"":82280448}"
   1294336,         0,         0,   117.2,decoder_by_matrix,c8397cb2c46e4683a6f3970bc42cef1aabfef4d80cfcd6b8313e87630b680ee2,"{""distance"":3,""physical_error_rate"":0.0001}","{""detection_events"":15126,""detectors_checked"":69894144}"
   1120256,         0,         0,    85.7,decoder_by_matrix,cd5aa4935a142b600239883e928f6c7fc9fbc8c84161e9ed59cf2551b7ebfc3d,"{""distance"":3,""physical_error_rate"":5e-05}","{""detection_events"":6498,""detectors_checked"":60493824}"
   1098752,         0,         0,    85.8,decoder_by_matrix,cd5aa4935a142b600239883e928f6c7fc9fbc8c84161e9ed59cf2551b7ebfc3d,"{""distance"":3,""physical_error_rate"":5e-05}","{""detection_events"":6762,""detectors_checked"":59332608}"
   1114112,         1,         0,    85.0,decoder_by_matrix,cd5aa4935a142b600239883e928f6c7fc9fbc8c84161e9ed59cf2551b7ebfc3d,"{""distance"":3,""physical_error_rate"":5e-05}","{""detection_events"":6660,""detectors_checked"":60162048,""obs_mistake_mask=E___"":1}"
    928768,         1,         0,    85.7,decoder_by_matrix,c8397cb2c46e4683a6f3970bc42cef1aabfef4d80cfcd6b8313e87630b680ee2,"{""distance"":3,""physical_error_rate"":0.0001}","{""detection_events"":12048,""detectors_checked"":50153472,""obs_mistake_mask=_EE_"":1}"
   1100800,         0,         0,    86.1,decoder_by_matrix,cd5aa4935a142b600239883e928f6c7fc9fbc8c84161e9ed59cf2551b7ebfc3d,"{""distance"":3,""physical_error_rate"":5e-05}","{""detection_events"":6558,""detectors_checked"":59443200}"
   1133568,         0,         0,    84.9,decoder_by_matrix,cd5aa4935a142b600239883e928f6c7fc9fbc8c84161e9ed59cf2551b7ebfc3d,"{""distance"":3,""physical_error_rate"":5e-05}","{""detection_events"":6576,""detectors_checked"":61212672}"
    926720,         0,         0,    86.7,decoder_by_matrix,c8397cb2c46e4683a6f3970bc42cef1aabfef4d80cfcd6b8313e87630b680ee2,"{""distance"":3,""physical_error_rate"":0.0001}","{""detection_events"":11073,""detectors_checked"":50042880}"
    952320,         1,         0,    86.4,decoder_by_matrix,c8397cb2c46e4683a6f3970bc42cef1aabfef4d80cfcd6b8313e87630b680ee2,"{""distance"":3,""physical_error_rate"":0.0001}","{""detection_events"":11406,""detectors_checked"":51425280,""obs_mistake_mask=_E__"":1}"
    942080,         1,         0,    85.9,decoder_by_matrix,c8397cb2c46e4683a6f3970bc42cef1aabfef4d80cfcd6b8313e87630b680ee2,"{""distance"":3,""physical_error_rate"":0.0001}","{""detection_events"":10929,""detectors_checked"":50872320,""obs_mistake_mask=E___"":1}"
    956416,         1,         0,    85.8,decoder_by_matrix,c8397cb2c46e4683a6f3970bc42cef1aabfef4d80cfcd6b8313e87630b680ee2,"{""distance"":3,""physical_error_rate"":0.0001}","{""detection_events"":10788,""detectors_checked"":51646464,""obs_mistake_mask=__EE"":1}"
   1115136,         0,         0,    87.1,decoder_by_matrix,cd5aa4935a142b600239883e928f6c7fc9fbc8c84161e9ed59cf2551b7ebfc3d,"{""distance"":3,""physical_error_rate"":5e-05}","{""detection_events"":6738,""detectors_checked"":60217344}"
    919552,         2,         0,    86.8,decoder_by_matrix,c8397cb2c46e4683a6f3970bc42cef1aabfef4d80cfcd6b8313e87630b680ee2,"{""distance"":3,""physical_error_rate"":0.0001}","{""detection_events"":10695,""detectors_checked"":49655808,""obs_mistake_mask=_E_E"":1,""obs_mistake_mask=_E__"":1}"
   1134592,         0,         0,    86.3,decoder_by_matrix,cd5aa4935a142b600239883e928f6c7fc9fbc8c84161e9ed59cf2551b7ebfc3d,"{""distance"":3,""physical_error_rate"":5e-05}","{""detection_events"":6732,""detectors_checked"":61267968}"
    935936,         0,         0,    85.4,decoder_by_matrix,c8397cb2c46e4683a6f3970bc42cef1aabfef4d80cfcd6b8313e87630b680ee2,"{""distance"":3,""physical_error_rate"":0.0001}","{""detection_events"":11592,""detectors_checked"":50540544}"
   1115136,         1,         0,    85.7,decoder_by_matrix,cd5aa4935a142b600239883e928f6c7fc9fbc8c84161e9ed59cf2551b7ebfc3d,"{""distance"":3,""physical_error_rate"":5e-05}","{""detection_events"":6666,""detectors_checked"":60217344,""obs_mistake_mask=_E__"":1}"
    945152,         0,         0,    87.1,decoder_by_matrix,c8397cb2c46e4683a6f3970bc42cef1aabfef4d80cfcd6b8313e87630b680ee2,"{""distance"":3,""physical_error_rate"":0.0001}","{""detection_events"":11571,""detectors_checked"":51038208}"
    947200,         2,         0,    85.6,decoder_by_matrix,c8397cb2c46e4683a6f3970bc42cef1aabfef4d80cfcd6b8313e87630b680ee2,"{""distance"":3,""physical_error_rate"":0.0001}","{""detection_events"":11481,""detectors_checked"":51148800,""obs_mistake_mask=_EEE"":1,""obs_mistake_mask=__E_"":1}"
   1098752,         1,         0,    87.8,decoder_by_matrix,cd5aa4935a142b600239883e928f6c7fc9fbc8c84161e9ed59cf2551b7ebfc3d,"{""distance"":3,""physical_error_rate"":5e-05}","{""detection_events"":6879,""detectors_checked"":59332608,""obs_mistake_mask=__EE"":1}"
    941056,         1,         0,    86.8,decoder_by_matrix,c8397cb2c46e4683a6f3970bc42cef1aabfef4d80cfcd6b8313e87630b680ee2,"{""distance"":3,""physical_error_rate"":0.0001}","{""detection_events"":11217,""detectors_checked"":50817024,""obs_mistake_mask=__EE"":1}"
   1117184,         0,         0,    86.4,decoder_by_matrix,cd5aa4935a142b600239883e928f6c7fc9fbc8c84161e9ed59cf2551b7ebfc3d,"{""distance"":3,""physical_error_rate"":5e-05}","{""detection_events"":6573,""detectors_checked"":60327936}"
   1137664,         1,         0,    86.1,decoder_by_matrix,cd5aa4935a142b600239883e928f6c7fc9fbc8c84161e9ed59cf2551b7ebfc3d,"{""distance"":3,""physical_error_rate"":5e-05}","{""detection_events"":6615,""detectors_checked"":61433856,""obs_mistake_mask=__E_"":1}"
    960512,         0,         0,    86.4,decoder_by_matrix,c8397cb2c46e4683a6f3970bc42cef1aabfef4d80cfcd6b8313e87630b680ee2,"{""distance"":3,""physical_error_rate"":0.0001}","{""detection_events"":11511,""detectors_checked"":51867648}"
   1285120,         2,         0,   116.4,decoder_by_matrix,c8397cb2c46e4683a6f3970bc42cef1aabfef4d80cfcd6b8313e87630b680ee2,"{""distance"":3,""physical_error_rate"":0.0001}","{""detection_events"":15144,""detectors_checked"":69396480,""obs_mistake_mask=_EE_"":1,""obs_mistake_mask=_E__"":1}"
   1516544,         0,         0,   116.2,decoder_by_matrix,cd5aa4935a142b600239883e928f6c7fc9fbc8c84161e9ed59cf2551b7ebfc3d,"{""distance"":3,""physical_error_rate"":5e-05}","{""detection_events"":9063,""detectors_checked"":81893376}"
   1292288,         1,         0,   116.5,decoder_by_matrix,c8397cb2c46e4683a6f3970bc42cef1aabfef4d80cfcd6b8313e87630b680ee2,"{""distance"":3,""physical_error_rate"":0.0001}","{""detection_events"":15327,""detectors_checked"":69783552,""obs_mistake_mask=_EEE"":1}"
   1295360,         1,         0,   117.2,decoder_by_matrix,c8397cb2c46e4683a6f3970bc42cef1aabfef4d80cfcd6b8313e87630b680ee2,"{""distance"":3,""physical_error_rate"":0.0001}","{""detection_events"":16137,""detectors_checked"":69949440,""obs_mistake_mask=__E_"":1}"
   1540096,         0,         0,   116.2,decoder_by_matrix,cd5aa4935a142b600239883e928f6c7fc9fbc8c84161e9ed59cf2551b7ebfc3d,"{""distance"":3,""physical_error_rate"":5e-05}","{""detection_events"":8802,""detectors_checked"":83165184}"
   1523712,         1,         0,   115.9,decoder_by_matrix,cd5aa4935a142b600239883e928f6c7fc9fbc8c84161e9ed59cf2551b7ebfc3d,"{""distance"":3,""physical_error_rate"":5e-05}","{""detection_events"":9015,""detectors_checked"":82280448,""obs_mistake_mask=_E_E"":1}"
   1528832,         0,         0,   116.1,decoder_by_matrix,cd5aa4935a142b600239883e928f6c7fc9fbc8c84161e9ed59cf2551b7ebfc3d,"{""distance"":3,""physical_error_rate"":5e-05}","{""detection_events"":8748,""detectors_checked"":82556928}"
   1520640,         0,         0,   117.3,decoder_by_matrix,cd5aa4935a142b600239883e928f6c7fc9fbc8c84161e9ed59cf2551b7ebfc3d,"{""distance"":3,""physical_error_rate"":5e-05}","{""detection_events"":9306,""detectors_checked"":82114560}"
   1258496,         2,         0,   116.7,decoder_by_matrix,c8397cb2c46e4683a6f3970bc42cef1aabfef4d80cfcd6b8313e87630b680ee2,"{""distance"":3,""physical_error_rate"":0.0001}","{""detection_events"":15300,""detectors_checked"":67958784,""obs_mistake_mask=_E__"":1,""obs_mistake_mask=___E"":1}"
   1518592,         0,         0,   118.5,decoder_by_matrix,cd5aa4935a142b600239883e928f6c7fc9fbc8c84161e9ed59cf2551b7ebfc3d,"{""distance"":3,""physical_error_rate"":5e-05}","{""detection_events"":9603,""detectors_checked"":82003968}"
   1307648,         0,         0,   116.9,decoder_by_matrix,c8397cb2c46e4683a6f3970bc42cef1aabfef4d80cfcd6b8313e87630b680ee2,"{""distance"":3,""physical_error_rate"":0.0001}","{""detection_events"":14946,""detectors_checked"":70612992}"
   1285120,         0,         0,   115.9,decoder_by_matrix,c8397cb2c46e4683a6f3970bc42cef1aabfef4d80cfcd6b8313e87630b680ee2,"{""distance"":3,""physical_error_rate"":0.0001}","{""detection_events"":15540,""detectors_checked"":69396480}"
   1532928,         1,         0,   117.7,decoder_by_matrix,cd5aa4935a142b600239883e928f6c7fc9fbc8c84161e9ed59cf2551b7ebfc3d,"{""distance"":3,""physical_error_rate"":5e-05}","{""detection_events"":8856,""detectors_checked"":82778112,""obs_mistake_mask=_E__"":1}"
   1288192,         1,         0,   117.2,decoder_by_matrix,c8397cb2c46e4683a6f3970bc42cef1aabfef4d80cfcd6b8313e87630b680ee2,"{""distance"":3,""physical_error_rate"":0.0001}","{""detection_events"":15345,""detectors_checked"":69562368,""obs_mistake_mask=_E__"":1}"
   1505280,         0,         0,   118.3,decoder_by_matrix,cd5aa4935a142b600239883e928f6c7fc9fbc8c84161e9ed59cf2551b7ebfc3d,"{""distance"":3,""physical_error_rate"":5e-05}","{""detection_events"":9093,""detectors_checked"":81285120}"
   1286144,         2,         0,   116.9,decoder_by_matrix,c8397cb2c46e4683a6f3970bc42cef1aabfef4d80cfcd6b8313e87630b680ee2,"{""distance"":3,""physical_error_rate"":0.0001}","{""detection_events"":15426,""detectors_checked"":69451776,""obs_mistake_mask=__E_"":1,""obs_mistake_mask=___E"":1}"
   1505280,         1,         0,   117.2,decoder_by_matrix,cd5aa4935a142b600239883e928f6c7fc9fbc8c84161e9ed59cf2551b7ebfc3d,"{""distance"":3,""physical_error_rate"":5e-05}","{""detection_events"":9243,""detectors_checked"":81285120,""obs_mistake_mask=___E"":1}"
   1277952,         2,         0,   117.8,decoder_by_matrix,c8397cb2c46e4683a6f3970bc42cef1aabfef4d80cfcd6b8313e87630b680ee2,"{""distance"":3,""physical_error_rate"":0.0001}","{""detection_events"":15975,""detectors_checked"":69009408,""obs_mistake_mask=_EEE"":1,""obs_mistake_mask=___E"":1}"
   1530880,         2,         0,   117.3,decoder_by_matrix,cd5aa4935a142b600239883e928f6c7fc9fbc8c84161e9ed59cf2551b7ebfc3d,"{""distance"":3,""physical_error_rate"":5e-05}","{""detection_events"":9207,""detectors_checked"":82667520,""obs_mistake_mask=_EE_"":1,""obs_mistake_mask=__E_"":1}"
   1277952,         1,         0,   116.0,decoder_by_matrix,c8397cb2c46e4683a6f3970bc42cef1aabfef4d80cfcd6b8313e87630b680ee2,"{""distance"":3,""physical_error_rate"":0.0001}","{""detection_events"":15222,""detectors_checked"":69009408,""obs_mistake_mask=__EE"":1}"
   1527808,         1,         0,   116.4,decoder_by_matrix,cd5aa4935a142b600239883e928f6c7fc9fbc8c84161e9ed59cf2551b7ebfc3d,"{""distance"":3,""physical_error_rate"":5e-05}","{""detection_events"":8733,""detectors_checked"":82501632,""obs_mistake_mask=__E_"":1}"
   1292288,         0,         0,   118.0,decoder_by_matrix,c8397cb2c46e4683a6f3970bc42cef1aabfef4d80cfcd6b8313e87630b680ee2,"{""distance"":3,""physical_error_rate"":0.0001}","{""detection_events"":14691,""detectors_checked"":69783552}"
   1291264,         2,         0,   117.5,decoder_by_matrix,c8397cb2c46e4683a6f3970bc42cef1aabfef4d80cfcd6b8313e87630b680ee2,"{""distance"":3,""physical_error_rate"":0.0001}","{""detection_events"":15309,""detectors_checked"":69728256,""obs_mistake_mask=_E__"":1,""obs_mistake_mask=__EE"":1}"
   1272832,         0,         0,   118.2,decoder_by_matrix,c8397cb2c46e4683a6f3970bc42cef1aabfef4d80cfcd6b8313e87630b680ee2,"{""distance"":3,""physical_error_rate"":0.0001}","{""detection_events"":15738,""detectors_checked"":68732928}"
   1487872,         2,         0,   117.9,decoder_by_matrix,cd5aa4935a142b600239883e928f6c7fc9fbc8c84161e9ed59cf2551b7ebfc3d,"{""distance"":3,""physical_error_rate"":5e-05}","{""detection_events"":9057,""detectors_checked"":80345088,""obs_mistake_mask=E___"":1,""obs_mistake_mask=__E_"":1}"
   1501184,         0,         0,   116.8,decoder_by_matrix,cd5aa4935a142b600239883e928f6c7fc9fbc8c84161e9ed59cf2551b7ebfc3d,"{""distance"":3,""physical_error_rate"":5e-05}","{""detection_events"":8895,""detectors_checked"":81063936}"
   1262592,         0,         0,   118.6,decoder_by_matrix,c8397cb2c46e4683a6f3970bc42cef1aabfef4d80cfcd6b8313e87630b680ee2,"{""distance"":3,""physical_error_rate"":0.0001}","{""detection_events"":15267,""detectors_checked"":68179968}"
   1532928,         0,         0,   116.6,decoder_by_matrix,cd5aa4935a142b600239883e928f6c7fc9fbc8c84161e9ed59cf2551b7ebfc3d,"{""distance"":3,""physical_error_rate"":5e-05}","{""detection_events"":9048,""detectors_checked"":82778112}"
   1286144,         0,         0,   117.5,decoder_by_matrix,c8397cb2c46e4683a6f3970bc42cef1aabfef4d80cfcd6b8313e87630b680ee2,"{""distance"":3,""physical_error_rate"":0.0001}","{""detection_events"":15279,""detectors_checked"":69451776}"
   1556480,         1,         0,   117.0,decoder_by_matrix,cd5aa4935a142b600239883e928f6c7fc9fbc8c84161e9ed59cf2551b7ebfc3d,"{""distance"":3,""physical_error_rate"":5e-05}","{""detection_events"":8928,""detectors_checked"":84049920,""obs_mistake_mask=__EE"":1}"
   1515520,         1,         0,   118.1,decoder_by_matrix,cd5aa4935a142b600239883e928f6c7fc9fbc8c84161e9ed59cf2551b7ebfc3d,"{""distance"":3,""physical_error_rate"":5e-05}","{""detection_events"":9216,""detectors_checked"":81838080,""obs_mistake_mask=__E_"":1}"
   1278976,         1,         0,   117.2,decoder_by_matrix,c8397cb2c46e4683a6f3970bc42cef1aabfef4d80cfcd6b8313e87630b680ee2,"{""distance"":3,""physical_error_rate"":0.0001}","{""detection_events"":15309,""detectors_checked"":69064704,""obs_mistake_mask=_EEE"":1}"
   1492992,         1,         0,   117.6,decoder_by_matrix,cd5aa4935a142b600239883e928f6c7fc9fbc8c84161e9ed59cf2551b7ebfc3d,"{""distance"":3,""physical_error_rate"":5e-05}","{""detection_events"":9135,""detectors_checked"":80621568,""obs_mistake_mask=E___"":1}"
   1288192,         3,         0,   117.0,decoder_by_matrix,c8397cb2c46e4683a6f3970bc42cef1aabfef4d80cfcd6b8313e87630b680ee2,"{""distance"":3,""physical_error_rate"":0.0001}","{""detection_events"":15402,""detectors_checked"":69562368,""obs_mistake_mask=_EEE"":1,""obs_mistake_mask=_E_E"":1,""obs_mistake_mask=_E__"":1}"
   1495040,         0,         0,   116.5,decoder_by_matrix,cd5aa4935a142b600239883e928f6c7fc9fbc8c84161e9ed59cf2551b7ebfc3d,"{""distance"":3,""physical_error_rate"":5e-05}","{""detection_events"":9390,""detectors_checked"":80732160}"
   1560576,         0,         0,   116.7,decoder_by_matrix,cd5aa4935a142b600239883e928f6c7fc9fbc8c84161e9ed59cf2551b7ebfc3d,"{""distance"":3,""physical_error_rate"":5e-05}","{""detection_events"":9102,""detectors_checked"":84271104}"
   1272832,         1,         0,   116.0,decoder_by_matrix,c8397cb2c46e4683a6f3970bc42cef1aabfef4d80cfcd6b8313e87630b680ee2,"{""distance"":3,""physical_error_rate"":0.0001}","{""detection_events"":15633,""detectors_checked"":68732928,""obs_mistake_mask=__E_"":1}"
   1284096,         1,         0,   117.6,decoder_by_matrix,c8397cb2c46e4683a6f3970bc42cef1aabfef4d80cfcd6b8313e87630b680ee2,"{""distance"":3,""physical_error_rate"":0.0001}","{""detection_events"":15720,""detectors_checked"":69341184,""obs_mistake_mask=_EEE"":1}"
   1534976,         0,         0,   116.0,decoder_by_matrix,cd5aa4935a142b600239883e928f6c7fc9fbc8c84161e9ed59cf2551b7ebfc3d,"{""distance"":3,""physical_error_rate"":5e-05}","{""detection_events"":8802,""detectors_checked"":82888704}"
   1521664,         0,         0,   116.7,decoder_by_matrix,cd5aa4935a142b600239883e928f6c7fc9fbc8c84161e9ed59cf2551b7ebfc3d,"{""distance"":3,""physical_error_rate"":5e-05}","{""detection_events"":9024,""detectors_checked"":82169856}"
   1288192,         1,         0,   117.2,decoder_by_matrix,c8397cb2c46e4683a6f3970bc42cef1aabfef4d80cfcd6b8313e87630b680ee2,"{""distance"":3,""physical_error_rate"":0.0001}","{""detection_events"":15576,""detectors_checked"":69562368,""obs_mistake_mask=__E_"":1}"
   1280000,         0,         0,   118.1,decoder_by_matrix,c8397cb2c46e4683a6f3970bc42cef1aabfef4d80cfcd6b8313e87630b680ee2,"{""distance"":3,""physical_error_rate"":0.0001}","{""detection_events"":16083,""detectors_checked"":69120000}"
   1524736,         1,         0,   117.3,decoder_by_matrix,cd5aa4935a142b600239883e928f6c7fc9fbc8c84161e9ed59cf2551b7ebfc3d,"{""distance"":3,""physical_error_rate"":5e-05}","{""detection_events"":9237,""detectors_checked"":82335744,""obs_mistake_mask=__EE"":1}"
   1513472,         1,         0,   116.2,decoder_by_matrix,cd5aa4935a142b600239883e928f6c7fc9fbc8c84161e9ed59cf2551b7ebfc3d,"{""distance"":3,""physical_error_rate"":5e-05}","{""detection_events"":9132,""detectors_checked"":81727488,""obs_mistake_mask=__E_"":1}"
   1519616,         0,         0,   116.7,decoder_by_matrix,cd5aa4935a142b600239883e928f6c7fc9fbc8c84161e9ed59cf2551b7ebfc3d,"{""distance"":3,""physical_error_rate"":5e-05}","{""detection_events"":9225,""detectors_checked"":82059264}"
   1511424,         0,         0,   117.6,decoder_by_matrix,cd5aa4935a142b600239883e928f6c7fc9fbc8c84161e9ed59cf2551b7ebfc3d,"{""distance"":3,""physical_error_rate"":5e-05}","{""detection_events"":9156,""detectors_checked"":81616896}"
   1272832,         2,         0,   115.3,decoder_by_matrix,c8397cb2c46e4683a6f3970bc42cef1aabfef4d80cfcd6b8313e87630b680ee2,"{""distance"":3,""physical_error_rate"":0.0001}","{""detection_events"":15084,""detectors_checked"":68732928,""obs_mistake_mask=_E__"":1,""obs_mistake_mask=__E_"":1}"
   1297408,         0,         0,   118.1,decoder_by_matrix,c8397cb2c46e4683a6f3970bc42cef1aabfef4d80cfcd6b8313e87630b680ee2,"{""distance"":3,""physical_error_rate"":0.0001}","{""detection_events"":15462,""detectors_checked"":70060032}"
   1501184,         0,         0,   115.8,decoder_by_matrix,cd5aa4935a142b600239883e928f6c7fc9fbc8c84161e9ed59cf2551b7ebfc3d,"{""distance"":3,""physical_error_rate"":5e-05}","{""detection_events"":9081,""detectors_checked"":81063936}"
   1300480,         2,         0,   117.8,decoder_by_matrix,c8397cb2c46e4683a6f3970bc42cef1aabfef4d80cfcd6b8313e87630b680ee2,"{""distance"":3,""physical_error_rate"":0.0001}","{""detection_events"":15183,""detectors_checked"":70225920,""obs_mistake_mask=E___"":1,""obs_mistake_mask=_E_E"":1}"
   1253376,         0,         0,   116.9,decoder_by_matrix,c8397cb2c46e4683a6f3970bc42cef1aabfef4d80cfcd6b8313e87630b680ee2,"{""distance"":3,""physical_error_rate"":0.0001}","{""detection_events"":15600,""detectors_checked"":67682304}"
   1262592,         1,         0,   116.8,decoder_by_matrix,c8397cb2c46e4683a6f3970bc42cef1aabfef4d80cfcd6b8313e87630b680ee2,"{""distance"":3,""physical_error_rate"":0.0001}","{""detection_events"":15162,""detectors_checked"":68179968,""obs_mistake_mask=___E"":1}"
   1523712,         0,         0,   116.0,decoder_by_matrix,cd5aa4935a142b600239883e928f6c7fc9fbc8c84161e9ed59cf2551b7ebfc3d,"{""distance"":3,""physical_error_rate"":5e-05}","{""detection_events"":9297,""detectors_checked"":82280448}"
   1292288,         1,         0,   117.8,decoder_by_matrix,c8397cb2c46e4683a6f3970bc42cef1aabfef4d80cfcd6b8313e87630b680ee2,"{""distance"":3,""physical_error_rate"":0.0001}","{""detection_events"":15369,""detectors_checked"":69783552,""obs_mistake_mask=___E"":1}"
   1529856,         1,         0,   115.9,decoder_by_matrix,cd5aa4935a142b600239883e928f6c7fc9fbc8c84161e9ed59cf2551b7ebfc3d,"{""distance"":3,""physical_error_rate"":5e-05}","{""detection_events"":8964,""detectors_checked"":82612224,""obs_mistake_mask=_EE_"":1}"
   1288192,         2,         0,   116.5,decoder_by_matrix,c8397cb2c46e4683a6f3970bc42cef1aabfef4d80cfcd6b8313e87630b680ee2,"{""distance"":3,""physical_error_rate"":0.0001}","{""detection_events"":15183,""detectors_checked"":69562368,""obs_mistake_mask=_E__"":1,""obs_mistake_mask=__E_"":1}"
   1288192,         1,         0,   117.0,decoder_by_matrix,c8397cb2c46e4683a6f3970bc42cef1aabfef4d80cfcd6b8313e87630b680ee2,"{""distance"":3,""physical_error_rate"":0.0001}","{""detection_events"":15384,""detectors_checked"":69562368,""obs_mistake_mask=__E_"":1}"
   1528832,         0,         0,   118.4,decoder_by_matrix,cd5aa4935a142b600239883e928f6c7fc9fbc8c84161e9ed59cf2551b7ebfc3d,"{""distance"":3,""physical_error_rate"":5e-05}","{""detection_events"":8574,""detectors_checked"":82556928}"
   1510400,         0,         0,   116.5,decoder_by_matrix,cd5aa4935a142b600239883e928f6c7fc9fbc8c84161e9ed59cf2551b7ebfc3d,"{""distance"":3,""physical_error_rate"":5e-05}","{""detection_events"":9117,""detectors_checked"":81561600}"
   1280000,         2,         0,   118.1,decoder_by_matrix,c8397cb2c46e4683a6f3970bc42cef1aabfef4d80cfcd6b8313e87630b680ee2,"{""distance"":3,""physical_error_rate"":0.0001}","{""detection_events"":15315,""detectors_checked"":69120000,""obs_mistake_mask=___E"":2}"
   1525760,         0,         0,   115.3,decoder_by_matrix,cd5aa4935a142b600239883e928f6c7fc9fbc8c84161e9ed59cf2551b7ebfc3d,"{""distance"":3,""physical_error_rate"":5e-05}","{""detection_events"":9291,""detectors_checked"":82391040}"
   1285120,         1,         0,   116.7,decoder_by_matrix,c8397cb2c46e4683a6f3970bc42cef1aabfef4d80cfcd6b8313e87630b680ee2,"{""distance"":3,""physical_error_rate"":0.0001}","{""detection_events"":15663,""detectors_checked"":69396480,""obs_mistake_mask=___E"":1}"
   1525760,         0,         0,   117.4,decoder_by_matrix,cd5aa4935a142b600239883e928f6c7fc9fbc8c84161e9ed59cf2551b7ebfc3d,"{""distance"":3,""physical_error_rate"":5e-05}","{""detection_events"":9135,""detectors_checked"":82391040}"
   1291264,         0,         0,   115.9,decoder_by_matrix,c8397cb2c46e4683a6f3970bc42cef1aabfef4d80cfcd6b8313e87630b680ee2,"{""distance"":3,""physical_error_rate"":0.0001}","{""detection_events"":15333,""detectors_checked"":69728256}"
   1267712,         2,         0,   117.0,decoder_by_matrix,c8397cb2c46e4683a6f3970bc42cef1aabfef4d80cfcd6b8313e87630b680ee2,"{""distance"":3,""physical_error_rate"":0.0001}","{""detection_events"":15453,""detectors_checked"":68456448,""obs_mistake_mask=___E"":2}"
   1521664,         0,         0,   117.9,decoder_by_matrix,cd5aa4935a142b600239883e928f6c7fc9fbc8c84161e9ed59cf2551b7ebfc3d,"{""distance"":3,""physical_error_rate"":5e-05}","{""detection_events"":8910,""detectors_checked"":82169856}"
   1281024,         0,         0,   116.4,decoder_by_matrix,c8397cb2c46e4683a6f3970bc42cef1aabfef4d80cfcd6b8313e87630b680ee2,"{""distance"":3,""physical_error_rate"":0.0001}","{""detection_events"":15552,""detectors_checked"":69175296}"
   1293312,         1,         0,   118.1,decoder_by_matrix,c8397cb2c46e4683a6f3970bc42cef1aabfef4d80cfcd6b8313e87630b680ee2,"{""distance"":3,""physical_error_rate"":0.0001}","{""detection_events"":15672,""detectors_checked"":69838848,""obs_mistake_mask=_E__"":1}"
   1499136,         0,         0,   117.0,decoder_by_matrix,cd5aa4935a142b600239883e928f6c7fc9fbc8c84161e9ed59cf2551b7ebfc3d,"{""distance"":3,""physical_error_rate"":5e-05}","{""detection_events"":9426,""detectors_checked"":80953344}"
   1543168,         0,         0,   118.7,decoder_by_matrix,cd5aa4935a142b600239883e928f6c7fc9fbc8c84161e9ed59cf2551b7ebfc3d,"{""distance"":3,""physical_error_rate"":5e-05}","{""detection_events"":9291,""detectors_checked"":83331072}"
   1508352,         0,         0,   117.8,decoder_by_matrix,cd5aa4935a142b600239883e928f6c7fc9fbc8c84161e9ed59cf2551b7ebfc3d,"{""distance"":3,""physical_error_rate"":5e-05}","{""detection_events"":9198,""detectors_checked"":81451008}"
   1559552,         0,         0,   116.8,decoder_by_matrix,cd5aa4935a142b600239883e928f6c7fc9fbc8c84161e9ed59cf2551b7ebfc3d,"{""distance"":3,""physical_error_rate"":5e-05}","{""detection_events"":8883,""detectors_checked"":84215808}"
   1270784,         1,         0,   118.3,decoder_by_matrix,c8397cb2c46e4683a6f3970bc42cef1aabfef4d80cfcd6b8313e87630b680ee2,"{""distance"":3,""physical_error_rate"":0.0001}","{""detection_events"":15441,""detectors_checked"":68622336,""obs_mistake_mask=___E"":1}"
   1528832,         0,         0,   117.3,decoder_by_matrix,cd5aa4935a142b600239883e928f6c7fc9fbc8c84161e9ed59cf2551b7ebfc3d,"{""distance"":3,""physical_error_rate"":5e-05}","{""detection_events"":9297,""detectors_checked"":82556928}"
   1299456,         3,         0,   117.8,decoder_by_matrix,c8397cb2c46e4683a6f3970bc42cef1aabfef4d80cfcd6b8313e87630b680ee2,"{""distance"":3,""physical_error_rate"":0.0001}","{""detection_events"":15711,""detectors_checked"":70170624,""obs_mistake_mask=_E_E"":2,""obs_mistake_mask=___E"":1}"
   1278976,         0,         0,   117.9,decoder_by_matrix,c8397cb2c46e4683a6f3970bc42cef1aabfef4d80cfcd6b8313e87630b680ee2,"{""distance"":3,""physical_error_rate"":0.0001}","{""detection_events"":15729,""detectors_checked"":69064704}"
   1546240,         0,         0,   116.2,decoder_by_matrix,cd5aa4935a142b600239883e928f6c7fc9fbc8c84161e9ed59cf2551b7ebfc3d,"{""distance"":3,""physical_error_rate"":5e-05}","{""detection_events"":9387,""detectors_checked"":83496960}"
   1283072,         0,         0,   118.3,decoder_by_matrix,c8397cb2c46e4683a6f3970bc42cef1aabfef4d80cfcd6b8313e87630b680ee2,"{""distance"":3,""physical_error_rate"":0.0001}","{""detection_events"":15714,""detectors_checked"":69285888}"
   1515520,         0,         0,   118.6,decoder_by_matrix,cd5aa4935a142b600239883e928f6c7fc9fbc8c84161e9ed59cf2551b7ebfc3d,"{""distance"":3,""physical_error_rate"":5e-05}","{""detection_events"":9000,""detectors_checked"":81838080}"
   1258496,         1,         0,   115.9,decoder_by_matrix,c8397cb2c46e4683a6f3970bc42cef1aabfef4d80cfcd6b8313e87630b680ee2,"{""distance"":3,""physical_error_rate"":0.0001}","{""detection_events"":15657,""detectors_checked"":67958784,""obs_mistake_mask=_E__"":1}"
   1534976,         0,         0,   117.2,decoder_by_matrix,cd5aa4935a142b600239883e928f6c7fc9fbc8c84161e9ed59cf2551b7ebfc3d,"{""distance"":3,""physical_error_rate"":5e-05}","{""detection_events"":9144,""detectors_checked"":82888704}"
   1287168,         0,         0,   117.9,decoder_by_matrix,c8397cb2c46e4683a6f3970bc42cef1aabfef4d80cfcd6b8313e87630b680ee2,"{""distance"":3,""physical_error_rate"":0.0001}","{""detection_events"":14631,""detectors_checked"":69507072}"
   1509376,         0,         0,   117.6,decoder_by_matrix,cd5aa4935a142b600239883e928f6c7fc9fbc8c84161e9ed59cf2551b7ebfc3d,"{""distance"":3,""physical_error_rate"":5e-05}","{""detection_events"":9279,""detectors_checked"":81506304}"
   1281024,         1,         0,   117.7,decoder_by_matrix,c8397cb2c46e4683a6f3970bc42cef1aabfef4d80cfcd6b8313e87630b680ee2,"{""distance"":3,""physical_error_rate"":0.0001}","{""detection_events"":15204,""detectors_checked"":69175296,""obs_mistake_mask=___E"":1}"
   1554432,         0,         0,   117.7,decoder_by_matrix,cd5aa4935a142b600239883e928f6c7fc9fbc8c84161e9ed59cf2551b7ebfc3d,"{""distance"":3,""physical_error_rate"":5e-05}","{""detection_events"":9171,""detectors_checked"":83939328}"
   1266688,         0,         0,   117.1,decoder_by_matrix,c8397cb2c46e4683a6f3970bc42cef1aabfef4d80cfcd6b8313e87630b680ee2,"{""distance"":3,""physical_error_rate"":0.0001}","{""detection_events"":15168,""detectors_checked"":68401152}"
   1285120,         1,         0,   117.3,decoder_by_matrix,c8397cb2c46e4683a6f3970bc42cef1aabfef4d80cfcd6b8313e87630b680ee2,"{""distance"":3,""physical_error_rate"":0.0001}","{""detection_events"":15993,""detectors_checked"":69396480,""obs_mistake_mask=_EEE"":1}"
   1277952,         1,         0,   115.8,decoder_by_matrix,c8397cb2c46e4683a6f3970bc42cef1aabfef4d80cfcd6b8313e87630b680ee2,"{""distance"":3,""physical_error_rate"":0.0001}","{""detection_events"":15498,""detectors_checked"":69009408,""obs_mistake_mask=___E"":1}"
   1523712,         0,         0,   116.7,decoder_by_matrix,cd5aa4935a142b600239883e928f6c7fc9fbc8c84161e9ed59cf2551b7ebfc3d,"{""distance"":3,""physical_error_rate"":5e-05}","{""detection_events"":8910,""detectors_checked"":82280448}"
   1257472,         0,         0,   117.3,decoder_by_matrix,c8397cb2c46e4683a6f3970bc42cef1aabfef4d80cfcd6b8313e87630b680ee2,"{""distance"":3,""physical_error_rate"":0.0001}","{""detection_events"":15342,""detectors_checked"":67903488}"
   1516544,         0,         0,   116.5,decoder_by_matrix,cd5aa4935a142b600239883e928f6c7fc9fbc8c84161e9ed59cf2551b7ebfc3d,"{""distance"":3,""physical_error_rate"":5e-05}","{""detection_events"":8610,""detectors_checked"":81893376}"
   1539072,         0,         0,   115.1,decoder_by_matrix,cd5aa4935a142b600239883e928f6c7fc9fbc8c84161e9ed59cf2551b7ebfc3d,"{""distance"":3,""physical_error_rate"":5e-05}","{""detection_events"":8856,""detectors_checked"":83109888}"
   1290240,         3,         0,   116.4,decoder_by_matrix,c8397cb2c46e4683a6f3970bc42cef1aabfef4d80cfcd6b8313e87630b680ee2,"{""distance"":3,""physical_error_rate"":0.0001}","{""detection_events"":14628,""detectors_checked"":69672960,""obs_mistake_mask=_EEE"":1,""obs_mistake_mask=_E__"":1,""obs_mistake_mask=___E"":1}"
   1496064,         0,         0,   116.3,decoder_by_matrix,cd5aa4935a142b600239883e928f6c7fc9fbc8c84161e9ed59cf2551b7ebfc3d,"{""distance"":3,""physical_error_rate"":5e-05}","{""detection_events"":9405,""detectors_checked"":80787456}"
   1504256,         0,         0,   117.4,decoder_by_matrix,cd5aa4935a142b600239883e928f6c7fc9fbc8c84161e9ed59cf2551b7ebfc3d,"{""distance"":3,""physical_error_rate"":5e-05}","{""detection_events"":8892,""detectors_checked"":81229824}"
   1268736,         3,         0,   118.6,decoder_by_matrix,c8397cb2c46e4683a6f3970bc42cef1aabfef4d80cfcd6b8313e87630b680ee2,"{""distance"":3,""physical_error_rate"":0.0001}","{""detection_events"":15537,""detectors_checked"":68511744,""obs_mistake_mask=E___"":2,""obs_mistake_mask=_E__"":1}"
   1273856,         1,         0,   116.9,decoder_by_matrix,c8397cb2c46e4683a6f3970bc42cef1aabfef4d80cfcd6b8313e87630b680ee2,"{""distance"":3,""physical_error_rate"":0.0001}","{""detection_events"":15594,""detectors_checked"":68788224,""obs_mistake_mask=E___"":1}"
   1523712,         0,         0,   115.8,decoder_by_matrix,cd5aa4935a142b600239883e928f6c7fc9fbc8c84161e9ed59cf2551b7ebfc3d,"{""distance"":3,""physical_error_rate"":5e-05}","{""detection_events"":8928,""detectors_checked"":82280448}"
   1502208,         0,         0,   117.1,decoder_by_matrix,cd5aa4935a142b600239883e928f6c7fc9fbc8c84161e9ed59cf2551b7ebfc3d,"{""distance"":3,""physical_error_rate"":5e-05}","{""detection_events"":9129,""detectors_checked"":81119232}"
   1265664,         3,         0,   117.0,decoder_by_matrix,c8397cb2c46e4683a6f3970bc42cef1aabfef4d80cfcd6b8313e87630b680ee2,"{""distance"":3,""physical_error_rate"":0.0001}","{""detection_events"":15117,""detectors_checked"":68345856,""obs_mistake_mask=_E_E"":1,""obs_mistake_mask=_E__"":1,""obs_mistake_mask=__E_"":1}"
   1540096,         0,         0,   116.7,decoder_by_matrix,cd5aa4935a142b600239883e928f6c7fc9fbc8c84161e9ed59cf2551b7ebfc3d,"{""distance"":3,""physical_error_rate"":5e-05}","{""detection_events"":9000,""detectors_checked"":83165184}"
   1288192,         0,         0,   116.4,decoder_by_matrix,c8397cb2c46e4683a6f3970bc42cef1aabfef4d80cfcd6b8313e87630b680ee2,"{""distance"":3,""physical_error_rate"":0.0001}","{""detection_events"":15369,""detectors_checked"":69562368}"
   1514496,         1,         0,   116.2,decoder_by_matrix,cd5aa4935a142b600239883e928f6c7fc9fbc8c84161e9ed59cf2551b7ebfc3d,"{""distance"":3,""physical_error_rate"":5e-05}","{""detection_events"":9285,""detectors_checked"":81782784,""obs_mistake_mask=_E__"":1}"
   1290240,         3,         0,   118.3,decoder_by_matrix,c8397cb2c46e4683a6f3970bc42cef1aabfef4d80cfcd6b8313e87630b680ee2,"{""distance"":3,""physical_error_rate"":0.0001}","{""detection_events"":15270,""detectors_checked"":69672960,""obs_mistake_mask=_EE_"":1,""obs_mistake_mask=_E__"":2}"
   1514496,         1,         0,   117.0,decoder_by_matrix,cd5aa4935a142b600239883e928f6c7fc9fbc8c84161e9ed59cf2551b7ebfc3d,"{""distance"":3,""physical_error_rate"":5e-05}","{""detection_events"":9276,""detectors_checked"":81782784,""obs_mistake_mask=E___"":1}"
   1266688,         1,         0,   117.5,decoder_by_matrix,c8397cb2c46e4683a6f3970bc42cef1aabfef4d80cfcd6b8313e87630b680ee2,"{""distance"":3,""physical_error_rate"":0.0001}","{""detection_events"":15753,""detectors_checked"":68401152,""obs_mistake_mask=__E_"":1}"
   1497088,         0,         0,   115.7,decoder_by_matrix,cd5aa4935a142b600239883e928f6c7fc9fbc8c84161e9ed59cf2551b7ebfc3d,"{""distance"":3,""physical_error_rate"":5e-05}","{""detection_events"":8799,""detectors_checked"":80842752}"
   1510400,         0,         0,   116.8,decoder_by_matrix,cd5aa4935a142b600239883e928f6c7fc9fbc8c84161e9ed59cf2551b7ebfc3d,"{""distance"":3,""physical_error_rate"":5e-05}","{""detection_events"":9135,""detectors_checked"":81561600}"
   1500160,         0,         0,   117.4,decoder_by_matrix,cd5aa4935a142b600239883e928f6c7fc9fbc8c84161e9ed59cf2551b7ebfc3d,"{""distance"":3,""physical_error_rate"":5e-05}","{""detection_events"":8868,""detectors_checked"":81008640}"
   1280000,         2,         0,   118.1,decoder_by_matrix,c8397cb2c46e4683a6f3970bc42cef1aabfef4d80cfcd6b8313e87630b680ee2,"{""distance"":3,""physical_error_rate"":0.0001}","{""detection_events"":15678,""detectors_checked"":69120000,""obs_mistake_mask=___E"":2}"
   1488896,         0,         0,   116.5,decoder_by_matrix,cd5aa4935a142b600239883e928f6c7fc9fbc8c84161e9ed59cf2551b7ebfc3d,"{""distance"":3,""physical_error_rate"":5e-05}","{""detection_events"":9369,""detectors_checked"":80400384}"
   1490944,         0,         0,   116.9,decoder_by_matrix,cd5aa4935a142b600239883e928f6c7fc9fbc8c84161e9ed59cf2551b7ebfc3d,"{""distance"":3,""physical_error_rate"":5e-05}","{""detection_events"":8958,""detectors_checked"":80510976}"
   1256448,         1,         0,   118.9,decoder_by_matrix,c8397cb2c46e4683a6f3970bc42cef1aabfef4d80cfcd6b8313e87630b680ee2,"{""distance"":3,""physical_error_rate"":0.0001}","{""detection_events"":14532,""detectors_checked"":67848192,""obs_mistake_mask=_EEE"":1}"
   1252352,         1,         0,   119.0,decoder_by_matrix,c8397cb2c46e4683a6f3970bc42cef1aabfef4d80cfcd6b8313e87630b680ee2,"{""distance"":3,""physical_error_rate"":0.0001}","{""detection_events"":15342,""detectors_checked"":67627008,""obs_mistake_mask=__EE"":1}"
   1289216,         1,         0,   117.6,decoder_by_matrix,c8397cb2c46e4683a6f3970bc42cef1aabfef4d80cfcd6b8313e87630b680ee2,"{""distance"":3,""physical_error_rate"":0.0001}","{""detection_events"":16008,""detectors_checked"":69617664,""obs_mistake_mask=__EE"":1}"
   1277952,         0,         0,   116.2,decoder_by_matrix,c8397cb2c46e4683a6f3970bc42cef1aabfef4d80cfcd6b8313e87630b680ee2,"{""distance"":3,""physical_error_rate"":0.0001}","{""detection_events"":15717,""detectors_checked"":69009408}"
   1516544,         0,         0,   117.4,decoder_by_matrix,cd5aa4935a142b600239883e928f6c7fc9fbc8c84161e9ed59cf2551b7ebfc3d,"{""distance"":3,""physical_error_rate"":5e-05}","{""detection_events"":8967,""detectors_checked"":81893376}"
   1276928,         0,         0,   117.7,decoder_by_matrix,c8397cb2c46e4683a6f3970bc42cef1aabfef4d80cfcd6b8313e87630b680ee2,"{""distance"":3,""physical_error_rate"":0.0001}","{""detection_events"":15195,""detectors_checked"":68954112}"
   1275904,         1,         0,   117.6,decoder_by_matrix,c8397cb2c46e4683a6f3970bc42cef1aabfef4d80cfcd6b8313e87630b680ee2,"{""distance"":3,""physical_error_rate"":0.0001}","{""detection_events"":15171,""detectors_checked"":68898816,""obs_mistake_mask=___E"":1}"
   1277952,         0,         0,   117.9,decoder_by_matrix,c8397cb2c46e4683a6f3970bc42cef1aabfef4d80cfcd6b8313e87630b680ee2,"{""distance"":3,""physical_error_rate"":0.0001}","{""detection_events"":15405,""detectors_checked"":69009408}"
   1502208,         1,         0,   116.6,decoder_by_matrix,cd5aa4935a142b600239883e928f6c7fc9fbc8c84161e9ed59cf2551b7ebfc3d,"{""distance"":3,""physical_error_rate"":5e-05}","{""detection_events"":9345,""detectors_checked"":81119232,""obs_mistake_mask=E___"":1}"
   1509376,         0,         0,   115.9,decoder_by_matrix,cd5aa4935a142b600239883e928f6c7fc9fbc8c84161e9ed59cf2551b7ebfc3d,"{""distance"":3,""physical_error_rate"":5e-05}","{""detection_events"":9384,""detectors_checked"":81506304}"
   1551360,         1,         0,   117.6,decoder_by_matrix,cd5aa4935a142b600239883e928f6c7fc9fbc8c84161e9ed59cf2551b7ebfc3d,"{""distance"":3,""physical_error_rate"":5e-05}","{""detection_events"":8925,""detectors_checked"":83773440,""obs_mistake_mask=___E"":1}"
   1534976,         1,         0,   119.1,decoder_by_matrix,cd5aa4935a142b600239883e928f6c7fc9fbc8c84161e9ed59cf2551b7ebfc3d,"{""distance"":3,""physical_error_rate"":5e-05}","{""detection_events"":8940,""detectors_checked"":82888704,""obs_mistake_mask=___E"":1}"
   1272832,         2,         0,   116.5,decoder_by_matrix,c8397cb2c46e4683a6f3970bc42cef1aabfef4d80cfcd6b8313e87630b680ee2,"{""distance"":3,""physical_error_rate"":0.0001}","{""detection_events"":15861,""detectors_checked"":68732928,""obs_mistake_mask=E___"":1,""obs_mistake_mask=_E_E"":1}"
   1288192,         0,         0,   117.7,decoder_by_matrix,c8397cb2c46e4683a6f3970bc42cef1aabfef4d80cfcd6b8313e87630b680ee2,"{""distance"":3,""physical_error_rate"":0.0001}","{""detection_events"":15099,""detectors_checked"":69562368}"
   1300480,         2,         0,   117.8,decoder_by_matrix,c8397cb2c46e4683a6f3970bc42cef1aabfef4d80cfcd6b8313e87630b680ee2,"{""distance"":3,""physical_error_rate"":0.0001}","{""detection_events"":15390,""detectors_checked"":70225920,""obs_mistake_mask=_EEE"":1,""obs_mistake_mask=__EE"":1}"
   1527808,         0,         0,   117.9,decoder_by_matrix,cd5aa4935a142b600239883e928f6c7fc9fbc8c84161e9ed59cf2551b7ebfc3d,"{""distance"":3,""physical_error_rate"":5e-05}","{""detection_events"":9207,""detectors_checked"":82501632}"
   1273856,         1,         0,   117.1,decoder_by_matrix,c8397cb2c46e4683a6f3970bc42cef1aabfef4d80cfcd6b8313e87630b680ee2,"{""distance"":3,""physical_error_rate"":0.0001}","{""detection_events"":15369,""detectors_checked"":68788224,""obs_mistake_mask=___E"":1}"
   1491968,         0,         0,   117.9,decoder_by_matrix,cd5aa4935a142b600239883e928f6c7fc9fbc8c84161e9ed59cf2551b7ebfc3d,"{""distance"":3,""physical_error_rate"":5e-05}","{""detection_events"":9234,""detectors_checked"":80566272}"
   1284096,         1,         0,   116.1,decoder_by_matrix,c8397cb2c46e4683a6f3970bc42cef1aabfef4d80cfcd6b8313e87630b680ee2,"{""distance"":3,""physical_error_rate"":0.0001}","{""detection_events"":15582,""detectors_checked"":69341184,""obs_mistake_mask=_E__"":1}"
   1510400,         1,         0,   117.0,decoder_by_matrix,cd5aa4935a142b600239883e928f6c7fc9fbc8c84161e9ed59cf2551b7ebfc3d,"{""distance"":3,""physical_error_rate"":5e-05}","{""detection_events"":9336,""detectors_checked"":81561600,""obs_mistake_mask=_EE_"":1}"
   1305600,         0,         0,   117.0,decoder_by_matrix,c8397cb2c46e4683a6f3970bc42cef1aabfef4d80cfcd6b8313e87630b680ee2,"{""distance"":3,""physical_error_rate"":0.0001}","{""detection_events"":15414,""detectors_checked"":70502400}"
   1525760,         1,         0,   117.1,decoder_by_matrix,cd5aa4935a142b600239883e928f6c7fc9fbc8c84161e9ed59cf2551b7ebfc3d,"{""distance"":3,""physical_error_rate"":5e-05}","{""detection_events"":8952,""detectors_checked"":82391040,""obs_mistake_mask=_E__"":1}"
   1537024,         1,         0,   117.3,decoder_by_matrix,cd5aa4935a142b600239883e928f6c7fc9fbc8c84161e9ed59cf2551b7ebfc3d,"{""distance"":3,""physical_error_rate"":5e-05}","{""detection_events"":9081,""detectors_checked"":82999296,""obs_mistake_mask=__EE"":1}"
   1559552,         1,         0,   117.1,decoder_by_matrix,cd5aa4935a142b600239883e928f6c7fc9fbc8c84161e9ed59cf2551b7ebfc3d,"{""distance"":3,""physical_error_rate"":5e-05}","{""detection_events"":8754,""detectors_checked"":84215808,""obs_mistake_mask=__E_"":1}"
   1281024,         0,         0,   116.9,decoder_by_matrix,c8397cb2c46e4683a6f3970bc42cef1aabfef4d80cfcd6b8313e87630b680ee2,"{""distance"":3,""physical_error_rate"":0.0001}","{""detection_events"":14901,""detectors_checked"":69175296}"
   1523712,         0,         0,   117.0,decoder_by_matrix,cd5aa4935a142b600239883e928f6c7fc9fbc8c84161e9ed59cf2551b7ebfc3d,"{""distance"":3,""physical_error_rate"":5e-05}","{""detection_events"":8928,""detectors_checked"":82280448}"
   1295360,         1,         0,   118.0,decoder_by_matrix,c8397cb2c46e4683a6f3970bc42cef1aabfef4d80cfcd6b8313e87630b680ee2,"{""distance"":3,""physical_error_rate"":0.0001}","{""detection_events"":15156,""detectors_checked"":69949440,""obs_mistake_mask=__EE"":1}"
   1296384,         1,         0,   116.0,decoder_by_matrix,c8397cb2c46e4683a6f3970bc42cef1aabfef4d80cfcd6b8313e87630b680ee2,"{""distance"":3,""physical_error_rate"":0.0001}","{""detection_events"":15585,""detectors_checked"":70004736,""obs_mistake_mask=__E_"":1}"
   1523712,         0,         0,   117.6,decoder_by_matrix,cd5aa4935a142b600239883e928f6c7fc9fbc8c84161e9ed59cf2551b7ebfc3d,"{""distance"":3,""physical_error_rate"":5e-05}","{""detection_events"":9303,""detectors_checked"":82280448}"
   1296384,         1,         0,   117.8,decoder_by_matrix,c8397cb2c46e4683a6f3970bc42cef1aabfef4d80cfcd6b8313e87630b680ee2,"{""distance"":3,""physical_error_rate"":0.0001}","{""detection_events"":15141,""detectors_checked"":70004736,""obs_mistake_mask=_EE_"":1}"
   1503232,         0,         0,   117.3,decoder_by_matrix,cd5aa4935a142b600239883e928f6c7fc9fbc8c84161e9ed59cf2551b7ebfc3d,"{""distance"":3,""physical_error_rate"":5e-05}","{""detection_events"":9303,""detectors_checked"":81174528}"
   1289216,         2,         0,   118.8,decoder_by_matrix,c8397cb2c46e4683a6f3970bc42cef1aabfef4d80cfcd6b8313e87630b680ee2,"{""distance"":3,""physical_error_rate"":0.0001}","{""detection_events"":15456,""detectors_checked"":69617664,""obs_mistake_mask=__E_"":2}"
   1278976,         0,         0,   118.4,decoder_by_matrix,c8397cb2c46e4683a6f3970bc42cef1aabfef4d80cfcd6b8313e87630b680ee2,"{""distance"":3,""physical_error_rate"":0.0001}","{""detection_events"":15414,""detectors_checked"":69064704}"
   1519616,         0,         0,   115.5,decoder_by_matrix,cd5aa4935a142b600239883e928f6c7fc9fbc8c84161e9ed59cf2551b7ebfc3d,"{""distance"":3,""physical_error_rate"":5e-05}","{""detection_events"":9168,""detectors_checked"":82059264}"
   1542144,         0,         0,   114.9,decoder_by_matrix,cd5aa4935a142b600239883e928f6c7fc9fbc8c84161e9ed59cf2551b7ebfc3d,"{""distance"":3,""physical_error_rate"":5e-05}","{""detection_events"":9162,""detectors_checked"":83275776}"
   1288192,         1,         0,   116.8,decoder_by_matrix,c8397cb2c46e4683a6f3970bc42cef1aabfef4d80cfcd6b8313e87630b680ee2,"{""distance"":3,""physical_error_rate"":0.0001}","{""detection_events"":15345,""detectors_checked"":69562368,""obs_mistake_mask=___E"":1}"
   1543168,         0,         0,   117.4,decoder_by_matrix,cd5aa4935a142b600239883e928f6c7fc9fbc8c84161e9ed59cf2551b7ebfc3d,"{""distance"":3,""physical_error_rate"":5e-05}","{""detection_events"":9153,""detectors_checked"":83331072}"
   1276928,         0,         0,   117.9,decoder_by_matrix,c8397cb2c46e4683a6f3970bc42cef1aabfef4d80cfcd6b8313e87630b680ee2,"{""distance"":3,""physical_error_rate"":0.0001}","{""detection_events"":15645,""detectors_checked"":68954112}"
   1286144,         0,         0,   116.4,decoder_by_matrix,c8397cb2c46e4683a6f3970bc42cef1aabfef4d80cfcd6b8313e87630b680ee2,"{""distance"":3,""physical_error_rate"":0.0001}","{""detection_events"":15696,""detectors_checked"":69451776}"
   1290240,         2,         0,   116.5,decoder_by_matrix,c8397cb2c46e4683a6f3970bc42cef1aabfef4d80cfcd6b8313e87630b680ee2,"{""distance"":3,""physical_error_rate"":0.0001}","{""detection_events"":15390,""detectors_checked"":69672960,""obs_mistake_mask=_E_E"":1,""obs_mistake_mask=_E__"":1}"
   1530880,         0,         0,   116.2,decoder_by_matrix,cd5aa4935a142b600239883e928f6c7fc9fbc8c84161e9ed59cf2551b7ebfc3d,"{""distance"":3,""physical_error_rate"":5e-05}","{""detection_events"":8718,""detectors_checked"":82667520}"
   1254400,         3,         0,   118.0,decoder_by_matrix,c8397cb2c46e4683a6f3970bc42cef1aabfef4d80cfcd6b8313e87630b680ee2,"{""distance"":3,""physical_error_rate"":0.0001}","{""detection_events"":15093,""detectors_checked"":67737600,""obs_mistake_mask=_EE_"":1,""obs_mistake_mask=_E_E"":1,""obs_mistake_mask=__EE"":1}"
   1524736,         1,         0,   117.5,decoder_by_matrix,cd5aa4935a142b600239883e928f6c7fc9fbc8c84161e9ed59cf2551b7ebfc3d,"{""distance"":3,""physical_error_rate"":5e-05}","{""detection_events"":9255,""detectors_checked"":82335744,""obs_mistake_mask=__E_"":1}"
   1499136,         0,         0,   116.2,decoder_by_matrix,cd5aa4935a142b600239883e928f6c7fc9fbc8c84161e9ed59cf2551b7ebfc3d,"{""distance"":3,""physical_error_rate"":5e-05}","{""detection_events"":8796,""detectors_checked"":80953344}"
   1273856,         0,         0,   117.6,decoder_by_matrix,c8397cb2c46e4683a6f3970bc42cef1aabfef4d80cfcd6b8313e87630b680ee2,"{""distance"":3,""physical_error_rate"":0.0001}","{""detection_events"":15783,""detectors_checked"":68788224}"
   1525760,         0,         0,   116.6,decoder_by_matrix,cd5aa4935a142b600239883e928f6c7fc9fbc8c84161e9ed59cf2551b7ebfc3d,"{""distance"":3,""physical_error_rate"":5e-05}","{""detection_events"":8994,""detectors_checked"":82391040}"
   1501184,         0,         0,   116.0,decoder_by_matrix,cd5aa4935a142b600239883e928f6c7fc9fbc8c84161e9ed59cf2551b7ebfc3d,"{""distance"":3,""physical_error_rate"":5e-05}","{""detection_events"":9360,""detectors_checked"":81063936}"
   1275904,         0,         0,   117.4,decoder_by_matrix,c8397cb2c46e4683a6f3970bc42cef1aabfef4d80cfcd6b8313e87630b680ee2,"{""distance"":3,""physical_error_rate"":0.0001}","{""detection_events"":15603,""detectors_checked"":68898816}"
   1281024,         1,         0,   116.1,decoder_by_matrix,c8397cb2c46e4683a6f3970bc42cef1aabfef4d80cfcd6b8313e87630b680ee2,"{""distance"":3,""physical_error_rate"":0.0001}","{""detection_events"":15576,""detectors_checked"":69175296,""obs_mistake_mask=___E"":1}"
   1505280,         0,         0,   117.0,decoder_by_matrix,cd5aa4935a142b600239883e928f6c7fc9fbc8c84161e9ed59cf2551b7ebfc3d,"{""distance"":3,""physical_error_rate"":5e-05}","{""detection_events"":8964,""detectors_checked"":81285120}"
   1514496,         0,         0,   115.9,decoder_by_matrix,cd5aa4935a142b600239883e928f6c7fc9fbc8c84161e9ed59cf2551b7ebfc3d,"{""distance"":3,""physical_error_rate"":5e-05}","{""detection_events"":9363,""detectors_checked"":81782784}"
   1285120,         1,         0,   116.6,decoder_by_matrix,c8397cb2c46e4683a6f3970bc42cef1aabfef4d80cfcd6b8313e87630b680ee2,"{""distance"":3,""physical_error_rate"":0.0001}","{""detection_events"":14490,""detectors_checked"":69396480,""obs_mistake_mask=__E_"":1}"
   1538048,         0,         0,   116.1,decoder_by_matrix,cd5aa4935a142b600239883e928f6c7fc9fbc8c84161e9ed59cf2551b7ebfc3d,"{""distance"":3,""physical_error_rate"":5e-05}","{""detection_events"":8955,""detectors_checked"":83054592}"
   1291264,         0,         0,   116.9,decoder_by_matrix,c8397cb2c46e4683a6f3970bc42cef1aabfef4d80cfcd6b8313e87630b680ee2,"{""distance"":3,""physical_error_rate"":0.0001}","{""detection_events"":15411,""detectors_checked"":69728256}"
   1513472,         2,         0,   118.1,decoder_by_matrix,cd5aa4935a142b600239883e928f6c7fc9fbc8c84161e9ed59cf2551b7ebfc3d,"{""distance"":3,""physical_error_rate"":5e-05}","{""detection_events"":9120,""detectors_checked"":81727488,""obs_mistake_mask=_E_E"":1,""obs_mistake_mask=_E__"":1}"
   1293312,         3,         0,   117.1,decoder_by_matrix,c8397cb2c46e4683a6f3970bc42cef1aabfef4d80cfcd6b8313e87630b680ee2,"{""distance"":3,""physical_error_rate"":0.0001}","{""detection_events"":15309,""detectors_checked"":69838848,""obs_mistake_mask=___E"":3}"
   1512448,         0,         0,   117.2,decoder_by_matrix,cd5aa4935a142b600239883e928f6c7fc9fbc8c84161e9ed59cf2551b7ebfc3d,"{""distance"":3,""physical_error_rate"":5e-05}","{""detection_events"":9138,""detectors_checked"":81672192}"
   1288192,         3,         0,   116.0,decoder_by_matrix,c8397cb2c46e4683a6f3970bc42cef1aabfef4d80cfcd6b8313e87630b680ee2,"{""distance"":3,""physical_error_rate"":0.0001}","{""detection_events"":14949,""detectors_checked"":69562368,""obs_mistake_mask=_EEE"":1,""obs_mistake_mask=_EE_"":1,""obs_mistake_mask=__E_"":1}"
   1515520,         0,         0,   116.7,decoder_by_matrix,cd5aa4935a142b600239883e928f6c7fc9fbc8c84161e9ed59cf2551b7ebfc3d,"{""distance"":3,""physical_error_rate"":5e-05}","{""detection_events"":9225,""detectors_checked"":81838080}"
   1525760,         0,         0,   118.1,decoder_by_matrix,cd5aa4935a142b600239883e928f6c7fc9fbc8c84161e9ed59cf2551b7ebfc3d,"{""distance"":3,""physical_error_rate"":5e-05}","{""detection_events"":9102,""detectors_checked"":82391040}"
   1511424,         0,         0,   116.6,decoder_by_matrix,cd5aa4935a142b600239883e928f6c7fc9fbc8c84161e9ed59cf2551b7ebfc3d,"{""distance"":3,""physical_error_rate"":5e-05}","{""detection_events"":8640,""detectors_checked"":81616896}"
   1260544,         1,         0,   117.0,decoder_by_matrix,c8397cb2c46e4683a6f3970bc42cef1aabfef4d80cfcd6b8313e87630b680ee2,"{""distance"":3,""physical_error_rate"":0.0001}","{""detection_events"":15654,""detectors_checked"":68069376,""obs_mistake_mask=E___"":1}"
   1499136,         0,         0,   116.6,decoder_by_matrix,cd5aa4935a142b600239883e928f6c7fc9fbc8c84161e9ed59cf2551b7ebfc3d,"{""distance"":3,""physical_error_rate"":5e-05}","{""detection_events"":8976,""detectors_checked"":80953344}"
   1534976,         0,         0,   117.6,decoder_by_matrix,cd5aa4935a142b600239883e928f6c7fc9fbc8c84161e9ed59cf2551b7ebfc3d,"{""distance"":3,""physical_error_rate"":5e-05}","{""detection_events"":9387,""detectors_checked"":82888704}"
   1255424,         1,         0,   118.2,decoder_by_matrix,c8397cb2c46e4683a6f3970bc42cef1aabfef4d80cfcd6b8313e87630b680ee2,"{""distance"":3,""physical_error_rate"":0.0001}","{""detection_events"":15510,""detectors_checked"":67792896,""obs_mistake_mask=E___"":1}"
   1291264,         1,         0,   117.4,decoder_by_matrix,c8397cb2c46e4683a6f3970bc42cef1aabfef4d80cfcd6b8313e87630b680ee2,"{""distance"":3,""physical_error_rate"":0.0001}","{""detection_events"":15180,""detectors_checked"":69728256,""obs_mistake_mask=__E_"":1}"
   1261568,         1,         0,   117.1,decoder_by_matrix,c8397cb2c46e4683a6f3970bc42cef1aabfef4d80cfcd6b8313e87630b680ee2,"{""distance"":3,""physical_error_rate"":0.0001}","{""detection_events"":14673,""detectors_checked"":68124672,""obs_mistake_mask=___E"":1}"
   1277952,         2,         0,   114.9,decoder_by_matrix,c8397cb2c46e4683a6f3970bc42cef1aabfef4d80cfcd6b8313e87630b680ee2,"{""distance"":3,""physical_error_rate"":0.0001}","{""detection_events"":15477,""detectors_checked"":69009408,""obs_mistake_mask=E___"":1,""obs_mistake_mask=___E"":1}"
   1287168,         1,         0,   116.6,decoder_by_matrix,c8397cb2c46e4683a6f3970bc42cef1aabfef4d80cfcd6b8313e87630b680ee2,"{""distance"":3,""physical_error_rate"":0.0001}","{""detection_events"":15255,""detectors_checked"":69507072,""obs_mistake_mask=__E_"":1}"
   1291264,         0,         0,   117.6,decoder_by_matrix,c8397cb2c46e4683a6f3970bc42cef1aabfef4d80cfcd6b8313e87630b680ee2,"{""distance"":3,""physical_error_rate"":0.0001}","{""detection_events"":15528,""detectors_checked"":69728256}"
   1281024,         1,         0,   115.8,decoder_by_matrix,c8397cb2c46e4683a6f3970bc42cef1aabfef4d80cfcd6b8313e87630b680ee2,"{""distance"":3,""physical_error_rate"":0.0001}","{""detection_events"":15387,""detectors_checked"":69175296,""obs_mistake_mask=___E"":1}"
   1549312,         0,         0,   116.2,decoder_by_matrix,cd5aa4935a142b600239883e928f6c7fc9fbc8c84161e9ed59cf2551b7ebfc3d,"{""distance"":3,""physical_error_rate"":5e-05}","{""detection_events"":9141,""detectors_checked"":83662848}"
   1513472,         0,         0,   116.2,decoder_by_matrix,cd5aa4935a142b600239883e928f6c7fc9fbc8c84161e9ed59cf2551b7ebfc3d,"{""distance"":3,""physical_error_rate"":5e-05}","{""detection_events"":9177,""detectors_checked"":81727488}"
   1511424,         0,         0,   117.0,decoder_by_matrix,cd5aa4935a142b600239883e928f6c7fc9fbc8c84161e9ed59cf2551b7ebfc3d,"{""distance"":3,""physical_error_rate"":5e-05}","{""detection_events"":9522,""detectors_checked"":81616896}"
   1276928,         0,         0,   116.3,decoder_by_matrix,c8397cb2c46e4683a6f3970bc42cef1aabfef4d80cfcd6b8313e87630b680ee2,"{""distance"":3,""physical_error_rate"":0.0001}","{""detection_events"":15750,""detectors_checked"":68954112}"
   1541120,         0,         0,   118.4,decoder_by_matrix,cd5aa4935a142b600239883e928f6c7fc9fbc8c84161e9ed59cf2551b7ebfc3d,"{""distance"":3,""physical_error_rate"":5e-05}","{""detection_events"":9009,""detectors_checked"":83220480}"
   1498112,         0,         0,   117.3,decoder_by_matrix,cd5aa4935a142b600239883e928f6c7fc9fbc8c84161e9ed59cf2551b7ebfc3d,"{""distance"":3,""physical_error_rate"":5e-05}","{""detection_events"":9324,""detectors_checked"":80898048}"
   1522688,         0,         0,   116.6,decoder_by_matrix,cd5aa4935a142b600239883e928f6c7fc9fbc8c84161e9ed59cf2551b7ebfc3d,"{""distance"":3,""physical_error_rate"":5e-05}","{""detection_events"":9312,""detectors_checked"":82225152}"
   1291264,         0,         0,   117.9,decoder_by_matrix,c8397cb2c46e4683a6f3970bc42cef1aabfef4d80cfcd6b8313e87630b680ee2,"{""distance"":3,""physical_error_rate"":0.0001}","{""detection_events"":15519,""detectors_checked"":69728256}"
   1292288,         0,         0,   117.8,decoder_by_matrix,c8397cb2c46e4683a6f3970bc42cef1aabfef4d80cfcd6b8313e87630b680ee2,"{""distance"":3,""physical_error_rate"":0.0001}","{""detection_events"":15327,""detectors_checked"":69783552}"
   1275904,         0,         0,   117.6,decoder_by_matrix,c8397cb2c46e4683a6f3970bc42cef1aabfef4d80cfcd6b8313e87630b680ee2,"{""distance"":3,""physical_error_rate"":0.0001}","{""detection_events"":15288,""detectors_checked"":68898816}"
   1512448,         0,         0,   119.0,decoder_by_matrix,cd5aa4935a142b600239883e928f6c7fc9fbc8c84161e9ed59cf2551b7ebfc3d,"{""distance"":3,""physical_error_rate"":5e-05}","{""detection_events"":9240,""detectors_checked"":81672192}"
   1286144,         1,         0,   116.9,decoder_by_matrix,c8397cb2c46e4683a6f3970bc42cef1aabfef4d80cfcd6b8313e87630b680ee2,"{""distance"":3,""physical_error_rate"":0.0001}","{""detection_events"":15531,""detectors_checked"":69451776,""obs_mistake_mask=_EE_"":1}"
   1283072,         1,         0,   117.6,decoder_by_matrix,c8397cb2c46e4683a6f3970bc42cef1aabfef4d80cfcd6b8313e87630b680ee2,"{""distance"":3,""physical_error_rate"":0.0001}","{""detection_events"":15570,""detectors_checked"":69285888,""obs_mistake_mask=_E__"":1}"
   1530880,         0,         0,   117.4,decoder_by_matrix,cd5aa4935a142b600239883e928f6c7fc9fbc8c84161e9ed59cf2551b7ebfc3d,"{""distance"":3,""physical_error_rate"":5e-05}","{""detection_events"":9111,""detectors_checked"":82667520}"
   1534976,         0,         0,   118.6,decoder_by_matrix,cd5aa4935a142b600239883e928f6c7fc9fbc8c84161e9ed59cf2551b7ebfc3d,"{""distance"":3,""physical_error_rate"":5e-05}","{""detection_events"":9075,""detectors_checked"":82888704}"
   1496064,         0,         0,   117.5,decoder_by_matrix,cd5aa4935a142b600239883e928f6c7fc9fbc8c84161e9ed59cf2551b7ebfc3d,"{""distance"":3,""physical_error_rate"":5e-05}","{""detection_events"":9282,""detectors_checked"":80787456}"
   1565696,         1,         0,   114.9,decoder_by_matrix,cd5aa4935a142b600239883e928f6c7fc9fbc8c84161e9ed59cf2551b7ebfc3d,"{""distance"":3,""physical_error_rate"":5e-05}","{""detection_events"":8871,""detectors_checked"":84547584,""obs_mistake_mask=__EE"":1}"
   1276928,         1,         0,   118.9,decoder_by_matrix,c8397cb2c46e4683a6f3970bc42cef1aabfef4d80cfcd6b8313e87630b680ee2,"{""distance"":3,""physical_error_rate"":0.0001}","{""detection_events"":15282,""detectors_checked"":68954112,""obs_mistake_mask=__EE"":1}"
   1512448,         1,         0,   116.7,decoder_by_matrix,cd5aa4935a142b600239883e928f6c7fc9fbc8c84161e9ed59cf2551b7ebfc3d,"{""distance"":3,""physical_error_rate"":5e-05}","{""detection_events"":9330,""detectors_checked"":81672192,""obs_mistake_mask=E___"":1}"
   1285120,         1,         0,   116.3,decoder_by_matrix,c8397cb2c46e4683a6f3970bc42cef1aabfef4d80cfcd6b8313e87630b680ee2,"{""distance"":3,""physical_error_rate"":0.0001}","{""detection_events"":15534,""detectors_checked"":69396480,""obs_mistake_mask=E___"":1}"
   1277952,         1,         0,   117.0,decoder_by_matrix,c8397cb2c46e4683a6f3970bc42cef1aabfef4d80cfcd6b8313e87630b680ee2,"{""distance"":3,""physical_error_rate"":0.0001}","{""detection_events"":15291,""detectors_checked"":69009408,""obs_mistake_mask=_E__"":1}"
   1512448,         0,         0,   116.5,decoder_by_matrix,cd5aa4935a142b600239883e928f6c7fc9fbc8c84161e9ed59cf2551b7ebfc3d,"{""distance"":3,""physical_error_rate"":5e-05}","{""detection_events"":8838,""detectors_checked"":81672192}"
   1290240,         0,         0,   118.6,decoder_by_matrix,c8397cb2c46e4683a6f3970bc42cef1aabfef4d80cfcd6b8313e87630b680ee2,"{""distance"":3,""physical_error_rate"":0.0001}","{""detection_events"":15435,""detectors_checked"":69672960}"
   1537024,         0,         0,   116.4,decoder_by_matrix,cd5aa4935a142b600239883e928f6c7fc9fbc8c84161e9ed59cf2551b7ebfc3d,"{""distance"":3,""physical_error_rate"":5e-05}","{""detection_events"":8958,""detectors_checked"":82999296}"
   1296384,         2,         0,   117.0,decoder_by_matrix,c8397cb2c46e4683a6f3970bc42cef1aabfef4d80cfcd6b8313e87630b680ee2,"{""distance"":3,""physical_error_rate"":0.0001}","{""detection_events"":15321,""detectors_checked"":70004736,""obs_mistake_mask=_E__"":1,""obs_mistake_mask=___E"":1}"
   1282048,         1,         0,   115.7,decoder_by_matrix,c8397cb2c46e4683a6f3970bc42cef1aabfef4d80cfcd6b8313e87630b680ee2,"{""distance"":3,""physical_error_rate"":0.0001}","{""detection_events"":14892,""detectors_checked"":69230592,""obs_mistake_mask=___E"":1}"
   1530880,         0,         0,   117.4,decoder_by_matrix,cd5aa4935a142b600239883e928f6c7fc9fbc8c84161e9ed59cf2551b7ebfc3d,"{""distance"":3,""physical_error_rate"":5e-05}","{""detection_events"":9210,""detectors_checked"":82667520}"
   1536000,         0,         0,   118.5,decoder_by_matrix,cd5aa4935a142b600239883e928f6c7fc9fbc8c84161e9ed59cf2551b7ebfc3d,"{""distance"":3,""physical_error_rate"":5e-05}","{""detection_events"":9258,""detectors_checked"":82944000}"
   1283072,         2,         0,   117.0,decoder_by_matrix,c8397cb2c46e4683a6f3970bc42cef1aabfef4d80cfcd6b8313e87630b680ee2,"{""distance"":3,""physical_error_rate"":0.0001}","{""detection_events"":15828,""detectors_checked"":69285888,""obs_mistake_mask=_EEE"":1,""obs_mistake_mask=_E_E"":1}"
   1538048,         1,         0,   117.9,decoder_by_matrix,cd5aa4935a142b600239883e928f6c7fc9fbc8c84161e9ed59cf2551b7ebfc3d,"{""distance"":3,""physical_error_rate"":5e-05}","{""detection_events"":8925,""detectors_checked"":83054592,""obs_mistake_mask=_EEE"":1}"
   1277952,         2,         0,   117.2,decoder_by_matrix,c8397cb2c46e4683a6f3970bc42cef1aabfef4d80cfcd6b8313e87630b680ee2,"{""distance"":3,""physical_error_rate"":0.0001}","{""detection_events"":15171,""detectors_checked"":69009408,""obs_mistake_mask=E___"":1,""obs_mistake_mask=___E"":1}"
   1291264,         0,         0,   118.4,decoder_by_matrix,c8397cb2c46e4683a6f3970bc42cef1aabfef4d80cfcd6b8313e87630b680ee2,"{""distance"":3,""physical_error_rate"":0.0001}","{""detection_events"":14883,""detectors_checked"":69728256}"
   1284096,         1,         0,   117.6,decoder_by_matrix,c8397cb2c46e4683a6f3970bc42cef1aabfef4d80cfcd6b8313e87630b680ee2,"{""distance"":3,""physical_error_rate"":0.0001}","{""detection_events"":14844,""detectors_checked"":69341184,""obs_mistake_mask=_EEE"":1}"
   1254400,         0,         0,   117.8,decoder_by_matrix,c8397cb2c46e4683a6f3970bc42cef1aabfef4d80cfcd6b8313e87630b680ee2,"{""distance"":3,""physical_error_rate"":0.0001}","{""detection_events"":14856,""detectors_checked"":67737600}"
   1495040,         0,         0,   116.2,decoder_by_matrix,cd5aa4935a142b600239883e928f6c7fc9fbc8c84161e9ed59cf2551b7ebfc3d,"{""distance"":3,""physical_error_rate"":5e-05}","{""detection_events"":9114,""detectors_checked"":80732160}"
   1546240,         0,         0,   117.8,decoder_by_matrix,cd5aa4935a142b600239883e928f6c7fc9fbc8c84161e9ed59cf2551b7ebfc3d,"{""distance"":3,""physical_error_rate"":5e-05}","{""detection_events"":8973,""detectors_checked"":83496960}"
   1525760,         0,         0,   116.9,decoder_by_matrix,cd5aa4935a142b600239883e928f6c7fc9fbc8c84161e9ed59cf2551b7ebfc3d,"{""distance"":3,""physical_error_rate"":5e-05}","{""detection_events"":9003,""detectors_checked"":82391040}"
   1468541,         0,         0,   111.4,decoder_by_matrix,cd5aa4935a142b600239883e928f6c7fc9fbc8c84161e9ed59cf2551b7ebfc3d,"{""distance"":3,""physical_error_rate"":5e-05}","{""detection_events"":8562,""detectors_checked"":79301214}"
   1267712,         0,         0,   117.8,decoder_by_matrix,c8397cb2c46e4683a6f3970bc42cef1aabfef4d80cfcd6b8313e87630b680ee2,"{""distance"":3,""physical_error_rate"":0.0001}","{""detection_events"":15192,""detectors_checked"":68456448}"
   1523712,         0,         0,   116.5,decoder_by_matrix,cd5aa4935a142b600239883e928f6c7fc9fbc8c84161e9ed59cf2551b7ebfc3d,"{""distance"":3,""physical_error_rate"":5e-05}","{""detection_events"":9177,""detectors_checked"":82280448}"
   1283072,         1,         0,   116.1,decoder_by_matrix,c8397cb2c46e4683a6f3970bc42cef1aabfef4d80cfcd6b8313e87630b680ee2,"{""distance"":3,""physical_error_rate"":0.0001}","{""detection_events"":14697,""detectors_checked"":69285888,""obs_mistake_mask=_E__"":1}"
    111675,         0,         0,    8.93,decoder_by_matrix,cd5aa4935a142b600239883e928f6c7fc9fbc8c84161e9ed59cf2551b7ebfc3d,"{""distance"":3,""physical_error_rate"":5e-05}","{""detection_events"":738,""detectors_checked"":6030450}"
   1270784,         2,         0,   117.8,decoder_by_matrix,c8397cb2c46e4683a6f3970bc42cef1aabfef4d80cfcd6b8313e87630b680ee2,"{""distance"":3,""physical_error_rate"":0.0001}","{""detection_events"":15198,""detectors_checked"":68622336,""obs_mistake_mask=__E_"":1,""obs_mistake_mask=___E"":1}"
   1515520,         0,         0,   117.2,decoder_by_matrix,cd5aa4935a142b600239883e928f6c7fc9fbc8c84161e9ed59cf2551b7ebfc3d,"{""distance"":3,""physical_error_rate"":5e-05}","{""detection_events"":9216,""detectors_checked"":81838080}"
   1510400,         0,         0,   115.1,decoder_by_matrix,cd5aa4935a142b600239883e928f6c7fc9fbc8c84161e9ed59cf2551b7ebfc3d,"{""distance"":3,""physical_error_rate"":5e-05}","{""detection_events"":9741,""detectors_checked"":81561600}"
   1281024,         0,         0,   116.4,decoder_by_matrix,c8397cb2c46e4683a6f3970bc42cef1aabfef4d80cfcd6b8313e87630b680ee2,"{""distance"":3,""physical_error_rate"":0.0001}","{""detection_events"":15534,""detectors_checked"":69175296}"
   1545216,         1,         0,   117.3,decoder_by_matrix,cd5aa4935a142b600239883e928f6c7fc9fbc8c84161e9ed59cf2551b7ebfc3d,"{""distance"":3,""physical_error_rate"":5e-05}","{""detection_events"":9417,""detectors_checked"":83441664,""obs_mistake_mask=___E"":1}"
   1281024,         1,         0,   116.8,decoder_by_matrix,c8397cb2c46e4683a6f3970bc42cef1aabfef4d80cfcd6b8313e87630b680ee2,"{""distance"":3,""physical_error_rate"":0.0001}","{""detection_events"":15819,""detectors_checked"":69175296,""obs_mistake_mask=___E"":1}"
   1284096,         3,         0,   117.8,decoder_by_matrix,c8397cb2c46e4683a6f3970bc42cef1aabfef4d80cfcd6b8313e87630b680ee2,"{""distance"":3,""physical_error_rate"":0.0001}","{""detection_events"":15441,""detectors_checked"":69341184,""obs_mistake_mask=_E_E"":1,""obs_mistake_mask=__E_"":1,""obs_mistake_mask=___E"":1}"
   1505280,         0,         0,   116.7,decoder_by_matrix,cd5aa4935a142b600239883e928f6c7fc9fbc8c84161e9ed59cf2551b7ebfc3d,"{""distance"":3,""physical_error_rate"":5e-05}","{""detection_events"":9354,""detectors_checked"":81285120}"
   1525760,         0,         0,   117.2,decoder_by_matrix,cd5aa4935a142b600239883e928f6c7fc9fbc8c84161e9ed59cf2551b7ebfc3d,"{""distance"":3,""physical_error_rate"":5e-05}","{""detection_events"":9231,""detectors_checked"":82391040}"
   1265664,         1,         0,   117.2,decoder_by_matrix,c8397cb2c46e4683a6f3970bc42cef1aabfef4d80cfcd6b8313e87630b680ee2,"{""distance"":3,""physical_error_rate"":0.0001}","{""detection_events"":15570,""detectors_checked"":68345856,""obs_mistake_mask=_E_E"":1}"
     39066,         0,         0,    2.82,decoder_by_matrix,cd5aa4935a142b600239883e928f6c7fc9fbc8c84161e9ed59cf2551b7ebfc3d,"{""distance"":3,""physical_error_rate"":5e-05}","{""detection_events"":213,""detectors_checked"":2109564}"
   1484800,         1,         0,   114.1,decoder_by_matrix,cd5aa4935a142b600239883e928f6c7fc9fbc8c84161e9ed59cf2551b7ebfc3d,"{""distance"":3,""physical_error_rate"":5e-05}","{""detection_events"":8736,""detectors_checked"":80179200,""obs_mistake_mask=_E__"":1}"
   1482752,         0,         0,   114.5,decoder_by_matrix,cd5aa4935a142b600239883e928f6c7fc9fbc8c84161e9ed59cf2551b7ebfc3d,"{""distance"":3,""physical_error_rate"":5e-05}","{""detection_events"":8796,""detectors_checked"":80068608}"
   1482752,         0,         0,   113.8,decoder_by_matrix,cd5aa4935a142b600239883e928f6c7fc9fbc8c84161e9ed59cf2551b7ebfc3d,"{""distance"":3,""physical_error_rate"":5e-05}","{""detection_events"":8664,""detectors_checked"":80068608}"
   1492992,         0,         0,   113.9,decoder_by_matrix,cd5aa4935a142b600239883e928f6c7fc9fbc8c84161e9ed59cf2551b7ebfc3d,"{""distance"":3,""physical_error_rate"":5e-05}","{""detection_events"":8655,""detectors_checked"":80621568}"
   1488896,         1,         0,   114.1,decoder_by_matrix,cd5aa4935a142b600239883e928f6c7fc9fbc8c84161e9ed59cf2551b7ebfc3d,"{""distance"":3,""physical_error_rate"":5e-05}","{""detection_events"":9063,""detectors_checked"":80400384,""obs_mistake_mask=___E"":1}"
   1515520,         0,         0,   116.0,decoder_by_matrix,cd5aa4935a142b600239883e928f6c7fc9fbc8c84161e9ed59cf2551b7ebfc3d,"{""distance"":3,""physical_error_rate"":5e-05}","{""detection_events"":8820,""detectors_checked"":81838080}"
   1472512,         0,         0,   112.9,decoder_by_matrix,cd5aa4935a142b600239883e928f6c7fc9fbc8c84161e9ed59cf2551b7ebfc3d,"{""distance"":3,""physical_error_rate"":5e-05}","{""detection_events"":8736,""detectors_checked"":79515648}"
   1474560,         0,         0,   114.7,decoder_by_matrix,cd5aa4935a142b600239883e928f6c7fc9fbc8c84161e9ed59cf2551b7ebfc3d,"{""distance"":3,""physical_error_rate"":5e-05}","{""detection_events"":8991,""detectors_checked"":79626240}"
   1494016,         1,         0,   114.5,decoder_by_matrix,cd5aa4935a142b600239883e928f6c7fc9fbc8c84161e9ed59cf2551b7ebfc3d,"{""distance"":3,""physical_error_rate"":5e-05}","{""detection_events"":9138,""detectors_checked"":80676864,""obs_mistake_mask=E___"":1}"
   1473536,         0,         0,   114.0,decoder_by_matrix,cd5aa4935a142b600239883e928f6c7fc9fbc8c84161e9ed59cf2551b7ebfc3d,"{""distance"":3,""physical_error_rate"":5e-05}","{""detection_events"":9108,""detectors_checked"":79570944}"
   1467392,         0,         0,   114.3,decoder_by_matrix,cd5aa4935a142b600239883e928f6c7fc9fbc8c84161e9ed59cf2551b7ebfc3d,"{""distance"":3,""physical_error_rate"":5e-05}","{""detection_events"":8580,""detectors_checked"":79239168}"
   1345493,         2,         0,   102.2,decoder_by_matrix,cd5aa4935a142b600239883e928f6c7fc9fbc8c84161e9ed59cf2551b7ebfc3d,"{""distance"":3,""physical_error_rate"":5e-05}","{""detection_events"":7848,""detectors_checked"":72656622,""obs_mistake_mask=_E_E"":1,""obs_mistake_mask=___E"":1}"
   1339392,         0,         0,   106.5,decoder_by_matrix,cd5aa4935a142b600239883e928f6c7fc9fbc8c84161e9ed59cf2551b7ebfc3d,"{""distance"":3,""physical_error_rate"":5e-05}","{""detection_events"":8574,""detectors_checked"":72327168}"
   1067008,         0,         0,    81.6,decoder_by_matrix,cd5aa4935a142b600239883e928f6c7fc9fbc8c84161e9ed59cf2551b7ebfc3d,"{""distance"":3,""physical_error_rate"":5e-05}","{""detection_events"":6192,""detectors_checked"":57618432}"
   1313792,         0,         0,   101.6,decoder_by_matrix,cd5aa4935a142b600239883e928f6c7fc9fbc8c84161e9ed59cf2551b7ebfc3d,"{""distance"":3,""physical_error_rate"":5e-05}","{""detection_events"":7797,""detectors_checked"":70944768}"
   1337344,         0,         0,   103.6,decoder_by_matrix,cd5aa4935a142b600239883e928f6c7fc9fbc8c84161e9ed59cf2551b7ebfc3d,"{""distance"":3,""physical_error_rate"":5e-05}","{""detection_events"":8019,""detectors_checked"":72216576}"
   1328128,         0,         0,   101.7,decoder_by_matrix,cd5aa4935a142b600239883e928f6c7fc9fbc8c84161e9ed59cf2551b7ebfc3d,"{""distance"":3,""physical_error_rate"":5e-05}","{""detection_events"":7752,""detectors_checked"":71718912}"
    915456,         0,         0,    69.3,decoder_by_matrix,cd5aa4935a142b600239883e928f6c7fc9fbc8c84161e9ed59cf2551b7ebfc3d,"{""distance"":3,""physical_error_rate"":5e-05}","{""detection_events"":5427,""detectors_checked"":49434624}"
   1326080,         1,         0,   102.2,decoder_by_matrix,cd5aa4935a142b600239883e928f6c7fc9fbc8c84161e9ed59cf2551b7ebfc3d,"{""distance"":3,""physical_error_rate"":5e-05}","{""detection_events"":8169,""detectors_checked"":71608320,""obs_mistake_mask=___E"":1}"
   1067008,         0,         0,    80.9,decoder_by_matrix,cd5aa4935a142b600239883e928f6c7fc9fbc8c84161e9ed59cf2551b7ebfc3d,"{""distance"":3,""physical_error_rate"":5e-05}","{""detection_events"":6849,""detectors_checked"":57618432}"
   1342464,         0,         0,   102.6,decoder_by_matrix,cd5aa4935a142b600239883e928f6c7fc9fbc8c84161e9ed59cf2551b7ebfc3d,"{""distance"":3,""physical_error_rate"":5e-05}","{""detection_events"":7947,""detectors_checked"":72493056}"
   1264640,         1,         0,    99.1,decoder_by_matrix,cd5aa4935a142b600239883e928f6c7fc9fbc8c84161e9ed59cf2551b7ebfc3d,"{""distance"":3,""physical_error_rate"":5e-05}","{""detection_events"":7686,""detectors_checked"":68290560,""obs_mistake_mask=_EEE"":1}"
      3029,         0,         0,   0.004,decoder_by_matrix,cd5aa4935a142b600239883e928f6c7fc9fbc8c84161e9ed59cf2551b7ebfc3d,"{""distance"":3,""physical_error_rate"":5e-05}","{""detection_events"":9,""detectors_checked"":163566}"
    484352,         0,         0,    36.8,decoder_by_matrix,cd5aa4935a142b600239883e928f6c7fc9fbc8c84161e9ed59cf2551b7ebfc3d,"{""distance"":3,""physical_error_rate"":5e-05}","{""detection_events"":3207,""detectors_checked"":26155008}"
    514048,         0,         0,    41.7,decoder_by_matrix,cd5aa4935a142b600239883e928f6c7fc9fbc8c84161e9ed59cf2551b7ebfc3d,"{""distance"":3,""physical_error_rate"":5e-05}","{""detection_events"":3333,""detectors_checked"":27758592}"
    549888,         0,         0,    41.9,decoder_by_matrix,cd5aa4935a142b600239883e928f6c7fc9fbc8c84161e9ed59cf2551b7ebfc3d,"{""distance"":3,""physical_error_rate"":5e-05}","{""detection_events"":3006,""detectors_checked"":29693952}"
    557056,         1,         0,    41.4,decoder_by_matrix,cd5aa4935a142b600239883e928f6c7fc9fbc8c84161e9ed59cf2551b7ebfc3d,"{""distance"":3,""physical_error_rate"":5e-05}","{""detection_events"":3075,""detectors_checked"":30081024,""obs_mistake_mask=_E_E"":1}"
   1265664,         0,         0,   117.0,decoder_by_matrix,c8397cb2c46e4683a6f3970bc42cef1aabfef4d80cfcd6b8313e87630b680ee2,"{""distance"":3,""physical_error_rate"":0.0001}","{""detection_events"":15171,""detectors_checked"":68345856}"
   1262592,         1,         0,   117.2,decoder_by_matrix,c8397cb2c46e4683a6f3970bc42cef1aabfef4d80cfcd6b8313e87630b680ee2,"{""distance"":3,""physical_error_rate"":0.0001}","{""detection_events"":15366,""detectors_checked"":68179968,""obs_mistake_mask=E___"":1}"
   1295360,         0,         0,   117.6,decoder_by_matrix,c8397cb2c46e4683a6f3970bc42cef1aabfef4d80cfcd6b8313e87630b680ee2,"{""distance"":3,""physical_error_rate"":0.0001}","{""detection_events"":15729,""detectors_checked"":69949440}"
   1281024,         1,         0,   118.1,decoder_by_matrix,c8397cb2c46e4683a6f3970bc42cef1aabfef4d80cfcd6b8313e87630b680ee2,"{""distance"":3,""physical_error_rate"":0.0001}","{""detection_events"":15522,""detectors_checked"":69175296,""obs_mistake_mask=_EEE"":1}"
   1275904,         0,         0,   117.4,decoder_by_matrix,c8397cb2c46e4683a6f3970bc42cef1aabfef4d80cfcd6b8313e87630b680ee2,"{""distance"":3,""physical_error_rate"":0.0001}","{""detection_events"":15270,""detectors_checked"":68898816}"
   1280000,         0,         0,   118.1,decoder_by_matrix,c8397cb2c46e4683a6f3970bc42cef1aabfef4d80cfcd6b8313e87630b680ee2,"{""distance"":3,""physical_error_rate"":0.0001}","{""detection_events"":15471,""detectors_checked"":69120000}"
   1272832,         1,         0,   117.8,decoder_by_matrix,c8397cb2c46e4683a6f3970bc42cef1aabfef4d80cfcd6b8313e87630b680ee2,"{""distance"":3,""physical_error_rate"":0.0001}","{""detection_events"":14925,""detectors_checked"":68732928,""obs_mistake_mask=__EE"":1}"
   1301504,         2,         0,   116.9,decoder_by_matrix,c8397cb2c46e4683a6f3970bc42cef1aabfef4d80cfcd6b8313e87630b680ee2,"{""distance"":3,""physical_error_rate"":0.0001}","{""detection_events"":15363,""detectors_checked"":70281216,""obs_mistake_mask=E___"":1,""obs_mistake_mask=_E__"":1}"
   1285120,         3,         0,   117.9,decoder_by_matrix,c8397cb2c46e4683a6f3970bc42cef1aabfef4d80cfcd6b8313e87630b680ee2,"{""distance"":3,""physical_error_rate"":0.0001}","{""detection_events"":15399,""detectors_checked"":69396480,""obs_mistake_mask=_EEE"":1,""obs_mistake_mask=__E_"":1,""obs_mistake_mask=___E"":1}"
   1276928,         1,         0,   117.5,decoder_by_matrix,c8397cb2c46e4683a6f3970bc42cef1aabfef4d80cfcd6b8313e87630b680ee2,"{""distance"":3,""physical_error_rate"":0.0001}","{""detection_events"":15381,""detectors_checked"":68954112,""obs_mistake_mask=__E_"":1}"
   1284096,         1,         0,   116.2,decoder_by_matrix,c8397cb2c46e4683a6f3970bc42cef1aabfef4d80cfcd6b8313e87630b680ee2,"{""distance"":3,""physical_error_rate"":0.0001}","{""detection_events"":15174,""detectors_checked"":69341184,""obs_mistake_mask=_E__"":1}"
    408631,         0,         0,    30.3,decoder_by_matrix,cd5aa4935a142b600239883e928f6c7fc9fbc8c84161e9ed59cf2551b7ebfc3d,"{""distance"":3,""physical_error_rate"":5e-05}","{""detection_events"":2553,""detectors_checked"":22066074}"
   1272832,         0,         0,   117.0,decoder_by_matrix,c8397cb2c46e4683a6f3970bc42cef1aabfef4d80cfcd6b8313e87630b680ee2,"{""distance"":3,""physical_error_rate"":0.0001}","{""detection_events"":15891,""detectors_checked"":68732928}"
   1285120,         1,         0,   118.3,decoder_by_matrix,c8397cb2c46e4683a6f3970bc42cef1aabfef4d80cfcd6b8313e87630b680ee2,"{""distance"":3,""physical_error_rate"":0.0001}","{""detection_events"":15921,""detectors_checked"":69396480,""obs_mistake_mask=__E_"":1}"
   1307648,         1,         0,   117.4,decoder_by_matrix,c8397cb2c46e4683a6f3970bc42cef1aabfef4d80cfcd6b8313e87630b680ee2,"{""distance"":3,""physical_error_rate"":0.0001}","{""detection_events"":15069,""detectors_checked"":70612992,""obs_mistake_mask=__EE"":1}"
   1273856,         1,         0,   118.6,decoder_by_matrix,c8397cb2c46e4683a6f3970bc42cef1aabfef4d80cfcd6b8313e87630b680ee2,"{""distance"":3,""physical_error_rate"":0.0001}","{""detection_events"":15627,""detectors_checked"":68788224,""obs_mistake_mask=_E__"":1}"
   1276928,         2,         0,   118.2,decoder_by_matrix,c8397cb2c46e4683a6f3970bc42cef1aabfef4d80cfcd6b8313e87630b680ee2,"{""distance"":3,""physical_error_rate"":0.0001}","{""detection_events"":15765,""detectors_checked"":68954112,""obs_mistake_mask=_E__"":1,""obs_mistake_mask=__E_"":1}"
   1298432,         2,         0,   117.3,decoder_by_matrix,c8397cb2c46e4683a6f3970bc42cef1aabfef4d80cfcd6b8313e87630b680ee2,"{""distance"":3,""physical_error_rate"":0.0001}","{""detection_events"":15561,""detectors_checked"":70115328,""obs_mistake_mask=E___"":1,""obs_mistake_mask=_E__"":1}"
   1281024,         1,         0,   118.1,decoder_by_matrix,c8397cb2c46e4683a6f3970bc42cef1aabfef4d80cfcd6b8313e87630b680ee2,"{""distance"":3,""physical_error_rate"":0.0001}","{""detection_events"":15048,""detectors_checked"":69175296,""obs_mistake_mask=_EE_"":1}"
   1290240,         0,         0,   117.8,decoder_by_matrix,c8397cb2c46e4683a6f3970bc42cef1aabfef4d80cfcd6b8313e87630b680ee2,"{""distance"":3,""physical_error_rate"":0.0001}","{""detection_events"":15300,""detectors_checked"":69672960}"
    330070,         0,         0,    25.2,decoder_by_matrix,cd5aa4935a142b600239883e928f6c7fc9fbc8c84161e9ed59cf2551b7ebfc3d,"{""distance"":3,""physical_error_rate"":5e-05}","{""detection_events"":1881,""detectors_checked"":17823780}"
    320512,         0,         0,    24.3,decoder_by_matrix,cd5aa4935a142b600239883e928f6c7fc9fbc8c84161e9ed59cf2551b7ebfc3d,"{""distance"":3,""physical_error_rate"":5e-05}","{""detection_events"":1992,""detectors_checked"":17307648}"
    319755,         0,         0,    24.6,decoder_by_matrix,cd5aa4935a142b600239883e928f6c7fc9fbc8c84161e9ed59cf2551b7ebfc3d,"{""distance"":3,""physical_error_rate"":5e-05}","{""detection_events"":1854,""detectors_checked"":17266770}"
    299747,         0,         0,    21.3,decoder_by_matrix,cd5aa4935a142b600239883e928f6c7fc9fbc8c84161e9ed59cf2551b7ebfc3d,"{""distance"":3,""physical_error_rate"":5e-05}","{""detection_events"":1626,""detectors_checked"":16186338}"
    319488,         0,         0,    24.2,decoder_by_matrix,cd5aa4935a142b600239883e928f6c7fc9fbc8c84161e9ed59cf2551b7ebfc3d,"{""distance"":3,""physical_error_rate"":5e-05}","{""detection_events"":1917,""detectors_checked"":17252352}"
    299747,         0,         0,    21.7,decoder_by_matrix,cd5aa4935a142b600239883e928f6c7fc9fbc8c84161e9ed59cf2551b7ebfc3d,"{""distance"":3,""physical_error_rate"":5e-05}","{""detection_events"":1632,""detectors_checked"":16186338}"
    285696,         0,         0,    22.0,decoder_by_matrix,cd5aa4935a142b600239883e928f6c7fc9fbc8c84161e9ed59cf2551b7ebfc3d,"{""distance"":3,""physical_error_rate"":5e-05}","{""detection_events"":1680,""detectors_checked"":15427584}"
    271028,         0,         0,    20.3,decoder_by_matrix,cd5aa4935a142b600239883e928f6c7fc9fbc8c84161e9ed59cf2551b7ebfc3d,"{""distance"":3,""physical_error_rate"":5e-05}","{""detection_events"":1659,""detectors_checked"":14635512}"
    293888,         0,         0,    21.9,decoder_by_matrix,cd5aa4935a142b600239883e928f6c7fc9fbc8c84161e9ed59cf2551b7ebfc3d,"{""distance"":3,""physical_error_rate"":5e-05}","{""detection_events"":1656,""detectors_checked"":15869952}"
    281600,         0,         0,    22.2,decoder_by_matrix,cd5aa4935a142b600239883e928f6c7fc9fbc8c84161e9ed59cf2551b7ebfc3d,"{""distance"":3,""physical_error_rate"":5e-05}","{""detection_events"":1878,""detectors_checked"":15206400}"
    290816,         0,         0,    22.4,decoder_by_matrix,cd5aa4935a142b600239883e928f6c7fc9fbc8c84161e9ed59cf2551b7ebfc3d,"{""distance"":3,""physical_error_rate"":5e-05}","{""detection_events"":1875,""detectors_checked"":15704064}"
    299008,         0,         0,    22.2,decoder_by_matrix,cd5aa4935a142b600239883e928f6c7fc9fbc8c84161e9ed59cf2551b7ebfc3d,"{""distance"":3,""physical_error_rate"":5e-05}","{""detection_events"":1683,""detectors_checked"":16146432}"
    295936,         0,         0,    21.7,decoder_by_matrix,cd5aa4935a142b600239883e928f6c7fc9fbc8c84161e9ed59cf2551b7ebfc3d,"{""distance"":3,""physical_error_rate"":5e-05}","{""detection_events"":1731,""detectors_checked"":15980544}"
    292864,         0,         0,    22.0,decoder_by_matrix,cd5aa4935a142b600239883e928f6c7fc9fbc8c84161e9ed59cf2551b7ebfc3d,"{""distance"":3,""physical_error_rate"":5e-05}","{""detection_events"":1755,""detectors_checked"":15814656}"
    272384,         0,         0,    20.5,decoder_by_matrix,cd5aa4935a142b600239883e928f6c7fc9fbc8c84161e9ed59cf2551b7ebfc3d,"{""distance"":3,""physical_error_rate"":5e-05}","{""detection_events"":1425,""detectors_checked"":14708736}"
    271360,         0,         0,    19.5,decoder_by_matrix,cd5aa4935a142b600239883e928f6c7fc9fbc8c84161e9ed59cf2551b7ebfc3d,"{""distance"":3,""physical_error_rate"":5e-05}","{""detection_events"":1569,""detectors_checked"":14653440}"
    278528,         0,         0,    21.1,decoder_by_matrix,cd5aa4935a142b600239883e928f6c7fc9fbc8c84161e9ed59cf2551b7ebfc3d,"{""distance"":3,""physical_error_rate"":5e-05}","{""detection_events"":1638,""detectors_checked"":15040512}"
    267264,         0,         0,    21.1,decoder_by_matrix,cd5aa4935a142b600239883e928f6c7fc9fbc8c84161e9ed59cf2551b7ebfc3d,"{""distance"":3,""physical_error_rate"":5e-05}","{""detection_events"":1665,""detectors_checked"":14432256}"
    287744,         1,         0,    21.1,decoder_by_matrix,cd5aa4935a142b600239883e928f6c7fc9fbc8c84161e9ed59cf2551b7ebfc3d,"{""distance"":3,""physical_error_rate"":5e-05}","{""detection_events"":1629,""detectors_checked"":15538176,""obs_mistake_mask=E___"":1}"
    276480,         0,         0,    20.3,decoder_by_matrix,cd5aa4935a142b600239883e928f6c7fc9fbc8c84161e9ed59cf2551b7ebfc3d,"{""distance"":3,""physical_error_rate"":5e-05}","{""detection_events"":1674,""detectors_checked"":14929920}"
    271028,         0,         0,    21.1,decoder_by_matrix,cd5aa4935a142b600239883e928f6c7fc9fbc8c84161e9ed59cf2551b7ebfc3d,"{""distance"":3,""physical_error_rate"":5e-05}","{""detection_events"":1755,""detectors_checked"":14635512}"
    291840,         0,         0,    21.9,decoder_by_matrix,cd5aa4935a142b600239883e928f6c7fc9fbc8c84161e9ed59cf2551b7ebfc3d,"{""distance"":3,""physical_error_rate"":5e-05}","{""detection_events"":1794,""detectors_checked"":15759360}"
    271028,         0,         0,    20.9,decoder_by_matrix,cd5aa4935a142b600239883e928f6c7fc9fbc8c84161e9ed59cf2551b7ebfc3d,"{""distance"":3,""physical_error_rate"":5e-05}","{""detection_events"":1746,""detectors_checked"":14635512}"
    278528,         0,         0,    20.6,decoder_by_matrix,cd5aa4935a142b600239883e928f6c7fc9fbc8c84161e9ed59cf2551b7ebfc3d,"{""distance"":3,""physical_error_rate"":5e-05}","{""detection_events"":1518,""detectors_checked"":15040512}"
    274432,         0,         0,    21.2,decoder_by_matrix,cd5aa4935a142b600239883e928f6c7fc9fbc8c84161e9ed59cf2551b7ebfc3d,"{""distance"":3,""physical_error_rate"":5e-05}","{""detection_events"":1851,""detectors_checked"":14819328}"
      3811,         0,         0,   0.182,decoder_by_matrix,cd5aa4935a142b600239883e928f6c7fc9fbc8c84161e9ed59cf2551b7ebfc3d,"{""distance"":3,""physical_error_rate"":5e-05}","{""detection_events"":15,""detectors_checked"":205794}"
    286720,         0,         0,    23.0,decoder_by_matrix,cd5aa4935a142b600239883e928f6c7fc9fbc8c84161e9ed59cf2551b7ebfc3d,"{""distance"":3,""physical_error_rate"":5e-05}","{""detection_events"":1875,""detectors_checked"":15482880}"
    287744,         0,         0,    21.2,decoder_by_matrix,cd5aa4935a142b600239883e928f6c7fc9fbc8c84161e9ed59cf2551b7ebfc3d,"{""distance"":3,""physical_error_rate"":5e-05}","{""detection_events"":1524,""detectors_checked"":15538176}"
    267264,         0,         0,    20.6,decoder_by_matrix,cd5aa4935a142b600239883e928f6c7fc9fbc8c84161e9ed59cf2551b7ebfc3d,"{""distance"":3,""physical_error_rate"":5e-05}","{""detection_events"":1686,""detectors_checked"":14432256}"
    286720,         0,         0,    21.5,decoder_by_matrix,cd5aa4935a142b600239883e928f6c7fc9fbc8c84161e9ed59cf2551b7ebfc3d,"{""distance"":3,""physical_error_rate"":5e-05}","{""detection_events"":1743,""detectors_checked"":15482880}"
    269312,         0,         0,    20.5,decoder_by_matrix,cd5aa4935a142b600239883e928f6c7fc9fbc8c84161e9ed59cf2551b7ebfc3d,"{""distance"":3,""physical_error_rate"":5e-05}","{""detection_events"":1674,""detectors_checked"":14542848}"
    171008,         0,         0,    13.0,decoder_by_matrix,cd5aa4935a142b600239883e928f6c7fc9fbc8c84161e9ed59cf2551b7ebfc3d,"{""distance"":3,""physical_error_rate"":5e-05}","{""detection_events"":954,""detectors_checked"":9234432}"
      5859,         0,         0,   0.126,decoder_by_matrix,cd5aa4935a142b600239883e928f6c7fc9fbc8c84161e9ed59cf2551b7ebfc3d,"{""distance"":3,""physical_error_rate"":5e-05}","{""detection_events"":42,""detectors_checked"":316386}"
    289792,         0,         0,    22.4,decoder_by_matrix,cd5aa4935a142b600239883e928f6c7fc9fbc8c84161e9ed59cf2551b7ebfc3d,"{""distance"":3,""physical_error_rate"":5e-05}","{""detection_events"":1806,""detectors_checked"":15648768}"
      6883,         0,         0,   0.491,decoder_by_matrix,cd5aa4935a142b600239883e928f6c7fc9fbc8c84161e9ed59cf2551b7ebfc3d,"{""distance"":3,""physical_error_rate"":5e-05}","{""detection_events"":27,""detectors_checked"":371682}"
      1658,         0,         0,   0.003,decoder_by_matrix,cd5aa4935a142b600239883e928f6c7fc9fbc8c84161e9ed59cf2551b7ebfc3d,"{""distance"":3,""physical_error_rate"":5e-05}","{""detection_events"":9,""detectors_checked"":89532}"
      7907,         0,         0,   0.444,decoder_by_matrix,cd5aa4935a142b600239883e928f6c7fc9fbc8c84161e9ed59cf2551b7ebfc3d,"{""distance"":3,""physical_error_rate"":5e-05}","{""detection_events"":63,""detectors_checked"":426978}"
      8931,         0,         0,   0.692,decoder_by_matrix,cd5aa4935a142b600239883e928f6c7fc9fbc8c84161e9ed59cf2551b7ebfc3d,"{""distance"":3,""physical_error_rate"":5e-05}","{""detection_events"":72,""detectors_checked"":482274}"
     45147,         0,         0,    3.58,decoder_by_matrix,cd5aa4935a142b600239883e928f6c7fc9fbc8c84161e9ed59cf2551b7ebfc3d,"{""distance"":3,""physical_error_rate"":5e-05}","{""detection_events"":243,""detectors_checked"":2437938}"
     45056,         0,         0,    3.73,decoder_by_matrix,cd5aa4935a142b600239883e928f6c7fc9fbc8c84161e9ed59cf2551b7ebfc3d,"{""distance"":3,""physical_error_rate"":5e-05}","{""detection_events"":216,""detectors_checked"":2433024}"
        91,         0,         0,   0.000,decoder_by_matrix,cd5aa4935a142b600239883e928f6c7fc9fbc8c84161e9ed59cf2551b7ebfc3d,"{""distance"":3,""physical_error_rate"":5e-05}","{""detectors_checked"":4914}"
     43209,         0,         0,    2.87,decoder_by_matrix,cd5aa4935a142b600239883e928f6c7fc9fbc8c84161e9ed59cf2551b7ebfc3d,"{""distance"":3,""physical_error_rate"":5e-05}","{""detection_events"":189,""detectors_checked"":2333286}"
     43209,         0,         0,    3.26,decoder_by_matrix,cd5aa4935a142b600239883e928f6c7fc9fbc8c84161e9ed59cf2551b7ebfc3d,"{""distance"":3,""physical_error_rate"":5e-05}","{""detection_events"":279,""detectors_checked"":2333286}"
     41799,         0,         0,    3.39,decoder_by_matrix,cd5aa4935a142b600239883e928f6c7fc9fbc8c84161e9ed59cf2551b7ebfc3d,"{""distance"":3,""physical_error_rate"":5e-05}","{""detection_events"":231,""detectors_checked"":2257146}"
     43209,         0,         0,    3.08,decoder_by_matrix,cd5aa4935a142b600239883e928f6c7fc9fbc8c84161e9ed59cf2551b7ebfc3d,"{""distance"":3,""physical_error_rate"":5e-05}","{""detection_events"":228,""detectors_checked"":2333286}"
     41799,         0,         0,    2.83,decoder_by_matrix,cd5aa4935a142b600239883e928f6c7fc9fbc8c84161e9ed59cf2551b7ebfc3d,"{""distance"":3,""physical_error_rate"":5e-05}","{""detection_events"":210,""detectors_checked"":2257146}"
     40960,         0,         0,    3.16,decoder_by_matrix,cd5aa4935a142b600239883e928f6c7fc9fbc8c84161e9ed59cf2551b7ebfc3d,"{""distance"":3,""physical_error_rate"":5e-05}","{""detection_events"":225,""detectors_checked"":2211840}"
     38912,         0,         0,    2.95,decoder_by_matrix,cd5aa4935a142b600239883e928f6c7fc9fbc8c84161e9ed59cf2551b7ebfc3d,"{""distance"":3,""physical_error_rate"":5e-05}","{""detection_events"":201,""detectors_checked"":2101248}"
       839,         0,         0,   0.001,decoder_by_matrix,cd5aa4935a142b600239883e928f6c7fc9fbc8c84161e9ed59cf2551b7ebfc3d,"{""distance"":3,""physical_error_rate"":5e-05}","{""detectors_checked"":45306}"
     41799,         0,         0,    3.08,decoder_by_matrix,cd5aa4935a142b600239883e928f6c7fc9fbc8c84161e9ed59cf2551b7ebfc3d,"{""distance"":3,""physical_error_rate"":5e-05}","{""detection_events"":192,""detectors_checked"":2257146}"
     41799,         0,         0,    3.04,decoder_by_matrix,cd5aa4935a142b600239883e928f6c7fc9fbc8c84161e9ed59cf2551b7ebfc3d,"{""distance"":3,""physical_error_rate"":5e-05}","{""detection_events"":270,""detectors_checked"":2257146}"
     40960,         0,         0,    3.14,decoder_by_matrix,cd5aa4935a142b600239883e928f6c7fc9fbc8c84161e9ed59cf2551b7ebfc3d,"{""distance"":3,""physical_error_rate"":5e-05}","{""detection_events"":198,""detectors_checked"":2211840}"
     40960,         0,         0,    3.39,decoder_by_matrix,cd5aa4935a142b600239883e928f6c7fc9fbc8c84161e9ed59cf2551b7ebfc3d,"{""distance"":3,""physical_error_rate"":5e-05}","{""detection_events"":237,""detectors_checked"":2211840}"
     39936,         0,         0,    3.10,decoder_by_matrix,cd5aa4935a142b600239883e928f6c7fc9fbc8c84161e9ed59cf2551b7ebfc3d,"{""distance"":3,""physical_error_rate"":5e-05}","{""detection_events"":180,""detectors_checked"":2156544}"
     36864,         0,         0,    2.83,decoder_by_matrix,cd5aa4935a142b600239883e928f6c7fc9fbc8c84161e9ed59cf2551b7ebfc3d,"{""distance"":3,""physical_error_rate"":5e-05}","{""detection_events"":159,""detectors_checked"":1990656}"
     37888,         0,         0,    3.17,decoder_by_matrix,cd5aa4935a142b600239883e928f6c7fc9fbc8c84161e9ed59cf2551b7ebfc3d,"{""distance"":3,""physical_error_rate"":5e-05}","{""detection_events"":186,""detectors_checked"":2045952}"
     37888,         0,         0,    3.05,decoder_by_matrix,cd5aa4935a142b600239883e928f6c7fc9fbc8c84161e9ed59cf2551b7ebfc3d,"{""distance"":3,""physical_error_rate"":5e-05}","{""detection_events"":270,""detectors_checked"":2045952}"
     37888,         0,         0,    3.05,decoder_by_matrix,cd5aa4935a142b600239883e928f6c7fc9fbc8c84161e9ed59cf2551b7ebfc3d,"{""distance"":3,""physical_error_rate"":5e-05}","{""detection_events"":210,""detectors_checked"":2045952}"
     35840,         0,         0,    3.15,decoder_by_matrix,cd5aa4935a142b600239883e928f6c7fc9fbc8c84161e9ed59cf2551b7ebfc3d,"{""distance"":3,""physical_error_rate"":5e-05}","{""detection_events"":255,""detectors_checked"":1935360}"
     37792,         0,         0,    2.71,decoder_by_matrix,cd5aa4935a142b600239883e928f6c7fc9fbc8c84161e9ed59cf2551b7ebfc3d,"{""distance"":3,""physical_error_rate"":5e-05}","{""detection_events"":210,""detectors_checked"":2040768}"
     41799,         0,         0,    3.43,decoder_by_matrix,cd5aa4935a142b600239883e928f6c7fc9fbc8c84161e9ed59cf2551b7ebfc3d,"{""distance"":3,""physical_error_rate"":5e-05}","{""detection_events"":234,""detectors_checked"":2257146}"
     37888,         0,         0,    2.68,decoder_by_matrix,cd5aa4935a142b600239883e928f6c7fc9fbc8c84161e9ed59cf2551b7ebfc3d,"{""distance"":3,""physical_error_rate"":5e-05}","{""detection_events"":228,""detectors_checked"":2045952}"
     37792,         0,         0,    2.92,decoder_by_matrix,cd5aa4935a142b600239883e928f6c7fc9fbc8c84161e9ed59cf2551b7ebfc3d,"{""distance"":3,""physical_error_rate"":5e-05}","{""detection_events"":153,""detectors_checked"":2040768}"
      7142,         0,         0,   0.338,decoder_by_matrix,cd5aa4935a142b600239883e928f6c7fc9fbc8c84161e9ed59cf2551b7ebfc3d,"{""distance"":3,""physical_error_rate"":5e-05}","{""detection_events"":27,""detectors_checked"":385668}"
     40448,         0,         0,    3.00,decoder_by_matrix,cd5aa4935a142b600239883e928f6c7fc9fbc8c84161e9ed59cf2551b7ebfc3d,"{""distance"":3,""physical_error_rate"":5e-05}","{""detection_events"":213,""detectors_checked"":2184192}"
       839,         0,         0,   0.001,decoder_by_matrix,cd5aa4935a142b600239883e928f6c7fc9fbc8c84161e9ed59cf2551b7ebfc3d,"{""distance"":3,""physical_error_rate"":5e-05}","{""detection_events"":6,""detectors_checked"":45306}"
      3911,         0,         0,   0.002,decoder_by_matrix,cd5aa4935a142b600239883e928f6c7fc9fbc8c84161e9ed59cf2551b7ebfc3d,"{""distance"":3,""physical_error_rate"":5e-05}","{""detectors_checked"":211194}"
      1952,         0,         0,   0.003,decoder_by_matrix,cd5aa4935a142b600239883e928f6c7fc9fbc8c84161e9ed59cf2551b7ebfc3d,"{""distance"":3,""physical_error_rate"":5e-05}","{""detection_events"":15,""detectors_checked"":105408}"
      3911,         0,         0,   0.003,decoder_by_matrix,cd5aa4935a142b600239883e928f6c7fc9fbc8c84161e9ed59cf2551b7ebfc3d,"{""distance"":3,""physical_error_rate"":5e-05}","{""detection_events"":9,""detectors_checked"":211194}"
      4007,         0,         0,   0.003,decoder_by_matrix,cd5aa4935a142b600239883e928f6c7fc9fbc8c84161e9ed59cf2551b7ebfc3d,"{""distance"":3,""physical_error_rate"":5e-05}","{""detection_events"":15,""detectors_checked"":216378}"
     38912,         0,         0,    3.10,decoder_by_matrix,cd5aa4935a142b600239883e928f6c7fc9fbc8c84161e9ed59cf2551b7ebfc3d,"{""distance"":3,""physical_error_rate"":5e-05}","{""detection_events"":216,""detectors_checked"":2101248}"
     39936,         0,         0,    3.52,decoder_by_matrix,cd5aa4935a142b600239883e928f6c7fc9fbc8c84161e9ed59cf2551b7ebfc3d,"{""distance"":3,""physical_error_rate"":5e-05}","{""detection_events"":264,""detectors_checked"":2156544}"
     34816,         0,         0,    2.70,decoder_by_matrix,cd5aa4935a142b600239883e928f6c7fc9fbc8c84161e9ed59cf2551b7ebfc3d,"{""distance"":3,""physical_error_rate"":5e-05}","{""detection_events"":219,""detectors_checked"":1880064}"
     36442,         0,         0,    2.58,decoder_by_matrix,cd5aa4935a142b600239883e928f6c7fc9fbc8c84161e9ed59cf2551b7ebfc3d,"{""distance"":3,""physical_error_rate"":5e-05}","{""detection_events"":216,""detectors_checked"":1967868}"
      4297,         0,         0,   0.156,decoder_by_matrix,cd5aa4935a142b600239883e928f6c7fc9fbc8c84161e9ed59cf2551b7ebfc3d,"{""distance"":3,""physical_error_rate"":5e-05}","{""detection_events"":27,""detectors_checked"":232038}"
     37888,         0,         0,    2.97,decoder_by_matrix,cd5aa4935a142b600239883e928f6c7fc9fbc8c84161e9ed59cf2551b7ebfc3d,"{""distance"":3,""physical_error_rate"":5e-05}","{""detection_events"":210,""detectors_checked"":2045952}"
      4006,         0,         0,   0.164,decoder_by_matrix,cd5aa4935a142b600239883e928f6c7fc9fbc8c84161e9ed59cf2551b7ebfc3d,"{""distance"":3,""physical_error_rate"":5e-05}","{""detection_events"":12,""detectors_checked"":216324}"
      1863,         0,         0,   0.003,decoder_by_matrix,cd5aa4935a142b600239883e928f6c7fc9fbc8c84161e9ed59cf2551b7ebfc3d,"{""distance"":3,""physical_error_rate"":5e-05}","{""detection_events"":15,""detectors_checked"":100602}"
     32768,         0,         0,    2.85,decoder_by_matrix,cd5aa4935a142b600239883e928f6c7fc9fbc8c84161e9ed59cf2551b7ebfc3d,"{""distance"":3,""physical_error_rate"":5e-05}","{""detection_events"":186,""detectors_checked"":1769472}"
      4007,         0,         0,   0.159,decoder_by_matrix,cd5aa4935a142b600239883e928f6c7fc9fbc8c84161e9ed59cf2551b7ebfc3d,"{""distance"":3,""physical_error_rate"":5e-05}","{""detection_events"":18,""detectors_checked"":216378}"
      7578,         0,         0,   0.238,decoder_by_matrix,cd5aa4935a142b600239883e928f6c7fc9fbc8c84161e9ed59cf2551b7ebfc3d,"{""distance"":3,""physical_error_rate"":5e-05}","{""detection_events"":45,""detectors_checked"":409212}"
     35840,         0,         0,    3.13,decoder_by_matrix,cd5aa4935a142b600239883e928f6c7fc9fbc8c84161e9ed59cf2551b7ebfc3d,"{""distance"":3,""physical_error_rate"":5e-05}","{""detection_events"":279,""detectors_checked"":1935360}"
      4935,         0,         0,   0.156,decoder_by_matrix,cd5aa4935a142b600239883e928f6c7fc9fbc8c84161e9ed59cf2551b7ebfc3d,"{""distance"":3,""physical_error_rate"":5e-05}","{""detection_events"":42,""detectors_checked"":266490}"
     41799,         0,         0,    3.87,decoder_by_matrix,cd5aa4935a142b600239883e928f6c7fc9fbc8c84161e9ed59cf2551b7ebfc3d,"{""distance"":3,""physical_error_rate"":5e-05}","{""detection_events"":324,""detectors_checked"":2257146}"
      2761,         0,         0,   0.214,decoder_by_matrix,cd5aa4935a142b600239883e928f6c7fc9fbc8c84161e9ed59cf2551b7ebfc3d,"{""distance"":3,""physical_error_rate"":5e-05}","{""detection_events"":24,""detectors_checked"":149094}"
      2976,         0,         0,   0.003,decoder_by_matrix,cd5aa4935a142b600239883e928f6c7fc9fbc8c84161e9ed59cf2551b7ebfc3d,"{""distance"":3,""physical_error_rate"":5e-05}","{""detection_events"":6,""detectors_checked"":160704}"
        86,         0,         0,   0.000,decoder_by_matrix,cd5aa4935a142b600239883e928f6c7fc9fbc8c84161e9ed59cf2551b7ebfc3d,"{""distance"":3,""physical_error_rate"":5e-05}","{""detectors_checked"":4644}"
      3413,         0,         0,   0.003,decoder_by_matrix,cd5aa4935a142b600239883e928f6c7fc9fbc8c84161e9ed59cf2551b7ebfc3d,"{""distance"":3,""physical_error_rate"":5e-05}","{""detection_events"":6,""detectors_checked"":184302}"
       512,         0,         0,   0.000,decoder_by_matrix,cd5aa4935a142b600239883e928f6c7fc9fbc8c84161e9ed59cf2551b7ebfc3d,"{""distance"":3,""physical_error_rate"":5e-05}","{""detectors_checked"":27648}"
      1536,         0,         0,   0.002,decoder_by_matrix,cd5aa4935a142b600239883e928f6c7fc9fbc8c84161e9ed59cf2551b7ebfc3d,"{""distance"":3,""physical_error_rate"":5e-05}","{""detection_events"":3,""detectors_checked"":82944}"
      1085,         0,         0,   0.001,decoder_by_matrix,cd5aa4935a142b600239883e928f6c7fc9fbc8c84161e9ed59cf2551b7ebfc3d,"{""distance"":3,""physical_error_rate"":5e-05}","{""detectors_checked"":58590}"
      3413,         0,         0,   0.176,decoder_by_matrix,cd5aa4935a142b600239883e928f6c7fc9fbc8c84161e9ed59cf2551b7ebfc3d,"{""distance"":3,""physical_error_rate"":5e-05}","{""detection_events"":21,""detectors_checked"":184302}"
      4874,         0,         0,   0.197,decoder_by_matrix,cd5aa4935a142b600239883e928f6c7fc9fbc8c84161e9ed59cf2551b7ebfc3d,"{""distance"":3,""physical_error_rate"":5e-05}","{""detection_events"":27,""detectors_checked"":263196}"
      3911,         0,         0,   0.200,decoder_by_matrix,cd5aa4935a142b600239883e928f6c7fc9fbc8c84161e9ed59cf2551b7ebfc3d,"{""distance"":3,""physical_error_rate"":5e-05}","{""detection_events"":48,""detectors_checked"":211194}"
      7563,         0,         0,   0.450,decoder_by_matrix,cd5aa4935a142b600239883e928f6c7fc9fbc8c84161e9ed59cf2551b7ebfc3d,"{""distance"":3,""physical_error_rate"":5e-05}","{""detection_events"":24,""detectors_checked"":408402}"
      8882,         0,         0,   0.437,decoder_by_matrix,cd5aa4935a142b600239883e928f6c7fc9fbc8c84161e9ed59cf2551b7ebfc3d,"{""distance"":3,""physical_error_rate"":5e-05}","{""detection_events"":60,""detectors_checked"":479628}"
      4720,         0,         0,   0.198,decoder_by_matrix,cd5aa4935a142b600239883e928f6c7fc9fbc8c84161e9ed59cf2551b7ebfc3d,"{""distance"":3,""physical_error_rate"":5e-05}","{""detection_events"":24,""detectors_checked"":254880}"
      8192,         0,         0,   0.442,decoder_by_matrix,cd5aa4935a142b600239883e928f6c7fc9fbc8c84161e9ed59cf2551b7ebfc3d,"{""distance"":3,""physical_error_rate"":5e-05}","{""detection_events"":39,""detectors_checked"":442368}"
       261,         0,         0,   0.001,decoder_by_matrix,cd5aa4935a142b600239883e928f6c7fc9fbc8c84161e9ed59cf2551b7ebfc3d,"{""distance"":3,""physical_error_rate"":5e-05}","{""detection_events"":9,""detectors_checked"":14094}"
      3234,         0,         0,   0.142,decoder_by_matrix,cd5aa4935a142b600239883e928f6c7fc9fbc8c84161e9ed59cf2551b7ebfc3d,"{""distance"":3,""physical_error_rate"":5e-05}","{""detection_events"":15,""detectors_checked"":174636}"
      4720,         0,         0,   0.167,decoder_by_matrix,cd5aa4935a142b600239883e928f6c7fc9fbc8c84161e9ed59cf2551b7ebfc3d,"{""distance"":3,""physical_error_rate"":5e-05}","{""detection_events"":12,""detectors_checked"":254880}"
      1472,         0,         0,   0.001,decoder_by_matrix,cd5aa4935a142b600239883e928f6c7fc9fbc8c84161e9ed59cf2551b7ebfc3d,"{""distance"":3,""physical_error_rate"":5e-05}","{""detectors_checked"":79488}"
       929,         0,         0,   0.001,decoder_by_matrix,cd5aa4935a142b600239883e928f6c7fc9fbc8c84161e9ed59cf2551b7ebfc3d,"{""distance"":3,""physical_error_rate"":5e-05}","{""detectors_checked"":50166}"
       126,         0,         0,   0.000,decoder_by_matrix,cd5aa4935a142b600239883e928f6c7fc9fbc8c84161e9ed59cf2551b7ebfc3d,"{""distance"":3,""physical_error_rate"":5e-05}","{""detectors_checked"":6804}"
       483,         0,         0,   0.000,decoder_by_matrix,cd5aa4935a142b600239883e928f6c7fc9fbc8c84161e9ed59cf2551b7ebfc3d,"{""distance"":3,""physical_error_rate"":5e-05}","{""detectors_checked"":26082}"
       498,         0,         0,   0.000,decoder_by_matrix,cd5aa4935a142b600239883e928f6c7fc9fbc8c84161e9ed59cf2551b7ebfc3d,"{""distance"":3,""physical_error_rate"":5e-05}","{""detectors_checked"":26892}"
        15,         0,         0,   0.000,decoder_by_matrix,cd5aa4935a142b600239883e928f6c7fc9fbc8c84161e9ed59cf2551b7ebfc3d,"{""distance"":3,""physical_error_rate"":5e-05}","{""detectors_checked"":810}"
       498,         0,         0,   0.001,decoder_by_matrix,cd5aa4935a142b600239883e928f6c7fc9fbc8c84161e9ed59cf2551b7ebfc3d,"{""distance"":3,""physical_error_rate"":5e-05}","{""detection_events"":3,""detectors_checked"":26892}"
       154,         0,         0,   0.000,decoder_by_matrix,cd5aa4935a142b600239883e928f6c7fc9fbc8c84161e9ed59cf2551b7ebfc3d,"{""distance"":3,""physical_error_rate"":5e-05}","{""detectors_checked"":8316}"
        93,         0,         0,   0.000,decoder_by_matrix,cd5aa4935a142b600239883e928f6c7fc9fbc8c84161e9ed59cf2551b7ebfc3d,"{""distance"":3,""physical_error_rate"":5e-05}","{""detection_events"":3,""detectors_checked"":5022}"
       119,         0,         0,   0.000,decoder_by_matrix,cd5aa4935a142b600239883e928f6c7fc9fbc8c84161e9ed59cf2551b7ebfc3d,"{""distance"":3,""physical_error_rate"":5e-05}","{""detectors_checked"":6426}"
       265,         0,         0,   0.000,decoder_by_matrix,cd5aa4935a142b600239883e928f6c7fc9fbc8c84161e9ed59cf2551b7ebfc3d,"{""distance"":3,""physical_error_rate"":5e-05}","{""detectors_checked"":14310}"
     12288,         0,         0,   0.873,decoder_by_matrix,cd5aa4935a142b600239883e928f6c7fc9fbc8c84161e9ed59cf2551b7ebfc3d,"{""distance"":3,""physical_error_rate"":5e-05}","{""detection_events"":78,""detectors_checked"":663552}"
      9216,         0,         0,   0.650,decoder_by_matrix,cd5aa4935a142b600239883e928f6c7fc9fbc8c84161e9ed59cf2551b7ebfc3d,"{""distance"":3,""physical_error_rate"":5e-05}","{""detection_events"":60,""detectors_checked"":497664}"
       654,         0,         0,   0.001,decoder_by_matrix,cd5aa4935a142b600239883e928f6c7fc9fbc8c84161e9ed59cf2551b7ebfc3d,"{""distance"":3,""physical_error_rate"":5e-05}","{""detectors_checked"":35316}"
       654,         0,         0,   0.001,decoder_by_matrix,cd5aa4935a142b600239883e928f6c7fc9fbc8c84161e9ed59cf2551b7ebfc3d,"{""distance"":3,""physical_error_rate"":5e-05}","{""detection_events"":6,""detectors_checked"":35316}"
       654,         0,         0,   0.001,decoder_by_matrix,cd5aa4935a142b600239883e928f6c7fc9fbc8c84161e9ed59cf2551b7ebfc3d,"{""distance"":3,""physical_error_rate"":5e-05}","{""detection_events"":15,""detectors_checked"":35316}"
       654,         0,         0,   0.001,decoder_by_matrix,cd5aa4935a142b600239883e928f6c7fc9fbc8c84161e9ed59cf2551b7ebfc3d,"{""distance"":3,""physical_error_rate"":5e-05}","{""detectors_checked"":35316}"
       654,         0,         0,   0.000,decoder_by_matrix,cd5aa4935a142b600239883e928f6c7fc9fbc8c84161e9ed59cf2551b7ebfc3d,"{""distance"":3,""physical_error_rate"":5e-05}","{""detectors_checked"":35316}"
       654,         0,         0,   0.001,decoder_by_matrix,cd5aa4935a142b600239883e928f6c7fc9fbc8c84161e9ed59cf2551b7ebfc3d,"{""distance"":3,""physical_error_rate"":5e-05}","{""detectors_checked"":35316}"
       654,         0,         0,   0.001,decoder_by_matrix,cd5aa4935a142b600239883e928f6c7fc9fbc8c84161e9ed59cf2551b7ebfc3d,"{""distance"":3,""physical_error_rate"":5e-05}","{""detectors_checked"":35316}"
       654,         0,         0,   0.001,decoder_by_matrix,cd5aa4935a142b600239883e928f6c7fc9fbc8c84161e9ed59cf2551b7ebfc3d,"{""distance"":3,""physical_error_rate"":5e-05}","{""detectors_checked"":35316}"
       654,         0,         0,   0.001,decoder_by_matrix,cd5aa4935a142b600239883e928f6c7fc9fbc8c84161e9ed59cf2551b7ebfc3d,"{""distance"":3,""physical_error_rate"":5e-05}","{""detection_events"":24,""detectors_checked"":35316}"
       543,         0,         0,   0.000,decoder_by_matrix,cd5aa4935a142b600239883e928f6c7fc9fbc8c84161e9ed59cf2551b7ebfc3d,"{""distance"":3,""physical_error_rate"":5e-05}","{""detectors_checked"":29322}"
       654,         0,         0,   0.001,decoder_by_matrix,cd5aa4935a142b600239883e928f6c7fc9fbc8c84161e9ed59cf2551b7ebfc3d,"{""distance"":3,""physical_error_rate"":5e-05}","{""detectors_checked"":35316}"
       288,         0,         0,   0.000,decoder_by_matrix,cd5aa4935a142b600239883e928f6c7fc9fbc8c84161e9ed59cf2551b7ebfc3d,"{""distance"":3,""physical_error_rate"":5e-05}","{""detectors_checked"":15552}"
       288,         0,         0,   0.000,decoder_by_matrix,cd5aa4935a142b600239883e928f6c7fc9fbc8c84161e9ed59cf2551b7ebfc3d,"{""distance"":3,""physical_error_rate"":5e-05}","{""detectors_checked"":15552}"
       654,         0,         0,   0.001,decoder_by_matrix,cd5aa4935a142b600239883e928f6c7fc9fbc8c84161e9ed59cf2551b7ebfc3d,"{""distance"":3,""physical_error_rate"":5e-05}","{""detectors_checked"":35316}"
       654,         0,         0,   0.001,decoder_by_matrix,cd5aa4935a142b600239883e928f6c7fc9fbc8c84161e9ed59cf2551b7ebfc3d,"{""distance"":3,""physical_error_rate"":5e-05}","{""detection_events"":9,""detectors_checked"":35316}"
       288,         0,         0,   0.001,decoder_by_matrix,cd5aa4935a142b600239883e928f6c7fc9fbc8c84161e9ed59cf2551b7ebfc3d,"{""distance"":3,""physical_error_rate"":5e-05}","{""detection_events"":3,""detectors_checked"":15552}"
       288,         0,         0,   0.001,decoder_by_matrix,cd5aa4935a142b600239883e928f6c7fc9fbc8c84161e9ed59cf2551b7ebfc3d,"{""distance"":3,""physical_error_rate"":5e-05}","{""detection_events"":3,""detectors_checked"":15552}"
       288,         0,         0,   0.000,decoder_by_matrix,cd5aa4935a142b600239883e928f6c7fc9fbc8c84161e9ed59cf2551b7ebfc3d,"{""distance"":3,""physical_error_rate"":5e-05}","{""detectors_checked"":15552}"
       288,         0,         0,   0.001,decoder_by_matrix,cd5aa4935a142b600239883e928f6c7fc9fbc8c84161e9ed59cf2551b7ebfc3d,"{""distance"":3,""physical_error_rate"":5e-05}","{""detection_events"":12,""detectors_checked"":15552}"
       654,         0,         0,   0.001,decoder_by_matrix,cd5aa4935a142b600239883e928f6c7fc9fbc8c84161e9ed59cf2551b7ebfc3d,"{""distance"":3,""physical_error_rate"":5e-05}","{""detection_events"":21,""detectors_checked"":35316}"
       288,         0,         0,   0.000,decoder_by_matrix,cd5aa4935a142b600239883e928f6c7fc9fbc8c84161e9ed59cf2551b7ebfc3d,"{""distance"":3,""physical_error_rate"":5e-05}","{""detectors_checked"":15552}"
       654,         0,         0,   0.001,decoder_by_matrix,cd5aa4935a142b600239883e928f6c7fc9fbc8c84161e9ed59cf2551b7ebfc3d,"{""distance"":3,""physical_error_rate"":5e-05}","{""detectors_checked"":35316}"
       288,         0,         0,   0.000,decoder_by_matrix,cd5aa4935a142b600239883e928f6c7fc9fbc8c84161e9ed59cf2551b7ebfc3d,"{""distance"":3,""physical_error_rate"":5e-05}","{""detectors_checked"":15552}"
       288,         0,         0,   0.000,decoder_by_matrix,cd5aa4935a142b600239883e928f6c7fc9fbc8c84161e9ed59cf2551b7ebfc3d,"{""distance"":3,""physical_error_rate"":5e-05}","{""detectors_checked"":15552}"
       654,         0,         0,   0.001,decoder_by_matrix,cd5aa4935a142b600239883e928f6c7fc9fbc8c84161e9ed59cf2551b7ebfc3d,"{""distance"":3,""physical_error_rate"":5e-05}","{""detectors_checked"":35316}"
       654,         0,         0,   0.001,decoder_by_matrix,cd5aa4935a142b600239883e928f6c7fc9fbc8c84161e9ed59cf2551b7ebfc3d,"{""distance"":3,""physical_error_rate"":5e-05}","{""detectors_checked"":35316}"
       288,         0,         0,   0.000,decoder_by_matrix,cd5aa4935a142b600239883e928f6c7fc9fbc8c84161e9ed59cf2551b7ebfc3d,"{""distance"":3,""physical_error_rate"":5e-05}","{""detectors_checked"":15552}"
       288,         0,         0,   0.000,decoder_by_matrix,cd5aa4935a142b600239883e928f6c7fc9fbc8c84161e9ed59cf2551b7ebfc3d,"{""distance"":3,""physical_error_rate"":5e-05}","{""detectors_checked"":15552}"
       654,         0,         0,   0.001,decoder_by_matrix,cd5aa4935a142b600239883e928f6c7fc9fbc8c84161e9ed59cf2551b7ebfc3d,"{""distance"":3,""physical_error_rate"":5e-05}","{""detection_events"":12,""detectors_checked"":35316}"
       279,         0,         0,   0.001,decoder_by_matrix,cd5aa4935a142b600239883e928f6c7fc9fbc8c84161e9ed59cf2551b7ebfc3d,"{""distance"":3,""physical_error_rate"":5e-05}","{""detection_events"":3,""detectors_checked"":15066}"
        38,         0,         0,   0.000,decoder_by_matrix,cd5aa4935a142b600239883e928f6c7fc9fbc8c84161e9ed59cf2551b7ebfc3d,"{""distance"":3,""physical_error_rate"":5e-05}","{""detectors_checked"":2052}"
       288,         0,         0,   0.000,decoder_by_matrix,cd5aa4935a142b600239883e928f6c7fc9fbc8c84161e9ed59cf2551b7ebfc3d,"{""distance"":3,""physical_error_rate"":5e-05}","{""detectors_checked"":15552}"
       250,         0,         0,   0.001,decoder_by_matrix,cd5aa4935a142b600239883e928f6c7fc9fbc8c84161e9ed59cf2551b7ebfc3d,"{""distance"":3,""physical_error_rate"":5e-05}","{""detection_events"":3,""detectors_checked"":13500}"
        18,         0,         0,   0.000,decoder_by_matrix,cd5aa4935a142b600239883e928f6c7fc9fbc8c84161e9ed59cf2551b7ebfc3d,"{""distance"":3,""physical_error_rate"":5e-05}","{""detectors_checked"":972}"
       250,         0,         0,   0.000,decoder_by_matrix,cd5aa4935a142b600239883e928f6c7fc9fbc8c84161e9ed59cf2551b7ebfc3d,"{""distance"":3,""physical_error_rate"":5e-05}","{""detectors_checked"":13500}"
       654,         0,         0,   0.001,decoder_by_matrix,cd5aa4935a142b600239883e928f6c7fc9fbc8c84161e9ed59cf2551b7ebfc3d,"{""distance"":3,""physical_error_rate"":5e-05}","{""detection_events"":6,""detectors_checked"":35316}"
        77,         0,         0,   0.000,decoder_by_matrix,cd5aa4935a142b600239883e928f6c7fc9fbc8c84161e9ed59cf2551b7ebfc3d,"{""distance"":3,""physical_error_rate"":5e-05}","{""detectors_checked"":4158}"
       211,         0,         0,   0.000,decoder_by_matrix,cd5aa4935a142b600239883e928f6c7fc9fbc8c84161e9ed59cf2551b7ebfc3d,"{""distance"":3,""physical_error_rate"":5e-05}","{""detectors_checked"":11394}"
       654,         0,         0,   0.001,decoder_by_matrix,cd5aa4935a142b600239883e928f6c7fc9fbc8c84161e9ed59cf2551b7ebfc3d,"{""distance"":3,""physical_error_rate"":5e-05}","{""detectors_checked"":35316}"
       288,         0,         0,   0.001,decoder_by_matrix,cd5aa4935a142b600239883e928f6c7fc9fbc8c84161e9ed59cf2551b7ebfc3d,"{""distance"":3,""physical_error_rate"":5e-05}","{""detection_events"":9,""detectors_checked"":15552}"
       654,         0,         0,   0.001,decoder_by_matrix,cd5aa4935a142b600239883e928f6c7fc9fbc8c84161e9ed59cf2551b7ebfc3d,"{""distance"":3,""physical_error_rate"":5e-05}","{""detection_events"":9,""detectors_checked"":35316}"
       654,         0,         0,   0.001,decoder_by_matrix,cd5aa4935a142b600239883e928f6c7fc9fbc8c84161e9ed59cf2551b7ebfc3d,"{""distance"":3,""physical_error_rate"":5e-05}","{""detection_events"":15,""detectors_checked"":35316}"
         9,         0,         0,   0.000,decoder_by_matrix,cd5aa4935a142b600239883e928f6c7fc9fbc8c84161e9ed59cf2551b7ebfc3d,"{""distance"":3,""physical_error_rate"":5e-05}","{""detectors_checked"":486}"
       593,         0,         0,   0.000,decoder_by_matrix,cd5aa4935a142b600239883e928f6c7fc9fbc8c84161e9ed59cf2551b7ebfc3d,"{""distance"":3,""physical_error_rate"":5e-05}","{""detectors_checked"":32022}"
        20,         0,         0,   0.000,decoder_by_matrix,cd5aa4935a142b600239883e928f6c7fc9fbc8c84161e9ed59cf2551b7ebfc3d,"{""distance"":3,""physical_error_rate"":5e-05}","{""detectors_checked"":1080}"
        36,         0,         0,   0.000,decoder_by_matrix,cd5aa4935a142b600239883e928f6c7fc9fbc8c84161e9ed59cf2551b7ebfc3d,"{""distance"":3,""physical_error_rate"":5e-05}","{""detectors_checked"":1944}"
       156,         0,         0,   0.000,decoder_by_matrix,cd5aa4935a142b600239883e928f6c7fc9fbc8c84161e9ed59cf2551b7ebfc3d,"{""distance"":3,""physical_error_rate"":5e-05}","{""detectors_checked"":8424}"
        76,         0,         0,   0.000,decoder_by_matrix,cd5aa4935a142b600239883e928f6c7fc9fbc8c84161e9ed59cf2551b7ebfc3d,"{""distance"":3,""physical_error_rate"":5e-05}","{""detectors_checked"":4104}"
        56,         0,         0,   0.000,decoder_by_matrix,cd5aa4935a142b600239883e928f6c7fc9fbc8c84161e9ed59cf2551b7ebfc3d,"{""distance"":3,""physical_error_rate"":5e-05}","{""detection_events"":6,""detectors_checked"":3024}"
       132,         0,         0,   0.000,decoder_by_matrix,cd5aa4935a142b600239883e928f6c7fc9fbc8c84161e9ed59cf2551b7ebfc3d,"{""distance"":3,""physical_error_rate"":5e-05}","{""detectors_checked"":7128}"
       126,         0,         0,   0.000,decoder_by_matrix,cd5aa4935a142b600239883e928f6c7fc9fbc8c84161e9ed59cf2551b7ebfc3d,"{""distance"":3,""physical_error_rate"":5e-05}","{""detectors_checked"":6804}"
        97,         0,         0,   0.000,decoder_by_matrix,cd5aa4935a142b600239883e928f6c7fc9fbc8c84161e9ed59cf2551b7ebfc3d,"{""distance"":3,""physical_error_rate"":5e-05}","{""detectors_checked"":5238}"
         2,         0,         0,   0.000,decoder_by_matrix,cd5aa4935a142b600239883e928f6c7fc9fbc8c84161e9ed59cf2551b7ebfc3d,"{""distance"":3,""physical_error_rate"":5e-05}","{""detectors_checked"":108}"
        56,         0,         0,   0.000,decoder_by_matrix,cd5aa4935a142b600239883e928f6c7fc9fbc8c84161e9ed59cf2551b7ebfc3d,"{""distance"":3,""physical_error_rate"":5e-05}","{""detectors_checked"":3024}"
        97,         0,         0,   0.000,decoder_by_matrix,cd5aa4935a142b600239883e928f6c7fc9fbc8c84161e9ed59cf2551b7ebfc3d,"{""distance"":3,""physical_error_rate"":5e-05}","{""detectors_checked"":5238}"
       126,         0,         0,   0.000,decoder_by_matrix,cd5aa4935a142b600239883e928f6c7fc9fbc8c84161e9ed59cf2551b7ebfc3d,"{""distance"":3,""physical_error_rate"":5e-05}","{""detectors_checked"":6804}"
        56,         0,         0,   0.000,decoder_by_matrix,cd5aa4935a142b600239883e928f6c7fc9fbc8c84161e9ed59cf2551b7ebfc3d,"{""distance"":3,""physical_error_rate"":5e-05}","{""detectors_checked"":3024}"
        56,         0,         0,   0.000,decoder_by_matrix,cd5aa4935a142b600239883e928f6c7fc9fbc8c84161e9ed59cf2551b7ebfc3d,"{""distance"":3,""physical_error_rate"":5e-05}","{""detectors_checked"":3024}"
        18,         0,         0,   0.000,decoder_by_matrix,cd5aa4935a142b600239883e928f6c7fc9fbc8c84161e9ed59cf2551b7ebfc3d,"{""distance"":3,""physical_error_rate"":5e-05}","{""detectors_checked"":972}"
         7,         0,         0,   0.000,decoder_by_matrix,cd5aa4935a142b600239883e928f6c7fc9fbc8c84161e9ed59cf2551b7ebfc3d,"{""distance"":3,""physical_error_rate"":5e-05}","{""detectors_checked"":378}"
         7,         0,         0,   0.000,decoder_by_matrix,cd5aa4935a142b600239883e928f6c7fc9fbc8c84161e9ed59cf2551b7ebfc3d,"{""distance"":3,""physical_error_rate"":5e-05}","{""detectors_checked"":378}"
         5,         0,         0,   0.000,decoder_by_matrix,cd5aa4935a142b600239883e928f6c7fc9fbc8c84161e9ed59cf2551b7ebfc3d,"{""distance"":3,""physical_error_rate"":5e-05}","{""detectors_checked"":270}"
         3,         0,         0,   0.000,decoder_by_matrix,cd5aa4935a142b600239883e928f6c7fc9fbc8c84161e9ed59cf2551b7ebfc3d,"{""distance"":3,""physical_error_rate"":5e-05}","{""detectors_checked"":162}"
        18,         0,         0,   0.000,decoder_by_matrix,cd5aa4935a142b600239883e928f6c7fc9fbc8c84161e9ed59cf2551b7ebfc3d,"{""distance"":3,""physical_error_rate"":5e-05}","{""detectors_checked"":972}"
         5,         0,         0,   0.000,decoder_by_matrix,cd5aa4935a142b600239883e928f6c7fc9fbc8c84161e9ed59cf2551b7ebfc3d,"{""distance"":3,""physical_error_rate"":5e-05}","{""detectors_checked"":270}"
         6,         0,         0,   0.000,decoder_by_matrix,cd5aa4935a142b600239883e928f6c7fc9fbc8c84161e9ed59cf2551b7ebfc3d,"{""distance"":3,""physical_error_rate"":5e-05}","{""detectors_checked"":324}"
         3,         0,         0,   0.000,decoder_by_matrix,cd5aa4935a142b600239883e928f6c7fc9fbc8c84161e9ed59cf2551b7ebfc3d,"{""distance"":3,""physical_error_rate"":5e-05}","{""detectors_checked"":162}"
         3,         0,         0,   0.000,decoder_by_matrix,cd5aa4935a142b600239883e928f6c7fc9fbc8c84161e9ed59cf2551b7ebfc3d,"{""distance"":3,""physical_error_rate"":5e-05}","{""detectors_checked"":162}"
         1,         0,         0,   0.000,decoder_by_matrix,cd5aa4935a142b600239883e928f6c7fc9fbc8c84161e9ed59cf2551b7ebfc3d,"{""distance"":3,""physical_error_rate"":5e-05}","{""detectors_checked"":54}"
         1,         0,         0,   0.000,decoder_by_matrix,cd5aa4935a142b600239883e928f6c7fc9fbc8c84161e9ed59cf2551b7ebfc3d,"{""distance"":3,""physical_error_rate"":5e-05}","{""detectors_checked"":54}"
         2,         0,         0,   0.000,decoder_by_matrix,cd5aa4935a142b600239883e928f6c7fc9fbc8c84161e9ed59cf2551b7ebfc3d,"{""distance"":3,""physical_error_rate"":5e-05}","{""detectors_checked"":108}"
         1,         0,         0,   0.000,decoder_by_matrix,cd5aa4935a142b600239883e928f6c7fc9fbc8c84161e9ed59cf2551b7ebfc3d,"{""distance"":3,""physical_error_rate"":5e-05}","{""detectors_checked"":54}"
         1,         0,         0,   0.000,decoder_by_matrix,cd5aa4935a142b600239883e928f6c7fc9fbc8c84161e9ed59cf2551b7ebfc3d,"{""distance"":3,""physical_error_rate"":5e-05}","{""detectors_checked"":54}"
         1,         0,         0,   0.000,decoder_by_matrix,cd5aa4935a142b600239883e928f6c7fc9fbc8c84161e9ed59cf2551b7ebfc3d,"{""distance"":3,""physical_error_rate"":5e-05}","{""detectors_checked"":54}"
         1,         0,         0,   0.000,decoder_by_matrix,c8397cb2c46e4683a6f3970bc42cef1aabfef4d80cfcd6b8313e87630b680ee2,"{""distance"":3,""physical_error_rate"":0.0001}","{""detectors_checked"":54}"
         1,         0,         0,   0.000,decoder_by_matrix,c8397cb2c46e4683a6f3970bc42cef1aabfef4d80cfcd6b8313e87630b680ee2,"{""distance"":3,""physical_error_rate"":0.0001}","{""detectors_checked"":54}"
         1,         0,         0,   0.000,decoder_by_matrix,c8397cb2c46e4683a6f3970bc42cef1aabfef4d80cfcd6b8313e87630b680ee2,"{""distance"":3,""physical_error_rate"":0.0001}","{""detectors_checked"":54}"
      4368,         0,         0,   0.014,decoder_by_matrix,c8397cb2c46e4683a6f3970bc42cef1aabfef4d80cfcd6b8313e87630b680ee2,"{""distance"":3,""physical_error_rate"":0.0001}","{""detection_events"":27,""detectors_checked"":235872}"
      2320,         0,         0,   0.014,decoder_by_matrix,c8397cb2c46e4683a6f3970bc42cef1aabfef4d80cfcd6b8313e87630b680ee2,"{""distance"":3,""physical_error_rate"":0.0001}","{""detection_events"":33,""detectors_checked"":125280}"
      3344,         0,         0,   0.014,decoder_by_matrix,c8397cb2c46e4683a6f3970bc42cef1aabfef4d80cfcd6b8313e87630b680ee2,"{""distance"":3,""physical_error_rate"":0.0001}","{""detection_events"":21,""detectors_checked"":180576}"
      6144,         0,         0,   0.020,decoder_by_matrix,c8397cb2c46e4683a6f3970bc42cef1aabfef4d80cfcd6b8313e87630b680ee2,"{""distance"":3,""physical_error_rate"":0.0001}","{""detection_events"":45,""detectors_checked"":331776}"
      2048,         0,         0,   0.028,decoder_by_matrix,c8397cb2c46e4683a6f3970bc42cef1aabfef4d80cfcd6b8313e87630b680ee2,"{""distance"":3,""physical_error_rate"":0.0001}","{""detection_events"":12,""detectors_checked"":110592}"
      6144,         0,         0,   0.087,decoder_by_matrix,c8397cb2c46e4683a6f3970bc42cef1aabfef4d80cfcd6b8313e87630b680ee2,"{""distance"":3,""physical_error_rate"":0.0001}","{""detection_events"":75,""detectors_checked"":331776}"
         1,         0,         0,   0.000,decoder_by_matrix,c8397cb2c46e4683a6f3970bc42cef1aabfef4d80cfcd6b8313e87630b680ee2,"{""distance"":3,""physical_error_rate"":0.0001}","{""detectors_checked"":54}"
         1,         0,         0,   0.000,decoder_by_matrix,c8397cb2c46e4683a6f3970bc42cef1aabfef4d80cfcd6b8313e87630b680ee2,"{""distance"":3,""physical_error_rate"":0.0001}","{""detectors_checked"":54}"
         1,         0,         0,   0.000,decoder_by_matrix,c8397cb2c46e4683a6f3970bc42cef1aabfef4d80cfcd6b8313e87630b680ee2,"{""distance"":3,""physical_error_rate"":0.0001}","{""detectors_checked"":54}"
         1,         0,         0,   0.000,decoder_by_matrix,c8397cb2c46e4683a6f3970bc42cef1aabfef4d80cfcd6b8313e87630b680ee2,"{""distance"":3,""physical_error_rate"":0.0001}","{""detectors_checked"":54}"
         1,         0,         0,   0.000,decoder_by_matrix,c8397cb2c46e4683a6f3970bc42cef1aabfef4d80cfcd6b8313e87630b680ee2,"{""distance"":3,""physical_error_rate"":0.0001}","{""detectors_checked"":54}"
         1,         0,         0,   0.000,decoder_by_matrix,c8397cb2c46e4683a6f3970bc42cef1aabfef4d80cfcd6b8313e87630b680ee2,"{""distance"":3,""physical_error_rate"":0.0001}","{""detectors_checked"":54}"
         1,         0,         0,   0.000,decoder_by_matrix,c8397cb2c46e4683a6f3970bc42cef1aabfef4d80cfcd6b8313e87630b680ee2,"{""distance"":3,""physical_error_rate"":0.0001}","{""detectors_checked"":54}"
         1,         0,         0,   0.000,decoder_by_matrix,c8397cb2c46e4683a6f3970bc42cef1aabfef4d80cfcd6b8313e87630b680ee2,"{""distance"":3,""physical_error_rate"":0.0001}","{""detectors_checked"":54}"
         1,         0,         0,   0.000,decoder_by_matrix,c8397cb2c46e4683a6f3970bc42cef1aabfef4d80cfcd6b8313e87630b680ee2,"{""distance"":3,""physical_error_rate"":0.0001}","{""detectors_checked"":54}"
         1,         0,         0,   0.000,decoder_by_matrix,c8397cb2c46e4683a6f3970bc42cef1aabfef4d80cfcd6b8313e87630b680ee2,"{""distance"":3,""physical_error_rate"":0.0001}","{""detectors_checked"":54}"
         1,         0,         0,   0.000,decoder_by_matrix,c8397cb2c46e4683a6f3970bc42cef1aabfef4d80cfcd6b8313e87630b680ee2,"{""distance"":3,""physical_error_rate"":0.0001}","{""detectors_checked"":54}"
         1,         0,         0,   0.000,decoder_by_matrix,c8397cb2c46e4683a6f3970bc42cef1aabfef4d80cfcd6b8313e87630b680ee2,"{""distance"":3,""physical_error_rate"":0.0001}","{""detectors_checked"":54}"
         1,         0,         0,   0.000,decoder_by_matrix,c8397cb2c46e4683a6f3970bc42cef1aabfef4d80cfcd6b8313e87630b680ee2,"{""distance"":3,""physical_error_rate"":0.0001}","{""detectors_checked"":54}"
      2320,         0,         0,   0.052,decoder_by_matrix,c8397cb2c46e4683a6f3970bc42cef1aabfef4d80cfcd6b8313e87630b680ee2,"{""distance"":3,""physical_error_rate"":0.0001}","{""detection_events"":18,""detectors_checked"":125280}"
      2320,         0,         0,   0.018,decoder_by_matrix,c8397cb2c46e4683a6f3970bc42cef1aabfef4d80cfcd6b8313e87630b680ee2,"{""distance"":3,""physical_error_rate"":0.0001}","{""detection_events"":21,""detectors_checked"":125280}"
      2320,         0,         0,   0.043,decoder_by_matrix,c8397cb2c46e4683a6f3970bc42cef1aabfef4d80cfcd6b8313e87630b680ee2,"{""distance"":3,""physical_error_rate"":0.0001}","{""detection_events"":45,""detectors_checked"":125280}"
      3344,         0,         0,   0.054,decoder_by_matrix,c8397cb2c46e4683a6f3970bc42cef1aabfef4d80cfcd6b8313e87630b680ee2,"{""distance"":3,""physical_error_rate"":0.0001}","{""detection_events"":45,""detectors_checked"":180576}"
      3344,         0,         0,   0.075,decoder_by_matrix,c8397cb2c46e4683a6f3970bc42cef1aabfef4d80cfcd6b8313e87630b680ee2,"{""distance"":3,""physical_error_rate"":0.0001}","{""detection_events"":45,""detectors_checked"":180576}"
      3344,         0,         0,   0.075,decoder_by_matrix,c8397cb2c46e4683a6f3970bc42cef1aabfef4d80cfcd6b8313e87630b680ee2,"{""distance"":3,""physical_error_rate"":0.0001}","{""detection_events"":42,""detectors_checked"":180576}"
      3344,         0,         0,   0.073,decoder_by_matrix,c8397cb2c46e4683a6f3970bc42cef1aabfef4d80cfcd6b8313e87630b680ee2,"{""distance"":3,""physical_error_rate"":0.0001}","{""detection_events"":48,""detectors_checked"":180576}"
      3344,         0,         0,   0.066,decoder_by_matrix,c8397cb2c46e4683a6f3970bc42cef1aabfef4d80cfcd6b8313e87630b680ee2,"{""distance"":3,""physical_error_rate"":0.0001}","{""detection_events"":54,""detectors_checked"":180576}"
      2320,         0,         0,   0.066,decoder_by_matrix,c8397cb2c46e4683a6f3970bc42cef1aabfef4d80cfcd6b8313e87630b680ee2,"{""distance"":3,""physical_error_rate"":0.0001}","{""detection_events"":33,""detectors_checked"":125280}"
      3344,         0,         0,   0.092,decoder_by_matrix,c8397cb2c46e4683a6f3970bc42cef1aabfef4d80cfcd6b8313e87630b680ee2,"{""distance"":3,""physical_error_rate"":0.0001}","{""detection_events"":45,""detectors_checked"":180576}"
      2320,         0,         0,   0.072,decoder_by_matrix,c8397cb2c46e4683a6f3970bc42cef1aabfef4d80cfcd6b8313e87630b680ee2,"{""distance"":3,""physical_error_rate"":0.0001}","{""detection_events"":30,""detectors_checked"":125280}"
      3344,         0,         0,   0.074,decoder_by_matrix,c8397cb2c46e4683a6f3970bc42cef1aabfef4d80cfcd6b8313e87630b680ee2,"{""distance"":3,""physical_error_rate"":0.0001}","{""detection_events"":57,""detectors_checked"":180576}"
      6416,         0,         0,   0.071,decoder_by_matrix,c8397cb2c46e4683a6f3970bc42cef1aabfef4d80cfcd6b8313e87630b680ee2,"{""distance"":3,""physical_error_rate"":0.0001}","{""detection_events"":99,""detectors_checked"":346464}"
      3072,         0,         0,   0.053,decoder_by_matrix,c8397cb2c46e4683a6f3970bc42cef1aabfef4d80cfcd6b8313e87630b680ee2,"{""distance"":3,""physical_error_rate"":0.0001}","{""detection_events"":27,""detectors_checked"":165888}"
      2048,         0,         0,   0.049,decoder_by_matrix,c8397cb2c46e4683a6f3970bc42cef1aabfef4d80cfcd6b8313e87630b680ee2,"{""distance"":3,""physical_error_rate"":0.0001}","{""detection_events"":45,""detectors_checked"":110592}"
      2048,         0,         0,   0.044,decoder_by_matrix,c8397cb2c46e4683a6f3970bc42cef1aabfef4d80cfcd6b8313e87630b680ee2,"{""distance"":3,""physical_error_rate"":0.0001}","{""detection_events"":18,""detectors_checked"":110592}"
      3072,         0,         0,   0.042,decoder_by_matrix,c8397cb2c46e4683a6f3970bc42cef1aabfef4d80cfcd6b8313e87630b680ee2,"{""distance"":3,""physical_error_rate"":0.0001}","{""detection_events"":51,""detectors_checked"":165888}"
      3072,         0,         0,   0.038,decoder_by_matrix,c8397cb2c46e4683a6f3970bc42cef1aabfef4d80cfcd6b8313e87630b680ee2,"{""distance"":3,""physical_error_rate"":0.0001}","{""detection_events"":24,""detectors_checked"":165888}"
      3072,         0,         0,   0.095,decoder_by_matrix,c8397cb2c46e4683a6f3970bc42cef1aabfef4d80cfcd6b8313e87630b680ee2,"{""distance"":3,""physical_error_rate"":0.0001}","{""detection_events"":54,""detectors_checked"":165888}"
      3072,         0,         0,   0.059,decoder_by_matrix,c8397cb2c46e4683a6f3970bc42cef1aabfef4d80cfcd6b8313e87630b680ee2,"{""distance"":3,""physical_error_rate"":0.0001}","{""detection_events"":66,""detectors_checked"":165888}"
      4096,         0,         0,   0.097,decoder_by_matrix,c8397cb2c46e4683a6f3970bc42cef1aabfef4d80cfcd6b8313e87630b680ee2,"{""distance"":3,""physical_error_rate"":0.0001}","{""detection_events"":60,""detectors_checked"":221184}"
      3072,         0,         0,   0.060,decoder_by_matrix,c8397cb2c46e4683a6f3970bc42cef1aabfef4d80cfcd6b8313e87630b680ee2,"{""distance"":3,""physical_error_rate"":0.0001}","{""detection_events"":39,""detectors_checked"":165888}"
      3072,         0,         0,   0.096,decoder_by_matrix,c8397cb2c46e4683a6f3970bc42cef1aabfef4d80cfcd6b8313e87630b680ee2,"{""distance"":3,""physical_error_rate"":0.0001}","{""detection_events"":48,""detectors_checked"":165888}"
      4096,         0,         0,   0.091,decoder_by_matrix,c8397cb2c46e4683a6f3970bc42cef1aabfef4d80cfcd6b8313e87630b680ee2,"{""distance"":3,""physical_error_rate"":0.0001}","{""detection_events"":51,""detectors_checked"":221184}"
      3072,         0,         0,   0.066,decoder_by_matrix,c8397cb2c46e4683a6f3970bc42cef1aabfef4d80cfcd6b8313e87630b680ee2,"{""distance"":3,""physical_error_rate"":0.0001}","{""detection_events"":21,""detectors_checked"":165888}"
         1,         0,         0,   0.000,decoder_by_matrix,c8397cb2c46e4683a6f3970bc42cef1aabfef4d80cfcd6b8313e87630b680ee2,"{""distance"":3,""physical_error_rate"":0.0001}","{""detectors_checked"":54}"
         1,         0,         0,   0.000,decoder_by_matrix,c8397cb2c46e4683a6f3970bc42cef1aabfef4d80cfcd6b8313e87630b680ee2,"{""distance"":3,""physical_error_rate"":0.0001}","{""detectors_checked"":54}"
         1,         0,         0,   0.000,decoder_by_matrix,c8397cb2c46e4683a6f3970bc42cef1aabfef4d80cfcd6b8313e87630b680ee2,"{""distance"":3,""physical_error_rate"":0.0001}","{""detectors_checked"":54}"
         1,         0,         0,   0.000,decoder_by_matrix,c8397cb2c46e4683a6f3970bc42cef1aabfef4d80cfcd6b8313e87630b680ee2,"{""distance"":3,""physical_error_rate"":0.0001}","{""detectors_checked"":54}"
         1,         0,         0,   0.000,decoder_by_matrix,c8397cb2c46e4683a6f3970bc42cef1aabfef4d80cfcd6b8313e87630b680ee2,"{""distance"":3,""physical_error_rate"":0.0001}","{""detectors_checked"":54}"
      2320,         0,         0,   0.020,decoder_by_matrix,c8397cb2c46e4683a6f3970bc42cef1aabfef4d80cfcd6b8313e87630b680ee2,"{""distance"":3,""physical_error_rate"":0.0001}","{""detection_events"":33,""detectors_checked"":125280}"
      3344,         0,         0,   0.028,decoder_by_matrix,c8397cb2c46e4683a6f3970bc42cef1aabfef4d80cfcd6b8313e87630b680ee2,"{""distance"":3,""physical_error_rate"":0.0001}","{""detection_events"":51,""detectors_checked"":180576}"
      3344,         0,         0,   0.025,decoder_by_matrix,c8397cb2c46e4683a6f3970bc42cef1aabfef4d80cfcd6b8313e87630b680ee2,"{""distance"":3,""physical_error_rate"":0.0001}","{""detection_events"":54,""detectors_checked"":180576}"
      3344,         0,         0,   0.034,decoder_by_matrix,c8397cb2c46e4683a6f3970bc42cef1aabfef4d80cfcd6b8313e87630b680ee2,"{""distance"":3,""physical_error_rate"":0.0001}","{""detection_events"":15,""detectors_checked"":180576}"
      5392,         0,         0,   0.029,decoder_by_matrix,c8397cb2c46e4683a6f3970bc42cef1aabfef4d80cfcd6b8313e87630b680ee2,"{""distance"":3,""physical_error_rate"":0.0001}","{""detection_events"":42,""detectors_checked"":291168}"
      5120,         0,         0,   0.025,decoder_by_matrix,c8397cb2c46e4683a6f3970bc42cef1aabfef4d80cfcd6b8313e87630b680ee2,"{""distance"":3,""physical_error_rate"":0.0001}","{""detection_events"":21,""detectors_checked"":276480}"
      4096,         0,         0,   0.021,decoder_by_matrix,c8397cb2c46e4683a6f3970bc42cef1aabfef4d80cfcd6b8313e87630b680ee2,"{""distance"":3,""physical_error_rate"":0.0001}","{""detection_events"":69,""detectors_checked"":221184}"
      5120,         0,         0,   0.046,decoder_by_matrix,c8397cb2c46e4683a6f3970bc42cef1aabfef4d80cfcd6b8313e87630b680ee2,"{""distance"":3,""physical_error_rate"":0.0001}","{""detection_events"":42,""detectors_checked"":276480}"
      1024,         0,         0,   0.135,decoder_by_matrix,c8397cb2c46e4683a6f3970bc42cef1aabfef4d80cfcd6b8313e87630b680ee2,"{""distance"":3,""physical_error_rate"":0.0001}","{""detection_events"":30,""detectors_checked"":55296}"
         1,         0,         0,   0.000,decoder_by_matrix,c8397cb2c46e4683a6f3970bc42cef1aabfef4d80cfcd6b8313e87630b680ee2,"{""distance"":3,""physical_error_rate"":0.0001}","{""detectors_checked"":54}"
         1,         0,         0,   0.000,decoder_by_matrix,c8397cb2c46e4683a6f3970bc42cef1aabfef4d80cfcd6b8313e87630b680ee2,"{""distance"":3,""physical_error_rate"":0.0001}","{""detectors_checked"":54}"
         1,         0,         0,   0.000,decoder_by_matrix,c8397cb2c46e4683a6f3970bc42cef1aabfef4d80cfcd6b8313e87630b680ee2,"{""distance"":3,""physical_error_rate"":0.0001}","{""detectors_checked"":54}"
         1,         0,         0,   0.000,decoder_by_matrix,c8397cb2c46e4683a6f3970bc42cef1aabfef4d80cfcd6b8313e87630b680ee2,"{""distance"":3,""physical_error_rate"":0.0001}","{""detectors_checked"":54}"
         1,         0,         0,   0.000,decoder_by_matrix,c8397cb2c46e4683a6f3970bc42cef1aabfef4d80cfcd6b8313e87630b680ee2,"{""distance"":3,""physical_error_rate"":0.0001}","{""detectors_checked"":54}"
         1,         0,         0,   0.000,decoder_by_matrix,c8397cb2c46e4683a6f3970bc42cef1aabfef4d80cfcd6b8313e87630b680ee2,"{""distance"":3,""physical_error_rate"":0.0001}","{""detectors_checked"":54}"
         1,         0,         0,   0.000,decoder_by_matrix,c8397cb2c46e4683a6f3970bc42cef1aabfef4d80cfcd6b8313e87630b680ee2,"{""distance"":3,""physical_error_rate"":0.0001}","{""detectors_checked"":54}"
         1,         0,         0,   0.000,decoder_by_matrix,c8397cb2c46e4683a6f3970bc42cef1aabfef4d80cfcd6b8313e87630b680ee2,"{""distance"":3,""physical_error_rate"":0.0001}","{""detectors_checked"":54}"
         1,         0,         0,   0.000,decoder_by_matrix,c8397cb2c46e4683a6f3970bc42cef1aabfef4d80cfcd6b8313e87630b680ee2,"{""distance"":3,""physical_error_rate"":0.0001}","{""detectors_checked"":54}"
         1,         0,         0,   0.000,decoder_by_matrix,c8397cb2c46e4683a6f3970bc42cef1aabfef4d80cfcd6b8313e87630b680ee2,"{""distance"":3,""physical_error_rate"":0.0001}","{""detectors_checked"":54}"
         1,         0,         0,   0.000,decoder_by_matrix,c8397cb2c46e4683a6f3970bc42cef1aabfef4d80cfcd6b8313e87630b680ee2,"{""distance"":3,""physical_error_rate"":0.0001}","{""detectors_checked"":54}"
      3344,         0,         0,   0.044,decoder_by_matrix,c8397cb2c46e4683a6f3970bc42cef1aabfef4d80cfcd6b8313e87630b680ee2,"{""distance"":3,""physical_error_rate"":0.0001}","{""detection_events"":33,""detectors_checked"":180576}"
      2320,         0,         0,   0.044,decoder_by_matrix,c8397cb2c46e4683a6f3970bc42cef1aabfef4d80cfcd6b8313e87630b680ee2,"{""distance"":3,""physical_error_rate"":0.0001}","{""detection_events"":9,""detectors_checked"":125280}"
      3344,         0,         0,   0.036,decoder_by_matrix,c8397cb2c46e4683a6f3970bc42cef1aabfef4d80cfcd6b8313e87630b680ee2,"{""distance"":3,""physical_error_rate"":0.0001}","{""detection_events"":18,""detectors_checked"":180576}"
      4368,         0,         0,   0.049,decoder_by_matrix,c8397cb2c46e4683a6f3970bc42cef1aabfef4d80cfcd6b8313e87630b680ee2,"{""distance"":3,""physical_error_rate"":0.0001}","{""detection_events"":33,""detectors_checked"":235872}"
      3344,         0,         0,   0.048,decoder_by_matrix,c8397cb2c46e4683a6f3970bc42cef1aabfef4d80cfcd6b8313e87630b680ee2,"{""distance"":3,""physical_error_rate"":0.0001}","{""detection_events"":33,""detectors_checked"":180576}"
      2320,         0,         0,   0.044,decoder_by_matrix,c8397cb2c46e4683a6f3970bc42cef1aabfef4d80cfcd6b8313e87630b680ee2,"{""distance"":3,""physical_error_rate"":0.0001}","{""detection_events"":39,""detectors_checked"":125280}"
      2320,         0,         0,   0.044,decoder_by_matrix,c8397cb2c46e4683a6f3970bc42cef1aabfef4d80cfcd6b8313e87630b680ee2,"{""distance"":3,""physical_error_rate"":0.0001}","{""detection_events"":33,""detectors_checked"":125280}"
      2320,         0,         0,   0.044,decoder_by_matrix,c8397cb2c46e4683a6f3970bc42cef1aabfef4d80cfcd6b8313e87630b680ee2,"{""distance"":3,""physical_error_rate"":0.0001}","{""detection_events"":39,""detectors_checked"":125280}"
      2320,         0,         0,   0.044,decoder_by_matrix,c8397cb2c46e4683a6f3970bc42cef1aabfef4d80cfcd6b8313e87630b680ee2,"{""distance"":3,""physical_error_rate"":0.0001}","{""detection_events"":21,""detectors_checked"":125280}"
      3344,         0,         0,   0.045,decoder_by_matrix,c8397cb2c46e4683a6f3970bc42cef1aabfef4d80cfcd6b8313e87630b680ee2,"{""distance"":3,""physical_error_rate"":0.0001}","{""detection_events"":45,""detectors_checked"":180576}"
      3344,         0,         0,   0.045,decoder_by_matrix,c8397cb2c46e4683a6f3970bc42cef1aabfef4d80cfcd6b8313e87630b680ee2,"{""distance"":3,""physical_error_rate"":0.0001}","{""detection_events"":33,""detectors_checked"":180576}"
      2048,         0,         0,   0.043,decoder_by_matrix,c8397cb2c46e4683a6f3970bc42cef1aabfef4d80cfcd6b8313e87630b680ee2,"{""distance"":3,""physical_error_rate"":0.0001}","{""detection_events"":48,""detectors_checked"":110592}"
      3072,         0,         0,   0.045,decoder_by_matrix,c8397cb2c46e4683a6f3970bc42cef1aabfef4d80cfcd6b8313e87630b680ee2,"{""distance"":3,""physical_error_rate"":0.0001}","{""detection_events"":36,""detectors_checked"":165888}"
      3072,         0,         0,   0.045,decoder_by_matrix,c8397cb2c46e4683a6f3970bc42cef1aabfef4d80cfcd6b8313e87630b680ee2,"{""distance"":3,""physical_error_rate"":0.0001}","{""detection_events"":33,""detectors_checked"":165888}"
      2048,         0,         0,   0.043,decoder_by_matrix,c8397cb2c46e4683a6f3970bc42cef1aabfef4d80cfcd6b8313e87630b680ee2,"{""distance"":3,""physical_error_rate"":0.0001}","{""detection_events"":27,""detectors_checked"":110592}"
      4096,         0,         0,   0.044,decoder_by_matrix,c8397cb2c46e4683a6f3970bc42cef1aabfef4d80cfcd6b8313e87630b680ee2,"{""distance"":3,""physical_error_rate"":0.0001}","{""detection_events"":21,""detectors_checked"":221184}"
      3072,         0,         0,   0.045,decoder_by_matrix,c8397cb2c46e4683a6f3970bc42cef1aabfef4d80cfcd6b8313e87630b680ee2,"{""distance"":3,""physical_error_rate"":0.0001}","{""detection_events"":18,""detectors_checked"":165888}"
      3072,         0,         0,   0.041,decoder_by_matrix,c8397cb2c46e4683a6f3970bc42cef1aabfef4d80cfcd6b8313e87630b680ee2,"{""distance"":3,""physical_error_rate"":0.0001}","{""detection_events"":45,""detectors_checked"":165888}"
      4096,         0,         0,   0.040,decoder_by_matrix,c8397cb2c46e4683a6f3970bc42cef1aabfef4d80cfcd6b8313e87630b680ee2,"{""distance"":3,""physical_error_rate"":0.0001}","{""detection_events"":21,""detectors_checked"":221184}"
      3072,         0,         0,   0.053,decoder_by_matrix,c8397cb2c46e4683a6f3970bc42cef1aabfef4d80cfcd6b8313e87630b680ee2,"{""distance"":3,""physical_error_rate"":0.0001}","{""detection_events"":27,""detectors_checked"":165888}"
      2048,         0,         0,   0.043,decoder_by_matrix,c8397cb2c46e4683a6f3970bc42cef1aabfef4d80cfcd6b8313e87630b680ee2,"{""distance"":3,""physical_error_rate"":0.0001}","{""detection_events"":24,""detectors_checked"":110592}"
      2048,         0,         0,   0.043,decoder_by_matrix,c8397cb2c46e4683a6f3970bc42cef1aabfef4d80cfcd6b8313e87630b680ee2,"{""distance"":3,""physical_error_rate"":0.0001}","{""detection_events"":15,""detectors_checked"":110592}"
      2048,         0,         0,   0.003,decoder_by_matrix,c8397cb2c46e4683a6f3970bc42cef1aabfef4d80cfcd6b8313e87630b680ee2,"{""distance"":3,""physical_error_rate"":0.0001}","{""detection_events"":33,""detectors_checked"":110592}"
      2048,         0,         0,   0.274,decoder_by_matrix,c8397cb2c46e4683a6f3970bc42cef1aabfef4d80cfcd6b8313e87630b680ee2,"{""distance"":3,""physical_error_rate"":0.0001}","{""detection_events"":27,""detectors_checked"":110592}"
      3072,         0,         0,   0.182,decoder_by_matrix,c8397cb2c46e4683a6f3970bc42cef1aabfef4d80cfcd6b8313e87630b680ee2,"{""distance"":3,""physical_error_rate"":0.0001}","{""detection_events"":24,""detectors_checked"":165888}"
      3072,         0,         0,   0.064,decoder_by_matrix,c8397cb2c46e4683a6f3970bc42cef1aabfef4d80cfcd6b8313e87630b680ee2,"{""distance"":3,""physical_error_rate"":0.0001}","{""detection_events"":30,""detectors_checked"":165888}"
      3072,         0,         0,   0.587,decoder_by_matrix,c8397cb2c46e4683a6f3970bc42cef1aabfef4d80cfcd6b8313e87630b680ee2,"{""distance"":3,""physical_error_rate"":0.0001}","{""detection_events"":48,""detectors_checked"":165888}"
      3072,         0,         0,   0.279,decoder_by_matrix,c8397cb2c46e4683a6f3970bc42cef1aabfef4d80cfcd6b8313e87630b680ee2,"{""distance"":3,""physical_error_rate"":0.0001}","{""detection_events"":60,""detectors_checked"":165888}"
      3072,         0,         0,   0.076,decoder_by_matrix,c8397cb2c46e4683a6f3970bc42cef1aabfef4d80cfcd6b8313e87630b680ee2,"{""distance"":3,""physical_error_rate"":0.0001}","{""detection_events"":27,""detectors_checked"":165888}"
      3072,         0,         0,   0.072,decoder_by_matrix,c8397cb2c46e4683a6f3970bc42cef1aabfef4d80cfcd6b8313e87630b680ee2,"{""distance"":3,""physical_error_rate"":0.0001}","{""detection_events"":12,""detectors_checked"":165888}"
      2048,         0,         0,   0.079,decoder_by_matrix,c8397cb2c46e4683a6f3970bc42cef1aabfef4d80cfcd6b8313e87630b680ee2,"{""distance"":3,""physical_error_rate"":0.0001}","{""detection_events"":12,""detectors_checked"":110592}"
      2048,         0,         0,   0.071,decoder_by_matrix,c8397cb2c46e4683a6f3970bc42cef1aabfef4d80cfcd6b8313e87630b680ee2,"{""distance"":3,""physical_error_rate"":0.0001}","{""detection_events"":21,""detectors_checked"":110592}"
      2048,         0,         0,   0.079,decoder_by_matrix,c8397cb2c46e4683a6f3970bc42cef1aabfef4d80cfcd6b8313e87630b680ee2,"{""distance"":3,""physical_error_rate"":0.0001}","{""detection_events"":30,""detectors_checked"":110592}"
      3072,         0,         0,   0.076,decoder_by_matrix,c8397cb2c46e4683a6f3970bc42cef1aabfef4d80cfcd6b8313e87630b680ee2,"{""distance"":3,""physical_error_rate"":0.0001}","{""detection_events"":30,""detectors_checked"":165888}"
      3072,         0,         0,   0.005,decoder_by_matrix,c8397cb2c46e4683a6f3970bc42cef1aabfef4d80cfcd6b8313e87630b680ee2,"{""distance"":3,""physical_error_rate"":0.0001}","{""detection_events"":45,""detectors_checked"":165888}"
      2048,         0,         0,   0.075,decoder_by_matrix,c8397cb2c46e4683a6f3970bc42cef1aabfef4d80cfcd6b8313e87630b680ee2,"{""distance"":3,""physical_error_rate"":0.0001}","{""detection_events"":36,""detectors_checked"":110592}"
      2048,         0,         0,   0.075,decoder_by_matrix,c8397cb2c46e4683a6f3970bc42cef1aabfef4d80cfcd6b8313e87630b680ee2,"{""distance"":3,""physical_error_rate"":0.0001}","{""detection_events"":18,""detectors_checked"":110592}"
      2048,         0,         0,   0.075,decoder_by_matrix,c8397cb2c46e4683a6f3970bc42cef1aabfef4d80cfcd6b8313e87630b680ee2,"{""distance"":3,""physical_error_rate"":0.0001}","{""detection_events"":15,""detectors_checked"":110592}"
      2048,         0,         0,   0.327,decoder_by_matrix,c8397cb2c46e4683a6f3970bc42cef1aabfef4d80cfcd6b8313e87630b680ee2,"{""distance"":3,""physical_error_rate"":0.0001}","{""detection_events"":33,""detectors_checked"":110592}"
      2048,         0,         0,   0.325,decoder_by_matrix,c8397cb2c46e4683a6f3970bc42cef1aabfef4d80cfcd6b8313e87630b680ee2,"{""distance"":3,""physical_error_rate"":0.0001}","{""detection_events"":21,""detectors_checked"":110592}"
      2048,         0,         0,   0.319,decoder_by_matrix,c8397cb2c46e4683a6f3970bc42cef1aabfef4d80cfcd6b8313e87630b680ee2,"{""distance"":3,""physical_error_rate"":0.0001}","{""detection_events"":36,""detectors_checked"":110592}"
      3072,         0,         0,   0.363,decoder_by_matrix,c8397cb2c46e4683a6f3970bc42cef1aabfef4d80cfcd6b8313e87630b680ee2,"{""distance"":3,""physical_error_rate"":0.0001}","{""detection_events"":51,""detectors_checked"":165888}"
      2048,         0,         0,   0.603,decoder_by_matrix,c8397cb2c46e4683a6f3970bc42cef1aabfef4d80cfcd6b8313e87630b680ee2,"{""distance"":3,""physical_error_rate"":0.0001}","{""detection_events"":24,""detectors_checked"":110592}"
      3072,         0,         0,   0.280,decoder_by_matrix,c8397cb2c46e4683a6f3970bc42cef1aabfef4d80cfcd6b8313e87630b680ee2,"{""distance"":3,""physical_error_rate"":0.0001}","{""detection_events"":27,""detectors_checked"":165888}"
      5120,         0,         0,   0.302,decoder_by_matrix,c8397cb2c46e4683a6f3970bc42cef1aabfef4d80cfcd6b8313e87630b680ee2,"{""distance"":3,""physical_error_rate"":0.0001}","{""detection_events"":66,""detectors_checked"":276480}"
      4096,         0,         0,   0.278,decoder_by_matrix,c8397cb2c46e4683a6f3970bc42cef1aabfef4d80cfcd6b8313e87630b680ee2,"{""distance"":3,""physical_error_rate"":0.0001}","{""detection_events"":27,""detectors_checked"":221184}"
      4096,         0,         0,   0.398,decoder_by_matrix,c8397cb2c46e4683a6f3970bc42cef1aabfef4d80cfcd6b8313e87630b680ee2,"{""distance"":3,""physical_error_rate"":0.0001}","{""detection_events"":45,""detectors_checked"":221184}"
      4096,         0,         0,   0.375,decoder_by_matrix,c8397cb2c46e4683a6f3970bc42cef1aabfef4d80cfcd6b8313e87630b680ee2,"{""distance"":3,""physical_error_rate"":0.0001}","{""detection_events"":75,""detectors_checked"":221184}"
      3072,         0,         0,   0.377,decoder_by_matrix,c8397cb2c46e4683a6f3970bc42cef1aabfef4d80cfcd6b8313e87630b680ee2,"{""distance"":3,""physical_error_rate"":0.0001}","{""detection_events"":27,""detectors_checked"":165888}"
      4096,         0,         0,   0.454,decoder_by_matrix,c8397cb2c46e4683a6f3970bc42cef1aabfef4d80cfcd6b8313e87630b680ee2,"{""distance"":3,""physical_error_rate"":0.0001}","{""detection_events"":48,""detectors_checked"":221184}"
      2048,         0,         0,   0.179,decoder_by_matrix,c8397cb2c46e4683a6f3970bc42cef1aabfef4d80cfcd6b8313e87630b680ee2,"{""distance"":3,""physical_error_rate"":0.0001}","{""detection_events"":45,""detectors_checked"":110592}"
      3072,         0,         0,   0.461,decoder_by_matrix,c8397cb2c46e4683a6f3970bc42cef1aabfef4d80cfcd6b8313e87630b680ee2,"{""distance"":3,""physical_error_rate"":0.0001}","{""detection_events"":39,""detectors_checked"":165888}"
      2048,         0,         0,   0.374,decoder_by_matrix,c8397cb2c46e4683a6f3970bc42cef1aabfef4d80cfcd6b8313e87630b680ee2,"{""distance"":3,""physical_error_rate"":0.0001}","{""detection_events"":15,""detectors_checked"":110592}"
      6144,         0,         0,   0.792,decoder_by_matrix,c8397cb2c46e4683a6f3970bc42cef1aabfef4d80cfcd6b8313e87630b680ee2,"{""distance"":3,""physical_error_rate"":0.0001}","{""detection_events"":72,""detectors_checked"":331776}"
      3072,         0,         0,   0.381,decoder_by_matrix,c8397cb2c46e4683a6f3970bc42cef1aabfef4d80cfcd6b8313e87630b680ee2,"{""distance"":3,""physical_error_rate"":0.0001}","{""detection_events"":48,""detectors_checked"":165888}"
      3072,         0,         0,   0.253,decoder_by_matrix,c8397cb2c46e4683a6f3970bc42cef1aabfef4d80cfcd6b8313e87630b680ee2,"{""distance"":3,""physical_error_rate"":0.0001}","{""detection_events"":42,""detectors_checked"":165888}"
      3072,         0,         0,   0.255,decoder_by_matrix,c8397cb2c46e4683a6f3970bc42cef1aabfef4d80cfcd6b8313e87630b680ee2,"{""distance"":3,""physical_error_rate"":0.0001}","{""detection_events"":45,""detectors_checked"":165888}"
      3072,         0,         0,   0.256,decoder_by_matrix,c8397cb2c46e4683a6f3970bc42cef1aabfef4d80cfcd6b8313e87630b680ee2,"{""distance"":3,""physical_error_rate"":0.0001}","{""detection_events"":15,""detectors_checked"":165888}"
      3072,         0,         0,   0.257,decoder_by_matrix,c8397cb2c46e4683a6f3970bc42cef1aabfef4d80cfcd6b8313e87630b680ee2,"{""distance"":3,""physical_error_rate"":0.0001}","{""detection_events"":42,""detectors_checked"":165888}"
      3072,         0,         0,   0.260,decoder_by_matrix,c8397cb2c46e4683a6f3970bc42cef1aabfef4d80cfcd6b8313e87630b680ee2,"{""distance"":3,""physical_error_rate"":0.0001}","{""detection_events"":30,""detectors_checked"":165888}"
      2048,         0,         0,   0.264,decoder_by_matrix,c8397cb2c46e4683a6f3970bc42cef1aabfef4d80cfcd6b8313e87630b680ee2,"{""distance"":3,""physical_error_rate"":0.0001}","{""detection_events"":33,""detectors_checked"":110592}"
      2048,         0,         0,   0.003,decoder_by_matrix,c8397cb2c46e4683a6f3970bc42cef1aabfef4d80cfcd6b8313e87630b680ee2,"{""distance"":3,""physical_error_rate"":0.0001}","{""detection_events"":24,""detectors_checked"":110592}"
      3072,         0,         0,   0.272,decoder_by_matrix,c8397cb2c46e4683a6f3970bc42cef1aabfef4d80cfcd6b8313e87630b680ee2,"{""distance"":3,""physical_error_rate"":0.0001}","{""detection_events"":42,""detectors_checked"":165888}"
      3072,         0,         0,   0.265,decoder_by_matrix,c8397cb2c46e4683a6f3970bc42cef1aabfef4d80cfcd6b8313e87630b680ee2,"{""distance"":3,""physical_error_rate"":0.0001}","{""detection_events"":42,""detectors_checked"":165888}"
      3072,         0,         0,   0.274,decoder_by_matrix,c8397cb2c46e4683a6f3970bc42cef1aabfef4d80cfcd6b8313e87630b680ee2,"{""distance"":3,""physical_error_rate"":0.0001}","{""detection_events"":30,""detectors_checked"":165888}"
      2048,         0,         0,   0.265,decoder_by_matrix,c8397cb2c46e4683a6f3970bc42cef1aabfef4d80cfcd6b8313e87630b680ee2,"{""distance"":3,""physical_error_rate"":0.0001}","{""detection_events"":30,""detectors_checked"":110592}"
      2048,         0,         0,   0.274,decoder_by_matrix,c8397cb2c46e4683a6f3970bc42cef1aabfef4d80cfcd6b8313e87630b680ee2,"{""distance"":3,""physical_error_rate"":0.0001}","{""detection_events"":15,""detectors_checked"":110592}"
      3072,         0,         0,   0.272,decoder_by_matrix,c8397cb2c46e4683a6f3970bc42cef1aabfef4d80cfcd6b8313e87630b680ee2,"{""distance"":3,""physical_error_rate"":0.0001}","{""detection_events"":30,""detectors_checked"":165888}"
      3072,         0,         0,   0.278,decoder_by_matrix,c8397cb2c46e4683a6f3970bc42cef1aabfef4d80cfcd6b8313e87630b680ee2,"{""distance"":3,""physical_error_rate"":0.0001}","{""detection_events"":33,""detectors_checked"":165888}"
      4096,         0,         0,   0.280,decoder_by_matrix,c8397cb2c46e4683a6f3970bc42cef1aabfef4d80cfcd6b8313e87630b680ee2,"{""distance"":3,""physical_error_rate"":0.0001}","{""detection_events"":39,""detectors_checked"":221184}"
      3072,         0,         0,   0.285,decoder_by_matrix,c8397cb2c46e4683a6f3970bc42cef1aabfef4d80cfcd6b8313e87630b680ee2,"{""distance"":3,""physical_error_rate"":0.0001}","{""detection_events"":9,""detectors_checked"":165888}"
      3072,         0,         0,   0.293,decoder_by_matrix,c8397cb2c46e4683a6f3970bc42cef1aabfef4d80cfcd6b8313e87630b680ee2,"{""distance"":3,""physical_error_rate"":0.0001}","{""detection_events"":30,""detectors_checked"":165888}"
      3072,         0,         0,   0.293,decoder_by_matrix,c8397cb2c46e4683a6f3970bc42cef1aabfef4d80cfcd6b8313e87630b680ee2,"{""distance"":3,""physical_error_rate"":0.0001}","{""detection_events"":48,""detectors_checked"":165888}"
      3072,         0,         0,   0.295,decoder_by_matrix,c8397cb2c46e4683a6f3970bc42cef1aabfef4d80cfcd6b8313e87630b680ee2,"{""distance"":3,""physical_error_rate"":0.0001}","{""detection_events"":45,""detectors_checked"":165888}"
      2048,         0,         0,   0.294,decoder_by_matrix,c8397cb2c46e4683a6f3970bc42cef1aabfef4d80cfcd6b8313e87630b680ee2,"{""distance"":3,""physical_error_rate"":0.0001}","{""detection_events"":27,""detectors_checked"":110592}"
      3072,         0,         0,   0.303,decoder_by_matrix,c8397cb2c46e4683a6f3970bc42cef1aabfef4d80cfcd6b8313e87630b680ee2,"{""distance"":3,""physical_error_rate"":0.0001}","{""detection_events"":21,""detectors_checked"":165888}"
      3072,         0,         0,   0.305,decoder_by_matrix,c8397cb2c46e4683a6f3970bc42cef1aabfef4d80cfcd6b8313e87630b680ee2,"{""distance"":3,""physical_error_rate"":0.0001}","{""detection_events"":36,""detectors_checked"":165888}"
      2048,         0,         0,   0.304,decoder_by_matrix,c8397cb2c46e4683a6f3970bc42cef1aabfef4d80cfcd6b8313e87630b680ee2,"{""distance"":3,""physical_error_rate"":0.0001}","{""detection_events"":33,""detectors_checked"":110592}"
      3072,         0,         0,   0.307,decoder_by_matrix,c8397cb2c46e4683a6f3970bc42cef1aabfef4d80cfcd6b8313e87630b680ee2,"{""distance"":3,""physical_error_rate"":0.0001}","{""detection_events"":27,""detectors_checked"":165888}"
      2048,         0,         0,   0.310,decoder_by_matrix,c8397cb2c46e4683a6f3970bc42cef1aabfef4d80cfcd6b8313e87630b680ee2,"{""distance"":3,""physical_error_rate"":0.0001}","{""detection_events"":15,""detectors_checked"":110592}"
      3072,         0,         0,   0.308,decoder_by_matrix,c8397cb2c46e4683a6f3970bc42cef1aabfef4d80cfcd6b8313e87630b680ee2,"{""distance"":3,""physical_error_rate"":0.0001}","{""detection_events"":36,""detectors_checked"":165888}"
      2048,         0,         0,   0.306,decoder_by_matrix,c8397cb2c46e4683a6f3970bc42cef1aabfef4d80cfcd6b8313e87630b680ee2,"{""distance"":3,""physical_error_rate"":0.0001}","{""detection_events"":39,""detectors_checked"":110592}"
      2048,         0,         0,   0.306,decoder_by_matrix,c8397cb2c46e4683a6f3970bc42cef1aabfef4d80cfcd6b8313e87630b680ee2,"{""distance"":3,""physical_error_rate"":0.0001}","{""detection_events"":27,""detectors_checked"":110592}"
      3072,         0,         0,   0.303,decoder_by_matrix,c8397cb2c46e4683a6f3970bc42cef1aabfef4d80cfcd6b8313e87630b680ee2,"{""distance"":3,""physical_error_rate"":0.0001}","{""detection_events"":51,""detectors_checked"":165888}"
      4096,         0,         0,   0.301,decoder_by_matrix,c8397cb2c46e4683a6f3970bc42cef1aabfef4d80cfcd6b8313e87630b680ee2,"{""distance"":3,""physical_error_rate"":0.0001}","{""detection_events"":18,""detectors_checked"":221184}"
      4096,         0,         0,   0.300,decoder_by_matrix,c8397cb2c46e4683a6f3970bc42cef1aabfef4d80cfcd6b8313e87630b680ee2,"{""distance"":3,""physical_error_rate"":0.0001}","{""detection_events"":33,""detectors_checked"":221184}"
      4096,         0,         0,   0.299,decoder_by_matrix,c8397cb2c46e4683a6f3970bc42cef1aabfef4d80cfcd6b8313e87630b680ee2,"{""distance"":3,""physical_error_rate"":0.0001}","{""detection_events"":75,""detectors_checked"":221184}"
      3072,         0,         0,   0.295,decoder_by_matrix,c8397cb2c46e4683a6f3970bc42cef1aabfef4d80cfcd6b8313e87630b680ee2,"{""distance"":3,""physical_error_rate"":0.0001}","{""detection_events"":42,""detectors_checked"":165888}"
      3072,         0,         0,   0.288,decoder_by_matrix,c8397cb2c46e4683a6f3970bc42cef1aabfef4d80cfcd6b8313e87630b680ee2,"{""distance"":3,""physical_error_rate"":0.0001}","{""detection_events"":9,""detectors_checked"":165888}"
      3072,         0,         0,   0.294,decoder_by_matrix,c8397cb2c46e4683a6f3970bc42cef1aabfef4d80cfcd6b8313e87630b680ee2,"{""distance"":3,""physical_error_rate"":0.0001}","{""detection_events"":30,""detectors_checked"":165888}"
      3072,         0,         0,   0.287,decoder_by_matrix,c8397cb2c46e4683a6f3970bc42cef1aabfef4d80cfcd6b8313e87630b680ee2,"{""distance"":3,""physical_error_rate"":0.0001}","{""detection_events"":30,""detectors_checked"":165888}"
      2048,         0,         0,   0.143,decoder_by_matrix,c8397cb2c46e4683a6f3970bc42cef1aabfef4d80cfcd6b8313e87630b680ee2,"{""distance"":3,""physical_error_rate"":0.0001}","{""detection_events"":39,""detectors_checked"":110592}"
      3072,         0,         0,   0.290,decoder_by_matrix,c8397cb2c46e4683a6f3970bc42cef1aabfef4d80cfcd6b8313e87630b680ee2,"{""distance"":3,""physical_error_rate"":0.0001}","{""detection_events"":15,""detectors_checked"":165888}"
      4096,         0,         0,   0.290,decoder_by_matrix,c8397cb2c46e4683a6f3970bc42cef1aabfef4d80cfcd6b8313e87630b680ee2,"{""distance"":3,""physical_error_rate"":0.0001}","{""detection_events"":42,""detectors_checked"":221184}"
      3072,         0,         0,   0.286,decoder_by_matrix,c8397cb2c46e4683a6f3970bc42cef1aabfef4d80cfcd6b8313e87630b680ee2,"{""distance"":3,""physical_error_rate"":0.0001}","{""detection_events"":9,""detectors_checked"":165888}"
      3072,         0,         0,   0.285,decoder_by_matrix,c8397cb2c46e4683a6f3970bc42cef1aabfef4d80cfcd6b8313e87630b680ee2,"{""distance"":3,""physical_error_rate"":0.0001}","{""detection_events"":12,""detectors_checked"":165888}"
      3072,         0,         0,   0.285,decoder_by_matrix,c8397cb2c46e4683a6f3970bc42cef1aabfef4d80cfcd6b8313e87630b680ee2,"{""distance"":3,""physical_error_rate"":0.0001}","{""detection_events"":24,""detectors_checked"":165888}"
      3072,         0,         0,   0.284,decoder_by_matrix,c8397cb2c46e4683a6f3970bc42cef1aabfef4d80cfcd6b8313e87630b680ee2,"{""distance"":3,""physical_error_rate"":0.0001}","{""detection_events"":39,""detectors_checked"":165888}"
      3072,         0,         0,   0.283,decoder_by_matrix,c8397cb2c46e4683a6f3970bc42cef1aabfef4d80cfcd6b8313e87630b680ee2,"{""distance"":3,""physical_error_rate"":0.0001}","{""detection_events"":33,""detectors_checked"":165888}"
      4096,         0,         0,   0.282,decoder_by_matrix,c8397cb2c46e4683a6f3970bc42cef1aabfef4d80cfcd6b8313e87630b680ee2,"{""distance"":3,""physical_error_rate"":0.0001}","{""detection_events"":45,""detectors_checked"":221184}"
      4096,         0,         0,   0.281,decoder_by_matrix,c8397cb2c46e4683a6f3970bc42cef1aabfef4d80cfcd6b8313e87630b680ee2,"{""distance"":3,""physical_error_rate"":0.0001}","{""detection_events"":63,""detectors_checked"":221184}"
      3072,         0,         0,   0.278,decoder_by_matrix,c8397cb2c46e4683a6f3970bc42cef1aabfef4d80cfcd6b8313e87630b680ee2,"{""distance"":3,""physical_error_rate"":0.0001}","{""detection_events"":30,""detectors_checked"":165888}"
      4096,         0,         0,   0.268,decoder_by_matrix,c8397cb2c46e4683a6f3970bc42cef1aabfef4d80cfcd6b8313e87630b680ee2,"{""distance"":3,""physical_error_rate"":0.0001}","{""detection_events"":30,""detectors_checked"":221184}"
      4096,         0,         0,   0.377,decoder_by_matrix,c8397cb2c46e4683a6f3970bc42cef1aabfef4d80cfcd6b8313e87630b680ee2,"{""distance"":3,""physical_error_rate"":0.0001}","{""detection_events"":24,""detectors_checked"":221184}"
      3072,         0,         0,   0.270,decoder_by_matrix,c8397cb2c46e4683a6f3970bc42cef1aabfef4d80cfcd6b8313e87630b680ee2,"{""distance"":3,""physical_error_rate"":0.0001}","{""detection_events"":30,""detectors_checked"":165888}"
      3072,         0,         0,   0.269,decoder_by_matrix,c8397cb2c46e4683a6f3970bc42cef1aabfef4d80cfcd6b8313e87630b680ee2,"{""distance"":3,""physical_error_rate"":0.0001}","{""detection_events"":39,""detectors_checked"":165888}"
      3072,         0,         0,   0.267,decoder_by_matrix,c8397cb2c46e4683a6f3970bc42cef1aabfef4d80cfcd6b8313e87630b680ee2,"{""distance"":3,""physical_error_rate"":0.0001}","{""detection_events"":24,""detectors_checked"":165888}"
      3072,         0,         0,   0.227,decoder_by_matrix,c8397cb2c46e4683a6f3970bc42cef1aabfef4d80cfcd6b8313e87630b680ee2,"{""distance"":3,""physical_error_rate"":0.0001}","{""detection_events"":24,""detectors_checked"":165888}"
      3072,         0,         0,   0.227,decoder_by_matrix,c8397cb2c46e4683a6f3970bc42cef1aabfef4d80cfcd6b8313e87630b680ee2,"{""distance"":3,""physical_error_rate"":0.0001}","{""detection_events"":54,""detectors_checked"":165888}"
      4096,         0,         0,   0.291,decoder_by_matrix,c8397cb2c46e4683a6f3970bc42cef1aabfef4d80cfcd6b8313e87630b680ee2,"{""distance"":3,""physical_error_rate"":0.0001}","{""detection_events"":33,""detectors_checked"":221184}"
      3072,         0,         0,   0.243,decoder_by_matrix,c8397cb2c46e4683a6f3970bc42cef1aabfef4d80cfcd6b8313e87630b680ee2,"{""distance"":3,""physical_error_rate"":0.0001}","{""detection_events"":36,""detectors_checked"":165888}"
      3072,         0,         0,   0.242,decoder_by_matrix,c8397cb2c46e4683a6f3970bc42cef1aabfef4d80cfcd6b8313e87630b680ee2,"{""distance"":3,""physical_error_rate"":0.0001}","{""detection_events"":36,""detectors_checked"":165888}"
      3072,         0,         0,   0.310,decoder_by_matrix,c8397cb2c46e4683a6f3970bc42cef1aabfef4d80cfcd6b8313e87630b680ee2,"{""distance"":3,""physical_error_rate"":0.0001}","{""detection_events"":36,""detectors_checked"":165888}"
      3072,         0,         0,   0.309,decoder_by_matrix,c8397cb2c46e4683a6f3970bc42cef1aabfef4d80cfcd6b8313e87630b680ee2,"{""distance"":3,""physical_error_rate"":0.0001}","{""detection_events"":60,""detectors_checked"":165888}"
      4096,         0,         0,   0.324,decoder_by_matrix,c8397cb2c46e4683a6f3970bc42cef1aabfef4d80cfcd6b8313e87630b680ee2,"{""distance"":3,""physical_error_rate"":0.0001}","{""detection_events"":78,""detectors_checked"":221184}"
      3072,         0,         0,   0.259,decoder_by_matrix,c8397cb2c46e4683a6f3970bc42cef1aabfef4d80cfcd6b8313e87630b680ee2,"{""distance"":3,""physical_error_rate"":0.0001}","{""detection_events"":39,""detectors_checked"":165888}"
      3072,         0,         0,   0.259,decoder_by_matrix,c8397cb2c46e4683a6f3970bc42cef1aabfef4d80cfcd6b8313e87630b680ee2,"{""distance"":3,""physical_error_rate"":0.0001}","{""detection_events"":45,""detectors_checked"":165888}"
      3072,         0,         0,   0.005,decoder_by_matrix,c8397cb2c46e4683a6f3970bc42cef1aabfef4d80cfcd6b8313e87630b680ee2,"{""distance"":3,""physical_error_rate"":0.0001}","{""detection_events"":33,""detectors_checked"":165888}"
      2048,         0,         0,   0.257,decoder_by_matrix,c8397cb2c46e4683a6f3970bc42cef1aabfef4d80cfcd6b8313e87630b680ee2,"{""distance"":3,""physical_error_rate"":0.0001}","{""detection_events"":24,""detectors_checked"":110592}"
      1024,         0,         0,   0.213,decoder_by_matrix,c8397cb2c46e4683a6f3970bc42cef1aabfef4d80cfcd6b8313e87630b680ee2,"{""distance"":3,""physical_error_rate"":0.0001}","{""detection_events"":36,""detectors_checked"":55296}"
      3072,         0,         0,   0.262,decoder_by_matrix,c8397cb2c46e4683a6f3970bc42cef1aabfef4d80cfcd6b8313e87630b680ee2,"{""distance"":3,""physical_error_rate"":0.0001}","{""detection_events"":18,""detectors_checked"":165888}"
      3072,         0,         0,   0.267,decoder_by_matrix,c8397cb2c46e4683a6f3970bc42cef1aabfef4d80cfcd6b8313e87630b680ee2,"{""distance"":3,""physical_error_rate"":0.0001}","{""detection_events"":18,""detectors_checked"":165888}"
      2048,         0,         0,   0.257,decoder_by_matrix,c8397cb2c46e4683a6f3970bc42cef1aabfef4d80cfcd6b8313e87630b680ee2,"{""distance"":3,""physical_error_rate"":0.0001}","{""detection_events"":24,""detectors_checked"":110592}"
      3072,         0,         0,   0.267,decoder_by_matrix,c8397cb2c46e4683a6f3970bc42cef1aabfef4d80cfcd6b8313e87630b680ee2,"{""distance"":3,""physical_error_rate"":0.0001}","{""detection_events"":54,""detectors_checked"":165888}"
      3072,         0,         0,   0.266,decoder_by_matrix,c8397cb2c46e4683a6f3970bc42cef1aabfef4d80cfcd6b8313e87630b680ee2,"{""distance"":3,""physical_error_rate"":0.0001}","{""detection_events"":15,""detectors_checked"":165888}"
      3072,         0,         0,   0.268,decoder_by_matrix,c8397cb2c46e4683a6f3970bc42cef1aabfef4d80cfcd6b8313e87630b680ee2,"{""distance"":3,""physical_error_rate"":0.0001}","{""detection_events"":24,""detectors_checked"":165888}"
      3072,         0,         0,   0.267,decoder_by_matrix,c8397cb2c46e4683a6f3970bc42cef1aabfef4d80cfcd6b8313e87630b680ee2,"{""distance"":3,""physical_error_rate"":0.0001}","{""detection_events"":30,""detectors_checked"":165888}"
      3072,         0,         0,   0.268,decoder_by_matrix,c8397cb2c46e4683a6f3970bc42cef1aabfef4d80cfcd6b8313e87630b680ee2,"{""distance"":3,""physical_error_rate"":0.0001}","{""detection_events"":66,""detectors_checked"":165888}"
      2048,         0,         0,   0.263,decoder_by_matrix,c8397cb2c46e4683a6f3970bc42cef1aabfef4d80cfcd6b8313e87630b680ee2,"{""distance"":3,""physical_error_rate"":0.0001}","{""detection_events"":21,""detectors_checked"":110592}"
      2048,         0,         0,   0.260,decoder_by_matrix,c8397cb2c46e4683a6f3970bc42cef1aabfef4d80cfcd6b8313e87630b680ee2,"{""distance"":3,""physical_error_rate"":0.0001}","{""detection_events"":30,""detectors_checked"":110592}"
      3072,         0,         0,   0.270,decoder_by_matrix,c8397cb2c46e4683a6f3970bc42cef1aabfef4d80cfcd6b8313e87630b680ee2,"{""distance"":3,""physical_error_rate"":0.0001}","{""detection_events"":24,""detectors_checked"":165888}"
      2048,         0,         0,   0.282,decoder_by_matrix,c8397cb2c46e4683a6f3970bc42cef1aabfef4d80cfcd6b8313e87630b680ee2,"{""distance"":3,""physical_error_rate"":0.0001}","{""detection_events"":27,""detectors_checked"":110592}"
      2048,         0,         0,   0.272,decoder_by_matrix,c8397cb2c46e4683a6f3970bc42cef1aabfef4d80cfcd6b8313e87630b680ee2,"{""distance"":3,""physical_error_rate"":0.0001}","{""detection_events"":18,""detectors_checked"":110592}"
      3072,         0,         0,   0.275,decoder_by_matrix,c8397cb2c46e4683a6f3970bc42cef1aabfef4d80cfcd6b8313e87630b680ee2,"{""distance"":3,""physical_error_rate"":0.0001}","{""detection_events"":12,""detectors_checked"":165888}"
      3072,         0,         0,   0.278,decoder_by_matrix,c8397cb2c46e4683a6f3970bc42cef1aabfef4d80cfcd6b8313e87630b680ee2,"{""distance"":3,""physical_error_rate"":0.0001}","{""detection_events"":42,""detectors_checked"":165888}"
      3072,         0,         0,   0.291,decoder_by_matrix,c8397cb2c46e4683a6f3970bc42cef1aabfef4d80cfcd6b8313e87630b680ee2,"{""distance"":3,""physical_error_rate"":0.0001}","{""detection_events"":42,""detectors_checked"":165888}"
      2048,         0,         0,   0.286,decoder_by_matrix,c8397cb2c46e4683a6f3970bc42cef1aabfef4d80cfcd6b8313e87630b680ee2,"{""distance"":3,""physical_error_rate"":0.0001}","{""detection_events"":18,""detectors_checked"":110592}"
      3072,         0,         0,   0.289,decoder_by_matrix,c8397cb2c46e4683a6f3970bc42cef1aabfef4d80cfcd6b8313e87630b680ee2,"{""distance"":3,""physical_error_rate"":0.0001}","{""detection_events"":63,""detectors_checked"":165888}"
      3072,         0,         0,   0.290,decoder_by_matrix,c8397cb2c46e4683a6f3970bc42cef1aabfef4d80cfcd6b8313e87630b680ee2,"{""distance"":3,""physical_error_rate"":0.0001}","{""detection_events"":12,""detectors_checked"":165888}"
      2048,         0,         0,   0.286,decoder_by_matrix,c8397cb2c46e4683a6f3970bc42cef1aabfef4d80cfcd6b8313e87630b680ee2,"{""distance"":3,""physical_error_rate"":0.0001}","{""detection_events"":15,""detectors_checked"":110592}"
      2048,         0,         0,   0.294,decoder_by_matrix,c8397cb2c46e4683a6f3970bc42cef1aabfef4d80cfcd6b8313e87630b680ee2,"{""distance"":3,""physical_error_rate"":0.0001}","{""detection_events"":36,""detectors_checked"":110592}"
      2048,         0,         0,   0.291,decoder_by_matrix,c8397cb2c46e4683a6f3970bc42cef1aabfef4d80cfcd6b8313e87630b680ee2,"{""distance"":3,""physical_error_rate"":0.0001}","{""detection_events"":21,""detectors_checked"":110592}"
      3072,         0,         0,   0.296,decoder_by_matrix,c8397cb2c46e4683a6f3970bc42cef1aabfef4d80cfcd6b8313e87630b680ee2,"{""distance"":3,""physical_error_rate"":0.0001}","{""detection_events"":15,""detectors_checked"":165888}"
      3072,         0,         0,   0.298,decoder_by_matrix,c8397cb2c46e4683a6f3970bc42cef1aabfef4d80cfcd6b8313e87630b680ee2,"{""distance"":3,""physical_error_rate"":0.0001}","{""detection_events"":48,""detectors_checked"":165888}"
      2048,         0,         0,   0.297,decoder_by_matrix,c8397cb2c46e4683a6f3970bc42cef1aabfef4d80cfcd6b8313e87630b680ee2,"{""distance"":3,""physical_error_rate"":0.0001}","{""detection_events"":24,""detectors_checked"":110592}"
      2048,         0,         0,   0.298,decoder_by_matrix,c8397cb2c46e4683a6f3970bc42cef1aabfef4d80cfcd6b8313e87630b680ee2,"{""distance"":3,""physical_error_rate"":0.0001}","{""detection_events"":12,""detectors_checked"":110592}"
      3072,         0,         0,   0.309,decoder_by_matrix,c8397cb2c46e4683a6f3970bc42cef1aabfef4d80cfcd6b8313e87630b680ee2,"{""distance"":3,""physical_error_rate"":0.0001}","{""detection_events"":36,""detectors_checked"":165888}"
      2048,         0,         0,   0.314,decoder_by_matrix,c8397cb2c46e4683a6f3970bc42cef1aabfef4d80cfcd6b8313e87630b680ee2,"{""distance"":3,""physical_error_rate"":0.0001}","{""detection_events"":33,""detectors_checked"":110592}"
      2048,         0,         0,   0.315,decoder_by_matrix,c8397cb2c46e4683a6f3970bc42cef1aabfef4d80cfcd6b8313e87630b680ee2,"{""distance"":3,""physical_error_rate"":0.0001}","{""detection_events"":24,""detectors_checked"":110592}"
      2048,         0,         0,   0.317,decoder_by_matrix,c8397cb2c46e4683a6f3970bc42cef1aabfef4d80cfcd6b8313e87630b680ee2,"{""distance"":3,""physical_error_rate"":0.0001}","{""detection_events"":9,""detectors_checked"":110592}"
      2048,         0,         0,   0.271,decoder_by_matrix,c8397cb2c46e4683a6f3970bc42cef1aabfef4d80cfcd6b8313e87630b680ee2,"{""distance"":3,""physical_error_rate"":0.0001}","{""detection_events"":15,""detectors_checked"":110592}"
      3072,         0,         0,   0.325,decoder_by_matrix,c8397cb2c46e4683a6f3970bc42cef1aabfef4d80cfcd6b8313e87630b680ee2,"{""distance"":3,""physical_error_rate"":0.0001}","{""detection_events"":57,""detectors_checked"":165888}"
      3072,         0,         0,   0.328,decoder_by_matrix,c8397cb2c46e4683a6f3970bc42cef1aabfef4d80cfcd6b8313e87630b680ee2,"{""distance"":3,""physical_error_rate"":0.0001}","{""detection_events"":66,""detectors_checked"":165888}"
      4096,         0,         0,   0.329,decoder_by_matrix,c8397cb2c46e4683a6f3970bc42cef1aabfef4d80cfcd6b8313e87630b680ee2,"{""distance"":3,""physical_error_rate"":0.0001}","{""detection_events"":9,""detectors_checked"":221184}"
      2048,         0,         0,   0.326,decoder_by_matrix,c8397cb2c46e4683a6f3970bc42cef1aabfef4d80cfcd6b8313e87630b680ee2,"{""distance"":3,""physical_error_rate"":0.0001}","{""detection_events"":24,""detectors_checked"":110592}"
      3072,         0,         0,   0.334,decoder_by_matrix,c8397cb2c46e4683a6f3970bc42cef1aabfef4d80cfcd6b8313e87630b680ee2,"{""distance"":3,""physical_error_rate"":0.0001}","{""detection_events"":33,""detectors_checked"":165888}"
      3072,         0,         0,   0.321,decoder_by_matrix,c8397cb2c46e4683a6f3970bc42cef1aabfef4d80cfcd6b8313e87630b680ee2,"{""distance"":3,""physical_error_rate"":0.0001}","{""detection_events"":39,""detectors_checked"":165888}"
      3072,         0,         0,   0.320,decoder_by_matrix,c8397cb2c46e4683a6f3970bc42cef1aabfef4d80cfcd6b8313e87630b680ee2,"{""distance"":3,""physical_error_rate"":0.0001}","{""detection_events"":39,""detectors_checked"":165888}"
      3072,         0,         0,   0.320,decoder_by_matrix,c8397cb2c46e4683a6f3970bc42cef1aabfef4d80cfcd6b8313e87630b680ee2,"{""distance"":3,""physical_error_rate"":0.0001}","{""detection_events"":54,""detectors_checked"":165888}"
      4096,         0,         0,   0.006,decoder_by_matrix,c8397cb2c46e4683a6f3970bc42cef1aabfef4d80cfcd6b8313e87630b680ee2,"{""distance"":3,""physical_error_rate"":0.0001}","{""detection_events"":30,""detectors_checked"":221184}"
      3072,         0,         0,   0.320,decoder_by_matrix,c8397cb2c46e4683a6f3970bc42cef1aabfef4d80cfcd6b8313e87630b680ee2,"{""distance"":3,""physical_error_rate"":0.0001}","{""detection_events"":24,""detectors_checked"":165888}"
      3072,         0,         0,   0.315,decoder_by_matrix,c8397cb2c46e4683a6f3970bc42cef1aabfef4d80cfcd6b8313e87630b680ee2,"{""distance"":3,""physical_error_rate"":0.0001}","{""detection_events"":45,""detectors_checked"":165888}"
      5120,         0,         0,   0.326,decoder_by_matrix,c8397cb2c46e4683a6f3970bc42cef1aabfef4d80cfcd6b8313e87630b680ee2,"{""distance"":3,""physical_error_rate"":0.0001}","{""detection_events"":30,""detectors_checked"":276480}"
      3072,         0,         0,   0.320,decoder_by_matrix,c8397cb2c46e4683a6f3970bc42cef1aabfef4d80cfcd6b8313e87630b680ee2,"{""distance"":3,""physical_error_rate"":0.0001}","{""detection_events"":36,""detectors_checked"":165888}"
      3072,         0,         0,   0.320,decoder_by_matrix,c8397cb2c46e4683a6f3970bc42cef1aabfef4d80cfcd6b8313e87630b680ee2,"{""distance"":3,""physical_error_rate"":0.0001}","{""detection_events"":33,""detectors_checked"":165888}"
      3072,         0,         0,   0.320,decoder_by_matrix,c8397cb2c46e4683a6f3970bc42cef1aabfef4d80cfcd6b8313e87630b680ee2,"{""distance"":3,""physical_error_rate"":0.0001}","{""detection_events"":36,""detectors_checked"":165888}"
      3072,         0,         0,   0.321,decoder_by_matrix,c8397cb2c46e4683a6f3970bc42cef1aabfef4d80cfcd6b8313e87630b680ee2,"{""distance"":3,""physical_error_rate"":0.0001}","{""detection_events"":66,""detectors_checked"":165888}"
      3072,         0,         0,   0.320,decoder_by_matrix,c8397cb2c46e4683a6f3970bc42cef1aabfef4d80cfcd6b8313e87630b680ee2,"{""distance"":3,""physical_error_rate"":0.0001}","{""detection_events"":57,""detectors_checked"":165888}"
      3072,         0,         0,   0.320,decoder_by_matrix,c8397cb2c46e4683a6f3970bc42cef1aabfef4d80cfcd6b8313e87630b680ee2,"{""distance"":3,""physical_error_rate"":0.0001}","{""detection_events"":45,""detectors_checked"":165888}"
      3072,         0,         0,   0.320,decoder_by_matrix,c8397cb2c46e4683a6f3970bc42cef1aabfef4d80cfcd6b8313e87630b680ee2,"{""distance"":3,""physical_error_rate"":0.0001}","{""detection_events"":45,""detectors_checked"":165888}"
      3072,         0,         0,   0.005,decoder_by_matrix,c8397cb2c46e4683a6f3970bc42cef1aabfef4d80cfcd6b8313e87630b680ee2,"{""distance"":3,""physical_error_rate"":0.0001}","{""detection_events"":36,""detectors_checked"":165888}"
      3072,         0,         0,   0.320,decoder_by_matrix,c8397cb2c46e4683a6f3970bc42cef1aabfef4d80cfcd6b8313e87630b680ee2,"{""distance"":3,""physical_error_rate"":0.0001}","{""detection_events"":60,""detectors_checked"":165888}"
      3072,         0,         0,   0.320,decoder_by_matrix,c8397cb2c46e4683a6f3970bc42cef1aabfef4d80cfcd6b8313e87630b680ee2,"{""distance"":3,""physical_error_rate"":0.0001}","{""detection_events"":54,""detectors_checked"":165888}"
      4096,         0,         0,   0.493,decoder_by_matrix,c8397cb2c46e4683a6f3970bc42cef1aabfef4d80cfcd6b8313e87630b680ee2,"{""distance"":3,""physical_error_rate"":0.0001}","{""detection_events"":48,""detectors_checked"":221184}"
      3072,         0,         0,   0.326,decoder_by_matrix,c8397cb2c46e4683a6f3970bc42cef1aabfef4d80cfcd6b8313e87630b680ee2,"{""distance"":3,""physical_error_rate"":0.0001}","{""detection_events"":45,""detectors_checked"":165888}"
      3072,         0,         0,   0.326,decoder_by_matrix,c8397cb2c46e4683a6f3970bc42cef1aabfef4d80cfcd6b8313e87630b680ee2,"{""distance"":3,""physical_error_rate"":0.0001}","{""detection_events"":57,""detectors_checked"":165888}"
      4096,         0,         0,   0.326,decoder_by_matrix,c8397cb2c46e4683a6f3970bc42cef1aabfef4d80cfcd6b8313e87630b680ee2,"{""distance"":3,""physical_error_rate"":0.0001}","{""detection_events"":39,""detectors_checked"":221184}"
      3072,         0,         0,   0.325,decoder_by_matrix,c8397cb2c46e4683a6f3970bc42cef1aabfef4d80cfcd6b8313e87630b680ee2,"{""distance"":3,""physical_error_rate"":0.0001}","{""detection_events"":54,""detectors_checked"":165888}"
      3072,         0,         0,   0.004,decoder_by_matrix,c8397cb2c46e4683a6f3970bc42cef1aabfef4d80cfcd6b8313e87630b680ee2,"{""distance"":3,""physical_error_rate"":0.0001}","{""detection_events"":27,""detectors_checked"":165888}"
      4096,         0,         0,   0.320,decoder_by_matrix,c8397cb2c46e4683a6f3970bc42cef1aabfef4d80cfcd6b8313e87630b680ee2,"{""distance"":3,""physical_error_rate"":0.0001}","{""detection_events"":45,""detectors_checked"":221184}"
      4096,         0,         0,   0.319,decoder_by_matrix,c8397cb2c46e4683a6f3970bc42cef1aabfef4d80cfcd6b8313e87630b680ee2,"{""distance"":3,""physical_error_rate"":0.0001}","{""detection_events"":33,""detectors_checked"":221184}"
      4096,         0,         0,   0.317,decoder_by_matrix,c8397cb2c46e4683a6f3970bc42cef1aabfef4d80cfcd6b8313e87630b680ee2,"{""distance"":3,""physical_error_rate"":0.0001}","{""detection_events"":21,""detectors_checked"":221184}"
      3072,         0,         0,   0.315,decoder_by_matrix,c8397cb2c46e4683a6f3970bc42cef1aabfef4d80cfcd6b8313e87630b680ee2,"{""distance"":3,""physical_error_rate"":0.0001}","{""detection_events"":24,""detectors_checked"":165888}"
      3072,         0,         0,   0.314,decoder_by_matrix,c8397cb2c46e4683a6f3970bc42cef1aabfef4d80cfcd6b8313e87630b680ee2,"{""distance"":3,""physical_error_rate"":0.0001}","{""detection_events"":63,""detectors_checked"":165888}"
      3072,         0,         0,   0.311,decoder_by_matrix,c8397cb2c46e4683a6f3970bc42cef1aabfef4d80cfcd6b8313e87630b680ee2,"{""distance"":3,""physical_error_rate"":0.0001}","{""detection_events"":24,""detectors_checked"":165888}"
      3072,         0,         0,   0.309,decoder_by_matrix,c8397cb2c46e4683a6f3970bc42cef1aabfef4d80cfcd6b8313e87630b680ee2,"{""distance"":3,""physical_error_rate"":0.0001}","{""detection_events"":36,""detectors_checked"":165888}"
      3072,         0,         0,   0.308,decoder_by_matrix,c8397cb2c46e4683a6f3970bc42cef1aabfef4d80cfcd6b8313e87630b680ee2,"{""distance"":3,""physical_error_rate"":0.0001}","{""detection_events"":21,""detectors_checked"":165888}"
      3072,         0,         0,   0.309,decoder_by_matrix,c8397cb2c46e4683a6f3970bc42cef1aabfef4d80cfcd6b8313e87630b680ee2,"{""distance"":3,""physical_error_rate"":0.0001}","{""detection_events"":36,""detectors_checked"":165888}"
      3072,         0,         0,   0.301,decoder_by_matrix,c8397cb2c46e4683a6f3970bc42cef1aabfef4d80cfcd6b8313e87630b680ee2,"{""distance"":3,""physical_error_rate"":0.0001}","{""detection_events"":48,""detectors_checked"":165888}"
      4096,         0,         0,   0.299,decoder_by_matrix,c8397cb2c46e4683a6f3970bc42cef1aabfef4d80cfcd6b8313e87630b680ee2,"{""distance"":3,""physical_error_rate"":0.0001}","{""detection_events"":24,""detectors_checked"":221184}"
      3072,         0,         0,   0.298,decoder_by_matrix,c8397cb2c46e4683a6f3970bc42cef1aabfef4d80cfcd6b8313e87630b680ee2,"{""distance"":3,""physical_error_rate"":0.0001}","{""detection_events"":24,""detectors_checked"":165888}"
      3072,         0,         0,   0.297,decoder_by_matrix,c8397cb2c46e4683a6f3970bc42cef1aabfef4d80cfcd6b8313e87630b680ee2,"{""distance"":3,""physical_error_rate"":0.0001}","{""detection_events"":12,""detectors_checked"":165888}"
      4096,         0,         0,   0.297,decoder_by_matrix,c8397cb2c46e4683a6f3970bc42cef1aabfef4d80cfcd6b8313e87630b680ee2,"{""distance"":3,""physical_error_rate"":0.0001}","{""detection_events"":66,""detectors_checked"":221184}"
      3072,         0,         0,   0.296,decoder_by_matrix,c8397cb2c46e4683a6f3970bc42cef1aabfef4d80cfcd6b8313e87630b680ee2,"{""distance"":3,""physical_error_rate"":0.0001}","{""detection_events"":39,""detectors_checked"":165888}"
      3072,         0,         0,   0.295,decoder_by_matrix,c8397cb2c46e4683a6f3970bc42cef1aabfef4d80cfcd6b8313e87630b680ee2,"{""distance"":3,""physical_error_rate"":0.0001}","{""detection_events"":42,""detectors_checked"":165888}"
      3072,         0,         0,   0.293,decoder_by_matrix,c8397cb2c46e4683a6f3970bc42cef1aabfef4d80cfcd6b8313e87630b680ee2,"{""distance"":3,""physical_error_rate"":0.0001}","{""detection_events"":24,""detectors_checked"":165888}"
      3072,         0,         0,   0.292,decoder_by_matrix,c8397cb2c46e4683a6f3970bc42cef1aabfef4d80cfcd6b8313e87630b680ee2,"{""distance"":3,""physical_error_rate"":0.0001}","{""detection_events"":27,""detectors_checked"":165888}"
      3072,         0,         0,   0.293,decoder_by_matrix,c8397cb2c46e4683a6f3970bc42cef1aabfef4d80cfcd6b8313e87630b680ee2,"{""distance"":3,""physical_error_rate"":0.0001}","{""detection_events"":51,""detectors_checked"":165888}"
      3072,         0,         0,   0.284,decoder_by_matrix,c8397cb2c46e4683a6f3970bc42cef1aabfef4d80cfcd6b8313e87630b680ee2,"{""distance"":3,""physical_error_rate"":0.0001}","{""detection_events"":42,""detectors_checked"":165888}"
      3072,         0,         0,   0.283,decoder_by_matrix,c8397cb2c46e4683a6f3970bc42cef1aabfef4d80cfcd6b8313e87630b680ee2,"{""distance"":3,""physical_error_rate"":0.0001}","{""detection_events"":69,""detectors_checked"":165888}"
      3072,         0,         0,   0.282,decoder_by_matrix,c8397cb2c46e4683a6f3970bc42cef1aabfef4d80cfcd6b8313e87630b680ee2,"{""distance"":3,""physical_error_rate"":0.0001}","{""detection_events"":54,""detectors_checked"":165888}"
      3072,         0,         0,   0.281,decoder_by_matrix,c8397cb2c46e4683a6f3970bc42cef1aabfef4d80cfcd6b8313e87630b680ee2,"{""distance"":3,""physical_error_rate"":0.0001}","{""detection_events"":39,""detectors_checked"":165888}"
      4096,         0,         0,   0.279,decoder_by_matrix,c8397cb2c46e4683a6f3970bc42cef1aabfef4d80cfcd6b8313e87630b680ee2,"{""distance"":3,""physical_error_rate"":0.0001}","{""detection_events"":33,""detectors_checked"":221184}"
      4096,         0,         0,   0.181,decoder_by_matrix,c8397cb2c46e4683a6f3970bc42cef1aabfef4d80cfcd6b8313e87630b680ee2,"{""distance"":3,""physical_error_rate"":0.0001}","{""detection_events"":48,""detectors_checked"":221184}"
      3072,         0,         0,   0.280,decoder_by_matrix,c8397cb2c46e4683a6f3970bc42cef1aabfef4d80cfcd6b8313e87630b680ee2,"{""distance"":3,""physical_error_rate"":0.0001}","{""detection_events"":93,""detectors_checked"":165888}"
      5120,         0,         0,   0.280,decoder_by_matrix,c8397cb2c46e4683a6f3970bc42cef1aabfef4d80cfcd6b8313e87630b680ee2,"{""distance"":3,""physical_error_rate"":0.0001}","{""detection_events"":66,""detectors_checked"":276480}"
      3072,         0,         0,   0.267,decoder_by_matrix,c8397cb2c46e4683a6f3970bc42cef1aabfef4d80cfcd6b8313e87630b680ee2,"{""distance"":3,""physical_error_rate"":0.0001}","{""detection_events"":51,""detectors_checked"":165888}"
      3072,         0,         0,   0.266,decoder_by_matrix,c8397cb2c46e4683a6f3970bc42cef1aabfef4d80cfcd6b8313e87630b680ee2,"{""distance"":3,""physical_error_rate"":0.0001}","{""detection_events"":30,""detectors_checked"":165888}"
      3072,         0,         0,   0.265,decoder_by_matrix,c8397cb2c46e4683a6f3970bc42cef1aabfef4d80cfcd6b8313e87630b680ee2,"{""distance"":3,""physical_error_rate"":0.0001}","{""detection_events"":51,""detectors_checked"":165888}"
      3072,         0,         0,   0.264,decoder_by_matrix,c8397cb2c46e4683a6f3970bc42cef1aabfef4d80cfcd6b8313e87630b680ee2,"{""distance"":3,""physical_error_rate"":0.0001}","{""detection_events"":39,""detectors_checked"":165888}"
      5120,         0,         0,   0.263,decoder_by_matrix,c8397cb2c46e4683a6f3970bc42cef1aabfef4d80cfcd6b8313e87630b680ee2,"{""distance"":3,""physical_error_rate"":0.0001}","{""detection_events"":24,""detectors_checked"":276480}"
      2048,         0,         0,   0.256,decoder_by_matrix,c8397cb2c46e4683a6f3970bc42cef1aabfef4d80cfcd6b8313e87630b680ee2,"{""distance"":3,""physical_error_rate"":0.0001}","{""detection_events"":36,""detectors_checked"":110592}"
      2048,         0,         0,   0.256,decoder_by_matrix,c8397cb2c46e4683a6f3970bc42cef1aabfef4d80cfcd6b8313e87630b680ee2,"{""distance"":3,""physical_error_rate"":0.0001}","{""detection_events"":36,""detectors_checked"":110592}"
      3072,         0,         0,   0.256,decoder_by_matrix,c8397cb2c46e4683a6f3970bc42cef1aabfef4d80cfcd6b8313e87630b680ee2,"{""distance"":3,""physical_error_rate"":0.0001}","{""detection_events"":12,""detectors_checked"":165888}"
      3072,         0,         0,   0.261,decoder_by_matrix,c8397cb2c46e4683a6f3970bc42cef1aabfef4d80cfcd6b8313e87630b680ee2,"{""distance"":3,""physical_error_rate"":0.0001}","{""detection_events"":12,""detectors_checked"":165888}"
      2048,         0,         0,   0.260,decoder_by_matrix,c8397cb2c46e4683a6f3970bc42cef1aabfef4d80cfcd6b8313e87630b680ee2,"{""distance"":3,""physical_error_rate"":0.0001}","{""detection_events"":18,""detectors_checked"":110592}"
      3072,         0,         0,   0.260,decoder_by_matrix,c8397cb2c46e4683a6f3970bc42cef1aabfef4d80cfcd6b8313e87630b680ee2,"{""distance"":3,""physical_error_rate"":0.0001}","{""detection_events"":18,""detectors_checked"":165888}"
      3072,         0,         0,   0.262,decoder_by_matrix,c8397cb2c46e4683a6f3970bc42cef1aabfef4d80cfcd6b8313e87630b680ee2,"{""distance"":3,""physical_error_rate"":0.0001}","{""detection_events"":39,""detectors_checked"":165888}"
      3072,         0,         0,   0.261,decoder_by_matrix,c8397cb2c46e4683a6f3970bc42cef1aabfef4d80cfcd6b8313e87630b680ee2,"{""distance"":3,""physical_error_rate"":0.0001}","{""detection_events"":21,""detectors_checked"":165888}"
      3072,         0,         0,   0.257,decoder_by_matrix,c8397cb2c46e4683a6f3970bc42cef1aabfef4d80cfcd6b8313e87630b680ee2,"{""distance"":3,""physical_error_rate"":0.0001}","{""detection_events"":18,""detectors_checked"":165888}"
      2048,         0,         0,   0.260,decoder_by_matrix,c8397cb2c46e4683a6f3970bc42cef1aabfef4d80cfcd6b8313e87630b680ee2,"{""distance"":3,""physical_error_rate"":0.0001}","{""detection_events"":30,""detectors_checked"":110592}"
      2048,         0,         0,   0.260,decoder_by_matrix,c8397cb2c46e4683a6f3970bc42cef1aabfef4d80cfcd6b8313e87630b680ee2,"{""distance"":3,""physical_error_rate"":0.0001}","{""detection_events"":27,""detectors_checked"":110592}"
      3072,         0,         0,   0.262,decoder_by_matrix,c8397cb2c46e4683a6f3970bc42cef1aabfef4d80cfcd6b8313e87630b680ee2,"{""distance"":3,""physical_error_rate"":0.0001}","{""detection_events"":63,""detectors_checked"":165888}"
      2048,         0,         0,   0.256,decoder_by_matrix,c8397cb2c46e4683a6f3970bc42cef1aabfef4d80cfcd6b8313e87630b680ee2,"{""distance"":3,""physical_error_rate"":0.0001}","{""detection_events"":27,""detectors_checked"":110592}"
      2048,         0,         0,   0.252,decoder_by_matrix,c8397cb2c46e4683a6f3970bc42cef1aabfef4d80cfcd6b8313e87630b680ee2,"{""distance"":3,""physical_error_rate"":0.0001}","{""detection_events"":33,""detectors_checked"":110592}"
      3072,         0,         0,   0.261,decoder_by_matrix,c8397cb2c46e4683a6f3970bc42cef1aabfef4d80cfcd6b8313e87630b680ee2,"{""distance"":3,""physical_error_rate"":0.0001}","{""detection_events"":39,""detectors_checked"":165888}"
      2048,         0,         0,   0.256,decoder_by_matrix,c8397cb2c46e4683a6f3970bc42cef1aabfef4d80cfcd6b8313e87630b680ee2,"{""distance"":3,""physical_error_rate"":0.0001}","{""detection_events"":30,""detectors_checked"":110592}"
      3072,         0,         0,   0.257,decoder_by_matrix,c8397cb2c46e4683a6f3970bc42cef1aabfef4d80cfcd6b8313e87630b680ee2,"{""distance"":3,""physical_error_rate"":0.0001}","{""detection_events"":21,""detectors_checked"":165888}"
      3072,         0,         0,   0.286,decoder_by_matrix,c8397cb2c46e4683a6f3970bc42cef1aabfef4d80cfcd6b8313e87630b680ee2,"{""distance"":3,""physical_error_rate"":0.0001}","{""detection_events"":60,""detectors_checked"":165888}"
      3072,         0,         0,   0.257,decoder_by_matrix,c8397cb2c46e4683a6f3970bc42cef1aabfef4d80cfcd6b8313e87630b680ee2,"{""distance"":3,""physical_error_rate"":0.0001}","{""detection_events"":60,""detectors_checked"":165888}"
      2048,         0,         0,   0.255,decoder_by_matrix,c8397cb2c46e4683a6f3970bc42cef1aabfef4d80cfcd6b8313e87630b680ee2,"{""distance"":3,""physical_error_rate"":0.0001}","{""detection_events"":30,""detectors_checked"":110592}"
      3072,         0,         0,   0.257,decoder_by_matrix,c8397cb2c46e4683a6f3970bc42cef1aabfef4d80cfcd6b8313e87630b680ee2,"{""distance"":3,""physical_error_rate"":0.0001}","{""detection_events"":54,""detectors_checked"":165888}"
      3072,         0,         0,   0.257,decoder_by_matrix,c8397cb2c46e4683a6f3970bc42cef1aabfef4d80cfcd6b8313e87630b680ee2,"{""distance"":3,""physical_error_rate"":0.0001}","{""detection_events"":45,""detectors_checked"":165888}"
      2048,         0,         0,   0.255,decoder_by_matrix,c8397cb2c46e4683a6f3970bc42cef1aabfef4d80cfcd6b8313e87630b680ee2,"{""distance"":3,""physical_error_rate"":0.0001}","{""detection_events"":27,""detectors_checked"":110592}"
      2048,         0,         0,   0.255,decoder_by_matrix,c8397cb2c46e4683a6f3970bc42cef1aabfef4d80cfcd6b8313e87630b680ee2,"{""distance"":3,""physical_error_rate"":0.0001}","{""detection_events"":48,""detectors_checked"":110592}"
      3072,         0,         0,   0.252,decoder_by_matrix,c8397cb2c46e4683a6f3970bc42cef1aabfef4d80cfcd6b8313e87630b680ee2,"{""distance"":3,""physical_error_rate"":0.0001}","{""detection_events"":18,""detectors_checked"":165888}"
      3072,         0,         0,   0.257,decoder_by_matrix,c8397cb2c46e4683a6f3970bc42cef1aabfef4d80cfcd6b8313e87630b680ee2,"{""distance"":3,""physical_error_rate"":0.0001}","{""detection_events"":36,""detectors_checked"":165888}"
      2048,         0,         0,   0.255,decoder_by_matrix,c8397cb2c46e4683a6f3970bc42cef1aabfef4d80cfcd6b8313e87630b680ee2,"{""distance"":3,""physical_error_rate"":0.0001}","{""detection_events"":27,""detectors_checked"":110592}"
      3072,         0,         0,   0.256,decoder_by_matrix,c8397cb2c46e4683a6f3970bc42cef1aabfef4d80cfcd6b8313e87630b680ee2,"{""distance"":3,""physical_error_rate"":0.0001}","{""detection_events"":36,""detectors_checked"":165888}"
      3072,         0,         0,   0.256,decoder_by_matrix,c8397cb2c46e4683a6f3970bc42cef1aabfef4d80cfcd6b8313e87630b680ee2,"{""distance"":3,""physical_error_rate"":0.0001}","{""detection_events"":33,""detectors_checked"":165888}"
      2048,         0,         0,   0.255,decoder_by_matrix,c8397cb2c46e4683a6f3970bc42cef1aabfef4d80cfcd6b8313e87630b680ee2,"{""distance"":3,""physical_error_rate"":0.0001}","{""detection_events"":30,""detectors_checked"":110592}"
      2048,         0,         0,   0.255,decoder_by_matrix,c8397cb2c46e4683a6f3970bc42cef1aabfef4d80cfcd6b8313e87630b680ee2,"{""distance"":3,""physical_error_rate"":0.0001}","{""detection_events"":39,""detectors_checked"":110592}"
      3072,         0,         0,   0.261,decoder_by_matrix,c8397cb2c46e4683a6f3970bc42cef1aabfef4d80cfcd6b8313e87630b680ee2,"{""distance"":3,""physical_error_rate"":0.0001}","{""detection_events"":57,""detectors_checked"":165888}"
      3072,         0,         0,   0.261,decoder_by_matrix,c8397cb2c46e4683a6f3970bc42cef1aabfef4d80cfcd6b8313e87630b680ee2,"{""distance"":3,""physical_error_rate"":0.0001}","{""detection_events"":21,""detectors_checked"":165888}"
      3072,         0,         0,   0.259,decoder_by_matrix,c8397cb2c46e4683a6f3970bc42cef1aabfef4d80cfcd6b8313e87630b680ee2,"{""distance"":3,""physical_error_rate"":0.0001}","{""detection_events"":21,""detectors_checked"":165888}"
      2048,         0,         0,   0.003,decoder_by_matrix,c8397cb2c46e4683a6f3970bc42cef1aabfef4d80cfcd6b8313e87630b680ee2,"{""distance"":3,""physical_error_rate"":0.0001}","{""detection_events"":30,""detectors_checked"":110592}"
      3072,         0,         0,   0.252,decoder_by_matrix,c8397cb2c46e4683a6f3970bc42cef1aabfef4d80cfcd6b8313e87630b680ee2,"{""distance"":3,""physical_error_rate"":0.0001}","{""detection_events"":75,""detectors_checked"":165888}"
      5120,         0,         0,   0.518,decoder_by_matrix,c8397cb2c46e4683a6f3970bc42cef1aabfef4d80cfcd6b8313e87630b680ee2,"{""distance"":3,""physical_error_rate"":0.0001}","{""detection_events"":54,""detectors_checked"":276480}"
      3072,         0,         0,   0.264,decoder_by_matrix,c8397cb2c46e4683a6f3970bc42cef1aabfef4d80cfcd6b8313e87630b680ee2,"{""distance"":3,""physical_error_rate"":0.0001}","{""detection_events"":45,""detectors_checked"":165888}"
      5120,         0,         0,   0.519,decoder_by_matrix,c8397cb2c46e4683a6f3970bc42cef1aabfef4d80cfcd6b8313e87630b680ee2,"{""distance"":3,""physical_error_rate"":0.0001}","{""detection_events"":93,""detectors_checked"":276480}"
      4096,         0,         0,   0.505,decoder_by_matrix,c8397cb2c46e4683a6f3970bc42cef1aabfef4d80cfcd6b8313e87630b680ee2,"{""distance"":3,""physical_error_rate"":0.0001}","{""detection_events"":69,""detectors_checked"":221184}"
      5120,         0,         0,   0.527,decoder_by_matrix,c8397cb2c46e4683a6f3970bc42cef1aabfef4d80cfcd6b8313e87630b680ee2,"{""distance"":3,""physical_error_rate"":0.0001}","{""detection_events"":51,""detectors_checked"":276480}"
      5120,         0,         0,   0.519,decoder_by_matrix,c8397cb2c46e4683a6f3970bc42cef1aabfef4d80cfcd6b8313e87630b680ee2,"{""distance"":3,""physical_error_rate"":0.0001}","{""detection_events"":69,""detectors_checked"":276480}"
      5120,         0,         0,   0.518,decoder_by_matrix,c8397cb2c46e4683a6f3970bc42cef1aabfef4d80cfcd6b8313e87630b680ee2,"{""distance"":3,""physical_error_rate"":0.0001}","{""detection_events"":39,""detectors_checked"":276480}"
      5120,         0,         0,   0.511,decoder_by_matrix,c8397cb2c46e4683a6f3970bc42cef1aabfef4d80cfcd6b8313e87630b680ee2,"{""distance"":3,""physical_error_rate"":0.0001}","{""detection_events"":42,""detectors_checked"":276480}"
      6144,         0,         0,   0.523,decoder_by_matrix,c8397cb2c46e4683a6f3970bc42cef1aabfef4d80cfcd6b8313e87630b680ee2,"{""distance"":3,""physical_error_rate"":0.0001}","{""detection_events"":63,""detectors_checked"":331776}"
      5120,         0,         0,   0.523,decoder_by_matrix,c8397cb2c46e4683a6f3970bc42cef1aabfef4d80cfcd6b8313e87630b680ee2,"{""distance"":3,""physical_error_rate"":0.0001}","{""detection_events"":54,""detectors_checked"":276480}"
      7168,         0,         0,   0.516,decoder_by_matrix,c8397cb2c46e4683a6f3970bc42cef1aabfef4d80cfcd6b8313e87630b680ee2,"{""distance"":3,""physical_error_rate"":0.0001}","{""detection_events"":81,""detectors_checked"":387072}"
      5120,         0,         0,   0.527,decoder_by_matrix,c8397cb2c46e4683a6f3970bc42cef1aabfef4d80cfcd6b8313e87630b680ee2,"{""distance"":3,""physical_error_rate"":0.0001}","{""detection_events"":87,""detectors_checked"":276480}"
      5120,         0,         0,   0.519,decoder_by_matrix,c8397cb2c46e4683a6f3970bc42cef1aabfef4d80cfcd6b8313e87630b680ee2,"{""distance"":3,""physical_error_rate"":0.0001}","{""detection_events"":69,""detectors_checked"":276480}"
      5120,         0,         0,   0.519,decoder_by_matrix,c8397cb2c46e4683a6f3970bc42cef1aabfef4d80cfcd6b8313e87630b680ee2,"{""distance"":3,""physical_error_rate"":0.0001}","{""detection_events"":72,""detectors_checked"":276480}"
      5120,         0,         0,   0.519,decoder_by_matrix,c8397cb2c46e4683a6f3970bc42cef1aabfef4d80cfcd6b8313e87630b680ee2,"{""distance"":3,""physical_error_rate"":0.0001}","{""detection_events"":51,""detectors_checked"":276480}"
      5120,         0,         0,   0.519,decoder_by_matrix,c8397cb2c46e4683a6f3970bc42cef1aabfef4d80cfcd6b8313e87630b680ee2,"{""distance"":3,""physical_error_rate"":0.0001}","{""detection_events"":63,""detectors_checked"":276480}"
      7168,         0,         0,   0.519,decoder_by_matrix,c8397cb2c46e4683a6f3970bc42cef1aabfef4d80cfcd6b8313e87630b680ee2,"{""distance"":3,""physical_error_rate"":0.0001}","{""detection_events"":45,""detectors_checked"":387072}"
      5120,         0,         0,   0.518,decoder_by_matrix,c8397cb2c46e4683a6f3970bc42cef1aabfef4d80cfcd6b8313e87630b680ee2,"{""distance"":3,""physical_error_rate"":0.0001}","{""detection_events"":102,""detectors_checked"":276480}"
      6144,         0,         0,   0.518,decoder_by_matrix,c8397cb2c46e4683a6f3970bc42cef1aabfef4d80cfcd6b8313e87630b680ee2,"{""distance"":3,""physical_error_rate"":0.0001}","{""detection_events"":60,""detectors_checked"":331776}"
      6144,         0,         0,   0.519,decoder_by_matrix,c8397cb2c46e4683a6f3970bc42cef1aabfef4d80cfcd6b8313e87630b680ee2,"{""distance"":3,""physical_error_rate"":0.0001}","{""detection_events"":72,""detectors_checked"":331776}"
      5120,         0,         0,   0.519,decoder_by_matrix,c8397cb2c46e4683a6f3970bc42cef1aabfef4d80cfcd6b8313e87630b680ee2,"{""distance"":3,""physical_error_rate"":0.0001}","{""detection_events"":90,""detectors_checked"":276480}"
      5120,         0,         0,   0.518,decoder_by_matrix,c8397cb2c46e4683a6f3970bc42cef1aabfef4d80cfcd6b8313e87630b680ee2,"{""distance"":3,""physical_error_rate"":0.0001}","{""detection_events"":39,""detectors_checked"":276480}"
      5120,         0,         0,   0.519,decoder_by_matrix,c8397cb2c46e4683a6f3970bc42cef1aabfef4d80cfcd6b8313e87630b680ee2,"{""distance"":3,""physical_error_rate"":0.0001}","{""detection_events"":72,""detectors_checked"":276480}"
      5120,         0,         0,   0.264,decoder_by_matrix,c8397cb2c46e4683a6f3970bc42cef1aabfef4d80cfcd6b8313e87630b680ee2,"{""distance"":3,""physical_error_rate"":0.0001}","{""detection_events"":72,""detectors_checked"":276480}"
      5120,         0,         0,   0.522,decoder_by_matrix,c8397cb2c46e4683a6f3970bc42cef1aabfef4d80cfcd6b8313e87630b680ee2,"{""distance"":3,""physical_error_rate"":0.0001}","{""detection_events"":75,""detectors_checked"":276480}"
      5120,         0,         0,   0.523,decoder_by_matrix,c8397cb2c46e4683a6f3970bc42cef1aabfef4d80cfcd6b8313e87630b680ee2,"{""distance"":3,""physical_error_rate"":0.0001}","{""detection_events"":90,""detectors_checked"":276480}"
      7168,         0,         0,   0.524,decoder_by_matrix,c8397cb2c46e4683a6f3970bc42cef1aabfef4d80cfcd6b8313e87630b680ee2,"{""distance"":3,""physical_error_rate"":0.0001}","{""detection_events"":60,""detectors_checked"":387072}"
      5120,         0,         0,   0.519,decoder_by_matrix,c8397cb2c46e4683a6f3970bc42cef1aabfef4d80cfcd6b8313e87630b680ee2,"{""distance"":3,""physical_error_rate"":0.0001}","{""detection_events"":84,""detectors_checked"":276480}"
      5120,         0,         0,   0.519,decoder_by_matrix,c8397cb2c46e4683a6f3970bc42cef1aabfef4d80cfcd6b8313e87630b680ee2,"{""distance"":3,""physical_error_rate"":0.0001}","{""detection_events"":87,""detectors_checked"":276480}"
      6144,         0,         0,   0.521,decoder_by_matrix,c8397cb2c46e4683a6f3970bc42cef1aabfef4d80cfcd6b8313e87630b680ee2,"{""distance"":3,""physical_error_rate"":0.0001}","{""detection_events"":81,""detectors_checked"":331776}"
      5120,         0,         0,   0.520,decoder_by_matrix,c8397cb2c46e4683a6f3970bc42cef1aabfef4d80cfcd6b8313e87630b680ee2,"{""distance"":3,""physical_error_rate"":0.0001}","{""detection_events"":72,""detectors_checked"":276480}"
      5120,         0,         0,   0.519,decoder_by_matrix,c8397cb2c46e4683a6f3970bc42cef1aabfef4d80cfcd6b8313e87630b680ee2,"{""distance"":3,""physical_error_rate"":0.0001}","{""detection_events"":27,""detectors_checked"":276480}"
      5120,         0,         0,   0.520,decoder_by_matrix,c8397cb2c46e4683a6f3970bc42cef1aabfef4d80cfcd6b8313e87630b680ee2,"{""distance"":3,""physical_error_rate"":0.0001}","{""detection_events"":63,""detectors_checked"":276480}"
      5120,         0,         0,   0.519,decoder_by_matrix,c8397cb2c46e4683a6f3970bc42cef1aabfef4d80cfcd6b8313e87630b680ee2,"{""distance"":3,""physical_error_rate"":0.0001}","{""detection_events"":42,""detectors_checked"":276480}"
      5120,         0,         0,   0.512,decoder_by_matrix,c8397cb2c46e4683a6f3970bc42cef1aabfef4d80cfcd6b8313e87630b680ee2,"{""distance"":3,""physical_error_rate"":0.0001}","{""detection_events"":63,""detectors_checked"":276480}"
      7168,         0,         0,   0.264,decoder_by_matrix,c8397cb2c46e4683a6f3970bc42cef1aabfef4d80cfcd6b8313e87630b680ee2,"{""distance"":3,""physical_error_rate"":0.0001}","{""detection_events"":51,""detectors_checked"":387072}"
      6144,         0,         0,   0.521,decoder_by_matrix,c8397cb2c46e4683a6f3970bc42cef1aabfef4d80cfcd6b8313e87630b680ee2,"{""distance"":3,""physical_error_rate"":0.0001}","{""detection_events"":63,""detectors_checked"":331776}"
      4096,         0,         0,   0.507,decoder_by_matrix,c8397cb2c46e4683a6f3970bc42cef1aabfef4d80cfcd6b8313e87630b680ee2,"{""distance"":3,""physical_error_rate"":0.0001}","{""detection_events"":84,""detectors_checked"":221184}"
      6144,         0,         0,   0.513,decoder_by_matrix,c8397cb2c46e4683a6f3970bc42cef1aabfef4d80cfcd6b8313e87630b680ee2,"{""distance"":3,""physical_error_rate"":0.0001}","{""detection_events"":87,""detectors_checked"":331776}"
      5120,         0,         0,   0.521,decoder_by_matrix,c8397cb2c46e4683a6f3970bc42cef1aabfef4d80cfcd6b8313e87630b680ee2,"{""distance"":3,""physical_error_rate"":0.0001}","{""detection_events"":54,""detectors_checked"":276480}"
      5120,         0,         0,   0.520,decoder_by_matrix,c8397cb2c46e4683a6f3970bc42cef1aabfef4d80cfcd6b8313e87630b680ee2,"{""distance"":3,""physical_error_rate"":0.0001}","{""detection_events"":27,""detectors_checked"":276480}"
      4096,         0,         0,   0.519,decoder_by_matrix,c8397cb2c46e4683a6f3970bc42cef1aabfef4d80cfcd6b8313e87630b680ee2,"{""distance"":3,""physical_error_rate"":0.0001}","{""detection_events"":57,""detectors_checked"":221184}"
      4096,         0,         0,   0.519,decoder_by_matrix,c8397cb2c46e4683a6f3970bc42cef1aabfef4d80cfcd6b8313e87630b680ee2,"{""distance"":3,""physical_error_rate"":0.0001}","{""detection_events"":69,""detectors_checked"":221184}"
      6144,         0,         0,   0.522,decoder_by_matrix,c8397cb2c46e4683a6f3970bc42cef1aabfef4d80cfcd6b8313e87630b680ee2,"{""distance"":3,""physical_error_rate"":0.0001}","{""detection_events"":72,""detectors_checked"":331776}"
      5120,         0,         0,   0.521,decoder_by_matrix,c8397cb2c46e4683a6f3970bc42cef1aabfef4d80cfcd6b8313e87630b680ee2,"{""distance"":3,""physical_error_rate"":0.0001}","{""detection_events"":60,""detectors_checked"":276480}"
      5120,         0,         0,   0.520,decoder_by_matrix,c8397cb2c46e4683a6f3970bc42cef1aabfef4d80cfcd6b8313e87630b680ee2,"{""distance"":3,""physical_error_rate"":0.0001}","{""detection_events"":78,""detectors_checked"":276480}"
      5120,         0,         0,   0.520,decoder_by_matrix,c8397cb2c46e4683a6f3970bc42cef1aabfef4d80cfcd6b8313e87630b680ee2,"{""distance"":3,""physical_error_rate"":0.0001}","{""detection_events"":87,""detectors_checked"":276480}"
      5120,         0,         0,   0.521,decoder_by_matrix,c8397cb2c46e4683a6f3970bc42cef1aabfef4d80cfcd6b8313e87630b680ee2,"{""distance"":3,""physical_error_rate"":0.0001}","{""detection_events"":111,""detectors_checked"":276480}"
      6144,         0,         0,   0.520,decoder_by_matrix,c8397cb2c46e4683a6f3970bc42cef1aabfef4d80cfcd6b8313e87630b680ee2,"{""distance"":3,""physical_error_rate"":0.0001}","{""detection_events"":66,""detectors_checked"":331776}"
      7168,         0,         0,   0.522,decoder_by_matrix,c8397cb2c46e4683a6f3970bc42cef1aabfef4d80cfcd6b8313e87630b680ee2,"{""distance"":3,""physical_error_rate"":0.0001}","{""detection_events"":69,""detectors_checked"":387072}"
      5120,         0,         0,   0.521,decoder_by_matrix,c8397cb2c46e4683a6f3970bc42cef1aabfef4d80cfcd6b8313e87630b680ee2,"{""distance"":3,""physical_error_rate"":0.0001}","{""detection_events"":36,""detectors_checked"":276480}"
      5120,         0,         0,   0.520,decoder_by_matrix,c8397cb2c46e4683a6f3970bc42cef1aabfef4d80cfcd6b8313e87630b680ee2,"{""distance"":3,""physical_error_rate"":0.0001}","{""detection_events"":42,""detectors_checked"":276480}"
      5120,         0,         0,   0.521,decoder_by_matrix,c8397cb2c46e4683a6f3970bc42cef1aabfef4d80cfcd6b8313e87630b680ee2,"{""distance"":3,""physical_error_rate"":0.0001}","{""detection_events"":69,""detectors_checked"":276480}"
      7168,         0,         0,   0.522,decoder_by_matrix,c8397cb2c46e4683a6f3970bc42cef1aabfef4d80cfcd6b8313e87630b680ee2,"{""distance"":3,""physical_error_rate"":0.0001}","{""detection_events"":57,""detectors_checked"":387072}"
      4096,         1,         0,   0.519,decoder_by_matrix,c8397cb2c46e4683a6f3970bc42cef1aabfef4d80cfcd6b8313e87630b680ee2,"{""distance"":3,""physical_error_rate"":0.0001}","{""detection_events"":45,""detectors_checked"":221184,""obs_mistake_mask=E___"":1}"
      5120,         0,         0,   0.520,decoder_by_matrix,c8397cb2c46e4683a6f3970bc42cef1aabfef4d80cfcd6b8313e87630b680ee2,"{""distance"":3,""physical_error_rate"":0.0001}","{""detection_events"":72,""detectors_checked"":276480}"
      5120,         0,         0,   0.521,decoder_by_matrix,c8397cb2c46e4683a6f3970bc42cef1aabfef4d80cfcd6b8313e87630b680ee2,"{""distance"":3,""physical_error_rate"":0.0001}","{""detection_events"":60,""detectors_checked"":276480}"
      5120,         0,         0,   0.521,decoder_by_matrix,c8397cb2c46e4683a6f3970bc42cef1aabfef4d80cfcd6b8313e87630b680ee2,"{""distance"":3,""physical_error_rate"":0.0001}","{""detection_events"":75,""detectors_checked"":276480}"
      5120,         0,         0,   0.520,decoder_by_matrix,c8397cb2c46e4683a6f3970bc42cef1aabfef4d80cfcd6b8313e87630b680ee2,"{""distance"":3,""physical_error_rate"":0.0001}","{""detection_events"":51,""detectors_checked"":276480}"
      5120,         0,         0,   0.523,decoder_by_matrix,c8397cb2c46e4683a6f3970bc42cef1aabfef4d80cfcd6b8313e87630b680ee2,"{""distance"":3,""physical_error_rate"":0.0001}","{""detection_events"":42,""detectors_checked"":276480}"
      5120,         0,         0,   0.524,decoder_by_matrix,c8397cb2c46e4683a6f3970bc42cef1aabfef4d80cfcd6b8313e87630b680ee2,"{""distance"":3,""physical_error_rate"":0.0001}","{""detection_events"":84,""detectors_checked"":276480}"
      5120,         0,         0,   0.519,decoder_by_matrix,c8397cb2c46e4683a6f3970bc42cef1aabfef4d80cfcd6b8313e87630b680ee2,"{""distance"":3,""physical_error_rate"":0.0001}","{""detection_events"":63,""detectors_checked"":276480}"
      6144,         0,         0,   0.512,decoder_by_matrix,c8397cb2c46e4683a6f3970bc42cef1aabfef4d80cfcd6b8313e87630b680ee2,"{""distance"":3,""physical_error_rate"":0.0001}","{""detection_events"":69,""detectors_checked"":331776}"
      5120,         0,         0,   0.516,decoder_by_matrix,c8397cb2c46e4683a6f3970bc42cef1aabfef4d80cfcd6b8313e87630b680ee2,"{""distance"":3,""physical_error_rate"":0.0001}","{""detection_events"":96,""detectors_checked"":276480}"
      6144,         0,         0,   0.524,decoder_by_matrix,c8397cb2c46e4683a6f3970bc42cef1aabfef4d80cfcd6b8313e87630b680ee2,"{""distance"":3,""physical_error_rate"":0.0001}","{""detection_events"":90,""detectors_checked"":331776}"
      8192,         0,         0,   0.784,decoder_by_matrix,c8397cb2c46e4683a6f3970bc42cef1aabfef4d80cfcd6b8313e87630b680ee2,"{""distance"":3,""physical_error_rate"":0.0001}","{""detection_events"":177,""detectors_checked"":442368}"
      7168,         0,         0,   0.754,decoder_by_matrix,c8397cb2c46e4683a6f3970bc42cef1aabfef4d80cfcd6b8313e87630b680ee2,"{""distance"":3,""physical_error_rate"":0.0001}","{""detection_events"":99,""detectors_checked"":387072}"
      8192,         0,         0,   0.783,decoder_by_matrix,c8397cb2c46e4683a6f3970bc42cef1aabfef4d80cfcd6b8313e87630b680ee2,"{""distance"":3,""physical_error_rate"":0.0001}","{""detection_events"":57,""detectors_checked"":442368}"
      9216,         0,         0,   0.516,decoder_by_matrix,c8397cb2c46e4683a6f3970bc42cef1aabfef4d80cfcd6b8313e87630b680ee2,"{""distance"":3,""physical_error_rate"":0.0001}","{""detection_events"":99,""detectors_checked"":497664}"
      8192,         0,         0,   0.778,decoder_by_matrix,c8397cb2c46e4683a6f3970bc42cef1aabfef4d80cfcd6b8313e87630b680ee2,"{""distance"":3,""physical_error_rate"":0.0001}","{""detection_events"":93,""detectors_checked"":442368}"
      8192,         0,         0,   0.783,decoder_by_matrix,c8397cb2c46e4683a6f3970bc42cef1aabfef4d80cfcd6b8313e87630b680ee2,"{""distance"":3,""physical_error_rate"":0.0001}","{""detection_events"":108,""detectors_checked"":442368}"
      7168,         0,         0,   0.779,decoder_by_matrix,c8397cb2c46e4683a6f3970bc42cef1aabfef4d80cfcd6b8313e87630b680ee2,"{""distance"":3,""physical_error_rate"":0.0001}","{""detection_events"":96,""detectors_checked"":387072}"
      9216,         0,         0,   0.779,decoder_by_matrix,c8397cb2c46e4683a6f3970bc42cef1aabfef4d80cfcd6b8313e87630b680ee2,"{""distance"":3,""physical_error_rate"":0.0001}","{""detection_events"":81,""detectors_checked"":497664}"
      8192,         0,         0,   0.779,decoder_by_matrix,c8397cb2c46e4683a6f3970bc42cef1aabfef4d80cfcd6b8313e87630b680ee2,"{""distance"":3,""physical_error_rate"":0.0001}","{""detection_events"":123,""detectors_checked"":442368}"
     11264,         0,         0,   0.783,decoder_by_matrix,c8397cb2c46e4683a6f3970bc42cef1aabfef4d80cfcd6b8313e87630b680ee2,"{""distance"":3,""physical_error_rate"":0.0001}","{""detection_events"":69,""detectors_checked"":608256}"
      7168,         0,         0,   0.777,decoder_by_matrix,c8397cb2c46e4683a6f3970bc42cef1aabfef4d80cfcd6b8313e87630b680ee2,"{""distance"":3,""physical_error_rate"":0.0001}","{""detection_events"":81,""detectors_checked"":387072}"
      8192,         0,         0,   0.779,decoder_by_matrix,c8397cb2c46e4683a6f3970bc42cef1aabfef4d80cfcd6b8313e87630b680ee2,"{""distance"":3,""physical_error_rate"":0.0001}","{""detection_events"":120,""detectors_checked"":442368}"
      8192,         0,         0,   0.780,decoder_by_matrix,c8397cb2c46e4683a6f3970bc42cef1aabfef4d80cfcd6b8313e87630b680ee2,"{""distance"":3,""physical_error_rate"":0.0001}","{""detection_events"":78,""detectors_checked"":442368}"
      7168,         0,         0,   0.778,decoder_by_matrix,c8397cb2c46e4683a6f3970bc42cef1aabfef4d80cfcd6b8313e87630b680ee2,"{""distance"":3,""physical_error_rate"":0.0001}","{""detection_events"":93,""detectors_checked"":387072}"
      8192,         0,         0,   0.779,decoder_by_matrix,c8397cb2c46e4683a6f3970bc42cef1aabfef4d80cfcd6b8313e87630b680ee2,"{""distance"":3,""physical_error_rate"":0.0001}","{""detection_events"":108,""detectors_checked"":442368}"
      8192,         0,         0,   0.780,decoder_by_matrix,c8397cb2c46e4683a6f3970bc42cef1aabfef4d80cfcd6b8313e87630b680ee2,"{""distance"":3,""physical_error_rate"":0.0001}","{""detection_events"":90,""detectors_checked"":442368}"
      8192,         0,         0,   0.778,decoder_by_matrix,c8397cb2c46e4683a6f3970bc42cef1aabfef4d80cfcd6b8313e87630b680ee2,"{""distance"":3,""physical_error_rate"":0.0001}","{""detection_events"":93,""detectors_checked"":442368}"
      7168,         0,         0,   0.778,decoder_by_matrix,c8397cb2c46e4683a6f3970bc42cef1aabfef4d80cfcd6b8313e87630b680ee2,"{""distance"":3,""physical_error_rate"":0.0001}","{""detection_events"":96,""detectors_checked"":387072}"
      8192,         0,         0,   0.783,decoder_by_matrix,c8397cb2c46e4683a6f3970bc42cef1aabfef4d80cfcd6b8313e87630b680ee2,"{""distance"":3,""physical_error_rate"":0.0001}","{""detection_events"":54,""detectors_checked"":442368}"
      8192,         0,         0,   0.783,decoder_by_matrix,c8397cb2c46e4683a6f3970bc42cef1aabfef4d80cfcd6b8313e87630b680ee2,"{""distance"":3,""physical_error_rate"":0.0001}","{""detection_events"":96,""detectors_checked"":442368}"
      8192,         0,         0,   0.783,decoder_by_matrix,c8397cb2c46e4683a6f3970bc42cef1aabfef4d80cfcd6b8313e87630b680ee2,"{""distance"":3,""physical_error_rate"":0.0001}","{""detection_events"":105,""detectors_checked"":442368}"
      9216,         0,         0,   0.783,decoder_by_matrix,c8397cb2c46e4683a6f3970bc42cef1aabfef4d80cfcd6b8313e87630b680ee2,"{""distance"":3,""physical_error_rate"":0.0001}","{""detection_events"":90,""detectors_checked"":497664}"
     10240,         0,         0,   0.779,decoder_by_matrix,c8397cb2c46e4683a6f3970bc42cef1aabfef4d80cfcd6b8313e87630b680ee2,"{""distance"":3,""physical_error_rate"":0.0001}","{""detection_events"":63,""detectors_checked"":552960}"
      8192,         0,         0,   0.783,decoder_by_matrix,c8397cb2c46e4683a6f3970bc42cef1aabfef4d80cfcd6b8313e87630b680ee2,"{""distance"":3,""physical_error_rate"":0.0001}","{""detection_events"":84,""detectors_checked"":442368}"
      7168,         0,         0,   0.782,decoder_by_matrix,c8397cb2c46e4683a6f3970bc42cef1aabfef4d80cfcd6b8313e87630b680ee2,"{""distance"":3,""physical_error_rate"":0.0001}","{""detection_events"":78,""detectors_checked"":387072}"
      7168,         0,         0,   0.782,decoder_by_matrix,c8397cb2c46e4683a6f3970bc42cef1aabfef4d80cfcd6b8313e87630b680ee2,"{""distance"":3,""physical_error_rate"":0.0001}","{""detection_events"":78,""detectors_checked"":387072}"
      7168,         0,         0,   0.779,decoder_by_matrix,c8397cb2c46e4683a6f3970bc42cef1aabfef4d80cfcd6b8313e87630b680ee2,"{""distance"":3,""physical_error_rate"":0.0001}","{""detection_events"":72,""detectors_checked"":387072}"
      7168,         0,         0,   0.523,decoder_by_matrix,c8397cb2c46e4683a6f3970bc42cef1aabfef4d80cfcd6b8313e87630b680ee2,"{""distance"":3,""physical_error_rate"":0.0001}","{""detection_events"":108,""detectors_checked"":387072}"
     11264,         0,         0,   0.780,decoder_by_matrix,c8397cb2c46e4683a6f3970bc42cef1aabfef4d80cfcd6b8313e87630b680ee2,"{""distance"":3,""physical_error_rate"":0.0001}","{""detection_events"":96,""detectors_checked"":608256}"
     11264,         0,         0,   0.780,decoder_by_matrix,c8397cb2c46e4683a6f3970bc42cef1aabfef4d80cfcd6b8313e87630b680ee2,"{""distance"":3,""physical_error_rate"":0.0001}","{""detection_events"":87,""detectors_checked"":608256}"
      8192,         0,         0,   0.777,decoder_by_matrix,c8397cb2c46e4683a6f3970bc42cef1aabfef4d80cfcd6b8313e87630b680ee2,"{""distance"":3,""physical_error_rate"":0.0001}","{""detection_events"":120,""detectors_checked"":442368}"
      7168,         0,         0,   0.791,decoder_by_matrix,c8397cb2c46e4683a6f3970bc42cef1aabfef4d80cfcd6b8313e87630b680ee2,"{""distance"":3,""physical_error_rate"":0.0001}","{""detection_events"":93,""detectors_checked"":387072}"
     10240,         0,         0,    1.05,decoder_by_matrix,c8397cb2c46e4683a6f3970bc42cef1aabfef4d80cfcd6b8313e87630b680ee2,"{""distance"":3,""physical_error_rate"":0.0001}","{""detection_events"":189,""detectors_checked"":552960}"
     11264,         0,         0,   0.790,decoder_by_matrix,c8397cb2c46e4683a6f3970bc42cef1aabfef4d80cfcd6b8313e87630b680ee2,"{""distance"":3,""physical_error_rate"":0.0001}","{""detection_events"":159,""detectors_checked"":608256}"
     10240,         0,         0,    1.03,decoder_by_matrix,c8397cb2c46e4683a6f3970bc42cef1aabfef4d80cfcd6b8313e87630b680ee2,"{""distance"":3,""physical_error_rate"":0.0001}","{""detection_events"":162,""detectors_checked"":552960}"
     12288,         0,         0,    1.03,decoder_by_matrix,c8397cb2c46e4683a6f3970bc42cef1aabfef4d80cfcd6b8313e87630b680ee2,"{""distance"":3,""physical_error_rate"":0.0001}","{""detection_events"":96,""detectors_checked"":663552}"
     11264,         0,         0,    1.03,decoder_by_matrix,c8397cb2c46e4683a6f3970bc42cef1aabfef4d80cfcd6b8313e87630b680ee2,"{""distance"":3,""physical_error_rate"":0.0001}","{""detection_events"":132,""detectors_checked"":608256}"
     10240,         0,         0,    1.03,decoder_by_matrix,c8397cb2c46e4683a6f3970bc42cef1aabfef4d80cfcd6b8313e87630b680ee2,"{""distance"":3,""physical_error_rate"":0.0001}","{""detection_events"":159,""detectors_checked"":552960}"
     10240,         0,         0,   0.943,decoder_by_matrix,c8397cb2c46e4683a6f3970bc42cef1aabfef4d80cfcd6b8313e87630b680ee2,"{""distance"":3,""physical_error_rate"":0.0001}","{""detection_events"":108,""detectors_checked"":552960}"
      9216,         0,         0,    1.04,decoder_by_matrix,c8397cb2c46e4683a6f3970bc42cef1aabfef4d80cfcd6b8313e87630b680ee2,"{""distance"":3,""physical_error_rate"":0.0001}","{""detection_events"":135,""detectors_checked"":497664}"
     11264,         0,         0,    1.04,decoder_by_matrix,c8397cb2c46e4683a6f3970bc42cef1aabfef4d80cfcd6b8313e87630b680ee2,"{""distance"":3,""physical_error_rate"":0.0001}","{""detection_events"":90,""detectors_checked"":608256}"
     11264,         0,         0,    1.04,decoder_by_matrix,c8397cb2c46e4683a6f3970bc42cef1aabfef4d80cfcd6b8313e87630b680ee2,"{""distance"":3,""physical_error_rate"":0.0001}","{""detection_events"":141,""detectors_checked"":608256}"
     11264,         0,         0,    1.04,decoder_by_matrix,c8397cb2c46e4683a6f3970bc42cef1aabfef4d80cfcd6b8313e87630b680ee2,"{""distance"":3,""physical_error_rate"":0.0001}","{""detection_events"":132,""detectors_checked"":608256}"
     11264,         0,         0,    1.04,decoder_by_matrix,c8397cb2c46e4683a6f3970bc42cef1aabfef4d80cfcd6b8313e87630b680ee2,"{""distance"":3,""physical_error_rate"":0.0001}","{""detection_events"":141,""detectors_checked"":608256}"
     10240,         0,         0,    1.04,decoder_by_matrix,c8397cb2c46e4683a6f3970bc42cef1aabfef4d80cfcd6b8313e87630b680ee2,"{""distance"":3,""physical_error_rate"":0.0001}","{""detection_events"":138,""detectors_checked"":552960}"
     11264,         0,         0,    1.04,decoder_by_matrix,c8397cb2c46e4683a6f3970bc42cef1aabfef4d80cfcd6b8313e87630b680ee2,"{""distance"":3,""physical_error_rate"":0.0001}","{""detection_events"":153,""detectors_checked"":608256}"
     10240,         0,         0,    1.04,decoder_by_matrix,c8397cb2c46e4683a6f3970bc42cef1aabfef4d80cfcd6b8313e87630b680ee2,"{""distance"":3,""physical_error_rate"":0.0001}","{""detection_events"":126,""detectors_checked"":552960}"
     11264,         0,         0,    1.04,decoder_by_matrix,c8397cb2c46e4683a6f3970bc42cef1aabfef4d80cfcd6b8313e87630b680ee2,"{""distance"":3,""physical_error_rate"":0.0001}","{""detection_events"":123,""detectors_checked"":608256}"
     11264,         0,         0,    1.04,decoder_by_matrix,c8397cb2c46e4683a6f3970bc42cef1aabfef4d80cfcd6b8313e87630b680ee2,"{""distance"":3,""physical_error_rate"":0.0001}","{""detection_events"":129,""detectors_checked"":608256}"
     11264,         0,         0,    1.05,decoder_by_matrix,c8397cb2c46e4683a6f3970bc42cef1aabfef4d80cfcd6b8313e87630b680ee2,"{""distance"":3,""physical_error_rate"":0.0001}","{""detection_events"":117,""detectors_checked"":608256}"
     12288,         0,         0,    1.05,decoder_by_matrix,c8397cb2c46e4683a6f3970bc42cef1aabfef4d80cfcd6b8313e87630b680ee2,"{""distance"":3,""physical_error_rate"":0.0001}","{""detection_events"":132,""detectors_checked"":663552}"
     11264,         0,         0,    1.05,decoder_by_matrix,c8397cb2c46e4683a6f3970bc42cef1aabfef4d80cfcd6b8313e87630b680ee2,"{""distance"":3,""physical_error_rate"":0.0001}","{""detection_events"":159,""detectors_checked"":608256}"
     10240,         0,         0,   0.794,decoder_by_matrix,c8397cb2c46e4683a6f3970bc42cef1aabfef4d80cfcd6b8313e87630b680ee2,"{""distance"":3,""physical_error_rate"":0.0001}","{""detection_events"":123,""detectors_checked"":552960}"
     12288,         0,         0,    1.04,decoder_by_matrix,c8397cb2c46e4683a6f3970bc42cef1aabfef4d80cfcd6b8313e87630b680ee2,"{""distance"":3,""physical_error_rate"":0.0001}","{""detection_events"":90,""detectors_checked"":663552}"
     11264,         0,         0,    1.04,decoder_by_matrix,c8397cb2c46e4683a6f3970bc42cef1aabfef4d80cfcd6b8313e87630b680ee2,"{""distance"":3,""physical_error_rate"":0.0001}","{""detection_events"":129,""detectors_checked"":608256}"
     11264,         0,         0,    1.04,decoder_by_matrix,c8397cb2c46e4683a6f3970bc42cef1aabfef4d80cfcd6b8313e87630b680ee2,"{""distance"":3,""physical_error_rate"":0.0001}","{""detection_events"":99,""detectors_checked"":608256}"
     10240,         0,         0,    1.04,decoder_by_matrix,c8397cb2c46e4683a6f3970bc42cef1aabfef4d80cfcd6b8313e87630b680ee2,"{""distance"":3,""physical_error_rate"":0.0001}","{""detection_events"":120,""detectors_checked"":552960}"
     11264,         0,         0,    1.04,decoder_by_matrix,c8397cb2c46e4683a6f3970bc42cef1aabfef4d80cfcd6b8313e87630b680ee2,"{""distance"":3,""physical_error_rate"":0.0001}","{""detection_events"":120,""detectors_checked"":608256}"
     13312,         0,         0,    1.00,decoder_by_matrix,c8397cb2c46e4683a6f3970bc42cef1aabfef4d80cfcd6b8313e87630b680ee2,"{""distance"":3,""physical_error_rate"":0.0001}","{""detection_events"":105,""detectors_checked"":718848}"
     10240,         0,         0,    1.03,decoder_by_matrix,c8397cb2c46e4683a6f3970bc42cef1aabfef4d80cfcd6b8313e87630b680ee2,"{""distance"":3,""physical_error_rate"":0.0001}","{""detection_events"":120,""detectors_checked"":552960}"
     10240,         0,         0,    1.03,decoder_by_matrix,c8397cb2c46e4683a6f3970bc42cef1aabfef4d80cfcd6b8313e87630b680ee2,"{""distance"":3,""physical_error_rate"":0.0001}","{""detection_events"":96,""detectors_checked"":552960}"
     10240,         0,         0,    1.04,decoder_by_matrix,c8397cb2c46e4683a6f3970bc42cef1aabfef4d80cfcd6b8313e87630b680ee2,"{""distance"":3,""physical_error_rate"":0.0001}","{""detection_events"":168,""detectors_checked"":552960}"
     11264,         0,         0,    1.03,decoder_by_matrix,c8397cb2c46e4683a6f3970bc42cef1aabfef4d80cfcd6b8313e87630b680ee2,"{""distance"":3,""physical_error_rate"":0.0001}","{""detection_events"":171,""detectors_checked"":608256}"
     11264,         0,         0,    1.02,decoder_by_matrix,c8397cb2c46e4683a6f3970bc42cef1aabfef4d80cfcd6b8313e87630b680ee2,"{""distance"":3,""physical_error_rate"":0.0001}","{""detection_events"":111,""detectors_checked"":608256}"
     14336,         0,         0,    1.27,decoder_by_matrix,c8397cb2c46e4683a6f3970bc42cef1aabfef4d80cfcd6b8313e87630b680ee2,"{""distance"":3,""physical_error_rate"":0.0001}","{""detection_events"":195,""detectors_checked"":774144}"
     11264,         0,         0,    1.21,decoder_by_matrix,c8397cb2c46e4683a6f3970bc42cef1aabfef4d80cfcd6b8313e87630b680ee2,"{""distance"":3,""physical_error_rate"":0.0001}","{""detection_events"":150,""detectors_checked"":608256}"
     12288,         0,         0,    1.33,decoder_by_matrix,c8397cb2c46e4683a6f3970bc42cef1aabfef4d80cfcd6b8313e87630b680ee2,"{""distance"":3,""physical_error_rate"":0.0001}","{""detection_events"":150,""detectors_checked"":663552}"
     12288,         0,         0,    1.28,decoder_by_matrix,c8397cb2c46e4683a6f3970bc42cef1aabfef4d80cfcd6b8313e87630b680ee2,"{""distance"":3,""physical_error_rate"":0.0001}","{""detection_events"":186,""detectors_checked"":663552}"
     14336,         0,         0,    1.03,decoder_by_matrix,c8397cb2c46e4683a6f3970bc42cef1aabfef4d80cfcd6b8313e87630b680ee2,"{""distance"":3,""physical_error_rate"":0.0001}","{""detection_events"":177,""detectors_checked"":774144}"
     15360,         0,         0,    1.29,decoder_by_matrix,c8397cb2c46e4683a6f3970bc42cef1aabfef4d80cfcd6b8313e87630b680ee2,"{""distance"":3,""physical_error_rate"":0.0001}","{""detection_events"":168,""detectors_checked"":829440}"
     12288,         0,         0,    1.20,decoder_by_matrix,c8397cb2c46e4683a6f3970bc42cef1aabfef4d80cfcd6b8313e87630b680ee2,"{""distance"":3,""physical_error_rate"":0.0001}","{""detection_events"":150,""detectors_checked"":663552}"
     13312,         0,         0,    1.29,decoder_by_matrix,c8397cb2c46e4683a6f3970bc42cef1aabfef4d80cfcd6b8313e87630b680ee2,"{""distance"":3,""physical_error_rate"":0.0001}","{""detection_events"":198,""detectors_checked"":718848}"
     14336,         0,         0,    1.29,decoder_by_matrix,c8397cb2c46e4683a6f3970bc42cef1aabfef4d80cfcd6b8313e87630b680ee2,"{""distance"":3,""physical_error_rate"":0.0001}","{""detection_events"":204,""detectors_checked"":774144}"
     14336,         0,         0,    1.29,decoder_by_matrix,c8397cb2c46e4683a6f3970bc42cef1aabfef4d80cfcd6b8313e87630b680ee2,"{""distance"":3,""physical_error_rate"":0.0001}","{""detection_events"":135,""detectors_checked"":774144}"
     11264,         0,         0,   0.956,decoder_by_matrix,c8397cb2c46e4683a6f3970bc42cef1aabfef4d80cfcd6b8313e87630b680ee2,"{""distance"":3,""physical_error_rate"":0.0001}","{""detection_events"":183,""detectors_checked"":608256}"
     14336,         0,         0,    1.29,decoder_by_matrix,c8397cb2c46e4683a6f3970bc42cef1aabfef4d80cfcd6b8313e87630b680ee2,"{""distance"":3,""physical_error_rate"":0.0001}","{""detection_events"":177,""detectors_checked"":774144}"
     13312,         0,         0,    1.29,decoder_by_matrix,c8397cb2c46e4683a6f3970bc42cef1aabfef4d80cfcd6b8313e87630b680ee2,"{""distance"":3,""physical_error_rate"":0.0001}","{""detection_events"":171,""detectors_checked"":718848}"
     13312,         0,         0,    1.29,decoder_by_matrix,c8397cb2c46e4683a6f3970bc42cef1aabfef4d80cfcd6b8313e87630b680ee2,"{""distance"":3,""physical_error_rate"":0.0001}","{""detection_events"":168,""detectors_checked"":718848}"
     14336,         0,         0,    1.29,decoder_by_matrix,c8397cb2c46e4683a6f3970bc42cef1aabfef4d80cfcd6b8313e87630b680ee2,"{""distance"":3,""physical_error_rate"":0.0001}","{""detection_events"":168,""detectors_checked"":774144}"
     14336,         1,         0,    1.29,decoder_by_matrix,c8397cb2c46e4683a6f3970bc42cef1aabfef4d80cfcd6b8313e87630b680ee2,"{""distance"":3,""physical_error_rate"":0.0001}","{""detection_events"":204,""detectors_checked"":774144,""obs_mistake_mask=__EE"":1}"
     13312,         0,         0,    1.29,decoder_by_matrix,c8397cb2c46e4683a6f3970bc42cef1aabfef4d80cfcd6b8313e87630b680ee2,"{""distance"":3,""physical_error_rate"":0.0001}","{""detection_events"":192,""detectors_checked"":718848}"
     12288,         0,         0,    1.18,decoder_by_matrix,c8397cb2c46e4683a6f3970bc42cef1aabfef4d80cfcd6b8313e87630b680ee2,"{""distance"":3,""physical_error_rate"":0.0001}","{""detection_events"":150,""detectors_checked"":663552}"
     12288,         0,         0,    1.25,decoder_by_matrix,c8397cb2c46e4683a6f3970bc42cef1aabfef4d80cfcd6b8313e87630b680ee2,"{""distance"":3,""physical_error_rate"":0.0001}","{""detection_events"":213,""detectors_checked"":663552}"
     13312,         0,         0,    1.30,decoder_by_matrix,c8397cb2c46e4683a6f3970bc42cef1aabfef4d80cfcd6b8313e87630b680ee2,"{""distance"":3,""physical_error_rate"":0.0001}","{""detection_events"":102,""detectors_checked"":718848}"
     13312,         0,         0,    1.31,decoder_by_matrix,c8397cb2c46e4683a6f3970bc42cef1aabfef4d80cfcd6b8313e87630b680ee2,"{""distance"":3,""physical_error_rate"":0.0001}","{""detection_events"":159,""detectors_checked"":718848}"
     15360,         0,         0,    1.05,decoder_by_matrix,c8397cb2c46e4683a6f3970bc42cef1aabfef4d80cfcd6b8313e87630b680ee2,"{""distance"":3,""physical_error_rate"":0.0001}","{""detection_events"":198,""detectors_checked"":829440}"
     13312,         0,         0,    1.29,decoder_by_matrix,c8397cb2c46e4683a6f3970bc42cef1aabfef4d80cfcd6b8313e87630b680ee2,"{""distance"":3,""physical_error_rate"":0.0001}","{""detection_events"":165,""detectors_checked"":718848}"
     13312,         0,         0,    1.29,decoder_by_matrix,c8397cb2c46e4683a6f3970bc42cef1aabfef4d80cfcd6b8313e87630b680ee2,"{""distance"":3,""physical_error_rate"":0.0001}","{""detection_events"":135,""detectors_checked"":718848}"
     13312,         0,         0,    1.29,decoder_by_matrix,c8397cb2c46e4683a6f3970bc42cef1aabfef4d80cfcd6b8313e87630b680ee2,"{""distance"":3,""physical_error_rate"":0.0001}","{""detection_events"":126,""detectors_checked"":718848}"
     13312,         0,         0,    1.29,decoder_by_matrix,c8397cb2c46e4683a6f3970bc42cef1aabfef4d80cfcd6b8313e87630b680ee2,"{""distance"":3,""physical_error_rate"":0.0001}","{""detection_events"":150,""detectors_checked"":718848}"
     13312,         0,         0,    1.29,decoder_by_matrix,c8397cb2c46e4683a6f3970bc42cef1aabfef4d80cfcd6b8313e87630b680ee2,"{""distance"":3,""physical_error_rate"":0.0001}","{""detection_events"":144,""detectors_checked"":718848}"
     13312,         0,         0,    1.28,decoder_by_matrix,c8397cb2c46e4683a6f3970bc42cef1aabfef4d80cfcd6b8313e87630b680ee2,"{""distance"":3,""physical_error_rate"":0.0001}","{""detection_events"":138,""detectors_checked"":718848}"
     14336,         0,         0,    1.28,decoder_by_matrix,c8397cb2c46e4683a6f3970bc42cef1aabfef4d80cfcd6b8313e87630b680ee2,"{""distance"":3,""physical_error_rate"":0.0001}","{""detection_events"":210,""detectors_checked"":774144}"
     12288,         0,         0,    1.28,decoder_by_matrix,c8397cb2c46e4683a6f3970bc42cef1aabfef4d80cfcd6b8313e87630b680ee2,"{""distance"":3,""physical_error_rate"":0.0001}","{""detection_events"":171,""detectors_checked"":663552}"
     13312,         0,         0,    1.28,decoder_by_matrix,c8397cb2c46e4683a6f3970bc42cef1aabfef4d80cfcd6b8313e87630b680ee2,"{""distance"":3,""physical_error_rate"":0.0001}","{""detection_events"":129,""detectors_checked"":718848}"
     13312,         0,         0,    1.26,decoder_by_matrix,c8397cb2c46e4683a6f3970bc42cef1aabfef4d80cfcd6b8313e87630b680ee2,"{""distance"":3,""physical_error_rate"":0.0001}","{""detection_events"":183,""detectors_checked"":718848}"
     16384,         0,         0,    1.63,decoder_by_matrix,c8397cb2c46e4683a6f3970bc42cef1aabfef4d80cfcd6b8313e87630b680ee2,"{""distance"":3,""physical_error_rate"":0.0001}","{""detection_events"":258,""detectors_checked"":884736}"
     17408,         0,         0,    1.56,decoder_by_matrix,c8397cb2c46e4683a6f3970bc42cef1aabfef4d80cfcd6b8313e87630b680ee2,"{""distance"":3,""physical_error_rate"":0.0001}","{""detection_events"":183,""detectors_checked"":940032}"
     18432,         0,         0,    1.78,decoder_by_matrix,c8397cb2c46e4683a6f3970bc42cef1aabfef4d80cfcd6b8313e87630b680ee2,"{""distance"":3,""physical_error_rate"":0.0001}","{""detection_events"":228,""detectors_checked"":995328}"
     18432,         0,         0,    1.80,decoder_by_matrix,c8397cb2c46e4683a6f3970bc42cef1aabfef4d80cfcd6b8313e87630b680ee2,"{""distance"":3,""physical_error_rate"":0.0001}","{""detection_events"":222,""detectors_checked"":995328}"
     18432,         0,         0,    1.80,decoder_by_matrix,c8397cb2c46e4683a6f3970bc42cef1aabfef4d80cfcd6b8313e87630b680ee2,"{""distance"":3,""physical_error_rate"":0.0001}","{""detection_events"":195,""detectors_checked"":995328}"
     18432,         0,         0,    1.80,decoder_by_matrix,c8397cb2c46e4683a6f3970bc42cef1aabfef4d80cfcd6b8313e87630b680ee2,"{""distance"":3,""physical_error_rate"":0.0001}","{""detection_events"":225,""detectors_checked"":995328}"
     19456,         0,         0,    1.80,decoder_by_matrix,c8397cb2c46e4683a6f3970bc42cef1aabfef4d80cfcd6b8313e87630b680ee2,"{""distance"":3,""physical_error_rate"":0.0001}","{""detection_events"":198,""detectors_checked"":1050624}"
     19456,         0,         0,    1.80,decoder_by_matrix,c8397cb2c46e4683a6f3970bc42cef1aabfef4d80cfcd6b8313e87630b680ee2,"{""distance"":3,""physical_error_rate"":0.0001}","{""detection_events"":156,""detectors_checked"":1050624}"
     19456,         0,         0,    1.55,decoder_by_matrix,c8397cb2c46e4683a6f3970bc42cef1aabfef4d80cfcd6b8313e87630b680ee2,"{""distance"":3,""physical_error_rate"":0.0001}","{""detection_events"":219,""detectors_checked"":1050624}"
     18432,         0,         0,    1.80,decoder_by_matrix,c8397cb2c46e4683a6f3970bc42cef1aabfef4d80cfcd6b8313e87630b680ee2,"{""distance"":3,""physical_error_rate"":0.0001}","{""detection_events"":189,""detectors_checked"":995328}"
     20480,         0,         0,    1.80,decoder_by_matrix,c8397cb2c46e4683a6f3970bc42cef1aabfef4d80cfcd6b8313e87630b680ee2,"{""distance"":3,""physical_error_rate"":0.0001}","{""detection_events"":255,""detectors_checked"":1105920}"
     19456,         0,         0,    1.79,decoder_by_matrix,c8397cb2c46e4683a6f3970bc42cef1aabfef4d80cfcd6b8313e87630b680ee2,"{""distance"":3,""physical_error_rate"":0.0001}","{""detection_events"":255,""detectors_checked"":1050624}"
     20480,         0,         0,    1.80,decoder_by_matrix,c8397cb2c46e4683a6f3970bc42cef1aabfef4d80cfcd6b8313e87630b680ee2,"{""distance"":3,""physical_error_rate"":0.0001}","{""detection_events"":246,""detectors_checked"":1105920}"
     17408,         0,         0,    1.80,decoder_by_matrix,c8397cb2c46e4683a6f3970bc42cef1aabfef4d80cfcd6b8313e87630b680ee2,"{""distance"":3,""physical_error_rate"":0.0001}","{""detection_events"":195,""detectors_checked"":940032}"
     18432,         0,         0,    1.81,decoder_by_matrix,c8397cb2c46e4683a6f3970bc42cef1aabfef4d80cfcd6b8313e87630b680ee2,"{""distance"":3,""physical_error_rate"":0.0001}","{""detection_events"":267,""detectors_checked"":995328}"
     20480,         0,         0,    1.55,decoder_by_matrix,c8397cb2c46e4683a6f3970bc42cef1aabfef4d80cfcd6b8313e87630b680ee2,"{""distance"":3,""physical_error_rate"":0.0001}","{""detection_events"":282,""detectors_checked"":1105920}"
     17408,         0,         0,    1.81,decoder_by_matrix,c8397cb2c46e4683a6f3970bc42cef1aabfef4d80cfcd6b8313e87630b680ee2,"{""distance"":3,""physical_error_rate"":0.0001}","{""detection_events"":255,""detectors_checked"":940032}"
     18432,         1,         0,    1.81,decoder_by_matrix,c8397cb2c46e4683a6f3970bc42cef1aabfef4d80cfcd6b8313e87630b680ee2,"{""distance"":3,""physical_error_rate"":0.0001}","{""detection_events"":240,""detectors_checked"":995328,""obs_mistake_mask=_E__"":1}"
     17408,         0,         0,    1.81,decoder_by_matrix,c8397cb2c46e4683a6f3970bc42cef1aabfef4d80cfcd6b8313e87630b680ee2,"{""distance"":3,""physical_error_rate"":0.0001}","{""detection_events"":258,""detectors_checked"":940032}"
     19456,         0,         0,    1.81,decoder_by_matrix,c8397cb2c46e4683a6f3970bc42cef1aabfef4d80cfcd6b8313e87630b680ee2,"{""distance"":3,""physical_error_rate"":0.0001}","{""detection_events"":225,""detectors_checked"":1050624}"
     18432,         0,         0,    1.80,decoder_by_matrix,c8397cb2c46e4683a6f3970bc42cef1aabfef4d80cfcd6b8313e87630b680ee2,"{""distance"":3,""physical_error_rate"":0.0001}","{""detection_events"":144,""detectors_checked"":995328}"
     18432,         0,         0,    1.79,decoder_by_matrix,c8397cb2c46e4683a6f3970bc42cef1aabfef4d80cfcd6b8313e87630b680ee2,"{""distance"":3,""physical_error_rate"":0.0001}","{""detection_events"":165,""detectors_checked"":995328}"
     18432,         0,         0,    1.81,decoder_by_matrix,c8397cb2c46e4683a6f3970bc42cef1aabfef4d80cfcd6b8313e87630b680ee2,"{""distance"":3,""physical_error_rate"":0.0001}","{""detection_events"":258,""detectors_checked"":995328}"
     18432,         0,         0,    1.80,decoder_by_matrix,c8397cb2c46e4683a6f3970bc42cef1aabfef4d80cfcd6b8313e87630b680ee2,"{""distance"":3,""physical_error_rate"":0.0001}","{""detection_events"":312,""detectors_checked"":995328}"
     17408,         0,         0,    1.79,decoder_by_matrix,c8397cb2c46e4683a6f3970bc42cef1aabfef4d80cfcd6b8313e87630b680ee2,"{""distance"":3,""physical_error_rate"":0.0001}","{""detection_events"":240,""detectors_checked"":940032}"
     19456,         0,         0,    1.79,decoder_by_matrix,c8397cb2c46e4683a6f3970bc42cef1aabfef4d80cfcd6b8313e87630b680ee2,"{""distance"":3,""physical_error_rate"":0.0001}","{""detection_events"":219,""detectors_checked"":1050624}"
     20480,         0,         0,    1.79,decoder_by_matrix,c8397cb2c46e4683a6f3970bc42cef1aabfef4d80cfcd6b8313e87630b680ee2,"{""distance"":3,""physical_error_rate"":0.0001}","{""detection_events"":153,""detectors_checked"":1105920}"
     16384,         0,         0,    1.58,decoder_by_matrix,c8397cb2c46e4683a6f3970bc42cef1aabfef4d80cfcd6b8313e87630b680ee2,"{""distance"":3,""physical_error_rate"":0.0001}","{""detection_events"":198,""detectors_checked"":884736}"
     18432,         0,         0,    1.79,decoder_by_matrix,c8397cb2c46e4683a6f3970bc42cef1aabfef4d80cfcd6b8313e87630b680ee2,"{""distance"":3,""physical_error_rate"":0.0001}","{""detection_events"":210,""detectors_checked"":995328}"
     19456,         0,         0,    1.54,decoder_by_matrix,c8397cb2c46e4683a6f3970bc42cef1aabfef4d80cfcd6b8313e87630b680ee2,"{""distance"":3,""physical_error_rate"":0.0001}","{""detection_events"":186,""detectors_checked"":1050624}"
     19456,         0,         0,    1.80,decoder_by_matrix,c8397cb2c46e4683a6f3970bc42cef1aabfef4d80cfcd6b8313e87630b680ee2,"{""distance"":3,""physical_error_rate"":0.0001}","{""detection_events"":231,""detectors_checked"":1050624}"
     18432,         0,         0,    1.80,decoder_by_matrix,c8397cb2c46e4683a6f3970bc42cef1aabfef4d80cfcd6b8313e87630b680ee2,"{""distance"":3,""physical_error_rate"":0.0001}","{""detection_events"":222,""detectors_checked"":995328}"
   1267712,         1,         0,   115.9,decoder_by_matrix,c8397cb2c46e4683a6f3970bc42cef1aabfef4d80cfcd6b8313e87630b680ee2,"{""distance"":3,""physical_error_rate"":0.0001}","{""detection_events"":15156,""detectors_checked"":68456448,""obs_mistake_mask=__E_"":1}"
     21504,         0,         0,    2.20,decoder_by_matrix,c8397cb2c46e4683a6f3970bc42cef1aabfef4d80cfcd6b8313e87630b680ee2,"{""distance"":3,""physical_error_rate"":0.0001}","{""detection_events"":210,""detectors_checked"":1161216}"
     24576,         0,         0,    2.33,decoder_by_matrix,c8397cb2c46e4683a6f3970bc42cef1aabfef4d80cfcd6b8313e87630b680ee2,"{""distance"":3,""physical_error_rate"":0.0001}","{""detection_events"":381,""detectors_checked"":1327104}"
     24576,         0,         0,    2.22,decoder_by_matrix,c8397cb2c46e4683a6f3970bc42cef1aabfef4d80cfcd6b8313e87630b680ee2,"{""distance"":3,""physical_error_rate"":0.0001}","{""detection_events"":264,""detectors_checked"":1327104}"
     22528,         0,         0,    2.21,decoder_by_matrix,c8397cb2c46e4683a6f3970bc42cef1aabfef4d80cfcd6b8313e87630b680ee2,"{""distance"":3,""physical_error_rate"":0.0001}","{""detection_events"":255,""detectors_checked"":1216512}"
     23552,         0,         0,    2.30,decoder_by_matrix,c8397cb2c46e4683a6f3970bc42cef1aabfef4d80cfcd6b8313e87630b680ee2,"{""distance"":3,""physical_error_rate"":0.0001}","{""detection_events"":315,""detectors_checked"":1271808}"
     24576,         0,         0,    2.34,decoder_by_matrix,c8397cb2c46e4683a6f3970bc42cef1aabfef4d80cfcd6b8313e87630b680ee2,"{""distance"":3,""physical_error_rate"":0.0001}","{""detection_events"":264,""detectors_checked"":1327104}"
     25600,         0,         0,    2.05,decoder_by_matrix,c8397cb2c46e4683a6f3970bc42cef1aabfef4d80cfcd6b8313e87630b680ee2,"{""distance"":3,""physical_error_rate"":0.0001}","{""detection_events"":255,""detectors_checked"":1382400}"
     22528,         0,         0,    2.30,decoder_by_matrix,c8397cb2c46e4683a6f3970bc42cef1aabfef4d80cfcd6b8313e87630b680ee2,"{""distance"":3,""physical_error_rate"":0.0001}","{""detection_events"":258,""detectors_checked"":1216512}"
     23552,         0,         0,    2.31,decoder_by_matrix,c8397cb2c46e4683a6f3970bc42cef1aabfef4d80cfcd6b8313e87630b680ee2,"{""distance"":3,""physical_error_rate"":0.0001}","{""detection_events"":282,""detectors_checked"":1271808}"
     25600,         0,         0,    2.05,decoder_by_matrix,c8397cb2c46e4683a6f3970bc42cef1aabfef4d80cfcd6b8313e87630b680ee2,"{""distance"":3,""physical_error_rate"":0.0001}","{""detection_events"":261,""detectors_checked"":1382400}"
     24576,         0,         0,    2.29,decoder_by_matrix,c8397cb2c46e4683a6f3970bc42cef1aabfef4d80cfcd6b8313e87630b680ee2,"{""distance"":3,""physical_error_rate"":0.0001}","{""detection_events"":279,""detectors_checked"":1327104}"
     25600,         0,         0,    2.31,decoder_by_matrix,c8397cb2c46e4683a6f3970bc42cef1aabfef4d80cfcd6b8313e87630b680ee2,"{""distance"":3,""physical_error_rate"":0.0001}","{""detection_events"":291,""detectors_checked"":1382400}"
     24576,         0,         0,    2.31,decoder_by_matrix,c8397cb2c46e4683a6f3970bc42cef1aabfef4d80cfcd6b8313e87630b680ee2,"{""distance"":3,""physical_error_rate"":0.0001}","{""detection_events"":267,""detectors_checked"":1327104}"
     22528,         0,         0,    2.30,decoder_by_matrix,c8397cb2c46e4683a6f3970bc42cef1aabfef4d80cfcd6b8313e87630b680ee2,"{""distance"":3,""physical_error_rate"":0.0001}","{""detection_events"":378,""detectors_checked"":1216512}"
     23552,         0,         0,    2.31,decoder_by_matrix,c8397cb2c46e4683a6f3970bc42cef1aabfef4d80cfcd6b8313e87630b680ee2,"{""distance"":3,""physical_error_rate"":0.0001}","{""detection_events"":345,""detectors_checked"":1271808}"
     25600,         0,         0,    2.30,decoder_by_matrix,c8397cb2c46e4683a6f3970bc42cef1aabfef4d80cfcd6b8313e87630b680ee2,"{""distance"":3,""physical_error_rate"":0.0001}","{""detection_events"":273,""detectors_checked"":1382400}"
     25600,         0,         0,    2.30,decoder_by_matrix,c8397cb2c46e4683a6f3970bc42cef1aabfef4d80cfcd6b8313e87630b680ee2,"{""distance"":3,""physical_error_rate"":0.0001}","{""detection_events"":336,""detectors_checked"":1382400}"
     24576,         0,         0,    1.80,decoder_by_matrix,c8397cb2c46e4683a6f3970bc42cef1aabfef4d80cfcd6b8313e87630b680ee2,"{""distance"":3,""physical_error_rate"":0.0001}","{""detection_events"":336,""detectors_checked"":1327104}"
     25600,         0,         0,    2.31,decoder_by_matrix,c8397cb2c46e4683a6f3970bc42cef1aabfef4d80cfcd6b8313e87630b680ee2,"{""distance"":3,""physical_error_rate"":0.0001}","{""detection_events"":237,""detectors_checked"":1382400}"
     23552,         0,         0,    2.31,decoder_by_matrix,c8397cb2c46e4683a6f3970bc42cef1aabfef4d80cfcd6b8313e87630b680ee2,"{""distance"":3,""physical_error_rate"":0.0001}","{""detection_events"":321,""detectors_checked"":1271808}"
     26624,         0,         0,    2.31,decoder_by_matrix,c8397cb2c46e4683a6f3970bc42cef1aabfef4d80cfcd6b8313e87630b680ee2,"{""distance"":3,""physical_error_rate"":0.0001}","{""detection_events"":249,""detectors_checked"":1437696}"
   1276928,         0,         0,   117.4,decoder_by_matrix,c8397cb2c46e4683a6f3970bc42cef1aabfef4d80cfcd6b8313e87630b680ee2,"{""distance"":3,""physical_error_rate"":0.0001}","{""detection_events"":15354,""detectors_checked"":68954112}"
     22528,         0,         0,    1.80,decoder_by_matrix,c8397cb2c46e4683a6f3970bc42cef1aabfef4d80cfcd6b8313e87630b680ee2,"{""distance"":3,""physical_error_rate"":0.0001}","{""detection_events"":285,""detectors_checked"":1216512}"
     24576,         0,         0,    2.05,decoder_by_matrix,c8397cb2c46e4683a6f3970bc42cef1aabfef4d80cfcd6b8313e87630b680ee2,"{""distance"":3,""physical_error_rate"":0.0001}","{""detection_events"":273,""detectors_checked"":1327104}"
     24576,         0,         0,    2.31,decoder_by_matrix,c8397cb2c46e4683a6f3970bc42cef1aabfef4d80cfcd6b8313e87630b680ee2,"{""distance"":3,""physical_error_rate"":0.0001}","{""detection_events"":300,""detectors_checked"":1327104}"
     24576,         0,         0,    2.36,decoder_by_matrix,c8397cb2c46e4683a6f3970bc42cef1aabfef4d80cfcd6b8313e87630b680ee2,"{""distance"":3,""physical_error_rate"":0.0001}","{""detection_events"":342,""detectors_checked"":1327104}"
     24576,         0,         0,    2.31,decoder_by_matrix,c8397cb2c46e4683a6f3970bc42cef1aabfef4d80cfcd6b8313e87630b680ee2,"{""distance"":3,""physical_error_rate"":0.0001}","{""detection_events"":324,""detectors_checked"":1327104}"
     25600,         0,         0,    2.05,decoder_by_matrix,c8397cb2c46e4683a6f3970bc42cef1aabfef4d80cfcd6b8313e87630b680ee2,"{""distance"":3,""physical_error_rate"":0.0001}","{""detection_events"":303,""detectors_checked"":1382400}"
     23552,         0,         0,    2.31,decoder_by_matrix,c8397cb2c46e4683a6f3970bc42cef1aabfef4d80cfcd6b8313e87630b680ee2,"{""distance"":3,""physical_error_rate"":0.0001}","{""detection_events"":264,""detectors_checked"":1271808}"
     27648,         0,         0,    2.06,decoder_by_matrix,c8397cb2c46e4683a6f3970bc42cef1aabfef4d80cfcd6b8313e87630b680ee2,"{""distance"":3,""physical_error_rate"":0.0001}","{""detection_events"":267,""detectors_checked"":1492992}"
     24576,         0,         0,    2.31,decoder_by_matrix,c8397cb2c46e4683a6f3970bc42cef1aabfef4d80cfcd6b8313e87630b680ee2,"{""distance"":3,""physical_error_rate"":0.0001}","{""detection_events"":282,""detectors_checked"":1327104}"
     25600,         0,         0,    2.05,decoder_by_matrix,c8397cb2c46e4683a6f3970bc42cef1aabfef4d80cfcd6b8313e87630b680ee2,"{""distance"":3,""physical_error_rate"":0.0001}","{""detection_events"":282,""detectors_checked"":1382400}"
     24576,         0,         0,    2.41,decoder_by_matrix,c8397cb2c46e4683a6f3970bc42cef1aabfef4d80cfcd6b8313e87630b680ee2,"{""distance"":3,""physical_error_rate"":0.0001}","{""detection_events"":300,""detectors_checked"":1327104}"
     33792,         0,         0,    2.81,decoder_by_matrix,c8397cb2c46e4683a6f3970bc42cef1aabfef4d80cfcd6b8313e87630b680ee2,"{""distance"":3,""physical_error_rate"":0.0001}","{""detection_events"":462,""detectors_checked"":1824768}"
     33792,         0,         0,    3.13,decoder_by_matrix,c8397cb2c46e4683a6f3970bc42cef1aabfef4d80cfcd6b8313e87630b680ee2,"{""distance"":3,""physical_error_rate"":0.0001}","{""detection_events"":435,""detectors_checked"":1824768}"
     32768,         0,         0,    2.84,decoder_by_matrix,c8397cb2c46e4683a6f3970bc42cef1aabfef4d80cfcd6b8313e87630b680ee2,"{""distance"":3,""physical_error_rate"":0.0001}","{""detection_events"":426,""detectors_checked"":1769472}"
     32768,         0,         0,    3.09,decoder_by_matrix,c8397cb2c46e4683a6f3970bc42cef1aabfef4d80cfcd6b8313e87630b680ee2,"{""distance"":3,""physical_error_rate"":0.0001}","{""detection_events"":357,""detectors_checked"":1769472}"
     34816,         0,         0,    3.08,decoder_by_matrix,c8397cb2c46e4683a6f3970bc42cef1aabfef4d80cfcd6b8313e87630b680ee2,"{""distance"":3,""physical_error_rate"":0.0001}","{""detection_events"":426,""detectors_checked"":1880064}"
     32768,         0,         0,    2.83,decoder_by_matrix,c8397cb2c46e4683a6f3970bc42cef1aabfef4d80cfcd6b8313e87630b680ee2,"{""distance"":3,""physical_error_rate"":0.0001}","{""detection_events"":396,""detectors_checked"":1769472}"
     34816,         0,         0,    2.57,decoder_by_matrix,c8397cb2c46e4683a6f3970bc42cef1aabfef4d80cfcd6b8313e87630b680ee2,"{""distance"":3,""physical_error_rate"":0.0001}","{""detection_events"":378,""detectors_checked"":1880064}"
     32768,         0,         0,    3.07,decoder_by_matrix,c8397cb2c46e4683a6f3970bc42cef1aabfef4d80cfcd6b8313e87630b680ee2,"{""distance"":3,""physical_error_rate"":0.0001}","{""detection_events"":348,""detectors_checked"":1769472}"
     33792,         0,         0,    2.81,decoder_by_matrix,c8397cb2c46e4683a6f3970bc42cef1aabfef4d80cfcd6b8313e87630b680ee2,"{""distance"":3,""physical_error_rate"":0.0001}","{""detection_events"":375,""detectors_checked"":1824768}"
     31744,         1,         0,    3.07,decoder_by_matrix,c8397cb2c46e4683a6f3970bc42cef1aabfef4d80cfcd6b8313e87630b680ee2,"{""distance"":3,""physical_error_rate"":0.0001}","{""detection_events"":393,""detectors_checked"":1714176,""obs_mistake_mask=E___"":1}"
     35840,         0,         0,    3.13,decoder_by_matrix,c8397cb2c46e4683a6f3970bc42cef1aabfef4d80cfcd6b8313e87630b680ee2,"{""distance"":3,""physical_error_rate"":0.0001}","{""detection_events"":495,""detectors_checked"":1935360}"
     33792,         0,         0,    3.07,decoder_by_matrix,c8397cb2c46e4683a6f3970bc42cef1aabfef4d80cfcd6b8313e87630b680ee2,"{""distance"":3,""physical_error_rate"":0.0001}","{""detection_events"":399,""detectors_checked"":1824768}"
     34816,         0,         0,    3.10,decoder_by_matrix,c8397cb2c46e4683a6f3970bc42cef1aabfef4d80cfcd6b8313e87630b680ee2,"{""distance"":3,""physical_error_rate"":0.0001}","{""detection_events"":381,""detectors_checked"":1880064}"
     33792,         0,         0,    3.08,decoder_by_matrix,c8397cb2c46e4683a6f3970bc42cef1aabfef4d80cfcd6b8313e87630b680ee2,"{""distance"":3,""physical_error_rate"":0.0001}","{""detection_events"":339,""detectors_checked"":1824768}"
     32768,         0,         0,    2.83,decoder_by_matrix,c8397cb2c46e4683a6f3970bc42cef1aabfef4d80cfcd6b8313e87630b680ee2,"{""distance"":3,""physical_error_rate"":0.0001}","{""detection_events"":363,""detectors_checked"":1769472}"
     33792,         0,         0,    3.08,decoder_by_matrix,c8397cb2c46e4683a6f3970bc42cef1aabfef4d80cfcd6b8313e87630b680ee2,"{""distance"":3,""physical_error_rate"":0.0001}","{""detection_events"":465,""detectors_checked"":1824768}"
     31744,         0,         0,    3.07,decoder_by_matrix,c8397cb2c46e4683a6f3970bc42cef1aabfef4d80cfcd6b8313e87630b680ee2,"{""distance"":3,""physical_error_rate"":0.0001}","{""detection_events"":399,""detectors_checked"":1714176}"
     34816,         0,         0,    3.08,decoder_by_matrix,c8397cb2c46e4683a6f3970bc42cef1aabfef4d80cfcd6b8313e87630b680ee2,"{""distance"":3,""physical_error_rate"":0.0001}","{""detection_events"":366,""detectors_checked"":1880064}"
     30720,         0,         0,    2.83,decoder_by_matrix,c8397cb2c46e4683a6f3970bc42cef1aabfef4d80cfcd6b8313e87630b680ee2,"{""distance"":3,""physical_error_rate"":0.0001}","{""detection_events"":468,""detectors_checked"":1658880}"
     34816,         0,         0,    3.08,decoder_by_matrix,c8397cb2c46e4683a6f3970bc42cef1aabfef4d80cfcd6b8313e87630b680ee2,"{""distance"":3,""physical_error_rate"":0.0001}","{""detection_events"":414,""detectors_checked"":1880064}"
     32768,         1,         0,    3.08,decoder_by_matrix,c8397cb2c46e4683a6f3970bc42cef1aabfef4d80cfcd6b8313e87630b680ee2,"{""distance"":3,""physical_error_rate"":0.0001}","{""detection_events"":351,""detectors_checked"":1769472,""obs_mistake_mask=__EE"":1}"
     32768,         0,         0,    3.07,decoder_by_matrix,c8397cb2c46e4683a6f3970bc42cef1aabfef4d80cfcd6b8313e87630b680ee2,"{""distance"":3,""physical_error_rate"":0.0001}","{""detection_events"":456,""detectors_checked"":1769472}"
     33792,         0,         0,    2.58,decoder_by_matrix,c8397cb2c46e4683a6f3970bc42cef1aabfef4d80cfcd6b8313e87630b680ee2,"{""distance"":3,""physical_error_rate"":0.0001}","{""detection_events"":423,""detectors_checked"":1824768}"
     32768,         0,         0,    2.81,decoder_by_matrix,c8397cb2c46e4683a6f3970bc42cef1aabfef4d80cfcd6b8313e87630b680ee2,"{""distance"":3,""physical_error_rate"":0.0001}","{""detection_events"":351,""detectors_checked"":1769472}"
     33792,         0,         0,    3.09,decoder_by_matrix,c8397cb2c46e4683a6f3970bc42cef1aabfef4d80cfcd6b8313e87630b680ee2,"{""distance"":3,""physical_error_rate"":0.0001}","{""detection_events"":555,""detectors_checked"":1824768}"
     33792,         0,         0,    3.09,decoder_by_matrix,c8397cb2c46e4683a6f3970bc42cef1aabfef4d80cfcd6b8313e87630b680ee2,"{""distance"":3,""physical_error_rate"":0.0001}","{""detection_events"":366,""detectors_checked"":1824768}"
     33792,         0,         0,    3.09,decoder_by_matrix,c8397cb2c46e4683a6f3970bc42cef1aabfef4d80cfcd6b8313e87630b680ee2,"{""distance"":3,""physical_error_rate"":0.0001}","{""detection_events"":357,""detectors_checked"":1824768}"
     32768,         0,         0,    3.08,decoder_by_matrix,c8397cb2c46e4683a6f3970bc42cef1aabfef4d80cfcd6b8313e87630b680ee2,"{""distance"":3,""physical_error_rate"":0.0001}","{""detection_events"":363,""detectors_checked"":1769472}"
     31744,         0,         0,    3.07,decoder_by_matrix,c8397cb2c46e4683a6f3970bc42cef1aabfef4d80cfcd6b8313e87630b680ee2,"{""distance"":3,""physical_error_rate"":0.0001}","{""detection_events"":390,""detectors_checked"":1714176}"
     32768,         0,         0,    2.91,decoder_by_matrix,c8397cb2c46e4683a6f3970bc42cef1aabfef4d80cfcd6b8313e87630b680ee2,"{""distance"":3,""physical_error_rate"":0.0001}","{""detection_events"":363,""detectors_checked"":1769472}"
     33792,         0,         0,    3.13,decoder_by_matrix,c8397cb2c46e4683a6f3970bc42cef1aabfef4d80cfcd6b8313e87630b680ee2,"{""distance"":3,""physical_error_rate"":0.0001}","{""detection_events"":453,""detectors_checked"":1824768}"
     32768,         0,         0,    3.29,decoder_by_matrix,c8397cb2c46e4683a6f3970bc42cef1aabfef4d80cfcd6b8313e87630b680ee2,"{""distance"":3,""physical_error_rate"":0.0001}","{""detection_events"":363,""detectors_checked"":1769472}"
     49152,         0,         0,    4.40,decoder_by_matrix,c8397cb2c46e4683a6f3970bc42cef1aabfef4d80cfcd6b8313e87630b680ee2,"{""distance"":3,""physical_error_rate"":0.0001}","{""detection_events"":540,""detectors_checked"":2654208}"
     45056,         0,         0,    4.30,decoder_by_matrix,c8397cb2c46e4683a6f3970bc42cef1aabfef4d80cfcd6b8313e87630b680ee2,"{""distance"":3,""physical_error_rate"":0.0001}","{""detection_events"":543,""detectors_checked"":2433024}"
     47104,         1,         0,    4.34,decoder_by_matrix,c8397cb2c46e4683a6f3970bc42cef1aabfef4d80cfcd6b8313e87630b680ee2,"{""distance"":3,""physical_error_rate"":0.0001}","{""detection_events"":525,""detectors_checked"":2543616,""obs_mistake_mask=E___"":1}"
     48128,         0,         0,    4.09,decoder_by_matrix,c8397cb2c46e4683a6f3970bc42cef1aabfef4d80cfcd6b8313e87630b680ee2,"{""distance"":3,""physical_error_rate"":0.0001}","{""detection_events"":558,""detectors_checked"":2598912}"
     44032,         1,         0,    4.30,decoder_by_matrix,c8397cb2c46e4683a6f3970bc42cef1aabfef4d80cfcd6b8313e87630b680ee2,"{""distance"":3,""physical_error_rate"":0.0001}","{""detection_events"":471,""detectors_checked"":2377728,""obs_mistake_mask=_E_E"":1}"
     49152,         0,         0,    4.48,decoder_by_matrix,c8397cb2c46e4683a6f3970bc42cef1aabfef4d80cfcd6b8313e87630b680ee2,"{""distance"":3,""physical_error_rate"":0.0001}","{""detection_events"":486,""detectors_checked"":2654208}"
     46080,         0,         0,    4.36,decoder_by_matrix,c8397cb2c46e4683a6f3970bc42cef1aabfef4d80cfcd6b8313e87630b680ee2,"{""distance"":3,""physical_error_rate"":0.0001}","{""detection_events"":555,""detectors_checked"":2488320}"
     48128,         0,         0,    3.85,decoder_by_matrix,c8397cb2c46e4683a6f3970bc42cef1aabfef4d80cfcd6b8313e87630b680ee2,"{""distance"":3,""physical_error_rate"":0.0001}","{""detection_events"":618,""detectors_checked"":2598912}"
     48128,         0,         0,    4.36,decoder_by_matrix,c8397cb2c46e4683a6f3970bc42cef1aabfef4d80cfcd6b8313e87630b680ee2,"{""distance"":3,""physical_error_rate"":0.0001}","{""detection_events"":510,""detectors_checked"":2598912}"
     48128,         0,         0,    4.41,decoder_by_matrix,c8397cb2c46e4683a6f3970bc42cef1aabfef4d80cfcd6b8313e87630b680ee2,"{""distance"":3,""physical_error_rate"":0.0001}","{""detection_events"":618,""detectors_checked"":2598912}"
     48128,         0,         0,    4.05,decoder_by_matrix,c8397cb2c46e4683a6f3970bc42cef1aabfef4d80cfcd6b8313e87630b680ee2,"{""distance"":3,""physical_error_rate"":0.0001}","{""detection_events"":474,""detectors_checked"":2598912}"
     47104,         0,         0,    4.30,decoder_by_matrix,c8397cb2c46e4683a6f3970bc42cef1aabfef4d80cfcd6b8313e87630b680ee2,"{""distance"":3,""physical_error_rate"":0.0001}","{""detection_events"":498,""detectors_checked"":2543616}"
     45056,         0,         0,    4.37,decoder_by_matrix,c8397cb2c46e4683a6f3970bc42cef1aabfef4d80cfcd6b8313e87630b680ee2,"{""distance"":3,""physical_error_rate"":0.0001}","{""detection_events"":561,""detectors_checked"":2433024}"
     44032,         0,         0,    4.08,decoder_by_matrix,c8397cb2c46e4683a6f3970bc42cef1aabfef4d80cfcd6b8313e87630b680ee2,"{""distance"":3,""physical_error_rate"":0.0001}","{""detection_events"":570,""detectors_checked"":2377728}"
     45056,         0,         0,    4.37,decoder_by_matrix,c8397cb2c46e4683a6f3970bc42cef1aabfef4d80cfcd6b8313e87630b680ee2,"{""distance"":3,""physical_error_rate"":0.0001}","{""detection_events"":582,""detectors_checked"":2433024}"
     50176,         0,         0,    3.86,decoder_by_matrix,c8397cb2c46e4683a6f3970bc42cef1aabfef4d80cfcd6b8313e87630b680ee2,"{""distance"":3,""physical_error_rate"":0.0001}","{""detection_events"":492,""detectors_checked"":2709504}"
     49152,         1,         0,    4.37,decoder_by_matrix,c8397cb2c46e4683a6f3970bc42cef1aabfef4d80cfcd6b8313e87630b680ee2,"{""distance"":3,""physical_error_rate"":0.0001}","{""detection_events"":468,""detectors_checked"":2654208,""obs_mistake_mask=_EEE"":1}"
     45056,         0,         0,    4.11,decoder_by_matrix,c8397cb2c46e4683a6f3970bc42cef1aabfef4d80cfcd6b8313e87630b680ee2,"{""distance"":3,""physical_error_rate"":0.0001}","{""detection_events"":585,""detectors_checked"":2433024}"
     47104,         0,         0,    4.37,decoder_by_matrix,c8397cb2c46e4683a6f3970bc42cef1aabfef4d80cfcd6b8313e87630b680ee2,"{""distance"":3,""physical_error_rate"":0.0001}","{""detection_events"":549,""detectors_checked"":2543616}"
     48128,         0,         0,    4.36,decoder_by_matrix,c8397cb2c46e4683a6f3970bc42cef1aabfef4d80cfcd6b8313e87630b680ee2,"{""distance"":3,""physical_error_rate"":0.0001}","{""detection_events"":555,""detectors_checked"":2598912}"
     45056,         0,         0,    4.18,decoder_by_matrix,c8397cb2c46e4683a6f3970bc42cef1aabfef4d80cfcd6b8313e87630b680ee2,"{""distance"":3,""physical_error_rate"":0.0001}","{""detection_events"":639,""detectors_checked"":2433024}"
     47104,         0,         0,    3.84,decoder_by_matrix,c8397cb2c46e4683a6f3970bc42cef1aabfef4d80cfcd6b8313e87630b680ee2,"{""distance"":3,""physical_error_rate"":0.0001}","{""detection_events"":576,""detectors_checked"":2543616}"
     45056,         0,         0,    4.09,decoder_by_matrix,c8397cb2c46e4683a6f3970bc42cef1aabfef4d80cfcd6b8313e87630b680ee2,"{""distance"":3,""physical_error_rate"":0.0001}","{""detection_events"":627,""detectors_checked"":2433024}"
     46080,         0,         0,    4.35,decoder_by_matrix,c8397cb2c46e4683a6f3970bc42cef1aabfef4d80cfcd6b8313e87630b680ee2,"{""distance"":3,""physical_error_rate"":0.0001}","{""detection_events"":753,""detectors_checked"":2488320}"
     51200,         0,         0,    4.34,decoder_by_matrix,c8397cb2c46e4683a6f3970bc42cef1aabfef4d80cfcd6b8313e87630b680ee2,"{""distance"":3,""physical_error_rate"":0.0001}","{""detection_events"":552,""detectors_checked"":2764800}"
     46080,         0,         0,    4.31,decoder_by_matrix,c8397cb2c46e4683a6f3970bc42cef1aabfef4d80cfcd6b8313e87630b680ee2,"{""distance"":3,""physical_error_rate"":0.0001}","{""detection_events"":576,""detectors_checked"":2488320}"
     47104,         0,         0,    4.46,decoder_by_matrix,c8397cb2c46e4683a6f3970bc42cef1aabfef4d80cfcd6b8313e87630b680ee2,"{""distance"":3,""physical_error_rate"":0.0001}","{""detection_events"":558,""detectors_checked"":2543616}"
     43008,         0,         0,    4.36,decoder_by_matrix,c8397cb2c46e4683a6f3970bc42cef1aabfef4d80cfcd6b8313e87630b680ee2,"{""distance"":3,""physical_error_rate"":0.0001}","{""detection_events"":582,""detectors_checked"":2322432}"
     44032,         0,         0,    4.10,decoder_by_matrix,c8397cb2c46e4683a6f3970bc42cef1aabfef4d80cfcd6b8313e87630b680ee2,"{""distance"":3,""physical_error_rate"":0.0001}","{""detection_events"":555,""detectors_checked"":2377728}"
     52224,         0,         0,    4.34,decoder_by_matrix,c8397cb2c46e4683a6f3970bc42cef1aabfef4d80cfcd6b8313e87630b680ee2,"{""distance"":3,""physical_error_rate"":0.0001}","{""detection_events"":456,""detectors_checked"":2820096}"
     47104,         0,         0,    4.12,decoder_by_matrix,c8397cb2c46e4683a6f3970bc42cef1aabfef4d80cfcd6b8313e87630b680ee2,"{""distance"":3,""physical_error_rate"":0.0001}","{""detection_events"":564,""detectors_checked"":2543616}"
     45056,         0,         0,    3.86,decoder_by_matrix,c8397cb2c46e4683a6f3970bc42cef1aabfef4d80cfcd6b8313e87630b680ee2,"{""distance"":3,""physical_error_rate"":0.0001}","{""detection_events"":555,""detectors_checked"":2433024}"
   1266688,         1,         0,   117.2,decoder_by_matrix,c8397cb2c46e4683a6f3970bc42cef1aabfef4d80cfcd6b8313e87630b680ee2,"{""distance"":3,""physical_error_rate"":0.0001}","{""detection_events"":14817,""detectors_checked"":68401152,""obs_mistake_mask=_EEE"":1}"
     68608,         0,         0,    6.18,decoder_by_matrix,c8397cb2c46e4683a6f3970bc42cef1aabfef4d80cfcd6b8313e87630b680ee2,"{""distance"":3,""physical_error_rate"":0.0001}","{""detection_events"":669,""detectors_checked"":3704832}"
     69632,         0,         0,    6.20,decoder_by_matrix,c8397cb2c46e4683a6f3970bc42cef1aabfef4d80cfcd6b8313e87630b680ee2,"{""distance"":3,""physical_error_rate"":0.0001}","{""detection_events"":759,""detectors_checked"":3760128}"
     64512,         0,         0,    5.87,decoder_by_matrix,c8397cb2c46e4683a6f3970bc42cef1aabfef4d80cfcd6b8313e87630b680ee2,"{""distance"":3,""physical_error_rate"":0.0001}","{""detection_events"":690,""detectors_checked"":3483648}"
     65536,         0,         0,    6.12,decoder_by_matrix,c8397cb2c46e4683a6f3970bc42cef1aabfef4d80cfcd6b8313e87630b680ee2,"{""distance"":3,""physical_error_rate"":0.0001}","{""detection_events"":843,""detectors_checked"":3538944}"
     67584,         0,         0,    6.16,decoder_by_matrix,c8397cb2c46e4683a6f3970bc42cef1aabfef4d80cfcd6b8313e87630b680ee2,"{""distance"":3,""physical_error_rate"":0.0001}","{""detection_events"":924,""detectors_checked"":3649536}"
     63488,         0,         0,    5.99,decoder_by_matrix,c8397cb2c46e4683a6f3970bc42cef1aabfef4d80cfcd6b8313e87630b680ee2,"{""distance"":3,""physical_error_rate"":0.0001}","{""detection_events"":726,""detectors_checked"":3428352}"
     63488,         0,         0,    6.16,decoder_by_matrix,c8397cb2c46e4683a6f3970bc42cef1aabfef4d80cfcd6b8313e87630b680ee2,"{""distance"":3,""physical_error_rate"":0.0001}","{""detection_events"":735,""detectors_checked"":3428352}"
     67584,         0,         0,    5.59,decoder_by_matrix,c8397cb2c46e4683a6f3970bc42cef1aabfef4d80cfcd6b8313e87630b680ee2,"{""distance"":3,""physical_error_rate"":0.0001}","{""detection_events"":774,""detectors_checked"":3649536}"
     67584,         0,         0,    6.15,decoder_by_matrix,c8397cb2c46e4683a6f3970bc42cef1aabfef4d80cfcd6b8313e87630b680ee2,"{""distance"":3,""physical_error_rate"":0.0001}","{""detection_events"":669,""detectors_checked"":3649536}"
     67584,         0,         0,    5.81,decoder_by_matrix,c8397cb2c46e4683a6f3970bc42cef1aabfef4d80cfcd6b8313e87630b680ee2,"{""distance"":3,""physical_error_rate"":0.0001}","{""detection_events"":822,""detectors_checked"":3649536}"
     66560,         0,         0,    5.89,decoder_by_matrix,c8397cb2c46e4683a6f3970bc42cef1aabfef4d80cfcd6b8313e87630b680ee2,"{""distance"":3,""physical_error_rate"":0.0001}","{""detection_events"":834,""detectors_checked"":3594240}"
     67584,         0,         0,    6.16,decoder_by_matrix,c8397cb2c46e4683a6f3970bc42cef1aabfef4d80cfcd6b8313e87630b680ee2,"{""distance"":3,""physical_error_rate"":0.0001}","{""detection_events"":732,""detectors_checked"":3649536}"
     64512,         0,         0,    6.16,decoder_by_matrix,c8397cb2c46e4683a6f3970bc42cef1aabfef4d80cfcd6b8313e87630b680ee2,"{""distance"":3,""physical_error_rate"":0.0001}","{""detection_events"":714,""detectors_checked"":3483648}"
     64512,         0,         0,    6.14,decoder_by_matrix,c8397cb2c46e4683a6f3970bc42cef1aabfef4d80cfcd6b8313e87630b680ee2,"{""distance"":3,""physical_error_rate"":0.0001}","{""detection_events"":750,""detectors_checked"":3483648}"
     69632,         0,         0,    6.15,decoder_by_matrix,c8397cb2c46e4683a6f3970bc42cef1aabfef4d80cfcd6b8313e87630b680ee2,"{""distance"":3,""physical_error_rate"":0.0001}","{""detection_events"":753,""detectors_checked"":3760128}"
     65536,         1,         0,    5.65,decoder_by_matrix,c8397cb2c46e4683a6f3970bc42cef1aabfef4d80cfcd6b8313e87630b680ee2,"{""distance"":3,""physical_error_rate"":0.0001}","{""detection_events"":777,""detectors_checked"":3538944,""obs_mistake_mask=_E_E"":1}"
     66560,         0,         0,    6.15,decoder_by_matrix,c8397cb2c46e4683a6f3970bc42cef1aabfef4d80cfcd6b8313e87630b680ee2,"{""distance"":3,""physical_error_rate"":0.0001}","{""detection_events"":786,""detectors_checked"":3594240}"
     65536,         0,         0,    5.64,decoder_by_matrix,c8397cb2c46e4683a6f3970bc42cef1aabfef4d80cfcd6b8313e87630b680ee2,"{""distance"":3,""physical_error_rate"":0.0001}","{""detection_events"":840,""detectors_checked"":3538944}"
     65536,         0,         0,    6.15,decoder_by_matrix,c8397cb2c46e4683a6f3970bc42cef1aabfef4d80cfcd6b8313e87630b680ee2,"{""distance"":3,""physical_error_rate"":0.0001}","{""detection_events"":834,""detectors_checked"":3538944}"
     71680,         0,         0,    6.15,decoder_by_matrix,c8397cb2c46e4683a6f3970bc42cef1aabfef4d80cfcd6b8313e87630b680ee2,"{""distance"":3,""physical_error_rate"":0.0001}","{""detection_events"":801,""detectors_checked"":3870720}"
     67584,         0,         0,    5.89,decoder_by_matrix,c8397cb2c46e4683a6f3970bc42cef1aabfef4d80cfcd6b8313e87630b680ee2,"{""distance"":3,""physical_error_rate"":0.0001}","{""detection_events"":822,""detectors_checked"":3649536}"
     65536,         0,         0,    6.15,decoder_by_matrix,c8397cb2c46e4683a6f3970bc42cef1aabfef4d80cfcd6b8313e87630b680ee2,"{""distance"":3,""physical_error_rate"":0.0001}","{""detection_events"":699,""detectors_checked"":3538944}"
     65536,         0,         0,    5.89,decoder_by_matrix,c8397cb2c46e4683a6f3970bc42cef1aabfef4d80cfcd6b8313e87630b680ee2,"{""distance"":3,""physical_error_rate"":0.0001}","{""detection_events"":732,""detectors_checked"":3538944}"
     61440,         0,         0,    5.89,decoder_by_matrix,c8397cb2c46e4683a6f3970bc42cef1aabfef4d80cfcd6b8313e87630b680ee2,"{""distance"":3,""physical_error_rate"":0.0001}","{""detection_events"":822,""detectors_checked"":3317760}"
     66560,         0,         0,    5.89,decoder_by_matrix,c8397cb2c46e4683a6f3970bc42cef1aabfef4d80cfcd6b8313e87630b680ee2,"{""distance"":3,""physical_error_rate"":0.0001}","{""detection_events"":801,""detectors_checked"":3594240}"
     62464,         0,         0,    6.10,decoder_by_matrix,c8397cb2c46e4683a6f3970bc42cef1aabfef4d80cfcd6b8313e87630b680ee2,"{""distance"":3,""physical_error_rate"":0.0001}","{""detection_events"":843,""detectors_checked"":3373056}"
     66560,         0,         0,    6.16,decoder_by_matrix,c8397cb2c46e4683a6f3970bc42cef1aabfef4d80cfcd6b8313e87630b680ee2,"{""distance"":3,""physical_error_rate"":0.0001}","{""detection_events"":756,""detectors_checked"":3594240}"
     65536,         0,         0,    6.15,decoder_by_matrix,c8397cb2c46e4683a6f3970bc42cef1aabfef4d80cfcd6b8313e87630b680ee2,"{""distance"":3,""physical_error_rate"":0.0001}","{""detection_events"":780,""detectors_checked"":3538944}"
     66560,         0,         0,    5.67,decoder_by_matrix,c8397cb2c46e4683a6f3970bc42cef1aabfef4d80cfcd6b8313e87630b680ee2,"{""distance"":3,""physical_error_rate"":0.0001}","{""detection_events"":801,""detectors_checked"":3594240}"
     66560,         0,         0,    6.16,decoder_by_matrix,c8397cb2c46e4683a6f3970bc42cef1aabfef4d80cfcd6b8313e87630b680ee2,"{""distance"":3,""physical_error_rate"":0.0001}","{""detection_events"":792,""detectors_checked"":3594240}"
     66560,         0,         0,    5.13,decoder_by_matrix,c8397cb2c46e4683a6f3970bc42cef1aabfef4d80cfcd6b8313e87630b680ee2,"{""distance"":3,""physical_error_rate"":0.0001}","{""detection_events"":774,""detectors_checked"":3594240}"
     67584,         0,         0,    5.72,decoder_by_matrix,c8397cb2c46e4683a6f3970bc42cef1aabfef4d80cfcd6b8313e87630b680ee2,"{""distance"":3,""physical_error_rate"":0.0001}","{""detection_events"":669,""detectors_checked"":3649536}"
     86016,         0,         0,    8.27,decoder_by_matrix,c8397cb2c46e4683a6f3970bc42cef1aabfef4d80cfcd6b8313e87630b680ee2,"{""distance"":3,""physical_error_rate"":0.0001}","{""detection_events"":1032,""detectors_checked"":4644864}"
     88064,         0,         0,    8.40,decoder_by_matrix,c8397cb2c46e4683a6f3970bc42cef1aabfef4d80cfcd6b8313e87630b680ee2,"{""distance"":3,""physical_error_rate"":0.0001}","{""detection_events"":1098,""detectors_checked"":4755456}"
     88064,         0,         0,    8.40,decoder_by_matrix,c8397cb2c46e4683a6f3970bc42cef1aabfef4d80cfcd6b8313e87630b680ee2,"{""distance"":3,""physical_error_rate"":0.0001}","{""detection_events"":1035,""detectors_checked"":4755456}"
     89088,         0,         0,    8.42,decoder_by_matrix,c8397cb2c46e4683a6f3970bc42cef1aabfef4d80cfcd6b8313e87630b680ee2,"{""distance"":3,""physical_error_rate"":0.0001}","{""detection_events"":1101,""detectors_checked"":4810752}"
     88064,         0,         0,    8.38,decoder_by_matrix,c8397cb2c46e4683a6f3970bc42cef1aabfef4d80cfcd6b8313e87630b680ee2,"{""distance"":3,""physical_error_rate"":0.0001}","{""detection_events"":1128,""detectors_checked"":4755456}"
     83968,         0,         0,    8.15,decoder_by_matrix,c8397cb2c46e4683a6f3970bc42cef1aabfef4d80cfcd6b8313e87630b680ee2,"{""distance"":3,""physical_error_rate"":0.0001}","{""detection_events"":1044,""detectors_checked"":4534272}"
     91136,         0,         0,    8.38,decoder_by_matrix,c8397cb2c46e4683a6f3970bc42cef1aabfef4d80cfcd6b8313e87630b680ee2,"{""distance"":3,""physical_error_rate"":0.0001}","{""detection_events"":1014,""detectors_checked"":4921344}"
     83968,         0,         0,    8.42,decoder_by_matrix,c8397cb2c46e4683a6f3970bc42cef1aabfef4d80cfcd6b8313e87630b680ee2,"{""distance"":3,""physical_error_rate"":0.0001}","{""detection_events"":978,""detectors_checked"":4534272}"
     86016,         0,         0,    8.39,decoder_by_matrix,c8397cb2c46e4683a6f3970bc42cef1aabfef4d80cfcd6b8313e87630b680ee2,"{""distance"":3,""physical_error_rate"":0.0001}","{""detection_events"":1023,""detectors_checked"":4644864}"
     86016,         0,         0,    8.51,decoder_by_matrix,c8397cb2c46e4683a6f3970bc42cef1aabfef4d80cfcd6b8313e87630b680ee2,"{""distance"":3,""physical_error_rate"":0.0001}","{""detection_events"":1242,""detectors_checked"":4644864}"
     90112,         0,         0,    7.98,decoder_by_matrix,c8397cb2c46e4683a6f3970bc42cef1aabfef4d80cfcd6b8313e87630b680ee2,"{""distance"":3,""physical_error_rate"":0.0001}","{""detection_events"":1059,""detectors_checked"":4866048}"
     83968,         0,         0,    8.16,decoder_by_matrix,c8397cb2c46e4683a6f3970bc42cef1aabfef4d80cfcd6b8313e87630b680ee2,"{""distance"":3,""physical_error_rate"":0.0001}","{""detection_events"":1062,""detectors_checked"":4534272}"
     87040,         0,         0,    8.40,decoder_by_matrix,c8397cb2c46e4683a6f3970bc42cef1aabfef4d80cfcd6b8313e87630b680ee2,"{""distance"":3,""physical_error_rate"":0.0001}","{""detection_events"":1047,""detectors_checked"":4700160}"
     88064,         0,         0,    8.12,decoder_by_matrix,c8397cb2c46e4683a6f3970bc42cef1aabfef4d80cfcd6b8313e87630b680ee2,"{""distance"":3,""physical_error_rate"":0.0001}","{""detection_events"":1245,""detectors_checked"":4755456}"
     93184,         0,         0,    8.30,decoder_by_matrix,c8397cb2c46e4683a6f3970bc42cef1aabfef4d80cfcd6b8313e87630b680ee2,"{""distance"":3,""physical_error_rate"":0.0001}","{""detection_events"":948,""detectors_checked"":5031936}"
     93184,         0,         0,    8.40,decoder_by_matrix,c8397cb2c46e4683a6f3970bc42cef1aabfef4d80cfcd6b8313e87630b680ee2,"{""distance"":3,""physical_error_rate"":0.0001}","{""detection_events"":999,""detectors_checked"":5031936}"
     87040,         0,         0,    8.25,decoder_by_matrix,c8397cb2c46e4683a6f3970bc42cef1aabfef4d80cfcd6b8313e87630b680ee2,"{""distance"":3,""physical_error_rate"":0.0001}","{""detection_events"":1077,""detectors_checked"":4700160}"
     89088,         0,         0,    8.49,decoder_by_matrix,c8397cb2c46e4683a6f3970bc42cef1aabfef4d80cfcd6b8313e87630b680ee2,"{""distance"":3,""physical_error_rate"":0.0001}","{""detection_events"":987,""detectors_checked"":4810752}"
     84992,         0,         0,    8.12,decoder_by_matrix,c8397cb2c46e4683a6f3970bc42cef1aabfef4d80cfcd6b8313e87630b680ee2,"{""distance"":3,""physical_error_rate"":0.0001}","{""detection_events"":1194,""detectors_checked"":4589568}"
     91136,         1,         0,    8.19,decoder_by_matrix,c8397cb2c46e4683a6f3970bc42cef1aabfef4d80cfcd6b8313e87630b680ee2,"{""distance"":3,""physical_error_rate"":0.0001}","{""detection_events"":1029,""detectors_checked"":4921344,""obs_mistake_mask=_E__"":1}"
     96256,         0,         0,    8.33,decoder_by_matrix,c8397cb2c46e4683a6f3970bc42cef1aabfef4d80cfcd6b8313e87630b680ee2,"{""distance"":3,""physical_error_rate"":0.0001}","{""detection_events"":1095,""detectors_checked"":5197824}"
     87040,         0,         0,    8.21,decoder_by_matrix,c8397cb2c46e4683a6f3970bc42cef1aabfef4d80cfcd6b8313e87630b680ee2,"{""distance"":3,""physical_error_rate"":0.0001}","{""detection_events"":1215,""detectors_checked"":4700160}"
     89088,         0,         0,    8.45,decoder_by_matrix,c8397cb2c46e4683a6f3970bc42cef1aabfef4d80cfcd6b8313e87630b680ee2,"{""distance"":3,""physical_error_rate"":0.0001}","{""detection_events"":1074,""detectors_checked"":4810752}"
     90112,         0,         0,    8.02,decoder_by_matrix,c8397cb2c46e4683a6f3970bc42cef1aabfef4d80cfcd6b8313e87630b680ee2,"{""distance"":3,""physical_error_rate"":0.0001}","{""detection_events"":900,""detectors_checked"":4866048}"
     83968,         0,         0,    8.26,decoder_by_matrix,c8397cb2c46e4683a6f3970bc42cef1aabfef4d80cfcd6b8313e87630b680ee2,"{""distance"":3,""physical_error_rate"":0.0001}","{""detection_events"":1149,""detectors_checked"":4534272}"
     89088,         0,         0,    8.59,decoder_by_matrix,c8397cb2c46e4683a6f3970bc42cef1aabfef4d80cfcd6b8313e87630b680ee2,"{""distance"":3,""physical_error_rate"":0.0001}","{""detection_events"":1089,""detectors_checked"":4810752}"
     93184,         0,         0,    8.57,decoder_by_matrix,c8397cb2c46e4683a6f3970bc42cef1aabfef4d80cfcd6b8313e87630b680ee2,"{""distance"":3,""physical_error_rate"":0.0001}","{""detection_events"":1038,""detectors_checked"":5031936}"
     90112,         0,         0,    8.35,decoder_by_matrix,c8397cb2c46e4683a6f3970bc42cef1aabfef4d80cfcd6b8313e87630b680ee2,"{""distance"":3,""physical_error_rate"":0.0001}","{""detection_events"":1071,""detectors_checked"":4866048}"
     88064,         0,         0,    8.26,decoder_by_matrix,c8397cb2c46e4683a6f3970bc42cef1aabfef4d80cfcd6b8313e87630b680ee2,"{""distance"":3,""physical_error_rate"":0.0001}","{""detection_events"":1068,""detectors_checked"":4755456}"
     90112,         0,         0,    8.11,decoder_by_matrix,c8397cb2c46e4683a6f3970bc42cef1aabfef4d80cfcd6b8313e87630b680ee2,"{""distance"":3,""physical_error_rate"":0.0001}","{""detection_events"":1239,""detectors_checked"":4866048}"
     89088,         0,         0,    7.51,decoder_by_matrix,c8397cb2c46e4683a6f3970bc42cef1aabfef4d80cfcd6b8313e87630b680ee2,"{""distance"":3,""physical_error_rate"":0.0001}","{""detection_events"":999,""detectors_checked"":4810752}"
     88064,         0,         0,    8.23,decoder_by_matrix,c8397cb2c46e4683a6f3970bc42cef1aabfef4d80cfcd6b8313e87630b680ee2,"{""distance"":3,""physical_error_rate"":0.0001}","{""detection_events"":1044,""detectors_checked"":4755456}"
    121856,         0,         0,    11.3,decoder_by_matrix,c8397cb2c46e4683a6f3970bc42cef1aabfef4d80cfcd6b8313e87630b680ee2,"{""distance"":3,""physical_error_rate"":0.0001}","{""detection_events"":1506,""detectors_checked"":6580224}"
    126976,         0,         0,    11.2,decoder_by_matrix,c8397cb2c46e4683a6f3970bc42cef1aabfef4d80cfcd6b8313e87630b680ee2,"{""distance"":3,""physical_error_rate"":0.0001}","{""detection_events"":1548,""detectors_checked"":6856704}"
    124928,         0,         0,    11.8,decoder_by_matrix,c8397cb2c46e4683a6f3970bc42cef1aabfef4d80cfcd6b8313e87630b680ee2,"{""distance"":3,""physical_error_rate"":0.0001}","{""detection_events"":1620,""detectors_checked"":6746112}"
    125952,         0,         0,    11.3,decoder_by_matrix,c8397cb2c46e4683a6f3970bc42cef1aabfef4d80cfcd6b8313e87630b680ee2,"{""distance"":3,""physical_error_rate"":0.0001}","{""detection_events"":1497,""detectors_checked"":6801408}"
    124928,         0,         0,    11.7,decoder_by_matrix,c8397cb2c46e4683a6f3970bc42cef1aabfef4d80cfcd6b8313e87630b680ee2,"{""distance"":3,""physical_error_rate"":0.0001}","{""detection_events"":1548,""detectors_checked"":6746112}"
    125952,         0,         0,    11.9,decoder_by_matrix,c8397cb2c46e4683a6f3970bc42cef1aabfef4d80cfcd6b8313e87630b680ee2,"{""distance"":3,""physical_error_rate"":0.0001}","{""detection_events"":1548,""detectors_checked"":6801408}"
    126976,         0,         0,    11.5,decoder_by_matrix,c8397cb2c46e4683a6f3970bc42cef1aabfef4d80cfcd6b8313e87630b680ee2,"{""distance"":3,""physical_error_rate"":0.0001}","{""detection_events"":1488,""detectors_checked"":6856704}"
    131072,         0,         0,    11.5,decoder_by_matrix,c8397cb2c46e4683a6f3970bc42cef1aabfef4d80cfcd6b8313e87630b680ee2,"{""distance"":3,""physical_error_rate"":0.0001}","{""detection_events"":1419,""detectors_checked"":7077888}"
    131072,         0,         0,    11.3,decoder_by_matrix,c8397cb2c46e4683a6f3970bc42cef1aabfef4d80cfcd6b8313e87630b680ee2,"{""distance"":3,""physical_error_rate"":0.0001}","{""detection_events"":1404,""detectors_checked"":7077888}"
    124928,         0,         0,    11.8,decoder_by_matrix,c8397cb2c46e4683a6f3970bc42cef1aabfef4d80cfcd6b8313e87630b680ee2,"{""distance"":3,""physical_error_rate"":0.0001}","{""detection_events"":1512,""detectors_checked"":6746112}"
    131072,         0,         0,    11.5,decoder_by_matrix,c8397cb2c46e4683a6f3970bc42cef1aabfef4d80cfcd6b8313e87630b680ee2,"{""distance"":3,""physical_error_rate"":0.0001}","{""detection_events"":1569,""detectors_checked"":7077888}"
    125952,         0,         0,    11.8,decoder_by_matrix,c8397cb2c46e4683a6f3970bc42cef1aabfef4d80cfcd6b8313e87630b680ee2,"{""distance"":3,""physical_error_rate"":0.0001}","{""detection_events"":1494,""detectors_checked"":6801408}"
    123904,         0,         0,    11.7,decoder_by_matrix,c8397cb2c46e4683a6f3970bc42cef1aabfef4d80cfcd6b8313e87630b680ee2,"{""distance"":3,""physical_error_rate"":0.0001}","{""detection_events"":1404,""detectors_checked"":6690816}"
    133120,         0,         0,    11.6,decoder_by_matrix,c8397cb2c46e4683a6f3970bc42cef1aabfef4d80cfcd6b8313e87630b680ee2,"{""distance"":3,""physical_error_rate"":0.0001}","{""detection_events"":1497,""detectors_checked"":7188480}"
    124928,         0,         0,    11.7,decoder_by_matrix,c8397cb2c46e4683a6f3970bc42cef1aabfef4d80cfcd6b8313e87630b680ee2,"{""distance"":3,""physical_error_rate"":0.0001}","{""detection_events"":1389,""detectors_checked"":6746112}"
    130048,         0,         0,    11.1,decoder_by_matrix,c8397cb2c46e4683a6f3970bc42cef1aabfef4d80cfcd6b8313e87630b680ee2,"{""distance"":3,""physical_error_rate"":0.0001}","{""detection_events"":1428,""detectors_checked"":7022592}"
    121856,         0,         0,    11.5,decoder_by_matrix,c8397cb2c46e4683a6f3970bc42cef1aabfef4d80cfcd6b8313e87630b680ee2,"{""distance"":3,""physical_error_rate"":0.0001}","{""detection_events"":1455,""detectors_checked"":6580224}"
    126976,         0,         0,    11.2,decoder_by_matrix,c8397cb2c46e4683a6f3970bc42cef1aabfef4d80cfcd6b8313e87630b680ee2,"{""distance"":3,""physical_error_rate"":0.0001}","{""detection_events"":1470,""detectors_checked"":6856704}"
    126976,         0,         0,    11.8,decoder_by_matrix,c8397cb2c46e4683a6f3970bc42cef1aabfef4d80cfcd6b8313e87630b680ee2,"{""distance"":3,""physical_error_rate"":0.0001}","{""detection_events"":1578,""detectors_checked"":6856704}"
    128000,         0,         0,    11.8,decoder_by_matrix,c8397cb2c46e4683a6f3970bc42cef1aabfef4d80cfcd6b8313e87630b680ee2,"{""distance"":3,""physical_error_rate"":0.0001}","{""detection_events"":1539,""detectors_checked"":6912000}"
    128000,         0,         0,    11.5,decoder_by_matrix,c8397cb2c46e4683a6f3970bc42cef1aabfef4d80cfcd6b8313e87630b680ee2,"{""distance"":3,""physical_error_rate"":0.0001}","{""detection_events"":1239,""detectors_checked"":6912000}"
    124928,         0,         0,    11.8,decoder_by_matrix,c8397cb2c46e4683a6f3970bc42cef1aabfef4d80cfcd6b8313e87630b680ee2,"{""distance"":3,""physical_error_rate"":0.0001}","{""detection_events"":1767,""detectors_checked"":6746112}"
    129024,         0,         0,    11.5,decoder_by_matrix,c8397cb2c46e4683a6f3970bc42cef1aabfef4d80cfcd6b8313e87630b680ee2,"{""distance"":3,""physical_error_rate"":0.0001}","{""detection_events"":1482,""detectors_checked"":6967296}"
    124928,         0,         0,    11.3,decoder_by_matrix,c8397cb2c46e4683a6f3970bc42cef1aabfef4d80cfcd6b8313e87630b680ee2,"{""distance"":3,""physical_error_rate"":0.0001}","{""detection_events"":1551,""detectors_checked"":6746112}"
    124928,         0,         0,    11.8,decoder_by_matrix,c8397cb2c46e4683a6f3970bc42cef1aabfef4d80cfcd6b8313e87630b680ee2,"{""distance"":3,""physical_error_rate"":0.0001}","{""detection_events"":1644,""detectors_checked"":6746112}"
    124928,         0,         0,    11.7,decoder_by_matrix,c8397cb2c46e4683a6f3970bc42cef1aabfef4d80cfcd6b8313e87630b680ee2,"{""distance"":3,""physical_error_rate"":0.0001}","{""detection_events"":1401,""detectors_checked"":6746112}"
    123904,         0,         0,    11.9,decoder_by_matrix,c8397cb2c46e4683a6f3970bc42cef1aabfef4d80cfcd6b8313e87630b680ee2,"{""distance"":3,""physical_error_rate"":0.0001}","{""detection_events"":1623,""detectors_checked"":6690816}"
    126976,         0,         0,    11.7,decoder_by_matrix,c8397cb2c46e4683a6f3970bc42cef1aabfef4d80cfcd6b8313e87630b680ee2,"{""distance"":3,""physical_error_rate"":0.0001}","{""detection_events"":1614,""detectors_checked"":6856704}"
    124928,         0,         0,    11.8,decoder_by_matrix,c8397cb2c46e4683a6f3970bc42cef1aabfef4d80cfcd6b8313e87630b680ee2,"{""distance"":3,""physical_error_rate"":0.0001}","{""detection_events"":1467,""detectors_checked"":6746112}"
    132096,         0,         0,    11.5,decoder_by_matrix,c8397cb2c46e4683a6f3970bc42cef1aabfef4d80cfcd6b8313e87630b680ee2,"{""distance"":3,""physical_error_rate"":0.0001}","{""detection_events"":1659,""detectors_checked"":7133184}"
    129024,         0,         0,    11.4,decoder_by_matrix,c8397cb2c46e4683a6f3970bc42cef1aabfef4d80cfcd6b8313e87630b680ee2,"{""distance"":3,""physical_error_rate"":0.0001}","{""detection_events"":1503,""detectors_checked"":6967296}"
    125952,         0,         0,    12.0,decoder_by_matrix,c8397cb2c46e4683a6f3970bc42cef1aabfef4d80cfcd6b8313e87630b680ee2,"{""distance"":3,""physical_error_rate"":0.0001}","{""detection_events"":1533,""detectors_checked"":6801408}"
   1286144,         0,         0,   116.9,decoder_by_matrix,c8397cb2c46e4683a6f3970bc42cef1aabfef4d80cfcd6b8313e87630b680ee2,"{""distance"":3,""physical_error_rate"":0.0001}","{""detection_events"":15222,""detectors_checked"":69451776}"
   1273856,         0,         0,   117.1,decoder_by_matrix,c8397cb2c46e4683a6f3970bc42cef1aabfef4d80cfcd6b8313e87630b680ee2,"{""distance"":3,""physical_error_rate"":0.0001}","{""detection_events"":14631,""detectors_checked"":68788224}"
   1261568,         1,         0,   117.3,decoder_by_matrix,c8397cb2c46e4683a6f3970bc42cef1aabfef4d80cfcd6b8313e87630b680ee2,"{""distance"":3,""physical_error_rate"":0.0001}","{""detection_events"":15183,""detectors_checked"":68124672,""obs_mistake_mask=_EE_"":1}"
   1272832,         0,         0,   116.0,decoder_by_matrix,c8397cb2c46e4683a6f3970bc42cef1aabfef4d80cfcd6b8313e87630b680ee2,"{""distance"":3,""physical_error_rate"":0.0001}","{""detection_events"":15336,""detectors_checked"":68732928}"
    172032,         0,         0,    16.3,decoder_by_matrix,c8397cb2c46e4683a6f3970bc42cef1aabfef4d80cfcd6b8313e87630b680ee2,"{""distance"":3,""physical_error_rate"":0.0001}","{""detection_events"":2043,""detectors_checked"":9289728}"
    173056,         0,         0,    15.6,decoder_by_matrix,c8397cb2c46e4683a6f3970bc42cef1aabfef4d80cfcd6b8313e87630b680ee2,"{""distance"":3,""physical_error_rate"":0.0001}","{""detection_events"":1986,""detectors_checked"":9345024}"
    175104,         1,         0,    16.2,decoder_by_matrix,c8397cb2c46e4683a6f3970bc42cef1aabfef4d80cfcd6b8313e87630b680ee2,"{""distance"":3,""physical_error_rate"":0.0001}","{""detection_events"":2067,""detectors_checked"":9455616,""obs_mistake_mask=_E_E"":1}"
    173056,         0,         0,    16.4,decoder_by_matrix,c8397cb2c46e4683a6f3970bc42cef1aabfef4d80cfcd6b8313e87630b680ee2,"{""distance"":3,""physical_error_rate"":0.0001}","{""detection_events"":2148,""detectors_checked"":9345024}"
    174080,         0,         0,    16.6,decoder_by_matrix,c8397cb2c46e4683a6f3970bc42cef1aabfef4d80cfcd6b8313e87630b680ee2,"{""distance"":3,""physical_error_rate"":0.0001}","{""detection_events"":2157,""detectors_checked"":9400320}"
    172032,         0,         0,    16.5,decoder_by_matrix,c8397cb2c46e4683a6f3970bc42cef1aabfef4d80cfcd6b8313e87630b680ee2,"{""distance"":3,""physical_error_rate"":0.0001}","{""detection_events"":2046,""detectors_checked"":9289728}"
    175104,         0,         0,    16.3,decoder_by_matrix,c8397cb2c46e4683a6f3970bc42cef1aabfef4d80cfcd6b8313e87630b680ee2,"{""distance"":3,""physical_error_rate"":0.0001}","{""detection_events"":2322,""detectors_checked"":9455616}"
    171008,         1,         0,    16.2,decoder_by_matrix,c8397cb2c46e4683a6f3970bc42cef1aabfef4d80cfcd6b8313e87630b680ee2,"{""distance"":3,""physical_error_rate"":0.0001}","{""detection_events"":2121,""detectors_checked"":9234432,""obs_mistake_mask=_E__"":1}"
    169984,         0,         0,    16.3,decoder_by_matrix,c8397cb2c46e4683a6f3970bc42cef1aabfef4d80cfcd6b8313e87630b680ee2,"{""distance"":3,""physical_error_rate"":0.0001}","{""detection_events"":2196,""detectors_checked"":9179136}"
    183296,         0,         0,    16.5,decoder_by_matrix,c8397cb2c46e4683a6f3970bc42cef1aabfef4d80cfcd6b8313e87630b680ee2,"{""distance"":3,""physical_error_rate"":0.0001}","{""detection_events"":2193,""detectors_checked"":9897984}"
    173056,         0,         0,    15.6,decoder_by_matrix,c8397cb2c46e4683a6f3970bc42cef1aabfef4d80cfcd6b8313e87630b680ee2,"{""distance"":3,""physical_error_rate"":0.0001}","{""detection_events"":2124,""detectors_checked"":9345024}"
    178176,         0,         0,    16.2,decoder_by_matrix,c8397cb2c46e4683a6f3970bc42cef1aabfef4d80cfcd6b8313e87630b680ee2,"{""distance"":3,""physical_error_rate"":0.0001}","{""detection_events"":2022,""detectors_checked"":9621504}"
    176128,         0,         0,    16.1,decoder_by_matrix,c8397cb2c46e4683a6f3970bc42cef1aabfef4d80cfcd6b8313e87630b680ee2,"{""distance"":3,""physical_error_rate"":0.0001}","{""detection_events"":2124,""detectors_checked"":9510912}"
    165888,         0,         0,    16.2,decoder_by_matrix,c8397cb2c46e4683a6f3970bc42cef1aabfef4d80cfcd6b8313e87630b680ee2,"{""distance"":3,""physical_error_rate"":0.0001}","{""detection_events"":2076,""detectors_checked"":8957952}"
    176128,         0,         0,    16.1,decoder_by_matrix,c8397cb2c46e4683a6f3970bc42cef1aabfef4d80cfcd6b8313e87630b680ee2,"{""distance"":3,""physical_error_rate"":0.0001}","{""detection_events"":2019,""detectors_checked"":9510912}"
    182272,         0,         0,    16.3,decoder_by_matrix,c8397cb2c46e4683a6f3970bc42cef1aabfef4d80cfcd6b8313e87630b680ee2,"{""distance"":3,""physical_error_rate"":0.0001}","{""detection_events"":1956,""detectors_checked"":9842688}"
    176128,         0,         0,    16.3,decoder_by_matrix,c8397cb2c46e4683a6f3970bc42cef1aabfef4d80cfcd6b8313e87630b680ee2,"{""distance"":3,""physical_error_rate"":0.0001}","{""detection_events"":2046,""detectors_checked"":9510912}"
    176128,         0,         0,    15.2,decoder_by_matrix,c8397cb2c46e4683a6f3970bc42cef1aabfef4d80cfcd6b8313e87630b680ee2,"{""distance"":3,""physical_error_rate"":0.0001}","{""detection_events"":2055,""detectors_checked"":9510912}"
    177152,         0,         0,    16.6,decoder_by_matrix,c8397cb2c46e4683a6f3970bc42cef1aabfef4d80cfcd6b8313e87630b680ee2,"{""distance"":3,""physical_error_rate"":0.0001}","{""detection_events"":1977,""detectors_checked"":9566208}"
    177152,         1,         0,    16.1,decoder_by_matrix,c8397cb2c46e4683a6f3970bc42cef1aabfef4d80cfcd6b8313e87630b680ee2,"{""distance"":3,""physical_error_rate"":0.0001}","{""detection_events"":2079,""detectors_checked"":9566208,""obs_mistake_mask=__E_"":1}"
    175104,         0,         0,    16.6,decoder_by_matrix,c8397cb2c46e4683a6f3970bc42cef1aabfef4d80cfcd6b8313e87630b680ee2,"{""distance"":3,""physical_error_rate"":0.0001}","{""detection_events"":2205,""detectors_checked"":9455616}"
    172032,         0,         0,    16.0,decoder_by_matrix,c8397cb2c46e4683a6f3970bc42cef1aabfef4d80cfcd6b8313e87630b680ee2,"{""distance"":3,""physical_error_rate"":0.0001}","{""detection_events"":2250,""detectors_checked"":9289728}"
    175104,         0,         0,    16.2,decoder_by_matrix,c8397cb2c46e4683a6f3970bc42cef1aabfef4d80cfcd6b8313e87630b680ee2,"{""distance"":3,""physical_error_rate"":0.0001}","{""detection_events"":2100,""detectors_checked"":9455616}"
    178176,         0,         0,    16.3,decoder_by_matrix,c8397cb2c46e4683a6f3970bc42cef1aabfef4d80cfcd6b8313e87630b680ee2,"{""distance"":3,""physical_error_rate"":0.0001}","{""detection_events"":2082,""detectors_checked"":9621504}"
    173056,         1,         0,    16.0,decoder_by_matrix,c8397cb2c46e4683a6f3970bc42cef1aabfef4d80cfcd6b8313e87630b680ee2,"{""distance"":3,""physical_error_rate"":0.0001}","{""detection_events"":2094,""detectors_checked"":9345024,""obs_mistake_mask=E___"":1}"
    169984,         0,         0,    16.6,decoder_by_matrix,c8397cb2c46e4683a6f3970bc42cef1aabfef4d80cfcd6b8313e87630b680ee2,"{""distance"":3,""physical_error_rate"":0.0001}","{""detection_events"":2232,""detectors_checked"":9179136}"
    171008,         1,         0,    16.2,decoder_by_matrix,c8397cb2c46e4683a6f3970bc42cef1aabfef4d80cfcd6b8313e87630b680ee2,"{""distance"":3,""physical_error_rate"":0.0001}","{""detection_events"":2007,""detectors_checked"":9234432,""obs_mistake_mask=__EE"":1}"
    179200,         0,         0,    16.4,decoder_by_matrix,c8397cb2c46e4683a6f3970bc42cef1aabfef4d80cfcd6b8313e87630b680ee2,"{""distance"":3,""physical_error_rate"":0.0001}","{""detection_events"":2316,""detectors_checked"":9676800}"
    173056,         0,         0,    15.7,decoder_by_matrix,c8397cb2c46e4683a6f3970bc42cef1aabfef4d80cfcd6b8313e87630b680ee2,"{""distance"":3,""physical_error_rate"":0.0001}","{""detection_events"":2040,""detectors_checked"":9345024}"
    174080,         0,         0,    15.7,decoder_by_matrix,c8397cb2c46e4683a6f3970bc42cef1aabfef4d80cfcd6b8313e87630b680ee2,"{""distance"":3,""physical_error_rate"":0.0001}","{""detection_events"":2025,""detectors_checked"":9400320}"
    174080,         0,         0,    16.5,decoder_by_matrix,c8397cb2c46e4683a6f3970bc42cef1aabfef4d80cfcd6b8313e87630b680ee2,"{""distance"":3,""physical_error_rate"":0.0001}","{""detection_events"":2268,""detectors_checked"":9400320}"
    171008,         0,         0,    15.8,decoder_by_matrix,c8397cb2c46e4683a6f3970bc42cef1aabfef4d80cfcd6b8313e87630b680ee2,"{""distance"":3,""physical_error_rate"":0.0001}","{""detection_events"":2103,""detectors_checked"":9234432}"
   1272832,         3,         0,   118.9,decoder_by_matrix,c8397cb2c46e4683a6f3970bc42cef1aabfef4d80cfcd6b8313e87630b680ee2,"{""distance"":3,""physical_error_rate"":0.0001}","{""detection_events"":15120,""detectors_checked"":68732928,""obs_mistake_mask=_E_E"":1,""obs_mistake_mask=__EE"":1,""obs_mistake_mask=__E_"":1}"
    247808,         0,         0,    22.8,decoder_by_matrix,c8397cb2c46e4683a6f3970bc42cef1aabfef4d80cfcd6b8313e87630b680ee2,"{""distance"":3,""physical_error_rate"":0.0001}","{""detection_events"":3027,""detectors_checked"":13381632}"
    250880,         0,         0,    22.8,decoder_by_matrix,c8397cb2c46e4683a6f3970bc42cef1aabfef4d80cfcd6b8313e87630b680ee2,"{""distance"":3,""physical_error_rate"":0.0001}","{""detection_events"":2856,""detectors_checked"":13547520}"
    248832,         0,         0,    22.5,decoder_by_matrix,c8397cb2c46e4683a6f3970bc42cef1aabfef4d80cfcd6b8313e87630b680ee2,"{""distance"":3,""physical_error_rate"":0.0001}","{""detection_events"":3015,""detectors_checked"":13436928}"
    244736,         0,         0,    22.0,decoder_by_matrix,c8397cb2c46e4683a6f3970bc42cef1aabfef4d80cfcd6b8313e87630b680ee2,"{""distance"":3,""physical_error_rate"":0.0001}","{""detection_events"":3177,""detectors_checked"":13215744}"
    248832,         0,         0,    22.6,decoder_by_matrix,c8397cb2c46e4683a6f3970bc42cef1aabfef4d80cfcd6b8313e87630b680ee2,"{""distance"":3,""physical_error_rate"":0.0001}","{""detection_events"":2865,""detectors_checked"":13436928}"
    241664,         0,         0,    22.0,decoder_by_matrix,c8397cb2c46e4683a6f3970bc42cef1aabfef4d80cfcd6b8313e87630b680ee2,"{""distance"":3,""physical_error_rate"":0.0001}","{""detection_events"":2898,""detectors_checked"":13049856}"
    245760,         1,         0,    22.3,decoder_by_matrix,c8397cb2c46e4683a6f3970bc42cef1aabfef4d80cfcd6b8313e87630b680ee2,"{""distance"":3,""physical_error_rate"":0.0001}","{""detection_events"":2814,""detectors_checked"":13271040,""obs_mistake_mask=___E"":1}"
    249856,         0,         0,    22.3,decoder_by_matrix,c8397cb2c46e4683a6f3970bc42cef1aabfef4d80cfcd6b8313e87630b680ee2,"{""distance"":3,""physical_error_rate"":0.0001}","{""detection_events"":2790,""detectors_checked"":13492224}"
    252928,         0,         0,    22.1,decoder_by_matrix,c8397cb2c46e4683a6f3970bc42cef1aabfef4d80cfcd6b8313e87630b680ee2,"{""distance"":3,""physical_error_rate"":0.0001}","{""detection_events"":2871,""detectors_checked"":13658112}"
    250880,         0,         0,    22.6,decoder_by_matrix,c8397cb2c46e4683a6f3970bc42cef1aabfef4d80cfcd6b8313e87630b680ee2,"{""distance"":3,""physical_error_rate"":0.0001}","{""detection_events"":2961,""detectors_checked"":13547520}"
    245760,         0,         0,    23.1,decoder_by_matrix,c8397cb2c46e4683a6f3970bc42cef1aabfef4d80cfcd6b8313e87630b680ee2,"{""distance"":3,""physical_error_rate"":0.0001}","{""detection_events"":3090,""detectors_checked"":13271040}"
    249856,         0,         0,    21.6,decoder_by_matrix,c8397cb2c46e4683a6f3970bc42cef1aabfef4d80cfcd6b8313e87630b680ee2,"{""distance"":3,""physical_error_rate"":0.0001}","{""detection_events"":3093,""detectors_checked"":13492224}"
    243712,         0,         0,    22.9,decoder_by_matrix,c8397cb2c46e4683a6f3970bc42cef1aabfef4d80cfcd6b8313e87630b680ee2,"{""distance"":3,""physical_error_rate"":0.0001}","{""detection_events"":2925,""detectors_checked"":13160448}"
    251904,         0,         0,    21.4,decoder_by_matrix,c8397cb2c46e4683a6f3970bc42cef1aabfef4d80cfcd6b8313e87630b680ee2,"{""distance"":3,""physical_error_rate"":0.0001}","{""detection_events"":2793,""detectors_checked"":13602816}"
    247808,         0,         0,    22.5,decoder_by_matrix,c8397cb2c46e4683a6f3970bc42cef1aabfef4d80cfcd6b8313e87630b680ee2,"{""distance"":3,""physical_error_rate"":0.0001}","{""detection_events"":3072,""detectors_checked"":13381632}"
    251904,         1,         0,    22.6,decoder_by_matrix,c8397cb2c46e4683a6f3970bc42cef1aabfef4d80cfcd6b8313e87630b680ee2,"{""distance"":3,""physical_error_rate"":0.0001}","{""detection_events"":3012,""detectors_checked"":13602816,""obs_mistake_mask=__EE"":1}"
    257024,         0,         0,    22.7,decoder_by_matrix,c8397cb2c46e4683a6f3970bc42cef1aabfef4d80cfcd6b8313e87630b680ee2,"{""distance"":3,""physical_error_rate"":0.0001}","{""detection_events"":2652,""detectors_checked"":13879296}"
    247808,         0,         0,    22.8,decoder_by_matrix,c8397cb2c46e4683a6f3970bc42cef1aabfef4d80cfcd6b8313e87630b680ee2,"{""distance"":3,""physical_error_rate"":0.0001}","{""detection_events"":3120,""detectors_checked"":13381632}"
    250880,         0,         0,    22.8,decoder_by_matrix,c8397cb2c46e4683a6f3970bc42cef1aabfef4d80cfcd6b8313e87630b680ee2,"{""distance"":3,""physical_error_rate"":0.0001}","{""detection_events"":3066,""detectors_checked"":13547520}"
    256000,         0,         0,    22.6,decoder_by_matrix,c8397cb2c46e4683a6f3970bc42cef1aabfef4d80cfcd6b8313e87630b680ee2,"{""distance"":3,""physical_error_rate"":0.0001}","{""detection_events"":2817,""detectors_checked"":13824000}"
    248832,         0,         0,    22.5,decoder_by_matrix,c8397cb2c46e4683a6f3970bc42cef1aabfef4d80cfcd6b8313e87630b680ee2,"{""distance"":3,""physical_error_rate"":0.0001}","{""detection_events"":3123,""detectors_checked"":13436928}"
    241664,         0,         0,    22.2,decoder_by_matrix,c8397cb2c46e4683a6f3970bc42cef1aabfef4d80cfcd6b8313e87630b680ee2,"{""distance"":3,""physical_error_rate"":0.0001}","{""detection_events"":2895,""detectors_checked"":13049856}"
    243712,         1,         0,    22.3,decoder_by_matrix,c8397cb2c46e4683a6f3970bc42cef1aabfef4d80cfcd6b8313e87630b680ee2,"{""distance"":3,""physical_error_rate"":0.0001}","{""detection_events"":2871,""detectors_checked"":13160448,""obs_mistake_mask=_EEE"":1}"
    246784,         0,         0,    22.7,decoder_by_matrix,c8397cb2c46e4683a6f3970bc42cef1aabfef4d80cfcd6b8313e87630b680ee2,"{""distance"":3,""physical_error_rate"":0.0001}","{""detection_events"":2883,""detectors_checked"":13326336}"
    247808,         0,         0,    22.8,decoder_by_matrix,c8397cb2c46e4683a6f3970bc42cef1aabfef4d80cfcd6b8313e87630b680ee2,"{""distance"":3,""physical_error_rate"":0.0001}","{""detection_events"":2949,""detectors_checked"":13381632}"
    250880,         0,         0,    22.6,decoder_by_matrix,c8397cb2c46e4683a6f3970bc42cef1aabfef4d80cfcd6b8313e87630b680ee2,"{""distance"":3,""physical_error_rate"":0.0001}","{""detection_events"":3006,""detectors_checked"":13547520}"
    251904,         0,         0,    22.0,decoder_by_matrix,c8397cb2c46e4683a6f3970bc42cef1aabfef4d80cfcd6b8313e87630b680ee2,"{""distance"":3,""physical_error_rate"":0.0001}","{""detection_events"":2946,""detectors_checked"":13602816}"
    241664,         0,         0,    22.4,decoder_by_matrix,c8397cb2c46e4683a6f3970bc42cef1aabfef4d80cfcd6b8313e87630b680ee2,"{""distance"":3,""physical_error_rate"":0.0001}","{""detection_events"":3045,""detectors_checked"":13049856}"
    247808,         0,         0,    22.7,decoder_by_matrix,c8397cb2c46e4683a6f3970bc42cef1aabfef4d80cfcd6b8313e87630b680ee2,"{""distance"":3,""physical_error_rate"":0.0001}","{""detection_events"":2886,""detectors_checked"":13381632}"
    246784,         1,         0,    22.6,decoder_by_matrix,c8397cb2c46e4683a6f3970bc42cef1aabfef4d80cfcd6b8313e87630b680ee2,"{""distance"":3,""physical_error_rate"":0.0001}","{""detection_events"":3219,""detectors_checked"":13326336,""obs_mistake_mask=___E"":1}"
    247808,         0,         0,    22.8,decoder_by_matrix,c8397cb2c46e4683a6f3970bc42cef1aabfef4d80cfcd6b8313e87630b680ee2,"{""distance"":3,""physical_error_rate"":0.0001}","{""detection_events"":2910,""detectors_checked"":13381632}"
    241664,         0,         0,    22.5,decoder_by_matrix,c8397cb2c46e4683a6f3970bc42cef1aabfef4d80cfcd6b8313e87630b680ee2,"{""distance"":3,""physical_error_rate"":0.0001}","{""detection_events"":3030,""detectors_checked"":13049856}"
   1292288,         2,         0,   118.2,decoder_by_matrix,c8397cb2c46e4683a6f3970bc42cef1aabfef4d80cfcd6b8313e87630b680ee2,"{""distance"":3,""physical_error_rate"":0.0001}","{""detection_events"":15786,""detectors_checked"":69783552,""obs_mistake_mask=E___"":1,""obs_mistake_mask=_E__"":1}"
   1261568,         2,         0,   117.4,decoder_by_matrix,c8397cb2c46e4683a6f3970bc42cef1aabfef4d80cfcd6b8313e87630b680ee2,"{""distance"":3,""physical_error_rate"":0.0001}","{""detection_events"":15222,""detectors_checked"":68124672,""obs_mistake_mask=E___"":1,""obs_mistake_mask=_E__"":1}"
   1288192,         1,         0,   116.8,decoder_by_matrix,c8397cb2c46e4683a6f3970bc42cef1aabfef4d80cfcd6b8313e87630b680ee2,"{""distance"":3,""physical_error_rate"":0.0001}","{""detection_events"":15390,""detectors_checked"":69562368,""obs_mistake_mask=_E__"":1}"
   1291264,         0,         0,   115.3,decoder_by_matrix,c8397cb2c46e4683a6f3970bc42cef1aabfef4d80cfcd6b8313e87630b680ee2,"{""distance"":3,""physical_error_rate"":0.0001}","{""detection_events"":14904,""detectors_checked"":69728256}"
   1284096,         1,         0,   116.7,decoder_by_matrix,c8397cb2c46e4683a6f3970bc42cef1aabfef4d80cfcd6b8313e87630b680ee2,"{""distance"":3,""physical_error_rate"":0.0001}","{""detection_events"":14781,""detectors_checked"":69341184,""obs_mistake_mask=__E_"":1}"
   1269760,         1,         0,   116.9,decoder_by_matrix,c8397cb2c46e4683a6f3970bc42cef1aabfef4d80cfcd6b8313e87630b680ee2,"{""distance"":3,""physical_error_rate"":0.0001}","{""detection_events"":15426,""detectors_checked"":68567040,""obs_mistake_mask=_EEE"":1}"
   1258496,         0,         0,   117.7,decoder_by_matrix,c8397cb2c46e4683a6f3970bc42cef1aabfef4d80cfcd6b8313e87630b680ee2,"{""distance"":3,""physical_error_rate"":0.0001}","{""detection_events"":14976,""detectors_checked"":67958784}"
   1307648,         0,         0,   116.0,decoder_by_matrix,c8397cb2c46e4683a6f3970bc42cef1aabfef4d80cfcd6b8313e87630b680ee2,"{""distance"":3,""physical_error_rate"":0.0001}","{""detection_events"":15033,""detectors_checked"":70612992}"
   1301504,         2,         0,   118.2,decoder_by_matrix,c8397cb2c46e4683a6f3970bc42cef1aabfef4d80cfcd6b8313e87630b680ee2,"{""distance"":3,""physical_error_rate"":0.0001}","{""detection_events"":15375,""detectors_checked"":70281216,""obs_mistake_mask=_E__"":2}"
   1287168,         3,         0,   116.5,decoder_by_matrix,c8397cb2c46e4683a6f3970bc42cef1aabfef4d80cfcd6b8313e87630b680ee2,"{""distance"":3,""physical_error_rate"":0.0001}","{""detection_events"":15498,""detectors_checked"":69507072,""obs_mistake_mask=_EE_"":2,""obs_mistake_mask=___E"":1}"
   1282048,         1,         0,   116.8,decoder_by_matrix,c8397cb2c46e4683a6f3970bc42cef1aabfef4d80cfcd6b8313e87630b680ee2,"{""distance"":3,""physical_error_rate"":0.0001}","{""detection_events"":15387,""detectors_checked"":69230592,""obs_mistake_mask=___E"":1}"
   1259520,         1,         0,   117.0,decoder_by_matrix,c8397cb2c46e4683a6f3970bc42cef1aabfef4d80cfcd6b8313e87630b680ee2,"{""distance"":3,""physical_error_rate"":0.0001}","{""detection_events"":15180,""detectors_checked"":68014080,""obs_mistake_mask=___E"":1}"
   1274880,         0,         0,   114.1,decoder_by_matrix,c8397cb2c46e4683a6f3970bc42cef1aabfef4d80cfcd6b8313e87630b680ee2,"{""distance"":3,""physical_error_rate"":0.0001}","{""detection_events"":15273,""detectors_checked"":68843520}"
   1278976,         0,         0,   117.9,decoder_by_matrix,c8397cb2c46e4683a6f3970bc42cef1aabfef4d80cfcd6b8313e87630b680ee2,"{""distance"":3,""physical_error_rate"":0.0001}","{""detection_events"":15495,""detectors_checked"":69064704}"
   1277952,         1,         0,   118.3,decoder_by_matrix,c8397cb2c46e4683a6f3970bc42cef1aabfef4d80cfcd6b8313e87630b680ee2,"{""distance"":3,""physical_error_rate"":0.0001}","{""detection_events"":15759,""detectors_checked"":69009408,""obs_mistake_mask=_E__"":1}"
   1291264,         2,         0,   117.9,decoder_by_matrix,c8397cb2c46e4683a6f3970bc42cef1aabfef4d80cfcd6b8313e87630b680ee2,"{""distance"":3,""physical_error_rate"":0.0001}","{""detection_events"":15114,""detectors_checked"":69728256,""obs_mistake_mask=E___"":1,""obs_mistake_mask=__E_"":1}"
   1257472,         0,         0,   116.9,decoder_by_matrix,c8397cb2c46e4683a6f3970bc42cef1aabfef4d80cfcd6b8313e87630b680ee2,"{""distance"":3,""physical_error_rate"":0.0001}","{""detection_events"":15087,""detectors_checked"":67903488}"
   1287168,         0,         0,   116.5,decoder_by_matrix,c8397cb2c46e4683a6f3970bc42cef1aabfef4d80cfcd6b8313e87630b680ee2,"{""distance"":3,""physical_error_rate"":0.0001}","{""detection_events"":15561,""detectors_checked"":69507072}"
   1290240,         1,         0,   116.7,decoder_by_matrix,c8397cb2c46e4683a6f3970bc42cef1aabfef4d80cfcd6b8313e87630b680ee2,"{""distance"":3,""physical_error_rate"":0.0001}","{""detection_events"":15102,""detectors_checked"":69672960,""obs_mistake_mask=_E__"":1}"
   1258496,         1,         0,   117.6,decoder_by_matrix,c8397cb2c46e4683a6f3970bc42cef1aabfef4d80cfcd6b8313e87630b680ee2,"{""distance"":3,""physical_error_rate"":0.0001}","{""detection_events"":15339,""detectors_checked"":67958784,""obs_mistake_mask=___E"":1}"
   1297408,         0,         0,   118.0,decoder_by_matrix,c8397cb2c46e4683a6f3970bc42cef1aabfef4d80cfcd6b8313e87630b680ee2,"{""distance"":3,""physical_error_rate"":0.0001}","{""detection_events"":15219,""detectors_checked"":70060032}"
   1290240,         1,         0,   117.4,decoder_by_matrix,c8397cb2c46e4683a6f3970bc42cef1aabfef4d80cfcd6b8313e87630b680ee2,"{""distance"":3,""physical_error_rate"":0.0001}","{""detection_events"":15243,""detectors_checked"":69672960,""obs_mistake_mask=__E_"":1}"
   1280000,         0,         0,   118.3,decoder_by_matrix,c8397cb2c46e4683a6f3970bc42cef1aabfef4d80cfcd6b8313e87630b680ee2,"{""distance"":3,""physical_error_rate"":0.0001}","{""detection_events"":15423,""detectors_checked"":69120000}"
   1276928,         1,         0,   117.6,decoder_by_matrix,c8397cb2c46e4683a6f3970bc42cef1aabfef4d80cfcd6b8313e87630b680ee2,"{""distance"":3,""physical_error_rate"":0.0001}","{""detection_events"":16086,""detectors_checked"":68954112,""obs_mistake_mask=E___"":1}"
    338944,         0,         0,    29.7,decoder_by_matrix,c8397cb2c46e4683a6f3970bc42cef1aabfef4d80cfcd6b8313e87630b680ee2,"{""distance"":3,""physical_error_rate"":0.0001}","{""detection_events"":3846,""detectors_checked"":18302976}"
    345088,         0,         0,    31.7,decoder_by_matrix,c8397cb2c46e4683a6f3970bc42cef1aabfef4d80cfcd6b8313e87630b680ee2,"{""distance"":3,""physical_error_rate"":0.0001}","{""detection_events"":4239,""detectors_checked"":18634752}"
    335872,         1,         0,    31.5,decoder_by_matrix,c8397cb2c46e4683a6f3970bc42cef1aabfef4d80cfcd6b8313e87630b680ee2,"{""distance"":3,""physical_error_rate"":0.0001}","{""detection_events"":4200,""detectors_checked"":18137088,""obs_mistake_mask=__E_"":1}"
    340992,         1,         0,    31.2,decoder_by_matrix,c8397cb2c46e4683a6f3970bc42cef1aabfef4d80cfcd6b8313e87630b680ee2,"{""distance"":3,""physical_error_rate"":0.0001}","{""detection_events"":4233,""detectors_checked"":18413568,""obs_mistake_mask=___E"":1}"
    337920,         0,         0,    31.3,decoder_by_matrix,c8397cb2c46e4683a6f3970bc42cef1aabfef4d80cfcd6b8313e87630b680ee2,"{""distance"":3,""physical_error_rate"":0.0001}","{""detection_events"":4272,""detectors_checked"":18247680}"
    335872,         0,         0,    31.3,decoder_by_matrix,c8397cb2c46e4683a6f3970bc42cef1aabfef4d80cfcd6b8313e87630b680ee2,"{""distance"":3,""physical_error_rate"":0.0001}","{""detection_events"":4074,""detectors_checked"":18137088}"
    346112,         1,         0,    31.4,decoder_by_matrix,c8397cb2c46e4683a6f3970bc42cef1aabfef4d80cfcd6b8313e87630b680ee2,"{""distance"":3,""physical_error_rate"":0.0001}","{""detection_events"":4296,""detectors_checked"":18690048,""obs_mistake_mask=__E_"":1}"
    349184,         0,         0,    32.2,decoder_by_matrix,c8397cb2c46e4683a6f3970bc42cef1aabfef4d80cfcd6b8313e87630b680ee2,"{""distance"":3,""physical_error_rate"":0.0001}","{""detection_events"":4230,""detectors_checked"":18855936}"
    348160,         0,         0,    31.4,decoder_by_matrix,c8397cb2c46e4683a6f3970bc42cef1aabfef4d80cfcd6b8313e87630b680ee2,"{""distance"":3,""physical_error_rate"":0.0001}","{""detection_events"":4362,""detectors_checked"":18800640}"
    346112,         0,         0,    31.4,decoder_by_matrix,c8397cb2c46e4683a6f3970bc42cef1aabfef4d80cfcd6b8313e87630b680ee2,"{""distance"":3,""physical_error_rate"":0.0001}","{""detection_events"":4263,""detectors_checked"":18690048}"
    342016,         0,         0,    32.1,decoder_by_matrix,c8397cb2c46e4683a6f3970bc42cef1aabfef4d80cfcd6b8313e87630b680ee2,"{""distance"":3,""physical_error_rate"":0.0001}","{""detection_events"":4482,""detectors_checked"":18468864}"
    343040,         0,         0,    30.7,decoder_by_matrix,c8397cb2c46e4683a6f3970bc42cef1aabfef4d80cfcd6b8313e87630b680ee2,"{""distance"":3,""physical_error_rate"":0.0001}","{""detection_events"":4485,""detectors_checked"":18524160}"
    355328,         1,         0,    31.6,decoder_by_matrix,c8397cb2c46e4683a6f3970bc42cef1aabfef4d80cfcd6b8313e87630b680ee2,"{""distance"":3,""physical_error_rate"":0.0001}","{""detection_events"":4059,""detectors_checked"":19187712,""obs_mistake_mask=_EEE"":1}"
    342016,         0,         0,    31.6,decoder_by_matrix,c8397cb2c46e4683a6f3970bc42cef1aabfef4d80cfcd6b8313e87630b680ee2,"{""distance"":3,""physical_error_rate"":0.0001}","{""detection_events"":4251,""detectors_checked"":18468864}"
    354304,         0,         0,    32.0,decoder_by_matrix,c8397cb2c46e4683a6f3970bc42cef1aabfef4d80cfcd6b8313e87630b680ee2,"{""distance"":3,""physical_error_rate"":0.0001}","{""detection_events"":4116,""detectors_checked"":19132416}"
    345088,         1,         0,    31.7,decoder_by_matrix,c8397cb2c46e4683a6f3970bc42cef1aabfef4d80cfcd6b8313e87630b680ee2,"{""distance"":3,""physical_error_rate"":0.0001}","{""detection_events"":4266,""detectors_checked"":18634752,""obs_mistake_mask=_EEE"":1}"
    332800,         1,         0,    31.9,decoder_by_matrix,c8397cb2c46e4683a6f3970bc42cef1aabfef4d80cfcd6b8313e87630b680ee2,"{""distance"":3,""physical_error_rate"":0.0001}","{""detection_events"":4206,""detectors_checked"":17971200,""obs_mistake_mask=__EE"":1}"
    343040,         0,         0,    30.7,decoder_by_matrix,c8397cb2c46e4683a6f3970bc42cef1aabfef4d80cfcd6b8313e87630b680ee2,"{""distance"":3,""physical_error_rate"":0.0001}","{""detection_events"":3903,""detectors_checked"":18524160}"
    351232,         0,         0,    31.3,decoder_by_matrix,c8397cb2c46e4683a6f3970bc42cef1aabfef4d80cfcd6b8313e87630b680ee2,"{""distance"":3,""physical_error_rate"":0.0001}","{""detection_events"":4218,""detectors_checked"":18966528}"
    334848,         1,         0,    31.5,decoder_by_matrix,c8397cb2c46e4683a6f3970bc42cef1aabfef4d80cfcd6b8313e87630b680ee2,"{""distance"":3,""physical_error_rate"":0.0001}","{""detection_events"":4104,""detectors_checked"":18081792,""obs_mistake_mask=___E"":1}"
    339968,         1,         0,    31.1,decoder_by_matrix,c8397cb2c46e4683a6f3970bc42cef1aabfef4d80cfcd6b8313e87630b680ee2,"{""distance"":3,""physical_error_rate"":0.0001}","{""detection_events"":4044,""detectors_checked"":18358272,""obs_mistake_mask=E___"":1}"
    342016,         0,         0,    31.3,decoder_by_matrix,c8397cb2c46e4683a6f3970bc42cef1aabfef4d80cfcd6b8313e87630b680ee2,"{""distance"":3,""physical_error_rate"":0.0001}","{""detection_events"":3960,""detectors_checked"":18468864}"
    349184,         0,         0,    31.2,decoder_by_matrix,c8397cb2c46e4683a6f3970bc42cef1aabfef4d80cfcd6b8313e87630b680ee2,"{""distance"":3,""physical_error_rate"":0.0001}","{""detection_events"":4089,""detectors_checked"":18855936}"
    346112,         2,         0,    31.7,decoder_by_matrix,c8397cb2c46e4683a6f3970bc42cef1aabfef4d80cfcd6b8313e87630b680ee2,"{""distance"":3,""physical_error_rate"":0.0001}","{""detection_events"":4203,""detectors_checked"":18690048,""obs_mistake_mask=__E_"":1,""obs_mistake_mask=___E"":1}"
    344064,         0,         0,    31.8,decoder_by_matrix,c8397cb2c46e4683a6f3970bc42cef1aabfef4d80cfcd6b8313e87630b680ee2,"{""distance"":3,""physical_error_rate"":0.0001}","{""detection_events"":4134,""detectors_checked"":18579456}"
    334848,         0,         0,    31.9,decoder_by_matrix,c8397cb2c46e4683a6f3970bc42cef1aabfef4d80cfcd6b8313e87630b680ee2,"{""distance"":3,""physical_error_rate"":0.0001}","{""detection_events"":4248,""detectors_checked"":18081792}"
    353280,         0,         0,    31.4,decoder_by_matrix,c8397cb2c46e4683a6f3970bc42cef1aabfef4d80cfcd6b8313e87630b680ee2,"{""distance"":3,""physical_error_rate"":0.0001}","{""detection_events"":4284,""detectors_checked"":19077120}"
    340992,         1,         0,    31.9,decoder_by_matrix,c8397cb2c46e4683a6f3970bc42cef1aabfef4d80cfcd6b8313e87630b680ee2,"{""distance"":3,""physical_error_rate"":0.0001}","{""detection_events"":4239,""detectors_checked"":18413568,""obs_mistake_mask=_EE_"":1}"
    346112,         1,         0,    31.6,decoder_by_matrix,c8397cb2c46e4683a6f3970bc42cef1aabfef4d80cfcd6b8313e87630b680ee2,"{""distance"":3,""physical_error_rate"":0.0001}","{""detection_events"":4530,""detectors_checked"":18690048,""obs_mistake_mask=_E__"":1}"
    351232,         0,         0,    31.5,decoder_by_matrix,c8397cb2c46e4683a6f3970bc42cef1aabfef4d80cfcd6b8313e87630b680ee2,"{""distance"":3,""physical_error_rate"":0.0001}","{""detection_events"":3963,""detectors_checked"":18966528}"
    348160,         0,         0,    31.2,decoder_by_matrix,c8397cb2c46e4683a6f3970bc42cef1aabfef4d80cfcd6b8313e87630b680ee2,"{""distance"":3,""physical_error_rate"":0.0001}","{""detection_events"":4089,""detectors_checked"":18800640}"
    340992,         1,         0,    32.0,decoder_by_matrix,c8397cb2c46e4683a6f3970bc42cef1aabfef4d80cfcd6b8313e87630b680ee2,"{""distance"":3,""physical_error_rate"":0.0001}","{""detection_events"":4251,""detectors_checked"":18413568,""obs_mistake_mask=_E__"":1}"
   1273856,         0,         0,   117.1,decoder_by_matrix,c8397cb2c46e4683a6f3970bc42cef1aabfef4d80cfcd6b8313e87630b680ee2,"{""distance"":3,""physical_error_rate"":0.0001}","{""detection_events"":15282,""detectors_checked"":68788224}"
   1281024,         2,         0,   118.2,decoder_by_matrix,c8397cb2c46e4683a6f3970bc42cef1aabfef4d80cfcd6b8313e87630b680ee2,"{""distance"":3,""physical_error_rate"":0.0001}","{""detection_events"":15753,""detectors_checked"":69175296,""obs_mistake_mask=_E_E"":1,""obs_mistake_mask=___E"":1}"
     84449,         0,         0,    7.71,decoder_by_matrix,c8397cb2c46e4683a6f3970bc42cef1aabfef4d80cfcd6b8313e87630b680ee2,"{""distance"":3,""physical_error_rate"":0.0001}","{""detection_events"":888,""detectors_checked"":4560246}"
   1278976,         1,         0,   117.8,decoder_by_matrix,c8397cb2c46e4683a6f3970bc42cef1aabfef4d80cfcd6b8313e87630b680ee2,"{""distance"":3,""physical_error_rate"":0.0001}","{""detection_events"":15219,""detectors_checked"":69064704,""obs_mistake_mask=__E_"":1}"
     61870,         0,         0,    5.34,decoder_by_matrix,c8397cb2c46e4683a6f3970bc42cef1aabfef4d80cfcd6b8313e87630b680ee2,"{""distance"":3,""physical_error_rate"":0.0001}","{""detection_events"":639,""detectors_checked"":3340980}"
    484352,         0,         0,    43.1,decoder_by_matrix,c8397cb2c46e4683a6f3970bc42cef1aabfef4d80cfcd6b8313e87630b680ee2,"{""distance"":3,""physical_error_rate"":0.0001}","{""detection_events"":5622,""detectors_checked"":26155008}"
    478208,         0,         0,    44.5,decoder_by_matrix,c8397cb2c46e4683a6f3970bc42cef1aabfef4d80cfcd6b8313e87630b680ee2,"{""distance"":3,""physical_error_rate"":0.0001}","{""detection_events"":5823,""detectors_checked"":25823232}"
    481280,         1,         0,    43.7,decoder_by_matrix,c8397cb2c46e4683a6f3970bc42cef1aabfef4d80cfcd6b8313e87630b680ee2,"{""distance"":3,""physical_error_rate"":0.0001}","{""detection_events"":5589,""detectors_checked"":25989120,""obs_mistake_mask=_EE_"":1}"
    471040,         0,         0,    43.7,decoder_by_matrix,c8397cb2c46e4683a6f3970bc42cef1aabfef4d80cfcd6b8313e87630b680ee2,"{""distance"":3,""physical_error_rate"":0.0001}","{""detection_events"":5775,""detectors_checked"":25436160}"
    492544,         0,         0,    43.5,decoder_by_matrix,c8397cb2c46e4683a6f3970bc42cef1aabfef4d80cfcd6b8313e87630b680ee2,"{""distance"":3,""physical_error_rate"":0.0001}","{""detection_events"":5694,""detectors_checked"":26597376}"
    483328,         0,         0,    44.2,decoder_by_matrix,c8397cb2c46e4683a6f3970bc42cef1aabfef4d80cfcd6b8313e87630b680ee2,"{""distance"":3,""physical_error_rate"":0.0001}","{""detection_events"":5472,""detectors_checked"":26099712}"
    472064,         2,         0,    44.5,decoder_by_matrix,c8397cb2c46e4683a6f3970bc42cef1aabfef4d80cfcd6b8313e87630b680ee2,"{""distance"":3,""physical_error_rate"":0.0001}","{""detection_events"":5856,""detectors_checked"":25491456,""obs_mistake_mask=E___"":1,""obs_mistake_mask=_EE_"":1}"
    481280,         0,         0,    43.4,decoder_by_matrix,c8397cb2c46e4683a6f3970bc42cef1aabfef4d80cfcd6b8313e87630b680ee2,"{""distance"":3,""physical_error_rate"":0.0001}","{""detection_events"":5874,""detectors_checked"":25989120}"
    478208,         0,         0,    44.4,decoder_by_matrix,c8397cb2c46e4683a6f3970bc42cef1aabfef4d80cfcd6b8313e87630b680ee2,"{""distance"":3,""physical_error_rate"":0.0001}","{""detection_events"":5895,""detectors_checked"":25823232}"
    475136,         0,         0,    44.2,decoder_by_matrix,c8397cb2c46e4683a6f3970bc42cef1aabfef4d80cfcd6b8313e87630b680ee2,"{""distance"":3,""physical_error_rate"":0.0001}","{""detection_events"":5928,""detectors_checked"":25657344}"
    473088,         1,         0,    44.2,decoder_by_matrix,c8397cb2c46e4683a6f3970bc42cef1aabfef4d80cfcd6b8313e87630b680ee2,"{""distance"":3,""physical_error_rate"":0.0001}","{""detection_events"":6225,""detectors_checked"":25546752,""obs_mistake_mask=__E_"":1}"
    484352,         1,         0,    43.9,decoder_by_matrix,c8397cb2c46e4683a6f3970bc42cef1aabfef4d80cfcd6b8313e87630b680ee2,"{""distance"":3,""physical_error_rate"":0.0001}","{""detection_events"":5841,""detectors_checked"":26155008,""obs_mistake_mask=___E"":1}"
    466944,         1,         0,    44.0,decoder_by_matrix,c8397cb2c46e4683a6f3970bc42cef1aabfef4d80cfcd6b8313e87630b680ee2,"{""distance"":3,""physical_error_rate"":0.0001}","{""detection_events"":5646,""detectors_checked"":25214976,""obs_mistake_mask=__E_"":1}"
    486400,         1,         0,    42.8,decoder_by_matrix,c8397cb2c46e4683a6f3970bc42cef1aabfef4d80cfcd6b8313e87630b680ee2,"{""distance"":3,""physical_error_rate"":0.0001}","{""detection_events"":5526,""detectors_checked"":26265600,""obs_mistake_mask=__EE"":1}"
    477184,         0,         0,    44.4,decoder_by_matrix,c8397cb2c46e4683a6f3970bc42cef1aabfef4d80cfcd6b8313e87630b680ee2,"{""distance"":3,""physical_error_rate"":0.0001}","{""detection_events"":5958,""detectors_checked"":25767936}"
    485376,         1,         0,    43.6,decoder_by_matrix,c8397cb2c46e4683a6f3970bc42cef1aabfef4d80cfcd6b8313e87630b680ee2,"{""distance"":3,""physical_error_rate"":0.0001}","{""detection_events"":5937,""detectors_checked"":26210304,""obs_mistake_mask=__EE"":1}"
    475136,         0,         0,    44.1,decoder_by_matrix,c8397cb2c46e4683a6f3970bc42cef1aabfef4d80cfcd6b8313e87630b680ee2,"{""distance"":3,""physical_error_rate"":0.0001}","{""detection_events"":5529,""detectors_checked"":25657344}"
    475136,         0,         0,    43.7,decoder_by_matrix,c8397cb2c46e4683a6f3970bc42cef1aabfef4d80cfcd6b8313e87630b680ee2,"{""distance"":3,""physical_error_rate"":0.0001}","{""detection_events"":5811,""detectors_checked"":25657344}"
    474112,         0,         0,    43.6,decoder_by_matrix,c8397cb2c46e4683a6f3970bc42cef1aabfef4d80cfcd6b8313e87630b680ee2,"{""distance"":3,""physical_error_rate"":0.0001}","{""detection_events"":6054,""detectors_checked"":25602048}"
    482304,         0,         0,    44.1,decoder_by_matrix,c8397cb2c46e4683a6f3970bc42cef1aabfef4d80cfcd6b8313e87630b680ee2,"{""distance"":3,""physical_error_rate"":0.0001}","{""detection_events"":5925,""detectors_checked"":26044416}"
    471040,         0,         0,    44.5,decoder_by_matrix,c8397cb2c46e4683a6f3970bc42cef1aabfef4d80cfcd6b8313e87630b680ee2,"{""distance"":3,""physical_error_rate"":0.0001}","{""detection_events"":5778,""detectors_checked"":25436160}"
    485376,         0,         0,    45.0,decoder_by_matrix,c8397cb2c46e4683a6f3970bc42cef1aabfef4d80cfcd6b8313e87630b680ee2,"{""distance"":3,""physical_error_rate"":0.0001}","{""detection_events"":5775,""detectors_checked"":26210304}"
    476160,         1,         0,    44.5,decoder_by_matrix,c8397cb2c46e4683a6f3970bc42cef1aabfef4d80cfcd6b8313e87630b680ee2,"{""distance"":3,""physical_error_rate"":0.0001}","{""detection_events"":5604,""detectors_checked"":25712640,""obs_mistake_mask=_E__"":1}"
    478208,         0,         0,    43.7,decoder_by_matrix,c8397cb2c46e4683a6f3970bc42cef1aabfef4d80cfcd6b8313e87630b680ee2,"{""distance"":3,""physical_error_rate"":0.0001}","{""detection_events"":5703,""detectors_checked"":25823232}"
    475136,         0,         0,    43.8,decoder_by_matrix,c8397cb2c46e4683a6f3970bc42cef1aabfef4d80cfcd6b8313e87630b680ee2,"{""distance"":3,""physical_error_rate"":0.0001}","{""detection_events"":6018,""detectors_checked"":25657344}"
    480256,         0,         0,    44.3,decoder_by_matrix,c8397cb2c46e4683a6f3970bc42cef1aabfef4d80cfcd6b8313e87630b680ee2,"{""distance"":3,""physical_error_rate"":0.0001}","{""detection_events"":5739,""detectors_checked"":25933824}"
    483328,         0,         0,    43.7,decoder_by_matrix,c8397cb2c46e4683a6f3970bc42cef1aabfef4d80cfcd6b8313e87630b680ee2,"{""distance"":3,""physical_error_rate"":0.0001}","{""detection_events"":5952,""detectors_checked"":26099712}"
    484352,         0,         0,    44.1,decoder_by_matrix,c8397cb2c46e4683a6f3970bc42cef1aabfef4d80cfcd6b8313e87630b680ee2,"{""distance"":3,""physical_error_rate"":0.0001}","{""detection_events"":5883,""detectors_checked"":26155008}"
    483328,         0,         0,    44.1,decoder_by_matrix,c8397cb2c46e4683a6f3970bc42cef1aabfef4d80cfcd6b8313e87630b680ee2,"{""distance"":3,""physical_error_rate"":0.0001}","{""detection_events"":5364,""detectors_checked"":26099712}"
    482304,         1,         0,    44.2,decoder_by_matrix,c8397cb2c46e4683a6f3970bc42cef1aabfef4d80cfcd6b8313e87630b680ee2,"{""distance"":3,""physical_error_rate"":0.0001}","{""detection_events"":5910,""detectors_checked"":26044416,""obs_mistake_mask=_E__"":1}"
    474112,         0,         0,    43.6,decoder_by_matrix,c8397cb2c46e4683a6f3970bc42cef1aabfef4d80cfcd6b8313e87630b680ee2,"{""distance"":3,""physical_error_rate"":0.0001}","{""detection_events"":5367,""detectors_checked"":25602048}"
    473088,         1,         0,    44.9,decoder_by_matrix,c8397cb2c46e4683a6f3970bc42cef1aabfef4d80cfcd6b8313e87630b680ee2,"{""distance"":3,""physical_error_rate"":0.0001}","{""detection_events"":5841,""detectors_checked"":25546752,""obs_mistake_mask=_E__"":1}"
   1283072,         2,         0,   117.5,decoder_by_matrix,c8397cb2c46e4683a6f3970bc42cef1aabfef4d80cfcd6b8313e87630b680ee2,"{""distance"":3,""physical_error_rate"":0.0001}","{""detection_events"":14985,""detectors_checked"":69285888,""obs_mistake_mask=_EEE"":1,""obs_mistake_mask=__E_"":1}"
   1261568,         0,         0,   115.9,decoder_by_matrix,c8397cb2c46e4683a6f3970bc42cef1aabfef4d80cfcd6b8313e87630b680ee2,"{""distance"":3,""physical_error_rate"":0.0001}","{""detection_events"":15423,""detectors_checked"":68124672}"
   1275904,         3,         0,   117.1,decoder_by_matrix,c8397cb2c46e4683a6f3970bc42cef1aabfef4d80cfcd6b8313e87630b680ee2,"{""distance"":3,""physical_error_rate"":0.0001}","{""detection_events"":15495,""detectors_checked"":68898816,""obs_mistake_mask=_E_E"":1,""obs_mistake_mask=__E_"":2}"
     36823,         0,         0,    2.60,decoder_by_matrix,c8397cb2c46e4683a6f3970bc42cef1aabfef4d80cfcd6b8313e87630b680ee2,"{""distance"":3,""physical_error_rate"":0.0001}","{""detection_events"":378,""detectors_checked"":1988442}"
   1185792,         1,         0,   110.6,decoder_by_matrix,c8397cb2c46e4683a6f3970bc42cef1aabfef4d80cfcd6b8313e87630b680ee2,"{""distance"":3,""physical_error_rate"":0.0001}","{""detection_events"":14661,""detectors_checked"":64032768,""obs_mistake_mask=_EEE"":1}"
   1215488,         3,         0,   111.0,decoder_by_matrix,c8397cb2c46e4683a6f3970bc42cef1aabfef4d80cfcd6b8313e87630b680ee2,"{""distance"":3,""physical_error_rate"":0.0001}","{""detection_events"":15018,""detectors_checked"":65636352,""obs_mistake_mask=_EEE"":1,""obs_mistake_mask=__EE"":1,""obs_mistake_mask=__E_"":1}"
   1020184,         0,         0,    92.3,decoder_by_matrix,c8397cb2c46e4683a6f3970bc42cef1aabfef4d80cfcd6b8313e87630b680ee2,"{""distance"":3,""physical_error_rate"":0.0001}","{""detection_events"":12018,""detectors_checked"":55089936}"
   1006592,         2,         0,    90.2,decoder_by_matrix,c8397cb2c46e4683a6f3970bc42cef1aabfef4d80cfcd6b8313e87630b680ee2,"{""distance"":3,""physical_error_rate"":0.0001}","{""detection_events"":12585,""detectors_checked"":54355968,""obs_mistake_mask=E___"":1,""obs_mistake_mask=_E_E"":1}"
   1006592,         0,         0,    93.1,decoder_by_matrix,c8397cb2c46e4683a6f3970bc42cef1aabfef4d80cfcd6b8313e87630b680ee2,"{""distance"":3,""physical_error_rate"":0.0001}","{""detection_events"":11607,""detectors_checked"":54355968}"
   1007616,         1,         0,    92.2,decoder_by_matrix,c8397cb2c46e4683a6f3970bc42cef1aabfef4d80cfcd6b8313e87630b680ee2,"{""distance"":3,""physical_error_rate"":0.0001}","{""detection_events"":12294,""detectors_checked"":54411264,""obs_mistake_mask=_EEE"":1}"
    995328,         1,         0,    91.2,decoder_by_matrix,c8397cb2c46e4683a6f3970bc42cef1aabfef4d80cfcd6b8313e87630b680ee2,"{""distance"":3,""physical_error_rate"":0.0001}","{""detection_events"":12261,""detectors_checked"":53747712,""obs_mistake_mask=E___"":1}"
    966723,         0,         0,    88.4,decoder_by_matrix,c8397cb2c46e4683a6f3970bc42cef1aabfef4d80cfcd6b8313e87630b680ee2,"{""distance"":3,""physical_error_rate"":0.0001}","{""detection_events"":11436,""detectors_checked"":52203042}"
    941056,         2,         0,    87.1,decoder_by_matrix,c8397cb2c46e4683a6f3970bc42cef1aabfef4d80cfcd6b8313e87630b680ee2,"{""distance"":3,""physical_error_rate"":0.0001}","{""detection_events"":11844,""detectors_checked"":50817024,""obs_mistake_mask=_E_E"":1,""obs_mistake_mask=__E_"":1}"
    954368,         1,         0,    87.0,decoder_by_matrix,c8397cb2c46e4683a6f3970bc42cef1aabfef4d80cfcd6b8313e87630b680ee2,"{""distance"":3,""physical_error_rate"":0.0001}","{""detection_events"":11418,""detectors_checked"":51535872,""obs_mistake_mask=_E__"":1}"
    954368,         1,         0,    87.3,decoder_by_matrix,c8397cb2c46e4683a6f3970bc42cef1aabfef4d80cfcd6b8313e87630b680ee2,"{""distance"":3,""physical_error_rate"":0.0001}","{""detection_events"":11349,""detectors_checked"":51535872,""obs_mistake_mask=_EE_"":1}"
    955392,         1,         0,    88.6,decoder_by_matrix,c8397cb2c46e4683a6f3970bc42cef1aabfef4d80cfcd6b8313e87630b680ee2,"{""distance"":3,""physical_error_rate"":0.0001}","{""detection_events"":11364,""detectors_checked"":51591168,""obs_mistake_mask=__EE"":1}"
    954368,         2,         0,    87.4,decoder_by_matrix,c8397cb2c46e4683a6f3970bc42cef1aabfef4d80cfcd6b8313e87630b680ee2,"{""distance"":3,""physical_error_rate"":0.0001}","{""detection_events"":10962,""detectors_checked"":51535872,""obs_mistake_mask=_E__"":1,""obs_mistake_mask=___E"":1}"
    960512,         1,         0,    88.1,decoder_by_matrix,c8397cb2c46e4683a6f3970bc42cef1aabfef4d80cfcd6b8313e87630b680ee2,"{""distance"":3,""physical_error_rate"":0.0001}","{""detection_events"":11157,""detectors_checked"":51867648,""obs_mistake_mask=___E"":1}"
    948224,         1,         0,    87.1,decoder_by_matrix,c8397cb2c46e4683a6f3970bc42cef1aabfef4d80cfcd6b8313e87630b680ee2,"{""distance"":3,""physical_error_rate"":0.0001}","{""detection_events"":11736,""detectors_checked"":51204096,""obs_mistake_mask=_E_E"":1}"
    959488,         1,         0,    88.4,decoder_by_matrix,c8397cb2c46e4683a6f3970bc42cef1aabfef4d80cfcd6b8313e87630b680ee2,"{""distance"":3,""physical_error_rate"":0.0001}","{""detection_events"":11793,""detectors_checked"":51812352,""obs_mistake_mask=__EE"":1}"
    948224,         0,         0,    88.0,decoder_by_matrix,c8397cb2c46e4683a6f3970bc42cef1aabfef4d80cfcd6b8313e87630b680ee2,"{""distance"":3,""physical_error_rate"":0.0001}","{""detection_events"":11169,""detectors_checked"":51204096}"
    965632,         0,         0,    86.7,decoder_by_matrix,c8397cb2c46e4683a6f3970bc42cef1aabfef4d80cfcd6b8313e87630b680ee2,"{""distance"":3,""physical_error_rate"":0.0001}","{""detection_events"":11025,""detectors_checked"":52144128}"
    888866,         2,         0,    83.7,decoder_by_matrix,c8397cb2c46e4683a6f3970bc42cef1aabfef4d80cfcd6b8313e87630b680ee2,"{""distance"":3,""physical_error_rate"":0.0001}","{""detection_events"":10665,""detectors_checked"":47998764,""obs_mistake_mask=_E_E"":1,""obs_mistake_mask=_E__"":1}"
    843776,         1,         0,    77.9,decoder_by_matrix,c8397cb2c46e4683a6f3970bc42cef1aabfef4d80cfcd6b8313e87630b680ee2,"{""distance"":3,""physical_error_rate"":0.0001}","{""detection_events"":10251,""detectors_checked"":45563904,""obs_mistake_mask=_E__"":1}"
    871424,         1,         0,    79.7,decoder_by_matrix,c8397cb2c46e4683a6f3970bc42cef1aabfef4d80cfcd6b8313e87630b680ee2,"{""distance"":3,""physical_error_rate"":0.0001}","{""detection_events"":10629,""detectors_checked"":47056896,""obs_mistake_mask=___E"":1}"
    854016,         1,         0,    76.1,decoder_by_matrix,c8397cb2c46e4683a6f3970bc42cef1aabfef4d80cfcd6b8313e87630b680ee2,"{""distance"":3,""physical_error_rate"":0.0001}","{""detection_events"":10023,""detectors_checked"":46116864,""obs_mistake_mask=_EEE"":1}"
    886784,         0,         0,    77.4,decoder_by_matrix,c8397cb2c46e4683a6f3970bc42cef1aabfef4d80cfcd6b8313e87630b680ee2,"{""distance"":3,""physical_error_rate"":0.0001}","{""detection_events"":10596,""detectors_checked"":47886336}"
    859136,         0,         0,    77.2,decoder_by_matrix,c8397cb2c46e4683a6f3970bc42cef1aabfef4d80cfcd6b8313e87630b680ee2,"{""distance"":3,""physical_error_rate"":0.0001}","{""detection_events"":9963,""detectors_checked"":46393344}"
    809984,         0,         0,    74.4,decoder_by_matrix,c8397cb2c46e4683a6f3970bc42cef1aabfef4d80cfcd6b8313e87630b680ee2,"{""distance"":3,""physical_error_rate"":0.0001}","{""detection_events"":9852,""detectors_checked"":43739136}"
    827392,         0,         0,    76.2,decoder_by_matrix,c8397cb2c46e4683a6f3970bc42cef1aabfef4d80cfcd6b8313e87630b680ee2,"{""distance"":3,""physical_error_rate"":0.0001}","{""detection_events"":9795,""detectors_checked"":44679168}"
    725890,         1,         0,    66.6,decoder_by_matrix,c8397cb2c46e4683a6f3970bc42cef1aabfef4d80cfcd6b8313e87630b680ee2,"{""distance"":3,""physical_error_rate"":0.0001}","{""detection_events"":8706,""detectors_checked"":39198060,""obs_mistake_mask=__E_"":1}"
    637952,         0,         0,    57.6,decoder_by_matrix,c8397cb2c46e4683a6f3970bc42cef1aabfef4d80cfcd6b8313e87630b680ee2,"{""distance"":3,""physical_error_rate"":0.0001}","{""detection_events"":7290,""detectors_checked"":34449408}"
    621540,         1,         0,    57.2,decoder_by_matrix,c8397cb2c46e4683a6f3970bc42cef1aabfef4d80cfcd6b8313e87630b680ee2,"{""distance"":3,""physical_error_rate"":0.0001}","{""detection_events"":7872,""detectors_checked"":33563160,""obs_mistake_mask=__EE"":1}"
    601860,         0,         0,    54.6,decoder_by_matrix,c8397cb2c46e4683a6f3970bc42cef1aabfef4d80cfcd6b8313e87630b680ee2,"{""distance"":3,""physical_error_rate"":0.0001}","{""detection_events"":7092,""detectors_checked"":32500440}"
    592456,         2,         0,    54.8,decoder_by_matrix,c8397cb2c46e4683a6f3970bc42cef1aabfef4d80cfcd6b8313e87630b680ee2,"{""distance"":3,""physical_error_rate"":0.0001}","{""detection_events"":7236,""detectors_checked"":31992624,""obs_mistake_mask=_EEE"":1,""obs_mistake_mask=_EE_"":1}"
    592456,         0,         0,    53.2,decoder_by_matrix,c8397cb2c46e4683a6f3970bc42cef1aabfef4d80cfcd6b8313e87630b680ee2,"{""distance"":3,""physical_error_rate"":0.0001}","{""detection_events"":7233,""detectors_checked"":31992624}"
    595968,         1,         0,    54.8,decoder_by_matrix,c8397cb2c46e4683a6f3970bc42cef1aabfef4d80cfcd6b8313e87630b680ee2,"{""distance"":3,""physical_error_rate"":0.0001}","{""detection_events"":6804,""detectors_checked"":32182272,""obs_mistake_mask=_E__"":1}"
    592456,         1,         0,    54.7,decoder_by_matrix,c8397cb2c46e4683a6f3970bc42cef1aabfef4d80cfcd6b8313e87630b680ee2,"{""distance"":3,""physical_error_rate"":0.0001}","{""detection_events"":7128,""detectors_checked"":31992624,""obs_mistake_mask=_E__"":1}"
    595968,         2,         0,    54.4,decoder_by_matrix,c8397cb2c46e4683a6f3970bc42cef1aabfef4d80cfcd6b8313e87630b680ee2,"{""distance"":3,""physical_error_rate"":0.0001}","{""detection_events"":6981,""detectors_checked"":32182272,""obs_mistake_mask=__E_"":2}"
    593920,         0,         0,    54.0,decoder_by_matrix,c8397cb2c46e4683a6f3970bc42cef1aabfef4d80cfcd6b8313e87630b680ee2,"{""distance"":3,""physical_error_rate"":0.0001}","{""detection_events"":7212,""detectors_checked"":32071680}"
    592456,         0,         0,    54.3,decoder_by_matrix,c8397cb2c46e4683a6f3970bc42cef1aabfef4d80cfcd6b8313e87630b680ee2,"{""distance"":3,""physical_error_rate"":0.0001}","{""detection_events"":7137,""detectors_checked"":31992624}"
    594944,         0,         0,    54.9,decoder_by_matrix,c8397cb2c46e4683a6f3970bc42cef1aabfef4d80cfcd6b8313e87630b680ee2,"{""distance"":3,""physical_error_rate"":0.0001}","{""detection_events"":6912,""detectors_checked"":32126976}"
    595968,         0,         0,    54.1,decoder_by_matrix,c8397cb2c46e4683a6f3970bc42cef1aabfef4d80cfcd6b8313e87630b680ee2,"{""distance"":3,""physical_error_rate"":0.0001}","{""detection_events"":6969,""detectors_checked"":32182272}"
    592896,         0,         0,    54.9,decoder_by_matrix,c8397cb2c46e4683a6f3970bc42cef1aabfef4d80cfcd6b8313e87630b680ee2,"{""distance"":3,""physical_error_rate"":0.0001}","{""detection_events"":7410,""detectors_checked"":32016384}"
    594944,         0,         0,    54.2,decoder_by_matrix,c8397cb2c46e4683a6f3970bc42cef1aabfef4d80cfcd6b8313e87630b680ee2,"{""distance"":3,""physical_error_rate"":0.0001}","{""detection_events"":6948,""detectors_checked"":32126976}"
    596992,         0,         0,    53.9,decoder_by_matrix,c8397cb2c46e4683a6f3970bc42cef1aabfef4d80cfcd6b8313e87630b680ee2,"{""distance"":3,""physical_error_rate"":0.0001}","{""detection_events"":7422,""detectors_checked"":32237568}"
    591872,         2,         0,    54.9,decoder_by_matrix,c8397cb2c46e4683a6f3970bc42cef1aabfef4d80cfcd6b8313e87630b680ee2,"{""distance"":3,""physical_error_rate"":0.0001}","{""detection_events"":6957,""detectors_checked"":31961088,""obs_mistake_mask=_E__"":1,""obs_mistake_mask=__E_"":1}"
    583680,         1,         0,    54.7,decoder_by_matrix,c8397cb2c46e4683a6f3970bc42cef1aabfef4d80cfcd6b8313e87630b680ee2,"{""distance"":3,""physical_error_rate"":0.0001}","{""detection_events"":7260,""detectors_checked"":31518720,""obs_mistake_mask=_E_E"":1}"
    585728,         0,         0,    55.7,decoder_by_matrix,c8397cb2c46e4683a6f3970bc42cef1aabfef4d80cfcd6b8313e87630b680ee2,"{""distance"":3,""physical_error_rate"":0.0001}","{""detection_events"":7032,""detectors_checked"":31629312}"
    588800,         0,         0,    54.7,decoder_by_matrix,c8397cb2c46e4683a6f3970bc42cef1aabfef4d80cfcd6b8313e87630b680ee2,"{""distance"":3,""physical_error_rate"":0.0001}","{""detection_events"":7167,""detectors_checked"":31795200}"
    588800,         1,         0,    53.9,decoder_by_matrix,c8397cb2c46e4683a6f3970bc42cef1aabfef4d80cfcd6b8313e87630b680ee2,"{""distance"":3,""physical_error_rate"":0.0001}","{""detection_events"":7074,""detectors_checked"":31795200,""obs_mistake_mask=__EE"":1}"
    589824,         0,         0,    54.5,decoder_by_matrix,c8397cb2c46e4683a6f3970bc42cef1aabfef4d80cfcd6b8313e87630b680ee2,"{""distance"":3,""physical_error_rate"":0.0001}","{""detection_events"":7164,""detectors_checked"":31850496}"
    584704,         1,         0,    55.3,decoder_by_matrix,c8397cb2c46e4683a6f3970bc42cef1aabfef4d80cfcd6b8313e87630b680ee2,"{""distance"":3,""physical_error_rate"":0.0001}","{""detection_events"":6993,""detectors_checked"":31574016,""obs_mistake_mask=_E__"":1}"
    584704,         2,         0,    53.7,decoder_by_matrix,c8397cb2c46e4683a6f3970bc42cef1aabfef4d80cfcd6b8313e87630b680ee2,"{""distance"":3,""physical_error_rate"":0.0001}","{""detection_events"":7506,""detectors_checked"":31574016,""obs_mistake_mask=_EEE"":1,""obs_mistake_mask=_E_E"":1}"
    590848,         0,         0,    54.4,decoder_by_matrix,c8397cb2c46e4683a6f3970bc42cef1aabfef4d80cfcd6b8313e87630b680ee2,"{""distance"":3,""physical_error_rate"":0.0001}","{""detection_events"":7191,""detectors_checked"":31905792}"
    586752,         0,         0,    54.7,decoder_by_matrix,c8397cb2c46e4683a6f3970bc42cef1aabfef4d80cfcd6b8313e87630b680ee2,"{""distance"":3,""physical_error_rate"":0.0001}","{""detection_events"":7038,""detectors_checked"":31684608}"
    592456,         0,         0,    54.9,decoder_by_matrix,c8397cb2c46e4683a6f3970bc42cef1aabfef4d80cfcd6b8313e87630b680ee2,"{""distance"":3,""physical_error_rate"":0.0001}","{""detection_events"":6825,""detectors_checked"":31992624}"
    491520,         0,         0,    44.3,decoder_by_matrix,c8397cb2c46e4683a6f3970bc42cef1aabfef4d80cfcd6b8313e87630b680ee2,"{""distance"":3,""physical_error_rate"":0.0001}","{""detection_events"":5697,""detectors_checked"":26542080}"
    588800,         0,         0,    53.7,decoder_by_matrix,c8397cb2c46e4683a6f3970bc42cef1aabfef4d80cfcd6b8313e87630b680ee2,"{""distance"":3,""physical_error_rate"":0.0001}","{""detection_events"":7149,""detectors_checked"":31795200}"
      1608,         0,         0,   0.002,decoder_by_matrix,c8397cb2c46e4683a6f3970bc42cef1aabfef4d80cfcd6b8313e87630b680ee2,"{""distance"":3,""physical_error_rate"":0.0001}","{""detection_events"":18,""detectors_checked"":86832}"
    589824,         2,         0,    54.4,decoder_by_matrix,c8397cb2c46e4683a6f3970bc42cef1aabfef4d80cfcd6b8313e87630b680ee2,"{""distance"":3,""physical_error_rate"":0.0001}","{""detection_events"":6927,""detectors_checked"":31850496,""obs_mistake_mask=__EE"":1,""obs_mistake_mask=__E_"":1}"
    580608,         0,         0,    55.3,decoder_by_matrix,c8397cb2c46e4683a6f3970bc42cef1aabfef4d80cfcd6b8313e87630b680ee2,"{""distance"":3,""physical_error_rate"":0.0001}","{""detection_events"":7107,""detectors_checked"":31352832}"
    456704,         0,         0,    41.8,decoder_by_matrix,c8397cb2c46e4683a6f3970bc42cef1aabfef4d80cfcd6b8313e87630b680ee2,"{""distance"":3,""physical_error_rate"":0.0001}","{""detection_events"":5616,""detectors_checked"":24662016}"
    470016,         0,         0,    41.6,decoder_by_matrix,c8397cb2c46e4683a6f3970bc42cef1aabfef4d80cfcd6b8313e87630b680ee2,"{""distance"":3,""physical_error_rate"":0.0001}","{""detection_events"":5307,""detectors_checked"":25380864}"
    585728,         1,         0,    55.0,decoder_by_matrix,c8397cb2c46e4683a6f3970bc42cef1aabfef4d80cfcd6b8313e87630b680ee2,"{""distance"":3,""physical_error_rate"":0.0001}","{""detection_events"":6708,""detectors_checked"":31629312,""obs_mistake_mask=E___"":1}"
    588800,         1,         0,    54.1,decoder_by_matrix,c8397cb2c46e4683a6f3970bc42cef1aabfef4d80cfcd6b8313e87630b680ee2,"{""distance"":3,""physical_error_rate"":0.0001}","{""detection_events"":7071,""detectors_checked"":31795200,""obs_mistake_mask=__EE"":1}"
    456704,         0,         0,    41.9,decoder_by_matrix,c8397cb2c46e4683a6f3970bc42cef1aabfef4d80cfcd6b8313e87630b680ee2,"{""distance"":3,""physical_error_rate"":0.0001}","{""detection_events"":5355,""detectors_checked"":24662016}"
    480256,         2,         0,    45.1,decoder_by_matrix,c8397cb2c46e4683a6f3970bc42cef1aabfef4d80cfcd6b8313e87630b680ee2,"{""distance"":3,""physical_error_rate"":0.0001}","{""detection_events"":5883,""detectors_checked"":25933824,""obs_mistake_mask=E___"":1,""obs_mistake_mask=_EE_"":1}"
    585728,         0,         0,    54.4,decoder_by_matrix,c8397cb2c46e4683a6f3970bc42cef1aabfef4d80cfcd6b8313e87630b680ee2,"{""distance"":3,""physical_error_rate"":0.0001}","{""detection_events"":7179,""detectors_checked"":31629312}"
    586752,         2,         0,    53.7,decoder_by_matrix,c8397cb2c46e4683a6f3970bc42cef1aabfef4d80cfcd6b8313e87630b680ee2,"{""distance"":3,""physical_error_rate"":0.0001}","{""detection_events"":7032,""detectors_checked"":31684608,""obs_mistake_mask=_E_E"":1,""obs_mistake_mask=__EE"":1}"
    586752,         0,         0,    54.0,decoder_by_matrix,c8397cb2c46e4683a6f3970bc42cef1aabfef4d80cfcd6b8313e87630b680ee2,"{""distance"":3,""physical_error_rate"":0.0001}","{""detection_events"":6969,""detectors_checked"":31684608}"
    379962,         0,         0,    33.1,decoder_by_matrix,c8397cb2c46e4683a6f3970bc42cef1aabfef4d80cfcd6b8313e87630b680ee2,"{""distance"":3,""physical_error_rate"":0.0001}","{""detection_events"":4344,""detectors_checked"":20517948}"
    308224,         0,         0,    28.4,decoder_by_matrix,c8397cb2c46e4683a6f3970bc42cef1aabfef4d80cfcd6b8313e87630b680ee2,"{""distance"":3,""physical_error_rate"":0.0001}","{""detection_events"":3900,""detectors_checked"":16644096}"
    352256,         0,         0,    32.7,decoder_by_matrix,c8397cb2c46e4683a6f3970bc42cef1aabfef4d80cfcd6b8313e87630b680ee2,"{""distance"":3,""physical_error_rate"":0.0001}","{""detection_events"":3765,""detectors_checked"":19021824}"
    346112,         0,         0,    32.1,decoder_by_matrix,c8397cb2c46e4683a6f3970bc42cef1aabfef4d80cfcd6b8313e87630b680ee2,"{""distance"":3,""physical_error_rate"":0.0001}","{""detection_events"":4299,""detectors_checked"":18690048}"
    371712,         0,         0,    33.8,decoder_by_matrix,c8397cb2c46e4683a6f3970bc42cef1aabfef4d80cfcd6b8313e87630b680ee2,"{""distance"":3,""physical_error_rate"":0.0001}","{""detection_events"":4164,""detectors_checked"":20072448}"
    372736,         1,         0,    33.2,decoder_by_matrix,c8397cb2c46e4683a6f3970bc42cef1aabfef4d80cfcd6b8313e87630b680ee2,"{""distance"":3,""physical_error_rate"":0.0001}","{""detection_events"":4524,""detectors_checked"":20127744,""obs_mistake_mask=_E__"":1}"
    354304,         0,         0,    32.6,decoder_by_matrix,c8397cb2c46e4683a6f3970bc42cef1aabfef4d80cfcd6b8313e87630b680ee2,"{""distance"":3,""physical_error_rate"":0.0001}","{""detection_events"":4323,""detectors_checked"":19132416}"
    347136,         0,         0,    32.4,decoder_by_matrix,c8397cb2c46e4683a6f3970bc42cef1aabfef4d80cfcd6b8313e87630b680ee2,"{""distance"":3,""physical_error_rate"":0.0001}","{""detection_events"":4452,""detectors_checked"":18745344}"
    306176,         0,         0,    28.3,decoder_by_matrix,c8397cb2c46e4683a6f3970bc42cef1aabfef4d80cfcd6b8313e87630b680ee2,"{""distance"":3,""physical_error_rate"":0.0001}","{""detection_events"":3777,""detectors_checked"":16533504}"
    355328,         1,         0,    32.6,decoder_by_matrix,c8397cb2c46e4683a6f3970bc42cef1aabfef4d80cfcd6b8313e87630b680ee2,"{""distance"":3,""physical_error_rate"":0.0001}","{""detection_events"":4059,""detectors_checked"":19187712,""obs_mistake_mask=__EE"":1}"
    361472,         1,         0,    32.9,decoder_by_matrix,c8397cb2c46e4683a6f3970bc42cef1aabfef4d80cfcd6b8313e87630b680ee2,"{""distance"":3,""physical_error_rate"":0.0001}","{""detection_events"":3921,""detectors_checked"":19519488,""obs_mistake_mask=_EE_"":1}"
    312320,         0,         0,    28.3,decoder_by_matrix,c8397cb2c46e4683a6f3970bc42cef1aabfef4d80cfcd6b8313e87630b680ee2,"{""distance"":3,""physical_error_rate"":0.0001}","{""detection_events"":3633,""detectors_checked"":16865280}"
    311296,         0,         0,    28.7,decoder_by_matrix,c8397cb2c46e4683a6f3970bc42cef1aabfef4d80cfcd6b8313e87630b680ee2,"{""distance"":3,""physical_error_rate"":0.0001}","{""detection_events"":3612,""detectors_checked"":16809984}"
    365568,         1,         0,    33.1,decoder_by_matrix,c8397cb2c46e4683a6f3970bc42cef1aabfef4d80cfcd6b8313e87630b680ee2,"{""distance"":3,""physical_error_rate"":0.0001}","{""detection_events"":4290,""detectors_checked"":19740672,""obs_mistake_mask=_EE_"":1}"
    358400,         0,         0,    31.6,decoder_by_matrix,c8397cb2c46e4683a6f3970bc42cef1aabfef4d80cfcd6b8313e87630b680ee2,"{""distance"":3,""physical_error_rate"":0.0001}","{""detection_events"":4713,""detectors_checked"":19353600}"
    370688,         1,         0,    34.0,decoder_by_matrix,c8397cb2c46e4683a6f3970bc42cef1aabfef4d80cfcd6b8313e87630b680ee2,"{""distance"":3,""physical_error_rate"":0.0001}","{""detection_events"":4725,""detectors_checked"":20017152,""obs_mistake_mask=__E_"":1}"
    351232,         0,         0,    32.5,decoder_by_matrix,c8397cb2c46e4683a6f3970bc42cef1aabfef4d80cfcd6b8313e87630b680ee2,"{""distance"":3,""physical_error_rate"":0.0001}","{""detection_events"":4182,""detectors_checked"":18966528}"
    309248,         0,         0,    29.0,decoder_by_matrix,c8397cb2c46e4683a6f3970bc42cef1aabfef4d80cfcd6b8313e87630b680ee2,"{""distance"":3,""physical_error_rate"":0.0001}","{""detection_events"":3798,""detectors_checked"":16699392}"
    368640,         0,         0,    34.4,decoder_by_matrix,c8397cb2c46e4683a6f3970bc42cef1aabfef4d80cfcd6b8313e87630b680ee2,"{""distance"":3,""physical_error_rate"":0.0001}","{""detection_events"":4791,""detectors_checked"":19906560}"
    363520,         0,         0,    32.1,decoder_by_matrix,c8397cb2c46e4683a6f3970bc42cef1aabfef4d80cfcd6b8313e87630b680ee2,"{""distance"":3,""physical_error_rate"":0.0001}","{""detection_events"":4215,""detectors_checked"":19630080}"
    312320,         0,         0,    28.4,decoder_by_matrix,c8397cb2c46e4683a6f3970bc42cef1aabfef4d80cfcd6b8313e87630b680ee2,"{""distance"":3,""physical_error_rate"":0.0001}","{""detection_events"":3831,""detectors_checked"":16865280}"
    310272,         0,         0,    28.7,decoder_by_matrix,c8397cb2c46e4683a6f3970bc42cef1aabfef4d80cfcd6b8313e87630b680ee2,"{""distance"":3,""physical_error_rate"":0.0001}","{""detection_events"":3720,""detectors_checked"":16754688}"
    361472,         0,         0,    33.2,decoder_by_matrix,c8397cb2c46e4683a6f3970bc42cef1aabfef4d80cfcd6b8313e87630b680ee2,"{""distance"":3,""physical_error_rate"":0.0001}","{""detection_events"":4074,""detectors_checked"":19519488}"
    302080,         1,         0,    28.1,decoder_by_matrix,c8397cb2c46e4683a6f3970bc42cef1aabfef4d80cfcd6b8313e87630b680ee2,"{""distance"":3,""physical_error_rate"":0.0001}","{""detection_events"":3846,""detectors_checked"":16312320,""obs_mistake_mask=_E_E"":1}"
     16862,         0,         0,    1.28,decoder_by_matrix,c8397cb2c46e4683a6f3970bc42cef1aabfef4d80cfcd6b8313e87630b680ee2,"{""distance"":3,""physical_error_rate"":0.0001}","{""detection_events"":108,""detectors_checked"":910548}"
    230400,         0,         0,    21.7,decoder_by_matrix,c8397cb2c46e4683a6f3970bc42cef1aabfef4d80cfcd6b8313e87630b680ee2,"{""distance"":3,""physical_error_rate"":0.0001}","{""detection_events"":2646,""detectors_checked"":12441600}"
    242688,         2,         0,    21.5,decoder_by_matrix,c8397cb2c46e4683a6f3970bc42cef1aabfef4d80cfcd6b8313e87630b680ee2,"{""distance"":3,""physical_error_rate"":0.0001}","{""detection_events"":2790,""detectors_checked"":13105152,""obs_mistake_mask=E___"":2}"
    140601,         0,         0,    13.9,decoder_by_matrix,c8397cb2c46e4683a6f3970bc42cef1aabfef4d80cfcd6b8313e87630b680ee2,"{""distance"":3,""physical_error_rate"":0.0001}","{""detection_events"":1746,""detectors_checked"":7592454}"
    131012,         0,         0,    11.6,decoder_by_matrix,c8397cb2c46e4683a6f3970bc42cef1aabfef4d80cfcd6b8313e87630b680ee2,"{""distance"":3,""physical_error_rate"":0.0001}","{""detection_events"":1449,""detectors_checked"":7074648}"
    129024,         0,         0,    11.6,decoder_by_matrix,c8397cb2c46e4683a6f3970bc42cef1aabfef4d80cfcd6b8313e87630b680ee2,"{""distance"":3,""physical_error_rate"":0.0001}","{""detection_events"":1455,""detectors_checked"":6967296}"
    128965,         0,         0,    11.1,decoder_by_matrix,c8397cb2c46e4683a6f3970bc42cef1aabfef4d80cfcd6b8313e87630b680ee2,"{""distance"":3,""physical_error_rate"":0.0001}","{""detection_events"":1557,""detectors_checked"":6964110}"
    130048,         0,         0,    12.1,decoder_by_matrix,c8397cb2c46e4683a6f3970bc42cef1aabfef4d80cfcd6b8313e87630b680ee2,"{""distance"":3,""physical_error_rate"":0.0001}","{""detection_events"":1575,""detectors_checked"":7022592}"
    129024,         0,         0,    11.6,decoder_by_matrix,c8397cb2c46e4683a6f3970bc42cef1aabfef4d80cfcd6b8313e87630b680ee2,"{""distance"":3,""physical_error_rate"":0.0001}","{""detection_events"":1509,""detectors_checked"":6967296}"
    129024,         1,         0,    11.7,decoder_by_matrix,c8397cb2c46e4683a6f3970bc42cef1aabfef4d80cfcd6b8313e87630b680ee2,"{""distance"":3,""physical_error_rate"":0.0001}","{""detection_events"":1470,""detectors_checked"":6967296,""obs_mistake_mask=___E"":1}"
    129024,         0,         0,    11.4,decoder_by_matrix,c8397cb2c46e4683a6f3970bc42cef1aabfef4d80cfcd6b8313e87630b680ee2,"{""distance"":3,""physical_error_rate"":0.0001}","{""detection_events"":1620,""detectors_checked"":6967296}"
    128965,         0,         0,    12.1,decoder_by_matrix,c8397cb2c46e4683a6f3970bc42cef1aabfef4d80cfcd6b8313e87630b680ee2,"{""distance"":3,""physical_error_rate"":0.0001}","{""detection_events"":1635,""detectors_checked"":6964110}"
    128965,         0,         0,    11.7,decoder_by_matrix,c8397cb2c46e4683a6f3970bc42cef1aabfef4d80cfcd6b8313e87630b680ee2,"{""distance"":3,""physical_error_rate"":0.0001}","{""detection_events"":1446,""detectors_checked"":6964110}"
    128965,         0,         0,    11.2,decoder_by_matrix,c8397cb2c46e4683a6f3970bc42cef1aabfef4d80cfcd6b8313e87630b680ee2,"{""distance"":3,""physical_error_rate"":0.0001}","{""detection_events"":1434,""detectors_checked"":6964110}"
    128965,         0,         0,    11.4,decoder_by_matrix,c8397cb2c46e4683a6f3970bc42cef1aabfef4d80cfcd6b8313e87630b680ee2,"{""distance"":3,""physical_error_rate"":0.0001}","{""detection_events"":1617,""detectors_checked"":6964110}"
    129024,         0,         0,    10.9,decoder_by_matrix,c8397cb2c46e4683a6f3970bc42cef1aabfef4d80cfcd6b8313e87630b680ee2,"{""distance"":3,""physical_error_rate"":0.0001}","{""detection_events"":1494,""detectors_checked"":6967296}"
    131012,         0,         0,    11.6,decoder_by_matrix,c8397cb2c46e4683a6f3970bc42cef1aabfef4d80cfcd6b8313e87630b680ee2,"{""distance"":3,""physical_error_rate"":0.0001}","{""detection_events"":1575,""detectors_checked"":7074648}"
    128965,         0,         0,    11.4,decoder_by_matrix,c8397cb2c46e4683a6f3970bc42cef1aabfef4d80cfcd6b8313e87630b680ee2,"{""distance"":3,""physical_error_rate"":0.0001}","{""detection_events"":1467,""detectors_checked"":6964110}"
    130048,         0,         0,    11.2,decoder_by_matrix,c8397cb2c46e4683a6f3970bc42cef1aabfef4d80cfcd6b8313e87630b680ee2,"{""distance"":3,""physical_error_rate"":0.0001}","{""detection_events"":1497,""detectors_checked"":7022592}"
    129024,         1,         0,    12.1,decoder_by_matrix,c8397cb2c46e4683a6f3970bc42cef1aabfef4d80cfcd6b8313e87630b680ee2,"{""distance"":3,""physical_error_rate"":0.0001}","{""detection_events"":1839,""detectors_checked"":6967296,""obs_mistake_mask=__E_"":1}"
    128965,         0,         0,    11.5,decoder_by_matrix,c8397cb2c46e4683a6f3970bc42cef1aabfef4d80cfcd6b8313e87630b680ee2,"{""distance"":3,""physical_error_rate"":0.0001}","{""detection_events"":1479,""detectors_checked"":6964110}"
    128965,         0,         0,    11.7,decoder_by_matrix,c8397cb2c46e4683a6f3970bc42cef1aabfef4d80cfcd6b8313e87630b680ee2,"{""distance"":3,""physical_error_rate"":0.0001}","{""detection_events"":1542,""detectors_checked"":6964110}"
    117760,         0,         0,    10.6,decoder_by_matrix,c8397cb2c46e4683a6f3970bc42cef1aabfef4d80cfcd6b8313e87630b680ee2,"{""distance"":3,""physical_error_rate"":0.0001}","{""detection_events"":1257,""detectors_checked"":6359040}"
    129024,         0,         0,    11.3,decoder_by_matrix,c8397cb2c46e4683a6f3970bc42cef1aabfef4d80cfcd6b8313e87630b680ee2,"{""distance"":3,""physical_error_rate"":0.0001}","{""detection_events"":1422,""detectors_checked"":6967296}"
    126976,         0,         0,    11.7,decoder_by_matrix,c8397cb2c46e4683a6f3970bc42cef1aabfef4d80cfcd6b8313e87630b680ee2,"{""distance"":3,""physical_error_rate"":0.0001}","{""detection_events"":1554,""detectors_checked"":6856704}"
    114839,         0,         0,    10.8,decoder_by_matrix,c8397cb2c46e4683a6f3970bc42cef1aabfef4d80cfcd6b8313e87630b680ee2,"{""distance"":3,""physical_error_rate"":0.0001}","{""detection_events"":1473,""detectors_checked"":6201306}"
      2047,         0,         0,   0.002,decoder_by_matrix,c8397cb2c46e4683a6f3970bc42cef1aabfef4d80cfcd6b8313e87630b680ee2,"{""distance"":3,""physical_error_rate"":0.0001}","{""detection_events"":12,""detectors_checked"":110538}"
    125952,         0,         0,    11.8,decoder_by_matrix,c8397cb2c46e4683a6f3970bc42cef1aabfef4d80cfcd6b8313e87630b680ee2,"{""distance"":3,""physical_error_rate"":0.0001}","{""detection_events"":1563,""detectors_checked"":6801408}"
    131012,         0,         0,    11.8,decoder_by_matrix,c8397cb2c46e4683a6f3970bc42cef1aabfef4d80cfcd6b8313e87630b680ee2,"{""distance"":3,""physical_error_rate"":0.0001}","{""detection_events"":1410,""detectors_checked"":7074648}"
    128965,         1,         0,    11.7,decoder_by_matrix,c8397cb2c46e4683a6f3970bc42cef1aabfef4d80cfcd6b8313e87630b680ee2,"{""distance"":3,""physical_error_rate"":0.0001}","{""detection_events"":1545,""detectors_checked"":6964110,""obs_mistake_mask=__EE"":1}"
    119808,         0,         0,    11.0,decoder_by_matrix,c8397cb2c46e4683a6f3970bc42cef1aabfef4d80cfcd6b8313e87630b680ee2,"{""distance"":3,""physical_error_rate"":0.0001}","{""detection_events"":1335,""detectors_checked"":6469632}"
    128965,         0,         0,    12.0,decoder_by_matrix,c8397cb2c46e4683a6f3970bc42cef1aabfef4d80cfcd6b8313e87630b680ee2,"{""distance"":3,""physical_error_rate"":0.0001}","{""detection_events"":1623,""detectors_checked"":6964110}"
    128000,         0,         0,    11.6,decoder_by_matrix,c8397cb2c46e4683a6f3970bc42cef1aabfef4d80cfcd6b8313e87630b680ee2,"{""distance"":3,""physical_error_rate"":0.0001}","{""detection_events"":1653,""detectors_checked"":6912000}"
    118784,         0,         0,    10.2,decoder_by_matrix,c8397cb2c46e4683a6f3970bc42cef1aabfef4d80cfcd6b8313e87630b680ee2,"{""distance"":3,""physical_error_rate"":0.0001}","{""detection_events"":1323,""detectors_checked"":6414336}"
    128965,         0,         0,    12.1,decoder_by_matrix,c8397cb2c46e4683a6f3970bc42cef1aabfef4d80cfcd6b8313e87630b680ee2,"{""distance"":3,""physical_error_rate"":0.0001}","{""detection_events"":1560,""detectors_checked"":6964110}"
    121856,         0,         0,    10.7,decoder_by_matrix,c8397cb2c46e4683a6f3970bc42cef1aabfef4d80cfcd6b8313e87630b680ee2,"{""distance"":3,""physical_error_rate"":0.0001}","{""detection_events"":1296,""detectors_checked"":6580224}"
    115712,         0,         0,    10.8,decoder_by_matrix,c8397cb2c46e4683a6f3970bc42cef1aabfef4d80cfcd6b8313e87630b680ee2,"{""distance"":3,""physical_error_rate"":0.0001}","{""detection_events"":1476,""detectors_checked"":6248448}"
    128965,         0,         0,    11.5,decoder_by_matrix,c8397cb2c46e4683a6f3970bc42cef1aabfef4d80cfcd6b8313e87630b680ee2,"{""distance"":3,""physical_error_rate"":0.0001}","{""detection_events"":1551,""detectors_checked"":6964110}"
    128000,         0,         0,    11.8,decoder_by_matrix,c8397cb2c46e4683a6f3970bc42cef1aabfef4d80cfcd6b8313e87630b680ee2,"{""distance"":3,""physical_error_rate"":0.0001}","{""detection_events"":1563,""detectors_checked"":6912000}"
      2047,         0,         0,   0.003,decoder_by_matrix,c8397cb2c46e4683a6f3970bc42cef1aabfef4d80cfcd6b8313e87630b680ee2,"{""distance"":3,""physical_error_rate"":0.0001}","{""detection_events"":36,""detectors_checked"":110538}"
    122880,         0,         0,    10.8,decoder_by_matrix,c8397cb2c46e4683a6f3970bc42cef1aabfef4d80cfcd6b8313e87630b680ee2,"{""distance"":3,""physical_error_rate"":0.0001}","{""detection_events"":1482,""detectors_checked"":6635520}"
    114839,         0,         0,    10.8,decoder_by_matrix,c8397cb2c46e4683a6f3970bc42cef1aabfef4d80cfcd6b8313e87630b680ee2,"{""distance"":3,""physical_error_rate"":0.0001}","{""detection_events"":1323,""detectors_checked"":6201306}"
    117760,         0,         0,    10.5,decoder_by_matrix,c8397cb2c46e4683a6f3970bc42cef1aabfef4d80cfcd6b8313e87630b680ee2,"{""distance"":3,""physical_error_rate"":0.0001}","{""detection_events"":1335,""detectors_checked"":6359040}"
    121856,         0,         0,    10.9,decoder_by_matrix,c8397cb2c46e4683a6f3970bc42cef1aabfef4d80cfcd6b8313e87630b680ee2,"{""distance"":3,""physical_error_rate"":0.0001}","{""detection_events"":1569,""detectors_checked"":6580224}"
    117760,         1,         0,    10.7,decoder_by_matrix,c8397cb2c46e4683a6f3970bc42cef1aabfef4d80cfcd6b8313e87630b680ee2,"{""distance"":3,""physical_error_rate"":0.0001}","{""detection_events"":1530,""detectors_checked"":6359040,""obs_mistake_mask=_E__"":1}"
      2047,         0,         0,   0.003,decoder_by_matrix,c8397cb2c46e4683a6f3970bc42cef1aabfef4d80cfcd6b8313e87630b680ee2,"{""distance"":3,""physical_error_rate"":0.0001}","{""detection_events"":57,""detectors_checked"":110538}"
      2047,         0,         0,   0.003,decoder_by_matrix,c8397cb2c46e4683a6f3970bc42cef1aabfef4d80cfcd6b8313e87630b680ee2,"{""distance"":3,""physical_error_rate"":0.0001}","{""detection_events"":21,""detectors_checked"":110538}"
    128000,         1,         0,    12.0,decoder_by_matrix,c8397cb2c46e4683a6f3970bc42cef1aabfef4d80cfcd6b8313e87630b680ee2,"{""distance"":3,""physical_error_rate"":0.0001}","{""detection_events"":1494,""detectors_checked"":6912000,""obs_mistake_mask=_EEE"":1}"
    112640,         0,         0,    10.8,decoder_by_matrix,c8397cb2c46e4683a6f3970bc42cef1aabfef4d80cfcd6b8313e87630b680ee2,"{""distance"":3,""physical_error_rate"":0.0001}","{""detection_events"":1488,""detectors_checked"":6082560}"
    126976,         0,         0,    11.7,decoder_by_matrix,c8397cb2c46e4683a6f3970bc42cef1aabfef4d80cfcd6b8313e87630b680ee2,"{""distance"":3,""physical_error_rate"":0.0001}","{""detection_events"":1440,""detectors_checked"":6856704}"
    115712,         0,         0,    10.8,decoder_by_matrix,c8397cb2c46e4683a6f3970bc42cef1aabfef4d80cfcd6b8313e87630b680ee2,"{""distance"":3,""physical_error_rate"":0.0001}","{""detection_events"":1338,""detectors_checked"":6248448}"
    128965,         0,         0,    11.7,decoder_by_matrix,c8397cb2c46e4683a6f3970bc42cef1aabfef4d80cfcd6b8313e87630b680ee2,"{""distance"":3,""physical_error_rate"":0.0001}","{""detection_events"":1557,""detectors_checked"":6964110}"
    128965,         0,         0,    12.0,decoder_by_matrix,c8397cb2c46e4683a6f3970bc42cef1aabfef4d80cfcd6b8313e87630b680ee2,"{""distance"":3,""physical_error_rate"":0.0001}","{""detection_events"":1560,""detectors_checked"":6964110}"
    124928,         0,         0,    11.9,decoder_by_matrix,c8397cb2c46e4683a6f3970bc42cef1aabfef4d80cfcd6b8313e87630b680ee2,"{""distance"":3,""physical_error_rate"":0.0001}","{""detection_events"":1701,""detectors_checked"":6746112}"
      1989,         0,         0,   0.003,decoder_by_matrix,c8397cb2c46e4683a6f3970bc42cef1aabfef4d80cfcd6b8313e87630b680ee2,"{""distance"":3,""physical_error_rate"":0.0001}","{""detection_events"":51,""detectors_checked"":107406}"
       965,         0,         0,   0.001,decoder_by_matrix,c8397cb2c46e4683a6f3970bc42cef1aabfef4d80cfcd6b8313e87630b680ee2,"{""distance"":3,""physical_error_rate"":0.0001}","{""detectors_checked"":52110}"
    119808,         0,         0,    11.0,decoder_by_matrix,c8397cb2c46e4683a6f3970bc42cef1aabfef4d80cfcd6b8313e87630b680ee2,"{""distance"":3,""physical_error_rate"":0.0001}","{""detection_events"":1416,""detectors_checked"":6469632}"
      4035,         0,         0,   0.233,decoder_by_matrix,c8397cb2c46e4683a6f3970bc42cef1aabfef4d80cfcd6b8313e87630b680ee2,"{""distance"":3,""physical_error_rate"":0.0001}","{""detection_events"":69,""detectors_checked"":217890}"
    128965,         0,         0,    11.8,decoder_by_matrix,c8397cb2c46e4683a6f3970bc42cef1aabfef4d80cfcd6b8313e87630b680ee2,"{""distance"":3,""physical_error_rate"":0.0001}","{""detection_events"":1485,""detectors_checked"":6964110}"
    118784,         0,         0,    10.9,decoder_by_matrix,c8397cb2c46e4683a6f3970bc42cef1aabfef4d80cfcd6b8313e87630b680ee2,"{""distance"":3,""physical_error_rate"":0.0001}","{""detection_events"":1383,""detectors_checked"":6414336}"
    122880,         2,         0,    10.9,decoder_by_matrix,c8397cb2c46e4683a6f3970bc42cef1aabfef4d80cfcd6b8313e87630b680ee2,"{""distance"":3,""physical_error_rate"":0.0001}","{""detection_events"":1473,""detectors_checked"":6635520,""obs_mistake_mask=_EE_"":1,""obs_mistake_mask=___E"":1}"
    128965,         0,         0,    11.5,decoder_by_matrix,c8397cb2c46e4683a6f3970bc42cef1aabfef4d80cfcd6b8313e87630b680ee2,"{""distance"":3,""physical_error_rate"":0.0001}","{""detection_events"":1542,""detectors_checked"":6964110}"
    122880,         0,         0,    11.0,decoder_by_matrix,c8397cb2c46e4683a6f3970bc42cef1aabfef4d80cfcd6b8313e87630b680ee2,"{""distance"":3,""physical_error_rate"":0.0001}","{""detection_events"":1317,""detectors_checked"":6635520}"
      4094,         0,         0,   0.249,decoder_by_matrix,c8397cb2c46e4683a6f3970bc42cef1aabfef4d80cfcd6b8313e87630b680ee2,"{""distance"":3,""physical_error_rate"":0.0001}","{""detection_events"":36,""detectors_checked"":221076}"
    104448,         0,         0,    9.72,decoder_by_matrix,c8397cb2c46e4683a6f3970bc42cef1aabfef4d80cfcd6b8313e87630b680ee2,"{""distance"":3,""physical_error_rate"":0.0001}","{""detection_events"":1230,""detectors_checked"":5640192}"
    118784,         1,         0,    10.3,decoder_by_matrix,c8397cb2c46e4683a6f3970bc42cef1aabfef4d80cfcd6b8313e87630b680ee2,"{""distance"":3,""physical_error_rate"":0.0001}","{""detection_events"":1434,""detectors_checked"":6414336,""obs_mistake_mask=_EEE"":1}"
    128000,         0,         0,    11.8,decoder_by_matrix,c8397cb2c46e4683a6f3970bc42cef1aabfef4d80cfcd6b8313e87630b680ee2,"{""distance"":3,""physical_error_rate"":0.0001}","{""detection_events"":1536,""detectors_checked"":6912000}"
      3011,         0,         0,   0.292,decoder_by_matrix,c8397cb2c46e4683a6f3970bc42cef1aabfef4d80cfcd6b8313e87630b680ee2,"{""distance"":3,""physical_error_rate"":0.0001}","{""detection_events"":54,""detectors_checked"":162594}"
    119808,         0,         0,    11.1,decoder_by_matrix,c8397cb2c46e4683a6f3970bc42cef1aabfef4d80cfcd6b8313e87630b680ee2,"{""distance"":3,""physical_error_rate"":0.0001}","{""detection_events"":1350,""detectors_checked"":6469632}"
      4007,         0,         0,   0.274,decoder_by_matrix,c8397cb2c46e4683a6f3970bc42cef1aabfef4d80cfcd6b8313e87630b680ee2,"{""distance"":3,""physical_error_rate"":0.0001}","{""detection_events"":30,""detectors_checked"":216378}"
      4036,         0,         0,   0.128,decoder_by_matrix,c8397cb2c46e4683a6f3970bc42cef1aabfef4d80cfcd6b8313e87630b680ee2,"{""distance"":3,""physical_error_rate"":0.0001}","{""detection_events"":63,""detectors_checked"":217944}"
     99328,         0,         0,    9.40,decoder_by_matrix,c8397cb2c46e4683a6f3970bc42cef1aabfef4d80cfcd6b8313e87630b680ee2,"{""distance"":3,""physical_error_rate"":0.0001}","{""detection_events"":1251,""detectors_checked"":5363712}"
      4094,         0,         0,   0.211,decoder_by_matrix,c8397cb2c46e4683a6f3970bc42cef1aabfef4d80cfcd6b8313e87630b680ee2,"{""distance"":3,""physical_error_rate"":0.0001}","{""detection_events"":24,""detectors_checked"":221076}"
    116736,         0,         0,    10.6,decoder_by_matrix,c8397cb2c46e4683a6f3970bc42cef1aabfef4d80cfcd6b8313e87630b680ee2,"{""distance"":3,""physical_error_rate"":0.0001}","{""detection_events"":1326,""detectors_checked"":6303744}"
    119808,         0,         0,    10.8,decoder_by_matrix,c8397cb2c46e4683a6f3970bc42cef1aabfef4d80cfcd6b8313e87630b680ee2,"{""distance"":3,""physical_error_rate"":0.0001}","{""detection_events"":1416,""detectors_checked"":6469632}"
     98304,         0,         0,    8.82,decoder_by_matrix,c8397cb2c46e4683a6f3970bc42cef1aabfef4d80cfcd6b8313e87630b680ee2,"{""distance"":3,""physical_error_rate"":0.0001}","{""detection_events"":1167,""detectors_checked"":5308416}"
    114688,         0,         0,    10.7,decoder_by_matrix,c8397cb2c46e4683a6f3970bc42cef1aabfef4d80cfcd6b8313e87630b680ee2,"{""distance"":3,""physical_error_rate"":0.0001}","{""detection_events"":1392,""detectors_checked"":6193152}"
    110592,         0,         0,    9.26,decoder_by_matrix,c8397cb2c46e4683a6f3970bc42cef1aabfef4d80cfcd6b8313e87630b680ee2,"{""distance"":3,""physical_error_rate"":0.0001}","{""detection_events"":1218,""detectors_checked"":5971968}"
      4094,         0,         0,   0.229,decoder_by_matrix,c8397cb2c46e4683a6f3970bc42cef1aabfef4d80cfcd6b8313e87630b680ee2,"{""distance"":3,""physical_error_rate"":0.0001}","{""detection_events"":57,""detectors_checked"":221076}"
      2047,         0,         0,   0.196,decoder_by_matrix,c8397cb2c46e4683a6f3970bc42cef1aabfef4d80cfcd6b8313e87630b680ee2,"{""distance"":3,""physical_error_rate"":0.0001}","{""detection_events"":33,""detectors_checked"":110538}"
      3013,         0,         0,   0.143,decoder_by_matrix,c8397cb2c46e4683a6f3970bc42cef1aabfef4d80cfcd6b8313e87630b680ee2,"{""distance"":3,""physical_error_rate"":0.0001}","{""detection_events"":21,""detectors_checked"":162702}"
      4094,         0,         0,   0.141,decoder_by_matrix,c8397cb2c46e4683a6f3970bc42cef1aabfef4d80cfcd6b8313e87630b680ee2,"{""distance"":3,""physical_error_rate"":0.0001}","{""detection_events"":27,""detectors_checked"":221076}"
    117760,         0,         0,    10.8,decoder_by_matrix,c8397cb2c46e4683a6f3970bc42cef1aabfef4d80cfcd6b8313e87630b680ee2,"{""distance"":3,""physical_error_rate"":0.0001}","{""detection_events"":1530,""detectors_checked"":6359040}"
    115712,         1,         0,    10.4,decoder_by_matrix,c8397cb2c46e4683a6f3970bc42cef1aabfef4d80cfcd6b8313e87630b680ee2,"{""distance"":3,""physical_error_rate"":0.0001}","{""detection_events"":1464,""detectors_checked"":6248448,""obs_mistake_mask=___E"":1}"
      4031,         0,         0,   0.125,decoder_by_matrix,c8397cb2c46e4683a6f3970bc42cef1aabfef4d80cfcd6b8313e87630b680ee2,"{""distance"":3,""physical_error_rate"":0.0001}","{""detection_events"":39,""detectors_checked"":217674}"
      6082,         0,         0,   0.424,decoder_by_matrix,c8397cb2c46e4683a6f3970bc42cef1aabfef4d80cfcd6b8313e87630b680ee2,"{""distance"":3,""physical_error_rate"":0.0001}","{""detection_events"":57,""detectors_checked"":328428}"
      6082,         0,         0,   0.430,decoder_by_matrix,c8397cb2c46e4683a6f3970bc42cef1aabfef4d80cfcd6b8313e87630b680ee2,"{""distance"":3,""physical_error_rate"":0.0001}","{""detection_events"":66,""detectors_checked"":328428}"
      2054,         0,         0,   0.002,decoder_by_matrix,c8397cb2c46e4683a6f3970bc42cef1aabfef4d80cfcd6b8313e87630b680ee2,"{""distance"":3,""physical_error_rate"":0.0001}","{""detection_events"":21,""detectors_checked"":110916}"
       965,         0,         0,   0.002,decoder_by_matrix,c8397cb2c46e4683a6f3970bc42cef1aabfef4d80cfcd6b8313e87630b680ee2,"{""distance"":3,""physical_error_rate"":0.0001}","{""detection_events"":6,""detectors_checked"":52110}"
      2222,         0,         0,   0.003,decoder_by_matrix,c8397cb2c46e4683a6f3970bc42cef1aabfef4d80cfcd6b8313e87630b680ee2,"{""distance"":3,""physical_error_rate"":0.0001}","{""detection_events"":30,""detectors_checked"":119988}"
       151,         0,         0,   0.000,decoder_by_matrix,c8397cb2c46e4683a6f3970bc42cef1aabfef4d80cfcd6b8313e87630b680ee2,"{""distance"":3,""physical_error_rate"":0.0001}","{""detectors_checked"":8154}"
      4031,         0,         0,   0.232,decoder_by_matrix,c8397cb2c46e4683a6f3970bc42cef1aabfef4d80cfcd6b8313e87630b680ee2,"{""distance"":3,""physical_error_rate"":0.0001}","{""detection_events"":36,""detectors_checked"":217674}"
      4031,         0,         0,   0.234,decoder_by_matrix,c8397cb2c46e4683a6f3970bc42cef1aabfef4d80cfcd6b8313e87630b680ee2,"{""distance"":3,""physical_error_rate"":0.0001}","{""detection_events"":63,""detectors_checked"":217674}"
      1911,         0,         0,   0.003,decoder_by_matrix,c8397cb2c46e4683a6f3970bc42cef1aabfef4d80cfcd6b8313e87630b680ee2,"{""distance"":3,""physical_error_rate"":0.0001}","{""detection_events"":21,""detectors_checked"":103194}"
      4037,         0,         0,   0.246,decoder_by_matrix,c8397cb2c46e4683a6f3970bc42cef1aabfef4d80cfcd6b8313e87630b680ee2,"{""distance"":3,""physical_error_rate"":0.0001}","{""detection_events"":51,""detectors_checked"":217998}"
      6019,         0,         0,   0.341,decoder_by_matrix,c8397cb2c46e4683a6f3970bc42cef1aabfef4d80cfcd6b8313e87630b680ee2,"{""distance"":3,""physical_error_rate"":0.0001}","{""detection_events"":90,""detectors_checked"":325026}"
      2047,         0,         0,   0.220,decoder_by_matrix,c8397cb2c46e4683a6f3970bc42cef1aabfef4d80cfcd6b8313e87630b680ee2,"{""distance"":3,""physical_error_rate"":0.0001}","{""detection_events"":27,""detectors_checked"":110538}"
      2047,         0,         0,   0.208,decoder_by_matrix,c8397cb2c46e4683a6f3970bc42cef1aabfef4d80cfcd6b8313e87630b680ee2,"{""distance"":3,""physical_error_rate"":0.0001}","{""detection_events"":9,""detectors_checked"":110538}"
      5059,         0,         0,   0.255,decoder_by_matrix,c8397cb2c46e4683a6f3970bc42cef1aabfef4d80cfcd6b8313e87630b680ee2,"{""distance"":3,""physical_error_rate"":0.0001}","{""detection_events"":72,""detectors_checked"":273186}"
      4031,         0,         0,   0.200,decoder_by_matrix,c8397cb2c46e4683a6f3970bc42cef1aabfef4d80cfcd6b8313e87630b680ee2,"{""distance"":3,""physical_error_rate"":0.0001}","{""detection_events"":36,""detectors_checked"":217674}"
      9216,         0,         0,   0.596,decoder_by_matrix,c8397cb2c46e4683a6f3970bc42cef1aabfef4d80cfcd6b8313e87630b680ee2,"{""distance"":3,""physical_error_rate"":0.0001}","{""detection_events"":99,""detectors_checked"":497664}"
      7000,         0,         0,   0.362,decoder_by_matrix,c8397cb2c46e4683a6f3970bc42cef1aabfef4d80cfcd6b8313e87630b680ee2,"{""distance"":3,""physical_error_rate"":0.0001}","{""detection_events"":129,""detectors_checked"":378000}"
      8808,         0,         0,   0.598,decoder_by_matrix,c8397cb2c46e4683a6f3970bc42cef1aabfef4d80cfcd6b8313e87630b680ee2,"{""distance"":3,""physical_error_rate"":0.0001}","{""detection_events"":120,""detectors_checked"":475632}"
      8808,         0,         0,   0.367,decoder_by_matrix,c8397cb2c46e4683a6f3970bc42cef1aabfef4d80cfcd6b8313e87630b680ee2,"{""distance"":3,""physical_error_rate"":0.0001}","{""detection_events"":63,""detectors_checked"":475632}"
       349,         0,         0,   0.000,decoder_by_matrix,c8397cb2c46e4683a6f3970bc42cef1aabfef4d80cfcd6b8313e87630b680ee2,"{""distance"":3,""physical_error_rate"":0.0001}","{""detectors_checked"":18846}"
      6085,         0,         0,   0.144,decoder_by_matrix,c8397cb2c46e4683a6f3970bc42cef1aabfef4d80cfcd6b8313e87630b680ee2,"{""distance"":3,""physical_error_rate"":0.0001}","{""detection_events"":48,""detectors_checked"":328590}"
      7000,         0,         0,   0.383,decoder_by_matrix,c8397cb2c46e4683a6f3970bc42cef1aabfef4d80cfcd6b8313e87630b680ee2,"{""distance"":3,""physical_error_rate"":0.0001}","{""detection_events"":81,""detectors_checked"":378000}"
      4247,         0,         0,   0.167,decoder_by_matrix,c8397cb2c46e4683a6f3970bc42cef1aabfef4d80cfcd6b8313e87630b680ee2,"{""distance"":3,""physical_error_rate"":0.0001}","{""detection_events"":36,""detectors_checked"":229338}"
      6085,         0,         0,   0.413,decoder_by_matrix,c8397cb2c46e4683a6f3970bc42cef1aabfef4d80cfcd6b8313e87630b680ee2,"{""distance"":3,""physical_error_rate"":0.0001}","{""detection_events"":75,""detectors_checked"":328590}"
      1583,         0,         0,   0.002,decoder_by_matrix,c8397cb2c46e4683a6f3970bc42cef1aabfef4d80cfcd6b8313e87630b680ee2,"{""distance"":3,""physical_error_rate"":0.0001}","{""detection_events"":3,""detectors_checked"":85482}"
      1792,         0,         0,   0.002,decoder_by_matrix,c8397cb2c46e4683a6f3970bc42cef1aabfef4d80cfcd6b8313e87630b680ee2,"{""distance"":3,""physical_error_rate"":0.0001}","{""detection_events"":24,""detectors_checked"":96768}"
        63,         0,         0,   0.000,decoder_by_matrix,c8397cb2c46e4683a6f3970bc42cef1aabfef4d80cfcd6b8313e87630b680ee2,"{""distance"":3,""physical_error_rate"":0.0001}","{""detectors_checked"":3402}"
       414,         0,         0,   0.001,decoder_by_matrix,c8397cb2c46e4683a6f3970bc42cef1aabfef4d80cfcd6b8313e87630b680ee2,"{""distance"":3,""physical_error_rate"":0.0001}","{""detection_events"":9,""detectors_checked"":22356}"
      1373,         0,         0,   0.002,decoder_by_matrix,c8397cb2c46e4683a6f3970bc42cef1aabfef4d80cfcd6b8313e87630b680ee2,"{""distance"":3,""physical_error_rate"":0.0001}","{""detection_events"":12,""detectors_checked"":74142}"
       349,         0,         0,   0.000,decoder_by_matrix,c8397cb2c46e4683a6f3970bc42cef1aabfef4d80cfcd6b8313e87630b680ee2,"{""distance"":3,""physical_error_rate"":0.0001}","{""detectors_checked"":18846}"
      1198,         0,         0,   0.002,decoder_by_matrix,c8397cb2c46e4683a6f3970bc42cef1aabfef4d80cfcd6b8313e87630b680ee2,"{""distance"":3,""physical_error_rate"":0.0001}","{""detection_events"":21,""detectors_checked"":64692}"
      1136,         0,         0,   0.002,decoder_by_matrix,c8397cb2c46e4683a6f3970bc42cef1aabfef4d80cfcd6b8313e87630b680ee2,"{""distance"":3,""physical_error_rate"":0.0001}","{""detection_events"":27,""detectors_checked"":61344}"
      1227,         0,         0,   0.002,decoder_by_matrix,c8397cb2c46e4683a6f3970bc42cef1aabfef4d80cfcd6b8313e87630b680ee2,"{""distance"":3,""physical_error_rate"":0.0001}","{""detection_events"":6,""detectors_checked"":66258}"
      1543,         0,         0,   0.002,decoder_by_matrix,c8397cb2c46e4683a6f3970bc42cef1aabfef4d80cfcd6b8313e87630b680ee2,"{""distance"":3,""physical_error_rate"":0.0001}","{""detection_events"":18,""detectors_checked"":83322}"
       174,         0,         0,   0.000,decoder_by_matrix,c8397cb2c46e4683a6f3970bc42cef1aabfef4d80cfcd6b8313e87630b680ee2,"{""distance"":3,""physical_error_rate"":0.0001}","{""detectors_checked"":9396}"
      1368,         0,         0,   0.002,decoder_by_matrix,c8397cb2c46e4683a6f3970bc42cef1aabfef4d80cfcd6b8313e87630b680ee2,"{""distance"":3,""physical_error_rate"":0.0001}","{""detection_events"":27,""detectors_checked"":73872}"
      1792,         0,         0,   0.002,decoder_by_matrix,c8397cb2c46e4683a6f3970bc42cef1aabfef4d80cfcd6b8313e87630b680ee2,"{""distance"":3,""physical_error_rate"":0.0001}","{""detection_events"":21,""detectors_checked"":96768}"
      1543,         0,         0,   0.003,decoder_by_matrix,c8397cb2c46e4683a6f3970bc42cef1aabfef4d80cfcd6b8313e87630b680ee2,"{""distance"":3,""physical_error_rate"":0.0001}","{""detection_events"":36,""detectors_checked"":83322}"
      1427,         0,         0,   0.002,decoder_by_matrix,c8397cb2c46e4683a6f3970bc42cef1aabfef4d80cfcd6b8313e87630b680ee2,"{""distance"":3,""physical_error_rate"":0.0001}","{""detection_events"":6,""detectors_checked"":77058}"
      6715,         0,         0,   0.274,decoder_by_matrix,c8397cb2c46e4683a6f3970bc42cef1aabfef4d80cfcd6b8313e87630b680ee2,"{""distance"":3,""physical_error_rate"":0.0001}","{""detection_events"":81,""detectors_checked"":362610}"
      6715,         0,         0,   0.268,decoder_by_matrix,c8397cb2c46e4683a6f3970bc42cef1aabfef4d80cfcd6b8313e87630b680ee2,"{""distance"":3,""physical_error_rate"":0.0001}","{""detection_events"":78,""detectors_checked"":362610}"
      2061,         0,         0,   0.002,decoder_by_matrix,c8397cb2c46e4683a6f3970bc42cef1aabfef4d80cfcd6b8313e87630b680ee2,"{""distance"":3,""physical_error_rate"":0.0001}","{""detection_events"":12,""detectors_checked"":111294}"
      6318,         0,         0,   0.425,decoder_by_matrix,c8397cb2c46e4683a6f3970bc42cef1aabfef4d80cfcd6b8313e87630b680ee2,"{""distance"":3,""physical_error_rate"":0.0001}","{""detection_events"":54,""detectors_checked"":341172}"
      6078,         0,         0,   0.407,decoder_by_matrix,c8397cb2c46e4683a6f3970bc42cef1aabfef4d80cfcd6b8313e87630b680ee2,"{""distance"":3,""physical_error_rate"":0.0001}","{""detection_events"":45,""detectors_checked"":328212}"
      8192,         0,         0,   0.690,decoder_by_matrix,c8397cb2c46e4683a6f3970bc42cef1aabfef4d80cfcd6b8313e87630b680ee2,"{""distance"":3,""physical_error_rate"":0.0001}","{""detection_events"":123,""detectors_checked"":442368}"
     10855,         0,         0,   0.402,decoder_by_matrix,c8397cb2c46e4683a6f3970bc42cef1aabfef4d80cfcd6b8313e87630b680ee2,"{""distance"":3,""physical_error_rate"":0.0001}","{""detection_events"":147,""detectors_checked"":586170}"
       109,         0,         0,   0.000,decoder_by_matrix,c8397cb2c46e4683a6f3970bc42cef1aabfef4d80cfcd6b8313e87630b680ee2,"{""distance"":3,""physical_error_rate"":0.0001}","{""detectors_checked"":5886}"
       109,         0,         0,   0.000,decoder_by_matrix,c8397cb2c46e4683a6f3970bc42cef1aabfef4d80cfcd6b8313e87630b680ee2,"{""distance"":3,""physical_error_rate"":0.0001}","{""detection_events"":3,""detectors_checked"":5886}"
      1543,         0,         0,   0.002,decoder_by_matrix,c8397cb2c46e4683a6f3970bc42cef1aabfef4d80cfcd6b8313e87630b680ee2,"{""distance"":3,""physical_error_rate"":0.0001}","{""detection_events"":6,""detectors_checked"":83322}"
      1373,         0,         0,   0.002,decoder_by_matrix,c8397cb2c46e4683a6f3970bc42cef1aabfef4d80cfcd6b8313e87630b680ee2,"{""distance"":3,""physical_error_rate"":0.0001}","{""detection_events"":33,""detectors_checked"":74142}"
       670,         0,         0,   0.001,decoder_by_matrix,c8397cb2c46e4683a6f3970bc42cef1aabfef4d80cfcd6b8313e87630b680ee2,"{""distance"":3,""physical_error_rate"":0.0001}","{""detection_events"":15,""detectors_checked"":36180}"
      1019,         0,         0,   0.003,decoder_by_matrix,c8397cb2c46e4683a6f3970bc42cef1aabfef4d80cfcd6b8313e87630b680ee2,"{""distance"":3,""physical_error_rate"":0.0001}","{""detection_events"":9,""detectors_checked"":55026}"
       349,         0,         0,   0.000,decoder_by_matrix,c8397cb2c46e4683a6f3970bc42cef1aabfef4d80cfcd6b8313e87630b680ee2,"{""distance"":3,""physical_error_rate"":0.0001}","{""detectors_checked"":18846}"
       344,         0,         0,   0.000,decoder_by_matrix,c8397cb2c46e4683a6f3970bc42cef1aabfef4d80cfcd6b8313e87630b680ee2,"{""distance"":3,""physical_error_rate"":0.0001}","{""detectors_checked"":18576}"
       350,         0,         0,   0.001,decoder_by_matrix,c8397cb2c46e4683a6f3970bc42cef1aabfef4d80cfcd6b8313e87630b680ee2,"{""distance"":3,""physical_error_rate"":0.0001}","{""detection_events"":6,""detectors_checked"":18900}"
       350,         0,         0,   0.000,decoder_by_matrix,c8397cb2c46e4683a6f3970bc42cef1aabfef4d80cfcd6b8313e87630b680ee2,"{""distance"":3,""physical_error_rate"":0.0001}","{""detectors_checked"":18900}"
      1368,         0,         0,   0.002,decoder_by_matrix,c8397cb2c46e4683a6f3970bc42cef1aabfef4d80cfcd6b8313e87630b680ee2,"{""distance"":3,""physical_error_rate"":0.0001}","{""detection_events"":24,""detectors_checked"":73872}"
       670,         0,         0,   0.001,decoder_by_matrix,c8397cb2c46e4683a6f3970bc42cef1aabfef4d80cfcd6b8313e87630b680ee2,"{""distance"":3,""physical_error_rate"":0.0001}","{""detectors_checked"":36180}"
      6715,         0,         0,   0.323,decoder_by_matrix,c8397cb2c46e4683a6f3970bc42cef1aabfef4d80cfcd6b8313e87630b680ee2,"{""distance"":3,""physical_error_rate"":0.0001}","{""detection_events"":93,""detectors_checked"":362610}"
      6663,         0,         0,   0.294,decoder_by_matrix,c8397cb2c46e4683a6f3970bc42cef1aabfef4d80cfcd6b8313e87630b680ee2,"{""distance"":3,""physical_error_rate"":0.0001}","{""detection_events"":60,""detectors_checked"":359802}"
      6144,         0,         0,   0.337,decoder_by_matrix,c8397cb2c46e4683a6f3970bc42cef1aabfef4d80cfcd6b8313e87630b680ee2,"{""distance"":3,""physical_error_rate"":0.0001}","{""detection_events"":78,""detectors_checked"":331776}"
      6715,         0,         0,   0.318,decoder_by_matrix,c8397cb2c46e4683a6f3970bc42cef1aabfef4d80cfcd6b8313e87630b680ee2,"{""distance"":3,""physical_error_rate"":0.0001}","{""detection_events"":42,""detectors_checked"":362610}"
      5126,         0,         0,   0.293,decoder_by_matrix,c8397cb2c46e4683a6f3970bc42cef1aabfef4d80cfcd6b8313e87630b680ee2,"{""distance"":3,""physical_error_rate"":0.0001}","{""detection_events"":93,""detectors_checked"":276804}"
      8192,         0,         0,   0.555,decoder_by_matrix,c8397cb2c46e4683a6f3970bc42cef1aabfef4d80cfcd6b8313e87630b680ee2,"{""distance"":3,""physical_error_rate"":0.0001}","{""detection_events"":105,""detectors_checked"":442368}"
      7168,         0,         0,   0.532,decoder_by_matrix,c8397cb2c46e4683a6f3970bc42cef1aabfef4d80cfcd6b8313e87630b680ee2,"{""distance"":3,""physical_error_rate"":0.0001}","{""detection_events"":108,""detectors_checked"":387072}"
      6144,         0,         0,   0.416,decoder_by_matrix,c8397cb2c46e4683a6f3970bc42cef1aabfef4d80cfcd6b8313e87630b680ee2,"{""distance"":3,""physical_error_rate"":0.0001}","{""detection_events"":117,""detectors_checked"":331776}"
       262,         0,         0,   0.001,decoder_by_matrix,c8397cb2c46e4683a6f3970bc42cef1aabfef4d80cfcd6b8313e87630b680ee2,"{""distance"":3,""physical_error_rate"":0.0001}","{""detection_events"":3,""detectors_checked"":14148}"
      6715,         0,         0,   0.338,decoder_by_matrix,c8397cb2c46e4683a6f3970bc42cef1aabfef4d80cfcd6b8313e87630b680ee2,"{""distance"":3,""physical_error_rate"":0.0001}","{""detection_events"":111,""detectors_checked"":362610}"
      1543,         0,         0,   0.003,decoder_by_matrix,c8397cb2c46e4683a6f3970bc42cef1aabfef4d80cfcd6b8313e87630b680ee2,"{""distance"":3,""physical_error_rate"":0.0001}","{""detection_events"":39,""detectors_checked"":83322}"
      8192,         0,         0,   0.554,decoder_by_matrix,c8397cb2c46e4683a6f3970bc42cef1aabfef4d80cfcd6b8313e87630b680ee2,"{""distance"":3,""physical_error_rate"":0.0001}","{""detection_events"":105,""detectors_checked"":442368}"
      9216,         0,         0,   0.559,decoder_by_matrix,c8397cb2c46e4683a6f3970bc42cef1aabfef4d80cfcd6b8313e87630b680ee2,"{""distance"":3,""physical_error_rate"":0.0001}","{""detection_events"":87,""detectors_checked"":497664}"
      8192,         0,         0,   0.533,decoder_by_matrix,c8397cb2c46e4683a6f3970bc42cef1aabfef4d80cfcd6b8313e87630b680ee2,"{""distance"":3,""physical_error_rate"":0.0001}","{""detection_events"":105,""detectors_checked"":442368}"
      6600,         0,         0,   0.298,decoder_by_matrix,c8397cb2c46e4683a6f3970bc42cef1aabfef4d80cfcd6b8313e87630b680ee2,"{""distance"":3,""physical_error_rate"":0.0001}","{""detection_events"":39,""detectors_checked"":356400}"
     10240,         0,         0,   0.641,decoder_by_matrix,c8397cb2c46e4683a6f3970bc42cef1aabfef4d80cfcd6b8313e87630b680ee2,"{""distance"":3,""physical_error_rate"":0.0001}","{""detection_events"":99,""detectors_checked"":552960}"
      6144,         0,         0,   0.362,decoder_by_matrix,c8397cb2c46e4683a6f3970bc42cef1aabfef4d80cfcd6b8313e87630b680ee2,"{""distance"":3,""physical_error_rate"":0.0001}","{""detection_events"":69,""detectors_checked"":331776}"
      6663,         0,         0,   0.317,decoder_by_matrix,c8397cb2c46e4683a6f3970bc42cef1aabfef4d80cfcd6b8313e87630b680ee2,"{""distance"":3,""physical_error_rate"":0.0001}","{""detection_events"":126,""detectors_checked"":359802}"
     10855,         0,         0,   0.828,decoder_by_matrix,c8397cb2c46e4683a6f3970bc42cef1aabfef4d80cfcd6b8313e87630b680ee2,"{""distance"":3,""physical_error_rate"":0.0001}","{""detection_events"":117,""detectors_checked"":586170}"
      9216,         0,         0,   0.572,decoder_by_matrix,c8397cb2c46e4683a6f3970bc42cef1aabfef4d80cfcd6b8313e87630b680ee2,"{""distance"":3,""physical_error_rate"":0.0001}","{""detection_events"":108,""detectors_checked"":497664}"
      8192,         0,         0,   0.580,decoder_by_matrix,c8397cb2c46e4683a6f3970bc42cef1aabfef4d80cfcd6b8313e87630b680ee2,"{""distance"":3,""physical_error_rate"":0.0001}","{""detection_events"":69,""detectors_checked"":442368}"
      9216,         0,         0,   0.558,decoder_by_matrix,c8397cb2c46e4683a6f3970bc42cef1aabfef4d80cfcd6b8313e87630b680ee2,"{""distance"":3,""physical_error_rate"":0.0001}","{""detection_events"":72,""detectors_checked"":497664}"
      8192,         0,         0,   0.363,decoder_by_matrix,c8397cb2c46e4683a6f3970bc42cef1aabfef4d80cfcd6b8313e87630b680ee2,"{""distance"":3,""physical_error_rate"":0.0001}","{""detection_events"":84,""detectors_checked"":442368}"
      6444,         0,         0,   0.282,decoder_by_matrix,c8397cb2c46e4683a6f3970bc42cef1aabfef4d80cfcd6b8313e87630b680ee2,"{""distance"":3,""physical_error_rate"":0.0001}","{""detection_events"":57,""detectors_checked"":347976}"
      8192,         0,         0,   0.524,decoder_by_matrix,c8397cb2c46e4683a6f3970bc42cef1aabfef4d80cfcd6b8313e87630b680ee2,"{""distance"":3,""physical_error_rate"":0.0001}","{""detection_events"":129,""detectors_checked"":442368}"
       994,         0,         0,   0.002,decoder_by_matrix,c8397cb2c46e4683a6f3970bc42cef1aabfef4d80cfcd6b8313e87630b680ee2,"{""distance"":3,""physical_error_rate"":0.0001}","{""detection_events"":27,""detectors_checked"":53676}"
      2093,         0,         0,   0.003,decoder_by_matrix,c8397cb2c46e4683a6f3970bc42cef1aabfef4d80cfcd6b8313e87630b680ee2,"{""distance"":3,""physical_error_rate"":0.0001}","{""detection_events"":6,""detectors_checked"":113022}"
      1529,         0,         0,   0.002,decoder_by_matrix,c8397cb2c46e4683a6f3970bc42cef1aabfef4d80cfcd6b8313e87630b680ee2,"{""distance"":3,""physical_error_rate"":0.0001}","{""detection_events"":6,""detectors_checked"":82566}"
      4769,         0,         0,   0.010,decoder_by_matrix,c8397cb2c46e4683a6f3970bc42cef1aabfef4d80cfcd6b8313e87630b680ee2,"{""distance"":3,""physical_error_rate"":0.0001}","{""detection_events"":48,""detectors_checked"":257526}"
      4736,         0,         0,   0.005,decoder_by_matrix,c8397cb2c46e4683a6f3970bc42cef1aabfef4d80cfcd6b8313e87630b680ee2,"{""distance"":3,""physical_error_rate"":0.0001}","{""detection_events"":15,""detectors_checked"":255744}"
       616,         0,         0,   0.001,decoder_by_matrix,c8397cb2c46e4683a6f3970bc42cef1aabfef4d80cfcd6b8313e87630b680ee2,"{""distance"":3,""physical_error_rate"":0.0001}","{""detection_events"":9,""detectors_checked"":33264}"
       350,         0,         0,   0.001,decoder_by_matrix,c8397cb2c46e4683a6f3970bc42cef1aabfef4d80cfcd6b8313e87630b680ee2,"{""distance"":3,""physical_error_rate"":0.0001}","{""detection_events"":15,""detectors_checked"":18900}"
      3498,         0,         0,   0.006,decoder_by_matrix,c8397cb2c46e4683a6f3970bc42cef1aabfef4d80cfcd6b8313e87630b680ee2,"{""distance"":3,""physical_error_rate"":0.0001}","{""detection_events"":60,""detectors_checked"":188892}"
       285,         0,         0,   0.000,decoder_by_matrix,c8397cb2c46e4683a6f3970bc42cef1aabfef4d80cfcd6b8313e87630b680ee2,"{""distance"":3,""physical_error_rate"":0.0001}","{""detectors_checked"":15390}"
       893,         0,         0,   0.001,decoder_by_matrix,c8397cb2c46e4683a6f3970bc42cef1aabfef4d80cfcd6b8313e87630b680ee2,"{""distance"":3,""physical_error_rate"":0.0001}","{""detection_events"":12,""detectors_checked"":48222}"
      3498,         0,         0,   0.006,decoder_by_matrix,c8397cb2c46e4683a6f3970bc42cef1aabfef4d80cfcd6b8313e87630b680ee2,"{""distance"":3,""physical_error_rate"":0.0001}","{""detection_events"":24,""detectors_checked"":188892}"
         6,         0,         0,   0.001,decoder_by_matrix,c8397cb2c46e4683a6f3970bc42cef1aabfef4d80cfcd6b8313e87630b680ee2,"{""distance"":3,""physical_error_rate"":0.0001}","{""detectors_checked"":324}"
       274,         0,         0,   0.001,decoder_by_matrix,c8397cb2c46e4683a6f3970bc42cef1aabfef4d80cfcd6b8313e87630b680ee2,"{""distance"":3,""physical_error_rate"":0.0001}","{""detection_events"":18,""detectors_checked"":14796}"
      4011,         0,         0,   0.020,decoder_by_matrix,c8397cb2c46e4683a6f3970bc42cef1aabfef4d80cfcd6b8313e87630b680ee2,"{""distance"":3,""physical_error_rate"":0.0001}","{""detection_events"":69,""detectors_checked"":216594}"
      1639,         0,         0,   0.002,decoder_by_matrix,c8397cb2c46e4683a6f3970bc42cef1aabfef4d80cfcd6b8313e87630b680ee2,"{""distance"":3,""physical_error_rate"":0.0001}","{""detection_events"":15,""detectors_checked"":88506}"
       616,         0,         0,   0.001,decoder_by_matrix,c8397cb2c46e4683a6f3970bc42cef1aabfef4d80cfcd6b8313e87630b680ee2,"{""distance"":3,""physical_error_rate"":0.0001}","{""detection_events"":12,""detectors_checked"":33264}"
      2093,         0,         0,   0.003,decoder_by_matrix,c8397cb2c46e4683a6f3970bc42cef1aabfef4d80cfcd6b8313e87630b680ee2,"{""distance"":3,""physical_error_rate"":0.0001}","{""detection_events"":36,""detectors_checked"":113022}"
       400,         0,         0,   0.000,decoder_by_matrix,c8397cb2c46e4683a6f3970bc42cef1aabfef4d80cfcd6b8313e87630b680ee2,"{""distance"":3,""physical_error_rate"":0.0001}","{""detectors_checked"":21600}"
       615,         0,         0,   0.001,decoder_by_matrix,c8397cb2c46e4683a6f3970bc42cef1aabfef4d80cfcd6b8313e87630b680ee2,"{""distance"":3,""physical_error_rate"":0.0001}","{""detection_events"":21,""detectors_checked"":33210}"
       603,         0,         0,   0.001,decoder_by_matrix,c8397cb2c46e4683a6f3970bc42cef1aabfef4d80cfcd6b8313e87630b680ee2,"{""distance"":3,""physical_error_rate"":0.0001}","{""detection_events"":6,""detectors_checked"":32562}"
      3149,         0,         0,   0.006,decoder_by_matrix,c8397cb2c46e4683a6f3970bc42cef1aabfef4d80cfcd6b8313e87630b680ee2,"{""distance"":3,""physical_error_rate"":0.0001}","{""detection_events"":12,""detectors_checked"":170046}"
      3029,         0,         0,   0.006,decoder_by_matrix,c8397cb2c46e4683a6f3970bc42cef1aabfef4d80cfcd6b8313e87630b680ee2,"{""distance"":3,""physical_error_rate"":0.0001}","{""detection_events"":45,""detectors_checked"":163566}"
      1362,         0,         0,   0.002,decoder_by_matrix,c8397cb2c46e4683a6f3970bc42cef1aabfef4d80cfcd6b8313e87630b680ee2,"{""distance"":3,""physical_error_rate"":0.0001}","{""detection_events"":15,""detectors_checked"":73548}"
       301,         0,         0,   0.000,decoder_by_matrix,c8397cb2c46e4683a6f3970bc42cef1aabfef4d80cfcd6b8313e87630b680ee2,"{""distance"":3,""physical_error_rate"":0.0001}","{""detectors_checked"":16254}"
      2145,         0,         0,   0.031,decoder_by_matrix,c8397cb2c46e4683a6f3970bc42cef1aabfef4d80cfcd6b8313e87630b680ee2,"{""distance"":3,""physical_error_rate"":0.0001}","{""detection_events"":21,""detectors_checked"":115830}"
      3290,         0,         0,   0.037,decoder_by_matrix,c8397cb2c46e4683a6f3970bc42cef1aabfef4d80cfcd6b8313e87630b680ee2,"{""distance"":3,""physical_error_rate"":0.0001}","{""detection_events"":24,""detectors_checked"":177660}"
      3286,         0,         0,   0.027,decoder_by_matrix,c8397cb2c46e4683a6f3970bc42cef1aabfef4d80cfcd6b8313e87630b680ee2,"{""distance"":3,""physical_error_rate"":0.0001}","{""detection_events"":45,""detectors_checked"":177444}"
       105,         0,         0,   0.000,decoder_by_matrix,c8397cb2c46e4683a6f3970bc42cef1aabfef4d80cfcd6b8313e87630b680ee2,"{""distance"":3,""physical_error_rate"":0.0001}","{""detectors_checked"":5670}"
      1708,         0,         0,   0.003,decoder_by_matrix,c8397cb2c46e4683a6f3970bc42cef1aabfef4d80cfcd6b8313e87630b680ee2,"{""distance"":3,""physical_error_rate"":0.0001}","{""detection_events"":39,""detectors_checked"":92232}"
        46,         0,         0,   0.000,decoder_by_matrix,c8397cb2c46e4683a6f3970bc42cef1aabfef4d80cfcd6b8313e87630b680ee2,"{""distance"":3,""physical_error_rate"":0.0001}","{""detectors_checked"":2484}"
       105,         0,         0,   0.000,decoder_by_matrix,c8397cb2c46e4683a6f3970bc42cef1aabfef4d80cfcd6b8313e87630b680ee2,"{""distance"":3,""physical_error_rate"":0.0001}","{""detectors_checked"":5670}"
      1336,         0,         0,   0.002,decoder_by_matrix,c8397cb2c46e4683a6f3970bc42cef1aabfef4d80cfcd6b8313e87630b680ee2,"{""distance"":3,""physical_error_rate"":0.0001}","{""detection_events"":9,""detectors_checked"":72144}"
       988,         0,         0,   0.002,decoder_by_matrix,c8397cb2c46e4683a6f3970bc42cef1aabfef4d80cfcd6b8313e87630b680ee2,"{""distance"":3,""physical_error_rate"":0.0001}","{""detection_events"":21,""detectors_checked"":53352}"
      1708,         0,         0,   0.003,decoder_by_matrix,c8397cb2c46e4683a6f3970bc42cef1aabfef4d80cfcd6b8313e87630b680ee2,"{""distance"":3,""physical_error_rate"":0.0001}","{""detection_events"":21,""detectors_checked"":92232}"
      1352,         0,         0,   0.002,decoder_by_matrix,c8397cb2c46e4683a6f3970bc42cef1aabfef4d80cfcd6b8313e87630b680ee2,"{""distance"":3,""physical_error_rate"":0.0001}","{""detection_events"":18,""detectors_checked"":73008}"
      1336,         0,         0,   0.002,decoder_by_matrix,c8397cb2c46e4683a6f3970bc42cef1aabfef4d80cfcd6b8313e87630b680ee2,"{""distance"":3,""physical_error_rate"":0.0001}","{""detection_events"":9,""detectors_checked"":72144}"
      1336,         0,         0,   0.002,decoder_by_matrix,c8397cb2c46e4683a6f3970bc42cef1aabfef4d80cfcd6b8313e87630b680ee2,"{""distance"":3,""physical_error_rate"":0.0001}","{""detection_events"":12,""detectors_checked"":72144}"
       921,         0,         0,   0.002,decoder_by_matrix,c8397cb2c46e4683a6f3970bc42cef1aabfef4d80cfcd6b8313e87630b680ee2,"{""distance"":3,""physical_error_rate"":0.0001}","{""detection_events"":21,""detectors_checked"":49734}"
      1980,         0,         0,   0.003,decoder_by_matrix,c8397cb2c46e4683a6f3970bc42cef1aabfef4d80cfcd6b8313e87630b680ee2,"{""distance"":3,""physical_error_rate"":0.0001}","{""detection_events"":36,""detectors_checked"":106920}"
      1205,         0,         0,   0.002,decoder_by_matrix,c8397cb2c46e4683a6f3970bc42cef1aabfef4d80cfcd6b8313e87630b680ee2,"{""distance"":3,""physical_error_rate"":0.0001}","{""detection_events"":3,""detectors_checked"":65070}"
      1352,         0,         0,   0.001,decoder_by_matrix,c8397cb2c46e4683a6f3970bc42cef1aabfef4d80cfcd6b8313e87630b680ee2,"{""distance"":3,""physical_error_rate"":0.0001}","{""detectors_checked"":73008}"
      1480,         0,         0,   0.001,decoder_by_matrix,c8397cb2c46e4683a6f3970bc42cef1aabfef4d80cfcd6b8313e87630b680ee2,"{""distance"":3,""physical_error_rate"":0.0001}","{""detectors_checked"":79920}"
      1480,         0,         0,   0.003,decoder_by_matrix,c8397cb2c46e4683a6f3970bc42cef1aabfef4d80cfcd6b8313e87630b680ee2,"{""distance"":3,""physical_error_rate"":0.0001}","{""detection_events"":36,""detectors_checked"":79920}"
        96,         0,         0,   0.000,decoder_by_matrix,c8397cb2c46e4683a6f3970bc42cef1aabfef4d80cfcd6b8313e87630b680ee2,"{""distance"":3,""physical_error_rate"":0.0001}","{""detectors_checked"":5184}"
         4,         0,         0,   0.000,decoder_by_matrix,c8397cb2c46e4683a6f3970bc42cef1aabfef4d80cfcd6b8313e87630b680ee2,"{""distance"":3,""physical_error_rate"":0.0001}","{""detectors_checked"":216}"
       755,         0,         0,   0.001,decoder_by_matrix,c8397cb2c46e4683a6f3970bc42cef1aabfef4d80cfcd6b8313e87630b680ee2,"{""distance"":3,""physical_error_rate"":0.0001}","{""detection_events"":6,""detectors_checked"":40770}"
       311,         0,         0,   0.001,decoder_by_matrix,c8397cb2c46e4683a6f3970bc42cef1aabfef4d80cfcd6b8313e87630b680ee2,"{""distance"":3,""physical_error_rate"":0.0001}","{""detection_events"":3,""detectors_checked"":16794}"
      1205,         0,         0,   0.001,decoder_by_matrix,c8397cb2c46e4683a6f3970bc42cef1aabfef4d80cfcd6b8313e87630b680ee2,"{""distance"":3,""physical_error_rate"":0.0001}","{""detectors_checked"":65070}"
      1708,         0,         0,   0.002,decoder_by_matrix,c8397cb2c46e4683a6f3970bc42cef1aabfef4d80cfcd6b8313e87630b680ee2,"{""distance"":3,""physical_error_rate"":0.0001}","{""detection_events"":6,""detectors_checked"":92232}"
      1336,         0,         0,   0.002,decoder_by_matrix,c8397cb2c46e4683a6f3970bc42cef1aabfef4d80cfcd6b8313e87630b680ee2,"{""distance"":3,""physical_error_rate"":0.0001}","{""detection_events"":33,""detectors_checked"":72144}"
      1852,         0,         0,   0.003,decoder_by_matrix,c8397cb2c46e4683a6f3970bc42cef1aabfef4d80cfcd6b8313e87630b680ee2,"{""distance"":3,""physical_error_rate"":0.0001}","{""detection_events"":24,""detectors_checked"":100008}"
      1580,         0,         0,   0.003,decoder_by_matrix,c8397cb2c46e4683a6f3970bc42cef1aabfef4d80cfcd6b8313e87630b680ee2,"{""distance"":3,""physical_error_rate"":0.0001}","{""detection_events"":33,""detectors_checked"":85320}"
      1480,         0,         0,   0.002,decoder_by_matrix,c8397cb2c46e4683a6f3970bc42cef1aabfef4d80cfcd6b8313e87630b680ee2,"{""distance"":3,""physical_error_rate"":0.0001}","{""detection_events"":6,""detectors_checked"":79920}"
      1580,         0,         0,   0.003,decoder_by_matrix,c8397cb2c46e4683a6f3970bc42cef1aabfef4d80cfcd6b8313e87630b680ee2,"{""distance"":3,""physical_error_rate"":0.0001}","{""detection_events"":42,""detectors_checked"":85320}"
      1480,         0,         0,   0.002,decoder_by_matrix,c8397cb2c46e4683a6f3970bc42cef1aabfef4d80cfcd6b8313e87630b680ee2,"{""distance"":3,""physical_error_rate"":0.0001}","{""detection_events"":18,""detectors_checked"":79920}"
      1708,         0,         0,   0.003,decoder_by_matrix,c8397cb2c46e4683a6f3970bc42cef1aabfef4d80cfcd6b8313e87630b680ee2,"{""distance"":3,""physical_error_rate"":0.0001}","{""detection_events"":30,""detectors_checked"":92232}"
        16,         0,         0,   0.000,decoder_by_matrix,c8397cb2c46e4683a6f3970bc42cef1aabfef4d80cfcd6b8313e87630b680ee2,"{""distance"":3,""physical_error_rate"":0.0001}","{""detectors_checked"":864}"
       100,         0,         0,   0.000,decoder_by_matrix,c8397cb2c46e4683a6f3970bc42cef1aabfef4d80cfcd6b8313e87630b680ee2,"{""distance"":3,""physical_error_rate"":0.0001}","{""detectors_checked"":5400}"
        38,         0,         0,   0.000,decoder_by_matrix,c8397cb2c46e4683a6f3970bc42cef1aabfef4d80cfcd6b8313e87630b680ee2,"{""distance"":3,""physical_error_rate"":0.0001}","{""detectors_checked"":2052}"
       144,         0,         0,   0.000,decoder_by_matrix,c8397cb2c46e4683a6f3970bc42cef1aabfef4d80cfcd6b8313e87630b680ee2,"{""distance"":3,""physical_error_rate"":0.0001}","{""detectors_checked"":7776}"
         8,         0,         0,   0.000,decoder_by_matrix,c8397cb2c46e4683a6f3970bc42cef1aabfef4d80cfcd6b8313e87630b680ee2,"{""distance"":3,""physical_error_rate"":0.0001}","{""detectors_checked"":432}"
       348,         0,         0,   0.000,decoder_by_matrix,c8397cb2c46e4683a6f3970bc42cef1aabfef4d80cfcd6b8313e87630b680ee2,"{""distance"":3,""physical_error_rate"":0.0001}","{""detectors_checked"":18792}"
       100,         0,         0,   0.000,decoder_by_matrix,c8397cb2c46e4683a6f3970bc42cef1aabfef4d80cfcd6b8313e87630b680ee2,"{""distance"":3,""physical_error_rate"":0.0001}","{""detectors_checked"":5400}"
       475,         0,         0,   0.001,decoder_by_matrix,c8397cb2c46e4683a6f3970bc42cef1aabfef4d80cfcd6b8313e87630b680ee2,"{""distance"":3,""physical_error_rate"":0.0001}","{""detection_events"":9,""detectors_checked"":25650}"
       502,         0,         0,   0.001,decoder_by_matrix,c8397cb2c46e4683a6f3970bc42cef1aabfef4d80cfcd6b8313e87630b680ee2,"{""distance"":3,""physical_error_rate"":0.0001}","{""detection_events"":12,""detectors_checked"":27108}"
       144,         0,         0,   0.000,decoder_by_matrix,c8397cb2c46e4683a6f3970bc42cef1aabfef4d80cfcd6b8313e87630b680ee2,"{""distance"":3,""physical_error_rate"":0.0001}","{""detection_events"":6,""detectors_checked"":7776}"
        47,         0,         0,   0.000,decoder_by_matrix,c8397cb2c46e4683a6f3970bc42cef1aabfef4d80cfcd6b8313e87630b680ee2,"{""distance"":3,""physical_error_rate"":0.0001}","{""detectors_checked"":2538}"
        16,         0,         0,   0.000,decoder_by_matrix,c8397cb2c46e4683a6f3970bc42cef1aabfef4d80cfcd6b8313e87630b680ee2,"{""distance"":3,""physical_error_rate"":0.0001}","{""detectors_checked"":864}"
        16,         0,         0,   0.000,decoder_by_matrix,c8397cb2c46e4683a6f3970bc42cef1aabfef4d80cfcd6b8313e87630b680ee2,"{""distance"":3,""physical_error_rate"":0.0001}","{""detectors_checked"":864}"
        16,         0,         0,   0.000,decoder_by_matrix,c8397cb2c46e4683a6f3970bc42cef1aabfef4d80cfcd6b8313e87630b680ee2,"{""distance"":3,""physical_error_rate"":0.0001}","{""detectors_checked"":864}"
       128,         0,         0,   0.000,decoder_by_matrix,c8397cb2c46e4683a6f3970bc42cef1aabfef4d80cfcd6b8313e87630b680ee2,"{""distance"":3,""physical_error_rate"":0.0001}","{""detection_events"":6,""detectors_checked"":6912}"
       144,         0,         0,   0.000,decoder_by_matrix,c8397cb2c46e4683a6f3970bc42cef1aabfef4d80cfcd6b8313e87630b680ee2,"{""distance"":3,""physical_error_rate"":0.0001}","{""detectors_checked"":7776}"
        26,         0,         0,   0.000,decoder_by_matrix,c8397cb2c46e4683a6f3970bc42cef1aabfef4d80cfcd6b8313e87630b680ee2,"{""distance"":3,""physical_error_rate"":0.0001}","{""detectors_checked"":1404}"
        95,         0,         0,   0.000,decoder_by_matrix,c8397cb2c46e4683a6f3970bc42cef1aabfef4d80cfcd6b8313e87630b680ee2,"{""distance"":3,""physical_error_rate"":0.0001}","{""detection_events"":9,""detectors_checked"":5130}"
       120,         0,         0,   0.000,decoder_by_matrix,c8397cb2c46e4683a6f3970bc42cef1aabfef4d80cfcd6b8313e87630b680ee2,"{""distance"":3,""physical_error_rate"":0.0001}","{""detectors_checked"":6480}"
         5,         0,         0,   0.000,decoder_by_matrix,c8397cb2c46e4683a6f3970bc42cef1aabfef4d80cfcd6b8313e87630b680ee2,"{""distance"":3,""physical_error_rate"":0.0001}","{""detectors_checked"":270}"
        45,         0,         0,   0.000,decoder_by_matrix,c8397cb2c46e4683a6f3970bc42cef1aabfef4d80cfcd6b8313e87630b680ee2,"{""distance"":3,""physical_error_rate"":0.0001}","{""detectors_checked"":2430}"
        72,         0,         0,   0.000,decoder_by_matrix,c8397cb2c46e4683a6f3970bc42cef1aabfef4d80cfcd6b8313e87630b680ee2,"{""distance"":3,""physical_error_rate"":0.0001}","{""detectors_checked"":3888}"
        45,         0,         0,   0.000,decoder_by_matrix,c8397cb2c46e4683a6f3970bc42cef1aabfef4d80cfcd6b8313e87630b680ee2,"{""distance"":3,""physical_error_rate"":0.0001}","{""detectors_checked"":2430}"
        95,         0,         0,   0.000,decoder_by_matrix,c8397cb2c46e4683a6f3970bc42cef1aabfef4d80cfcd6b8313e87630b680ee2,"{""distance"":3,""physical_error_rate"":0.0001}","{""detectors_checked"":5130}"
        19,         0,         0,   0.000,decoder_by_matrix,c8397cb2c46e4683a6f3970bc42cef1aabfef4d80cfcd6b8313e87630b680ee2,"{""distance"":3,""physical_error_rate"":0.0001}","{""detectors_checked"":1026}"
         6,         0,         0,   0.000,decoder_by_matrix,c8397cb2c46e4683a6f3970bc42cef1aabfef4d80cfcd6b8313e87630b680ee2,"{""distance"":3,""physical_error_rate"":0.0001}","{""detectors_checked"":324}"
         6,         0,         0,   0.000,decoder_by_matrix,c8397cb2c46e4683a6f3970bc42cef1aabfef4d80cfcd6b8313e87630b680ee2,"{""distance"":3,""physical_error_rate"":0.0001}","{""detectors_checked"":324}"
         2,         0,         0,   0.000,decoder_by_matrix,c8397cb2c46e4683a6f3970bc42cef1aabfef4d80cfcd6b8313e87630b680ee2,"{""distance"":3,""physical_error_rate"":0.0001}","{""detectors_checked"":108}"
         6,         0,         0,   0.000,decoder_by_matrix,c8397cb2c46e4683a6f3970bc42cef1aabfef4d80cfcd6b8313e87630b680ee2,"{""distance"":3,""physical_error_rate"":0.0001}","{""detectors_checked"":324}"
         6,         0,         0,   0.000,decoder_by_matrix,c8397cb2c46e4683a6f3970bc42cef1aabfef4d80cfcd6b8313e87630b680ee2,"{""distance"":3,""physical_error_rate"":0.0001}","{""detectors_checked"":324}"
         4,         0,         0,   0.000,decoder_by_matrix,c8397cb2c46e4683a6f3970bc42cef1aabfef4d80cfcd6b8313e87630b680ee2,"{""distance"":3,""physical_error_rate"":0.0001}","{""detectors_checked"":216}"
         2,         0,         0,   0.000,decoder_by_matrix,c8397cb2c46e4683a6f3970bc42cef1aabfef4d80cfcd6b8313e87630b680ee2,"{""distance"":3,""physical_error_rate"":0.0001}","{""detectors_checked"":108}"
         4,         0,         0,   0.000,decoder_by_matrix,c8397cb2c46e4683a6f3970bc42cef1aabfef4d80cfcd6b8313e87630b680ee2,"{""distance"":3,""physical_error_rate"":0.0001}","{""detectors_checked"":216}"
         2,         0,         0,   0.000,decoder_by_matrix,c8397cb2c46e4683a6f3970bc42cef1aabfef4d80cfcd6b8313e87630b680ee2,"{""distance"":3,""physical_error_rate"":0.0001}","{""detectors_checked"":108}"
         2,         0,         0,   0.000,decoder_by_matrix,c8397cb2c46e4683a6f3970bc42cef1aabfef4d80cfcd6b8313e87630b680ee2,"{""distance"":3,""physical_error_rate"":0.0001}","{""detectors_checked"":108}"
         1,         0,         0,   0.000,decoder_by_matrix,c8397cb2c46e4683a6f3970bc42cef1aabfef4d80cfcd6b8313e87630b680ee2,"{""distance"":3,""physical_error_rate"":0.0001}","{""detectors_checked"":54}"
         4,         0,         0,   0.000,decoder_by_matrix,c8397cb2c46e4683a6f3970bc42cef1aabfef4d80cfcd6b8313e87630b680ee2,"{""distance"":3,""physical_error_rate"":0.0001}","{""detectors_checked"":216}"
         4,         0,         0,   0.000,decoder_by_matrix,c8397cb2c46e4683a6f3970bc42cef1aabfef4d80cfcd6b8313e87630b680ee2,"{""distance"":3,""physical_error_rate"":0.0001}","{""detectors_checked"":216}"
         2,         0,         0,   0.000,decoder_by_matrix,c8397cb2c46e4683a6f3970bc42cef1aabfef4d80cfcd6b8313e87630b680ee2,"{""distance"":3,""physical_error_rate"":0.0001}","{""detectors_checked"":108}"
         2,         0,         0,   0.000,decoder_by_matrix,c8397cb2c46e4683a6f3970bc42cef1aabfef4d80cfcd6b8313e87630b680ee2,"{""distance"":3,""physical_error_rate"":0.0001}","{""detectors_checked"":108}"
         8,         0,         0,   0.000,decoder_by_matrix,c8397cb2c46e4683a6f3970bc42cef1aabfef4d80cfcd6b8313e87630b680ee2,"{""distance"":3,""physical_error_rate"":0.0001}","{""detectors_checked"":432}"
         2,         0,         0,   0.000,decoder_by_matrix,c8397cb2c46e4683a6f3970bc42cef1aabfef4d80cfcd6b8313e87630b680ee2,"{""distance"":3,""physical_error_rate"":0.0001}","{""detectors_checked"":108}"
         2,         0,         0,   0.000,decoder_by_matrix,c8397cb2c46e4683a6f3970bc42cef1aabfef4d80cfcd6b8313e87630b680ee2,"{""distance"":3,""physical_error_rate"":0.0001}","{""detectors_checked"":108}"
         1,         0,         0,   0.000,decoder_by_matrix,c8397cb2c46e4683a6f3970bc42cef1aabfef4d80cfcd6b8313e87630b680ee2,"{""distance"":3,""physical_error_rate"":0.0001}","{""detectors_checked"":54}"
         1,         0,         0,   0.000,decoder_by_matrix,c8397cb2c46e4683a6f3970bc42cef1aabfef4d80cfcd6b8313e87630b680ee2,"{""distance"":3,""physical_error_rate"":0.0001}","{""detectors_checked"":54}"
         1,         0,         0,   0.000,decoder_by_matrix,c8397cb2c46e4683a6f3970bc42cef1aabfef4d80cfcd6b8313e87630b680ee2,"{""distance"":3,""physical_error_rate"":0.0001}","{""detectors_checked"":54}"
         1,         0,         0,   0.000,decoder_by_matrix,c8397cb2c46e4683a6f3970bc42cef1aabfef4d80cfcd6b8313e87630b680ee2,"{""distance"":3,""physical_error_rate"":0.0001}","{""detectors_checked"":54}"
         1,         0,         0,   0.000,decoder_by_matrix,c8397cb2c46e4683a6f3970bc42cef1aabfef4d80cfcd6b8313e87630b680ee2,"{""distance"":3,""physical_error_rate"":0.0001}","{""detectors_checked"":54}"
         1,         0,         0,   0.000,decoder_by_matrix,c8397cb2c46e4683a6f3970bc42cef1aabfef4d80cfcd6b8313e87630b680ee2,"{""distance"":3,""physical_error_rate"":0.0001}","{""detectors_checked"":54}"
         1,         0,         0,   0.000,decoder_by_matrix,c8397cb2c46e4683a6f3970bc42cef1aabfef4d80cfcd6b8313e87630b680ee2,"{""distance"":3,""physical_error_rate"":0.0001}","{""detectors_checked"":54}"
         1,         0,         0,   0.000,decoder_by_matrix,c8397cb2c46e4683a6f3970bc42cef1aabfef4d80cfcd6b8313e87630b680ee2,"{""distance"":3,""physical_error_rate"":0.0001}","{""detectors_checked"":54}"
         1,         0,         0,   0.000,decoder_by_matrix,c8397cb2c46e4683a6f3970bc42cef1aabfef4d80cfcd6b8313e87630b680ee2,"{""distance"":3,""physical_error_rate"":0.0001}","{""detectors_checked"":54}"
         1,         0,         0,   0.000,decoder_by_matrix,c8397cb2c46e4683a6f3970bc42cef1aabfef4d80cfcd6b8313e87630b680ee2,"{""distance"":3,""physical_error_rate"":0.0001}","{""detectors_checked"":54}"
         1,         0,         0,   0.000,decoder_by_matrix,c8397cb2c46e4683a6f3970bc42cef1aabfef4d80cfcd6b8313e87630b680ee2,"{""distance"":3,""physical_error_rate"":0.0001}","{""detectors_checked"":54}"
         1,         0,         0,   0.000,decoder_by_matrix,c8397cb2c46e4683a6f3970bc42cef1aabfef4d80cfcd6b8313e87630b680ee2,"{""distance"":3,""physical_error_rate"":0.0001}","{""detectors_checked"":54}"
         1,         0,         0,   0.000,decoder_by_matrix,c8397cb2c46e4683a6f3970bc42cef1aabfef4d80cfcd6b8313e87630b680ee2,"{""distance"":3,""physical_error_rate"":0.0001}","{""detectors_checked"":54}"
         1,         0,         0,   0.000,decoder_by_matrix,c8397cb2c46e4683a6f3970bc42cef1aabfef4d80cfcd6b8313e87630b680ee2,"{""distance"":3,""physical_error_rate"":0.0001}","{""detectors_checked"":54}"
         1,         0,         0,   0.000,decoder_by_matrix,c8397cb2c46e4683a6f3970bc42cef1aabfef4d80cfcd6b8313e87630b680ee2,"{""distance"":3,""physical_error_rate"":0.0001}","{""detectors_checked"":54}"
         1,         0,         0,   0.000,decoder_by_matrix,c8397cb2c46e4683a6f3970bc42cef1aabfef4d80cfcd6b8313e87630b680ee2,"{""distance"":3,""physical_error_rate"":0.0001}","{""detectors_checked"":54}"
         1,         0,         0,   0.000,decoder_by_matrix,c8397cb2c46e4683a6f3970bc42cef1aabfef4d80cfcd6b8313e87630b680ee2,"{""distance"":3,""physical_error_rate"":0.0001}","{""detectors_checked"":54}"
         1,         0,         0,   0.000,decoder_by_matrix,c8397cb2c46e4683a6f3970bc42cef1aabfef4d80cfcd6b8313e87630b680ee2,"{""distance"":3,""physical_error_rate"":0.0001}","{""detectors_checked"":54}"
         1,         0,         0,   0.000,decoder_by_matrix,c8397cb2c46e4683a6f3970bc42cef1aabfef4d80cfcd6b8313e87630b680ee2,"{""distance"":3,""physical_error_rate"":0.0001}","{""detectors_checked"":54}"
         1,         0,         0,   0.000,decoder_by_matrix,c8397cb2c46e4683a6f3970bc42cef1aabfef4d80cfcd6b8313e87630b680ee2,"{""distance"":3,""physical_error_rate"":0.0001}","{""detectors_checked"":54}"
         1,         0,         0,   0.000,decoder_by_matrix,c8397cb2c46e4683a6f3970bc42cef1aabfef4d80cfcd6b8313e87630b680ee2,"{""distance"":3,""physical_error_rate"":0.0001}","{""detectors_checked"":54}"
         1,         0,         0,   0.000,decoder_by_matrix,c8397cb2c46e4683a6f3970bc42cef1aabfef4d80cfcd6b8313e87630b680ee2,"{""distance"":3,""physical_error_rate"":0.0001}","{""detectors_checked"":54}"
         1,         0,         0,   0.000,decoder_by_matrix,c8397cb2c46e4683a6f3970bc42cef1aabfef4d80cfcd6b8313e87630b680ee2,"{""distance"":3,""physical_error_rate"":0.0001}","{""detectors_checked"":54}"
         1,         0,         0,   0.000,decoder_by_matrix,c8397cb2c46e4683a6f3970bc42cef1aabfef4d80cfcd6b8313e87630b680ee2,"{""distance"":3,""physical_error_rate"":0.0001}","{""detectors_checked"":54}"
